branch_id_1	branch_id_2	dist_bl	dist_node_num	branch_num_fg_tube	branch_num_fg_pink	branch_num_fg_yellow	branch_num_fg_beakless	branch_num_mg_tube	branch_num_mg_pink	branch_num_mg_yellow	branch_num_mg_beakless	is_fg_tube	is_fg_pink	is_fg_yellow	is_fg_beakless	is_mf_tube	is_mf_pink	is_mf_yellow	is_mf_beakless	is_mg_tube	is_mg_pink	is_mg_yellow	is_mg_beakless	omegaCany2any	omegaCany2dif	omegaCany2spe	omegaCdif2any	omegaCdif2dif	omegaCdif2spe	omegaCspe2any	omegaCspe2dif	omegaCspe2spe	dNCany2any	dNCany2dif	dNCany2spe	dNCdif2any	dNCdif2dif	dNCdif2spe	dNCspe2any	dNCspe2dif	dNCspe2spe	dSCany2any	dSCany2dif	dSCany2spe	dSCdif2any	dSCdif2dif	dSCdif2spe	dSCspe2any	dSCspe2dif	dSCspe2spe	OCNCoD	OCSCoD	OCN_linreg_residual	OCS_linreg_residual	N_sub_1	N_sub_2	S_sub_1	S_sub_2	OCNany2any	OCNany2dif	OCNany2spe	OCNdif2any	OCNdif2dif	OCNdif2spe	OCNspe2any	OCNspe2dif	OCNspe2spe	OCSany2any	OCSany2dif	OCSany2spe	OCSdif2any	OCSdif2dif	OCSdif2spe	OCSspe2any	OCSspe2dif	OCSspe2spe	ECNany2any	ECNany2dif	ECNany2spe	ECNdif2any	ECNdif2dif	ECNdif2spe	ECNspe2any	ECNspe2dif	ECNspe2spe	ECSany2any	ECSany2dif	ECSany2spe	ECSdif2any	ECSdif2dif	ECSdif2spe	ECSspe2any	ECSspe2dif	ECSspe2spe	omegaCany2any_nocalib	omegaCany2dif_nocalib	omegaCany2spe_nocalib	omegaCdif2any_nocalib	omegaCdif2dif_nocalib	omegaCdif2spe_nocalib	omegaCspe2any_nocalib	omegaCspe2dif_nocalib	omegaCspe2spe_nocalib	dSCany2any_nocalib	dSCany2dif_nocalib	dSCany2spe_nocalib	dSCdif2any_nocalib	dSCdif2dif_nocalib	dSCdif2spe_nocalib	dSCspe2any_nocalib	dSCspe2dif_nocalib	dSCspe2spe_nocalib
0	3	0.0876	2	1	2	0	0	0	0	0	0	N	Y	N	N	N	N	N	N	N	N	N	N	1462.4458	524.7890	110.3955	121.8115	inf	inf	0.2684	0.3126	0.0000	0.3032	0.3439	0.0000	0.2360	0.2820	0.0000	0.0002	0.0006	0.0000	0.0027	0.0028	0.0000	0.0000	0.0000	0.0000	0.0000	0.0000	-0.0129	-0.0000	1.0666	4.5862	7.9999	2.3929	0.0652	0.0652	0.0000	0.0355	0.0355	0.0000	0.0297	0.0297	0.0000	0.0000	0.0000	0.0000	0.0000	0.0000	0.0000	0.0000	0.0000	0.0000	0.2428	0.2084	0.0344	0.1170	0.1031	0.0138	0.1258	0.1053	0.0205	0.1635	0.0504	0.1131	0.0109	0.0106	0.0003	0.1526	0.0397	0.1128	1462.4458	524.7890	0.0000	110.3955	121.8115	0.0000	inf	inf	0.0000	0.0002	0.0006	0.0000	0.0027	0.0028	0.0000	0.0000	0.0000	0.0000			
0	5	0.1381	3	2	2	0	0	0	0	0	0	Y	Y	N	N	N	N	N	N	N	N	N	N	0.0000	0.0000	0.0000	0.0000	0.0000	0.0000	0.0000	0.0000	0.0000	0.0000	0.0000	0.0000	0.0000	0.0000	0.0000	0.0000	0.0000	0.0000	0.0000	0.0000	1.0666	0.0000	7.9999	3.0000	0.0000	0.0000	0.0000	0.0000	0.0000	0.0000	0.0000	0.0000	0.0000	0.0000	0.0000	0.0000	0.0000	0.0000	0.0000	0.0000	0.0000	0.0000	0.0000	0.0000	0.0000	0.0000	0.0000	0.0000	0.0000	0.0000	0.0000	0.0603	0.0201	0.0401	0.0091	0.0060	0.0031	0.0512	0.0142	0.0370	0.0000	0.0000	0.0000	0.0000	0.0000	0.0000	0.0000	0.0000	0.0000	0.0000	0.0000	0.0000	0.0000	0.0000	0.0000	0.0000	0.0000	0.0000											
0	6	0.1381	3	2	1	1	0	0	0	0	0	Y	N	N	N	N	N	N	N	N	N	N	N	0.0000	0.0000	0.0000	0.0000	0.0000	0.0000	0.0000	0.0000	0.0000	0.0000	0.0000	0.0000	0.0000	8.6943	0.0000	13.0635	0.0000	0.0000	0.0000	10.2213	0.0000	14.1886	inf	0.0000	0.2511	1.0666	2.0000	7.9999	4.0000	0.0000	0.0000	0.0000	0.0000	0.0000	0.0000	0.0000	0.0000	0.0000	1.0000	0.0000	1.0000	0.0000	0.0000	0.0000	1.0000	0.0000	1.0000	0.0497	0.0448	0.0049	0.0200	0.0192	0.0007	0.0297	0.0255	0.0042	0.1150	0.0385	0.0765	0.0172	0.0111	0.0061	0.0978	0.0274	0.0705	0.0000	0.0000	0.0000	0.0000	0.0000	0.0000	0.0000	0.0000	0.0000	8.6943	0.0000	13.0635	0.0000	0.0000	0.0000	10.2213	0.0000	14.1886						
0	7	0.1912	5	2	2	0	1	0	0	0	0	Y	Y	N	N	N	N	N	N	N	N	N	N	0.0000	0.0000	0.0000	0.0000	0.0000	0.0000	0.0000	0.0000	0.0000	0.0000	0.0000	0.0000	0.0000	0.0010	0.0031	0.0000	0.0170	0.0257	0.0000	0.0000	0.0000	0.0000	0.0000	0.0000	-0.0000	1.0666	0.0001	7.9999	0.9907	0.0000	0.0000	0.0000	0.0000	0.0000	0.0000	0.0000	0.0000	0.0000	0.0000	0.0000	0.0000	0.0000	0.0000	0.0000	0.0000	0.0000	0.0000	0.0000	0.0000	0.0000	0.0000	0.0000	0.0000	0.0000	0.0000	0.0000	0.0289	0.0098	0.0191	0.0018	0.0012	0.0006	0.0271	0.0086	0.0185	0.0000	0.0000	0.0000	0.0000	0.0000	0.0000	0.0000	0.0000	0.0000	0.0010	0.0031	0.0000	0.0170	0.0257	0.0000	0.0000	0.0000	0.0000						
0	8	0.1381	3	2	1	1	0	0	0	0	0	Y	N	N	N	N	N	N	N	N	N	N	N	0.0000	0.0000	0.0000	0.0000	0.0000	0.0000	0.0000	0.0000	0.0000	0.0000	0.0000	0.0000	0.0000	16.5880	0.0000	24.9081	0.0000	0.0000	0.0000	19.5204	0.0000	26.9910	inf	0.0000	0.2511	1.0666	1.0000	7.9999	2.0000	0.0000	0.0000	0.0000	0.0000	0.0000	0.0000	0.0000	0.0000	0.0000	1.0000	0.0000	1.0000	0.0000	0.0000	0.0000	1.0000	0.0000	1.0000	0.0253	0.0227	0.0025	0.0102	0.0099	0.0004	0.0151	0.0129	0.0022	0.0603	0.0201	0.0401	0.0091	0.0060	0.0031	0.0512	0.0142	0.0370	0.0000	0.0000	0.0000	0.0000	0.0000	0.0000	0.0000	0.0000	0.0000	16.5880	0.0000	24.9081	0.0000	0.0000	0.0000	19.5204	0.0000	26.9910						
0	9	0.2429	6	1	1	1	0	0	0	0	0	N	N	N	N	N	N	N	N	N	N	N	N	0.0000	0.0000	0.0000	0.0000	0.0000	0.0000	0.0000	0.0000	0.0000	0.0000	0.0000	0.0000	0.0000	0.0000	0.0000	0.0000	0.0000	0.0000	0.0000	0.0000	1.0666	0.0035	7.9999	1.9666	0.0000	0.0000	0.0000	0.0000	0.0000	0.0000	0.0000	0.0000	0.0000	0.0000	0.0000	0.0000	0.0000	0.0000	0.0000	0.0000	0.0000	0.0000	0.0004	0.0003	0.0000	0.0002	0.0002	0.0000	0.0001	0.0001	0.0000	0.0349	0.0155	0.0194	0.0093	0.0069	0.0024	0.0256	0.0086	0.0170	0.0000	0.0000	0.0000	0.0000	0.0000	0.0000	0.0000	0.0000	0.0000	0.0000	0.0000	0.0000	0.0000	0.0000	0.0000	0.0000	0.0000	0.0000											
0	10	0.1116	3	1	1	1	0	0	0	0	0	N	N	N	N	N	N	N	N	N	N	N	N	0.0000	0.0000	0.0000	0.0000	0.0000	0.0000	0.0000	0.0000	0.0000	0.0000	0.0000	0.0000	0.0000	0.0000	0.0000	0.0000	0.0000	6.0876	0.0046	9.4268	0.0121	0.0110	1.3895	7.1507	0.0000	9.4520	3759.6030	0.0000	0.2452	1.0666	1.9652	7.9999	3.8608	0.0000	0.0000	0.0000	0.0000	0.0000	0.0000	0.0000	0.0000	0.0000	0.9777	0.0003	0.9775	0.0003	0.0003	0.0000	0.9775	0.0000	0.9775	0.1663	0.1395	0.0267	0.0910	0.0798	0.0112	0.0752	0.0597	0.0155	0.1606	0.0569	0.1037	0.0239	0.0236	0.0003	0.1367	0.0333	0.1034	0.0000	0.0000	0.0000	0.0000	0.0000	0.0000	0.0000	0.0000	0.0000	6.0876	0.0046	9.4268	0.0121	0.0110	0.1072	7.1507	0.0000	9.4520		
0	11	0.1381	3	2	2	0	0	0	0	0	0	Y	Y	N	N	N	N	N	N	N	N	N	N	0.0000	0.0000	0.0000	0.0000	0.0000	0.0000	0.0000	0.0000	0.0000	0.0000	0.0000	0.0000	0.0000	0.0000	0.0000	0.0000	0.0000	0.0000	0.0000	0.0000	1.0666	1.0000	7.9999	8.0000	0.0000	0.0000	0.0000	0.0000	0.0000	0.0000	0.0000	0.0000	0.0000	0.0000	0.0000	0.0000	0.0000	0.0000	0.0000	0.0000	0.0000	0.0000	0.0253	0.0227	0.0025	0.0102	0.0099	0.0004	0.0151	0.0129	0.0022	0.1647	0.0552	0.1096	0.0245	0.0156	0.0089	0.1403	0.0396	0.1006	0.0000	0.0000	0.0000	0.0000	0.0000	0.0000	0.0000	0.0000	0.0000	0.0000	0.0000	0.0000	0.0000	0.0000	0.0000	0.0000	0.0000	0.0000											
0	12	0.1690	4	1	1	1	1	0	0	0	0	N	N	N	N	N	N	N	N	N	N	N	N	0.0000	0.0000	0.0000	0.0000	0.0000	0.0000	0.0000	0.0000	0.0000	0.0000	0.0000	0.0000	0.0000	34.7773	104.2761	0.0000	0.0000	0.0000	0.0000	36.6731	115.1537	0.0000	0.0000	0.0000	-0.7489	1.0666	0.0000	7.9999	1.0000	0.0000	0.0000	0.0000	0.0000	0.0000	0.0000	0.0000	0.0000	0.0000	1.0000	1.0000	0.0000	0.0000	0.0000	0.0000	1.0000	1.0000	0.0000	0.0000	0.0000	0.0000	0.0000	0.0000	0.0000	0.0000	0.0000	0.0000	0.0288	0.0096	0.0192	0.0015	0.0009	0.0006	0.0273	0.0087	0.0186	0.0000	0.0000	0.0000	0.0000	0.0000	0.0000	0.0000	0.0000	0.0000	34.7773	104.2761	0.0000	0.0000	0.0000	0.0000	36.6731	115.1537	0.0000						
0	13	0.1381	3	1	2	0	0	0	0	0	0	N	Y	N	N	N	N	N	N	N	N	N	N	0.0000	0.0000	0.0000	0.0000	0.0000	0.0000	0.0000	0.0000	0.0000	0.0000	0.0000	0.0000	0.0000	0.0000	0.0000	0.0000	0.0000	0.0000	0.0000	0.0000	1.0666	1.0000	7.9999	1.0000	0.0000	0.0000	0.0000	0.0000	0.0000	0.0000	0.0000	0.0000	0.0000	0.0000	0.0000	0.0000	0.0000	0.0000	0.0000	0.0000	0.0000	0.0000	0.0253	0.0227	0.0025	0.0102	0.0099	0.0004	0.0151	0.0129	0.0022	0.0408	0.0136	0.0272	0.0061	0.0041	0.0021	0.0347	0.0096	0.0251	0.0000	0.0000	0.0000	0.0000	0.0000	0.0000	0.0000	0.0000	0.0000	0.0000	0.0000	0.0000	0.0000	0.0000	0.0000	0.0000	0.0000	0.0000											
0	14	0.1837	5	1	1	0	1	0	0	0	0	N	N	N	N	N	N	N	N	N	N	N	N	0.0000	0.0000	0.0000	0.0000	0.0000	0.0000	0.0000	0.0000	0.0000	0.0000	0.0000	0.0000	0.0000	0.0000	0.0000	0.0000	0.0000	0.0000	0.0000	0.0000	1.0666	1.0000	7.9999	0.9994	0.0000	0.0000	0.0000	0.0000	0.0000	0.0000	0.0000	0.0000	0.0000	0.0000	0.0000	0.0000	0.0000	0.0000	0.0000	0.0000	0.0000	0.0000	0.0301	0.0267	0.0034	0.0084	0.0079	0.0004	0.0218	0.0188	0.0030	0.0566	0.0187	0.0378	0.0030	0.0017	0.0013	0.0536	0.0170	0.0365	0.0000	0.0000	0.0000	0.0000	0.0000	0.0000	0.0000	0.0000	0.0000	0.0000	0.0000	0.0000	0.0000	0.0000	0.0000	0.0000	0.0000	0.0000											
0	15	0.1381	3	1	2	0	0	0	0	0	0	N	Y	N	N	N	N	N	N	N	N	N	N	0.0000	0.0000	0.0000	0.0000	0.0000	0.0000	0.0000	0.0000	0.0000	0.0000	0.0000	0.0000	0.0000	0.0000	0.0000	0.0000	0.0000	0.0000	0.0000	0.0000	1.0666	0.0000	7.9999	2.0000	0.0000	0.0000	0.0000	0.0000	0.0000	0.0000	0.0000	0.0000	0.0000	0.0000	0.0000	0.0000	0.0000	0.0000	0.0000	0.0000	0.0000	0.0000	0.0000	0.0000	0.0000	0.0000	0.0000	0.0000	0.0000	0.0000	0.0000	0.0408	0.0136	0.0272	0.0061	0.0041	0.0021	0.0347	0.0096	0.0251	0.0000	0.0000	0.0000	0.0000	0.0000	0.0000	0.0000	0.0000	0.0000	0.0000	0.0000	0.0000	0.0000	0.0000	0.0000	0.0000	0.0000	0.0000											
0	16	0.1837	5	1	2	0	1	0	0	0	0	N	Y	N	N	N	N	N	N	N	N	N	N	0.0000	0.0000	0.0000	0.0000	0.0000	0.0000	0.0000	0.0000	0.0000	0.0000	0.0000	0.0000	0.0000	0.0000	0.0000	0.0000	0.0000	0.0000	0.0000	0.0000	1.0666	2.0000	7.9999	2.0010	0.0000	0.0000	0.0000	0.0000	0.0000	0.0000	0.0000	0.0000	0.0000	0.0000	0.0000	0.0000	0.0000	0.0000	0.0000	0.0000	0.0000	0.0000	0.0589	0.0523	0.0067	0.0162	0.0154	0.0008	0.0427	0.0369	0.0059	0.1087	0.0360	0.0727	0.0057	0.0032	0.0025	0.1030	0.0329	0.0701	0.0000	0.0000	0.0000	0.0000	0.0000	0.0000	0.0000	0.0000	0.0000	0.0000	0.0000	0.0000	0.0000	0.0000	0.0000	0.0000	0.0000	0.0000											
0	17	0.1530	4	2	2	0	0	0	0	0	0	Y	Y	N	N	N	N	N	N	N	N	N	N	420.6633	193.8864	220.0426	188.5224	inf	inf	0.6746	0.7380	0.0000	1.4522	1.5250	0.0000	0.0133	0.0151	0.0000	0.0016	0.0038	0.0000	0.0066	0.0081	0.0000	0.0000	0.0000	0.0000	0.0000	0.0000	-0.0000	-0.0000	1.0666	0.0017	7.9999	0.9948	0.0001	0.0001	0.0000	0.0001	0.0001	0.0000	0.0000	0.0000	0.0000	0.0000	0.0000	0.0000	0.0000	0.0000	0.0000	0.0000	0.0000	0.0000	0.0001	0.0001	0.0000	0.0000	0.0000	0.0000	0.0001	0.0000	0.0000	0.0249	0.0105	0.0144	0.0061	0.0049	0.0011	0.0189	0.0056	0.0133	420.6633	193.8864	0.0000	220.0426	188.5224	0.0000	inf	inf	0.0000	0.0016	0.0038	0.0000	0.0066	0.0081	0.0000	0.0000	0.0000	0.0000			
0	18	0.2063	5	1	2	0	0	0	0	0	0	N	Y	N	N	N	N	N	N	N	N	N	N	0.0000	0.0000	0.0000	0.0000	0.0000	0.0000	0.0000	0.0000	0.0000	0.0000	0.0000	0.0000	0.0000	0.0000	0.0000	0.0000	0.0000	0.0000	0.0000	0.0000	1.0666	0.0000	7.9999	0.0000	0.0000	0.0000	0.0000	0.0000	0.0000	0.0000	0.0000	0.0000	0.0000	0.0000	0.0000	0.0000	0.0000	0.0000	0.0000	0.0000	0.0000	0.0000	0.0000	0.0000	0.0000	0.0000	0.0000	0.0000	0.0000	0.0000	0.0000	0.0000	0.0000	0.0000	0.0000	0.0000	0.0000	0.0000	0.0000	0.0000	0.0000	0.0000	0.0000	0.0000	0.0000	0.0000	0.0000	0.0000	0.0000	0.0000	0.0000	0.0000	0.0000	0.0000	0.0000	0.0000	0.0000	0.0000											
0	20	0.1596	4	2	1	1	0	0	0	0	0	Y	N	N	N	N	N	N	N	N	N	N	N	178.1228	75.1661	130.5635	114.9194	0.0642	0.0714	0.0000	0.1954	0.2021	0.0000	0.0000	0.0000	0.0000	0.0004	0.0010	0.0000	0.0015	0.0018	0.0000	0.0000	0.0000	0.0000	0.0000	0.0000	-0.0004	-0.0000	1.0666	0.9718	7.9999	0.9404	0.0018	0.0018	0.0000	0.0018	0.0018	0.0000	0.0000	0.0000	0.0000	0.0000	0.0000	0.0000	0.0000	0.0000	0.0000	0.0000	0.0000	0.0000	0.0279	0.0251	0.0028	0.0092	0.0089	0.0003	0.0187	0.0162	0.0025	0.0555	0.0210	0.0345	0.0134	0.0114	0.0020	0.0421	0.0097	0.0325	178.1228	75.1661	0.0000	130.5635	114.9194	0.0000	0.0000	0.0000	0.0000	0.0004	0.0010	0.0000	0.0015	0.0018	0.0000	0.0000	0.0000	0.0000					
0	21	0.2351	5	1	2	0	0	0	0	0	0	N	Y	N	N	N	N	N	N	N	N	N	N	0.0000	0.0000	0.0000	0.0000	0.0000	0.0000	0.0000	0.0000	0.0000	0.0000	0.0000	0.0000	0.0000	0.0000	0.0000	0.0000	0.0000	0.0000	0.0000	0.0000	1.0666	0.9958	7.9999	0.0079	0.0000	0.0000	0.0000	0.0000	0.0000	0.0000	0.0000	0.0000	0.0000	0.0000	0.0000	0.0000	0.0000	0.0000	0.0000	0.0000	0.0000	0.0000	0.0432	0.0392	0.0040	0.0196	0.0183	0.0013	0.0236	0.0209	0.0027	0.0185	0.0083	0.0102	0.0050	0.0038	0.0012	0.0135	0.0045	0.0090	0.0000	0.0000	0.0000	0.0000	0.0000	0.0000	0.0000	0.0000	0.0000	0.0000	0.0000	0.0000	0.0000	0.0000	0.0000	0.0000	0.0000	0.0000											
0	22	0.1916	5	1	2	0	0	0	0	0	0	N	Y	N	N	N	N	N	N	N	N	N	N	28.4870	0.4240	inf	0.6107	0.5100	inf	inf	inf	0.4425	0.0150	4.4851	0.0359	0.0375	0.0072	0.6948	0.0000	5.6984	0.0155	0.0355	0.0000	0.0588	0.0736	0.0000	0.0000	0.0000	0.0000	31.5284	0.0000	0.0527	-0.0024	1.0666	4.0220	7.9999	5.3698	0.0683	0.0021	0.0662	0.0021	0.0021	0.0000	0.0662	0.0000	0.0662	0.0031	0.0031	0.0000	0.0031	0.0031	0.0000	0.0000	0.0000	0.0000	0.1544	0.1396	0.0148	0.0591	0.0559	0.0031	0.0953	0.0836	0.0116	0.2021	0.0885	0.1136	0.0534	0.0427	0.0107	0.1487	0.0458	0.1029	28.4870	0.4240	inf	0.6107	0.5100	inf	inf	0.0000	inf	0.0155	0.0355	0.0000	0.0588	0.0736	0.0000	0.0000	0.0000	0.0000	
0	23	0.1381	3	2	2	0	0	0	0	0	0	Y	Y	N	N	N	N	N	N	N	N	N	N	0.0000	0.0000	0.0000	0.0000	0.0000	0.0000	0.0000	0.0000	0.0000	0.0000	0.0000	0.0000	0.0000	0.0000	0.0000	0.0000	0.0000	0.0000	0.0000	0.0000	1.0666	0.0000	7.9999	3.0000	0.0000	0.0000	0.0000	0.0000	0.0000	0.0000	0.0000	0.0000	0.0000	0.0000	0.0000	0.0000	0.0000	0.0000	0.0000	0.0000	0.0000	0.0000	0.0000	0.0000	0.0000	0.0000	0.0000	0.0000	0.0000	0.0000	0.0000	0.0603	0.0201	0.0401	0.0091	0.0060	0.0031	0.0512	0.0142	0.0370	0.0000	0.0000	0.0000	0.0000	0.0000	0.0000	0.0000	0.0000	0.0000	0.0000	0.0000	0.0000	0.0000	0.0000	0.0000	0.0000	0.0000	0.0000											
0	24	0.2583	7	1	2	0	0	0	0	0	0	N	Y	N	N	N	N	N	N	N	N	N	N	0.0000	0.0000	0.0000	0.0000	0.0000	0.0000	0.0000	0.0000	0.0000	0.0000	0.0000	0.0000	0.0000	0.0000	0.0000	0.0000	0.0000	0.0000	0.0000	0.0000	1.0666	0.0018	7.9999	0.9893	0.0000	0.0000	0.0000	0.0000	0.0000	0.0000	0.0000	0.0000	0.0000	0.0000	0.0000	0.0000	0.0000	0.0000	0.0000	0.0000	0.0000	0.0000	0.0002	0.0002	0.0000	0.0001	0.0001	0.0000	0.0001	0.0000	0.0000	0.0175	0.0081	0.0094	0.0048	0.0036	0.0012	0.0127	0.0045	0.0082	0.0000	0.0000	0.0000	0.0000	0.0000	0.0000	0.0000	0.0000	0.0000	0.0000	0.0000	0.0000	0.0000	0.0000	0.0000	0.0000	0.0000	0.0000											
0	26	0.1381	3	1	2	0	0	0	0	0	0	N	Y	N	N	N	N	N	N	N	N	N	N	0.0000	0.0000	0.0000	0.0000	0.0000	0.0000	0.0000	0.0000	0.0000	0.0000	0.0000	0.0000	0.0000	20.5423	61.4463	0.0000	0.0000	0.0000	0.0000	24.1580	86.6910	0.0000	0.0000	0.0000	-1.4978	1.0666	1.0000	7.9999	4.0000	0.0000	0.0000	0.0000	0.0000	0.0000	0.0000	0.0000	0.0000	0.0000	1.9999	1.9999	0.0000	0.0000	0.0000	0.0000	1.9999	1.9999	0.0000	0.0253	0.0227	0.0025	0.0102	0.0099	0.0004	0.0151	0.0129	0.0022	0.0974	0.0325	0.0648	0.0146	0.0095	0.0051	0.0828	0.0231	0.0597	0.0000	0.0000	0.0000	0.0000	0.0000	0.0000	0.0000	0.0000	0.0000	20.5423	61.4463	0.0000	0.0000	0.0000	0.0000	24.1580	86.6910	0.0000						
0	27	0.1381	3	1	2	0	0	0	0	0	0	N	Y	N	N	N	N	N	N	N	N	N	N	0.0000	0.0000	0.0000	0.0000	0.0000	0.0000	0.0000	0.0000	0.0000	0.0000	0.0000	0.0000	0.0000	0.0000	0.0000	0.0000	0.0000	0.0000	0.0000	0.0000	1.0666	1.0000	7.9999	2.0000	0.0000	0.0000	0.0000	0.0000	0.0000	0.0000	0.0000	0.0000	0.0000	0.0000	0.0000	0.0000	0.0000	0.0000	0.0000	0.0000	0.0000	0.0000	0.0253	0.0227	0.0025	0.0102	0.0099	0.0004	0.0151	0.0129	0.0022	0.0603	0.0201	0.0401	0.0091	0.0060	0.0031	0.0512	0.0142	0.0370	0.0000	0.0000	0.0000	0.0000	0.0000	0.0000	0.0000	0.0000	0.0000	0.0000	0.0000	0.0000	0.0000	0.0000	0.0000	0.0000	0.0000	0.0000											
0	29	0.1154	3	1	2	0	0	0	0	0	0	N	Y	N	N	N	N	N	N	N	N	N	N	0.0000	0.0000	0.0000	0.0000	0.0000	0.0000	0.0000	0.0000	0.0000	0.0000	0.0000	0.0000	0.0000	0.0000	0.0000	0.0000	0.0010	0.0014	0.0008	0.0031	0.0045	0.0000	0.0006	0.0000	0.0009	1.1000	0.0000	-0.0000	1.0666	7.9836	7.9999	2.1583	0.0000	0.0000	0.0000	0.0000	0.0000	0.0000	0.0000	0.0000	0.0000	0.0002	0.0001	0.0001	0.0001	0.0001	0.0000	0.0001	0.0000	0.0001	0.2594	0.2326	0.0267	0.1031	0.0953	0.0078	0.1562	0.1374	0.0189	0.2079	0.0717	0.1362	0.0321	0.0221	0.0100	0.1757	0.0496	0.1262	0.0000	0.0000	0.0000	0.0000	0.0000	0.0000	0.0000	0.0000	0.0000	0.0010	0.0014	0.0008	0.0031	0.0045	0.0000	0.0006	0.0000	0.0009			
0	33	0.1560	4	2	1	1	0	0	0	0	0	Y	N	N	N	N	N	N	N	N	N	N	N	0.0000	0.0000	0.0000	0.0000	0.0000	0.0000	0.0000	0.0000	0.0000	0.0000	0.0000	0.0000	0.0000	0.0000	0.0000	0.0000	0.0000	26.8137	1.0269	41.3070	2.3623	2.6913	2.6354	31.4172	0.0000	42.7102	71.5680	0.0000	0.4787	1.0666	0.9991	7.9999	2.0219	0.0000	0.0000	0.0000	0.0000	0.0000	0.0000	0.0000	0.0000	0.0000	2.0174	0.0278	1.9896	0.0282	0.0278	0.0004	1.9892	0.0000	1.9892	0.0253	0.0227	0.0025	0.0102	0.0099	0.0004	0.0150	0.0129	0.0022	0.0752	0.0271	0.0482	0.0119	0.0103	0.0016	0.0633	0.0167	0.0466	0.0000	0.0000	0.0000	0.0000	0.0000	0.0000	0.0000	0.0000	0.0000	26.8137	1.0269	41.3070	2.3623	2.6913	0.2263	31.4172	0.0000	42.7102		
0	35	0.1560	4	2	1	1	0	0	0	0	0	Y	N	N	N	N	N	N	N	N	N	N	N	0.0000	0.0000	0.0000	0.0000	0.0000	0.0000	0.0000	0.0000	0.0000	0.0000	0.0000	0.0000	0.0000	0.0000	0.0000	0.0000	0.0000	18.2547	0.6746	28.9604	1.4256	1.5589	5.0995	22.0303	0.0000	29.8866	70.4981	0.0000	0.2346	1.0666	0.0009	7.9999	1.9867	0.0000	0.0000	0.0000	0.0000	0.0000	0.0000	0.0000	0.0000	0.0000	0.9895	0.0138	0.9757	0.0142	0.0138	0.0003	0.9754	0.0000	0.9754	0.0000	0.0000	0.0000	0.0000	0.0000	0.0000	0.0000	0.0000	0.0000	0.0542	0.0205	0.0337	0.0099	0.0089	0.0011	0.0443	0.0116	0.0326	0.0000	0.0000	0.0000	0.0000	0.0000	0.0000	0.0000	0.0000	0.0000	18.2547	0.6746	28.9604	1.4256	1.5589	0.3034	22.0303	0.0000	29.8866		
0	36	0.1381	3	2	1	1	0	0	0	0	0	Y	N	N	N	N	N	N	N	N	N	N	N	0.0000	0.0000	0.0000	0.0000	0.0000	0.0000	0.0000	0.0000	0.0000	0.0000	0.0000	0.0000	0.0000	0.0000	0.0000	0.0000	0.0000	16.9274	48.9756	0.8524	108.8339	165.4600	0.0000	0.6813	0.9020	0.9237	0.0347	0.0000	-0.7385	1.0666	1.0009	7.9999	2.0357	0.0000	0.0000	0.0000	0.0000	0.0000	0.0000	0.0000	0.0000	0.0000	1.0323	0.9977	0.0346	0.9970	0.9970	0.0000	0.0353	0.0007	0.0346	0.0253	0.0228	0.0025	0.0102	0.0099	0.0004	0.0151	0.0129	0.0022	0.0610	0.0204	0.0406	0.0092	0.0060	0.0031	0.0518	0.0143	0.0375	0.0000	0.0000	0.0000	0.0000	0.0000	0.0000	0.0000	0.0000	0.0000	16.9274	48.9756	0.8524	108.8339	165.4600	0.0000	0.6813	0.0481	0.9237		
0	37	0.1381	3	2	1	1	0	0	0	0	0	Y	N	N	N	N	N	N	N	N	N	N	N	0.0000	0.0000	0.0000	0.0000	0.0000	0.0000	0.0000	0.0000	0.0000	0.0000	0.0000	0.0000	0.0000	12.6394	0.0000	18.9829	0.0000	0.0000	0.0000	14.8688	0.0000	20.5861	inf	0.0000	0.2511	1.0666	1.0000	7.9999	3.0000	0.0000	0.0000	0.0000	0.0000	0.0000	0.0000	0.0000	0.0000	0.0000	1.0000	0.0000	1.0000	0.0000	0.0000	0.0000	1.0000	0.0000	1.0000	0.0253	0.0227	0.0025	0.0102	0.0099	0.0004	0.0151	0.0129	0.0022	0.0791	0.0264	0.0527	0.0119	0.0078	0.0041	0.0673	0.0187	0.0486	0.0000	0.0000	0.0000	0.0000	0.0000	0.0000	0.0000	0.0000	0.0000	12.6394	0.0000	18.9829	0.0000	0.0000	0.0000	14.8688	0.0000	20.5861						
0	40	0.1719	6	2	2	1	0	0	0	0	0	Y	Y	N	N	N	N	N	N	N	N	N	N	0.0000	0.0000	0.0000	0.0000	0.0000	0.0000	0.0000	0.0000	0.0000	0.0000	0.0000	0.0000	0.0000	0.0000	0.0000	0.0000	0.0000	0.0000	0.0000	0.0000	1.0666	0.0000	7.9999	0.0000	0.0000	0.0000	0.0000	0.0000	0.0000	0.0000	0.0000	0.0000	0.0000	0.0000	0.0000	0.0000	0.0000	0.0000	0.0000	0.0000	0.0000	0.0000	0.0000	0.0000	0.0000	0.0000	0.0000	0.0000	0.0000	0.0000	0.0000	0.0000	0.0000	0.0000	0.0000	0.0000	0.0000	0.0000	0.0000	0.0000	0.0000	0.0000	0.0000	0.0000	0.0000	0.0000	0.0000	0.0000	0.0000	0.0000	0.0000	0.0000	0.0000	0.0000	0.0000	0.0000	0.0000	0.0000											
0	41	0.1719	5	2	2	1	0	0	0	0	0	Y	Y	N	N	N	N	N	N	N	N	N	N	0.0000	0.0000	0.0000	0.0000	0.0000	0.0000	0.0000	0.0000	0.0000	0.0000	0.0000	0.0000	0.0000	0.0000	0.0000	0.0000	0.0000	0.0000	0.0000	0.0000	1.0666	1.0000	7.9999	1.9999	0.0000	0.0000	0.0000	0.0000	0.0000	0.0000	0.0000	0.0000	0.0000	0.0000	0.0000	0.0000	0.0000	0.0000	0.0000	0.0000	0.0000	0.0000	0.0277	0.0249	0.0028	0.0090	0.0087	0.0003	0.0188	0.0162	0.0025	0.0632	0.0208	0.0424	0.0091	0.0060	0.0031	0.0540	0.0148	0.0393	0.0000	0.0000	0.0000	0.0000	0.0000	0.0000	0.0000	0.0000	0.0000	0.0000	0.0000	0.0000	0.0000	0.0000	0.0000	0.0000	0.0000	0.0000											
0	42	0.2089	4	2	2	0	0	0	0	0	0	Y	Y	N	N	N	N	N	N	N	N	N	N	531.9336	250.7834	172.6946	196.0212	inf	inf	0.2318	0.2730	0.0000	0.3507	0.4349	0.0000	0.0403	0.0439	0.0000	0.0004	0.0011	0.0000	0.0020	0.0022	0.0000	0.0000	0.0000	0.0000	0.0000	0.0000	-0.0000	-0.0000	1.0666	0.0007	7.9999	2.0242	0.0000	0.0000	0.0000	0.0000	0.0000	0.0000	0.0000	0.0000	0.0000	0.0000	0.0000	0.0000	0.0000	0.0000	0.0000	0.0000	0.0000	0.0000	0.0001	0.0001	0.0000	0.0001	0.0000	0.0000	0.0000	0.0000	0.0000	0.0688	0.0276	0.0413	0.0148	0.0135	0.0013	0.0541	0.0140	0.0400	531.9336	250.7834	0.0000	172.6946	196.0212	0.0000	inf	inf	0.0000	0.0004	0.0011	0.0000	0.0020	0.0022	0.0000	0.0000	0.0000	0.0000			
0	43	0.1120	2	1	2	0	1	0	0	0	0	N	Y	N	N	N	N	N	N	N	N	N	N	0.0000	0.0000	0.0000	0.0000	0.0000	0.0000	0.0000	0.0000	0.0000	0.0000	0.0000	0.0000	0.0000	0.0000	0.0000	0.0000	0.0000	0.0000	0.0000	0.0000	1.0666	0.0000	7.9999	0.0000	0.0000	0.0000	0.0000	0.0000	0.0000	0.0000	0.0000	0.0000	0.0000	0.0000	0.0000	0.0000	0.0000	0.0000	0.0000	0.0000	0.0000	0.0000	0.0000	0.0000	0.0000	0.0000	0.0000	0.0000	0.0000	0.0000	0.0000	0.0000	0.0000	0.0000	0.0000	0.0000	0.0000	0.0000	0.0000	0.0000	0.0000	0.0000	0.0000	0.0000	0.0000	0.0000	0.0000	0.0000	0.0000	0.0000	0.0000	0.0000	0.0000	0.0000	0.0000	0.0000	0.0000	0.0000											
0	44	0.1120	2	1	1	0	1	0	0	0	0	N	N	N	N	N	N	N	N	N	N	N	N	0.0000	0.0000	0.0000	0.0000	0.0000	0.0000	0.0000	0.0000	0.0000	0.0000	0.0000	0.0000	0.0000	0.0000	0.0000	0.0000	0.0000	0.0000	0.0000	0.0000	1.0666	0.0000	7.9999	0.0000	0.0000	0.0000	0.0000	0.0000	0.0000	0.0000	0.0000	0.0000	0.0000	0.0000	0.0000	0.0000	0.0000	0.0000	0.0000	0.0000	0.0000	0.0000	0.0000	0.0000	0.0000	0.0000	0.0000	0.0000	0.0000	0.0000	0.0000	0.0000	0.0000	0.0000	0.0000	0.0000	0.0000	0.0000	0.0000	0.0000	0.0000	0.0000	0.0000	0.0000	0.0000	0.0000	0.0000	0.0000	0.0000	0.0000	0.0000	0.0000	0.0000	0.0000	0.0000	0.0000	0.0000	0.0000											
0	46	0.1381	3	2	1	1	0	0	0	0	0	Y	N	N	N	N	N	N	N	N	N	N	N	0.0000	0.0000	0.0000	0.0000	0.0000	0.0000	0.0000	0.0000	0.0000	0.0000	0.0000	0.0000	0.0000	0.0000	0.0000	0.0000	0.0000	0.0000	0.0000	0.0000	1.0666	0.0000	7.9999	2.0000	0.0000	0.0000	0.0000	0.0000	0.0000	0.0000	0.0000	0.0000	0.0000	0.0000	0.0000	0.0000	0.0000	0.0000	0.0000	0.0000	0.0000	0.0000	0.0000	0.0000	0.0000	0.0000	0.0000	0.0000	0.0000	0.0000	0.0000	0.0408	0.0136	0.0272	0.0061	0.0041	0.0021	0.0347	0.0096	0.0251	0.0000	0.0000	0.0000	0.0000	0.0000	0.0000	0.0000	0.0000	0.0000	0.0000	0.0000	0.0000	0.0000	0.0000	0.0000	0.0000	0.0000	0.0000											
0	47	0.1530	4	2	2	0	0	0	0	0	0	Y	Y	N	N	N	N	N	N	N	N	N	N	3.8590	1.7454	2.7582	2.2768	inf	inf	0.0024	0.0028	0.0000	0.0084	0.0094	0.0000	0.0000	0.0000	0.0000	0.0006	0.0016	0.0000	0.0031	0.0041	0.0000	0.0000	0.0000	0.0000	0.0000	0.0000	-0.0000	-0.0000	1.0666	0.9991	7.9999	2.0273	0.0001	0.0001	0.0000	0.0001	0.0001	0.0000	0.0000	0.0000	0.0000	0.0000	0.0000	0.0000	0.0000	0.0000	0.0000	0.0000	0.0000	0.0000	0.0258	0.0226	0.0032	0.0073	0.0066	0.0007	0.0185	0.0160	0.0024	0.0635	0.0252	0.0383	0.0131	0.0097	0.0033	0.0505	0.0155	0.0350	3.8590	1.7454	0.0000	2.7582	2.2768	0.0000	inf	inf	0.0000	0.0006	0.0016	0.0000	0.0031	0.0041	0.0000	0.0000	0.0000	0.0000			
0	48	0.1154	3	2	2	0	0	0	0	0	0	Y	Y	N	N	N	N	N	N	N	N	N	N	58.5971	27.6457	1.7541	22.3189	18.0328	inf	20.0111	1.8108	2.9367	0.3044	0.3364	0.0024	0.5420	0.5883	0.0000	0.0248	0.0274	0.0043	0.0052	0.0122	0.0014	0.0243	0.0326	0.0000	0.0012	0.0152	0.0015	0.0008	0.2064	-0.0101	-0.0004	1.0666	3.1828	7.9999	3.1571	0.0514	0.0514	0.0000	0.0495	0.0495	0.0000	0.0019	0.0019	0.0000	0.0008	0.0006	0.0001	0.0006	0.0006	0.0000	0.0001	0.0000	0.0001	0.1690	0.1528	0.0162	0.0913	0.0842	0.0072	0.0776	0.0687	0.0090	0.1463	0.0518	0.0945	0.0251	0.0187	0.0064	0.1212	0.0331	0.0881	58.5971	27.6457	1.7541	22.3189	18.0328	inf	20.0111	45.4166	2.9367	0.0052	0.0122	0.0014	0.0243	0.0326	0.0000	0.0012	0.0006	0.0015
0	49	0.1112	2	1	2	0	0	0	0	0	0	N	Y	N	N	N	N	N	N	N	N	N	N	28.7668	16.6360	124.7166	27.8638	26.8288	3.1607	32.9572	0.1993	338.1980	0.8136	0.6104	2.8453	0.7666	0.7719	0.7101	0.9402	0.1683	7.7813	0.0283	0.0367	0.0228	0.0275	0.0288	0.2247	0.0285	0.8445	0.0230	0.4662	0.9563	0.0114	-0.0005	1.0666	0.8922	7.9999	1.0748	0.0945	0.0645	0.0301	0.0650	0.0597	0.0052	0.0296	0.0048	0.0248	0.0018	0.0009	0.0009	0.0004	0.0004	0.0000	0.0014	0.0005	0.0008	0.1162	0.1056	0.0106	0.0847	0.0774	0.0074	0.0315	0.0283	0.0032	0.0629	0.0248	0.0381	0.0153	0.0132	0.0021	0.0477	0.0116	0.0361	28.7668	16.6360	124.7166	27.8638	26.8288	36.5610	32.9572	3.6823	338.1980	0.0283	0.0367	0.0228	0.0275	0.0288	0.0194	0.0285	0.0457	0.0230
0	50	0.1381	3	1	2	0	0	0	0	0	0	N	Y	N	N	N	N	N	N	N	N	N	N	0.0000	0.0000	0.0000	0.0000	0.0000	0.0000	0.0000	0.0000	0.0000	0.0000	0.0000	0.0000	0.0000	0.0000	0.0000	0.0000	0.0000	0.0000	0.0000	0.0000	1.0666	0.0000	7.9999	0.0000	0.0000	0.0000	0.0000	0.0000	0.0000	0.0000	0.0000	0.0000	0.0000	0.0000	0.0000	0.0000	0.0000	0.0000	0.0000	0.0000	0.0000	0.0000	0.0000	0.0000	0.0000	0.0000	0.0000	0.0000	0.0000	0.0000	0.0000	0.0000	0.0000	0.0000	0.0000	0.0000	0.0000	0.0000	0.0000	0.0000	0.0000	0.0000	0.0000	0.0000	0.0000	0.0000	0.0000	0.0000	0.0000	0.0000	0.0000	0.0000	0.0000	0.0000	0.0000	0.0000	0.0000	0.0000											
0	51	0.1381	3	2	2	0	0	0	0	0	0	Y	Y	N	N	N	N	N	N	N	N	N	N	0.0000	0.0000	0.0000	0.0000	0.0000	0.0000	0.0000	0.0000	0.0000	0.0000	0.0000	0.0000	0.0000	12.6394	0.0000	18.9829	0.0000	0.0000	0.0000	14.8688	0.0000	20.5861	inf	0.0000	0.2511	1.0666	1.0000	7.9999	3.0000	0.0000	0.0000	0.0000	0.0000	0.0000	0.0000	0.0000	0.0000	0.0000	1.0000	0.0000	1.0000	0.0000	0.0000	0.0000	1.0000	0.0000	1.0000	0.0253	0.0227	0.0025	0.0102	0.0099	0.0004	0.0151	0.0129	0.0022	0.0791	0.0264	0.0527	0.0119	0.0078	0.0041	0.0673	0.0187	0.0486	0.0000	0.0000	0.0000	0.0000	0.0000	0.0000	0.0000	0.0000	0.0000	12.6394	0.0000	18.9829	0.0000	0.0000	0.0000	14.8688	0.0000	20.5861						
0	52	0.1242	2	1	1	0	0	0	0	0	0	N	N	N	N	N	N	N	N	N	N	N	N	0.0011	0.0006	0.0000	0.0008	0.0007	0.0000	0.0000	0.0000	0.0007	0.0007	0.0000	0.0018	0.0019	0.0000	0.0000	0.0000	0.0000	0.5712	1.1310	0.1159	2.1280	2.6310	0.7454	0.0794	0.0000	0.1197	0.0000	0.1261	-0.0000	-0.0405	1.0666	3.0179	7.9999	1.1627	0.0001	0.0001	0.0000	0.0001	0.0001	0.0000	0.0000	0.0000	0.0000	0.0635	0.0564	0.0071	0.0568	0.0564	0.0004	0.0067	0.0000	0.0067	0.1025	0.0924	0.0102	0.0381	0.0360	0.0021	0.0644	0.0563	0.0081	0.1112	0.0499	0.0613	0.0267	0.0214	0.0053	0.0845	0.0284	0.0561	0.0011	0.0006	0.0000	0.0008	0.0007	0.0000	0.0000	0.0000	0.0000	0.5712	1.1310	0.1159	2.1280	2.6310	0.0761	0.0794	0.0000	0.1197	
0	53	0.1381	3	2	2	1	0	0	0	0	0	Y	Y	N	N	N	N	N	N	N	N	N	N	0.0000	0.0000	0.0000	0.0000	0.0000	0.0000	0.0000	0.0000	0.0000	0.0000	0.0000	0.0000	0.0000	0.0000	0.0000	0.0000	0.0000	0.0000	0.0000	0.0000	1.0666	4.0000	7.9999	1.0000	0.0000	0.0000	0.0000	0.0000	0.0000	0.0000	0.0000	0.0000	0.0000	0.0000	0.0000	0.0000	0.0000	0.0000	0.0000	0.0000	0.0000	0.0000	0.0962	0.0867	0.0096	0.0382	0.0368	0.0014	0.0581	0.0499	0.0081	0.0974	0.0325	0.0648	0.0146	0.0095	0.0051	0.0828	0.0231	0.0597	0.0000	0.0000	0.0000	0.0000	0.0000	0.0000	0.0000	0.0000	0.0000	0.0000	0.0000	0.0000	0.0000	0.0000	0.0000	0.0000	0.0000	0.0000											
0	54	0.1242	2	1	2	0	0	0	0	0	0	N	Y	N	N	N	N	N	N	N	N	N	N	0.0001	0.0000	0.0000	0.0362	0.0329	0.0000	0.0000	0.0000	0.0000	0.0009	0.0010	0.0000	0.0024	0.0025	0.0000	0.0000	0.0000	0.0000	9.9609	25.5618	0.0593	0.0664	0.0773	0.3720	12.4542	40.9854	0.0614	0.0000	0.0037	-0.0000	-1.4560	1.0666	2.0683	7.9999	6.9961	0.0001	0.0001	0.0000	0.0001	0.0001	0.0000	0.0000	0.0000	0.0000	1.9535	1.9464	0.0071	0.0026	0.0022	0.0004	1.9509	1.9442	0.0067	0.0737	0.0663	0.0074	0.0280	0.0264	0.0015	0.0457	0.0399	0.0058	0.1961	0.0761	0.1200	0.0395	0.0287	0.0108	0.1566	0.0474	0.1092	0.0001	0.0000	0.0000	0.0362	0.0329	0.0000	0.0000	0.0000	0.0000	9.9609	25.5618	0.0593	0.0664	0.0773	0.0372	12.4542	40.9854	0.0614
0	56	0.1381	3	2	1	1	0	0	0	0	0	Y	N	N	N	N	N	N	N	N	N	N	N	0.0000	0.0000	0.0000	0.0000	0.0000	0.0000	0.0000	0.0000	0.0000	0.0000	0.0000	0.0000	0.0000	0.0000	0.0000	0.0000	0.0000	0.0000	0.0000	0.0000	1.0666	4.0000	7.9999	7.0000	0.0000	0.0000	0.0000	0.0000	0.0000	0.0000	0.0000	0.0000	0.0000	0.0000	0.0000	0.0000	0.0000	0.0000	0.0000	0.0000	0.0000	0.0000	0.0962	0.0867	0.0096	0.0382	0.0368	0.0014	0.0581	0.0499	0.0081	0.1954	0.0655	0.1299	0.0290	0.0182	0.0107	0.1664	0.0473	0.1191	0.0000	0.0000	0.0000	0.0000	0.0000	0.0000	0.0000	0.0000	0.0000	0.0000	0.0000	0.0000	0.0000	0.0000	0.0000	0.0000	0.0000	0.0000											
0	57	0.2027	6	1	2	0	0	0	0	0	0	N	Y	N	N	N	N	N	N	N	N	N	N	1404.2759	726.7868	0.0000	19.5029	15.9919	0.0000	52812.3308	inf	0.0000	3.0496	3.3584	0.0000	0.1594	0.1680	0.0000	4.7531	5.3771	0.0000	0.0022	0.0046	0.0002	0.0082	0.0105	0.0055	0.0001	0.0000	0.0001	0.0000	0.0656	-0.1922	-0.0004	1.0666	9.7645	7.9999	7.4558	0.9716	0.9716	0.0000	0.0188	0.0188	0.0000	0.9528	0.9528	0.0000	0.0006	0.0006	0.0000	0.0006	0.0006	0.0000	0.0000	0.0000	0.0000	0.3186	0.2893	0.0293	0.1182	0.1121	0.0060	0.2005	0.1772	0.0233	0.2993	0.1320	0.1673	0.0771	0.0581	0.0190	0.2222	0.0739	0.1483	1404.2759	726.7868	0.0000	19.5029	15.9919	0.0000	52812.3308	inf	0.0000	0.0022	0.0046	0.0002	0.0082	0.0105	0.0011	0.0001	0.0000	0.0001
0	58	0.2583	7	1	1	1	0	0	0	0	0	N	N	N	N	N	N	N	N	N	N	N	N	0.0000	0.0000	0.0000	0.0000	0.0000	0.0000	0.0000	0.0000	0.0000	0.0000	0.0000	0.0000	0.0000	0.0000	0.0000	0.0000	0.0000	0.0000	0.0000	0.0000	1.0666	1.0009	7.9999	0.0163	0.0000	0.0000	0.0000	0.0000	0.0000	0.0000	0.0000	0.0000	0.0000	0.0000	0.0000	0.0000	0.0000	0.0000	0.0000	0.0000	0.0000	0.0000	0.0441	0.0400	0.0041	0.0211	0.0197	0.0014	0.0229	0.0203	0.0027	0.0179	0.0083	0.0097	0.0049	0.0037	0.0012	0.0130	0.0046	0.0084	0.0000	0.0000	0.0000	0.0000	0.0000	0.0000	0.0000	0.0000	0.0000	0.0000	0.0000	0.0000	0.0000	0.0000	0.0000	0.0000	0.0000	0.0000											
0	59	0.2429	6	1	1	0	0	0	0	0	0	N	N	N	N	N	N	N	N	N	N	N	N	0.0000	0.0000	0.0000	0.0000	0.0000	0.0000	0.0000	0.0000	0.0000	0.0000	0.0000	0.0000	0.0000	0.0000	0.0000	0.0000	0.0000	0.0000	0.0000	0.0000	1.0666	1.9961	7.9999	0.0521	0.0000	0.0000	0.0000	0.0000	0.0000	0.0000	0.0000	0.0000	0.0000	0.0000	0.0000	0.0000	0.0000	0.0000	0.0000	0.0000	0.0000	0.0000	0.0832	0.0755	0.0077	0.0373	0.0349	0.0024	0.0459	0.0405	0.0053	0.0362	0.0161	0.0201	0.0097	0.0072	0.0025	0.0265	0.0089	0.0176	0.0000	0.0000	0.0000	0.0000	0.0000	0.0000	0.0000	0.0000	0.0000	0.0000	0.0000	0.0000	0.0000	0.0000	0.0000	0.0000	0.0000	0.0000											
0	60	0.2351	5	1	1	0	0	0	0	0	0	N	N	N	N	N	N	N	N	N	N	N	N	0.0000	0.0000	0.0000	0.0000	0.0000	0.0000	0.0000	0.0000	0.0000	0.0000	0.0000	0.0000	0.0000	0.0000	0.0000	0.0000	0.0000	0.0000	0.0000	0.0000	1.0666	0.0081	7.9999	1.0507	0.0000	0.0000	0.0000	0.0000	0.0000	0.0000	0.0000	0.0000	0.0000	0.0000	0.0000	0.0000	0.0000	0.0000	0.0000	0.0000	0.0000	0.0000	0.0005	0.0004	0.0000	0.0002	0.0002	0.0000	0.0003	0.0002	0.0000	0.0194	0.0087	0.0107	0.0052	0.0040	0.0013	0.0142	0.0048	0.0094	0.0000	0.0000	0.0000	0.0000	0.0000	0.0000	0.0000	0.0000	0.0000	0.0000	0.0000	0.0000	0.0000	0.0000	0.0000	0.0000	0.0000	0.0000											
0	61	0.1864	4	1	1	0	0	0	0	0	0	N	N	N	N	N	N	N	N	N	N	N	N	15.2041	16.3291	0.0000	23.6217	20.4652	0.0000	0.0000	0.0090	0.0100	0.0000	0.0232	0.0246	0.0000	0.0000	0.0000	0.0000	0.0006	0.0006	0.0006	0.0010	0.0012	0.0000	0.0005	0.0000	0.0006	0.0000	1.2464	-0.0002	-0.0000	1.0666	3.0167	7.9999	3.2580	0.0011	0.0011	0.0000	0.0011	0.0011	0.0000	0.0000	0.0000	0.0000	0.0001	0.0000	0.0001	0.0000	0.0000	0.0000	0.0001	0.0000	0.0001	0.1207	0.1091	0.0116	0.0468	0.0444	0.0025	0.0738	0.0647	0.0091	0.1518	0.0656	0.0862	0.0408	0.0334	0.0073	0.1111	0.0322	0.0789	15.2041	16.3291	0.0000	23.6217	20.4652	0.0000	0.0000	0.0000	0.0000	0.0006	0.0006	0.0006	0.0010	0.0012	0.0000	0.0005	0.0000	0.0006		
0	62	0.1116	3	1	2	0	0	0	0	0	0	N	Y	N	N	N	N	N	N	N	N	N	N	1.0770	0.4277	0.2638	0.2918	0.1300	0.1517	0.0000	0.2565	0.2881	0.0000	0.0000	0.0000	0.0000	0.1207	0.3547	0.0000	0.9723	0.9873	0.0000	0.0000	0.0000	0.0000	0.0000	0.0000	-0.0052	-0.0171	1.0666	3.3327	7.9999	4.3103	0.0263	0.0263	0.0000	0.0263	0.0263	0.0000	0.0000	0.0000	0.0000	0.0228	0.0228	0.0000	0.0228	0.0228	0.0000	0.0000	0.0000	0.0000	0.2024	0.1733	0.0290	0.1026	0.0913	0.0113	0.0998	0.0821	0.0178	0.1888	0.0642	0.1246	0.0234	0.0231	0.0004	0.1654	0.0412	0.1242	1.0770	0.4277	0.0000	0.2638	0.2918	0.0000	0.0000	0.0000	0.0000	0.1207	0.3547	0.0000	0.9723	0.9873	0.0000	0.0000	0.0000	0.0000					
0	63	0.0876	2	1	1	0	0	0	0	0	0	N	N	N	N	N	N	N	N	N	N	N	N	1.2544	24.1566	0.9376	29.3506	39.1416	0.2175	0.7153	0.3737	0.9532	0.2059	0.2031	0.2213	0.2791	0.2884	0.2160	0.1268	0.1054	0.2254	0.1641	0.0084	0.2360	0.0095	0.0074	0.9932	0.1772	0.2821	0.2364	0.1958	60.8014	-0.0015	0.0054	1.0666	3.2669	7.9999	2.4507	0.0440	0.0368	0.0072	0.0310	0.0279	0.0031	0.0130	0.0089	0.0041	0.0230	0.0004	0.0227	0.0001	0.0001	0.0000	0.0229	0.0003	0.0226	0.2138	0.1813	0.0326	0.1110	0.0967	0.0143	0.1028	0.0845	0.0183	0.1403	0.0443	0.0960	0.0109	0.0107	0.0003	0.1294	0.0337	0.0957	1.2544	24.1566	0.9376	29.3506	39.1416	2.4340	0.7153	12.0662	0.9532	0.1641	0.0084	0.2360	0.0095	0.0074	0.0887	0.1772	0.0087	0.2364
0	64	0.1719	6	2	1	1	0	0	0	0	0	Y	N	N	N	N	N	N	N	N	N	N	N	0.0000	0.0000	0.0000	0.0000	0.0000	0.0000	0.0000	0.0000	0.0000	0.0000	0.0000	0.0000	0.0000	0.0000	0.0000	0.0000	0.0000	0.0000	0.0000	0.0000	1.0666	0.0000	7.9999	1.0000	0.0000	0.0000	0.0000	0.0000	0.0000	0.0000	0.0000	0.0000	0.0000	0.0000	0.0000	0.0000	0.0000	0.0000	0.0000	0.0000	0.0000	0.0000	0.0000	0.0000	0.0000	0.0000	0.0000	0.0000	0.0000	0.0000	0.0000	0.0219	0.0072	0.0147	0.0031	0.0021	0.0010	0.0187	0.0051	0.0136	0.0000	0.0000	0.0000	0.0000	0.0000	0.0000	0.0000	0.0000	0.0000	0.0000	0.0000	0.0000	0.0000	0.0000	0.0000	0.0000	0.0000	0.0000											
0	65	0.1719	5	2	1	1	0	0	0	0	0	Y	N	N	N	N	N	N	N	N	N	N	N	0.0000	0.0000	0.0000	0.0000	0.0000	0.0000	0.0000	0.0000	0.0000	0.0000	0.0000	0.0000	0.0000	0.0000	0.0000	0.0000	0.0000	0.0000	0.0000	0.0000	1.0666	0.0000	7.9999	0.0001	0.0000	0.0000	0.0000	0.0000	0.0000	0.0000	0.0000	0.0000	0.0000	0.0000	0.0000	0.0000	0.0000	0.0000	0.0000	0.0000	0.0000	0.0000	0.0000	0.0000	0.0000	0.0000	0.0000	0.0000	0.0000	0.0000	0.0000	0.0000	0.0000	0.0000	0.0000	0.0000	0.0000	0.0000	0.0000	0.0000	0.0000	0.0000	0.0000	0.0000	0.0000	0.0000	0.0000	0.0000	0.0000	0.0000	0.0000	0.0000	0.0000	0.0000	0.0000	0.0000	0.0000	0.0000											
0	66	0.1596	4	2	1	1	0	0	0	0	0	Y	N	N	N	N	N	N	N	N	N	N	N	96.1316	40.3028	69.7601	61.0080	0.0328	0.0366	0.0000	0.1012	0.1048	0.0000	0.0000	0.0000	0.0000	0.0003	0.0009	0.0000	0.0015	0.0017	0.0000	0.0000	0.0000	0.0000	0.0000	0.0000	-0.0004	-0.0000	1.0666	1.9720	7.9999	0.0923	0.0018	0.0018	0.0000	0.0018	0.0018	0.0000	0.0000	0.0000	0.0000	0.0000	0.0000	0.0000	0.0000	0.0000	0.0000	0.0000	0.0000	0.0000	0.0545	0.0490	0.0055	0.0177	0.0171	0.0006	0.0368	0.0319	0.0049	0.0585	0.0221	0.0365	0.0138	0.0116	0.0021	0.0448	0.0104	0.0344	96.1316	40.3028	0.0000	69.7601	61.0080	0.0000	0.0000	0.0000	0.0000	0.0003	0.0009	0.0000	0.0015	0.0017	0.0000	0.0000	0.0000	0.0000					
0	67	0.1381	3	2	1	1	0	0	0	0	0	Y	N	N	N	N	N	N	N	N	N	N	N	54357.2299	40337.0436	0.0000	inf	inf	0.0000	0.0000	0.0000	13.3397	14.8106	0.0000	33.4395	34.6943	0.0000	0.0000	0.0000	0.0000	0.0002	0.0004	0.0002	0.0000	0.0000	0.0000	0.0003	0.0135	0.0002	0.0000	1.0000	-0.1975	-0.0000	1.0666	3.0650	7.9999	1.0636	0.9983	0.9983	0.0000	0.9983	0.9983	0.0000	0.0000	0.0000	0.0000	0.0000	0.0000	0.0000	0.0000	0.0000	0.0000	0.0000	0.0000	0.0000	0.0748	0.0674	0.0074	0.0299	0.0288	0.0011	0.0450	0.0386	0.0064	0.0815	0.0272	0.0543	0.0122	0.0080	0.0042	0.0693	0.0192	0.0500	54357.2299	40337.0436	0.0000	inf	inf	0.0000	0.0000	0.0000	0.0000	0.0002	0.0004	0.0002	0.0000	0.0000	0.0000	0.0003	0.0005	0.0002	
0	68	0.1451	3	1	2	0	1	0	0	0	0	N	Y	N	N	N	N	N	N	N	N	N	N	0.0011	5.1854	0.0000	0.3015	4.5312	0.0000	0.0000	0.0000	0.0064	0.0071	0.0000	0.0151	0.0161	0.0000	0.0000	0.0000	0.0000	6.0012	0.0014	9.7740	0.0500	0.0035	2.5592	7.4562	0.0000	10.5558	0.0000	11278.7811	-0.0002	0.2548	1.0666	2.7513	7.9999	4.0954	0.0008	0.0008	0.0000	0.0008	0.0008	0.0000	0.0000	0.0000	0.0000	1.0152	0.0001	1.0151	0.0017	0.0001	0.0016	1.0135	0.0000	1.0135	0.1232	0.1108	0.0125	0.0526	0.0493	0.0033	0.0707	0.0615	0.0092	0.1692	0.0653	0.1039	0.0332	0.0254	0.0078	0.1359	0.0399	0.0960	0.0011	5.1854	0.0000	0.3015	4.5312	0.0000	0.0000	0.0000	0.0000	6.0012	0.0014	9.7740	0.0500	0.0035	0.2002	7.4562	0.0000	10.5558	
0	71	0.1381	3	1	2	0	0	0	0	0	0	N	Y	N	N	N	N	N	N	N	N	N	N	0.0000	0.0000	0.0000	0.0000	0.0000	0.0000	0.0000	0.0000	0.0000	0.0000	0.0000	0.0000	0.0000	0.0000	0.0000	0.0000	0.0000	0.0000	0.0000	0.0000	1.0666	2.0000	7.9999	3.0000	0.0000	0.0000	0.0000	0.0000	0.0000	0.0000	0.0000	0.0000	0.0000	0.0000	0.0000	0.0000	0.0000	0.0000	0.0000	0.0000	0.0000	0.0000	0.0497	0.0448	0.0049	0.0200	0.0192	0.0007	0.0297	0.0255	0.0042	0.0974	0.0325	0.0648	0.0146	0.0095	0.0051	0.0828	0.0231	0.0597	0.0000	0.0000	0.0000	0.0000	0.0000	0.0000	0.0000	0.0000	0.0000	0.0000	0.0000	0.0000	0.0000	0.0000	0.0000	0.0000	0.0000	0.0000											
0	72	0.1112	2	1	1	0	0	0	0	0	0	N	N	N	N	N	N	N	N	N	N	N	N	602.2046	49.7666	4767.4271	41.3227	37.6440	5.2345	1267.8509	inf	7583.3497	5.1954	0.3039	47.8851	0.5769	0.5962	0.3616	9.4465	0.0227	77.3854	0.0086	0.0061	0.0100	0.0140	0.0158	0.0691	0.0075	0.0000	0.0102	18.0537	2.9259	0.7688	-0.0000	1.0666	4.7932	7.9999	0.2507	1.0255	0.0538	0.9717	0.0546	0.0518	0.0028	0.9709	0.0021	0.9689	0.0011	0.0003	0.0008	0.0003	0.0003	0.0000	0.0008	0.0000	0.0008	0.1974	0.1771	0.0203	0.0946	0.0868	0.0078	0.1028	0.0903	0.0125	0.1229	0.0442	0.0787	0.0222	0.0170	0.0052	0.1007	0.0272	0.0735	602.2046	49.7666	4767.4271	41.3227	37.6440	46.6069	1267.8509	inf	7583.3497	0.0086	0.0061	0.0100	0.0140	0.0158	0.0078	0.0075	0.0000	0.0102
0	74	0.0876	2	1	2	0	0	0	0	0	0	N	Y	N	N	N	N	N	N	N	N	N	N	1299.4078	485.9413	55.8231	63.3845	inf	inf	0.2520	0.3033	0.0000	0.1532	0.1787	0.0000	0.3853	0.4845	0.0000	0.0002	0.0006	0.0000	0.0027	0.0028	0.0000	0.0000	0.0000	0.0000	0.0000	0.0000	-0.0090	-0.0000	1.0666	1.8678	7.9999	4.6278	0.0456	0.0456	0.0000	0.0159	0.0159	0.0000	0.0297	0.0297	0.0000	0.0000	0.0000	0.0000	0.0000	0.0000	0.0000	0.0000	0.0000	0.0000	0.1810	0.1504	0.0306	0.1040	0.0891	0.0149	0.0770	0.0613	0.0158	0.1547	0.0481	0.1066	0.0109	0.0106	0.0003	0.1438	0.0374	0.1064	1299.4078	485.9413	0.0000	55.8231	63.3845	0.0000	inf	inf	0.0000	0.0002	0.0006	0.0000	0.0027	0.0028	0.0000	0.0000	0.0000	0.0000			
0	78	0.1912	5	2	2	0	1	0	0	0	0	Y	Y	N	N	N	N	N	N	N	N	N	N	0.0000	0.0000	0.0000	0.0000	0.0000	0.0000	0.0000	0.0000	0.0000	0.0000	0.0000	0.0000	0.0000	0.0004	0.0011	0.0000	0.0061	0.0096	0.0000	0.0000	0.0000	0.0000	0.0000	0.0000	-0.0000	1.0666	1.0000	7.9999	2.0144	0.0000	0.0000	0.0000	0.0000	0.0000	0.0000	0.0000	0.0000	0.0000	0.0000	0.0000	0.0000	0.0000	0.0000	0.0000	0.0000	0.0000	0.0000	0.0301	0.0267	0.0034	0.0084	0.0079	0.0004	0.0218	0.0188	0.0030	0.0839	0.0283	0.0556	0.0049	0.0031	0.0018	0.0790	0.0252	0.0538	0.0000	0.0000	0.0000	0.0000	0.0000	0.0000	0.0000	0.0000	0.0000	0.0004	0.0011	0.0000	0.0061	0.0096	0.0000	0.0000	0.0000	0.0000						
0	79	0.1690	4	2	2	0	1	0	0	0	0	Y	Y	N	N	N	N	N	N	N	N	N	N	0.0000	0.0000	0.0000	0.0000	0.0000	0.0000	0.0000	0.0000	0.0000	0.0000	0.0000	0.0000	0.0000	0.0000	0.0000	0.0004	0.0004	0.0004	0.0000	0.0000	0.0000	0.0004	0.0107	0.0004	2.0000	0.0000	-0.0000	1.0666	0.0001	7.9999	3.0180	0.0000	0.0000	0.0000	0.0000	0.0000	0.0000	0.0000	0.0000	0.0000	0.0000	0.0000	0.0000	0.0000	0.0000	0.0000	0.0000	0.0000	0.0000	0.0000	0.0000	0.0000	0.0000	0.0000	0.0000	0.0000	0.0000	0.0000	0.0835	0.0279	0.0556	0.0044	0.0027	0.0017	0.0791	0.0252	0.0538	0.0000	0.0000	0.0000	0.0000	0.0000	0.0000	0.0000	0.0000	0.0000	0.0004	0.0004	0.0004	0.0000	0.0000	0.0000	0.0004	0.0004	0.0004				
0	80	0.1910	6	1	2	0	1	0	0	0	0	N	Y	N	N	N	N	N	N	N	N	N	N	0.0000	0.0000	0.0000	0.0000	0.0000	0.0000	0.0000	0.0000	0.0000	0.0000	0.0000	0.0000	0.0000	0.0000	0.0000	0.0000	0.0000	0.0000	0.0000	0.0000	1.0666	0.0000	7.9999	0.0000	0.0000	0.0000	0.0000	0.0000	0.0000	0.0000	0.0000	0.0000	0.0000	0.0000	0.0000	0.0000	0.0000	0.0000	0.0000	0.0000	0.0000	0.0000	0.0000	0.0000	0.0000	0.0000	0.0000	0.0000	0.0000	0.0000	0.0000	0.0000	0.0000	0.0000	0.0000	0.0000	0.0000	0.0000	0.0000	0.0000	0.0000	0.0000	0.0000	0.0000	0.0000	0.0000	0.0000	0.0000	0.0000	0.0000	0.0000	0.0000	0.0000	0.0000	0.0000	0.0000	0.0000	0.0000											
0	81	0.1690	4	1	1	1	1	0	0	0	0	N	N	N	N	N	N	N	N	N	N	N	N	0.0000	0.0000	0.0000	0.0000	0.0000	0.0000	0.0000	0.0000	0.0000	0.0000	0.0000	0.0000	0.0000	0.0000	0.0000	0.0000	0.0000	0.0000	0.0000	0.0000	1.0666	2.0000	7.9999	0.0000	0.0000	0.0000	0.0000	0.0000	0.0000	0.0000	0.0000	0.0000	0.0000	0.0000	0.0000	0.0000	0.0000	0.0000	0.0000	0.0000	0.0000	0.0000	0.0589	0.0523	0.0067	0.0162	0.0154	0.0008	0.0427	0.0369	0.0059	0.0564	0.0188	0.0376	0.0029	0.0018	0.0012	0.0535	0.0170	0.0364	0.0000	0.0000	0.0000	0.0000	0.0000	0.0000	0.0000	0.0000	0.0000	0.0000	0.0000	0.0000	0.0000	0.0000	0.0000	0.0000	0.0000	0.0000											
0	82	0.1690	4	1	1	1	1	0	0	0	0	N	N	N	N	N	N	N	N	N	N	N	N	0.0000	0.0000	0.0000	0.0000	0.0000	0.0000	0.0000	0.0000	0.0000	0.0000	0.0000	0.0000	0.0000	9.2066	0.0000	13.8389	0.0000	0.0000	0.0000	9.7228	0.0000	14.2882	inf	0.0000	0.2511	1.0666	0.0000	7.9999	4.0000	0.0000	0.0000	0.0000	0.0000	0.0000	0.0000	0.0000	0.0000	0.0000	1.0000	0.0000	1.0000	0.0000	0.0000	0.0000	1.0000	0.0000	1.0000	0.0000	0.0000	0.0000	0.0000	0.0000	0.0000	0.0000	0.0000	0.0000	0.1086	0.0364	0.0723	0.0058	0.0035	0.0023	0.1029	0.0329	0.0700	0.0000	0.0000	0.0000	0.0000	0.0000	0.0000	0.0000	0.0000	0.0000	9.2066	0.0000	13.8389	0.0000	0.0000	0.0000	9.7228	0.0000	14.2882						
0	83	0.1910	6	1	1	1	1	0	0	0	0	N	N	N	N	N	N	N	N	N	N	N	N	0.0000	0.0000	0.0000	0.0000	0.0000	0.0000	0.0000	0.0000	0.0000	0.0000	0.0000	0.0000	0.0000	17.8514	54.4299	0.0000	0.0000	0.0000	0.0000	18.7031	58.6621	0.0000	0.0000	0.0000	-0.7489	1.0666	0.0000	7.9999	2.0000	0.0000	0.0000	0.0000	0.0000	0.0000	0.0000	0.0000	0.0000	0.0000	1.0000	1.0000	0.0000	0.0000	0.0000	0.0000	1.0000	1.0000	0.0000	0.0000	0.0000	0.0000	0.0000	0.0000	0.0000	0.0000	0.0000	0.0000	0.0560	0.0184	0.0376	0.0026	0.0013	0.0012	0.0535	0.0170	0.0364	0.0000	0.0000	0.0000	0.0000	0.0000	0.0000	0.0000	0.0000	0.0000	17.8514	54.4299	0.0000	0.0000	0.0000	0.0000	18.7031	58.6621	0.0000						
0	84	0.1837	5	1	1	0	1	0	0	0	0	N	N	N	N	N	N	N	N	N	N	N	N	0.0000	0.0000	0.0000	0.0000	0.0000	0.0000	0.0000	0.0000	0.0000	0.0000	0.0000	0.0000	0.0000	0.0000	0.0000	0.0000	0.0000	0.0000	0.0000	0.0000	1.0666	1.0000	7.9999	0.0015	0.0000	0.0000	0.0000	0.0000	0.0000	0.0000	0.0000	0.0000	0.0000	0.0000	0.0000	0.0000	0.0000	0.0000	0.0000	0.0000	0.0000	0.0000	0.0301	0.0267	0.0034	0.0084	0.0079	0.0004	0.0218	0.0188	0.0030	0.0290	0.0096	0.0194	0.0016	0.0009	0.0007	0.0274	0.0087	0.0188	0.0000	0.0000	0.0000	0.0000	0.0000	0.0000	0.0000	0.0000	0.0000	0.0000	0.0000	0.0000	0.0000	0.0000	0.0000	0.0000	0.0000	0.0000											
0	85	0.1690	4	1	1	0	1	0	0	0	0	N	N	N	N	N	N	N	N	N	N	N	N	0.0000	0.0000	0.0000	0.0000	0.0000	0.0000	0.0000	0.0000	0.0000	0.0000	0.0000	0.0000	0.0000	0.0000	0.0000	0.0000	0.0000	0.0000	0.0000	0.0000	1.0666	0.0000	7.9999	2.0013	0.0000	0.0000	0.0000	0.0000	0.0000	0.0000	0.0000	0.0000	0.0000	0.0000	0.0000	0.0000	0.0000	0.0000	0.0000	0.0000	0.0000	0.0000	0.0000	0.0000	0.0000	0.0000	0.0000	0.0000	0.0000	0.0000	0.0000	0.0564	0.0188	0.0376	0.0029	0.0018	0.0012	0.0535	0.0171	0.0364	0.0000	0.0000	0.0000	0.0000	0.0000	0.0000	0.0000	0.0000	0.0000	0.0000	0.0000	0.0000	0.0000	0.0000	0.0000	0.0000	0.0000	0.0000											
0	86	0.2089	4	2	2	0	0	0	0	0	0	Y	Y	N	N	N	N	N	N	N	N	N	N	360.3826	195.4683	158.9228	188.2114	inf	inf	0.2318	0.2730	0.0000	0.3507	0.4349	0.0000	0.0403	0.0439	0.0000	0.0006	0.0014	0.0000	0.0022	0.0023	0.0000	0.0000	0.0000	0.0000	0.0000	0.0000	-0.0000	-0.0000	1.0666	0.0007	7.9999	0.9812	0.0000	0.0000	0.0000	0.0000	0.0000	0.0000	0.0000	0.0000	0.0000	0.0000	0.0000	0.0000	0.0000	0.0000	0.0000	0.0000	0.0000	0.0000	0.0001	0.0001	0.0000	0.0001	0.0000	0.0000	0.0000	0.0000	0.0000	0.0466	0.0215	0.0252	0.0136	0.0130	0.0006	0.0330	0.0085	0.0246	360.3826	195.4683	0.0000	158.9228	188.2114	0.0000	inf	inf	0.0000	0.0006	0.0014	0.0000	0.0022	0.0023	0.0000	0.0000	0.0000	0.0000			
0	87	0.1530	3	2	2	0	0	0	0	0	0	Y	Y	N	N	N	N	N	N	N	N	N	N	89.6818	35.3784	0.1536	18.2520	12.4308	inf	153.6493	5.8280	0.1296	0.4269	0.4889	0.0000	1.3637	1.4430	0.0000	0.0269	0.0319	0.0000	0.0048	0.0138	0.0002	0.0747	0.1161	0.0000	0.0002	0.0055	0.0002	0.0000	0.0235	-0.0130	-0.0006	1.0666	5.0272	7.9999	2.1572	0.0658	0.0658	0.0000	0.0629	0.0629	0.0000	0.0029	0.0029	0.0000	0.0009	0.0008	0.0000	0.0008	0.0008	0.0000	0.0000	0.0000	0.0000	0.1540	0.1345	0.0195	0.0461	0.0436	0.0025	0.1079	0.0909	0.0170	0.1827	0.0615	0.1212	0.0112	0.0072	0.0040	0.1715	0.0543	0.1172	89.6818	35.3784	0.1536	18.2520	12.4308	inf	153.6493	173.1612	0.1296	0.0048	0.0138	0.0002	0.0747	0.1161	0.0000	0.0002	0.0002	0.0002
0	88	0.2063	5	1	2	0	0	0	0	0	0	N	Y	N	N	N	N	N	N	N	N	N	N	0.0000	0.0000	0.0000	0.0000	0.0000	0.0000	0.0000	0.0000	0.0000	0.0000	0.0000	0.0000	0.0000	0.0000	0.0000	0.0000	0.0000	0.0000	0.0000	0.0000	1.0666	0.0000	7.9999	4.0000	0.0000	0.0000	0.0000	0.0000	0.0000	0.0000	0.0000	0.0000	0.0000	0.0000	0.0000	0.0000	0.0000	0.0000	0.0000	0.0000	0.0000	0.0000	0.0000	0.0000	0.0000	0.0000	0.0000	0.0000	0.0000	0.0000	0.0000	0.1090	0.0372	0.0719	0.0079	0.0053	0.0026	0.1011	0.0318	0.0693	0.0000	0.0000	0.0000	0.0000	0.0000	0.0000	0.0000	0.0000	0.0000	0.0000	0.0000	0.0000	0.0000	0.0000	0.0000	0.0000	0.0000	0.0000											
0	89	0.1690	4	1	2	0	0	0	0	0	0	N	Y	N	N	N	N	N	N	N	N	N	N	0.0000	0.0000	0.0000	0.0000	0.0000	0.0000	0.0000	0.0000	0.0000	0.0000	0.0000	0.0000	0.0000	0.0000	0.0000	0.0000	0.0000	0.0000	0.0000	0.0000	1.0666	3.0000	7.9999	2.0000	0.0000	0.0000	0.0000	0.0000	0.0000	0.0000	0.0000	0.0000	0.0000	0.0000	0.0000	0.0000	0.0000	0.0000	0.0000	0.0000	0.0000	0.0000	0.0865	0.0768	0.0097	0.0236	0.0224	0.0011	0.0629	0.0544	0.0086	0.1333	0.0447	0.0886	0.0071	0.0043	0.0028	0.1261	0.0403	0.0858	0.0000	0.0000	0.0000	0.0000	0.0000	0.0000	0.0000	0.0000	0.0000	0.0000	0.0000	0.0000	0.0000	0.0000	0.0000	0.0000	0.0000	0.0000											
0	90	0.1690	4	2	2	0	0	0	0	0	0	Y	Y	N	N	N	N	N	N	N	N	N	N	0.0000	0.0000	0.0000	0.0000	0.0000	0.0000	0.0000	0.0000	0.0000	0.0000	0.0000	0.0000	0.0000	0.0000	0.0000	0.0000	0.0000	0.0000	0.0000	0.0000	1.0666	2.0000	7.9999	3.0000	0.0000	0.0000	0.0000	0.0000	0.0000	0.0000	0.0000	0.0000	0.0000	0.0000	0.0000	0.0000	0.0000	0.0000	0.0000	0.0000	0.0000	0.0000	0.0589	0.0523	0.0067	0.0162	0.0154	0.0008	0.0427	0.0369	0.0059	0.1333	0.0447	0.0886	0.0071	0.0043	0.0028	0.1261	0.0403	0.0858	0.0000	0.0000	0.0000	0.0000	0.0000	0.0000	0.0000	0.0000	0.0000	0.0000	0.0000	0.0000	0.0000	0.0000	0.0000	0.0000	0.0000	0.0000											
0	91	0.1530	3	1	1	0	0	0	0	0	0	N	N	N	N	N	N	N	N	N	N	N	N	3.5763	0.0226	inf	0.1935	0.0092	inf	inf	inf	0.0495	0.0009	0.3178	0.0366	0.0024	0.5555	0.0562	0.0000	0.2799	0.0138	0.0401	0.0000	0.1892	0.2610	0.0000	0.0000	0.0000	0.0000	63.4349	0.0000	0.0030	-0.0006	1.0666	2.0705	7.9999	0.0351	0.0039	0.0001	0.0038	0.0010	0.0001	0.0009	0.0029	0.0000	0.0029	0.0008	0.0008	0.0000	0.0008	0.0008	0.0000	0.0000	0.0000	0.0000	0.0781	0.0661	0.0120	0.0267	0.0250	0.0016	0.0515	0.0411	0.0103	0.0607	0.0209	0.0398	0.0044	0.0032	0.0012	0.0563	0.0177	0.0385	3.5763	0.0226	inf	0.1935	0.0092	inf	inf	0.0000	inf	0.0138	0.0401	0.0000	0.1892	0.2610	0.0000	0.0000	0.0000	0.0000	
0	92	0.1276	2	1	1	0	0	0	0	0	0	N	N	N	N	N	N	N	N	N	N	N	N	0.1666	0.0351	25.3471	0.0245	0.0213	14.5754	6.7599	0.0085	27.9809	0.0579	0.0292	0.2435	0.0617	0.0637	0.0183	0.0554	0.0018	0.2786	0.3476	0.8316	0.0096	2.5136	2.9889	0.0013	0.0082	0.2141	0.0100	1.2921	0.0165	0.0031	-0.0293	1.0666	3.4249	7.9999	0.1413	0.0086	0.0037	0.0048	0.0037	0.0036	0.0000	0.0049	0.0001	0.0048	0.0400	0.0393	0.0007	0.0392	0.0392	0.0000	0.0008	0.0002	0.0006	0.1478	0.1280	0.0198	0.0593	0.0566	0.0027	0.0885	0.0714	0.0171	0.1151	0.0473	0.0677	0.0156	0.0131	0.0025	0.0995	0.0342	0.0653	0.1666	0.0351	25.3471	0.0245	0.0213	46.1425	6.7599	0.3748	27.9809	0.3476	0.8316	0.0096	2.5136	2.9889	0.0004	0.0082	0.0048	0.0100
0	98	0.2645	7	1	1	0	0	0	0	0	0	N	N	N	N	N	N	N	N	N	N	N	N	3.4708	2.8191	0.0000	0.1216	0.1282	0.0000	36.1909	inf	0.0000	0.1651	0.1851	0.0000	0.0135	0.0151	0.0000	0.3397	0.3804	0.0000	0.0476	0.0657	0.0239	0.1110	0.1181	0.7140	0.0094	0.0000	0.0157	0.0000	0.2794	-0.0085	-0.0099	1.0666	4.9999	7.9999	9.0821	0.0431	0.0431	0.0000	0.0019	0.0019	0.0000	0.0412	0.0412	0.0000	0.0186	0.0145	0.0041	0.0163	0.0145	0.0018	0.0023	0.0000	0.0023	0.2610	0.2327	0.0282	0.1397	0.1244	0.0152	0.1213	0.1083	0.0130	0.3909	0.2213	0.1696	0.1469	0.1230	0.0238	0.2440	0.0983	0.1457	3.4708	2.8191	0.0000	0.1216	0.1282	0.0000	36.1909	inf	0.0000	0.0476	0.0657	0.0239	0.1110	0.1181	0.0742	0.0094	0.0000	0.0157
1	3	0.0558	2	0	1	1	1	0	0	0	0	N	N	N	N	N	N	N	N	N	N	N	N	0.1166	0.0406	0.0095	0.0103	inf	inf	0.1724	0.1975	0.0000	0.2136	0.2381	0.0000	0.1400	0.1640	0.0000	1.4782	4.8654	0.0000	22.4752	23.1261	0.0000	0.0000	0.0000	0.0000	0.0000	0.0000	-0.0129	-0.1079	2.0666	4.5862	3.0001	2.3929	0.0652	0.0652	0.0000	0.0356	0.0356	0.0000	0.0297	0.0297	0.0000	0.1441	0.1441	0.0000	0.1441	0.1441	0.0000	0.0000	0.0000	0.0000	0.3785	0.3303	0.0482	0.1665	0.1494	0.0171	0.2120	0.1809	0.0311	0.0975	0.0296	0.0679	0.0064	0.0062	0.0002	0.0911	0.0234	0.0677	0.1166	0.0406	0.0000	0.0095	0.0103	0.0000	inf	inf	0.0000	1.4782	4.8654	0.0000	22.4752	23.1261	0.0000	0.0000	0.0000	0.0000			
1	5	0.1063	3	1	1	1	1	0	0	0	0	N	N	N	N	N	N	N	N	N	N	N	N	0.0000	0.0000	0.0000	0.0000	0.0000	0.0000	0.0000	0.0000	0.0000	0.0000	0.0000	0.0000	0.0000	0.0000	0.0000	0.0000	0.0000	0.0000	0.0000	0.0000	2.0666	0.0000	3.0001	3.0000	0.0000	0.0000	0.0000	0.0000	0.0000	0.0000	0.0000	0.0000	0.0000	0.0000	0.0000	0.0000	0.0000	0.0000	0.0000	0.0000	0.0000	0.0000	0.0000	0.0000	0.0000	0.0000	0.0000	0.0000	0.0000	0.0000	0.0000	0.0360	0.0120	0.0240	0.0055	0.0037	0.0019	0.0305	0.0083	0.0221	0.0000	0.0000	0.0000	0.0000	0.0000	0.0000	0.0000	0.0000	0.0000	0.0000	0.0000	0.0000	0.0000	0.0000	0.0000	0.0000	0.0000	0.0000											
1	6	0.1063	3	1	0	2	1	0	0	0	0	N	N	Y	N	N	N	N	N	N	N	N	N	0.0000	0.0000	0.0000	0.0000	0.0000	0.0000	0.0000	0.0000	0.0000	0.0000	0.0000	0.0000	0.0000	0.0000	0.0000	0.0000	0.0000	0.0000	0.0000	0.0000	2.0666	2.0000	3.0001	4.0000	0.0000	0.0000	0.0000	0.0000	0.0000	0.0000	0.0000	0.0000	0.0000	0.0000	0.0000	0.0000	0.0000	0.0000	0.0000	0.0000	0.0000	0.0000	0.0854	0.0761	0.0093	0.0285	0.0272	0.0013	0.0569	0.0489	0.0080	0.0686	0.0229	0.0457	0.0105	0.0069	0.0036	0.0581	0.0160	0.0421	0.0000	0.0000	0.0000	0.0000	0.0000	0.0000	0.0000	0.0000	0.0000	0.0000	0.0000	0.0000	0.0000	0.0000	0.0000	0.0000	0.0000	0.0000											
1	7	0.1594	5	1	1	1	2	0	0	0	0	N	N	N	Y	N	N	N	N	N	N	N	N	0.0000	0.0000	0.0000	0.0000	0.0000	0.0000	0.0000	0.0000	0.0000	0.0000	0.0000	0.0000	0.0000	0.0000	0.0000	0.0000	0.0000	0.0000	0.0000	0.0000	2.0666	0.0001	3.0001	0.9907	0.0000	0.0000	0.0000	0.0000	0.0000	0.0000	0.0000	0.0000	0.0000	0.0000	0.0000	0.0000	0.0000	0.0000	0.0000	0.0000	0.0000	0.0000	0.0000	0.0000	0.0000	0.0000	0.0000	0.0000	0.0000	0.0000	0.0000	0.0174	0.0059	0.0116	0.0010	0.0007	0.0004	0.0164	0.0052	0.0112	0.0000	0.0000	0.0000	0.0000	0.0000	0.0000	0.0000	0.0000	0.0000	0.0000	0.0000	0.0000	0.0000	0.0000	0.0000	0.0000	0.0000	0.0000											
1	8	0.1063	3	1	0	2	1	0	0	0	0	N	N	Y	N	N	N	N	N	N	N	N	N	0.0000	0.0000	0.0000	0.0000	0.0000	0.0000	0.0000	0.0000	0.0000	0.0000	0.0000	0.0000	0.0000	0.0000	0.0000	0.0000	0.0000	0.0000	0.0000	0.0000	2.0666	1.0000	3.0001	2.0000	0.0000	0.0000	0.0000	0.0000	0.0000	0.0000	0.0000	0.0000	0.0000	0.0000	0.0000	0.0000	0.0000	0.0000	0.0000	0.0000	0.0000	0.0000	0.0434	0.0386	0.0047	0.0146	0.0139	0.0006	0.0288	0.0247	0.0041	0.0360	0.0120	0.0240	0.0055	0.0037	0.0019	0.0305	0.0083	0.0221	0.0000	0.0000	0.0000	0.0000	0.0000	0.0000	0.0000	0.0000	0.0000	0.0000	0.0000	0.0000	0.0000	0.0000	0.0000	0.0000	0.0000	0.0000											
1	9	0.2111	6	0	0	2	1	0	0	0	0	N	N	Y	N	N	N	N	N	N	N	N	N	607.0825	291.9504	252.6654	195.0148	2.6164	2.8434	0.0000	4.0647	4.2159	0.0000	0.0000	0.0000	0.0000	0.0043	0.0097	0.0000	0.0161	0.0216	0.0000	0.0000	0.0000	0.0000	0.0000	0.0000	-0.0003	-0.0001	2.0666	0.0035	3.0001	1.9666	0.0018	0.0018	0.0000	0.0018	0.0018	0.0000	0.0000	0.0000	0.0000	0.0001	0.0001	0.0000	0.0001	0.0001	0.0000	0.0000	0.0000	0.0000	0.0007	0.0006	0.0001	0.0004	0.0004	0.0000	0.0002	0.0002	0.0000	0.0209	0.0092	0.0116	0.0056	0.0042	0.0014	0.0153	0.0051	0.0102	607.0825	291.9504	0.0000	252.6654	195.0148	0.0000	0.0000	0.0000	0.0000	0.0043	0.0097	0.0000	0.0161	0.0216	0.0000	0.0000	0.0000	0.0000					
1	10	0.0798	3	0	0	2	1	0	0	0	0	N	N	Y	N	N	N	N	N	N	N	N	N	0.4492	7469.8825	0.0000	258.3239	1706.5113	0.0000	0.5608	inf	0.0000	3.8179	4.4214	0.0000	2.1608	2.4059	0.0000	5.6013	6.7794	0.0000	8.5001	0.0006	13.1016	0.0084	0.0014	8.8263	9.9883	0.0000	13.1337	0.0000	40886.0001	-0.1872	0.2053	2.0666	1.9652	3.0001	3.8608	0.9462	0.9462	0.0000	0.2776	0.2776	0.0000	0.6686	0.6686	0.0000	0.8177	0.0000	0.8177	0.0001	0.0000	0.0001	0.8176	0.0000	0.8176	0.2478	0.2140	0.0338	0.1285	0.1154	0.0131	0.1194	0.0986	0.0207	0.0962	0.0338	0.0624	0.0143	0.0142	0.0002	0.0819	0.0196	0.0623	0.4492	7469.8825	0.0000	258.3239	1706.5113	0.0000	0.5608	inf	0.0000	8.5001	0.0006	13.1016	0.0084	0.0014	0.6246	9.9883	0.0000	13.1337
1	11	0.1063	3	1	1	1	1	0	0	0	0	N	N	N	N	N	N	N	N	N	N	N	N	0.0000	0.0000	0.0000	0.0000	0.0000	0.0000	0.0000	0.0000	0.0000	0.0000	0.0000	0.0000	0.0000	0.0000	0.0000	0.0000	0.0000	0.0000	0.0000	0.0000	2.0666	1.0000	3.0001	8.0000	0.0000	0.0000	0.0000	0.0000	0.0000	0.0000	0.0000	0.0000	0.0000	0.0000	0.0000	0.0000	0.0000	0.0000	0.0000	0.0000	0.0000	0.0000	0.0434	0.0386	0.0047	0.0146	0.0139	0.0006	0.0288	0.0247	0.0041	0.0982	0.0328	0.0654	0.0150	0.0096	0.0054	0.0833	0.0232	0.0601	0.0000	0.0000	0.0000	0.0000	0.0000	0.0000	0.0000	0.0000	0.0000	0.0000	0.0000	0.0000	0.0000	0.0000	0.0000	0.0000	0.0000	0.0000											
1	12	0.1372	4	0	0	2	2	0	0	0	0	N	N	Y	Y	N	N	N	N	N	N	N	N	0.0000	0.0000	0.0000	0.0000	0.0000	0.0000	0.0000	0.0000	0.0000	0.0000	0.0000	0.0000	0.0000	0.0000	0.0000	0.0000	0.0000	0.0000	0.0000	0.0000	2.0666	0.0000	3.0001	1.0000	0.0000	0.0000	0.0000	0.0000	0.0000	0.0000	0.0000	0.0000	0.0000	0.0000	0.0000	0.0000	0.0000	0.0000	0.0000	0.0000	0.0000	0.0000	0.0000	0.0000	0.0000	0.0000	0.0000	0.0000	0.0000	0.0000	0.0000	0.0174	0.0058	0.0116	0.0009	0.0005	0.0003	0.0165	0.0052	0.0113	0.0000	0.0000	0.0000	0.0000	0.0000	0.0000	0.0000	0.0000	0.0000	0.0000	0.0000	0.0000	0.0000	0.0000	0.0000	0.0000	0.0000	0.0000											
1	13	0.1063	3	0	1	1	1	0	0	0	0	N	N	N	N	N	N	N	N	N	N	N	N	0.0000	0.0000	0.0000	0.0000	0.0000	0.0000	0.0000	0.0000	0.0000	0.0000	0.0000	0.0000	0.0000	0.0000	0.0000	0.0000	0.0000	0.0000	0.0000	0.0000	2.0666	1.0000	3.0001	1.0000	0.0000	0.0000	0.0000	0.0000	0.0000	0.0000	0.0000	0.0000	0.0000	0.0000	0.0000	0.0000	0.0000	0.0000	0.0000	0.0000	0.0000	0.0000	0.0434	0.0386	0.0047	0.0146	0.0139	0.0006	0.0288	0.0247	0.0041	0.0244	0.0081	0.0163	0.0038	0.0025	0.0012	0.0206	0.0056	0.0150	0.0000	0.0000	0.0000	0.0000	0.0000	0.0000	0.0000	0.0000	0.0000	0.0000	0.0000	0.0000	0.0000	0.0000	0.0000	0.0000	0.0000	0.0000											
1	14	0.1519	5	0	0	1	2	0	0	0	0	N	N	N	Y	N	N	N	N	N	N	N	N	0.0000	0.0000	0.0000	0.0000	0.0000	0.0000	0.0000	0.0000	0.0000	0.0000	0.0000	0.0000	0.0000	0.0000	0.0000	0.0000	0.0000	0.0000	0.0000	0.0000	2.0666	1.0000	3.0001	0.9994	0.0000	0.0000	0.0000	0.0000	0.0000	0.0000	0.0000	0.0000	0.0000	0.0000	0.0000	0.0000	0.0000	0.0000	0.0000	0.0000	0.0000	0.0000	0.0532	0.0470	0.0061	0.0138	0.0130	0.0008	0.0394	0.0340	0.0054	0.0342	0.0113	0.0229	0.0018	0.0010	0.0008	0.0324	0.0102	0.0221	0.0000	0.0000	0.0000	0.0000	0.0000	0.0000	0.0000	0.0000	0.0000	0.0000	0.0000	0.0000	0.0000	0.0000	0.0000	0.0000	0.0000	0.0000											
1	15	0.1063	3	0	1	1	1	0	0	0	0	N	N	N	N	N	N	N	N	N	N	N	N	0.0000	0.0000	0.0000	0.0000	0.0000	0.0000	0.0000	0.0000	0.0000	0.0000	0.0000	0.0000	0.0000	0.0000	0.0000	0.0000	0.0000	0.0000	0.0000	0.0000	2.0666	0.0000	3.0001	2.0000	0.0000	0.0000	0.0000	0.0000	0.0000	0.0000	0.0000	0.0000	0.0000	0.0000	0.0000	0.0000	0.0000	0.0000	0.0000	0.0000	0.0000	0.0000	0.0000	0.0000	0.0000	0.0000	0.0000	0.0000	0.0000	0.0000	0.0000	0.0244	0.0081	0.0163	0.0038	0.0025	0.0012	0.0206	0.0056	0.0150	0.0000	0.0000	0.0000	0.0000	0.0000	0.0000	0.0000	0.0000	0.0000	0.0000	0.0000	0.0000	0.0000	0.0000	0.0000	0.0000	0.0000	0.0000											
1	16	0.1519	5	0	1	1	2	0	0	0	0	N	N	N	Y	N	N	N	N	N	N	N	N	0.0000	0.0000	0.0000	0.0000	0.0000	0.0000	0.0000	0.0000	0.0000	0.0000	0.0000	0.0000	0.0000	0.0000	0.0000	0.0000	0.0000	0.0000	0.0000	0.0000	2.0666	2.0000	3.0001	2.0010	0.0000	0.0000	0.0000	0.0000	0.0000	0.0000	0.0000	0.0000	0.0000	0.0000	0.0000	0.0000	0.0000	0.0000	0.0000	0.0000	0.0000	0.0000	0.1040	0.0921	0.0119	0.0267	0.0252	0.0015	0.0773	0.0668	0.0104	0.0656	0.0216	0.0439	0.0034	0.0019	0.0015	0.0622	0.0197	0.0424	0.0000	0.0000	0.0000	0.0000	0.0000	0.0000	0.0000	0.0000	0.0000	0.0000	0.0000	0.0000	0.0000	0.0000	0.0000	0.0000	0.0000	0.0000											
1	17	0.1212	4	1	1	1	1	0	0	0	0	N	N	N	N	N	N	N	N	N	N	N	N	0.8321	0.3815	0.4746	0.4041	inf	inf	0.3818	0.4176	0.0000	0.8958	0.9340	0.0000	0.0070	0.0080	0.0000	0.4588	1.0945	0.0000	1.8875	2.3116	0.0000	0.0000	0.0000	0.0000	0.0000	0.0000	-0.0000	-0.0052	2.0666	0.0017	3.0001	0.9948	0.0001	0.0001	0.0000	0.0001	0.0001	0.0000	0.0000	0.0000	0.0000	0.0069	0.0069	0.0000	0.0069	0.0069	0.0000	0.0000	0.0000	0.0000	0.0002	0.0002	0.0000	0.0001	0.0001	0.0000	0.0001	0.0001	0.0000	0.0150	0.0063	0.0087	0.0037	0.0030	0.0007	0.0114	0.0033	0.0081	0.8321	0.3815	0.0000	0.4746	0.4041	0.0000	inf	inf	0.0000	0.4588	1.0945	0.0000	1.8875	2.3116	0.0000	0.0000	0.0000	0.0000			
1	18	0.1745	5	0	1	1	1	0	0	0	0	N	N	N	N	N	N	N	N	N	N	N	N	0.0000	0.0000	0.0000	0.0000	0.0000	0.0000	0.0000	0.0000	0.0000	0.0000	0.0000	0.0000	0.0000	0.0000	0.0000	0.0000	0.0000	0.0000	0.0000	0.0000	2.0666	0.0000	3.0001	0.0000	0.0000	0.0000	0.0000	0.0000	0.0000	0.0000	0.0000	0.0000	0.0000	0.0000	0.0000	0.0000	0.0000	0.0000	0.0000	0.0000	0.0000	0.0000	0.0000	0.0000	0.0000	0.0000	0.0000	0.0000	0.0000	0.0000	0.0000	0.0000	0.0000	0.0000	0.0000	0.0000	0.0000	0.0000	0.0000	0.0000	0.0000	0.0000	0.0000	0.0000	0.0000	0.0000	0.0000	0.0000	0.0000	0.0000	0.0000	0.0000	0.0000	0.0000	0.0000	0.0000	0.0000	0.0000											
1	20	0.1279	4	1	0	2	1	0	0	0	0	N	N	Y	N	N	N	N	N	N	N	N	N	inf	inf	inf	inf	0.0370	0.0416	0.0000	0.1401	0.1463	0.0000	0.0000	0.0000	0.0000	0.0000	0.0000	0.0000	0.0000	0.0000	0.0000	0.0000	0.0000	0.0000	0.0000	-0.0004	0.0000	2.0666	0.9718	3.0001	0.9404	0.0018	0.0018	0.0000	0.0018	0.0018	0.0000	0.0000	0.0000	0.0000	0.0000	0.0000	0.0000	0.0000	0.0000	0.0000	0.0000	0.0000	0.0000	0.0484	0.0431	0.0053	0.0128	0.0122	0.0005	0.0356	0.0308	0.0048	0.0338	0.0128	0.0210	0.0082	0.0070	0.0012	0.0255	0.0058	0.0198	inf	inf	0.0000	inf	inf	0.0000	0.0000	0.0000	0.0000	0.0000	0.0000	0.0000	0.0000	0.0000	0.0000	0.0000	0.0000	0.0000						
1	21	0.2034	5	0	1	1	1	0	0	0	0	N	N	N	N	N	N	N	N	N	N	N	N	inf	inf	inf	inf	0.0010	0.0011	0.0000	0.0022	0.0024	0.0000	0.0000	0.0000	0.0000	0.0000	0.0000	0.0000	0.0000	0.0000	0.0000	0.0000	0.0000	0.0000	0.0000	-0.0000	0.0000	2.0666	0.9958	3.0001	0.0079	0.0001	0.0001	0.0000	0.0001	0.0001	0.0000	0.0000	0.0000	0.0000	0.0000	0.0000	0.0000	0.0000	0.0000	0.0000	0.0000	0.0000	0.0000	0.0702	0.0630	0.0072	0.0312	0.0288	0.0024	0.0390	0.0342	0.0048	0.0111	0.0049	0.0061	0.0030	0.0023	0.0007	0.0081	0.0027	0.0054	inf	inf	0.0000	inf	inf	0.0000	0.0000	0.0000	0.0000	0.0000	0.0000	0.0000	0.0000	0.0000	0.0000	0.0000	0.0000	0.0000						
1	22	0.1598	5	0	1	1	1	0	0	0	0	N	N	N	N	N	N	N	N	N	N	N	N	136.9161	2.0513	inf	3.1154	2.6414	inf	inf	inf	0.2706	0.0093	2.5401	0.0231	0.0245	0.0038	0.4118	0.0000	3.2852	0.0020	0.0045	0.0000	0.0074	0.0093	0.0000	0.0000	0.0000	0.0000	31.5284	0.0000	0.0527	-0.0002	2.0666	4.0220	3.0001	5.3698	0.0683	0.0021	0.0662	0.0021	0.0021	0.0000	0.0662	0.0000	0.0662	0.0002	0.0002	0.0000	0.0002	0.0002	0.0000	0.0000	0.0000	0.0000	0.2525	0.2264	0.0261	0.0917	0.0858	0.0059	0.1607	0.1406	0.0201	0.1215	0.0531	0.0684	0.0323	0.0259	0.0064	0.0891	0.0272	0.0620	136.9161	2.0513	inf	3.1154	2.6414	inf	inf	0.0000	inf	0.0020	0.0045	0.0000	0.0074	0.0093	0.0000	0.0000	0.0000	0.0000	
1	23	0.1063	3	1	1	1	1	0	0	0	0	N	N	N	N	N	N	N	N	N	N	N	N	0.0000	0.0000	0.0000	0.0000	0.0000	0.0000	0.0000	0.0000	0.0000	0.0000	0.0000	0.0000	0.0000	0.0000	0.0000	0.0000	0.0000	0.0000	0.0000	0.0000	2.0666	0.0000	3.0001	3.0000	0.0000	0.0000	0.0000	0.0000	0.0000	0.0000	0.0000	0.0000	0.0000	0.0000	0.0000	0.0000	0.0000	0.0000	0.0000	0.0000	0.0000	0.0000	0.0000	0.0000	0.0000	0.0000	0.0000	0.0000	0.0000	0.0000	0.0000	0.0360	0.0120	0.0240	0.0055	0.0037	0.0019	0.0305	0.0083	0.0221	0.0000	0.0000	0.0000	0.0000	0.0000	0.0000	0.0000	0.0000	0.0000	0.0000	0.0000	0.0000	0.0000	0.0000	0.0000	0.0000	0.0000	0.0000											
1	24	0.2265	7	0	1	1	1	0	0	0	0	N	N	N	N	N	N	N	N	N	N	N	N	0.0064	0.0000	inf	0.0000	0.0000	0.0171	0.0000	inf	0.6004	0.0000	9.3277	0.0000	0.0000	0.0000	2.2219	0.0000	17.3320	94.3379	205.2891	0.0000	0.0313	0.0419	0.0000	129.9260	370.2681	0.0000	inf	0.0000	0.0002	-0.7406	2.0666	0.0018	3.0001	0.9893	0.0002	0.0000	0.0002	0.0000	0.0000	0.0000	0.0002	0.0000	0.0002	0.9888	0.9888	0.0000	0.0001	0.0001	0.0000	0.9887	0.9887	0.0000	0.0003	0.0003	0.0000	0.0002	0.0002	0.0000	0.0001	0.0001	0.0000	0.0105	0.0048	0.0057	0.0029	0.0021	0.0007	0.0076	0.0027	0.0049	0.0064	0.0000	inf	0.0000	0.0000	0.0000	0.0171	0.0000	inf	94.3379	205.2891	0.0000	0.0313	0.0419	0.0000	129.9260	370.2681	0.0000	
1	26	0.1063	3	0	1	1	1	0	0	0	0	N	N	N	N	N	N	N	N	N	N	N	N	0.0000	0.0000	0.0000	0.0000	0.0000	0.0000	0.0000	0.0000	0.0000	0.0000	0.0000	0.0000	0.0000	0.0015	0.0046	0.0000	0.0101	0.0154	0.0000	0.0000	0.0000	0.0000	0.0000	0.0000	-0.0001	2.0666	1.0000	3.0001	4.0000	0.0000	0.0000	0.0000	0.0000	0.0000	0.0000	0.0000	0.0000	0.0000	0.0001	0.0001	0.0000	0.0001	0.0001	0.0000	0.0000	0.0000	0.0000	0.0434	0.0386	0.0047	0.0146	0.0139	0.0006	0.0288	0.0247	0.0041	0.0581	0.0194	0.0387	0.0089	0.0059	0.0031	0.0492	0.0135	0.0357	0.0000	0.0000	0.0000	0.0000	0.0000	0.0000	0.0000	0.0000	0.0000	0.0015	0.0046	0.0000	0.0101	0.0154	0.0000	0.0000	0.0000	0.0000						
1	27	0.1063	3	0	1	1	1	0	0	0	0	N	N	N	N	N	N	N	N	N	N	N	N	0.0000	0.0000	0.0000	0.0000	0.0000	0.0000	0.0000	0.0000	0.0000	0.0000	0.0000	0.0000	0.0000	0.0000	0.0000	0.0000	0.0000	0.0000	0.0000	0.0000	2.0666	1.0000	3.0001	2.0000	0.0000	0.0000	0.0000	0.0000	0.0000	0.0000	0.0000	0.0000	0.0000	0.0000	0.0000	0.0000	0.0000	0.0000	0.0000	0.0000	0.0000	0.0000	0.0434	0.0386	0.0047	0.0146	0.0139	0.0006	0.0288	0.0247	0.0041	0.0360	0.0120	0.0240	0.0055	0.0037	0.0019	0.0305	0.0083	0.0221	0.0000	0.0000	0.0000	0.0000	0.0000	0.0000	0.0000	0.0000	0.0000	0.0000	0.0000	0.0000	0.0000	0.0000	0.0000	0.0000	0.0000	0.0000											
1	29	0.0837	3	0	1	1	1	0	0	0	0	N	N	N	N	N	N	N	N	N	N	N	N	0.0000	0.0000	0.0000	0.0000	0.0000	0.0000	0.0000	0.0000	0.0000	0.0000	0.0000	0.0000	0.0000	0.0006	0.0019	0.0000	0.0041	0.0059	0.0000	0.0000	0.0000	0.0000	0.0000	0.0000	-0.0001	2.0666	7.9836	3.0001	2.1583	0.0000	0.0000	0.0000	0.0000	0.0000	0.0000	0.0000	0.0000	0.0000	0.0001	0.0001	0.0000	0.0001	0.0001	0.0000	0.0000	0.0000	0.0000	0.4265	0.3814	0.0451	0.1353	0.1257	0.0096	0.2912	0.2557	0.0355	0.1252	0.0430	0.0822	0.0197	0.0136	0.0060	0.1055	0.0294	0.0761	0.0000	0.0000	0.0000	0.0000	0.0000	0.0000	0.0000	0.0000	0.0000	0.0006	0.0019	0.0000	0.0041	0.0059	0.0000	0.0000	0.0000	0.0000						
1	33	0.1242	4	1	0	2	1	0	0	0	0	N	N	Y	N	N	N	N	N	N	N	N	N	0.0000	0.0000	0.0000	0.0000	0.0000	0.0000	0.0000	0.0000	0.0000	0.0000	0.0000	0.0000	0.0000	0.0020	0.0055	0.0000	0.0123	0.0141	0.0000	0.0000	0.0000	0.0000	0.0000	0.0000	-0.0001	2.0666	0.9991	3.0001	2.0219	0.0000	0.0000	0.0000	0.0000	0.0000	0.0000	0.0000	0.0000	0.0000	0.0001	0.0001	0.0000	0.0001	0.0001	0.0000	0.0000	0.0000	0.0000	0.0434	0.0386	0.0047	0.0146	0.0140	0.0006	0.0287	0.0247	0.0041	0.0451	0.0162	0.0289	0.0073	0.0064	0.0010	0.0377	0.0098	0.0279	0.0000	0.0000	0.0000	0.0000	0.0000	0.0000	0.0000	0.0000	0.0000	0.0020	0.0055	0.0000	0.0123	0.0141	0.0000	0.0000	0.0000	0.0000						
1	35	0.1242	4	1	0	2	1	0	0	0	0	N	N	Y	N	N	N	N	N	N	N	N	N	0.0000	0.0000	0.0000	0.0000	0.0000	0.0000	0.0000	0.0000	0.0000	0.0000	0.0000	0.0000	0.0000	0.0000	0.0000	0.0000	0.0000	0.0000	0.0000	0.0000	0.0001	0.0000	0.0000	0.0000	inf	0.0000	0.0000	2.0666	0.0009	3.0001	1.9867	0.0000	0.0000	0.0000	0.0000	0.0000	0.0000	0.0000	0.0000	0.0000	0.0000	0.0000	0.0000	0.0000	0.0000	0.0000	0.0000	0.0000	0.0000	0.0001	0.0001	0.0000	0.0000	0.0000	0.0000	0.0000	0.0000	0.0000	0.0325	0.0123	0.0202	0.0061	0.0055	0.0006	0.0264	0.0069	0.0196	0.0000	0.0000	0.0000	0.0000	0.0000	0.0000	0.0000	0.0000	0.0000	0.0000	0.0000	0.0000	0.0000	0.0000	0.0001	0.0000	0.0000	0.0000				
1	36	0.1063	3	1	0	2	1	0	0	0	0	N	N	Y	N	N	N	N	N	N	N	N	N	0.0000	0.0000	0.0000	0.0000	0.0000	0.0000	0.0000	0.0000	0.0000	0.0000	0.0000	0.0000	0.0000	0.0000	0.0000	0.0000	0.0000	0.0001	0.0000	0.0000	0.0000	0.0000	0.0000	0.0000	-0.0000	2.0666	1.0009	3.0001	2.0357	0.0000	0.0000	0.0000	0.0000	0.0000	0.0000	0.0000	0.0000	0.0000	0.0000	0.0000	0.0000	0.0000	0.0000	0.0000	0.0000	0.0000	0.0000	0.0434	0.0387	0.0047	0.0146	0.0139	0.0006	0.0288	0.0247	0.0041	0.0364	0.0121	0.0243	0.0056	0.0037	0.0019	0.0308	0.0084	0.0224	0.0000	0.0000	0.0000	0.0000	0.0000	0.0000	0.0000	0.0000	0.0000	0.0000	0.0000	0.0000	0.0000	0.0001	0.0000	0.0000	0.0000	0.0000						
1	37	0.1063	3	1	0	2	1	0	0	0	0	N	N	Y	N	N	N	N	N	N	N	N	N	0.0000	0.0000	0.0000	0.0000	0.0000	0.0000	0.0000	0.0000	0.0000	0.0000	0.0000	0.0000	0.0000	0.0000	0.0000	0.0000	0.0000	0.0000	0.0000	0.0000	2.0666	1.0000	3.0001	3.0000	0.0000	0.0000	0.0000	0.0000	0.0000	0.0000	0.0000	0.0000	0.0000	0.0000	0.0000	0.0000	0.0000	0.0000	0.0000	0.0000	0.0000	0.0000	0.0434	0.0386	0.0047	0.0146	0.0139	0.0006	0.0288	0.0247	0.0041	0.0472	0.0158	0.0315	0.0073	0.0048	0.0025	0.0400	0.0110	0.0290	0.0000	0.0000	0.0000	0.0000	0.0000	0.0000	0.0000	0.0000	0.0000	0.0000	0.0000	0.0000	0.0000	0.0000	0.0000	0.0000	0.0000	0.0000											
1	40	0.1401	6	1	1	2	1	0	0	0	0	N	N	Y	N	N	N	N	N	N	N	N	N	0.0000	0.0000	0.0000	0.0000	0.0000	0.0000	0.0000	0.0000	0.0000	0.0000	0.0000	0.0000	0.0000	0.0000	0.0000	0.0000	0.0000	0.0000	0.0000	0.0000	2.0666	0.0000	3.0001	0.0000	0.0000	0.0000	0.0000	0.0000	0.0000	0.0000	0.0000	0.0000	0.0000	0.0000	0.0000	0.0000	0.0000	0.0000	0.0000	0.0000	0.0000	0.0000	0.0000	0.0000	0.0000	0.0000	0.0000	0.0000	0.0000	0.0000	0.0000	0.0000	0.0000	0.0000	0.0000	0.0000	0.0000	0.0000	0.0000	0.0000	0.0000	0.0000	0.0000	0.0000	0.0000	0.0000	0.0000	0.0000	0.0000	0.0000	0.0000	0.0000	0.0000	0.0000	0.0000	0.0000	0.0000	0.0000											
1	41	0.1401	5	1	1	2	1	0	0	0	0	N	N	Y	N	N	N	N	N	N	N	N	N	0.0000	0.0000	0.0000	0.0000	0.0000	0.0000	0.0000	0.0000	0.0000	0.0000	0.0000	0.0000	0.0000	0.0000	0.0000	0.0000	0.0000	0.0000	0.0000	0.0000	2.0666	1.0000	3.0001	1.9999	0.0000	0.0000	0.0000	0.0000	0.0000	0.0000	0.0000	0.0000	0.0000	0.0000	0.0000	0.0000	0.0000	0.0000	0.0000	0.0000	0.0000	0.0000	0.0479	0.0426	0.0053	0.0123	0.0117	0.0006	0.0356	0.0309	0.0048	0.0382	0.0125	0.0257	0.0056	0.0037	0.0019	0.0326	0.0088	0.0238	0.0000	0.0000	0.0000	0.0000	0.0000	0.0000	0.0000	0.0000	0.0000	0.0000	0.0000	0.0000	0.0000	0.0000	0.0000	0.0000	0.0000	0.0000											
1	42	0.1771	4	1	1	1	1	0	0	0	0	N	N	N	N	N	N	N	N	N	N	N	N	645.4878	292.6166	224.0848	240.5443	inf	inf	0.1557	0.1778	0.0000	0.2524	0.2958	0.0000	0.0245	0.0270	0.0000	0.0002	0.0006	0.0000	0.0011	0.0012	0.0000	0.0000	0.0000	0.0000	0.0000	0.0000	-0.0000	-0.0000	2.0666	0.0007	3.0001	2.0242	0.0000	0.0000	0.0000	0.0000	0.0000	0.0000	0.0000	0.0000	0.0000	0.0000	0.0000	0.0000	0.0000	0.0000	0.0000	0.0000	0.0000	0.0000	0.0001	0.0001	0.0000	0.0001	0.0001	0.0000	0.0001	0.0000	0.0000	0.0415	0.0165	0.0250	0.0089	0.0081	0.0007	0.0326	0.0083	0.0243	645.4878	292.6166	0.0000	224.0848	240.5443	0.0000	inf	inf	0.0000	0.0002	0.0006	0.0000	0.0011	0.0012	0.0000	0.0000	0.0000	0.0000			
1	43	0.0802	2	0	1	1	2	0	0	0	0	N	N	N	Y	N	N	N	N	N	N	N	N	0.0000	0.0000	0.0000	0.0000	0.0000	0.0000	0.0000	0.0000	0.0000	0.0000	0.0000	0.0000	0.0000	0.0000	0.0000	0.0000	0.0000	0.0000	0.0000	0.0000	2.0666	0.0000	3.0001	0.0000	0.0000	0.0000	0.0000	0.0000	0.0000	0.0000	0.0000	0.0000	0.0000	0.0000	0.0000	0.0000	0.0000	0.0000	0.0000	0.0000	0.0000	0.0000	0.0000	0.0000	0.0000	0.0000	0.0000	0.0000	0.0000	0.0000	0.0000	0.0000	0.0000	0.0000	0.0000	0.0000	0.0000	0.0000	0.0000	0.0000	0.0000	0.0000	0.0000	0.0000	0.0000	0.0000	0.0000	0.0000	0.0000	0.0000	0.0000	0.0000	0.0000	0.0000	0.0000	0.0000	0.0000	0.0000											
1	44	0.0802	2	0	0	1	2	0	0	0	0	N	N	N	Y	N	N	N	N	N	N	N	N	0.0000	0.0000	0.0000	0.0000	0.0000	0.0000	0.0000	0.0000	0.0000	0.0000	0.0000	0.0000	0.0000	0.0000	0.0000	0.0000	0.0000	0.0000	0.0000	0.0000	2.0666	0.0000	3.0001	0.0000	0.0000	0.0000	0.0000	0.0000	0.0000	0.0000	0.0000	0.0000	0.0000	0.0000	0.0000	0.0000	0.0000	0.0000	0.0000	0.0000	0.0000	0.0000	0.0000	0.0000	0.0000	0.0000	0.0000	0.0000	0.0000	0.0000	0.0000	0.0000	0.0000	0.0000	0.0000	0.0000	0.0000	0.0000	0.0000	0.0000	0.0000	0.0000	0.0000	0.0000	0.0000	0.0000	0.0000	0.0000	0.0000	0.0000	0.0000	0.0000	0.0000	0.0000	0.0000	0.0000	0.0000	0.0000											
1	46	0.1063	3	1	0	2	1	0	0	0	0	N	N	Y	N	N	N	N	N	N	N	N	N	0.0000	0.0000	0.0000	0.0000	0.0000	0.0000	0.0000	0.0000	0.0000	0.0000	0.0000	0.0000	0.0000	40.9920	0.0000	61.4792	0.0000	0.0000	0.0000	48.4692	0.0000	66.5886	inf	0.0000	0.2511	2.0666	0.0000	3.0001	2.0000	0.0000	0.0000	0.0000	0.0000	0.0000	0.0000	0.0000	0.0000	0.0000	1.0000	0.0000	1.0000	0.0000	0.0000	0.0000	1.0000	0.0000	1.0000	0.0000	0.0000	0.0000	0.0000	0.0000	0.0000	0.0000	0.0000	0.0000	0.0244	0.0081	0.0163	0.0038	0.0025	0.0012	0.0206	0.0056	0.0150	0.0000	0.0000	0.0000	0.0000	0.0000	0.0000	0.0000	0.0000	0.0000	40.9920	0.0000	61.4792	0.0000	0.0000	0.0000	48.4692	0.0000	66.5886						
1	47	0.1212	4	1	1	1	1	0	0	0	0	N	N	N	N	N	N	N	N	N	N	N	N	0.0001	2.2978	0.0000	4.1343	3.3994	0.0000	inf	0.0000	0.0013	0.0015	0.0000	0.0052	0.0058	0.0000	0.0000	0.0000	0.0000	25.9681	0.0007	42.9334	0.0013	0.0017	0.0000	32.7116	0.0000	47.0023	0.0000	99312.0000	-0.0000	0.2493	2.0666	0.9991	3.0001	2.0273	0.0001	0.0001	0.0000	0.0001	0.0001	0.0000	0.0000	0.0000	0.0000	0.9931	0.0000	0.9931	0.0000	0.0000	0.0000	0.9931	0.0000	0.9931	0.0469	0.0412	0.0057	0.0118	0.0107	0.0011	0.0351	0.0305	0.0046	0.0382	0.0151	0.0231	0.0079	0.0059	0.0020	0.0304	0.0092	0.0211	0.0001	2.2978	0.0000	4.1343	3.3994	0.0000	0.0000	inf	0.0000	25.9681	0.0007	42.9334	0.0013	0.0017	0.0000	32.7116	0.0000	47.0023	
1	48	0.0837	3	1	1	1	1	0	0	0	0	N	N	N	N	N	N	N	N	N	N	N	N	2.5234	86.1052	0.0131	81.8204	65.9278	inf	0.1440	inf	0.0180	0.1989	0.2198	0.0016	0.4228	0.4542	0.0000	0.0136	0.0151	0.0023	0.0788	0.0026	0.1204	0.0052	0.0069	0.0000	0.0944	0.0000	0.1291	0.0008	86.4930	-0.0101	0.0017	2.0666	3.1828	3.0001	3.1571	0.0514	0.0514	0.0000	0.0495	0.0495	0.0000	0.0019	0.0019	0.0000	0.0070	0.0001	0.0069	0.0001	0.0001	0.0000	0.0069	0.0000	0.0069	0.2586	0.2338	0.0248	0.1171	0.1090	0.0081	0.1415	0.1248	0.0167	0.0884	0.0312	0.0572	0.0154	0.0116	0.0039	0.0730	0.0196	0.0534	2.5234	86.1052	0.0131	81.8204	65.9278	inf	0.1440	inf	0.0180	0.0788	0.0026	0.1204	0.0052	0.0069	0.0000	0.0944	0.0000	0.1291
1	49	0.0795	2	0	1	1	1	0	0	0	0	N	N	N	N	N	N	N	N	N	N	N	N	211.2717	227.7596	649.8021	198.7589	171.8831	inf	201.8839	inf	1203.6701	0.6043	0.4510	2.2305	0.6283	0.6247	0.6725	0.5576	0.1005	4.3631	0.0029	0.0020	0.0034	0.0032	0.0036	0.0000	0.0028	0.0000	0.0036	0.4662	2.6666	0.0114	-0.0000	2.0666	0.8922	3.0001	1.0748	0.0945	0.0645	0.0301	0.0650	0.0597	0.0052	0.0296	0.0048	0.0248	0.0001	0.0000	0.0001	0.0000	0.0000	0.0000	0.0001	0.0000	0.0001	0.1564	0.1430	0.0135	0.1034	0.0956	0.0078	0.0530	0.0474	0.0057	0.0385	0.0151	0.0233	0.0095	0.0083	0.0012	0.0290	0.0069	0.0221	211.2717	227.7596	649.8021	198.7589	171.8831	inf	201.8839	inf	1203.6701	0.0029	0.0020	0.0034	0.0032	0.0036	0.0000	0.0028	0.0000	0.0036
1	50	0.1063	3	0	1	1	1	0	0	0	0	N	N	N	N	N	N	N	N	N	N	N	N	0.0000	0.0000	0.0000	0.0000	0.0000	0.0000	0.0000	0.0000	0.0000	0.0000	0.0000	0.0000	0.0000	0.0000	0.0000	0.0000	0.0000	0.0000	0.0000	0.0000	2.0666	0.0000	3.0001	0.0000	0.0000	0.0000	0.0000	0.0000	0.0000	0.0000	0.0000	0.0000	0.0000	0.0000	0.0000	0.0000	0.0000	0.0000	0.0000	0.0000	0.0000	0.0000	0.0000	0.0000	0.0000	0.0000	0.0000	0.0000	0.0000	0.0000	0.0000	0.0000	0.0000	0.0000	0.0000	0.0000	0.0000	0.0000	0.0000	0.0000	0.0000	0.0000	0.0000	0.0000	0.0000	0.0000	0.0000	0.0000	0.0000	0.0000	0.0000	0.0000	0.0000	0.0000	0.0000	0.0000	0.0000	0.0000											
1	51	0.1063	3	1	1	1	1	0	0	0	0	N	N	N	N	N	N	N	N	N	N	N	N	0.0000	0.0000	0.0000	0.0000	0.0000	0.0000	0.0000	0.0000	0.0000	0.0000	0.0000	0.0000	0.0000	0.0000	0.0000	0.0000	0.0000	0.0000	0.0000	0.0000	2.0666	1.0000	3.0001	3.0000	0.0000	0.0000	0.0000	0.0000	0.0000	0.0000	0.0000	0.0000	0.0000	0.0000	0.0000	0.0000	0.0000	0.0000	0.0000	0.0000	0.0000	0.0000	0.0434	0.0386	0.0047	0.0146	0.0139	0.0006	0.0288	0.0247	0.0041	0.0472	0.0158	0.0315	0.0073	0.0048	0.0025	0.0400	0.0110	0.0290	0.0000	0.0000	0.0000	0.0000	0.0000	0.0000	0.0000	0.0000	0.0000	0.0000	0.0000	0.0000	0.0000	0.0000	0.0000	0.0000	0.0000	0.0000											
1	52	0.0924	2	0	0	1	1	0	0	0	0	N	N	N	N	N	N	N	N	N	N	N	N	0.1445	0.0731	0.0000	0.1023	0.0887	0.0000	0.0004	0.0005	0.0000	0.0012	0.0013	0.0000	0.0000	0.0000	0.0000	0.0029	0.0063	0.0000	0.0117	0.0145	0.0000	0.0000	0.0000	0.0000	0.0000	0.0000	-0.0000	-0.0001	2.0666	3.0179	3.0001	1.1627	0.0001	0.0001	0.0000	0.0001	0.0001	0.0000	0.0000	0.0000	0.0000	0.0002	0.0002	0.0000	0.0002	0.0002	0.0000	0.0000	0.0000	0.0000	0.1633	0.1452	0.0181	0.0563	0.0524	0.0039	0.1069	0.0928	0.0142	0.0666	0.0300	0.0366	0.0163	0.0131	0.0032	0.0503	0.0169	0.0335	0.1445	0.0731	0.0000	0.1023	0.0887	0.0000	0.0000	0.0000	0.0000	0.0029	0.0063	0.0000	0.0117	0.0145	0.0000	0.0000	0.0000	0.0000			
1	53	0.1063	3	1	1	2	1	0	0	0	0	N	N	Y	N	N	N	N	N	N	N	N	N	0.0000	0.0000	0.0000	0.0000	0.0000	0.0000	0.0000	0.0000	0.0000	0.0000	0.0000	0.0000	0.0000	0.0000	0.0000	0.0000	0.0000	0.0000	0.0000	0.0000	2.0666	4.0000	3.0001	1.0000	0.0000	0.0000	0.0000	0.0000	0.0000	0.0000	0.0000	0.0000	0.0000	0.0000	0.0000	0.0000	0.0000	0.0000	0.0000	0.0000	0.0000	0.0000	0.1657	0.1477	0.0180	0.0546	0.0521	0.0025	0.1111	0.0956	0.0155	0.0581	0.0194	0.0387	0.0089	0.0059	0.0031	0.0492	0.0135	0.0357	0.0000	0.0000	0.0000	0.0000	0.0000	0.0000	0.0000	0.0000	0.0000	0.0000	0.0000	0.0000	0.0000	0.0000	0.0000	0.0000	0.0000	0.0000											
1	54	0.0924	2	0	1	1	1	0	0	0	0	N	N	N	N	N	N	N	N	N	N	N	N	0.3542	0.1550	0.0000	0.2053	0.1613	0.0000	0.0006	0.0006	0.0000	0.0016	0.0017	0.0000	0.0000	0.0000	0.0000	0.0016	0.0042	0.0000	0.0079	0.0108	0.0000	0.0000	0.0000	0.0000	0.0000	0.0000	-0.0000	-0.0001	2.0666	2.0683	3.0001	6.9961	0.0001	0.0001	0.0000	0.0001	0.0001	0.0000	0.0000	0.0000	0.0000	0.0002	0.0002	0.0000	0.0002	0.0002	0.0000	0.0000	0.0000	0.0000	0.1170	0.1040	0.0131	0.0415	0.0386	0.0029	0.0755	0.0654	0.0102	0.1171	0.0455	0.0715	0.0240	0.0176	0.0065	0.0930	0.0279	0.0651	0.3542	0.1550	0.0000	0.2053	0.1613	0.0000	0.0000	0.0000	0.0000	0.0016	0.0042	0.0000	0.0079	0.0108	0.0000	0.0000	0.0000	0.0000			
1	56	0.1063	3	1	0	2	1	0	0	0	0	N	N	Y	N	N	N	N	N	N	N	N	N	0.0000	0.0000	0.0000	0.0000	0.0000	0.0000	0.0000	0.0000	0.0000	0.0000	0.0000	0.0000	0.0000	8.5882	0.0000	12.9031	0.0000	0.0000	0.0000	10.1260	0.0000	14.0745	inf	0.0000	0.2511	2.0666	4.0000	3.0001	7.0000	0.0000	0.0000	0.0000	0.0000	0.0000	0.0000	0.0000	0.0000	0.0000	1.0000	0.0000	1.0000	0.0000	0.0000	0.0000	1.0000	0.0000	1.0000	0.1657	0.1477	0.0180	0.0546	0.0521	0.0025	0.1111	0.0956	0.0155	0.1164	0.0389	0.0775	0.0177	0.0112	0.0065	0.0988	0.0277	0.0711	0.0000	0.0000	0.0000	0.0000	0.0000	0.0000	0.0000	0.0000	0.0000	8.5882	0.0000	12.9031	0.0000	0.0000	0.0000	10.1260	0.0000	14.0745						
1	57	0.1709	6	0	1	1	1	0	0	0	0	N	N	N	N	N	N	N	N	N	N	N	N	0.3271	284.0049	0.0000	8.3160	6.6856	0.0000	0.3666	inf	0.0000	1.8206	2.0203	0.0000	0.1002	0.1066	0.0000	2.7571	3.1326	0.0000	5.5667	0.0071	9.9477	0.0120	0.0159	0.0000	7.5212	0.0000	11.2248	0.0000	1774.5893	-0.1922	0.2491	2.0666	9.7645	3.0001	7.4558	0.9716	0.9716	0.0000	0.0188	0.0188	0.0000	0.9528	0.9528	0.0000	0.9943	0.0006	0.9938	0.0006	0.0006	0.0000	0.9938	0.0000	0.9938	0.5337	0.4809	0.0528	0.1881	0.1768	0.0113	0.3456	0.3042	0.0414	0.1786	0.0787	0.0999	0.0465	0.0351	0.0114	0.1321	0.0436	0.0885	0.3271	284.0049	0.0000	8.3160	6.6856	0.0000	0.3666	inf	0.0000	5.5667	0.0071	9.9477	0.0120	0.0159	0.0000	7.5212	0.0000	11.2248
1	58	0.2265	7	0	0	2	1	0	0	0	0	N	N	Y	N	N	N	N	N	N	N	N	N	0.0025	0.0000	inf	0.0000	0.0000	inf	inf	0.0026	0.0000	0.0261	0.0000	0.0000	0.0000	0.0050	0.0000	0.0410	1.0548	2.2970	0.0000	3.8532	5.1590	0.0000	0.0000	0.0000	0.0000	inf	0.0000	0.0002	-0.0085	2.0666	1.0009	3.0001	0.0163	0.0002	0.0000	0.0002	0.0000	0.0000	0.0000	0.0002	0.0000	0.0002	0.0113	0.0113	0.0000	0.0113	0.0113	0.0000	0.0000	0.0000	0.0000	0.0719	0.0646	0.0073	0.0342	0.0316	0.0026	0.0376	0.0330	0.0046	0.0107	0.0049	0.0058	0.0029	0.0022	0.0007	0.0078	0.0027	0.0051	0.0025	0.0000	inf	0.0000	0.0000	0.0000	inf	0.0000	inf	1.0548	2.2970	0.0000	3.8532	5.1590	0.0000	0.0000	0.0000	0.0000		
1	59	0.2111	6	0	0	1	1	0	0	0	0	N	N	N	N	N	N	N	N	N	N	N	N	13.9245	0.0000	7896.3556	0.0004	0.0003	0.0000	18.3496	0.0000	10287.3238	7.3498	0.0000	71.9371	0.0000	0.0000	0.0000	13.1214	0.0000	106.8788	0.5278	1.1818	0.0091	0.0154	0.0207	0.0000	0.7151	2.1307	0.0104	3001655.1413	0.0097	0.8006	-0.0084	2.0666	1.9961	3.0001	0.0521	0.9981	0.0000	0.9981	0.0000	0.0000	0.0000	0.9981	0.0000	0.9981	0.0114	0.0113	0.0001	0.0001	0.0001	0.0000	0.0113	0.0112	0.0001	0.1358	0.1219	0.0139	0.0597	0.0552	0.0045	0.0761	0.0667	0.0093	0.0217	0.0096	0.0121	0.0058	0.0043	0.0015	0.0159	0.0053	0.0106	13.9245	0.0000	7896.3556	0.0004	0.0003	0.0000	18.3496	0.0000	10287.3238	0.5278	1.1818	0.0091	0.0154	0.0207	0.0000	0.7151	2.1307	0.0104
1	60	0.2034	5	0	0	1	1	0	0	0	0	N	N	N	N	N	N	N	N	N	N	N	N	293.1494	6.1513	17259.1345	inf	inf	384.8651	0.0000	22504.5344	2.2668	0.0948	26.7761	0.1869	0.1982	0.0000	4.0796	0.0000	39.6330	0.0077	0.0154	0.0016	0.0000	0.0000	0.0000	0.0106	0.6153	0.0018	25.0421	0.1250	0.0014	-0.0001	2.0666	0.0081	3.0001	1.0507	0.0018	0.0001	0.0017	0.0001	0.0001	0.0000	0.0017	0.0000	0.0017	0.0001	0.0001	0.0000	0.0000	0.0000	0.0000	0.0001	0.0001	0.0000	0.0008	0.0007	0.0001	0.0004	0.0004	0.0000	0.0004	0.0004	0.0000	0.0116	0.0052	0.0064	0.0031	0.0024	0.0008	0.0085	0.0028	0.0057	293.1494	6.1513	17259.1345	inf	inf	0.0000	384.8651	0.0000	22504.5344	0.0077	0.0154	0.0016	0.0000	0.0000	0.0000	0.0106	0.0284	0.0018	
1	61	0.1546	4	0	0	1	1	0	0	0	0	N	N	N	N	N	N	N	N	N	N	N	N	6.5109	2.9569	inf	4.5014	3.9601	inf	inf	0.0064	0.0067	0.0034	0.0164	0.0175	0.0000	0.0006	0.0000	0.0045	0.0010	0.0023	0.0000	0.0036	0.0044	0.0000	0.0000	0.0000	0.0000	0.0589	0.0000	-0.0002	-0.0001	2.0666	3.0167	3.0001	3.2580	0.0013	0.0012	0.0001	0.0012	0.0012	0.0000	0.0001	0.0000	0.0001	0.0001	0.0001	0.0000	0.0001	0.0001	0.0000	0.0000	0.0000	0.0000	0.1966	0.1763	0.0203	0.0726	0.0679	0.0047	0.1240	0.1084	0.0157	0.0915	0.0395	0.0521	0.0247	0.0204	0.0044	0.0668	0.0191	0.0477	6.5109	2.9569	inf	4.5014	3.9601	0.0000	inf	0.0000	inf	0.0010	0.0023	0.0000	0.0036	0.0044	0.0000	0.0000	0.0000	0.0000		
1	62	0.0798	3	0	1	1	1	0	0	0	0	N	N	N	N	N	N	N	N	N	N	N	N	1.4975	0.0202	763896245.2440	0.0441	0.0149	470410.8615	inf	inf	2.4175	0.0967	18.3557	0.5726	0.1965	4.1725	4.0837	0.0000	26.0999	1.6144	4.7904	0.0000	12.9889	13.1794	0.0000	0.0000	0.0000	0.0000	27.6375	0.0000	0.5779	-0.1366	2.0666	3.3327	3.0001	4.3103	0.7532	0.0263	0.7269	0.0847	0.0263	0.0584	0.6686	0.0000	0.6686	0.1824	0.1824	0.0000	0.1824	0.1824	0.0000	0.0000	0.0000	0.0000	0.3116	0.2720	0.0396	0.1479	0.1339	0.0140	0.1637	0.1381	0.0256	0.1130	0.0381	0.0749	0.0140	0.0138	0.0002	0.0989	0.0242	0.0747	1.4975	0.0202	763896245.2440	0.0441	0.0149	470410.8615	inf	0.0000	inf	1.6144	4.7904	0.0000	12.9889	13.1794	0.0000	0.0000	0.0000	0.0000	
1	63	0.0558	2	0	0	1	1	0	0	0	0	N	N	N	N	N	N	N	N	N	N	N	N	0.3523	0.0746	2.3853	0.0108	0.0107	inf	1.0072	2.5061	3.8860	1.1531	0.3374	6.4589	0.1986	0.2008	0.1802	2.0353	0.4705	10.5547	3.2735	4.5245	2.7078	18.3326	18.8493	0.0000	2.0207	0.1877	2.7161	2.9427	1.3232	0.2060	-0.0491	2.0666	3.2669	3.0001	2.4507	0.3755	0.0952	0.2802	0.0311	0.0280	0.0031	0.3444	0.0673	0.2772	0.2740	0.1179	0.1560	0.1178	0.1178	0.0000	0.1561	0.0001	0.1560	0.3256	0.2822	0.0434	0.1564	0.1393	0.0171	0.1692	0.1430	0.0263	0.0837	0.0261	0.0576	0.0064	0.0063	0.0002	0.0773	0.0198	0.0574	0.3523	0.0746	2.3853	0.0108	0.0107	inf	1.0072	108.9044	3.8860	3.2735	4.5245	2.7078	18.3326	18.8493	0.0000	2.0207	0.0043	2.7161
1	64	0.1401	6	1	0	2	1	0	0	0	0	N	N	Y	N	N	N	N	N	N	N	N	N	0.0000	0.0000	0.0000	0.0000	0.0000	0.0000	0.0000	0.0000	0.0000	0.0000	0.0000	0.0000	0.0000	0.0000	0.0000	0.0000	0.0000	0.0000	0.0000	0.0000	2.0666	0.0000	3.0001	1.0000	0.0000	0.0000	0.0000	0.0000	0.0000	0.0000	0.0000	0.0000	0.0000	0.0000	0.0000	0.0000	0.0000	0.0000	0.0000	0.0000	0.0000	0.0000	0.0000	0.0000	0.0000	0.0000	0.0000	0.0000	0.0000	0.0000	0.0000	0.0133	0.0043	0.0089	0.0019	0.0013	0.0006	0.0113	0.0030	0.0083	0.0000	0.0000	0.0000	0.0000	0.0000	0.0000	0.0000	0.0000	0.0000	0.0000	0.0000	0.0000	0.0000	0.0000	0.0000	0.0000	0.0000	0.0000											
1	65	0.1401	5	1	0	2	1	0	0	0	0	N	N	Y	N	N	N	N	N	N	N	N	N	0.0000	0.0000	0.0000	0.0000	0.0000	0.0000	0.0000	0.0000	0.0000	0.0000	0.0000	0.0000	0.0000	0.0000	0.0000	0.0000	0.0000	0.0000	0.0000	0.0000	2.0666	0.0000	3.0001	0.0001	0.0000	0.0000	0.0000	0.0000	0.0000	0.0000	0.0000	0.0000	0.0000	0.0000	0.0000	0.0000	0.0000	0.0000	0.0000	0.0000	0.0000	0.0000	0.0000	0.0000	0.0000	0.0000	0.0000	0.0000	0.0000	0.0000	0.0000	0.0000	0.0000	0.0000	0.0000	0.0000	0.0000	0.0000	0.0000	0.0000	0.0000	0.0000	0.0000	0.0000	0.0000	0.0000	0.0000	0.0000	0.0000	0.0000	0.0000	0.0000	0.0000	0.0000	0.0000	0.0000	0.0000	0.0000											
1	66	0.1279	4	1	0	2	1	0	0	0	0	N	N	Y	N	N	N	N	N	N	N	N	N	inf	inf	inf	inf	0.0189	0.0213	0.0000	0.0731	0.0765	0.0000	0.0000	0.0000	0.0000	0.0000	0.0000	0.0000	0.0000	0.0000	0.0000	0.0000	0.0000	0.0000	0.0000	-0.0004	0.0000	2.0666	1.9720	3.0001	0.0923	0.0018	0.0018	0.0000	0.0018	0.0018	0.0000	0.0000	0.0000	0.0000	0.0000	0.0000	0.0000	0.0000	0.0000	0.0000	0.0000	0.0000	0.0000	0.0945	0.0841	0.0104	0.0245	0.0234	0.0011	0.0700	0.0607	0.0093	0.0356	0.0134	0.0222	0.0085	0.0072	0.0013	0.0271	0.0062	0.0209	inf	inf	0.0000	inf	inf	0.0000	0.0000	0.0000	0.0000	0.0000	0.0000	0.0000	0.0000	0.0000	0.0000	0.0000	0.0000	0.0000						
1	67	0.1063	3	1	0	2	1	0	0	0	0	N	N	Y	N	N	N	N	N	N	N	N	N	inf	inf	inf	inf	7.7527	8.6983	0.0000	23.3984	24.4984	0.0000	0.0000	0.0000	0.0000	0.0000	0.0000	0.0000	0.0000	0.0000	0.0000	0.0000	0.0000	0.0000	0.0000	-0.1975	0.0000	2.0666	3.0650	3.0001	1.0636	0.9983	0.9983	0.0000	0.9983	0.9983	0.0000	0.0000	0.0000	0.0000	0.0000	0.0000	0.0000	0.0000	0.0000	0.0000	0.0000	0.0000	0.0000	0.1288	0.1148	0.0140	0.0427	0.0408	0.0019	0.0861	0.0740	0.0121	0.0487	0.0162	0.0324	0.0075	0.0049	0.0025	0.0412	0.0113	0.0299	inf	inf	0.0000	inf	inf	0.0000	0.0000	0.0000	0.0000	0.0000	0.0000	0.0000	0.0000	0.0000	0.0000	0.0000	0.0000	0.0000						
1	68	0.1133	3	0	1	1	2	0	0	0	0	N	N	N	Y	N	N	N	N	N	N	N	N	5532.6524	1.8901	1593439704.5895	2.1631	1.7214	12635.6668	inf	inf	4.8989	0.0044	45.8034	0.0097	0.0101	0.0048	8.3699	0.0000	64.0530	0.0009	0.0023	0.0000	0.0045	0.0059	0.0000	0.0000	0.0000	0.0000	1257.3706	0.0000	0.7981	-0.0001	2.0666	2.7513	3.0001	4.0954	0.9959	0.0008	0.9951	0.0008	0.0008	0.0000	0.9951	0.0000	0.9951	0.0001	0.0001	0.0000	0.0001	0.0001	0.0000	0.0000	0.0000	0.0000	0.2033	0.1816	0.0217	0.0844	0.0782	0.0062	0.1189	0.1034	0.0155	0.1016	0.0390	0.0626	0.0200	0.0153	0.0047	0.0816	0.0237	0.0579	5532.6524	1.8901	1593439704.5895	2.1631	1.7214	12635.6668	inf	0.0000	inf	0.0009	0.0023	0.0000	0.0045	0.0059	0.0000	0.0000	0.0000	0.0000	
1	71	0.1063	3	0	1	1	1	0	0	0	0	N	N	N	N	N	N	N	N	N	N	N	N	0.0000	0.0000	0.0000	0.0000	0.0000	0.0000	0.0000	0.0000	0.0000	0.0000	0.0000	0.0000	0.0000	0.0000	0.0000	0.0000	0.0000	0.0000	0.0000	0.0000	2.0666	2.0000	3.0001	3.0000	0.0000	0.0000	0.0000	0.0000	0.0000	0.0000	0.0000	0.0000	0.0000	0.0000	0.0000	0.0000	0.0000	0.0000	0.0000	0.0000	0.0000	0.0000	0.0854	0.0761	0.0093	0.0285	0.0272	0.0013	0.0569	0.0489	0.0080	0.0581	0.0194	0.0387	0.0089	0.0059	0.0031	0.0492	0.0135	0.0357	0.0000	0.0000	0.0000	0.0000	0.0000	0.0000	0.0000	0.0000	0.0000	0.0000	0.0000	0.0000	0.0000	0.0000	0.0000	0.0000	0.0000	0.0000											
1	72	0.0795	2	0	0	1	1	0	0	0	0	N	N	N	N	N	N	N	N	N	N	N	N	8275.8061	174.2728	inf	209.9362	166.6371	inf	inf	inf	inf	3.3352	0.1956	30.1195	0.4598	0.4715	0.3156	5.1433	0.0124	41.4787	0.0004	0.0011	0.0000	0.0022	0.0028	0.0000	0.0000	0.0000	0.0000	18.0537	0.0000	0.7688	-0.0000	2.0666	4.7932	3.0001	0.2507	1.0255	0.0538	0.9717	0.0546	0.0518	0.0028	0.9709	0.0021	0.9689	0.0000	0.0000	0.0000	0.0000	0.0000	0.0000	0.0000	0.0000	0.0000	0.3075	0.2752	0.0323	0.1187	0.1098	0.0089	0.1888	0.1654	0.0234	0.0744	0.0267	0.0477	0.0137	0.0106	0.0031	0.0607	0.0161	0.0446	8275.8061	174.2728	inf	209.9362	166.6371	inf	inf	inf	inf	0.0004	0.0011	0.0000	0.0022	0.0028	0.0000	0.0000	0.0000	0.0000
1	74	0.0558	2	0	1	1	1	0	0	0	0	N	N	N	N	N	N	N	N	N	N	N	N	0.0185	inf	0.0000	inf	inf	0.0245	inf	0.0000	0.1718	0.2005	0.0000	0.1109	0.1258	0.0000	0.2443	0.2949	0.0000	9.2761	0.0000	13.3736	0.0000	0.0000	0.0000	9.9696	0.0000	13.4111	0.0000	inf	-0.0090	0.2149	2.0666	1.8678	3.0001	4.6278	0.0457	0.0457	0.0000	0.0160	0.0160	0.0000	0.0297	0.0297	0.0000	0.8559	0.0000	0.8559	0.0000	0.0000	0.0000	0.8559	0.0000	0.8559	0.2659	0.2280	0.0380	0.1445	0.1273	0.0172	0.1215	0.1006	0.0208	0.0923	0.0283	0.0640	0.0064	0.0062	0.0002	0.0859	0.0220	0.0638	0.0185	inf	0.0000	inf	inf	0.0000	0.0245	inf	0.0000	9.2761	0.0000	13.3736	0.0000	0.0000	0.0000	9.9696	0.0000	13.4111	
1	78	0.1594	5	1	1	1	2	0	0	0	0	N	N	N	Y	N	N	N	N	N	N	N	N	0.0000	0.0000	0.0000	0.0000	0.0000	0.0000	0.0000	0.0000	0.0000	0.0000	0.0000	0.0000	0.0000	0.0000	0.0000	0.0000	0.0000	0.0000	0.0000	0.0000	2.0666	1.0000	3.0001	2.0144	0.0000	0.0000	0.0000	0.0000	0.0000	0.0000	0.0000	0.0000	0.0000	0.0000	0.0000	0.0000	0.0000	0.0000	0.0000	0.0000	0.0000	0.0000	0.0532	0.0470	0.0061	0.0138	0.0130	0.0008	0.0394	0.0340	0.0054	0.0506	0.0170	0.0336	0.0029	0.0018	0.0011	0.0477	0.0151	0.0326	0.0000	0.0000	0.0000	0.0000	0.0000	0.0000	0.0000	0.0000	0.0000	0.0000	0.0000	0.0000	0.0000	0.0000	0.0000	0.0000	0.0000	0.0000											
1	79	0.1372	4	1	1	1	2	0	0	0	0	N	N	N	Y	N	N	N	N	N	N	N	N	0.0000	0.0000	0.0000	0.0000	0.0000	0.0000	0.0000	0.0000	0.0000	0.0000	0.0000	0.0000	0.0000	0.0000	0.0000	0.0000	0.0000	0.0000	0.0000	0.0000	2.0666	0.0001	3.0001	3.0180	0.0000	0.0000	0.0000	0.0000	0.0000	0.0000	0.0000	0.0000	0.0000	0.0000	0.0000	0.0000	0.0000	0.0000	0.0000	0.0000	0.0000	0.0000	0.0000	0.0000	0.0000	0.0000	0.0000	0.0000	0.0000	0.0000	0.0000	0.0504	0.0167	0.0336	0.0026	0.0016	0.0010	0.0478	0.0152	0.0326	0.0000	0.0000	0.0000	0.0000	0.0000	0.0000	0.0000	0.0000	0.0000	0.0000	0.0000	0.0000	0.0000	0.0000	0.0000	0.0000	0.0000	0.0000											
1	80	0.1592	6	0	1	1	2	0	0	0	0	N	N	N	Y	N	N	N	N	N	N	N	N	0.0000	0.0000	0.0000	0.0000	0.0000	0.0000	0.0000	0.0000	0.0000	0.0000	0.0000	0.0000	0.0000	0.0000	0.0000	0.0000	0.0000	0.0000	0.0000	0.0000	2.0666	0.0000	3.0001	0.0000	0.0000	0.0000	0.0000	0.0000	0.0000	0.0000	0.0000	0.0000	0.0000	0.0000	0.0000	0.0000	0.0000	0.0000	0.0000	0.0000	0.0000	0.0000	0.0000	0.0000	0.0000	0.0000	0.0000	0.0000	0.0000	0.0000	0.0000	0.0000	0.0000	0.0000	0.0000	0.0000	0.0000	0.0000	0.0000	0.0000	0.0000	0.0000	0.0000	0.0000	0.0000	0.0000	0.0000	0.0000	0.0000	0.0000	0.0000	0.0000	0.0000	0.0000	0.0000	0.0000	0.0000	0.0000											
1	81	0.1372	4	0	0	2	2	0	0	0	0	N	N	Y	Y	N	N	N	N	N	N	N	N	0.0000	0.0000	0.0000	0.0000	0.0000	0.0000	0.0000	0.0000	0.0000	0.0000	0.0000	0.0000	0.0000	0.0000	0.0000	0.0000	0.0000	0.0000	0.0000	0.0000	2.0666	2.0000	3.0001	0.0000	0.0000	0.0000	0.0000	0.0000	0.0000	0.0000	0.0000	0.0000	0.0000	0.0000	0.0000	0.0000	0.0000	0.0000	0.0000	0.0000	0.0000	0.0000	0.1040	0.0921	0.0119	0.0267	0.0252	0.0015	0.0773	0.0668	0.0104	0.0341	0.0113	0.0227	0.0017	0.0011	0.0007	0.0323	0.0102	0.0221	0.0000	0.0000	0.0000	0.0000	0.0000	0.0000	0.0000	0.0000	0.0000	0.0000	0.0000	0.0000	0.0000	0.0000	0.0000	0.0000	0.0000	0.0000											
1	82	0.1372	4	0	0	2	2	0	0	0	0	N	N	Y	Y	N	N	N	N	N	N	N	N	0.0000	0.0000	0.0000	0.0000	0.0000	0.0000	0.0000	0.0000	0.0000	0.0000	0.0000	0.0000	0.0000	0.0000	0.0000	0.0000	0.0000	0.0000	0.0000	0.0000	2.0666	0.0000	3.0001	4.0000	0.0000	0.0000	0.0000	0.0000	0.0000	0.0000	0.0000	0.0000	0.0000	0.0000	0.0000	0.0000	0.0000	0.0000	0.0000	0.0000	0.0000	0.0000	0.0000	0.0000	0.0000	0.0000	0.0000	0.0000	0.0000	0.0000	0.0000	0.0655	0.0218	0.0437	0.0034	0.0021	0.0014	0.0621	0.0197	0.0423	0.0000	0.0000	0.0000	0.0000	0.0000	0.0000	0.0000	0.0000	0.0000	0.0000	0.0000	0.0000	0.0000	0.0000	0.0000	0.0000	0.0000	0.0000											
1	83	0.1592	6	0	0	2	2	0	0	0	0	N	N	Y	Y	N	N	N	N	N	N	N	N	0.0000	0.0000	0.0000	0.0000	0.0000	0.0000	0.0000	0.0000	0.0000	0.0000	0.0000	0.0000	0.0000	0.0000	0.0000	0.0000	0.0000	0.0000	0.0000	0.0000	2.0666	0.0000	3.0001	2.0000	0.0000	0.0000	0.0000	0.0000	0.0000	0.0000	0.0000	0.0000	0.0000	0.0000	0.0000	0.0000	0.0000	0.0000	0.0000	0.0000	0.0000	0.0000	0.0000	0.0000	0.0000	0.0000	0.0000	0.0000	0.0000	0.0000	0.0000	0.0338	0.0110	0.0228	0.0015	0.0008	0.0007	0.0323	0.0102	0.0221	0.0000	0.0000	0.0000	0.0000	0.0000	0.0000	0.0000	0.0000	0.0000	0.0000	0.0000	0.0000	0.0000	0.0000	0.0000	0.0000	0.0000	0.0000											
1	84	0.1519	5	0	0	1	2	0	0	0	0	N	N	N	Y	N	N	N	N	N	N	N	N	0.0000	0.0000	0.0000	0.0000	0.0000	0.0000	0.0000	0.0000	0.0000	0.0000	0.0000	0.0000	0.0000	0.0000	0.0000	0.0000	0.0000	0.0000	0.0000	0.0000	2.0666	1.0000	3.0001	0.0015	0.0000	0.0000	0.0000	0.0000	0.0000	0.0000	0.0000	0.0000	0.0000	0.0000	0.0000	0.0000	0.0000	0.0000	0.0000	0.0000	0.0000	0.0000	0.0532	0.0470	0.0061	0.0138	0.0130	0.0008	0.0394	0.0340	0.0054	0.0175	0.0058	0.0118	0.0009	0.0006	0.0004	0.0166	0.0052	0.0114	0.0000	0.0000	0.0000	0.0000	0.0000	0.0000	0.0000	0.0000	0.0000	0.0000	0.0000	0.0000	0.0000	0.0000	0.0000	0.0000	0.0000	0.0000											
1	85	0.1372	4	0	0	1	2	0	0	0	0	N	N	N	Y	N	N	N	N	N	N	N	N	0.0000	0.0000	0.0000	0.0000	0.0000	0.0000	0.0000	0.0000	0.0000	0.0000	0.0000	0.0000	0.0000	0.0000	0.0000	0.0000	0.0000	0.0000	0.0000	0.0000	2.0666	0.0000	3.0001	2.0013	0.0000	0.0000	0.0000	0.0000	0.0000	0.0000	0.0000	0.0000	0.0000	0.0000	0.0000	0.0000	0.0000	0.0000	0.0000	0.0000	0.0000	0.0000	0.0000	0.0000	0.0000	0.0000	0.0000	0.0000	0.0000	0.0000	0.0000	0.0341	0.0113	0.0228	0.0017	0.0011	0.0007	0.0323	0.0103	0.0221	0.0000	0.0000	0.0000	0.0000	0.0000	0.0000	0.0000	0.0000	0.0000	0.0000	0.0000	0.0000	0.0000	0.0000	0.0000	0.0000	0.0000	0.0000											
1	86	0.1771	4	1	1	1	1	0	0	0	0	N	N	N	N	N	N	N	N	N	N	N	N	437.6112	228.3306	206.5325	231.2673	inf	inf	0.1557	0.1778	0.0000	0.2524	0.2958	0.0000	0.0245	0.0270	0.0000	0.0004	0.0008	0.0000	0.0012	0.0013	0.0000	0.0000	0.0000	0.0000	0.0000	0.0000	-0.0000	-0.0000	2.0666	0.0007	3.0001	0.9812	0.0000	0.0000	0.0000	0.0000	0.0000	0.0000	0.0000	0.0000	0.0000	0.0000	0.0000	0.0000	0.0000	0.0000	0.0000	0.0000	0.0000	0.0000	0.0001	0.0001	0.0000	0.0001	0.0001	0.0000	0.0001	0.0000	0.0000	0.0281	0.0128	0.0153	0.0082	0.0078	0.0004	0.0199	0.0050	0.0149	437.6112	228.3306	0.0000	206.5325	231.2673	0.0000	inf	inf	0.0000	0.0004	0.0008	0.0000	0.0012	0.0013	0.0000	0.0000	0.0000	0.0000			
1	87	0.1213	3	1	1	1	1	0	0	0	0	N	N	N	N	N	N	N	N	N	N	N	N	456.6929	208.6464	0.1138	116.3297	79.2806	68.4989	156.3453	inf	0.0961	0.2491	0.2832	0.0000	0.8687	0.9217	0.0000	0.0151	0.0177	0.0000	0.0005	0.0014	0.0001	0.0075	0.0116	0.0000	0.0001	0.0000	0.0001	0.0000	0.2000	-0.0130	-0.0000	2.0666	5.0272	3.0001	2.1572	0.0658	0.0658	0.0000	0.0629	0.0629	0.0000	0.0029	0.0029	0.0000	0.0001	0.0000	0.0000	0.0001	0.0000	0.0000	0.0000	0.0000	0.0000	0.2640	0.2322	0.0318	0.0724	0.0682	0.0042	0.1916	0.1640	0.0277	0.1100	0.0368	0.0732	0.0067	0.0043	0.0024	0.1033	0.0325	0.0708	456.6929	208.6464	0.1138	116.3297	79.2806	68.4989	156.3453	inf	0.0961	0.0005	0.0014	0.0001	0.0075	0.0116	0.0000	0.0001	0.0000	0.0001
1	88	0.1745	5	0	1	1	1	0	0	0	0	N	N	N	N	N	N	N	N	N	N	N	N	0.0000	0.0000	0.0000	0.0000	0.0000	0.0000	0.0000	0.0000	0.0000	0.0000	0.0000	0.0000	0.0000	0.0000	0.0000	0.0000	0.0000	0.0000	0.0000	0.0000	2.0666	0.0000	3.0001	4.0000	0.0000	0.0000	0.0000	0.0000	0.0000	0.0000	0.0000	0.0000	0.0000	0.0000	0.0000	0.0000	0.0000	0.0000	0.0000	0.0000	0.0000	0.0000	0.0000	0.0000	0.0000	0.0000	0.0000	0.0000	0.0000	0.0000	0.0000	0.0657	0.0223	0.0435	0.0047	0.0031	0.0015	0.0611	0.0191	0.0419	0.0000	0.0000	0.0000	0.0000	0.0000	0.0000	0.0000	0.0000	0.0000	0.0000	0.0000	0.0000	0.0000	0.0000	0.0000	0.0000	0.0000	0.0000											
1	89	0.1372	4	0	1	1	1	0	0	0	0	N	N	N	N	N	N	N	N	N	N	N	N	0.0000	0.0000	0.0000	0.0000	0.0000	0.0000	0.0000	0.0000	0.0000	0.0000	0.0000	0.0000	0.0000	0.0000	0.0000	0.0000	0.0000	0.0000	0.0000	0.0000	2.0666	3.0000	3.0001	2.0000	0.0000	0.0000	0.0000	0.0000	0.0000	0.0000	0.0000	0.0000	0.0000	0.0000	0.0000	0.0000	0.0000	0.0000	0.0000	0.0000	0.0000	0.0000	0.1526	0.1352	0.0174	0.0388	0.0367	0.0022	0.1138	0.0986	0.0152	0.0803	0.0268	0.0535	0.0042	0.0026	0.0017	0.0761	0.0242	0.0519	0.0000	0.0000	0.0000	0.0000	0.0000	0.0000	0.0000	0.0000	0.0000	0.0000	0.0000	0.0000	0.0000	0.0000	0.0000	0.0000	0.0000	0.0000											
1	90	0.1372	4	1	1	1	1	0	0	0	0	N	N	N	N	N	N	N	N	N	N	N	N	0.0000	0.0000	0.0000	0.0000	0.0000	0.0000	0.0000	0.0000	0.0000	0.0000	0.0000	0.0000	0.0000	0.0000	0.0000	0.0000	0.0000	0.0000	0.0000	0.0000	2.0666	2.0000	3.0001	3.0000	0.0000	0.0000	0.0000	0.0000	0.0000	0.0000	0.0000	0.0000	0.0000	0.0000	0.0000	0.0000	0.0000	0.0000	0.0000	0.0000	0.0000	0.0000	0.1040	0.0921	0.0119	0.0267	0.0252	0.0015	0.0773	0.0668	0.0104	0.0803	0.0268	0.0535	0.0042	0.0026	0.0017	0.0761	0.0242	0.0519	0.0000	0.0000	0.0000	0.0000	0.0000	0.0000	0.0000	0.0000	0.0000	0.0000	0.0000	0.0000	0.0000	0.0000	0.0000	0.0000	0.0000	0.0000											
1	91	0.1213	3	0	0	1	1	0	0	0	0	N	N	N	N	N	N	N	N	N	N	N	N	21.9665	0.1352	inf	1.2945	0.0615	inf	inf	inf	0.0300	0.0005	0.2184	0.0243	0.0016	0.3782	0.0325	0.0000	0.1926	0.0014	0.0040	0.0000	0.0188	0.0259	0.0000	0.0000	0.0000	0.0000	63.4349	0.0000	0.0030	-0.0000	2.0666	2.0705	3.0001	0.0351	0.0039	0.0001	0.0038	0.0010	0.0001	0.0009	0.0029	0.0000	0.0029	0.0001	0.0001	0.0000	0.0001	0.0001	0.0000	0.0000	0.0000	0.0000	0.1290	0.1116	0.0174	0.0401	0.0377	0.0024	0.0889	0.0739	0.0150	0.0367	0.0126	0.0241	0.0027	0.0019	0.0007	0.0340	0.0106	0.0233	21.9665	0.1352	inf	1.2945	0.0615	inf	inf	0.0000	inf	0.0014	0.0040	0.0000	0.0188	0.0259	0.0000	0.0000	0.0000	0.0000	
1	92	0.0959	2	0	0	1	1	0	0	0	0	N	N	N	N	N	N	N	N	N	N	N	N	19.7079	6.0894	161.9471	5.0683	4.4372	11937.7393	37.9951	0.0810	185.2693	0.0341	0.0172	0.1582	0.0379	0.0394	0.0097	0.0317	0.0010	0.1878	0.0017	0.0028	0.0010	0.0075	0.0089	0.0000	0.0008	0.0124	0.0010	1.2584	0.5000	0.0031	-0.0000	2.0666	3.4249	3.0001	0.1413	0.0087	0.0038	0.0048	0.0038	0.0037	0.0000	0.0049	0.0001	0.0048	0.0001	0.0001	0.0000	0.0001	0.0001	0.0000	0.0000	0.0000	0.0000	0.2539	0.2234	0.0305	0.0990	0.0939	0.0051	0.1549	0.1295	0.0254	0.0693	0.0284	0.0410	0.0094	0.0079	0.0015	0.0600	0.0205	0.0395	19.7079	6.0894	161.9471	5.0683	4.4372	11937.7393	37.9951	2.0534	185.2693	0.0017	0.0028	0.0010	0.0075	0.0089	0.0000	0.0008	0.0005	0.0010
1	98	0.2327	7	0	0	1	1	0	0	0	0	N	N	N	N	N	N	N	N	N	N	N	N	2.1127	1.3355	0.0000	0.1328	0.1232	0.0000	5293871.8413	inf	0.0000	0.1067	0.1192	0.0000	0.0177	0.0196	0.0000	0.1977	0.2230	0.0000	0.0505	0.0892	0.0000	0.1333	0.1591	0.0000	0.0000	0.0000	0.0000	0.0000	0.0000	-0.0089	-0.0088	2.0666	4.9999	3.0001	9.0821	0.0450	0.0450	0.0000	0.0038	0.0038	0.0000	0.0412	0.0412	0.0000	0.0118	0.0118	0.0000	0.0118	0.0118	0.0000	0.0000	0.0000	0.0000	0.4216	0.3773	0.0443	0.2132	0.1926	0.0206	0.2084	0.1847	0.0237	0.2327	0.1317	0.1011	0.0882	0.0738	0.0143	0.1446	0.0578	0.0868	2.1127	1.3355	0.0000	0.1328	0.1232	0.0000	5293871.8413	inf	0.0000	0.0505	0.0892	0.0000	0.1333	0.1591	0.0000	0.0000	0.0000	0.0000
2	3	0.1021	2	0	1	0	1	0	0	0	0	N	N	N	N	N	N	N	N	N	N	N	N	inf	inf	inf	inf	inf	inf	inf	inf	inf	1.2346	1.3904	0.0204	2.4255	2.6516	0.0078	0.4339	0.4964	0.0258	0.0000	0.0000	0.0000	0.0000	0.0000	0.0000	0.0000	0.0000	0.0000	0.0019	-0.1792	0.0000	4.9334	4.5862	7.0001	2.3929	0.9147	0.9130	0.0017	0.7225	0.7223	0.0002	0.1922	0.1907	0.0015	0.0000	0.0000	0.0000	0.0000	0.0000	0.0000	0.0000	0.0000	0.0000	0.7409	0.6566	0.0843	0.2979	0.2724	0.0255	0.4430	0.3842	0.0588	0.2058	0.0640	0.1418	0.0139	0.0135	0.0004	0.1919	0.0505	0.1414	inf	inf	inf	inf	inf	inf	inf	inf	inf	0.0000	0.0000	0.0000	0.0000	0.0000	0.0000	0.0000	0.0000	0.0000	
2	5	0.1526	3	1	1	0	1	0	0	0	0	N	N	N	N	N	N	N	N	N	N	N	N	0.0000	0.0000	0.0000	0.0000	0.0000	0.0000	0.0000	0.0000	0.0000	0.0000	0.0000	0.0000	0.0000	0.0000	0.0000	0.0000	0.0000	0.0000	0.0000	0.0000	4.9334	0.0000	7.0001	3.0000	0.0000	0.0000	0.0000	0.0000	0.0000	0.0000	0.0000	0.0000	0.0000	0.0000	0.0000	0.0000	0.0000	0.0000	0.0000	0.0000	0.0000	0.0000	0.0000	0.0000	0.0000	0.0000	0.0000	0.0000	0.0000	0.0000	0.0000	0.0757	0.0253	0.0504	0.0112	0.0073	0.0039	0.0646	0.0180	0.0465	0.0000	0.0000	0.0000	0.0000	0.0000	0.0000	0.0000	0.0000	0.0000	0.0000	0.0000	0.0000	0.0000	0.0000	0.0000	0.0000	0.0000	0.0000											
2	6	0.1526	3	1	0	1	1	0	0	0	0	N	N	N	N	N	N	N	N	N	N	N	N	0.0000	0.0000	0.0000	0.0000	0.0000	0.0000	0.0000	0.0000	0.0000	0.0000	0.0000	0.0000	0.0000	0.0000	0.0000	0.0000	0.0000	0.0000	0.0000	0.0000	4.9334	2.0000	7.0001	4.0000	0.0000	0.0000	0.0000	0.0000	0.0000	0.0000	0.0000	0.0000	0.0000	0.0000	0.0000	0.0000	0.0000	0.0000	0.0000	0.0000	0.0000	0.0000	0.1818	0.1609	0.0209	0.0505	0.0479	0.0027	0.1313	0.1131	0.0182	0.1446	0.0485	0.0961	0.0212	0.0136	0.0076	0.1234	0.0348	0.0885	0.0000	0.0000	0.0000	0.0000	0.0000	0.0000	0.0000	0.0000	0.0000	0.0000	0.0000	0.0000	0.0000	0.0000	0.0000	0.0000	0.0000	0.0000											
2	7	0.2058	5	1	1	0	2	0	0	0	0	N	N	N	Y	N	N	N	N	N	N	N	N	inf	inf	inf	inf	0.6582	0.0000	5.0603	1.1482	0.0000	8.8242	0.0000	0.0000	0.0000	0.0000	0.0000	0.0000	0.0000	0.0000	0.0000	0.0000	0.0000	0.0000	inf	0.0000	0.0000	4.9334	0.0001	7.0001	0.9907	0.0000	0.0000	0.0000	0.0000	0.0000	0.0000	0.0000	0.0000	0.0000	0.0000	0.0000	0.0000	0.0000	0.0000	0.0000	0.0000	0.0000	0.0000	0.0000	0.0000	0.0000	0.0000	0.0000	0.0000	0.0000	0.0000	0.0000	0.0360	0.0123	0.0238	0.0022	0.0015	0.0007	0.0338	0.0108	0.0230	inf	0.0000	inf	inf	0.0000	inf	0.0000	0.0000	0.0000	0.0000	0.0000	0.0000	0.0000	0.0000	0.0000	0.0000	0.0000	0.0000						
2	8	0.1526	3	1	0	1	1	0	0	0	0	N	N	N	N	N	N	N	N	N	N	N	N	0.0000	0.0000	0.0000	0.0000	0.0000	0.0000	0.0000	0.0000	0.0000	0.0000	0.0000	0.0000	0.0000	0.0000	0.0000	0.0000	0.0000	0.0000	0.0000	0.0000	4.9334	1.0000	7.0001	2.0000	0.0000	0.0000	0.0000	0.0000	0.0000	0.0000	0.0000	0.0000	0.0000	0.0000	0.0000	0.0000	0.0000	0.0000	0.0000	0.0000	0.0000	0.0000	0.0922	0.0816	0.0106	0.0258	0.0244	0.0014	0.0664	0.0572	0.0093	0.0757	0.0253	0.0504	0.0112	0.0073	0.0039	0.0646	0.0180	0.0465	0.0000	0.0000	0.0000	0.0000	0.0000	0.0000	0.0000	0.0000	0.0000	0.0000	0.0000	0.0000	0.0000	0.0000	0.0000	0.0000	0.0000	0.0000											
2	9	0.2575	6	0	0	1	1	0	0	0	0	N	N	N	N	N	N	N	N	N	N	N	N	inf	inf	inf	inf	0.0069	0.0000	0.0876	0.0106	0.0000	0.2834	0.0000	0.0000	0.0000	0.0000	0.0000	0.0000	0.0000	0.0000	0.0000	0.0000	0.0000	0.0000	inf	0.0000	0.0000	4.9334	0.0035	7.0001	1.9666	0.0000	0.0000	0.0000	0.0000	0.0000	0.0000	0.0000	0.0000	0.0000	0.0000	0.0000	0.0000	0.0000	0.0000	0.0000	0.0000	0.0000	0.0000	0.0015	0.0013	0.0001	0.0009	0.0009	0.0000	0.0005	0.0004	0.0001	0.0439	0.0196	0.0243	0.0117	0.0087	0.0030	0.0322	0.0109	0.0213	inf	0.0000	inf	inf	0.0000	inf	0.0000	0.0000	0.0000	0.0000	0.0000	0.0000	0.0000	0.0000	0.0000	0.0000	0.0000	0.0000						
2	10	0.1262	3	0	0	1	1	0	0	0	0	N	N	N	N	N	N	N	N	N	N	N	N	0.0322	0.0000	496578.7052	0.0071	0.0000	2931.3887	inf	inf	0.0008	0.0000	0.0069	0.0011	0.0000	0.0146	0.0004	0.0000	0.0029	0.0240	0.0672	0.0000	0.1611	0.1631	0.0000	0.0000	0.0000	0.0000	inf	0.0000	0.0003	-0.0036	4.9334	1.9652	7.0001	3.8608	0.0004	0.0000	0.0004	0.0003	0.0000	0.0003	0.0001	0.0000	0.0001	0.0048	0.0048	0.0000	0.0048	0.0048	0.0000	0.0000	0.0000	0.0000	0.4667	0.4145	0.0522	0.2287	0.2109	0.0179	0.2380	0.2037	0.0344	0.2016	0.0719	0.1297	0.0300	0.0296	0.0004	0.1716	0.0423	0.1293	0.0322	0.0000	496578.7052	0.0071	0.0000	2931.3887	inf	0.0000	inf	0.0240	0.0672	0.0000	0.1611	0.1631	0.0000	0.0000	0.0000	0.0000	
2	11	0.1526	3	1	1	0	1	0	0	0	0	N	N	N	N	N	N	N	N	N	N	N	N	0.0000	0.0000	0.0000	0.0000	0.0000	0.0000	0.0000	0.0000	0.0000	0.0000	0.0000	0.0000	0.0000	0.0000	0.0000	9.6520	14.3785	7.2642	0.0000	0.0000	0.0000	11.3034	19.8282	7.9049	1.0000	0.0000	-0.4979	4.9334	1.0000	7.0001	8.0000	0.0000	0.0000	0.0000	0.0000	0.0000	0.0000	0.0000	0.0000	0.0000	2.0000	1.0000	1.0000	0.0000	0.0000	0.0000	2.0000	1.0000	1.0000	0.0922	0.0816	0.0106	0.0258	0.0244	0.0014	0.0664	0.0572	0.0093	0.2072	0.0695	0.1377	0.0303	0.0191	0.0112	0.1769	0.0504	0.1265	0.0000	0.0000	0.0000	0.0000	0.0000	0.0000	0.0000	0.0000	0.0000	9.6520	14.3785	7.2642	0.0000	0.0000	0.0000	11.3034	19.8282	7.9049				
2	12	0.1836	4	0	0	1	2	0	0	0	0	N	N	N	Y	N	N	N	N	N	N	N	N	0.0000	0.0000	0.0000	0.0000	0.0000	0.0000	0.0000	0.0000	0.0000	0.0000	0.0000	0.0000	0.0000	0.0000	0.0000	0.0000	0.0000	0.0000	0.0000	0.0000	4.9334	0.0000	7.0001	1.0000	0.0000	0.0000	0.0000	0.0000	0.0000	0.0000	0.0000	0.0000	0.0000	0.0000	0.0000	0.0000	0.0000	0.0000	0.0000	0.0000	0.0000	0.0000	0.0000	0.0000	0.0000	0.0000	0.0000	0.0000	0.0000	0.0000	0.0000	0.0359	0.0120	0.0239	0.0019	0.0011	0.0007	0.0340	0.0109	0.0231	0.0000	0.0000	0.0000	0.0000	0.0000	0.0000	0.0000	0.0000	0.0000	0.0000	0.0000	0.0000	0.0000	0.0000	0.0000	0.0000	0.0000	0.0000											
2	13	0.1526	3	0	1	0	1	0	0	0	0	N	N	N	N	N	N	N	N	N	N	N	N	0.0000	0.0000	0.0000	0.0000	0.0000	0.0000	0.0000	0.0000	0.0000	0.0000	0.0000	0.0000	0.0000	0.0000	0.0000	0.0000	0.0000	0.0000	0.0000	0.0000	4.9334	1.0000	7.0001	1.0000	0.0000	0.0000	0.0000	0.0000	0.0000	0.0000	0.0000	0.0000	0.0000	0.0000	0.0000	0.0000	0.0000	0.0000	0.0000	0.0000	0.0000	0.0000	0.0922	0.0816	0.0106	0.0258	0.0244	0.0014	0.0664	0.0572	0.0093	0.0513	0.0172	0.0341	0.0076	0.0050	0.0026	0.0437	0.0122	0.0315	0.0000	0.0000	0.0000	0.0000	0.0000	0.0000	0.0000	0.0000	0.0000	0.0000	0.0000	0.0000	0.0000	0.0000	0.0000	0.0000	0.0000	0.0000											
2	14	0.1983	5	0	0	0	2	0	0	0	0	N	N	N	Y	N	N	N	N	N	N	N	N	0.0000	0.0000	0.0000	0.0000	0.0000	0.0000	0.0000	0.0000	0.0000	0.0000	0.0000	0.0000	0.0000	0.0000	0.0000	0.0000	0.0000	0.0000	0.0000	0.0000	4.9334	1.0000	7.0001	0.9994	0.0000	0.0000	0.0000	0.0000	0.0000	0.0000	0.0000	0.0000	0.0000	0.0000	0.0000	0.0000	0.0000	0.0000	0.0000	0.0000	0.0000	0.0000	0.1147	0.1015	0.0132	0.0283	0.0266	0.0018	0.0864	0.0749	0.0114	0.0706	0.0235	0.0471	0.0038	0.0021	0.0016	0.0668	0.0213	0.0455	0.0000	0.0000	0.0000	0.0000	0.0000	0.0000	0.0000	0.0000	0.0000	0.0000	0.0000	0.0000	0.0000	0.0000	0.0000	0.0000	0.0000	0.0000											
2	15	0.1526	3	0	1	0	1	0	0	0	0	N	N	N	N	N	N	N	N	N	N	N	N	0.0000	0.0000	0.0000	0.0000	0.0000	0.0000	0.0000	0.0000	0.0000	0.0000	0.0000	0.0000	0.0000	0.0000	0.0000	0.0000	0.0000	0.0000	0.0000	0.0000	4.9334	0.0000	7.0001	2.0000	0.0000	0.0000	0.0000	0.0000	0.0000	0.0000	0.0000	0.0000	0.0000	0.0000	0.0000	0.0000	0.0000	0.0000	0.0000	0.0000	0.0000	0.0000	0.0000	0.0000	0.0000	0.0000	0.0000	0.0000	0.0000	0.0000	0.0000	0.0513	0.0172	0.0341	0.0076	0.0050	0.0026	0.0437	0.0122	0.0315	0.0000	0.0000	0.0000	0.0000	0.0000	0.0000	0.0000	0.0000	0.0000	0.0000	0.0000	0.0000	0.0000	0.0000	0.0000	0.0000	0.0000	0.0000											
2	16	0.1983	5	0	1	0	2	0	0	0	0	N	N	N	Y	N	N	N	N	N	N	N	N	0.0000	0.0000	0.0000	0.0000	0.0000	0.0000	0.0000	0.0000	0.0000	0.0000	0.0000	0.0000	0.0000	0.0000	0.0000	0.0000	0.0000	0.0000	0.0000	0.0000	4.9334	2.0000	7.0001	2.0010	0.0000	0.0000	0.0000	0.0000	0.0000	0.0000	0.0000	0.0000	0.0000	0.0000	0.0000	0.0000	0.0000	0.0000	0.0000	0.0000	0.0000	0.0000	0.2244	0.1987	0.0257	0.0548	0.0514	0.0034	0.1696	0.1473	0.0223	0.1357	0.0452	0.0906	0.0072	0.0040	0.0032	0.1285	0.0412	0.0874	0.0000	0.0000	0.0000	0.0000	0.0000	0.0000	0.0000	0.0000	0.0000	0.0000	0.0000	0.0000	0.0000	0.0000	0.0000	0.0000	0.0000	0.0000											
2	17	0.1676	4	1	1	0	1	0	0	0	0	N	N	N	N	N	N	N	N	N	N	N	N	0.3131	0.1446	0.1924	0.1626	0.1053	0.1150	0.0000	0.2667	0.2764	0.0000	0.0000	0.0000	0.0000	0.3363	0.7957	0.0000	1.3858	1.6994	0.0000	0.0000	0.0000	0.0000	0.0000	0.0000	-0.0000	-0.0079	4.9334	0.0017	7.0001	0.9948	0.0000	0.0000	0.0000	0.0000	0.0000	0.0000	0.0000	0.0000	0.0000	0.0105	0.0105	0.0000	0.0105	0.0105	0.0000	0.0000	0.0000	0.0000	0.0004	0.0003	0.0000	0.0001	0.0001	0.0000	0.0002	0.0002	0.0000	0.0312	0.0132	0.0180	0.0076	0.0062	0.0014	0.0236	0.0070	0.0166	0.3131	0.1446	0.0000	0.1924	0.1626	0.0000	0.0000	0.0000	0.0000	0.3363	0.7957	0.0000	1.3858	1.6994	0.0000	0.0000	0.0000	0.0000					
2	18	0.2209	5	0	1	0	1	0	0	0	0	N	N	N	N	N	N	N	N	N	N	N	N	0.0000	0.0000	0.0000	0.0000	0.0000	0.0000	0.0000	0.0000	0.0000	0.0000	0.0000	0.0000	0.0000	0.0000	0.0000	0.0000	0.0000	0.0000	0.0000	0.0000	4.9334	0.0000	7.0001	0.0000	0.0000	0.0000	0.0000	0.0000	0.0000	0.0000	0.0000	0.0000	0.0000	0.0000	0.0000	0.0000	0.0000	0.0000	0.0000	0.0000	0.0000	0.0000	0.0000	0.0000	0.0000	0.0000	0.0000	0.0000	0.0000	0.0000	0.0000	0.0000	0.0000	0.0000	0.0000	0.0000	0.0000	0.0000	0.0000	0.0000	0.0000	0.0000	0.0000	0.0000	0.0000	0.0000	0.0000	0.0000	0.0000	0.0000	0.0000	0.0000	0.0000	0.0000	0.0000	0.0000	0.0000	0.0000											
2	20	0.1742	4	1	0	1	1	0	0	0	0	N	N	N	N	N	N	N	N	N	N	N	N	0.0000	0.0000	0.0000	0.0000	0.0000	0.0000	0.0000	0.0000	0.0000	0.0000	0.0000	0.0000	0.0000	0.0000	0.0000	0.0000	0.0000	0.0000	0.0000	0.0000	4.9334	0.9718	7.0001	0.9404	0.0000	0.0000	0.0000	0.0000	0.0000	0.0000	0.0000	0.0000	0.0000	0.0000	0.0000	0.0000	0.0000	0.0000	0.0000	0.0000	0.0000	0.0000	0.1031	0.0914	0.0118	0.0225	0.0213	0.0012	0.0806	0.0700	0.0106	0.0689	0.0261	0.0428	0.0164	0.0140	0.0025	0.0524	0.0122	0.0403	0.0000	0.0000	0.0000	0.0000	0.0000	0.0000	0.0000	0.0000	0.0000	0.0000	0.0000	0.0000	0.0000	0.0000	0.0000	0.0000	0.0000	0.0000											
2	21	0.2497	5	0	1	0	1	0	0	0	0	N	N	N	N	N	N	N	N	N	N	N	N	inf	inf	inf	inf	0.0001	0.0000	0.0006	0.0002	0.0000	0.0019	0.0000	0.0000	0.0000	0.0000	0.0000	0.0000	0.0000	0.0000	0.0000	0.0000	0.0000	0.0000	inf	0.0000	0.0000	4.9334	0.9958	7.0001	0.0079	0.0000	0.0000	0.0000	0.0000	0.0000	0.0000	0.0000	0.0000	0.0000	0.0000	0.0000	0.0000	0.0000	0.0000	0.0000	0.0000	0.0000	0.0000	0.1422	0.1268	0.0154	0.0621	0.0569	0.0052	0.0801	0.0700	0.0101	0.0233	0.0105	0.0128	0.0063	0.0047	0.0015	0.0170	0.0057	0.0112	inf	0.0000	inf	inf	0.0000	inf	0.0000	0.0000	0.0000	0.0000	0.0000	0.0000	0.0000	0.0000	0.0000	0.0000	0.0000	0.0000						
2	22	0.2062	5	0	1	0	1	0	0	0	0	N	N	N	N	N	N	N	N	N	N	N	N	13485.9901	6628.2030	10206.0194	8783.5804	3.7306	4.1829	0.0000	10.7574	11.6069	0.0000	0.0000	0.0000	0.0000	0.0003	0.0006	0.0000	0.0011	0.0013	0.0000	0.0000	0.0000	0.0000	0.0000	0.0000	-0.3798	-0.0001	4.9334	4.0220	7.0001	5.3698	1.9200	1.9200	0.0000	1.9200	1.9200	0.0000	0.0000	0.0000	0.0000	0.0001	0.0001	0.0000	0.0001	0.0001	0.0000	0.0000	0.0000	0.0000	0.5147	0.4590	0.0556	0.1785	0.1654	0.0131	0.3362	0.2936	0.0426	0.2530	0.1109	0.1421	0.0664	0.0530	0.0134	0.1866	0.0580	0.1287	13485.9901	6628.2030	0.0000	10206.0194	8783.5804	0.0000	0.0000	0.0000	0.0000	0.0003	0.0006	0.0000	0.0011	0.0013	0.0000	0.0000	0.0000	0.0000					
2	23	0.1526	3	1	1	0	1	0	0	0	0	N	N	N	N	N	N	N	N	N	N	N	N	0.0000	0.0000	0.0000	0.0000	0.0000	0.0000	0.0000	0.0000	0.0000	0.0000	0.0000	0.0000	0.0000	0.0000	0.0000	0.0000	0.0000	0.0000	0.0000	0.0000	4.9334	0.0000	7.0001	3.0000	0.0000	0.0000	0.0000	0.0000	0.0000	0.0000	0.0000	0.0000	0.0000	0.0000	0.0000	0.0000	0.0000	0.0000	0.0000	0.0000	0.0000	0.0000	0.0000	0.0000	0.0000	0.0000	0.0000	0.0000	0.0000	0.0000	0.0000	0.0757	0.0253	0.0504	0.0112	0.0073	0.0039	0.0646	0.0180	0.0465	0.0000	0.0000	0.0000	0.0000	0.0000	0.0000	0.0000	0.0000	0.0000	0.0000	0.0000	0.0000	0.0000	0.0000	0.0000	0.0000	0.0000	0.0000											
2	24	0.2729	7	0	1	0	1	0	0	0	0	N	N	N	N	N	N	N	N	N	N	N	N	0.0000	0.0000	0.0000	0.0000	0.0000	0.0000	0.0000	0.0000	0.0000	0.0000	0.0000	0.0000	0.0000	0.0000	0.0000	0.0000	0.0000	0.0000	0.0000	0.0000	4.9334	0.0018	7.0001	0.9893	0.0000	0.0000	0.0000	0.0000	0.0000	0.0000	0.0000	0.0000	0.0000	0.0000	0.0000	0.0000	0.0000	0.0000	0.0000	0.0000	0.0000	0.0000	0.0007	0.0006	0.0000	0.0005	0.0005	0.0000	0.0002	0.0002	0.0000	0.0220	0.0102	0.0118	0.0060	0.0045	0.0015	0.0160	0.0057	0.0103	0.0000	0.0000	0.0000	0.0000	0.0000	0.0000	0.0000	0.0000	0.0000	0.0000	0.0000	0.0000	0.0000	0.0000	0.0000	0.0000	0.0000	0.0000											
2	26	0.1526	3	0	1	0	1	0	0	0	0	N	N	N	N	N	N	N	N	N	N	N	N	0.0000	0.0000	0.0000	0.0000	0.0000	0.0000	0.0000	0.0000	0.0000	0.0000	0.0000	0.0000	0.0000	0.0007	0.0022	0.0000	0.0050	0.0077	0.0000	0.0000	0.0000	0.0000	0.0000	0.0000	-0.0001	4.9334	1.0000	7.0001	4.0000	0.0000	0.0000	0.0000	0.0000	0.0000	0.0000	0.0000	0.0000	0.0000	0.0001	0.0001	0.0000	0.0001	0.0001	0.0000	0.0000	0.0000	0.0000	0.0922	0.0816	0.0106	0.0258	0.0244	0.0014	0.0664	0.0572	0.0093	0.1224	0.0410	0.0814	0.0180	0.0116	0.0064	0.1044	0.0294	0.0750	0.0000	0.0000	0.0000	0.0000	0.0000	0.0000	0.0000	0.0000	0.0000	0.0007	0.0022	0.0000	0.0050	0.0077	0.0000	0.0000	0.0000	0.0000						
2	27	0.1526	3	0	1	0	1	0	0	0	0	N	N	N	N	N	N	N	N	N	N	N	N	0.0000	0.0000	0.0000	0.0000	0.0000	0.0000	0.0000	0.0000	0.0000	0.0000	0.0000	0.0000	0.0000	0.0000	0.0000	0.0000	0.0000	0.0000	0.0000	0.0000	4.9334	1.0000	7.0001	2.0000	0.0000	0.0000	0.0000	0.0000	0.0000	0.0000	0.0000	0.0000	0.0000	0.0000	0.0000	0.0000	0.0000	0.0000	0.0000	0.0000	0.0000	0.0000	0.0922	0.0816	0.0106	0.0258	0.0244	0.0014	0.0664	0.0572	0.0093	0.0757	0.0253	0.0504	0.0112	0.0073	0.0039	0.0646	0.0180	0.0465	0.0000	0.0000	0.0000	0.0000	0.0000	0.0000	0.0000	0.0000	0.0000	0.0000	0.0000	0.0000	0.0000	0.0000	0.0000	0.0000	0.0000	0.0000											
2	29	0.1300	3	0	1	0	1	0	0	0	0	N	N	N	N	N	N	N	N	N	N	N	N	0.8463	0.3278	0.1524	0.1116	inf	inf	0.0004	0.0005	0.0000	0.0005	0.0005	0.0000	0.0004	0.0005	0.0000	0.0005	0.0014	0.0000	0.0033	0.0048	0.0000	0.0000	0.0000	0.0000	0.0000	0.0000	-0.0001	-0.0001	4.9334	7.9836	7.0001	2.1583	0.0004	0.0004	0.0000	0.0001	0.0001	0.0000	0.0003	0.0003	0.0000	0.0001	0.0001	0.0000	0.0001	0.0001	0.0000	0.0000	0.0000	0.0000	0.8740	0.7805	0.0936	0.2206	0.2064	0.0142	0.6535	0.5741	0.0794	0.2599	0.0899	0.1700	0.0397	0.0272	0.0125	0.2202	0.0627	0.1575	0.8463	0.3278	0.0000	0.1524	0.1116	0.0000	inf	inf	0.0000	0.0005	0.0014	0.0000	0.0033	0.0048	0.0000	0.0000	0.0000	0.0000			
2	33	0.1705	4	1	0	1	1	0	0	0	0	N	N	N	N	N	N	N	N	N	N	N	N	0.0000	0.0000	0.0000	0.0000	0.0000	0.0000	0.0000	0.0000	0.0000	0.0000	0.0000	0.0000	0.0000	0.0010	0.0026	0.0000	0.0061	0.0071	0.0000	0.0000	0.0000	0.0000	0.0000	0.0000	-0.0001	4.9334	0.9991	7.0001	2.0219	0.0000	0.0000	0.0000	0.0000	0.0000	0.0000	0.0000	0.0000	0.0000	0.0001	0.0001	0.0000	0.0001	0.0001	0.0000	0.0000	0.0000	0.0000	0.0922	0.0816	0.0106	0.0259	0.0246	0.0014	0.0663	0.0570	0.0093	0.0943	0.0340	0.0604	0.0147	0.0127	0.0020	0.0796	0.0213	0.0584	0.0000	0.0000	0.0000	0.0000	0.0000	0.0000	0.0000	0.0000	0.0000	0.0010	0.0026	0.0000	0.0061	0.0071	0.0000	0.0000	0.0000	0.0000						
2	35	0.1705	4	1	0	1	1	0	0	0	0	N	N	N	N	N	N	N	N	N	N	N	N	0.0000	0.0000	0.0000	0.0000	0.0000	0.0000	0.0000	0.0000	0.0000	0.0000	0.0000	0.0000	0.0000	0.0000	0.0000	0.0000	0.0000	0.0000	0.0000	0.0000	0.0000	0.0000	0.0000	0.0000	inf	0.0000	0.0000	4.9334	0.0009	7.0001	1.9867	0.0000	0.0000	0.0000	0.0000	0.0000	0.0000	0.0000	0.0000	0.0000	0.0000	0.0000	0.0000	0.0000	0.0000	0.0000	0.0000	0.0000	0.0000	0.0002	0.0001	0.0000	0.0001	0.0001	0.0000	0.0001	0.0001	0.0000	0.0679	0.0257	0.0422	0.0122	0.0109	0.0013	0.0556	0.0148	0.0409	0.0000	0.0000	0.0000	0.0000	0.0000	0.0000	0.0000	0.0000	0.0000	0.0000	0.0000	0.0000	0.0000	0.0000	0.0000	0.0000	0.0000	0.0000				
2	36	0.1526	3	1	0	1	1	0	0	0	0	N	N	N	N	N	N	N	N	N	N	N	N	0.0000	0.0000	0.0000	0.0000	0.0000	0.0000	0.0000	0.0000	0.0000	0.0000	0.0000	0.0000	0.0000	0.0000	0.0000	0.0000	0.0000	0.0000	0.0000	0.0000	0.0000	0.0000	0.0000	0.0000	-0.0000	4.9334	1.0009	7.0001	2.0357	0.0000	0.0000	0.0000	0.0000	0.0000	0.0000	0.0000	0.0000	0.0000	0.0000	0.0000	0.0000	0.0000	0.0000	0.0000	0.0000	0.0000	0.0000	0.0923	0.0817	0.0106	0.0258	0.0245	0.0014	0.0665	0.0572	0.0093	0.0766	0.0256	0.0510	0.0113	0.0074	0.0039	0.0653	0.0183	0.0471	0.0000	0.0000	0.0000	0.0000	0.0000	0.0000	0.0000	0.0000	0.0000	0.0000	0.0000	0.0000	0.0000	0.0000	0.0000	0.0000	0.0000	0.0000						
2	37	0.1526	3	1	0	1	1	0	0	0	0	N	N	N	N	N	N	N	N	N	N	N	N	0.0000	0.0000	0.0000	0.0000	0.0000	0.0000	0.0000	0.0000	0.0000	0.0000	0.0000	0.0000	0.0000	0.0000	0.0000	0.0000	0.0000	0.0000	0.0000	0.0000	4.9334	1.0000	7.0001	3.0000	0.0000	0.0000	0.0000	0.0000	0.0000	0.0000	0.0000	0.0000	0.0000	0.0000	0.0000	0.0000	0.0000	0.0000	0.0000	0.0000	0.0000	0.0000	0.0922	0.0816	0.0106	0.0258	0.0244	0.0014	0.0664	0.0572	0.0093	0.0994	0.0333	0.0661	0.0146	0.0095	0.0051	0.0848	0.0238	0.0610	0.0000	0.0000	0.0000	0.0000	0.0000	0.0000	0.0000	0.0000	0.0000	0.0000	0.0000	0.0000	0.0000	0.0000	0.0000	0.0000	0.0000	0.0000											
2	40	0.1865	6	1	1	1	1	0	0	0	0	N	N	N	N	N	N	N	N	N	N	N	N	0.0000	0.0000	0.0000	0.0000	0.0000	0.0000	0.0000	0.0000	0.0000	0.0000	0.0000	0.0000	0.0000	0.0000	0.0000	0.0000	0.0000	0.0000	0.0000	0.0000	4.9334	0.0000	7.0001	0.0000	0.0000	0.0000	0.0000	0.0000	0.0000	0.0000	0.0000	0.0000	0.0000	0.0000	0.0000	0.0000	0.0000	0.0000	0.0000	0.0000	0.0000	0.0000	0.0000	0.0000	0.0000	0.0000	0.0000	0.0000	0.0000	0.0000	0.0000	0.0000	0.0000	0.0000	0.0000	0.0000	0.0000	0.0000	0.0000	0.0000	0.0000	0.0000	0.0000	0.0000	0.0000	0.0000	0.0000	0.0000	0.0000	0.0000	0.0000	0.0000	0.0000	0.0000	0.0000	0.0000	0.0000	0.0000											
2	41	0.1865	5	1	1	1	1	0	0	0	0	N	N	N	N	N	N	N	N	N	N	N	N	0.0000	0.0000	0.0000	0.0000	0.0000	0.0000	0.0000	0.0000	0.0000	0.0000	0.0000	0.0000	0.0000	0.0000	0.0000	0.0000	0.0000	0.0000	0.0000	0.0000	4.9334	1.0000	7.0001	1.9999	0.0000	0.0000	0.0000	0.0000	0.0000	0.0000	0.0000	0.0000	0.0000	0.0000	0.0000	0.0000	0.0000	0.0000	0.0000	0.0000	0.0000	0.0000	0.1019	0.0901	0.0118	0.0212	0.0200	0.0012	0.0807	0.0701	0.0106	0.0787	0.0260	0.0527	0.0113	0.0074	0.0039	0.0675	0.0186	0.0489	0.0000	0.0000	0.0000	0.0000	0.0000	0.0000	0.0000	0.0000	0.0000	0.0000	0.0000	0.0000	0.0000	0.0000	0.0000	0.0000	0.0000	0.0000											
2	42	0.2234	4	1	1	0	1	0	0	0	0	N	N	N	N	N	N	N	N	N	N	N	N	0.8034	0.3211	inf	0.0655	0.0320	inf	inf	inf	0.7869	0.7811	0.8395	0.2987	0.1593	1.6256	1.3510	1.5058	0.0000	0.9794	2.4327	0.0000	4.5616	4.9852	0.0000	0.0000	0.0000	0.0000	0.1176	0.0000	-0.0000	-0.0631	4.9334	0.0007	7.0001	2.0242	0.0002	0.0002	0.0000	0.0000	0.0000	0.0000	0.0002	0.0002	0.0000	0.0843	0.0843	0.0000	0.0843	0.0843	0.0000	0.0000	0.0000	0.0000	0.0002	0.0002	0.0000	0.0001	0.0001	0.0000	0.0001	0.0001	0.0000	0.0860	0.0346	0.0514	0.0185	0.0169	0.0016	0.0676	0.0177	0.0498	0.8034	0.3211	inf	0.0655	0.0320	inf	inf	inf	0.0000	0.9794	2.4327	0.0000	4.5616	4.9852	0.0000	0.0000	0.0000	0.0000	
2	43	0.1266	2	0	1	0	2	0	0	0	0	N	N	N	Y	N	N	N	N	N	N	N	N	0.0000	0.0000	0.0000	0.0000	0.0000	0.0000	0.0000	0.0000	0.0000	0.0000	0.0000	0.0000	0.0000	0.0000	0.0000	0.0000	0.0000	0.0000	0.0000	0.0000	4.9334	0.0000	7.0001	0.0000	0.0000	0.0000	0.0000	0.0000	0.0000	0.0000	0.0000	0.0000	0.0000	0.0000	0.0000	0.0000	0.0000	0.0000	0.0000	0.0000	0.0000	0.0000	0.0000	0.0000	0.0000	0.0000	0.0000	0.0000	0.0000	0.0000	0.0000	0.0000	0.0000	0.0000	0.0000	0.0000	0.0000	0.0000	0.0000	0.0000	0.0000	0.0000	0.0000	0.0000	0.0000	0.0000	0.0000	0.0000	0.0000	0.0000	0.0000	0.0000	0.0000	0.0000	0.0000	0.0000	0.0000	0.0000											
2	44	0.1266	2	0	0	0	2	0	0	0	0	N	N	N	Y	N	N	N	N	N	N	N	N	0.0000	0.0000	0.0000	0.0000	0.0000	0.0000	0.0000	0.0000	0.0000	0.0000	0.0000	0.0000	0.0000	0.0000	0.0000	0.0000	0.0000	0.0000	0.0000	0.0000	4.9334	0.0000	7.0001	0.0000	0.0000	0.0000	0.0000	0.0000	0.0000	0.0000	0.0000	0.0000	0.0000	0.0000	0.0000	0.0000	0.0000	0.0000	0.0000	0.0000	0.0000	0.0000	0.0000	0.0000	0.0000	0.0000	0.0000	0.0000	0.0000	0.0000	0.0000	0.0000	0.0000	0.0000	0.0000	0.0000	0.0000	0.0000	0.0000	0.0000	0.0000	0.0000	0.0000	0.0000	0.0000	0.0000	0.0000	0.0000	0.0000	0.0000	0.0000	0.0000	0.0000	0.0000	0.0000	0.0000	0.0000	0.0000											
2	46	0.1526	3	1	0	1	1	0	0	0	0	N	N	N	N	N	N	N	N	N	N	N	N	0.0000	0.0000	0.0000	0.0000	0.0000	0.0000	0.0000	0.0000	0.0000	0.0000	0.0000	0.0000	0.0000	19.4955	0.0000	29.2932	0.0000	0.0000	0.0000	22.8796	0.0000	31.7102	inf	0.0000	0.2511	4.9334	0.0000	7.0001	2.0000	0.0000	0.0000	0.0000	0.0000	0.0000	0.0000	0.0000	0.0000	0.0000	1.0000	0.0000	1.0000	0.0000	0.0000	0.0000	1.0000	0.0000	1.0000	0.0000	0.0000	0.0000	0.0000	0.0000	0.0000	0.0000	0.0000	0.0000	0.0513	0.0172	0.0341	0.0076	0.0050	0.0026	0.0437	0.0122	0.0315	0.0000	0.0000	0.0000	0.0000	0.0000	0.0000	0.0000	0.0000	0.0000	19.4955	0.0000	29.2932	0.0000	0.0000	0.0000	22.8796	0.0000	31.7102						
2	47	0.1676	4	1	1	0	1	0	0	0	0	N	N	N	N	N	N	N	N	N	N	N	N	0.0000	inf	0.0000	0.6411	inf	0.0000	0.0000	0.0000	0.0004	0.0004	0.0000	0.0016	0.0017	0.0000	0.0000	0.0000	0.0000	12.4492	0.0000	20.6747	0.0025	0.0000	0.0971	15.6540	0.0000	22.6502	0.0000	inf	-0.0000	0.2484	4.9334	0.9991	7.0001	2.0273	0.0000	0.0000	0.0000	0.0000	0.0000	0.0000	0.0000	0.0000	0.0000	0.9895	0.0000	0.9895	0.0000	0.0000	0.0000	0.9895	0.0000	0.9895	0.1033	0.0909	0.0124	0.0237	0.0216	0.0021	0.0796	0.0693	0.0103	0.0795	0.0316	0.0479	0.0163	0.0121	0.0042	0.0632	0.0195	0.0437	0.0000	inf	0.0000	0.6411	inf	0.0000	0.0000	0.0000	0.0000	12.4492	0.0000	20.6747	0.0025	0.0000	0.0096	15.6540	0.0000	22.6502	
2	48	0.1300	3	1	1	0	1	0	0	0	0	N	N	N	N	N	N	N	N	N	N	N	N	11.1022	273.8889	0.0022	308.6660	242.4723	60.0054	3.8604	11.2175	0.0002	0.6462	0.7141	0.0002	1.2843	1.3612	0.0008	0.2673	0.3031	0.0000	0.0582	0.0026	0.0888	0.0042	0.0056	0.0000	0.0692	0.0270	0.0953	0.0000	61.9229	-0.0636	0.0025	4.9334	3.1828	7.0001	3.1571	0.3214	0.3214	0.0000	0.2380	0.2380	0.0000	0.0834	0.0834	0.0000	0.0106	0.0002	0.0104	0.0001	0.0001	0.0000	0.0105	0.0000	0.0104	0.4974	0.4501	0.0474	0.1853	0.1748	0.0105	0.3121	0.2753	0.0369	0.1824	0.0647	0.1177	0.0310	0.0229	0.0080	0.1515	0.0418	0.1097	11.1022	273.8889	0.0022	308.6660	242.4723	60.0054	3.8604	316.7075	0.0002	0.0582	0.0026	0.0888	0.0042	0.0056	0.0000	0.0692	0.0010	0.0953
2	49	0.1258	2	0	1	0	1	0	0	0	0	N	N	N	N	N	N	N	N	N	N	N	N	896.4818	1241.6876	472.5322	1311.0827	1136.2107	inf	352.8536	43.1420	78.8811	1.9569	2.0228	1.2017	2.8126	2.8283	2.5592	0.7744	0.8443	0.2122	0.0022	0.0016	0.0025	0.0021	0.0025	0.0000	0.0022	0.0196	0.0027	0.0518	2.4001	-0.0764	-0.0000	4.9334	0.8922	7.0001	1.0748	0.5143	0.4890	0.0254	0.4289	0.4061	0.0228	0.0855	0.0829	0.0026	0.0002	0.0000	0.0001	0.0000	0.0000	0.0000	0.0001	0.0000	0.0001	0.2628	0.2417	0.0211	0.1525	0.1436	0.0089	0.1104	0.0982	0.0122	0.0779	0.0307	0.0472	0.0186	0.0161	0.0026	0.0592	0.0146	0.0446	896.4818	1241.6876	472.5322	1311.0827	1136.2107	inf	352.8536	1234.6260	78.8811	0.0022	0.0016	0.0025	0.0021	0.0025	0.0000	0.0022	0.0007	0.0027
2	50	0.1526	3	0	1	0	1	0	0	0	0	N	N	N	N	N	N	N	N	N	N	N	N	0.0000	0.0000	0.0000	0.0000	0.0000	0.0000	0.0000	0.0000	0.0000	0.0000	0.0000	0.0000	0.0000	0.0000	0.0000	0.0000	0.0000	0.0000	0.0000	0.0000	4.9334	0.0000	7.0001	0.0000	0.0000	0.0000	0.0000	0.0000	0.0000	0.0000	0.0000	0.0000	0.0000	0.0000	0.0000	0.0000	0.0000	0.0000	0.0000	0.0000	0.0000	0.0000	0.0000	0.0000	0.0000	0.0000	0.0000	0.0000	0.0000	0.0000	0.0000	0.0000	0.0000	0.0000	0.0000	0.0000	0.0000	0.0000	0.0000	0.0000	0.0000	0.0000	0.0000	0.0000	0.0000	0.0000	0.0000	0.0000	0.0000	0.0000	0.0000	0.0000	0.0000	0.0000	0.0000	0.0000	0.0000	0.0000											
2	51	0.1526	3	1	1	0	1	0	0	0	0	N	N	N	N	N	N	N	N	N	N	N	N	0.0000	0.0000	0.0000	0.0000	0.0000	0.0000	0.0000	0.0000	0.0000	0.0000	0.0000	0.0000	0.0000	0.0000	0.0000	0.0000	0.0000	0.0000	0.0000	0.0000	4.9334	1.0000	7.0001	3.0000	0.0000	0.0000	0.0000	0.0000	0.0000	0.0000	0.0000	0.0000	0.0000	0.0000	0.0000	0.0000	0.0000	0.0000	0.0000	0.0000	0.0000	0.0000	0.0922	0.0816	0.0106	0.0258	0.0244	0.0014	0.0664	0.0572	0.0093	0.0994	0.0333	0.0661	0.0146	0.0095	0.0051	0.0848	0.0238	0.0610	0.0000	0.0000	0.0000	0.0000	0.0000	0.0000	0.0000	0.0000	0.0000	0.0000	0.0000	0.0000	0.0000	0.0000	0.0000	0.0000	0.0000	0.0000											
2	52	0.1388	2	0	0	0	1	0	0	0	0	N	N	N	N	N	N	N	N	N	N	N	N	84.8905	0.0000	14037616.6056	8.9741	0.0000	773611.6899	inf	inf	0.0975	0.0000	0.8202	0.0435	0.0000	0.5304	0.1228	0.0000	0.9021	0.0011	0.0026	0.0000	0.0048	0.0060	0.0000	0.0000	0.0000	0.0000	inf	0.0000	0.0256	-0.0001	4.9334	3.0179	7.0001	1.1627	0.0320	0.0000	0.0320	0.0046	0.0000	0.0046	0.0274	0.0000	0.0274	0.0002	0.0002	0.0000	0.0002	0.0002	0.0000	0.0000	0.0000	0.0000	0.3281	0.2891	0.0390	0.1048	0.0962	0.0086	0.2233	0.1929	0.0304	0.1394	0.0624	0.0770	0.0330	0.0265	0.0066	0.1063	0.0359	0.0705	84.8905	0.0000	14037616.6056	8.9741	0.0000	773611.6899	inf	0.0000	inf	0.0011	0.0026	0.0000	0.0048	0.0060	0.0000	0.0000	0.0000	0.0000	
2	53	0.1526	3	1	1	1	1	0	0	0	0	N	N	N	N	N	N	N	N	N	N	N	N	inf	inf	inf	inf	2.8286	3.1941	0.0000	0.0000	0.0000	0.0000	3.9002	4.5209	0.0000	0.0000	0.0000	0.0000	0.0000	0.0000	0.0000	0.0000	0.0000	0.0000	0.0000	-0.1978	0.0000	4.9334	4.0000	7.0001	1.0000	1.0000	1.0000	0.0000	0.0000	0.0000	0.0000	1.0000	1.0000	0.0000	0.0000	0.0000	0.0000	0.0000	0.0000	0.0000	0.0000	0.0000	0.0000	0.3535	0.3131	0.0405	0.0971	0.0919	0.0053	0.2564	0.2212	0.0352	0.1224	0.0410	0.0814	0.0180	0.0116	0.0064	0.1044	0.0294	0.0750	inf	inf	0.0000	0.0000	0.0000	0.0000	inf	inf	0.0000	0.0000	0.0000	0.0000	0.0000	0.0000	0.0000	0.0000	0.0000	0.0000						
2	54	0.1388	2	0	1	0	1	0	0	0	0	N	N	N	N	N	N	N	N	N	N	N	N	209.9583	0.0000	38207511.9835	17.9862	0.0000	2152966.2598	inf	inf	0.1363	0.0000	1.1395	0.0589	0.0000	0.7204	0.1744	0.0000	1.2615	0.0006	0.0017	0.0000	0.0033	0.0045	0.0000	0.0000	0.0000	0.0000	inf	0.0000	0.0256	-0.0001	4.9334	2.0683	7.0001	6.9961	0.0320	0.0000	0.0320	0.0046	0.0000	0.0046	0.0274	0.0000	0.0274	0.0002	0.0002	0.0000	0.0002	0.0002	0.0000	0.0000	0.0000	0.0000	0.2346	0.2066	0.0281	0.0774	0.0711	0.0063	0.1572	0.1355	0.0217	0.2465	0.0956	0.1509	0.0489	0.0355	0.0134	0.1976	0.0602	0.1374	209.9583	0.0000	38207511.9835	17.9862	0.0000	2152966.2598	inf	0.0000	inf	0.0006	0.0017	0.0000	0.0033	0.0045	0.0000	0.0000	0.0000	0.0000	
2	56	0.1526	3	1	0	1	1	0	0	0	0	N	N	N	N	N	N	N	N	N	N	N	N	0.6953	inf	0.0000	0.8191	inf	0.0000	2.8286	3.1941	0.0000	0.0000	0.0000	0.0000	3.9002	4.5209	0.0000	4.0682	0.0000	6.1271	0.0000	0.0000	0.0000	4.7618	0.0000	6.6773	0.0000	inf	-0.1978	0.2511	4.9334	4.0000	7.0001	7.0000	1.0000	1.0000	0.0000	0.0000	0.0000	0.0000	1.0000	1.0000	0.0000	1.0000	0.0000	1.0000	0.0000	0.0000	0.0000	1.0000	0.0000	1.0000	0.3535	0.3131	0.0405	0.0971	0.0919	0.0053	0.2564	0.2212	0.0352	0.2458	0.0826	0.1632	0.0358	0.0224	0.0134	0.2100	0.0602	0.1498	0.6953	inf	0.0000	0.0000	0.0000	0.0000	0.8191	inf	0.0000	4.0682	0.0000	6.1271	0.0000	0.0000	0.0000	4.7618	0.0000	6.6773			
2	57	0.2173	6	0	1	0	1	0	0	0	0	N	N	N	N	N	N	N	N	N	N	N	N	207.9232	98.9653	7248332.6005	7.7760	3.4411	2542143.6649	inf	inf	inf	0.8781	0.9472	0.2791	0.1286	0.0757	0.8637	1.2587	1.4173	0.1155	0.0042	0.0096	0.0000	0.0165	0.0220	0.0000	0.0000	0.0000	0.0000	0.0340	0.0000	-0.1607	-0.0012	4.9334	9.7645	7.0001	7.4558	0.9744	0.9423	0.0320	0.0480	0.0264	0.0217	0.9263	0.9160	0.0104	0.0016	0.0016	0.0000	0.0016	0.0016	0.0000	0.0000	0.0000	0.0000	1.1096	0.9948	0.1148	0.3736	0.3486	0.0251	0.7359	0.6463	0.0897	0.3765	0.1661	0.2104	0.0962	0.0723	0.0238	0.2803	0.0938	0.1865	207.9232	98.9653	7248332.6005	7.7760	3.4411	2542143.6649	inf	inf	inf	0.0042	0.0096	0.0000	0.0165	0.0220	0.0000	0.0000	0.0000	0.0000
2	58	0.2729	7	0	0	1	1	0	0	0	0	N	N	N	N	N	N	N	N	N	N	N	N	0.0000	0.0000	0.0000	0.0000	0.0000	0.0000	0.0000	0.0000	0.0000	0.0000	0.0000	0.0000	0.0000	0.0027	0.0057	0.0000	0.0098	0.0131	0.0000	0.0000	0.0000	0.0000	0.0000	0.0000	-0.0000	4.9334	1.0009	7.0001	0.0163	0.0000	0.0000	0.0000	0.0000	0.0000	0.0000	0.0000	0.0000	0.0000	0.0001	0.0001	0.0000	0.0001	0.0001	0.0000	0.0000	0.0000	0.0000	0.1461	0.1305	0.0156	0.0691	0.0633	0.0058	0.0770	0.0672	0.0098	0.0226	0.0104	0.0121	0.0061	0.0046	0.0016	0.0164	0.0059	0.0105	0.0000	0.0000	0.0000	0.0000	0.0000	0.0000	0.0000	0.0000	0.0000	0.0027	0.0057	0.0000	0.0098	0.0131	0.0000	0.0000	0.0000	0.0000						
2	59	0.2575	6	0	0	0	1	0	0	0	0	N	N	N	N	N	N	N	N	N	N	N	N	0.0275	0.0000	0.4228	inf	inf	0.0000	0.0000	0.0000	0.0000	0.0000	0.0003	0.0001	0.0000	0.0010	0.0000	0.0000	0.0000	0.0013	0.0020	0.0008	0.0000	0.0000	0.0000	0.0018	0.1588	0.0009	inf	0.5000	0.0000	-0.0000	4.9334	1.9961	7.0001	0.0521	0.0000	0.0000	0.0000	0.0000	0.0000	0.0000	0.0000	0.0000	0.0000	0.0001	0.0000	0.0000	0.0000	0.0000	0.0000	0.0001	0.0000	0.0000	0.2761	0.2462	0.0298	0.1191	0.1092	0.0099	0.1570	0.1371	0.0199	0.0455	0.0203	0.0252	0.0121	0.0090	0.0031	0.0334	0.0113	0.0221	0.0275	0.0000	0.4228	inf	0.0000	inf	0.0000	0.0000	0.0000	0.0013	0.0020	0.0008	0.0000	0.0000	0.0000	0.0018	0.0035	0.0009	
2	60	0.2497	5	0	0	0	1	0	0	0	0	N	N	N	N	N	N	N	N	N	N	N	N	inf	inf	inf	inf	inf	inf	0.0118	0.0065	0.0712	0.0256	0.0136	0.2159	0.0000	0.0000	0.0000	0.0000	0.0000	0.0000	0.0000	0.0000	0.0000	0.0000	0.0000	0.0000	1.0000	0.0000	0.0000	4.9334	0.0081	7.0001	1.0507	0.0000	0.0000	0.0000	0.0000	0.0000	0.0000	0.0000	0.0000	0.0000	0.0000	0.0000	0.0000	0.0000	0.0000	0.0000	0.0000	0.0000	0.0000	0.0017	0.0015	0.0001	0.0008	0.0007	0.0000	0.0009	0.0008	0.0001	0.0244	0.0110	0.0134	0.0066	0.0050	0.0016	0.0179	0.0060	0.0118	inf	inf	inf	inf	inf	inf	0.0000	0.0000	0.0000	0.0000	0.0000	0.0000	0.0000	0.0000	0.0000	0.0000	0.0000	0.0000				
2	61	0.2010	4	0	0	0	1	0	0	0	0	N	N	N	N	N	N	N	N	N	N	N	N	194.3296	0.0767	inf	28.4535	0.1051	inf	inf	inf	inf	0.0307	0.0000	0.2841	0.0169	0.0001	0.2291	0.0383	0.0000	0.3013	0.0002	0.0004	0.0000	0.0006	0.0007	0.0000	0.0000	0.0000	0.0000	1228.3131	0.0000	0.0098	-0.0000	4.9334	3.0167	7.0001	3.2580	0.0123	0.0000	0.0123	0.0024	0.0000	0.0024	0.0099	0.0000	0.0099	0.0000	0.0000	0.0000	0.0000	0.0000	0.0000	0.0000	0.0000	0.0000	0.3995	0.3563	0.0432	0.1410	0.1307	0.0103	0.2585	0.2256	0.0329	0.1896	0.0821	0.1076	0.0506	0.0414	0.0092	0.1390	0.0406	0.0984	194.3296	0.0767	inf	28.4535	0.1051	inf	inf	inf	inf	0.0002	0.0004	0.0000	0.0006	0.0007	0.0000	0.0000	0.0000	0.0000
2	62	0.1262	3	0	1	0	1	0	0	0	0	N	N	N	N	N	N	N	N	N	N	N	N	0.1324	0.0000	433865349.4775	386.4544	0.0000	2583193.4507	0.0770	0.0000	inf	0.5557	0.0000	5.0083	0.7886	0.0000	10.1147	0.3688	0.0000	2.6840	4.1967	12.2536	0.0000	0.0020	0.0021	0.0000	4.7904	19.0363	0.0000	inf	0.0000	0.2694	-0.7454	4.9334	3.3327	7.0001	4.3103	0.3359	0.0000	0.3359	0.2122	0.0000	0.2122	0.1237	0.0000	0.1237	0.9953	0.9953	0.0000	0.0001	0.0001	0.0000	0.9952	0.9952	0.0000	0.6044	0.5373	0.0671	0.2690	0.2481	0.0210	0.3354	0.2893	0.0461	0.2372	0.0812	0.1559	0.0294	0.0289	0.0005	0.2078	0.0523	0.1555	0.1324	0.0000	433865349.4775	386.4544	0.0000	2583193.4507	0.0770	0.0000	inf	4.1967	12.2536	0.0000	0.0020	0.0021	0.0000	4.7904	19.0363	0.0000
2	63	0.1021	2	0	0	0	1	0	0	0	0	N	N	N	N	N	N	N	N	N	N	N	N	34.2260	5.3397	13996.2086	11659335.6728	6200331.6712	inf	16.2062	0.1323	7863.1697	0.9360	0.4541	4.6544	1.5063	0.8220	8.5781	0.4812	0.1444	2.6226	0.0273	0.0850	0.0003	0.0000	0.0000	0.0000	0.0297	1.0914	0.0003	1.3286	0.0084	0.2176	-0.0036	4.9334	3.2669	7.0001	2.4507	0.5839	0.2507	0.3332	0.4169	0.2074	0.2095	0.1670	0.0433	0.1237	0.0048	0.0048	0.0000	0.0000	0.0000	0.0000	0.0048	0.0048	0.0000	0.6238	0.5522	0.0716	0.2768	0.2524	0.0244	0.3470	0.2999	0.0472	0.1766	0.0563	0.1203	0.0139	0.0136	0.0004	0.1627	0.0428	0.1199	34.2260	5.3397	13996.2086	11659335.6728	6200331.6712	inf	16.2062	1.2888	7863.1697	0.0273	0.0850	0.0003	0.0000	0.0000	0.0000	0.0297	0.1120	0.0003
2	64	0.1865	6	1	0	1	1	0	0	0	0	N	N	N	N	N	N	N	N	N	N	N	N	0.0000	0.0000	0.0000	0.0000	0.0000	0.0000	0.0000	0.0000	0.0000	0.0000	0.0000	0.0000	0.0000	0.0000	0.0000	0.0000	0.0000	0.0000	0.0000	0.0000	4.9334	0.0000	7.0001	1.0000	0.0000	0.0000	0.0000	0.0000	0.0000	0.0000	0.0000	0.0000	0.0000	0.0000	0.0000	0.0000	0.0000	0.0000	0.0000	0.0000	0.0000	0.0000	0.0000	0.0000	0.0000	0.0000	0.0000	0.0000	0.0000	0.0000	0.0000	0.0273	0.0090	0.0183	0.0039	0.0026	0.0013	0.0234	0.0064	0.0170	0.0000	0.0000	0.0000	0.0000	0.0000	0.0000	0.0000	0.0000	0.0000	0.0000	0.0000	0.0000	0.0000	0.0000	0.0000	0.0000	0.0000	0.0000											
2	65	0.1865	5	1	0	1	1	0	0	0	0	N	N	N	N	N	N	N	N	N	N	N	N	0.0000	0.0000	0.0000	0.0000	0.0000	0.0000	0.0000	0.0000	0.0000	0.0000	0.0000	0.0000	0.0000	0.0000	0.0000	0.0000	0.0000	0.0000	0.0000	0.0000	4.9334	0.0000	7.0001	0.0001	0.0000	0.0000	0.0000	0.0000	0.0000	0.0000	0.0000	0.0000	0.0000	0.0000	0.0000	0.0000	0.0000	0.0000	0.0000	0.0000	0.0000	0.0000	0.0000	0.0000	0.0000	0.0000	0.0000	0.0000	0.0000	0.0000	0.0000	0.0000	0.0000	0.0000	0.0000	0.0000	0.0000	0.0000	0.0000	0.0000	0.0000	0.0000	0.0000	0.0000	0.0000	0.0000	0.0000	0.0000	0.0000	0.0000	0.0000	0.0000	0.0000	0.0000	0.0000	0.0000	0.0000	0.0000											
2	66	0.1742	4	1	0	1	1	0	0	0	0	N	N	N	N	N	N	N	N	N	N	N	N	0.0000	0.0000	0.0000	0.0000	0.0000	0.0000	0.0000	0.0000	0.0000	0.0000	0.0000	0.0000	0.0000	0.0000	0.0000	0.0000	0.0000	0.0000	0.0000	0.0000	4.9334	1.9720	7.0001	0.0923	0.0000	0.0000	0.0000	0.0000	0.0000	0.0000	0.0000	0.0000	0.0000	0.0000	0.0000	0.0000	0.0000	0.0000	0.0000	0.0000	0.0000	0.0000	0.2013	0.1782	0.0230	0.0427	0.0403	0.0024	0.1586	0.1379	0.0207	0.0727	0.0274	0.0453	0.0170	0.0143	0.0027	0.0557	0.0131	0.0426	0.0000	0.0000	0.0000	0.0000	0.0000	0.0000	0.0000	0.0000	0.0000	0.0000	0.0000	0.0000	0.0000	0.0000	0.0000	0.0000	0.0000	0.0000											
2	67	0.1526	3	1	0	1	1	0	0	0	0	N	N	N	N	N	N	N	N	N	N	N	N	0.0000	0.0000	0.0000	0.0000	0.0000	0.0000	0.0000	0.0000	0.0000	0.0000	0.0000	0.0000	0.0000	0.0000	0.0000	0.0000	0.0000	0.0000	0.0000	0.0000	4.9334	3.0650	7.0001	1.0636	0.0000	0.0000	0.0000	0.0000	0.0000	0.0000	0.0000	0.0000	0.0000	0.0000	0.0000	0.0000	0.0000	0.0000	0.0000	0.0000	0.0000	0.0000	0.2745	0.2430	0.0315	0.0758	0.0717	0.0041	0.1986	0.1712	0.0274	0.1024	0.0343	0.0681	0.0151	0.0098	0.0053	0.0873	0.0245	0.0628	0.0000	0.0000	0.0000	0.0000	0.0000	0.0000	0.0000	0.0000	0.0000	0.0000	0.0000	0.0000	0.0000	0.0000	0.0000	0.0000	0.0000	0.0000											
2	68	0.1597	3	0	1	0	2	0	0	0	0	N	N	N	Y	N	N	N	N	N	N	N	N	101.0645	0.0000	21873199.7305	2.6757	0.0000	302955.1245	inf	inf	0.0334	0.0000	0.3035	0.0045	0.0000	0.0555	0.0532	0.0000	0.4098	0.0003	0.0009	0.0000	0.0017	0.0022	0.0000	0.0000	0.0000	0.0000	inf	0.0000	0.0112	-0.0001	4.9334	2.7513	7.0001	4.0954	0.0140	0.0000	0.0140	0.0008	0.0000	0.0008	0.0132	0.0000	0.0132	0.0001	0.0001	0.0000	0.0001	0.0001	0.0000	0.0000	0.0000	0.0000	0.4178	0.3719	0.0460	0.1696	0.1558	0.0138	0.2482	0.2160	0.0322	0.2118	0.0821	0.1297	0.0415	0.0317	0.0098	0.1703	0.0504	0.1199	101.0645	0.0000	21873199.7305	2.6757	0.0000	302955.1245	inf	0.0000	inf	0.0003	0.0009	0.0000	0.0017	0.0022	0.0000	0.0000	0.0000	0.0000	
2	71	0.1526	3	0	1	0	1	0	0	0	0	N	N	N	N	N	N	N	N	N	N	N	N	0.0000	0.0000	0.0000	0.0000	0.0000	0.0000	0.0000	0.0000	0.0000	0.0000	0.0000	0.0000	0.0000	0.0000	0.0000	0.0000	0.0000	0.0000	0.0000	0.0000	4.9334	2.0000	7.0001	3.0000	0.0000	0.0000	0.0000	0.0000	0.0000	0.0000	0.0000	0.0000	0.0000	0.0000	0.0000	0.0000	0.0000	0.0000	0.0000	0.0000	0.0000	0.0000	0.1818	0.1609	0.0209	0.0505	0.0479	0.0027	0.1313	0.1131	0.0182	0.1224	0.0410	0.0814	0.0180	0.0116	0.0064	0.1044	0.0294	0.0750	0.0000	0.0000	0.0000	0.0000	0.0000	0.0000	0.0000	0.0000	0.0000	0.0000	0.0000	0.0000	0.0000	0.0000	0.0000	0.0000	0.0000	0.0000											
2	72	0.1258	2	0	0	0	1	0	0	0	0	N	N	N	N	N	N	N	N	N	N	N	N	4805.7058	1936.8407	2474.8649	2020.7948	inf	inf	1.2566	1.4053	0.0000	3.6290	3.8810	0.0000	0.2236	0.2552	0.0000	0.0003	0.0007	0.0000	0.0015	0.0019	0.0000	0.0000	0.0000	0.0000	0.0000	0.0000	-0.1495	-0.0000	4.9334	4.7932	7.0001	0.2507	0.7557	0.7557	0.0000	0.6620	0.6620	0.0000	0.0937	0.0937	0.0000	0.0000	0.0000	0.0000	0.0000	0.0000	0.0000	0.0000	0.0000	0.0000	0.6014	0.5377	0.0636	0.1824	0.1706	0.0118	0.4190	0.3672	0.0518	0.1530	0.0551	0.0978	0.0273	0.0208	0.0065	0.1257	0.0343	0.0914	4805.7058	1936.8407	0.0000	2474.8649	2020.7948	0.0000	inf	inf	0.0000	0.0003	0.0007	0.0000	0.0015	0.0019	0.0000	0.0000	0.0000	0.0000			
2	74	0.1021	2	0	1	0	1	0	0	0	0	N	N	N	N	N	N	N	N	N	N	N	N	inf	inf	inf	inf	inf	inf	inf	inf	inf	1.2982	1.4649	0.0301	1.7734	1.9516	0.0087	0.8001	0.9249	0.0446	0.0000	0.0000	0.0000	0.0000	0.0000	0.0000	0.0000	0.0000	0.0000	0.0027	-0.1247	0.0000	4.9334	1.8678	7.0001	4.6278	0.6389	0.6372	0.0017	0.4467	0.4465	0.0002	0.1922	0.1907	0.0015	0.0000	0.0000	0.0000	0.0000	0.0000	0.0000	0.0000	0.0000	0.0000	0.4921	0.4350	0.0572	0.2519	0.2288	0.0231	0.2403	0.2062	0.0341	0.1948	0.0611	0.1337	0.0139	0.0135	0.0004	0.1808	0.0475	0.1333	inf	inf	inf	inf	inf	inf	inf	inf	inf	0.0000	0.0000	0.0000	0.0000	0.0000	0.0000	0.0000	0.0000	0.0000	
2	78	0.2058	5	1	1	0	2	0	0	0	0	N	N	N	Y	N	N	N	N	N	N	N	N	inf	inf	inf	inf	0.0001	0.0000	0.0008	0.0004	0.0000	0.0056	0.0000	0.0000	0.0000	0.0000	0.0000	0.0000	0.0000	0.0000	0.0000	0.0000	0.0000	0.0000	inf	0.0000	0.0000	4.9334	1.0000	7.0001	2.0144	0.0000	0.0000	0.0000	0.0000	0.0000	0.0000	0.0000	0.0000	0.0000	0.0000	0.0000	0.0000	0.0000	0.0000	0.0000	0.0000	0.0000	0.0000	0.1147	0.1015	0.0132	0.0283	0.0266	0.0018	0.0864	0.0749	0.0114	0.1047	0.0355	0.0693	0.0062	0.0040	0.0022	0.0985	0.0315	0.0670	inf	0.0000	inf	inf	0.0000	inf	0.0000	0.0000	0.0000	0.0000	0.0000	0.0000	0.0000	0.0000	0.0000	0.0000	0.0000	0.0000						
2	79	0.1836	4	1	1	0	2	0	0	0	0	N	N	N	Y	N	N	N	N	N	N	N	N	inf	inf	inf	inf	1.2178	1.3771	0.0000	4.8704	5.1979	0.0000	0.0000	0.0000	0.0000	0.0000	0.0000	0.0000	0.0000	0.0000	0.0000	0.0000	0.0000	0.0000	0.0000	-0.0000	0.0000	4.9334	0.0001	7.0001	3.0180	0.0000	0.0000	0.0000	0.0000	0.0000	0.0000	0.0000	0.0000	0.0000	0.0000	0.0000	0.0000	0.0000	0.0000	0.0000	0.0000	0.0000	0.0000	0.0000	0.0000	0.0000	0.0000	0.0000	0.0000	0.0000	0.0000	0.0000	0.1042	0.0350	0.0692	0.0055	0.0034	0.0022	0.0987	0.0316	0.0671	inf	inf	0.0000	inf	inf	0.0000	0.0000	0.0000	0.0000	0.0000	0.0000	0.0000	0.0000	0.0000	0.0000	0.0000	0.0000	0.0000						
2	80	0.2056	6	0	1	0	2	0	0	0	0	N	N	N	Y	N	N	N	N	N	N	N	N	0.0000	0.0000	0.0000	0.0000	0.0000	0.0000	0.0000	0.0000	0.0000	0.0000	0.0000	0.0000	0.0000	0.0000	0.0000	0.0000	0.0000	0.0000	0.0000	0.0000	4.9334	0.0000	7.0001	0.0000	0.0000	0.0000	0.0000	0.0000	0.0000	0.0000	0.0000	0.0000	0.0000	0.0000	0.0000	0.0000	0.0000	0.0000	0.0000	0.0000	0.0000	0.0000	0.0000	0.0000	0.0000	0.0000	0.0000	0.0000	0.0000	0.0000	0.0000	0.0000	0.0000	0.0000	0.0000	0.0000	0.0000	0.0000	0.0000	0.0000	0.0000	0.0000	0.0000	0.0000	0.0000	0.0000	0.0000	0.0000	0.0000	0.0000	0.0000	0.0000	0.0000	0.0000	0.0000	0.0000	0.0000	0.0000											
2	81	0.1836	4	0	0	1	2	0	0	0	0	N	N	N	Y	N	N	N	N	N	N	N	N	0.0000	0.0000	0.0000	0.0000	0.0000	0.0000	0.0000	0.0000	0.0000	0.0000	0.0000	0.0000	0.0000	0.0000	0.0000	0.0000	0.0000	0.0000	0.0000	0.0000	4.9334	2.0000	7.0001	0.0000	0.0000	0.0000	0.0000	0.0000	0.0000	0.0000	0.0000	0.0000	0.0000	0.0000	0.0000	0.0000	0.0000	0.0000	0.0000	0.0000	0.0000	0.0000	0.2244	0.1987	0.0257	0.0548	0.0514	0.0034	0.1696	0.1473	0.0223	0.0704	0.0236	0.0468	0.0037	0.0023	0.0014	0.0667	0.0213	0.0453	0.0000	0.0000	0.0000	0.0000	0.0000	0.0000	0.0000	0.0000	0.0000	0.0000	0.0000	0.0000	0.0000	0.0000	0.0000	0.0000	0.0000	0.0000											
2	82	0.1836	4	0	0	1	2	0	0	0	0	N	N	N	Y	N	N	N	N	N	N	N	N	0.0000	0.0000	0.0000	0.0000	0.0000	0.0000	0.0000	0.0000	0.0000	0.0000	0.0000	0.0000	0.0000	7.3733	0.0000	11.1036	0.0000	0.0000	0.0000	7.7913	0.0000	11.4666	inf	0.0000	0.2511	4.9334	0.0000	7.0001	4.0000	0.0000	0.0000	0.0000	0.0000	0.0000	0.0000	0.0000	0.0000	0.0000	1.0000	0.0000	1.0000	0.0000	0.0000	0.0000	1.0000	0.0000	1.0000	0.0000	0.0000	0.0000	0.0000	0.0000	0.0000	0.0000	0.0000	0.0000	0.1356	0.0456	0.0901	0.0073	0.0044	0.0029	0.1283	0.0411	0.0872	0.0000	0.0000	0.0000	0.0000	0.0000	0.0000	0.0000	0.0000	0.0000	7.3733	0.0000	11.1036	0.0000	0.0000	0.0000	7.7913	0.0000	11.4666						
2	83	0.2056	6	0	0	1	2	0	0	0	0	N	N	N	Y	N	N	N	N	N	N	N	N	0.0000	0.0000	0.0000	0.0000	0.0000	0.0000	0.0000	0.0000	0.0000	0.0000	0.0000	0.0000	0.0000	0.0000	0.0000	0.0000	0.0000	0.0000	0.0000	0.0000	4.9334	0.0000	7.0001	2.0000	0.0000	0.0000	0.0000	0.0000	0.0000	0.0000	0.0000	0.0000	0.0000	0.0000	0.0000	0.0000	0.0000	0.0000	0.0000	0.0000	0.0000	0.0000	0.0000	0.0000	0.0000	0.0000	0.0000	0.0000	0.0000	0.0000	0.0000	0.0699	0.0230	0.0469	0.0032	0.0017	0.0015	0.0667	0.0213	0.0453	0.0000	0.0000	0.0000	0.0000	0.0000	0.0000	0.0000	0.0000	0.0000	0.0000	0.0000	0.0000	0.0000	0.0000	0.0000	0.0000	0.0000	0.0000											
2	84	0.1983	5	0	0	0	2	0	0	0	0	N	N	N	Y	N	N	N	N	N	N	N	N	0.0000	0.0000	0.0000	0.0000	0.0000	0.0000	0.0000	0.0000	0.0000	0.0000	0.0000	0.0000	0.0000	0.0000	0.0000	0.0000	0.0000	0.0000	0.0000	0.0000	4.9334	1.0000	7.0001	0.0015	0.0000	0.0000	0.0000	0.0000	0.0000	0.0000	0.0000	0.0000	0.0000	0.0000	0.0000	0.0000	0.0000	0.0000	0.0000	0.0000	0.0000	0.0000	0.1147	0.1015	0.0132	0.0283	0.0266	0.0018	0.0864	0.0749	0.0114	0.0362	0.0121	0.0242	0.0020	0.0012	0.0008	0.0342	0.0109	0.0233	0.0000	0.0000	0.0000	0.0000	0.0000	0.0000	0.0000	0.0000	0.0000	0.0000	0.0000	0.0000	0.0000	0.0000	0.0000	0.0000	0.0000	0.0000											
2	85	0.1836	4	0	0	0	2	0	0	0	0	N	N	N	Y	N	N	N	N	N	N	N	N	0.0000	0.0000	0.0000	0.0000	0.0000	0.0000	0.0000	0.0000	0.0000	0.0000	0.0000	0.0000	0.0000	0.0000	0.0000	0.0000	0.0000	0.0000	0.0000	0.0000	4.9334	0.0000	7.0001	2.0013	0.0000	0.0000	0.0000	0.0000	0.0000	0.0000	0.0000	0.0000	0.0000	0.0000	0.0000	0.0000	0.0000	0.0000	0.0000	0.0000	0.0000	0.0000	0.0000	0.0000	0.0000	0.0000	0.0000	0.0000	0.0000	0.0000	0.0000	0.0704	0.0236	0.0468	0.0037	0.0023	0.0014	0.0667	0.0213	0.0454	0.0000	0.0000	0.0000	0.0000	0.0000	0.0000	0.0000	0.0000	0.0000	0.0000	0.0000	0.0000	0.0000	0.0000	0.0000	0.0000	0.0000	0.0000											
2	86	0.2234	4	1	1	0	1	0	0	0	0	N	N	N	N	N	N	N	N	N	N	N	N	0.0500	inf	0.0287	36.2319	inf	0.7265	0.0609	inf	0.0000	0.7869	0.7811	0.8395	0.2987	0.1593	1.6256	1.3510	1.5058	0.0000	15.7219	0.0000	29.2794	0.0082	0.0000	2.2374	22.1877	0.0000	30.0110	0.1176	inf	-0.0000	0.2299	4.9334	0.0007	7.0001	0.9812	0.0002	0.0002	0.0000	0.0000	0.0000	0.0000	0.0002	0.0002	0.0000	0.9159	0.0000	0.9159	0.0001	0.0000	0.0001	0.9157	0.0000	0.9157	0.0002	0.0002	0.0000	0.0001	0.0001	0.0000	0.0001	0.0001	0.0000	0.0583	0.0270	0.0313	0.0170	0.0162	0.0008	0.0413	0.0108	0.0305	0.0500	inf	0.0287	36.2319	inf	8.9080	0.0609	inf	0.0000	15.7219	0.0000	29.2794	0.0082	0.0000	0.1825	22.1877	0.0000	30.0110
2	87	0.1676	3	1	1	0	1	0	0	0	0	N	N	N	N	N	N	N	N	N	N	N	N	9.2733	417.9759	0.0173	7.0190	4.7964	27.5937	11.5025	52.0979	0.0112	3.4419	3.8878	0.0096	0.2874	0.3037	0.0307	4.5200	5.2178	0.0064	0.3712	0.0093	0.5557	0.0410	0.0633	0.0011	0.3930	0.1002	0.5748	0.0003	117.1442	-0.3794	0.0206	4.9334	5.0272	7.0001	2.1572	1.9209	1.9203	0.0006	0.0409	0.0406	0.0003	1.8801	1.8797	0.0004	0.0848	0.0007	0.0841	0.0006	0.0006	0.0000	0.0842	0.0001	0.0841	0.5581	0.4939	0.0642	0.1422	0.1337	0.0085	0.4159	0.3602	0.0557	0.2285	0.0772	0.1513	0.0142	0.0091	0.0050	0.2143	0.0680	0.1463	9.2733	417.9759	0.0173	7.0190	4.7964	91.6117	11.5025	2537.4213	0.0112	0.3712	0.0093	0.5557	0.0410	0.0633	0.0003	0.3930	0.0021	0.5748
2	88	0.2209	5	0	1	0	1	0	0	0	0	N	N	N	N	N	N	N	N	N	N	N	N	0.0000	0.0000	0.0000	0.0000	0.0000	0.0000	0.0000	0.0000	0.0000	0.0000	0.0000	0.0000	0.0000	0.0000	0.0000	0.0000	0.0000	0.0000	0.0000	0.0000	4.9334	0.0000	7.0001	4.0000	0.0000	0.0000	0.0000	0.0000	0.0000	0.0000	0.0000	0.0000	0.0000	0.0000	0.0000	0.0000	0.0000	0.0000	0.0000	0.0000	0.0000	0.0000	0.0000	0.0000	0.0000	0.0000	0.0000	0.0000	0.0000	0.0000	0.0000	0.1362	0.0466	0.0895	0.0100	0.0068	0.0032	0.1262	0.0398	0.0863	0.0000	0.0000	0.0000	0.0000	0.0000	0.0000	0.0000	0.0000	0.0000	0.0000	0.0000	0.0000	0.0000	0.0000	0.0000	0.0000	0.0000	0.0000											
2	89	0.1836	4	0	1	0	1	0	0	0	0	N	N	N	N	N	N	N	N	N	N	N	N	0.0000	0.0000	0.0000	0.0000	0.0000	0.0000	0.0000	0.0000	0.0000	0.0000	0.0000	0.0000	0.0000	6.0079	0.0000	9.0522	0.0000	0.0000	0.0000	6.3514	0.0000	9.3517	inf	0.0000	0.2511	4.9334	3.0000	7.0001	2.0000	0.0000	0.0000	0.0000	0.0000	0.0000	0.0000	0.0000	0.0000	0.0000	1.0000	0.0000	1.0000	0.0000	0.0000	0.0000	1.0000	0.0000	1.0000	0.3294	0.2918	0.0376	0.0795	0.0746	0.0049	0.2499	0.2172	0.0327	0.1664	0.0560	0.1105	0.0090	0.0055	0.0035	0.1574	0.0505	0.1069	0.0000	0.0000	0.0000	0.0000	0.0000	0.0000	0.0000	0.0000	0.0000	6.0079	0.0000	9.0522	0.0000	0.0000	0.0000	6.3514	0.0000	9.3517						
2	90	0.1836	4	1	1	0	1	0	0	0	0	N	N	N	N	N	N	N	N	N	N	N	N	0.0000	0.0000	0.0000	0.0000	0.0000	0.0000	0.0000	0.0000	0.0000	0.0000	0.0000	0.0000	0.0000	0.0000	0.0000	0.0000	0.0000	0.0000	0.0000	0.0000	4.9334	2.0000	7.0001	3.0000	0.0000	0.0000	0.0000	0.0000	0.0000	0.0000	0.0000	0.0000	0.0000	0.0000	0.0000	0.0000	0.0000	0.0000	0.0000	0.0000	0.0000	0.0000	0.2244	0.1987	0.0257	0.0548	0.0514	0.0034	0.1696	0.1473	0.0223	0.1664	0.0560	0.1105	0.0090	0.0055	0.0035	0.1574	0.0505	0.1069	0.0000	0.0000	0.0000	0.0000	0.0000	0.0000	0.0000	0.0000	0.0000	0.0000	0.0000	0.0000	0.0000	0.0000	0.0000	0.0000	0.0000	0.0000											
2	91	0.1676	3	0	0	0	1	0	0	0	0	N	N	N	N	N	N	N	N	N	N	N	N	24.5521	9.5547	inf	6.2543	4.7919	inf	inf	inf	0.2042	0.2294	0.0189	0.7080	0.7486	0.0582	0.0018	0.0000	0.0125	0.0083	0.0240	0.0000	0.1132	0.1562	0.0000	0.0000	0.0000	0.0000	0.0112	0.0000	-0.0101	-0.0005	4.9334	2.0705	7.0001	0.0351	0.0541	0.0535	0.0006	0.0538	0.0535	0.0003	0.0003	0.0000	0.0003	0.0006	0.0006	0.0000	0.0006	0.0006	0.0000	0.0000	0.0000	0.0000	0.2649	0.2332	0.0317	0.0759	0.0715	0.0045	0.1890	0.1617	0.0273	0.0757	0.0262	0.0495	0.0056	0.0040	0.0015	0.0702	0.0222	0.0480	24.5521	9.5547	inf	6.2543	4.7919	inf	inf	0.0000	inf	0.0083	0.0240	0.0000	0.1132	0.1562	0.0000	0.0000	0.0000	0.0000	
2	92	0.1422	2	0	0	0	1	0	0	0	0	N	N	N	N	N	N	N	N	N	N	N	N	49.9433	111.7407	116.6746	96.5169	83.9424	65645.6650	35.4734	3.4921	135.0902	0.2432	0.1696	0.8426	0.3461	0.3581	0.1456	0.1799	0.0421	1.0129	0.0049	0.0015	0.0072	0.0036	0.0043	0.0000	0.0051	0.0120	0.0075	0.6101	6.7798	0.0237	0.0001	4.9334	3.4249	7.0001	0.1413	0.1308	0.0812	0.0496	0.0709	0.0692	0.0017	0.0599	0.0120	0.0479	0.0007	0.0001	0.0006	0.0001	0.0001	0.0000	0.0006	0.0000	0.0006	0.5377	0.4789	0.0588	0.2048	0.1933	0.0115	0.3329	0.2856	0.0473	0.1437	0.0593	0.0845	0.0195	0.0164	0.0031	0.1242	0.0429	0.0813	49.9433	111.7407	116.6746	96.5169	83.9424	65645.6650	35.4734	90.1553	135.0902	0.0049	0.0015	0.0072	0.0036	0.0043	0.0000	0.0051	0.0005	0.0075
2	98	0.2791	7	0	0	0	1	0	0	0	0	N	N	N	N	N	N	N	N	N	N	N	N	0.8162	14.3942	0.0000	16.8125	16.1722	0.0000	0.0061	inf	0.0000	1.6457	1.8321	0.0000	3.4123	3.7274	0.0000	0.0189	0.0214	0.0000	2.0164	0.1273	4.4859	0.2030	0.2305	0.6311	3.0977	0.0000	5.2058	0.0000	26.9617	-0.2760	0.2137	4.9334	4.9999	7.0001	9.0821	1.3953	1.3953	0.0000	1.3869	1.3869	0.0000	0.0084	0.0084	0.0000	0.9926	0.0355	0.9571	0.0373	0.0355	0.0018	0.9553	0.0000	0.9553	0.8478	0.7615	0.0863	0.4064	0.3721	0.0344	0.4414	0.3895	0.0519	0.4923	0.2789	0.2134	0.1839	0.1540	0.0299	0.3084	0.1249	0.1835	0.8162	14.3942	0.0000	16.8125	16.1722	0.0000	0.0061	inf	0.0000	2.0164	0.1273	4.4859	0.2030	0.2305	0.0610	3.0977	0.0000	5.2058
3	4	0.0571	2	0	1	1	1	0	0	0	0	N	N	N	N	N	N	N	N	N	N	N	N	63.8651	22.1380	5.4630	5.8637	inf	inf	0.1279	0.1455	0.0000	0.1657	0.1830	0.0000	0.1005	0.1168	0.0000	0.0020	0.0066	0.0000	0.0303	0.0312	0.0000	0.0000	0.0000	0.0000	0.0000	0.0000	-0.0129	-0.0002	4.5862	3.0666	2.3929	3.0001	0.0652	0.0652	0.0000	0.0355	0.0355	0.0000	0.0297	0.0297	0.0000	0.0002	0.0002	0.0000	0.0002	0.0002	0.0000	0.0000	0.0000	0.0000	0.5092	0.4479	0.0613	0.2140	0.1938	0.0202	0.2952	0.2541	0.0412	0.1148	0.0350	0.0798	0.0076	0.0074	0.0002	0.1072	0.0276	0.0796	63.8651	22.1380	0.0000	5.4630	5.8637	0.0000	inf	inf	0.0000	0.0020	0.0066	0.0000	0.0303	0.0312	0.0000	0.0000	0.0000	0.0000			
3	5	0.1276	4	1	2	0	0	0	0	0	0	N	Y	N	N	N	N	N	N	N	N	N	N	0.0000	0.0000	0.0000	0.0000	0.0000	0.0000	0.0000	0.0000	0.0000	0.0000	0.0000	0.0000	0.0000	0.0002	0.0006	0.0000	0.0009	0.0012	0.0000	0.0000	0.0000	0.0000	0.0000	0.0000	-0.0000	4.5862	0.0000	2.3929	3.0000	0.0000	0.0000	0.0000	0.0000	0.0000	0.0000	0.0000	0.0000	0.0000	0.0000	0.0000	0.0000	0.0000	0.0000	0.0000	0.0000	0.0000	0.0000	0.0000	0.0000	0.0000	0.0000	0.0000	0.0000	0.0000	0.0000	0.0000	0.0464	0.0181	0.0282	0.0111	0.0085	0.0026	0.0353	0.0096	0.0257	0.0000	0.0000	0.0000	0.0000	0.0000	0.0000	0.0000	0.0000	0.0000	0.0002	0.0006	0.0000	0.0009	0.0012	0.0000	0.0000	0.0000	0.0000						
3	6	0.1276	4	1	1	1	0	0	0	0	0	N	N	N	N	N	N	N	N	N	N	N	N	0.0000	0.0000	0.0000	0.0000	0.0000	0.0000	0.0000	0.0000	0.0000	0.0000	0.0000	0.0000	0.0000	0.0026	0.0066	0.0000	0.0109	0.0143	0.0000	0.0000	0.0000	0.0000	0.0000	0.0000	-0.0002	4.5862	2.0000	2.3929	4.0000	0.0000	0.0000	0.0000	0.0000	0.0000	0.0000	0.0000	0.0000	0.0000	0.0002	0.0002	0.0000	0.0002	0.0002	0.0000	0.0000	0.0000	0.0000	0.2606	0.2362	0.0243	0.1354	0.1285	0.0069	0.1252	0.1078	0.0174	0.0891	0.0349	0.0542	0.0212	0.0161	0.0051	0.0679	0.0188	0.0491	0.0000	0.0000	0.0000	0.0000	0.0000	0.0000	0.0000	0.0000	0.0000	0.0026	0.0066	0.0000	0.0109	0.0143	0.0000	0.0000	0.0000	0.0000						
3	7	0.1808	6	1	2	0	1	0	0	0	0	N	Y	N	N	N	N	N	N	N	N	N	N	3935.0192	inf	44.5150	19415.0939	inf	32.1509	1.0657	5.4760	0.5019	0.5563	0.0087	1.0131	1.0712	0.0285	0.0001	0.0000	0.0010	0.0001	0.0000	0.0002	0.0001	0.0000	0.0009	0.0001	0.0000	0.0002	0.0017	inf	-0.0000	0.0000	4.5862	0.0001	2.3929	0.9907	0.0000	0.0000	0.0000	0.0000	0.0000	0.0000	0.0000	0.0000	0.0000	0.0000	0.0000	0.0000	0.0000	0.0000	0.0000	0.0000	0.0000	0.0000	0.0000	0.0000	0.0000	0.0000	0.0000	0.0000	0.0000	0.0000	0.0000	0.0202	0.0070	0.0132	0.0028	0.0023	0.0005	0.0174	0.0047	0.0127	3935.0192	inf	44.5150	19415.0939	inf	99.7862	1.0657	0.0000	5.4760	0.0001	0.0000	0.0002	0.0001	0.0000	0.0003	0.0001	0.0000	0.0002	
3	8	0.1276	4	1	1	1	0	0	0	0	0	N	N	N	N	N	N	N	N	N	N	N	N	0.0000	0.0000	0.0000	0.0000	0.0000	0.0000	0.0000	0.0000	0.0000	0.0000	0.0000	0.0000	0.0000	0.0050	0.0127	0.0000	0.0208	0.0271	0.0000	0.0000	0.0000	0.0000	0.0000	0.0000	-0.0002	4.5862	1.0000	2.3929	2.0000	0.0000	0.0000	0.0000	0.0000	0.0000	0.0000	0.0000	0.0000	0.0000	0.0002	0.0002	0.0000	0.0002	0.0002	0.0000	0.0000	0.0000	0.0000	0.1326	0.1202	0.0124	0.0692	0.0657	0.0035	0.0634	0.0545	0.0089	0.0464	0.0181	0.0282	0.0111	0.0085	0.0026	0.0353	0.0096	0.0257	0.0000	0.0000	0.0000	0.0000	0.0000	0.0000	0.0000	0.0000	0.0000	0.0050	0.0127	0.0000	0.0208	0.0271	0.0000	0.0000	0.0000	0.0000						
3	9	0.2324	7	0	1	1	0	0	0	0	0	N	N	N	N	N	N	N	N	N	N	N	N	2380.7602	1348925.7152	1.7029	1709.4124	1142775.8018	0.0141	1.5223	7.3596	0.9255	1.0015	0.0013	1.6232	1.6780	0.0005	0.0002	0.0000	0.0016	0.0004	0.0000	0.0008	0.0009	0.0000	0.0342	0.0001	0.0000	0.0002	0.0001	1053.8367	-0.0003	0.0000	4.5862	0.0035	2.3929	1.9666	0.0016	0.0016	0.0000	0.0016	0.0016	0.0000	0.0000	0.0000	0.0000	0.0000	0.0000	0.0000	0.0000	0.0000	0.0000	0.0000	0.0000	0.0000	0.0018	0.0016	0.0001	0.0010	0.0010	0.0000	0.0008	0.0007	0.0001	0.0399	0.0198	0.0201	0.0123	0.0100	0.0023	0.0276	0.0098	0.0178	2380.7602	1348925.7152	1.7029	1709.4124	1142775.8018	0.0944	1.5223	0.0000	7.3596	0.0004	0.0000	0.0008	0.0009	0.0000	0.0051	0.0001	0.0000	0.0002	
3	10	0.0612	2	0	1	1	0	0	0	0	0	N	N	N	N	N	N	N	N	N	N	N	N	0.0223	0.0118	0.0014	0.0113	0.0125	0.0000	0.5714	inf	0.0013	0.0118	0.0147	0.0000	0.0216	0.0240	0.0000	0.0020	0.0029	0.0000	0.5279	1.2396	0.0046	1.9106	1.9228	0.3464	0.0036	0.0000	0.0045	0.0001	0.0051	-0.0023	-0.0910	4.5862	1.9652	2.3929	3.8608	0.0117	0.0117	0.0000	0.0106	0.0106	0.0000	0.0010	0.0010	0.0000	0.1223	0.1217	0.0006	0.1217	0.1217	0.0000	0.0006	0.0000	0.0006	0.9921	0.7958	0.1963	0.4919	0.4442	0.0477	0.5001	0.3516	0.1485	0.2317	0.0982	0.1335	0.0637	0.0633	0.0004	0.1680	0.0349	0.1331	0.0223	0.0118	0.0014	0.0113	0.0125	0.0003	0.5714	inf	0.0013	0.5279	1.2396	0.0046	1.9106	1.9228	0.0321	0.0036	0.0000	0.0045
3	11	0.1276	4	1	2	0	0	0	0	0	0	N	Y	N	N	N	N	N	N	N	N	N	N	0.0000	0.0000	0.0000	0.0000	0.0000	0.0000	0.0000	0.0000	0.0000	0.0000	0.0000	0.0000	0.0000	0.0018	0.0046	0.0000	0.0076	0.0100	0.0000	0.0000	0.0000	0.0000	0.0000	0.0000	-0.0002	4.5862	1.0000	2.3929	8.0000	0.0000	0.0000	0.0000	0.0000	0.0000	0.0000	0.0000	0.0000	0.0000	0.0002	0.0002	0.0000	0.0002	0.0002	0.0000	0.0000	0.0000	0.0000	0.1326	0.1202	0.0124	0.0692	0.0657	0.0035	0.0634	0.0545	0.0089	0.1284	0.0504	0.0780	0.0303	0.0229	0.0074	0.0981	0.0275	0.0706	0.0000	0.0000	0.0000	0.0000	0.0000	0.0000	0.0000	0.0000	0.0000	0.0018	0.0046	0.0000	0.0076	0.0100	0.0000	0.0000	0.0000	0.0000						
3	12	0.1585	5	0	1	1	1	0	0	0	0	N	N	N	N	N	N	N	N	N	N	N	N	0.0000	0.0000	0.0000	0.0000	0.0000	0.0000	0.0000	0.0000	0.0000	0.0000	0.0000	0.0000	0.0000	0.0000	0.0000	0.0000	0.0000	0.0000	0.0000	0.0000	4.5862	0.0000	2.3929	1.0000	0.0000	0.0000	0.0000	0.0000	0.0000	0.0000	0.0000	0.0000	0.0000	0.0000	0.0000	0.0000	0.0000	0.0000	0.0000	0.0000	0.0000	0.0000	0.0000	0.0000	0.0000	0.0000	0.0000	0.0000	0.0000	0.0000	0.0000	0.0200	0.0067	0.0132	0.0026	0.0020	0.0005	0.0174	0.0047	0.0127	0.0000	0.0000	0.0000	0.0000	0.0000	0.0000	0.0000	0.0000	0.0000	0.0000	0.0000	0.0000	0.0000	0.0000	0.0000	0.0000	0.0000	0.0000											
3	13	0.1276	4	0	2	0	0	0	0	0	0	N	Y	N	N	N	N	N	N	N	N	N	N	0.0000	0.0000	0.0000	0.0000	0.0000	0.0000	0.0000	0.0000	0.0000	0.0000	0.0000	0.0000	0.0000	0.0067	0.0171	0.0000	0.0280	0.0364	0.0000	0.0000	0.0000	0.0000	0.0000	0.0000	-0.0002	4.5862	1.0000	2.3929	1.0000	0.0000	0.0000	0.0000	0.0000	0.0000	0.0000	0.0000	0.0000	0.0000	0.0002	0.0002	0.0000	0.0002	0.0002	0.0000	0.0000	0.0000	0.0000	0.1326	0.1202	0.0124	0.0692	0.0657	0.0035	0.0634	0.0545	0.0089	0.0314	0.0123	0.0191	0.0075	0.0058	0.0017	0.0238	0.0065	0.0174	0.0000	0.0000	0.0000	0.0000	0.0000	0.0000	0.0000	0.0000	0.0000	0.0067	0.0171	0.0000	0.0280	0.0364	0.0000	0.0000	0.0000	0.0000						
3	14	0.1732	6	0	1	0	1	0	0	0	0	N	N	N	N	N	N	N	N	N	N	N	N	0.0000	0.0000	0.0000	0.0000	0.0000	0.0000	0.0000	0.0000	0.0000	0.0000	0.0000	0.0000	0.0000	0.0000	0.0000	0.0000	0.0000	0.0053	0.0159	0.0000	0.0412	0.0527	0.0000	0.0000	0.0000	0.0000	0.0011	0.0000	-0.0002	4.5862	1.0000	2.3929	0.9994	0.0000	0.0000	0.0000	0.0000	0.0000	0.0000	0.0000	0.0000	0.0000	0.0002	0.0002	0.0000	0.0002	0.0002	0.0000	0.0000	0.0000	0.0000	0.1566	0.1400	0.0166	0.0572	0.0528	0.0043	0.0994	0.0872	0.0122	0.0393	0.0132	0.0261	0.0051	0.0040	0.0011	0.0342	0.0092	0.0250	0.0000	0.0000	0.0000	0.0000	0.0000	0.0000	0.0000	0.0000	0.0000	0.0053	0.0159	0.0000	0.0412	0.0527	0.0000	0.0000	0.0000	0.0000		
3	15	0.1276	4	0	2	0	0	0	0	0	0	N	Y	N	N	N	N	N	N	N	N	N	N	0.0000	0.0000	0.0000	0.0000	0.0000	0.0000	0.0000	0.0000	0.0000	0.0000	0.0000	0.0000	0.0000	0.0003	0.0008	0.0000	0.0013	0.0017	0.0000	0.0000	0.0000	0.0000	0.0000	0.0000	-0.0000	4.5862	0.0000	2.3929	2.0000	0.0000	0.0000	0.0000	0.0000	0.0000	0.0000	0.0000	0.0000	0.0000	0.0000	0.0000	0.0000	0.0000	0.0000	0.0000	0.0000	0.0000	0.0000	0.0000	0.0000	0.0000	0.0000	0.0000	0.0000	0.0000	0.0000	0.0000	0.0314	0.0123	0.0191	0.0075	0.0058	0.0017	0.0238	0.0065	0.0174	0.0000	0.0000	0.0000	0.0000	0.0000	0.0000	0.0000	0.0000	0.0000	0.0003	0.0008	0.0000	0.0013	0.0017	0.0000	0.0000	0.0000	0.0000						
3	16	0.1732	6	0	2	0	1	0	0	0	0	N	Y	N	N	N	N	N	N	N	N	N	N	0.0000	0.0000	0.0000	0.0000	0.0000	0.0000	0.0000	0.0000	0.0000	0.0000	0.0000	0.0000	0.0000	0.0000	0.0000	0.0000	0.0000	0.0001	0.0004	0.0000	0.0010	0.0013	0.0000	0.0000	0.0000	0.0000	0.0449	0.0000	-0.0000	4.5862	2.0000	2.3929	2.0010	0.0000	0.0000	0.0000	0.0000	0.0000	0.0000	0.0000	0.0000	0.0000	0.0000	0.0000	0.0000	0.0000	0.0000	0.0000	0.0000	0.0000	0.0000	0.3062	0.2740	0.0322	0.1117	0.1033	0.0084	0.1945	0.1707	0.0238	0.0754	0.0254	0.0500	0.0098	0.0076	0.0022	0.0655	0.0178	0.0478	0.0000	0.0000	0.0000	0.0000	0.0000	0.0000	0.0000	0.0000	0.0000	0.0001	0.0004	0.0000	0.0010	0.0013	0.0000	0.0000	0.0000	0.0000		
3	17	0.1426	5	1	2	0	0	0	0	0	0	N	Y	N	N	N	N	N	N	N	N	N	N	2279.4968	2115.5328	0.0000	577.7662	527.6095	5308.4103	inf	0.0000	0.3669	0.4066	0.0000	0.1629	0.1752	0.0000	0.5639	0.6438	0.0000	0.0002	0.0002	0.0001	0.0003	0.0003	0.0000	0.0001	0.0000	0.0001	0.0000	0.8326	-0.0000	-0.0000	4.5862	0.0017	2.3929	0.9948	0.0002	0.0002	0.0000	0.0000	0.0000	0.0000	0.0001	0.0001	0.0000	0.0000	0.0000	0.0000	0.0000	0.0000	0.0000	0.0000	0.0000	0.0000	0.0004	0.0004	0.0000	0.0002	0.0002	0.0000	0.0002	0.0002	0.0000	0.0198	0.0091	0.0108	0.0062	0.0052	0.0009	0.0137	0.0038	0.0098	2279.4968	2115.5328	0.0000	577.7662	527.6095	0.0000	5308.4103	inf	0.0000	0.0002	0.0002	0.0001	0.0003	0.0003	0.0000	0.0001	0.0000	0.0001	
3	18	0.1958	6	0	2	0	0	0	0	0	0	N	Y	N	N	N	N	N	N	N	N	N	N	0.0000	0.0000	0.0000	0.0000	0.0000	0.0000	0.0000	0.0000	0.0000	0.0000	0.0000	0.0000	0.0000	0.0000	0.0000	0.0000	0.0000	0.0000	0.0000	0.0000	4.5862	0.0000	2.3929	0.0000	0.0000	0.0000	0.0000	0.0000	0.0000	0.0000	0.0000	0.0000	0.0000	0.0000	0.0000	0.0000	0.0000	0.0000	0.0000	0.0000	0.0000	0.0000	0.0000	0.0000	0.0000	0.0000	0.0000	0.0000	0.0000	0.0000	0.0000	0.0000	0.0000	0.0000	0.0000	0.0000	0.0000	0.0000	0.0000	0.0000	0.0000	0.0000	0.0000	0.0000	0.0000	0.0000	0.0000	0.0000	0.0000	0.0000	0.0000	0.0000	0.0000	0.0000	0.0000	0.0000	0.0000	0.0000											
3	19	0.0571	2	0	1	0	1	0	0	0	0	N	N	N	N	N	N	N	N	N	N	N	N	1890.7366	659.9610	163.0053	175.0593	inf	inf	0.1279	0.1455	0.0000	0.1657	0.1830	0.0000	0.1005	0.1168	0.0000	0.0001	0.0002	0.0000	0.0010	0.0010	0.0000	0.0000	0.0000	0.0000	0.0000	0.0000	-0.0129	-0.0000	4.5862	3.0666	2.3929	4.9999	0.0652	0.0652	0.0000	0.0355	0.0355	0.0000	0.0297	0.0297	0.0000	0.0000	0.0000	0.0000	0.0000	0.0000	0.0000	0.0000	0.0000	0.0000	0.5092	0.4479	0.0613	0.2140	0.1938	0.0202	0.2952	0.2541	0.0412	0.1478	0.0454	0.1024	0.0098	0.0096	0.0003	0.1379	0.0358	0.1021	1890.7366	659.9610	0.0000	163.0053	175.0593	0.0000	inf	inf	0.0000	0.0001	0.0002	0.0000	0.0010	0.0010	0.0000	0.0000	0.0000	0.0000			
3	20	0.1492	5	1	1	1	0	0	0	0	0	N	N	N	N	N	N	N	N	N	N	N	N	0.0000	0.0000	0.0000	0.0000	0.0000	0.0000	0.0000	0.0000	0.0000	0.0000	0.0000	0.0000	0.0000	0.0000	0.0000	0.0000	0.0045	0.0107	0.0000	0.0148	0.0169	0.0000	0.0000	0.0000	0.0000	0.0000	0.0000	-0.0001	4.5862	0.9718	2.3929	0.9404	0.0000	0.0000	0.0000	0.0000	0.0000	0.0000	0.0000	0.0000	0.0000	0.0002	0.0002	0.0000	0.0002	0.0002	0.0000	0.0000	0.0000	0.0000	0.1416	0.1282	0.0134	0.0649	0.0616	0.0033	0.0767	0.0666	0.0101	0.0437	0.0184	0.0253	0.0133	0.0117	0.0017	0.0303	0.0067	0.0236	0.0000	0.0000	0.0000	0.0000	0.0000	0.0000	0.0000	0.0000	0.0000	0.0045	0.0107	0.0000	0.0148	0.0169	0.0000	0.0000	0.0000	0.0000			
3	21	0.2247	6	0	2	0	0	0	0	0	0	N	Y	N	N	N	N	N	N	N	N	N	N	1.2134	37.9364	0.0024	14.6774	38.3926	0.0139	0.3219	inf	0.0010	0.0003	0.0003	0.0000	0.0006	0.0006	0.0000	0.0001	0.0001	0.0000	0.0002	0.0000	0.0005	0.0000	0.0000	0.0002	0.0003	0.0000	0.0005	0.0004	56.0848	-0.0000	0.0000	4.5862	0.9958	2.3929	0.0079	0.0001	0.0001	0.0000	0.0001	0.0001	0.0000	0.0000	0.0000	0.0000	0.0000	0.0000	0.0000	0.0000	0.0000	0.0000	0.0000	0.0000	0.0000	0.2378	0.2165	0.0213	0.0898	0.0848	0.0050	0.1480	0.1317	0.0163	0.0212	0.0106	0.0106	0.0066	0.0054	0.0012	0.0146	0.0052	0.0095	1.2134	37.9364	0.0024	14.6774	38.3926	0.0211	0.3219	inf	0.0010	0.0002	0.0000	0.0005	0.0000	0.0000	0.0001	0.0003	0.0000	0.0005
3	22	0.1811	6	0	2	0	0	0	0	0	0	N	Y	N	N	N	N	N	N	N	N	N	N	10.8538	5.9447	11.3566	4.9229	4.4711	991.8393	15167.7758	1692931.5089	0.3661	1.2351	1.3688	0.0009	1.7569	1.8845	0.0034	0.9125	1.0324	0.0000	0.1138	0.2302	0.0001	0.3569	0.4215	0.0000	0.0001	0.0000	0.0001	0.0001	0.0004	-0.1961	-0.0157	4.5862	4.0220	2.3929	5.3698	0.9918	0.9918	0.0001	0.5390	0.5390	0.0001	0.4528	0.4528	0.0000	0.0210	0.0210	0.0000	0.0210	0.0210	0.0000	0.0000	0.0000	0.0000	0.8030	0.7246	0.0785	0.3068	0.2860	0.0208	0.4962	0.4386	0.0577	0.1843	0.0911	0.0933	0.0588	0.0498	0.0090	0.1256	0.0413	0.0843	10.8538	5.9447	11.3566	4.9229	4.4711	991.8393	15167.7758	1692931.5089	0.3661	0.1138	0.2302	0.0001	0.3569	0.4215	0.0000	0.0001	0.0000	0.0001
3	23	0.1276	4	1	2	0	0	0	0	0	0	N	Y	N	N	N	N	N	N	N	N	N	N	0.0000	0.0000	0.0000	0.0000	0.0000	0.0000	0.0000	0.0000	0.0000	0.0000	0.0000	0.0000	0.0000	0.0000	0.0000	0.0000	0.0000	0.0000	0.0000	0.0000	4.5862	0.0000	2.3929	3.0000	0.0000	0.0000	0.0000	0.0000	0.0000	0.0000	0.0000	0.0000	0.0000	0.0000	0.0000	0.0000	0.0000	0.0000	0.0000	0.0000	0.0000	0.0000	0.0000	0.0000	0.0000	0.0000	0.0000	0.0000	0.0000	0.0000	0.0000	0.0464	0.0181	0.0282	0.0111	0.0085	0.0026	0.0353	0.0096	0.0257	0.0000	0.0000	0.0000	0.0000	0.0000	0.0000	0.0000	0.0000	0.0000	0.0000	0.0000	0.0000	0.0000	0.0000	0.0000	0.0000	0.0000	0.0000											
3	24	0.2478	8	0	2	0	0	0	0	0	0	N	Y	N	N	N	N	N	N	N	N	N	N	0.2356	0.1396	0.0000	0.1491	0.1170	0.0000	0.0000	0.0000	0.0000	1.3358	1.4302	0.0000	2.1053	2.1887	0.0000	0.0000	0.0000	0.0000	5.6705	10.2475	0.0001	14.1157	18.7045	0.0000	0.0008	0.0724	0.0001	0.0000	0.0000	-0.0002	-0.1067	4.5862	0.0018	2.3929	0.9893	0.0011	0.0011	0.0000	0.0011	0.0011	0.0000	0.0000	0.0000	0.0000	0.1425	0.1425	0.0000	0.1425	0.1425	0.0000	0.0000	0.0000	0.0000	0.0008	0.0008	0.0001	0.0005	0.0005	0.0000	0.0003	0.0003	0.0000	0.0251	0.0139	0.0112	0.0101	0.0076	0.0025	0.0150	0.0063	0.0087	0.2356	0.1396	0.0000	0.1491	0.1170	0.0000	0.0000	0.0000	0.0000	5.6705	10.2475	0.0001	14.1157	18.7045	0.0000	0.0008	0.0018	0.0001
3	25	0.0571	2	1	2	0	0	0	0	0	0	N	Y	N	N	N	N	N	N	N	N	N	N	658.7674	230.1427	53.8456	58.3360	inf	inf	0.1721	0.1973	0.0000	0.2131	0.2375	0.0000	0.1400	0.1640	0.0000	0.0003	0.0009	0.0000	0.0040	0.0041	0.0000	0.0000	0.0000	0.0000	0.0000	0.0000	-0.0129	-0.0000	4.5862	2.0666	2.3929	3.9999	0.0652	0.0652	0.0000	0.0355	0.0355	0.0000	0.0297	0.0297	0.0000	0.0000	0.0000	0.0000	0.0000	0.0000	0.0000	0.0000	0.0000	0.0000	0.3785	0.3303	0.0482	0.1665	0.1494	0.0171	0.2120	0.1809	0.0311	0.1148	0.0350	0.0798	0.0076	0.0074	0.0002	0.1072	0.0276	0.0796	658.7674	230.1427	0.0000	53.8456	58.3360	0.0000	inf	inf	0.0000	0.0003	0.0009	0.0000	0.0040	0.0041	0.0000	0.0000	0.0000	0.0000			
3	26	0.1276	4	0	2	0	0	0	0	0	0	N	Y	N	N	N	N	N	N	N	N	N	N	0.0000	0.0000	0.0000	0.0000	0.0000	0.0000	0.0000	0.0000	0.0000	0.0000	0.0000	0.0000	0.0000	0.0000	0.0000	0.0000	0.0000	0.0000	0.0000	0.0000	4.5862	1.0000	2.3929	4.0000	0.0000	0.0000	0.0000	0.0000	0.0000	0.0000	0.0000	0.0000	0.0000	0.0000	0.0000	0.0000	0.0000	0.0000	0.0000	0.0000	0.0000	0.0000	0.1326	0.1202	0.0124	0.0692	0.0657	0.0035	0.0634	0.0545	0.0089	0.0752	0.0295	0.0458	0.0179	0.0137	0.0042	0.0573	0.0158	0.0415	0.0000	0.0000	0.0000	0.0000	0.0000	0.0000	0.0000	0.0000	0.0000	0.0000	0.0000	0.0000	0.0000	0.0000	0.0000	0.0000	0.0000	0.0000											
3	27	0.1276	4	0	2	0	0	0	0	0	0	N	Y	N	N	N	N	N	N	N	N	N	N	0.0000	0.0000	0.0000	0.0000	0.0000	0.0000	0.0000	0.0000	0.0000	0.0000	0.0000	0.0000	0.0000	0.0045	0.0116	0.0000	0.0189	0.0247	0.0000	0.0000	0.0000	0.0000	0.0000	0.0000	-0.0002	4.5862	1.0000	2.3929	2.0000	0.0000	0.0000	0.0000	0.0000	0.0000	0.0000	0.0000	0.0000	0.0000	0.0002	0.0002	0.0000	0.0002	0.0002	0.0000	0.0000	0.0000	0.0000	0.1326	0.1202	0.0124	0.0692	0.0657	0.0035	0.0634	0.0545	0.0089	0.0464	0.0181	0.0282	0.0111	0.0085	0.0026	0.0353	0.0096	0.0257	0.0000	0.0000	0.0000	0.0000	0.0000	0.0000	0.0000	0.0000	0.0000	0.0045	0.0116	0.0000	0.0189	0.0247	0.0000	0.0000	0.0000	0.0000						
3	28	0.0571	2	0	2	1	1	0	0	0	0	N	Y	N	N	N	N	N	N	N	N	N	N	2.2529	0.7946	inf	0.2941	0.3146	inf	inf	inf	inf	1.4783	1.6706	0.0238	2.8475	3.1266	0.0088	0.5266	0.6045	0.0307	0.6562	2.1025	0.0000	9.6814	9.9397	0.0000	0.0000	0.0000	0.0000	0.0019	0.0000	-0.1792	-0.1080	4.5862	3.9334	2.3929	8.9999	0.9147	0.9130	0.0017	0.7225	0.7223	0.0002	0.1922	0.1907	0.0015	0.1441	0.1441	0.0000	0.1441	0.1441	0.0000	0.0000	0.0000	0.0000	0.6188	0.5465	0.0723	0.2537	0.2310	0.0227	0.3650	0.3155	0.0495	0.2197	0.0686	0.1511	0.0149	0.0145	0.0004	0.2048	0.0541	0.1507	2.2529	0.7946	inf	0.2941	0.3146	inf	inf	inf	inf	0.6562	2.1025	0.0000	9.6814	9.9397	0.0000	0.0000	0.0000	0.0000
3	29	0.1050	4	0	2	0	0	0	0	0	0	N	Y	N	N	N	N	N	N	N	N	N	N	94.6194	inf	489.8344	38.5334	inf	78.1627	139.1712	inf	800.6763	0.0058	0.0000	0.0490	0.0003	0.0000	0.0026	0.0107	0.0001	0.0849	0.0001	0.0000	0.0001	0.0000	0.0000	0.0000	0.0001	0.0000	0.0001	183.6074	inf	0.0060	0.0000	4.5862	7.9836	2.3929	2.1583	0.0075	0.0000	0.0075	0.0002	0.0000	0.0002	0.0073	0.0000	0.0073	0.0000	0.0000	0.0000	0.0000	0.0000	0.0000	0.0000	0.0000	0.0000	1.3029	1.1505	0.1524	0.6191	0.5526	0.0665	0.6838	0.5980	0.0859	0.1644	0.0643	0.1001	0.0381	0.0298	0.0083	0.1263	0.0346	0.0918	94.6194	inf	489.8344	38.5334	inf	78.1627	139.1712	inf	800.6763	0.0001	0.0000	0.0001	0.0000	0.0000	0.0000	0.0001	0.0000	0.0001
3	30	0.0571	2	1	2	0	0	0	0	0	0	N	Y	N	N	N	N	N	N	N	N	N	N	3738.1974	1336.3292	inf	537.4889	567.1007	inf	inf	inf	inf	0.7083	0.7908	0.0126	1.4616	1.5799	0.0054	0.2412	0.2735	0.0153	0.0002	0.0006	0.0000	0.0027	0.0028	0.0000	0.0000	0.0000	0.0000	0.0019	0.0000	-0.1792	-0.0000	4.5862	9.9334	2.3929	11.0001	0.9147	0.9130	0.0017	0.7225	0.7223	0.0002	0.1922	0.1907	0.0015	0.0001	0.0001	0.0000	0.0001	0.0001	0.0000	0.0000	0.0000	0.0000	1.2914	1.1546	0.1368	0.4943	0.4572	0.0371	0.7971	0.6974	0.0997	0.3167	0.1014	0.2153	0.0221	0.0215	0.0005	0.2946	0.0799	0.2147	3738.1974	1336.3292	inf	537.4889	567.1007	inf	inf	inf	inf	0.0002	0.0006	0.0000	0.0027	0.0028	0.0000	0.0000	0.0000	0.0000
3	31	0.0571	2	0	1	1	0	0	0	0	0	N	N	N	N	N	N	N	N	N	N	N	N	13.8860	4.8486	1.7305	1.8602	inf	inf	1.8553	2.1111	0.0000	3.4760	3.8417	0.0000	0.6708	0.7801	0.0000	0.1336	0.4354	0.0000	2.0087	2.0652	0.0000	0.0000	0.0000	0.0000	0.0000	0.0000	-0.1806	-0.0146	4.5862	2.9334	2.3929	4.9999	0.9130	0.9130	0.0000	0.7223	0.7223	0.0000	0.1907	0.1907	0.0000	0.0195	0.0195	0.0000	0.0195	0.0195	0.0000	0.0000	0.0000	0.0000	0.4921	0.4325	0.0596	0.2078	0.1880	0.0198	0.2843	0.2445	0.0398	0.1456	0.0447	0.1010	0.0097	0.0094	0.0003	0.1360	0.0353	0.1007	13.8860	4.8486	0.0000	1.7305	1.8602	0.0000	inf	inf	0.0000	0.1336	0.4354	0.0000	2.0087	2.0652	0.0000	0.0000	0.0000	0.0000			
3	32	0.0571	2	0	2	0	0	0	0	0	0	N	Y	N	N	N	N	N	N	N	N	N	N	913.5258	317.1215	inf	95.8402	102.8618	inf	inf	inf	inf	1.6665	1.8909	0.0280	2.6373	2.9109	0.0099	0.9627	1.1127	0.0369	0.0018	0.0060	0.0000	0.0275	0.0283	0.0000	0.0000	0.0000	0.0000	0.0020	0.0000	-0.1662	-0.0002	4.5862	3.0666	2.3929	3.9999	0.8486	0.8469	0.0017	0.5644	0.5642	0.0002	0.2842	0.2827	0.0015	0.0002	0.0002	0.0000	0.0002	0.0002	0.0000	0.0000	0.0000	0.0000	0.5092	0.4479	0.0613	0.2140	0.1938	0.0202	0.2952	0.2541	0.0412	0.1316	0.0403	0.0913	0.0087	0.0085	0.0002	0.1228	0.0318	0.0911	913.5258	317.1215	inf	95.8402	102.8618	inf	inf	inf	inf	0.0018	0.0060	0.0000	0.0275	0.0283	0.0000	0.0000	0.0000	0.0000
3	33	0.1455	5	1	1	1	0	0	0	0	0	N	N	N	N	N	N	N	N	N	N	N	N	0.8144	0.0000	10933.9041	0.0000	0.0000	2785.2787	14654.5606	0.0003	0.0000	0.0032	0.0000	0.0000	0.0000	0.0006	0.0000	0.0045	0.0004	0.0010	0.0000	0.0018	0.0021	0.0000	0.0000	0.0000	0.0000	inf	0.0005	0.0000	-0.0000	4.5862	0.9991	2.3929	2.0219	0.0000	0.0000	0.0000	0.0000	0.0000	0.0000	0.0000	0.0000	0.0000	0.0000	0.0000	0.0000	0.0000	0.0000	0.0000	0.0000	0.0000	0.0000	0.1325	0.1202	0.0124	0.0693	0.0658	0.0035	0.0632	0.0544	0.0088	0.0536	0.0207	0.0329	0.0108	0.0094	0.0014	0.0427	0.0113	0.0314	0.8144	0.0000	10933.9041	0.0000	0.0000	0.0000	2785.2787	0.0000	14654.5606	0.0004	0.0010	0.0000	0.0018	0.0021	0.0000	0.0000	0.0000	0.0000		
3	34	0.0571	2	0	2	0	0	0	0	0	0	N	Y	N	N	N	N	N	N	N	N	N	N	10906.3039	3795.1069	inf	1436.1779	1528.0132	inf	inf	inf	inf	1.2346	1.3904	0.0204	2.4255	2.6516	0.0078	0.4339	0.4964	0.0258	0.0001	0.0004	0.0000	0.0017	0.0017	0.0000	0.0000	0.0000	0.0000	0.0019	0.0000	-0.1792	-0.0000	4.5862	4.9334	2.3929	5.0001	0.9147	0.9130	0.0017	0.7225	0.7223	0.0002	0.1922	0.1907	0.0015	0.0000	0.0000	0.0000	0.0000	0.0000	0.0000	0.0000	0.0000	0.0000	0.7409	0.6566	0.0843	0.2979	0.2724	0.0255	0.4430	0.3842	0.0588	0.1767	0.0546	0.1221	0.0118	0.0115	0.0003	0.1648	0.0431	0.1218	10906.3039	3795.1069	inf	1436.1779	1528.0132	inf	inf	inf	inf	0.0001	0.0004	0.0000	0.0017	0.0017	0.0000	0.0000	0.0000	0.0000
3	35	0.1455	5	1	1	1	0	0	0	0	0	N	N	N	N	N	N	N	N	N	N	N	N	40.5304	inf	0.0000	inf	inf	0.0000	0.0000	0.0002	0.0002	0.0000	0.0004	0.0004	0.0000	0.0000	0.0000	0.0000	0.0000	0.0000	0.0000	0.0000	0.0000	0.0000	0.0000	0.0000	0.0000	0.0000	inf	-0.0000	0.0000	4.5862	0.0009	2.3929	1.9867	0.0000	0.0000	0.0000	0.0000	0.0000	0.0000	0.0000	0.0000	0.0000	0.0000	0.0000	0.0000	0.0000	0.0000	0.0000	0.0000	0.0000	0.0000	0.0002	0.0002	0.0000	0.0001	0.0001	0.0000	0.0001	0.0001	0.0000	0.0371	0.0147	0.0224	0.0079	0.0070	0.0009	0.0292	0.0077	0.0214	40.5304	inf	0.0000	inf	inf	0.0000	0.0000	0.0000	0.0000	0.0000	0.0000	0.0000	0.0000	0.0000	0.0000	0.0000	0.0000	0.0000		
3	36	0.1276	4	1	1	1	0	0	0	0	0	N	N	N	N	N	N	N	N	N	N	N	N	0.0717	0.0000	inf	0.0000	0.0000	inf	inf	0.0000	0.0000	0.0000	0.0000	0.0000	0.0000	0.0000	0.0000	0.0000	0.0000	0.0000	0.0000	0.0000	0.0000	0.0000	0.0000	0.0000	0.0000	inf	0.0000	0.0000	-0.0000	4.5862	1.0009	2.3929	2.0357	0.0000	0.0000	0.0000	0.0000	0.0000	0.0000	0.0000	0.0000	0.0000	0.0000	0.0000	0.0000	0.0000	0.0000	0.0000	0.0000	0.0000	0.0000	0.1327	0.1203	0.0124	0.0693	0.0658	0.0035	0.0634	0.0545	0.0089	0.0469	0.0184	0.0286	0.0112	0.0086	0.0026	0.0357	0.0098	0.0260	0.0717	0.0000	inf	0.0000	0.0000	0.0000	inf	0.0000	inf	0.0000	0.0000	0.0000	0.0000	0.0000	0.0000	0.0000	0.0000	0.0000		
3	37	0.1276	4	1	1	1	0	0	0	0	0	N	N	N	N	N	N	N	N	N	N	N	N	0.0000	0.0000	0.0000	0.0000	0.0000	0.0000	0.0000	0.0000	0.0000	0.0000	0.0000	0.0000	0.0000	0.0038	0.0096	0.0000	0.0158	0.0207	0.0000	0.0000	0.0000	0.0000	0.0000	0.0000	-0.0002	4.5862	1.0000	2.3929	3.0000	0.0000	0.0000	0.0000	0.0000	0.0000	0.0000	0.0000	0.0000	0.0000	0.0002	0.0002	0.0000	0.0002	0.0002	0.0000	0.0000	0.0000	0.0000	0.1326	0.1202	0.0124	0.0692	0.0657	0.0035	0.0634	0.0545	0.0089	0.0610	0.0239	0.0371	0.0145	0.0111	0.0034	0.0465	0.0128	0.0337	0.0000	0.0000	0.0000	0.0000	0.0000	0.0000	0.0000	0.0000	0.0000	0.0038	0.0096	0.0000	0.0158	0.0207	0.0000	0.0000	0.0000	0.0000						
3	38	0.0571	2	0	1	1	0	0	0	0	0	N	N	N	N	N	N	N	N	N	N	N	N	1507.6350	509.1609	inf	126.3544	134.8607	inf	inf	inf	inf	0.1313	0.1455	0.0280	0.1667	0.1830	0.0099	0.1057	0.1168	0.0369	0.0001	0.0003	0.0000	0.0013	0.0014	0.0000	0.0000	0.0000	0.0000	0.0264	0.0000	-0.0115	-0.0000	4.5862	3.0666	2.3929	2.9999	0.0669	0.0652	0.0017	0.0357	0.0355	0.0002	0.0312	0.0297	0.0015	0.0000	0.0000	0.0000	0.0000	0.0000	0.0000	0.0000	0.0000	0.0000	0.5092	0.4479	0.0613	0.2140	0.1938	0.0202	0.2952	0.2541	0.0412	0.1148	0.0350	0.0798	0.0076	0.0074	0.0002	0.1072	0.0276	0.0796	1507.6350	509.1609	inf	126.3544	134.8607	inf	inf	inf	inf	0.0001	0.0003	0.0000	0.0013	0.0014	0.0000	0.0000	0.0000	0.0000
3	39	0.0571	2	0	2	0	0	0	0	0	0	N	Y	N	N	N	N	N	N	N	N	N	N	790.6936	272.8101	100.6755	107.4884	inf	inf	1.4755	1.6706	0.0000	2.8467	3.1266	0.0000	0.5225	0.6045	0.0000	0.0019	0.0061	0.0000	0.0283	0.0291	0.0000	0.0000	0.0000	0.0000	0.0000	0.0000	-0.1806	-0.0002	4.5862	3.9334	2.3929	2.0001	0.9130	0.9130	0.0000	0.7223	0.7223	0.0000	0.1907	0.1907	0.0000	0.0002	0.0002	0.0000	0.0002	0.0002	0.0000	0.0000	0.0000	0.0000	0.6188	0.5465	0.0723	0.2537	0.2310	0.0227	0.3650	0.3155	0.0495	0.1125	0.0343	0.0782	0.0074	0.0072	0.0002	0.1051	0.0271	0.0780	790.6936	272.8101	0.0000	100.6755	107.4884	0.0000	inf	inf	0.0000	0.0019	0.0061	0.0000	0.0283	0.0291	0.0000	0.0000	0.0000	0.0000			
3	40	0.1615	7	1	2	1	0	0	0	0	0	N	Y	N	N	N	N	N	N	N	N	N	N	0.0000	0.0000	0.0000	0.0000	0.0000	0.0000	0.0000	0.0000	0.0000	0.0000	0.0000	0.0000	0.0000	0.0000	0.0000	0.0000	0.0000	0.0000	0.0000	0.0000	4.5862	0.0000	2.3929	0.0000	0.0000	0.0000	0.0000	0.0000	0.0000	0.0000	0.0000	0.0000	0.0000	0.0000	0.0000	0.0000	0.0000	0.0000	0.0000	0.0000	0.0000	0.0000	0.0000	0.0000	0.0000	0.0000	0.0000	0.0000	0.0000	0.0000	0.0000	0.0000	0.0000	0.0000	0.0000	0.0000	0.0000	0.0000	0.0000	0.0000	0.0000	0.0000	0.0000	0.0000	0.0000	0.0000	0.0000	0.0000	0.0000	0.0000	0.0000	0.0000	0.0000	0.0000	0.0000	0.0000	0.0000	0.0000											
3	41	0.1615	6	1	2	1	0	0	0	0	0	N	Y	N	N	N	N	N	N	N	N	N	N	0.0000	0.0000	0.0000	0.0000	0.0000	0.0000	0.0000	0.0000	0.0000	0.0000	0.0000	0.0000	0.0000	0.0096	0.0249	0.0000	0.0417	0.0542	0.0000	0.0000	0.0000	0.0000	0.0000	0.0000	-0.0004	4.5862	1.0000	2.3929	1.9999	0.0000	0.0000	0.0000	0.0000	0.0000	0.0000	0.0000	0.0000	0.0000	0.0005	0.0005	0.0000	0.0005	0.0005	0.0000	0.0000	0.0000	0.0000	0.1417	0.1282	0.0135	0.0649	0.0615	0.0034	0.0768	0.0667	0.0101	0.0492	0.0189	0.0303	0.0113	0.0087	0.0026	0.0379	0.0102	0.0277	0.0000	0.0000	0.0000	0.0000	0.0000	0.0000	0.0000	0.0000	0.0000	0.0096	0.0249	0.0000	0.0417	0.0542	0.0000	0.0000	0.0000	0.0000						
3	42	0.1984	5	1	2	0	0	0	0	0	0	N	Y	N	N	N	N	N	N	N	N	N	N	0.0250	60.2488	0.0000	24.5712	38.6574	0.0014	0.0120	inf	0.0000	0.4329	0.4805	0.0009	0.5004	0.5554	0.0012	0.2817	0.3126	0.0001	17.3285	0.0080	30.4528	0.0204	0.0144	0.8637	23.5016	0.0000	31.7670	0.0002	5039.6262	-0.0000	0.2501	4.5862	0.0007	2.3929	2.0242	0.0002	0.0002	0.0000	0.0001	0.0001	0.0000	0.0000	0.0000	0.0000	0.9968	0.0002	0.9966	0.0003	0.0002	0.0001	0.9965	0.0000	0.9965	0.0004	0.0004	0.0000	0.0003	0.0003	0.0000	0.0001	0.0001	0.0000	0.0575	0.0248	0.0327	0.0151	0.0138	0.0014	0.0424	0.0110	0.0314	0.0250	60.2488	0.0000	24.5712	38.6574	0.0144	0.0120	inf	0.0000	17.3285	0.0080	30.4528	0.0204	0.0144	0.0812	23.5016	0.0000	31.7670
3	43	0.1015	3	0	2	0	1	0	0	0	0	N	Y	N	N	N	N	N	N	N	N	N	N	0.0000	0.0000	0.0000	0.0000	0.0000	0.0000	0.0000	0.0000	0.0000	0.0000	0.0000	0.0000	0.0000	0.0000	0.0000	0.0000	0.0000	0.0000	0.0000	0.0000	4.5862	0.0000	2.3929	0.0000	0.0000	0.0000	0.0000	0.0000	0.0000	0.0000	0.0000	0.0000	0.0000	0.0000	0.0000	0.0000	0.0000	0.0000	0.0000	0.0000	0.0000	0.0000	0.0000	0.0000	0.0000	0.0000	0.0000	0.0000	0.0000	0.0000	0.0000	0.0000	0.0000	0.0000	0.0000	0.0000	0.0000	0.0000	0.0000	0.0000	0.0000	0.0000	0.0000	0.0000	0.0000	0.0000	0.0000	0.0000	0.0000	0.0000	0.0000	0.0000	0.0000	0.0000	0.0000	0.0000	0.0000	0.0000											
3	44	0.1015	3	0	1	0	1	0	0	0	0	N	N	N	N	N	N	N	N	N	N	N	N	0.0000	0.0000	0.0000	0.0000	0.0000	0.0000	0.0000	0.0000	0.0000	0.0000	0.0000	0.0000	0.0000	0.0000	0.0000	0.0000	0.0000	0.0000	0.0000	0.0000	4.5862	0.0000	2.3929	0.0000	0.0000	0.0000	0.0000	0.0000	0.0000	0.0000	0.0000	0.0000	0.0000	0.0000	0.0000	0.0000	0.0000	0.0000	0.0000	0.0000	0.0000	0.0000	0.0000	0.0000	0.0000	0.0000	0.0000	0.0000	0.0000	0.0000	0.0000	0.0000	0.0000	0.0000	0.0000	0.0000	0.0000	0.0000	0.0000	0.0000	0.0000	0.0000	0.0000	0.0000	0.0000	0.0000	0.0000	0.0000	0.0000	0.0000	0.0000	0.0000	0.0000	0.0000	0.0000	0.0000	0.0000	0.0000											
3	45	0.0571	2	0	1	0	1	0	0	0	0	N	N	N	N	N	N	N	N	N	N	N	N	73.1854	25.4572	6.2850	6.7478	inf	inf	0.1279	0.1455	0.0000	0.1657	0.1830	0.0000	0.1005	0.1168	0.0000	0.0017	0.0057	0.0000	0.0264	0.0271	0.0000	0.0000	0.0000	0.0000	0.0000	0.0000	-0.0129	-0.0002	4.5862	3.0666	2.3929	3.9999	0.0652	0.0652	0.0000	0.0355	0.0355	0.0000	0.0297	0.0297	0.0000	0.0002	0.0002	0.0000	0.0002	0.0002	0.0000	0.0000	0.0000	0.0000	0.5092	0.4479	0.0613	0.2140	0.1938	0.0202	0.2952	0.2541	0.0412	0.1316	0.0403	0.0913	0.0087	0.0085	0.0002	0.1228	0.0318	0.0911	73.1854	25.4572	0.0000	6.2850	6.7478	0.0000	inf	inf	0.0000	0.0017	0.0057	0.0000	0.0264	0.0271	0.0000	0.0000	0.0000	0.0000			
3	46	0.1276	4	1	1	1	0	0	0	0	0	N	N	N	N	N	N	N	N	N	N	N	N	0.0000	0.0000	0.0000	0.0000	0.0000	0.0000	0.0000	0.0000	0.0000	0.0000	0.0000	0.0000	0.0000	0.0067	0.0171	0.0000	0.0280	0.0364	0.0000	0.0000	0.0000	0.0000	0.0000	0.0000	-0.0002	4.5862	0.0000	2.3929	2.0000	0.0000	0.0000	0.0000	0.0000	0.0000	0.0000	0.0000	0.0000	0.0000	0.0002	0.0002	0.0000	0.0002	0.0002	0.0000	0.0000	0.0000	0.0000	0.0000	0.0000	0.0000	0.0000	0.0000	0.0000	0.0000	0.0000	0.0000	0.0314	0.0123	0.0191	0.0075	0.0058	0.0017	0.0238	0.0065	0.0174	0.0000	0.0000	0.0000	0.0000	0.0000	0.0000	0.0000	0.0000	0.0000	0.0067	0.0171	0.0000	0.0280	0.0364	0.0000	0.0000	0.0000	0.0000						
3	47	0.1426	5	1	2	0	0	0	0	0	0	N	Y	N	N	N	N	N	N	N	N	N	N	18.9522	17.0604	0.0000	5.3115	4.6321	39.2557	inf	0.0000	0.0012	0.0013	0.0000	0.0006	0.0007	0.0000	0.0016	0.0018	0.0000	0.0001	0.0001	0.0001	0.0001	0.0002	0.0000	0.0000	0.0000	0.0001	0.0000	0.8326	-0.0000	-0.0000	4.5862	0.9991	2.3929	2.0273	0.0002	0.0002	0.0000	0.0000	0.0000	0.0000	0.0001	0.0001	0.0000	0.0000	0.0000	0.0000	0.0000	0.0000	0.0000	0.0000	0.0000	0.0000	0.1331	0.1189	0.0142	0.0540	0.0499	0.0041	0.0792	0.0690	0.0102	0.0505	0.0222	0.0284	0.0144	0.0116	0.0028	0.0362	0.0106	0.0256	18.9522	17.0604	0.0000	5.3115	4.6321	0.0000	39.2557	inf	0.0000	0.0001	0.0001	0.0001	0.0001	0.0002	0.0000	0.0000	0.0000	0.0001	
3	48	0.1050	4	1	2	0	0	0	0	0	0	N	Y	N	N	N	N	N	N	N	N	N	N	782.5836	364.6325	0.0204	87.7070	81.4508	0.0016	48161.0673	3477438.0589	0.0435	1.4858	1.7036	0.0000	0.6643	0.7598	0.0000	2.5717	2.9589	0.0000	0.0019	0.0047	0.0001	0.0076	0.0093	0.0000	0.0001	0.0000	0.0001	0.0000	0.0226	-0.2423	-0.0002	4.5862	3.1828	2.3929	3.1571	1.2250	1.2250	0.0000	0.3118	0.3118	0.0000	0.9131	0.9131	0.0000	0.0002	0.0002	0.0000	0.0002	0.0002	0.0000	0.0000	0.0000	0.0000	0.8245	0.7190	0.1054	0.4694	0.4104	0.0590	0.3551	0.3086	0.0465	0.1155	0.0459	0.0696	0.0283	0.0230	0.0053	0.0871	0.0229	0.0642	782.5836	364.6325	0.0204	87.7070	81.4508	0.0016	48161.0673	3477438.0589	0.0435	0.0019	0.0047	0.0001	0.0076	0.0093	0.0000	0.0001	0.0000	0.0001
3	49	0.1008	3	0	2	0	0	0	0	0	0	N	Y	N	N	N	N	N	N	N	N	N	N	4059.8298	3003.3239	299.1671	1751.1361	1815.9511	3725.9658	9546.4066	inf	506.2971	1.2111	1.4111	0.0507	1.1643	1.3592	0.0339	1.3229	1.5351	0.0910	0.0003	0.0005	0.0002	0.0007	0.0007	0.0000	0.0001	0.0000	0.0002	0.0062	0.4806	-0.1286	-0.0000	4.5862	0.8922	2.3929	1.0748	0.6712	0.6671	0.0041	0.4548	0.4529	0.0019	0.2164	0.2142	0.0022	0.0000	0.0000	0.0000	0.0000	0.0000	0.0000	0.0000	0.0000	0.0000	0.5542	0.4727	0.0815	0.3907	0.3332	0.0575	0.1636	0.1395	0.0240	0.0502	0.0215	0.0286	0.0152	0.0135	0.0017	0.0349	0.0080	0.0269	4059.8298	3003.3239	299.1671	1751.1361	1815.9511	3725.9658	9546.4066	inf	506.2971	0.0003	0.0005	0.0002	0.0007	0.0007	0.0000	0.0001	0.0000	0.0002
3	50	0.1276	4	0	2	0	0	0	0	0	0	N	Y	N	N	N	N	N	N	N	N	N	N	0.0000	0.0000	0.0000	0.0000	0.0000	0.0000	0.0000	0.0000	0.0000	0.0000	0.0000	0.0000	0.0000	0.0000	0.0000	0.0000	0.0000	0.0000	0.0000	0.0000	4.5862	0.0000	2.3929	0.0000	0.0000	0.0000	0.0000	0.0000	0.0000	0.0000	0.0000	0.0000	0.0000	0.0000	0.0000	0.0000	0.0000	0.0000	0.0000	0.0000	0.0000	0.0000	0.0000	0.0000	0.0000	0.0000	0.0000	0.0000	0.0000	0.0000	0.0000	0.0000	0.0000	0.0000	0.0000	0.0000	0.0000	0.0000	0.0000	0.0000	0.0000	0.0000	0.0000	0.0000	0.0000	0.0000	0.0000	0.0000	0.0000	0.0000	0.0000	0.0000	0.0000	0.0000	0.0000	0.0000	0.0000	0.0000											
3	51	0.1276	4	1	2	0	0	0	0	0	0	N	Y	N	N	N	N	N	N	N	N	N	N	0.0000	0.0000	0.0000	0.0000	0.0000	0.0000	0.0000	0.0000	0.0000	0.0000	0.0000	0.0000	0.0000	0.0005	0.0013	0.0000	0.0021	0.0027	0.0000	0.0000	0.0000	0.0000	0.0000	0.0000	-0.0000	4.5862	1.0000	2.3929	3.0000	0.0000	0.0000	0.0000	0.0000	0.0000	0.0000	0.0000	0.0000	0.0000	0.0000	0.0000	0.0000	0.0000	0.0000	0.0000	0.0000	0.0000	0.0000	0.1326	0.1202	0.0124	0.0692	0.0657	0.0035	0.0634	0.0545	0.0089	0.0610	0.0239	0.0371	0.0145	0.0111	0.0034	0.0465	0.0128	0.0337	0.0000	0.0000	0.0000	0.0000	0.0000	0.0000	0.0000	0.0000	0.0000	0.0005	0.0013	0.0000	0.0021	0.0027	0.0000	0.0000	0.0000	0.0000						
3	52	0.1137	3	0	1	0	0	0	0	0	0	N	N	N	N	N	N	N	N	N	N	N	N	0.0010	0.0005	1.1260	0.0006	0.0006	0.1020	0.7272	2397.1287	1.2785	0.0021	0.0022	0.0018	0.0045	0.0047	0.0012	0.0008	0.0006	0.0019	2.0837	4.6388	0.0016	7.1571	8.4372	0.0121	0.0011	0.0000	0.0015	0.0855	0.0004	-0.0001	-0.1562	4.5862	3.0179	2.3929	1.1627	0.0012	0.0011	0.0001	0.0009	0.0009	0.0000	0.0003	0.0002	0.0001	0.2087	0.2086	0.0001	0.2086	0.2086	0.0000	0.0001	0.0000	0.0001	0.5449	0.4927	0.0522	0.1983	0.1857	0.0126	0.3466	0.3070	0.0396	0.1001	0.0450	0.0552	0.0291	0.0247	0.0044	0.0710	0.0202	0.0508	0.0010	0.0005	1.1260	0.0006	0.0006	0.5614	0.7272	2397.1287	1.2785	2.0837	4.6388	0.0016	7.1571	8.4372	0.0022	0.0011	0.0000	0.0015
3	53	0.1276	4	1	2	1	0	0	0	0	0	N	Y	N	N	N	N	N	N	N	N	N	N	0.0000	0.0000	0.0000	0.0000	0.0000	0.0000	0.0000	0.0000	0.0000	0.0000	0.0000	0.0000	0.0000	0.0000	0.0000	0.0000	0.0000	0.0000	0.0000	0.0000	4.5862	4.0000	2.3929	1.0000	0.0000	0.0000	0.0000	0.0000	0.0000	0.0000	0.0000	0.0000	0.0000	0.0000	0.0000	0.0000	0.0000	0.0000	0.0000	0.0000	0.0000	0.0000	0.5037	0.4567	0.0470	0.2593	0.2459	0.0134	0.2444	0.2107	0.0336	0.0752	0.0295	0.0458	0.0179	0.0137	0.0042	0.0573	0.0158	0.0415	0.0000	0.0000	0.0000	0.0000	0.0000	0.0000	0.0000	0.0000	0.0000	0.0000	0.0000	0.0000	0.0000	0.0000	0.0000	0.0000	0.0000	0.0000											
3	54	0.1137	3	0	2	0	0	0	0	0	0	N	Y	N	N	N	N	N	N	N	N	N	N	0.1450	11.4090	0.0691	8.8717	11.9598	0.2146	0.0402	2100.7499	0.0696	0.0030	0.0030	0.0025	0.0062	0.0065	0.0017	0.0011	0.0009	0.0027	0.0206	0.0003	0.0357	0.0007	0.0005	0.0079	0.0275	0.0000	0.0389	0.0855	180.1900	-0.0001	0.0009	4.5862	2.0683	2.3929	6.9961	0.0012	0.0011	0.0001	0.0009	0.0009	0.0000	0.0003	0.0002	0.0001	0.0036	0.0000	0.0036	0.0000	0.0000	0.0000	0.0036	0.0000	0.0036	0.3920	0.3546	0.0374	0.1449	0.1358	0.0091	0.2471	0.2188	0.0283	0.1757	0.0749	0.1008	0.0454	0.0367	0.0086	0.1303	0.0382	0.0922	0.1450	11.4090	0.0691	8.8717	11.9598	1.2558	0.0402	2100.7499	0.0696	0.0206	0.0003	0.0357	0.0007	0.0005	0.0014	0.0275	0.0000	0.0389
3	55	0.0571	2	0	1	0	0	0	0	0	0	N	N	N	N	N	N	N	N	N	N	N	N	68.2472	23.5616	inf	8.7325	9.3276	inf	8305.5818	105.1626	inf	1.4913	1.6717	0.1276	2.8489	3.1277	0.0147	0.5475	0.6053	0.1794	0.0219	0.0709	0.0000	0.3262	0.3353	0.0000	0.0001	0.0058	0.0000	0.0101	0.0000	-0.1731	-0.0027	4.5862	3.9265	2.3929	5.0808	0.9215	0.9123	0.0092	0.7219	0.7216	0.0003	0.1995	0.1907	0.0089	0.0036	0.0036	0.0000	0.0035	0.0035	0.0000	0.0000	0.0000	0.0000	0.6179	0.5457	0.0722	0.2534	0.2307	0.0227	0.3645	0.3150	0.0495	0.1626	0.0501	0.1125	0.0109	0.0106	0.0003	0.1517	0.0395	0.1122	68.2472	23.5616	inf	8.7325	9.3276	inf	8305.5818	2391.1658	inf	0.0219	0.0709	0.0000	0.3262	0.3353	0.0000	0.0001	0.0003	0.0000
3	56	0.1276	4	1	1	1	0	0	0	0	0	N	N	N	N	N	N	N	N	N	N	N	N	0.0000	0.0000	0.0000	0.0000	0.0000	0.0000	0.0000	0.0000	0.0000	0.0000	0.0000	0.0000	0.0000	0.0001	0.0002	0.0000	0.0003	0.0004	0.0000	0.0000	0.0000	0.0000	0.0000	0.0000	-0.0000	4.5862	4.0000	2.3929	7.0000	0.0000	0.0000	0.0000	0.0000	0.0000	0.0000	0.0000	0.0000	0.0000	0.0000	0.0000	0.0000	0.0000	0.0000	0.0000	0.0000	0.0000	0.0000	0.5037	0.4567	0.0470	0.2593	0.2459	0.0134	0.2444	0.2107	0.0336	0.1529	0.0601	0.0928	0.0360	0.0271	0.0089	0.1169	0.0330	0.0839	0.0000	0.0000	0.0000	0.0000	0.0000	0.0000	0.0000	0.0000	0.0000	0.0001	0.0002	0.0000	0.0003	0.0004	0.0000	0.0000	0.0000	0.0000						
3	57	0.1922	7	0	2	0	0	0	0	0	0	N	Y	N	N	N	N	N	N	N	N	N	N	82.4327	53.5207	0.1718	51.4697	45.9032	0.0805	223.5919	580913.9502	0.0548	0.4460	0.4920	0.0003	0.7764	0.8328	0.0008	0.2356	0.2647	0.0001	0.0054	0.0092	0.0016	0.0151	0.0181	0.0096	0.0011	0.0000	0.0016	0.0001	0.1800	-0.1479	-0.0009	4.5862	9.7645	2.3929	7.4558	0.7480	0.7480	0.0000	0.5066	0.5066	0.0000	0.2414	0.2414	0.0000	0.0015	0.0013	0.0002	0.0013	0.0013	0.0000	0.0002	0.0000	0.0002	1.6773	1.5202	0.1572	0.6525	0.6083	0.0443	1.0248	0.9119	0.1129	0.2730	0.1361	0.1368	0.0847	0.0690	0.0158	0.1882	0.0672	0.1211	82.4327	53.5207	0.1718	51.4697	45.9032	0.4534	223.5919	580913.9502	0.0548	0.0054	0.0092	0.0016	0.0151	0.0181	0.0017	0.0011	0.0000	0.0016
3	58	0.2478	8	0	1	1	0	0	0	0	0	N	N	N	N	N	N	N	N	N	N	N	N	0.0729	17128.3769	0.0000	0.0737	22705.7507	0.0000	0.0006	0.0034	0.0046	0.0051	0.0000	0.0116	0.0123	0.0000	0.0000	0.0000	0.0000	0.0635	0.0000	0.1419	0.1577	0.0000	9.1760	0.0008	0.0000	0.0014	0.0001	387574.9047	-0.0002	0.0004	4.5862	1.0009	2.3929	0.0163	0.0011	0.0011	0.0000	0.0011	0.0011	0.0000	0.0000	0.0000	0.0000	0.0016	0.0000	0.0016	0.0016	0.0000	0.0016	0.0000	0.0000	0.0000	0.2419	0.2204	0.0216	0.0964	0.0909	0.0055	0.1455	0.1295	0.0160	0.0256	0.0142	0.0115	0.0102	0.0077	0.0025	0.0154	0.0064	0.0090	0.0729	17128.3769	0.0000	0.0737	22705.7507	0.0000	0.0006	0.0000	0.0034	0.0635	0.0000	0.1419	0.1577	0.0000	0.6446	0.0008	0.0000	0.0014	
3	59	0.2324	7	0	1	0	0	0	0	0	0	N	N	N	N	N	N	N	N	N	N	N	N	54.8493	30.1767	0.0006	45.2520	39.2599	0.0001	0.0000	0.0000	0.0003	2.1788	2.3933	0.0000	5.8221	6.1640	0.0000	0.0000	0.0000	0.0000	0.0397	0.0793	0.0007	0.1287	0.1570	0.0309	0.0001	0.0000	0.0002	0.0000	0.0092	-0.1973	-0.0012	4.5862	1.9961	2.3929	0.0521	0.9974	0.9974	0.0000	0.9974	0.9974	0.0000	0.0000	0.0000	0.0000	0.0016	0.0016	0.0000	0.0016	0.0016	0.0000	0.0000	0.0000	0.0000	0.4578	0.4168	0.0410	0.1713	0.1618	0.0095	0.2865	0.2549	0.0315	0.0414	0.0205	0.0208	0.0127	0.0104	0.0024	0.0286	0.0102	0.0185	54.8493	30.1767	0.0006	45.2520	39.2599	0.0003	0.0000	0.0000	0.0003	0.0397	0.0793	0.0007	0.1287	0.1570	0.0049	0.0001	0.0000	0.0002
3	60	0.2247	6	0	1	0	0	0	0	0	0	N	N	N	N	N	N	N	N	N	N	N	N	722.7720	514.7556	0.2572	699.8079	612.2352	1.5406	33.3670	inf	0.1046	0.6625	0.7223	0.0001	1.5959	1.6795	0.0003	0.0101	0.0113	0.0000	0.0009	0.0014	0.0004	0.0023	0.0027	0.0002	0.0003	0.0000	0.0005	0.0000	0.3107	-0.0003	-0.0000	4.5862	0.0081	2.3929	1.0507	0.0017	0.0017	0.0000	0.0017	0.0017	0.0000	0.0000	0.0000	0.0000	0.0000	0.0000	0.0000	0.0000	0.0000	0.0000	0.0000	0.0000	0.0000	0.0025	0.0023	0.0002	0.0010	0.0010	0.0001	0.0015	0.0013	0.0002	0.0223	0.0111	0.0112	0.0069	0.0057	0.0012	0.0154	0.0054	0.0099	722.7720	514.7556	0.2572	699.8079	612.2352	2.1461	33.3670	inf	0.1046	0.0009	0.0014	0.0004	0.0023	0.0027	0.0001	0.0003	0.0000	0.0005
3	61	0.1759	5	0	1	0	0	0	0	0	0	N	N	N	N	N	N	N	N	N	N	N	N	160.0958	3962.8014	0.0968	3237.5957	3799.2449	0.8540	58.9434	8169348.9197	0.0141	1.2214	1.3566	0.0014	2.1355	2.2964	0.0046	0.6423	0.7286	0.0002	0.0076	0.0003	0.0145	0.0007	0.0006	0.0053	0.0109	0.0000	0.0158	0.0001	44.9203	-0.1526	0.0002	4.5862	3.0167	2.3929	3.2580	0.7718	0.7717	0.0001	0.5233	0.5232	0.0001	0.2485	0.2485	0.0000	0.0011	0.0000	0.0010	0.0000	0.0000	0.0000	0.0010	0.0000	0.0010	0.6319	0.5688	0.0630	0.2450	0.2278	0.0172	0.3868	0.3410	0.0458	0.1390	0.0675	0.0716	0.0444	0.0382	0.0062	0.0947	0.0293	0.0654	160.0958	3962.8014	0.0968	3237.5957	3799.2449	4.5459	58.9434	8169348.9197	0.0141	0.0076	0.0003	0.0145	0.0007	0.0006	0.0010	0.0109	0.0000	0.0158
3	62	0.0612	2	0	2	0	0	0	0	0	0	N	Y	N	N	N	N	N	N	N	N	N	N	3.4602	1.7132	11.6061	1.4033	1.5161	0.1531	5.8345	394679.6916	14.9450	0.6583	0.3683	2.0071	0.5024	0.5465	0.0530	0.7885	0.1876	2.5912	0.1902	0.2150	0.1729	0.3580	0.3605	0.3465	0.1351	0.0000	0.1734	1.1714	1.1509	0.2695	-0.0105	4.5862	3.3327	2.3929	4.3103	0.7887	0.3632	0.4255	0.2739	0.2713	0.0026	0.5148	0.0919	0.4229	0.0492	0.0229	0.0263	0.0229	0.0229	0.0000	0.0263	0.0000	0.0263	1.1981	0.9861	0.2120	0.5453	0.4965	0.0488	0.6528	0.4896	0.1632	0.2585	0.1063	0.1521	0.0639	0.0634	0.0005	0.1946	0.0429	0.1516	3.4602	1.7132	11.6061	1.4033	1.5161	1.5814	5.8345	394679.6916	14.9450	0.1902	0.2150	0.1729	0.3580	0.3605	0.0335	0.1351	0.0000	0.1734
3	64	0.1615	7	1	1	1	0	0	0	0	0	N	N	N	N	N	N	N	N	N	N	N	N	0.0000	0.0000	0.0000	0.0000	0.0000	0.0000	0.0000	0.0000	0.0000	0.0000	0.0000	0.0000	0.0000	0.0000	0.0000	0.0000	0.0000	0.0000	0.0000	0.0000	4.5862	0.0000	2.3929	1.0000	0.0000	0.0000	0.0000	0.0000	0.0000	0.0000	0.0000	0.0000	0.0000	0.0000	0.0000	0.0000	0.0000	0.0000	0.0000	0.0000	0.0000	0.0000	0.0000	0.0000	0.0000	0.0000	0.0000	0.0000	0.0000	0.0000	0.0000	0.0170	0.0065	0.0105	0.0039	0.0030	0.0009	0.0131	0.0035	0.0096	0.0000	0.0000	0.0000	0.0000	0.0000	0.0000	0.0000	0.0000	0.0000	0.0000	0.0000	0.0000	0.0000	0.0000	0.0000	0.0000	0.0000	0.0000											
3	65	0.1615	6	1	1	1	0	0	0	0	0	N	N	N	N	N	N	N	N	N	N	N	N	0.0000	0.0000	0.0000	0.0000	0.0000	0.0000	0.0000	0.0000	0.0000	0.0000	0.0000	0.0000	0.0000	0.0009	0.0000	0.0018	0.0000	0.0000	0.0000	0.0017	0.0000	0.0018	inf	0.0000	0.0000	4.5862	0.0000	2.3929	0.0001	0.0000	0.0000	0.0000	0.0000	0.0000	0.0000	0.0000	0.0000	0.0000	0.0000	0.0000	0.0000	0.0000	0.0000	0.0000	0.0000	0.0000	0.0000	0.0000	0.0000	0.0000	0.0000	0.0000	0.0000	0.0000	0.0000	0.0000	0.0000	0.0000	0.0000	0.0000	0.0000	0.0000	0.0000	0.0000	0.0000	0.0000	0.0000	0.0000	0.0000	0.0000	0.0000	0.0000	0.0000	0.0000	0.0009	0.0000	0.0018	0.0000	0.0000	0.0000	0.0017	0.0000	0.0018						
3	66	0.1492	5	1	1	1	0	0	0	0	0	N	N	N	N	N	N	N	N	N	N	N	N	0.0000	0.0000	0.0000	0.0000	0.0000	0.0000	0.0000	0.0000	0.0000	0.0000	0.0000	0.0000	0.0000	0.0000	0.0000	0.0000	0.0003	0.0000	0.0005	0.0000	0.0000	0.0000	0.0004	0.0000	0.0005	657.2095	0.0000	0.0000	4.5862	1.9720	2.3929	0.0923	0.0000	0.0000	0.0000	0.0000	0.0000	0.0000	0.0000	0.0000	0.0000	0.0000	0.0000	0.0000	0.0000	0.0000	0.0000	0.0000	0.0000	0.0000	0.2778	0.2514	0.0263	0.1268	0.1203	0.0066	0.1509	0.1312	0.0198	0.0460	0.0193	0.0267	0.0139	0.0121	0.0018	0.0321	0.0072	0.0249	0.0000	0.0000	0.0000	0.0000	0.0000	0.0000	0.0000	0.0000	0.0000	0.0003	0.0000	0.0005	0.0000	0.0000	0.0000	0.0004	0.0000	0.0005			
3	67	0.1276	4	1	1	1	0	0	0	0	0	N	N	N	N	N	N	N	N	N	N	N	N	0.0000	0.0000	0.0000	0.0000	0.0000	0.0000	0.0000	0.0000	0.0000	0.0000	0.0000	0.0000	0.0000	0.0002	0.0005	0.0000	0.0009	0.0011	0.0000	0.0000	0.0000	0.0000	0.0000	0.0000	-0.0000	4.5862	3.0650	2.3929	1.0636	0.0000	0.0000	0.0000	0.0000	0.0000	0.0000	0.0000	0.0000	0.0000	0.0000	0.0000	0.0000	0.0000	0.0000	0.0000	0.0000	0.0000	0.0000	0.3921	0.3555	0.0366	0.2028	0.1923	0.0104	0.1893	0.1632	0.0262	0.0629	0.0246	0.0383	0.0150	0.0115	0.0035	0.0479	0.0131	0.0347	0.0000	0.0000	0.0000	0.0000	0.0000	0.0000	0.0000	0.0000	0.0000	0.0002	0.0005	0.0000	0.0009	0.0011	0.0000	0.0000	0.0000	0.0000						
3	68	0.1346	4	0	2	0	1	0	0	0	0	N	Y	N	N	N	N	N	N	N	N	N	N	111.4302	inf	0.1303	793.1706	inf	0.0238	13.8658	inf	0.1378	0.0616	0.0685	0.0001	0.1368	0.1471	0.0001	0.0094	0.0107	0.0001	0.0006	0.0000	0.0010	0.0002	0.0000	0.0046	0.0007	0.0000	0.0010	0.0002	inf	-0.0076	0.0000	4.5862	2.7513	2.3929	4.0954	0.0386	0.0386	0.0000	0.0351	0.0351	0.0000	0.0035	0.0035	0.0000	0.0001	0.0000	0.0001	0.0000	0.0000	0.0000	0.0001	0.0000	0.0001	0.6270	0.5640	0.0630	0.2568	0.2389	0.0179	0.3702	0.3251	0.0451	0.1471	0.0643	0.0828	0.0363	0.0297	0.0066	0.1108	0.0346	0.0761	111.4302	inf	0.1303	793.1706	inf	0.1145	13.8658	inf	0.1378	0.0006	0.0000	0.0010	0.0002	0.0000	0.0009	0.0007	0.0000	0.0010
3	69	0.0571	2	0	2	0	0	0	0	0	0	N	Y	N	N	N	N	N	N	N	N	N	N	1898.7522	675.1933	inf	129.5665	136.6328	inf	inf	inf	inf	1.4826	1.6568	0.0126	1.4617	1.5800	0.0054	1.4956	1.7072	0.0153	0.0008	0.0025	0.0000	0.0113	0.0116	0.0000	0.0000	0.0000	0.0000	0.0009	0.0000	-0.3770	-0.0002	4.5862	9.9334	2.3929	8.9999	1.9146	1.9129	0.0017	0.7225	0.7223	0.0002	1.1921	1.1906	0.0015	0.0002	0.0002	0.0000	0.0002	0.0002	0.0000	0.0000	0.0000	0.0000	1.2914	1.1546	0.1368	0.4943	0.4572	0.0371	0.7971	0.6974	0.0997	0.2946	0.0937	0.2008	0.0204	0.0199	0.0005	0.2742	0.0738	0.2003	1898.7522	675.1933	inf	129.5665	136.6328	inf	inf	inf	inf	0.0008	0.0025	0.0000	0.0113	0.0116	0.0000	0.0000	0.0000	0.0000
3	70	0.0571	2	0	2	0	0	0	0	0	0	N	Y	N	N	N	N	N	N	N	N	N	N	221.3681	83.2282	12.2817	14.1794	inf	inf	0.6399	0.7946	0.0000	0.5419	0.6440	0.0000	0.8161	1.1030	0.0000	0.0029	0.0095	0.0000	0.0441	0.0454	0.0000	0.0000	0.0000	0.0000	0.0000	0.0000	-0.0129	-0.0002	4.5862	0.0666	2.3929	4.0001	0.0652	0.0652	0.0000	0.0355	0.0355	0.0000	0.0297	0.0297	0.0000	0.0002	0.0002	0.0000	0.0002	0.0002	0.0000	0.0000	0.0000	0.0000	0.1018	0.0820	0.0198	0.0655	0.0551	0.0104	0.0364	0.0269	0.0095	0.0796	0.0241	0.0555	0.0052	0.0051	0.0001	0.0744	0.0190	0.0553	221.3681	83.2282	0.0000	12.2817	14.1794	0.0000	inf	inf	0.0000	0.0029	0.0095	0.0000	0.0441	0.0454	0.0000	0.0000	0.0000	0.0000			
3	71	0.1276	4	0	2	0	0	0	0	0	0	N	Y	N	N	N	N	N	N	N	N	N	N	0.0000	0.0000	0.0000	0.0000	0.0000	0.0000	0.0000	0.0000	0.0000	0.0000	0.0000	0.0000	0.0000	0.0028	0.0071	0.0000	0.0117	0.0154	0.0000	0.0000	0.0000	0.0000	0.0000	0.0000	-0.0002	4.5862	2.0000	2.3929	3.0000	0.0000	0.0000	0.0000	0.0000	0.0000	0.0000	0.0000	0.0000	0.0000	0.0002	0.0002	0.0000	0.0002	0.0002	0.0000	0.0000	0.0000	0.0000	0.2606	0.2362	0.0243	0.1354	0.1285	0.0069	0.1252	0.1078	0.0174	0.0752	0.0295	0.0458	0.0179	0.0137	0.0042	0.0573	0.0158	0.0415	0.0000	0.0000	0.0000	0.0000	0.0000	0.0000	0.0000	0.0000	0.0000	0.0028	0.0071	0.0000	0.0117	0.0154	0.0000	0.0000	0.0000	0.0000						
3	72	0.1008	3	0	1	0	0	0	0	0	0	N	N	N	N	N	N	N	N	N	N	N	N	32815.4129	inf	77182.0085	1714883.4680	inf	111.5380	33957.2591	inf	147556.0670	1.6595	0.9505	6.5324	1.1035	1.2578	0.0004	2.2923	0.5972	13.4461	0.0001	0.0000	0.0001	0.0000	0.0000	0.0000	0.0001	0.0000	0.0001	0.9999	inf	0.4930	0.0000	4.5862	4.7932	2.3929	0.2507	1.6316	0.8158	0.8158	0.5774	0.5774	0.0000	1.0541	0.2384	0.8157	0.0000	0.0000	0.0000	0.0000	0.0000	0.0000	0.0000	0.0000	0.0000	0.9832	0.8583	0.1249	0.5233	0.4591	0.0642	0.4599	0.3992	0.0607	0.0970	0.0390	0.0579	0.0246	0.0203	0.0043	0.0724	0.0188	0.0536	32815.4129	inf	77182.0085	1714883.4680	inf	111.5380	33957.2591	inf	147556.0670	0.0001	0.0000	0.0001	0.0000	0.0000	0.0000	0.0001	0.0000	0.0001
3	73	0.0571	2	0	1	0	0	0	0	0	0	N	N	N	N	N	N	N	N	N	N	N	N	36245.7094	12494.4968	inf	4536.2959	4810.0550	inf	inf	inf	inf	1.2153	1.3650	0.0474	2.2863	2.4925	0.0788	0.4961	0.5667	0.0339	0.0000	0.0001	0.0000	0.0005	0.0005	0.0000	0.0000	0.0000	0.0000	0.0045	0.0000	-0.1753	-0.0000	4.5862	4.9764	2.3929	2.9948	0.9067	0.9027	0.0040	0.6853	0.6833	0.0020	0.2214	0.2194	0.0020	0.0000	0.0000	0.0000	0.0000	0.0000	0.0000	0.0000	0.0000	0.0000	0.7461	0.6613	0.0848	0.2997	0.2741	0.0256	0.4463	0.3871	0.0592	0.1463	0.0449	0.1014	0.0097	0.0095	0.0003	0.1365	0.0354	0.1011	36245.7094	12494.4968	inf	4536.2959	4810.0550	inf	inf	inf	inf	0.0000	0.0001	0.0000	0.0005	0.0005	0.0000	0.0000	0.0000	0.0000
3	78	0.1808	6	1	2	0	1	0	0	0	0	N	Y	N	N	N	N	N	N	N	N	N	N	1.4468	inf	0.0154	9.4976	inf	0.0339	0.0003	0.0019	0.0001	0.0001	0.0000	0.0002	0.0002	0.0000	0.0000	0.0000	0.0000	0.0000	0.0000	0.0001	0.0000	0.0000	0.0001	0.0000	0.0000	0.0001	0.0017	inf	-0.0000	0.0000	4.5862	1.0000	2.3929	2.0144	0.0000	0.0000	0.0000	0.0000	0.0000	0.0000	0.0000	0.0000	0.0000	0.0000	0.0000	0.0000	0.0000	0.0000	0.0000	0.0000	0.0000	0.0000	0.1566	0.1400	0.0166	0.0572	0.0528	0.0043	0.0994	0.0872	0.0122	0.0583	0.0200	0.0383	0.0080	0.0064	0.0015	0.0503	0.0136	0.0367	1.4468	inf	0.0154	9.4976	inf	0.0379	0.0003	0.0000	0.0019	0.0000	0.0000	0.0001	0.0000	0.0000	0.0001	0.0000	0.0000	0.0001	
3	79	0.1585	5	1	2	0	1	0	0	0	0	N	Y	N	N	N	N	N	N	N	N	N	N	20056.8782	7620.6010	7127.2132	6188.6391	0.8933	0.9998	0.0000	2.4462	2.6494	0.0000	0.0000	0.0000	0.0000	0.0000	0.0001	0.0000	0.0003	0.0004	0.0000	0.0000	0.0000	0.0000	0.0000	0.0000	-0.0000	-0.0000	4.5862	0.0001	2.3929	3.0180	0.0000	0.0000	0.0000	0.0000	0.0000	0.0000	0.0000	0.0000	0.0000	0.0000	0.0000	0.0000	0.0000	0.0000	0.0000	0.0000	0.0000	0.0000	0.0000	0.0000	0.0000	0.0000	0.0000	0.0000	0.0000	0.0000	0.0000	0.0579	0.0196	0.0382	0.0075	0.0060	0.0015	0.0504	0.0136	0.0367	20056.8782	7620.6010	0.0000	7127.2132	6188.6391	0.0000	0.0000	0.0000	0.0000	0.0000	0.0001	0.0000	0.0003	0.0004	0.0000	0.0000	0.0000	0.0000					
3	80	0.1805	7	0	2	0	1	0	0	0	0	N	Y	N	N	N	N	N	N	N	N	N	N	0.0000	0.0000	0.0000	0.0000	0.0000	0.0000	0.0000	0.0000	0.0000	0.0000	0.0000	0.0000	0.0000	0.0000	0.0000	0.0000	0.0000	0.0000	0.0000	0.0000	4.5862	0.0000	2.3929	0.0000	0.0000	0.0000	0.0000	0.0000	0.0000	0.0000	0.0000	0.0000	0.0000	0.0000	0.0000	0.0000	0.0000	0.0000	0.0000	0.0000	0.0000	0.0000	0.0000	0.0000	0.0000	0.0000	0.0000	0.0000	0.0000	0.0000	0.0000	0.0000	0.0000	0.0000	0.0000	0.0000	0.0000	0.0000	0.0000	0.0000	0.0000	0.0000	0.0000	0.0000	0.0000	0.0000	0.0000	0.0000	0.0000	0.0000	0.0000	0.0000	0.0000	0.0000	0.0000	0.0000	0.0000	0.0000											
3	81	0.1585	5	0	1	1	1	0	0	0	0	N	N	N	N	N	N	N	N	N	N	N	N	0.0000	0.0000	0.0000	0.0000	0.0000	0.0000	0.0000	0.0000	0.0000	0.0000	0.0000	0.0000	0.0000	0.0000	0.0000	0.0000	0.0000	0.0000	0.0000	0.0000	4.5862	2.0000	2.3929	0.0000	0.0000	0.0000	0.0000	0.0000	0.0000	0.0000	0.0000	0.0000	0.0000	0.0000	0.0000	0.0000	0.0000	0.0000	0.0000	0.0000	0.0000	0.0000	0.3062	0.2740	0.0322	0.1117	0.1033	0.0084	0.1945	0.1707	0.0238	0.0391	0.0132	0.0259	0.0050	0.0040	0.0010	0.0341	0.0092	0.0249	0.0000	0.0000	0.0000	0.0000	0.0000	0.0000	0.0000	0.0000	0.0000	0.0000	0.0000	0.0000	0.0000	0.0000	0.0000	0.0000	0.0000	0.0000											
3	82	0.1585	5	0	1	1	1	0	0	0	0	N	N	N	N	N	N	N	N	N	N	N	N	0.0000	0.0000	0.0000	0.0000	0.0000	0.0000	0.0000	0.0000	0.0000	0.0000	0.0000	0.0000	0.0000	0.0000	0.0000	0.0000	0.0000	0.0000	0.0000	0.0000	4.5862	0.0000	2.3929	4.0000	0.0000	0.0000	0.0000	0.0000	0.0000	0.0000	0.0000	0.0000	0.0000	0.0000	0.0000	0.0000	0.0000	0.0000	0.0000	0.0000	0.0000	0.0000	0.0000	0.0000	0.0000	0.0000	0.0000	0.0000	0.0000	0.0000	0.0000	0.0753	0.0256	0.0496	0.0098	0.0079	0.0020	0.0654	0.0178	0.0477	0.0000	0.0000	0.0000	0.0000	0.0000	0.0000	0.0000	0.0000	0.0000	0.0000	0.0000	0.0000	0.0000	0.0000	0.0000	0.0000	0.0000	0.0000											
3	83	0.1805	7	0	1	1	1	0	0	0	0	N	N	N	N	N	N	N	N	N	N	N	N	0.0000	0.0000	0.0000	0.0000	0.0000	0.0000	0.0000	0.0000	0.0000	0.0000	0.0000	0.0000	0.0000	25.7524	0.0000	38.5279	0.0000	0.0000	0.0000	29.3265	0.0000	40.1590	inf	0.0000	0.2510	4.5862	0.0000	2.3929	2.0000	0.0000	0.0000	0.0000	0.0000	0.0000	0.0000	0.0000	0.0000	0.0000	0.9999	0.0000	0.9999	0.0000	0.0000	0.0000	0.9999	0.0000	0.9999	0.0000	0.0000	0.0000	0.0000	0.0000	0.0000	0.0000	0.0000	0.0000	0.0388	0.0129	0.0260	0.0047	0.0037	0.0011	0.0341	0.0092	0.0249	0.0000	0.0000	0.0000	0.0000	0.0000	0.0000	0.0000	0.0000	0.0000	25.7524	0.0000	38.5279	0.0000	0.0000	0.0000	29.3265	0.0000	40.1590						
3	84	0.1732	6	0	1	0	1	0	0	0	0	N	N	N	N	N	N	N	N	N	N	N	N	0.0000	0.0000	0.0000	0.0000	0.0000	0.0000	0.0000	0.0000	0.0000	0.0000	0.0000	0.0000	0.0000	0.0000	0.0000	0.0000	0.0000	0.0000	0.0000	0.0000	0.0000	0.0000	0.0000	0.0000	inf	0.0000	0.0000	4.5862	1.0000	2.3929	0.0015	0.0000	0.0000	0.0000	0.0000	0.0000	0.0000	0.0000	0.0000	0.0000	0.0000	0.0000	0.0000	0.0000	0.0000	0.0000	0.0000	0.0000	0.0000	0.1566	0.1400	0.0166	0.0572	0.0528	0.0043	0.0994	0.0872	0.0122	0.0202	0.0068	0.0134	0.0026	0.0021	0.0006	0.0176	0.0047	0.0129	0.0000	0.0000	0.0000	0.0000	0.0000	0.0000	0.0000	0.0000	0.0000	0.0000	0.0000	0.0000	0.0000	0.0000	0.0000	0.0000	0.0000	0.0000				
3	85	0.1585	5	0	1	0	1	0	0	0	0	N	N	N	N	N	N	N	N	N	N	N	N	0.0000	0.0000	0.0000	0.0000	0.0000	0.0000	0.0000	0.0000	0.0000	0.0000	0.0000	0.0000	0.0000	0.0000	0.0000	0.0000	0.0001	0.0001	0.0000	0.0000	0.0000	0.0000	0.0000	0.0000	-0.0000	4.5862	0.0000	2.3929	2.0013	0.0000	0.0000	0.0000	0.0000	0.0000	0.0000	0.0000	0.0000	0.0000	0.0000	0.0000	0.0000	0.0000	0.0000	0.0000	0.0000	0.0000	0.0000	0.0000	0.0000	0.0000	0.0000	0.0000	0.0000	0.0000	0.0000	0.0000	0.0392	0.0133	0.0259	0.0050	0.0040	0.0010	0.0341	0.0092	0.0249	0.0000	0.0000	0.0000	0.0000	0.0000	0.0000	0.0000	0.0000	0.0000	0.0000	0.0000	0.0000	0.0001	0.0001	0.0000	0.0000	0.0000	0.0000						
3	86	0.1984	5	1	2	0	0	0	0	0	0	N	Y	N	N	N	N	N	N	N	N	N	N	4.7464	2.5451	0.9725	1.7907	1.8822	0.9919	424.9200	inf	0.1528	0.4329	0.4805	0.0009	0.5004	0.5554	0.0012	0.2817	0.3126	0.0001	0.0912	0.1888	0.0009	0.2795	0.2950	0.0012	0.0007	0.0000	0.0009	0.0002	0.0050	-0.0000	-0.0026	4.5862	0.0007	2.3929	0.9812	0.0002	0.0002	0.0000	0.0001	0.0001	0.0000	0.0000	0.0000	0.0000	0.0035	0.0035	0.0000	0.0035	0.0035	0.0000	0.0000	0.0000	0.0000	0.0004	0.0004	0.0000	0.0003	0.0003	0.0000	0.0001	0.0001	0.0000	0.0387	0.0186	0.0201	0.0126	0.0119	0.0007	0.0261	0.0067	0.0194	4.7464	2.5451	0.9725	1.7907	1.8822	3.1094	424.9200	inf	0.1528	0.0912	0.1888	0.0009	0.2795	0.2950	0.0004	0.0007	0.0000	0.0009
3	87	0.1426	4	1	2	0	0	0	0	0	0	N	Y	N	N	N	N	N	N	N	N	N	N	7.0221	3.2580	0.0003	2.3659	2.0901	0.0047	13.9542	3.1717	0.0002	1.2333	1.3819	0.0000	2.4469	2.6655	0.0000	0.4428	0.5056	0.0000	0.1756	0.4242	0.0407	1.0342	1.2753	0.0041	0.0317	0.1594	0.0424	0.0000	0.1765	-0.1932	-0.0137	4.5862	5.0272	2.3929	2.1572	0.9766	0.9766	0.0000	0.7642	0.7642	0.0000	0.2123	0.2123	0.0000	0.0229	0.0194	0.0034	0.0193	0.0193	0.0000	0.0035	0.0001	0.0034	0.7918	0.7067	0.0852	0.3123	0.2867	0.0256	0.4795	0.4200	0.0595	0.1303	0.0458	0.0844	0.0187	0.0152	0.0035	0.1116	0.0307	0.0809	7.0221	3.2580	0.0003	2.3659	2.0901	0.0221	13.9542	139.0726	0.0002	0.1756	0.4242	0.0407	1.0342	1.2753	0.0009	0.0317	0.0036	0.0424
3	88	0.1958	6	0	2	0	0	0	0	0	0	N	Y	N	N	N	N	N	N	N	N	N	N	0.0000	0.0000	0.0000	0.0000	0.0000	0.0000	0.0000	0.0000	0.0000	0.0000	0.0000	0.0000	0.0000	0.0001	0.0004	0.0000	0.0009	0.0011	0.0000	0.0000	0.0000	0.0000	0.0000	0.0000	-0.0000	4.5862	0.0000	2.3929	4.0000	0.0000	0.0000	0.0000	0.0000	0.0000	0.0000	0.0000	0.0000	0.0000	0.0000	0.0000	0.0000	0.0000	0.0000	0.0000	0.0000	0.0000	0.0000	0.0000	0.0000	0.0000	0.0000	0.0000	0.0000	0.0000	0.0000	0.0000	0.0756	0.0263	0.0493	0.0115	0.0093	0.0022	0.0641	0.0170	0.0471	0.0000	0.0000	0.0000	0.0000	0.0000	0.0000	0.0000	0.0000	0.0000	0.0001	0.0004	0.0000	0.0009	0.0011	0.0000	0.0000	0.0000	0.0000						
3	89	0.1585	5	0	2	0	0	0	0	0	0	N	Y	N	N	N	N	N	N	N	N	N	N	inf	inf	inf	inf	2.2255	2.4847	0.0000	6.1038	6.5950	0.0000	0.0000	0.0000	0.0000	0.0000	0.0000	0.0000	0.0000	0.0000	0.0000	0.0000	0.0000	0.0000	0.0000	-0.1978	0.0000	4.5862	3.0000	2.3929	2.0000	0.9999	0.9999	0.0000	0.9999	0.9999	0.0000	0.0000	0.0000	0.0000	0.0000	0.0000	0.0000	0.0000	0.0000	0.0000	0.0000	0.0000	0.0000	0.4493	0.4024	0.0469	0.1638	0.1516	0.0122	0.2855	0.2508	0.0347	0.0923	0.0315	0.0608	0.0121	0.0097	0.0024	0.0802	0.0218	0.0584	inf	inf	0.0000	inf	inf	0.0000	0.0000	0.0000	0.0000	0.0000	0.0000	0.0000	0.0000	0.0000	0.0000	0.0000	0.0000	0.0000						
3	90	0.1585	5	1	2	0	0	0	0	0	0	N	Y	N	N	N	N	N	N	N	N	N	N	0.0000	0.0000	0.0000	0.0000	0.0000	0.0000	0.0000	0.0000	0.0000	0.0000	0.0000	0.0000	0.0000	0.0001	0.0003	0.0000	0.0008	0.0010	0.0000	0.0000	0.0000	0.0000	0.0000	0.0000	-0.0000	4.5862	2.0000	2.3929	3.0000	0.0000	0.0000	0.0000	0.0000	0.0000	0.0000	0.0000	0.0000	0.0000	0.0000	0.0000	0.0000	0.0000	0.0000	0.0000	0.0000	0.0000	0.0000	0.3062	0.2740	0.0322	0.1117	0.1033	0.0084	0.1945	0.1707	0.0238	0.0923	0.0315	0.0608	0.0121	0.0097	0.0024	0.0802	0.0218	0.0584	0.0000	0.0000	0.0000	0.0000	0.0000	0.0000	0.0000	0.0000	0.0000	0.0001	0.0003	0.0000	0.0008	0.0010	0.0000	0.0000	0.0000	0.0000						
3	91	0.1426	4	0	1	0	0	0	0	0	0	N	N	N	N	N	N	N	N	N	N	N	N	48.7651	314.6230	0.0043	15.9333	186.0244	0.0000	108.3208	inf	0.0161	0.1709	0.1935	0.0000	0.2778	0.3071	0.0000	0.0882	0.1018	0.0000	0.0035	0.0006	0.0052	0.0174	0.0017	1.2255	0.0008	0.0000	0.0011	0.0000	14.6190	-0.0134	0.0000	4.5862	2.0705	2.3929	0.0351	0.0678	0.0678	0.0000	0.0481	0.0481	0.0000	0.0197	0.0197	0.0000	0.0002	0.0000	0.0001	0.0001	0.0000	0.0001	0.0000	0.0000	0.0000	0.3966	0.3502	0.0464	0.1730	0.1565	0.0165	0.2236	0.1938	0.0298	0.0446	0.0163	0.0283	0.0072	0.0061	0.0012	0.0374	0.0102	0.0272	48.7651	314.6230	0.0043	15.9333	186.0244	0.0003	108.3208	inf	0.0161	0.0035	0.0006	0.0052	0.0174	0.0017	0.1000	0.0008	0.0000	0.0011
3	92	0.1172	3	0	1	0	0	0	0	0	0	N	N	N	N	N	N	N	N	N	N	N	N	276.8962	201.0246	0.8135	160.5480	165.4841	0.0926	178.7722	19.2433	0.2868	0.7497	0.8458	0.0013	1.3712	1.5021	0.0028	0.2019	0.2340	0.0004	0.0027	0.0042	0.0016	0.0085	0.0091	0.0302	0.0011	0.0122	0.0014	0.0002	0.4842	-0.1102	-0.0001	4.5862	3.4249	2.3929	0.1413	0.5579	0.5578	0.0001	0.4780	0.4779	0.0001	0.0799	0.0799	0.0000	0.0002	0.0002	0.0001	0.0002	0.0001	0.0000	0.0001	0.0000	0.0001	0.7441	0.6594	0.0847	0.3486	0.3181	0.0304	0.3955	0.3413	0.0543	0.0852	0.0370	0.0483	0.0181	0.0160	0.0021	0.0671	0.0209	0.0462	276.8962	201.0246	0.8135	160.5480	165.4841	0.6245	178.7722	489.1634	0.2868	0.0027	0.0042	0.0016	0.0085	0.0091	0.0045	0.0011	0.0005	0.0014
3	98	0.2540	8	0	1	0	0	0	0	0	0	N	N	N	N	N	N	N	N	N	N	N	N	105.7250	103.8762	0.0955	29.3614	31.5762	0.0077	415.6524	4945377.4238	0.0311	0.7766	0.8707	0.0006	0.4130	0.4645	0.0009	1.2524	1.3983	0.0002	0.0073	0.0084	0.0059	0.0141	0.0147	0.1106	0.0030	0.0000	0.0051	0.0001	0.4990	-0.2386	-0.0010	4.5862	4.9999	2.3929	9.0821	1.2069	1.2068	0.0001	0.3638	0.3638	0.0001	0.8430	0.8430	0.0000	0.0024	0.0016	0.0008	0.0018	0.0016	0.0002	0.0006	0.0000	0.0006	1.5541	1.3859	0.1681	0.8810	0.7831	0.0979	0.6731	0.6029	0.0702	0.3234	0.1891	0.1344	0.1268	0.1077	0.0190	0.1967	0.0813	0.1153	105.7250	103.8762	0.0955	29.3614	31.5762	0.0817	415.6524	4945377.4238	0.0311	0.0073	0.0084	0.0059	0.0141	0.0147	0.0104	0.0030	0.0000	0.0051
4	5	0.1097	3	1	1	1	1	0	0	0	0	N	N	N	N	N	N	N	N	N	N	N	N	0.0000	0.0000	0.0000	0.0000	0.0000	0.0000	0.0000	0.0000	0.0000	0.0000	0.0000	0.0000	0.0000	0.0000	0.0000	0.0000	0.0000	0.0000	0.0000	0.0000	3.0666	0.0000	3.0001	3.0000	0.0000	0.0000	0.0000	0.0000	0.0000	0.0000	0.0000	0.0000	0.0000	0.0000	0.0000	0.0000	0.0000	0.0000	0.0000	0.0000	0.0000	0.0000	0.0000	0.0000	0.0000	0.0000	0.0000	0.0000	0.0000	0.0000	0.0000	0.0424	0.0141	0.0283	0.0065	0.0043	0.0022	0.0359	0.0098	0.0261	0.0000	0.0000	0.0000	0.0000	0.0000	0.0000	0.0000	0.0000	0.0000	0.0000	0.0000	0.0000	0.0000	0.0000	0.0000	0.0000	0.0000	0.0000											
4	6	0.1097	3	1	0	2	1	0	0	0	0	N	N	Y	N	N	N	N	N	N	N	N	N	0.0000	0.0000	0.0000	0.0000	0.0000	0.0000	0.0000	0.0000	0.0000	0.0000	0.0000	0.0000	0.0000	24.7417	0.0000	37.1423	0.0000	0.0000	0.0000	29.1824	0.0000	40.3530	inf	0.0000	0.5021	3.0666	2.0000	3.0001	4.0000	0.0000	0.0000	0.0000	0.0000	0.0000	0.0000	0.0000	0.0000	0.0000	2.0000	0.0000	2.0000	0.0000	0.0000	0.0000	2.0000	0.0000	2.0000	0.1200	0.1065	0.0135	0.0366	0.0348	0.0018	0.0834	0.0717	0.0117	0.0808	0.0270	0.0538	0.0123	0.0080	0.0043	0.0685	0.0190	0.0496	0.0000	0.0000	0.0000	0.0000	0.0000	0.0000	0.0000	0.0000	0.0000	24.7417	0.0000	37.1423	0.0000	0.0000	0.0000	29.1824	0.0000	40.3530						
4	7	0.1628	5	1	1	1	2	0	0	0	0	N	N	N	Y	N	N	N	N	N	N	N	N	0.0000	0.0000	0.0000	0.0000	0.0000	0.0000	0.0000	0.0000	0.0000	0.0000	0.0000	0.0000	0.0000	0.0024	0.0072	0.0000	0.0407	0.0617	0.0000	0.0000	0.0000	0.0000	0.0000	0.0000	-0.0000	3.0666	0.0001	3.0001	0.9907	0.0000	0.0000	0.0000	0.0000	0.0000	0.0000	0.0000	0.0000	0.0000	0.0001	0.0001	0.0000	0.0001	0.0001	0.0000	0.0000	0.0000	0.0000	0.0000	0.0000	0.0000	0.0000	0.0000	0.0000	0.0000	0.0000	0.0000	0.0205	0.0069	0.0136	0.0012	0.0008	0.0004	0.0192	0.0061	0.0132	0.0000	0.0000	0.0000	0.0000	0.0000	0.0000	0.0000	0.0000	0.0000	0.0024	0.0072	0.0000	0.0407	0.0617	0.0000	0.0000	0.0000	0.0000						
4	8	0.1097	3	1	0	2	1	0	0	0	0	N	N	Y	N	N	N	N	N	N	N	N	N	0.0000	0.0000	0.0000	0.0000	0.0000	0.0000	0.0000	0.0000	0.0000	0.0000	0.0000	0.0000	0.0000	47.1777	0.0000	70.7839	0.0000	0.0000	0.0000	55.7007	0.0000	76.7218	inf	0.0000	0.5021	3.0666	1.0000	3.0001	2.0000	0.0000	0.0000	0.0000	0.0000	0.0000	0.0000	0.0000	0.0000	0.0000	2.0000	0.0000	2.0000	0.0000	0.0000	0.0000	2.0000	0.0000	2.0000	0.0609	0.0540	0.0069	0.0187	0.0178	0.0009	0.0422	0.0363	0.0060	0.0424	0.0141	0.0283	0.0065	0.0043	0.0022	0.0359	0.0098	0.0261	0.0000	0.0000	0.0000	0.0000	0.0000	0.0000	0.0000	0.0000	0.0000	47.1777	0.0000	70.7839	0.0000	0.0000	0.0000	55.7007	0.0000	76.7218						
4	9	0.2145	6	0	0	2	1	0	0	0	0	N	N	Y	N	N	N	N	N	N	N	N	N	0.0000	0.0000	0.0000	0.0000	0.0000	0.0000	0.0000	0.0000	0.0000	0.0000	0.0000	0.0000	0.0000	0.0028	0.0000	0.0051	0.0000	0.0000	0.0000	0.0039	0.0000	0.0058	inf	0.0000	0.0000	3.0666	0.0035	3.0001	1.9666	0.0000	0.0000	0.0000	0.0000	0.0000	0.0000	0.0000	0.0000	0.0000	0.0001	0.0000	0.0001	0.0000	0.0000	0.0000	0.0001	0.0000	0.0001	0.0010	0.0009	0.0001	0.0006	0.0006	0.0000	0.0003	0.0003	0.0001	0.0246	0.0109	0.0137	0.0066	0.0049	0.0017	0.0180	0.0060	0.0120	0.0000	0.0000	0.0000	0.0000	0.0000	0.0000	0.0000	0.0000	0.0000	0.0028	0.0000	0.0051	0.0000	0.0000	0.0000	0.0039	0.0000	0.0058						
4	10	0.0832	3	0	0	2	1	0	0	0	0	N	N	Y	N	N	N	N	N	N	N	N	N	0.0000	0.0000	0.0000	0.0000	0.0000	0.0000	0.0000	0.0000	0.0000	0.0000	0.0000	0.0000	0.0000	0.0000	0.0000	0.0000	0.0000	9.0214	1.0914	13.3294	2.5790	2.6066	1.6413	10.1500	0.0000	13.3638	22.4814	0.0000	0.2128	3.0666	1.9652	3.0001	3.8608	0.0000	0.0000	0.0000	0.0000	0.0000	0.0000	0.0000	0.0000	0.0000	1.0210	0.0435	0.9775	0.0435	0.0435	0.0000	0.9775	0.0000	0.9775	0.3266	0.2860	0.0406	0.1646	0.1497	0.0148	0.1620	0.1363	0.0257	0.1132	0.0398	0.0733	0.0169	0.0167	0.0002	0.0963	0.0232	0.0731	0.0000	0.0000	0.0000	0.0000	0.0000	0.0000	0.0000	0.0000	0.0000	9.0214	1.0914	13.3294	2.5790	2.6066	0.1575	10.1500	0.0000	13.3638		
4	11	0.1097	3	1	1	1	1	0	0	0	0	N	N	N	N	N	N	N	N	N	N	N	N	0.0000	0.0000	0.0000	0.0000	0.0000	0.0000	0.0000	0.0000	0.0000	0.0000	0.0000	0.0000	0.0000	8.6417	0.0000	12.9813	0.0000	0.0000	0.0000	10.1835	0.0000	14.1364	inf	0.0000	0.2511	3.0666	1.0000	3.0001	8.0000	0.0000	0.0000	0.0000	0.0000	0.0000	0.0000	0.0000	0.0000	0.0000	1.0000	0.0000	1.0000	0.0000	0.0000	0.0000	1.0000	0.0000	1.0000	0.0609	0.0540	0.0069	0.0187	0.0178	0.0009	0.0422	0.0363	0.0060	0.1157	0.0387	0.0770	0.0175	0.0112	0.0063	0.0982	0.0275	0.0707	0.0000	0.0000	0.0000	0.0000	0.0000	0.0000	0.0000	0.0000	0.0000	8.6417	0.0000	12.9813	0.0000	0.0000	0.0000	10.1835	0.0000	14.1364						
4	12	0.1406	4	0	0	2	2	0	0	0	0	N	N	Y	Y	N	N	N	N	N	N	N	N	0.0000	0.0000	0.0000	0.0000	0.0000	0.0000	0.0000	0.0000	0.0000	0.0000	0.0000	0.0000	0.0000	0.0000	0.0000	0.0000	0.0000	0.0000	0.0000	0.0000	3.0666	0.0000	3.0001	1.0000	0.0000	0.0000	0.0000	0.0000	0.0000	0.0000	0.0000	0.0000	0.0000	0.0000	0.0000	0.0000	0.0000	0.0000	0.0000	0.0000	0.0000	0.0000	0.0000	0.0000	0.0000	0.0000	0.0000	0.0000	0.0000	0.0000	0.0000	0.0204	0.0068	0.0136	0.0010	0.0006	0.0004	0.0193	0.0061	0.0132	0.0000	0.0000	0.0000	0.0000	0.0000	0.0000	0.0000	0.0000	0.0000	0.0000	0.0000	0.0000	0.0000	0.0000	0.0000	0.0000	0.0000	0.0000											
4	13	0.1097	3	0	1	1	1	0	0	0	0	N	N	N	N	N	N	N	N	N	N	N	N	0.0000	0.0000	0.0000	0.0000	0.0000	0.0000	0.0000	0.0000	0.0000	0.0000	0.0000	0.0000	0.0000	34.8170	0.0000	52.2299	0.0000	0.0000	0.0000	41.1217	0.0000	56.5667	inf	0.0000	0.2511	3.0666	1.0000	3.0001	1.0000	0.0000	0.0000	0.0000	0.0000	0.0000	0.0000	0.0000	0.0000	0.0000	1.0000	0.0000	1.0000	0.0000	0.0000	0.0000	1.0000	0.0000	1.0000	0.0609	0.0540	0.0069	0.0187	0.0178	0.0009	0.0422	0.0363	0.0060	0.0287	0.0096	0.0191	0.0044	0.0029	0.0015	0.0243	0.0066	0.0177	0.0000	0.0000	0.0000	0.0000	0.0000	0.0000	0.0000	0.0000	0.0000	34.8170	0.0000	52.2299	0.0000	0.0000	0.0000	41.1217	0.0000	56.5667						
4	14	0.1553	5	0	0	1	2	0	0	0	0	N	N	N	Y	N	N	N	N	N	N	N	N	0.0000	0.0000	0.0000	0.0000	0.0000	0.0000	0.0000	0.0000	0.0000	0.0000	0.0000	0.0000	0.0000	24.9075	0.0000	37.1696	0.0000	0.0000	0.0000	26.2830	0.0000	38.4738	inf	0.0000	0.2508	3.0666	1.0000	3.0001	0.9994	0.0000	0.0000	0.0000	0.0000	0.0000	0.0000	0.0000	0.0000	0.0000	0.9989	0.0000	0.9989	0.0000	0.0000	0.0000	0.9989	0.0000	0.9989	0.0754	0.0667	0.0087	0.0191	0.0179	0.0011	0.0563	0.0487	0.0076	0.0401	0.0132	0.0269	0.0021	0.0012	0.0009	0.0380	0.0120	0.0260	0.0000	0.0000	0.0000	0.0000	0.0000	0.0000	0.0000	0.0000	0.0000	24.9075	0.0000	37.1696	0.0000	0.0000	0.0000	26.2830	0.0000	38.4738						
4	15	0.1097	3	0	1	1	1	0	0	0	0	N	N	N	N	N	N	N	N	N	N	N	N	0.0000	0.0000	0.0000	0.0000	0.0000	0.0000	0.0000	0.0000	0.0000	0.0000	0.0000	0.0000	0.0000	0.0000	0.0000	0.0000	0.0000	0.0000	0.0000	0.0000	3.0666	0.0000	3.0001	2.0000	0.0000	0.0000	0.0000	0.0000	0.0000	0.0000	0.0000	0.0000	0.0000	0.0000	0.0000	0.0000	0.0000	0.0000	0.0000	0.0000	0.0000	0.0000	0.0000	0.0000	0.0000	0.0000	0.0000	0.0000	0.0000	0.0000	0.0000	0.0287	0.0096	0.0191	0.0044	0.0029	0.0015	0.0243	0.0066	0.0177	0.0000	0.0000	0.0000	0.0000	0.0000	0.0000	0.0000	0.0000	0.0000	0.0000	0.0000	0.0000	0.0000	0.0000	0.0000	0.0000	0.0000	0.0000											
4	16	0.1553	5	0	1	1	2	0	0	0	0	N	N	N	Y	N	N	N	N	N	N	N	N	492.7356	183.8981	0.0000	0.0000	inf	inf	6.7829	7.6642	0.0000	0.0000	0.0000	0.0000	9.0458	10.4396	0.0000	0.0138	0.0417	0.0000	0.2643	0.4777	0.0000	0.0000	0.0000	0.0000	0.0000	0.0000	-0.1978	-0.0008	3.0666	2.0000	3.0001	2.0010	1.0000	1.0000	0.0000	0.0000	0.0000	0.0000	1.0000	1.0000	0.0000	0.0011	0.0011	0.0000	0.0011	0.0011	0.0000	0.0000	0.0000	0.0000	0.1474	0.1305	0.0170	0.0369	0.0347	0.0022	0.1105	0.0958	0.0148	0.0770	0.0254	0.0516	0.0040	0.0022	0.0018	0.0730	0.0232	0.0498	492.7356	183.8981	0.0000	0.0000	0.0000	0.0000	inf	inf	0.0000	0.0138	0.0417	0.0000	0.2643	0.4777	0.0000	0.0000	0.0000	0.0000			
4	17	0.1246	4	1	1	1	1	0	0	0	0	N	N	N	N	N	N	N	N	N	N	N	N	0.0244	9.2677	0.0000	9.0454	7.6754	0.0078	inf	0.0000	0.0114	0.0125	0.0000	0.0211	0.0219	0.0000	0.0048	0.0055	0.0000	0.4693	0.0014	0.8078	0.0023	0.0029	0.0000	0.6193	0.0000	0.8751	0.0000	827.0000	-0.0000	0.0021	3.0666	0.0017	3.0001	0.9948	0.0000	0.0000	0.0000	0.0000	0.0000	0.0000	0.0000	0.0000	0.0000	0.0083	0.0000	0.0083	0.0000	0.0000	0.0000	0.0083	0.0000	0.0083	0.0002	0.0002	0.0000	0.0001	0.0001	0.0000	0.0001	0.0001	0.0000	0.0176	0.0074	0.0102	0.0043	0.0035	0.0008	0.0134	0.0039	0.0094	0.0244	9.2677	0.0000	9.0454	7.6754	0.0000	0.0078	inf	0.0000	0.4693	0.0014	0.8078	0.0023	0.0029	0.0000	0.6193	0.0000	0.8751	
4	18	0.1779	5	0	1	1	1	0	0	0	0	N	N	N	N	N	N	N	N	N	N	N	N	0.0000	0.0000	0.0000	0.0000	0.0000	0.0000	0.0000	0.0000	0.0000	0.0000	0.0000	0.0000	0.0000	0.0000	0.0000	0.0000	0.0000	0.0000	0.0000	0.0000	3.0666	0.0000	3.0001	0.0000	0.0000	0.0000	0.0000	0.0000	0.0000	0.0000	0.0000	0.0000	0.0000	0.0000	0.0000	0.0000	0.0000	0.0000	0.0000	0.0000	0.0000	0.0000	0.0000	0.0000	0.0000	0.0000	0.0000	0.0000	0.0000	0.0000	0.0000	0.0000	0.0000	0.0000	0.0000	0.0000	0.0000	0.0000	0.0000	0.0000	0.0000	0.0000	0.0000	0.0000	0.0000	0.0000	0.0000	0.0000	0.0000	0.0000	0.0000	0.0000	0.0000	0.0000	0.0000	0.0000	0.0000	0.0000											
4	20	0.1313	4	1	0	2	1	0	0	0	0	N	N	Y	N	N	N	N	N	N	N	N	N	0.0000	0.0000	0.0000	0.0000	0.0000	0.0000	0.0000	0.0000	0.0000	0.0000	0.0000	0.0000	0.0000	23.7226	0.0000	38.1949	0.0000	0.0000	0.0000	31.3271	0.0000	40.5107	inf	0.0000	0.2356	3.0666	0.9718	3.0001	0.9404	0.0000	0.0000	0.0000	0.0000	0.0000	0.0000	0.0000	0.0000	0.0000	0.9383	0.0000	0.9383	0.0000	0.0000	0.0000	0.9383	0.0000	0.9383	0.0681	0.0604	0.0077	0.0163	0.0155	0.0008	0.0518	0.0449	0.0069	0.0396	0.0150	0.0246	0.0096	0.0082	0.0014	0.0300	0.0068	0.0232	0.0000	0.0000	0.0000	0.0000	0.0000	0.0000	0.0000	0.0000	0.0000	23.7226	0.0000	38.1949	0.0000	0.0000	0.0000	31.3271	0.0000	40.5107						
4	21	0.2068	5	0	1	1	1	0	0	0	0	N	N	N	N	N	N	N	N	N	N	N	N	0.0000	0.0000	0.0000	0.0000	0.0000	0.0000	0.0000	0.0000	0.0000	0.0000	0.0000	0.0000	0.0000	0.0315	0.0000	0.0569	0.0000	0.0000	0.0000	0.0432	0.0000	0.0646	inf	0.0000	0.0001	3.0666	0.9958	3.0001	0.0079	0.0000	0.0000	0.0000	0.0000	0.0000	0.0000	0.0000	0.0000	0.0000	0.0004	0.0000	0.0004	0.0000	0.0000	0.0000	0.0004	0.0000	0.0004	0.0962	0.0860	0.0102	0.0424	0.0389	0.0034	0.0538	0.0471	0.0067	0.0130	0.0058	0.0072	0.0035	0.0027	0.0009	0.0095	0.0032	0.0063	0.0000	0.0000	0.0000	0.0000	0.0000	0.0000	0.0000	0.0000	0.0000	0.0315	0.0000	0.0569	0.0000	0.0000	0.0000	0.0432	0.0000	0.0646						
4	22	0.1632	5	0	1	1	1	0	0	0	0	N	N	N	N	N	N	N	N	N	N	N	N	0.3749	0.3522	1.9864	0.7134	0.4640	inf	0.4263	2.3423	0.1910	0.0002	1.7974	0.0008	0.0006	0.0027	0.2956	0.0000	2.3389	0.5094	0.0006	0.9048	0.0011	0.0013	0.0000	0.6933	0.0000	0.9986	945.8525	1817.2500	0.0531	0.0182	3.0666	4.0220	3.0001	5.3698	0.0663	0.0001	0.0662	0.0001	0.0001	0.0000	0.0662	0.0000	0.0662	0.0727	0.0000	0.0727	0.0000	0.0000	0.0000	0.0727	0.0000	0.0727	0.3470	0.3102	0.0368	0.1231	0.1146	0.0085	0.2239	0.1956	0.0283	0.1428	0.0624	0.0803	0.0379	0.0304	0.0075	0.1048	0.0320	0.0728	0.3749	0.3522	1.9864	0.7134	0.4640	inf	0.4263	0.0000	2.3423	0.5094	0.0006	0.9048	0.0011	0.0013	0.0000	0.6933	0.0000	0.9986	
4	23	0.1097	3	1	1	1	1	0	0	0	0	N	N	N	N	N	N	N	N	N	N	N	N	0.0000	0.0000	0.0000	0.0000	0.0000	0.0000	0.0000	0.0000	0.0000	0.0000	0.0000	0.0000	0.0000	0.0000	0.0000	0.0000	0.0000	0.0000	0.0000	0.0000	3.0666	0.0000	3.0001	3.0000	0.0000	0.0000	0.0000	0.0000	0.0000	0.0000	0.0000	0.0000	0.0000	0.0000	0.0000	0.0000	0.0000	0.0000	0.0000	0.0000	0.0000	0.0000	0.0000	0.0000	0.0000	0.0000	0.0000	0.0000	0.0000	0.0000	0.0000	0.0424	0.0141	0.0283	0.0065	0.0043	0.0022	0.0359	0.0098	0.0261	0.0000	0.0000	0.0000	0.0000	0.0000	0.0000	0.0000	0.0000	0.0000	0.0000	0.0000	0.0000	0.0000	0.0000	0.0000	0.0000	0.0000	0.0000											
4	24	0.2299	7	0	1	1	1	0	0	0	0	N	N	N	N	N	N	N	N	N	N	N	N	0.0000	0.0000	0.0000	0.0000	0.0000	0.0000	0.0000	0.0000	0.0000	0.0000	0.0000	0.0000	0.0000	0.0016	0.0000	0.0030	0.0000	0.0000	0.0000	0.0022	0.0000	0.0034	inf	0.0000	0.0000	3.0666	0.0018	3.0001	0.9893	0.0000	0.0000	0.0000	0.0000	0.0000	0.0000	0.0000	0.0000	0.0000	0.0000	0.0000	0.0000	0.0000	0.0000	0.0000	0.0000	0.0000	0.0000	0.0004	0.0004	0.0000	0.0003	0.0003	0.0000	0.0001	0.0001	0.0000	0.0123	0.0057	0.0067	0.0034	0.0025	0.0009	0.0090	0.0032	0.0058	0.0000	0.0000	0.0000	0.0000	0.0000	0.0000	0.0000	0.0000	0.0000	0.0016	0.0000	0.0030	0.0000	0.0000	0.0000	0.0022	0.0000	0.0034						
4	26	0.1097	3	0	1	1	1	0	0	0	0	N	N	N	N	N	N	N	N	N	N	N	N	0.0000	0.0000	0.0000	0.0000	0.0000	0.0000	0.0000	0.0000	0.0000	0.0000	0.0000	0.0000	0.0000	0.0013	0.0039	0.0000	0.0086	0.0132	0.0000	0.0000	0.0000	0.0000	0.0000	0.0000	-0.0001	3.0666	1.0000	3.0001	4.0000	0.0000	0.0000	0.0000	0.0000	0.0000	0.0000	0.0000	0.0000	0.0000	0.0001	0.0001	0.0000	0.0001	0.0001	0.0000	0.0000	0.0000	0.0000	0.0609	0.0540	0.0069	0.0187	0.0178	0.0009	0.0422	0.0363	0.0060	0.0684	0.0228	0.0456	0.0104	0.0068	0.0036	0.0580	0.0160	0.0420	0.0000	0.0000	0.0000	0.0000	0.0000	0.0000	0.0000	0.0000	0.0000	0.0013	0.0039	0.0000	0.0086	0.0132	0.0000	0.0000	0.0000	0.0000						
4	27	0.1097	3	0	1	1	1	0	0	0	0	N	N	N	N	N	N	N	N	N	N	N	N	0.0000	0.0000	0.0000	0.0000	0.0000	0.0000	0.0000	0.0000	0.0000	0.0000	0.0000	0.0000	0.0000	23.5888	0.0000	35.3919	0.0000	0.0000	0.0000	27.8503	0.0000	38.3609	inf	0.0000	0.2511	3.0666	1.0000	3.0001	2.0000	0.0000	0.0000	0.0000	0.0000	0.0000	0.0000	0.0000	0.0000	0.0000	1.0000	0.0000	1.0000	0.0000	0.0000	0.0000	1.0000	0.0000	1.0000	0.0609	0.0540	0.0069	0.0187	0.0178	0.0009	0.0422	0.0363	0.0060	0.0424	0.0141	0.0283	0.0065	0.0043	0.0022	0.0359	0.0098	0.0261	0.0000	0.0000	0.0000	0.0000	0.0000	0.0000	0.0000	0.0000	0.0000	23.5888	0.0000	35.3919	0.0000	0.0000	0.0000	27.8503	0.0000	38.3609						
4	29	0.0871	3	0	1	1	1	0	0	0	0	N	N	N	N	N	N	N	N	N	N	N	N	0.0000	0.0000	0.0000	0.0000	0.0000	0.0000	0.0000	0.0000	0.0000	0.0000	0.0000	0.0000	0.0000	0.1704	0.4954	0.0000	1.0895	1.5719	0.0000	0.0000	0.0000	0.0000	0.0000	0.0000	-0.0188	3.0666	7.9836	3.0001	2.1583	0.0000	0.0000	0.0000	0.0000	0.0000	0.0000	0.0000	0.0000	0.0000	0.0251	0.0251	0.0000	0.0251	0.0251	0.0000	0.0000	0.0000	0.0000	0.5878	0.5251	0.0627	0.1662	0.1549	0.0113	0.4216	0.3702	0.0514	0.1471	0.0506	0.0965	0.0230	0.0159	0.0071	0.1241	0.0346	0.0894	0.0000	0.0000	0.0000	0.0000	0.0000	0.0000	0.0000	0.0000	0.0000	0.1704	0.4954	0.0000	1.0895	1.5719	0.0000	0.0000	0.0000	0.0000						
4	33	0.1276	4	1	0	2	1	0	0	0	0	N	N	Y	N	N	N	N	N	N	N	N	N	0.0000	0.0000	0.0000	0.0000	0.0000	0.0000	0.0000	0.0000	0.0000	0.0000	0.0000	0.0000	0.0000	0.0000	0.0000	0.0000	18.7026	0.0063	29.2070	0.0140	0.0161	0.0000	22.2991	0.0000	30.2062	8274.9585	0.0000	0.2489	3.0666	0.9991	3.0001	2.0219	0.0000	0.0000	0.0000	0.0000	0.0000	0.0000	0.0000	0.0000	0.0000	0.9917	0.0001	0.9916	0.0001	0.0001	0.0000	0.9916	0.0000	0.9916	0.0609	0.0540	0.0069	0.0187	0.0178	0.0009	0.0421	0.0362	0.0060	0.0530	0.0191	0.0340	0.0086	0.0074	0.0011	0.0445	0.0116	0.0328	0.0000	0.0000	0.0000	0.0000	0.0000	0.0000	0.0000	0.0000	0.0000	18.7026	0.0063	29.2070	0.0140	0.0161	0.0000	22.2991	0.0000	30.2062			
4	35	0.1276	4	1	0	2	1	0	0	0	0	N	N	Y	N	N	N	N	N	N	N	N	N	0.0000	0.0000	0.0000	0.0000	0.0000	0.0000	0.0000	0.0000	0.0000	0.0000	0.0000	0.0000	0.0000	0.0000	0.0000	0.0000	0.0000	0.2207	0.5829	0.0000	1.1848	1.3230	0.0000	0.0000	0.0000	0.0000	0.0000	0.0000	-0.0063	3.0666	0.0009	3.0001	1.9867	0.0000	0.0000	0.0000	0.0000	0.0000	0.0000	0.0000	0.0000	0.0000	0.0084	0.0084	0.0000	0.0084	0.0084	0.0000	0.0000	0.0000	0.0000	0.0001	0.0001	0.0000	0.0000	0.0000	0.0000	0.0001	0.0000	0.0000	0.0382	0.0145	0.0238	0.0071	0.0064	0.0007	0.0311	0.0081	0.0230	0.0000	0.0000	0.0000	0.0000	0.0000	0.0000	0.0000	0.0000	0.0000	0.2207	0.5829	0.0000	1.1848	1.3230	0.0000	0.0000	0.0000	0.0000		
4	36	0.1097	3	1	0	2	1	0	0	0	0	N	N	Y	N	N	N	N	N	N	N	N	N	0.0000	0.0000	0.0000	0.0000	0.0000	0.0000	0.0000	0.0000	0.0000	0.0000	0.0000	0.0000	0.0000	0.0000	0.0000	0.0000	0.1968	0.0000	0.2953	0.0000	0.0000	0.0000	0.2324	0.0000	0.3201	41494.5919	0.0000	0.0021	3.0666	1.0009	3.0001	2.0357	0.0000	0.0000	0.0000	0.0000	0.0000	0.0000	0.0000	0.0000	0.0000	0.0084	0.0000	0.0084	0.0000	0.0000	0.0000	0.0084	0.0000	0.0084	0.0610	0.0541	0.0069	0.0187	0.0178	0.0009	0.0423	0.0363	0.0060	0.0429	0.0143	0.0286	0.0066	0.0043	0.0022	0.0363	0.0100	0.0264	0.0000	0.0000	0.0000	0.0000	0.0000	0.0000	0.0000	0.0000	0.0000	0.1968	0.0000	0.2953	0.0000	0.0000	0.0000	0.2324	0.0000	0.3201			
4	37	0.1097	3	1	0	2	1	0	0	0	0	N	N	Y	N	N	N	N	N	N	N	N	N	0.0000	0.0000	0.0000	0.0000	0.0000	0.0000	0.0000	0.0000	0.0000	0.0000	0.0000	0.0000	0.0000	35.9546	0.0000	53.9545	0.0000	0.0000	0.0000	42.4355	0.0000	58.5267	inf	0.0000	0.5021	3.0666	1.0000	3.0001	3.0000	0.0000	0.0000	0.0000	0.0000	0.0000	0.0000	0.0000	0.0000	0.0000	2.0000	0.0000	2.0000	0.0000	0.0000	0.0000	2.0000	0.0000	2.0000	0.0609	0.0540	0.0069	0.0187	0.0178	0.0009	0.0422	0.0363	0.0060	0.0556	0.0186	0.0371	0.0085	0.0056	0.0029	0.0471	0.0130	0.0342	0.0000	0.0000	0.0000	0.0000	0.0000	0.0000	0.0000	0.0000	0.0000	35.9546	0.0000	53.9545	0.0000	0.0000	0.0000	42.4355	0.0000	58.5267						
4	40	0.1436	6	1	1	2	1	0	0	0	0	N	N	Y	N	N	N	N	N	N	N	N	N	0.0000	0.0000	0.0000	0.0000	0.0000	0.0000	0.0000	0.0000	0.0000	0.0000	0.0000	0.0000	0.0000	0.0000	0.0000	0.0000	0.0000	0.0000	0.0000	0.0000	3.0666	0.0000	3.0001	0.0000	0.0000	0.0000	0.0000	0.0000	0.0000	0.0000	0.0000	0.0000	0.0000	0.0000	0.0000	0.0000	0.0000	0.0000	0.0000	0.0000	0.0000	0.0000	0.0000	0.0000	0.0000	0.0000	0.0000	0.0000	0.0000	0.0000	0.0000	0.0000	0.0000	0.0000	0.0000	0.0000	0.0000	0.0000	0.0000	0.0000	0.0000	0.0000	0.0000	0.0000	0.0000	0.0000	0.0000	0.0000	0.0000	0.0000	0.0000	0.0000	0.0000	0.0000	0.0000	0.0000	0.0000	0.0000											
4	41	0.1436	5	1	1	2	1	0	0	0	0	N	N	Y	N	N	N	N	N	N	N	N	N	0.0000	0.0000	0.0000	0.0000	0.0000	0.0000	0.0000	0.0000	0.0000	0.0000	0.0000	0.0000	0.0000	22.3015	0.0000	33.2107	0.0000	0.0000	0.0000	26.1061	0.0000	35.8117	inf	0.0000	0.2510	3.0666	1.0000	3.0001	1.9999	0.0000	0.0000	0.0000	0.0000	0.0000	0.0000	0.0000	0.0000	0.0000	0.9999	0.0000	0.9999	0.0000	0.0000	0.0000	0.9999	0.0000	0.9999	0.0674	0.0597	0.0077	0.0155	0.0147	0.0008	0.0519	0.0450	0.0069	0.0448	0.0147	0.0301	0.0065	0.0043	0.0022	0.0383	0.0104	0.0279	0.0000	0.0000	0.0000	0.0000	0.0000	0.0000	0.0000	0.0000	0.0000	22.3015	0.0000	33.2107	0.0000	0.0000	0.0000	26.1061	0.0000	35.8117						
4	42	0.1805	4	1	1	1	1	0	0	0	0	N	N	N	N	N	N	N	N	N	N	N	N	0.0765	3222.6987	0.0000	207.3281	216.0331	0.1252	inf	0.0000	1.4781	1.6635	0.0000	0.1986	0.2260	0.0000	3.0767	3.4159	0.0000	19.3127	0.0005	32.0652	0.0010	0.0010	0.0000	24.5795	0.0000	33.0560	0.0000	94075.0000	-0.0000	0.2362	3.0666	0.0007	3.0001	2.0242	0.0002	0.0002	0.0000	0.0000	0.0000	0.0000	0.0002	0.0002	0.0000	0.9408	0.0000	0.9407	0.0000	0.0000	0.0000	0.9407	0.0000	0.9407	0.0002	0.0002	0.0000	0.0001	0.0001	0.0000	0.0001	0.0001	0.0000	0.0487	0.0194	0.0293	0.0104	0.0096	0.0009	0.0383	0.0098	0.0285	0.0765	3222.6987	0.0000	207.3281	216.0331	0.0000	0.1252	inf	0.0000	19.3127	0.0005	32.0652	0.0010	0.0010	0.0000	24.5795	0.0000	33.0560	
4	43	0.0836	2	0	1	1	2	0	0	0	0	N	N	N	Y	N	N	N	N	N	N	N	N	0.0000	0.0000	0.0000	0.0000	0.0000	0.0000	0.0000	0.0000	0.0000	0.0000	0.0000	0.0000	0.0000	0.0000	0.0000	0.0000	0.0000	0.0000	0.0000	0.0000	3.0666	0.0000	3.0001	0.0000	0.0000	0.0000	0.0000	0.0000	0.0000	0.0000	0.0000	0.0000	0.0000	0.0000	0.0000	0.0000	0.0000	0.0000	0.0000	0.0000	0.0000	0.0000	0.0000	0.0000	0.0000	0.0000	0.0000	0.0000	0.0000	0.0000	0.0000	0.0000	0.0000	0.0000	0.0000	0.0000	0.0000	0.0000	0.0000	0.0000	0.0000	0.0000	0.0000	0.0000	0.0000	0.0000	0.0000	0.0000	0.0000	0.0000	0.0000	0.0000	0.0000	0.0000	0.0000	0.0000	0.0000	0.0000											
4	44	0.0836	2	0	0	1	2	0	0	0	0	N	N	N	Y	N	N	N	N	N	N	N	N	0.0000	0.0000	0.0000	0.0000	0.0000	0.0000	0.0000	0.0000	0.0000	0.0000	0.0000	0.0000	0.0000	0.0000	0.0000	0.0000	0.0000	0.0000	0.0000	0.0000	3.0666	0.0000	3.0001	0.0000	0.0000	0.0000	0.0000	0.0000	0.0000	0.0000	0.0000	0.0000	0.0000	0.0000	0.0000	0.0000	0.0000	0.0000	0.0000	0.0000	0.0000	0.0000	0.0000	0.0000	0.0000	0.0000	0.0000	0.0000	0.0000	0.0000	0.0000	0.0000	0.0000	0.0000	0.0000	0.0000	0.0000	0.0000	0.0000	0.0000	0.0000	0.0000	0.0000	0.0000	0.0000	0.0000	0.0000	0.0000	0.0000	0.0000	0.0000	0.0000	0.0000	0.0000	0.0000	0.0000	0.0000	0.0000											
4	46	0.1097	3	1	0	2	1	0	0	0	0	N	N	Y	N	N	N	N	N	N	N	N	N	0.0000	0.0000	0.0000	0.0000	0.0000	0.0000	0.0000	0.0000	0.0000	0.0000	0.0000	0.0000	0.0000	34.8170	0.0000	52.2299	0.0000	0.0000	0.0000	41.1217	0.0000	56.5667	inf	0.0000	0.2511	3.0666	0.0000	3.0001	2.0000	0.0000	0.0000	0.0000	0.0000	0.0000	0.0000	0.0000	0.0000	0.0000	1.0000	0.0000	1.0000	0.0000	0.0000	0.0000	1.0000	0.0000	1.0000	0.0000	0.0000	0.0000	0.0000	0.0000	0.0000	0.0000	0.0000	0.0000	0.0287	0.0096	0.0191	0.0044	0.0029	0.0015	0.0243	0.0066	0.0177	0.0000	0.0000	0.0000	0.0000	0.0000	0.0000	0.0000	0.0000	0.0000	34.8170	0.0000	52.2299	0.0000	0.0000	0.0000	41.1217	0.0000	56.5667						
4	47	0.1246	4	1	1	1	1	0	0	0	0	N	N	N	N	N	N	N	N	N	N	N	N	0.0002	0.0801	0.0000	0.1147	0.0940	0.0001	inf	0.0000	0.0000	0.0000	0.0000	0.0001	0.0001	0.0000	0.0000	0.0000	0.0000	0.1843	0.0006	0.3045	0.0011	0.0014	0.0000	0.2318	0.0000	0.3334	0.0000	827.0000	-0.0000	0.0021	3.0666	0.9991	3.0001	2.0273	0.0000	0.0000	0.0000	0.0000	0.0000	0.0000	0.0000	0.0000	0.0000	0.0083	0.0000	0.0083	0.0000	0.0000	0.0000	0.0083	0.0000	0.0083	0.0673	0.0591	0.0081	0.0161	0.0147	0.0015	0.0511	0.0445	0.0067	0.0449	0.0178	0.0272	0.0093	0.0069	0.0024	0.0357	0.0109	0.0248	0.0002	0.0801	0.0000	0.1147	0.0940	0.0000	0.0001	inf	0.0000	0.1843	0.0006	0.3045	0.0011	0.0014	0.0000	0.2318	0.0000	0.3334	
4	48	0.0871	3	1	1	1	1	0	0	0	0	N	N	N	N	N	N	N	N	N	N	N	N	0.0072	11.3955	0.0000	11.3244	9.0491	0.0008	inf	0.0000	0.0666	0.0737	0.0000	0.1489	0.1589	0.0000	0.0092	0.0104	0.0000	9.3200	0.0065	14.4051	0.0131	0.0176	0.0000	11.2764	0.0000	15.4481	0.0000	4079.8153	-0.0045	0.2426	3.0666	3.1828	3.0001	3.1571	0.0230	0.0230	0.0000	0.0211	0.0211	0.0000	0.0019	0.0019	0.0000	0.9671	0.0002	0.9669	0.0002	0.0002	0.0000	0.9669	0.0000	0.9669	0.3448	0.3118	0.0330	0.1418	0.1329	0.0090	0.2030	0.1790	0.0240	0.1038	0.0366	0.0671	0.0180	0.0135	0.0045	0.0857	0.0232	0.0626	0.0072	11.3955	0.0000	11.3244	9.0491	0.0000	0.0008	inf	0.0000	9.3200	0.0065	14.4051	0.0131	0.0176	0.0000	11.2764	0.0000	15.4481	
4	49	0.0829	2	0	1	1	1	0	0	0	0	N	N	N	N	N	N	N	N	N	N	N	N	0.2523	0.3576	0.3621	0.3635	0.2880	inf	0.0383	inf	0.0249	0.1879	0.1750	0.3297	0.2853	0.2602	0.6310	0.0280	0.0285	0.0239	0.7447	0.4894	0.9106	0.7847	0.9034	0.0000	0.7316	0.0000	0.9619	0.1713	2.8623	-0.0019	-0.0003	3.0666	0.8922	3.0001	1.0748	0.0366	0.0313	0.0054	0.0346	0.0294	0.0052	0.0021	0.0019	0.0002	0.0335	0.0087	0.0248	0.0087	0.0087	0.0000	0.0248	0.0000	0.0248	0.1950	0.1787	0.0163	0.1212	0.1130	0.0082	0.0738	0.0657	0.0081	0.0450	0.0177	0.0273	0.0111	0.0096	0.0015	0.0339	0.0081	0.0258	0.2523	0.3576	0.3621	0.3635	0.2880	inf	0.0383	inf	0.0249	0.7447	0.4894	0.9106	0.7847	0.9034	0.0000	0.7316	0.0000	0.9619
4	50	0.1097	3	0	1	1	1	0	0	0	0	N	N	N	N	N	N	N	N	N	N	N	N	0.0000	0.0000	0.0000	0.0000	0.0000	0.0000	0.0000	0.0000	0.0000	0.0000	0.0000	0.0000	0.0000	0.0000	0.0000	0.0000	0.0000	0.0000	0.0000	0.0000	3.0666	0.0000	3.0001	0.0000	0.0000	0.0000	0.0000	0.0000	0.0000	0.0000	0.0000	0.0000	0.0000	0.0000	0.0000	0.0000	0.0000	0.0000	0.0000	0.0000	0.0000	0.0000	0.0000	0.0000	0.0000	0.0000	0.0000	0.0000	0.0000	0.0000	0.0000	0.0000	0.0000	0.0000	0.0000	0.0000	0.0000	0.0000	0.0000	0.0000	0.0000	0.0000	0.0000	0.0000	0.0000	0.0000	0.0000	0.0000	0.0000	0.0000	0.0000	0.0000	0.0000	0.0000	0.0000	0.0000	0.0000	0.0000											
4	51	0.1097	3	1	1	1	1	0	0	0	0	N	N	N	N	N	N	N	N	N	N	N	N	0.0000	0.0000	0.0000	0.0000	0.0000	0.0000	0.0000	0.0000	0.0000	0.0000	0.0000	0.0000	0.0000	17.9773	0.0000	26.9773	0.0000	0.0000	0.0000	21.2177	0.0000	29.2633	inf	0.0000	0.2511	3.0666	1.0000	3.0001	3.0000	0.0000	0.0000	0.0000	0.0000	0.0000	0.0000	0.0000	0.0000	0.0000	1.0000	0.0000	1.0000	0.0000	0.0000	0.0000	1.0000	0.0000	1.0000	0.0609	0.0540	0.0069	0.0187	0.0178	0.0009	0.0422	0.0363	0.0060	0.0556	0.0186	0.0371	0.0085	0.0056	0.0029	0.0471	0.0130	0.0342	0.0000	0.0000	0.0000	0.0000	0.0000	0.0000	0.0000	0.0000	0.0000	17.9773	0.0000	26.9773	0.0000	0.0000	0.0000	21.2177	0.0000	29.2633						
4	52	0.0958	2	0	0	1	1	0	0	0	0	N	N	N	N	N	N	N	N	N	N	N	N	0.0220	0.0112	0.0000	0.0161	0.0140	0.0000	0.0003	0.0004	0.0000	0.0010	0.0011	0.0000	0.0000	0.0000	0.0000	0.0158	0.0352	0.0000	0.0650	0.0808	0.0000	0.0000	0.0000	0.0000	0.0000	0.0000	-0.0000	-0.0009	3.0666	3.0179	3.0001	1.1627	0.0001	0.0001	0.0000	0.0001	0.0001	0.0000	0.0000	0.0000	0.0000	0.0012	0.0012	0.0000	0.0012	0.0012	0.0000	0.0000	0.0000	0.0000	0.2223	0.1966	0.0257	0.0739	0.0682	0.0057	0.1484	0.1284	0.0200	0.0784	0.0352	0.0431	0.0191	0.0154	0.0037	0.0593	0.0199	0.0394	0.0220	0.0112	0.0000	0.0161	0.0140	0.0000	0.0000	0.0000	0.0000	0.0158	0.0352	0.0000	0.0650	0.0808	0.0000	0.0000	0.0000	0.0000			
4	53	0.1097	3	1	1	2	1	0	0	0	0	N	N	Y	N	N	N	N	N	N	N	N	N	0.0000	0.0000	0.0000	0.0000	0.0000	0.0000	0.0000	0.0000	0.0000	0.0000	0.0000	0.0000	0.0000	0.0000	0.0000	0.0000	0.0000	0.0000	0.0000	0.0000	3.0666	4.0000	3.0001	1.0000	0.0000	0.0000	0.0000	0.0000	0.0000	0.0000	0.0000	0.0000	0.0000	0.0000	0.0000	0.0000	0.0000	0.0000	0.0000	0.0000	0.0000	0.0000	0.2331	0.2070	0.0261	0.0702	0.0667	0.0035	0.1629	0.1403	0.0226	0.0684	0.0228	0.0456	0.0104	0.0068	0.0036	0.0580	0.0160	0.0420	0.0000	0.0000	0.0000	0.0000	0.0000	0.0000	0.0000	0.0000	0.0000	0.0000	0.0000	0.0000	0.0000	0.0000	0.0000	0.0000	0.0000	0.0000											
4	54	0.0958	2	0	1	1	1	0	0	0	0	N	N	N	N	N	N	N	N	N	N	N	N	0.0540	0.0237	0.0000	0.0322	0.0255	0.0000	0.0005	0.0005	0.0000	0.0014	0.0015	0.0000	0.0000	0.0000	0.0000	0.0090	0.0231	0.0000	0.0440	0.0603	0.0000	0.0000	0.0000	0.0000	0.0000	0.0000	-0.0000	-0.0009	3.0666	2.0683	3.0001	6.9961	0.0001	0.0001	0.0000	0.0001	0.0001	0.0000	0.0000	0.0000	0.0000	0.0012	0.0012	0.0000	0.0012	0.0012	0.0000	0.0000	0.0000	0.0000	0.1591	0.1406	0.0185	0.0545	0.0503	0.0042	0.1047	0.0903	0.0143	0.1379	0.0536	0.0843	0.0282	0.0206	0.0076	0.1097	0.0330	0.0767	0.0540	0.0237	0.0000	0.0322	0.0255	0.0000	0.0000	0.0000	0.0000	0.0090	0.0231	0.0000	0.0440	0.0603	0.0000	0.0000	0.0000	0.0000			
4	56	0.1097	3	1	0	2	1	0	0	0	0	N	N	Y	N	N	N	N	N	N	N	N	N	0.0000	0.0000	0.0000	0.0000	0.0000	0.0000	0.0000	0.0000	0.0000	0.0000	0.0000	0.0000	0.0000	0.0000	0.0000	0.0000	0.0000	0.0000	0.0000	0.0000	3.0666	4.0000	3.0001	7.0000	0.0000	0.0000	0.0000	0.0000	0.0000	0.0000	0.0000	0.0000	0.0000	0.0000	0.0000	0.0000	0.0000	0.0000	0.0000	0.0000	0.0000	0.0000	0.2331	0.2070	0.0261	0.0702	0.0667	0.0035	0.1629	0.1403	0.0226	0.1372	0.0459	0.0913	0.0207	0.0131	0.0076	0.1165	0.0328	0.0837	0.0000	0.0000	0.0000	0.0000	0.0000	0.0000	0.0000	0.0000	0.0000	0.0000	0.0000	0.0000	0.0000	0.0000	0.0000	0.0000	0.0000	0.0000											
4	57	0.1743	6	0	1	1	1	0	0	0	0	N	N	N	N	N	N	N	N	N	N	N	N	3.9733	147.4630	0.0000	0.2281	0.1840	0.0000	4.5427	inf	0.0000	1.3433	1.4951	0.0000	0.0039	0.0042	0.0000	2.0469	2.3291	0.0000	0.3381	0.0101	0.5966	0.0172	0.0228	0.0000	0.4506	0.0000	0.6732	0.0000	74.6489	-0.1970	0.0169	3.0666	9.7645	3.0001	7.4558	0.9956	0.9956	0.0000	0.0010	0.0010	0.0000	0.9946	0.9946	0.0000	0.0711	0.0009	0.0702	0.0009	0.0009	0.0000	0.0702	0.0000	0.0702	0.7412	0.6659	0.0752	0.2553	0.2389	0.0164	0.4859	0.4270	0.0589	0.2103	0.0927	0.1176	0.0546	0.0412	0.0134	0.1557	0.0515	0.1042	3.9733	147.4630	0.0000	0.2281	0.1840	0.0000	4.5427	inf	0.0000	0.3381	0.0101	0.5966	0.0172	0.0228	0.0000	0.4506	0.0000	0.6732
4	58	0.2299	7	0	0	2	1	0	0	0	0	N	N	Y	N	N	N	N	N	N	N	N	N	0.0000	0.0000	0.0000	0.0000	0.0000	0.0000	0.0000	0.0000	0.0000	0.0000	0.0000	0.0000	0.0000	0.0016	0.0000	0.0029	0.0000	0.0000	0.0000	0.0022	0.0000	0.0034	inf	0.0000	0.0000	3.0666	1.0009	3.0001	0.0163	0.0000	0.0000	0.0000	0.0000	0.0000	0.0000	0.0000	0.0000	0.0000	0.0000	0.0000	0.0000	0.0000	0.0000	0.0000	0.0000	0.0000	0.0000	0.0986	0.0883	0.0103	0.0468	0.0430	0.0038	0.0518	0.0453	0.0065	0.0126	0.0058	0.0068	0.0035	0.0026	0.0009	0.0092	0.0032	0.0059	0.0000	0.0000	0.0000	0.0000	0.0000	0.0000	0.0000	0.0000	0.0000	0.0016	0.0000	0.0029	0.0000	0.0000	0.0000	0.0022	0.0000	0.0034						
4	59	0.2145	6	0	0	1	1	0	0	0	0	N	N	N	N	N	N	N	N	N	N	N	N	0.0000	0.0000	0.0000	0.0000	0.0000	0.0000	0.0000	0.0000	0.0000	0.0000	0.0000	0.0000	0.0000	0.0000	0.0000	0.0000	0.0035	0.0018	0.0049	0.0029	0.0039	0.0000	0.0038	0.0000	0.0056	3.5002	0.0000	0.0000	3.0666	1.9961	3.0001	0.0521	0.0000	0.0000	0.0000	0.0000	0.0000	0.0000	0.0000	0.0000	0.0000	0.0001	0.0000	0.0001	0.0000	0.0000	0.0000	0.0001	0.0000	0.0001	0.1864	0.1667	0.0197	0.0812	0.0747	0.0065	0.1052	0.0920	0.0132	0.0255	0.0113	0.0142	0.0068	0.0051	0.0018	0.0187	0.0062	0.0124	0.0000	0.0000	0.0000	0.0000	0.0000	0.0000	0.0000	0.0000	0.0000	0.0035	0.0018	0.0049	0.0029	0.0039	0.0000	0.0038	0.0000	0.0056			
4	60	0.2068	5	0	0	1	1	0	0	0	0	N	N	N	N	N	N	N	N	N	N	N	N	0.0000	0.0000	0.0000	0.0000	0.0000	0.0000	0.0000	0.0000	0.0000	0.0000	0.0000	0.0000	0.0000	0.0000	0.0000	0.0000	0.0351	0.0114	0.0541	0.0189	0.0250	0.0000	0.0410	0.0000	0.0615	5.8591	0.0000	0.0001	3.0666	0.0081	3.0001	1.0507	0.0000	0.0000	0.0000	0.0000	0.0000	0.0000	0.0000	0.0000	0.0000	0.0005	0.0001	0.0004	0.0001	0.0001	0.0000	0.0004	0.0000	0.0004	0.0011	0.0010	0.0001	0.0005	0.0005	0.0000	0.0006	0.0005	0.0001	0.0137	0.0061	0.0076	0.0037	0.0028	0.0009	0.0100	0.0033	0.0067	0.0000	0.0000	0.0000	0.0000	0.0000	0.0000	0.0000	0.0000	0.0000	0.0351	0.0114	0.0541	0.0189	0.0250	0.0000	0.0410	0.0000	0.0615			
4	61	0.1580	4	0	0	1	1	0	0	0	0	N	N	N	N	N	N	N	N	N	N	N	N	0.0018	0.1901	0.0000	0.2945	0.2603	0.0000	0.0000	0.0015	0.0017	0.0000	0.0041	0.0044	0.0000	0.0000	0.0000	0.0000	0.8271	0.0087	1.4479	0.0139	0.0169	0.0000	1.1276	0.0000	1.5813	0.0000	219.2074	-0.0001	0.0219	3.0666	3.0167	3.0001	3.2580	0.0004	0.0004	0.0000	0.0004	0.0004	0.0000	0.0000	0.0000	0.0000	0.0889	0.0004	0.0885	0.0004	0.0004	0.0000	0.0885	0.0000	0.0885	0.2698	0.2411	0.0287	0.0973	0.0906	0.0068	0.1725	0.1505	0.0219	0.1075	0.0464	0.0611	0.0290	0.0239	0.0052	0.0785	0.0225	0.0560	0.0018	0.1901	0.0000	0.2945	0.2603	0.0000	0.0000	0.0000	0.0000	0.8271	0.0087	1.4479	0.0139	0.0169	0.0000	1.1276	0.0000	1.5813		
4	62	0.0832	3	0	1	1	1	0	0	0	0	N	N	N	N	N	N	N	N	N	N	N	N	0.0039	0.0029	0.0000	0.0916	0.0988	0.0000	0.0000	0.0000	0.0000	0.0574	0.0652	0.0000	0.1250	0.1368	0.0000	0.0000	0.0000	0.0000	14.8852	22.6609	10.9186	1.3639	1.3841	0.0000	16.8035	34.7556	10.9486	0.0000	0.9445	-0.0047	-0.5209	3.0666	3.3327	3.0001	4.3103	0.0239	0.0239	0.0000	0.0239	0.0239	0.0000	0.0000	0.0000	0.0000	1.9790	1.0177	0.9613	0.0225	0.0225	0.0000	1.9565	0.9952	0.9613	0.4170	0.3674	0.0496	0.1915	0.1750	0.0166	0.2255	0.1924	0.0331	0.1330	0.0449	0.0880	0.0165	0.0163	0.0002	0.1164	0.0286	0.0878	0.0039	0.0029	0.0000	0.0916	0.0988	0.0000	0.0000	0.0000	0.0000	14.8852	22.6609	10.9186	1.3639	1.3841	0.0000	16.8035	34.7556	10.9486
4	63	0.0592	2	0	0	1	1	0	0	0	0	N	N	N	N	N	N	N	N	N	N	N	N	0.1426	0.5576	0.1447	5.2956	5.1462	inf	0.0630	0.0240	0.1281	0.0958	0.0909	0.1307	0.1543	0.1541	0.1558	0.0457	0.0338	0.1161	0.6720	0.1630	0.9033	0.0291	0.0299	0.0000	0.7257	1.4098	0.9061	0.2034	12.1881	-0.0012	0.0116	3.0666	3.2669	3.0001	2.4507	0.0415	0.0345	0.0070	0.0309	0.0278	0.0031	0.0107	0.0067	0.0039	0.0662	0.0050	0.0612	0.0002	0.0002	0.0000	0.0660	0.0048	0.0612	0.4333	0.3796	0.0537	0.2000	0.1802	0.0198	0.2333	0.1994	0.0339	0.0986	0.0308	0.0678	0.0076	0.0074	0.0002	0.0910	0.0234	0.0675	0.1426	0.5576	0.1447	5.2956	5.1462	inf	0.0630	0.1648	0.1281	0.6720	0.1630	0.9033	0.0291	0.0299	0.0000	0.7257	0.2051	0.9061
4	64	0.1436	6	1	0	2	1	0	0	0	0	N	N	Y	N	N	N	N	N	N	N	N	N	0.0000	0.0000	0.0000	0.0000	0.0000	0.0000	0.0000	0.0000	0.0000	0.0000	0.0000	0.0000	0.0000	0.0000	0.0000	0.0000	0.0000	0.0000	0.0000	0.0000	3.0666	0.0000	3.0001	1.0000	0.0000	0.0000	0.0000	0.0000	0.0000	0.0000	0.0000	0.0000	0.0000	0.0000	0.0000	0.0000	0.0000	0.0000	0.0000	0.0000	0.0000	0.0000	0.0000	0.0000	0.0000	0.0000	0.0000	0.0000	0.0000	0.0000	0.0000	0.0155	0.0051	0.0104	0.0023	0.0015	0.0007	0.0133	0.0036	0.0097	0.0000	0.0000	0.0000	0.0000	0.0000	0.0000	0.0000	0.0000	0.0000	0.0000	0.0000	0.0000	0.0000	0.0000	0.0000	0.0000	0.0000	0.0000											
4	65	0.1436	5	1	0	2	1	0	0	0	0	N	N	Y	N	N	N	N	N	N	N	N	N	0.0000	0.0000	0.0000	0.0000	0.0000	0.0000	0.0000	0.0000	0.0000	0.0000	0.0000	0.0000	0.0000	4.8375	9.9379	0.0000	10.2329	10.3114	0.0000	0.0000	0.0000	0.0000	0.0000	0.0000	-0.0001	3.0666	0.0000	3.0001	0.0001	0.0000	0.0000	0.0000	0.0000	0.0000	0.0000	0.0000	0.0000	0.0000	0.0001	0.0001	0.0000	0.0001	0.0001	0.0000	0.0000	0.0000	0.0000	0.0000	0.0000	0.0000	0.0000	0.0000	0.0000	0.0000	0.0000	0.0000	0.0000	0.0000	0.0000	0.0000	0.0000	0.0000	0.0000	0.0000	0.0000	0.0000	0.0000	0.0000	0.0000	0.0000	0.0000	0.0000	0.0000	0.0000	4.8375	9.9379	0.0000	10.2329	10.3114	0.0000	0.0000	0.0000	0.0000						
4	66	0.1313	4	1	0	2	1	0	0	0	0	N	N	Y	N	N	N	N	N	N	N	N	N	0.0000	0.0000	0.0000	0.0000	0.0000	0.0000	0.0000	0.0000	0.0000	0.0000	0.0000	0.0000	0.0000	0.0000	0.0000	0.0000	1.4801	3.9264	0.0036	6.2230	7.3460	0.0000	0.0029	0.0000	0.0038	0.0015	0.0000	-0.0462	3.0666	1.9720	3.0001	0.0923	0.0000	0.0000	0.0000	0.0000	0.0000	0.0000	0.0000	0.0000	0.0000	0.0617	0.0617	0.0001	0.0617	0.0617	0.0000	0.0001	0.0000	0.0001	0.1330	0.1180	0.0150	0.0310	0.0295	0.0015	0.1020	0.0885	0.0135	0.0417	0.0157	0.0260	0.0099	0.0084	0.0015	0.0318	0.0073	0.0245	0.0000	0.0000	0.0000	0.0000	0.0000	0.0000	0.0000	0.0000	0.0000	1.4801	3.9264	0.0036	6.2230	7.3460	0.0000	0.0029	0.0000	0.0038			
4	67	0.1097	3	1	0	2	1	0	0	0	0	N	N	Y	N	N	N	N	N	N	N	N	N	0.0000	0.0000	0.0000	0.0000	0.0000	0.0000	0.0000	0.0000	0.0000	0.0000	0.0000	0.0000	0.0000	1.0761	0.0000	1.6149	0.0000	0.0000	0.0000	1.2701	0.0000	1.7520	inf	0.0000	0.0155	3.0666	3.0650	3.0001	1.0636	0.0000	0.0000	0.0000	0.0000	0.0000	0.0000	0.0000	0.0000	0.0000	0.0617	0.0000	0.0617	0.0000	0.0000	0.0000	0.0617	0.0000	0.0617	0.1810	0.1607	0.0203	0.0548	0.0521	0.0027	0.1262	0.1086	0.0176	0.0573	0.0191	0.0382	0.0087	0.0058	0.0030	0.0485	0.0134	0.0352	0.0000	0.0000	0.0000	0.0000	0.0000	0.0000	0.0000	0.0000	0.0000	1.0761	0.0000	1.6149	0.0000	0.0000	0.0000	1.2701	0.0000	1.7520						
4	68	0.1167	3	0	1	1	2	0	0	0	0	N	N	N	Y	N	N	N	N	N	N	N	N	0.0062	0.0027	0.0000	0.0030	0.0025	0.0000	0.0024	0.0026	0.0000	0.0057	0.0062	0.0000	0.0000	0.0000	0.0000	0.3790	0.9857	0.0000	1.9262	2.5178	0.0000	0.0000	0.0000	0.0000	0.0000	0.0000	-0.0001	-0.0339	3.0666	2.7513	3.0001	4.0954	0.0007	0.0007	0.0000	0.0007	0.0007	0.0000	0.0000	0.0000	0.0000	0.0453	0.0453	0.0000	0.0453	0.0453	0.0000	0.0000	0.0000	0.0000	0.2806	0.2500	0.0306	0.1151	0.1062	0.0090	0.1654	0.1439	0.0216	0.1195	0.0459	0.0735	0.0235	0.0180	0.0055	0.0960	0.0280	0.0680	0.0062	0.0027	0.0000	0.0030	0.0025	0.0000	0.0000	0.0000	0.0000	0.3790	0.9857	0.0000	1.9262	2.5178	0.0000	0.0000	0.0000	0.0000			
4	71	0.1097	3	0	1	1	1	0	0	0	0	N	N	N	N	N	N	N	N	N	N	N	N	0.0000	0.0000	0.0000	0.0000	0.0000	0.0000	0.0000	0.0000	0.0000	0.0000	0.0000	0.0000	0.0000	14.6124	0.0000	21.9319	0.0000	0.0000	0.0000	17.2406	0.0000	23.8091	inf	0.0000	0.2511	3.0666	2.0000	3.0001	3.0000	0.0000	0.0000	0.0000	0.0000	0.0000	0.0000	0.0000	0.0000	0.0000	1.0000	0.0000	1.0000	0.0000	0.0000	0.0000	1.0000	0.0000	1.0000	0.1200	0.1065	0.0135	0.0366	0.0348	0.0018	0.0834	0.0717	0.0117	0.0684	0.0228	0.0456	0.0104	0.0068	0.0036	0.0580	0.0160	0.0420	0.0000	0.0000	0.0000	0.0000	0.0000	0.0000	0.0000	0.0000	0.0000	14.6124	0.0000	21.9319	0.0000	0.0000	0.0000	17.2406	0.0000	23.8091						
4	72	0.0829	2	0	0	1	1	0	0	0	0	N	N	N	N	N	N	N	N	N	N	N	N	1.2769	0.5130	0.6561	0.5452	inf	inf	0.1302	0.1455	0.0000	0.3651	0.3927	0.0000	0.0076	0.0086	0.0000	0.1019	0.2837	0.0000	0.5564	0.7203	0.0000	0.0000	0.0000	0.0000	0.0000	0.0000	-0.0106	-0.0067	3.0666	4.7932	3.0001	0.2507	0.0538	0.0538	0.0000	0.0518	0.0518	0.0000	0.0021	0.0021	0.0000	0.0089	0.0089	0.0000	0.0089	0.0089	0.0000	0.0000	0.0000	0.0000	0.4135	0.3698	0.0437	0.1418	0.1318	0.0100	0.2717	0.2380	0.0337	0.0873	0.0314	0.0559	0.0160	0.0124	0.0036	0.0713	0.0190	0.0523	1.2769	0.5130	0.0000	0.6561	0.5452	0.0000	inf	inf	0.0000	0.1019	0.2837	0.0000	0.5564	0.7203	0.0000	0.0000	0.0000	0.0000			
4	74	0.0592	2	0	1	1	1	0	0	0	0	N	N	N	N	N	N	N	N	N	N	N	N	61.7938	21.8238	2.8415	3.0890	inf	inf	0.1308	0.1502	0.0000	0.0861	0.0963	0.0000	0.1806	0.2141	0.0000	0.0021	0.0069	0.0000	0.0303	0.0312	0.0000	0.0000	0.0000	0.0000	0.0000	0.0000	-0.0090	-0.0002	3.0666	1.8678	3.0001	4.6278	0.0455	0.0455	0.0000	0.0158	0.0158	0.0000	0.0297	0.0297	0.0000	0.0002	0.0002	0.0000	0.0002	0.0002	0.0000	0.0000	0.0000	0.0000	0.3477	0.3027	0.0450	0.1833	0.1640	0.0193	0.1643	0.1387	0.0257	0.1087	0.0334	0.0753	0.0076	0.0074	0.0002	0.1011	0.0260	0.0750	61.7938	21.8238	0.0000	2.8415	3.0890	0.0000	inf	inf	0.0000	0.0021	0.0069	0.0000	0.0303	0.0312	0.0000	0.0000	0.0000	0.0000			
4	78	0.1628	5	1	1	1	2	0	0	0	0	N	N	N	Y	N	N	N	N	N	N	N	N	0.0000	0.0000	0.0000	0.0000	0.0000	0.0000	0.0000	0.0000	0.0000	0.0000	0.0000	0.0000	0.0000	0.0008	0.0025	0.0000	0.0146	0.0230	0.0000	0.0000	0.0000	0.0000	0.0000	0.0000	-0.0000	3.0666	1.0000	3.0001	2.0144	0.0000	0.0000	0.0000	0.0000	0.0000	0.0000	0.0000	0.0000	0.0000	0.0001	0.0001	0.0000	0.0001	0.0001	0.0000	0.0000	0.0000	0.0000	0.0754	0.0667	0.0087	0.0191	0.0179	0.0011	0.0563	0.0487	0.0076	0.0594	0.0200	0.0395	0.0034	0.0022	0.0013	0.0560	0.0178	0.0382	0.0000	0.0000	0.0000	0.0000	0.0000	0.0000	0.0000	0.0000	0.0000	0.0008	0.0025	0.0000	0.0146	0.0230	0.0000	0.0000	0.0000	0.0000						
4	79	0.1406	4	1	1	1	2	0	0	0	0	N	N	N	Y	N	N	N	N	N	N	N	N	0.0000	0.0000	0.0000	0.0000	0.0000	0.0000	0.0000	0.0000	0.0000	0.0000	0.0000	0.0000	0.0000	0.0008	0.0000	0.0013	0.0000	0.0000	0.0000	0.0009	0.0000	0.0013	inf	0.0000	0.0000	3.0666	0.0001	3.0001	3.0180	0.0000	0.0000	0.0000	0.0000	0.0000	0.0000	0.0000	0.0000	0.0000	0.0001	0.0000	0.0001	0.0000	0.0000	0.0000	0.0001	0.0000	0.0001	0.0000	0.0000	0.0000	0.0000	0.0000	0.0000	0.0000	0.0000	0.0000	0.0592	0.0197	0.0395	0.0031	0.0019	0.0012	0.0561	0.0178	0.0382	0.0000	0.0000	0.0000	0.0000	0.0000	0.0000	0.0000	0.0000	0.0000	0.0008	0.0000	0.0013	0.0000	0.0000	0.0000	0.0009	0.0000	0.0013						
4	80	0.1626	6	0	1	1	2	0	0	0	0	N	N	N	Y	N	N	N	N	N	N	N	N	0.0000	0.0000	0.0000	0.0000	0.0000	0.0000	0.0000	0.0000	0.0000	0.0000	0.0000	0.0000	0.0000	0.0000	0.0000	0.0000	0.0000	0.0000	0.0000	0.0000	3.0666	0.0000	3.0001	0.0000	0.0000	0.0000	0.0000	0.0000	0.0000	0.0000	0.0000	0.0000	0.0000	0.0000	0.0000	0.0000	0.0000	0.0000	0.0000	0.0000	0.0000	0.0000	0.0000	0.0000	0.0000	0.0000	0.0000	0.0000	0.0000	0.0000	0.0000	0.0000	0.0000	0.0000	0.0000	0.0000	0.0000	0.0000	0.0000	0.0000	0.0000	0.0000	0.0000	0.0000	0.0000	0.0000	0.0000	0.0000	0.0000	0.0000	0.0000	0.0000	0.0000	0.0000	0.0000	0.0000	0.0000	0.0000											
4	81	0.1406	4	0	0	2	2	0	0	0	0	N	N	Y	Y	N	N	N	N	N	N	N	N	0.0000	0.0000	0.0000	0.0000	0.0000	0.0000	0.0000	0.0000	0.0000	0.0000	0.0000	0.0000	0.0000	0.0000	0.0000	0.0000	0.0000	0.0000	0.0000	0.0000	3.0666	2.0000	3.0001	0.0000	0.0000	0.0000	0.0000	0.0000	0.0000	0.0000	0.0000	0.0000	0.0000	0.0000	0.0000	0.0000	0.0000	0.0000	0.0000	0.0000	0.0000	0.0000	0.1474	0.1305	0.0170	0.0369	0.0347	0.0022	0.1105	0.0958	0.0148	0.0400	0.0133	0.0267	0.0021	0.0012	0.0008	0.0379	0.0120	0.0259	0.0000	0.0000	0.0000	0.0000	0.0000	0.0000	0.0000	0.0000	0.0000	0.0000	0.0000	0.0000	0.0000	0.0000	0.0000	0.0000	0.0000	0.0000											
4	82	0.1406	4	0	0	2	2	0	0	0	0	N	N	Y	Y	N	N	N	N	N	N	N	N	0.0000	0.0000	0.0000	0.0000	0.0000	0.0000	0.0000	0.0000	0.0000	0.0000	0.0000	0.0000	0.0000	0.0000	0.0000	0.0000	0.0000	0.0000	0.0000	0.0000	3.0666	0.0000	3.0001	4.0000	0.0000	0.0000	0.0000	0.0000	0.0000	0.0000	0.0000	0.0000	0.0000	0.0000	0.0000	0.0000	0.0000	0.0000	0.0000	0.0000	0.0000	0.0000	0.0000	0.0000	0.0000	0.0000	0.0000	0.0000	0.0000	0.0000	0.0000	0.0769	0.0256	0.0513	0.0040	0.0024	0.0016	0.0729	0.0232	0.0497	0.0000	0.0000	0.0000	0.0000	0.0000	0.0000	0.0000	0.0000	0.0000	0.0000	0.0000	0.0000	0.0000	0.0000	0.0000	0.0000	0.0000	0.0000											
4	83	0.1626	6	0	0	2	2	0	0	0	0	N	N	Y	Y	N	N	N	N	N	N	N	N	0.0000	0.0000	0.0000	0.0000	0.0000	0.0000	0.0000	0.0000	0.0000	0.0000	0.0000	0.0000	0.0000	0.0000	0.0000	0.0000	0.0000	0.0000	0.0000	0.0000	3.0666	0.0000	3.0001	2.0000	0.0000	0.0000	0.0000	0.0000	0.0000	0.0000	0.0000	0.0000	0.0000	0.0000	0.0000	0.0000	0.0000	0.0000	0.0000	0.0000	0.0000	0.0000	0.0000	0.0000	0.0000	0.0000	0.0000	0.0000	0.0000	0.0000	0.0000	0.0397	0.0130	0.0267	0.0018	0.0009	0.0009	0.0379	0.0120	0.0259	0.0000	0.0000	0.0000	0.0000	0.0000	0.0000	0.0000	0.0000	0.0000	0.0000	0.0000	0.0000	0.0000	0.0000	0.0000	0.0000	0.0000	0.0000											
4	84	0.1553	5	0	0	1	2	0	0	0	0	N	N	N	Y	N	N	N	N	N	N	N	N	0.0000	0.0000	0.0000	0.0000	0.0000	0.0000	0.0000	0.0000	0.0000	0.0000	0.0000	0.0000	0.0000	0.0515	0.1558	0.0000	0.9484	1.6144	0.0000	0.0000	0.0000	0.0000	0.0000	0.0000	-0.0008	3.0666	1.0000	3.0001	0.0015	0.0000	0.0000	0.0000	0.0000	0.0000	0.0000	0.0000	0.0000	0.0000	0.0011	0.0011	0.0000	0.0011	0.0011	0.0000	0.0000	0.0000	0.0000	0.0754	0.0667	0.0087	0.0191	0.0179	0.0011	0.0563	0.0487	0.0076	0.0206	0.0068	0.0138	0.0011	0.0007	0.0005	0.0195	0.0061	0.0133	0.0000	0.0000	0.0000	0.0000	0.0000	0.0000	0.0000	0.0000	0.0000	0.0515	0.1558	0.0000	0.9484	1.6144	0.0000	0.0000	0.0000	0.0000						
4	85	0.1406	4	0	0	1	2	0	0	0	0	N	N	N	Y	N	N	N	N	N	N	N	N	0.0000	0.0000	0.0000	0.0000	0.0000	0.0000	0.0000	0.0000	0.0000	0.0000	0.0000	0.0000	0.0000	0.0265	0.0000	0.0397	0.0000	0.0000	0.0000	0.0279	0.0000	0.0409	inf	0.0000	0.0003	3.0666	0.0000	3.0001	2.0013	0.0000	0.0000	0.0000	0.0000	0.0000	0.0000	0.0000	0.0000	0.0000	0.0011	0.0000	0.0011	0.0000	0.0000	0.0000	0.0011	0.0000	0.0011	0.0000	0.0000	0.0000	0.0000	0.0000	0.0000	0.0000	0.0000	0.0000	0.0400	0.0133	0.0267	0.0021	0.0012	0.0008	0.0379	0.0121	0.0259	0.0000	0.0000	0.0000	0.0000	0.0000	0.0000	0.0000	0.0000	0.0000	0.0265	0.0000	0.0397	0.0000	0.0000	0.0000	0.0279	0.0000	0.0409						
4	86	0.1805	4	1	1	1	1	0	0	0	0	N	N	N	N	N	N	N	N	N	N	N	N	0.8237	0.4243	0.0322	0.0350	inf	inf	1.4781	1.6635	0.0000	0.1986	0.2260	0.0000	3.0767	3.4159	0.0000	1.7944	3.9204	0.0000	6.1610	6.4493	0.0000	0.0000	0.0000	0.0000	0.0000	0.0000	-0.0000	-0.0444	3.0666	0.0007	3.0001	0.9812	0.0002	0.0002	0.0000	0.0000	0.0000	0.0000	0.0002	0.0002	0.0000	0.0593	0.0593	0.0000	0.0593	0.0593	0.0000	0.0000	0.0000	0.0000	0.0002	0.0002	0.0000	0.0001	0.0001	0.0000	0.0001	0.0001	0.0000	0.0330	0.0151	0.0179	0.0096	0.0092	0.0004	0.0234	0.0059	0.0175	0.8237	0.4243	0.0000	0.0322	0.0350	0.0000	inf	inf	0.0000	1.7944	3.9204	0.0000	6.1610	6.4493	0.0000	0.0000	0.0000	0.0000			
4	87	0.1247	3	1	1	1	1	0	0	0	0	N	N	N	N	N	N	N	N	N	N	N	N	6.0028	51.3001	0.0000	1.8504	1.2632	inf	7.5375	inf	0.0000	2.8714	3.2547	0.0000	0.6449	0.6851	0.0000	3.6692	4.2612	0.0000	0.4783	0.0634	0.6876	0.3485	0.5423	0.0000	0.4868	0.0000	0.7109	0.0000	21.4884	-0.2102	0.0128	3.0666	5.0272	3.0001	2.1572	1.0625	1.0625	0.0000	0.0629	0.0629	0.0000	0.9996	0.9996	0.0000	0.0618	0.0027	0.0591	0.0027	0.0027	0.0000	0.0591	0.0000	0.0591	0.3700	0.3265	0.0436	0.0976	0.0919	0.0057	0.2724	0.2346	0.0379	0.1293	0.0433	0.0859	0.0079	0.0051	0.0028	0.1214	0.0383	0.0831	6.0028	51.3001	0.0000	1.8504	1.2632	inf	7.5375	inf	0.0000	0.4783	0.0634	0.6876	0.3485	0.5423	0.0000	0.4868	0.0000	0.7109
4	88	0.1779	5	0	1	1	1	0	0	0	0	N	N	N	N	N	N	N	N	N	N	N	N	0.0000	0.0000	0.0000	0.0000	0.0000	0.0000	0.0000	0.0000	0.0000	0.0000	0.0000	0.0000	0.0000	0.0000	0.0000	0.0000	0.0000	0.0000	0.0000	0.0000	3.0666	0.0000	3.0001	4.0000	0.0000	0.0000	0.0000	0.0000	0.0000	0.0000	0.0000	0.0000	0.0000	0.0000	0.0000	0.0000	0.0000	0.0000	0.0000	0.0000	0.0000	0.0000	0.0000	0.0000	0.0000	0.0000	0.0000	0.0000	0.0000	0.0000	0.0000	0.0772	0.0262	0.0510	0.0055	0.0037	0.0018	0.0717	0.0225	0.0492	0.0000	0.0000	0.0000	0.0000	0.0000	0.0000	0.0000	0.0000	0.0000	0.0000	0.0000	0.0000	0.0000	0.0000	0.0000	0.0000	0.0000	0.0000											
4	89	0.1406	4	0	1	1	1	0	0	0	0	N	N	N	N	N	N	N	N	N	N	N	N	0.0000	0.0000	0.0000	0.0000	0.0000	0.0000	0.0000	0.0000	0.0000	0.0000	0.0000	0.0000	0.0000	0.0000	0.0000	0.0000	0.0000	0.0000	0.0000	0.0000	3.0666	3.0000	3.0001	2.0000	0.0000	0.0000	0.0000	0.0000	0.0000	0.0000	0.0000	0.0000	0.0000	0.0000	0.0000	0.0000	0.0000	0.0000	0.0000	0.0000	0.0000	0.0000	0.2164	0.1916	0.0247	0.0535	0.0504	0.0032	0.1628	0.1412	0.0216	0.0943	0.0315	0.0629	0.0050	0.0030	0.0020	0.0894	0.0285	0.0609	0.0000	0.0000	0.0000	0.0000	0.0000	0.0000	0.0000	0.0000	0.0000	0.0000	0.0000	0.0000	0.0000	0.0000	0.0000	0.0000	0.0000	0.0000											
4	90	0.1406	4	1	1	1	1	0	0	0	0	N	N	N	N	N	N	N	N	N	N	N	N	0.0000	0.0000	0.0000	0.0000	0.0000	0.0000	0.0000	0.0000	0.0000	0.0000	0.0000	0.0000	0.0000	0.0000	0.0000	0.0000	0.0000	0.0000	0.0000	0.0000	3.0666	2.0000	3.0001	3.0000	0.0000	0.0000	0.0000	0.0000	0.0000	0.0000	0.0000	0.0000	0.0000	0.0000	0.0000	0.0000	0.0000	0.0000	0.0000	0.0000	0.0000	0.0000	0.1474	0.1305	0.0170	0.0369	0.0347	0.0022	0.1105	0.0958	0.0148	0.0943	0.0315	0.0629	0.0050	0.0030	0.0020	0.0894	0.0285	0.0609	0.0000	0.0000	0.0000	0.0000	0.0000	0.0000	0.0000	0.0000	0.0000	0.0000	0.0000	0.0000	0.0000	0.0000	0.0000	0.0000	0.0000	0.0000											
4	91	0.1247	3	0	0	1	1	0	0	0	0	N	N	N	N	N	N	N	N	N	N	N	N	0.5692	0.1000	inf	0.0805	0.0478	inf	inf	inf	0.0386	0.0198	0.1682	0.0751	0.0615	0.2896	0.0231	0.0000	0.1485	0.0679	0.1975	0.0000	0.9328	1.2858	0.0000	0.0000	0.0000	0.0000	1.2398	0.0000	0.0024	-0.0022	3.0666	2.0705	3.0001	0.0351	0.0069	0.0031	0.0038	0.0040	0.0031	0.0009	0.0029	0.0000	0.0029	0.0029	0.0029	0.0000	0.0029	0.0029	0.0000	0.0000	0.0000	0.0000	0.1780	0.1554	0.0226	0.0531	0.0499	0.0032	0.1250	0.1055	0.0195	0.0430	0.0148	0.0282	0.0031	0.0023	0.0009	0.0399	0.0125	0.0274	0.5692	0.1000	inf	0.0805	0.0478	inf	inf	0.0000	inf	0.0679	0.1975	0.0000	0.9328	1.2858	0.0000	0.0000	0.0000	0.0000	
4	92	0.0993	2	0	0	1	1	0	0	0	0	N	N	N	N	N	N	N	N	N	N	N	N	0.2322	0.0838	1.9694	0.0343	0.0301	inf	0.8794	inf	2.2948	0.0324	0.0213	0.1187	0.0264	0.0275	0.0066	0.0362	0.0169	0.1435	0.1395	0.2537	0.0602	0.7695	0.9145	0.0000	0.0411	0.0000	0.0625	0.7213	0.3421	0.0026	-0.0056	3.0666	3.4249	3.0001	0.1413	0.0115	0.0067	0.0048	0.0036	0.0036	0.0000	0.0079	0.0031	0.0048	0.0114	0.0085	0.0029	0.0085	0.0085	0.0000	0.0029	0.0000	0.0029	0.3562	0.3155	0.0408	0.1372	0.1298	0.0074	0.2190	0.1856	0.0334	0.0814	0.0334	0.0481	0.0110	0.0093	0.0017	0.0704	0.0241	0.0463	0.2322	0.0838	1.9694	0.0343	0.0301	inf	0.8794	inf	2.2948	0.1395	0.2537	0.0602	0.7695	0.9145	0.0000	0.0411	0.0000	0.0625
4	98	0.2361	7	0	0	1	1	0	0	0	0	N	N	N	N	N	N	N	N	N	N	N	N	0.0228	0.0158	0.0000	0.2623	0.2416	0.0000	0.0229	0.0114	0.0000	0.0885	0.0988	0.0000	0.0345	0.0380	0.0000	0.1409	0.1594	0.0000	3.8832	6.2447	0.8056	0.1316	0.1571	0.0000	6.1632	13.9814	0.9382	0.0000	0.0990	-0.0101	-0.7016	3.0666	4.9999	3.0001	9.0821	0.0510	0.0510	0.0000	0.0098	0.0098	0.0000	0.0412	0.0412	0.0000	1.0649	0.9690	0.0959	0.0136	0.0136	0.0000	1.0512	0.9553	0.0959	0.5758	0.5162	0.0596	0.2835	0.2578	0.0257	0.2923	0.2584	0.0339	0.2742	0.1552	0.1191	0.1037	0.0868	0.0168	0.1706	0.0683	0.1022	0.0228	0.0158	0.0000	0.2623	0.2416	0.0000	0.0229	0.0114	0.0000	3.8832	6.2447	0.8056	0.1316	0.1571	0.0000	6.1632	13.9814	0.9382
5	7	0.2121	7	2	2	0	1	0	0	0	0	Y	Y	N	N	N	N	N	N	N	N	N	N	0.0000	0.0000	0.0000	0.0000	0.0000	0.0000	0.0000	0.0000	0.0000	0.0000	0.0000	0.0000	0.0000	0.0014	0.0047	0.0000	0.0159	0.0247	0.0000	0.0000	0.0000	0.0000	0.0000	0.0000	-0.0000	0.0000	0.0001	3.0000	0.9907	0.0000	0.0000	0.0000	0.0000	0.0000	0.0000	0.0000	0.0000	0.0000	0.0000	0.0000	0.0000	0.0000	0.0000	0.0000	0.0000	0.0000	0.0000	0.0000	0.0000	0.0000	0.0000	0.0000	0.0000	0.0000	0.0000	0.0000	0.0069	0.0021	0.0048	0.0006	0.0004	0.0002	0.0063	0.0017	0.0046	0.0000	0.0000	0.0000	0.0000	0.0000	0.0000	0.0000	0.0000	0.0000	0.0014	0.0047	0.0000	0.0159	0.0247	0.0000	0.0000	0.0000	0.0000						
5	9	0.2637	8	1	1	1	0	0	0	0	0	N	N	N	N	N	N	N	N	N	N	N	N	0.0000	0.0000	0.0000	0.0000	0.0000	0.0000	0.0000	0.0000	0.0000	0.0000	0.0000	0.0000	0.0000	0.0000	0.0000	0.0000	0.0020	0.0022	0.0018	0.0047	0.0050	0.0000	0.0013	0.0000	0.0019	1.0000	0.0000	-0.0000	0.0000	0.0035	3.0000	1.9666	0.0000	0.0000	0.0000	0.0000	0.0000	0.0000	0.0000	0.0000	0.0000	0.0000	0.0000	0.0000	0.0000	0.0000	0.0000	0.0000	0.0000	0.0000	0.0000	0.0000	0.0000	0.0000	0.0000	0.0000	0.0000	0.0000	0.0000	0.0100	0.0046	0.0054	0.0021	0.0020	0.0001	0.0079	0.0026	0.0053	0.0000	0.0000	0.0000	0.0000	0.0000	0.0000	0.0000	0.0000	0.0000	0.0020	0.0022	0.0018	0.0047	0.0050	0.0000	0.0013	0.0000	0.0019			
5	10	0.1324	5	1	1	1	0	0	0	0	0	N	N	N	N	N	N	N	N	N	N	N	N	0.0000	0.0000	0.0000	0.0000	0.0000	0.0000	0.0000	0.0000	0.0000	0.0000	0.0000	0.0000	0.0000	0.0023	0.0056	0.0000	0.0079	0.0094	0.0000	0.0000	0.0000	0.0000	0.0000	0.0000	-0.0001	0.0000	1.9652	3.0000	3.8608	0.0000	0.0000	0.0000	0.0000	0.0000	0.0000	0.0000	0.0000	0.0000	0.0001	0.0001	0.0000	0.0001	0.0001	0.0000	0.0000	0.0000	0.0000	0.0000	0.0000	0.0000	0.0000	0.0000	0.0000	0.0000	0.0000	0.0000	0.0470	0.0197	0.0273	0.0139	0.0117	0.0022	0.0331	0.0081	0.0251	0.0000	0.0000	0.0000	0.0000	0.0000	0.0000	0.0000	0.0000	0.0000	0.0023	0.0056	0.0000	0.0079	0.0094	0.0000	0.0000	0.0000	0.0000						
5	12	0.1898	6	1	1	1	1	0	0	0	0	N	N	N	N	N	N	N	N	N	N	N	N	0.0000	0.0000	0.0000	0.0000	0.0000	0.0000	0.0000	0.0000	0.0000	0.0000	0.0000	0.0000	0.0000	0.0000	0.0000	0.0000	0.0000	0.0000	0.0000	0.0000	0.0000	0.0000	3.0000	1.0000	0.0000	0.0000	0.0000	0.0000	0.0000	0.0000	0.0000	0.0000	0.0000	0.0000	0.0000	0.0000	0.0000	0.0000	0.0000	0.0000	0.0000	0.0000	0.0000	0.0000	0.0000	0.0000	0.0000	0.0000	0.0000	0.0000	0.0000	0.0068	0.0020	0.0048	0.0005	0.0003	0.0002	0.0063	0.0017	0.0046	0.0000	0.0000	0.0000	0.0000	0.0000	0.0000	0.0000	0.0000	0.0000	0.0000	0.0000	0.0000	0.0000	0.0000	0.0000	0.0000	0.0000	0.0000											
5	14	0.2045	7	1	1	0	1	0	0	0	0	N	N	N	N	N	N	N	N	N	N	N	N	0.0000	0.0000	0.0000	0.0000	0.0000	0.0000	0.0000	0.0000	0.0000	0.0000	0.0000	0.0000	0.0000	0.0000	0.0000	0.0000	0.0000	0.0000	0.0000	0.0000	0.0000	1.0000	3.0000	0.9994	0.0000	0.0000	0.0000	0.0000	0.0000	0.0000	0.0000	0.0000	0.0000	0.0000	0.0000	0.0000	0.0000	0.0000	0.0000	0.0000	0.0000	0.0000	0.0000	0.0000	0.0000	0.0000	0.0000	0.0000	0.0000	0.0000	0.0000	0.0135	0.0040	0.0095	0.0011	0.0006	0.0005	0.0125	0.0034	0.0091	0.0000	0.0000	0.0000	0.0000	0.0000	0.0000	0.0000	0.0000	0.0000	0.0000	0.0000	0.0000	0.0000	0.0000	0.0000	0.0000	0.0000	0.0000											
5	16	0.2045	7	1	2	0	1	0	0	0	0	N	Y	N	N	N	N	N	N	N	N	N	N	0.0000	0.0000	0.0000	0.0000	0.0000	0.0000	0.0000	0.0000	0.0000	0.0000	0.0000	0.0000	0.0000	0.0000	0.0000	0.0000	0.0000	0.0000	0.0000	0.0000	0.0000	2.0000	3.0000	2.0010	0.0000	0.0000	0.0000	0.0000	0.0000	0.0000	0.0000	0.0000	0.0000	0.0000	0.0000	0.0000	0.0000	0.0000	0.0000	0.0000	0.0000	0.0000	0.0000	0.0000	0.0000	0.0000	0.0000	0.0000	0.0000	0.0000	0.0000	0.0261	0.0078	0.0184	0.0021	0.0011	0.0009	0.0241	0.0066	0.0175	0.0000	0.0000	0.0000	0.0000	0.0000	0.0000	0.0000	0.0000	0.0000	0.0000	0.0000	0.0000	0.0000	0.0000	0.0000	0.0000	0.0000	0.0000											
5	17	0.0866	4	2	2	0	0	0	0	0	0	Y	Y	N	N	N	N	N	N	N	N	N	N	0.0000	0.0000	0.0000	0.0000	0.0000	0.0000	0.0000	0.0000	0.0000	0.0000	0.0000	0.0000	0.0000	0.0013	0.0030	0.0000	0.0064	0.0065	0.0000	0.0000	0.0000	0.0000	0.0000	0.0000	-0.0000	0.0000	0.0017	3.0000	0.9948	0.0000	0.0000	0.0000	0.0000	0.0000	0.0000	0.0000	0.0000	0.0000	0.0000	0.0000	0.0000	0.0000	0.0000	0.0000	0.0000	0.0000	0.0000	0.0000	0.0000	0.0000	0.0000	0.0000	0.0000	0.0000	0.0000	0.0000	0.0079	0.0034	0.0046	0.0016	0.0015	0.0000	0.0064	0.0018	0.0045	0.0000	0.0000	0.0000	0.0000	0.0000	0.0000	0.0000	0.0000	0.0000	0.0013	0.0030	0.0000	0.0064	0.0065	0.0000	0.0000	0.0000	0.0000						
5	18	0.2272	7	1	2	0	0	0	0	0	0	N	Y	N	N	N	N	N	N	N	N	N	N	0.0000	0.0000	0.0000	0.0000	0.0000	0.0000	0.0000	0.0000	0.0000	0.0000	0.0000	0.0000	0.0000	0.0000	0.0000	0.0000	0.0000	0.0000	0.0000	0.0000	0.0000	0.0000	3.0000	0.0000	0.0000	0.0000	0.0000	0.0000	0.0000	0.0000	0.0000	0.0000	0.0000	0.0000	0.0000	0.0000	0.0000	0.0000	0.0000	0.0000	0.0000	0.0000	0.0000	0.0000	0.0000	0.0000	0.0000	0.0000	0.0000	0.0000	0.0000	0.0000	0.0000	0.0000	0.0000	0.0000	0.0000	0.0000	0.0000	0.0000	0.0000	0.0000	0.0000	0.0000	0.0000	0.0000	0.0000	0.0000	0.0000	0.0000	0.0000	0.0000	0.0000	0.0000	0.0000	0.0000	0.0000	0.0000											
5	19	0.0884	3	1	1	0	1	0	0	0	0	N	N	N	N	N	N	N	N	N	N	N	N	0.0000	0.0000	0.0000	0.0000	0.0000	0.0000	0.0000	0.0000	0.0000	0.0000	0.0000	0.0000	0.0000	0.0000	0.0000	0.0000	0.0000	0.0000	0.0000	0.0000	0.0000	3.0666	3.0000	4.9999	0.0000	0.0000	0.0000	0.0000	0.0000	0.0000	0.0000	0.0000	0.0000	0.0000	0.0000	0.0000	0.0000	0.0000	0.0000	0.0000	0.0000	0.0000	0.0000	0.0000	0.0000	0.0000	0.0000	0.0000	0.0000	0.0000	0.0000	0.0545	0.0182	0.0363	0.0082	0.0054	0.0028	0.0463	0.0128	0.0335	0.0000	0.0000	0.0000	0.0000	0.0000	0.0000	0.0000	0.0000	0.0000	0.0000	0.0000	0.0000	0.0000	0.0000	0.0000	0.0000	0.0000	0.0000											
5	20	0.0396	2	2	1	1	0	0	0	0	0	Y	N	N	N	N	N	N	N	N	N	N	N	0.0000	0.0000	0.0000	0.0000	0.0000	0.0000	0.0000	0.0000	0.0000	0.0000	0.0000	0.0000	0.0000	0.0005	0.0015	0.0000	0.0035	0.0035	0.0000	0.0000	0.0000	0.0000	0.0000	0.0000	-0.0000	0.0000	0.9718	3.0000	0.9404	0.0000	0.0000	0.0000	0.0000	0.0000	0.0000	0.0000	0.0000	0.0000	0.0000	0.0000	0.0000	0.0000	0.0000	0.0000	0.0000	0.0000	0.0000	0.0000	0.0000	0.0000	0.0000	0.0000	0.0000	0.0000	0.0000	0.0000	0.0213	0.0066	0.0147	0.0028	0.0028	0.0000	0.0184	0.0037	0.0147	0.0000	0.0000	0.0000	0.0000	0.0000	0.0000	0.0000	0.0000	0.0000	0.0005	0.0015	0.0000	0.0035	0.0035	0.0000	0.0000	0.0000	0.0000						
5	21	0.2560	7	1	2	0	0	0	0	0	0	N	Y	N	N	N	N	N	N	N	N	N	N	0.0000	0.0000	0.0000	0.0000	0.0000	0.0000	0.0000	0.0000	0.0000	0.0000	0.0000	0.0000	0.0000	0.0000	0.0000	0.0000	0.1020	0.0041	0.1865	0.0086	0.0091	0.0000	0.1283	0.0000	0.1905	53.0000	0.0000	0.0001	0.0000	0.9958	3.0000	0.0079	0.0000	0.0000	0.0000	0.0000	0.0000	0.0000	0.0000	0.0000	0.0000	0.0005	0.0000	0.0005	0.0000	0.0000	0.0000	0.0005	0.0000	0.0005	0.0000	0.0000	0.0000	0.0000	0.0000	0.0000	0.0000	0.0000	0.0000	0.0053	0.0025	0.0028	0.0012	0.0011	0.0001	0.0041	0.0013	0.0028	0.0000	0.0000	0.0000	0.0000	0.0000	0.0000	0.0000	0.0000	0.0000	0.1020	0.0041	0.1865	0.0086	0.0091	0.0000	0.1283	0.0000	0.1905			
5	22	0.2125	7	1	2	0	0	0	0	0	0	N	Y	N	N	N	N	N	N	N	N	N	N	0.0000	0.0000	0.0000	0.0000	0.0000	0.0000	0.0000	0.0000	0.0000	0.0000	0.0000	0.0000	0.0000	0.0418	0.0948	0.0000	0.1929	0.2003	0.0000	0.0000	0.0000	0.0000	0.0000	0.0000	-0.0020	0.0000	4.0220	3.0000	5.3698	0.0000	0.0000	0.0000	0.0000	0.0000	0.0000	0.0000	0.0000	0.0000	0.0027	0.0027	0.0000	0.0027	0.0027	0.0000	0.0000	0.0000	0.0000	0.0000	0.0000	0.0000	0.0000	0.0000	0.0000	0.0000	0.0000	0.0000	0.0637	0.0280	0.0356	0.0138	0.0133	0.0005	0.0499	0.0148	0.0351	0.0000	0.0000	0.0000	0.0000	0.0000	0.0000	0.0000	0.0000	0.0000	0.0418	0.0948	0.0000	0.1929	0.2003	0.0000	0.0000	0.0000	0.0000						
5	24	0.2791	9	1	2	0	0	0	0	0	0	N	Y	N	N	N	N	N	N	N	N	N	N	0.0000	0.0000	0.0000	0.0000	0.0000	0.0000	0.0000	0.0000	0.0000	0.0000	0.0000	0.0000	0.0000	0.0000	0.0000	0.0000	0.0000	0.0000	0.0000	0.0000	0.0000	0.0018	3.0000	0.9893	0.0000	0.0000	0.0000	0.0000	0.0000	0.0000	0.0000	0.0000	0.0000	0.0000	0.0000	0.0000	0.0000	0.0000	0.0000	0.0000	0.0000	0.0000	0.0000	0.0000	0.0000	0.0000	0.0000	0.0000	0.0000	0.0000	0.0000	0.0050	0.0024	0.0026	0.0011	0.0010	0.0001	0.0039	0.0014	0.0025	0.0000	0.0000	0.0000	0.0000	0.0000	0.0000	0.0000	0.0000	0.0000	0.0000	0.0000	0.0000	0.0000	0.0000	0.0000	0.0000	0.0000	0.0000											
5	25	0.0884	3	2	2	0	0	0	0	0	0	Y	Y	N	N	N	N	N	N	N	N	N	N	0.0000	0.0000	0.0000	0.0000	0.0000	0.0000	0.0000	0.0000	0.0000	0.0000	0.0000	0.0000	0.0000	23.5895	70.7336	0.0000	0.0000	0.0000	0.0000	27.8511	101.6497	0.0000	0.0000	0.0000	-0.7489	0.0000	2.0666	3.0000	3.9999	0.0000	0.0000	0.0000	0.0000	0.0000	0.0000	0.0000	0.0000	0.0000	1.0000	1.0000	0.0000	0.0000	0.0000	0.0000	1.0000	1.0000	0.0000	0.0000	0.0000	0.0000	0.0000	0.0000	0.0000	0.0000	0.0000	0.0000	0.0424	0.0141	0.0283	0.0065	0.0043	0.0022	0.0359	0.0098	0.0261	0.0000	0.0000	0.0000	0.0000	0.0000	0.0000	0.0000	0.0000	0.0000	23.5895	70.7336	0.0000	0.0000	0.0000	0.0000	27.8511	101.6497	0.0000						
5	28	0.0884	3	1	2	1	1	0	0	0	0	N	Y	N	N	N	N	N	N	N	N	N	N	0.0000	0.0000	0.0000	0.0000	0.0000	0.0000	0.0000	0.0000	0.0000	0.0000	0.0000	0.0000	0.0000	12.3794	36.9711	0.0000	0.0000	0.0000	0.0000	14.5082	51.7516	0.0000	0.0000	0.0000	-0.7489	0.0000	3.9334	3.0000	8.9999	0.0000	0.0000	0.0000	0.0000	0.0000	0.0000	0.0000	0.0000	0.0000	1.0000	1.0000	0.0000	0.0000	0.0000	0.0000	1.0000	1.0000	0.0000	0.0000	0.0000	0.0000	0.0000	0.0000	0.0000	0.0000	0.0000	0.0000	0.0808	0.0270	0.0537	0.0119	0.0077	0.0041	0.0689	0.0193	0.0496	0.0000	0.0000	0.0000	0.0000	0.0000	0.0000	0.0000	0.0000	0.0000	12.3794	36.9711	0.0000	0.0000	0.0000	0.0000	14.5082	51.7516	0.0000						
5	29	0.0490	3	1	2	0	0	0	0	0	0	N	Y	N	N	N	N	N	N	N	N	N	N	0.0000	0.0000	0.0000	0.0000	0.0000	0.0000	0.0000	0.0000	0.0000	0.0000	0.0000	0.0000	0.0000	0.0008	0.0027	0.0000	0.0118	0.0118	0.0000	0.0000	0.0000	0.0000	0.0000	0.0000	-0.0000	0.0000	7.9836	3.0000	2.1583	0.0000	0.0000	0.0000	0.0000	0.0000	0.0000	0.0000	0.0000	0.0000	0.0001	0.0001	0.0000	0.0001	0.0001	0.0000	0.0000	0.0000	0.0000	0.0000	0.0000	0.0000	0.0000	0.0000	0.0000	0.0000	0.0000	0.0000	0.0738	0.0220	0.0518	0.0051	0.0051	0.0000	0.0688	0.0170	0.0518	0.0000	0.0000	0.0000	0.0000	0.0000	0.0000	0.0000	0.0000	0.0000	0.0008	0.0027	0.0000	0.0118	0.0118	0.0000	0.0000	0.0000	0.0000						
5	30	0.0884	3	2	2	0	0	0	0	0	0	Y	Y	N	N	N	N	N	N	N	N	N	N	0.0000	0.0000	0.0000	0.0000	0.0000	0.0000	0.0000	0.0000	0.0000	0.0000	0.0000	0.0000	0.0000	0.0000	0.0000	0.0000	0.0000	0.0000	0.0000	0.0000	0.0000	9.9334	3.0000	11.0001	0.0000	0.0000	0.0000	0.0000	0.0000	0.0000	0.0000	0.0000	0.0000	0.0000	0.0000	0.0000	0.0000	0.0000	0.0000	0.0000	0.0000	0.0000	0.0000	0.0000	0.0000	0.0000	0.0000	0.0000	0.0000	0.0000	0.0000	0.1154	0.0389	0.0766	0.0161	0.0103	0.0058	0.0993	0.0286	0.0707	0.0000	0.0000	0.0000	0.0000	0.0000	0.0000	0.0000	0.0000	0.0000	0.0000	0.0000	0.0000	0.0000	0.0000	0.0000	0.0000	0.0000	0.0000											
5	31	0.0884	3	1	1	1	0	0	0	0	0	N	N	N	N	N	N	N	N	N	N	N	N	0.0000	0.0000	0.0000	0.0000	0.0000	0.0000	0.0000	0.0000	0.0000	0.0000	0.0000	0.0000	0.0000	18.6072	55.7401	0.0000	0.0000	0.0000	0.0000	21.9236	79.5116	0.0000	0.0000	0.0000	-0.7489	0.0000	2.9334	3.0000	4.9999	0.0000	0.0000	0.0000	0.0000	0.0000	0.0000	0.0000	0.0000	0.0000	1.0000	1.0000	0.0000	0.0000	0.0000	0.0000	1.0000	1.0000	0.0000	0.0000	0.0000	0.0000	0.0000	0.0000	0.0000	0.0000	0.0000	0.0000	0.0537	0.0179	0.0358	0.0081	0.0054	0.0028	0.0456	0.0126	0.0330	0.0000	0.0000	0.0000	0.0000	0.0000	0.0000	0.0000	0.0000	0.0000	18.6072	55.7401	0.0000	0.0000	0.0000	0.0000	21.9236	79.5116	0.0000						
5	32	0.0884	3	1	2	0	0	0	0	0	0	N	Y	N	N	N	N	N	N	N	N	N	N	0.0000	0.0000	0.0000	0.0000	0.0000	0.0000	0.0000	0.0000	0.0000	0.0000	0.0000	0.0000	0.0000	0.0000	0.0000	0.0000	0.0000	0.0000	0.0000	0.0000	0.0000	3.0666	3.0000	3.9999	0.0000	0.0000	0.0000	0.0000	0.0000	0.0000	0.0000	0.0000	0.0000	0.0000	0.0000	0.0000	0.0000	0.0000	0.0000	0.0000	0.0000	0.0000	0.0000	0.0000	0.0000	0.0000	0.0000	0.0000	0.0000	0.0000	0.0000	0.0486	0.0162	0.0324	0.0074	0.0049	0.0025	0.0412	0.0113	0.0299	0.0000	0.0000	0.0000	0.0000	0.0000	0.0000	0.0000	0.0000	0.0000	0.0000	0.0000	0.0000	0.0000	0.0000	0.0000	0.0000	0.0000	0.0000											
5	33	0.0359	2	2	1	1	0	0	0	0	0	Y	N	N	N	N	N	N	N	N	N	N	N	0.0000	0.0000	0.0000	0.0000	0.0000	0.0000	0.0000	0.0000	0.0000	0.0000	0.0000	0.0000	0.0000	0.0003	0.0011	0.0000	0.0034	0.0042	0.0000	0.0000	0.0000	0.0000	0.0000	0.0000	-0.0000	0.0000	0.9991	3.0000	2.0219	0.0000	0.0000	0.0000	0.0000	0.0000	0.0000	0.0000	0.0000	0.0000	0.0000	0.0000	0.0000	0.0000	0.0000	0.0000	0.0000	0.0000	0.0000	0.0000	0.0000	0.0000	0.0000	0.0000	0.0000	0.0000	0.0000	0.0000	0.0296	0.0087	0.0208	0.0030	0.0024	0.0006	0.0266	0.0063	0.0202	0.0000	0.0000	0.0000	0.0000	0.0000	0.0000	0.0000	0.0000	0.0000	0.0003	0.0011	0.0000	0.0034	0.0042	0.0000	0.0000	0.0000	0.0000						
5	34	0.0884	3	1	2	0	0	0	0	0	0	N	Y	N	N	N	N	N	N	N	N	N	N	0.0000	0.0000	0.0000	0.0000	0.0000	0.0000	0.0000	0.0000	0.0000	0.0000	0.0000	0.0000	0.0000	0.0000	0.0000	0.0000	0.0000	0.0000	0.0000	0.0000	0.0000	4.9334	3.0000	5.0001	0.0000	0.0000	0.0000	0.0000	0.0000	0.0000	0.0000	0.0000	0.0000	0.0000	0.0000	0.0000	0.0000	0.0000	0.0000	0.0000	0.0000	0.0000	0.0000	0.0000	0.0000	0.0000	0.0000	0.0000	0.0000	0.0000	0.0000	0.0651	0.0218	0.0434	0.0097	0.0064	0.0033	0.0554	0.0154	0.0400	0.0000	0.0000	0.0000	0.0000	0.0000	0.0000	0.0000	0.0000	0.0000	0.0000	0.0000	0.0000	0.0000	0.0000	0.0000	0.0000	0.0000	0.0000											
5	35	0.0359	2	2	1	1	0	0	0	0	0	Y	N	N	N	N	N	N	N	N	N	N	N	0.0000	0.0000	0.0000	0.0000	0.0000	0.0000	0.0000	0.0000	0.0000	0.0000	0.0000	0.0000	0.0000	0.0009	0.0030	0.0000	0.0074	0.0087	0.0000	0.0000	0.0000	0.0000	0.0000	0.0000	-0.0000	0.0000	0.0009	3.0000	1.9867	0.0000	0.0000	0.0000	0.0000	0.0000	0.0000	0.0000	0.0000	0.0000	0.0000	0.0000	0.0000	0.0000	0.0000	0.0000	0.0000	0.0000	0.0000	0.0000	0.0000	0.0000	0.0000	0.0000	0.0000	0.0000	0.0000	0.0000	0.0212	0.0067	0.0145	0.0027	0.0023	0.0004	0.0185	0.0044	0.0141	0.0000	0.0000	0.0000	0.0000	0.0000	0.0000	0.0000	0.0000	0.0000	0.0009	0.0030	0.0000	0.0074	0.0087	0.0000	0.0000	0.0000	0.0000						
5	38	0.0884	3	1	1	1	0	0	0	0	0	N	N	N	N	N	N	N	N	N	N	N	N	0.0000	0.0000	0.0000	0.0000	0.0000	0.0000	0.0000	0.0000	0.0000	0.0000	0.0000	0.0000	0.0000	0.0000	0.0000	0.0000	0.0000	0.0000	0.0000	0.0000	0.0000	3.0666	3.0000	2.9999	0.0000	0.0000	0.0000	0.0000	0.0000	0.0000	0.0000	0.0000	0.0000	0.0000	0.0000	0.0000	0.0000	0.0000	0.0000	0.0000	0.0000	0.0000	0.0000	0.0000	0.0000	0.0000	0.0000	0.0000	0.0000	0.0000	0.0000	0.0424	0.0141	0.0283	0.0065	0.0043	0.0022	0.0359	0.0098	0.0261	0.0000	0.0000	0.0000	0.0000	0.0000	0.0000	0.0000	0.0000	0.0000	0.0000	0.0000	0.0000	0.0000	0.0000	0.0000	0.0000	0.0000	0.0000											
5	39	0.0884	3	1	2	0	0	0	0	0	0	N	Y	N	N	N	N	N	N	N	N	N	N	0.0000	0.0000	0.0000	0.0000	0.0000	0.0000	0.0000	0.0000	0.0000	0.0000	0.0000	0.0000	0.0000	0.0000	0.0000	0.0000	0.0000	0.0000	0.0000	0.0000	0.0000	3.9334	3.0000	2.0001	0.0000	0.0000	0.0000	0.0000	0.0000	0.0000	0.0000	0.0000	0.0000	0.0000	0.0000	0.0000	0.0000	0.0000	0.0000	0.0000	0.0000	0.0000	0.0000	0.0000	0.0000	0.0000	0.0000	0.0000	0.0000	0.0000	0.0000	0.0416	0.0139	0.0277	0.0064	0.0042	0.0021	0.0352	0.0096	0.0256	0.0000	0.0000	0.0000	0.0000	0.0000	0.0000	0.0000	0.0000	0.0000	0.0000	0.0000	0.0000	0.0000	0.0000	0.0000	0.0000	0.0000	0.0000											
5	40	0.0519	4	2	2	1	0	0	0	0	0	Y	Y	N	N	N	N	N	N	N	N	N	N	0.0000	0.0000	0.0000	0.0000	0.0000	0.0000	0.0000	0.0000	0.0000	0.0000	0.0000	0.0000	0.0000	0.0000	0.0000	0.0000	0.0000	0.0000	0.0000	0.0000	0.0000	0.0000	3.0000	0.0000	0.0000	0.0000	0.0000	0.0000	0.0000	0.0000	0.0000	0.0000	0.0000	0.0000	0.0000	0.0000	0.0000	0.0000	0.0000	0.0000	0.0000	0.0000	0.0000	0.0000	0.0000	0.0000	0.0000	0.0000	0.0000	0.0000	0.0000	0.0000	0.0000	0.0000	0.0000	0.0000	0.0000	0.0000	0.0000	0.0000	0.0000	0.0000	0.0000	0.0000	0.0000	0.0000	0.0000	0.0000	0.0000	0.0000	0.0000	0.0000	0.0000	0.0000	0.0000	0.0000	0.0000	0.0000											
5	41	0.0519	3	2	2	1	0	0	0	0	0	Y	Y	N	N	N	N	N	N	N	N	N	N	0.0000	0.0000	0.0000	0.0000	0.0000	0.0000	0.0000	0.0000	0.0000	0.0000	0.0000	0.0000	0.0000	0.0000	0.0000	0.0000	0.0000	0.0000	0.0000	0.0000	0.0000	1.0000	3.0000	1.9999	0.0000	0.0000	0.0000	0.0000	0.0000	0.0000	0.0000	0.0000	0.0000	0.0000	0.0000	0.0000	0.0000	0.0000	0.0000	0.0000	0.0000	0.0000	0.0000	0.0000	0.0000	0.0000	0.0000	0.0000	0.0000	0.0000	0.0000	0.0243	0.0057	0.0185	0.0000	0.0000	0.0000	0.0242	0.0057	0.0185	0.0000	0.0000	0.0000	0.0000	0.0000	0.0000	0.0000	0.0000	0.0000	0.0000	0.0000	0.0000	0.0000	0.0000	0.0000	0.0000	0.0000	0.0000											
5	42	0.2297	6	2	2	0	0	0	0	0	0	Y	Y	N	N	N	N	N	N	N	N	N	N	0.0000	0.0000	0.0000	0.0000	0.0000	0.0000	0.0000	0.0000	0.0000	0.0000	0.0000	0.0000	0.0000	0.0005	0.0011	0.0000	0.0018	0.0020	0.0000	0.0000	0.0000	0.0000	0.0000	0.0000	-0.0000	0.0000	0.0007	3.0000	2.0242	0.0000	0.0000	0.0000	0.0000	0.0000	0.0000	0.0000	0.0000	0.0000	0.0000	0.0000	0.0000	0.0000	0.0000	0.0000	0.0000	0.0000	0.0000	0.0000	0.0000	0.0000	0.0000	0.0000	0.0000	0.0000	0.0000	0.0000	0.0219	0.0093	0.0126	0.0055	0.0050	0.0005	0.0164	0.0043	0.0121	0.0000	0.0000	0.0000	0.0000	0.0000	0.0000	0.0000	0.0000	0.0000	0.0005	0.0011	0.0000	0.0018	0.0020	0.0000	0.0000	0.0000	0.0000						
5	43	0.1329	4	1	2	0	1	0	0	0	0	N	Y	N	N	N	N	N	N	N	N	N	N	0.0000	0.0000	0.0000	0.0000	0.0000	0.0000	0.0000	0.0000	0.0000	0.0000	0.0000	0.0000	0.0000	0.0000	0.0000	0.0000	0.0000	0.0000	0.0000	0.0000	0.0000	0.0000	3.0000	0.0000	0.0000	0.0000	0.0000	0.0000	0.0000	0.0000	0.0000	0.0000	0.0000	0.0000	0.0000	0.0000	0.0000	0.0000	0.0000	0.0000	0.0000	0.0000	0.0000	0.0000	0.0000	0.0000	0.0000	0.0000	0.0000	0.0000	0.0000	0.0000	0.0000	0.0000	0.0000	0.0000	0.0000	0.0000	0.0000	0.0000	0.0000	0.0000	0.0000	0.0000	0.0000	0.0000	0.0000	0.0000	0.0000	0.0000	0.0000	0.0000	0.0000	0.0000	0.0000	0.0000	0.0000	0.0000											
5	44	0.1329	4	1	1	0	1	0	0	0	0	N	N	N	N	N	N	N	N	N	N	N	N	0.0000	0.0000	0.0000	0.0000	0.0000	0.0000	0.0000	0.0000	0.0000	0.0000	0.0000	0.0000	0.0000	0.0000	0.0000	0.0000	0.0000	0.0000	0.0000	0.0000	0.0000	0.0000	3.0000	0.0000	0.0000	0.0000	0.0000	0.0000	0.0000	0.0000	0.0000	0.0000	0.0000	0.0000	0.0000	0.0000	0.0000	0.0000	0.0000	0.0000	0.0000	0.0000	0.0000	0.0000	0.0000	0.0000	0.0000	0.0000	0.0000	0.0000	0.0000	0.0000	0.0000	0.0000	0.0000	0.0000	0.0000	0.0000	0.0000	0.0000	0.0000	0.0000	0.0000	0.0000	0.0000	0.0000	0.0000	0.0000	0.0000	0.0000	0.0000	0.0000	0.0000	0.0000	0.0000	0.0000	0.0000	0.0000											
5	45	0.0884	3	1	1	0	1	0	0	0	0	N	N	N	N	N	N	N	N	N	N	N	N	0.0000	0.0000	0.0000	0.0000	0.0000	0.0000	0.0000	0.0000	0.0000	0.0000	0.0000	0.0000	0.0000	0.0000	0.0000	0.0000	0.0000	0.0000	0.0000	0.0000	0.0000	3.0666	3.0000	3.9999	0.0000	0.0000	0.0000	0.0000	0.0000	0.0000	0.0000	0.0000	0.0000	0.0000	0.0000	0.0000	0.0000	0.0000	0.0000	0.0000	0.0000	0.0000	0.0000	0.0000	0.0000	0.0000	0.0000	0.0000	0.0000	0.0000	0.0000	0.0486	0.0162	0.0324	0.0074	0.0049	0.0025	0.0412	0.0113	0.0299	0.0000	0.0000	0.0000	0.0000	0.0000	0.0000	0.0000	0.0000	0.0000	0.0000	0.0000	0.0000	0.0000	0.0000	0.0000	0.0000	0.0000	0.0000											
5	47	0.0866	4	2	2	0	0	0	0	0	0	Y	Y	N	N	N	N	N	N	N	N	N	N	0.0000	0.0000	0.0000	0.0000	0.0000	0.0000	0.0000	0.0000	0.0000	0.0000	0.0000	0.0000	0.0000	0.0005	0.0013	0.0000	0.0035	0.0036	0.0000	0.0000	0.0000	0.0000	0.0000	0.0000	-0.0000	0.0000	0.9991	3.0000	2.0273	0.0000	0.0000	0.0000	0.0000	0.0000	0.0000	0.0000	0.0000	0.0000	0.0000	0.0000	0.0000	0.0000	0.0000	0.0000	0.0000	0.0000	0.0000	0.0000	0.0000	0.0000	0.0000	0.0000	0.0000	0.0000	0.0000	0.0000	0.0200	0.0079	0.0120	0.0028	0.0028	0.0001	0.0171	0.0052	0.0120	0.0000	0.0000	0.0000	0.0000	0.0000	0.0000	0.0000	0.0000	0.0000	0.0005	0.0013	0.0000	0.0035	0.0036	0.0000	0.0000	0.0000	0.0000						
5	48	0.0490	3	2	2	0	0	0	0	0	0	Y	Y	N	N	N	N	N	N	N	N	N	N	0.0000	0.0000	0.0000	0.0000	0.0000	0.0000	0.0000	0.0000	0.0000	0.0000	0.0000	0.0000	0.0000	0.0000	0.0000	0.0073	0.0233	0.0000	0.0685	0.0686	0.0000	0.0002	0.0262	0.0000	0.0000	0.0000	-0.0003	0.0000	3.1828	3.0000	3.1571	0.0000	0.0000	0.0000	0.0000	0.0000	0.0000	0.0000	0.0000	0.0000	0.0004	0.0004	0.0000	0.0004	0.0004	0.0000	0.0000	0.0000	0.0000	0.0000	0.0000	0.0000	0.0000	0.0000	0.0000	0.0000	0.0000	0.0000	0.0535	0.0167	0.0367	0.0055	0.0055	0.0000	0.0479	0.0112	0.0367	0.0000	0.0000	0.0000	0.0000	0.0000	0.0000	0.0000	0.0000	0.0000	0.0073	0.0233	0.0000	0.0685	0.0686	0.0000	0.0002	0.0009	0.0000				
5	49	0.0448	2	1	2	0	0	0	0	0	0	N	Y	N	N	N	N	N	N	N	N	N	N	0.0000	0.0000	0.0000	0.0000	0.0000	0.0000	0.0000	0.0000	0.0000	0.0000	0.0000	0.0000	0.0000	0.0000	0.0000	0.0000	0.0000	0.0169	0.0129	0.0193	0.0126	0.0126	0.0000	0.0182	0.4588	0.0193	2.5387	0.0000	-0.0000	0.0000	0.8922	3.0000	1.0748	0.0000	0.0000	0.0000	0.0000	0.0000	0.0000	0.0000	0.0000	0.0000	0.0005	0.0001	0.0003	0.0001	0.0001	0.0000	0.0004	0.0000	0.0003	0.0000	0.0000	0.0000	0.0000	0.0000	0.0000	0.0000	0.0000	0.0000	0.0272	0.0101	0.0171	0.0063	0.0063	0.0000	0.0209	0.0038	0.0171	0.0000	0.0000	0.0000	0.0000	0.0000	0.0000	0.0000	0.0000	0.0000	0.0169	0.0129	0.0193	0.0126	0.0126	0.0000	0.0182	0.0133	0.0193		
5	52	0.1451	4	1	1	0	0	0	0	0	0	N	N	N	N	N	N	N	N	N	N	N	N	0.0000	0.0000	0.0000	0.0000	0.0000	0.0000	0.0000	0.0000	0.0000	0.0000	0.0000	0.0000	0.0000	0.0069	0.0177	0.0000	0.0482	0.0509	0.0000	0.0000	0.0000	0.0000	0.0000	0.0000	-0.0002	0.0000	3.0179	3.0000	1.1627	0.0000	0.0000	0.0000	0.0000	0.0000	0.0000	0.0000	0.0000	0.0000	0.0003	0.0003	0.0000	0.0003	0.0003	0.0000	0.0000	0.0000	0.0000	0.0000	0.0000	0.0000	0.0000	0.0000	0.0000	0.0000	0.0000	0.0000	0.0406	0.0158	0.0248	0.0058	0.0055	0.0003	0.0348	0.0103	0.0245	0.0000	0.0000	0.0000	0.0000	0.0000	0.0000	0.0000	0.0000	0.0000	0.0069	0.0177	0.0000	0.0482	0.0509	0.0000	0.0000	0.0000	0.0000						
5	54	0.1451	4	1	2	0	0	0	0	0	0	N	Y	N	N	N	N	N	N	N	N	N	N	0.0000	0.0000	0.0000	0.0000	0.0000	0.0000	0.0000	0.0000	0.0000	0.0000	0.0000	0.0000	0.0000	0.0040	0.0122	0.0000	0.0465	0.0517	0.0000	0.0000	0.0000	0.0000	0.0000	0.0000	-0.0002	0.0000	2.0683	3.0000	6.9961	0.0000	0.0000	0.0000	0.0000	0.0000	0.0000	0.0000	0.0000	0.0000	0.0003	0.0003	0.0000	0.0003	0.0003	0.0000	0.0000	0.0000	0.0000	0.0000	0.0000	0.0000	0.0000	0.0000	0.0000	0.0000	0.0000	0.0000	0.0699	0.0229	0.0470	0.0060	0.0054	0.0006	0.0639	0.0175	0.0464	0.0000	0.0000	0.0000	0.0000	0.0000	0.0000	0.0000	0.0000	0.0000	0.0040	0.0122	0.0000	0.0465	0.0517	0.0000	0.0000	0.0000	0.0000						
5	55	0.0884	3	1	1	0	0	0	0	0	0	N	N	N	N	N	N	N	N	N	N	N	N	0.0000	0.0000	0.0000	0.0000	0.0000	0.0000	0.0000	0.0000	0.0000	0.0000	0.0000	0.0000	0.0000	0.0000	0.0000	0.0047	0.0115	0.0013	0.0000	0.0000	0.0000	0.0055	0.5060	0.0014	0.2174	0.0000	-0.0002	0.0000	3.9265	3.0000	5.0808	0.0000	0.0000	0.0000	0.0000	0.0000	0.0000	0.0000	0.0000	0.0000	0.0003	0.0002	0.0001	0.0000	0.0000	0.0000	0.0003	0.0002	0.0001	0.0000	0.0000	0.0000	0.0000	0.0000	0.0000	0.0000	0.0000	0.0000	0.0599	0.0200	0.0399	0.0090	0.0059	0.0031	0.0509	0.0141	0.0368	0.0000	0.0000	0.0000	0.0000	0.0000	0.0000	0.0000	0.0000	0.0000	0.0047	0.0115	0.0013	0.0000	0.0000	0.0000	0.0055	0.0163	0.0014				
5	57	0.2235	8	1	2	0	0	0	0	0	0	N	Y	N	N	N	N	N	N	N	N	N	N	0.0000	0.0000	0.0000	0.0000	0.0000	0.0000	0.0000	0.0000	0.0000	0.0000	0.0000	0.0000	0.0000	0.0000	0.0000	10.6742	24.1389	0.0000	0.1559	0.1650	0.0000	13.1990	41.0501	0.0000	0.0000	0.0000	-0.7470	0.0000	9.7645	3.0000	7.4558	0.0000	0.0000	0.0000	0.0000	0.0000	0.0000	0.0000	0.0000	0.0000	0.9974	0.9974	0.0000	0.0028	0.0028	0.0000	0.9946	0.9946	0.0000	0.0000	0.0000	0.0000	0.0000	0.0000	0.0000	0.0000	0.0000	0.0000	0.0934	0.0413	0.0521	0.0181	0.0171	0.0010	0.0754	0.0242	0.0511	0.0000	0.0000	0.0000	0.0000	0.0000	0.0000	0.0000	0.0000	0.0000	10.6742	24.1389	0.0000	0.1559	0.1650	0.0000	13.1990	41.0501	0.0000				
5	58	0.2791	9	1	1	1	0	0	0	0	0	N	N	N	N	N	N	N	N	N	N	N	N	0.0000	0.0000	0.0000	0.0000	0.0000	0.0000	0.0000	0.0000	0.0000	0.0000	0.0000	0.0000	0.0000	0.0039	0.0082	0.0000	0.0178	0.0188	0.0000	0.0000	0.0000	0.0000	0.0000	0.0000	-0.0000	0.0000	1.0009	3.0000	0.0163	0.0000	0.0000	0.0000	0.0000	0.0000	0.0000	0.0000	0.0000	0.0000	0.0000	0.0000	0.0000	0.0000	0.0000	0.0000	0.0000	0.0000	0.0000	0.0000	0.0000	0.0000	0.0000	0.0000	0.0000	0.0000	0.0000	0.0000	0.0051	0.0024	0.0026	0.0011	0.0011	0.0001	0.0040	0.0014	0.0026	0.0000	0.0000	0.0000	0.0000	0.0000	0.0000	0.0000	0.0000	0.0000	0.0039	0.0082	0.0000	0.0178	0.0188	0.0000	0.0000	0.0000	0.0000						
5	59	0.2637	8	1	1	0	0	0	0	0	0	N	N	N	N	N	N	N	N	N	N	N	N	0.0000	0.0000	0.0000	0.0000	0.0000	0.0000	0.0000	0.0000	0.0000	0.0000	0.0000	0.0000	0.0000	0.0000	0.0000	0.0000	0.0039	0.0021	0.0053	0.0045	0.0048	0.0000	0.0037	0.0000	0.0055	3.0000	0.0000	0.0000	0.0000	1.9961	3.0000	0.0521	0.0000	0.0000	0.0000	0.0000	0.0000	0.0000	0.0000	0.0000	0.0000	0.0000	0.0000	0.0000	0.0000	0.0000	0.0000	0.0000	0.0000	0.0000	0.0000	0.0000	0.0000	0.0000	0.0000	0.0000	0.0000	0.0000	0.0000	0.0104	0.0047	0.0056	0.0022	0.0021	0.0001	0.0082	0.0027	0.0055	0.0000	0.0000	0.0000	0.0000	0.0000	0.0000	0.0000	0.0000	0.0000	0.0039	0.0021	0.0053	0.0045	0.0048	0.0000	0.0037	0.0000	0.0055			
5	60	0.2560	7	1	1	0	0	0	0	0	0	N	N	N	N	N	N	N	N	N	N	N	N	0.0000	0.0000	0.0000	0.0000	0.0000	0.0000	0.0000	0.0000	0.0000	0.0000	0.0000	0.0000	0.0000	0.0000	0.0000	0.0000	0.0000	0.1007	0.0117	0.1774	0.0165	0.0173	0.0000	0.1243	0.2393	0.1812	17.6697	0.0000	0.0001	0.0000	0.0081	3.0000	1.0507	0.0000	0.0000	0.0000	0.0000	0.0000	0.0000	0.0000	0.0000	0.0000	0.0006	0.0000	0.0005	0.0000	0.0000	0.0000	0.0005	0.0000	0.0005	0.0000	0.0000	0.0000	0.0000	0.0000	0.0000	0.0000	0.0000	0.0000	0.0056	0.0026	0.0030	0.0012	0.0012	0.0001	0.0043	0.0014	0.0029	0.0000	0.0000	0.0000	0.0000	0.0000	0.0000	0.0000	0.0000	0.0000	0.1007	0.0117	0.1774	0.0165	0.0173	0.0000	0.1243	0.0071	0.1812		
5	61	0.2072	6	1	1	0	0	0	0	0	0	N	N	N	N	N	N	N	N	N	N	N	N	0.0000	0.0000	0.0000	0.0000	0.0000	0.0000	0.0000	0.0000	0.0000	0.0000	0.0000	0.0000	0.0000	0.0000	0.0000	0.0000	0.0000	0.0000	20.5676	0.0054	36.3395	0.0300	0.0095	9.5069	26.6732	0.0275	36.7960	8838.1678	0.0000	0.2497	0.0000	3.0167	3.0000	3.2580	0.0000	0.0000	0.0000	0.0000	0.0000	0.0000	0.0000	0.0000	0.0000	0.9950	0.0001	0.9949	0.0003	0.0001	0.0002	0.9946	0.0000	0.9946	0.0000	0.0000	0.0000	0.0000	0.0000	0.0000	0.0000	0.0000	0.0000	0.0484	0.0210	0.0274	0.0111	0.0107	0.0003	0.0373	0.0103	0.0270	0.0000	0.0000	0.0000	0.0000	0.0000	0.0000	0.0000	0.0000	0.0000	20.5676	0.0054	36.3395	0.0300	0.0095	0.6646	26.6732	0.0010	36.7960	
5	62	0.1324	5	1	2	0	0	0	0	0	0	N	Y	N	N	N	N	N	N	N	N	N	N	0.0000	0.0000	0.0000	0.0000	0.0000	0.0000	0.0000	0.0000	0.0000	0.0000	0.0000	0.0000	0.0000	0.0020	0.0049	0.0000	0.0072	0.0089	0.0000	0.0000	0.0000	0.0000	0.0000	0.0000	-0.0001	0.0000	3.3327	3.0000	4.3103	0.0000	0.0000	0.0000	0.0000	0.0000	0.0000	0.0000	0.0000	0.0000	0.0001	0.0001	0.0000	0.0001	0.0001	0.0000	0.0000	0.0000	0.0000	0.0000	0.0000	0.0000	0.0000	0.0000	0.0000	0.0000	0.0000	0.0000	0.0549	0.0224	0.0325	0.0152	0.0124	0.0028	0.0397	0.0100	0.0297	0.0000	0.0000	0.0000	0.0000	0.0000	0.0000	0.0000	0.0000	0.0000	0.0020	0.0049	0.0000	0.0072	0.0089	0.0000	0.0000	0.0000	0.0000						
5	63	0.1084	4	1	1	0	0	0	0	0	0	N	N	N	N	N	N	N	N	N	N	N	N	0.0000	0.0000	0.0000	0.0000	0.0000	0.0000	0.0000	0.0000	0.0000	0.0000	0.0000	0.0000	0.0000	0.0000	0.0000	0.0000	0.0000	0.0030	0.0063	0.0008	0.0010	0.0013	0.0000	0.0037	0.3718	0.0009	0.2000	0.0000	-0.0001	0.0000	3.2669	3.0000	2.4507	0.0000	0.0000	0.0000	0.0000	0.0000	0.0000	0.0000	0.0000	0.0000	0.0001	0.0001	0.0000	0.0000	0.0000	0.0000	0.0001	0.0001	0.0000	0.0000	0.0000	0.0000	0.0000	0.0000	0.0000	0.0000	0.0000	0.0000	0.0400	0.0159	0.0240	0.0099	0.0078	0.0022	0.0300	0.0082	0.0218	0.0000	0.0000	0.0000	0.0000	0.0000	0.0000	0.0000	0.0000	0.0000	0.0030	0.0063	0.0008	0.0010	0.0013	0.0000	0.0037	0.0110	0.0009		
5	64	0.0519	4	2	1	1	0	0	0	0	0	Y	N	N	N	N	N	N	N	N	N	N	N	0.0000	0.0000	0.0000	0.0000	0.0000	0.0000	0.0000	0.0000	0.0000	0.0000	0.0000	0.0000	0.0000	0.0000	0.0000	0.0000	0.0000	0.0000	0.0000	0.0000	0.0000	0.0000	3.0000	1.0000	0.0000	0.0000	0.0000	0.0000	0.0000	0.0000	0.0000	0.0000	0.0000	0.0000	0.0000	0.0000	0.0000	0.0000	0.0000	0.0000	0.0000	0.0000	0.0000	0.0000	0.0000	0.0000	0.0000	0.0000	0.0000	0.0000	0.0000	0.0084	0.0020	0.0064	0.0000	0.0000	0.0000	0.0084	0.0020	0.0064	0.0000	0.0000	0.0000	0.0000	0.0000	0.0000	0.0000	0.0000	0.0000	0.0000	0.0000	0.0000	0.0000	0.0000	0.0000	0.0000	0.0000	0.0000											
5	65	0.0519	3	2	1	1	0	0	0	0	0	Y	N	N	N	N	N	N	N	N	N	N	N	0.0000	0.0000	0.0000	0.0000	0.0000	0.0000	0.0000	0.0000	0.0000	0.0000	0.0000	0.0000	0.0000	0.0000	0.0000	0.0000	0.0000	0.0000	0.0000	0.0000	0.0000	0.0000	3.0000	0.0001	0.0000	0.0000	0.0000	0.0000	0.0000	0.0000	0.0000	0.0000	0.0000	0.0000	0.0000	0.0000	0.0000	0.0000	0.0000	0.0000	0.0000	0.0000	0.0000	0.0000	0.0000	0.0000	0.0000	0.0000	0.0000	0.0000	0.0000	0.0000	0.0000	0.0000	0.0000	0.0000	0.0000	0.0000	0.0000	0.0000	0.0000	0.0000	0.0000	0.0000	0.0000	0.0000	0.0000	0.0000	0.0000	0.0000	0.0000	0.0000	0.0000	0.0000	0.0000	0.0000	0.0000	0.0000											
5	66	0.0396	2	2	1	1	0	0	0	0	0	Y	N	N	N	N	N	N	N	N	N	N	N	0.0000	0.0000	0.0000	0.0000	0.0000	0.0000	0.0000	0.0000	0.0000	0.0000	0.0000	0.0000	0.0000	0.0004	0.0015	0.0000	0.0035	0.0035	0.0000	0.0000	0.0000	0.0000	0.0000	0.0000	-0.0000	0.0000	1.9720	3.0000	0.0923	0.0000	0.0000	0.0000	0.0000	0.0000	0.0000	0.0000	0.0000	0.0000	0.0000	0.0000	0.0000	0.0000	0.0000	0.0000	0.0000	0.0000	0.0000	0.0000	0.0000	0.0000	0.0000	0.0000	0.0000	0.0000	0.0000	0.0000	0.0224	0.0068	0.0156	0.0028	0.0028	0.0000	0.0196	0.0040	0.0156	0.0000	0.0000	0.0000	0.0000	0.0000	0.0000	0.0000	0.0000	0.0000	0.0004	0.0015	0.0000	0.0035	0.0035	0.0000	0.0000	0.0000	0.0000						
5	68	0.1660	5	1	2	0	1	0	0	0	0	N	Y	N	N	N	N	N	N	N	N	N	N	0.0000	0.0000	0.0000	0.0000	0.0000	0.0000	0.0000	0.0000	0.0000	0.0000	0.0000	0.0000	0.0000	0.0053	0.0146	0.0000	0.0466	0.0480	0.0000	0.0000	0.0000	0.0000	0.0000	0.0000	-0.0002	0.0000	2.7513	3.0000	4.0954	0.0000	0.0000	0.0000	0.0000	0.0000	0.0000	0.0000	0.0000	0.0000	0.0003	0.0003	0.0000	0.0003	0.0003	0.0000	0.0000	0.0000	0.0000	0.0000	0.0000	0.0000	0.0000	0.0000	0.0000	0.0000	0.0000	0.0000	0.0493	0.0178	0.0315	0.0056	0.0054	0.0002	0.0438	0.0124	0.0314	0.0000	0.0000	0.0000	0.0000	0.0000	0.0000	0.0000	0.0000	0.0000	0.0053	0.0146	0.0000	0.0466	0.0480	0.0000	0.0000	0.0000	0.0000						
5	69	0.0884	3	1	2	0	0	0	0	0	0	N	Y	N	N	N	N	N	N	N	N	N	N	0.0000	0.0000	0.0000	0.0000	0.0000	0.0000	0.0000	0.0000	0.0000	0.0000	0.0000	0.0000	0.0000	0.0000	0.0000	0.0000	0.0000	0.0000	0.0000	0.0000	0.0000	9.9334	3.0000	8.9999	0.0000	0.0000	0.0000	0.0000	0.0000	0.0000	0.0000	0.0000	0.0000	0.0000	0.0000	0.0000	0.0000	0.0000	0.0000	0.0000	0.0000	0.0000	0.0000	0.0000	0.0000	0.0000	0.0000	0.0000	0.0000	0.0000	0.0000	0.1077	0.0362	0.0714	0.0152	0.0098	0.0054	0.0924	0.0264	0.0660	0.0000	0.0000	0.0000	0.0000	0.0000	0.0000	0.0000	0.0000	0.0000	0.0000	0.0000	0.0000	0.0000	0.0000	0.0000	0.0000	0.0000	0.0000											
5	70	0.0884	3	1	2	0	0	0	0	0	0	N	Y	N	N	N	N	N	N	N	N	N	N	0.0000	0.0000	0.0000	0.0000	0.0000	0.0000	0.0000	0.0000	0.0000	0.0000	0.0000	0.0000	0.0000	34.0236	0.0000	51.0251	0.0000	0.0000	0.0000	40.2609	0.0000	55.3133	inf	0.0000	0.2511	0.0000	0.0666	3.0000	4.0001	0.0000	0.0000	0.0000	0.0000	0.0000	0.0000	0.0000	0.0000	0.0000	1.0000	0.0000	1.0000	0.0000	0.0000	0.0000	1.0000	0.0000	1.0000	0.0000	0.0000	0.0000	0.0000	0.0000	0.0000	0.0000	0.0000	0.0000	0.0294	0.0098	0.0196	0.0046	0.0030	0.0015	0.0248	0.0068	0.0181	0.0000	0.0000	0.0000	0.0000	0.0000	0.0000	0.0000	0.0000	0.0000	34.0236	0.0000	51.0251	0.0000	0.0000	0.0000	40.2609	0.0000	55.3133						
5	74	0.1084	4	1	2	0	0	0	0	0	0	N	Y	N	N	N	N	N	N	N	N	N	N	0.0000	0.0000	0.0000	0.0000	0.0000	0.0000	0.0000	0.0000	0.0000	0.0000	0.0000	0.0000	0.0000	0.0002	0.0006	0.0000	0.0009	0.0012	0.0000	0.0000	0.0000	0.0000	0.0000	0.0000	-0.0000	0.0000	1.8678	3.0000	4.6278	0.0000	0.0000	0.0000	0.0000	0.0000	0.0000	0.0000	0.0000	0.0000	0.0000	0.0000	0.0000	0.0000	0.0000	0.0000	0.0000	0.0000	0.0000	0.0000	0.0000	0.0000	0.0000	0.0000	0.0000	0.0000	0.0000	0.0000	0.0440	0.0173	0.0266	0.0107	0.0082	0.0024	0.0333	0.0091	0.0242	0.0000	0.0000	0.0000	0.0000	0.0000	0.0000	0.0000	0.0000	0.0000	0.0002	0.0006	0.0000	0.0009	0.0012	0.0000	0.0000	0.0000	0.0000						
5	75	0.0884	3	1	1	0	0	0	0	0	0	N	N	N	N	N	N	N	N	N	N	N	N	0.0000	0.0000	0.0000	0.0000	0.0000	0.0000	0.0000	0.0000	0.0000	0.0000	0.0000	0.0000	0.0000	0.0003	0.0008	0.0000	0.0000	0.0000	0.0000	0.0003	0.0405	0.0000	0.0000	0.0000	-0.0000	0.0000	4.7010	3.0000	0.6064	0.0000	0.0000	0.0000	0.0000	0.0000	0.0000	0.0000	0.0000	0.0000	0.0000	0.0000	0.0000	0.0000	0.0000	0.0000	0.0000	0.0000	0.0000	0.0000	0.0000	0.0000	0.0000	0.0000	0.0000	0.0000	0.0000	0.0000	0.0376	0.0125	0.0250	0.0058	0.0038	0.0019	0.0318	0.0087	0.0231	0.0000	0.0000	0.0000	0.0000	0.0000	0.0000	0.0000	0.0000	0.0000	0.0003	0.0008	0.0000	0.0000	0.0000	0.0000	0.0003	0.0012	0.0000						
5	78	0.2121	7	2	2	0	1	0	0	0	0	Y	Y	N	N	N	N	N	N	N	N	N	N	0.0000	0.0000	0.0000	0.0000	0.0000	0.0000	0.0000	0.0000	0.0000	0.0000	0.0000	0.0000	0.0000	0.0005	0.0016	0.0000	0.0057	0.0091	0.0000	0.0000	0.0000	0.0000	0.0000	0.0000	-0.0000	0.0000	1.0000	3.0000	2.0144	0.0000	0.0000	0.0000	0.0000	0.0000	0.0000	0.0000	0.0000	0.0000	0.0000	0.0000	0.0000	0.0000	0.0000	0.0000	0.0000	0.0000	0.0000	0.0000	0.0000	0.0000	0.0000	0.0000	0.0000	0.0000	0.0000	0.0000	0.0201	0.0061	0.0140	0.0018	0.0011	0.0007	0.0184	0.0050	0.0134	0.0000	0.0000	0.0000	0.0000	0.0000	0.0000	0.0000	0.0000	0.0000	0.0005	0.0016	0.0000	0.0057	0.0091	0.0000	0.0000	0.0000	0.0000						
5	79	0.1898	6	2	2	0	1	0	0	0	0	Y	Y	N	N	N	N	N	N	N	N	N	N	0.0000	0.0000	0.0000	0.0000	0.0000	0.0000	0.0000	0.0000	0.0000	0.0000	0.0000	0.0000	0.0000	0.0005	0.0017	0.0000	0.0000	0.0000	0.0000	0.0005	0.0921	0.0000	0.0000	0.0000	-0.0000	0.0000	0.0001	3.0000	3.0180	0.0000	0.0000	0.0000	0.0000	0.0000	0.0000	0.0000	0.0000	0.0000	0.0000	0.0000	0.0000	0.0000	0.0000	0.0000	0.0000	0.0000	0.0000	0.0000	0.0000	0.0000	0.0000	0.0000	0.0000	0.0000	0.0000	0.0000	0.0200	0.0060	0.0140	0.0016	0.0010	0.0006	0.0184	0.0050	0.0134	0.0000	0.0000	0.0000	0.0000	0.0000	0.0000	0.0000	0.0000	0.0000	0.0005	0.0017	0.0000	0.0000	0.0000	0.0000	0.0005	0.0020	0.0000						
5	80	0.2118	8	1	2	0	1	0	0	0	0	N	Y	N	N	N	N	N	N	N	N	N	N	0.0000	0.0000	0.0000	0.0000	0.0000	0.0000	0.0000	0.0000	0.0000	0.0000	0.0000	0.0000	0.0000	0.0000	0.0000	0.0000	0.0000	0.0000	0.0000	0.0000	0.0000	0.0000	3.0000	0.0000	0.0000	0.0000	0.0000	0.0000	0.0000	0.0000	0.0000	0.0000	0.0000	0.0000	0.0000	0.0000	0.0000	0.0000	0.0000	0.0000	0.0000	0.0000	0.0000	0.0000	0.0000	0.0000	0.0000	0.0000	0.0000	0.0000	0.0000	0.0000	0.0000	0.0000	0.0000	0.0000	0.0000	0.0000	0.0000	0.0000	0.0000	0.0000	0.0000	0.0000	0.0000	0.0000	0.0000	0.0000	0.0000	0.0000	0.0000	0.0000	0.0000	0.0000	0.0000	0.0000	0.0000	0.0000											
5	81	0.1898	6	1	1	1	1	0	0	0	0	N	N	N	N	N	N	N	N	N	N	N	N	0.0000	0.0000	0.0000	0.0000	0.0000	0.0000	0.0000	0.0000	0.0000	0.0000	0.0000	0.0000	0.0000	0.0000	0.0000	0.0000	0.0000	0.0000	0.0000	0.0000	0.0000	2.0000	3.0000	0.0000	0.0000	0.0000	0.0000	0.0000	0.0000	0.0000	0.0000	0.0000	0.0000	0.0000	0.0000	0.0000	0.0000	0.0000	0.0000	0.0000	0.0000	0.0000	0.0000	0.0000	0.0000	0.0000	0.0000	0.0000	0.0000	0.0000	0.0000	0.0135	0.0040	0.0094	0.0011	0.0006	0.0004	0.0124	0.0034	0.0090	0.0000	0.0000	0.0000	0.0000	0.0000	0.0000	0.0000	0.0000	0.0000	0.0000	0.0000	0.0000	0.0000	0.0000	0.0000	0.0000	0.0000	0.0000											
5	82	0.1898	6	1	1	1	1	0	0	0	0	N	N	N	N	N	N	N	N	N	N	N	N	0.0000	0.0000	0.0000	0.0000	0.0000	0.0000	0.0000	0.0000	0.0000	0.0000	0.0000	0.0000	0.0000	0.0000	0.0000	0.0000	0.0000	0.0000	0.0000	0.0000	0.0000	0.0000	3.0000	4.0000	0.0000	0.0000	0.0000	0.0000	0.0000	0.0000	0.0000	0.0000	0.0000	0.0000	0.0000	0.0000	0.0000	0.0000	0.0000	0.0000	0.0000	0.0000	0.0000	0.0000	0.0000	0.0000	0.0000	0.0000	0.0000	0.0000	0.0000	0.0261	0.0079	0.0182	0.0021	0.0013	0.0008	0.0240	0.0066	0.0174	0.0000	0.0000	0.0000	0.0000	0.0000	0.0000	0.0000	0.0000	0.0000	0.0000	0.0000	0.0000	0.0000	0.0000	0.0000	0.0000	0.0000	0.0000											
5	83	0.2118	8	1	1	1	1	0	0	0	0	N	N	N	N	N	N	N	N	N	N	N	N	0.0000	0.0000	0.0000	0.0000	0.0000	0.0000	0.0000	0.0000	0.0000	0.0000	0.0000	0.0000	0.0000	0.0000	0.0000	0.0000	0.0000	0.0000	0.0000	0.0000	0.0000	0.0000	3.0000	2.0000	0.0000	0.0000	0.0000	0.0000	0.0000	0.0000	0.0000	0.0000	0.0000	0.0000	0.0000	0.0000	0.0000	0.0000	0.0000	0.0000	0.0000	0.0000	0.0000	0.0000	0.0000	0.0000	0.0000	0.0000	0.0000	0.0000	0.0000	0.0133	0.0039	0.0095	0.0009	0.0005	0.0005	0.0124	0.0034	0.0090	0.0000	0.0000	0.0000	0.0000	0.0000	0.0000	0.0000	0.0000	0.0000	0.0000	0.0000	0.0000	0.0000	0.0000	0.0000	0.0000	0.0000	0.0000											
5	84	0.2045	7	1	1	0	1	0	0	0	0	N	N	N	N	N	N	N	N	N	N	N	N	0.0000	0.0000	0.0000	0.0000	0.0000	0.0000	0.0000	0.0000	0.0000	0.0000	0.0000	0.0000	0.0000	0.0000	0.0000	0.0000	0.0000	0.0000	0.0000	0.0000	0.0000	1.0000	3.0000	0.0015	0.0000	0.0000	0.0000	0.0000	0.0000	0.0000	0.0000	0.0000	0.0000	0.0000	0.0000	0.0000	0.0000	0.0000	0.0000	0.0000	0.0000	0.0000	0.0000	0.0000	0.0000	0.0000	0.0000	0.0000	0.0000	0.0000	0.0000	0.0070	0.0021	0.0049	0.0006	0.0003	0.0002	0.0064	0.0017	0.0046	0.0000	0.0000	0.0000	0.0000	0.0000	0.0000	0.0000	0.0000	0.0000	0.0000	0.0000	0.0000	0.0000	0.0000	0.0000	0.0000	0.0000	0.0000											
5	85	0.1898	6	1	1	0	1	0	0	0	0	N	N	N	N	N	N	N	N	N	N	N	N	0.0000	0.0000	0.0000	0.0000	0.0000	0.0000	0.0000	0.0000	0.0000	0.0000	0.0000	0.0000	0.0000	0.0000	0.0000	0.0000	0.0000	0.0000	0.0000	0.0000	0.0000	0.0000	3.0000	2.0013	0.0000	0.0000	0.0000	0.0000	0.0000	0.0000	0.0000	0.0000	0.0000	0.0000	0.0000	0.0000	0.0000	0.0000	0.0000	0.0000	0.0000	0.0000	0.0000	0.0000	0.0000	0.0000	0.0000	0.0000	0.0000	0.0000	0.0000	0.0135	0.0040	0.0094	0.0011	0.0006	0.0004	0.0124	0.0034	0.0090	0.0000	0.0000	0.0000	0.0000	0.0000	0.0000	0.0000	0.0000	0.0000	0.0000	0.0000	0.0000	0.0000	0.0000	0.0000	0.0000	0.0000	0.0000											
5	86	0.2297	6	2	2	0	0	0	0	0	0	Y	Y	N	N	N	N	N	N	N	N	N	N	0.0000	0.0000	0.0000	0.0000	0.0000	0.0000	0.0000	0.0000	0.0000	0.0000	0.0000	0.0000	0.0000	0.0006	0.0013	0.0000	0.0020	0.0021	0.0000	0.0000	0.0000	0.0000	0.0000	0.0000	-0.0000	0.0000	0.0007	3.0000	0.9812	0.0000	0.0000	0.0000	0.0000	0.0000	0.0000	0.0000	0.0000	0.0000	0.0000	0.0000	0.0000	0.0000	0.0000	0.0000	0.0000	0.0000	0.0000	0.0000	0.0000	0.0000	0.0000	0.0000	0.0000	0.0000	0.0000	0.0000	0.0155	0.0075	0.0080	0.0050	0.0048	0.0002	0.0104	0.0027	0.0078	0.0000	0.0000	0.0000	0.0000	0.0000	0.0000	0.0000	0.0000	0.0000	0.0006	0.0013	0.0000	0.0020	0.0021	0.0000	0.0000	0.0000	0.0000						
5	87	0.1739	5	2	2	0	0	0	0	0	0	Y	Y	N	N	N	N	N	N	N	N	N	N	0.0000	0.0000	0.0000	0.0000	0.0000	0.0000	0.0000	0.0000	0.0000	0.0000	0.0000	0.0000	0.0000	0.0000	0.0000	0.0020	0.0064	0.0000	0.0206	0.0324	0.0000	0.0002	0.0224	0.0000	0.0000	0.0000	-0.0001	0.0000	5.0272	3.0000	2.1572	0.0000	0.0000	0.0000	0.0000	0.0000	0.0000	0.0000	0.0000	0.0000	0.0001	0.0001	0.0000	0.0001	0.0001	0.0000	0.0000	0.0000	0.0000	0.0000	0.0000	0.0000	0.0000	0.0000	0.0000	0.0000	0.0000	0.0000	0.0453	0.0140	0.0313	0.0039	0.0025	0.0014	0.0414	0.0116	0.0299	0.0000	0.0000	0.0000	0.0000	0.0000	0.0000	0.0000	0.0000	0.0000	0.0020	0.0064	0.0000	0.0206	0.0324	0.0000	0.0002	0.0009	0.0000				
5	88	0.2272	7	1	2	0	0	0	0	0	0	N	Y	N	N	N	N	N	N	N	N	N	N	0.0000	0.0000	0.0000	0.0000	0.0000	0.0000	0.0000	0.0000	0.0000	0.0000	0.0000	0.0000	0.0000	38.0851	0.0000	55.2434	0.0000	0.0000	0.0000	42.6875	0.0000	58.2272	inf	0.0000	0.2511	0.0000	0.0000	3.0000	4.0000	0.0000	0.0000	0.0000	0.0000	0.0000	0.0000	0.0000	0.0000	0.0000	1.0000	0.0000	1.0000	0.0000	0.0000	0.0000	1.0000	0.0000	1.0000	0.0000	0.0000	0.0000	0.0000	0.0000	0.0000	0.0000	0.0000	0.0000	0.0263	0.0082	0.0181	0.0028	0.0019	0.0009	0.0234	0.0063	0.0172	0.0000	0.0000	0.0000	0.0000	0.0000	0.0000	0.0000	0.0000	0.0000	38.0851	0.0000	55.2434	0.0000	0.0000	0.0000	42.6875	0.0000	58.2272						
5	89	0.1898	6	1	2	0	0	0	0	0	0	N	Y	N	N	N	N	N	N	N	N	N	N	0.0000	0.0000	0.0000	0.0000	0.0000	0.0000	0.0000	0.0000	0.0000	0.0000	0.0000	0.0000	0.0000	0.0000	0.0000	0.0000	0.0000	0.0000	0.0000	0.0000	0.0000	3.0000	3.0000	2.0000	0.0000	0.0000	0.0000	0.0000	0.0000	0.0000	0.0000	0.0000	0.0000	0.0000	0.0000	0.0000	0.0000	0.0000	0.0000	0.0000	0.0000	0.0000	0.0000	0.0000	0.0000	0.0000	0.0000	0.0000	0.0000	0.0000	0.0000	0.0321	0.0097	0.0224	0.0026	0.0015	0.0010	0.0296	0.0082	0.0214	0.0000	0.0000	0.0000	0.0000	0.0000	0.0000	0.0000	0.0000	0.0000	0.0000	0.0000	0.0000	0.0000	0.0000	0.0000	0.0000	0.0000	0.0000											
5	90	0.1898	6	2	2	0	0	0	0	0	0	Y	Y	N	N	N	N	N	N	N	N	N	N	0.0000	0.0000	0.0000	0.0000	0.0000	0.0000	0.0000	0.0000	0.0000	0.0000	0.0000	0.0000	0.0000	0.0000	0.0000	0.0000	0.0000	0.0000	0.0000	0.0000	0.0000	2.0000	3.0000	3.0000	0.0000	0.0000	0.0000	0.0000	0.0000	0.0000	0.0000	0.0000	0.0000	0.0000	0.0000	0.0000	0.0000	0.0000	0.0000	0.0000	0.0000	0.0000	0.0000	0.0000	0.0000	0.0000	0.0000	0.0000	0.0000	0.0000	0.0000	0.0321	0.0097	0.0224	0.0026	0.0015	0.0010	0.0296	0.0082	0.0214	0.0000	0.0000	0.0000	0.0000	0.0000	0.0000	0.0000	0.0000	0.0000	0.0000	0.0000	0.0000	0.0000	0.0000	0.0000	0.0000	0.0000	0.0000											
5	91	0.1739	5	1	1	0	0	0	0	0	0	N	N	N	N	N	N	N	N	N	N	N	N	0.0000	0.0000	0.0000	0.0000	0.0000	0.0000	0.0000	0.0000	0.0000	0.0000	0.0000	0.0000	0.0000	0.0054	0.0170	0.0000	0.0540	0.0776	0.0000	0.0000	0.0000	0.0000	0.0000	0.0000	-0.0001	0.0000	2.0705	3.0000	0.0351	0.0000	0.0000	0.0000	0.0000	0.0000	0.0000	0.0000	0.0000	0.0000	0.0001	0.0001	0.0000	0.0001	0.0001	0.0000	0.0000	0.0000	0.0000	0.0000	0.0000	0.0000	0.0000	0.0000	0.0000	0.0000	0.0000	0.0000	0.0149	0.0047	0.0102	0.0015	0.0010	0.0005	0.0134	0.0037	0.0097	0.0000	0.0000	0.0000	0.0000	0.0000	0.0000	0.0000	0.0000	0.0000	0.0054	0.0170	0.0000	0.0540	0.0776	0.0000	0.0000	0.0000	0.0000						
5	92	0.1485	4	1	1	0	0	0	0	0	0	N	N	N	N	N	N	N	N	N	N	N	N	0.0000	0.0000	0.0000	0.0000	0.0000	0.0000	0.0000	0.0000	0.0000	0.0000	0.0000	0.0000	0.0000	0.0000	0.0000	0.0000	0.0000	0.0078	0.0211	0.0006	0.0369	0.0465	0.0000	0.0034	0.3259	0.0006	0.0500	0.0000	-0.0001	0.0000	3.4249	3.0000	0.1413	0.0000	0.0000	0.0000	0.0000	0.0000	0.0000	0.0000	0.0000	0.0000	0.0002	0.0002	0.0000	0.0001	0.0001	0.0000	0.0001	0.0001	0.0000	0.0000	0.0000	0.0000	0.0000	0.0000	0.0000	0.0000	0.0000	0.0000	0.0268	0.0095	0.0173	0.0035	0.0028	0.0007	0.0233	0.0067	0.0166	0.0000	0.0000	0.0000	0.0000	0.0000	0.0000	0.0000	0.0000	0.0000	0.0078	0.0211	0.0006	0.0369	0.0465	0.0000	0.0034	0.0105	0.0006		
5	98	0.2853	9	1	1	0	0	0	0	0	0	N	N	N	N	N	N	N	N	N	N	N	N	0.0000	0.0000	0.0000	0.0000	0.0000	0.0000	0.0000	0.0000	0.0000	0.0000	0.0000	0.0000	0.0000	0.1076	0.1951	0.0000	0.3285	0.3481	0.0000	0.0000	0.0000	0.0000	0.0000	0.0000	-0.0092	0.0000	4.9999	3.0000	9.0821	0.0000	0.0000	0.0000	0.0000	0.0000	0.0000	0.0000	0.0000	0.0000	0.0123	0.0123	0.0000	0.0123	0.0123	0.0000	0.0000	0.0000	0.0000	0.0000	0.0000	0.0000	0.0000	0.0000	0.0000	0.0000	0.0000	0.0000	0.1146	0.0632	0.0514	0.0375	0.0354	0.0021	0.0771	0.0278	0.0493	0.0000	0.0000	0.0000	0.0000	0.0000	0.0000	0.0000	0.0000	0.0000	0.1076	0.1951	0.0000	0.3285	0.3481	0.0000	0.0000	0.0000	0.0000						
6	7	0.2302	7	2	1	1	1	0	0	0	0	Y	N	N	N	N	N	N	N	N	N	N	N	0.0000	0.0000	0.0000	0.0000	0.0000	0.0000	0.0000	0.0000	0.0000	0.0000	0.0000	0.0000	0.0000	0.1312	0.4252	0.0000	1.4143	2.1979	0.0000	0.0000	0.0000	0.0000	0.0000	0.0000	-0.0013	2.0000	0.0001	4.0000	0.9907	0.0000	0.0000	0.0000	0.0000	0.0000	0.0000	0.0000	0.0000	0.0000	0.0017	0.0017	0.0000	0.0017	0.0017	0.0000	0.0000	0.0000	0.0000	0.0000	0.0000	0.0000	0.0000	0.0000	0.0000	0.0000	0.0000	0.0000	0.0132	0.0041	0.0091	0.0012	0.0008	0.0004	0.0120	0.0033	0.0087	0.0000	0.0000	0.0000	0.0000	0.0000	0.0000	0.0000	0.0000	0.0000	0.1312	0.4252	0.0000	1.4143	2.1979	0.0000	0.0000	0.0000	0.0000						
6	9	0.2819	8	1	0	2	0	0	0	0	0	N	N	Y	N	N	N	N	N	N	N	N	N	0.0000	0.0000	0.0000	0.0000	0.0000	0.0000	0.0000	0.0000	0.0000	0.0000	0.0000	0.0000	0.0000	0.0036	0.0000	0.0067	0.0000	0.0000	0.0000	0.0046	0.0000	0.0069	inf	0.0000	0.0000	2.0000	0.0035	4.0000	1.9666	0.0000	0.0000	0.0000	0.0000	0.0000	0.0000	0.0000	0.0000	0.0000	0.0001	0.0000	0.0001	0.0000	0.0000	0.0000	0.0001	0.0000	0.0001	0.0006	0.0005	0.0000	0.0004	0.0004	0.0000	0.0002	0.0001	0.0000	0.0193	0.0088	0.0105	0.0040	0.0038	0.0002	0.0152	0.0050	0.0102	0.0000	0.0000	0.0000	0.0000	0.0000	0.0000	0.0000	0.0000	0.0000	0.0036	0.0000	0.0067	0.0000	0.0000	0.0000	0.0046	0.0000	0.0069						
6	10	0.1506	5	1	0	2	0	0	0	0	0	N	N	Y	N	N	N	N	N	N	N	N	N	0.0000	0.0000	0.0000	0.0000	0.0000	0.0000	0.0000	0.0000	0.0000	0.0000	0.0000	0.0000	0.0000	0.0000	0.0000	0.0000	0.0000	11.3422	1.0299	18.7951	1.4773	1.7703	0.0555	15.4244	0.0000	20.5129	25.2516	0.0000	0.2164	2.0000	1.9652	4.0000	3.8608	0.0000	0.0000	0.0000	0.0000	0.0000	0.0000	0.0000	0.0000	0.0000	1.0162	0.0387	0.9775	0.0387	0.0387	0.0000	0.9775	0.0000	0.9775	0.1609	0.1464	0.0145	0.1021	0.0966	0.0055	0.0588	0.0498	0.0090	0.0896	0.0376	0.0520	0.0262	0.0219	0.0044	0.0634	0.0157	0.0477	0.0000	0.0000	0.0000	0.0000	0.0000	0.0000	0.0000	0.0000	0.0000	11.3422	1.0299	18.7951	1.4773	1.7703	0.0069	15.4244	0.0000	20.5129		
6	12	0.2080	6	1	0	2	1	0	0	0	0	N	N	Y	N	N	N	N	N	N	N	N	N	0.0000	0.0000	0.0000	0.0000	0.0000	0.0000	0.0000	0.0000	0.0000	0.0000	0.0000	0.0000	0.0000	0.0000	0.0000	0.0000	0.0000	0.0000	0.0000	0.0000	2.0000	0.0000	4.0000	1.0000	0.0000	0.0000	0.0000	0.0000	0.0000	0.0000	0.0000	0.0000	0.0000	0.0000	0.0000	0.0000	0.0000	0.0000	0.0000	0.0000	0.0000	0.0000	0.0000	0.0000	0.0000	0.0000	0.0000	0.0000	0.0000	0.0000	0.0000	0.0131	0.0039	0.0091	0.0011	0.0006	0.0004	0.0120	0.0033	0.0087	0.0000	0.0000	0.0000	0.0000	0.0000	0.0000	0.0000	0.0000	0.0000	0.0000	0.0000	0.0000	0.0000	0.0000	0.0000	0.0000	0.0000	0.0000											
6	14	0.2227	7	1	0	1	1	0	0	0	0	N	N	N	N	N	N	N	N	N	N	N	N	0.0000	0.0000	0.0000	0.0000	0.0000	0.0000	0.0000	0.0000	0.0000	0.0000	0.0000	0.0000	0.0000	38.6186	0.0000	55.0269	0.0000	0.0000	0.0000	42.0647	0.0000	58.0149	inf	0.0000	0.2508	2.0000	1.0000	4.0000	0.9994	0.0000	0.0000	0.0000	0.0000	0.0000	0.0000	0.0000	0.0000	0.0000	0.9989	0.0000	0.9989	0.0000	0.0000	0.0000	0.9989	0.0000	0.9989	0.0412	0.0368	0.0044	0.0159	0.0151	0.0008	0.0253	0.0217	0.0036	0.0259	0.0077	0.0182	0.0021	0.0012	0.0009	0.0237	0.0065	0.0172	0.0000	0.0000	0.0000	0.0000	0.0000	0.0000	0.0000	0.0000	0.0000	38.6186	0.0000	55.0269	0.0000	0.0000	0.0000	42.0647	0.0000	58.0149						
6	16	0.2227	7	1	1	1	1	0	0	0	0	N	N	N	N	N	N	N	N	N	N	N	N	0.0000	0.0000	0.0000	0.0000	0.0000	0.0000	0.0000	0.0000	0.0000	0.0000	0.0000	0.0000	0.0000	0.0212	0.0709	0.0000	0.2644	0.4812	0.0000	0.0000	0.0000	0.0000	0.0000	0.0000	-0.0008	2.0000	2.0000	4.0000	2.0010	0.0000	0.0000	0.0000	0.0000	0.0000	0.0000	0.0000	0.0000	0.0000	0.0011	0.0011	0.0000	0.0011	0.0011	0.0000	0.0000	0.0000	0.0000	0.0807	0.0721	0.0087	0.0307	0.0291	0.0016	0.0500	0.0430	0.0071	0.0500	0.0149	0.0350	0.0040	0.0022	0.0018	0.0460	0.0127	0.0332	0.0000	0.0000	0.0000	0.0000	0.0000	0.0000	0.0000	0.0000	0.0000	0.0212	0.0709	0.0000	0.2644	0.4812	0.0000	0.0000	0.0000	0.0000						
6	17	0.1048	4	2	1	1	0	0	0	0	0	Y	N	N	N	N	N	N	N	N	N	N	N	1.4387	553.2870	0.0000	0.0000	0.0000	2.0289	inf	0.0000	0.7864	0.8601	0.0000	0.0000	0.0000	0.0000	1.3740	1.5662	0.0000	0.5466	0.0016	0.9488	0.0034	0.0035	0.0000	0.6772	0.0000	0.9544	0.0000	827.0000	-0.0000	0.0021	2.0000	0.0017	4.0000	0.9948	0.0001	0.0001	0.0000	0.0000	0.0000	0.0000	0.0001	0.0001	0.0000	0.0083	0.0000	0.0083	0.0000	0.0000	0.0000	0.0083	0.0000	0.0083	0.0001	0.0001	0.0000	0.0001	0.0001	0.0000	0.0001	0.0001	0.0000	0.0151	0.0064	0.0087	0.0029	0.0029	0.0001	0.0122	0.0035	0.0087	1.4387	553.2870	0.0000	0.0000	0.0000	0.0000	2.0289	inf	0.0000	0.5466	0.0016	0.9488	0.0034	0.0035	0.0000	0.6772	0.0000	0.9544	
6	18	0.2453	7	1	1	1	0	0	0	0	0	N	N	N	N	N	N	N	N	N	N	N	N	0.0000	0.0000	0.0000	0.0000	0.0000	0.0000	0.0000	0.0000	0.0000	0.0000	0.0000	0.0000	0.0000	0.0000	0.0000	0.0000	0.0000	0.0000	0.0000	0.0000	2.0000	0.0000	4.0000	0.0000	0.0000	0.0000	0.0000	0.0000	0.0000	0.0000	0.0000	0.0000	0.0000	0.0000	0.0000	0.0000	0.0000	0.0000	0.0000	0.0000	0.0000	0.0000	0.0000	0.0000	0.0000	0.0000	0.0000	0.0000	0.0000	0.0000	0.0000	0.0000	0.0000	0.0000	0.0000	0.0000	0.0000	0.0000	0.0000	0.0000	0.0000	0.0000	0.0000	0.0000	0.0000	0.0000	0.0000	0.0000	0.0000	0.0000	0.0000	0.0000	0.0000	0.0000	0.0000	0.0000	0.0000	0.0000											
6	19	0.1066	3	1	0	1	1	0	0	0	0	N	N	N	N	N	N	N	N	N	N	N	N	0.0000	0.0000	0.0000	0.0000	0.0000	0.0000	0.0000	0.0000	0.0000	0.0000	0.0000	0.0000	0.0000	9.6145	0.0000	14.4418	0.0000	0.0000	0.0000	11.3154	0.0000	15.6871	inf	0.0000	0.2511	2.0000	3.0666	4.0000	4.9999	0.0000	0.0000	0.0000	0.0000	0.0000	0.0000	0.0000	0.0000	0.0000	1.0000	0.0000	1.0000	0.0000	0.0000	0.0000	1.0000	0.0000	1.0000	0.1200	0.1065	0.0135	0.0366	0.0348	0.0018	0.0834	0.0717	0.0117	0.1040	0.0348	0.0692	0.0156	0.0101	0.0055	0.0884	0.0246	0.0637	0.0000	0.0000	0.0000	0.0000	0.0000	0.0000	0.0000	0.0000	0.0000	9.6145	0.0000	14.4418	0.0000	0.0000	0.0000	11.3154	0.0000	15.6871						
6	20	0.0577	2	2	0	2	0	0	0	0	0	Y	N	Y	N	N	N	N	N	N	N	N	N	0.0003	inf	0.0000	0.0004	inf	0.0000	0.0082	0.0094	0.0000	0.0000	0.0000	0.0000	0.0095	0.0112	0.0000	23.4521	0.0000	34.0247	0.0000	0.0000	0.0000	27.0201	0.0000	34.0248	0.0000	inf	-0.0001	0.2356	2.0000	0.9718	4.0000	0.9404	0.0003	0.0003	0.0000	0.0000	0.0000	0.0000	0.0003	0.0003	0.0000	0.9383	0.0000	0.9383	0.0000	0.0000	0.0000	0.9383	0.0000	0.9383	0.0368	0.0318	0.0050	0.0053	0.0050	0.0003	0.0315	0.0268	0.0047	0.0400	0.0124	0.0276	0.0053	0.0053	0.0000	0.0347	0.0071	0.0276	0.0003	inf	0.0000	0.0000	0.0000	0.0000	0.0004	inf	0.0000	23.4521	0.0000	34.0247	0.0000	0.0000	0.0000	27.0201	0.0000	34.0248			
6	21	0.2742	7	1	1	1	0	0	0	0	0	N	N	N	N	N	N	N	N	N	N	N	N	0.0000	0.0000	0.0000	0.0000	0.0000	0.0000	0.0000	0.0000	0.0000	0.0000	0.0000	0.0000	0.0000	0.0402	0.0000	0.0748	0.0000	0.0000	0.0000	0.0513	0.0000	0.0764	inf	0.0000	0.0001	2.0000	0.9958	4.0000	0.0079	0.0000	0.0000	0.0000	0.0000	0.0000	0.0000	0.0000	0.0000	0.0000	0.0004	0.0000	0.0004	0.0000	0.0000	0.0000	0.0004	0.0000	0.0004	0.0503	0.0454	0.0049	0.0282	0.0264	0.0018	0.0221	0.0189	0.0031	0.0102	0.0047	0.0055	0.0022	0.0021	0.0001	0.0080	0.0026	0.0054	0.0000	0.0000	0.0000	0.0000	0.0000	0.0000	0.0000	0.0000	0.0000	0.0402	0.0000	0.0748	0.0000	0.0000	0.0000	0.0513	0.0000	0.0764						
6	22	0.2306	7	1	1	1	0	0	0	0	0	N	N	N	N	N	N	N	N	N	N	N	N	0.0000	0.0000	0.0000	0.0000	0.0000	0.0000	0.0000	0.0000	0.0000	0.0000	0.0000	0.0000	0.0000	0.0000	0.0000	0.0000	0.5989	0.0006	1.0692	0.0012	0.0012	0.0000	0.7611	0.0000	1.0848	2423.0000	0.0000	0.0182	2.0000	4.0220	4.0000	5.3698	0.0000	0.0000	0.0000	0.0000	0.0000	0.0000	0.0000	0.0000	0.0000	0.0727	0.0000	0.0727	0.0000	0.0000	0.0000	0.0727	0.0000	0.0727	0.1812	0.1634	0.0178	0.0821	0.0781	0.0041	0.0991	0.0854	0.0137	0.1214	0.0534	0.0680	0.0259	0.0249	0.0010	0.0955	0.0285	0.0670	0.0000	0.0000	0.0000	0.0000	0.0000	0.0000	0.0000	0.0000	0.0000	0.5989	0.0006	1.0692	0.0012	0.0012	0.0000	0.7611	0.0000	1.0848			
6	24	0.2973	9	1	1	1	0	0	0	0	0	N	N	N	N	N	N	N	N	N	N	N	N	0.0000	0.0000	0.0000	0.0000	0.0000	0.0000	0.0000	0.0000	0.0000	0.0000	0.0000	0.0000	0.0000	0.0021	0.0000	0.0040	0.0000	0.0000	0.0000	0.0027	0.0000	0.0041	inf	0.0000	0.0000	2.0000	0.0018	4.0000	0.9893	0.0000	0.0000	0.0000	0.0000	0.0000	0.0000	0.0000	0.0000	0.0000	0.0000	0.0000	0.0000	0.0000	0.0000	0.0000	0.0000	0.0000	0.0000	0.0003	0.0003	0.0000	0.0002	0.0002	0.0000	0.0001	0.0000	0.0000	0.0096	0.0046	0.0050	0.0021	0.0020	0.0001	0.0075	0.0026	0.0049	0.0000	0.0000	0.0000	0.0000	0.0000	0.0000	0.0000	0.0000	0.0000	0.0021	0.0000	0.0040	0.0000	0.0000	0.0000	0.0027	0.0000	0.0041						
6	25	0.1066	3	2	1	1	0	0	0	0	0	Y	N	N	N	N	N	N	N	N	N	N	N	0.0000	0.0000	0.0000	0.0000	0.0000	0.0000	0.0000	0.0000	0.0000	0.0000	0.0000	0.0000	0.0000	12.3712	0.0000	18.5716	0.0000	0.0000	0.0000	14.5916	0.0000	20.1770	inf	0.0000	0.2511	2.0000	2.0666	4.0000	3.9999	0.0000	0.0000	0.0000	0.0000	0.0000	0.0000	0.0000	0.0000	0.0000	1.0000	0.0000	1.0000	0.0000	0.0000	0.0000	1.0000	0.0000	1.0000	0.0854	0.0761	0.0093	0.0285	0.0272	0.0013	0.0569	0.0489	0.0080	0.0808	0.0270	0.0538	0.0123	0.0080	0.0043	0.0685	0.0190	0.0496	0.0000	0.0000	0.0000	0.0000	0.0000	0.0000	0.0000	0.0000	0.0000	12.3712	0.0000	18.5716	0.0000	0.0000	0.0000	14.5916	0.0000	20.1770						
6	28	0.1066	3	1	1	2	1	0	0	0	0	N	N	Y	N	N	N	N	N	N	N	N	N	0.0000	0.0000	0.0000	0.0000	0.0000	0.0000	0.0000	0.0000	0.0000	0.0000	0.0000	0.0000	0.0000	6.4836	0.0000	9.7547	0.0000	0.0000	0.0000	7.5914	0.0000	10.5901	inf	0.0000	0.2511	2.0000	3.9334	4.0000	8.9999	0.0000	0.0000	0.0000	0.0000	0.0000	0.0000	0.0000	0.0000	0.0000	1.0000	0.0000	1.0000	0.0000	0.0000	0.0000	1.0000	0.0000	1.0000	0.1491	0.1321	0.0170	0.0432	0.0410	0.0022	0.1059	0.0911	0.0148	0.1542	0.0517	0.1025	0.0225	0.0144	0.0081	0.1317	0.0373	0.0944	0.0000	0.0000	0.0000	0.0000	0.0000	0.0000	0.0000	0.0000	0.0000	6.4836	0.0000	9.7547	0.0000	0.0000	0.0000	7.5914	0.0000	10.5901						
6	29	0.0672	3	1	1	1	0	0	0	0	0	N	N	N	N	N	N	N	N	N	N	N	N	0.0000	0.0000	0.0000	0.0000	0.0000	0.0000	0.0000	0.0000	0.0000	0.0000	0.0000	0.0000	0.0000	0.1790	0.5951	0.0000	2.6714	2.6757	0.0000	0.0000	0.0000	0.0000	0.0000	0.0000	-0.0188	2.0000	7.9836	4.0000	2.1583	0.0000	0.0000	0.0000	0.0000	0.0000	0.0000	0.0000	0.0000	0.0000	0.0251	0.0251	0.0000	0.0251	0.0251	0.0000	0.0000	0.0000	0.0000	0.3112	0.2773	0.0339	0.0729	0.0695	0.0034	0.2382	0.2078	0.0304	0.1400	0.0421	0.0979	0.0094	0.0094	0.0000	0.1306	0.0327	0.0979	0.0000	0.0000	0.0000	0.0000	0.0000	0.0000	0.0000	0.0000	0.0000	0.1790	0.5951	0.0000	2.6714	2.6757	0.0000	0.0000	0.0000	0.0000						
6	30	0.1066	3	2	1	1	0	0	0	0	0	Y	N	N	N	N	N	N	N	N	N	N	N	0.0000	0.0000	0.0000	0.0000	0.0000	0.0000	0.0000	0.0000	0.0000	0.0000	0.0000	0.0000	0.0000	0.0000	0.0000	0.0000	0.0000	0.0000	0.0000	0.0000	2.0000	9.9334	4.0000	11.0001	0.0000	0.0000	0.0000	0.0000	0.0000	0.0000	0.0000	0.0000	0.0000	0.0000	0.0000	0.0000	0.0000	0.0000	0.0000	0.0000	0.0000	0.0000	0.3317	0.2932	0.0384	0.0821	0.0773	0.0047	0.2496	0.2159	0.0337	0.2208	0.0745	0.1463	0.0307	0.0193	0.0114	0.1901	0.0552	0.1349	0.0000	0.0000	0.0000	0.0000	0.0000	0.0000	0.0000	0.0000	0.0000	0.0000	0.0000	0.0000	0.0000	0.0000	0.0000	0.0000	0.0000	0.0000											
6	31	0.1066	3	1	0	2	0	0	0	0	0	N	N	Y	N	N	N	N	N	N	N	N	N	0.0000	0.0000	0.0000	0.0000	0.0000	0.0000	0.0000	0.0000	0.0000	0.0000	0.0000	0.0000	0.0000	9.7548	29.1860	0.0000	0.0000	0.0000	0.0000	11.4821	41.2200	0.0000	0.0000	0.0000	-0.7489	2.0000	2.9334	4.0000	4.9999	0.0000	0.0000	0.0000	0.0000	0.0000	0.0000	0.0000	0.0000	0.0000	1.0000	1.0000	0.0000	0.0000	0.0000	0.0000	1.0000	1.0000	0.0000	0.1155	0.1025	0.0130	0.0355	0.0338	0.0017	0.0799	0.0687	0.0112	0.1025	0.0343	0.0683	0.0154	0.0100	0.0054	0.0871	0.0243	0.0628	0.0000	0.0000	0.0000	0.0000	0.0000	0.0000	0.0000	0.0000	0.0000	9.7548	29.1860	0.0000	0.0000	0.0000	0.0000	11.4821	41.2200	0.0000						
6	32	0.1066	3	1	1	1	0	0	0	0	0	N	N	N	N	N	N	N	N	N	N	N	N	0.0000	0.0000	0.0000	0.0000	0.0000	0.0000	0.0000	0.0000	0.0000	0.0000	0.0000	0.0000	0.0000	21.5939	0.0000	32.4260	0.0000	0.0000	0.0000	25.4417	0.0000	35.2257	inf	0.0000	0.5021	2.0000	3.0666	4.0000	3.9999	0.0000	0.0000	0.0000	0.0000	0.0000	0.0000	0.0000	0.0000	0.0000	2.0000	0.0000	2.0000	0.0000	0.0000	0.0000	2.0000	0.0000	2.0000	0.1200	0.1065	0.0135	0.0366	0.0348	0.0018	0.0834	0.0717	0.0117	0.0926	0.0309	0.0617	0.0140	0.0091	0.0049	0.0786	0.0218	0.0568	0.0000	0.0000	0.0000	0.0000	0.0000	0.0000	0.0000	0.0000	0.0000	21.5939	0.0000	32.4260	0.0000	0.0000	0.0000	25.4417	0.0000	35.2257						
6	33	0.0541	2	2	0	2	0	0	0	0	0	Y	N	Y	N	N	N	N	N	N	N	N	N	0.0000	0.0000	0.0000	0.0000	0.0000	0.0000	0.0000	0.0000	0.0000	0.0000	0.0000	0.0000	0.0000	0.0000	0.0000	0.0000	17.7405	0.0018	25.2965	0.0053	0.0066	0.0000	19.7386	0.0000	26.0514	33052.6667	0.0000	0.2489	2.0000	0.9991	4.0000	2.0219	0.0000	0.0000	0.0000	0.0000	0.0000	0.0000	0.0000	0.0000	0.0000	0.9916	0.0000	0.9916	0.0000	0.0000	0.0000	0.9916	0.0000	0.9916	0.0348	0.0297	0.0052	0.0001	0.0001	0.0000	0.0348	0.0296	0.0052	0.0559	0.0167	0.0392	0.0057	0.0045	0.0011	0.0502	0.0122	0.0381	0.0000	0.0000	0.0000	0.0000	0.0000	0.0000	0.0000	0.0000	0.0000	17.7405	0.0018	25.2965	0.0053	0.0066	0.0000	19.7386	0.0000	26.0514			
6	34	0.1066	3	1	1	1	0	0	0	0	0	N	N	N	N	N	N	N	N	N	N	N	N	0.0000	0.0000	0.0000	0.0000	0.0000	0.0000	0.0000	0.0000	0.0000	0.0000	0.0000	0.0000	0.0000	8.0473	0.0000	12.0949	0.0000	0.0000	0.0000	9.4521	0.0000	13.1353	inf	0.0000	0.2511	2.0000	4.9334	4.0000	5.0001	0.0000	0.0000	0.0000	0.0000	0.0000	0.0000	0.0000	0.0000	0.0000	1.0000	0.0000	1.0000	0.0000	0.0000	0.0000	1.0000	0.0000	1.0000	0.1818	0.1609	0.0209	0.0505	0.0479	0.0027	0.1313	0.1131	0.0182	0.1243	0.0416	0.0827	0.0185	0.0119	0.0065	0.1058	0.0297	0.0761	0.0000	0.0000	0.0000	0.0000	0.0000	0.0000	0.0000	0.0000	0.0000	8.0473	0.0000	12.0949	0.0000	0.0000	0.0000	9.4521	0.0000	13.1353						
6	35	0.0541	2	2	0	2	0	0	0	0	0	Y	N	Y	N	N	N	N	N	N	N	N	N	0.0000	0.0000	0.0000	0.0000	0.0000	0.0000	0.0000	0.0000	0.0000	0.0000	0.0000	0.0000	0.0000	0.2105	0.6628	0.0000	1.6554	1.9470	0.0000	0.0000	0.0000	0.0000	0.0000	0.0000	-0.0063	2.0000	0.0009	4.0000	1.9867	0.0000	0.0000	0.0000	0.0000	0.0000	0.0000	0.0000	0.0000	0.0000	0.0084	0.0084	0.0000	0.0084	0.0084	0.0000	0.0000	0.0000	0.0000	0.0001	0.0001	0.0000	0.0000	0.0000	0.0000	0.0000	0.0000	0.0000	0.0401	0.0127	0.0274	0.0051	0.0043	0.0008	0.0350	0.0084	0.0266	0.0000	0.0000	0.0000	0.0000	0.0000	0.0000	0.0000	0.0000	0.0000	0.2105	0.6628	0.0000	1.6554	1.9470	0.0000	0.0000	0.0000	0.0000						
6	38	0.1066	3	1	0	2	0	0	0	0	0	N	N	Y	N	N	N	N	N	N	N	N	N	0.0000	0.0000	0.0000	0.0000	0.0000	0.0000	0.0000	0.0000	0.0000	0.0000	0.0000	0.0000	0.0000	0.0000	0.0000	0.0000	0.0000	0.0000	0.0000	0.0000	2.0000	3.0666	4.0000	2.9999	0.0000	0.0000	0.0000	0.0000	0.0000	0.0000	0.0000	0.0000	0.0000	0.0000	0.0000	0.0000	0.0000	0.0000	0.0000	0.0000	0.0000	0.0000	0.1200	0.1065	0.0135	0.0366	0.0348	0.0018	0.0834	0.0717	0.0117	0.0808	0.0270	0.0538	0.0123	0.0080	0.0043	0.0685	0.0190	0.0496	0.0000	0.0000	0.0000	0.0000	0.0000	0.0000	0.0000	0.0000	0.0000	0.0000	0.0000	0.0000	0.0000	0.0000	0.0000	0.0000	0.0000	0.0000											
6	39	0.1066	3	1	1	1	0	0	0	0	0	N	N	N	N	N	N	N	N	N	N	N	N	0.0000	0.0000	0.0000	0.0000	0.0000	0.0000	0.0000	0.0000	0.0000	0.0000	0.0000	0.0000	0.0000	12.6208	0.0000	18.9456	0.0000	0.0000	0.0000	14.8882	0.0000	20.5836	inf	0.0000	0.2511	2.0000	3.9334	4.0000	2.0001	0.0000	0.0000	0.0000	0.0000	0.0000	0.0000	0.0000	0.0000	0.0000	1.0000	0.0000	1.0000	0.0000	0.0000	0.0000	1.0000	0.0000	1.0000	0.1491	0.1321	0.0170	0.0432	0.0410	0.0022	0.1059	0.0911	0.0148	0.0792	0.0265	0.0528	0.0121	0.0079	0.0042	0.0672	0.0186	0.0486	0.0000	0.0000	0.0000	0.0000	0.0000	0.0000	0.0000	0.0000	0.0000	12.6208	0.0000	18.9456	0.0000	0.0000	0.0000	14.8882	0.0000	20.5836						
6	40	0.0700	4	2	1	2	0	0	0	0	0	Y	N	Y	N	N	N	N	N	N	N	N	N	0.0000	0.0000	0.0000	0.0000	0.0000	0.0000	0.0000	0.0000	0.0000	0.0000	0.0000	0.0000	0.0000	0.0000	0.0000	0.0000	0.0000	0.0000	0.0000	0.0000	2.0000	0.0000	4.0000	0.0000	0.0000	0.0000	0.0000	0.0000	0.0000	0.0000	0.0000	0.0000	0.0000	0.0000	0.0000	0.0000	0.0000	0.0000	0.0000	0.0000	0.0000	0.0000	0.0000	0.0000	0.0000	0.0000	0.0000	0.0000	0.0000	0.0000	0.0000	0.0000	0.0000	0.0000	0.0000	0.0000	0.0000	0.0000	0.0000	0.0000	0.0000	0.0000	0.0000	0.0000	0.0000	0.0000	0.0000	0.0000	0.0000	0.0000	0.0000	0.0000	0.0000	0.0000	0.0000	0.0000	0.0000	0.0000											
6	41	0.0700	3	2	1	2	0	0	0	0	0	Y	N	Y	N	N	N	N	N	N	N	N	N	0.0000	0.0000	0.0000	0.0000	0.0000	0.0000	0.0000	0.0000	0.0000	0.0000	0.0000	0.0000	0.0000	21.7983	0.0000	28.6997	0.0000	0.0000	0.0000	21.8206	0.0000	28.6997	inf	0.0000	0.2510	2.0000	1.0000	4.0000	1.9999	0.0000	0.0000	0.0000	0.0000	0.0000	0.0000	0.0000	0.0000	0.0000	0.9999	0.0000	0.9999	0.0000	0.0000	0.0000	0.9999	0.0000	0.9999	0.0363	0.0313	0.0050	0.0047	0.0045	0.0003	0.0316	0.0269	0.0047	0.0459	0.0110	0.0348	0.0000	0.0000	0.0000	0.0458	0.0110	0.0348	0.0000	0.0000	0.0000	0.0000	0.0000	0.0000	0.0000	0.0000	0.0000	21.7983	0.0000	28.6997	0.0000	0.0000	0.0000	21.8206	0.0000	28.6997						
6	42	0.2479	6	2	1	1	0	0	0	0	0	Y	N	N	N	N	N	N	N	N	N	N	N	0.0000	0.0000	0.0000	0.0000	0.0000	0.0000	0.0000	0.0000	0.0000	0.0000	0.0000	0.0000	0.0000	0.0000	0.0000	0.0000	22.6037	0.0006	39.5447	0.0010	0.0011	0.0000	30.0856	0.0000	41.1069	94075.0000	0.0000	0.2362	2.0000	0.0007	4.0000	2.0242	0.0000	0.0000	0.0000	0.0000	0.0000	0.0000	0.0000	0.0000	0.0000	0.9408	0.0000	0.9407	0.0000	0.0000	0.0000	0.9407	0.0000	0.9407	0.0001	0.0001	0.0000	0.0001	0.0001	0.0000	0.0000	0.0000	0.0000	0.0416	0.0178	0.0238	0.0104	0.0094	0.0009	0.0313	0.0084	0.0229	0.0000	0.0000	0.0000	0.0000	0.0000	0.0000	0.0000	0.0000	0.0000	22.6037	0.0006	39.5447	0.0010	0.0011	0.0000	30.0856	0.0000	41.1069			
6	43	0.1510	4	1	1	1	1	0	0	0	0	N	N	N	N	N	N	N	N	N	N	N	N	0.0000	0.0000	0.0000	0.0000	0.0000	0.0000	0.0000	0.0000	0.0000	0.0000	0.0000	0.0000	0.0000	0.0000	0.0000	0.0000	0.0000	0.0000	0.0000	0.0000	2.0000	0.0000	4.0000	0.0000	0.0000	0.0000	0.0000	0.0000	0.0000	0.0000	0.0000	0.0000	0.0000	0.0000	0.0000	0.0000	0.0000	0.0000	0.0000	0.0000	0.0000	0.0000	0.0000	0.0000	0.0000	0.0000	0.0000	0.0000	0.0000	0.0000	0.0000	0.0000	0.0000	0.0000	0.0000	0.0000	0.0000	0.0000	0.0000	0.0000	0.0000	0.0000	0.0000	0.0000	0.0000	0.0000	0.0000	0.0000	0.0000	0.0000	0.0000	0.0000	0.0000	0.0000	0.0000	0.0000	0.0000	0.0000											
6	44	0.1510	4	1	0	1	1	0	0	0	0	N	N	N	N	N	N	N	N	N	N	N	N	0.0000	0.0000	0.0000	0.0000	0.0000	0.0000	0.0000	0.0000	0.0000	0.0000	0.0000	0.0000	0.0000	0.0000	0.0000	0.0000	0.0000	0.0000	0.0000	0.0000	2.0000	0.0000	4.0000	0.0000	0.0000	0.0000	0.0000	0.0000	0.0000	0.0000	0.0000	0.0000	0.0000	0.0000	0.0000	0.0000	0.0000	0.0000	0.0000	0.0000	0.0000	0.0000	0.0000	0.0000	0.0000	0.0000	0.0000	0.0000	0.0000	0.0000	0.0000	0.0000	0.0000	0.0000	0.0000	0.0000	0.0000	0.0000	0.0000	0.0000	0.0000	0.0000	0.0000	0.0000	0.0000	0.0000	0.0000	0.0000	0.0000	0.0000	0.0000	0.0000	0.0000	0.0000	0.0000	0.0000	0.0000	0.0000											
6	45	0.1066	3	1	0	1	1	0	0	0	0	N	N	N	N	N	N	N	N	N	N	N	N	0.0000	0.0000	0.0000	0.0000	0.0000	0.0000	0.0000	0.0000	0.0000	0.0000	0.0000	0.0000	0.0000	21.5939	0.0000	32.4260	0.0000	0.0000	0.0000	25.4417	0.0000	35.2257	inf	0.0000	0.5021	2.0000	3.0666	4.0000	3.9999	0.0000	0.0000	0.0000	0.0000	0.0000	0.0000	0.0000	0.0000	0.0000	2.0000	0.0000	2.0000	0.0000	0.0000	0.0000	2.0000	0.0000	2.0000	0.1200	0.1065	0.0135	0.0366	0.0348	0.0018	0.0834	0.0717	0.0117	0.0926	0.0309	0.0617	0.0140	0.0091	0.0049	0.0786	0.0218	0.0568	0.0000	0.0000	0.0000	0.0000	0.0000	0.0000	0.0000	0.0000	0.0000	21.5939	0.0000	32.4260	0.0000	0.0000	0.0000	25.4417	0.0000	35.2257						
6	47	0.1048	4	2	1	1	0	0	0	0	0	Y	N	N	N	N	N	N	N	N	N	N	N	0.0123	4.6008	0.0000	0.0000	0.0000	0.0150	inf	0.0000	0.0027	0.0030	0.0000	0.0000	0.0000	0.0000	0.0038	0.0044	0.0000	0.2173	0.0007	0.3601	0.0019	0.0019	0.0000	0.2524	0.0000	0.3624	0.0000	827.0000	-0.0000	0.0021	2.0000	0.9991	4.0000	2.0273	0.0001	0.0001	0.0000	0.0000	0.0000	0.0000	0.0001	0.0001	0.0000	0.0083	0.0000	0.0083	0.0000	0.0000	0.0000	0.0083	0.0000	0.0083	0.0373	0.0329	0.0044	0.0108	0.0101	0.0007	0.0265	0.0228	0.0037	0.0381	0.0151	0.0230	0.0053	0.0052	0.0001	0.0328	0.0099	0.0228	0.0123	4.6008	0.0000	0.0000	0.0000	0.0000	0.0150	inf	0.0000	0.2173	0.0007	0.3601	0.0019	0.0019	0.0000	0.2524	0.0000	0.3624	
6	48	0.0672	3	2	1	1	0	0	0	0	0	Y	N	N	N	N	N	N	N	N	N	N	N	0.5437	768.9524	0.0000	0.7508	0.7775	0.7361	inf	0.0000	5.2036	5.7321	0.0000	0.0174	0.0180	0.0000	7.8360	8.9158	0.0000	9.5703	0.0075	13.9597	0.0232	0.0232	0.0000	10.6454	0.0000	13.9617	0.0000	4079.8153	-0.1775	0.2426	2.0000	3.1828	4.0000	3.1571	0.8975	0.8975	0.0000	0.0010	0.0010	0.0000	0.8965	0.8965	0.0000	0.9671	0.0002	0.9669	0.0002	0.0002	0.0000	0.9669	0.0000	0.9669	0.1725	0.1566	0.0159	0.0581	0.0560	0.0020	0.1144	0.1005	0.0139	0.1011	0.0318	0.0693	0.0102	0.0102	0.0000	0.0908	0.0216	0.0693	0.5437	768.9524	0.0000	0.7508	0.7775	0.0000	0.7361	inf	0.0000	9.5703	0.0075	13.9597	0.0232	0.0232	0.0000	10.6454	0.0000	13.9617	
6	49	0.0630	2	1	1	1	0	0	0	0	0	N	N	N	N	N	N	N	N	N	N	N	N	1.8917	2.8897	0.1198	0.0319	0.0328	inf	3.8611	inf	0.1503	1.2456	1.3282	0.0929	0.0239	0.0245	0.0005	2.4407	2.7141	0.1166	0.6585	0.4596	0.7757	0.7476	0.7477	0.0000	0.6321	0.0000	0.7757	0.0050	2.8623	-0.0201	-0.0003	2.0000	0.8922	4.0000	1.0748	0.1043	0.1038	0.0005	0.0010	0.0010	0.0000	0.1033	0.1028	0.0005	0.0335	0.0087	0.0248	0.0087	0.0087	0.0000	0.0248	0.0000	0.0248	0.0837	0.0781	0.0056	0.0414	0.0403	0.0011	0.0423	0.0379	0.0045	0.0509	0.0189	0.0320	0.0116	0.0116	0.0000	0.0393	0.0073	0.0320	1.8917	2.8897	0.1198	0.0319	0.0328	inf	3.8611	inf	0.1503	0.6585	0.4596	0.7757	0.7476	0.7477	0.0000	0.6321	0.0000	0.7757
6	52	0.1632	4	1	0	1	0	0	0	0	0	N	N	N	N	N	N	N	N	N	N	N	N	0.0000	0.0000	0.0000	0.0000	0.0000	0.0000	0.0000	0.0000	0.0000	0.0000	0.0000	0.0000	0.0000	0.0163	0.0417	0.0000	0.1152	0.1217	0.0000	0.0000	0.0000	0.0000	0.0000	0.0000	-0.0009	2.0000	3.0179	4.0000	1.1627	0.0000	0.0000	0.0000	0.0000	0.0000	0.0000	0.0000	0.0000	0.0000	0.0013	0.0013	0.0000	0.0013	0.0013	0.0000	0.0000	0.0000	0.0000	0.1222	0.1083	0.0138	0.0382	0.0363	0.0019	0.0839	0.0720	0.0119	0.0768	0.0300	0.0468	0.0109	0.0103	0.0006	0.0660	0.0197	0.0462	0.0000	0.0000	0.0000	0.0000	0.0000	0.0000	0.0000	0.0000	0.0000	0.0163	0.0417	0.0000	0.1152	0.1217	0.0000	0.0000	0.0000	0.0000						
6	54	0.1632	4	1	1	1	0	0	0	0	0	N	N	N	N	N	N	N	N	N	N	N	N	0.0000	0.0000	0.0000	0.0000	0.0000	0.0000	0.0000	0.0000	0.0000	0.0000	0.0000	0.0000	0.0000	0.0094	0.0286	0.0000	0.1108	0.1231	0.0000	0.0000	0.0000	0.0000	0.0000	0.0000	-0.0009	2.0000	2.0683	4.0000	6.9961	0.0000	0.0000	0.0000	0.0000	0.0000	0.0000	0.0000	0.0000	0.0000	0.0013	0.0013	0.0000	0.0013	0.0013	0.0000	0.0000	0.0000	0.0000	0.0869	0.0771	0.0098	0.0286	0.0271	0.0015	0.0583	0.0500	0.0083	0.1326	0.0438	0.0889	0.0113	0.0102	0.0011	0.1214	0.0336	0.0877	0.0000	0.0000	0.0000	0.0000	0.0000	0.0000	0.0000	0.0000	0.0000	0.0094	0.0286	0.0000	0.1108	0.1231	0.0000	0.0000	0.0000	0.0000						
6	55	0.1066	3	1	0	1	0	0	0	0	0	N	N	N	N	N	N	N	N	N	N	N	N	0.0000	0.0000	0.0000	0.0000	0.0000	0.0000	0.0000	0.0000	0.0000	0.0000	0.0000	0.0000	0.0000	0.0109	0.0000	0.0164	0.0000	0.0000	0.0000	0.0128	0.0000	0.0178	inf	0.0000	0.0003	2.0000	3.9265	4.0000	5.0808	0.0000	0.0000	0.0000	0.0000	0.0000	0.0000	0.0000	0.0000	0.0000	0.0013	0.0000	0.0013	0.0000	0.0000	0.0000	0.0013	0.0000	0.0013	0.1489	0.1319	0.0170	0.0432	0.0410	0.0022	0.1057	0.0910	0.0148	0.1144	0.0383	0.0761	0.0171	0.0111	0.0060	0.0973	0.0272	0.0701	0.0000	0.0000	0.0000	0.0000	0.0000	0.0000	0.0000	0.0000	0.0000	0.0109	0.0000	0.0164	0.0000	0.0000	0.0000	0.0128	0.0000	0.0178						
6	57	0.2417	8	1	1	1	0	0	0	0	0	N	N	N	N	N	N	N	N	N	N	N	N	6.3767	387.7134	0.0000	0.1392	0.1384	9.0143	inf	0.0000	2.5210	2.7953	0.0000	0.0023	0.0025	0.0000	4.3678	5.0351	0.0000	0.3954	0.0072	0.7026	0.0167	0.0177	0.0000	0.4845	0.0000	0.7164	0.0000	123.1053	-0.1977	0.0172	2.0000	9.7645	4.0000	7.4558	0.9992	0.9992	0.0000	0.0004	0.0004	0.0000	0.9988	0.9988	0.0000	0.0707	0.0006	0.0702	0.0006	0.0006	0.0000	0.0702	0.0000	0.0702	0.3963	0.3575	0.0389	0.1677	0.1591	0.0086	0.2287	0.1984	0.0303	0.1789	0.0791	0.0999	0.0341	0.0322	0.0019	0.1448	0.0469	0.0979	6.3767	387.7134	0.0000	0.1392	0.1384	0.0000	9.0143	inf	0.0000	0.3954	0.0072	0.7026	0.0167	0.0177	0.0000	0.4845	0.0000	0.7164	
6	58	0.2973	9	1	0	2	0	0	0	0	0	N	N	Y	N	N	N	N	N	N	N	N	N	0.0000	0.0000	0.0000	0.0000	0.0000	0.0000	0.0000	0.0000	0.0000	0.0000	0.0000	0.0000	0.0000	0.0020	0.0000	0.0039	0.0000	0.0000	0.0000	0.0026	0.0000	0.0040	inf	0.0000	0.0000	2.0000	1.0009	4.0000	0.0163	0.0000	0.0000	0.0000	0.0000	0.0000	0.0000	0.0000	0.0000	0.0000	0.0000	0.0000	0.0000	0.0000	0.0000	0.0000	0.0000	0.0000	0.0000	0.0518	0.0468	0.0050	0.0311	0.0291	0.0020	0.0207	0.0177	0.0030	0.0098	0.0047	0.0051	0.0021	0.0020	0.0001	0.0077	0.0027	0.0050	0.0000	0.0000	0.0000	0.0000	0.0000	0.0000	0.0000	0.0000	0.0000	0.0020	0.0000	0.0039	0.0000	0.0000	0.0000	0.0026	0.0000	0.0040						
6	59	0.2819	8	1	0	1	0	0	0	0	0	N	N	N	N	N	N	N	N	N	N	N	N	0.0000	0.0000	0.0000	0.0000	0.0000	0.0000	0.0000	0.0000	0.0000	0.0000	0.0000	0.0000	0.0000	0.0000	0.0000	0.0000	0.0045	0.0022	0.0065	0.0048	0.0051	0.0000	0.0044	0.0000	0.0066	3.5002	0.0000	0.0000	2.0000	1.9961	4.0000	0.0521	0.0000	0.0000	0.0000	0.0000	0.0000	0.0000	0.0000	0.0000	0.0000	0.0001	0.0000	0.0001	0.0000	0.0000	0.0000	0.0001	0.0000	0.0001	0.0978	0.0882	0.0096	0.0541	0.0507	0.0034	0.0437	0.0375	0.0062	0.0200	0.0091	0.0108	0.0042	0.0039	0.0002	0.0158	0.0052	0.0106	0.0000	0.0000	0.0000	0.0000	0.0000	0.0000	0.0000	0.0000	0.0000	0.0045	0.0022	0.0065	0.0048	0.0051	0.0000	0.0044	0.0000	0.0066			
6	60	0.2742	7	1	0	1	0	0	0	0	0	N	N	N	N	N	N	N	N	N	N	N	N	0.0000	0.0000	0.0000	0.0000	0.0000	0.0000	0.0000	0.0000	0.0000	0.0000	0.0000	0.0000	0.0000	0.0000	0.0000	0.0000	0.0448	0.0141	0.0711	0.0304	0.0320	0.0000	0.0488	0.0000	0.0726	5.8591	0.0000	0.0001	2.0000	0.0081	4.0000	1.0507	0.0000	0.0000	0.0000	0.0000	0.0000	0.0000	0.0000	0.0000	0.0000	0.0005	0.0001	0.0004	0.0001	0.0001	0.0000	0.0004	0.0000	0.0004	0.0006	0.0006	0.0000	0.0003	0.0003	0.0000	0.0003	0.0003	0.0000	0.0107	0.0049	0.0058	0.0023	0.0022	0.0001	0.0084	0.0028	0.0056	0.0000	0.0000	0.0000	0.0000	0.0000	0.0000	0.0000	0.0000	0.0000	0.0448	0.0141	0.0711	0.0304	0.0320	0.0000	0.0488	0.0000	0.0726			
6	61	0.2254	6	1	0	1	0	0	0	0	0	N	N	N	N	N	N	N	N	N	N	N	N	0.0000	0.0000	0.0000	0.0000	0.0000	0.0000	0.0000	0.0000	0.0000	0.0000	0.0000	0.0000	0.0000	0.0000	0.0000	0.0000	0.9658	0.0101	1.6981	0.0194	0.0200	0.0000	1.2422	0.0000	1.7202	219.2074	0.0000	0.0219	2.0000	3.0167	4.0000	3.2580	0.0000	0.0000	0.0000	0.0000	0.0000	0.0000	0.0000	0.0000	0.0000	0.0889	0.0004	0.0885	0.0004	0.0004	0.0000	0.0885	0.0000	0.0885	0.1405	0.1268	0.0137	0.0648	0.0616	0.0031	0.0757	0.0652	0.0105	0.0920	0.0399	0.0521	0.0208	0.0201	0.0007	0.0712	0.0198	0.0514	0.0000	0.0000	0.0000	0.0000	0.0000	0.0000	0.0000	0.0000	0.0000	0.9658	0.0101	1.6981	0.0194	0.0200	0.0000	1.2422	0.0000	1.7202			
6	62	0.1506	5	1	1	1	0	0	0	0	0	N	N	N	N	N	N	N	N	N	N	N	N	0.0000	0.0001	0.0000	0.0001	0.0001	0.0000	0.0000	0.0000	0.0001	0.0000	0.0001	0.0001	0.0000	0.0000	0.0000	0.0000	9.3980	0.5282	15.4978	0.7854	0.9707	0.0000	12.6487	0.0000	16.9983	0.0000	42.6667	-0.0000	0.2245	2.0000	3.3327	4.0000	4.3103	0.0000	0.0000	0.0000	0.0000	0.0000	0.0000	0.0000	0.0000	0.0000	0.9838	0.0225	0.9613	0.0225	0.0225	0.0000	0.9613	0.0000	0.9613	0.2101	0.1900	0.0200	0.1217	0.1147	0.0070	0.0883	0.0753	0.0130	0.1047	0.0427	0.0620	0.0287	0.0232	0.0055	0.0760	0.0194	0.0566	0.0000	0.0001	0.0000	0.0001	0.0001	0.0000	0.0000	0.0000	0.0000	9.3980	0.5282	15.4978	0.7854	0.9707	0.0000	12.6487	0.0000	16.9983		
6	63	0.1266	4	1	0	1	0	0	0	0	0	N	N	N	N	N	N	N	N	N	N	N	N	0.0001	0.0000	0.0004	0.0000	0.0000	0.0001	0.0000	0.0005	0.0000	0.0000	0.0005	0.0000	0.0000	0.0000	0.0001	0.0000	0.0008	0.8009	0.0082	1.3289	0.0117	0.0150	0.0000	1.0605	0.0878	1.4644	inf	243.4250	0.0000	0.0152	2.0000	3.2669	4.0000	2.4507	0.0000	0.0000	0.0000	0.0000	0.0000	0.0000	0.0000	0.0000	0.0000	0.0615	0.0003	0.0612	0.0002	0.0002	0.0000	0.0612	0.0000	0.0612	0.2187	0.1993	0.0194	0.1240	0.1179	0.0062	0.0947	0.0814	0.0132	0.0767	0.0307	0.0461	0.0190	0.0147	0.0043	0.0577	0.0159	0.0418	0.0001	0.0000	0.0004	0.0000	0.0000	0.0000	0.0001	0.0000	0.0005	0.8009	0.0082	1.3289	0.0117	0.0150	0.0000	1.0605	0.0019	1.4644	
6	64	0.0700	4	2	0	2	0	0	0	0	0	Y	N	Y	N	N	N	N	N	N	N	N	N	0.0000	0.0000	0.0000	0.0000	0.0000	0.0000	0.0000	0.0000	0.0000	0.0000	0.0000	0.0000	0.0000	0.0000	0.0000	0.0000	0.0000	0.0000	0.0000	0.0000	2.0000	0.0000	4.0000	1.0000	0.0000	0.0000	0.0000	0.0000	0.0000	0.0000	0.0000	0.0000	0.0000	0.0000	0.0000	0.0000	0.0000	0.0000	0.0000	0.0000	0.0000	0.0000	0.0000	0.0000	0.0000	0.0000	0.0000	0.0000	0.0000	0.0000	0.0000	0.0159	0.0038	0.0121	0.0000	0.0000	0.0000	0.0159	0.0038	0.0121	0.0000	0.0000	0.0000	0.0000	0.0000	0.0000	0.0000	0.0000	0.0000	0.0000	0.0000	0.0000	0.0000	0.0000	0.0000	0.0000	0.0000	0.0000											
6	65	0.0700	3	2	0	2	0	0	0	0	0	Y	N	Y	N	N	N	N	N	N	N	N	N	0.0000	0.0000	0.0000	0.0000	0.0000	0.0000	0.0000	0.0000	0.0000	0.0000	0.0000	0.0000	0.0000	4.8724	10.1664	0.0000	10.5769	10.5769	0.0000	0.0000	0.0000	0.0000	0.0000	0.0000	-0.0001	2.0000	0.0000	4.0000	0.0001	0.0000	0.0000	0.0000	0.0000	0.0000	0.0000	0.0000	0.0000	0.0000	0.0001	0.0001	0.0000	0.0001	0.0001	0.0000	0.0000	0.0000	0.0000	0.0000	0.0000	0.0000	0.0000	0.0000	0.0000	0.0000	0.0000	0.0000	0.0000	0.0000	0.0000	0.0000	0.0000	0.0000	0.0000	0.0000	0.0000	0.0000	0.0000	0.0000	0.0000	0.0000	0.0000	0.0000	0.0000	0.0000	4.8724	10.1664	0.0000	10.5769	10.5769	0.0000	0.0000	0.0000	0.0000						
6	66	0.0577	2	2	0	2	0	0	0	0	0	Y	N	Y	N	N	N	N	N	N	N	N	N	0.0029	0.0010	0.0000	0.0000	0.0000	1.8955	inf	0.0000	0.0042	0.0048	0.0000	0.0000	0.0000	0.0000	0.0048	0.0057	0.0000	1.4622	4.7545	0.0032	11.7070	11.7071	0.0000	0.0025	0.0000	0.0032	0.0000	0.0015	-0.0001	-0.0462	2.0000	1.9720	4.0000	0.0923	0.0003	0.0003	0.0000	0.0000	0.0000	0.0000	0.0003	0.0003	0.0000	0.0617	0.0617	0.0001	0.0617	0.0617	0.0000	0.0001	0.0000	0.0001	0.0720	0.0621	0.0098	0.0096	0.0091	0.0006	0.0623	0.0531	0.0093	0.0422	0.0130	0.0293	0.0053	0.0053	0.0000	0.0370	0.0077	0.0293	0.0029	0.0010	0.0000	0.0000	0.0000	0.0000	1.8955	inf	0.0000	1.4622	4.7545	0.0032	11.7070	11.7071	0.0000	0.0025	0.0000	0.0032	
6	68	0.1841	5	1	1	1	1	0	0	0	0	N	N	N	N	N	N	N	N	N	N	N	N	0.0000	0.0000	0.0000	0.0000	0.0000	0.0000	0.0000	0.0000	0.0000	0.0000	0.0000	0.0000	0.0000	0.4812	1.3257	0.0000	4.2781	4.4110	0.0000	0.0000	0.0000	0.0000	0.0000	0.0000	-0.0339	2.0000	2.7513	4.0000	4.0954	0.0000	0.0000	0.0000	0.0000	0.0000	0.0000	0.0000	0.0000	0.0000	0.0453	0.0453	0.0000	0.0453	0.0453	0.0000	0.0000	0.0000	0.0000	0.1365	0.1235	0.0130	0.0684	0.0649	0.0035	0.0681	0.0586	0.0095	0.0941	0.0342	0.0599	0.0106	0.0103	0.0003	0.0835	0.0239	0.0596	0.0000	0.0000	0.0000	0.0000	0.0000	0.0000	0.0000	0.0000	0.0000	0.4812	1.3257	0.0000	4.2781	4.4110	0.0000	0.0000	0.0000	0.0000						
6	69	0.1066	3	1	1	1	0	0	0	0	0	N	N	N	N	N	N	N	N	N	N	N	N	0.6205	inf	0.0000	0.7084	inf	0.0000	3.0151	3.4103	0.0000	0.0000	0.0000	0.0000	4.0063	4.6320	0.0000	4.8596	0.0000	7.3285	0.0000	0.0000	0.0000	5.6557	0.0000	7.9498	0.0000	inf	-0.1978	0.2511	2.0000	9.9334	4.0000	8.9999	1.0000	1.0000	0.0000	0.0000	0.0000	0.0000	1.0000	1.0000	0.0000	1.0000	0.0000	1.0000	0.0000	0.0000	0.0000	1.0000	0.0000	1.0000	0.3317	0.2932	0.0384	0.0821	0.0773	0.0047	0.2496	0.2159	0.0337	0.2058	0.0693	0.1365	0.0290	0.0183	0.0107	0.1768	0.0510	0.1258	0.6205	inf	0.0000	0.0000	0.0000	0.0000	0.7084	inf	0.0000	4.8596	0.0000	7.3285	0.0000	0.0000	0.0000	5.6557	0.0000	7.9498			
6	70	0.1066	3	1	1	1	0	0	0	0	0	N	N	N	N	N	N	N	N	N	N	N	N	0.0000	0.0000	0.0000	0.0000	0.0000	0.0000	0.0000	0.0000	0.0000	0.0000	0.0000	0.0000	0.0000	35.7005	0.0000	53.5663	0.0000	0.0000	0.0000	42.2022	0.0000	58.2068	inf	0.0000	0.5021	2.0000	0.0666	4.0000	4.0001	0.0000	0.0000	0.0000	0.0000	0.0000	0.0000	0.0000	0.0000	0.0000	2.0000	0.0000	2.0000	0.0000	0.0000	0.0000	2.0000	0.0000	2.0000	0.0128	0.0124	0.0004	0.0110	0.0108	0.0001	0.0019	0.0016	0.0003	0.0560	0.0187	0.0373	0.0086	0.0057	0.0030	0.0474	0.0130	0.0344	0.0000	0.0000	0.0000	0.0000	0.0000	0.0000	0.0000	0.0000	0.0000	35.7005	0.0000	53.5663	0.0000	0.0000	0.0000	42.2022	0.0000	58.2068						
6	74	0.1266	4	1	1	1	0	0	0	0	0	N	N	N	N	N	N	N	N	N	N	N	N	0.0000	0.0000	0.0000	0.0000	0.0000	0.0000	0.0000	0.0000	0.0000	0.0000	0.0000	0.0000	0.0000	0.0027	0.0069	0.0000	0.0113	0.0148	0.0000	0.0000	0.0000	0.0000	0.0000	0.0000	-0.0002	2.0000	1.8678	4.0000	4.6278	0.0000	0.0000	0.0000	0.0000	0.0000	0.0000	0.0000	0.0000	0.0000	0.0002	0.0002	0.0000	0.0002	0.0002	0.0000	0.0000	0.0000	0.0000	0.1720	0.1581	0.0139	0.1106	0.1054	0.0052	0.0614	0.0528	0.0086	0.0844	0.0333	0.0511	0.0203	0.0156	0.0048	0.0641	0.0177	0.0463	0.0000	0.0000	0.0000	0.0000	0.0000	0.0000	0.0000	0.0000	0.0000	0.0027	0.0069	0.0000	0.0113	0.0148	0.0000	0.0000	0.0000	0.0000						
6	75	0.1066	3	1	0	1	0	0	0	0	0	N	N	N	N	N	N	N	N	N	N	N	N	0.0000	0.0000	0.0000	0.0000	0.0000	0.0000	0.0000	0.0000	0.0000	0.0000	0.0000	0.0000	0.0000	0.0032	0.0000	0.0048	0.0000	0.0000	0.0000	0.0038	0.0000	0.0052	inf	0.0000	0.0001	2.0000	4.7010	4.0000	0.6064	0.0000	0.0000	0.0000	0.0000	0.0000	0.0000	0.0000	0.0000	0.0000	0.0002	0.0000	0.0002	0.0000	0.0000	0.0000	0.0002	0.0000	0.0002	0.1743	0.1543	0.0200	0.0489	0.0463	0.0026	0.1254	0.1080	0.0174	0.0716	0.0239	0.0477	0.0109	0.0071	0.0038	0.0607	0.0168	0.0439	0.0000	0.0000	0.0000	0.0000	0.0000	0.0000	0.0000	0.0000	0.0000	0.0032	0.0000	0.0048	0.0000	0.0000	0.0000	0.0038	0.0000	0.0052						
6	78	0.2302	7	2	1	1	1	0	0	0	0	Y	N	N	N	N	N	N	N	N	N	N	N	0.0000	0.0000	0.0000	0.0000	0.0000	0.0000	0.0000	0.0000	0.0000	0.0000	0.0000	0.0000	0.0000	0.0000	0.0000	0.0000	25.9447	0.0042	37.4542	0.0146	0.0234	0.0000	28.4736	0.0000	39.3460	19966.4000	0.0000	0.2506	2.0000	1.0000	4.0000	2.0144	0.0000	0.0000	0.0000	0.0000	0.0000	0.0000	0.0000	0.0000	0.0000	0.9984	0.0000	0.9983	0.0000	0.0000	0.0000	0.9983	0.0000	0.9983	0.0412	0.0368	0.0044	0.0159	0.0151	0.0008	0.0253	0.0217	0.0036	0.0385	0.0118	0.0267	0.0034	0.0021	0.0013	0.0351	0.0097	0.0254	0.0000	0.0000	0.0000	0.0000	0.0000	0.0000	0.0000	0.0000	0.0000	25.9447	0.0042	37.4542	0.0146	0.0234	0.0000	28.4736	0.0000	39.3460			
6	79	0.2080	6	2	1	1	1	0	0	0	0	Y	N	N	N	N	N	N	N	N	N	N	N	0.0000	0.0000	0.0000	0.0000	0.0000	0.0000	0.0000	0.0000	0.0000	0.0000	0.0000	0.0000	0.0000	0.0453	0.0000	0.0649	0.0000	0.0000	0.0000	0.0492	0.0000	0.0681	inf	0.0000	0.0004	2.0000	0.0001	4.0000	3.0180	0.0000	0.0000	0.0000	0.0000	0.0000	0.0000	0.0000	0.0000	0.0000	0.0017	0.0000	0.0017	0.0000	0.0000	0.0000	0.0017	0.0000	0.0017	0.0000	0.0000	0.0000	0.0000	0.0000	0.0000	0.0000	0.0000	0.0000	0.0382	0.0116	0.0266	0.0031	0.0019	0.0012	0.0351	0.0097	0.0254	0.0000	0.0000	0.0000	0.0000	0.0000	0.0000	0.0000	0.0000	0.0000	0.0453	0.0000	0.0649	0.0000	0.0000	0.0000	0.0492	0.0000	0.0681						
6	80	0.2300	8	1	1	1	1	0	0	0	0	N	N	N	N	N	N	N	N	N	N	N	N	0.0000	0.0000	0.0000	0.0000	0.0000	0.0000	0.0000	0.0000	0.0000	0.0000	0.0000	0.0000	0.0000	0.0000	0.0000	0.0000	0.0000	0.0000	0.0000	0.0000	2.0000	0.0000	4.0000	0.0000	0.0000	0.0000	0.0000	0.0000	0.0000	0.0000	0.0000	0.0000	0.0000	0.0000	0.0000	0.0000	0.0000	0.0000	0.0000	0.0000	0.0000	0.0000	0.0000	0.0000	0.0000	0.0000	0.0000	0.0000	0.0000	0.0000	0.0000	0.0000	0.0000	0.0000	0.0000	0.0000	0.0000	0.0000	0.0000	0.0000	0.0000	0.0000	0.0000	0.0000	0.0000	0.0000	0.0000	0.0000	0.0000	0.0000	0.0000	0.0000	0.0000	0.0000	0.0000	0.0000	0.0000	0.0000											
6	81	0.2080	6	1	0	2	1	0	0	0	0	N	N	Y	N	N	N	N	N	N	N	N	N	0.0000	0.0000	0.0000	0.0000	0.0000	0.0000	0.0000	0.0000	0.0000	0.0000	0.0000	0.0000	0.0000	0.0000	0.0000	0.0000	0.0000	0.0000	0.0000	0.0000	2.0000	2.0000	4.0000	0.0000	0.0000	0.0000	0.0000	0.0000	0.0000	0.0000	0.0000	0.0000	0.0000	0.0000	0.0000	0.0000	0.0000	0.0000	0.0000	0.0000	0.0000	0.0000	0.0807	0.0721	0.0087	0.0307	0.0291	0.0016	0.0500	0.0430	0.0071	0.0257	0.0078	0.0180	0.0021	0.0012	0.0008	0.0237	0.0065	0.0171	0.0000	0.0000	0.0000	0.0000	0.0000	0.0000	0.0000	0.0000	0.0000	0.0000	0.0000	0.0000	0.0000	0.0000	0.0000	0.0000	0.0000	0.0000											
6	82	0.2080	6	1	0	2	1	0	0	0	0	N	N	Y	N	N	N	N	N	N	N	N	N	0.0000	0.0000	0.0000	0.0000	0.0000	0.0000	0.0000	0.0000	0.0000	0.0000	0.0000	0.0000	0.0000	0.0000	0.0000	0.0000	0.0000	0.0000	0.0000	0.0000	2.0000	0.0000	4.0000	4.0000	0.0000	0.0000	0.0000	0.0000	0.0000	0.0000	0.0000	0.0000	0.0000	0.0000	0.0000	0.0000	0.0000	0.0000	0.0000	0.0000	0.0000	0.0000	0.0000	0.0000	0.0000	0.0000	0.0000	0.0000	0.0000	0.0000	0.0000	0.0499	0.0152	0.0347	0.0040	0.0024	0.0016	0.0459	0.0127	0.0331	0.0000	0.0000	0.0000	0.0000	0.0000	0.0000	0.0000	0.0000	0.0000	0.0000	0.0000	0.0000	0.0000	0.0000	0.0000	0.0000	0.0000	0.0000											
6	83	0.2300	8	1	0	2	1	0	0	0	0	N	N	Y	N	N	N	N	N	N	N	N	N	0.0000	0.0000	0.0000	0.0000	0.0000	0.0000	0.0000	0.0000	0.0000	0.0000	0.0000	0.0000	0.0000	0.0000	0.0000	0.0000	0.0000	0.0000	0.0000	0.0000	2.0000	0.0000	4.0000	2.0000	0.0000	0.0000	0.0000	0.0000	0.0000	0.0000	0.0000	0.0000	0.0000	0.0000	0.0000	0.0000	0.0000	0.0000	0.0000	0.0000	0.0000	0.0000	0.0000	0.0000	0.0000	0.0000	0.0000	0.0000	0.0000	0.0000	0.0000	0.0255	0.0075	0.0180	0.0018	0.0009	0.0009	0.0237	0.0065	0.0171	0.0000	0.0000	0.0000	0.0000	0.0000	0.0000	0.0000	0.0000	0.0000	0.0000	0.0000	0.0000	0.0000	0.0000	0.0000	0.0000	0.0000	0.0000											
6	84	0.2227	7	1	0	1	1	0	0	0	0	N	N	N	N	N	N	N	N	N	N	N	N	0.0000	0.0000	0.0000	0.0000	0.0000	0.0000	0.0000	0.0000	0.0000	0.0000	0.0000	0.0000	0.0000	0.0799	0.2672	0.0000	0.9362	1.6188	0.0000	0.0000	0.0000	0.0000	0.0000	0.0000	-0.0008	2.0000	1.0000	4.0000	0.0015	0.0000	0.0000	0.0000	0.0000	0.0000	0.0000	0.0000	0.0000	0.0000	0.0011	0.0011	0.0000	0.0011	0.0011	0.0000	0.0000	0.0000	0.0000	0.0412	0.0368	0.0044	0.0159	0.0151	0.0008	0.0253	0.0217	0.0036	0.0133	0.0040	0.0093	0.0011	0.0007	0.0005	0.0121	0.0033	0.0088	0.0000	0.0000	0.0000	0.0000	0.0000	0.0000	0.0000	0.0000	0.0000	0.0799	0.2672	0.0000	0.9362	1.6188	0.0000	0.0000	0.0000	0.0000						
6	85	0.2080	6	1	0	1	1	0	0	0	0	N	N	N	N	N	N	N	N	N	N	N	N	0.0000	0.0000	0.0000	0.0000	0.0000	0.0000	0.0000	0.0000	0.0000	0.0000	0.0000	0.0000	0.0000	0.0412	0.0000	0.0590	0.0000	0.0000	0.0000	0.0448	0.0000	0.0618	inf	0.0000	0.0003	2.0000	0.0000	4.0000	2.0013	0.0000	0.0000	0.0000	0.0000	0.0000	0.0000	0.0000	0.0000	0.0000	0.0011	0.0000	0.0011	0.0000	0.0000	0.0000	0.0011	0.0000	0.0011	0.0000	0.0000	0.0000	0.0000	0.0000	0.0000	0.0000	0.0000	0.0000	0.0258	0.0078	0.0180	0.0021	0.0012	0.0008	0.0237	0.0065	0.0171	0.0000	0.0000	0.0000	0.0000	0.0000	0.0000	0.0000	0.0000	0.0000	0.0412	0.0000	0.0590	0.0000	0.0000	0.0000	0.0448	0.0000	0.0618						
6	86	0.2479	6	2	1	1	0	0	0	0	0	Y	N	N	N	N	N	N	N	N	N	N	N	0.0000	0.0000	0.0000	0.0000	0.0000	0.0000	0.0000	0.0000	0.0000	0.0000	0.0000	0.0000	0.0000	2.0185	4.1537	0.0000	6.2234	6.5296	0.0000	0.0000	0.0000	0.0000	0.0000	0.0000	-0.0444	2.0000	0.0007	4.0000	0.9812	0.0000	0.0000	0.0000	0.0000	0.0000	0.0000	0.0000	0.0000	0.0000	0.0593	0.0593	0.0000	0.0593	0.0593	0.0000	0.0000	0.0000	0.0000	0.0001	0.0001	0.0000	0.0001	0.0001	0.0000	0.0000	0.0000	0.0000	0.0294	0.0143	0.0151	0.0095	0.0091	0.0004	0.0198	0.0052	0.0146	0.0000	0.0000	0.0000	0.0000	0.0000	0.0000	0.0000	0.0000	0.0000	2.0185	4.1537	0.0000	6.2234	6.5296	0.0000	0.0000	0.0000	0.0000						
6	87	0.1921	5	2	1	1	0	0	0	0	0	Y	N	N	N	N	N	N	N	N	N	N	N	0.0000	0.0000	0.0000	0.0000	0.0000	0.0000	0.0000	0.0000	0.0000	0.0000	0.0000	0.0000	0.0000	0.0000	0.0000	0.0000	0.7137	0.1015	0.9919	0.3658	0.5768	0.0000	0.7467	0.0000	1.0400	21.4884	0.0000	0.0128	2.0000	5.0272	4.0000	2.1572	0.0000	0.0000	0.0000	0.0000	0.0000	0.0000	0.0000	0.0000	0.0000	0.0618	0.0027	0.0591	0.0027	0.0027	0.0000	0.0591	0.0000	0.0591	0.2008	0.1800	0.0208	0.0784	0.0746	0.0038	0.1223	0.1053	0.0170	0.0866	0.0271	0.0596	0.0075	0.0048	0.0027	0.0791	0.0223	0.0568	0.0000	0.0000	0.0000	0.0000	0.0000	0.0000	0.0000	0.0000	0.0000	0.7137	0.1015	0.9919	0.3658	0.5768	0.0000	0.7467	0.0000	1.0400			
6	88	0.2453	7	1	1	1	0	0	0	0	0	N	N	N	N	N	N	N	N	N	N	N	N	0.0000	0.0000	0.0000	0.0000	0.0000	0.0000	0.0000	0.0000	0.0000	0.0000	0.0000	0.0000	0.0000	0.0000	0.0000	0.0000	0.0000	0.0000	0.0000	0.0000	2.0000	0.0000	4.0000	4.0000	0.0000	0.0000	0.0000	0.0000	0.0000	0.0000	0.0000	0.0000	0.0000	0.0000	0.0000	0.0000	0.0000	0.0000	0.0000	0.0000	0.0000	0.0000	0.0000	0.0000	0.0000	0.0000	0.0000	0.0000	0.0000	0.0000	0.0000	0.0502	0.0157	0.0344	0.0055	0.0037	0.0018	0.0447	0.0120	0.0326	0.0000	0.0000	0.0000	0.0000	0.0000	0.0000	0.0000	0.0000	0.0000	0.0000	0.0000	0.0000	0.0000	0.0000	0.0000	0.0000	0.0000	0.0000											
6	89	0.2080	6	1	1	1	0	0	0	0	0	N	N	N	N	N	N	N	N	N	N	N	N	0.0000	0.0000	0.0000	0.0000	0.0000	0.0000	0.0000	0.0000	0.0000	0.0000	0.0000	0.0000	0.0000	0.0000	0.0000	0.0000	0.0000	0.0000	0.0000	0.0000	2.0000	3.0000	4.0000	2.0000	0.0000	0.0000	0.0000	0.0000	0.0000	0.0000	0.0000	0.0000	0.0000	0.0000	0.0000	0.0000	0.0000	0.0000	0.0000	0.0000	0.0000	0.0000	0.1188	0.1060	0.0128	0.0446	0.0422	0.0024	0.0742	0.0638	0.0104	0.0614	0.0187	0.0427	0.0050	0.0030	0.0020	0.0564	0.0157	0.0407	0.0000	0.0000	0.0000	0.0000	0.0000	0.0000	0.0000	0.0000	0.0000	0.0000	0.0000	0.0000	0.0000	0.0000	0.0000	0.0000	0.0000	0.0000											
6	90	0.2080	6	2	1	1	0	0	0	0	0	Y	N	N	N	N	N	N	N	N	N	N	N	0.0000	0.0000	0.0000	0.0000	0.0000	0.0000	0.0000	0.0000	0.0000	0.0000	0.0000	0.0000	0.0000	0.0000	0.0000	0.0000	0.0000	0.0000	0.0000	0.0000	2.0000	2.0000	4.0000	3.0000	0.0000	0.0000	0.0000	0.0000	0.0000	0.0000	0.0000	0.0000	0.0000	0.0000	0.0000	0.0000	0.0000	0.0000	0.0000	0.0000	0.0000	0.0000	0.0807	0.0721	0.0087	0.0307	0.0291	0.0016	0.0500	0.0430	0.0071	0.0614	0.0187	0.0427	0.0050	0.0030	0.0020	0.0564	0.0157	0.0407	0.0000	0.0000	0.0000	0.0000	0.0000	0.0000	0.0000	0.0000	0.0000	0.0000	0.0000	0.0000	0.0000	0.0000	0.0000	0.0000	0.0000	0.0000											
6	91	0.1921	5	1	0	1	0	0	0	0	0	N	N	N	N	N	N	N	N	N	N	N	N	0.0000	0.0000	0.0000	0.0000	0.0000	0.0000	0.0000	0.0000	0.0000	0.0000	0.0000	0.0000	0.0000	0.1027	0.3214	0.0000	1.0191	1.4733	0.0000	0.0000	0.0000	0.0000	0.0000	0.0000	-0.0022	2.0000	2.0705	4.0000	0.0351	0.0000	0.0000	0.0000	0.0000	0.0000	0.0000	0.0000	0.0000	0.0000	0.0029	0.0029	0.0000	0.0029	0.0029	0.0000	0.0000	0.0000	0.0000	0.0940	0.0848	0.0092	0.0417	0.0399	0.0018	0.0523	0.0450	0.0074	0.0284	0.0091	0.0193	0.0029	0.0020	0.0009	0.0256	0.0071	0.0185	0.0000	0.0000	0.0000	0.0000	0.0000	0.0000	0.0000	0.0000	0.0000	0.1027	0.3214	0.0000	1.0191	1.4733	0.0000	0.0000	0.0000	0.0000						
6	92	0.1667	4	1	0	1	0	0	0	0	0	N	N	N	N	N	N	N	N	N	N	N	N	0.0000	0.0000	0.0000	0.0000	0.0000	0.0000	0.0000	0.0000	0.0000	0.0000	0.0000	0.0000	0.0000	0.0000	0.0000	0.0000	0.2217	0.4631	0.0878	1.2431	1.5748	0.0000	0.0652	0.0000	0.0918	0.3421	0.0000	-0.0056	2.0000	3.4249	4.0000	0.1413	0.0000	0.0000	0.0000	0.0000	0.0000	0.0000	0.0000	0.0000	0.0000	0.0114	0.0085	0.0029	0.0085	0.0085	0.0000	0.0029	0.0000	0.0029	0.1826	0.1659	0.0167	0.0952	0.0904	0.0048	0.0874	0.0755	0.0119	0.0512	0.0183	0.0330	0.0068	0.0054	0.0014	0.0444	0.0129	0.0315	0.0000	0.0000	0.0000	0.0000	0.0000	0.0000	0.0000	0.0000	0.0000	0.2217	0.4631	0.0878	1.2431	1.5748	0.0000	0.0652	0.0000	0.0918			
6	98	0.3035	9	1	0	1	0	0	0	0	0	N	N	N	N	N	N	N	N	N	N	N	N	0.0000	0.0000	0.0000	0.0000	0.0000	0.0000	0.0000	0.0000	0.0000	0.0000	0.0000	0.0000	0.0000	0.0000	0.0000	0.0000	0.4904	0.0986	0.9732	0.1673	0.1774	0.0000	0.6463	0.0000	1.0150	8.0067	0.0000	0.0151	2.0000	4.9999	4.0000	9.0821	0.0000	0.0000	0.0000	0.0000	0.0000	0.0000	0.0000	0.0000	0.0000	0.1079	0.0120	0.0959	0.0120	0.0120	0.0000	0.0959	0.0000	0.0959	0.2774	0.2524	0.0250	0.1497	0.1409	0.0087	0.1277	0.1115	0.0162	0.2200	0.1214	0.0986	0.0716	0.0675	0.0041	0.1484	0.0539	0.0945	0.0000	0.0000	0.0000	0.0000	0.0000	0.0000	0.0000	0.0000	0.0000	0.4904	0.0986	0.9732	0.1673	0.1774	0.0000	0.6463	0.0000	1.0150			
7	8	0.2012	7	2	1	1	1	0	0	0	0	Y	N	N	N	N	N	N	N	N	N	N	N	0.0000	0.0000	0.0000	0.0000	0.0000	0.0000	0.0000	0.0000	0.0000	0.0000	0.0000	0.0000	0.0000	0.0072	0.0237	0.0000	0.0796	0.1233	0.0000	0.0000	0.0000	0.0000	0.0000	0.0000	-0.0000	0.0001	1.0000	0.9907	2.0000	0.0000	0.0000	0.0000	0.0000	0.0000	0.0000	0.0000	0.0000	0.0000	0.0001	0.0001	0.0000	0.0001	0.0001	0.0000	0.0000	0.0000	0.0000	0.0000	0.0000	0.0000	0.0000	0.0000	0.0000	0.0000	0.0000	0.0000	0.0069	0.0021	0.0048	0.0006	0.0004	0.0002	0.0063	0.0017	0.0046	0.0000	0.0000	0.0000	0.0000	0.0000	0.0000	0.0000	0.0000	0.0000	0.0072	0.0237	0.0000	0.0796	0.1233	0.0000	0.0000	0.0000	0.0000						
7	9	0.1860	8	1	1	1	1	0	0	0	0	N	N	N	N	N	N	N	N	N	N	N	N	1715.6130	120227.8809	0.0000	5399.6655	47277.3629	0.0000	0.0000	0.0000	0.1531	0.1590	0.0000	0.1715	0.1757	0.0000	0.0000	0.0000	0.0000	0.0001	0.0000	0.0002	0.0000	0.0000	0.0003	0.0001	0.0000	0.0002	0.0062	156.4643	-0.0000	0.0000	0.0001	0.0035	0.9907	1.9666	0.0000	0.0000	0.0000	0.0000	0.0000	0.0000	0.0000	0.0000	0.0000	0.0000	0.0000	0.0000	0.0000	0.0000	0.0000	0.0000	0.0000	0.0000	0.0000	0.0000	0.0000	0.0000	0.0000	0.0000	0.0000	0.0000	0.0000	0.0049	0.0021	0.0028	0.0009	0.0008	0.0002	0.0040	0.0014	0.0027	1715.6130	120227.8809	0.0000	5399.6655	47277.3629	0.0000	0.0000	0.0000	0.0000	0.0001	0.0000	0.0002	0.0000	0.0000	0.0002	0.0001	0.0000	0.0002	
7	10	0.1748	7	1	1	1	1	0	0	0	0	N	N	N	N	N	N	N	N	N	N	N	N	0.6063	0.1485	6.1229	0.2845	0.1249	2.2358	0.6430	3.1416	0.0005	0.0002	0.0033	0.0007	0.0004	0.0075	0.0003	0.0000	0.0017	0.0008	0.0013	0.0005	0.0026	0.0028	0.0034	0.0004	0.0000	0.0005	1.8947	0.6674	0.0000	-0.0000	0.0001	1.9652	0.9907	3.8608	0.0000	0.0000	0.0000	0.0000	0.0000	0.0000	0.0000	0.0000	0.0000	0.0000	0.0000	0.0000	0.0000	0.0000	0.0000	0.0000	0.0000	0.0000	0.0000	0.0000	0.0000	0.0000	0.0000	0.0000	0.0000	0.0000	0.0000	0.0194	0.0074	0.0120	0.0039	0.0035	0.0004	0.0154	0.0039	0.0115	0.6063	0.1485	6.1229	0.2845	0.1249	9.7154	0.6430	0.0000	3.1416	0.0008	0.0013	0.0005	0.0026	0.0028	0.0008	0.0004	0.0000	0.0005	
7	11	0.2012	7	2	2	0	1	0	0	0	0	Y	Y	N	N	N	N	N	N	N	N	N	N	0.0000	0.0000	0.0000	0.0000	0.0000	0.0000	0.0000	0.0000	0.0000	0.0000	0.0000	0.0000	0.0000	0.0037	0.0119	0.0000	0.0392	0.0611	0.0000	0.0000	0.0000	0.0000	0.0000	0.0000	-0.0001	0.0001	1.0000	0.9907	8.0000	0.0000	0.0000	0.0000	0.0000	0.0000	0.0000	0.0000	0.0000	0.0000	0.0001	0.0001	0.0000	0.0001	0.0001	0.0000	0.0000	0.0000	0.0000	0.0000	0.0000	0.0000	0.0000	0.0000	0.0000	0.0000	0.0000	0.0000	0.0189	0.0059	0.0130	0.0018	0.0011	0.0006	0.0171	0.0047	0.0124	0.0000	0.0000	0.0000	0.0000	0.0000	0.0000	0.0000	0.0000	0.0000	0.0037	0.0119	0.0000	0.0392	0.0611	0.0000	0.0000	0.0000	0.0000						
7	12	0.0294	2	1	1	1	2	0	0	0	0	N	N	N	Y	N	N	N	N	N	N	N	N	0.0000	0.0000	0.0000	0.0000	0.0000	0.0000	0.0000	0.0000	0.0000	0.0000	0.0000	0.0000	0.0000	0.0022	0.0066	0.0000	0.1904	0.1996	0.0000	0.0000	0.0000	0.0000	0.0000	0.0000	-0.0000	0.0001	0.0000	0.9907	1.0000	0.0000	0.0000	0.0000	0.0000	0.0000	0.0000	0.0000	0.0000	0.0000	0.0000	0.0000	0.0000	0.0000	0.0000	0.0000	0.0000	0.0000	0.0000	0.0000	0.0000	0.0000	0.0000	0.0000	0.0000	0.0000	0.0000	0.0000	0.0045	0.0015	0.0030	0.0001	0.0001	0.0000	0.0044	0.0015	0.0030	0.0000	0.0000	0.0000	0.0000	0.0000	0.0000	0.0000	0.0000	0.0000	0.0022	0.0066	0.0000	0.1904	0.1996	0.0000	0.0000	0.0000	0.0000						
7	13	0.2012	7	1	2	0	1	0	0	0	0	N	Y	N	N	N	N	N	N	N	N	N	N	0.0000	0.0000	0.0000	0.0000	0.0000	0.0000	0.0000	0.0000	0.0000	0.0000	0.0000	0.0000	0.0000	0.0086	0.0281	0.0000	0.0947	0.1465	0.0000	0.0000	0.0000	0.0000	0.0000	0.0000	-0.0000	0.0001	1.0000	0.9907	1.0000	0.0000	0.0000	0.0000	0.0000	0.0000	0.0000	0.0000	0.0000	0.0000	0.0000	0.0000	0.0000	0.0000	0.0000	0.0000	0.0000	0.0000	0.0000	0.0000	0.0000	0.0000	0.0000	0.0000	0.0000	0.0000	0.0000	0.0000	0.0047	0.0014	0.0032	0.0004	0.0003	0.0001	0.0042	0.0011	0.0031	0.0000	0.0000	0.0000	0.0000	0.0000	0.0000	0.0000	0.0000	0.0000	0.0086	0.0281	0.0000	0.0947	0.1465	0.0000	0.0000	0.0000	0.0000						
7	14	0.0441	3	1	1	0	2	0	0	0	0	N	N	N	Y	N	N	N	N	N	N	N	N	0.0000	0.0000	0.0000	0.0000	0.0000	0.0000	0.0000	0.0000	0.0000	0.0000	0.0000	0.0000	0.0000	0.0000	0.0000	0.0000	0.0000	0.0046	0.0130	0.0000	0.1125	0.1175	0.0002	0.0000	0.0000	0.0000	0.0016	0.0000	-0.0000	0.0001	1.0000	0.9907	0.9994	0.0000	0.0000	0.0000	0.0000	0.0000	0.0000	0.0000	0.0000	0.0000	0.0000	0.0000	0.0000	0.0000	0.0000	0.0000	0.0000	0.0000	0.0000	0.0000	0.0000	0.0000	0.0000	0.0000	0.0000	0.0000	0.0000	0.0000	0.0088	0.0031	0.0057	0.0004	0.0003	0.0000	0.0084	0.0027	0.0057	0.0000	0.0000	0.0000	0.0000	0.0000	0.0000	0.0000	0.0000	0.0000	0.0046	0.0130	0.0000	0.1125	0.1175	0.0001	0.0000	0.0000	0.0000		
7	15	0.2012	7	1	2	0	1	0	0	0	0	N	Y	N	N	N	N	N	N	N	N	N	N	0.0000	0.0000	0.0000	0.0000	0.0000	0.0000	0.0000	0.0000	0.0000	0.0000	0.0000	0.0000	0.0000	0.0021	0.0070	0.0000	0.0237	0.0366	0.0000	0.0000	0.0000	0.0000	0.0000	0.0000	-0.0000	0.0001	0.0000	0.9907	2.0000	0.0000	0.0000	0.0000	0.0000	0.0000	0.0000	0.0000	0.0000	0.0000	0.0000	0.0000	0.0000	0.0000	0.0000	0.0000	0.0000	0.0000	0.0000	0.0000	0.0000	0.0000	0.0000	0.0000	0.0000	0.0000	0.0000	0.0000	0.0047	0.0014	0.0032	0.0004	0.0003	0.0001	0.0042	0.0011	0.0031	0.0000	0.0000	0.0000	0.0000	0.0000	0.0000	0.0000	0.0000	0.0000	0.0021	0.0070	0.0000	0.0237	0.0366	0.0000	0.0000	0.0000	0.0000						
7	16	0.0441	3	1	2	0	2	0	0	0	0	N	Y	N	Y	N	N	N	N	N	N	N	N	0.0000	0.0000	0.0000	0.0000	0.0000	0.0000	0.0000	0.0000	0.0000	0.0000	0.0000	0.0000	0.0000	0.0000	0.0000	0.0000	0.0000	0.0042	0.0017	0.0055	0.0150	0.0157	0.0001	0.0037	0.0000	0.0056	6.0117	0.0000	0.0000	0.0001	2.0000	0.9907	2.0010	0.0000	0.0000	0.0000	0.0000	0.0000	0.0000	0.0000	0.0000	0.0000	0.0001	0.0000	0.0001	0.0000	0.0000	0.0000	0.0001	0.0000	0.0001	0.0000	0.0000	0.0000	0.0000	0.0000	0.0000	0.0000	0.0000	0.0000	0.0167	0.0059	0.0108	0.0007	0.0006	0.0000	0.0160	0.0052	0.0108	0.0000	0.0000	0.0000	0.0000	0.0000	0.0000	0.0000	0.0000	0.0000	0.0042	0.0017	0.0055	0.0150	0.0157	0.0001	0.0037	0.0000	0.0056		
7	17	0.2162	8	2	2	0	1	0	0	0	0	Y	Y	N	N	N	N	N	N	N	N	N	N	477.6595	315.8431	0.0000	220.4069	219.4193	0.0000	0.0000	0.0000	0.0000	0.0803	0.0882	0.0000	0.1008	0.1096	0.0000	0.0000	0.0000	0.0000	0.0002	0.0003	0.0001	0.0005	0.0005	0.0002	0.0001	0.0023	0.0001	0.0000	0.3805	-0.0000	-0.0000	0.0001	0.0017	0.9907	0.9948	0.0000	0.0000	0.0000	0.0000	0.0000	0.0000	0.0000	0.0000	0.0000	0.0000	0.0000	0.0000	0.0000	0.0000	0.0000	0.0000	0.0000	0.0000	0.0000	0.0000	0.0000	0.0000	0.0000	0.0000	0.0000	0.0000	0.0000	0.0031	0.0014	0.0018	0.0008	0.0007	0.0001	0.0024	0.0007	0.0017	477.6595	315.8431	0.0000	220.4069	219.4193	0.0000	0.0000	0.0000	0.0000	0.0002	0.0003	0.0001	0.0005	0.0005	0.0001	0.0001	0.0001	0.0001
7	18	0.0667	3	1	2	0	1	0	0	0	0	N	Y	N	N	N	N	N	N	N	N	N	N	0.0000	0.0000	0.0000	0.0000	0.0000	0.0000	0.0000	0.0000	0.0000	0.0000	0.0000	0.0000	0.0000	0.0000	0.0000	0.0000	0.0000	0.0000	0.0000	0.0000	0.0001	0.0000	0.9907	0.0000	0.0000	0.0000	0.0000	0.0000	0.0000	0.0000	0.0000	0.0000	0.0000	0.0000	0.0000	0.0000	0.0000	0.0000	0.0000	0.0000	0.0000	0.0000	0.0000	0.0000	0.0000	0.0000	0.0000	0.0000	0.0000	0.0000	0.0000	0.0000	0.0000	0.0000	0.0000	0.0000	0.0000	0.0000	0.0000	0.0000	0.0000	0.0000	0.0000	0.0000	0.0000	0.0000	0.0000	0.0000	0.0000	0.0000	0.0000	0.0000	0.0000	0.0000	0.0000	0.0000	0.0000	0.0000											
7	19	0.1308	5	1	1	0	2	0	0	0	0	N	N	N	Y	N	N	N	N	N	N	N	N	0.0000	0.0000	0.0000	0.0000	0.0000	0.0000	0.0000	0.0000	0.0000	0.0000	0.0000	0.0000	0.0000	0.0008	0.0023	0.0000	0.0126	0.0190	0.0000	0.0000	0.0000	0.0000	0.0000	0.0000	-0.0000	0.0001	3.0666	0.9907	4.9999	0.0000	0.0000	0.0000	0.0000	0.0000	0.0000	0.0000	0.0000	0.0000	0.0000	0.0000	0.0000	0.0000	0.0000	0.0000	0.0000	0.0000	0.0000	0.0000	0.0000	0.0000	0.0000	0.0000	0.0000	0.0000	0.0000	0.0000	0.0262	0.0089	0.0173	0.0016	0.0011	0.0005	0.0246	0.0078	0.0168	0.0000	0.0000	0.0000	0.0000	0.0000	0.0000	0.0000	0.0000	0.0000	0.0008	0.0023	0.0000	0.0126	0.0190	0.0000	0.0000	0.0000	0.0000						
7	20	0.2228	8	2	1	1	1	0	0	0	0	Y	N	N	N	N	N	N	N	N	N	N	N	0.0000	0.0000	0.0000	0.0000	0.0000	0.0000	0.0000	0.0000	0.0000	0.0000	0.0000	0.0000	0.0000	0.0000	0.0000	0.0000	0.0000	0.0055	0.0152	0.0000	0.0272	0.0301	0.0001	0.0000	0.0000	0.0000	0.0053	0.0000	-0.0000	0.0001	0.9718	0.9907	0.9404	0.0000	0.0000	0.0000	0.0000	0.0000	0.0000	0.0000	0.0000	0.0000	0.0000	0.0000	0.0000	0.0000	0.0000	0.0000	0.0000	0.0000	0.0000	0.0000	0.0000	0.0000	0.0000	0.0000	0.0000	0.0000	0.0000	0.0000	0.0068	0.0025	0.0044	0.0014	0.0012	0.0001	0.0054	0.0012	0.0042	0.0000	0.0000	0.0000	0.0000	0.0000	0.0000	0.0000	0.0000	0.0000	0.0055	0.0152	0.0000	0.0272	0.0301	0.0001	0.0000	0.0000	0.0000		
7	21	0.1782	7	1	2	0	1	0	0	0	0	N	Y	N	N	N	N	N	N	N	N	N	N	0.0000	0.0000	0.0000	0.0000	0.0000	0.0000	0.0000	0.0000	0.0000	0.0000	0.0000	0.0000	0.0000	0.0000	0.0000	0.0000	0.0000	0.0003	0.0000	0.0005	0.0001	0.0000	0.0019	0.0003	0.0000	0.0005	43.7256	0.0000	0.0000	0.0001	0.9958	0.9907	0.0079	0.0000	0.0000	0.0000	0.0000	0.0000	0.0000	0.0000	0.0000	0.0000	0.0000	0.0000	0.0000	0.0000	0.0000	0.0000	0.0000	0.0000	0.0000	0.0000	0.0000	0.0000	0.0000	0.0000	0.0000	0.0000	0.0000	0.0000	0.0027	0.0011	0.0015	0.0005	0.0004	0.0001	0.0021	0.0007	0.0014	0.0000	0.0000	0.0000	0.0000	0.0000	0.0000	0.0000	0.0000	0.0000	0.0003	0.0000	0.0005	0.0001	0.0000	0.0005	0.0003	0.0000	0.0005		
7	22	0.1347	7	1	2	0	1	0	0	0	0	N	Y	N	N	N	N	N	N	N	N	N	N	566.3229	309.4835	0.0000	252.3413	242.4721	0.0000	21.4589	12.6668	0.0000	0.5210	0.5856	0.0000	0.9733	1.0556	0.0000	0.0024	0.0028	0.0000	0.0009	0.0019	0.0002	0.0039	0.0044	0.0009	0.0001	0.0002	0.0002	0.0000	0.1122	-0.0000	-0.0000	0.0001	4.0220	0.9907	5.3698	0.0000	0.0000	0.0000	0.0000	0.0000	0.0000	0.0000	0.0000	0.0000	0.0000	0.0000	0.0000	0.0000	0.0000	0.0000	0.0000	0.0000	0.0000	0.0000	0.0000	0.0000	0.0000	0.0000	0.0000	0.0000	0.0000	0.0000	0.0277	0.0121	0.0156	0.0060	0.0052	0.0007	0.0217	0.0068	0.0148	566.3229	309.4835	0.0000	252.3413	242.4721	0.0000	21.4589	487.1279	0.0000	0.0009	0.0019	0.0002	0.0039	0.0044	0.0003	0.0001	0.0000	0.0002
7	23	0.2012	7	2	2	0	1	0	0	0	0	Y	Y	N	N	N	N	N	N	N	N	N	N	0.0000	0.0000	0.0000	0.0000	0.0000	0.0000	0.0000	0.0000	0.0000	0.0000	0.0000	0.0000	0.0000	0.0000	0.0000	0.0000	0.0000	0.0000	0.0000	0.0000	0.0001	0.0000	0.9907	3.0000	0.0000	0.0000	0.0000	0.0000	0.0000	0.0000	0.0000	0.0000	0.0000	0.0000	0.0000	0.0000	0.0000	0.0000	0.0000	0.0000	0.0000	0.0000	0.0000	0.0000	0.0000	0.0000	0.0000	0.0000	0.0000	0.0000	0.0000	0.0069	0.0021	0.0048	0.0006	0.0004	0.0002	0.0063	0.0017	0.0046	0.0000	0.0000	0.0000	0.0000	0.0000	0.0000	0.0000	0.0000	0.0000	0.0000	0.0000	0.0000	0.0000	0.0000	0.0000	0.0000	0.0000	0.0000											
7	24	0.2014	9	1	2	0	1	0	0	0	0	N	Y	N	N	N	N	N	N	N	N	N	N	2386.0658	inf	0.0000	14008.3654	inf	0.0000	0.0000	0.0000	0.1735	0.1788	0.0000	0.1872	0.1909	0.0000	0.0000	0.0000	0.0000	0.0001	0.0000	0.0001	0.0000	0.0000	0.0001	0.0001	0.0000	0.0001	0.0000	inf	-0.0000	0.0000	0.0001	0.0018	0.9907	0.9893	0.0000	0.0000	0.0000	0.0000	0.0000	0.0000	0.0000	0.0000	0.0000	0.0000	0.0000	0.0000	0.0000	0.0000	0.0000	0.0000	0.0000	0.0000	0.0000	0.0000	0.0000	0.0000	0.0000	0.0000	0.0000	0.0000	0.0000	0.0025	0.0011	0.0014	0.0005	0.0004	0.0001	0.0020	0.0007	0.0013	2386.0658	inf	0.0000	14008.3654	inf	0.0000	0.0000	0.0000	0.0000	0.0001	0.0000	0.0001	0.0000	0.0000	0.0001	0.0001	0.0000	0.0001	
7	25	0.1308	5	2	2	0	1	0	0	0	0	Y	Y	N	N	N	N	N	N	N	N	N	N	0.0000	0.0000	0.0000	0.0000	0.0000	0.0000	0.0000	0.0000	0.0000	0.0000	0.0000	0.0000	0.0000	0.0010	0.0029	0.0000	0.0163	0.0247	0.0000	0.0000	0.0000	0.0000	0.0000	0.0000	-0.0000	0.0001	2.0666	0.9907	3.9999	0.0000	0.0000	0.0000	0.0000	0.0000	0.0000	0.0000	0.0000	0.0000	0.0000	0.0000	0.0000	0.0000	0.0000	0.0000	0.0000	0.0000	0.0000	0.0000	0.0000	0.0000	0.0000	0.0000	0.0000	0.0000	0.0000	0.0000	0.0205	0.0069	0.0136	0.0012	0.0008	0.0004	0.0192	0.0061	0.0132	0.0000	0.0000	0.0000	0.0000	0.0000	0.0000	0.0000	0.0000	0.0000	0.0010	0.0029	0.0000	0.0163	0.0247	0.0000	0.0000	0.0000	0.0000						
7	26	0.2012	7	1	2	0	1	0	0	0	0	N	Y	N	N	N	N	N	N	N	N	N	N	0.0000	0.0000	0.0000	0.0000	0.0000	0.0000	0.0000	0.0000	0.0000	0.0000	0.0000	0.0000	0.0000	0.0009	0.0029	0.0000	0.0097	0.0151	0.0000	0.0000	0.0000	0.0000	0.0000	0.0000	-0.0000	0.0001	1.0000	0.9907	4.0000	0.0000	0.0000	0.0000	0.0000	0.0000	0.0000	0.0000	0.0000	0.0000	0.0000	0.0000	0.0000	0.0000	0.0000	0.0000	0.0000	0.0000	0.0000	0.0000	0.0000	0.0000	0.0000	0.0000	0.0000	0.0000	0.0000	0.0000	0.0112	0.0034	0.0077	0.0010	0.0007	0.0004	0.0101	0.0028	0.0074	0.0000	0.0000	0.0000	0.0000	0.0000	0.0000	0.0000	0.0000	0.0000	0.0009	0.0029	0.0000	0.0097	0.0151	0.0000	0.0000	0.0000	0.0000						
7	27	0.2012	7	1	2	0	1	0	0	0	0	N	Y	N	N	N	N	N	N	N	N	N	N	0.0000	0.0000	0.0000	0.0000	0.0000	0.0000	0.0000	0.0000	0.0000	0.0000	0.0000	0.0000	0.0000	0.0058	0.0190	0.0000	0.0637	0.0986	0.0000	0.0000	0.0000	0.0000	0.0000	0.0000	-0.0000	0.0001	1.0000	0.9907	2.0000	0.0000	0.0000	0.0000	0.0000	0.0000	0.0000	0.0000	0.0000	0.0000	0.0000	0.0000	0.0000	0.0000	0.0000	0.0000	0.0000	0.0000	0.0000	0.0000	0.0000	0.0000	0.0000	0.0000	0.0000	0.0000	0.0000	0.0000	0.0069	0.0021	0.0048	0.0006	0.0004	0.0002	0.0063	0.0017	0.0046	0.0000	0.0000	0.0000	0.0000	0.0000	0.0000	0.0000	0.0000	0.0000	0.0058	0.0190	0.0000	0.0637	0.0986	0.0000	0.0000	0.0000	0.0000						
7	28	0.1308	5	1	2	1	2	0	0	0	0	N	Y	N	Y	N	N	N	N	N	N	N	N	773.2252	0.0000	inf	83.8001	0.0000	inf	0.8062	0.0000	6.1453	1.4056	0.0000	10.7094	0.0000	0.0000	0.0000	0.0010	0.0031	0.0000	0.0168	0.0252	0.0000	0.0000	0.0000	0.0000	inf	0.0000	0.0000	-0.0000	0.0001	3.9334	0.9907	8.9999	0.0000	0.0000	0.0000	0.0000	0.0000	0.0000	0.0000	0.0000	0.0000	0.0000	0.0000	0.0000	0.0000	0.0000	0.0000	0.0000	0.0000	0.0000	0.0000	0.0000	0.0000	0.0000	0.0000	0.0000	0.0000	0.0000	0.0000	0.0384	0.0131	0.0253	0.0024	0.0016	0.0008	0.0360	0.0115	0.0245	773.2252	0.0000	inf	83.8001	0.0000	inf	0.0000	0.0000	0.0000	0.0010	0.0031	0.0000	0.0168	0.0252	0.0000	0.0000	0.0000	0.0000			
7	29	0.1786	7	1	2	0	1	0	0	0	0	N	Y	N	N	N	N	N	N	N	N	N	N	2.4279	8.1063	0.0000	1.7953	3.0755	0.0000	0.0000	0.0000	0.0001	0.0002	0.0000	0.0002	0.0002	0.0000	0.0000	0.0000	0.0000	0.0001	0.0000	0.0001	0.0001	0.0001	0.0006	0.0000	0.0000	0.0001	0.0000	8.0565	-0.0000	0.0000	0.0001	7.9836	0.9907	2.1583	0.0000	0.0000	0.0000	0.0000	0.0000	0.0000	0.0000	0.0000	0.0000	0.0000	0.0000	0.0000	0.0000	0.0000	0.0000	0.0000	0.0000	0.0000	0.0000	0.0000	0.0000	0.0000	0.0000	0.0000	0.0000	0.0000	0.0000	0.0239	0.0080	0.0159	0.0027	0.0020	0.0007	0.0212	0.0060	0.0152	2.4279	8.1063	0.0000	1.7953	3.0755	0.0000	0.0000	0.0000	0.0000	0.0001	0.0000	0.0001	0.0001	0.0001	0.0002	0.0000	0.0000	0.0001	
7	30	0.1308	5	2	2	0	1	0	0	0	0	Y	Y	N	N	N	N	N	N	N	N	N	N	973.7355	0.0000	inf	109.9755	0.0000	inf	0.3608	0.0000	2.9037	0.6329	0.0000	5.1374	0.0000	0.0000	0.0000	0.0004	0.0011	0.0000	0.0058	0.0086	0.0000	0.0000	0.0000	0.0000	inf	0.0000	0.0000	-0.0000	0.0001	9.9334	0.9907	11.0001	0.0000	0.0000	0.0000	0.0000	0.0000	0.0000	0.0000	0.0000	0.0000	0.0000	0.0000	0.0000	0.0000	0.0000	0.0000	0.0000	0.0000	0.0000	0.0000	0.0000	0.0000	0.0000	0.0000	0.0000	0.0000	0.0000	0.0000	0.0540	0.0186	0.0354	0.0035	0.0023	0.0011	0.0505	0.0163	0.0342	973.7355	0.0000	inf	109.9755	0.0000	inf	0.0000	0.0000	0.0000	0.0004	0.0011	0.0000	0.0058	0.0086	0.0000	0.0000	0.0000	0.0000			
7	31	0.1308	5	1	1	1	1	0	0	0	0	N	N	N	N	N	N	N	N	N	N	N	N	0.0000	0.0000	0.0000	0.0000	0.0000	0.0000	0.0000	0.0000	0.0000	0.0000	0.0000	0.0000	0.0000	0.0008	0.0023	0.0000	0.0128	0.0193	0.0000	0.0000	0.0000	0.0000	0.0000	0.0000	-0.0000	0.0001	2.9334	0.9907	4.9999	0.0000	0.0000	0.0000	0.0000	0.0000	0.0000	0.0000	0.0000	0.0000	0.0000	0.0000	0.0000	0.0000	0.0000	0.0000	0.0000	0.0000	0.0000	0.0000	0.0000	0.0000	0.0000	0.0000	0.0000	0.0000	0.0000	0.0000	0.0258	0.0087	0.0171	0.0016	0.0010	0.0005	0.0243	0.0077	0.0166	0.0000	0.0000	0.0000	0.0000	0.0000	0.0000	0.0000	0.0000	0.0000	0.0008	0.0023	0.0000	0.0128	0.0193	0.0000	0.0000	0.0000	0.0000						
7	32	0.1308	5	1	2	0	1	0	0	0	0	N	Y	N	N	N	N	N	N	N	N	N	N	337.6311	0.0000	inf	35.5259	0.0000	inf	1.0103	0.0000	7.6489	1.7611	0.0000	13.3460	0.0000	0.0000	0.0000	0.0030	0.0089	0.0000	0.0496	0.0751	0.0000	0.0000	0.0000	0.0000	inf	0.0000	0.0000	-0.0001	0.0001	3.0666	0.9907	3.9999	0.0000	0.0000	0.0000	0.0000	0.0000	0.0000	0.0000	0.0000	0.0000	0.0001	0.0001	0.0000	0.0001	0.0001	0.0000	0.0000	0.0000	0.0000	0.0000	0.0000	0.0000	0.0000	0.0000	0.0000	0.0000	0.0000	0.0000	0.0234	0.0079	0.0155	0.0014	0.0009	0.0005	0.0220	0.0070	0.0150	337.6311	0.0000	inf	35.5259	0.0000	inf	0.0000	0.0000	0.0000	0.0030	0.0089	0.0000	0.0496	0.0751	0.0000	0.0000	0.0000	0.0000			
7	33	0.2191	8	2	1	1	1	0	0	0	0	Y	N	N	N	N	N	N	N	N	N	N	N	0.0000	0.0000	0.0000	0.0000	0.0000	0.0000	0.0000	0.0000	0.0000	0.0000	0.0000	0.0000	0.0000	0.0000	0.0000	0.0000	0.0000	0.0012	0.0033	0.0000	0.0098	0.0101	0.0057	0.0000	0.0000	0.0000	0.0282	0.0000	-0.0000	0.0001	0.9991	0.9907	2.0219	0.0000	0.0000	0.0000	0.0000	0.0000	0.0000	0.0000	0.0000	0.0000	0.0000	0.0000	0.0000	0.0000	0.0000	0.0000	0.0000	0.0000	0.0000	0.0000	0.0000	0.0000	0.0000	0.0000	0.0000	0.0000	0.0000	0.0000	0.0088	0.0030	0.0058	0.0010	0.0010	0.0000	0.0078	0.0020	0.0058	0.0000	0.0000	0.0000	0.0000	0.0000	0.0000	0.0000	0.0000	0.0000	0.0012	0.0033	0.0000	0.0098	0.0101	0.0011	0.0000	0.0000	0.0000		
7	34	0.1308	5	1	2	0	1	0	0	0	0	N	Y	N	N	N	N	N	N	N	N	N	N	1024.7791	0.0000	inf	109.5207	0.0000	inf	0.6582	0.0000	5.0603	1.1482	0.0000	8.8242	0.0000	0.0000	0.0000	0.0006	0.0019	0.0000	0.0105	0.0158	0.0000	0.0000	0.0000	0.0000	inf	0.0000	0.0000	-0.0000	0.0001	4.9334	0.9907	5.0001	0.0000	0.0000	0.0000	0.0000	0.0000	0.0000	0.0000	0.0000	0.0000	0.0000	0.0000	0.0000	0.0000	0.0000	0.0000	0.0000	0.0000	0.0000	0.0000	0.0000	0.0000	0.0000	0.0000	0.0000	0.0000	0.0000	0.0000	0.0311	0.0106	0.0206	0.0019	0.0013	0.0006	0.0292	0.0093	0.0199	1024.7791	0.0000	inf	109.5207	0.0000	inf	0.0000	0.0000	0.0000	0.0006	0.0019	0.0000	0.0105	0.0158	0.0000	0.0000	0.0000	0.0000			
7	35	0.2191	8	2	1	1	1	0	0	0	0	Y	N	N	N	N	N	N	N	N	N	N	N	0.0000	0.0000	0.0000	0.0000	0.0000	0.0000	0.0000	0.0000	0.0000	0.0000	0.0000	0.0000	0.0000	0.0000	0.0000	0.0000	0.0000	0.0015	0.0042	0.0000	0.0106	0.0108	0.0087	0.0000	0.0000	0.0000	0.0121	0.0000	-0.0000	0.0001	0.0009	0.9907	1.9867	0.0000	0.0000	0.0000	0.0000	0.0000	0.0000	0.0000	0.0000	0.0000	0.0000	0.0000	0.0000	0.0000	0.0000	0.0000	0.0000	0.0000	0.0000	0.0000	0.0000	0.0000	0.0000	0.0000	0.0000	0.0000	0.0000	0.0000	0.0064	0.0023	0.0041	0.0009	0.0009	0.0000	0.0055	0.0014	0.0041	0.0000	0.0000	0.0000	0.0000	0.0000	0.0000	0.0000	0.0000	0.0000	0.0015	0.0042	0.0000	0.0106	0.0108	0.0015	0.0000	0.0000	0.0000		
7	36	0.2012	7	2	1	1	1	0	0	0	0	Y	N	N	N	N	N	N	N	N	N	N	N	0.0000	0.0000	0.0000	0.0000	0.0000	0.0000	0.0000	0.0000	0.0000	0.0000	0.0000	0.0000	0.0000	0.0000	0.0000	0.0015	0.0002	0.0021	0.0162	0.0008	0.4419	0.0000	0.0000	0.0000	29.8366	0.0000	0.0000	0.0001	1.0009	0.9907	2.0357	0.0000	0.0000	0.0000	0.0000	0.0000	0.0000	0.0000	0.0000	0.0000	0.0000	0.0000	0.0000	0.0000	0.0000	0.0000	0.0000	0.0000	0.0000	0.0000	0.0000	0.0000	0.0000	0.0000	0.0000	0.0000	0.0000	0.0000	0.0070	0.0021	0.0048	0.0006	0.0004	0.0002	0.0063	0.0017	0.0046	0.0000	0.0000	0.0000	0.0000	0.0000	0.0000	0.0000	0.0000	0.0000	0.0015	0.0002	0.0021	0.0162	0.0008	0.0443	0.0000	0.0000	0.0000				
7	37	0.2012	7	2	1	1	1	0	0	0	0	Y	N	N	N	N	N	N	N	N	N	N	N	0.0000	0.0000	0.0000	0.0000	0.0000	0.0000	0.0000	0.0000	0.0000	0.0000	0.0000	0.0000	0.0000	0.0055	0.0180	0.0000	0.0602	0.0934	0.0000	0.0000	0.0000	0.0000	0.0000	0.0000	-0.0000	0.0001	1.0000	0.9907	3.0000	0.0000	0.0000	0.0000	0.0000	0.0000	0.0000	0.0000	0.0000	0.0000	0.0001	0.0001	0.0000	0.0001	0.0001	0.0000	0.0000	0.0000	0.0000	0.0000	0.0000	0.0000	0.0000	0.0000	0.0000	0.0000	0.0000	0.0000	0.0091	0.0028	0.0063	0.0008	0.0005	0.0003	0.0082	0.0022	0.0060	0.0000	0.0000	0.0000	0.0000	0.0000	0.0000	0.0000	0.0000	0.0000	0.0055	0.0180	0.0000	0.0602	0.0934	0.0000	0.0000	0.0000	0.0000						
7	38	0.1308	5	1	1	1	1	0	0	0	0	N	N	N	N	N	N	N	N	N	N	N	N	1034.3704	0.0000	inf	108.2576	0.0000	inf	1.0103	0.0000	7.6489	1.7611	0.0000	13.3460	0.0000	0.0000	0.0000	0.0010	0.0029	0.0000	0.0163	0.0247	0.0000	0.0000	0.0000	0.0000	inf	0.0000	0.0000	-0.0000	0.0001	3.0666	0.9907	2.9999	0.0000	0.0000	0.0000	0.0000	0.0000	0.0000	0.0000	0.0000	0.0000	0.0000	0.0000	0.0000	0.0000	0.0000	0.0000	0.0000	0.0000	0.0000	0.0000	0.0000	0.0000	0.0000	0.0000	0.0000	0.0000	0.0000	0.0000	0.0205	0.0069	0.0136	0.0012	0.0008	0.0004	0.0192	0.0061	0.0132	1034.3704	0.0000	inf	108.2576	0.0000	inf	0.0000	0.0000	0.0000	0.0010	0.0029	0.0000	0.0163	0.0247	0.0000	0.0000	0.0000	0.0000			
7	39	0.1308	5	1	2	0	1	0	0	0	0	N	Y	N	N	N	N	N	N	N	N	N	N	0.0000	0.0000	0.0000	0.0000	0.0000	0.0000	0.0000	0.0000	0.0000	0.0000	0.0000	0.0000	0.0000	0.0020	0.0059	0.0000	0.0332	0.0504	0.0000	0.0000	0.0000	0.0000	0.0000	0.0000	-0.0000	0.0001	3.9334	0.9907	2.0001	0.0000	0.0000	0.0000	0.0000	0.0000	0.0000	0.0000	0.0000	0.0000	0.0000	0.0000	0.0000	0.0000	0.0000	0.0000	0.0000	0.0000	0.0000	0.0000	0.0000	0.0000	0.0000	0.0000	0.0000	0.0000	0.0000	0.0000	0.0201	0.0068	0.0133	0.0012	0.0008	0.0004	0.0189	0.0060	0.0129	0.0000	0.0000	0.0000	0.0000	0.0000	0.0000	0.0000	0.0000	0.0000	0.0020	0.0059	0.0000	0.0332	0.0504	0.0000	0.0000	0.0000	0.0000						
7	40	0.2351	10	2	2	1	1	0	0	0	0	Y	Y	N	N	N	N	N	N	N	N	N	N	0.0000	0.0000	0.0000	0.0000	0.0000	0.0000	0.0000	0.0000	0.0000	0.0000	0.0000	0.0000	0.0000	0.0000	0.0000	0.0000	0.0000	0.0000	0.0000	0.0000	0.0001	0.0000	0.9907	0.0000	0.0000	0.0000	0.0000	0.0000	0.0000	0.0000	0.0000	0.0000	0.0000	0.0000	0.0000	0.0000	0.0000	0.0000	0.0000	0.0000	0.0000	0.0000	0.0000	0.0000	0.0000	0.0000	0.0000	0.0000	0.0000	0.0000	0.0000	0.0000	0.0000	0.0000	0.0000	0.0000	0.0000	0.0000	0.0000	0.0000	0.0000	0.0000	0.0000	0.0000	0.0000	0.0000	0.0000	0.0000	0.0000	0.0000	0.0000	0.0000	0.0000	0.0000	0.0000	0.0000	0.0000	0.0000											
7	41	0.2351	9	2	2	1	1	0	0	0	0	Y	Y	N	N	N	N	N	N	N	N	N	N	0.0000	0.0000	0.0000	0.0000	0.0000	0.0000	0.0000	0.0000	0.0000	0.0000	0.0000	0.0000	0.0000	0.0080	0.0267	0.0000	0.1005	0.1554	0.0000	0.0000	0.0000	0.0000	0.0000	0.0000	-0.0000	0.0001	1.0000	0.9907	1.9999	0.0000	0.0000	0.0000	0.0000	0.0000	0.0000	0.0000	0.0000	0.0000	0.0001	0.0001	0.0000	0.0001	0.0001	0.0000	0.0000	0.0000	0.0000	0.0000	0.0000	0.0000	0.0000	0.0000	0.0000	0.0000	0.0000	0.0000	0.0075	0.0022	0.0053	0.0006	0.0004	0.0002	0.0069	0.0019	0.0050	0.0000	0.0000	0.0000	0.0000	0.0000	0.0000	0.0000	0.0000	0.0000	0.0080	0.0267	0.0000	0.1005	0.1554	0.0000	0.0000	0.0000	0.0000						
7	42	0.1011	4	2	2	0	1	0	0	0	0	Y	Y	N	N	N	N	N	N	N	N	N	N	0.0000	0.0000	0.0000	0.0000	0.0000	0.0000	0.0000	0.0000	0.0000	0.0000	0.0000	0.0000	0.0000	0.0000	0.0000	0.0000	0.0000	0.0038	0.0095	0.0002	0.0217	0.0219	0.0226	0.0001	0.0000	0.0001	0.0260	0.0000	-0.0000	0.0001	0.0007	0.9907	2.0242	0.0000	0.0000	0.0000	0.0000	0.0000	0.0000	0.0000	0.0000	0.0000	0.0000	0.0000	0.0000	0.0000	0.0000	0.0000	0.0000	0.0000	0.0000	0.0000	0.0000	0.0000	0.0000	0.0000	0.0000	0.0000	0.0000	0.0000	0.0101	0.0040	0.0061	0.0017	0.0017	0.0000	0.0084	0.0022	0.0061	0.0000	0.0000	0.0000	0.0000	0.0000	0.0000	0.0000	0.0000	0.0000	0.0038	0.0095	0.0002	0.0217	0.0219	0.0036	0.0001	0.0000	0.0001		
7	43	0.1752	6	1	2	0	2	0	0	0	0	N	Y	N	Y	N	N	N	N	N	N	N	N	0.0000	0.0000	0.0000	0.0000	0.0000	0.0000	0.0000	0.0000	0.0000	0.0000	0.0000	0.0000	0.0000	0.0000	0.0000	0.0000	0.0000	0.0000	0.0000	0.0000	0.0001	0.0000	0.9907	0.0000	0.0000	0.0000	0.0000	0.0000	0.0000	0.0000	0.0000	0.0000	0.0000	0.0000	0.0000	0.0000	0.0000	0.0000	0.0000	0.0000	0.0000	0.0000	0.0000	0.0000	0.0000	0.0000	0.0000	0.0000	0.0000	0.0000	0.0000	0.0000	0.0000	0.0000	0.0000	0.0000	0.0000	0.0000	0.0000	0.0000	0.0000	0.0000	0.0000	0.0000	0.0000	0.0000	0.0000	0.0000	0.0000	0.0000	0.0000	0.0000	0.0000	0.0000	0.0000	0.0000	0.0000	0.0000											
7	44	0.1752	6	1	1	0	2	0	0	0	0	N	N	N	Y	N	N	N	N	N	N	N	N	0.0000	0.0000	0.0000	0.0000	0.0000	0.0000	0.0000	0.0000	0.0000	0.0000	0.0000	0.0000	0.0000	0.0000	0.0000	0.0000	0.0000	0.0000	0.0000	0.0000	0.0001	0.0000	0.9907	0.0000	0.0000	0.0000	0.0000	0.0000	0.0000	0.0000	0.0000	0.0000	0.0000	0.0000	0.0000	0.0000	0.0000	0.0000	0.0000	0.0000	0.0000	0.0000	0.0000	0.0000	0.0000	0.0000	0.0000	0.0000	0.0000	0.0000	0.0000	0.0000	0.0000	0.0000	0.0000	0.0000	0.0000	0.0000	0.0000	0.0000	0.0000	0.0000	0.0000	0.0000	0.0000	0.0000	0.0000	0.0000	0.0000	0.0000	0.0000	0.0000	0.0000	0.0000	0.0000	0.0000	0.0000	0.0000											
7	45	0.1308	5	1	1	0	2	0	0	0	0	N	N	N	Y	N	N	N	N	N	N	N	N	0.0000	0.0000	0.0000	0.0000	0.0000	0.0000	0.0000	0.0000	0.0000	0.0000	0.0000	0.0000	0.0000	0.0021	0.0063	0.0000	0.0354	0.0537	0.0000	0.0000	0.0000	0.0000	0.0000	0.0000	-0.0000	0.0001	3.0666	0.9907	3.9999	0.0000	0.0000	0.0000	0.0000	0.0000	0.0000	0.0000	0.0000	0.0000	0.0001	0.0001	0.0000	0.0001	0.0001	0.0000	0.0000	0.0000	0.0000	0.0000	0.0000	0.0000	0.0000	0.0000	0.0000	0.0000	0.0000	0.0000	0.0234	0.0079	0.0155	0.0014	0.0009	0.0005	0.0220	0.0070	0.0150	0.0000	0.0000	0.0000	0.0000	0.0000	0.0000	0.0000	0.0000	0.0000	0.0021	0.0063	0.0000	0.0354	0.0537	0.0000	0.0000	0.0000	0.0000						
7	46	0.2012	7	2	1	1	1	0	0	0	0	Y	N	N	N	N	N	N	N	N	N	N	N	0.0000	0.0000	0.0000	0.0000	0.0000	0.0000	0.0000	0.0000	0.0000	0.0000	0.0000	0.0000	0.0000	0.0086	0.0281	0.0000	0.0947	0.1465	0.0000	0.0000	0.0000	0.0000	0.0000	0.0000	-0.0000	0.0001	0.0000	0.9907	2.0000	0.0000	0.0000	0.0000	0.0000	0.0000	0.0000	0.0000	0.0000	0.0000	0.0000	0.0000	0.0000	0.0000	0.0000	0.0000	0.0000	0.0000	0.0000	0.0000	0.0000	0.0000	0.0000	0.0000	0.0000	0.0000	0.0000	0.0000	0.0047	0.0014	0.0032	0.0004	0.0003	0.0001	0.0042	0.0011	0.0031	0.0000	0.0000	0.0000	0.0000	0.0000	0.0000	0.0000	0.0000	0.0000	0.0086	0.0281	0.0000	0.0947	0.1465	0.0000	0.0000	0.0000	0.0000						
7	47	0.2162	8	2	2	0	1	0	0	0	0	Y	Y	N	N	N	N	N	N	N	N	N	N	4.4809	3.0568	0.0000	2.0194	2.1272	0.0000	0.0000	0.0000	0.0000	0.0003	0.0004	0.0000	0.0004	0.0005	0.0000	0.0000	0.0000	0.0000	0.0001	0.0001	0.0000	0.0002	0.0002	0.0000	0.0000	0.0010	0.0000	0.0000	0.3805	-0.0000	-0.0000	0.0001	0.9991	0.9907	2.0273	0.0000	0.0000	0.0000	0.0000	0.0000	0.0000	0.0000	0.0000	0.0000	0.0000	0.0000	0.0000	0.0000	0.0000	0.0000	0.0000	0.0000	0.0000	0.0000	0.0000	0.0000	0.0000	0.0000	0.0000	0.0000	0.0000	0.0000	0.0079	0.0033	0.0046	0.0016	0.0014	0.0003	0.0063	0.0019	0.0044	4.4809	3.0568	0.0000	2.0194	2.1272	0.0000	0.0000	0.0000	0.0000	0.0001	0.0001	0.0000	0.0002	0.0002	0.0000	0.0000	0.0000	0.0000
7	48	0.1786	7	2	2	0	1	0	0	0	0	Y	Y	N	N	N	N	N	N	N	N	N	N	84.9193	32.0238	0.0000	27.6199	22.7208	0.0000	0.2886	0.0028	0.0000	0.5718	0.6197	0.0000	0.7970	0.8480	0.0000	0.0010	0.0012	0.0000	0.0067	0.0194	0.0003	0.0289	0.0373	0.0015	0.0036	0.4219	0.0003	0.0000	0.0281	-0.0000	-0.0001	0.0001	3.1828	0.9907	3.1571	0.0000	0.0000	0.0000	0.0000	0.0000	0.0000	0.0000	0.0000	0.0000	0.0001	0.0001	0.0000	0.0001	0.0001	0.0000	0.0001	0.0000	0.0000	0.0000	0.0000	0.0000	0.0000	0.0000	0.0000	0.0000	0.0000	0.0000	0.0166	0.0056	0.0110	0.0020	0.0016	0.0005	0.0145	0.0040	0.0105	84.9193	32.0238	0.0000	27.6199	22.7208	0.0000	0.2886	0.0964	0.0000	0.0067	0.0194	0.0003	0.0289	0.0373	0.0004	0.0036	0.0124	0.0003
7	49	0.1744	6	1	2	0	1	0	0	0	0	N	Y	N	N	N	N	N	N	N	N	N	N	201.6606	133.7611	5.2819	70.9221	64.9791	1.0362	0.0000	0.0000	0.0000	0.2504	0.2687	0.0043	0.3509	0.3698	0.0081	0.0000	0.0000	0.0000	0.0012	0.0020	0.0008	0.0049	0.0057	0.0079	0.0006	0.0041	0.0008	0.0012	0.7452	-0.0000	-0.0000	0.0001	0.8922	0.9907	1.0748	0.0000	0.0000	0.0000	0.0000	0.0000	0.0000	0.0000	0.0000	0.0000	0.0000	0.0000	0.0000	0.0000	0.0000	0.0000	0.0000	0.0000	0.0000	0.0000	0.0000	0.0000	0.0000	0.0000	0.0000	0.0000	0.0000	0.0000	0.0061	0.0021	0.0039	0.0009	0.0007	0.0001	0.0052	0.0014	0.0038	201.6606	133.7611	5.2819	70.9221	64.9791	6.2538	0.0000	0.0000	0.0000	0.0012	0.0020	0.0008	0.0049	0.0057	0.0013	0.0006	0.0001	0.0008
7	50	0.2012	7	1	2	0	1	0	0	0	0	N	Y	N	N	N	N	N	N	N	N	N	N	0.0000	0.0000	0.0000	0.0000	0.0000	0.0000	0.0000	0.0000	0.0000	0.0000	0.0000	0.0000	0.0000	0.0000	0.0000	0.0000	0.0000	0.0000	0.0000	0.0000	0.0001	0.0000	0.9907	0.0000	0.0000	0.0000	0.0000	0.0000	0.0000	0.0000	0.0000	0.0000	0.0000	0.0000	0.0000	0.0000	0.0000	0.0000	0.0000	0.0000	0.0000	0.0000	0.0000	0.0000	0.0000	0.0000	0.0000	0.0000	0.0000	0.0000	0.0000	0.0000	0.0000	0.0000	0.0000	0.0000	0.0000	0.0000	0.0000	0.0000	0.0000	0.0000	0.0000	0.0000	0.0000	0.0000	0.0000	0.0000	0.0000	0.0000	0.0000	0.0000	0.0000	0.0000	0.0000	0.0000	0.0000	0.0000											
7	51	0.2012	7	2	2	0	1	0	0	0	0	Y	Y	N	N	N	N	N	N	N	N	N	N	0.0000	0.0000	0.0000	0.0000	0.0000	0.0000	0.0000	0.0000	0.0000	0.0000	0.0000	0.0000	0.0000	0.0033	0.0108	0.0000	0.0361	0.0560	0.0000	0.0000	0.0000	0.0000	0.0000	0.0000	-0.0000	0.0001	1.0000	0.9907	3.0000	0.0000	0.0000	0.0000	0.0000	0.0000	0.0000	0.0000	0.0000	0.0000	0.0000	0.0000	0.0000	0.0000	0.0000	0.0000	0.0000	0.0000	0.0000	0.0000	0.0000	0.0000	0.0000	0.0000	0.0000	0.0000	0.0000	0.0000	0.0091	0.0028	0.0063	0.0008	0.0005	0.0003	0.0082	0.0022	0.0060	0.0000	0.0000	0.0000	0.0000	0.0000	0.0000	0.0000	0.0000	0.0000	0.0033	0.0108	0.0000	0.0361	0.0560	0.0000	0.0000	0.0000	0.0000						
7	52	0.1874	6	1	1	0	1	0	0	0	0	N	N	N	N	N	N	N	N	N	N	N	N	28.9232	0.0000	140.6219	74.3144	0.0000	23.9231	4.1642	0.0000	17.9417	0.0254	0.0000	0.2161	0.0458	0.0000	0.5550	0.0039	0.0000	0.0255	0.0009	0.0000	0.0015	0.0006	0.0001	0.0232	0.0009	0.0001	0.0014	inf	71.1199	0.0000	0.0000	0.0001	3.0179	0.9907	1.1627	0.0000	0.0000	0.0000	0.0000	0.0000	0.0000	0.0000	0.0000	0.0000	0.0000	0.0000	0.0000	0.0000	0.0000	0.0000	0.0000	0.0000	0.0000	0.0000	0.0000	0.0000	0.0000	0.0000	0.0000	0.0000	0.0000	0.0000	0.0140	0.0061	0.0079	0.0028	0.0023	0.0004	0.0113	0.0038	0.0075	28.9232	0.0000	140.6219	74.3144	0.0000	154.5597	4.1642	0.0000	17.9417	0.0009	0.0000	0.0015	0.0006	0.0001	0.0036	0.0009	0.0000	0.0014
7	53	0.2012	7	2	2	1	1	0	0	0	0	Y	Y	N	N	N	N	N	N	N	N	N	N	0.0000	0.0000	0.0000	0.0000	0.0000	0.0000	0.0000	0.0000	0.0000	0.0000	0.0000	0.0000	0.0000	0.0000	0.0000	0.0000	0.0000	0.0000	0.0000	0.0000	0.0001	4.0000	0.9907	1.0000	0.0000	0.0000	0.0000	0.0000	0.0000	0.0000	0.0000	0.0000	0.0000	0.0000	0.0000	0.0000	0.0000	0.0000	0.0000	0.0000	0.0000	0.0000	0.0000	0.0000	0.0000	0.0000	0.0000	0.0000	0.0000	0.0000	0.0000	0.0112	0.0034	0.0077	0.0010	0.0007	0.0004	0.0101	0.0028	0.0074	0.0000	0.0000	0.0000	0.0000	0.0000	0.0000	0.0000	0.0000	0.0000	0.0000	0.0000	0.0000	0.0000	0.0000	0.0000	0.0000	0.0000	0.0000											
7	54	0.1874	6	1	2	0	1	0	0	0	0	N	Y	N	N	N	N	N	N	N	N	N	N	39.2713	0.0000	360.7832	21.5007	0.0000	96.8804	10.4915	0.0000	46.7327	0.0342	0.0000	0.2761	0.0605	0.0000	0.6422	0.0054	0.0000	0.0345	0.0009	0.0010	0.0008	0.0028	0.0033	0.0066	0.0005	0.0002	0.0007	inf	1.2042	0.0000	-0.0000	0.0001	2.0683	0.9907	6.9961	0.0000	0.0000	0.0000	0.0000	0.0000	0.0000	0.0000	0.0000	0.0000	0.0000	0.0000	0.0000	0.0000	0.0000	0.0000	0.0000	0.0000	0.0000	0.0000	0.0000	0.0000	0.0000	0.0000	0.0000	0.0000	0.0000	0.0000	0.0245	0.0092	0.0152	0.0038	0.0029	0.0009	0.0207	0.0063	0.0144	39.2713	0.0000	360.7832	21.5007	0.0000	538.8566	10.4915	0.0000	46.7327	0.0009	0.0010	0.0008	0.0028	0.0033	0.0012	0.0005	0.0000	0.0007
7	55	0.1308	5	1	1	0	1	0	0	0	0	N	N	N	N	N	N	N	N	N	N	N	N	741.7218	1.3664	inf	78.8573	0.2837	inf	0.0000	0.0000	0.7862	0.0043	5.9636	1.3706	0.0075	10.3928	0.0000	0.0000	0.0000	0.0011	0.0031	0.0000	0.0174	0.0263	0.0000	0.0000	0.0000	0.0000	210.6413	0.0000	0.0000	-0.0000	0.0001	3.9265	0.9907	5.0808	0.0000	0.0000	0.0000	0.0000	0.0000	0.0000	0.0000	0.0000	0.0000	0.0000	0.0000	0.0000	0.0000	0.0000	0.0000	0.0000	0.0000	0.0000	0.0000	0.0000	0.0000	0.0000	0.0000	0.0000	0.0000	0.0000	0.0000	0.0287	0.0097	0.0190	0.0018	0.0012	0.0006	0.0270	0.0086	0.0184	741.7218	1.3664	inf	78.8573	0.2837	inf	0.0000	0.0000	0.0000	0.0011	0.0031	0.0000	0.0174	0.0263	0.0000	0.0000	0.0000	0.0000	
7	56	0.2012	7	2	1	1	1	0	0	0	0	Y	N	N	N	N	N	N	N	N	N	N	N	0.0000	0.0000	0.0000	0.0000	0.0000	0.0000	0.0000	0.0000	0.0000	0.0000	0.0000	0.0000	0.0000	0.0009	0.0028	0.0000	0.0093	0.0146	0.0000	0.0000	0.0000	0.0000	0.0000	0.0000	-0.0000	0.0001	4.0000	0.9907	7.0000	0.0000	0.0000	0.0000	0.0000	0.0000	0.0000	0.0000	0.0000	0.0000	0.0000	0.0000	0.0000	0.0000	0.0000	0.0000	0.0000	0.0000	0.0000	0.0000	0.0000	0.0000	0.0000	0.0000	0.0000	0.0000	0.0000	0.0000	0.0225	0.0070	0.0154	0.0021	0.0014	0.0008	0.0203	0.0057	0.0146	0.0000	0.0000	0.0000	0.0000	0.0000	0.0000	0.0000	0.0000	0.0000	0.0009	0.0028	0.0000	0.0093	0.0146	0.0000	0.0000	0.0000	0.0000						
7	57	0.1458	8	1	2	0	1	0	0	0	0	N	Y	N	N	N	N	N	N	N	N	N	N	9.3863	4.2595	52.5235	17.6044	3.1054	12.6110	2.9214	14.6528	0.0072	0.0007	0.0662	0.0117	0.0013	0.1466	0.0023	0.0000	0.0178	0.0008	0.0002	0.0013	0.0007	0.0004	0.0116	0.0008	0.0000	0.0012	10.5861	9.6172	0.0000	0.0000	0.0001	9.7645	0.9907	7.4558	0.0000	0.0000	0.0000	0.0000	0.0000	0.0000	0.0000	0.0000	0.0000	0.0000	0.0000	0.0000	0.0000	0.0000	0.0000	0.0000	0.0000	0.0000	0.0000	0.0000	0.0000	0.0000	0.0000	0.0000	0.0000	0.0000	0.0000	0.0395	0.0176	0.0219	0.0082	0.0069	0.0013	0.0313	0.0107	0.0206	9.3863	4.2595	52.5235	17.6044	3.1054	72.6444	2.9214	0.0000	14.6528	0.0008	0.0002	0.0013	0.0007	0.0004	0.0020	0.0008	0.0000	0.0012	
7	58	0.2014	9	1	1	1	1	0	0	0	0	N	N	N	N	N	N	N	N	N	N	N	N	36.8523	inf	0.0000	408.3586	inf	0.0000	0.0000	0.0000	0.0026	0.0029	0.0000	0.0053	0.0057	0.0000	0.0000	0.0000	0.0000	0.0001	0.0000	0.0001	0.0000	0.0000	0.0001	0.0001	0.0000	0.0001	0.0000	inf	-0.0000	0.0000	0.0001	1.0009	0.9907	0.0163	0.0000	0.0000	0.0000	0.0000	0.0000	0.0000	0.0000	0.0000	0.0000	0.0000	0.0000	0.0000	0.0000	0.0000	0.0000	0.0000	0.0000	0.0000	0.0000	0.0000	0.0000	0.0000	0.0000	0.0000	0.0000	0.0000	0.0000	0.0026	0.0011	0.0014	0.0005	0.0004	0.0001	0.0021	0.0007	0.0013	36.8523	inf	0.0000	408.3586	inf	0.0000	0.0000	0.0000	0.0000	0.0001	0.0000	0.0001	0.0000	0.0000	0.0001	0.0001	0.0000	0.0001	
7	59	0.1860	8	1	1	0	1	0	0	0	0	N	N	N	N	N	N	N	N	N	N	N	N	8180.2319	13347.0343	0.0000	7901.6888	8029.4266	0.0000	0.0000	0.0000	0.9942	1.1170	0.0000	1.7501	1.8936	0.0000	0.0000	0.0000	0.0000	0.0001	0.0001	0.0001	0.0002	0.0002	0.0003	0.0001	0.0000	0.0001	0.0000	2.3899	-0.0000	-0.0000	0.0001	1.9961	0.9907	0.0521	0.0000	0.0000	0.0000	0.0000	0.0000	0.0000	0.0000	0.0000	0.0000	0.0000	0.0000	0.0000	0.0000	0.0000	0.0000	0.0000	0.0000	0.0000	0.0000	0.0000	0.0000	0.0000	0.0000	0.0000	0.0000	0.0000	0.0000	0.0051	0.0022	0.0029	0.0009	0.0008	0.0002	0.0042	0.0014	0.0028	8180.2319	13347.0343	0.0000	7901.6888	8029.4266	0.0000	0.0000	0.0000	0.0000	0.0001	0.0001	0.0001	0.0002	0.0002	0.0002	0.0001	0.0000	0.0001	
7	60	0.1782	7	1	1	0	1	0	0	0	0	N	N	N	N	N	N	N	N	N	N	N	N	756.3215	924.5491	0.0000	600.9094	578.8552	0.0000	0.0000	0.0000	0.3188	0.3488	0.0000	0.5569	0.5891	0.0000	0.0000	0.0000	0.0000	0.0004	0.0004	0.0005	0.0009	0.0010	0.0018	0.0003	0.0000	0.0005	0.0184	1.5844	-0.0000	-0.0000	0.0001	0.0081	0.9907	1.0507	0.0000	0.0000	0.0000	0.0000	0.0000	0.0000	0.0000	0.0000	0.0000	0.0000	0.0000	0.0000	0.0000	0.0000	0.0000	0.0000	0.0000	0.0000	0.0000	0.0000	0.0000	0.0000	0.0000	0.0000	0.0000	0.0000	0.0000	0.0028	0.0012	0.0016	0.0005	0.0004	0.0001	0.0023	0.0008	0.0015	756.3215	924.5491	0.0000	600.9094	578.8552	0.0000	0.0000	0.0000	0.0000	0.0004	0.0004	0.0005	0.0009	0.0010	0.0005	0.0003	0.0000	0.0005	
7	61	0.1295	6	1	1	0	1	0	0	0	0	N	N	N	N	N	N	N	N	N	N	N	N	4.6725	0.2788	29.1943	6.7337	0.2340	7.9903	1.5130	0.0000	7.0875	0.0048	0.0001	0.0419	0.0076	0.0002	0.0966	0.0015	0.0000	0.0099	0.0010	0.0005	0.0014	0.0011	0.0010	0.0121	0.0010	0.0000	0.0014	40.1195	4.0586	0.0000	0.0000	0.0001	3.0167	0.9907	3.2580	0.0000	0.0000	0.0000	0.0000	0.0000	0.0000	0.0000	0.0000	0.0000	0.0000	0.0000	0.0000	0.0000	0.0000	0.0000	0.0000	0.0000	0.0000	0.0000	0.0000	0.0000	0.0000	0.0000	0.0000	0.0000	0.0000	0.0000	0.0212	0.0091	0.0120	0.0048	0.0043	0.0005	0.0164	0.0049	0.0115	4.6725	0.2788	29.1943	6.7337	0.2340	43.5741	1.5130	0.0000	7.0875	0.0010	0.0005	0.0014	0.0011	0.0010	0.0022	0.0010	0.0000	0.0014
7	62	0.1748	7	1	2	0	1	0	0	0	0	N	Y	N	N	N	N	N	N	N	N	N	N	0.1722	0.0298	4.0272	0.0561	0.0237	0.6982	0.4251	2.1197	0.0004	0.0001	0.0023	0.0005	0.0002	0.0053	0.0002	0.0000	0.0012	0.0021	0.0045	0.0006	0.0093	0.0105	0.0076	0.0004	0.0000	0.0005	1.8947	0.2143	0.0000	-0.0000	0.0001	3.3327	0.9907	4.3103	0.0000	0.0000	0.0000	0.0000	0.0000	0.0000	0.0000	0.0000	0.0000	0.0000	0.0000	0.0000	0.0000	0.0000	0.0000	0.0000	0.0000	0.0000	0.0000	0.0000	0.0000	0.0000	0.0000	0.0000	0.0000	0.0000	0.0000	0.0228	0.0085	0.0143	0.0042	0.0036	0.0006	0.0186	0.0048	0.0137	0.1722	0.0298	4.0272	0.0561	0.0237	4.1793	0.4251	0.0000	2.1197	0.0021	0.0045	0.0006	0.0093	0.0105	0.0013	0.0004	0.0000	0.0005	
7	63	0.1507	6	1	1	0	1	0	0	0	0	N	N	N	N	N	N	N	N	N	N	N	N	1.9962	0.2929	35.5313	0.7201	0.1923	16.3375	0.8908	0.0000	4.4942	0.0015	0.0005	0.0109	0.0028	0.0009	0.0340	0.0002	0.0000	0.0013	0.0008	0.0016	0.0003	0.0039	0.0045	0.0021	0.0002	0.0000	0.0003	2.6059	0.3551	0.0000	-0.0000	0.0001	3.2669	0.9907	2.4507	0.0000	0.0000	0.0000	0.0000	0.0000	0.0000	0.0000	0.0000	0.0000	0.0000	0.0000	0.0000	0.0000	0.0000	0.0000	0.0000	0.0000	0.0000	0.0000	0.0000	0.0000	0.0000	0.0000	0.0000	0.0000	0.0000	0.0000	0.0174	0.0061	0.0113	0.0026	0.0021	0.0004	0.0149	0.0040	0.0109	1.9962	0.2929	35.5313	0.7201	0.1923	66.7587	0.8908	0.0000	4.4942	0.0008	0.0016	0.0003	0.0039	0.0045	0.0005	0.0002	0.0000	0.0003
7	64	0.2351	10	2	1	1	1	0	0	0	0	Y	N	N	N	N	N	N	N	N	N	N	N	0.0000	0.0000	0.0000	0.0000	0.0000	0.0000	0.0000	0.0000	0.0000	0.0000	0.0000	0.0000	0.0000	0.0000	0.0000	0.0000	0.0000	0.0000	0.0000	0.0000	0.0001	0.0000	0.9907	1.0000	0.0000	0.0000	0.0000	0.0000	0.0000	0.0000	0.0000	0.0000	0.0000	0.0000	0.0000	0.0000	0.0000	0.0000	0.0000	0.0000	0.0000	0.0000	0.0000	0.0000	0.0000	0.0000	0.0000	0.0000	0.0000	0.0000	0.0000	0.0026	0.0008	0.0018	0.0002	0.0001	0.0001	0.0024	0.0006	0.0018	0.0000	0.0000	0.0000	0.0000	0.0000	0.0000	0.0000	0.0000	0.0000	0.0000	0.0000	0.0000	0.0000	0.0000	0.0000	0.0000	0.0000	0.0000											
7	65	0.2351	9	2	1	1	1	0	0	0	0	Y	N	N	N	N	N	N	N	N	N	N	N	0.0000	0.0000	0.0000	0.0000	0.0000	0.0000	0.0000	0.0000	0.0000	0.0000	0.0000	0.0000	0.0000	0.0010	0.0000	0.0020	0.0000	0.0000	0.0000	0.0020	0.0000	0.0020	inf	0.0000	0.0000	0.0001	0.0000	0.9907	0.0001	0.0000	0.0000	0.0000	0.0000	0.0000	0.0000	0.0000	0.0000	0.0000	0.0000	0.0000	0.0000	0.0000	0.0000	0.0000	0.0000	0.0000	0.0000	0.0000	0.0000	0.0000	0.0000	0.0000	0.0000	0.0000	0.0000	0.0000	0.0000	0.0000	0.0000	0.0000	0.0000	0.0000	0.0000	0.0000	0.0000	0.0000	0.0000	0.0000	0.0000	0.0000	0.0000	0.0000	0.0000	0.0000	0.0010	0.0000	0.0020	0.0000	0.0000	0.0000	0.0020	0.0000	0.0020						
7	66	0.2228	8	2	1	1	1	0	0	0	0	Y	N	N	N	N	N	N	N	N	N	N	N	0.0000	0.0000	0.0000	0.0000	0.0000	0.0000	0.0000	0.0000	0.0000	0.0000	0.0000	0.0000	0.0000	0.0000	0.0000	0.0000	0.0000	0.0004	0.0000	0.0006	0.0000	0.0000	0.0001	0.0005	0.0000	0.0006	172.3996	0.0000	0.0000	0.0001	1.9720	0.9907	0.0923	0.0000	0.0000	0.0000	0.0000	0.0000	0.0000	0.0000	0.0000	0.0000	0.0000	0.0000	0.0000	0.0000	0.0000	0.0000	0.0000	0.0000	0.0000	0.0000	0.0000	0.0000	0.0000	0.0000	0.0000	0.0000	0.0000	0.0000	0.0072	0.0026	0.0046	0.0014	0.0013	0.0001	0.0058	0.0013	0.0045	0.0000	0.0000	0.0000	0.0000	0.0000	0.0000	0.0000	0.0000	0.0000	0.0004	0.0000	0.0006	0.0000	0.0000	0.0001	0.0005	0.0000	0.0006		
7	67	0.2012	7	2	1	1	1	0	0	0	0	Y	N	N	N	N	N	N	N	N	N	N	N	0.0000	0.0000	0.0000	0.0000	0.0000	0.0000	0.0000	0.0000	0.0000	0.0000	0.0000	0.0000	0.0000	0.0013	0.0044	0.0000	0.0146	0.0226	0.0000	0.0000	0.0000	0.0000	0.0000	0.0000	-0.0000	0.0001	3.0650	0.9907	1.0636	0.0000	0.0000	0.0000	0.0000	0.0000	0.0000	0.0000	0.0000	0.0000	0.0000	0.0000	0.0000	0.0000	0.0000	0.0000	0.0000	0.0000	0.0000	0.0000	0.0000	0.0000	0.0000	0.0000	0.0000	0.0000	0.0000	0.0000	0.0093	0.0029	0.0065	0.0009	0.0006	0.0003	0.0085	0.0023	0.0062	0.0000	0.0000	0.0000	0.0000	0.0000	0.0000	0.0000	0.0000	0.0000	0.0013	0.0044	0.0000	0.0146	0.0226	0.0000	0.0000	0.0000	0.0000						
7	68	0.0882	5	1	2	0	2	0	0	0	0	N	Y	N	Y	N	N	N	N	N	N	N	N	17.6657	15.2935	26.9759	9.3440	8.1517	4.3210	0.9563	0.0000	4.2625	0.0193	0.0181	0.0279	0.0346	0.0322	0.0588	0.0007	0.0000	0.0042	0.0011	0.0012	0.0010	0.0037	0.0039	0.0136	0.0007	0.0000	0.0010	0.2011	1.4472	-0.0000	-0.0000	0.0001	2.7513	0.9907	4.0954	0.0000	0.0000	0.0000	0.0000	0.0000	0.0000	0.0000	0.0000	0.0000	0.0000	0.0000	0.0000	0.0000	0.0000	0.0000	0.0000	0.0000	0.0000	0.0000	0.0000	0.0000	0.0000	0.0000	0.0000	0.0000	0.0000	0.0000	0.0228	0.0086	0.0142	0.0031	0.0026	0.0005	0.0197	0.0060	0.0137	17.6657	15.2935	26.9759	9.3440	8.1517	24.5155	0.9563	0.0000	4.2625	0.0011	0.0012	0.0010	0.0037	0.0039	0.0024	0.0007	0.0000	0.0010
7	69	0.1308	5	1	2	0	1	0	0	0	0	N	Y	N	N	N	N	N	N	N	N	N	N	911.2060	178.7313	inf	102.0624	39.0007	inf	0.7215	0.4120	2.9037	1.2657	0.7218	5.1374	0.0000	0.0000	0.0000	0.0008	0.0023	0.0000	0.0124	0.0185	0.0000	0.0000	0.0000	0.0000	1.0000	0.0000	0.0000	-0.0000	0.0001	9.9334	0.9907	8.9999	0.0000	0.0000	0.0000	0.0000	0.0000	0.0000	0.0000	0.0000	0.0000	0.0000	0.0000	0.0000	0.0000	0.0000	0.0000	0.0000	0.0000	0.0000	0.0000	0.0000	0.0000	0.0000	0.0000	0.0000	0.0000	0.0000	0.0000	0.0505	0.0174	0.0332	0.0032	0.0022	0.0011	0.0473	0.0152	0.0321	911.2060	178.7313	inf	102.0624	39.0007	inf	0.0000	0.0000	0.0000	0.0008	0.0023	0.0000	0.0124	0.0185	0.0000	0.0000	0.0000	0.0000			
7	70	0.1308	5	1	2	0	1	0	0	0	0	N	Y	N	N	N	N	N	N	N	N	N	N	0.0000	0.0000	0.0000	0.0000	0.0000	0.0000	0.0000	0.0000	0.0000	0.0000	0.0000	0.0000	0.0000	0.0035	0.0104	0.0000	0.0590	0.0897	0.0000	0.0000	0.0000	0.0000	0.0000	0.0000	-0.0000	0.0001	0.0666	0.9907	4.0001	0.0000	0.0000	0.0000	0.0000	0.0000	0.0000	0.0000	0.0000	0.0000	0.0001	0.0001	0.0000	0.0001	0.0001	0.0000	0.0000	0.0000	0.0000	0.0000	0.0000	0.0000	0.0000	0.0000	0.0000	0.0000	0.0000	0.0000	0.0143	0.0048	0.0095	0.0008	0.0006	0.0003	0.0134	0.0042	0.0092	0.0000	0.0000	0.0000	0.0000	0.0000	0.0000	0.0000	0.0000	0.0000	0.0035	0.0104	0.0000	0.0590	0.0897	0.0000	0.0000	0.0000	0.0000						
7	71	0.2012	7	1	2	0	1	0	0	0	0	N	Y	N	N	N	N	N	N	N	N	N	N	0.0000	0.0000	0.0000	0.0000	0.0000	0.0000	0.0000	0.0000	0.0000	0.0000	0.0000	0.0000	0.0000	0.0036	0.0117	0.0000	0.0389	0.0604	0.0000	0.0000	0.0000	0.0000	0.0000	0.0000	-0.0000	0.0001	2.0000	0.9907	3.0000	0.0000	0.0000	0.0000	0.0000	0.0000	0.0000	0.0000	0.0000	0.0000	0.0000	0.0000	0.0000	0.0000	0.0000	0.0000	0.0000	0.0000	0.0000	0.0000	0.0000	0.0000	0.0000	0.0000	0.0000	0.0000	0.0000	0.0000	0.0112	0.0034	0.0077	0.0010	0.0007	0.0004	0.0101	0.0028	0.0074	0.0000	0.0000	0.0000	0.0000	0.0000	0.0000	0.0000	0.0000	0.0000	0.0036	0.0117	0.0000	0.0389	0.0604	0.0000	0.0000	0.0000	0.0000						
7	72	0.1744	6	1	1	0	1	0	0	0	0	N	N	N	N	N	N	N	N	N	N	N	N	372.2208	2288.3958	0.0000	502.5324	922.5848	0.0000	0.0000	0.0000	0.0124	0.0137	0.0000	0.0203	0.0221	0.0000	0.0000	0.0000	0.0000	0.0000	0.0000	0.0000	0.0000	0.0000	0.0001	0.0000	0.0000	0.0000	0.0000	15.7094	-0.0000	0.0000	0.0001	4.7932	0.9907	0.2507	0.0000	0.0000	0.0000	0.0000	0.0000	0.0000	0.0000	0.0000	0.0000	0.0000	0.0000	0.0000	0.0000	0.0000	0.0000	0.0000	0.0000	0.0000	0.0000	0.0000	0.0000	0.0000	0.0000	0.0000	0.0000	0.0000	0.0000	0.0133	0.0044	0.0089	0.0015	0.0011	0.0004	0.0118	0.0033	0.0085	372.2208	2288.3958	0.0000	502.5324	922.5848	0.0000	0.0000	0.0000	0.0000	0.0000	0.0000	0.0000	0.0000	0.0000	0.0001	0.0000	0.0000	0.0000	
7	73	0.1308	5	1	1	0	1	0	0	0	0	N	N	N	N	N	N	N	N	N	N	N	N	1290.6102	501.6397	136.7500	103.8279	0.0000	0.0000	0.6640	0.7632	0.0000	1.1585	1.3316	0.0000	0.0000	0.0000	0.0000	0.0005	0.0015	0.0000	0.0085	0.0128	0.0000	0.0000	0.0001	0.0000	0.0001	0.0000	-0.0000	-0.0000	0.0001	4.9764	0.9907	2.9948	0.0000	0.0000	0.0000	0.0000	0.0000	0.0000	0.0000	0.0000	0.0000	0.0000	0.0000	0.0000	0.0000	0.0000	0.0000	0.0000	0.0000	0.0000	0.0000	0.0000	0.0000	0.0000	0.0000	0.0000	0.0000	0.0000	0.0000	0.0259	0.0088	0.0172	0.0016	0.0010	0.0005	0.0244	0.0077	0.0166	1290.6102	501.6397	0.0000	136.7500	103.8279	0.0000	0.0000	0.0000	0.0000	0.0005	0.0015	0.0000	0.0085	0.0128	0.0000	0.0000	0.0000	0.0000			
7	74	0.1507	6	1	2	0	1	0	0	0	0	N	Y	N	N	N	N	N	N	N	N	N	N	9.2234	inf	56.1685	34.8123	inf	23.9501	1.5044	7.5003	0.0017	0.0001	0.0157	0.0029	0.0002	0.0435	0.0003	0.0000	0.0020	0.0002	0.0000	0.0003	0.0001	0.0000	0.0018	0.0002	0.0000	0.0003	15.6364	inf	0.0000	0.0000	0.0001	1.8678	0.9907	4.6278	0.0000	0.0000	0.0000	0.0000	0.0000	0.0000	0.0000	0.0000	0.0000	0.0000	0.0000	0.0000	0.0000	0.0000	0.0000	0.0000	0.0000	0.0000	0.0000	0.0000	0.0000	0.0000	0.0000	0.0000	0.0000	0.0000	0.0000	0.0192	0.0066	0.0125	0.0027	0.0022	0.0005	0.0164	0.0044	0.0120	9.2234	inf	56.1685	34.8123	inf	93.9625	1.5044	0.0000	7.5003	0.0002	0.0000	0.0003	0.0001	0.0000	0.0005	0.0002	0.0000	0.0003	
7	75	0.1308	5	1	1	0	1	0	0	0	0	N	N	N	N	N	N	N	N	N	N	N	N	4020.7974	0.4833	inf	419.3535	0.0986	inf	0.6861	0.0002	5.2625	1.1967	0.0004	9.1741	0.0000	0.0000	0.0000	0.0002	0.0005	0.0000	0.0029	0.0043	0.0000	0.0000	0.0000	0.0000	3220.1935	0.0000	0.0000	-0.0000	0.0001	4.7010	0.9907	0.6064	0.0000	0.0000	0.0000	0.0000	0.0000	0.0000	0.0000	0.0000	0.0000	0.0000	0.0000	0.0000	0.0000	0.0000	0.0000	0.0000	0.0000	0.0000	0.0000	0.0000	0.0000	0.0000	0.0000	0.0000	0.0000	0.0000	0.0000	0.0182	0.0061	0.0121	0.0011	0.0007	0.0004	0.0171	0.0054	0.0117	4020.7974	0.4833	inf	419.3535	0.0986	inf	0.0000	0.0000	0.0000	0.0002	0.0005	0.0000	0.0029	0.0043	0.0000	0.0000	0.0000	0.0000			
7	76	0.0707	4	1	1	0	1	0	0	0	0	N	N	N	N	N	N	N	N	N	N	N	N	9639.3862	6856759.1971	0.0000	4406.0581	1911563.9462	0.0000	27.4280	inf	0.0000	0.6350	0.7333	0.0000	1.2924	1.5111	0.0000	0.0015	0.0017	0.0000	0.0001	0.0000	0.0001	0.0003	0.0000	0.0358	0.0001	0.0000	0.0001	0.0000	1646.7500	-0.0000	0.0000	0.0001	4.7970	0.9907	3.0436	0.0000	0.0000	0.0000	0.0000	0.0000	0.0000	0.0000	0.0000	0.0000	0.0000	0.0000	0.0000	0.0000	0.0000	0.0000	0.0000	0.0000	0.0000	0.0000	0.0000	0.0000	0.0000	0.0000	0.0000	0.0000	0.0000	0.0000	0.0300	0.0112	0.0188	0.0016	0.0015	0.0001	0.0284	0.0097	0.0187	9639.3862	6856759.1971	0.0000	4406.0581	1911563.9462	0.0000	27.4280	inf	0.0000	0.0001	0.0000	0.0001	0.0003	0.0000	0.0054	0.0001	0.0000	0.0001
7	80	0.0514	4	1	2	0	2	0	0	0	0	N	Y	N	Y	N	N	N	N	N	N	N	N	0.0000	0.0000	0.0000	0.0000	0.0000	0.0000	0.0000	0.0000	0.0000	0.0000	0.0000	0.0000	0.0000	0.0000	0.0000	0.0000	0.0000	0.0000	0.0000	0.0000	0.0001	0.0000	0.9907	0.0000	0.0000	0.0000	0.0000	0.0000	0.0000	0.0000	0.0000	0.0000	0.0000	0.0000	0.0000	0.0000	0.0000	0.0000	0.0000	0.0000	0.0000	0.0000	0.0000	0.0000	0.0000	0.0000	0.0000	0.0000	0.0000	0.0000	0.0000	0.0000	0.0000	0.0000	0.0000	0.0000	0.0000	0.0000	0.0000	0.0000	0.0000	0.0000	0.0000	0.0000	0.0000	0.0000	0.0000	0.0000	0.0000	0.0000	0.0000	0.0000	0.0000	0.0000	0.0000	0.0000	0.0000	0.0000											
7	81	0.0294	2	1	1	1	2	0	0	0	0	N	N	N	Y	N	N	N	N	N	N	N	N	0.0000	0.0000	0.0000	0.0000	0.0000	0.0000	0.0000	0.0000	0.0000	0.0000	0.0000	0.0000	0.0000	0.0000	0.0000	0.0000	0.0000	0.0000	0.0000	0.0000	0.0001	2.0000	0.9907	0.0000	0.0000	0.0000	0.0000	0.0000	0.0000	0.0000	0.0000	0.0000	0.0000	0.0000	0.0000	0.0000	0.0000	0.0000	0.0000	0.0000	0.0000	0.0000	0.0000	0.0000	0.0000	0.0000	0.0000	0.0000	0.0000	0.0000	0.0000	0.0088	0.0030	0.0058	0.0001	0.0001	0.0000	0.0087	0.0029	0.0058	0.0000	0.0000	0.0000	0.0000	0.0000	0.0000	0.0000	0.0000	0.0000	0.0000	0.0000	0.0000	0.0000	0.0000	0.0000	0.0000	0.0000	0.0000											
7	82	0.0294	2	1	1	1	2	0	0	0	0	N	N	N	Y	N	N	N	N	N	N	N	N	0.0000	0.0000	0.0000	0.0000	0.0000	0.0000	0.0000	0.0000	0.0000	0.0000	0.0000	0.0000	0.0000	0.0000	0.0000	0.0000	0.0000	0.0000	0.0000	0.0000	0.0001	0.0000	0.9907	4.0000	0.0000	0.0000	0.0000	0.0000	0.0000	0.0000	0.0000	0.0000	0.0000	0.0000	0.0000	0.0000	0.0000	0.0000	0.0000	0.0000	0.0000	0.0000	0.0000	0.0000	0.0000	0.0000	0.0000	0.0000	0.0000	0.0000	0.0000	0.0167	0.0057	0.0110	0.0002	0.0002	0.0000	0.0165	0.0055	0.0110	0.0000	0.0000	0.0000	0.0000	0.0000	0.0000	0.0000	0.0000	0.0000	0.0000	0.0000	0.0000	0.0000	0.0000	0.0000	0.0000	0.0000	0.0000											
7	83	0.0514	4	1	1	1	2	0	0	0	0	N	N	N	Y	N	N	N	N	N	N	N	N	0.0000	0.0000	0.0000	0.0000	0.0000	0.0000	0.0000	0.0000	0.0000	0.0000	0.0000	0.0000	0.0000	0.0011	0.0033	0.0000	0.0300	0.0314	0.0000	0.0000	0.0000	0.0000	0.0000	0.0000	-0.0000	0.0001	0.0000	0.9907	2.0000	0.0000	0.0000	0.0000	0.0000	0.0000	0.0000	0.0000	0.0000	0.0000	0.0000	0.0000	0.0000	0.0000	0.0000	0.0000	0.0000	0.0000	0.0000	0.0000	0.0000	0.0000	0.0000	0.0000	0.0000	0.0000	0.0000	0.0000	0.0087	0.0030	0.0057	0.0003	0.0003	0.0000	0.0084	0.0027	0.0057	0.0000	0.0000	0.0000	0.0000	0.0000	0.0000	0.0000	0.0000	0.0000	0.0011	0.0033	0.0000	0.0300	0.0314	0.0000	0.0000	0.0000	0.0000						
7	84	0.0441	3	1	1	0	2	0	0	0	0	N	N	N	Y	N	N	N	N	N	N	N	N	0.0000	0.0000	0.0000	0.0000	0.0000	0.0000	0.0000	0.0000	0.0000	0.0000	0.0000	0.0000	0.0000	0.0000	0.0000	0.0000	0.0000	0.0000	0.0000	0.0000	0.0009	0.0000	0.0000	0.0000	inf	0.0000	0.0000	0.0001	1.0000	0.9907	0.0015	0.0000	0.0000	0.0000	0.0000	0.0000	0.0000	0.0000	0.0000	0.0000	0.0000	0.0000	0.0000	0.0000	0.0000	0.0000	0.0000	0.0000	0.0000	0.0000	0.0000	0.0000	0.0000	0.0000	0.0000	0.0000	0.0000	0.0000	0.0045	0.0016	0.0030	0.0002	0.0002	0.0000	0.0043	0.0014	0.0029	0.0000	0.0000	0.0000	0.0000	0.0000	0.0000	0.0000	0.0000	0.0000	0.0000	0.0000	0.0000	0.0000	0.0000	0.0003	0.0000	0.0000	0.0000				
7	85	0.0294	2	1	1	0	2	0	0	0	0	N	N	N	Y	N	N	N	N	N	N	N	N	0.0000	0.0000	0.0000	0.0000	0.0000	0.0000	0.0000	0.0000	0.0000	0.0000	0.0000	0.0000	0.0000	0.0000	0.0000	0.0000	0.0010	0.0011	0.0000	0.0000	0.0000	0.0000	0.0056	0.0000	-0.0000	0.0001	0.0000	0.9907	2.0013	0.0000	0.0000	0.0000	0.0000	0.0000	0.0000	0.0000	0.0000	0.0000	0.0000	0.0000	0.0000	0.0000	0.0000	0.0000	0.0000	0.0000	0.0000	0.0000	0.0000	0.0000	0.0000	0.0000	0.0000	0.0000	0.0000	0.0000	0.0088	0.0030	0.0058	0.0001	0.0001	0.0000	0.0087	0.0029	0.0058	0.0000	0.0000	0.0000	0.0000	0.0000	0.0000	0.0000	0.0000	0.0000	0.0000	0.0000	0.0000	0.0010	0.0011	0.0000	0.0000	0.0000	0.0000						
7	86	0.1011	4	2	2	0	1	0	0	0	0	Y	Y	N	N	N	N	N	N	N	N	N	N	0.0000	0.0000	0.0000	0.0000	0.0000	0.0000	0.0000	0.0000	0.0000	0.0000	0.0000	0.0000	0.0000	0.0000	0.0000	0.0005	0.0000	0.0009	0.0000	0.0000	0.0583	0.0007	0.0000	0.0009	inf	0.0000	0.0000	0.0001	0.0007	0.9907	0.9812	0.0000	0.0000	0.0000	0.0000	0.0000	0.0000	0.0000	0.0000	0.0000	0.0000	0.0000	0.0000	0.0000	0.0000	0.0000	0.0000	0.0000	0.0000	0.0000	0.0000	0.0000	0.0000	0.0000	0.0000	0.0000	0.0000	0.0000	0.0067	0.0030	0.0037	0.0017	0.0017	0.0000	0.0050	0.0013	0.0037	0.0000	0.0000	0.0000	0.0000	0.0000	0.0000	0.0000	0.0000	0.0000	0.0005	0.0000	0.0009	0.0000	0.0000	0.0072	0.0007	0.0000	0.0009				
7	87	0.0453	3	2	2	0	1	0	0	0	0	Y	Y	N	N	N	N	N	N	N	N	N	N	15.1680	0.0000	132.4588	3.1575	0.0000	4.3713	0.9074	4.0457	0.0057	0.0000	0.0513	0.0186	0.0000	1.2231	0.0002	0.0000	0.0015	0.0004	0.0003	0.0004	0.0059	0.0053	0.2798	0.0002	0.0000	0.0004	inf	2.1031	0.0000	-0.0000	0.0001	5.0272	0.9907	2.1572	0.0000	0.0000	0.0000	0.0000	0.0000	0.0000	0.0000	0.0000	0.0000	0.0000	0.0000	0.0000	0.0000	0.0000	0.0000	0.0000	0.0000	0.0000	0.0000	0.0000	0.0000	0.0000	0.0000	0.0000	0.0000	0.0000	0.0000	0.0277	0.0096	0.0181	0.0006	0.0006	0.0000	0.0270	0.0090	0.0181	15.1680	0.0000	132.4588	3.1575	0.0000	52.0716	0.9074	0.0000	4.0457	0.0004	0.0003	0.0004	0.0059	0.0053	0.0235	0.0002	0.0000	0.0004	
7	88	0.0667	3	1	2	0	1	0	0	0	0	N	Y	N	N	N	N	N	N	N	N	N	N	0.0000	0.0000	0.0000	0.0000	0.0000	0.0000	0.0000	0.0000	0.0000	0.0000	0.0000	0.0000	0.0000	0.0006	0.0019	0.0000	0.0235	0.0262	0.0000	0.0000	0.0000	0.0000	0.0000	0.0000	-0.0000	0.0001	0.0000	0.9907	4.0000	0.0000	0.0000	0.0000	0.0000	0.0000	0.0000	0.0000	0.0000	0.0000	0.0000	0.0000	0.0000	0.0000	0.0000	0.0000	0.0000	0.0000	0.0000	0.0000	0.0000	0.0000	0.0000	0.0000	0.0000	0.0000	0.0000	0.0000	0.0156	0.0054	0.0102	0.0004	0.0004	0.0000	0.0152	0.0050	0.0102	0.0000	0.0000	0.0000	0.0000	0.0000	0.0000	0.0000	0.0000	0.0000	0.0006	0.0019	0.0000	0.0235	0.0262	0.0000	0.0000	0.0000	0.0000						
7	89	0.0294	2	1	2	0	1	0	0	0	0	N	Y	N	N	N	N	N	N	N	N	N	N	inf	inf	inf	inf	0.7346	0.8289	0.0000	2.5795	2.5795	0.0000	0.0000	0.0000	0.0000	0.0000	0.0000	0.0000	0.0000	0.0000	0.0000	0.0000	0.0000	0.0000	0.0000	-0.0000	0.0000	0.0001	3.0000	0.9907	2.0000	0.0000	0.0000	0.0000	0.0000	0.0000	0.0000	0.0000	0.0000	0.0000	0.0000	0.0000	0.0000	0.0000	0.0000	0.0000	0.0000	0.0000	0.0000	0.0000	0.0000	0.0000	0.0000	0.0000	0.0000	0.0000	0.0000	0.0000	0.0203	0.0069	0.0134	0.0002	0.0002	0.0000	0.0201	0.0067	0.0134	inf	inf	0.0000	inf	inf	0.0000	0.0000	0.0000	0.0000	0.0000	0.0000	0.0000	0.0000	0.0000	0.0000	0.0000	0.0000	0.0000						
7	90	0.0294	2	2	2	0	1	0	0	0	0	Y	Y	N	N	N	N	N	N	N	N	N	N	0.0000	0.0000	0.0000	0.0000	0.0000	0.0000	0.0000	0.0000	0.0000	0.0000	0.0000	0.0000	0.0000	0.0015	0.0043	0.0000	0.1261	0.1328	0.0000	0.0000	0.0000	0.0000	0.0000	0.0000	-0.0000	0.0001	2.0000	0.9907	3.0000	0.0000	0.0000	0.0000	0.0000	0.0000	0.0000	0.0000	0.0000	0.0000	0.0000	0.0000	0.0000	0.0000	0.0000	0.0000	0.0000	0.0000	0.0000	0.0000	0.0000	0.0000	0.0000	0.0000	0.0000	0.0000	0.0000	0.0000	0.0203	0.0069	0.0134	0.0002	0.0002	0.0000	0.0201	0.0067	0.0134	0.0000	0.0000	0.0000	0.0000	0.0000	0.0000	0.0000	0.0000	0.0000	0.0015	0.0043	0.0000	0.1261	0.1328	0.0000	0.0000	0.0000	0.0000						
7	98	0.2076	9	1	1	0	1	0	0	0	0	N	N	N	N	N	N	N	N	N	N	N	N	85.9424	55.4376	0.0000	87.4723	90.2661	0.0000	12.9204	0.1400	0.0000	0.2910	0.3370	0.0000	0.4964	0.5763	0.0000	0.0266	0.0307	0.0000	0.0034	0.0061	0.0001	0.0057	0.0064	0.0003	0.0021	0.2193	0.0001	0.0000	0.0086	-0.0000	-0.0001	0.0001	4.9999	0.9907	9.0821	0.0000	0.0000	0.0000	0.0000	0.0000	0.0000	0.0000	0.0000	0.0000	0.0001	0.0001	0.0000	0.0001	0.0001	0.0000	0.0001	0.0001	0.0000	0.0000	0.0000	0.0000	0.0000	0.0000	0.0000	0.0000	0.0000	0.0000	0.0442	0.0244	0.0198	0.0162	0.0144	0.0019	0.0280	0.0101	0.0179	85.9424	55.4376	0.0000	87.4723	90.2661	0.0000	12.9204	5.4446	0.0000	0.0034	0.0061	0.0001	0.0057	0.0064	0.0002	0.0021	0.0056	0.0001
8	9	0.2626	8	1	0	2	0	0	0	0	0	N	N	Y	N	N	N	N	N	N	N	N	N	0.0000	0.0000	0.0000	0.0000	0.0000	0.0000	0.0000	0.0000	0.0000	0.0000	0.0000	0.0000	0.0000	0.0070	0.0000	0.0129	0.0000	0.0000	0.0000	0.0089	0.0000	0.0132	inf	0.0000	0.0000	1.0000	0.0035	2.0000	1.9666	0.0000	0.0000	0.0000	0.0000	0.0000	0.0000	0.0000	0.0000	0.0000	0.0001	0.0000	0.0001	0.0000	0.0000	0.0000	0.0001	0.0000	0.0001	0.0003	0.0003	0.0000	0.0002	0.0002	0.0000	0.0001	0.0001	0.0000	0.0100	0.0046	0.0054	0.0021	0.0020	0.0001	0.0079	0.0026	0.0053	0.0000	0.0000	0.0000	0.0000	0.0000	0.0000	0.0000	0.0000	0.0000	0.0070	0.0000	0.0129	0.0000	0.0000	0.0000	0.0089	0.0000	0.0132						
8	10	0.1313	5	1	0	2	0	0	0	0	0	N	N	Y	N	N	N	N	N	N	N	N	N	0.0000	0.0000	0.0000	0.0000	0.0000	0.0000	0.0000	0.0000	0.0000	0.0000	0.0000	0.0000	0.0000	0.0000	0.0000	0.0000	0.0000	21.6063	1.9616	35.8077	2.7891	3.3179	0.1513	29.4925	0.0000	38.9808	25.2516	0.0000	0.2164	1.0000	1.9652	2.0000	3.8608	0.0000	0.0000	0.0000	0.0000	0.0000	0.0000	0.0000	0.0000	0.0000	1.0162	0.0387	0.9775	0.0387	0.0387	0.0000	0.9775	0.0000	0.9775	0.0818	0.0745	0.0074	0.0521	0.0493	0.0028	0.0297	0.0251	0.0046	0.0470	0.0197	0.0273	0.0139	0.0117	0.0022	0.0331	0.0081	0.0251	0.0000	0.0000	0.0000	0.0000	0.0000	0.0000	0.0000	0.0000	0.0000	21.6063	1.9616	35.8077	2.7891	3.3179	0.0135	29.4925	0.0000	38.9808		
8	12	0.1887	6	1	0	2	1	0	0	0	0	N	N	Y	N	N	N	N	N	N	N	N	N	0.0000	0.0000	0.0000	0.0000	0.0000	0.0000	0.0000	0.0000	0.0000	0.0000	0.0000	0.0000	0.0000	0.0000	0.0000	0.0000	0.0000	0.0000	0.0000	0.0000	1.0000	0.0000	2.0000	1.0000	0.0000	0.0000	0.0000	0.0000	0.0000	0.0000	0.0000	0.0000	0.0000	0.0000	0.0000	0.0000	0.0000	0.0000	0.0000	0.0000	0.0000	0.0000	0.0000	0.0000	0.0000	0.0000	0.0000	0.0000	0.0000	0.0000	0.0000	0.0068	0.0020	0.0048	0.0005	0.0003	0.0002	0.0063	0.0017	0.0046	0.0000	0.0000	0.0000	0.0000	0.0000	0.0000	0.0000	0.0000	0.0000	0.0000	0.0000	0.0000	0.0000	0.0000	0.0000	0.0000	0.0000	0.0000											
8	14	0.2034	7	1	0	1	1	0	0	0	0	N	N	N	N	N	N	N	N	N	N	N	N	0.0000	0.0000	0.0000	0.0000	0.0000	0.0000	0.0000	0.0000	0.0000	0.0000	0.0000	0.0000	0.0000	73.7473	0.0000	104.6773	0.0000	0.0000	0.0000	80.2210	0.0000	110.2066	inf	0.0000	0.2508	1.0000	1.0000	2.0000	0.9994	0.0000	0.0000	0.0000	0.0000	0.0000	0.0000	0.0000	0.0000	0.0000	0.9989	0.0000	0.9989	0.0000	0.0000	0.0000	0.9989	0.0000	0.9989	0.0209	0.0186	0.0022	0.0081	0.0077	0.0004	0.0128	0.0110	0.0018	0.0135	0.0040	0.0095	0.0011	0.0006	0.0005	0.0125	0.0034	0.0091	0.0000	0.0000	0.0000	0.0000	0.0000	0.0000	0.0000	0.0000	0.0000	73.7473	0.0000	104.6773	0.0000	0.0000	0.0000	80.2210	0.0000	110.2066						
8	16	0.2034	7	1	1	1	1	0	0	0	0	N	N	N	N	N	N	N	N	N	N	N	N	0.0000	0.0000	0.0000	0.0000	0.0000	0.0000	0.0000	0.0000	0.0000	0.0000	0.0000	0.0000	0.0000	0.0405	0.1367	0.0000	0.5132	0.9291	0.0000	0.0000	0.0000	0.0000	0.0000	0.0000	-0.0008	1.0000	2.0000	2.0000	2.0010	0.0000	0.0000	0.0000	0.0000	0.0000	0.0000	0.0000	0.0000	0.0000	0.0011	0.0011	0.0000	0.0011	0.0011	0.0000	0.0000	0.0000	0.0000	0.0410	0.0366	0.0044	0.0157	0.0148	0.0008	0.0253	0.0217	0.0036	0.0261	0.0078	0.0184	0.0021	0.0011	0.0009	0.0241	0.0066	0.0175	0.0000	0.0000	0.0000	0.0000	0.0000	0.0000	0.0000	0.0000	0.0000	0.0405	0.1367	0.0000	0.5132	0.9291	0.0000	0.0000	0.0000	0.0000						
8	17	0.0854	4	2	1	1	0	0	0	0	0	Y	N	N	N	N	N	N	N	N	N	N	N	0.0000	0.0000	0.0000	0.0000	0.0000	0.0000	0.0000	0.0000	0.0000	0.0000	0.0000	0.0000	0.0000	0.0000	0.0000	0.0000	1.0431	0.0030	1.8100	0.0064	0.0065	0.0000	1.2958	0.0000	1.8206	827.0000	0.0000	0.0021	1.0000	0.0017	2.0000	0.9948	0.0000	0.0000	0.0000	0.0000	0.0000	0.0000	0.0000	0.0000	0.0000	0.0083	0.0000	0.0083	0.0000	0.0000	0.0000	0.0083	0.0000	0.0083	0.0001	0.0001	0.0000	0.0000	0.0000	0.0000	0.0000	0.0000	0.0000	0.0079	0.0034	0.0046	0.0016	0.0015	0.0000	0.0064	0.0018	0.0045	0.0000	0.0000	0.0000	0.0000	0.0000	0.0000	0.0000	0.0000	0.0000	1.0431	0.0030	1.8100	0.0064	0.0065	0.0000	1.2958	0.0000	1.8206			
8	18	0.2260	7	1	1	1	0	0	0	0	0	N	N	N	N	N	N	N	N	N	N	N	N	0.0000	0.0000	0.0000	0.0000	0.0000	0.0000	0.0000	0.0000	0.0000	0.0000	0.0000	0.0000	0.0000	0.0000	0.0000	0.0000	0.0000	0.0000	0.0000	0.0000	1.0000	0.0000	2.0000	0.0000	0.0000	0.0000	0.0000	0.0000	0.0000	0.0000	0.0000	0.0000	0.0000	0.0000	0.0000	0.0000	0.0000	0.0000	0.0000	0.0000	0.0000	0.0000	0.0000	0.0000	0.0000	0.0000	0.0000	0.0000	0.0000	0.0000	0.0000	0.0000	0.0000	0.0000	0.0000	0.0000	0.0000	0.0000	0.0000	0.0000	0.0000	0.0000	0.0000	0.0000	0.0000	0.0000	0.0000	0.0000	0.0000	0.0000	0.0000	0.0000	0.0000	0.0000	0.0000	0.0000	0.0000	0.0000											
8	19	0.0873	3	1	0	1	1	0	0	0	0	N	N	N	N	N	N	N	N	N	N	N	N	0.0000	0.0000	0.0000	0.0000	0.0000	0.0000	0.0000	0.0000	0.0000	0.0000	0.0000	0.0000	0.0000	0.0000	0.0000	0.0000	0.0000	0.0000	0.0000	0.0000	1.0000	3.0666	2.0000	4.9999	0.0000	0.0000	0.0000	0.0000	0.0000	0.0000	0.0000	0.0000	0.0000	0.0000	0.0000	0.0000	0.0000	0.0000	0.0000	0.0000	0.0000	0.0000	0.0609	0.0540	0.0069	0.0187	0.0178	0.0009	0.0422	0.0363	0.0060	0.0545	0.0182	0.0363	0.0082	0.0054	0.0028	0.0463	0.0128	0.0335	0.0000	0.0000	0.0000	0.0000	0.0000	0.0000	0.0000	0.0000	0.0000	0.0000	0.0000	0.0000	0.0000	0.0000	0.0000	0.0000	0.0000	0.0000											
8	20	0.0384	2	2	0	2	0	0	0	0	0	Y	N	Y	N	N	N	N	N	N	N	N	N	0.0000	0.0000	0.0000	0.0000	0.0000	0.0000	0.0000	0.0000	0.0000	0.0000	0.0000	0.0000	0.0000	44.1454	0.0000	63.8938	0.0000	0.0000	0.0000	50.9629	0.0000	63.8939	inf	0.0000	0.2356	1.0000	0.9718	2.0000	0.9404	0.0000	0.0000	0.0000	0.0000	0.0000	0.0000	0.0000	0.0000	0.0000	0.9383	0.0000	0.9383	0.0000	0.0000	0.0000	0.9383	0.0000	0.9383	0.0186	0.0161	0.0026	0.0027	0.0025	0.0001	0.0160	0.0136	0.0024	0.0213	0.0066	0.0147	0.0028	0.0028	0.0000	0.0184	0.0037	0.0147	0.0000	0.0000	0.0000	0.0000	0.0000	0.0000	0.0000	0.0000	0.0000	44.1454	0.0000	63.8938	0.0000	0.0000	0.0000	50.9629	0.0000	63.8939						
8	21	0.2548	7	1	1	1	0	0	0	0	0	N	N	N	N	N	N	N	N	N	N	N	N	0.0000	0.0000	0.0000	0.0000	0.0000	0.0000	0.0000	0.0000	0.0000	0.0000	0.0000	0.0000	0.0000	0.0775	0.0000	0.1443	0.0000	0.0000	0.0000	0.0993	0.0000	0.1474	inf	0.0000	0.0001	1.0000	0.9958	2.0000	0.0079	0.0000	0.0000	0.0000	0.0000	0.0000	0.0000	0.0000	0.0000	0.0000	0.0004	0.0000	0.0004	0.0000	0.0000	0.0000	0.0004	0.0000	0.0004	0.0255	0.0231	0.0025	0.0144	0.0135	0.0009	0.0111	0.0096	0.0016	0.0053	0.0025	0.0028	0.0012	0.0011	0.0001	0.0041	0.0013	0.0028	0.0000	0.0000	0.0000	0.0000	0.0000	0.0000	0.0000	0.0000	0.0000	0.0775	0.0000	0.1443	0.0000	0.0000	0.0000	0.0993	0.0000	0.1474						
8	22	0.2113	7	1	1	1	0	0	0	0	0	N	N	N	N	N	N	N	N	N	N	N	N	0.0000	0.0000	0.0000	0.0000	0.0000	0.0000	0.0000	0.0000	0.0000	0.0000	0.0000	0.0000	0.0000	0.0000	0.0000	0.0000	1.1420	0.0011	2.0399	0.0022	0.0023	0.0000	1.4570	0.0000	2.0692	2423.0000	0.0000	0.0182	1.0000	4.0220	2.0000	5.3698	0.0000	0.0000	0.0000	0.0000	0.0000	0.0000	0.0000	0.0000	0.0000	0.0727	0.0000	0.0727	0.0000	0.0000	0.0000	0.0727	0.0000	0.0727	0.0920	0.0830	0.0090	0.0419	0.0399	0.0020	0.0501	0.0431	0.0070	0.0637	0.0280	0.0356	0.0138	0.0133	0.0005	0.0499	0.0148	0.0351	0.0000	0.0000	0.0000	0.0000	0.0000	0.0000	0.0000	0.0000	0.0000	1.1420	0.0011	2.0399	0.0022	0.0023	0.0000	1.4570	0.0000	2.0692			
8	24	0.2780	9	1	1	1	0	0	0	0	0	N	N	N	N	N	N	N	N	N	N	N	N	0.0000	0.0000	0.0000	0.0000	0.0000	0.0000	0.0000	0.0000	0.0000	0.0000	0.0000	0.0000	0.0000	0.0040	0.0000	0.0078	0.0000	0.0000	0.0000	0.0052	0.0000	0.0080	inf	0.0000	0.0000	1.0000	0.0018	2.0000	0.9893	0.0000	0.0000	0.0000	0.0000	0.0000	0.0000	0.0000	0.0000	0.0000	0.0000	0.0000	0.0000	0.0000	0.0000	0.0000	0.0000	0.0000	0.0000	0.0001	0.0001	0.0000	0.0001	0.0001	0.0000	0.0000	0.0000	0.0000	0.0050	0.0024	0.0026	0.0011	0.0010	0.0001	0.0039	0.0014	0.0025	0.0000	0.0000	0.0000	0.0000	0.0000	0.0000	0.0000	0.0000	0.0000	0.0040	0.0000	0.0078	0.0000	0.0000	0.0000	0.0052	0.0000	0.0080						
8	25	0.0873	3	2	1	1	0	0	0	0	0	Y	N	N	N	N	N	N	N	N	N	N	N	0.0000	0.0000	0.0000	0.0000	0.0000	0.0000	0.0000	0.0000	0.0000	0.0000	0.0000	0.0000	0.0000	23.5895	0.0000	35.3929	0.0000	0.0000	0.0000	27.8511	0.0000	38.3619	inf	0.0000	0.2511	1.0000	2.0666	2.0000	3.9999	0.0000	0.0000	0.0000	0.0000	0.0000	0.0000	0.0000	0.0000	0.0000	1.0000	0.0000	1.0000	0.0000	0.0000	0.0000	1.0000	0.0000	1.0000	0.0434	0.0386	0.0047	0.0146	0.0139	0.0006	0.0288	0.0247	0.0041	0.0424	0.0141	0.0283	0.0065	0.0043	0.0022	0.0359	0.0098	0.0261	0.0000	0.0000	0.0000	0.0000	0.0000	0.0000	0.0000	0.0000	0.0000	23.5895	0.0000	35.3929	0.0000	0.0000	0.0000	27.8511	0.0000	38.3619						
8	28	0.0873	3	1	1	2	1	0	0	0	0	N	N	Y	N	N	N	N	N	N	N	N	N	0.0000	0.0000	0.0000	0.0000	0.0000	0.0000	0.0000	0.0000	0.0000	0.0000	0.0000	0.0000	0.0000	12.3794	0.0000	18.6111	0.0000	0.0000	0.0000	14.5082	0.0000	20.1599	inf	0.0000	0.2511	1.0000	3.9334	2.0000	8.9999	0.0000	0.0000	0.0000	0.0000	0.0000	0.0000	0.0000	0.0000	0.0000	1.0000	0.0000	1.0000	0.0000	0.0000	0.0000	1.0000	0.0000	1.0000	0.0757	0.0670	0.0087	0.0221	0.0209	0.0011	0.0536	0.0461	0.0075	0.0808	0.0270	0.0537	0.0119	0.0077	0.0041	0.0689	0.0193	0.0496	0.0000	0.0000	0.0000	0.0000	0.0000	0.0000	0.0000	0.0000	0.0000	12.3794	0.0000	18.6111	0.0000	0.0000	0.0000	14.5082	0.0000	20.1599						
8	29	0.0478	3	1	1	1	0	0	0	0	0	N	N	N	N	N	N	N	N	N	N	N	N	0.0000	0.0000	0.0000	0.0000	0.0000	0.0000	0.0000	0.0000	0.0000	0.0000	0.0000	0.0000	0.0000	0.3394	1.1371	0.0000	4.9290	4.9366	0.0000	0.0000	0.0000	0.0000	0.0000	0.0000	-0.0188	1.0000	7.9836	2.0000	2.1583	0.0000	0.0000	0.0000	0.0000	0.0000	0.0000	0.0000	0.0000	0.0000	0.0251	0.0251	0.0000	0.0251	0.0251	0.0000	0.0000	0.0000	0.0000	0.1580	0.1407	0.0172	0.0373	0.0355	0.0018	0.1207	0.1052	0.0155	0.0738	0.0220	0.0518	0.0051	0.0051	0.0000	0.0688	0.0170	0.0518	0.0000	0.0000	0.0000	0.0000	0.0000	0.0000	0.0000	0.0000	0.0000	0.3394	1.1371	0.0000	4.9290	4.9366	0.0000	0.0000	0.0000	0.0000						
8	30	0.0873	3	2	1	1	0	0	0	0	0	Y	N	N	N	N	N	N	N	N	N	N	N	0.0000	0.0000	0.0000	0.0000	0.0000	0.0000	0.0000	0.0000	0.0000	0.0000	0.0000	0.0000	0.0000	0.0000	0.0000	0.0000	0.0000	0.0000	0.0000	0.0000	1.0000	9.9334	2.0000	11.0001	0.0000	0.0000	0.0000	0.0000	0.0000	0.0000	0.0000	0.0000	0.0000	0.0000	0.0000	0.0000	0.0000	0.0000	0.0000	0.0000	0.0000	0.0000	0.1681	0.1486	0.0195	0.0418	0.0395	0.0024	0.1263	0.1092	0.0171	0.1154	0.0389	0.0766	0.0161	0.0103	0.0058	0.0993	0.0286	0.0707	0.0000	0.0000	0.0000	0.0000	0.0000	0.0000	0.0000	0.0000	0.0000	0.0000	0.0000	0.0000	0.0000	0.0000	0.0000	0.0000	0.0000	0.0000											
8	31	0.0873	3	1	0	2	0	0	0	0	0	N	N	Y	N	N	N	N	N	N	N	N	N	0.0000	0.0000	0.0000	0.0000	0.0000	0.0000	0.0000	0.0000	0.0000	0.0000	0.0000	0.0000	0.0000	18.6072	55.7401	0.0000	0.0000	0.0000	0.0000	21.9236	79.5116	0.0000	0.0000	0.0000	-0.7489	1.0000	2.9334	2.0000	4.9999	0.0000	0.0000	0.0000	0.0000	0.0000	0.0000	0.0000	0.0000	0.0000	1.0000	1.0000	0.0000	0.0000	0.0000	0.0000	1.0000	1.0000	0.0000	0.0586	0.0520	0.0066	0.0181	0.0173	0.0009	0.0405	0.0347	0.0057	0.0537	0.0179	0.0358	0.0081	0.0054	0.0028	0.0456	0.0126	0.0330	0.0000	0.0000	0.0000	0.0000	0.0000	0.0000	0.0000	0.0000	0.0000	18.6072	55.7401	0.0000	0.0000	0.0000	0.0000	21.9236	79.5116	0.0000						
8	32	0.0873	3	1	1	1	0	0	0	0	0	N	N	N	N	N	N	N	N	N	N	N	N	0.0000	0.0000	0.0000	0.0000	0.0000	0.0000	0.0000	0.0000	0.0000	0.0000	0.0000	0.0000	0.0000	41.1835	0.0000	61.8061	0.0000	0.0000	0.0000	48.5698	0.0000	66.9857	inf	0.0000	0.5021	1.0000	3.0666	2.0000	3.9999	0.0000	0.0000	0.0000	0.0000	0.0000	0.0000	0.0000	0.0000	0.0000	2.0000	0.0000	2.0000	0.0000	0.0000	0.0000	2.0000	0.0000	2.0000	0.0609	0.0540	0.0069	0.0187	0.0178	0.0009	0.0422	0.0363	0.0060	0.0486	0.0162	0.0324	0.0074	0.0049	0.0025	0.0412	0.0113	0.0299	0.0000	0.0000	0.0000	0.0000	0.0000	0.0000	0.0000	0.0000	0.0000	41.1835	0.0000	61.8061	0.0000	0.0000	0.0000	48.5698	0.0000	66.9857						
8	33	0.0347	2	2	0	2	0	0	0	0	0	Y	N	Y	N	N	N	N	N	N	N	N	N	0.0000	0.0000	0.0000	0.0000	0.0000	0.0000	0.0000	0.0000	0.0000	0.0000	0.0000	0.0000	0.0000	0.0000	0.0000	0.0000	33.5474	0.0034	47.6479	0.0101	0.0125	0.0000	37.3096	0.0000	49.0139	33052.6667	0.0000	0.2489	1.0000	0.9991	2.0000	2.0219	0.0000	0.0000	0.0000	0.0000	0.0000	0.0000	0.0000	0.0000	0.0000	0.9916	0.0000	0.9916	0.0000	0.0000	0.0000	0.9916	0.0000	0.9916	0.0177	0.0150	0.0026	0.0000	0.0000	0.0000	0.0176	0.0150	0.0026	0.0296	0.0087	0.0208	0.0030	0.0024	0.0006	0.0266	0.0063	0.0202	0.0000	0.0000	0.0000	0.0000	0.0000	0.0000	0.0000	0.0000	0.0000	33.5474	0.0034	47.6479	0.0101	0.0125	0.0000	37.3096	0.0000	49.0139			
8	34	0.0873	3	1	1	1	0	0	0	0	0	N	N	N	N	N	N	N	N	N	N	N	N	0.0000	0.0000	0.0000	0.0000	0.0000	0.0000	0.0000	0.0000	0.0000	0.0000	0.0000	0.0000	0.0000	15.3563	0.0000	23.0646	0.0000	0.0000	0.0000	18.0542	0.0000	24.9913	inf	0.0000	0.2511	1.0000	4.9334	2.0000	5.0001	0.0000	0.0000	0.0000	0.0000	0.0000	0.0000	0.0000	0.0000	0.0000	1.0000	0.0000	1.0000	0.0000	0.0000	0.0000	1.0000	0.0000	1.0000	0.0922	0.0816	0.0106	0.0258	0.0244	0.0014	0.0664	0.0572	0.0093	0.0651	0.0218	0.0434	0.0097	0.0064	0.0033	0.0554	0.0154	0.0400	0.0000	0.0000	0.0000	0.0000	0.0000	0.0000	0.0000	0.0000	0.0000	15.3563	0.0000	23.0646	0.0000	0.0000	0.0000	18.0542	0.0000	24.9913						
8	35	0.0347	2	2	0	2	0	0	0	0	0	Y	N	Y	N	N	N	N	N	N	N	N	N	0.0000	0.0000	0.0000	0.0000	0.0000	0.0000	0.0000	0.0000	0.0000	0.0000	0.0000	0.0000	0.0000	0.3978	1.2621	0.0000	3.1319	3.6616	0.0000	0.0000	0.0000	0.0000	0.0000	0.0000	-0.0063	1.0000	0.0009	2.0000	1.9867	0.0000	0.0000	0.0000	0.0000	0.0000	0.0000	0.0000	0.0000	0.0000	0.0084	0.0084	0.0000	0.0084	0.0084	0.0000	0.0000	0.0000	0.0000	0.0000	0.0000	0.0000	0.0000	0.0000	0.0000	0.0000	0.0000	0.0000	0.0212	0.0067	0.0145	0.0027	0.0023	0.0004	0.0185	0.0044	0.0141	0.0000	0.0000	0.0000	0.0000	0.0000	0.0000	0.0000	0.0000	0.0000	0.3978	1.2621	0.0000	3.1319	3.6616	0.0000	0.0000	0.0000	0.0000						
8	38	0.0873	3	1	0	2	0	0	0	0	0	N	N	Y	N	N	N	N	N	N	N	N	N	0.0000	0.0000	0.0000	0.0000	0.0000	0.0000	0.0000	0.0000	0.0000	0.0000	0.0000	0.0000	0.0000	0.0000	0.0000	0.0000	0.0000	0.0000	0.0000	0.0000	1.0000	3.0666	2.0000	2.9999	0.0000	0.0000	0.0000	0.0000	0.0000	0.0000	0.0000	0.0000	0.0000	0.0000	0.0000	0.0000	0.0000	0.0000	0.0000	0.0000	0.0000	0.0000	0.0609	0.0540	0.0069	0.0187	0.0178	0.0009	0.0422	0.0363	0.0060	0.0424	0.0141	0.0283	0.0065	0.0043	0.0022	0.0359	0.0098	0.0261	0.0000	0.0000	0.0000	0.0000	0.0000	0.0000	0.0000	0.0000	0.0000	0.0000	0.0000	0.0000	0.0000	0.0000	0.0000	0.0000	0.0000	0.0000											
8	39	0.0873	3	1	1	1	0	0	0	0	0	N	N	N	N	N	N	N	N	N	N	N	N	0.0000	0.0000	0.0000	0.0000	0.0000	0.0000	0.0000	0.0000	0.0000	0.0000	0.0000	0.0000	0.0000	24.0647	0.0000	36.1048	0.0000	0.0000	0.0000	28.4164	0.0000	39.1339	inf	0.0000	0.2511	1.0000	3.9334	2.0000	2.0001	0.0000	0.0000	0.0000	0.0000	0.0000	0.0000	0.0000	0.0000	0.0000	1.0000	0.0000	1.0000	0.0000	0.0000	0.0000	1.0000	0.0000	1.0000	0.0757	0.0670	0.0087	0.0221	0.0209	0.0011	0.0536	0.0461	0.0075	0.0416	0.0139	0.0277	0.0064	0.0042	0.0021	0.0352	0.0096	0.0256	0.0000	0.0000	0.0000	0.0000	0.0000	0.0000	0.0000	0.0000	0.0000	24.0647	0.0000	36.1048	0.0000	0.0000	0.0000	28.4164	0.0000	39.1339						
8	40	0.0507	4	2	1	2	0	0	0	0	0	Y	N	Y	N	N	N	N	N	N	N	N	N	0.0000	0.0000	0.0000	0.0000	0.0000	0.0000	0.0000	0.0000	0.0000	0.0000	0.0000	0.0000	0.0000	0.0000	0.0000	0.0000	0.0000	0.0000	0.0000	0.0000	1.0000	0.0000	2.0000	0.0000	0.0000	0.0000	0.0000	0.0000	0.0000	0.0000	0.0000	0.0000	0.0000	0.0000	0.0000	0.0000	0.0000	0.0000	0.0000	0.0000	0.0000	0.0000	0.0000	0.0000	0.0000	0.0000	0.0000	0.0000	0.0000	0.0000	0.0000	0.0000	0.0000	0.0000	0.0000	0.0000	0.0000	0.0000	0.0000	0.0000	0.0000	0.0000	0.0000	0.0000	0.0000	0.0000	0.0000	0.0000	0.0000	0.0000	0.0000	0.0000	0.0000	0.0000	0.0000	0.0000	0.0000	0.0000											
8	41	0.0507	3	2	1	2	0	0	0	0	0	Y	N	Y	N	N	N	N	N	N	N	N	N	0.0000	0.0000	0.0000	0.0000	0.0000	0.0000	0.0000	0.0000	0.0000	0.0000	0.0000	0.0000	0.0000	41.2258	0.0000	54.0321	0.0000	0.0000	0.0000	41.2666	0.0000	54.0321	inf	0.0000	0.2510	1.0000	1.0000	2.0000	1.9999	0.0000	0.0000	0.0000	0.0000	0.0000	0.0000	0.0000	0.0000	0.0000	0.9999	0.0000	0.9999	0.0000	0.0000	0.0000	0.9999	0.0000	0.9999	0.0184	0.0159	0.0026	0.0024	0.0023	0.0002	0.0160	0.0136	0.0024	0.0243	0.0057	0.0185	0.0000	0.0000	0.0000	0.0242	0.0057	0.0185	0.0000	0.0000	0.0000	0.0000	0.0000	0.0000	0.0000	0.0000	0.0000	41.2258	0.0000	54.0321	0.0000	0.0000	0.0000	41.2666	0.0000	54.0321						
8	42	0.2285	6	2	1	1	0	0	0	0	0	Y	N	N	N	N	N	N	N	N	N	N	N	0.0000	0.0000	0.0000	0.0000	0.0000	0.0000	0.0000	0.0000	0.0000	0.0000	0.0000	0.0000	0.0000	0.0000	0.0000	0.0000	42.9827	0.0011	74.9292	0.0018	0.0020	0.0000	57.2356	0.0000	77.7928	94075.0000	0.0000	0.2362	1.0000	0.0007	2.0000	2.0242	0.0000	0.0000	0.0000	0.0000	0.0000	0.0000	0.0000	0.0000	0.0000	0.9408	0.0000	0.9407	0.0000	0.0000	0.0000	0.9407	0.0000	0.9407	0.0000	0.0000	0.0000	0.0000	0.0000	0.0000	0.0000	0.0000	0.0000	0.0219	0.0093	0.0126	0.0055	0.0050	0.0005	0.0164	0.0043	0.0121	0.0000	0.0000	0.0000	0.0000	0.0000	0.0000	0.0000	0.0000	0.0000	42.9827	0.0011	74.9292	0.0018	0.0020	0.0000	57.2356	0.0000	77.7928			
8	43	0.1317	4	1	1	1	1	0	0	0	0	N	N	N	N	N	N	N	N	N	N	N	N	0.0000	0.0000	0.0000	0.0000	0.0000	0.0000	0.0000	0.0000	0.0000	0.0000	0.0000	0.0000	0.0000	0.0000	0.0000	0.0000	0.0000	0.0000	0.0000	0.0000	1.0000	0.0000	2.0000	0.0000	0.0000	0.0000	0.0000	0.0000	0.0000	0.0000	0.0000	0.0000	0.0000	0.0000	0.0000	0.0000	0.0000	0.0000	0.0000	0.0000	0.0000	0.0000	0.0000	0.0000	0.0000	0.0000	0.0000	0.0000	0.0000	0.0000	0.0000	0.0000	0.0000	0.0000	0.0000	0.0000	0.0000	0.0000	0.0000	0.0000	0.0000	0.0000	0.0000	0.0000	0.0000	0.0000	0.0000	0.0000	0.0000	0.0000	0.0000	0.0000	0.0000	0.0000	0.0000	0.0000	0.0000	0.0000											
8	44	0.1317	4	1	0	1	1	0	0	0	0	N	N	N	N	N	N	N	N	N	N	N	N	0.0000	0.0000	0.0000	0.0000	0.0000	0.0000	0.0000	0.0000	0.0000	0.0000	0.0000	0.0000	0.0000	0.0000	0.0000	0.0000	0.0000	0.0000	0.0000	0.0000	1.0000	0.0000	2.0000	0.0000	0.0000	0.0000	0.0000	0.0000	0.0000	0.0000	0.0000	0.0000	0.0000	0.0000	0.0000	0.0000	0.0000	0.0000	0.0000	0.0000	0.0000	0.0000	0.0000	0.0000	0.0000	0.0000	0.0000	0.0000	0.0000	0.0000	0.0000	0.0000	0.0000	0.0000	0.0000	0.0000	0.0000	0.0000	0.0000	0.0000	0.0000	0.0000	0.0000	0.0000	0.0000	0.0000	0.0000	0.0000	0.0000	0.0000	0.0000	0.0000	0.0000	0.0000	0.0000	0.0000	0.0000	0.0000											
8	45	0.0873	3	1	0	1	1	0	0	0	0	N	N	N	N	N	N	N	N	N	N	N	N	0.0000	0.0000	0.0000	0.0000	0.0000	0.0000	0.0000	0.0000	0.0000	0.0000	0.0000	0.0000	0.0000	41.1835	0.0000	61.8061	0.0000	0.0000	0.0000	48.5698	0.0000	66.9857	inf	0.0000	0.5021	1.0000	3.0666	2.0000	3.9999	0.0000	0.0000	0.0000	0.0000	0.0000	0.0000	0.0000	0.0000	0.0000	2.0000	0.0000	2.0000	0.0000	0.0000	0.0000	2.0000	0.0000	2.0000	0.0609	0.0540	0.0069	0.0187	0.0178	0.0009	0.0422	0.0363	0.0060	0.0486	0.0162	0.0324	0.0074	0.0049	0.0025	0.0412	0.0113	0.0299	0.0000	0.0000	0.0000	0.0000	0.0000	0.0000	0.0000	0.0000	0.0000	41.1835	0.0000	61.8061	0.0000	0.0000	0.0000	48.5698	0.0000	66.9857						
8	47	0.0854	4	2	1	1	0	0	0	0	0	Y	N	N	N	N	N	N	N	N	N	N	N	0.0000	0.0000	0.0000	0.0000	0.0000	0.0000	0.0000	0.0000	0.0000	0.0000	0.0000	0.0000	0.0000	0.0000	0.0000	0.0000	0.4150	0.0013	0.6875	0.0035	0.0036	0.0000	0.4834	0.0000	0.6920	827.0000	0.0000	0.0021	1.0000	0.9991	2.0000	2.0273	0.0000	0.0000	0.0000	0.0000	0.0000	0.0000	0.0000	0.0000	0.0000	0.0083	0.0000	0.0083	0.0000	0.0000	0.0000	0.0083	0.0000	0.0083	0.0189	0.0167	0.0023	0.0055	0.0052	0.0004	0.0134	0.0115	0.0019	0.0200	0.0079	0.0120	0.0028	0.0028	0.0001	0.0171	0.0052	0.0120	0.0000	0.0000	0.0000	0.0000	0.0000	0.0000	0.0000	0.0000	0.0000	0.4150	0.0013	0.6875	0.0035	0.0036	0.0000	0.4834	0.0000	0.6920			
8	48	0.0478	3	2	1	1	0	0	0	0	0	Y	N	N	N	N	N	N	N	N	N	N	N	0.0000	0.0000	0.0000	0.0000	0.0000	0.0000	0.0000	0.0000	0.0000	0.0000	0.0000	0.0000	0.0000	0.0000	0.0000	0.0000	18.0923	0.0142	26.3239	0.0427	0.0428	0.0000	20.1826	0.0000	26.3276	4079.8153	0.0000	0.2426	1.0000	3.1828	2.0000	3.1571	0.0000	0.0000	0.0000	0.0000	0.0000	0.0000	0.0000	0.0000	0.0000	0.9671	0.0002	0.9669	0.0002	0.0002	0.0000	0.9669	0.0000	0.9669	0.0877	0.0796	0.0081	0.0297	0.0287	0.0010	0.0580	0.0510	0.0071	0.0535	0.0167	0.0367	0.0055	0.0055	0.0000	0.0479	0.0112	0.0367	0.0000	0.0000	0.0000	0.0000	0.0000	0.0000	0.0000	0.0000	0.0000	18.0923	0.0142	26.3239	0.0427	0.0428	0.0000	20.1826	0.0000	26.3276			
8	49	0.0436	2	1	1	1	0	0	0	0	0	N	N	N	N	N	N	N	N	N	N	N	N	0.0000	0.0000	0.0000	0.0000	0.0000	0.0000	0.0000	0.0000	0.0000	0.0000	0.0000	0.0000	0.0000	0.0000	0.0000	0.0000	1.2307	0.8594	1.4496	1.3713	1.3714	0.0000	1.1882	0.0000	1.4496	2.8623	0.0000	-0.0003	1.0000	0.8922	2.0000	1.0748	0.0000	0.0000	0.0000	0.0000	0.0000	0.0000	0.0000	0.0000	0.0000	0.0335	0.0087	0.0248	0.0087	0.0087	0.0000	0.0248	0.0000	0.0248	0.0428	0.0399	0.0029	0.0212	0.0206	0.0006	0.0215	0.0193	0.0023	0.0272	0.0101	0.0171	0.0063	0.0063	0.0000	0.0209	0.0038	0.0171	0.0000	0.0000	0.0000	0.0000	0.0000	0.0000	0.0000	0.0000	0.0000	1.2307	0.8594	1.4496	1.3713	1.3714	0.0000	1.1882	0.0000	1.4496			
8	52	0.1439	4	1	0	1	0	0	0	0	0	N	N	N	N	N	N	N	N	N	N	N	N	0.0000	0.0000	0.0000	0.0000	0.0000	0.0000	0.0000	0.0000	0.0000	0.0000	0.0000	0.0000	0.0000	0.0305	0.0784	0.0000	0.2135	0.2256	0.0000	0.0000	0.0000	0.0000	0.0000	0.0000	-0.0009	1.0000	3.0179	2.0000	1.1627	0.0000	0.0000	0.0000	0.0000	0.0000	0.0000	0.0000	0.0000	0.0000	0.0012	0.0012	0.0000	0.0012	0.0012	0.0000	0.0000	0.0000	0.0000	0.0620	0.0550	0.0070	0.0196	0.0186	0.0010	0.0425	0.0364	0.0061	0.0406	0.0158	0.0248	0.0058	0.0055	0.0003	0.0348	0.0103	0.0245	0.0000	0.0000	0.0000	0.0000	0.0000	0.0000	0.0000	0.0000	0.0000	0.0305	0.0784	0.0000	0.2135	0.2256	0.0000	0.0000	0.0000	0.0000						
8	54	0.1439	4	1	1	1	0	0	0	0	0	N	N	N	N	N	N	N	N	N	N	N	N	0.0000	0.0000	0.0000	0.0000	0.0000	0.0000	0.0000	0.0000	0.0000	0.0000	0.0000	0.0000	0.0000	0.0177	0.0541	0.0000	0.2060	0.2289	0.0000	0.0000	0.0000	0.0000	0.0000	0.0000	-0.0009	1.0000	2.0683	2.0000	6.9961	0.0000	0.0000	0.0000	0.0000	0.0000	0.0000	0.0000	0.0000	0.0000	0.0012	0.0012	0.0000	0.0012	0.0012	0.0000	0.0000	0.0000	0.0000	0.0441	0.0391	0.0050	0.0146	0.0139	0.0008	0.0295	0.0253	0.0042	0.0699	0.0229	0.0470	0.0060	0.0054	0.0006	0.0639	0.0175	0.0464	0.0000	0.0000	0.0000	0.0000	0.0000	0.0000	0.0000	0.0000	0.0000	0.0177	0.0541	0.0000	0.2060	0.2289	0.0000	0.0000	0.0000	0.0000						
8	55	0.0873	3	1	0	1	0	0	0	0	0	N	N	N	N	N	N	N	N	N	N	N	N	0.0000	0.0000	0.0000	0.0000	0.0000	0.0000	0.0000	0.0000	0.0000	0.0000	0.0000	0.0000	0.0000	0.0207	0.0000	0.0311	0.0000	0.0000	0.0000	0.0243	0.0000	0.0337	inf	0.0000	0.0003	1.0000	3.9265	2.0000	5.0808	0.0000	0.0000	0.0000	0.0000	0.0000	0.0000	0.0000	0.0000	0.0000	0.0012	0.0000	0.0012	0.0000	0.0000	0.0000	0.0012	0.0000	0.0012	0.0756	0.0669	0.0086	0.0220	0.0209	0.0011	0.0535	0.0460	0.0075	0.0599	0.0200	0.0399	0.0090	0.0059	0.0031	0.0509	0.0141	0.0368	0.0000	0.0000	0.0000	0.0000	0.0000	0.0000	0.0000	0.0000	0.0000	0.0207	0.0000	0.0311	0.0000	0.0000	0.0000	0.0243	0.0000	0.0337						
8	57	0.2224	8	1	1	1	0	0	0	0	0	N	N	N	N	N	N	N	N	N	N	N	N	6.5641	437.4640	0.0000	0.1138	0.1133	9.2776	inf	0.0000	4.9659	5.5054	0.0000	0.0033	0.0034	0.0000	8.6394	9.9646	0.0000	0.7565	0.0126	1.3463	0.0287	0.0304	0.0000	0.9312	0.0000	1.3725	0.0000	134.9423	-0.1976	0.0172	1.0000	9.7645	2.0000	7.4558	0.9991	0.9991	0.0000	0.0003	0.0003	0.0000	0.9988	0.9988	0.0000	0.0707	0.0005	0.0702	0.0005	0.0005	0.0000	0.0702	0.0000	0.0702	0.2012	0.1815	0.0197	0.0856	0.0812	0.0043	0.1156	0.1002	0.0154	0.0934	0.0413	0.0521	0.0181	0.0171	0.0010	0.0754	0.0242	0.0511	6.5641	437.4640	0.0000	0.1138	0.1133	0.0000	9.2776	inf	0.0000	0.7565	0.0126	1.3463	0.0287	0.0304	0.0000	0.9312	0.0000	1.3725	
8	58	0.2780	9	1	0	2	0	0	0	0	0	N	N	Y	N	N	N	N	N	N	N	N	N	0.0000	0.0000	0.0000	0.0000	0.0000	0.0000	0.0000	0.0000	0.0000	0.0000	0.0000	0.0000	0.0000	0.0039	0.0000	0.0076	0.0000	0.0000	0.0000	0.0050	0.0000	0.0078	inf	0.0000	0.0000	1.0000	1.0009	2.0000	0.0163	0.0000	0.0000	0.0000	0.0000	0.0000	0.0000	0.0000	0.0000	0.0000	0.0000	0.0000	0.0000	0.0000	0.0000	0.0000	0.0000	0.0000	0.0000	0.0263	0.0238	0.0025	0.0159	0.0149	0.0010	0.0105	0.0089	0.0015	0.0051	0.0024	0.0026	0.0011	0.0011	0.0001	0.0040	0.0014	0.0026	0.0000	0.0000	0.0000	0.0000	0.0000	0.0000	0.0000	0.0000	0.0000	0.0039	0.0000	0.0076	0.0000	0.0000	0.0000	0.0050	0.0000	0.0078						
8	59	0.2626	8	1	0	1	0	0	0	0	0	N	N	N	N	N	N	N	N	N	N	N	N	0.0000	0.0000	0.0000	0.0000	0.0000	0.0000	0.0000	0.0000	0.0000	0.0000	0.0000	0.0000	0.0000	0.0000	0.0000	0.0000	0.0087	0.0042	0.0125	0.0091	0.0096	0.0000	0.0086	0.0000	0.0128	3.5002	0.0000	0.0000	1.0000	1.9961	2.0000	0.0521	0.0000	0.0000	0.0000	0.0000	0.0000	0.0000	0.0000	0.0000	0.0000	0.0001	0.0000	0.0001	0.0000	0.0000	0.0000	0.0001	0.0000	0.0001	0.0497	0.0448	0.0049	0.0276	0.0259	0.0017	0.0221	0.0189	0.0031	0.0104	0.0047	0.0056	0.0022	0.0021	0.0001	0.0082	0.0027	0.0055	0.0000	0.0000	0.0000	0.0000	0.0000	0.0000	0.0000	0.0000	0.0000	0.0087	0.0042	0.0125	0.0091	0.0096	0.0000	0.0086	0.0000	0.0128			
8	60	0.2548	7	1	0	1	0	0	0	0	0	N	N	N	N	N	N	N	N	N	N	N	N	0.0000	0.0000	0.0000	0.0000	0.0000	0.0000	0.0000	0.0000	0.0000	0.0000	0.0000	0.0000	0.0000	0.0000	0.0000	0.0000	0.0863	0.0272	0.1372	0.0576	0.0607	0.0000	0.0944	0.0000	0.1401	5.8591	0.0000	0.0001	1.0000	0.0081	2.0000	1.0507	0.0000	0.0000	0.0000	0.0000	0.0000	0.0000	0.0000	0.0000	0.0000	0.0005	0.0001	0.0004	0.0001	0.0001	0.0000	0.0004	0.0000	0.0004	0.0003	0.0003	0.0000	0.0002	0.0002	0.0000	0.0001	0.0001	0.0000	0.0056	0.0026	0.0030	0.0012	0.0012	0.0001	0.0043	0.0014	0.0029	0.0000	0.0000	0.0000	0.0000	0.0000	0.0000	0.0000	0.0000	0.0000	0.0863	0.0272	0.1372	0.0576	0.0607	0.0000	0.0944	0.0000	0.1401			
8	61	0.2061	6	1	0	1	0	0	0	0	0	N	N	N	N	N	N	N	N	N	N	N	N	0.0000	0.0000	0.0000	0.0000	0.0000	0.0000	0.0000	0.0000	0.0000	0.0000	0.0000	0.0000	0.0000	0.0000	0.0000	0.0000	1.8377	0.0192	3.2325	0.0364	0.0376	0.0000	2.3731	0.0000	3.2738	219.2074	0.0000	0.0219	1.0000	3.0167	2.0000	3.2580	0.0000	0.0000	0.0000	0.0000	0.0000	0.0000	0.0000	0.0000	0.0000	0.0889	0.0004	0.0885	0.0004	0.0004	0.0000	0.0885	0.0000	0.0885	0.0714	0.0644	0.0069	0.0331	0.0315	0.0016	0.0383	0.0329	0.0054	0.0484	0.0210	0.0274	0.0111	0.0107	0.0003	0.0373	0.0103	0.0270	0.0000	0.0000	0.0000	0.0000	0.0000	0.0000	0.0000	0.0000	0.0000	1.8377	0.0192	3.2325	0.0364	0.0376	0.0000	2.3731	0.0000	3.2738			
8	62	0.1313	5	1	1	1	0	0	0	0	0	N	N	N	N	N	N	N	N	N	N	N	N	0.0000	0.0000	0.0000	0.0000	0.0000	0.0000	0.0000	0.0000	0.0000	0.0000	0.0000	0.0000	0.0000	0.0000	0.0000	0.0000	17.9316	1.0076	29.5735	1.4848	1.8199	0.0000	24.2192	0.0000	32.3543	42.6667	0.0000	0.2245	1.0000	3.3327	2.0000	4.3103	0.0000	0.0000	0.0000	0.0000	0.0000	0.0000	0.0000	0.0000	0.0000	0.9838	0.0225	0.9613	0.0225	0.0225	0.0000	0.9613	0.0000	0.9613	0.1068	0.0966	0.0102	0.0621	0.0586	0.0036	0.0447	0.0380	0.0066	0.0549	0.0224	0.0325	0.0152	0.0124	0.0028	0.0397	0.0100	0.0297	0.0000	0.0000	0.0000	0.0000	0.0000	0.0000	0.0000	0.0000	0.0000	17.9316	1.0076	29.5735	1.4848	1.8199	0.0000	24.2192	0.0000	32.3543			
8	63	0.1072	4	1	0	1	0	0	0	0	0	N	N	N	N	N	N	N	N	N	N	N	N	0.0000	0.0000	0.0000	0.0000	0.0000	0.0000	0.0000	0.0000	0.0000	0.0000	0.0000	0.0000	0.0000	0.0000	0.0000	0.0000	0.0000	1.5380	0.0158	2.5488	0.0223	0.0285	0.0000	2.0401	0.1598	2.8035	243.4250	0.0000	0.0152	1.0000	3.2669	2.0000	2.4507	0.0000	0.0000	0.0000	0.0000	0.0000	0.0000	0.0000	0.0000	0.0000	0.0615	0.0003	0.0612	0.0002	0.0002	0.0000	0.0612	0.0000	0.0612	0.1114	0.1015	0.0099	0.0634	0.0603	0.0031	0.0479	0.0412	0.0067	0.0400	0.0159	0.0240	0.0099	0.0078	0.0022	0.0300	0.0082	0.0218	0.0000	0.0000	0.0000	0.0000	0.0000	0.0000	0.0000	0.0000	0.0000	1.5380	0.0158	2.5488	0.0223	0.0285	0.0000	2.0401	0.0037	2.8035		
8	64	0.0507	4	2	0	2	0	0	0	0	0	Y	N	Y	N	N	N	N	N	N	N	N	N	0.0000	0.0000	0.0000	0.0000	0.0000	0.0000	0.0000	0.0000	0.0000	0.0000	0.0000	0.0000	0.0000	0.0000	0.0000	0.0000	0.0000	0.0000	0.0000	0.0000	1.0000	0.0000	2.0000	1.0000	0.0000	0.0000	0.0000	0.0000	0.0000	0.0000	0.0000	0.0000	0.0000	0.0000	0.0000	0.0000	0.0000	0.0000	0.0000	0.0000	0.0000	0.0000	0.0000	0.0000	0.0000	0.0000	0.0000	0.0000	0.0000	0.0000	0.0000	0.0084	0.0020	0.0064	0.0000	0.0000	0.0000	0.0084	0.0020	0.0064	0.0000	0.0000	0.0000	0.0000	0.0000	0.0000	0.0000	0.0000	0.0000	0.0000	0.0000	0.0000	0.0000	0.0000	0.0000	0.0000	0.0000	0.0000											
8	65	0.0507	3	2	0	2	0	0	0	0	0	Y	N	Y	N	N	N	N	N	N	N	N	N	0.0000	0.0000	0.0000	0.0000	0.0000	0.0000	0.0000	0.0000	0.0000	0.0000	0.0000	0.0000	0.0000	9.0601	18.9015	0.0000	19.6406	19.6406	0.0000	0.0000	0.0000	0.0000	0.0000	0.0000	-0.0001	1.0000	0.0000	2.0000	0.0001	0.0000	0.0000	0.0000	0.0000	0.0000	0.0000	0.0000	0.0000	0.0000	0.0001	0.0001	0.0000	0.0001	0.0001	0.0000	0.0000	0.0000	0.0000	0.0000	0.0000	0.0000	0.0000	0.0000	0.0000	0.0000	0.0000	0.0000	0.0000	0.0000	0.0000	0.0000	0.0000	0.0000	0.0000	0.0000	0.0000	0.0000	0.0000	0.0000	0.0000	0.0000	0.0000	0.0000	0.0000	0.0000	9.0601	18.9015	0.0000	19.6406	19.6406	0.0000	0.0000	0.0000	0.0000						
8	66	0.0384	2	2	0	2	0	0	0	0	0	Y	N	Y	N	N	N	N	N	N	N	N	N	0.0000	0.0000	0.0000	0.0000	0.0000	0.0000	0.0000	0.0000	0.0000	0.0000	0.0000	0.0000	0.0000	0.0000	0.0000	0.0000	2.7531	9.0032	0.0060	21.7530	21.7532	0.0000	0.0048	0.0000	0.0060	0.0015	0.0000	-0.0462	1.0000	1.9720	2.0000	0.0923	0.0000	0.0000	0.0000	0.0000	0.0000	0.0000	0.0000	0.0000	0.0000	0.0617	0.0617	0.0001	0.0617	0.0617	0.0000	0.0001	0.0000	0.0001	0.0365	0.0315	0.0050	0.0049	0.0046	0.0003	0.0316	0.0269	0.0047	0.0224	0.0068	0.0156	0.0028	0.0028	0.0000	0.0196	0.0040	0.0156	0.0000	0.0000	0.0000	0.0000	0.0000	0.0000	0.0000	0.0000	0.0000	2.7531	9.0032	0.0060	21.7530	21.7532	0.0000	0.0048	0.0000	0.0060			
8	68	0.1648	5	1	1	1	1	0	0	0	0	N	N	N	N	N	N	N	N	N	N	N	N	0.0000	0.0000	0.0000	0.0000	0.0000	0.0000	0.0000	0.0000	0.0000	0.0000	0.0000	0.0000	0.0000	0.9178	2.5436	0.0000	8.1109	8.3560	0.0000	0.0000	0.0000	0.0000	0.0000	0.0000	-0.0339	1.0000	2.7513	2.0000	4.0954	0.0000	0.0000	0.0000	0.0000	0.0000	0.0000	0.0000	0.0000	0.0000	0.0453	0.0453	0.0000	0.0453	0.0453	0.0000	0.0000	0.0000	0.0000	0.0693	0.0627	0.0066	0.0349	0.0331	0.0018	0.0344	0.0296	0.0048	0.0493	0.0178	0.0315	0.0056	0.0054	0.0002	0.0438	0.0124	0.0314	0.0000	0.0000	0.0000	0.0000	0.0000	0.0000	0.0000	0.0000	0.0000	0.9178	2.5436	0.0000	8.1109	8.3560	0.0000	0.0000	0.0000	0.0000						
8	69	0.0873	3	1	1	1	0	0	0	0	0	N	N	N	N	N	N	N	N	N	N	N	N	0.0000	0.0000	0.0000	0.0000	0.0000	0.0000	0.0000	0.0000	0.0000	0.0000	0.0000	0.0000	0.0000	9.2893	0.0000	13.9961	0.0000	0.0000	0.0000	10.8206	0.0000	15.1502	inf	0.0000	0.2511	1.0000	9.9334	2.0000	8.9999	0.0000	0.0000	0.0000	0.0000	0.0000	0.0000	0.0000	0.0000	0.0000	1.0000	0.0000	1.0000	0.0000	0.0000	0.0000	1.0000	0.0000	1.0000	0.1681	0.1486	0.0195	0.0418	0.0395	0.0024	0.1263	0.1092	0.0171	0.1077	0.0362	0.0714	0.0152	0.0098	0.0054	0.0924	0.0264	0.0660	0.0000	0.0000	0.0000	0.0000	0.0000	0.0000	0.0000	0.0000	0.0000	9.2893	0.0000	13.9961	0.0000	0.0000	0.0000	10.8206	0.0000	15.1502						
8	70	0.0873	3	1	1	1	0	0	0	0	0	N	N	N	N	N	N	N	N	N	N	N	N	0.0000	0.0000	0.0000	0.0000	0.0000	0.0000	0.0000	0.0000	0.0000	0.0000	0.0000	0.0000	0.0000	68.0472	0.0000	102.0501	0.0000	0.0000	0.0000	80.5218	0.0000	110.6266	inf	0.0000	0.5021	1.0000	0.0666	2.0000	4.0001	0.0000	0.0000	0.0000	0.0000	0.0000	0.0000	0.0000	0.0000	0.0000	2.0000	0.0000	2.0000	0.0000	0.0000	0.0000	2.0000	0.0000	2.0000	0.0066	0.0064	0.0002	0.0056	0.0056	0.0001	0.0010	0.0008	0.0001	0.0294	0.0098	0.0196	0.0046	0.0030	0.0015	0.0248	0.0068	0.0181	0.0000	0.0000	0.0000	0.0000	0.0000	0.0000	0.0000	0.0000	0.0000	68.0472	0.0000	102.0501	0.0000	0.0000	0.0000	80.5218	0.0000	110.6266						
8	74	0.1072	4	1	1	1	0	0	0	0	0	N	N	N	N	N	N	N	N	N	N	N	N	0.0000	0.0000	0.0000	0.0000	0.0000	0.0000	0.0000	0.0000	0.0000	0.0000	0.0000	0.0000	0.0000	0.0052	0.0133	0.0000	0.0216	0.0280	0.0000	0.0000	0.0000	0.0000	0.0000	0.0000	-0.0002	1.0000	1.8678	2.0000	4.6278	0.0000	0.0000	0.0000	0.0000	0.0000	0.0000	0.0000	0.0000	0.0000	0.0002	0.0002	0.0000	0.0002	0.0002	0.0000	0.0000	0.0000	0.0000	0.0877	0.0806	0.0071	0.0566	0.0539	0.0027	0.0311	0.0267	0.0044	0.0440	0.0173	0.0266	0.0107	0.0082	0.0024	0.0333	0.0091	0.0242	0.0000	0.0000	0.0000	0.0000	0.0000	0.0000	0.0000	0.0000	0.0000	0.0052	0.0133	0.0000	0.0216	0.0280	0.0000	0.0000	0.0000	0.0000						
8	75	0.0873	3	1	0	1	0	0	0	0	0	N	N	N	N	N	N	N	N	N	N	N	N	0.0000	0.0000	0.0000	0.0000	0.0000	0.0000	0.0000	0.0000	0.0000	0.0000	0.0000	0.0000	0.0000	0.0061	0.0000	0.0092	0.0000	0.0000	0.0000	0.0072	0.0000	0.0100	inf	0.0000	0.0001	1.0000	4.7010	2.0000	0.6064	0.0000	0.0000	0.0000	0.0000	0.0000	0.0000	0.0000	0.0000	0.0000	0.0002	0.0000	0.0002	0.0000	0.0000	0.0000	0.0002	0.0000	0.0002	0.0884	0.0782	0.0102	0.0249	0.0236	0.0013	0.0635	0.0546	0.0089	0.0376	0.0125	0.0250	0.0058	0.0038	0.0019	0.0318	0.0087	0.0231	0.0000	0.0000	0.0000	0.0000	0.0000	0.0000	0.0000	0.0000	0.0000	0.0061	0.0000	0.0092	0.0000	0.0000	0.0000	0.0072	0.0000	0.0100						
8	78	0.2109	7	2	1	1	1	0	0	0	0	Y	N	N	N	N	N	N	N	N	N	N	N	0.0000	0.0000	0.0000	0.0000	0.0000	0.0000	0.0000	0.0000	0.0000	0.0000	0.0000	0.0000	0.0000	0.0025	0.0082	0.0000	0.0285	0.0453	0.0000	0.0000	0.0000	0.0000	0.0000	0.0000	-0.0000	1.0000	1.0000	2.0000	2.0144	0.0000	0.0000	0.0000	0.0000	0.0000	0.0000	0.0000	0.0000	0.0000	0.0001	0.0001	0.0000	0.0001	0.0001	0.0000	0.0000	0.0000	0.0000	0.0209	0.0186	0.0022	0.0081	0.0077	0.0004	0.0128	0.0110	0.0018	0.0201	0.0061	0.0140	0.0018	0.0011	0.0007	0.0184	0.0050	0.0134	0.0000	0.0000	0.0000	0.0000	0.0000	0.0000	0.0000	0.0000	0.0000	0.0025	0.0082	0.0000	0.0285	0.0453	0.0000	0.0000	0.0000	0.0000						
8	79	0.1887	6	2	1	1	1	0	0	0	0	Y	N	N	N	N	N	N	N	N	N	N	N	0.0000	0.0000	0.0000	0.0000	0.0000	0.0000	0.0000	0.0000	0.0000	0.0000	0.0000	0.0000	0.0000	0.0025	0.0000	0.0036	0.0000	0.0000	0.0000	0.0027	0.0000	0.0037	inf	0.0000	0.0000	1.0000	0.0001	2.0000	3.0180	0.0000	0.0000	0.0000	0.0000	0.0000	0.0000	0.0000	0.0000	0.0000	0.0001	0.0000	0.0001	0.0000	0.0000	0.0000	0.0001	0.0000	0.0001	0.0000	0.0000	0.0000	0.0000	0.0000	0.0000	0.0000	0.0000	0.0000	0.0200	0.0060	0.0140	0.0016	0.0010	0.0006	0.0184	0.0050	0.0134	0.0000	0.0000	0.0000	0.0000	0.0000	0.0000	0.0000	0.0000	0.0000	0.0025	0.0000	0.0036	0.0000	0.0000	0.0000	0.0027	0.0000	0.0037						
8	80	0.2107	8	1	1	1	1	0	0	0	0	N	N	N	N	N	N	N	N	N	N	N	N	0.0000	0.0000	0.0000	0.0000	0.0000	0.0000	0.0000	0.0000	0.0000	0.0000	0.0000	0.0000	0.0000	0.0000	0.0000	0.0000	0.0000	0.0000	0.0000	0.0000	1.0000	0.0000	2.0000	0.0000	0.0000	0.0000	0.0000	0.0000	0.0000	0.0000	0.0000	0.0000	0.0000	0.0000	0.0000	0.0000	0.0000	0.0000	0.0000	0.0000	0.0000	0.0000	0.0000	0.0000	0.0000	0.0000	0.0000	0.0000	0.0000	0.0000	0.0000	0.0000	0.0000	0.0000	0.0000	0.0000	0.0000	0.0000	0.0000	0.0000	0.0000	0.0000	0.0000	0.0000	0.0000	0.0000	0.0000	0.0000	0.0000	0.0000	0.0000	0.0000	0.0000	0.0000	0.0000	0.0000	0.0000	0.0000											
8	81	0.1887	6	1	0	2	1	0	0	0	0	N	N	Y	N	N	N	N	N	N	N	N	N	0.0000	0.0000	0.0000	0.0000	0.0000	0.0000	0.0000	0.0000	0.0000	0.0000	0.0000	0.0000	0.0000	0.0000	0.0000	0.0000	0.0000	0.0000	0.0000	0.0000	1.0000	2.0000	2.0000	0.0000	0.0000	0.0000	0.0000	0.0000	0.0000	0.0000	0.0000	0.0000	0.0000	0.0000	0.0000	0.0000	0.0000	0.0000	0.0000	0.0000	0.0000	0.0000	0.0410	0.0366	0.0044	0.0157	0.0148	0.0008	0.0253	0.0217	0.0036	0.0135	0.0040	0.0094	0.0011	0.0006	0.0004	0.0124	0.0034	0.0090	0.0000	0.0000	0.0000	0.0000	0.0000	0.0000	0.0000	0.0000	0.0000	0.0000	0.0000	0.0000	0.0000	0.0000	0.0000	0.0000	0.0000	0.0000											
8	82	0.1887	6	1	0	2	1	0	0	0	0	N	N	Y	N	N	N	N	N	N	N	N	N	0.0000	0.0000	0.0000	0.0000	0.0000	0.0000	0.0000	0.0000	0.0000	0.0000	0.0000	0.0000	0.0000	0.0000	0.0000	0.0000	0.0000	0.0000	0.0000	0.0000	1.0000	0.0000	2.0000	4.0000	0.0000	0.0000	0.0000	0.0000	0.0000	0.0000	0.0000	0.0000	0.0000	0.0000	0.0000	0.0000	0.0000	0.0000	0.0000	0.0000	0.0000	0.0000	0.0000	0.0000	0.0000	0.0000	0.0000	0.0000	0.0000	0.0000	0.0000	0.0261	0.0079	0.0182	0.0021	0.0013	0.0008	0.0240	0.0066	0.0174	0.0000	0.0000	0.0000	0.0000	0.0000	0.0000	0.0000	0.0000	0.0000	0.0000	0.0000	0.0000	0.0000	0.0000	0.0000	0.0000	0.0000	0.0000											
8	83	0.2107	8	1	0	2	1	0	0	0	0	N	N	Y	N	N	N	N	N	N	N	N	N	0.0000	0.0000	0.0000	0.0000	0.0000	0.0000	0.0000	0.0000	0.0000	0.0000	0.0000	0.0000	0.0000	0.0000	0.0000	0.0000	0.0000	0.0000	0.0000	0.0000	1.0000	0.0000	2.0000	2.0000	0.0000	0.0000	0.0000	0.0000	0.0000	0.0000	0.0000	0.0000	0.0000	0.0000	0.0000	0.0000	0.0000	0.0000	0.0000	0.0000	0.0000	0.0000	0.0000	0.0000	0.0000	0.0000	0.0000	0.0000	0.0000	0.0000	0.0000	0.0133	0.0039	0.0095	0.0009	0.0005	0.0005	0.0124	0.0034	0.0090	0.0000	0.0000	0.0000	0.0000	0.0000	0.0000	0.0000	0.0000	0.0000	0.0000	0.0000	0.0000	0.0000	0.0000	0.0000	0.0000	0.0000	0.0000											
8	84	0.2034	7	1	0	1	1	0	0	0	0	N	N	N	N	N	N	N	N	N	N	N	N	0.0000	0.0000	0.0000	0.0000	0.0000	0.0000	0.0000	0.0000	0.0000	0.0000	0.0000	0.0000	0.0000	0.1525	0.5147	0.0000	1.8113	3.1114	0.0000	0.0000	0.0000	0.0000	0.0000	0.0000	-0.0008	1.0000	1.0000	2.0000	0.0015	0.0000	0.0000	0.0000	0.0000	0.0000	0.0000	0.0000	0.0000	0.0000	0.0011	0.0011	0.0000	0.0011	0.0011	0.0000	0.0000	0.0000	0.0000	0.0209	0.0186	0.0022	0.0081	0.0077	0.0004	0.0128	0.0110	0.0018	0.0070	0.0021	0.0049	0.0006	0.0003	0.0002	0.0064	0.0017	0.0046	0.0000	0.0000	0.0000	0.0000	0.0000	0.0000	0.0000	0.0000	0.0000	0.1525	0.5147	0.0000	1.8113	3.1114	0.0000	0.0000	0.0000	0.0000						
8	85	0.1887	6	1	0	1	1	0	0	0	0	N	N	N	N	N	N	N	N	N	N	N	N	0.0000	0.0000	0.0000	0.0000	0.0000	0.0000	0.0000	0.0000	0.0000	0.0000	0.0000	0.0000	0.0000	0.0786	0.0000	0.1122	0.0000	0.0000	0.0000	0.0854	0.0000	0.1175	inf	0.0000	0.0003	1.0000	0.0000	2.0000	2.0013	0.0000	0.0000	0.0000	0.0000	0.0000	0.0000	0.0000	0.0000	0.0000	0.0011	0.0000	0.0011	0.0000	0.0000	0.0000	0.0011	0.0000	0.0011	0.0000	0.0000	0.0000	0.0000	0.0000	0.0000	0.0000	0.0000	0.0000	0.0135	0.0040	0.0094	0.0011	0.0006	0.0004	0.0124	0.0034	0.0090	0.0000	0.0000	0.0000	0.0000	0.0000	0.0000	0.0000	0.0000	0.0000	0.0786	0.0000	0.1122	0.0000	0.0000	0.0000	0.0854	0.0000	0.1175						
8	86	0.2285	6	2	1	1	0	0	0	0	0	Y	N	N	N	N	N	N	N	N	N	N	N	0.0000	0.0000	0.0000	0.0000	0.0000	0.0000	0.0000	0.0000	0.0000	0.0000	0.0000	0.0000	0.0000	3.8298	7.9164	0.0000	11.7866	12.3472	0.0000	0.0000	0.0000	0.0000	0.0000	0.0000	-0.0444	1.0000	0.0007	2.0000	0.9812	0.0000	0.0000	0.0000	0.0000	0.0000	0.0000	0.0000	0.0000	0.0000	0.0593	0.0593	0.0000	0.0593	0.0593	0.0000	0.0000	0.0000	0.0000	0.0000	0.0000	0.0000	0.0000	0.0000	0.0000	0.0000	0.0000	0.0000	0.0155	0.0075	0.0080	0.0050	0.0048	0.0002	0.0104	0.0027	0.0078	0.0000	0.0000	0.0000	0.0000	0.0000	0.0000	0.0000	0.0000	0.0000	3.8298	7.9164	0.0000	11.7866	12.3472	0.0000	0.0000	0.0000	0.0000						
8	87	0.1727	5	2	1	1	0	0	0	0	0	Y	N	N	N	N	N	N	N	N	N	N	N	0.0000	0.0000	0.0000	0.0000	0.0000	0.0000	0.0000	0.0000	0.0000	0.0000	0.0000	0.0000	0.0000	0.0000	0.0000	0.0000	1.3645	0.1959	1.8890	0.7094	1.1123	0.0000	1.4257	0.0000	1.9777	21.4884	0.0000	0.0128	1.0000	5.0272	2.0000	2.1572	0.0000	0.0000	0.0000	0.0000	0.0000	0.0000	0.0000	0.0000	0.0000	0.0618	0.0027	0.0591	0.0027	0.0027	0.0000	0.0591	0.0000	0.0591	0.1019	0.0913	0.0106	0.0400	0.0381	0.0019	0.0619	0.0532	0.0086	0.0453	0.0140	0.0313	0.0039	0.0025	0.0014	0.0414	0.0116	0.0299	0.0000	0.0000	0.0000	0.0000	0.0000	0.0000	0.0000	0.0000	0.0000	1.3645	0.1959	1.8890	0.7094	1.1123	0.0000	1.4257	0.0000	1.9777			
8	88	0.2260	7	1	1	1	0	0	0	0	0	N	N	N	N	N	N	N	N	N	N	N	N	0.0000	0.0000	0.0000	0.0000	0.0000	0.0000	0.0000	0.0000	0.0000	0.0000	0.0000	0.0000	0.0000	0.0000	0.0000	0.0000	0.0000	0.0000	0.0000	0.0000	1.0000	0.0000	2.0000	4.0000	0.0000	0.0000	0.0000	0.0000	0.0000	0.0000	0.0000	0.0000	0.0000	0.0000	0.0000	0.0000	0.0000	0.0000	0.0000	0.0000	0.0000	0.0000	0.0000	0.0000	0.0000	0.0000	0.0000	0.0000	0.0000	0.0000	0.0000	0.0263	0.0082	0.0181	0.0028	0.0019	0.0009	0.0234	0.0063	0.0172	0.0000	0.0000	0.0000	0.0000	0.0000	0.0000	0.0000	0.0000	0.0000	0.0000	0.0000	0.0000	0.0000	0.0000	0.0000	0.0000	0.0000	0.0000											
8	89	0.1887	6	1	1	1	0	0	0	0	0	N	N	N	N	N	N	N	N	N	N	N	N	0.0000	0.0000	0.0000	0.0000	0.0000	0.0000	0.0000	0.0000	0.0000	0.0000	0.0000	0.0000	0.0000	0.0000	0.0000	0.0000	0.0000	0.0000	0.0000	0.0000	1.0000	3.0000	2.0000	2.0000	0.0000	0.0000	0.0000	0.0000	0.0000	0.0000	0.0000	0.0000	0.0000	0.0000	0.0000	0.0000	0.0000	0.0000	0.0000	0.0000	0.0000	0.0000	0.0602	0.0538	0.0065	0.0227	0.0215	0.0012	0.0375	0.0322	0.0053	0.0321	0.0097	0.0224	0.0026	0.0015	0.0010	0.0296	0.0082	0.0214	0.0000	0.0000	0.0000	0.0000	0.0000	0.0000	0.0000	0.0000	0.0000	0.0000	0.0000	0.0000	0.0000	0.0000	0.0000	0.0000	0.0000	0.0000											
8	90	0.1887	6	2	1	1	0	0	0	0	0	Y	N	N	N	N	N	N	N	N	N	N	N	0.0000	0.0000	0.0000	0.0000	0.0000	0.0000	0.0000	0.0000	0.0000	0.0000	0.0000	0.0000	0.0000	0.0000	0.0000	0.0000	0.0000	0.0000	0.0000	0.0000	1.0000	2.0000	2.0000	3.0000	0.0000	0.0000	0.0000	0.0000	0.0000	0.0000	0.0000	0.0000	0.0000	0.0000	0.0000	0.0000	0.0000	0.0000	0.0000	0.0000	0.0000	0.0000	0.0410	0.0366	0.0044	0.0157	0.0148	0.0008	0.0253	0.0217	0.0036	0.0321	0.0097	0.0224	0.0026	0.0015	0.0010	0.0296	0.0082	0.0214	0.0000	0.0000	0.0000	0.0000	0.0000	0.0000	0.0000	0.0000	0.0000	0.0000	0.0000	0.0000	0.0000	0.0000	0.0000	0.0000	0.0000	0.0000											
8	91	0.1727	5	1	0	1	0	0	0	0	0	N	N	N	N	N	N	N	N	N	N	N	N	0.0000	0.0000	0.0000	0.0000	0.0000	0.0000	0.0000	0.0000	0.0000	0.0000	0.0000	0.0000	0.0000	0.1962	0.6192	0.0000	1.9702	2.8319	0.0000	0.0000	0.0000	0.0000	0.0000	0.0000	-0.0022	1.0000	2.0705	2.0000	0.0351	0.0000	0.0000	0.0000	0.0000	0.0000	0.0000	0.0000	0.0000	0.0000	0.0029	0.0029	0.0000	0.0029	0.0029	0.0000	0.0000	0.0000	0.0000	0.0478	0.0431	0.0047	0.0213	0.0204	0.0009	0.0265	0.0227	0.0038	0.0149	0.0047	0.0102	0.0015	0.0010	0.0005	0.0134	0.0037	0.0097	0.0000	0.0000	0.0000	0.0000	0.0000	0.0000	0.0000	0.0000	0.0000	0.1962	0.6192	0.0000	1.9702	2.8319	0.0000	0.0000	0.0000	0.0000						
8	92	0.1473	4	1	0	1	0	0	0	0	0	N	N	N	N	N	N	N	N	N	N	N	N	0.0000	0.0000	0.0000	0.0000	0.0000	0.0000	0.0000	0.0000	0.0000	0.0000	0.0000	0.0000	0.0000	0.0000	0.0000	0.0000	0.4239	0.8932	0.1671	2.4007	3.0300	0.0000	0.1244	0.0000	0.1745	0.3421	0.0000	-0.0056	1.0000	3.4249	2.0000	0.1413	0.0000	0.0000	0.0000	0.0000	0.0000	0.0000	0.0000	0.0000	0.0000	0.0114	0.0085	0.0029	0.0085	0.0085	0.0000	0.0029	0.0000	0.0029	0.0928	0.0843	0.0085	0.0486	0.0462	0.0024	0.0442	0.0381	0.0061	0.0268	0.0095	0.0173	0.0035	0.0028	0.0007	0.0233	0.0067	0.0166	0.0000	0.0000	0.0000	0.0000	0.0000	0.0000	0.0000	0.0000	0.0000	0.4239	0.8932	0.1671	2.4007	3.0300	0.0000	0.1244	0.0000	0.1745			
8	98	0.2842	9	1	0	1	0	0	0	0	0	N	N	N	N	N	N	N	N	N	N	N	N	0.0000	0.0000	0.0000	0.0000	0.0000	0.0000	0.0000	0.0000	0.0000	0.0000	0.0000	0.0000	0.0000	0.0000	0.0000	0.0000	0.9399	0.1871	1.8647	0.3149	0.3337	0.0000	1.2442	0.0000	1.9445	8.1151	0.0000	0.0152	1.0000	4.9999	2.0000	9.0821	0.0000	0.0000	0.0000	0.0000	0.0000	0.0000	0.0000	0.0000	0.0000	0.1077	0.0118	0.0959	0.0118	0.0118	0.0000	0.0959	0.0000	0.0959	0.1409	0.1282	0.0127	0.0763	0.0719	0.0044	0.0646	0.0564	0.0082	0.1146	0.0632	0.0514	0.0375	0.0354	0.0021	0.0771	0.0278	0.0493	0.0000	0.0000	0.0000	0.0000	0.0000	0.0000	0.0000	0.0000	0.0000	0.9399	0.1871	1.8647	0.3149	0.3337	0.0000	1.2442	0.0000	1.9445			
9	10	0.2340	8	0	0	2	0	0	0	0	0	N	N	Y	N	N	N	N	N	N	N	N	N	257.2714	204.0658	0.0241	137.3795	125.5668	0.1492	2869.0041	10956.5748	0.0095	0.6562	0.9127	0.0000	0.8471	0.9149	0.0000	0.4217	0.9074	0.0000	0.0026	0.0045	0.0002	0.0062	0.0073	0.0001	0.0001	0.0001	0.0002	0.0000	0.0386	-0.0003	-0.0001	0.0035	1.9652	1.9666	3.8608	0.0017	0.0017	0.0000	0.0012	0.0012	0.0000	0.0005	0.0005	0.0000	0.0001	0.0001	0.0000	0.0001	0.0001	0.0000	0.0000	0.0000	0.0000	0.0025	0.0018	0.0007	0.0014	0.0013	0.0001	0.0011	0.0005	0.0006	0.0432	0.0237	0.0195	0.0172	0.0145	0.0027	0.0259	0.0092	0.0168	257.2714	204.0658	0.0241	137.3795	125.5668	0.1968	2869.0041	351975.5131	0.0095	0.0026	0.0045	0.0002	0.0062	0.0073	0.0001	0.0001	0.0000	0.0002
9	11	0.2605	8	1	1	1	0	0	0	0	0	N	N	N	N	N	N	N	N	N	N	N	N	0.0000	0.0000	0.0000	0.0000	0.0000	0.0000	0.0000	0.0000	0.0000	0.0000	0.0000	0.0000	0.0000	0.0000	0.0000	0.0000	0.0032	0.0008	0.0053	0.0017	0.0019	0.0000	0.0036	0.0000	0.0054	8.0000	0.0000	0.0000	0.0035	1.0000	1.9666	8.0000	0.0000	0.0000	0.0000	0.0000	0.0000	0.0000	0.0000	0.0000	0.0000	0.0001	0.0000	0.0001	0.0000	0.0000	0.0000	0.0001	0.0000	0.0001	0.0003	0.0003	0.0000	0.0002	0.0002	0.0000	0.0001	0.0001	0.0000	0.0279	0.0127	0.0151	0.0057	0.0054	0.0003	0.0221	0.0073	0.0148	0.0000	0.0000	0.0000	0.0000	0.0000	0.0000	0.0000	0.0000	0.0000	0.0032	0.0008	0.0053	0.0017	0.0019	0.0000	0.0036	0.0000	0.0054			
9	12	0.1713	7	0	0	2	1	0	0	0	0	N	N	Y	N	N	N	N	N	N	N	N	N	0.0000	0.0000	0.0000	0.0000	0.0000	0.0000	0.0000	0.0000	0.0000	0.0000	0.0000	0.0000	0.0000	0.0000	0.0000	0.0000	0.0000	0.0000	0.0000	0.0000	0.0035	0.0000	1.9666	1.0000	0.0000	0.0000	0.0000	0.0000	0.0000	0.0000	0.0000	0.0000	0.0000	0.0000	0.0000	0.0000	0.0000	0.0000	0.0000	0.0000	0.0000	0.0000	0.0000	0.0000	0.0000	0.0000	0.0000	0.0000	0.0000	0.0000	0.0000	0.0049	0.0020	0.0028	0.0008	0.0007	0.0002	0.0040	0.0014	0.0026	0.0000	0.0000	0.0000	0.0000	0.0000	0.0000	0.0000	0.0000	0.0000	0.0000	0.0000	0.0000	0.0000	0.0000	0.0000	0.0000	0.0000	0.0000											
9	13	0.2605	8	0	1	1	0	0	0	0	0	N	N	N	N	N	N	N	N	N	N	N	N	0.0000	0.0000	0.0000	0.0000	0.0000	0.0000	0.0000	0.0000	0.0000	0.0000	0.0000	0.0000	0.0000	0.0104	0.0000	0.0192	0.0000	0.0000	0.0000	0.0132	0.0000	0.0196	inf	0.0000	0.0000	0.0035	1.0000	1.9666	1.0000	0.0000	0.0000	0.0000	0.0000	0.0000	0.0000	0.0000	0.0000	0.0000	0.0001	0.0000	0.0001	0.0000	0.0000	0.0000	0.0001	0.0000	0.0001	0.0003	0.0003	0.0000	0.0002	0.0002	0.0000	0.0001	0.0001	0.0000	0.0067	0.0031	0.0037	0.0014	0.0014	0.0001	0.0053	0.0017	0.0036	0.0000	0.0000	0.0000	0.0000	0.0000	0.0000	0.0000	0.0000	0.0000	0.0104	0.0000	0.0192	0.0000	0.0000	0.0000	0.0132	0.0000	0.0196						
9	14	0.1860	8	0	0	1	1	0	0	0	0	N	N	N	N	N	N	N	N	N	N	N	N	0.0000	0.0000	0.0000	0.0000	0.0000	0.0000	0.0000	0.0000	0.0000	0.0000	0.0000	0.0000	0.0000	0.0000	0.0000	0.0073	0.0000	0.0132	0.0000	0.0000	0.0000	0.0094	0.0000	0.0141	inf	0.0000	0.0000	0.0035	1.0000	1.9666	0.9994	0.0000	0.0000	0.0000	0.0000	0.0000	0.0000	0.0000	0.0000	0.0000	0.0001	0.0000	0.0001	0.0000	0.0000	0.0000	0.0001	0.0000	0.0001	0.0004	0.0004	0.0000	0.0003	0.0003	0.0000	0.0001	0.0001	0.0000	0.0095	0.0042	0.0053	0.0021	0.0018	0.0003	0.0074	0.0024	0.0050	0.0000	0.0000	0.0000	0.0000	0.0000	0.0000	0.0000	0.0000	0.0000	0.0073	0.0000	0.0132	0.0000	0.0000	0.0000	0.0094	0.0000	0.0141				
9	15	0.2605	8	0	1	1	0	0	0	0	0	N	N	N	N	N	N	N	N	N	N	N	N	0.0000	0.0000	0.0000	0.0000	0.0000	0.0000	0.0000	0.0000	0.0000	0.0000	0.0000	0.0000	0.0000	0.0015	0.0032	0.0000	0.0069	0.0073	0.0000	0.0000	0.0000	0.0000	0.0000	0.0000	-0.0000	0.0035	0.0000	1.9666	2.0000	0.0000	0.0000	0.0000	0.0000	0.0000	0.0000	0.0000	0.0000	0.0000	0.0000	0.0000	0.0000	0.0000	0.0000	0.0000	0.0000	0.0000	0.0000	0.0000	0.0000	0.0000	0.0000	0.0000	0.0000	0.0000	0.0000	0.0000	0.0067	0.0031	0.0037	0.0014	0.0014	0.0001	0.0053	0.0017	0.0036	0.0000	0.0000	0.0000	0.0000	0.0000	0.0000	0.0000	0.0000	0.0000	0.0015	0.0032	0.0000	0.0069	0.0073	0.0000	0.0000	0.0000	0.0000						
9	16	0.1860	8	0	1	1	1	0	0	0	0	N	N	N	N	N	N	N	N	N	N	N	N	0.0000	0.0000	0.0000	0.0000	0.0000	0.0000	0.0000	0.0000	0.0000	0.0000	0.0000	0.0000	0.0000	0.0000	0.0000	0.0000	0.0000	0.0006	0.0012	0.0000	0.0025	0.0029	0.0000	0.0000	0.0000	0.0000	0.0038	0.0000	-0.0000	0.0035	2.0000	1.9666	2.0010	0.0000	0.0000	0.0000	0.0000	0.0000	0.0000	0.0000	0.0000	0.0000	0.0000	0.0000	0.0000	0.0000	0.0000	0.0000	0.0000	0.0000	0.0000	0.0008	0.0008	0.0001	0.0006	0.0006	0.0000	0.0002	0.0002	0.0000	0.0182	0.0081	0.0101	0.0041	0.0034	0.0006	0.0141	0.0047	0.0094	0.0000	0.0000	0.0000	0.0000	0.0000	0.0000	0.0000	0.0000	0.0000	0.0006	0.0012	0.0000	0.0025	0.0029	0.0000	0.0000	0.0000	0.0000		
9	17	0.2755	9	1	1	1	0	0	0	0	0	N	N	N	N	N	N	N	N	N	N	N	N	769.0785	inf	0.0000	20206.0135	inf	0.0000	0.0000	0.0000	0.1119	0.1175	0.0000	0.1290	0.1330	0.0000	0.0000	0.0000	0.0000	0.0001	0.0000	0.0002	0.0000	0.0000	0.0004	0.0002	0.0000	0.0002	0.0000	inf	-0.0000	0.0000	0.0035	0.0017	1.9666	0.9948	0.0000	0.0000	0.0000	0.0000	0.0000	0.0000	0.0000	0.0000	0.0000	0.0000	0.0000	0.0000	0.0000	0.0000	0.0000	0.0000	0.0000	0.0000	0.0000	0.0000	0.0000	0.0000	0.0000	0.0000	0.0000	0.0000	0.0000	0.0048	0.0019	0.0029	0.0008	0.0008	0.0000	0.0040	0.0011	0.0028	769.0785	inf	0.0000	20206.0135	inf	0.0000	0.0000	0.0000	0.0000	0.0001	0.0000	0.0002	0.0000	0.0000	0.0002	0.0002	0.0000	0.0002	
9	18	0.2087	8	0	1	1	0	0	0	0	0	N	N	N	N	N	N	N	N	N	N	N	N	0.0000	0.0000	0.0000	0.0000	0.0000	0.0000	0.0000	0.0000	0.0000	0.0000	0.0000	0.0000	0.0000	0.0000	0.0000	0.0000	0.0000	0.0000	0.0000	0.0000	0.0035	0.0000	1.9666	0.0000	0.0000	0.0000	0.0000	0.0000	0.0000	0.0000	0.0000	0.0000	0.0000	0.0000	0.0000	0.0000	0.0000	0.0000	0.0000	0.0000	0.0000	0.0000	0.0000	0.0000	0.0000	0.0000	0.0000	0.0000	0.0000	0.0000	0.0000	0.0000	0.0000	0.0000	0.0000	0.0000	0.0000	0.0000	0.0000	0.0000	0.0000	0.0000	0.0000	0.0000	0.0000	0.0000	0.0000	0.0000	0.0000	0.0000	0.0000	0.0000	0.0000	0.0000	0.0000	0.0000	0.0000	0.0000											
9	19	0.1900	6	0	0	1	1	0	0	0	0	N	N	N	N	N	N	N	N	N	N	N	N	0.0000	0.0000	0.0000	0.0000	0.0000	0.0000	0.0000	0.0000	0.0000	0.0000	0.0000	0.0000	0.0000	0.0003	0.0007	0.0000	0.0012	0.0016	0.0000	0.0000	0.0000	0.0000	0.0000	0.0000	-0.0000	0.0035	3.0666	1.9666	4.9999	0.0000	0.0000	0.0000	0.0000	0.0000	0.0000	0.0000	0.0000	0.0000	0.0000	0.0000	0.0000	0.0000	0.0000	0.0000	0.0000	0.0000	0.0000	0.0010	0.0009	0.0001	0.0006	0.0006	0.0000	0.0003	0.0003	0.0001	0.0316	0.0140	0.0175	0.0084	0.0063	0.0022	0.0231	0.0078	0.0154	0.0000	0.0000	0.0000	0.0000	0.0000	0.0000	0.0000	0.0000	0.0000	0.0003	0.0007	0.0000	0.0012	0.0016	0.0000	0.0000	0.0000	0.0000						
9	20	0.2821	9	1	0	2	0	0	0	0	0	N	N	Y	N	N	N	N	N	N	N	N	N	0.0000	0.0000	0.0000	0.0000	0.0000	0.0000	0.0000	0.0000	0.0000	0.0000	0.0000	0.0000	0.0000	0.0000	0.0000	0.0068	0.0000	0.0123	0.0000	0.0000	0.0000	0.0092	0.0000	0.0125	inf	0.0000	0.0000	0.0035	0.9718	1.9666	0.9404	0.0000	0.0000	0.0000	0.0000	0.0000	0.0000	0.0000	0.0000	0.0000	0.0001	0.0000	0.0001	0.0000	0.0000	0.0000	0.0001	0.0000	0.0001	0.0003	0.0003	0.0000	0.0002	0.0002	0.0000	0.0001	0.0001	0.0000	0.0097	0.0043	0.0053	0.0025	0.0024	0.0001	0.0071	0.0019	0.0053	0.0000	0.0000	0.0000	0.0000	0.0000	0.0000	0.0000	0.0000	0.0000	0.0068	0.0000	0.0123	0.0000	0.0000	0.0000	0.0092	0.0000	0.0125				
9	21	0.0225	2	0	1	1	0	0	0	0	0	N	N	N	N	N	N	N	N	N	N	N	N	5.3524	2.5236	33.8746	1.5542	1.5500	1.1082	7.4405	35.4833	0.2932	0.3212	0.0037	0.8805	0.8806	0.1614	0.0005	0.0000	0.0036	0.0548	0.1273	0.0001	0.5665	0.5681	0.1456	0.0001	0.0000	0.0001	0.0011	0.0011	-0.0000	-0.0004	0.0035	0.9958	1.9666	0.0079	0.0001	0.0001	0.0000	0.0001	0.0001	0.0000	0.0000	0.0000	0.0000	0.0006	0.0006	0.0000	0.0006	0.0006	0.0000	0.0000	0.0000	0.0000	0.0005	0.0004	0.0000	0.0002	0.0002	0.0000	0.0003	0.0003	0.0000	0.0105	0.0045	0.0060	0.0010	0.0010	0.0000	0.0095	0.0035	0.0060	5.3524	2.5236	33.8746	1.5542	1.5500	12.3052	7.4405	0.0000	35.4833	0.0548	0.1273	0.0001	0.5665	0.5681	0.0131	0.0001	0.0000	0.0001	
9	22	0.0765	4	0	1	1	0	0	0	0	0	N	N	N	N	N	N	N	N	N	N	N	N	2.7337	1.2963	7.2276	0.8413	0.8251	1.5002	0.1571	8.4420	0.1087	0.0059	0.0063	0.0016	0.0160	0.0158	0.0412	0.0000	0.0000	0.0000	0.0022	0.0049	0.0002	0.0190	0.0192	0.0275	0.0001	0.0000	0.0002	0.0229	0.0641	-0.0000	-0.0001	0.0035	4.0220	1.9666	5.3698	0.0000	0.0000	0.0000	0.0000	0.0000	0.0000	0.0000	0.0000	0.0000	0.0001	0.0001	0.0000	0.0001	0.0001	0.0000	0.0000	0.0000	0.0000	0.0017	0.0016	0.0001	0.0006	0.0006	0.0000	0.0011	0.0010	0.0001	0.0573	0.0240	0.0333	0.0061	0.0061	0.0000	0.0512	0.0179	0.0333	2.7337	1.2963	7.2276	0.8413	0.8251	9.8764	0.1571	20.3998	0.1087	0.0022	0.0049	0.0002	0.0190	0.0192	0.0042	0.0001	0.0000	0.0002
9	23	0.2605	8	1	1	1	0	0	0	0	0	N	N	N	N	N	N	N	N	N	N	N	N	0.0000	0.0000	0.0000	0.0000	0.0000	0.0000	0.0000	0.0000	0.0000	0.0000	0.0000	0.0000	0.0000	0.0000	0.0000	0.0000	0.0000	0.0000	0.0000	0.0000	0.0035	0.0000	1.9666	3.0000	0.0000	0.0000	0.0000	0.0000	0.0000	0.0000	0.0000	0.0000	0.0000	0.0000	0.0000	0.0000	0.0000	0.0000	0.0000	0.0000	0.0000	0.0000	0.0000	0.0000	0.0000	0.0000	0.0000	0.0000	0.0000	0.0000	0.0000	0.0100	0.0046	0.0054	0.0021	0.0020	0.0001	0.0079	0.0026	0.0053	0.0000	0.0000	0.0000	0.0000	0.0000	0.0000	0.0000	0.0000	0.0000	0.0000	0.0000	0.0000	0.0000	0.0000	0.0000	0.0000	0.0000	0.0000											
9	24	0.0301	2	0	1	1	0	0	0	0	0	N	N	N	N	N	N	N	N	N	N	N	N	8.6659	6.1762	0.0000	0.6108	0.6360	0.0000	21.4995	inf	0.0000	0.2081	0.3480	0.0000	0.4057	0.4234	0.0000	0.0004	0.0017	0.0000	0.0240	0.0564	0.0000	0.6643	0.6657	0.0559	0.0000	0.0000	0.0000	0.0000	0.0007	-0.0000	-0.0002	0.0035	0.0018	1.9666	0.9893	0.0000	0.0000	0.0000	0.0000	0.0000	0.0000	0.0000	0.0000	0.0000	0.0002	0.0002	0.0000	0.0002	0.0002	0.0000	0.0000	0.0000	0.0000	0.0000	0.0000	0.0000	0.0000	0.0000	0.0000	0.0000	0.0000	0.0000	0.0086	0.0037	0.0049	0.0003	0.0003	0.0000	0.0083	0.0033	0.0049	8.6659	6.1762	0.0000	0.6108	0.6360	0.0000	21.4995	inf	0.0000	0.0240	0.0564	0.0000	0.6643	0.6657	0.0070	0.0000	0.0000	0.0000
9	25	0.1900	6	1	1	1	0	0	0	0	0	N	N	N	N	N	N	N	N	N	N	N	N	0.0000	0.0000	0.0000	0.0000	0.0000	0.0000	0.0000	0.0000	0.0000	0.0000	0.0000	0.0000	0.0000	0.0004	0.0009	0.0000	0.0015	0.0020	0.0000	0.0000	0.0000	0.0000	0.0000	0.0000	-0.0000	0.0035	2.0666	1.9666	3.9999	0.0000	0.0000	0.0000	0.0000	0.0000	0.0000	0.0000	0.0000	0.0000	0.0000	0.0000	0.0000	0.0000	0.0000	0.0000	0.0000	0.0000	0.0000	0.0007	0.0006	0.0001	0.0004	0.0004	0.0000	0.0002	0.0002	0.0000	0.0246	0.0109	0.0137	0.0066	0.0049	0.0017	0.0180	0.0060	0.0120	0.0000	0.0000	0.0000	0.0000	0.0000	0.0000	0.0000	0.0000	0.0000	0.0004	0.0009	0.0000	0.0015	0.0020	0.0000	0.0000	0.0000	0.0000						
9	26	0.2605	8	0	1	1	0	0	0	0	0	N	N	N	N	N	N	N	N	N	N	N	N	0.0000	0.0000	0.0000	0.0000	0.0000	0.0000	0.0000	0.0000	0.0000	0.0000	0.0000	0.0000	0.0000	0.0000	0.0000	0.0000	0.0000	0.0000	0.0000	0.0000	0.0035	1.0000	1.9666	4.0000	0.0000	0.0000	0.0000	0.0000	0.0000	0.0000	0.0000	0.0000	0.0000	0.0000	0.0000	0.0000	0.0000	0.0000	0.0000	0.0000	0.0000	0.0000	0.0003	0.0003	0.0000	0.0002	0.0002	0.0000	0.0001	0.0001	0.0000	0.0162	0.0074	0.0088	0.0034	0.0032	0.0002	0.0128	0.0042	0.0086	0.0000	0.0000	0.0000	0.0000	0.0000	0.0000	0.0000	0.0000	0.0000	0.0000	0.0000	0.0000	0.0000	0.0000	0.0000	0.0000	0.0000	0.0000											
9	27	0.2605	8	0	1	1	0	0	0	0	0	N	N	N	N	N	N	N	N	N	N	N	N	0.0000	0.0000	0.0000	0.0000	0.0000	0.0000	0.0000	0.0000	0.0000	0.0000	0.0000	0.0000	0.0000	0.0070	0.0000	0.0129	0.0000	0.0000	0.0000	0.0089	0.0000	0.0132	inf	0.0000	0.0000	0.0035	1.0000	1.9666	2.0000	0.0000	0.0000	0.0000	0.0000	0.0000	0.0000	0.0000	0.0000	0.0000	0.0001	0.0000	0.0001	0.0000	0.0000	0.0000	0.0001	0.0000	0.0001	0.0003	0.0003	0.0000	0.0002	0.0002	0.0000	0.0001	0.0001	0.0000	0.0100	0.0046	0.0054	0.0021	0.0020	0.0001	0.0079	0.0026	0.0053	0.0000	0.0000	0.0000	0.0000	0.0000	0.0000	0.0000	0.0000	0.0000	0.0070	0.0000	0.0129	0.0000	0.0000	0.0000	0.0089	0.0000	0.0132						
9	28	0.1900	6	0	1	2	1	0	0	0	0	N	N	Y	N	N	N	N	N	N	N	N	N	3.5855	0.0000	inf	1.4732	0.0000	inf	0.0084	0.0000	0.1062	0.0130	0.0000	0.3502	0.0000	0.0000	0.0000	0.0023	0.0053	0.0000	0.0088	0.0119	0.0000	0.0000	0.0000	0.0000	inf	0.0000	0.0000	-0.0001	0.0035	3.9334	1.9666	8.9999	0.0000	0.0000	0.0000	0.0000	0.0000	0.0000	0.0000	0.0000	0.0000	0.0001	0.0001	0.0000	0.0001	0.0001	0.0000	0.0000	0.0000	0.0000	0.0012	0.0011	0.0001	0.0008	0.0007	0.0000	0.0004	0.0004	0.0001	0.0468	0.0209	0.0259	0.0125	0.0092	0.0032	0.0344	0.0117	0.0227	3.5855	0.0000	inf	1.4732	0.0000	inf	0.0000	0.0000	0.0000	0.0023	0.0053	0.0000	0.0088	0.0119	0.0000	0.0000	0.0000	0.0000			
9	29	0.2379	8	0	1	1	0	0	0	0	0	N	N	N	N	N	N	N	N	N	N	N	N	0.0041	0.0020	0.0000	0.0011	0.0011	0.0000	0.0000	0.0000	0.0000	0.0000	0.0000	0.0000	0.0000	0.0000	0.0000	0.0000	0.0000	0.0003	0.0007	0.0000	0.0016	0.0017	0.0000	0.0000	0.0000	0.0000	0.0000	0.0006	-0.0000	-0.0000	0.0035	7.9836	1.9666	2.1583	0.0000	0.0000	0.0000	0.0000	0.0000	0.0000	0.0000	0.0000	0.0000	0.0000	0.0000	0.0000	0.0000	0.0000	0.0000	0.0000	0.0000	0.0000	0.0028	0.0027	0.0002	0.0021	0.0020	0.0001	0.0008	0.0007	0.0001	0.0362	0.0164	0.0198	0.0073	0.0069	0.0004	0.0289	0.0095	0.0194	0.0041	0.0020	0.0000	0.0011	0.0011	0.0000	0.0000	0.0000	0.0000	0.0003	0.0007	0.0000	0.0016	0.0017	0.0000	0.0000	0.0000	0.0000	
9	30	0.1900	6	1	1	1	0	0	0	0	0	N	N	N	N	N	N	N	N	N	N	N	N	384.0417	174.1821	inf	155.6727	112.1400	inf	0.0570	0.0575	0.0506	0.0883	0.0857	0.1511	0.0000	0.0000	0.0000	0.0001	0.0003	0.0000	0.0006	0.0008	0.0000	0.0000	0.0000	0.0000	0.0714	0.0000	-0.0000	-0.0000	0.0035	9.9334	1.9666	11.0001	0.0001	0.0001	0.0000	0.0001	0.0001	0.0000	0.0000	0.0000	0.0000	0.0000	0.0000	0.0000	0.0000	0.0000	0.0000	0.0000	0.0000	0.0000	0.0026	0.0024	0.0002	0.0017	0.0016	0.0001	0.0009	0.0008	0.0001	0.0674	0.0303	0.0371	0.0176	0.0131	0.0046	0.0498	0.0172	0.0326	384.0417	174.1821	inf	155.6727	112.1400	inf	0.0000	0.0000	0.0000	0.0001	0.0003	0.0000	0.0006	0.0008	0.0000	0.0000	0.0000	0.0000			
9	31	0.1900	6	0	0	2	0	0	0	0	0	N	N	Y	N	N	N	N	N	N	N	N	N	0.0000	0.0000	0.0000	0.0000	0.0000	0.0000	0.0000	0.0000	0.0000	0.0000	0.0000	0.0000	0.0000	0.0003	0.0007	0.0000	0.0012	0.0016	0.0000	0.0000	0.0000	0.0000	0.0000	0.0000	-0.0000	0.0035	2.9334	1.9666	4.9999	0.0000	0.0000	0.0000	0.0000	0.0000	0.0000	0.0000	0.0000	0.0000	0.0000	0.0000	0.0000	0.0000	0.0000	0.0000	0.0000	0.0000	0.0000	0.0009	0.0008	0.0001	0.0006	0.0006	0.0000	0.0003	0.0003	0.0001	0.0311	0.0138	0.0173	0.0083	0.0062	0.0021	0.0228	0.0076	0.0152	0.0000	0.0000	0.0000	0.0000	0.0000	0.0000	0.0000	0.0000	0.0000	0.0003	0.0007	0.0000	0.0012	0.0016	0.0000	0.0000	0.0000	0.0000						
9	32	0.1900	6	0	1	1	0	0	0	0	0	N	N	N	N	N	N	N	N	N	N	N	N	4.2258	29.4597	inf	inf	0.0000	0.0000	0.0105	0.0000	0.1318	0.0163	0.0000	0.4433	0.0000	0.0000	0.0000	0.0025	0.0000	0.0045	0.0000	0.0000	0.0000	0.0034	0.0000	0.0051	inf	inf	0.0000	0.0000	0.0035	3.0666	1.9666	3.9999	0.0000	0.0000	0.0000	0.0000	0.0000	0.0000	0.0000	0.0000	0.0000	0.0001	0.0000	0.0001	0.0000	0.0000	0.0000	0.0001	0.0000	0.0001	0.0010	0.0009	0.0001	0.0006	0.0006	0.0000	0.0003	0.0003	0.0001	0.0281	0.0125	0.0157	0.0075	0.0056	0.0019	0.0206	0.0069	0.0137	4.2258	0.0000	29.4597	inf	0.0000	inf	0.0000	0.0000	0.0000	0.0025	0.0000	0.0045	0.0000	0.0000	0.0000	0.0034	0.0000	0.0051			
9	33	0.2784	9	1	0	2	0	0	0	0	0	N	N	Y	N	N	N	N	N	N	N	N	N	0.0000	0.0000	0.0000	0.0000	0.0000	0.0000	0.0000	0.0000	0.0000	0.0000	0.0000	0.0000	0.0000	0.0000	0.0000	0.0000	0.0000	0.0000	0.0000	0.0000	0.0000	0.0000	0.1905	0.0000	-0.0000	0.0035	0.9991	1.9666	2.0219	0.0000	0.0000	0.0000	0.0000	0.0000	0.0000	0.0000	0.0000	0.0000	0.0000	0.0000	0.0000	0.0000	0.0000	0.0000	0.0000	0.0000	0.0000	0.0003	0.0003	0.0000	0.0002	0.0002	0.0000	0.0001	0.0001	0.0000	0.0112	0.0052	0.0059	0.0032	0.0027	0.0005	0.0080	0.0026	0.0054	0.0000	0.0000	0.0000	0.0000	0.0000	0.0000	0.0000	0.0000	0.0000	0.0000	0.0000	0.0000	0.0000	0.0000	0.0000	0.0000	0.0000	0.0000						
9	34	0.1900	6	0	1	1	0	0	0	0	0	N	N	N	N	N	N	N	N	N	N	N	N	inf	inf	inf	inf	0.0069	0.0000	0.0876	0.0106	0.0000	0.2834	0.0000	0.0000	0.0000	0.0000	0.0000	0.0000	0.0000	0.0000	0.0000	0.0000	0.0000	0.0000	inf	0.0000	0.0000	0.0035	4.9334	1.9666	5.0001	0.0000	0.0000	0.0000	0.0000	0.0000	0.0000	0.0000	0.0000	0.0000	0.0000	0.0000	0.0000	0.0000	0.0000	0.0000	0.0000	0.0000	0.0000	0.0015	0.0013	0.0001	0.0009	0.0009	0.0000	0.0005	0.0004	0.0001	0.0377	0.0168	0.0209	0.0101	0.0075	0.0026	0.0276	0.0093	0.0183	inf	0.0000	inf	inf	0.0000	inf	0.0000	0.0000	0.0000	0.0000	0.0000	0.0000	0.0000	0.0000	0.0000	0.0000	0.0000	0.0000						
9	35	0.2784	9	1	0	2	0	0	0	0	0	N	N	Y	N	N	N	N	N	N	N	N	N	0.0000	0.0000	0.0000	0.0000	0.0000	0.0000	0.0000	0.0000	0.0000	0.0000	0.0000	0.0000	0.0000	0.0000	0.0000	0.0000	0.0000	0.0000	0.0000	0.0000	0.0000	0.0000	0.1905	0.0000	-0.0000	0.0035	0.0009	1.9666	1.9867	0.0000	0.0000	0.0000	0.0000	0.0000	0.0000	0.0000	0.0000	0.0000	0.0000	0.0000	0.0000	0.0000	0.0000	0.0000	0.0000	0.0000	0.0000	0.0000	0.0000	0.0000	0.0000	0.0000	0.0000	0.0000	0.0000	0.0000	0.0077	0.0036	0.0040	0.0023	0.0019	0.0003	0.0054	0.0017	0.0037	0.0000	0.0000	0.0000	0.0000	0.0000	0.0000	0.0000	0.0000	0.0000	0.0000	0.0000	0.0000	0.0000	0.0000	0.0000	0.0000	0.0000	0.0000						
9	36	0.2605	8	1	0	2	0	0	0	0	0	N	N	Y	N	N	N	N	N	N	N	N	N	0.0000	0.0000	0.0000	0.0000	0.0000	0.0000	0.0000	0.0000	0.0000	0.0000	0.0000	0.0000	0.0000	0.0000	0.0000	0.0000	0.0000	0.0000	0.0000	0.0000	0.0000	0.0000	inf	0.0000	0.0000	0.0035	1.0009	1.9666	2.0357	0.0000	0.0000	0.0000	0.0000	0.0000	0.0000	0.0000	0.0000	0.0000	0.0000	0.0000	0.0000	0.0000	0.0000	0.0000	0.0000	0.0000	0.0000	0.0003	0.0003	0.0000	0.0002	0.0002	0.0000	0.0001	0.0001	0.0000	0.0101	0.0046	0.0055	0.0022	0.0020	0.0001	0.0080	0.0026	0.0054	0.0000	0.0000	0.0000	0.0000	0.0000	0.0000	0.0000	0.0000	0.0000	0.0000	0.0000	0.0000	0.0000	0.0000	0.0000	0.0000	0.0000	0.0000						
9	37	0.2605	8	1	0	2	0	0	0	0	0	N	N	Y	N	N	N	N	N	N	N	N	N	0.0000	0.0000	0.0000	0.0000	0.0000	0.0000	0.0000	0.0000	0.0000	0.0000	0.0000	0.0000	0.0000	0.0053	0.0000	0.0098	0.0000	0.0000	0.0000	0.0067	0.0000	0.0100	inf	0.0000	0.0000	0.0035	1.0000	1.9666	3.0000	0.0000	0.0000	0.0000	0.0000	0.0000	0.0000	0.0000	0.0000	0.0000	0.0001	0.0000	0.0001	0.0000	0.0000	0.0000	0.0001	0.0000	0.0001	0.0003	0.0003	0.0000	0.0002	0.0002	0.0000	0.0001	0.0001	0.0000	0.0132	0.0060	0.0071	0.0028	0.0026	0.0002	0.0104	0.0034	0.0070	0.0000	0.0000	0.0000	0.0000	0.0000	0.0000	0.0000	0.0000	0.0000	0.0053	0.0000	0.0098	0.0000	0.0000	0.0000	0.0067	0.0000	0.0100						
9	38	0.1900	6	0	0	2	0	0	0	0	0	N	N	Y	N	N	N	N	N	N	N	N	N	inf	inf	inf	inf	0.0105	0.0000	0.1318	0.0163	0.0000	0.4433	0.0000	0.0000	0.0000	0.0000	0.0000	0.0000	0.0000	0.0000	0.0000	0.0000	0.0000	0.0000	inf	0.0000	0.0000	0.0035	3.0666	1.9666	2.9999	0.0000	0.0000	0.0000	0.0000	0.0000	0.0000	0.0000	0.0000	0.0000	0.0000	0.0000	0.0000	0.0000	0.0000	0.0000	0.0000	0.0000	0.0000	0.0010	0.0009	0.0001	0.0006	0.0006	0.0000	0.0003	0.0003	0.0001	0.0246	0.0109	0.0137	0.0066	0.0049	0.0017	0.0180	0.0060	0.0120	inf	0.0000	inf	inf	0.0000	inf	0.0000	0.0000	0.0000	0.0000	0.0000	0.0000	0.0000	0.0000	0.0000	0.0000	0.0000	0.0000						
9	39	0.1900	6	0	1	1	0	0	0	0	0	N	N	N	N	N	N	N	N	N	N	N	N	0.0000	0.0000	0.0000	0.0000	0.0000	0.0000	0.0000	0.0000	0.0000	0.0000	0.0000	0.0000	0.0000	0.0029	0.0000	0.0052	0.0000	0.0000	0.0000	0.0040	0.0000	0.0060	inf	0.0000	0.0000	0.0035	3.9334	1.9666	2.0001	0.0000	0.0000	0.0000	0.0000	0.0000	0.0000	0.0000	0.0000	0.0000	0.0001	0.0000	0.0001	0.0000	0.0000	0.0000	0.0001	0.0000	0.0001	0.0012	0.0011	0.0001	0.0008	0.0007	0.0000	0.0004	0.0004	0.0001	0.0241	0.0107	0.0134	0.0065	0.0048	0.0017	0.0176	0.0059	0.0118	0.0000	0.0000	0.0000	0.0000	0.0000	0.0000	0.0000	0.0000	0.0000	0.0029	0.0000	0.0052	0.0000	0.0000	0.0000	0.0040	0.0000	0.0060						
9	40	0.2944	11	1	1	2	0	0	0	0	0	N	N	Y	N	N	N	N	N	N	N	N	N	0.0000	0.0000	0.0000	0.0000	0.0000	0.0000	0.0000	0.0000	0.0000	0.0000	0.0000	0.0000	0.0000	0.0000	0.0000	0.0000	0.0000	0.0000	0.0000	0.0000	0.0035	0.0000	1.9666	0.0000	0.0000	0.0000	0.0000	0.0000	0.0000	0.0000	0.0000	0.0000	0.0000	0.0000	0.0000	0.0000	0.0000	0.0000	0.0000	0.0000	0.0000	0.0000	0.0000	0.0000	0.0000	0.0000	0.0000	0.0000	0.0000	0.0000	0.0000	0.0000	0.0000	0.0000	0.0000	0.0000	0.0000	0.0000	0.0000	0.0000	0.0000	0.0000	0.0000	0.0000	0.0000	0.0000	0.0000	0.0000	0.0000	0.0000	0.0000	0.0000	0.0000	0.0000	0.0000	0.0000	0.0000	0.0000											
9	41	0.2944	10	1	1	2	0	0	0	0	0	N	N	Y	N	N	N	N	N	N	N	N	N	0.0000	0.0000	0.0000	0.0000	0.0000	0.0000	0.0000	0.0000	0.0000	0.0000	0.0000	0.0000	0.0000	0.0000	0.0000	0.0000	0.0072	0.0021	0.0112	0.0049	0.0051	0.0000	0.0078	0.0000	0.0114	6.9993	0.0000	0.0000	0.0035	1.0000	1.9666	1.9999	0.0000	0.0000	0.0000	0.0000	0.0000	0.0000	0.0000	0.0000	0.0000	0.0001	0.0000	0.0001	0.0000	0.0000	0.0000	0.0001	0.0000	0.0001	0.0003	0.0003	0.0000	0.0002	0.0002	0.0000	0.0001	0.0001	0.0000	0.0111	0.0048	0.0063	0.0021	0.0020	0.0001	0.0090	0.0029	0.0062	0.0000	0.0000	0.0000	0.0000	0.0000	0.0000	0.0000	0.0000	0.0000	0.0072	0.0021	0.0112	0.0049	0.0051	0.0000	0.0078	0.0000	0.0114			
9	42	0.2112	7	1	1	1	0	0	0	0	0	N	N	N	N	N	N	N	N	N	N	N	N	14.7934	inf	0.0000	8300.7307	inf	0.0000	0.0000	0.0000	0.0708	0.0790	0.0000	0.0920	0.1022	0.0000	0.0000	0.0000	0.0000	0.0048	0.0000	0.0095	0.0000	0.0000	0.0002	0.0068	0.0000	0.0100	0.0041	inf	-0.0000	0.0000	0.0035	0.0007	1.9666	2.0242	0.0000	0.0000	0.0000	0.0000	0.0000	0.0000	0.0000	0.0000	0.0000	0.0001	0.0000	0.0001	0.0000	0.0000	0.0000	0.0001	0.0000	0.0001	0.0000	0.0000	0.0000	0.0000	0.0000	0.0000	0.0000	0.0000	0.0000	0.0139	0.0069	0.0070	0.0041	0.0037	0.0003	0.0098	0.0032	0.0066	14.7934	inf	0.0000	8300.7307	inf	0.0000	0.0000	0.0000	0.0000	0.0048	0.0000	0.0095	0.0000	0.0000	0.0001	0.0068	0.0000	0.0100	
9	43	0.2345	7	0	1	1	1	0	0	0	0	N	N	N	N	N	N	N	N	N	N	N	N	0.0000	0.0000	0.0000	0.0000	0.0000	0.0000	0.0000	0.0000	0.0000	0.0000	0.0000	0.0000	0.0000	0.0000	0.0000	0.0000	0.0000	0.0000	0.0000	0.0000	0.0035	0.0000	1.9666	0.0000	0.0000	0.0000	0.0000	0.0000	0.0000	0.0000	0.0000	0.0000	0.0000	0.0000	0.0000	0.0000	0.0000	0.0000	0.0000	0.0000	0.0000	0.0000	0.0000	0.0000	0.0000	0.0000	0.0000	0.0000	0.0000	0.0000	0.0000	0.0000	0.0000	0.0000	0.0000	0.0000	0.0000	0.0000	0.0000	0.0000	0.0000	0.0000	0.0000	0.0000	0.0000	0.0000	0.0000	0.0000	0.0000	0.0000	0.0000	0.0000	0.0000	0.0000	0.0000	0.0000	0.0000	0.0000											
9	44	0.2345	7	0	0	1	1	0	0	0	0	N	N	N	N	N	N	N	N	N	N	N	N	0.0000	0.0000	0.0000	0.0000	0.0000	0.0000	0.0000	0.0000	0.0000	0.0000	0.0000	0.0000	0.0000	0.0000	0.0000	0.0000	0.0000	0.0000	0.0000	0.0000	0.0035	0.0000	1.9666	0.0000	0.0000	0.0000	0.0000	0.0000	0.0000	0.0000	0.0000	0.0000	0.0000	0.0000	0.0000	0.0000	0.0000	0.0000	0.0000	0.0000	0.0000	0.0000	0.0000	0.0000	0.0000	0.0000	0.0000	0.0000	0.0000	0.0000	0.0000	0.0000	0.0000	0.0000	0.0000	0.0000	0.0000	0.0000	0.0000	0.0000	0.0000	0.0000	0.0000	0.0000	0.0000	0.0000	0.0000	0.0000	0.0000	0.0000	0.0000	0.0000	0.0000	0.0000	0.0000	0.0000	0.0000	0.0000											
9	45	0.1900	6	0	0	1	1	0	0	0	0	N	N	N	N	N	N	N	N	N	N	N	N	0.0000	0.0000	0.0000	0.0000	0.0000	0.0000	0.0000	0.0000	0.0000	0.0000	0.0000	0.0000	0.0000	0.0025	0.0000	0.0045	0.0000	0.0000	0.0000	0.0034	0.0000	0.0051	inf	0.0000	0.0000	0.0035	3.0666	1.9666	3.9999	0.0000	0.0000	0.0000	0.0000	0.0000	0.0000	0.0000	0.0000	0.0000	0.0001	0.0000	0.0001	0.0000	0.0000	0.0000	0.0001	0.0000	0.0001	0.0010	0.0009	0.0001	0.0006	0.0006	0.0000	0.0003	0.0003	0.0001	0.0281	0.0125	0.0157	0.0075	0.0056	0.0019	0.0206	0.0069	0.0137	0.0000	0.0000	0.0000	0.0000	0.0000	0.0000	0.0000	0.0000	0.0000	0.0025	0.0000	0.0045	0.0000	0.0000	0.0000	0.0034	0.0000	0.0051						
9	46	0.2605	8	1	0	2	0	0	0	0	0	N	N	Y	N	N	N	N	N	N	N	N	N	0.0000	0.0000	0.0000	0.0000	0.0000	0.0000	0.0000	0.0000	0.0000	0.0000	0.0000	0.0000	0.0000	0.0104	0.0000	0.0192	0.0000	0.0000	0.0000	0.0132	0.0000	0.0196	inf	0.0000	0.0000	0.0035	0.0000	1.9666	2.0000	0.0000	0.0000	0.0000	0.0000	0.0000	0.0000	0.0000	0.0000	0.0000	0.0001	0.0000	0.0001	0.0000	0.0000	0.0000	0.0001	0.0000	0.0001	0.0000	0.0000	0.0000	0.0000	0.0000	0.0000	0.0000	0.0000	0.0000	0.0067	0.0031	0.0037	0.0014	0.0014	0.0001	0.0053	0.0017	0.0036	0.0000	0.0000	0.0000	0.0000	0.0000	0.0000	0.0000	0.0000	0.0000	0.0104	0.0000	0.0192	0.0000	0.0000	0.0000	0.0132	0.0000	0.0196						
9	47	0.2755	9	1	1	1	0	0	0	0	0	N	N	N	N	N	N	N	N	N	N	N	N	7.4677	inf	0.0000	149.6450	inf	0.0000	0.0000	0.0000	0.0004	0.0005	0.0000	0.0006	0.0006	0.0000	0.0000	0.0000	0.0000	0.0001	0.0000	0.0001	0.0000	0.0000	0.0001	0.0001	0.0000	0.0001	0.0000	inf	-0.0000	0.0000	0.0035	0.9991	1.9666	2.0273	0.0000	0.0000	0.0000	0.0000	0.0000	0.0000	0.0000	0.0000	0.0000	0.0000	0.0000	0.0000	0.0000	0.0000	0.0000	0.0000	0.0000	0.0000	0.0005	0.0004	0.0000	0.0003	0.0003	0.0000	0.0001	0.0001	0.0000	0.0120	0.0044	0.0076	0.0013	0.0013	0.0001	0.0106	0.0031	0.0075	7.4677	inf	0.0000	149.6450	inf	0.0000	0.0000	0.0000	0.0000	0.0001	0.0000	0.0001	0.0000	0.0000	0.0001	0.0001	0.0000	0.0001	
9	48	0.2379	8	1	1	1	0	0	0	0	0	N	N	N	N	N	N	N	N	N	N	N	N	96.1216	69.5100	0.0000	38.2246	37.2038	0.0000	0.3016	inf	0.0000	0.8056	0.8483	0.0000	0.9974	1.0231	0.0000	0.0011	0.0013	0.0000	0.0084	0.0122	0.0052	0.0261	0.0275	0.0009	0.0036	0.0000	0.0053	0.0000	0.5056	-0.0003	-0.0001	0.0035	3.1828	1.9666	3.1571	0.0014	0.0014	0.0000	0.0014	0.0014	0.0000	0.0000	0.0000	0.0000	0.0002	0.0001	0.0001	0.0001	0.0001	0.0000	0.0001	0.0000	0.0001	0.0018	0.0017	0.0001	0.0014	0.0014	0.0000	0.0003	0.0003	0.0001	0.0249	0.0114	0.0135	0.0053	0.0050	0.0003	0.0196	0.0063	0.0133	96.1216	69.5100	0.0000	38.2246	37.2038	0.0000	0.3016	inf	0.0000	0.0084	0.0122	0.0052	0.0261	0.0275	0.0003	0.0036	0.0000	0.0053
9	49	0.2337	7	0	1	1	0	0	0	0	0	N	N	N	N	N	N	N	N	N	N	N	N	16.9073	36.4457	0.0344	21.4071	21.1310	1.0500	0.1429	inf	0.0000	0.3411	0.3597	0.0010	0.4156	0.4280	0.0022	0.0029	0.0035	0.0000	0.0202	0.0099	0.0293	0.0194	0.0203	0.0021	0.0204	0.0000	0.0299	0.0002	3.3525	-0.0000	0.0000	0.0035	0.8922	1.9666	1.0748	0.0002	0.0002	0.0000	0.0002	0.0002	0.0000	0.0000	0.0000	0.0000	0.0002	0.0000	0.0001	0.0000	0.0000	0.0000	0.0001	0.0000	0.0001	0.0006	0.0006	0.0000	0.0005	0.0005	0.0000	0.0001	0.0001	0.0000	0.0092	0.0043	0.0049	0.0022	0.0021	0.0001	0.0070	0.0022	0.0048	16.9073	36.4457	0.0344	21.4071	21.1310	4.2648	0.1429	inf	0.0000	0.0202	0.0099	0.0293	0.0194	0.0203	0.0005	0.0204	0.0000	0.0299
9	50	0.2605	8	0	1	1	0	0	0	0	0	N	N	N	N	N	N	N	N	N	N	N	N	0.0000	0.0000	0.0000	0.0000	0.0000	0.0000	0.0000	0.0000	0.0000	0.0000	0.0000	0.0000	0.0000	0.0000	0.0000	0.0000	0.0000	0.0000	0.0000	0.0000	0.0035	0.0000	1.9666	0.0000	0.0000	0.0000	0.0000	0.0000	0.0000	0.0000	0.0000	0.0000	0.0000	0.0000	0.0000	0.0000	0.0000	0.0000	0.0000	0.0000	0.0000	0.0000	0.0000	0.0000	0.0000	0.0000	0.0000	0.0000	0.0000	0.0000	0.0000	0.0000	0.0000	0.0000	0.0000	0.0000	0.0000	0.0000	0.0000	0.0000	0.0000	0.0000	0.0000	0.0000	0.0000	0.0000	0.0000	0.0000	0.0000	0.0000	0.0000	0.0000	0.0000	0.0000	0.0000	0.0000	0.0000	0.0000											
9	51	0.2605	8	1	1	1	0	0	0	0	0	N	N	N	N	N	N	N	N	N	N	N	N	0.0000	0.0000	0.0000	0.0000	0.0000	0.0000	0.0000	0.0000	0.0000	0.0000	0.0000	0.0000	0.0000	0.0000	0.0000	0.0000	0.0000	0.0000	0.0000	0.0000	0.0035	1.0000	1.9666	3.0000	0.0000	0.0000	0.0000	0.0000	0.0000	0.0000	0.0000	0.0000	0.0000	0.0000	0.0000	0.0000	0.0000	0.0000	0.0000	0.0000	0.0000	0.0000	0.0003	0.0003	0.0000	0.0002	0.0002	0.0000	0.0001	0.0001	0.0000	0.0132	0.0060	0.0071	0.0028	0.0026	0.0002	0.0104	0.0034	0.0070	0.0000	0.0000	0.0000	0.0000	0.0000	0.0000	0.0000	0.0000	0.0000	0.0000	0.0000	0.0000	0.0000	0.0000	0.0000	0.0000	0.0000	0.0000											
9	52	0.2467	7	0	0	1	0	0	0	0	0	N	N	N	N	N	N	N	N	N	N	N	N	0.1598	0.0299	4.8828	0.0515	0.0176	0.2419	0.1210	0.4934	0.0005	0.0002	0.0038	0.0008	0.0003	0.0191	0.0001	0.0000	0.0003	0.0030	0.0056	0.0008	0.0159	0.0161	0.0788	0.0004	0.0000	0.0007	2.1283	0.1623	0.0000	-0.0000	0.0035	3.0179	1.9666	1.1627	0.0000	0.0000	0.0000	0.0000	0.0000	0.0000	0.0000	0.0000	0.0000	0.0001	0.0001	0.0000	0.0001	0.0001	0.0000	0.0000	0.0000	0.0000	0.0010	0.0009	0.0001	0.0005	0.0005	0.0000	0.0004	0.0004	0.0001	0.0230	0.0106	0.0124	0.0038	0.0037	0.0001	0.0193	0.0069	0.0123	0.1598	0.0299	4.8828	0.0515	0.0176	2.3250	0.1210	0.0000	0.4934	0.0030	0.0056	0.0008	0.0159	0.0161	0.0082	0.0004	0.0000	0.0007	
9	53	0.2605	8	1	1	2	0	0	0	0	0	N	N	Y	N	N	N	N	N	N	N	N	N	0.0000	0.0000	0.0000	0.0000	0.0000	0.0000	0.0000	0.0000	0.0000	0.0000	0.0000	0.0000	0.0000	0.0000	0.0000	0.0000	0.0000	0.0000	0.0000	0.0000	0.0035	4.0000	1.9666	1.0000	0.0000	0.0000	0.0000	0.0000	0.0000	0.0000	0.0000	0.0000	0.0000	0.0000	0.0000	0.0000	0.0000	0.0000	0.0000	0.0000	0.0000	0.0000	0.0011	0.0010	0.0001	0.0008	0.0008	0.0000	0.0003	0.0003	0.0001	0.0162	0.0074	0.0088	0.0034	0.0032	0.0002	0.0128	0.0042	0.0086	0.0000	0.0000	0.0000	0.0000	0.0000	0.0000	0.0000	0.0000	0.0000	0.0000	0.0000	0.0000	0.0000	0.0000	0.0000	0.0000	0.0000	0.0000											
9	54	0.2467	7	0	1	1	0	0	0	0	0	N	N	N	N	N	N	N	N	N	N	N	N	0.4227	0.0784	12.8219	0.1227	0.0416	1.1146	0.3251	1.2854	0.0007	0.0002	0.0052	0.0012	0.0004	0.0274	0.0001	0.0000	0.0005	0.0016	0.0030	0.0004	0.0094	0.0097	0.0246	0.0002	0.0000	0.0004	2.1283	0.1623	0.0000	-0.0000	0.0035	2.0683	1.9666	6.9961	0.0000	0.0000	0.0000	0.0000	0.0000	0.0000	0.0000	0.0000	0.0000	0.0001	0.0001	0.0000	0.0001	0.0001	0.0000	0.0000	0.0000	0.0000	0.0007	0.0006	0.0001	0.0004	0.0004	0.0000	0.0003	0.0003	0.0000	0.0431	0.0197	0.0235	0.0063	0.0061	0.0002	0.0368	0.0136	0.0232	0.4227	0.0784	12.8219	0.1227	0.0416	6.9539	0.3251	0.0000	1.2854	0.0016	0.0030	0.0004	0.0094	0.0097	0.0039	0.0002	0.0000	0.0004	
9	55	0.1900	6	0	0	1	0	0	0	0	0	N	N	N	N	N	N	N	N	N	N	N	N	4.9111	80.4137	33.7150	3567.1989	53.0497	inf	0.0000	0.0000	0.0083	0.0002	0.1030	0.0129	0.0003	0.3398	0.0000	0.0000	0.0000	0.0017	0.0000	0.0031	0.0000	0.0000	0.0000	0.0023	0.0000	0.0035	50.7569	1752.5893	0.0000	0.0000	0.0035	3.9265	1.9666	5.0808	0.0000	0.0000	0.0000	0.0000	0.0000	0.0000	0.0000	0.0000	0.0000	0.0001	0.0000	0.0001	0.0000	0.0000	0.0000	0.0001	0.0000	0.0001	0.0012	0.0011	0.0001	0.0008	0.0007	0.0000	0.0004	0.0004	0.0001	0.0347	0.0154	0.0193	0.0093	0.0069	0.0024	0.0254	0.0086	0.0169	4.9111	80.4137	33.7150	3567.1989	53.0497	inf	0.0000	0.0000	0.0000	0.0017	0.0000	0.0031	0.0000	0.0000	0.0000	0.0023	0.0000	0.0035	
9	56	0.2605	8	1	0	2	0	0	0	0	0	N	N	Y	N	N	N	N	N	N	N	N	N	0.0000	0.0000	0.0000	0.0000	0.0000	0.0000	0.0000	0.0000	0.0000	0.0000	0.0000	0.0000	0.0000	0.0003	0.0007	0.0000	0.0015	0.0016	0.0000	0.0000	0.0000	0.0000	0.0000	0.0000	-0.0000	0.0035	4.0000	1.9666	7.0000	0.0000	0.0000	0.0000	0.0000	0.0000	0.0000	0.0000	0.0000	0.0000	0.0000	0.0000	0.0000	0.0000	0.0000	0.0000	0.0000	0.0000	0.0000	0.0011	0.0010	0.0001	0.0008	0.0008	0.0000	0.0003	0.0003	0.0001	0.0332	0.0152	0.0181	0.0068	0.0064	0.0004	0.0265	0.0088	0.0177	0.0000	0.0000	0.0000	0.0000	0.0000	0.0000	0.0000	0.0000	0.0000	0.0003	0.0007	0.0000	0.0015	0.0016	0.0000	0.0000	0.0000	0.0000						
9	57	0.0876	5	0	1	1	0	0	0	0	0	N	N	N	N	N	N	N	N	N	N	N	N	0.2719	0.0000	24.8761	0.0659	0.0000	1.0233	0.3542	0.0000	2.5433	0.0012	0.0000	0.0151	0.0029	0.0000	0.2798	0.0002	0.0000	0.0014	0.0044	0.0093	0.0006	0.0434	0.0437	0.2734	0.0005	0.0086	0.0006	inf	0.0863	0.0000	-0.0002	0.0035	9.7645	1.9666	7.4558	0.0000	0.0000	0.0000	0.0000	0.0000	0.0000	0.0000	0.0000	0.0000	0.0004	0.0003	0.0000	0.0003	0.0003	0.0000	0.0000	0.0000	0.0000	0.0036	0.0033	0.0003	0.0014	0.0013	0.0000	0.0022	0.0020	0.0003	0.0840	0.0362	0.0478	0.0076	0.0075	0.0001	0.0764	0.0287	0.0477	0.2719	0.0000	24.8761	0.0659	0.0000	12.4651	0.3542	0.0000	2.5433	0.0044	0.0093	0.0006	0.0434	0.0437	0.0224	0.0005	0.0003	0.0006
9	58	0.0301	2	0	0	2	0	0	0	0	0	N	N	Y	N	N	N	N	N	N	N	N	N	0.0088	0.0040	0.0000	0.0008	0.0008	0.0000	0.0415	inf	0.0000	0.0035	0.0037	0.0000	0.0086	0.0087	0.0000	0.0000	0.0000	0.0000	0.3938	0.9251	0.0002	11.0803	11.1038	2.5063	0.0001	0.0000	0.0002	0.0000	0.0003	-0.0000	-0.0026	0.0035	1.0009	1.9666	0.0163	0.0000	0.0000	0.0000	0.0000	0.0000	0.0000	0.0000	0.0000	0.0000	0.0035	0.0035	0.0000	0.0035	0.0035	0.0000	0.0000	0.0000	0.0000	0.0006	0.0006	0.0000	0.0002	0.0002	0.0000	0.0004	0.0003	0.0000	0.0088	0.0037	0.0051	0.0003	0.0003	0.0000	0.0085	0.0034	0.0051	0.0088	0.0040	0.0000	0.0008	0.0008	0.0000	0.0415	inf	0.0000	0.3938	0.9251	0.0002	11.0803	11.1038	0.1999	0.0001	0.0000	0.0002
9	62	0.2340	8	0	1	1	0	0	0	0	0	N	N	N	N	N	N	N	N	N	N	N	N	188.4159	542.9027	0.0014	358.7847	484.2972	0.0007	0.0004	0.0000	0.0006	0.4429	0.5822	0.0000	0.8088	0.8663	0.0000	0.0000	0.0000	0.0000	0.0024	0.0011	0.0039	0.0023	0.0018	0.0307	0.0024	0.0000	0.0037	0.0000	3.0364	-0.0003	0.0000	0.0035	3.3327	1.9666	4.3103	0.0013	0.0013	0.0000	0.0013	0.0013	0.0000	0.0000	0.0000	0.0000	0.0001	0.0000	0.0001	0.0000	0.0000	0.0000	0.0001	0.0000	0.0001	0.0029	0.0022	0.0007	0.0016	0.0015	0.0001	0.0013	0.0007	0.0006	0.0510	0.0277	0.0233	0.0199	0.0166	0.0033	0.0311	0.0111	0.0200	188.4159	542.9027	0.0014	358.7847	484.2972	0.0048	0.0004	0.0000	0.0006	0.0024	0.0011	0.0039	0.0023	0.0018	0.0046	0.0024	0.0000	0.0037
9	63	0.2100	7	0	0	1	0	0	0	0	0	N	N	N	N	N	N	N	N	N	N	N	N	212.5813	360.5568	0.4390	252.9360	311.1733	0.0185	0.1267	0.0565	0.5716	0.4137	0.4470	0.0012	0.7209	0.7450	0.0006	0.0002	0.0000	0.0014	0.0019	0.0012	0.0027	0.0029	0.0024	0.0327	0.0015	0.0003	0.0024	0.0002	2.1288	-0.0001	-0.0000	0.0035	3.2669	1.9666	2.4507	0.0006	0.0006	0.0000	0.0006	0.0006	0.0000	0.0000	0.0000	0.0000	0.0001	0.0000	0.0000	0.0000	0.0000	0.0000	0.0000	0.0000	0.0000	0.0014	0.0013	0.0001	0.0008	0.0008	0.0000	0.0006	0.0005	0.0001	0.0346	0.0174	0.0173	0.0109	0.0090	0.0019	0.0237	0.0084	0.0153	212.5813	360.5568	0.4390	252.9360	311.1733	0.1218	0.1267	2.2800	0.5716	0.0019	0.0012	0.0027	0.0029	0.0024	0.0050	0.0015	0.0000	0.0024
9	64	0.2944	11	1	0	2	0	0	0	0	0	N	N	Y	N	N	N	N	N	N	N	N	N	0.0000	0.0000	0.0000	0.0000	0.0000	0.0000	0.0000	0.0000	0.0000	0.0000	0.0000	0.0000	0.0000	0.0000	0.0000	0.0000	0.0000	0.0000	0.0000	0.0000	0.0035	0.0000	1.9666	1.0000	0.0000	0.0000	0.0000	0.0000	0.0000	0.0000	0.0000	0.0000	0.0000	0.0000	0.0000	0.0000	0.0000	0.0000	0.0000	0.0000	0.0000	0.0000	0.0000	0.0000	0.0000	0.0000	0.0000	0.0000	0.0000	0.0000	0.0000	0.0038	0.0017	0.0022	0.0007	0.0007	0.0000	0.0031	0.0010	0.0021	0.0000	0.0000	0.0000	0.0000	0.0000	0.0000	0.0000	0.0000	0.0000	0.0000	0.0000	0.0000	0.0000	0.0000	0.0000	0.0000	0.0000	0.0000											
9	65	0.2944	10	1	0	2	0	0	0	0	0	N	N	Y	N	N	N	N	N	N	N	N	N	0.0000	0.0000	0.0000	0.0000	0.0000	0.0000	0.0000	0.0000	0.0000	0.0000	0.0000	0.0000	0.0000	0.0014	0.0029	0.0000	0.0030	0.0030	0.0000	0.0000	0.0000	0.0000	0.0000	0.0000	-0.0000	0.0035	0.0000	1.9666	0.0001	0.0000	0.0000	0.0000	0.0000	0.0000	0.0000	0.0000	0.0000	0.0000	0.0000	0.0000	0.0000	0.0000	0.0000	0.0000	0.0000	0.0000	0.0000	0.0000	0.0000	0.0000	0.0000	0.0000	0.0000	0.0000	0.0000	0.0000	0.0000	0.0000	0.0000	0.0000	0.0000	0.0000	0.0000	0.0000	0.0000	0.0000	0.0000	0.0000	0.0000	0.0000	0.0000	0.0000	0.0000	0.0000	0.0014	0.0029	0.0000	0.0030	0.0030	0.0000	0.0000	0.0000	0.0000						
9	66	0.2821	9	1	0	2	0	0	0	0	0	N	N	Y	N	N	N	N	N	N	N	N	N	0.0000	0.0000	0.0000	0.0000	0.0000	0.0000	0.0000	0.0000	0.0000	0.0000	0.0000	0.0000	0.0000	0.0000	0.0000	0.0000	0.0000	0.0004	0.0009	0.0000	0.0017	0.0017	0.0000	0.0000	0.0000	0.0000	0.0371	0.0000	-0.0000	0.0035	1.9720	1.9666	0.0923	0.0000	0.0000	0.0000	0.0000	0.0000	0.0000	0.0000	0.0000	0.0000	0.0000	0.0000	0.0000	0.0000	0.0000	0.0000	0.0000	0.0000	0.0000	0.0006	0.0005	0.0000	0.0004	0.0004	0.0000	0.0002	0.0002	0.0000	0.0102	0.0045	0.0056	0.0026	0.0025	0.0001	0.0076	0.0020	0.0056	0.0000	0.0000	0.0000	0.0000	0.0000	0.0000	0.0000	0.0000	0.0000	0.0004	0.0009	0.0000	0.0017	0.0017	0.0000	0.0000	0.0000	0.0000		
9	67	0.2605	8	1	0	2	0	0	0	0	0	N	N	Y	N	N	N	N	N	N	N	N	N	0.0000	0.0000	0.0000	0.0000	0.0000	0.0000	0.0000	0.0000	0.0000	0.0000	0.0000	0.0000	0.0000	0.0003	0.0000	0.0006	0.0000	0.0000	0.0000	0.0004	0.0000	0.0006	inf	0.0000	0.0000	0.0035	3.0650	1.9666	1.0636	0.0000	0.0000	0.0000	0.0000	0.0000	0.0000	0.0000	0.0000	0.0000	0.0000	0.0000	0.0000	0.0000	0.0000	0.0000	0.0000	0.0000	0.0000	0.0009	0.0008	0.0001	0.0006	0.0006	0.0000	0.0003	0.0002	0.0000	0.0136	0.0062	0.0074	0.0029	0.0027	0.0002	0.0107	0.0035	0.0072	0.0000	0.0000	0.0000	0.0000	0.0000	0.0000	0.0000	0.0000	0.0000	0.0003	0.0000	0.0006	0.0000	0.0000	0.0000	0.0004	0.0000	0.0006						
9	68	0.1125	4	0	1	1	1	0	0	0	0	N	N	N	N	N	N	N	N	N	N	N	N	1247.7125	823.9052	548.0339	552.9213	567.4721	51.2684	2.6867	12.1851	1.2545	1.3747	0.2497	3.0129	3.1435	1.0238	0.0007	0.0000	0.0052	0.0010	0.0017	0.0005	0.0054	0.0055	0.0200	0.0003	0.0000	0.0004	0.0217	0.3292	-0.0003	-0.0000	0.0035	2.7513	1.9666	4.0954	0.0018	0.0017	0.0000	0.0018	0.0017	0.0000	0.0000	0.0000	0.0000	0.0000	0.0000	0.0000	0.0000	0.0000	0.0000	0.0000	0.0000	0.0000	0.0014	0.0013	0.0002	0.0006	0.0006	0.0000	0.0008	0.0007	0.0001	0.0431	0.0195	0.0235	0.0061	0.0059	0.0002	0.0369	0.0136	0.0233	1247.7125	823.9052	548.0339	552.9213	567.4721	314.9597	2.6867	0.0000	12.1851	0.0010	0.0017	0.0005	0.0054	0.0055	0.0033	0.0003	0.0000	0.0004	
9	69	0.1900	6	0	1	1	0	0	0	0	0	N	N	N	N	N	N	N	N	N	N	N	N	554.6557	inf	24.9961	inf	inf	inf	0.0000	0.0000	0.6191	0.6652	0.0506	0.9592	0.9920	0.1511	0.0000	0.0000	0.0000	0.0011	0.0000	0.0020	0.0000	0.0000	0.0000	0.0015	0.0000	0.0023	0.0062	inf	-0.0003	0.0000	0.0035	9.9334	1.9666	8.9999	0.0016	0.0016	0.0000	0.0016	0.0016	0.0000	0.0000	0.0000	0.0000	0.0001	0.0000	0.0001	0.0000	0.0000	0.0000	0.0001	0.0000	0.0001	0.0026	0.0024	0.0002	0.0017	0.0016	0.0001	0.0009	0.0008	0.0001	0.0627	0.0282	0.0346	0.0165	0.0122	0.0043	0.0462	0.0159	0.0303	554.6557	inf	24.9961	inf	inf	inf	0.0000	0.0000	0.0000	0.0011	0.0000	0.0020	0.0000	0.0000	0.0000	0.0015	0.0000	0.0023	
9	70	0.1900	6	0	1	1	0	0	0	0	0	N	N	N	N	N	N	N	N	N	N	N	N	0.0000	0.0000	0.0000	0.0000	0.0000	0.0000	0.0000	0.0000	0.0000	0.0000	0.0000	0.0000	0.0000	0.0047	0.0000	0.0084	0.0000	0.0000	0.0000	0.0064	0.0000	0.0096	inf	0.0000	0.0000	0.0035	0.0666	1.9666	4.0001	0.0000	0.0000	0.0000	0.0000	0.0000	0.0000	0.0000	0.0000	0.0000	0.0001	0.0000	0.0001	0.0000	0.0000	0.0000	0.0001	0.0000	0.0001	0.0001	0.0001	0.0000	0.0000	0.0000	0.0000	0.0000	0.0000	0.0000	0.0171	0.0075	0.0095	0.0046	0.0034	0.0012	0.0125	0.0041	0.0084	0.0000	0.0000	0.0000	0.0000	0.0000	0.0000	0.0000	0.0000	0.0000	0.0047	0.0000	0.0084	0.0000	0.0000	0.0000	0.0064	0.0000	0.0096						
9	71	0.2605	8	0	1	1	0	0	0	0	0	N	N	N	N	N	N	N	N	N	N	N	N	0.0000	0.0000	0.0000	0.0000	0.0000	0.0000	0.0000	0.0000	0.0000	0.0000	0.0000	0.0000	0.0000	0.0043	0.0000	0.0079	0.0000	0.0000	0.0000	0.0055	0.0000	0.0081	inf	0.0000	0.0000	0.0035	2.0000	1.9666	3.0000	0.0000	0.0000	0.0000	0.0000	0.0000	0.0000	0.0000	0.0000	0.0000	0.0001	0.0000	0.0001	0.0000	0.0000	0.0000	0.0001	0.0000	0.0001	0.0006	0.0005	0.0000	0.0004	0.0004	0.0000	0.0002	0.0001	0.0000	0.0162	0.0074	0.0088	0.0034	0.0032	0.0002	0.0128	0.0042	0.0086	0.0000	0.0000	0.0000	0.0000	0.0000	0.0000	0.0000	0.0000	0.0000	0.0043	0.0000	0.0079	0.0000	0.0000	0.0000	0.0055	0.0000	0.0081						
9	72	0.2337	7	0	0	1	0	0	0	0	0	N	N	N	N	N	N	N	N	N	N	N	N	8.7247	4.2768	0.0000	2.5339	2.4852	0.0000	2432.4024	inf	0.0000	0.0176	0.0189	0.0000	0.0245	0.0254	0.0000	0.0008	0.0009	0.0000	0.0020	0.0044	0.0000	0.0097	0.0102	0.0000	0.0000	0.0000	0.0000	0.0000	0.0002	-0.0000	-0.0000	0.0035	4.7932	1.9666	0.2507	0.0000	0.0000	0.0000	0.0000	0.0000	0.0000	0.0000	0.0000	0.0000	0.0000	0.0000	0.0000	0.0000	0.0000	0.0000	0.0000	0.0000	0.0000	0.0017	0.0015	0.0001	0.0012	0.0011	0.0000	0.0005	0.0004	0.0001	0.0200	0.0091	0.0109	0.0042	0.0039	0.0002	0.0158	0.0052	0.0106	8.7247	4.2768	0.0000	2.5339	2.4852	0.0000	2432.4024	inf	0.0000	0.0020	0.0044	0.0000	0.0097	0.0102	0.0000	0.0000	0.0000	0.0000
9	73	0.1900	6	0	0	1	0	0	0	0	0	N	N	N	N	N	N	N	N	N	N	N	N	19.6317	176.8482	0.0000	151.5136	117.0503	0.0000	0.0000	0.0267	0.0290	0.0000	0.0412	0.0428	0.0000	0.0000	0.0000	0.0000	0.0014	0.0002	0.0023	0.0003	0.0004	0.0000	0.0018	0.0000	0.0026	0.0000	17.6796	-0.0000	0.0000	0.0035	4.9764	1.9666	2.9948	0.0000	0.0000	0.0000	0.0000	0.0000	0.0000	0.0000	0.0000	0.0000	0.0000	0.0000	0.0000	0.0000	0.0000	0.0000	0.0000	0.0000	0.0000	0.0015	0.0013	0.0001	0.0009	0.0009	0.0000	0.0005	0.0004	0.0001	0.0313	0.0139	0.0174	0.0084	0.0062	0.0021	0.0229	0.0077	0.0152	19.6317	176.8482	0.0000	151.5136	117.0503	0.0000	0.0000	0.0000	0.0000	0.0014	0.0002	0.0023	0.0003	0.0004	0.0000	0.0018	0.0000	0.0026		
9	74	0.2100	7	0	1	1	0	0	0	0	0	N	N	N	N	N	N	N	N	N	N	N	N	0.0883	0.0244	16.3249	0.0264	0.0205	10.7079	3.6765	18.9211	0.0003	0.0002	0.0024	0.0003	0.0003	0.0008	0.0004	0.0000	0.0030	0.0039	0.0078	0.0001	0.0125	0.0152	0.0001	0.0001	0.0000	0.0002	0.9804	0.0193	0.0000	-0.0001	0.0035	1.8678	1.9666	4.6278	0.0000	0.0000	0.0000	0.0000	0.0000	0.0000	0.0000	0.0000	0.0000	0.0001	0.0001	0.0000	0.0001	0.0001	0.0000	0.0000	0.0000	0.0000	0.0010	0.0009	0.0001	0.0006	0.0006	0.0000	0.0004	0.0004	0.0001	0.0379	0.0189	0.0190	0.0118	0.0096	0.0022	0.0261	0.0093	0.0169	0.0883	0.0244	16.3249	0.0264	0.0205	10.7079	3.6765	0.0000	18.9211	0.0039	0.0078	0.0001	0.0125	0.0152	0.0001	0.0001	0.0000	0.0002	
9	75	0.1900	6	0	0	1	0	0	0	0	0	N	N	N	N	N	N	N	N	N	N	N	N	11.4591	0.1804	75229.0608	4.7468	0.1201	inf	0.0000	0.0000	0.0074	0.0003	0.0911	0.0115	0.0004	0.2958	0.0000	0.0000	0.0000	0.0006	0.0015	0.0000	0.0024	0.0032	0.0000	0.0000	0.0000	0.0000	29.5606	0.0010	0.0000	-0.0000	0.0035	4.7010	1.9666	0.6064	0.0000	0.0000	0.0000	0.0000	0.0000	0.0000	0.0000	0.0000	0.0000	0.0000	0.0000	0.0000	0.0000	0.0000	0.0000	0.0000	0.0000	0.0000	0.0014	0.0013	0.0001	0.0009	0.0009	0.0000	0.0005	0.0004	0.0001	0.0218	0.0096	0.0121	0.0058	0.0043	0.0015	0.0159	0.0053	0.0106	11.4591	0.1804	75229.0608	4.7468	0.1201	inf	0.0000	0.0000	0.0000	0.0006	0.0015	0.0000	0.0024	0.0032	0.0000	0.0000	0.0000	0.0000	
9	76	0.1300	5	0	0	1	0	0	0	0	0	N	N	N	N	N	N	N	N	N	N	N	N	579.8814	315.8717	7.8687	174.5933	174.6708	0.0000	372.8019	inf	28.7946	0.4861	0.5630	0.0004	0.7334	0.8653	0.0000	0.0122	0.0135	0.0015	0.0008	0.0018	0.0001	0.0042	0.0050	0.0000	0.0000	0.0000	0.0001	0.0001	0.0337	-0.0003	-0.0000	0.0035	4.7970	1.9666	3.0436	0.0016	0.0016	0.0000	0.0016	0.0016	0.0000	0.0000	0.0000	0.0000	0.0000	0.0000	0.0000	0.0000	0.0000	0.0000	0.0000	0.0000	0.0000	0.0032	0.0028	0.0004	0.0021	0.0018	0.0003	0.0011	0.0010	0.0001	0.0370	0.0168	0.0202	0.0071	0.0061	0.0011	0.0298	0.0108	0.0191	579.8814	315.8717	7.8687	174.5933	174.6708	0.0000	372.8019	inf	28.7946	0.0008	0.0018	0.0001	0.0042	0.0050	0.0000	0.0000	0.0000	0.0001
9	78	0.1936	8	1	1	1	1	0	0	0	0	N	N	N	N	N	N	N	N	N	N	N	N	1.2095	89.6280	0.0000	4.6524	42.1330	0.0000	0.0000	0.0000	0.0000	0.0000	0.0000	0.0001	0.0001	0.0000	0.0000	0.0000	0.0000	0.0000	0.0000	0.0001	0.0000	0.0000	0.0001	0.0000	0.0000	0.0001	0.0062	156.4643	-0.0000	0.0000	0.0035	1.0000	1.9666	2.0144	0.0000	0.0000	0.0000	0.0000	0.0000	0.0000	0.0000	0.0000	0.0000	0.0000	0.0000	0.0000	0.0000	0.0000	0.0000	0.0000	0.0000	0.0000	0.0004	0.0004	0.0000	0.0003	0.0003	0.0000	0.0001	0.0001	0.0000	0.0141	0.0060	0.0081	0.0026	0.0021	0.0005	0.0116	0.0040	0.0076	1.2095	89.6280	0.0000	4.6524	42.1330	0.0000	0.0000	0.0000	0.0000	0.0000	0.0000	0.0001	0.0000	0.0000	0.0001	0.0000	0.0000	0.0001	
9	79	0.1713	7	1	1	1	1	0	0	0	0	N	N	N	N	N	N	N	N	N	N	N	N	16595.4177	7848.2377	0.0000	4012.9402	3522.6343	0.0000	0.0000	0.5234	0.5795	0.0000	0.7254	0.7876	0.0000	0.0000	0.0000	0.0000	0.0000	0.0001	0.0000	0.0002	0.0002	0.0000	0.0000	0.0000	0.0000	0.0000	0.0064	-0.0000	-0.0000	0.0035	0.0001	1.9666	3.0180	0.0000	0.0000	0.0000	0.0000	0.0000	0.0000	0.0000	0.0000	0.0000	0.0000	0.0000	0.0000	0.0000	0.0000	0.0000	0.0000	0.0000	0.0000	0.0000	0.0000	0.0000	0.0000	0.0000	0.0000	0.0000	0.0000	0.0000	0.0140	0.0059	0.0080	0.0024	0.0020	0.0005	0.0116	0.0040	0.0076	16595.4177	7848.2377	0.0000	4012.9402	3522.6343	0.0000	0.0000	0.0000	0.0000	0.0000	0.0001	0.0000	0.0002	0.0002	0.0000	0.0000	0.0000	0.0000		
9	80	0.1933	9	0	1	1	1	0	0	0	0	N	N	N	N	N	N	N	N	N	N	N	N	0.0000	0.0000	0.0000	0.0000	0.0000	0.0000	0.0000	0.0000	0.0000	0.0000	0.0000	0.0000	0.0000	0.0000	0.0000	0.0000	0.0000	0.0000	0.0000	0.0000	0.0035	0.0000	1.9666	0.0000	0.0000	0.0000	0.0000	0.0000	0.0000	0.0000	0.0000	0.0000	0.0000	0.0000	0.0000	0.0000	0.0000	0.0000	0.0000	0.0000	0.0000	0.0000	0.0000	0.0000	0.0000	0.0000	0.0000	0.0000	0.0000	0.0000	0.0000	0.0000	0.0000	0.0000	0.0000	0.0000	0.0000	0.0000	0.0000	0.0000	0.0000	0.0000	0.0000	0.0000	0.0000	0.0000	0.0000	0.0000	0.0000	0.0000	0.0000	0.0000	0.0000	0.0000	0.0000	0.0000	0.0000	0.0000											
9	81	0.1713	7	0	0	2	1	0	0	0	0	N	N	Y	N	N	N	N	N	N	N	N	N	0.0000	0.0000	0.0000	0.0000	0.0000	0.0000	0.0000	0.0000	0.0000	0.0000	0.0000	0.0000	0.0000	0.0000	0.0000	0.0000	0.0000	0.0000	0.0000	0.0000	0.0035	2.0000	1.9666	0.0000	0.0000	0.0000	0.0000	0.0000	0.0000	0.0000	0.0000	0.0000	0.0000	0.0000	0.0000	0.0000	0.0000	0.0000	0.0000	0.0000	0.0000	0.0000	0.0008	0.0008	0.0001	0.0006	0.0006	0.0000	0.0002	0.0002	0.0000	0.0095	0.0040	0.0055	0.0016	0.0013	0.0003	0.0078	0.0027	0.0052	0.0000	0.0000	0.0000	0.0000	0.0000	0.0000	0.0000	0.0000	0.0000	0.0000	0.0000	0.0000	0.0000	0.0000	0.0000	0.0000	0.0000	0.0000											
9	82	0.1713	7	0	0	2	1	0	0	0	0	N	N	Y	N	N	N	N	N	N	N	N	N	0.0000	0.0000	0.0000	0.0000	0.0000	0.0000	0.0000	0.0000	0.0000	0.0000	0.0000	0.0000	0.0000	0.0000	0.0000	0.0000	0.0000	0.0000	0.0000	0.0000	0.0035	0.0000	1.9666	4.0000	0.0000	0.0000	0.0000	0.0000	0.0000	0.0000	0.0000	0.0000	0.0000	0.0000	0.0000	0.0000	0.0000	0.0000	0.0000	0.0000	0.0000	0.0000	0.0000	0.0000	0.0000	0.0000	0.0000	0.0000	0.0000	0.0000	0.0000	0.0181	0.0077	0.0104	0.0032	0.0025	0.0006	0.0150	0.0052	0.0098	0.0000	0.0000	0.0000	0.0000	0.0000	0.0000	0.0000	0.0000	0.0000	0.0000	0.0000	0.0000	0.0000	0.0000	0.0000	0.0000	0.0000	0.0000											
9	83	0.1933	9	0	0	2	1	0	0	0	0	N	N	Y	N	N	N	N	N	N	N	N	N	0.0000	0.0000	0.0000	0.0000	0.0000	0.0000	0.0000	0.0000	0.0000	0.0000	0.0000	0.0000	0.0000	0.0000	0.0000	0.0000	0.0000	0.0000	0.0000	0.0000	0.0035	0.0000	1.9666	2.0000	0.0000	0.0000	0.0000	0.0000	0.0000	0.0000	0.0000	0.0000	0.0000	0.0000	0.0000	0.0000	0.0000	0.0000	0.0000	0.0000	0.0000	0.0000	0.0000	0.0000	0.0000	0.0000	0.0000	0.0000	0.0000	0.0000	0.0000	0.0094	0.0042	0.0052	0.0021	0.0018	0.0003	0.0073	0.0024	0.0049	0.0000	0.0000	0.0000	0.0000	0.0000	0.0000	0.0000	0.0000	0.0000	0.0000	0.0000	0.0000	0.0000	0.0000	0.0000	0.0000	0.0000	0.0000											
9	84	0.1860	8	0	0	1	1	0	0	0	0	N	N	N	N	N	N	N	N	N	N	N	N	0.0000	0.0000	0.0000	0.0000	0.0000	0.0000	0.0000	0.0000	0.0000	0.0000	0.0000	0.0000	0.0000	0.0000	0.0000	0.0000	0.0000	0.0000	0.0000	0.0000	0.0001	0.0001	0.0000	0.0000	0.0000	0.0000	0.5391	0.0000	-0.0000	0.0035	1.0000	1.9666	0.0015	0.0000	0.0000	0.0000	0.0000	0.0000	0.0000	0.0000	0.0000	0.0000	0.0000	0.0000	0.0000	0.0000	0.0000	0.0000	0.0000	0.0000	0.0000	0.0004	0.0004	0.0000	0.0003	0.0003	0.0000	0.0001	0.0001	0.0000	0.0049	0.0022	0.0027	0.0011	0.0009	0.0002	0.0038	0.0012	0.0026	0.0000	0.0000	0.0000	0.0000	0.0000	0.0000	0.0000	0.0000	0.0000	0.0000	0.0000	0.0000	0.0001	0.0001	0.0000	0.0000	0.0000	0.0000		
9	85	0.1713	7	0	0	1	1	0	0	0	0	N	N	N	N	N	N	N	N	N	N	N	N	0.0000	0.0000	0.0000	0.0000	0.0000	0.0000	0.0000	0.0000	0.0000	0.0000	0.0000	0.0000	0.0000	0.0000	0.0000	0.0000	0.0000	0.0000	0.0000	0.0000	0.0000	0.0000	0.0000	0.0000	0.0000	1.8550	0.0000	-0.0000	0.0035	0.0000	1.9666	2.0013	0.0000	0.0000	0.0000	0.0000	0.0000	0.0000	0.0000	0.0000	0.0000	0.0000	0.0000	0.0000	0.0000	0.0000	0.0000	0.0000	0.0000	0.0000	0.0000	0.0000	0.0000	0.0000	0.0000	0.0000	0.0000	0.0000	0.0000	0.0095	0.0040	0.0055	0.0016	0.0013	0.0003	0.0078	0.0027	0.0052	0.0000	0.0000	0.0000	0.0000	0.0000	0.0000	0.0000	0.0000	0.0000	0.0000	0.0000	0.0000	0.0000	0.0000	0.0000	0.0000	0.0000	0.0000			
9	86	0.2112	7	1	1	1	0	0	0	0	0	N	N	N	N	N	N	N	N	N	N	N	N	139.4466	96.0956	0.0000	71.8640	76.4104	0.0000	0.0000	0.0000	0.0708	0.0790	0.0000	0.0920	0.1022	0.0000	0.0000	0.0000	0.0000	0.0005	0.0008	0.0001	0.0013	0.0013	0.0008	0.0001	0.0000	0.0001	0.0041	0.1494	-0.0000	-0.0000	0.0035	0.0007	1.9666	0.9812	0.0000	0.0000	0.0000	0.0000	0.0000	0.0000	0.0000	0.0000	0.0000	0.0000	0.0000	0.0000	0.0000	0.0000	0.0000	0.0000	0.0000	0.0000	0.0000	0.0000	0.0000	0.0000	0.0000	0.0000	0.0000	0.0000	0.0000	0.0094	0.0050	0.0043	0.0033	0.0031	0.0002	0.0061	0.0019	0.0042	139.4466	96.0956	0.0000	71.8640	76.4104	0.0000	0.0000	0.0000	0.0000	0.0005	0.0008	0.0001	0.0013	0.0013	0.0003	0.0001	0.0000	0.0001	
9	87	0.1554	6	1	1	1	0	0	0	0	0	N	N	N	N	N	N	N	N	N	N	N	N	10.3643	7.0226	0.4246	3.8089	3.4005	0.4325	0.3180	inf	0.0409	0.0096	0.0105	0.0002	0.0137	0.0147	0.0004	0.0001	0.0001	0.0000	0.0009	0.0015	0.0005	0.0036	0.0043	0.0009	0.0003	0.0000	0.0005	0.0020	0.4094	-0.0000	-0.0000	0.0035	5.0272	1.9666	2.1572	0.0000	0.0000	0.0000	0.0000	0.0000	0.0000	0.0000	0.0000	0.0000	0.0000	0.0000	0.0000	0.0000	0.0000	0.0000	0.0000	0.0000	0.0000	0.0020	0.0018	0.0002	0.0014	0.0013	0.0001	0.0006	0.0005	0.0001	0.0313	0.0137	0.0176	0.0058	0.0047	0.0010	0.0255	0.0089	0.0166	10.3643	7.0226	0.4246	3.8089	3.4005	1.3287	0.3180	inf	0.0409	0.0009	0.0015	0.0005	0.0036	0.0043	0.0003	0.0003	0.0000	0.0005
9	88	0.2087	8	0	1	1	0	0	0	0	0	N	N	N	N	N	N	N	N	N	N	N	N	0.0000	0.0000	0.0000	0.0000	0.0000	0.0000	0.0000	0.0000	0.0000	0.0000	0.0000	0.0000	0.0000	0.0005	0.0012	0.0000	0.0028	0.0034	0.0000	0.0000	0.0000	0.0000	0.0000	0.0000	-0.0000	0.0035	0.0000	1.9666	4.0000	0.0000	0.0000	0.0000	0.0000	0.0000	0.0000	0.0000	0.0000	0.0000	0.0000	0.0000	0.0000	0.0000	0.0000	0.0000	0.0000	0.0000	0.0000	0.0000	0.0000	0.0000	0.0000	0.0000	0.0000	0.0000	0.0000	0.0000	0.0194	0.0084	0.0110	0.0036	0.0030	0.0007	0.0158	0.0055	0.0103	0.0000	0.0000	0.0000	0.0000	0.0000	0.0000	0.0000	0.0000	0.0000	0.0005	0.0012	0.0000	0.0028	0.0034	0.0000	0.0000	0.0000	0.0000						
9	89	0.1713	7	0	1	1	0	0	0	0	0	N	N	N	N	N	N	N	N	N	N	N	N	inf	inf	inf	inf	inf	inf	1.3298	0.0000	14.2799	1.8662	0.0000	28.2887	0.0554	0.0000	0.3516	0.0000	0.0000	0.0000	0.0000	0.0000	0.0000	0.0000	0.0000	0.0000	inf	0.0013	0.0000	0.0035	3.0000	1.9666	2.0000	0.0016	0.0000	0.0016	0.0016	0.0000	0.0016	0.0000	0.0000	0.0000	0.0000	0.0000	0.0000	0.0000	0.0000	0.0000	0.0000	0.0000	0.0000	0.0012	0.0011	0.0001	0.0009	0.0008	0.0001	0.0004	0.0003	0.0001	0.0222	0.0095	0.0127	0.0039	0.0031	0.0007	0.0183	0.0063	0.0120	inf	0.0000	inf	inf	0.0000	inf	inf	0.0000	inf	0.0000	0.0000	0.0000	0.0000	0.0000	0.0000	0.0000	0.0000	0.0000				
9	90	0.1713	7	1	1	1	0	0	0	0	0	N	N	N	N	N	N	N	N	N	N	N	N	0.0000	0.0000	0.0000	0.0000	0.0000	0.0000	0.0000	0.0000	0.0000	0.0000	0.0000	0.0000	0.0000	0.0000	0.0000	0.0000	0.0000	0.0000	0.0000	0.0000	0.0035	2.0000	1.9666	3.0000	0.0000	0.0000	0.0000	0.0000	0.0000	0.0000	0.0000	0.0000	0.0000	0.0000	0.0000	0.0000	0.0000	0.0000	0.0000	0.0000	0.0000	0.0000	0.0008	0.0008	0.0001	0.0006	0.0006	0.0000	0.0002	0.0002	0.0000	0.0222	0.0095	0.0127	0.0039	0.0031	0.0007	0.0183	0.0063	0.0120	0.0000	0.0000	0.0000	0.0000	0.0000	0.0000	0.0000	0.0000	0.0000	0.0000	0.0000	0.0000	0.0000	0.0000	0.0000	0.0000	0.0000	0.0000											
9	91	0.1554	6	0	0	1	0	0	0	0	0	N	N	N	N	N	N	N	N	N	N	N	N	8.9549	5.3809	0.0875	3.0958	2.9018	0.0214	0.4682	inf	0.0470	0.0197	0.0219	0.0001	0.0280	0.0304	0.0001	0.0002	0.0002	0.0000	0.0022	0.0041	0.0007	0.0090	0.0105	0.0039	0.0005	0.0000	0.0007	0.0003	0.2139	-0.0000	-0.0000	0.0035	2.0705	1.9666	0.0351	0.0000	0.0000	0.0000	0.0000	0.0000	0.0000	0.0000	0.0000	0.0000	0.0000	0.0000	0.0000	0.0000	0.0000	0.0000	0.0000	0.0000	0.0000	0.0010	0.0009	0.0001	0.0007	0.0006	0.0001	0.0003	0.0002	0.0000	0.0110	0.0049	0.0061	0.0022	0.0019	0.0003	0.0087	0.0030	0.0057	8.9549	5.3809	0.0875	3.0958	2.9018	0.0974	0.4682	inf	0.0470	0.0022	0.0041	0.0007	0.0090	0.0105	0.0009	0.0005	0.0000	0.0007
9	92	0.1300	5	0	0	1	0	0	0	0	0	N	N	N	N	N	N	N	N	N	N	N	N	76.3279	77.1723	9.0521	45.1790	47.9576	4.9065	1.2826	6211.7475	1.1889	0.2386	0.2761	0.0246	0.3526	0.4197	0.0307	0.0023	0.0022	0.0033	0.0031	0.0036	0.0027	0.0078	0.0088	0.0062	0.0018	0.0000	0.0028	0.0156	0.8460	-0.0001	-0.0000	0.0035	3.4249	1.9666	0.1413	0.0007	0.0007	0.0000	0.0007	0.0007	0.0000	0.0000	0.0000	0.0000	0.0001	0.0000	0.0000	0.0000	0.0000	0.0000	0.0000	0.0000	0.0000	0.0029	0.0025	0.0004	0.0020	0.0016	0.0003	0.0009	0.0009	0.0001	0.0202	0.0095	0.0106	0.0045	0.0039	0.0006	0.0157	0.0056	0.0101	76.3279	77.1723	9.0521	45.1790	47.9576	27.2152	1.2826	6211.7475	1.1889	0.0031	0.0036	0.0027	0.0078	0.0088	0.0011	0.0018	0.0000	0.0028
9	93	0.1125	4	0	0	1	0	0	0	0	0	N	N	N	N	N	N	N	N	N	N	N	N	262.8299	267.5474	55.6772	214.9221	224.3557	12.2612	6.6363	313.8009	29.5800	0.8313	0.9152	0.1635	1.9439	2.0621	0.3764	0.0125	0.0002	0.0863	0.0032	0.0034	0.0029	0.0090	0.0092	0.0307	0.0019	0.0000	0.0029	0.0225	0.9820	-0.0002	-0.0000	0.0035	2.2814	1.9666	1.1633	0.0010	0.0010	0.0000	0.0010	0.0010	0.0000	0.0000	0.0000	0.0000	0.0001	0.0000	0.0000	0.0000	0.0000	0.0000	0.0000	0.0000	0.0000	0.0012	0.0011	0.0001	0.0005	0.0005	0.0000	0.0007	0.0006	0.0001	0.0262	0.0122	0.0140	0.0047	0.0045	0.0002	0.0215	0.0077	0.0138	262.8299	267.5474	55.6772	214.9221	224.3557	81.2277	6.6363	313.8009	29.5800	0.0032	0.0034	0.0029	0.0090	0.0092	0.0046	0.0019	0.0000	0.0029
9	94	0.0712	3	0	0	1	0	0	0	0	0	N	N	N	N	N	N	N	N	N	N	N	N	8.9734	4.9167	3.3465	3.7344	3.7414	0.3189	0.2696	0.0000	1.4314	0.0647	0.0698	0.0077	0.1743	0.1749	0.1136	0.0004	0.0000	0.0032	0.0072	0.0142	0.0023	0.0467	0.0467	0.3563	0.0015	0.0000	0.0023	0.0100	0.2310	-0.0000	-0.0002	0.0035	1.5401	1.9666	4.1671	0.0000	0.0000	0.0000	0.0000	0.0000	0.0000	0.0000	0.0000	0.0000	0.0003	0.0002	0.0001	0.0002	0.0002	0.0000	0.0001	0.0000	0.0001	0.0007	0.0007	0.0001	0.0003	0.0003	0.0000	0.0005	0.0004	0.0001	0.0407	0.0168	0.0239	0.0051	0.0051	0.0000	0.0356	0.0117	0.0239	8.9734	4.9167	3.3465	3.7344	3.7414	3.2276	0.2696	0.0000	1.4314	0.0072	0.0142	0.0023	0.0467	0.0467	0.0352	0.0015	0.0000	0.0023
9	98	0.1494	6	0	0	1	0	0	0	0	0	N	N	N	N	N	N	N	N	N	N	N	N	6.9358	3.9708	119.0820	3.9576	3.8818	44.5622	17.2422	inf	63.9777	0.1047	0.1130	0.0248	0.2317	0.2386	0.0729	0.0022	0.0005	0.0130	0.0151	0.0285	0.0002	0.0586	0.0615	0.0016	0.0001	0.0000	0.0002	0.0227	0.0066	-0.0000	-0.0009	0.0035	4.9999	1.9666	9.0821	0.0001	0.0001	0.0000	0.0001	0.0001	0.0000	0.0000	0.0000	0.0000	0.0012	0.0012	0.0000	0.0012	0.0012	0.0000	0.0000	0.0000	0.0000	0.0014	0.0013	0.0001	0.0006	0.0006	0.0000	0.0008	0.0007	0.0001	0.0792	0.0418	0.0374	0.0203	0.0193	0.0010	0.0589	0.0224	0.0365	6.9358	3.9708	119.0820	3.9576	3.8818	165.9855	17.2422	inf	63.9777	0.0151	0.0285	0.0002	0.0586	0.0615	0.0004	0.0001	0.0000	0.0002
10	11	0.1508	5	1	1	1	0	0	0	0	0	N	N	N	N	N	N	N	N	N	N	N	N	0.0000	0.0000	0.0000	0.0000	0.0000	0.0000	0.0000	0.0000	0.0000	0.0000	0.0000	0.0000	0.0000	0.3052	0.7274	0.0000	1.0518	1.2705	0.0000	0.0000	0.0000	0.0000	0.0000	0.0000	-0.0293	1.9652	1.0000	3.8608	8.0000	0.0000	0.0000	0.0000	0.0000	0.0000	0.0000	0.0000	0.0000	0.0000	0.0391	0.0391	0.0000	0.0391	0.0391	0.0000	0.0000	0.0000	0.0000	0.0818	0.0745	0.0074	0.0521	0.0493	0.0028	0.0297	0.0251	0.0046	0.1282	0.0538	0.0744	0.0372	0.0308	0.0064	0.0910	0.0230	0.0680	0.0000	0.0000	0.0000	0.0000	0.0000	0.0000	0.0000	0.0000	0.0000	0.3052	0.7274	0.0000	1.0518	1.2705	0.0000	0.0000	0.0000	0.0000						
10	12	0.1817	6	0	0	2	1	0	0	0	0	N	N	Y	N	N	N	N	N	N	N	N	N	0.0000	0.0000	0.0000	0.0000	0.0000	0.0000	0.0000	0.0000	0.0000	0.0000	0.0000	0.0000	0.0000	0.0031	0.0083	0.0000	0.0162	0.0183	0.0000	0.0000	0.0000	0.0000	0.0000	0.0000	-0.0000	1.9652	0.0000	3.8608	1.0000	0.0000	0.0000	0.0000	0.0000	0.0000	0.0000	0.0000	0.0000	0.0000	0.0001	0.0001	0.0000	0.0001	0.0001	0.0000	0.0000	0.0000	0.0000	0.0000	0.0000	0.0000	0.0000	0.0000	0.0000	0.0000	0.0000	0.0000	0.0192	0.0072	0.0119	0.0037	0.0033	0.0004	0.0155	0.0039	0.0115	0.0000	0.0000	0.0000	0.0000	0.0000	0.0000	0.0000	0.0000	0.0000	0.0031	0.0083	0.0000	0.0162	0.0183	0.0000	0.0000	0.0000	0.0000						
10	13	0.1508	5	0	1	1	0	0	0	0	0	N	N	N	N	N	N	N	N	N	N	N	N	0.0000	0.0000	0.0000	0.0000	0.0000	0.0000	0.0000	0.0000	0.0000	0.0000	0.0000	0.0000	0.0000	1.2144	2.8939	0.0000	4.0994	4.8687	0.0000	0.0000	0.0000	0.0000	0.0000	0.0000	-0.0290	1.9652	1.0000	3.8608	1.0000	0.0000	0.0000	0.0000	0.0000	0.0000	0.0000	0.0000	0.0000	0.0000	0.0387	0.0387	0.0000	0.0387	0.0387	0.0000	0.0000	0.0000	0.0000	0.0818	0.0745	0.0074	0.0521	0.0493	0.0028	0.0297	0.0251	0.0046	0.0319	0.0134	0.0185	0.0094	0.0080	0.0015	0.0224	0.0054	0.0170	0.0000	0.0000	0.0000	0.0000	0.0000	0.0000	0.0000	0.0000	0.0000	1.2144	2.8939	0.0000	4.0994	4.8687	0.0000	0.0000	0.0000	0.0000						
10	14	0.1964	7	0	0	1	1	0	0	0	0	N	N	N	N	N	N	N	N	N	N	N	N	0.0000	0.0000	0.0000	0.0000	0.0000	0.0000	0.0000	0.0000	0.0000	0.0000	0.0000	0.0000	0.0000	0.0000	0.0000	0.0000	0.0000	0.0000	1.0236	2.7271	0.0000	5.2300	6.0052	0.0000	0.0000	0.0000	0.0000	0.0000	0.0000	-0.0290	1.9652	1.0000	3.8608	0.9994	0.0000	0.0000	0.0000	0.0000	0.0000	0.0000	0.0000	0.0000	0.0000	0.0387	0.0387	0.0000	0.0387	0.0387	0.0000	0.0000	0.0000	0.0000	0.0933	0.0839	0.0094	0.0424	0.0395	0.0028	0.0510	0.0444	0.0066	0.0378	0.0142	0.0236	0.0074	0.0064	0.0010	0.0304	0.0077	0.0226	0.0000	0.0000	0.0000	0.0000	0.0000	0.0000	0.0000	0.0000	0.0000	1.0236	2.7271	0.0000	5.2300	6.0052	0.0000	0.0000	0.0000	0.0000	
10	15	0.1508	5	0	1	1	0	0	0	0	0	N	N	N	N	N	N	N	N	N	N	N	N	0.0000	0.0000	0.0000	0.0000	0.0000	0.0000	0.0000	0.0000	0.0000	0.0000	0.0000	0.0000	0.0000	0.0041	0.0097	0.0000	0.0138	0.0164	0.0000	0.0000	0.0000	0.0000	0.0000	0.0000	-0.0001	1.9652	0.0000	3.8608	2.0000	0.0000	0.0000	0.0000	0.0000	0.0000	0.0000	0.0000	0.0000	0.0000	0.0001	0.0001	0.0000	0.0001	0.0001	0.0000	0.0000	0.0000	0.0000	0.0000	0.0000	0.0000	0.0000	0.0000	0.0000	0.0000	0.0000	0.0000	0.0319	0.0134	0.0185	0.0094	0.0080	0.0015	0.0224	0.0054	0.0170	0.0000	0.0000	0.0000	0.0000	0.0000	0.0000	0.0000	0.0000	0.0000	0.0041	0.0097	0.0000	0.0138	0.0164	0.0000	0.0000	0.0000	0.0000						
10	16	0.1964	7	0	1	1	1	0	0	0	0	N	N	N	N	N	N	N	N	N	N	N	N	0.0000	0.0000	0.0000	0.0000	0.0000	0.0000	0.0000	0.0000	0.0000	0.0000	0.0000	0.0000	0.0000	0.0000	0.0000	0.0000	0.0000	0.0000	0.0026	0.0055	0.0009	0.0106	0.0122	0.0000	0.0007	0.0000	0.0010	0.2765	0.0000	-0.0001	1.9652	2.0000	3.8608	2.0010	0.0000	0.0000	0.0000	0.0000	0.0000	0.0000	0.0000	0.0000	0.0000	0.0002	0.0001	0.0000	0.0001	0.0001	0.0000	0.0000	0.0000	0.0000	0.1829	0.1647	0.0182	0.0830	0.0776	0.0055	0.0998	0.0871	0.0127	0.0723	0.0272	0.0450	0.0142	0.0123	0.0019	0.0581	0.0149	0.0432	0.0000	0.0000	0.0000	0.0000	0.0000	0.0000	0.0000	0.0000	0.0000	0.0026	0.0055	0.0009	0.0106	0.0122	0.0000	0.0007	0.0000	0.0010	
10	17	0.1657	6	1	1	1	0	0	0	0	0	N	N	N	N	N	N	N	N	N	N	N	N	0.0053	0.0029	0.0000	0.0033	0.0032	0.0000	0.0000	0.0000	0.0000	0.0001	0.0001	0.0000	0.0002	0.0002	0.0000	0.0000	0.0000	0.0000	0.0186	0.0387	0.0001	0.0537	0.0614	0.0008	0.0000	0.0001	0.0000	0.0000	0.0017	-0.0000	-0.0003	1.9652	0.0017	3.8608	0.9948	0.0000	0.0000	0.0000	0.0000	0.0000	0.0000	0.0000	0.0000	0.0000	0.0003	0.0003	0.0000	0.0003	0.0003	0.0000	0.0000	0.0000	0.0000	0.0002	0.0002	0.0000	0.0001	0.0001	0.0000	0.0001	0.0001	0.0000	0.0183	0.0087	0.0095	0.0063	0.0055	0.0008	0.0119	0.0032	0.0087	0.0053	0.0029	0.0000	0.0033	0.0032	0.0000	0.0000	0.0000	0.0000	0.0186	0.0387	0.0001	0.0537	0.0614	0.0003	0.0000	0.0000	0.0000
10	18	0.2190	7	0	1	1	0	0	0	0	0	N	N	N	N	N	N	N	N	N	N	N	N	0.0000	0.0000	0.0000	0.0000	0.0000	0.0000	0.0000	0.0000	0.0000	0.0000	0.0000	0.0000	0.0000	0.0000	0.0000	0.0000	0.0000	0.0000	0.0000	0.0000	1.9652	0.0000	3.8608	0.0000	0.0000	0.0000	0.0000	0.0000	0.0000	0.0000	0.0000	0.0000	0.0000	0.0000	0.0000	0.0000	0.0000	0.0000	0.0000	0.0000	0.0000	0.0000	0.0000	0.0000	0.0000	0.0000	0.0000	0.0000	0.0000	0.0000	0.0000	0.0000	0.0000	0.0000	0.0000	0.0000	0.0000	0.0000	0.0000	0.0000	0.0000	0.0000	0.0000	0.0000	0.0000	0.0000	0.0000	0.0000	0.0000	0.0000	0.0000	0.0000	0.0000	0.0000	0.0000	0.0000	0.0000	0.0000											
10	19	0.0803	3	0	0	1	1	0	0	0	0	N	N	N	N	N	N	N	N	N	N	N	N	0.0000	0.0000	0.0000	0.0000	0.0000	0.0000	0.0000	0.0000	0.0000	0.0000	0.0000	0.0000	0.0000	0.0014	0.0039	0.0000	0.0092	0.0093	0.0000	0.0000	0.0000	0.0000	0.0000	0.0000	-0.0001	1.9652	3.0666	3.8608	4.9999	0.0000	0.0000	0.0000	0.0000	0.0000	0.0000	0.0000	0.0000	0.0000	0.0002	0.0002	0.0000	0.0002	0.0002	0.0000	0.0000	0.0000	0.0000	0.3266	0.2860	0.0406	0.1646	0.1497	0.0148	0.1620	0.1363	0.0257	0.1454	0.0514	0.0940	0.0217	0.0214	0.0003	0.1237	0.0300	0.0937	0.0000	0.0000	0.0000	0.0000	0.0000	0.0000	0.0000	0.0000	0.0000	0.0014	0.0039	0.0000	0.0092	0.0093	0.0000	0.0000	0.0000	0.0000						
10	20	0.1723	6	1	0	2	0	0	0	0	0	N	N	Y	N	N	N	N	N	N	N	N	N	0.0000	0.0000	0.0000	0.0000	0.0000	0.0000	0.0000	0.0000	0.0000	0.0000	0.0000	0.0000	0.0000	0.0000	0.0000	0.0000	0.7442	1.6647	0.0003	2.0637	2.2463	0.0000	0.0003	0.0000	0.0004	0.0003	0.0000	-0.0272	1.9652	0.9718	3.8608	0.9404	0.0000	0.0000	0.0000	0.0000	0.0000	0.0000	0.0000	0.0000	0.0000	0.0363	0.0363	0.0000	0.0363	0.0363	0.0000	0.0000	0.0000	0.0000	0.0845	0.0768	0.0078	0.0488	0.0462	0.0026	0.0358	0.0306	0.0052	0.0488	0.0218	0.0270	0.0176	0.0162	0.0014	0.0312	0.0056	0.0256	0.0000	0.0000	0.0000	0.0000	0.0000	0.0000	0.0000	0.0000	0.0000	0.7442	1.6647	0.0003	2.0637	2.2463	0.0000	0.0003	0.0000	0.0004			
10	21	0.2478	7	0	1	1	0	0	0	0	0	N	N	N	N	N	N	N	N	N	N	N	N	0.4550	0.3778	0.1071	0.4893	0.4411	0.2724	0.4611	0.4122	0.0319	0.0005	0.0005	0.0001	0.0009	0.0010	0.0003	0.0002	0.0002	0.0000	0.0010	0.0013	0.0006	0.0019	0.0022	0.0010	0.0005	0.0006	0.0007	0.0133	0.3931	-0.0000	-0.0000	1.9652	0.9958	3.8608	0.0079	0.0001	0.0001	0.0000	0.0000	0.0000	0.0000	0.0000	0.0000	0.0000	0.0000	0.0000	0.0000	0.0000	0.0000	0.0000	0.0000	0.0000	0.0000	0.1436	0.1308	0.0127	0.0520	0.0495	0.0025	0.0916	0.0813	0.0102	0.0230	0.0126	0.0103	0.0092	0.0078	0.0014	0.0138	0.0048	0.0089	0.4550	0.3778	0.1071	0.4893	0.4411	0.8858	0.4611	20.7237	0.0319	0.0010	0.0013	0.0006	0.0019	0.0022	0.0003	0.0005	0.0000	0.0007
10	22	0.2043	7	0	1	1	0	0	0	0	0	N	N	N	N	N	N	N	N	N	N	N	N	0.0070	0.0038	4.3785	0.0054	0.0049	5.2364	0.4697	0.0056	0.1114	0.0014	0.0015	0.0000	0.0032	0.0034	0.0001	0.0000	0.0000	0.0000	0.1926	0.3846	0.0000	0.5963	0.6958	0.0000	0.0000	0.0005	0.0000	0.0013	0.0000	-0.0001	-0.0246	1.9652	4.0220	3.8608	5.3698	0.0007	0.0007	0.0000	0.0007	0.0007	0.0000	0.0000	0.0000	0.0000	0.0328	0.0328	0.0000	0.0328	0.0328	0.0000	0.0000	0.0000	0.0000	0.5080	0.4635	0.0445	0.2137	0.2012	0.0125	0.2942	0.2622	0.0320	0.1704	0.0853	0.0850	0.0550	0.0472	0.0079	0.1153	0.0382	0.0772	0.0070	0.0038	4.3785	0.0054	0.0049	5.2364	0.4697	0.2931	0.1114	0.1926	0.3846	0.0000	0.5963	0.6958	0.0000	0.0000	0.0000	0.0000
10	23	0.1508	5	1	1	1	0	0	0	0	0	N	N	N	N	N	N	N	N	N	N	N	N	0.0000	0.0000	0.0000	0.0000	0.0000	0.0000	0.0000	0.0000	0.0000	0.0000	0.0000	0.0000	0.0000	0.0000	0.0000	0.0000	0.0000	0.0000	0.0000	0.0000	1.9652	0.0000	3.8608	3.0000	0.0000	0.0000	0.0000	0.0000	0.0000	0.0000	0.0000	0.0000	0.0000	0.0000	0.0000	0.0000	0.0000	0.0000	0.0000	0.0000	0.0000	0.0000	0.0000	0.0000	0.0000	0.0000	0.0000	0.0000	0.0000	0.0000	0.0000	0.0470	0.0197	0.0273	0.0139	0.0117	0.0022	0.0331	0.0081	0.0251	0.0000	0.0000	0.0000	0.0000	0.0000	0.0000	0.0000	0.0000	0.0000	0.0000	0.0000	0.0000	0.0000	0.0000	0.0000	0.0000	0.0000	0.0000											
10	24	0.2710	9	0	1	1	0	0	0	0	0	N	N	N	N	N	N	N	N	N	N	N	N	0.0092	0.0064	0.0000	10.9934	9.0456	0.0000	0.0080	0.0047	0.0000	0.2597	0.3045	0.0000	0.1330	0.1400	0.0000	0.4310	0.5970	0.0000	28.2031	47.4406	0.0001	0.0121	0.0155	0.0000	53.8366	126.7457	0.0002	0.0000	0.0000	-0.0000	-0.6056	1.9652	0.0018	3.8608	0.9893	0.0002	0.0002	0.0000	0.0001	0.0001	0.0000	0.0001	0.0001	0.0000	0.8086	0.8086	0.0000	0.0002	0.0002	0.0000	0.8084	0.8084	0.0000	0.0007	0.0006	0.0001	0.0004	0.0004	0.0000	0.0003	0.0002	0.0001	0.0287	0.0170	0.0116	0.0137	0.0107	0.0030	0.0150	0.0064	0.0086	0.0092	0.0064	0.0000	10.9934	9.0456	0.0000	0.0080	0.0047	0.0000	28.2031	47.4406	0.0001	0.0121	0.0155	0.0000	53.8366	126.7457	0.0002
10	25	0.0803	3	1	1	1	0	0	0	0	0	N	N	N	N	N	N	N	N	N	N	N	N	0.0000	0.0000	0.0000	0.0000	0.0000	0.0000	0.0000	0.0000	0.0000	0.0000	0.0000	0.0000	0.0000	0.0000	0.0000	0.0000	0.0000	8.6385	0.0033	13.3298	0.0095	0.0078	1.6404	10.1503	0.0000	13.3641	7519.2580	0.0000	0.2453	1.9652	2.0666	3.8608	3.9999	0.0000	0.0000	0.0000	0.0000	0.0000	0.0000	0.0000	0.0000	0.0000	0.9776	0.0001	0.9775	0.0002	0.0001	0.0000	0.9775	0.0000	0.9775	0.2478	0.2140	0.0338	0.1285	0.1154	0.0131	0.1194	0.0986	0.0207	0.1132	0.0398	0.0733	0.0169	0.0167	0.0002	0.0963	0.0232	0.0731	0.0000	0.0000	0.0000	0.0000	0.0000	0.0000	0.0000	0.0000	0.0000	8.6385	0.0033	13.3298	0.0095	0.0078	0.1575	10.1503	0.0000	13.3641		
10	26	0.1508	5	0	1	1	0	0	0	0	0	N	N	N	N	N	N	N	N	N	N	N	N	0.0000	0.0000	0.0000	0.0000	0.0000	0.0000	0.0000	0.0000	0.0000	0.0000	0.0000	0.0000	0.0000	0.0014	0.0035	0.0000	0.0049	0.0059	0.0000	0.0000	0.0000	0.0000	0.0000	0.0000	-0.0001	1.9652	1.0000	3.8608	4.0000	0.0000	0.0000	0.0000	0.0000	0.0000	0.0000	0.0000	0.0000	0.0000	0.0001	0.0001	0.0000	0.0001	0.0001	0.0000	0.0000	0.0000	0.0000	0.0818	0.0745	0.0074	0.0521	0.0493	0.0028	0.0297	0.0251	0.0046	0.0759	0.0318	0.0440	0.0223	0.0186	0.0037	0.0536	0.0132	0.0404	0.0000	0.0000	0.0000	0.0000	0.0000	0.0000	0.0000	0.0000	0.0000	0.0014	0.0035	0.0000	0.0049	0.0059	0.0000	0.0000	0.0000	0.0000						
10	27	0.1508	5	0	1	1	0	0	0	0	0	N	N	N	N	N	N	N	N	N	N	N	N	0.0000	0.0000	0.0000	0.0000	0.0000	0.0000	0.0000	0.0000	0.0000	0.0000	0.0000	0.0000	0.0000	0.8230	1.9616	0.0000	2.7869	3.3179	0.0000	0.0000	0.0000	0.0000	0.0000	0.0000	-0.0290	1.9652	1.0000	3.8608	2.0000	0.0000	0.0000	0.0000	0.0000	0.0000	0.0000	0.0000	0.0000	0.0000	0.0387	0.0387	0.0000	0.0387	0.0387	0.0000	0.0000	0.0000	0.0000	0.0818	0.0745	0.0074	0.0521	0.0493	0.0028	0.0297	0.0251	0.0046	0.0470	0.0197	0.0273	0.0139	0.0117	0.0022	0.0331	0.0081	0.0251	0.0000	0.0000	0.0000	0.0000	0.0000	0.0000	0.0000	0.0000	0.0000	0.8230	1.9616	0.0000	2.7869	3.3179	0.0000	0.0000	0.0000	0.0000						
10	28	0.0803	3	0	1	2	1	0	0	0	0	N	N	Y	N	N	N	N	N	N	N	N	N	0.0001	0.0000	0.0006	0.0082	0.0000	0.0024	0.0001	0.0003	0.0009	0.0000	0.0078	0.0013	0.0000	0.0160	0.0005	0.0000	0.0034	8.3765	0.0660	12.9987	0.1627	0.1606	6.7867	9.8113	0.0000	13.0347	inf	354.0849	0.0003	0.4469	1.9652	3.9334	3.8608	8.9999	0.0004	0.0000	0.0004	0.0003	0.0000	0.0003	0.0001	0.0000	0.0001	1.8003	0.0051	1.7952	0.0052	0.0051	0.0001	1.7951	0.0000	1.7951	0.3928	0.3466	0.0461	0.1949	0.1786	0.0163	0.1979	0.1680	0.0298	0.2149	0.0768	0.1381	0.0320	0.0316	0.0004	0.1830	0.0452	0.1377	0.0001	0.0000	0.0006	0.0082	0.0000	0.0480	0.0001	0.0000	0.0003	8.3765	0.0660	12.9987	0.1627	0.1606	0.3329	9.8113	0.0000	13.0347	
10	29	0.1281	5	0	1	1	0	0	0	0	0	N	N	N	N	N	N	N	N	N	N	N	N	0.7805	0.0002	3.9856	0.0185	0.0002	0.1937	1.3957	inf	8.2517	0.0047	0.0000	0.0399	0.0000	0.0000	0.0002	0.0114	0.0000	0.0890	0.0061	0.0008	0.0100	0.0012	0.0013	0.0010	0.0081	0.0000	0.0108	30241.6959	17.6434	0.0032	0.0002	1.9652	7.9836	3.8608	2.1583	0.0040	0.0000	0.0040	0.0000	0.0000	0.0000	0.0040	0.0000	0.0040	0.0010	0.0001	0.0010	0.0001	0.0001	0.0000	0.0010	0.0000	0.0010	0.8482	0.7471	0.1010	0.4947	0.4389	0.0559	0.3535	0.3083	0.0452	0.1687	0.0716	0.0971	0.0497	0.0425	0.0072	0.1190	0.0291	0.0899	0.7805	0.0002	3.9856	0.0185	0.0002	0.6303	1.3957	inf	8.2517	0.0061	0.0008	0.0100	0.0012	0.0013	0.0003	0.0081	0.0000	0.0108
10	30	0.0803	3	1	1	1	0	0	0	0	0	N	N	N	N	N	N	N	N	N	N	N	N	0.4054	0.0000	498146.3019	0.0913	0.0000	3569.1542	inf	inf	0.0004	0.0000	0.0046	0.0007	0.0000	0.0106	0.0002	0.0000	0.0019	0.0011	0.0030	0.0000	0.0075	0.0076	0.0000	0.0000	0.0000	0.0000	inf	0.0000	0.0003	-0.0003	1.9652	9.9334	3.8608	11.0001	0.0004	0.0000	0.0004	0.0003	0.0000	0.0003	0.0001	0.0000	0.0001	0.0003	0.0003	0.0000	0.0003	0.0003	0.0000	0.0000	0.0000	0.0000	0.8025	0.7239	0.0785	0.3814	0.3568	0.0245	0.4211	0.3671	0.0540	0.3073	0.1117	0.1956	0.0455	0.0449	0.0006	0.2617	0.0668	0.1950	0.4054	0.0000	498146.3019	0.0913	0.0000	3569.1542	inf	0.0000	inf	0.0011	0.0030	0.0000	0.0075	0.0076	0.0000	0.0000	0.0000	0.0000	
10	31	0.0803	3	0	0	2	0	0	0	0	0	N	N	Y	N	N	N	N	N	N	N	N	N	0.0000	0.0000	0.0000	0.0000	0.0000	0.0000	0.0000	0.0000	0.0000	0.0000	0.0000	0.0000	0.0000	0.0000	0.0000	7.0311	19.8900	0.0000	1.4022	1.4185	0.0000	8.0165	33.0792	0.0000	0.0000	0.0000	-0.7545	1.9652	2.9334	3.8608	4.9999	0.0000	0.0000	0.0000	0.0000	0.0000	0.0000	0.0000	0.0000	0.0000	1.0074	1.0074	0.0000	0.0299	0.0299	0.0000	0.9775	0.9775	0.0000	0.3163	0.2766	0.0397	0.1598	0.1452	0.0146	0.1564	0.1313	0.0251	0.1433	0.0506	0.0926	0.0213	0.0211	0.0002	0.1219	0.0295	0.0924	0.0000	0.0000	0.0000	0.0000	0.0000	0.0000	0.0000	0.0000	0.0000	7.0311	19.8900	0.0000	1.4022	1.4185	0.0000	8.0165	33.0792	0.0000				
10	32	0.0803	3	0	1	1	0	0	0	0	0	N	N	N	N	N	N	N	N	N	N	N	N	0.0058	0.0598	0.0008	0.0333	0.0353	0.0108	0.0027	inf	0.0003	0.0457	0.0509	0.0089	0.0671	0.0721	0.0175	0.0239	0.0277	0.0039	7.8462	0.8520	11.6591	2.0186	2.0404	1.6256	8.8668	0.0000	11.6895	0.0247	25.1025	-0.0026	0.2162	1.9652	3.0666	3.8608	3.9999	0.0149	0.0146	0.0004	0.0110	0.0108	0.0003	0.0039	0.0038	0.0001	1.0164	0.0389	0.9775	0.0390	0.0389	0.0000	0.9775	0.0000	0.9775	0.3266	0.2860	0.0406	0.1646	0.1497	0.0148	0.1620	0.1363	0.0257	0.1295	0.0457	0.0838	0.0193	0.0191	0.0002	0.1102	0.0266	0.0836	0.0058	0.0598	0.0008	0.0333	0.0353	0.1289	0.0027	inf	0.0003	7.8462	0.8520	11.6591	2.0186	2.0404	0.1360	8.8668	0.0000	11.6895
10	33	0.1687	6	1	0	2	0	0	0	0	0	N	N	Y	N	N	N	N	N	N	N	N	N	0.0000	0.0000	0.0000	0.0000	0.0000	0.0000	0.0000	0.0000	0.0000	0.0000	0.0000	0.0000	0.0000	0.0000	0.0000	0.0000	0.0000	0.0000	18.2536	0.0009	30.9915	0.0037	0.0016	0.2896	24.5372	0.0000	32.2044	48555.7691	0.0000	0.2433	1.9652	0.9991	3.8608	2.0219	0.0000	0.0000	0.0000	0.0000	0.0000	0.0000	0.0000	0.0000	0.0000	0.9693	0.0000	0.9693	0.0000	0.0000	0.0000	0.9692	0.0000	0.9692	0.0818	0.0744	0.0074	0.0521	0.0494	0.0028	0.0297	0.0251	0.0046	0.0531	0.0218	0.0313	0.0136	0.0124	0.0012	0.0395	0.0094	0.0301	0.0000	0.0000	0.0000	0.0000	0.0000	0.0000	0.0000	0.0000	0.0000	18.2536	0.0009	30.9915	0.0037	0.0016	0.0254	24.5372	0.0000	32.2044	
10	34	0.0803	3	0	1	1	0	0	0	0	0	N	N	N	N	N	N	N	N	N	N	N	N	0.0001	0.0000	0.0008	0.2935	0.0000	0.0121	0.0001	0.0003	0.0008	0.0000	0.0069	0.0011	0.0000	0.0146	0.0004	0.0000	0.0029	5.6369	0.0011	8.7397	0.0039	0.0027	1.2064	6.6222	0.0000	8.7633	inf	13964.1429	0.0003	0.2454	1.9652	4.9334	3.8608	5.0001	0.0004	0.0000	0.0004	0.0003	0.0000	0.0003	0.0001	0.0000	0.0001	0.9776	0.0001	0.9775	0.0001	0.0001	0.0000	0.9775	0.0000	0.9775	0.4667	0.4145	0.0522	0.2287	0.2109	0.0179	0.2380	0.2037	0.0344	0.1734	0.0616	0.1118	0.0258	0.0255	0.0003	0.1476	0.0361	0.1115	0.0001	0.0000	0.0008	0.2935	0.0000	0.1480	0.0001	0.0000	0.0003	5.6369	0.0011	8.7397	0.0039	0.0027	0.0984	6.6222	0.0000	8.7633	
10	35	0.1687	6	1	0	2	0	0	0	0	0	N	N	Y	N	N	N	N	N	N	N	N	N	0.0000	0.0000	0.0000	0.0000	0.0000	0.0000	0.0000	0.0000	0.0000	0.0000	0.0000	0.0000	0.0000	0.0000	0.0000	0.0000	0.0000	0.2250	0.5378	0.0005	0.8512	0.9261	0.0009	0.0004	0.0000	0.0005	0.0013	0.0000	-0.0062	1.9652	0.0009	3.8608	1.9867	0.0000	0.0000	0.0000	0.0000	0.0000	0.0000	0.0000	0.0000	0.0000	0.0082	0.0082	0.0000	0.0082	0.0082	0.0000	0.0000	0.0000	0.0000	0.0001	0.0001	0.0000	0.0001	0.0001	0.0000	0.0000	0.0000	0.0000	0.0366	0.0153	0.0213	0.0097	0.0089	0.0008	0.0269	0.0064	0.0205	0.0000	0.0000	0.0000	0.0000	0.0000	0.0000	0.0000	0.0000	0.0000	0.2250	0.5378	0.0005	0.8512	0.9261	0.0003	0.0004	0.0000	0.0005		
10	36	0.1508	5	1	0	2	0	0	0	0	0	N	N	Y	N	N	N	N	N	N	N	N	N	0.0000	0.0000	0.0000	0.0000	0.0000	0.0000	0.0000	0.0000	0.0000	0.0000	0.0000	0.0000	0.0000	0.0000	0.0000	0.0000	0.0000	0.1743	0.0005	0.2999	0.0050	0.0009	0.2960	0.2452	0.0000	0.3241	781.5628	0.0000	0.0021	1.9652	1.0009	3.8608	2.0357	0.0000	0.0000	0.0000	0.0000	0.0000	0.0000	0.0000	0.0000	0.0000	0.0083	0.0000	0.0083	0.0001	0.0000	0.0001	0.0082	0.0000	0.0082	0.0819	0.0745	0.0074	0.0522	0.0494	0.0028	0.0298	0.0251	0.0046	0.0476	0.0200	0.0276	0.0140	0.0118	0.0022	0.0335	0.0082	0.0254	0.0000	0.0000	0.0000	0.0000	0.0000	0.0000	0.0000	0.0000	0.0000	0.1743	0.0005	0.2999	0.0050	0.0009	0.0267	0.2452	0.0000	0.3241		
10	37	0.1508	5	1	0	2	0	0	0	0	0	N	N	Y	N	N	N	N	N	N	N	N	N	0.0000	0.0000	0.0000	0.0000	0.0000	0.0000	0.0000	0.0000	0.0000	0.0000	0.0000	0.0000	0.0000	0.0000	0.0000	0.0000	0.0000	16.4720	1.4955	27.2974	2.1327	2.5433	0.1061	22.4559	0.0000	29.7418	25.2516	0.0000	0.2164	1.9652	1.0000	3.8608	3.0000	0.0000	0.0000	0.0000	0.0000	0.0000	0.0000	0.0000	0.0000	0.0000	1.0162	0.0387	0.9775	0.0387	0.0387	0.0000	0.9775	0.0000	0.9775	0.0818	0.0745	0.0074	0.0521	0.0493	0.0028	0.0297	0.0251	0.0046	0.0617	0.0259	0.0358	0.0182	0.0152	0.0029	0.0435	0.0107	0.0329	0.0000	0.0000	0.0000	0.0000	0.0000	0.0000	0.0000	0.0000	0.0000	16.4720	1.4955	27.2974	2.1327	2.5433	0.0102	22.4559	0.0000	29.7418		
10	38	0.0803	3	0	0	2	0	0	0	0	0	N	N	Y	N	N	N	N	N	N	N	N	N	0.4989	0.0000	inf	0.1066	0.0000	inf	inf	inf	0.0011	0.0000	0.0089	0.0016	0.0000	0.0175	0.0006	0.0000	0.0039	0.0022	0.0063	0.0000	0.0148	0.0150	0.0000	0.0000	0.0000	0.0000	inf	0.0000	0.0003	-0.0002	1.9652	3.0666	3.8608	2.9999	0.0004	0.0000	0.0004	0.0003	0.0000	0.0003	0.0001	0.0000	0.0001	0.0002	0.0002	0.0000	0.0002	0.0002	0.0000	0.0000	0.0000	0.0000	0.3266	0.2860	0.0406	0.1646	0.1497	0.0148	0.1620	0.1363	0.0257	0.1132	0.0398	0.0733	0.0169	0.0167	0.0002	0.0963	0.0232	0.0731	0.4989	0.0000	inf	0.1066	0.0000	inf	inf	0.0000	inf	0.0022	0.0063	0.0000	0.0148	0.0150	0.0000	0.0000	0.0000	0.0000	
10	39	0.0803	3	0	1	1	0	0	0	0	0	N	N	N	N	N	N	N	N	N	N	N	N	0.0000	0.0000	0.0000	0.0000	0.0000	0.0000	0.0000	0.0000	0.0000	0.0000	0.0000	0.0000	0.0000	0.0000	0.0000	0.3489	0.9914	0.0000	2.3404	2.3671	0.0000	0.0000	0.0000	0.0000	0.0000	0.0000	-0.0290	1.9652	3.9334	3.8608	2.0001	0.0000	0.0000	0.0000	0.0000	0.0000	0.0000	0.0000	0.0000	0.0000	0.0387	0.0387	0.0000	0.0387	0.0387	0.0000	0.0000	0.0000	0.0000	0.3928	0.3466	0.0461	0.1949	0.1786	0.0163	0.1979	0.1680	0.0298	0.1109	0.0390	0.0719	0.0165	0.0164	0.0002	0.0944	0.0227	0.0717	0.0000	0.0000	0.0000	0.0000	0.0000	0.0000	0.0000	0.0000	0.0000	0.3489	0.9914	0.0000	2.3404	2.3671	0.0000	0.0000	0.0000	0.0000				
10	40	0.1846	8	1	1	2	0	0	0	0	0	N	N	Y	N	N	N	N	N	N	N	N	N	0.0000	0.0000	0.0000	0.0000	0.0000	0.0000	0.0000	0.0000	0.0000	0.0000	0.0000	0.0000	0.0000	0.0000	0.0000	0.0000	0.0000	0.0000	0.0000	0.0000	1.9652	0.0000	3.8608	0.0000	0.0000	0.0000	0.0000	0.0000	0.0000	0.0000	0.0000	0.0000	0.0000	0.0000	0.0000	0.0000	0.0000	0.0000	0.0000	0.0000	0.0000	0.0000	0.0000	0.0000	0.0000	0.0000	0.0000	0.0000	0.0000	0.0000	0.0000	0.0000	0.0000	0.0000	0.0000	0.0000	0.0000	0.0000	0.0000	0.0000	0.0000	0.0000	0.0000	0.0000	0.0000	0.0000	0.0000	0.0000	0.0000	0.0000	0.0000	0.0000	0.0000	0.0000	0.0000	0.0000	0.0000	0.0000											
10	41	0.1846	7	1	1	2	0	0	0	0	0	N	N	Y	N	N	N	N	N	N	N	N	N	0.0000	0.0000	0.0000	0.0000	0.0000	0.0000	0.0000	0.0000	0.0000	0.0000	0.0000	0.0000	0.0000	0.7723	1.8613	0.0000	2.6980	3.1936	0.0000	0.0000	0.0000	0.0000	0.0000	0.0000	-0.0290	1.9652	1.0000	3.8608	1.9999	0.0000	0.0000	0.0000	0.0000	0.0000	0.0000	0.0000	0.0000	0.0000	0.0387	0.0387	0.0000	0.0387	0.0387	0.0000	0.0000	0.0000	0.0000	0.0864	0.0785	0.0080	0.0499	0.0472	0.0027	0.0365	0.0312	0.0053	0.0501	0.0208	0.0293	0.0143	0.0121	0.0022	0.0358	0.0087	0.0271	0.0000	0.0000	0.0000	0.0000	0.0000	0.0000	0.0000	0.0000	0.0000	0.7723	1.8613	0.0000	2.6980	3.1936	0.0000	0.0000	0.0000	0.0000						
10	42	0.2216	6	1	1	1	0	0	0	0	0	N	N	N	N	N	N	N	N	N	N	N	N	0.0001	0.0000	0.8163	0.0000	0.0000	0.0258	0.1402	1.1720	0.0000	0.0000	0.0003	0.0001	0.0000	0.0002	0.0000	0.0000	0.0003	0.6074	1.3328	0.0003	1.8926	2.0362	0.0096	0.0002	0.0000	0.0003	1.2632	0.0003	0.0000	-0.0273	1.9652	0.0007	3.8608	2.0242	0.0000	0.0000	0.0000	0.0000	0.0000	0.0000	0.0000	0.0000	0.0000	0.0364	0.0364	0.0000	0.0364	0.0364	0.0000	0.0000	0.0000	0.0000	0.0003	0.0002	0.0000	0.0002	0.0002	0.0000	0.0001	0.0001	0.0000	0.0600	0.0273	0.0327	0.0193	0.0179	0.0014	0.0407	0.0094	0.0313	0.0001	0.0000	0.8163	0.0000	0.0000	0.1501	0.1402	0.0000	1.1720	0.6074	1.3328	0.0003	1.8926	2.0362	0.0017	0.0002	0.0000	0.0003	
10	43	0.1247	4	0	1	1	1	0	0	0	0	N	N	N	N	N	N	N	N	N	N	N	N	0.0000	0.0000	0.0000	0.0000	0.0000	0.0000	0.0000	0.0000	0.0000	0.0000	0.0000	0.0000	0.0000	0.0000	0.0000	0.0000	0.0000	0.0000	0.0000	0.0000	1.9652	0.0000	3.8608	0.0000	0.0000	0.0000	0.0000	0.0000	0.0000	0.0000	0.0000	0.0000	0.0000	0.0000	0.0000	0.0000	0.0000	0.0000	0.0000	0.0000	0.0000	0.0000	0.0000	0.0000	0.0000	0.0000	0.0000	0.0000	0.0000	0.0000	0.0000	0.0000	0.0000	0.0000	0.0000	0.0000	0.0000	0.0000	0.0000	0.0000	0.0000	0.0000	0.0000	0.0000	0.0000	0.0000	0.0000	0.0000	0.0000	0.0000	0.0000	0.0000	0.0000	0.0000	0.0000	0.0000	0.0000	0.0000											
10	44	0.1247	4	0	0	1	1	0	0	0	0	N	N	N	N	N	N	N	N	N	N	N	N	0.0000	0.0000	0.0000	0.0000	0.0000	0.0000	0.0000	0.0000	0.0000	0.0000	0.0000	0.0000	0.0000	0.0000	0.0000	0.0000	0.0000	0.0000	0.0000	0.0000	1.9652	0.0000	3.8608	0.0000	0.0000	0.0000	0.0000	0.0000	0.0000	0.0000	0.0000	0.0000	0.0000	0.0000	0.0000	0.0000	0.0000	0.0000	0.0000	0.0000	0.0000	0.0000	0.0000	0.0000	0.0000	0.0000	0.0000	0.0000	0.0000	0.0000	0.0000	0.0000	0.0000	0.0000	0.0000	0.0000	0.0000	0.0000	0.0000	0.0000	0.0000	0.0000	0.0000	0.0000	0.0000	0.0000	0.0000	0.0000	0.0000	0.0000	0.0000	0.0000	0.0000	0.0000	0.0000	0.0000	0.0000	0.0000											
10	45	0.0803	3	0	0	1	1	0	0	0	0	N	N	N	N	N	N	N	N	N	N	N	N	0.0000	0.0000	0.0000	0.0000	0.0000	0.0000	0.0000	0.0000	0.0000	0.0000	0.0000	0.0000	0.0000	0.0000	0.0000	0.0000	0.0000	7.8446	0.8474	11.6591	2.0077	2.0294	1.6256	8.8668	0.0000	11.6895	25.2386	0.0000	0.2164	1.9652	3.0666	3.8608	3.9999	0.0000	0.0000	0.0000	0.0000	0.0000	0.0000	0.0000	0.0000	0.0000	1.0162	0.0387	0.9775	0.0388	0.0387	0.0000	0.9775	0.0000	0.9775	0.3266	0.2860	0.0406	0.1646	0.1497	0.0148	0.1620	0.1363	0.0257	0.1295	0.0457	0.0838	0.0193	0.0191	0.0002	0.1102	0.0266	0.0836	0.0000	0.0000	0.0000	0.0000	0.0000	0.0000	0.0000	0.0000	0.0000	7.8446	0.8474	11.6591	2.0077	2.0294	0.1360	8.8668	0.0000	11.6895		
10	46	0.1508	5	1	0	2	0	0	0	0	0	N	N	Y	N	N	N	N	N	N	N	N	N	0.0000	0.0000	0.0000	0.0000	0.0000	0.0000	0.0000	0.0000	0.0000	0.0000	0.0000	0.0000	0.0000	1.2144	2.8939	0.0000	4.0994	4.8687	0.0000	0.0000	0.0000	0.0000	0.0000	0.0000	-0.0290	1.9652	0.0000	3.8608	2.0000	0.0000	0.0000	0.0000	0.0000	0.0000	0.0000	0.0000	0.0000	0.0000	0.0387	0.0387	0.0000	0.0387	0.0387	0.0000	0.0000	0.0000	0.0000	0.0000	0.0000	0.0000	0.0000	0.0000	0.0000	0.0000	0.0000	0.0000	0.0319	0.0134	0.0185	0.0094	0.0080	0.0015	0.0224	0.0054	0.0170	0.0000	0.0000	0.0000	0.0000	0.0000	0.0000	0.0000	0.0000	0.0000	1.2144	2.8939	0.0000	4.0994	4.8687	0.0000	0.0000	0.0000	0.0000						
10	47	0.1657	6	1	1	1	0	0	0	0	0	N	N	N	N	N	N	N	N	N	N	N	N	0.0000	0.0000	0.0000	0.0000	0.0000	0.0000	0.0000	0.0000	0.0000	0.0000	0.0000	0.0000	0.0000	0.0000	0.0000	0.0000	0.0000	0.0088	0.0191	0.0000	0.0278	0.0334	0.0000	0.0000	0.0000	0.0000	0.0000	0.0000	-0.0000	-0.0003	1.9652	0.9991	3.8608	2.0273	0.0000	0.0000	0.0000	0.0000	0.0000	0.0000	0.0000	0.0000	0.0000	0.0004	0.0004	0.0000	0.0004	0.0004	0.0000	0.0000	0.0000	0.0000	0.0778	0.0691	0.0087	0.0384	0.0352	0.0032	0.0394	0.0339	0.0055	0.0451	0.0209	0.0242	0.0143	0.0119	0.0024	0.0308	0.0089	0.0218	0.0000	0.0000	0.0000	0.0000	0.0000	0.0000	0.0000	0.0000	0.0000	0.0088	0.0191	0.0000	0.0278	0.0334	0.0000	0.0000	0.0000	0.0000	
10	48	0.1281	5	1	1	1	0	0	0	0	0	N	N	N	N	N	N	N	N	N	N	N	N	0.0010	0.0005	0.0001	0.0005	0.0005	0.0008	0.0065	0.0036	0.0001	0.0003	0.0003	0.0000	0.0005	0.0005	0.0000	0.0000	0.0000	0.0000	0.3036	0.7020	0.0005	0.9666	1.0967	0.0001	0.0005	0.0010	0.0006	0.0000	0.0010	-0.0000	-0.0282	1.9652	3.1828	3.8608	3.1571	0.0002	0.0002	0.0000	0.0002	0.0002	0.0000	0.0000	0.0000	0.0000	0.0377	0.0377	0.0000	0.0377	0.0377	0.0000	0.0000	0.0000	0.0000	0.5670	0.4921	0.0748	0.3751	0.3260	0.0490	0.1919	0.1661	0.0258	0.1243	0.0537	0.0706	0.0390	0.0344	0.0046	0.0853	0.0193	0.0659	0.0010	0.0005	0.0001	0.0005	0.0005	0.0008	0.0065	0.1606	0.0001	0.3036	0.7020	0.0005	0.9666	1.0967	0.0001	0.0005	0.0000	0.0006
10	49	0.1239	4	0	1	1	0	0	0	0	0	N	N	N	N	N	N	N	N	N	N	N	N	0.0000	0.0000	0.0000	0.0000	0.0000	0.0994	0.0000	9.0575	0.0001	0.0001	0.0001	0.0001	0.0001	0.0001	0.0001	0.0000	0.0000	0.0001	2.6659	2.8684	2.4916	3.4637	3.6788	0.0006	2.1705	0.0000	2.5999	0.1927	1.0093	-0.0000	-0.0437	1.9652	0.8922	3.8608	1.0748	0.0000	0.0000	0.0000	0.0000	0.0000	0.0000	0.0000	0.0000	0.0000	0.1773	0.0883	0.0891	0.0883	0.0883	0.0000	0.0891	0.0000	0.0891	0.4218	0.3594	0.0624	0.3216	0.2738	0.0478	0.1001	0.0855	0.0146	0.0665	0.0308	0.0358	0.0255	0.0240	0.0015	0.0410	0.0068	0.0343	0.0000	0.0000	0.0000	0.0000	0.0000	0.2380	0.0000	9.0575	0.0001	2.6659	2.8684	2.4916	3.4637	3.6788	0.0002	2.1705	0.0000	2.5999
10	50	0.1508	5	0	1	1	0	0	0	0	0	N	N	N	N	N	N	N	N	N	N	N	N	0.0000	0.0000	0.0000	0.0000	0.0000	0.0000	0.0000	0.0000	0.0000	0.0000	0.0000	0.0000	0.0000	0.0000	0.0000	0.0000	0.0000	0.0000	0.0000	0.0000	1.9652	0.0000	3.8608	0.0000	0.0000	0.0000	0.0000	0.0000	0.0000	0.0000	0.0000	0.0000	0.0000	0.0000	0.0000	0.0000	0.0000	0.0000	0.0000	0.0000	0.0000	0.0000	0.0000	0.0000	0.0000	0.0000	0.0000	0.0000	0.0000	0.0000	0.0000	0.0000	0.0000	0.0000	0.0000	0.0000	0.0000	0.0000	0.0000	0.0000	0.0000	0.0000	0.0000	0.0000	0.0000	0.0000	0.0000	0.0000	0.0000	0.0000	0.0000	0.0000	0.0000	0.0000	0.0000	0.0000	0.0000	0.0000											
10	51	0.1508	5	1	1	1	0	0	0	0	0	N	N	N	N	N	N	N	N	N	N	N	N	0.0000	0.0000	0.0000	0.0000	0.0000	0.0000	0.0000	0.0000	0.0000	0.0000	0.0000	0.0000	0.0000	0.0000	0.0000	0.0000	0.0000	15.8481	0.0085	27.2974	0.0138	0.0145	0.1061	22.4559	0.0000	29.7418	4443.1364	0.0000	0.2452	1.9652	1.0000	3.8608	3.0000	0.0000	0.0000	0.0000	0.0000	0.0000	0.0000	0.0000	0.0000	0.0000	0.9777	0.0002	0.9775	0.0002	0.0002	0.0000	0.9775	0.0000	0.9775	0.0818	0.0745	0.0074	0.0521	0.0493	0.0028	0.0297	0.0251	0.0046	0.0617	0.0259	0.0358	0.0182	0.0152	0.0029	0.0435	0.0107	0.0329	0.0000	0.0000	0.0000	0.0000	0.0000	0.0000	0.0000	0.0000	0.0000	15.8481	0.0085	27.2974	0.0138	0.0145	0.0102	22.4559	0.0000	29.7418		
10	52	0.1369	4	0	0	1	0	0	0	0	0	N	N	N	N	N	N	N	N	N	N	N	N	0.0264	2.2526	0.0005	0.3329	0.3419	0.0128	0.0270	55.1925	0.0002	0.0121	0.0132	0.0004	0.0032	0.0033	0.0013	0.0181	0.0203	0.0001	0.4600	0.0059	0.8606	0.0097	0.0097	0.1038	0.6708	0.0004	0.9216	0.0027	166.5773	-0.0009	0.0112	1.9652	3.0179	3.8608	1.1627	0.0044	0.0044	0.0000	0.0005	0.0005	0.0000	0.0039	0.0039	0.0000	0.0457	0.0003	0.0454	0.0003	0.0003	0.0000	0.0454	0.0000	0.0454	0.3605	0.3310	0.0295	0.1448	0.1386	0.0062	0.2157	0.1924	0.0233	0.0994	0.0466	0.0528	0.0317	0.0282	0.0035	0.0677	0.0184	0.0493	0.0264	2.2526	0.0005	0.3329	0.3419	0.1362	0.0270	2385.5784	0.0002	0.4600	0.0059	0.8606	0.0097	0.0097	0.0098	0.6708	0.0000	0.9216
10	53	0.1508	5	1	1	2	0	0	0	0	0	N	N	Y	N	N	N	N	N	N	N	N	N	inf	inf	inf	inf	3.2145	0.0000	35.8762	0.0000	0.0000	0.0000	8.6982	0.0000	58.1536	0.0000	0.0000	0.0000	0.0000	0.0000	0.0000	0.0000	0.0000	0.0000	inf	0.8017	0.0000	1.9652	4.0000	3.8608	1.0000	0.9994	0.0000	0.9994	0.0000	0.0000	0.0000	0.9994	0.0000	0.9994	0.0000	0.0000	0.0000	0.0000	0.0000	0.0000	0.0000	0.0000	0.0000	0.3109	0.2830	0.0279	0.1960	0.1853	0.0107	0.1149	0.0977	0.0172	0.0759	0.0318	0.0440	0.0223	0.0186	0.0037	0.0536	0.0132	0.0404	inf	0.0000	inf	0.0000	0.0000	0.0000	inf	0.0000	inf	0.0000	0.0000	0.0000	0.0000	0.0000	0.0000	0.0000	0.0000	0.0000						
10	54	0.1369	4	0	1	1	0	0	0	0	0	N	N	N	N	N	N	N	N	N	N	N	N	0.0008	0.0123	0.0021	0.0256	0.0166	0.1983	0.0001	0.0018	0.0007	0.0001	0.0001	0.0006	0.0003	0.0002	0.0021	0.0000	0.0000	0.0002	0.1581	0.0075	0.2843	0.0116	0.0131	0.0105	0.2213	0.0002	0.3068	0.5822	45.0028	0.0000	0.0065	1.9652	2.0683	3.8608	6.9961	0.0000	0.0000	0.0000	0.0000	0.0000	0.0000	0.0000	0.0000	0.0000	0.0284	0.0006	0.0278	0.0006	0.0006	0.0000	0.0278	0.0000	0.0278	0.2591	0.2378	0.0212	0.1049	0.1004	0.0045	0.1542	0.1374	0.0168	0.1799	0.0821	0.0979	0.0543	0.0471	0.0072	0.1257	0.0350	0.0907	0.0008	0.0123	0.0021	0.0256	0.0166	1.0796	0.0001	0.0704	0.0007	0.1581	0.0075	0.2843	0.0116	0.0131	0.0019	0.2213	0.0000	0.3068
10	55	0.0803	3	0	0	1	0	0	0	0	0	N	N	N	N	N	N	N	N	N	N	N	N	0.0002	0.0104	0.0011	0.0833	0.0008	2.0662	0.0002	0.0107	0.0007	0.0012	0.0001	0.0095	0.0013	0.0000	0.0155	0.0011	0.0001	0.0063	5.6985	0.0069	8.8221	0.0157	0.0159	0.0075	6.6929	0.0125	8.8460	17.7034	2336.2111	0.0003	0.2281	1.9652	3.9265	3.8608	5.0808	0.0005	0.0000	0.0004	0.0003	0.0000	0.0003	0.0002	0.0000	0.0002	0.9102	0.0004	0.9098	0.0004	0.0004	0.0000	0.9098	0.0000	0.9098	0.3923	0.3462	0.0461	0.1946	0.1784	0.0163	0.1976	0.1678	0.0298	0.1597	0.0566	0.1031	0.0238	0.0235	0.0003	0.1359	0.0331	0.1028	0.0002	0.0104	0.0011	0.0833	0.0008	12.3248	0.0002	0.2668	0.0007	5.6985	0.0069	8.8221	0.0157	0.0159	0.0013	6.6929	0.0005	8.8460
10	56	0.1508	5	1	0	2	0	0	0	0	0	N	N	Y	N	N	N	N	N	N	N	N	N	0.0000	0.0000	0.0000	0.0000	0.0000	0.0000	0.0000	0.0000	0.0000	0.0000	0.0000	0.0000	0.0000	0.0011	0.0027	0.0000	0.0039	0.0047	0.0000	0.0000	0.0000	0.0000	0.0000	0.0000	-0.0001	1.9652	4.0000	3.8608	7.0000	0.0000	0.0000	0.0000	0.0000	0.0000	0.0000	0.0000	0.0000	0.0000	0.0002	0.0002	0.0000	0.0002	0.0002	0.0000	0.0000	0.0000	0.0000	0.3109	0.2830	0.0279	0.1960	0.1853	0.0107	0.1149	0.0977	0.0172	0.1518	0.0637	0.0881	0.0438	0.0361	0.0077	0.1080	0.0276	0.0804	0.0000	0.0000	0.0000	0.0000	0.0000	0.0000	0.0000	0.0000	0.0000	0.0011	0.0027	0.0000	0.0039	0.0047	0.0000	0.0000	0.0000	0.0000						
10	57	0.2154	8	0	1	1	0	0	0	0	0	N	N	N	N	N	N	N	N	N	N	N	N	0.8299	0.4984	0.0417	0.4975	0.4404	0.0170	3.5821	58.1301	0.0107	0.0133	0.0145	0.0001	0.0234	0.0248	0.0003	0.0058	0.0065	0.0000	0.0160	0.0291	0.0026	0.0470	0.0563	0.0178	0.0016	0.0001	0.0025	0.0007	0.0852	-0.0027	-0.0027	1.9652	9.7645	3.8608	7.4558	0.0137	0.0137	0.0000	0.0103	0.0103	0.0000	0.0034	0.0034	0.0000	0.0040	0.0037	0.0003	0.0038	0.0037	0.0000	0.0003	0.0000	0.0003	1.0329	0.9456	0.0873	0.4406	0.4154	0.0252	0.5924	0.5302	0.0621	0.2518	0.1276	0.1241	0.0799	0.0660	0.0139	0.1719	0.0616	0.1103	0.8299	0.4984	0.0417	0.4975	0.4404	0.1073	3.5821	2227.9283	0.0107	0.0160	0.0291	0.0026	0.0470	0.0563	0.0028	0.0016	0.0000	0.0025
10	58	0.2710	9	0	0	2	0	0	0	0	0	N	N	Y	N	N	N	N	N	N	N	N	N	0.0031	0.0020	0.0009	0.0011	0.0009	0.0000	5.6482	0.2354	0.0000	0.0010	0.0011	0.0000	0.0007	0.0007	0.0000	0.0012	0.0013	0.0000	0.3165	0.5331	0.0001	0.6666	0.8523	0.0000	0.0002	0.0055	0.0002	0.0000	0.0002	-0.0000	-0.0069	1.9652	1.0009	3.8608	0.0163	0.0002	0.0002	0.0000	0.0001	0.0001	0.0000	0.0001	0.0001	0.0000	0.0093	0.0092	0.0000	0.0092	0.0092	0.0000	0.0000	0.0000	0.0000	0.1822	0.1682	0.0140	0.0741	0.0707	0.0034	0.1081	0.0975	0.0106	0.0292	0.0174	0.0119	0.0139	0.0109	0.0030	0.0154	0.0065	0.0089	0.0031	0.0020	0.0009	0.0011	0.0009	0.0000	5.6482	5.5342	0.0000	0.3165	0.5331	0.0001	0.6666	0.8523	0.0000	0.0002	0.0002	0.0002
10	59	0.2556	8	0	0	1	0	0	0	0	0	N	N	N	N	N	N	N	N	N	N	N	N	16.3099	9.9264	0.0000	592.6964	540.3545	0.0001	10.9479	2.4674	0.0000	3.4009	3.7362	0.0000	2.7583	2.8977	0.0000	3.7654	4.2467	0.0000	0.2085	0.3764	0.0042	0.0047	0.0054	0.0038	0.3439	1.7211	0.0047	0.0000	0.0091	-0.1868	-0.0069	1.9652	1.9961	3.8608	0.0521	0.9445	0.9445	0.0000	0.2772	0.2772	0.0000	0.6673	0.6673	0.0000	0.0093	0.0092	0.0001	0.0001	0.0001	0.0000	0.0092	0.0092	0.0001	0.2777	0.2528	0.0249	0.1005	0.0957	0.0048	0.1772	0.1571	0.0201	0.0447	0.0246	0.0202	0.0179	0.0151	0.0028	0.0269	0.0095	0.0174	16.3099	9.9264	0.0000	592.6964	540.3545	0.0006	10.9479	4.4009	0.0000	0.2085	0.3764	0.0042	0.0047	0.0054	0.0008	0.3439	0.9649	0.0047
10	60	0.2478	7	0	0	1	0	0	0	0	0	N	N	N	N	N	N	N	N	N	N	N	N	263.9082	192.8826	3.8229	396.1438	358.6772	25.3678	227.7002	3.3948	1.0780	1.1499	1.2667	0.0063	0.9074	0.9467	0.0259	1.3065	1.4929	0.0020	0.0044	0.0066	0.0017	0.0023	0.0026	0.0010	0.0057	0.4398	0.0019	0.0005	0.2057	-0.0003	-0.0001	1.9652	0.0081	3.8608	1.0507	0.0017	0.0017	0.0000	0.0005	0.0005	0.0000	0.0012	0.0012	0.0000	0.0001	0.0001	0.0000	0.0000	0.0000	0.0000	0.0001	0.0001	0.0000	0.0015	0.0014	0.0001	0.0006	0.0006	0.0000	0.0009	0.0008	0.0001	0.0241	0.0133	0.0109	0.0097	0.0082	0.0015	0.0145	0.0051	0.0094	263.9082	192.8826	3.8229	396.1438	358.6772	80.2362	227.7002	115.4517	1.0780	0.0044	0.0066	0.0017	0.0023	0.0026	0.0003	0.0057	0.0129	0.0019
10	61	0.1991	6	0	0	1	0	0	0	0	0	N	N	N	N	N	N	N	N	N	N	N	N	1.2682	0.0081	140.0470	0.7594	0.0058	58.3046	8.4359	1.4706	52.6266	0.0356	0.0004	0.3864	0.0614	0.0005	0.9043	0.0163	0.0004	0.1464	0.0281	0.0538	0.0028	0.0809	0.0919	0.0155	0.0019	0.0002	0.0028	88.7314	0.0521	0.0114	-0.0026	1.9652	3.0167	3.8608	3.2580	0.0144	0.0002	0.0143	0.0107	0.0001	0.0106	0.0038	0.0001	0.0037	0.0037	0.0035	0.0002	0.0035	0.0035	0.0000	0.0002	0.0000	0.0002	0.4054	0.3685	0.0369	0.1737	0.1620	0.0117	0.2317	0.2065	0.0252	0.1318	0.0653	0.0664	0.0436	0.0383	0.0054	0.0881	0.0271	0.0610	1.2682	0.0081	140.0470	0.7594	0.0058	360.7139	8.4359	58.5543	52.6266	0.0281	0.0538	0.0028	0.0809	0.0919	0.0025	0.0019	0.0000	0.0028
10	64	0.1846	8	1	0	2	0	0	0	0	0	N	N	Y	N	N	N	N	N	N	N	N	N	0.0000	0.0000	0.0000	0.0000	0.0000	0.0000	0.0000	0.0000	0.0000	0.0000	0.0000	0.0000	0.0000	0.0000	0.0000	0.0000	0.0000	0.0000	0.0000	0.0000	1.9652	0.0000	3.8608	1.0000	0.0000	0.0000	0.0000	0.0000	0.0000	0.0000	0.0000	0.0000	0.0000	0.0000	0.0000	0.0000	0.0000	0.0000	0.0000	0.0000	0.0000	0.0000	0.0000	0.0000	0.0000	0.0000	0.0000	0.0000	0.0000	0.0000	0.0000	0.0174	0.0072	0.0102	0.0050	0.0042	0.0008	0.0124	0.0030	0.0094	0.0000	0.0000	0.0000	0.0000	0.0000	0.0000	0.0000	0.0000	0.0000	0.0000	0.0000	0.0000	0.0000	0.0000	0.0000	0.0000	0.0000	0.0000											
10	65	0.1846	7	1	0	2	0	0	0	0	0	N	N	Y	N	N	N	N	N	N	N	N	N	0.0000	0.0000	0.0000	0.0000	0.0000	0.0000	0.0000	0.0000	0.0000	0.0000	0.0000	0.0000	0.0000	0.1214	0.0000	0.2405	0.0000	0.0000	0.0000	0.2372	0.0000	0.2417	inf	0.0000	0.0000	1.9652	0.0000	3.8608	0.0001	0.0000	0.0000	0.0000	0.0000	0.0000	0.0000	0.0000	0.0000	0.0000	0.0000	0.0000	0.0000	0.0000	0.0000	0.0000	0.0000	0.0000	0.0000	0.0000	0.0000	0.0000	0.0000	0.0000	0.0000	0.0000	0.0000	0.0000	0.0000	0.0000	0.0000	0.0000	0.0000	0.0000	0.0000	0.0000	0.0000	0.0000	0.0000	0.0000	0.0000	0.0000	0.0000	0.0000	0.0000	0.0000	0.1214	0.0000	0.2405	0.0000	0.0000	0.0000	0.2372	0.0000	0.2417						
10	66	0.1723	6	1	0	2	0	0	0	0	0	N	N	Y	N	N	N	N	N	N	N	N	N	0.0000	0.0000	0.0000	0.0000	0.0000	0.0000	0.0000	0.0000	0.0000	0.0000	0.0000	0.0000	0.0000	0.0000	0.0000	0.0000	0.0469	0.0002	0.0844	0.0002	0.0002	0.0000	0.0728	0.0000	0.0892	655.4116	0.0000	0.0006	1.9652	1.9720	3.8608	0.0923	0.0000	0.0000	0.0000	0.0000	0.0000	0.0000	0.0000	0.0000	0.0000	0.0024	0.0000	0.0024	0.0000	0.0000	0.0000	0.0024	0.0000	0.0024	0.1677	0.1523	0.0154	0.0967	0.0915	0.0052	0.0710	0.0609	0.0101	0.0512	0.0228	0.0284	0.0183	0.0167	0.0015	0.0329	0.0061	0.0268	0.0000	0.0000	0.0000	0.0000	0.0000	0.0000	0.0000	0.0000	0.0000	0.0469	0.0002	0.0844	0.0002	0.0002	0.0000	0.0728	0.0000	0.0892			
10	67	0.1508	5	1	0	2	0	0	0	0	0	N	N	Y	N	N	N	N	N	N	N	N	N	0.0000	0.0000	0.0000	0.0000	0.0000	0.0000	0.0000	0.0000	0.0000	0.0000	0.0000	0.0000	0.0000	0.0380	0.0906	0.0000	0.1292	0.1542	0.0000	0.0000	0.0000	0.0000	0.0000	0.0000	-0.0018	1.9652	3.0650	3.8608	1.0636	0.0000	0.0000	0.0000	0.0000	0.0000	0.0000	0.0000	0.0000	0.0000	0.0024	0.0024	0.0000	0.0024	0.0024	0.0000	0.0000	0.0000	0.0000	0.2420	0.2203	0.0217	0.1531	0.1448	0.0083	0.0890	0.0755	0.0134	0.0635	0.0267	0.0369	0.0187	0.0157	0.0030	0.0448	0.0110	0.0338	0.0000	0.0000	0.0000	0.0000	0.0000	0.0000	0.0000	0.0000	0.0000	0.0380	0.0906	0.0000	0.1292	0.1542	0.0000	0.0000	0.0000	0.0000						
10	68	0.1578	5	0	1	1	1	0	0	0	0	N	N	N	N	N	N	N	N	N	N	N	N	170.1455	920.9045	0.0020	332.0980	324.7245	0.0101	166.6360	349581.1564	0.0007	2.3832	2.6216	0.0000	1.6250	1.7140	0.0001	2.9561	3.3605	0.0000	0.0140	0.0028	0.0238	0.0049	0.0053	0.0138	0.0177	0.0000	0.0255	0.0000	9.5452	-0.1863	0.0003	1.9652	2.7513	3.8608	4.0954	0.9416	0.9416	0.0000	0.2763	0.2763	0.0000	0.6653	0.6653	0.0000	0.0021	0.0002	0.0019	0.0002	0.0002	0.0000	0.0019	0.0000	0.0019	0.3951	0.3592	0.0359	0.1700	0.1612	0.0088	0.2251	0.1980	0.0271	0.1478	0.0689	0.0788	0.0429	0.0372	0.0058	0.1048	0.0318	0.0731	170.1455	920.9045	0.0020	332.0980	324.7245	0.0578	166.6360	2629692.0002	0.0007	0.0140	0.0028	0.0238	0.0049	0.0053	0.0024	0.0177	0.0000	0.0255
10	69	0.0803	3	0	1	1	0	0	0	0	0	N	N	N	N	N	N	N	N	N	N	N	N	0.0051	0.0007	inf	0.0013	0.0006	inf	inf	inf	0.0007	0.0003	0.0046	0.0012	0.0005	0.0106	0.0002	0.0000	0.0019	0.1355	0.3744	0.0000	0.9137	0.9258	0.0000	0.0000	0.0000	0.0000	1.8947	0.0000	0.0003	-0.0291	1.9652	9.9334	3.8608	8.9999	0.0006	0.0002	0.0004	0.0005	0.0002	0.0003	0.0001	0.0000	0.0001	0.0388	0.0388	0.0000	0.0388	0.0388	0.0000	0.0000	0.0000	0.0000	0.8025	0.7239	0.0785	0.3814	0.3568	0.0245	0.4211	0.3671	0.0540	0.2864	0.1037	0.1827	0.0425	0.0419	0.0006	0.2439	0.0617	0.1822	0.0051	0.0007	inf	0.0013	0.0006	inf	inf	0.0000	inf	0.1355	0.3744	0.0000	0.9137	0.9258	0.0000	0.0000	0.0000	0.0000	
10	70	0.0803	3	0	1	1	0	0	0	0	0	N	N	N	N	N	N	N	N	N	N	N	N	0.0000	0.0000	0.0000	0.0000	0.0000	0.0000	0.0000	0.0000	0.0000	0.0000	0.0000	0.0000	0.0000	0.0000	0.0000	0.0000	0.0000	12.9273	1.4066	19.1427	3.3071	3.3414	2.6716	14.6139	0.0000	19.1907	25.2255	0.0000	0.2164	1.9652	0.0666	3.8608	4.0001	0.0000	0.0000	0.0000	0.0000	0.0000	0.0000	0.0000	0.0000	0.0000	1.0162	0.0387	0.9775	0.0388	0.0387	0.0000	0.9775	0.0000	0.9775	0.0818	0.0626	0.0192	0.0523	0.0430	0.0093	0.0295	0.0196	0.0099	0.0786	0.0275	0.0511	0.0117	0.0116	0.0001	0.0669	0.0160	0.0509	0.0000	0.0000	0.0000	0.0000	0.0000	0.0000	0.0000	0.0000	0.0000	12.9273	1.4066	19.1427	3.3071	3.3414	0.2320	14.6139	0.0000	19.1907		
10	71	0.1508	5	0	1	1	0	0	0	0	0	N	N	N	N	N	N	N	N	N	N	N	N	0.0000	0.0000	0.0000	0.0000	0.0000	0.0000	0.0000	0.0000	0.0000	0.0000	0.0000	0.0000	0.0000	0.5102	1.2161	0.0000	1.7380	2.0792	0.0000	0.0000	0.0000	0.0000	0.0000	0.0000	-0.0290	1.9652	2.0000	3.8608	3.0000	0.0000	0.0000	0.0000	0.0000	0.0000	0.0000	0.0000	0.0000	0.0000	0.0387	0.0387	0.0000	0.0387	0.0387	0.0000	0.0000	0.0000	0.0000	0.1609	0.1464	0.0145	0.1021	0.0966	0.0055	0.0588	0.0498	0.0090	0.0759	0.0318	0.0440	0.0223	0.0186	0.0037	0.0536	0.0132	0.0404	0.0000	0.0000	0.0000	0.0000	0.0000	0.0000	0.0000	0.0000	0.0000	0.5102	1.2161	0.0000	1.7380	2.0792	0.0000	0.0000	0.0000	0.0000						
10	72	0.1239	4	0	0	1	0	0	0	0	0	N	N	N	N	N	N	N	N	N	N	N	N	0.0001	0.2848	0.0000	0.0156	0.0058	0.5940	0.0002	1833.3421	0.0000	0.0001	0.0002	0.0000	0.0000	0.0000	0.0001	0.0004	0.0004	0.0000	1.0415	0.0005	1.8557	0.0007	0.0008	0.0001	1.5517	0.0000	1.9741	0.0378	4382.1098	-0.0000	0.0288	1.9652	4.7932	3.8608	0.2507	0.0001	0.0001	0.0000	0.0000	0.0000	0.0000	0.0001	0.0001	0.0000	0.1149	0.0000	0.1149	0.0000	0.0000	0.0000	0.1149	0.0000	0.1149	0.6705	0.5838	0.0867	0.4255	0.3719	0.0536	0.2449	0.2119	0.0330	0.1104	0.0484	0.0619	0.0363	0.0326	0.0037	0.0741	0.0158	0.0582	0.0001	0.2848	0.0000	0.0156	0.0058	0.6176	0.0002	1833.3421	0.0000	1.0415	0.0005	1.8557	0.0007	0.0008	0.0001	1.5517	0.0000	1.9741
10	73	0.0803	3	0	0	1	0	0	0	0	0	N	N	N	N	N	N	N	N	N	N	N	N	0.0001	0.0951	0.0000	0.0526	0.0564	0.0788	0.0001	inf	0.0000	0.0008	0.0009	0.0000	0.0011	0.0012	0.0000	0.0004	0.0005	0.0000	5.6032	0.0092	8.6624	0.0217	0.0220	0.0000	6.5803	0.0000	8.6855	0.0036	1729.7249	-0.0001	0.2019	1.9652	4.9764	3.8608	2.9948	0.0004	0.0004	0.0000	0.0003	0.0003	0.0000	0.0001	0.0001	0.0000	0.8061	0.0005	0.8057	0.0005	0.0005	0.0000	0.8057	0.0000	0.8057	0.4699	0.4174	0.0525	0.2301	0.2122	0.0179	0.2397	0.2052	0.0346	0.1439	0.0509	0.0930	0.0214	0.0212	0.0002	0.1224	0.0297	0.0928	0.0001	0.0951	0.0000	0.0526	0.0564	0.0788	0.0001	inf	0.0000	5.6032	0.0092	8.6624	0.0217	0.0220	0.0000	6.5803	0.0000	8.6855
10	74	0.0603	2	0	1	1	0	0	0	0	0	N	N	N	N	N	N	N	N	N	N	N	N	0.0000	0.0004	0.0000	0.0003	0.0003	0.0000	0.0000	180.8813	0.0000	0.0001	0.0001	0.0000	0.0001	0.0002	0.0000	0.0001	0.0001	0.0000	3.3306	0.3186	5.5695	0.4854	0.4868	3.4876	4.4412	0.0000	5.5857	0.0075	23.5210	-0.0000	0.1565	1.9652	1.8678	3.8608	4.6278	0.0001	0.0001	0.0000	0.0001	0.0001	0.0000	0.0000	0.0000	0.0000	0.7444	0.0304	0.7140	0.0305	0.0304	0.0001	0.7139	0.0000	0.7139	0.8073	0.6175	0.1898	0.4496	0.3982	0.0514	0.3577	0.2194	0.1383	0.2235	0.0953	0.1282	0.0627	0.0624	0.0004	0.1607	0.0329	0.1278	0.0000	0.0004	0.0000	0.0003	0.0003	0.0000	0.0000	180.8813	0.0000	3.3306	0.3186	5.5695	0.4854	0.4868	0.2646	4.4412	0.0000	5.5857
10	78	0.2039	7	1	1	1	1	0	0	0	0	N	N	N	N	N	N	N	N	N	N	N	N	0.0002	0.0000	0.0020	0.0001	0.0000	0.0011	0.0002	0.0011	0.0000	0.0000	0.0000	0.0000	0.0000	0.0000	0.0000	0.0000	0.0000	0.0003	0.0005	0.0002	0.0009	0.0010	0.0007	0.0001	0.0000	0.0002	1.8947	0.6674	0.0000	-0.0000	1.9652	1.0000	3.8608	2.0144	0.0000	0.0000	0.0000	0.0000	0.0000	0.0000	0.0000	0.0000	0.0000	0.0000	0.0000	0.0000	0.0000	0.0000	0.0000	0.0000	0.0000	0.0000	0.0933	0.0839	0.0094	0.0424	0.0395	0.0028	0.0510	0.0444	0.0066	0.0558	0.0213	0.0345	0.0112	0.0099	0.0013	0.0446	0.0114	0.0332	0.0002	0.0000	0.0020	0.0001	0.0000	0.0032	0.0002	0.0000	0.0011	0.0003	0.0005	0.0002	0.0009	0.0010	0.0003	0.0001	0.0000	0.0002	
10	79	0.1817	6	1	1	1	1	0	0	0	0	N	N	N	N	N	N	N	N	N	N	N	N	1.2602	0.7278	0.0000	0.7428	0.7026	0.0000	0.0000	0.0008	0.0009	0.0000	0.0018	0.0020	0.0000	0.0000	0.0000	0.0000	0.0007	0.0013	0.0003	0.0024	0.0028	0.0000	0.0002	0.0000	0.0003	0.0000	0.3685	-0.0000	-0.0000	1.9652	0.0001	3.8608	3.0180	0.0000	0.0000	0.0000	0.0000	0.0000	0.0000	0.0000	0.0000	0.0000	0.0000	0.0000	0.0000	0.0000	0.0000	0.0000	0.0000	0.0000	0.0000	0.0000	0.0000	0.0000	0.0000	0.0000	0.0000	0.0000	0.0000	0.0000	0.0555	0.0210	0.0345	0.0108	0.0096	0.0013	0.0446	0.0115	0.0332	1.2602	0.7278	0.0000	0.7428	0.7026	0.0000	0.0000	0.0000	0.0000	0.0007	0.0013	0.0003	0.0024	0.0028	0.0000	0.0002	0.0000	0.0003		
10	80	0.2037	8	0	1	1	1	0	0	0	0	N	N	N	N	N	N	N	N	N	N	N	N	0.0000	0.0000	0.0000	0.0000	0.0000	0.0000	0.0000	0.0000	0.0000	0.0000	0.0000	0.0000	0.0000	0.0000	0.0000	0.0000	0.0000	0.0000	0.0000	0.0000	1.9652	0.0000	3.8608	0.0000	0.0000	0.0000	0.0000	0.0000	0.0000	0.0000	0.0000	0.0000	0.0000	0.0000	0.0000	0.0000	0.0000	0.0000	0.0000	0.0000	0.0000	0.0000	0.0000	0.0000	0.0000	0.0000	0.0000	0.0000	0.0000	0.0000	0.0000	0.0000	0.0000	0.0000	0.0000	0.0000	0.0000	0.0000	0.0000	0.0000	0.0000	0.0000	0.0000	0.0000	0.0000	0.0000	0.0000	0.0000	0.0000	0.0000	0.0000	0.0000	0.0000	0.0000	0.0000	0.0000	0.0000	0.0000											
10	81	0.1817	6	0	0	2	1	0	0	0	0	N	N	Y	N	N	N	N	N	N	N	N	N	0.0000	0.0000	0.0000	0.0000	0.0000	0.0000	0.0000	0.0000	0.0000	0.0000	0.0000	0.0000	0.0000	0.0000	0.0000	0.0000	0.0000	0.0000	0.0000	0.0000	1.9652	2.0000	3.8608	0.0000	0.0000	0.0000	0.0000	0.0000	0.0000	0.0000	0.0000	0.0000	0.0000	0.0000	0.0000	0.0000	0.0000	0.0000	0.0000	0.0000	0.0000	0.0000	0.1829	0.1647	0.0182	0.0830	0.0776	0.0055	0.0998	0.0871	0.0127	0.0375	0.0142	0.0234	0.0073	0.0064	0.0009	0.0302	0.0077	0.0225	0.0000	0.0000	0.0000	0.0000	0.0000	0.0000	0.0000	0.0000	0.0000	0.0000	0.0000	0.0000	0.0000	0.0000	0.0000	0.0000	0.0000	0.0000											
10	82	0.1817	6	0	0	2	1	0	0	0	0	N	N	Y	N	N	N	N	N	N	N	N	N	0.0000	0.0000	0.0000	0.0000	0.0000	0.0000	0.0000	0.0000	0.0000	0.0000	0.0000	0.0000	0.0000	0.0006	0.0015	0.0000	0.0028	0.0032	0.0000	0.0000	0.0000	0.0000	0.0000	0.0000	-0.0000	1.9652	0.0000	3.8608	4.0000	0.0000	0.0000	0.0000	0.0000	0.0000	0.0000	0.0000	0.0000	0.0000	0.0000	0.0000	0.0000	0.0000	0.0000	0.0000	0.0000	0.0000	0.0000	0.0000	0.0000	0.0000	0.0000	0.0000	0.0000	0.0000	0.0000	0.0000	0.0721	0.0274	0.0447	0.0141	0.0125	0.0017	0.0580	0.0149	0.0430	0.0000	0.0000	0.0000	0.0000	0.0000	0.0000	0.0000	0.0000	0.0000	0.0006	0.0015	0.0000	0.0028	0.0032	0.0000	0.0000	0.0000	0.0000						
10	83	0.2037	8	0	0	2	1	0	0	0	0	N	N	Y	N	N	N	N	N	N	N	N	N	0.0000	0.0000	0.0000	0.0000	0.0000	0.0000	0.0000	0.0000	0.0000	0.0000	0.0000	0.0000	0.0000	0.0016	0.0043	0.0000	0.0085	0.0098	0.0000	0.0000	0.0000	0.0000	0.0000	0.0000	-0.0000	1.9652	0.0000	3.8608	2.0000	0.0000	0.0000	0.0000	0.0000	0.0000	0.0000	0.0000	0.0000	0.0000	0.0001	0.0001	0.0000	0.0001	0.0001	0.0000	0.0000	0.0000	0.0000	0.0000	0.0000	0.0000	0.0000	0.0000	0.0000	0.0000	0.0000	0.0000	0.0373	0.0139	0.0234	0.0070	0.0061	0.0009	0.0302	0.0077	0.0225	0.0000	0.0000	0.0000	0.0000	0.0000	0.0000	0.0000	0.0000	0.0000	0.0016	0.0043	0.0000	0.0085	0.0098	0.0000	0.0000	0.0000	0.0000						
10	84	0.1964	7	0	0	1	1	0	0	0	0	N	N	N	N	N	N	N	N	N	N	N	N	0.0000	0.0000	0.0000	0.0000	0.0000	0.0000	0.0000	0.0000	0.0000	0.0000	0.0000	0.0000	0.0000	0.0000	0.0000	0.0000	0.0000	0.0021	0.0000	0.0034	0.0000	0.0000	0.0000	0.0027	0.0000	0.0035	14821.2143	0.0000	0.0000	1.9652	1.0000	3.8608	0.0015	0.0000	0.0000	0.0000	0.0000	0.0000	0.0000	0.0000	0.0000	0.0000	0.0000	0.0000	0.0000	0.0000	0.0000	0.0000	0.0000	0.0000	0.0000	0.0933	0.0839	0.0094	0.0423	0.0395	0.0028	0.0510	0.0444	0.0066	0.0195	0.0073	0.0122	0.0038	0.0034	0.0005	0.0156	0.0040	0.0117	0.0000	0.0000	0.0000	0.0000	0.0000	0.0000	0.0000	0.0000	0.0000	0.0021	0.0000	0.0034	0.0000	0.0000	0.0000	0.0027	0.0000	0.0035		
10	85	0.1817	6	0	0	1	1	0	0	0	0	N	N	N	N	N	N	N	N	N	N	N	N	0.0000	0.0000	0.0000	0.0000	0.0000	0.0000	0.0000	0.0000	0.0000	0.0000	0.0000	0.0000	0.0000	0.0000	0.0000	0.0022	0.0057	0.0000	0.0057	0.0064	0.0000	0.0013	0.2141	0.0000	0.0000	0.0000	-0.0001	1.9652	0.0000	3.8608	2.0013	0.0000	0.0000	0.0000	0.0000	0.0000	0.0000	0.0000	0.0000	0.0000	0.0001	0.0001	0.0000	0.0000	0.0000	0.0000	0.0000	0.0000	0.0000	0.0000	0.0000	0.0000	0.0000	0.0000	0.0000	0.0000	0.0000	0.0000	0.0376	0.0142	0.0234	0.0073	0.0064	0.0009	0.0303	0.0077	0.0225	0.0000	0.0000	0.0000	0.0000	0.0000	0.0000	0.0000	0.0000	0.0000	0.0022	0.0057	0.0000	0.0057	0.0064	0.0000	0.0013	0.0052	0.0000				
10	86	0.2216	6	1	1	1	0	0	0	0	0	N	N	N	N	N	N	N	N	N	N	N	N	0.0009	0.0091	0.0024	0.0155	0.0086	0.0648	0.0003	0.0000	0.0027	0.0000	0.0000	0.0003	0.0001	0.0000	0.0002	0.0000	0.0000	0.0003	0.0564	0.0027	0.1088	0.0036	0.0037	0.0038	0.0877	0.0000	0.1123	1.2632	41.9070	0.0000	0.0005	1.9652	0.0007	3.8608	0.9812	0.0000	0.0000	0.0000	0.0000	0.0000	0.0000	0.0000	0.0000	0.0000	0.0024	0.0001	0.0023	0.0001	0.0001	0.0000	0.0023	0.0000	0.0023	0.0003	0.0002	0.0000	0.0002	0.0002	0.0000	0.0001	0.0001	0.0000	0.0417	0.0206	0.0212	0.0155	0.0149	0.0007	0.0262	0.0057	0.0205	0.0009	0.0091	0.0024	0.0155	0.0086	0.2941	0.0003	0.0000	0.0027	0.0564	0.0027	0.1088	0.0036	0.0037	0.0008	0.0877	0.0000	0.1123
10	87	0.1657	5	1	1	1	0	0	0	0	0	N	N	N	N	N	N	N	N	N	N	N	N	0.0000	0.0000	0.0019	0.0000	0.0000	0.0014	0.0004	0.0001	0.0007	0.0000	0.0000	0.0000	0.0000	0.0000	0.0000	0.0000	0.0000	0.0000	0.2575	0.6559	0.0023	1.2294	1.3973	0.0066	0.0017	0.0038	0.0023	0.0867	0.0054	-0.0000	-0.0239	1.9652	5.0272	3.8608	2.1572	0.0000	0.0000	0.0000	0.0000	0.0000	0.0000	0.0000	0.0000	0.0000	0.0322	0.0320	0.0002	0.0320	0.0320	0.0000	0.0002	0.0000	0.0002	0.4892	0.4380	0.0512	0.2356	0.2180	0.0175	0.2536	0.2199	0.0337	0.1249	0.0488	0.0761	0.0260	0.0229	0.0031	0.0989	0.0259	0.0730	0.0000	0.0000	0.0019	0.0000	0.0000	0.0076	0.0004	0.0054	0.0007	0.2575	0.6559	0.0023	1.2294	1.3973	0.0012	0.0017	0.0001	0.0023
10	88	0.2190	7	0	1	1	0	0	0	0	0	N	N	N	N	N	N	N	N	N	N	N	N	0.0000	0.0000	0.0000	0.0000	0.0000	0.0000	0.0000	0.0000	0.0000	0.0000	0.0000	0.0000	0.0000	0.0018	0.0047	0.0000	0.0083	0.0095	0.0000	0.0000	0.0000	0.0000	0.0000	0.0000	-0.0001	1.9652	0.0000	3.8608	4.0000	0.0000	0.0000	0.0000	0.0000	0.0000	0.0000	0.0000	0.0000	0.0000	0.0001	0.0001	0.0000	0.0001	0.0001	0.0000	0.0000	0.0000	0.0000	0.0000	0.0000	0.0000	0.0000	0.0000	0.0000	0.0000	0.0000	0.0000	0.0724	0.0279	0.0444	0.0156	0.0137	0.0019	0.0568	0.0142	0.0426	0.0000	0.0000	0.0000	0.0000	0.0000	0.0000	0.0000	0.0000	0.0000	0.0018	0.0047	0.0000	0.0083	0.0095	0.0000	0.0000	0.0000	0.0000						
10	89	0.1817	6	0	1	1	0	0	0	0	0	N	N	N	N	N	N	N	N	N	N	N	N	1.2491	0.5275	0.5417	0.5095	0.0007	0.0008	0.0000	0.0016	0.0017	0.0000	0.0000	0.0000	0.0000	0.0006	0.0015	0.0000	0.0029	0.0033	0.0000	0.0000	0.0000	0.0000	0.0000	0.0000	-0.0000	-0.0000	1.9652	3.0000	3.8608	2.0000	0.0002	0.0002	0.0000	0.0002	0.0002	0.0000	0.0000	0.0000	0.0000	0.0001	0.0001	0.0000	0.0001	0.0001	0.0000	0.0000	0.0000	0.0000	0.2688	0.2424	0.0264	0.1221	0.1142	0.0079	0.1467	0.1282	0.0185	0.0884	0.0336	0.0547	0.0174	0.0153	0.0021	0.0710	0.0183	0.0526	1.2491	0.5275	0.0000	0.5417	0.5095	0.0000	0.0000	0.0000	0.0000	0.0006	0.0015	0.0000	0.0029	0.0033	0.0000	0.0000	0.0000	0.0000					
10	90	0.1817	6	1	1	1	0	0	0	0	0	N	N	N	N	N	N	N	N	N	N	N	N	0.0000	0.0000	0.0000	0.0000	0.0000	0.0000	0.0000	0.0000	0.0000	0.0000	0.0000	0.0000	0.0000	0.0031	0.0080	0.0000	0.0155	0.0176	0.0000	0.0000	0.0000	0.0000	0.0000	0.0000	-0.0002	1.9652	2.0000	3.8608	3.0000	0.0000	0.0000	0.0000	0.0000	0.0000	0.0000	0.0000	0.0000	0.0000	0.0003	0.0003	0.0000	0.0003	0.0003	0.0000	0.0000	0.0000	0.0000	0.1829	0.1647	0.0182	0.0830	0.0776	0.0055	0.0998	0.0871	0.0127	0.0884	0.0336	0.0547	0.0174	0.0153	0.0021	0.0710	0.0183	0.0526	0.0000	0.0000	0.0000	0.0000	0.0000	0.0000	0.0000	0.0000	0.0000	0.0031	0.0080	0.0000	0.0155	0.0176	0.0000	0.0000	0.0000	0.0000						
10	91	0.1657	5	0	0	1	0	0	0	0	0	N	N	N	N	N	N	N	N	N	N	N	N	0.0011	0.0027	0.0005	0.0008	0.0024	0.0000	0.0003	9.1452	0.0005	0.0000	0.0000	0.0000	0.0000	0.0000	0.0000	0.0000	0.0000	0.0000	0.0094	0.0042	0.0130	0.0255	0.0083	1.6922	0.0048	0.0000	0.0064	0.0871	4.6591	-0.0000	0.0000	1.9652	2.0705	3.8608	0.0351	0.0000	0.0000	0.0000	0.0000	0.0000	0.0000	0.0000	0.0000	0.0000	0.0004	0.0001	0.0003	0.0002	0.0001	0.0002	0.0002	0.0000	0.0002	0.2526	0.2217	0.0309	0.1307	0.1185	0.0122	0.1219	0.1032	0.0187	0.0431	0.0174	0.0258	0.0097	0.0087	0.0011	0.0334	0.0087	0.0247	0.0011	0.0027	0.0005	0.0008	0.0024	0.0001	0.0003	9.1452	0.0005	0.0094	0.0042	0.0130	0.0255	0.0083	0.1654	0.0048	0.0000	0.0064
10	92	0.1403	4	0	0	1	0	0	0	0	0	N	N	N	N	N	N	N	N	N	N	N	N	0.0502	0.0549	0.0077	0.0413	0.0421	0.0018	0.0327	0.0262	0.0033	0.0006	0.0007	0.0001	0.0009	0.0009	0.0002	0.0003	0.0003	0.0000	0.0117	0.0119	0.0115	0.0212	0.0223	0.0943	0.0083	0.0119	0.0116	0.0178	1.1431	-0.0000	-0.0002	1.9652	3.4249	3.8608	0.1413	0.0003	0.0003	0.0000	0.0002	0.0002	0.0000	0.0001	0.0001	0.0000	0.0009	0.0004	0.0005	0.0005	0.0004	0.0000	0.0005	0.0000	0.0005	0.4414	0.3902	0.0512	0.2302	0.2109	0.0193	0.2112	0.1792	0.0320	0.0811	0.0372	0.0439	0.0213	0.0194	0.0018	0.0598	0.0177	0.0421	0.0502	0.0549	0.0077	0.0413	0.0421	0.0180	0.0327	0.6722	0.0033	0.0117	0.0119	0.0115	0.0212	0.0223	0.0095	0.0083	0.0005	0.0116
10	98	0.2772	9	0	0	1	0	0	0	0	0	N	N	N	N	N	N	N	N	N	N	N	N	0.0235	0.0158	0.0079	0.0137	0.0138	0.0003	2.6005	0.1473	0.0124	0.0020	0.0022	0.0000	0.0028	0.0033	0.0000	0.0005	0.0006	0.0000	0.0830	0.1411	0.0011	0.2076	0.2420	0.0402	0.0002	0.0040	0.0003	0.0005	0.0053	-0.0004	-0.0180	1.9652	4.9999	3.8608	9.0821	0.0021	0.0021	0.0000	0.0019	0.0019	0.0000	0.0002	0.0002	0.0000	0.0241	0.0240	0.0001	0.0241	0.0240	0.0001	0.0000	0.0000	0.0000	1.0632	0.9305	0.1327	0.6514	0.5543	0.0971	0.4117	0.3761	0.0356	0.2907	0.1702	0.1206	0.1161	0.0992	0.0169	0.1746	0.0710	0.1036	0.0235	0.0158	0.0079	0.0137	0.0138	0.0018	2.6005	5.9152	0.0124	0.0830	0.1411	0.0011	0.2076	0.2420	0.0058	0.0002	0.0001	0.0003
11	12	0.2244	6	1	1	1	1	0	0	0	0	N	N	N	N	N	N	N	N	N	N	N	N	0.0000	0.0000	0.0000	0.0000	0.0000	0.0000	0.0000	0.0000	0.0000	0.0000	0.0000	0.0000	0.0000	0.0000	0.0000	0.0000	0.0000	0.0000	0.0000	0.0000	1.0000	0.0000	8.0000	1.0000	0.0000	0.0000	0.0000	0.0000	0.0000	0.0000	0.0000	0.0000	0.0000	0.0000	0.0000	0.0000	0.0000	0.0000	0.0000	0.0000	0.0000	0.0000	0.0000	0.0000	0.0000	0.0000	0.0000	0.0000	0.0000	0.0000	0.0000	0.0187	0.0057	0.0131	0.0015	0.0009	0.0006	0.0172	0.0048	0.0124	0.0000	0.0000	0.0000	0.0000	0.0000	0.0000	0.0000	0.0000	0.0000	0.0000	0.0000	0.0000	0.0000	0.0000	0.0000	0.0000	0.0000	0.0000											
11	14	0.2391	7	1	1	0	1	0	0	0	0	N	N	N	N	N	N	N	N	N	N	N	N	0.0000	0.0000	0.0000	0.0000	0.0000	0.0000	0.0000	0.0000	0.0000	0.0000	0.0000	0.0000	0.0000	0.0000	0.0000	0.0000	26.9463	0.0197	38.5332	0.0714	0.1285	0.0000	29.3826	0.0000	40.6820	4540.6364	0.0000	0.2506	1.0000	1.0000	8.0000	0.9994	0.0000	0.0000	0.0000	0.0000	0.0000	0.0000	0.0000	0.0000	0.0000	0.9992	0.0002	0.9989	0.0002	0.0002	0.0000	0.9989	0.0000	0.9989	0.0209	0.0186	0.0022	0.0081	0.0077	0.0004	0.0128	0.0110	0.0018	0.0371	0.0112	0.0259	0.0031	0.0017	0.0014	0.0340	0.0094	0.0246	0.0000	0.0000	0.0000	0.0000	0.0000	0.0000	0.0000	0.0000	0.0000	26.9463	0.0197	38.5332	0.0714	0.1285	0.0000	29.3826	0.0000	40.6820			
11	16	0.2391	7	1	2	0	1	0	0	0	0	N	Y	N	N	N	N	N	N	N	N	N	N	0.0000	0.0000	0.0000	0.0000	0.0000	0.0000	0.0000	0.0000	0.0000	0.0000	0.0000	0.0000	0.0000	0.0000	0.0000	0.0000	13.9689	0.0490	19.9893	0.1816	0.3322	0.0000	15.1915	0.0000	21.1052	943.1887	0.0000	0.2502	1.0000	2.0000	8.0000	2.0010	0.0000	0.0000	0.0000	0.0000	0.0000	0.0000	0.0000	0.0000	0.0000	1.0008	0.0011	0.9998	0.0011	0.0011	0.0000	0.9998	0.0000	0.9998	0.0410	0.0366	0.0044	0.0157	0.0148	0.0008	0.0253	0.0217	0.0036	0.0716	0.0216	0.0500	0.0058	0.0032	0.0026	0.0658	0.0184	0.0474	0.0000	0.0000	0.0000	0.0000	0.0000	0.0000	0.0000	0.0000	0.0000	13.9689	0.0490	19.9893	0.1816	0.3322	0.0000	15.1915	0.0000	21.1052			
11	17	0.1212	4	2	2	0	0	0	0	0	0	Y	Y	N	N	N	N	N	N	N	N	N	N	0.0000	0.0000	0.0000	0.0000	0.0000	0.0000	0.0000	0.0000	0.0000	0.0000	0.0000	0.0000	0.0000	0.0000	0.0000	0.0000	0.0000	45.4116	1.1884	78.0896	2.5364	2.5812	0.0000	55.5885	0.9776	78.5445	88.9279	0.0000	0.2365	1.0000	0.0017	8.0000	0.9948	0.0000	0.0000	0.0000	0.0000	0.0000	0.0000	0.0000	0.0000	0.0000	0.9856	0.0110	0.9747	0.0106	0.0106	0.0000	0.9750	0.0004	0.9747	0.0001	0.0001	0.0000	0.0000	0.0000	0.0000	0.0000	0.0000	0.0000	0.0217	0.0092	0.0125	0.0042	0.0041	0.0001	0.0175	0.0051	0.0124	0.0000	0.0000	0.0000	0.0000	0.0000	0.0000	0.0000	0.0000	0.0000	45.4116	1.1884	78.0896	2.5364	2.5812	0.0000	55.5885	0.0779	78.5445		
11	18	0.2617	7	1	2	0	0	0	0	0	0	N	Y	N	N	N	N	N	N	N	N	N	N	0.0000	0.0000	0.0000	0.0000	0.0000	0.0000	0.0000	0.0000	0.0000	0.0000	0.0000	0.0000	0.0000	0.0000	0.0000	0.0000	0.0000	0.0000	0.0000	0.0000	1.0000	0.0000	8.0000	0.0000	0.0000	0.0000	0.0000	0.0000	0.0000	0.0000	0.0000	0.0000	0.0000	0.0000	0.0000	0.0000	0.0000	0.0000	0.0000	0.0000	0.0000	0.0000	0.0000	0.0000	0.0000	0.0000	0.0000	0.0000	0.0000	0.0000	0.0000	0.0000	0.0000	0.0000	0.0000	0.0000	0.0000	0.0000	0.0000	0.0000	0.0000	0.0000	0.0000	0.0000	0.0000	0.0000	0.0000	0.0000	0.0000	0.0000	0.0000	0.0000	0.0000	0.0000	0.0000	0.0000	0.0000	0.0000											
11	19	0.1230	3	1	1	0	1	0	0	0	0	N	N	N	N	N	N	N	N	N	N	N	N	0.0000	0.0000	0.0000	0.0000	0.0000	0.0000	0.0000	0.0000	0.0000	0.0000	0.0000	0.0000	0.0000	0.0000	0.0000	0.0000	0.0000	0.0000	0.0000	0.0000	1.0000	3.0666	8.0000	4.9999	0.0000	0.0000	0.0000	0.0000	0.0000	0.0000	0.0000	0.0000	0.0000	0.0000	0.0000	0.0000	0.0000	0.0000	0.0000	0.0000	0.0000	0.0000	0.0609	0.0540	0.0069	0.0187	0.0178	0.0009	0.0422	0.0363	0.0060	0.1490	0.0499	0.0991	0.0223	0.0142	0.0081	0.1267	0.0357	0.0910	0.0000	0.0000	0.0000	0.0000	0.0000	0.0000	0.0000	0.0000	0.0000	0.0000	0.0000	0.0000	0.0000	0.0000	0.0000	0.0000	0.0000	0.0000											
11	20	0.0742	2	2	1	1	0	0	0	0	0	Y	N	N	N	N	N	N	N	N	N	N	N	0.0000	0.0000	0.0000	0.0000	0.0000	0.0000	0.0000	0.0000	0.0000	0.0000	0.0000	0.0000	0.0000	0.0000	0.0000	0.0000	16.5930	0.0011	24.1303	0.0027	0.0027	0.0000	19.0786	0.0000	24.1303	46917.0000	0.0000	0.2356	1.0000	0.9718	8.0000	0.9404	0.0000	0.0000	0.0000	0.0000	0.0000	0.0000	0.0000	0.0000	0.0000	0.9384	0.0000	0.9383	0.0000	0.0000	0.0000	0.9383	0.0000	0.9383	0.0186	0.0161	0.0026	0.0027	0.0025	0.0001	0.0160	0.0136	0.0024	0.0566	0.0177	0.0389	0.0074	0.0074	0.0000	0.0492	0.0103	0.0389	0.0000	0.0000	0.0000	0.0000	0.0000	0.0000	0.0000	0.0000	0.0000	16.5930	0.0011	24.1303	0.0027	0.0027	0.0000	19.0786	0.0000	24.1303			
11	21	0.2906	7	1	2	0	0	0	0	0	0	N	Y	N	N	N	N	N	N	N	N	N	N	0.0000	0.0000	0.0000	0.0000	0.0000	0.0000	0.0000	0.0000	0.0000	0.0000	0.0000	0.0000	0.0000	0.0000	0.0000	0.0000	0.0644	0.0015	0.1184	0.0032	0.0034	0.0000	0.0810	0.0000	0.1209	94.0000	0.0000	0.0002	1.0000	0.9958	8.0000	0.0079	0.0000	0.0000	0.0000	0.0000	0.0000	0.0000	0.0000	0.0000	0.0000	0.0009	0.0000	0.0009	0.0000	0.0000	0.0000	0.0009	0.0000	0.0009	0.0255	0.0231	0.0025	0.0144	0.0135	0.0009	0.0111	0.0096	0.0016	0.0148	0.0068	0.0079	0.0031	0.0030	0.0002	0.0116	0.0038	0.0078	0.0000	0.0000	0.0000	0.0000	0.0000	0.0000	0.0000	0.0000	0.0000	0.0644	0.0015	0.1184	0.0032	0.0034	0.0000	0.0810	0.0000	0.1209			
11	22	0.2471	7	1	2	0	0	0	0	0	0	N	Y	N	N	N	N	N	N	N	N	N	N	0.0000	0.0000	0.0000	0.0000	0.0000	0.0000	0.0000	0.0000	0.0000	0.0000	0.0000	0.0000	0.0000	0.0000	0.0000	0.0000	0.0000	0.4350	0.0380	0.7466	0.0782	0.0814	0.0000	0.5300	0.0272	0.7576	25.0655	0.0000	0.0161	1.0000	4.0220	8.0000	5.3698	0.0000	0.0000	0.0000	0.0000	0.0000	0.0000	0.0000	0.0000	0.0000	0.0756	0.0029	0.0727	0.0029	0.0029	0.0000	0.0727	0.0000	0.0727	0.0920	0.0830	0.0090	0.0419	0.0399	0.0020	0.0501	0.0431	0.0070	0.1738	0.0764	0.0974	0.0366	0.0351	0.0014	0.1372	0.0413	0.0959	0.0000	0.0000	0.0000	0.0000	0.0000	0.0000	0.0000	0.0000	0.0000	0.4350	0.0380	0.7466	0.0782	0.0814	0.0000	0.5300	0.0010	0.7576		
11	24	0.3137	9	1	2	0	0	0	0	0	0	N	Y	N	N	N	N	N	N	N	N	N	N	0.0000	0.0000	0.0000	0.0000	0.0000	0.0000	0.0000	0.0000	0.0000	0.0000	0.0000	0.0000	0.0000	0.0014	0.0000	0.0028	0.0000	0.0000	0.0000	0.0018	0.0000	0.0028	inf	0.0000	0.0000	1.0000	0.0018	8.0000	0.9893	0.0000	0.0000	0.0000	0.0000	0.0000	0.0000	0.0000	0.0000	0.0000	0.0000	0.0000	0.0000	0.0000	0.0000	0.0000	0.0000	0.0000	0.0000	0.0001	0.0001	0.0000	0.0001	0.0001	0.0000	0.0000	0.0000	0.0000	0.0139	0.0066	0.0072	0.0030	0.0028	0.0002	0.0109	0.0038	0.0070	0.0000	0.0000	0.0000	0.0000	0.0000	0.0000	0.0000	0.0000	0.0000	0.0014	0.0000	0.0028	0.0000	0.0000	0.0000	0.0018	0.0000	0.0028						
11	25	0.1230	3	2	2	0	0	0	0	0	0	Y	Y	N	N	N	N	N	N	N	N	N	N	0.0000	0.0000	0.0000	0.0000	0.0000	0.0000	0.0000	0.0000	0.0000	0.0000	0.0000	0.0000	0.0000	0.0000	0.0000	0.0000	0.0000	0.0000	0.0000	0.0000	1.0000	2.0666	8.0000	3.9999	0.0000	0.0000	0.0000	0.0000	0.0000	0.0000	0.0000	0.0000	0.0000	0.0000	0.0000	0.0000	0.0000	0.0000	0.0000	0.0000	0.0000	0.0000	0.0434	0.0386	0.0047	0.0146	0.0139	0.0006	0.0288	0.0247	0.0041	0.1157	0.0387	0.0770	0.0175	0.0112	0.0063	0.0982	0.0275	0.0707	0.0000	0.0000	0.0000	0.0000	0.0000	0.0000	0.0000	0.0000	0.0000	0.0000	0.0000	0.0000	0.0000	0.0000	0.0000	0.0000	0.0000	0.0000											
11	28	0.1230	3	1	2	1	1	0	0	0	0	N	Y	N	N	N	N	N	N	N	N	N	N	0.0000	0.0000	0.0000	0.0000	0.0000	0.0000	0.0000	0.0000	0.0000	0.0000	0.0000	0.0000	0.0000	4.5231	0.0000	6.8109	0.0000	0.0000	0.0000	5.2915	0.0000	7.4106	inf	0.0000	0.2511	1.0000	3.9334	8.0000	8.9999	0.0000	0.0000	0.0000	0.0000	0.0000	0.0000	0.0000	0.0000	0.0000	1.0000	0.0000	1.0000	0.0000	0.0000	0.0000	1.0000	0.0000	1.0000	0.0757	0.0670	0.0087	0.0221	0.0209	0.0011	0.0536	0.0461	0.0075	0.2211	0.0743	0.1468	0.0321	0.0202	0.0119	0.1890	0.0540	0.1349	0.0000	0.0000	0.0000	0.0000	0.0000	0.0000	0.0000	0.0000	0.0000	4.5231	0.0000	6.8109	0.0000	0.0000	0.0000	5.2915	0.0000	7.4106						
11	29	0.0836	3	1	2	0	0	0	0	0	0	N	Y	N	N	N	N	N	N	N	N	N	N	0.0000	0.0000	0.0000	0.0000	0.0000	0.0000	0.0000	0.0000	0.0000	0.0000	0.0000	0.0000	0.0000	0.1793	0.5917	0.0000	2.7498	2.7545	0.0000	0.0000	0.0000	0.0000	0.0000	0.0000	-0.0268	1.0000	7.9836	8.0000	2.1583	0.0000	0.0000	0.0000	0.0000	0.0000	0.0000	0.0000	0.0000	0.0000	0.0358	0.0358	0.0000	0.0358	0.0358	0.0000	0.0000	0.0000	0.0000	0.1580	0.1407	0.0172	0.0373	0.0355	0.0018	0.1207	0.1052	0.0155	0.1994	0.0604	0.1390	0.0130	0.0130	0.0000	0.1864	0.0474	0.1389	0.0000	0.0000	0.0000	0.0000	0.0000	0.0000	0.0000	0.0000	0.0000	0.1793	0.5917	0.0000	2.7498	2.7545	0.0000	0.0000	0.0000	0.0000						
11	30	0.1230	3	2	2	0	0	0	0	0	0	Y	Y	N	N	N	N	N	N	N	N	N	N	0.0000	0.0000	0.0000	0.0000	0.0000	0.0000	0.0000	0.0000	0.0000	0.0000	0.0000	0.0000	0.0000	3.1553	9.3314	0.0000	0.0000	0.0000	0.0000	3.6621	12.4942	0.0000	0.0000	0.0000	-0.7489	1.0000	9.9334	8.0000	11.0001	0.0000	0.0000	0.0000	0.0000	0.0000	0.0000	0.0000	0.0000	0.0000	1.0000	1.0000	0.0000	0.0000	0.0000	0.0000	1.0000	1.0000	0.0000	0.1681	0.1486	0.0195	0.0418	0.0395	0.0024	0.1263	0.1092	0.0171	0.3169	0.1072	0.2098	0.0439	0.0271	0.0167	0.2731	0.0800	0.1930	0.0000	0.0000	0.0000	0.0000	0.0000	0.0000	0.0000	0.0000	0.0000	3.1553	9.3314	0.0000	0.0000	0.0000	0.0000	3.6621	12.4942	0.0000						
11	31	0.1230	3	1	1	1	0	0	0	0	0	N	N	N	N	N	N	N	N	N	N	N	N	0.0000	0.0000	0.0000	0.0000	0.0000	0.0000	0.0000	0.0000	0.0000	0.0000	0.0000	0.0000	0.0000	0.0000	0.0000	0.0000	0.0000	0.0000	0.0000	0.0000	1.0000	2.9334	8.0000	4.9999	0.0000	0.0000	0.0000	0.0000	0.0000	0.0000	0.0000	0.0000	0.0000	0.0000	0.0000	0.0000	0.0000	0.0000	0.0000	0.0000	0.0000	0.0000	0.0586	0.0520	0.0066	0.0181	0.0173	0.0009	0.0405	0.0347	0.0057	0.1468	0.0491	0.0977	0.0220	0.0140	0.0080	0.1248	0.0351	0.0897	0.0000	0.0000	0.0000	0.0000	0.0000	0.0000	0.0000	0.0000	0.0000	0.0000	0.0000	0.0000	0.0000	0.0000	0.0000	0.0000	0.0000	0.0000											
11	32	0.1230	3	1	2	0	0	0	0	0	0	N	Y	N	N	N	N	N	N	N	N	N	N	0.0000	0.0000	0.0000	0.0000	0.0000	0.0000	0.0000	0.0000	0.0000	0.0000	0.0000	0.0000	0.0000	15.0816	0.0000	22.6622	0.0000	0.0000	0.0000	17.7531	0.0000	24.6760	inf	0.0000	0.5021	1.0000	3.0666	8.0000	3.9999	0.0000	0.0000	0.0000	0.0000	0.0000	0.0000	0.0000	0.0000	0.0000	2.0000	0.0000	2.0000	0.0000	0.0000	0.0000	2.0000	0.0000	2.0000	0.0609	0.0540	0.0069	0.0187	0.0178	0.0009	0.0422	0.0363	0.0060	0.1326	0.0444	0.0883	0.0200	0.0128	0.0072	0.1127	0.0316	0.0811	0.0000	0.0000	0.0000	0.0000	0.0000	0.0000	0.0000	0.0000	0.0000	15.0816	0.0000	22.6622	0.0000	0.0000	0.0000	17.7531	0.0000	24.6760						
11	33	0.0705	2	2	1	1	0	0	0	0	0	Y	N	N	N	N	N	N	N	N	N	N	N	0.0000	0.0000	0.0000	0.0000	0.0000	0.0000	0.0000	0.0000	0.0000	0.0000	0.0000	0.0000	0.0000	0.0006	0.0021	0.0000	0.0062	0.0078	0.0000	0.0000	0.0000	0.0000	0.0000	0.0000	-0.0000	1.0000	0.9991	8.0000	2.0219	0.0000	0.0000	0.0000	0.0000	0.0000	0.0000	0.0000	0.0000	0.0000	0.0001	0.0001	0.0000	0.0001	0.0001	0.0000	0.0000	0.0000	0.0000	0.0177	0.0150	0.0026	0.0000	0.0000	0.0000	0.0176	0.0150	0.0026	0.0794	0.0239	0.0554	0.0081	0.0064	0.0017	0.0713	0.0175	0.0538	0.0000	0.0000	0.0000	0.0000	0.0000	0.0000	0.0000	0.0000	0.0000	0.0006	0.0021	0.0000	0.0062	0.0078	0.0000	0.0000	0.0000	0.0000						
11	34	0.1230	3	1	2	0	0	0	0	0	0	N	Y	N	N	N	N	N	N	N	N	N	N	0.0000	0.0000	0.0000	0.0000	0.0000	0.0000	0.0000	0.0000	0.0000	0.0000	0.0000	0.0000	0.0000	5.6173	0.0000	8.4490	0.0000	0.0000	0.0000	6.5921	0.0000	9.1966	inf	0.0000	0.2511	1.0000	4.9334	8.0000	5.0001	0.0000	0.0000	0.0000	0.0000	0.0000	0.0000	0.0000	0.0000	0.0000	1.0000	0.0000	1.0000	0.0000	0.0000	0.0000	1.0000	0.0000	1.0000	0.0922	0.0816	0.0106	0.0258	0.0244	0.0014	0.0664	0.0572	0.0093	0.1780	0.0597	0.1184	0.0263	0.0167	0.0096	0.1517	0.0430	0.1087	0.0000	0.0000	0.0000	0.0000	0.0000	0.0000	0.0000	0.0000	0.0000	5.6173	0.0000	8.4490	0.0000	0.0000	0.0000	6.5921	0.0000	9.1966						
11	35	0.0705	2	2	1	1	0	0	0	0	0	Y	N	N	N	N	N	N	N	N	N	N	N	0.0000	0.0000	0.0000	0.0000	0.0000	0.0000	0.0000	0.0000	0.0000	0.0000	0.0000	0.0000	0.0000	0.0009	0.0027	0.0000	0.0069	0.0082	0.0000	0.0000	0.0000	0.0000	0.0000	0.0000	-0.0000	1.0000	0.0009	8.0000	1.9867	0.0000	0.0000	0.0000	0.0000	0.0000	0.0000	0.0000	0.0000	0.0000	0.0001	0.0001	0.0000	0.0001	0.0001	0.0000	0.0000	0.0000	0.0000	0.0000	0.0000	0.0000	0.0000	0.0000	0.0000	0.0000	0.0000	0.0000	0.0569	0.0182	0.0387	0.0072	0.0061	0.0011	0.0496	0.0121	0.0375	0.0000	0.0000	0.0000	0.0000	0.0000	0.0000	0.0000	0.0000	0.0000	0.0009	0.0027	0.0000	0.0069	0.0082	0.0000	0.0000	0.0000	0.0000						
11	38	0.1230	3	1	1	1	0	0	0	0	0	N	N	N	N	N	N	N	N	N	N	N	N	0.0000	0.0000	0.0000	0.0000	0.0000	0.0000	0.0000	0.0000	0.0000	0.0000	0.0000	0.0000	0.0000	8.6419	0.0000	12.9817	0.0000	0.0000	0.0000	10.1838	0.0000	14.1368	inf	0.0000	0.2511	1.0000	3.0666	8.0000	2.9999	0.0000	0.0000	0.0000	0.0000	0.0000	0.0000	0.0000	0.0000	0.0000	1.0000	0.0000	1.0000	0.0000	0.0000	0.0000	1.0000	0.0000	1.0000	0.0609	0.0540	0.0069	0.0187	0.0178	0.0009	0.0422	0.0363	0.0060	0.1157	0.0387	0.0770	0.0175	0.0112	0.0063	0.0982	0.0275	0.0707	0.0000	0.0000	0.0000	0.0000	0.0000	0.0000	0.0000	0.0000	0.0000	8.6419	0.0000	12.9817	0.0000	0.0000	0.0000	10.1838	0.0000	14.1368						
11	39	0.1230	3	1	2	0	0	0	0	0	0	N	Y	N	N	N	N	N	N	N	N	N	N	0.0000	0.0000	0.0000	0.0000	0.0000	0.0000	0.0000	0.0000	0.0000	0.0000	0.0000	0.0000	0.0000	8.8165	0.0000	13.2434	0.0000	0.0000	0.0000	10.3911	0.0000	14.4220	inf	0.0000	0.2511	1.0000	3.9334	8.0000	2.0001	0.0000	0.0000	0.0000	0.0000	0.0000	0.0000	0.0000	0.0000	0.0000	1.0000	0.0000	1.0000	0.0000	0.0000	0.0000	1.0000	0.0000	1.0000	0.0757	0.0670	0.0087	0.0221	0.0209	0.0011	0.0536	0.0461	0.0075	0.1134	0.0379	0.0755	0.0172	0.0110	0.0062	0.0962	0.0269	0.0693	0.0000	0.0000	0.0000	0.0000	0.0000	0.0000	0.0000	0.0000	0.0000	8.8165	0.0000	13.2434	0.0000	0.0000	0.0000	10.3911	0.0000	14.4220						
11	40	0.0864	4	2	2	1	0	0	0	0	0	Y	Y	N	N	N	N	N	N	N	N	N	N	0.0000	0.0000	0.0000	0.0000	0.0000	0.0000	0.0000	0.0000	0.0000	0.0000	0.0000	0.0000	0.0000	0.0000	0.0000	0.0000	0.0000	0.0000	0.0000	0.0000	1.0000	0.0000	8.0000	0.0000	0.0000	0.0000	0.0000	0.0000	0.0000	0.0000	0.0000	0.0000	0.0000	0.0000	0.0000	0.0000	0.0000	0.0000	0.0000	0.0000	0.0000	0.0000	0.0000	0.0000	0.0000	0.0000	0.0000	0.0000	0.0000	0.0000	0.0000	0.0000	0.0000	0.0000	0.0000	0.0000	0.0000	0.0000	0.0000	0.0000	0.0000	0.0000	0.0000	0.0000	0.0000	0.0000	0.0000	0.0000	0.0000	0.0000	0.0000	0.0000	0.0000	0.0000	0.0000	0.0000	0.0000	0.0000											
11	41	0.0864	3	2	2	1	0	0	0	0	0	Y	Y	N	N	N	N	N	N	N	N	N	N	0.0000	0.0000	0.0000	0.0000	0.0000	0.0000	0.0000	0.0000	0.0000	0.0000	0.0000	0.0000	0.0000	15.3495	0.0000	20.3008	0.0000	0.0000	0.0000	15.3659	0.0000	20.3008	inf	0.0000	0.2510	1.0000	1.0000	8.0000	1.9999	0.0000	0.0000	0.0000	0.0000	0.0000	0.0000	0.0000	0.0000	0.0000	0.9999	0.0000	0.9999	0.0000	0.0000	0.0000	0.9999	0.0000	0.9999	0.0184	0.0159	0.0026	0.0024	0.0023	0.0002	0.0160	0.0136	0.0024	0.0651	0.0159	0.0493	0.0001	0.0001	0.0000	0.0651	0.0158	0.0493	0.0000	0.0000	0.0000	0.0000	0.0000	0.0000	0.0000	0.0000	0.0000	15.3495	0.0000	20.3008	0.0000	0.0000	0.0000	15.3659	0.0000	20.3008						
11	42	0.2643	6	2	2	0	0	0	0	0	0	Y	Y	N	N	N	N	N	N	N	N	N	N	0.2389	1.3303	0.0000	0.0000	0.0000	0.5930	inf	0.0000	4.1213	4.3863	0.0000	0.0000	0.0000	0.0000	12.4919	14.2947	0.0000	17.2532	3.2972	27.7998	5.7143	6.2787	0.0000	21.0659	0.0000	28.9338	0.0000	11.1569	-0.0000	0.1730	1.0000	0.0007	8.0000	2.0242	0.0002	0.0002	0.0000	0.0000	0.0000	0.0000	0.0002	0.0002	0.0000	1.0251	0.0843	0.9407	0.0843	0.0843	0.0000	0.9407	0.0000	0.9407	0.0000	0.0000	0.0000	0.0000	0.0000	0.0000	0.0000	0.0000	0.0000	0.0594	0.0256	0.0338	0.0148	0.0134	0.0013	0.0447	0.0121	0.0325	0.2389	1.3303	0.0000	0.0000	0.0000	0.0000	0.5930	inf	0.0000	17.2532	3.2972	27.7998	5.7143	6.2787	0.0000	21.0659	0.0000	28.9338	
11	43	0.1674	4	1	2	0	1	0	0	0	0	N	Y	N	N	N	N	N	N	N	N	N	N	0.0000	0.0000	0.0000	0.0000	0.0000	0.0000	0.0000	0.0000	0.0000	0.0000	0.0000	0.0000	0.0000	0.0000	0.0000	0.0000	0.0000	0.0000	0.0000	0.0000	1.0000	0.0000	8.0000	0.0000	0.0000	0.0000	0.0000	0.0000	0.0000	0.0000	0.0000	0.0000	0.0000	0.0000	0.0000	0.0000	0.0000	0.0000	0.0000	0.0000	0.0000	0.0000	0.0000	0.0000	0.0000	0.0000	0.0000	0.0000	0.0000	0.0000	0.0000	0.0000	0.0000	0.0000	0.0000	0.0000	0.0000	0.0000	0.0000	0.0000	0.0000	0.0000	0.0000	0.0000	0.0000	0.0000	0.0000	0.0000	0.0000	0.0000	0.0000	0.0000	0.0000	0.0000	0.0000	0.0000	0.0000	0.0000											
11	44	0.1674	4	1	1	0	1	0	0	0	0	N	N	N	N	N	N	N	N	N	N	N	N	0.0000	0.0000	0.0000	0.0000	0.0000	0.0000	0.0000	0.0000	0.0000	0.0000	0.0000	0.0000	0.0000	0.0000	0.0000	0.0000	0.0000	0.0000	0.0000	0.0000	1.0000	0.0000	8.0000	0.0000	0.0000	0.0000	0.0000	0.0000	0.0000	0.0000	0.0000	0.0000	0.0000	0.0000	0.0000	0.0000	0.0000	0.0000	0.0000	0.0000	0.0000	0.0000	0.0000	0.0000	0.0000	0.0000	0.0000	0.0000	0.0000	0.0000	0.0000	0.0000	0.0000	0.0000	0.0000	0.0000	0.0000	0.0000	0.0000	0.0000	0.0000	0.0000	0.0000	0.0000	0.0000	0.0000	0.0000	0.0000	0.0000	0.0000	0.0000	0.0000	0.0000	0.0000	0.0000	0.0000	0.0000	0.0000											
11	45	0.1230	3	1	1	0	1	0	0	0	0	N	N	N	N	N	N	N	N	N	N	N	N	0.0000	0.0000	0.0000	0.0000	0.0000	0.0000	0.0000	0.0000	0.0000	0.0000	0.0000	0.0000	0.0000	15.0816	0.0000	22.6622	0.0000	0.0000	0.0000	17.7531	0.0000	24.6760	inf	0.0000	0.5021	1.0000	3.0666	8.0000	3.9999	0.0000	0.0000	0.0000	0.0000	0.0000	0.0000	0.0000	0.0000	0.0000	2.0000	0.0000	2.0000	0.0000	0.0000	0.0000	2.0000	0.0000	2.0000	0.0609	0.0540	0.0069	0.0187	0.0178	0.0009	0.0422	0.0363	0.0060	0.1326	0.0444	0.0883	0.0200	0.0128	0.0072	0.1127	0.0316	0.0811	0.0000	0.0000	0.0000	0.0000	0.0000	0.0000	0.0000	0.0000	0.0000	15.0816	0.0000	22.6622	0.0000	0.0000	0.0000	17.7531	0.0000	24.6760						
11	47	0.1212	4	2	2	0	0	0	0	0	0	Y	Y	N	N	N	N	N	N	N	N	N	N	0.0000	0.0000	0.0000	0.0000	0.0000	0.0000	0.0000	0.0000	0.0000	0.0000	0.0000	0.0000	0.0000	0.0000	0.0000	0.0000	0.0000	18.8907	47.1593	0.2512	4.4778	4.6068	0.0000	21.1961	68.8192	0.2528	0.0081	0.0000	-0.7646	1.0000	0.9991	8.0000	2.0273	0.0000	0.0000	0.0000	0.0000	0.0000	0.0000	0.0000	0.0000	0.0000	1.0319	1.0236	0.0083	0.0337	0.0337	0.0000	0.9982	0.9899	0.0083	0.0189	0.0167	0.0023	0.0055	0.0052	0.0004	0.0134	0.0115	0.0019	0.0546	0.0217	0.0329	0.0075	0.0073	0.0002	0.0471	0.0144	0.0327	0.0000	0.0000	0.0000	0.0000	0.0000	0.0000	0.0000	0.0000	0.0000	18.8907	47.1593	0.2512	4.4778	4.6068	0.0000	21.1961	68.8192	0.2528		
11	48	0.0836	3	2	2	0	0	0	0	0	0	Y	Y	N	N	N	N	N	N	N	N	N	N	0.0000	0.0000	0.0000	0.0000	0.0000	0.0000	0.0000	0.0000	0.0000	0.0000	0.0000	0.0000	0.0000	0.0000	0.0000	0.0000	0.0000	0.0000	13.9596	22.0806	10.2015	0.1819	0.1821	0.0589	15.4686	31.9975	10.2031	0.9984	0.0000	-0.4994	1.0000	3.1828	8.0000	3.1571	0.0000	0.0000	0.0000	0.0000	0.0000	0.0000	0.0000	0.0000	0.0000	2.0028	1.0022	1.0006	0.0026	0.0026	0.0000	2.0002	0.9996	1.0006	0.0877	0.0796	0.0081	0.0297	0.0287	0.0010	0.0580	0.0510	0.0071	0.1435	0.0454	0.0981	0.0142	0.0141	0.0000	0.1293	0.0312	0.0981	0.0000	0.0000	0.0000	0.0000	0.0000	0.0000	0.0000	0.0000	0.0000	13.9596	22.0806	10.2015	0.1819	0.1821	0.0073	15.4686	31.9975	10.2031	
11	49	0.0794	2	1	2	0	0	0	0	0	0	N	Y	N	N	N	N	N	N	N	N	N	N	0.0000	0.0000	0.0000	0.0000	0.0000	0.0000	0.0000	0.0000	0.0000	0.0000	0.0000	0.0000	0.0000	0.0000	0.0000	0.0000	0.0000	0.0000	0.6537	0.8144	0.5589	0.7013	0.7013	2.5600	0.6400	1.7273	0.5589	1.1630	0.0000	-0.0099	1.0000	0.8922	8.0000	1.0748	0.0000	0.0000	0.0000	0.0000	0.0000	0.0000	0.0000	0.0000	0.0000	0.0467	0.0216	0.0251	0.0112	0.0112	0.0000	0.0355	0.0104	0.0251	0.0428	0.0399	0.0029	0.0212	0.0206	0.0006	0.0215	0.0193	0.0023	0.0715	0.0265	0.0449	0.0160	0.0160	0.0000	0.0555	0.0105	0.0449	0.0000	0.0000	0.0000	0.0000	0.0000	0.0000	0.0000	0.0000	0.0000	0.6537	0.8144	0.5589	0.7013	0.7013	0.2036	0.6400	0.9859	0.5589	
11	52	0.1796	4	1	1	0	0	0	0	0	0	N	N	N	N	N	N	N	N	N	N	N	N	0.0000	0.0000	0.0000	0.0000	0.0000	0.0000	0.0000	0.0000	0.0000	0.0000	0.0000	0.0000	0.0000	0.0000	0.0000	0.0589	0.1501	0.0000	0.1484	0.1569	0.0000	0.0443	1.2902	0.0000	0.0000	0.0000	-0.0048	1.0000	3.0179	8.0000	1.1627	0.0000	0.0000	0.0000	0.0000	0.0000	0.0000	0.0000	0.0000	0.0000	0.0064	0.0064	0.0000	0.0023	0.0023	0.0000	0.0042	0.0042	0.0000	0.0620	0.0550	0.0070	0.0196	0.0186	0.0010	0.0425	0.0364	0.0061	0.1091	0.0428	0.0663	0.0152	0.0144	0.0008	0.0938	0.0284	0.0655	0.0000	0.0000	0.0000	0.0000	0.0000	0.0000	0.0000	0.0000	0.0000	0.0589	0.1501	0.0000	0.1484	0.1569	0.0000	0.0443	0.1467	0.0000				
11	54	0.1796	4	1	2	0	0	0	0	0	0	N	Y	N	N	N	N	N	N	N	N	N	N	0.0000	0.0000	0.0000	0.0000	0.0000	0.0000	0.0000	0.0000	0.0000	0.0000	0.0000	0.0000	0.0000	0.0000	0.0000	0.0340	0.1022	0.0000	0.1425	0.1583	0.0000	0.0240	1.0062	0.0000	0.0000	0.0000	-0.0048	1.0000	2.0683	8.0000	6.9961	0.0000	0.0000	0.0000	0.0000	0.0000	0.0000	0.0000	0.0000	0.0000	0.0064	0.0064	0.0000	0.0023	0.0023	0.0000	0.0042	0.0042	0.0000	0.0441	0.0391	0.0050	0.0146	0.0139	0.0008	0.0295	0.0253	0.0042	0.1889	0.0628	0.1261	0.0159	0.0143	0.0016	0.1730	0.0485	0.1245	0.0000	0.0000	0.0000	0.0000	0.0000	0.0000	0.0000	0.0000	0.0000	0.0340	0.1022	0.0000	0.1425	0.1583	0.0000	0.0240	0.0857	0.0000				
11	55	0.1230	3	1	1	0	0	0	0	0	0	N	N	N	N	N	N	N	N	N	N	N	N	0.0000	0.0000	0.0000	0.0000	0.0000	0.0000	0.0000	0.0000	0.0000	0.0000	0.0000	0.0000	0.0000	0.0000	0.0000	6.0882	18.1475	0.0150	0.0000	0.0000	0.0000	7.1518	25.2883	0.0163	0.0016	0.0000	-0.7454	1.0000	3.9265	8.0000	5.0808	0.0000	0.0000	0.0000	0.0000	0.0000	0.0000	0.0000	0.0000	0.0000	0.9974	0.9958	0.0016	0.0000	0.0000	0.0000	0.9974	0.9958	0.0016	0.0756	0.0669	0.0086	0.0220	0.0209	0.0011	0.0535	0.0460	0.0075	0.1638	0.0549	0.1090	0.0244	0.0155	0.0089	0.1395	0.0394	0.1001	0.0000	0.0000	0.0000	0.0000	0.0000	0.0000	0.0000	0.0000	0.0000	6.0882	18.1475	0.0150	0.0000	0.0000	0.0000	7.1518	25.2883	0.0163				
11	57	0.2581	8	1	2	0	0	0	0	0	0	N	Y	N	N	N	N	N	N	N	N	N	N	0.0000	0.0000	0.0000	0.0000	0.0000	0.0000	0.0000	0.0000	0.0000	0.0000	0.0000	0.0000	0.0000	0.0000	0.0000	0.0000	0.0000	4.1511	8.7840	0.4885	0.0588	0.0624	0.0000	5.0971	14.6163	0.4982	0.0703	0.0000	-0.7294	1.0000	9.7645	8.0000	7.4558	0.0000	0.0000	0.0000	0.0000	0.0000	0.0000	0.0000	0.0000	0.0000	1.0676	0.9975	0.0702	0.0028	0.0028	0.0000	1.0648	0.9946	0.0702	0.2012	0.1815	0.0197	0.0856	0.0812	0.0043	0.1156	0.1002	0.0154	0.2572	0.1136	0.1436	0.0483	0.0455	0.0028	0.2089	0.0680	0.1408	0.0000	0.0000	0.0000	0.0000	0.0000	0.0000	0.0000	0.0000	0.0000	4.1511	8.7840	0.4885	0.0588	0.0624	0.0000	5.0971	14.6163	0.4982		
11	58	0.3137	9	1	1	1	0	0	0	0	0	N	N	N	N	N	N	N	N	N	N	N	N	0.0000	0.0000	0.0000	0.0000	0.0000	0.0000	0.0000	0.0000	0.0000	0.0000	0.0000	0.0000	0.0000	0.0000	0.0000	0.0000	0.0028	0.0029	0.0027	0.0066	0.0070	0.0000	0.0018	0.0000	0.0028	1.0000	0.0000	-0.0000	1.0000	1.0009	8.0000	0.0163	0.0000	0.0000	0.0000	0.0000	0.0000	0.0000	0.0000	0.0000	0.0000	0.0000	0.0000	0.0000	0.0000	0.0000	0.0000	0.0000	0.0000	0.0000	0.0263	0.0238	0.0025	0.0159	0.0149	0.0010	0.0105	0.0089	0.0015	0.0142	0.0068	0.0074	0.0030	0.0029	0.0002	0.0112	0.0039	0.0072	0.0000	0.0000	0.0000	0.0000	0.0000	0.0000	0.0000	0.0000	0.0000	0.0028	0.0029	0.0027	0.0066	0.0070	0.0000	0.0018	0.0000	0.0028			
11	59	0.2983	8	1	1	0	0	0	0	0	0	N	N	N	N	N	N	N	N	N	N	N	N	0.0000	0.0000	0.0000	0.0000	0.0000	0.0000	0.0000	0.0000	0.0000	0.0000	0.0000	0.0000	0.0000	0.0000	0.0000	0.0000	0.0000	0.0045	0.0038	0.0051	0.0051	0.0054	0.0000	0.0044	0.1233	0.0052	1.6000	0.0000	-0.0000	1.0000	1.9961	8.0000	0.0521	0.0000	0.0000	0.0000	0.0000	0.0000	0.0000	0.0000	0.0000	0.0000	0.0001	0.0000	0.0001	0.0000	0.0000	0.0000	0.0001	0.0000	0.0001	0.0497	0.0448	0.0049	0.0276	0.0259	0.0017	0.0221	0.0189	0.0031	0.0289	0.0132	0.0157	0.0059	0.0056	0.0004	0.0229	0.0076	0.0153	0.0000	0.0000	0.0000	0.0000	0.0000	0.0000	0.0000	0.0000	0.0000	0.0045	0.0038	0.0051	0.0051	0.0054	0.0000	0.0044	0.0026	0.0052		
11	60	0.2906	7	1	1	0	0	0	0	0	0	N	N	N	N	N	N	N	N	N	N	N	N	0.0000	0.0000	0.0000	0.0000	0.0000	0.0000	0.0000	0.0000	0.0000	0.0000	0.0000	0.0000	0.0000	0.0000	0.0000	0.0000	0.0671	0.0126	0.1138	0.0274	0.0290	0.0000	0.0778	0.0000	0.1162	10.5592	0.0000	0.0002	1.0000	0.0081	8.0000	1.0507	0.0000	0.0000	0.0000	0.0000	0.0000	0.0000	0.0000	0.0000	0.0000	0.0010	0.0001	0.0009	0.0001	0.0001	0.0000	0.0009	0.0000	0.0009	0.0003	0.0003	0.0000	0.0002	0.0002	0.0000	0.0001	0.0001	0.0000	0.0155	0.0071	0.0083	0.0033	0.0031	0.0002	0.0122	0.0040	0.0082	0.0000	0.0000	0.0000	0.0000	0.0000	0.0000	0.0000	0.0000	0.0000	0.0671	0.0126	0.1138	0.0274	0.0290	0.0000	0.0778	0.0000	0.1162			
11	61	0.2418	6	1	1	0	0	0	0	0	0	N	N	N	N	N	N	N	N	N	N	N	N	0.0000	0.0000	0.0000	0.0000	0.0000	0.0000	0.0000	0.0000	0.0000	0.0000	0.0000	0.0000	0.0000	0.0000	0.0000	0.0000	0.0000	0.0000	8.2524	0.0284	14.5486	0.0319	0.0249	2.6846	10.6117	0.6761	14.7375	670.2850	0.0000	0.2708	1.0000	3.0167	8.0000	3.2580	0.0000	0.0000	0.0000	0.0000	0.0000	0.0000	0.0000	0.0000	0.0000	1.0850	0.0016	1.0834	0.0009	0.0007	0.0002	1.0840	0.0009	1.0831	0.0714	0.0644	0.0069	0.0331	0.0315	0.0016	0.0383	0.0329	0.0054	0.1315	0.0570	0.0745	0.0293	0.0283	0.0010	0.1022	0.0287	0.0735	0.0000	0.0000	0.0000	0.0000	0.0000	0.0000	0.0000	0.0000	0.0000	8.2524	0.0284	14.5486	0.0319	0.0249	0.2370	10.6117	0.0318	14.7375	
11	62	0.1670	5	1	2	0	0	0	0	0	0	N	Y	N	N	N	N	N	N	N	N	N	N	0.0000	0.0000	0.0000	0.0000	0.0000	0.0000	0.0000	0.0000	0.0000	0.0000	0.0000	0.0000	0.0000	0.0000	0.0000	0.0000	6.4124	0.0065	10.8178	0.0098	0.0122	0.0000	8.7995	0.0000	11.8950	2403.2000	0.0000	0.2410	1.0000	3.3327	8.0000	4.3103	0.0000	0.0000	0.0000	0.0000	0.0000	0.0000	0.0000	0.0000	0.0000	0.9617	0.0004	0.9613	0.0004	0.0004	0.0000	0.9613	0.0000	0.9613	0.1068	0.0966	0.0102	0.0621	0.0586	0.0036	0.0447	0.0380	0.0066	0.1500	0.0611	0.0889	0.0407	0.0327	0.0080	0.1092	0.0284	0.0808	0.0000	0.0000	0.0000	0.0000	0.0000	0.0000	0.0000	0.0000	0.0000	6.4124	0.0065	10.8178	0.0098	0.0122	0.0000	8.7995	0.0000	11.8950			
11	63	0.1430	4	1	1	0	0	0	0	0	0	N	N	N	N	N	N	N	N	N	N	N	N	0.0000	0.0000	0.0000	0.0000	0.0000	0.0000	0.0000	0.0000	0.0000	0.0000	0.0000	0.0000	0.0000	0.0000	0.0000	0.0000	0.0000	0.3555	0.0102	0.5862	0.0081	0.0106	0.0000	0.4690	0.3036	0.6473	86.0258	0.0000	0.0094	1.0000	3.2669	8.0000	2.4507	0.0000	0.0000	0.0000	0.0000	0.0000	0.0000	0.0000	0.0000	0.0000	0.0393	0.0005	0.0389	0.0002	0.0002	0.0000	0.0391	0.0002	0.0389	0.1114	0.1015	0.0099	0.0634	0.0603	0.0031	0.0479	0.0412	0.0067	0.1106	0.0443	0.0663	0.0272	0.0210	0.0063	0.0834	0.0233	0.0601	0.0000	0.0000	0.0000	0.0000	0.0000	0.0000	0.0000	0.0000	0.0000	0.3555	0.0102	0.5862	0.0081	0.0106	0.0000	0.4690	0.0099	0.6473		
11	64	0.0864	4	2	1	1	0	0	0	0	0	Y	N	N	N	N	N	N	N	N	N	N	N	0.0000	0.0000	0.0000	0.0000	0.0000	0.0000	0.0000	0.0000	0.0000	0.0000	0.0000	0.0000	0.0000	0.0000	0.0000	0.0000	0.0000	0.0000	0.0000	0.0000	1.0000	0.0000	8.0000	1.0000	0.0000	0.0000	0.0000	0.0000	0.0000	0.0000	0.0000	0.0000	0.0000	0.0000	0.0000	0.0000	0.0000	0.0000	0.0000	0.0000	0.0000	0.0000	0.0000	0.0000	0.0000	0.0000	0.0000	0.0000	0.0000	0.0000	0.0000	0.0225	0.0054	0.0171	0.0000	0.0000	0.0000	0.0225	0.0054	0.0171	0.0000	0.0000	0.0000	0.0000	0.0000	0.0000	0.0000	0.0000	0.0000	0.0000	0.0000	0.0000	0.0000	0.0000	0.0000	0.0000	0.0000	0.0000											
11	65	0.0864	3	2	1	1	0	0	0	0	0	Y	N	N	N	N	N	N	N	N	N	N	N	0.0000	0.0000	0.0000	0.0000	0.0000	0.0000	0.0000	0.0000	0.0000	0.0000	0.0000	0.0000	0.0000	3.4908	7.2848	0.0000	7.5886	7.5886	0.0000	0.0000	0.0000	0.0000	0.0000	0.0000	-0.0001	1.0000	0.0000	8.0000	0.0001	0.0000	0.0000	0.0000	0.0000	0.0000	0.0000	0.0000	0.0000	0.0000	0.0001	0.0001	0.0000	0.0001	0.0001	0.0000	0.0000	0.0000	0.0000	0.0000	0.0000	0.0000	0.0000	0.0000	0.0000	0.0000	0.0000	0.0000	0.0000	0.0000	0.0000	0.0000	0.0000	0.0000	0.0000	0.0000	0.0000	0.0000	0.0000	0.0000	0.0000	0.0000	0.0000	0.0000	0.0000	0.0000	3.4908	7.2848	0.0000	7.5886	7.5886	0.0000	0.0000	0.0000	0.0000						
11	66	0.0742	2	2	1	1	0	0	0	0	0	Y	N	N	N	N	N	N	N	N	N	N	N	0.0000	0.0000	0.0000	0.0000	0.0000	0.0000	0.0000	0.0000	0.0000	0.0000	0.0000	0.0000	0.0000	0.0000	0.0000	0.0000	1.0345	3.3452	0.0023	8.3964	8.3965	0.0000	0.0018	0.0000	0.0023	0.0015	0.0000	-0.0462	1.0000	1.9720	8.0000	0.0923	0.0000	0.0000	0.0000	0.0000	0.0000	0.0000	0.0000	0.0000	0.0000	0.0618	0.0617	0.0001	0.0617	0.0617	0.0000	0.0001	0.0000	0.0001	0.0365	0.0315	0.0050	0.0049	0.0046	0.0003	0.0316	0.0269	0.0047	0.0597	0.0184	0.0413	0.0073	0.0073	0.0000	0.0524	0.0111	0.0413	0.0000	0.0000	0.0000	0.0000	0.0000	0.0000	0.0000	0.0000	0.0000	1.0345	3.3452	0.0023	8.3964	8.3965	0.0000	0.0018	0.0000	0.0023			
11	68	0.2005	5	1	2	0	1	0	0	0	0	N	Y	N	N	N	N	N	N	N	N	N	N	0.0000	0.0000	0.0000	0.0000	0.0000	0.0000	0.0000	0.0000	0.0000	0.0000	0.0000	0.0000	0.0000	0.5040	1.3802	0.0000	4.5071	4.6510	0.0000	0.0000	0.0000	0.0000	0.0000	0.0000	-0.0508	1.0000	2.7513	8.0000	4.0954	0.0000	0.0000	0.0000	0.0000	0.0000	0.0000	0.0000	0.0000	0.0000	0.0679	0.0679	0.0000	0.0679	0.0679	0.0000	0.0000	0.0000	0.0000	0.0693	0.0627	0.0066	0.0349	0.0331	0.0018	0.0344	0.0296	0.0048	0.1347	0.0492	0.0855	0.0151	0.0146	0.0005	0.1196	0.0346	0.0850	0.0000	0.0000	0.0000	0.0000	0.0000	0.0000	0.0000	0.0000	0.0000	0.5040	1.3802	0.0000	4.5071	4.6510	0.0000	0.0000	0.0000	0.0000						
11	69	0.1230	3	1	2	0	0	0	0	0	0	N	Y	N	N	N	N	N	N	N	N	N	N	0.0000	0.0000	0.0000	0.0000	0.0000	0.0000	0.0000	0.0000	0.0000	0.0000	0.0000	0.0000	0.0000	3.3864	0.0000	5.1119	0.0000	0.0000	0.0000	3.9380	0.0000	5.5569	inf	0.0000	0.2511	1.0000	9.9334	8.0000	8.9999	0.0000	0.0000	0.0000	0.0000	0.0000	0.0000	0.0000	0.0000	0.0000	1.0000	0.0000	1.0000	0.0000	0.0000	0.0000	1.0000	0.0000	1.0000	0.1681	0.1486	0.0195	0.0418	0.0395	0.0024	0.1263	0.1092	0.0171	0.2953	0.0997	0.1956	0.0414	0.0257	0.0157	0.2539	0.0740	0.1800	0.0000	0.0000	0.0000	0.0000	0.0000	0.0000	0.0000	0.0000	0.0000	3.3864	0.0000	5.1119	0.0000	0.0000	0.0000	3.9380	0.0000	5.5569						
11	70	0.1230	3	1	2	0	0	0	0	0	0	N	Y	N	N	N	N	N	N	N	N	N	N	0.0000	0.0000	0.0000	0.0000	0.0000	0.0000	0.0000	0.0000	0.0000	0.0000	0.0000	0.0000	0.0000	24.9484	0.0000	37.4554	0.0000	0.0000	0.0000	29.4649	0.0000	40.7967	inf	0.0000	0.5021	1.0000	0.0666	8.0000	4.0001	0.0000	0.0000	0.0000	0.0000	0.0000	0.0000	0.0000	0.0000	0.0000	2.0000	0.0000	2.0000	0.0000	0.0000	0.0000	2.0000	0.0000	2.0000	0.0066	0.0064	0.0002	0.0056	0.0056	0.0001	0.0010	0.0008	0.0001	0.0802	0.0268	0.0534	0.0123	0.0079	0.0044	0.0679	0.0189	0.0490	0.0000	0.0000	0.0000	0.0000	0.0000	0.0000	0.0000	0.0000	0.0000	24.9484	0.0000	37.4554	0.0000	0.0000	0.0000	29.4649	0.0000	40.7967						
11	74	0.1430	4	1	2	0	0	0	0	0	0	N	Y	N	N	N	N	N	N	N	N	N	N	0.0000	0.0000	0.0000	0.0000	0.0000	0.0000	0.0000	0.0000	0.0000	0.0000	0.0000	0.0000	0.0000	0.0019	0.0048	0.0000	0.0079	0.0104	0.0000	0.0000	0.0000	0.0000	0.0000	0.0000	-0.0002	1.0000	1.8678	8.0000	4.6278	0.0000	0.0000	0.0000	0.0000	0.0000	0.0000	0.0000	0.0000	0.0000	0.0002	0.0002	0.0000	0.0002	0.0002	0.0000	0.0000	0.0000	0.0000	0.0877	0.0806	0.0071	0.0566	0.0539	0.0027	0.0311	0.0267	0.0044	0.1217	0.0481	0.0736	0.0292	0.0222	0.0070	0.0925	0.0259	0.0666	0.0000	0.0000	0.0000	0.0000	0.0000	0.0000	0.0000	0.0000	0.0000	0.0019	0.0048	0.0000	0.0079	0.0104	0.0000	0.0000	0.0000	0.0000						
11	75	0.1230	3	1	1	0	0	0	0	0	0	N	N	N	N	N	N	N	N	N	N	N	N	0.0000	0.0000	0.0000	0.0000	0.0000	0.0000	0.0000	0.0000	0.0000	0.0000	0.0000	0.0000	0.0000	0.0000	0.0000	0.0022	0.0003	0.0032	0.0000	0.0000	0.0000	0.0026	0.0110	0.0035	22.0000	0.0000	0.0000	1.0000	4.7010	8.0000	0.6064	0.0000	0.0000	0.0000	0.0000	0.0000	0.0000	0.0000	0.0000	0.0000	0.0002	0.0000	0.0002	0.0000	0.0000	0.0000	0.0002	0.0000	0.0002	0.0884	0.0782	0.0102	0.0249	0.0236	0.0013	0.0635	0.0546	0.0089	0.1025	0.0343	0.0683	0.0156	0.0100	0.0056	0.0869	0.0242	0.0627	0.0000	0.0000	0.0000	0.0000	0.0000	0.0000	0.0000	0.0000	0.0000	0.0022	0.0003	0.0032	0.0000	0.0000	0.0000	0.0026	0.0004	0.0035				
11	78	0.2467	7	2	2	0	1	0	0	0	0	Y	Y	N	N	N	N	N	N	N	N	N	N	0.0000	0.0000	0.0000	0.0000	0.0000	0.0000	0.0000	0.0000	0.0000	0.0000	0.0000	0.0000	0.0000	0.0013	0.0041	0.0000	0.0140	0.0225	0.0000	0.0000	0.0000	0.0000	0.0000	0.0000	-0.0001	1.0000	1.0000	8.0000	2.0144	0.0000	0.0000	0.0000	0.0000	0.0000	0.0000	0.0000	0.0000	0.0000	0.0001	0.0001	0.0000	0.0001	0.0001	0.0000	0.0000	0.0000	0.0000	0.0209	0.0186	0.0022	0.0081	0.0077	0.0004	0.0128	0.0110	0.0018	0.0552	0.0171	0.0381	0.0050	0.0031	0.0019	0.0502	0.0140	0.0362	0.0000	0.0000	0.0000	0.0000	0.0000	0.0000	0.0000	0.0000	0.0000	0.0013	0.0041	0.0000	0.0140	0.0225	0.0000	0.0000	0.0000	0.0000						
11	79	0.2244	6	2	2	0	1	0	0	0	0	Y	Y	N	N	N	N	N	N	N	N	N	N	0.0000	0.0000	0.0000	0.0000	0.0000	0.0000	0.0000	0.0000	0.0000	0.0000	0.0000	0.0000	0.0000	0.0000	0.0000	0.0013	0.0012	0.0013	0.0000	0.0000	0.0000	0.0014	0.0598	0.0014	2.5000	0.0000	-0.0000	1.0000	0.0001	8.0000	3.0180	0.0000	0.0000	0.0000	0.0000	0.0000	0.0000	0.0000	0.0000	0.0000	0.0001	0.0000	0.0001	0.0000	0.0000	0.0000	0.0001	0.0000	0.0001	0.0000	0.0000	0.0000	0.0000	0.0000	0.0000	0.0000	0.0000	0.0000	0.0548	0.0168	0.0381	0.0045	0.0027	0.0018	0.0503	0.0141	0.0362	0.0000	0.0000	0.0000	0.0000	0.0000	0.0000	0.0000	0.0000	0.0000	0.0013	0.0012	0.0013	0.0000	0.0000	0.0000	0.0014	0.0014	0.0014				
11	80	0.2464	8	1	2	0	1	0	0	0	0	N	Y	N	N	N	N	N	N	N	N	N	N	0.0000	0.0000	0.0000	0.0000	0.0000	0.0000	0.0000	0.0000	0.0000	0.0000	0.0000	0.0000	0.0000	0.0000	0.0000	0.0000	0.0000	0.0000	0.0000	0.0000	1.0000	0.0000	8.0000	0.0000	0.0000	0.0000	0.0000	0.0000	0.0000	0.0000	0.0000	0.0000	0.0000	0.0000	0.0000	0.0000	0.0000	0.0000	0.0000	0.0000	0.0000	0.0000	0.0000	0.0000	0.0000	0.0000	0.0000	0.0000	0.0000	0.0000	0.0000	0.0000	0.0000	0.0000	0.0000	0.0000	0.0000	0.0000	0.0000	0.0000	0.0000	0.0000	0.0000	0.0000	0.0000	0.0000	0.0000	0.0000	0.0000	0.0000	0.0000	0.0000	0.0000	0.0000	0.0000	0.0000	0.0000	0.0000											
11	81	0.2244	6	1	1	1	1	0	0	0	0	N	N	N	N	N	N	N	N	N	N	N	N	0.0000	0.0000	0.0000	0.0000	0.0000	0.0000	0.0000	0.0000	0.0000	0.0000	0.0000	0.0000	0.0000	0.0000	0.0000	0.0000	0.0000	0.0000	0.0000	0.0000	1.0000	2.0000	8.0000	0.0000	0.0000	0.0000	0.0000	0.0000	0.0000	0.0000	0.0000	0.0000	0.0000	0.0000	0.0000	0.0000	0.0000	0.0000	0.0000	0.0000	0.0000	0.0000	0.0410	0.0366	0.0044	0.0157	0.0148	0.0008	0.0253	0.0217	0.0036	0.0369	0.0112	0.0257	0.0030	0.0018	0.0012	0.0339	0.0094	0.0244	0.0000	0.0000	0.0000	0.0000	0.0000	0.0000	0.0000	0.0000	0.0000	0.0000	0.0000	0.0000	0.0000	0.0000	0.0000	0.0000	0.0000	0.0000											
11	82	0.2244	6	1	1	1	1	0	0	0	0	N	N	N	N	N	N	N	N	N	N	N	N	0.0000	0.0000	0.0000	0.0000	0.0000	0.0000	0.0000	0.0000	0.0000	0.0000	0.0000	0.0000	0.0000	13.9740	45.5723	0.0000	0.0000	0.0000	0.0000	15.2252	54.2467	0.0000	0.0000	0.0000	-0.7489	1.0000	0.0000	8.0000	4.0000	0.0000	0.0000	0.0000	0.0000	0.0000	0.0000	0.0000	0.0000	0.0000	1.0000	1.0000	0.0000	0.0000	0.0000	0.0000	1.0000	1.0000	0.0000	0.0000	0.0000	0.0000	0.0000	0.0000	0.0000	0.0000	0.0000	0.0000	0.0716	0.0219	0.0496	0.0059	0.0035	0.0024	0.0657	0.0184	0.0472	0.0000	0.0000	0.0000	0.0000	0.0000	0.0000	0.0000	0.0000	0.0000	13.9740	45.5723	0.0000	0.0000	0.0000	0.0000	15.2252	54.2467	0.0000						
11	83	0.2464	8	1	1	1	1	0	0	0	0	N	N	N	N	N	N	N	N	N	N	N	N	0.0000	0.0000	0.0000	0.0000	0.0000	0.0000	0.0000	0.0000	0.0000	0.0000	0.0000	0.0000	0.0000	0.0000	0.0000	0.0000	0.0000	0.0000	0.0000	0.0000	1.0000	0.0000	8.0000	2.0000	0.0000	0.0000	0.0000	0.0000	0.0000	0.0000	0.0000	0.0000	0.0000	0.0000	0.0000	0.0000	0.0000	0.0000	0.0000	0.0000	0.0000	0.0000	0.0000	0.0000	0.0000	0.0000	0.0000	0.0000	0.0000	0.0000	0.0000	0.0365	0.0108	0.0257	0.0026	0.0013	0.0013	0.0339	0.0094	0.0244	0.0000	0.0000	0.0000	0.0000	0.0000	0.0000	0.0000	0.0000	0.0000	0.0000	0.0000	0.0000	0.0000	0.0000	0.0000	0.0000	0.0000	0.0000											
11	84	0.2391	7	1	1	0	1	0	0	0	0	N	N	N	N	N	N	N	N	N	N	N	N	0.0000	0.0000	0.0000	0.0000	0.0000	0.0000	0.0000	0.0000	0.0000	0.0000	0.0000	0.0000	0.0000	0.0673	0.2233	0.0000	0.7787	1.3553	0.0000	0.0000	0.0000	0.0000	0.0000	0.0000	-0.0010	1.0000	1.0000	8.0000	0.0015	0.0000	0.0000	0.0000	0.0000	0.0000	0.0000	0.0000	0.0000	0.0000	0.0013	0.0013	0.0000	0.0013	0.0013	0.0000	0.0000	0.0000	0.0000	0.0209	0.0186	0.0022	0.0081	0.0077	0.0004	0.0128	0.0110	0.0018	0.0190	0.0057	0.0133	0.0016	0.0009	0.0007	0.0174	0.0048	0.0126	0.0000	0.0000	0.0000	0.0000	0.0000	0.0000	0.0000	0.0000	0.0000	0.0673	0.2233	0.0000	0.7787	1.3553	0.0000	0.0000	0.0000	0.0000						
11	85	0.2244	6	1	1	0	1	0	0	0	0	N	N	N	N	N	N	N	N	N	N	N	N	0.0000	0.0000	0.0000	0.0000	0.0000	0.0000	0.0000	0.0000	0.0000	0.0000	0.0000	0.0000	0.0000	0.0347	0.0000	0.0498	0.0000	0.0000	0.0000	0.0378	0.0000	0.0524	inf	0.0000	0.0003	1.0000	0.0000	8.0000	2.0013	0.0000	0.0000	0.0000	0.0000	0.0000	0.0000	0.0000	0.0000	0.0000	0.0013	0.0000	0.0013	0.0000	0.0000	0.0000	0.0013	0.0000	0.0013	0.0000	0.0000	0.0000	0.0000	0.0000	0.0000	0.0000	0.0000	0.0000	0.0369	0.0113	0.0257	0.0030	0.0018	0.0012	0.0339	0.0095	0.0244	0.0000	0.0000	0.0000	0.0000	0.0000	0.0000	0.0000	0.0000	0.0000	0.0347	0.0000	0.0498	0.0000	0.0000	0.0000	0.0378	0.0000	0.0524						
11	86	0.2643	6	2	2	0	0	0	0	0	0	Y	Y	N	N	N	N	N	N	N	N	N	N	0.1767	0.0918	0.0000	0.0000	0.3857	0.1175	4.1213	4.3863	0.0000	0.0000	0.0000	0.0000	12.4919	14.2947	0.0000	23.3231	47.7841	0.0000	4.3904	4.6136	0.0000	32.3873	121.6739	0.0000	0.0000	0.0000	-0.0000	-0.7303	1.0000	0.0007	8.0000	0.9812	0.0002	0.0002	0.0000	0.0000	0.0000	0.0000	0.0002	0.0002	0.0000	0.9751	0.9751	0.0000	0.0594	0.0594	0.0000	0.9157	0.9157	0.0000	0.0000	0.0000	0.0000	0.0000	0.0000	0.0000	0.0000	0.0000	0.0000	0.0418	0.0204	0.0214	0.0135	0.0129	0.0007	0.0283	0.0075	0.0207	0.1767	0.0918	0.0000	0.0000	0.0000	0.0000	0.3857	0.1175	0.0000	23.3231	47.7841	0.0000	4.3904	4.6136	0.0000	32.3873	121.6739	0.0000			
11	87	0.2085	5	2	2	0	0	0	0	0	0	Y	Y	N	N	N	N	N	N	N	N	N	N	8.2982	4.8880	0.0000	0.0000	0.0000	0.0000	12.7842	7.2127	0.0000	9.8092	10.9445	0.0000	0.0000	0.0000	0.0000	16.1589	18.7845	0.0000	1.1821	2.2390	0.6955	0.3328	0.5277	0.0000	1.2640	2.6044	0.7302	0.0000	0.6748	-0.1977	-0.0509	1.0000	5.0272	8.0000	2.1572	0.9995	0.9995	0.0000	0.0000	0.0000	0.0000	0.9995	0.9995	0.0000	0.1470	0.0878	0.0592	0.0036	0.0036	0.0000	0.1433	0.0841	0.0592	0.1019	0.0913	0.0106	0.0400	0.0381	0.0019	0.0619	0.0532	0.0086	0.1243	0.0392	0.0851	0.0109	0.0069	0.0040	0.1134	0.0323	0.0811	8.2982	4.8880	0.0000	0.0000	0.0000	0.0000	12.7842	7.2127	0.0000	1.1821	2.2390	0.6955	0.3328	0.5277	0.0000	1.2640	2.6044	0.7302
11	88	0.2617	7	1	2	0	0	0	0	0	0	N	Y	N	N	N	N	N	N	N	N	N	N	0.0000	0.0000	0.0000	0.0000	0.0000	0.0000	0.0000	0.0000	0.0000	0.0000	0.0000	0.0000	0.0000	0.0000	0.0000	0.0000	0.0000	0.0000	0.0000	0.0000	1.0000	0.0000	8.0000	4.0000	0.0000	0.0000	0.0000	0.0000	0.0000	0.0000	0.0000	0.0000	0.0000	0.0000	0.0000	0.0000	0.0000	0.0000	0.0000	0.0000	0.0000	0.0000	0.0000	0.0000	0.0000	0.0000	0.0000	0.0000	0.0000	0.0000	0.0000	0.0720	0.0228	0.0492	0.0080	0.0053	0.0027	0.0640	0.0174	0.0465	0.0000	0.0000	0.0000	0.0000	0.0000	0.0000	0.0000	0.0000	0.0000	0.0000	0.0000	0.0000	0.0000	0.0000	0.0000	0.0000	0.0000	0.0000											
11	89	0.2244	6	1	2	0	0	0	0	0	0	N	Y	N	N	N	N	N	N	N	N	N	N	0.0000	0.0000	0.0000	0.0000	0.0000	0.0000	0.0000	0.0000	0.0000	0.0000	0.0000	0.0000	0.0000	11.3525	36.9120	0.0000	0.0000	0.0000	0.0000	12.3690	43.9229	0.0000	0.0000	0.0000	-0.7489	1.0000	3.0000	8.0000	2.0000	0.0000	0.0000	0.0000	0.0000	0.0000	0.0000	0.0000	0.0000	0.0000	1.0000	1.0000	0.0000	0.0000	0.0000	0.0000	1.0000	1.0000	0.0000	0.0602	0.0538	0.0065	0.0227	0.0215	0.0012	0.0375	0.0322	0.0053	0.0881	0.0271	0.0610	0.0072	0.0043	0.0029	0.0808	0.0228	0.0581	0.0000	0.0000	0.0000	0.0000	0.0000	0.0000	0.0000	0.0000	0.0000	11.3525	36.9120	0.0000	0.0000	0.0000	0.0000	12.3690	43.9229	0.0000						
11	90	0.2244	6	2	2	0	0	0	0	0	0	Y	Y	N	N	N	N	N	N	N	N	N	N	0.0000	0.0000	0.0000	0.0000	0.0000	0.0000	0.0000	0.0000	0.0000	0.0000	0.0000	0.0000	0.0000	11.3525	0.0000	16.3948	0.0000	0.0000	0.0000	12.3690	0.0000	17.2176	inf	0.0000	0.2511	1.0000	2.0000	8.0000	3.0000	0.0000	0.0000	0.0000	0.0000	0.0000	0.0000	0.0000	0.0000	0.0000	1.0000	0.0000	1.0000	0.0000	0.0000	0.0000	1.0000	0.0000	1.0000	0.0410	0.0366	0.0044	0.0157	0.0148	0.0008	0.0253	0.0217	0.0036	0.0881	0.0271	0.0610	0.0072	0.0043	0.0029	0.0808	0.0228	0.0581	0.0000	0.0000	0.0000	0.0000	0.0000	0.0000	0.0000	0.0000	0.0000	11.3525	0.0000	16.3948	0.0000	0.0000	0.0000	12.3690	0.0000	17.2176						
11	91	0.2085	5	1	1	0	0	0	0	0	0	N	N	N	N	N	N	N	N	N	N	N	N	0.0685	0.0245	0.0157	0.0113	0.0065	0.0072	0.0000	0.0146	0.0152	0.0000	0.0000	0.0000	0.0000	0.0947	0.2938	0.0000	0.9287	1.3503	0.0000	0.0000	0.0000	0.0000	0.0000	0.0000	-0.0001	-0.0029	1.0000	2.0705	8.0000	0.0351	0.0003	0.0003	0.0000	0.0003	0.0003	0.0000	0.0000	0.0000	0.0000	0.0039	0.0039	0.0000	0.0039	0.0039	0.0000	0.0000	0.0000	0.0000	0.0478	0.0431	0.0047	0.0213	0.0204	0.0009	0.0265	0.0227	0.0038	0.0408	0.0131	0.0276	0.0042	0.0029	0.0013	0.0366	0.0103	0.0263	0.0685	0.0245	0.0000	0.0157	0.0113	0.0000	0.0000	0.0000	0.0000	0.0947	0.2938	0.0000	0.9287	1.3503	0.0000	0.0000	0.0000	0.0000					
11	92	0.1831	4	1	1	0	0	0	0	0	0	N	N	N	N	N	N	N	N	N	N	N	N	0.0166	0.0082	0.0000	0.0000	0.0000	0.1165	0.0096	0.0000	0.0033	0.0037	0.0000	0.0000	0.0000	0.0000	0.0070	0.0081	0.0000	0.2011	0.4466	0.0632	1.1102	1.4115	0.0000	0.0602	0.8497	0.0661	0.0000	0.2519	-0.0001	-0.0081	1.0000	3.4249	8.0000	0.1413	0.0003	0.0003	0.0000	0.0000	0.0000	0.0000	0.0003	0.0003	0.0000	0.0148	0.0118	0.0030	0.0110	0.0110	0.0000	0.0038	0.0009	0.0030	0.0928	0.0843	0.0085	0.0486	0.0462	0.0024	0.0442	0.0381	0.0061	0.0735	0.0265	0.0471	0.0099	0.0078	0.0021	0.0637	0.0187	0.0450	0.0166	0.0082	0.0000	0.0000	0.0000	0.0000	0.1165	0.1768	0.0000	0.2011	0.4466	0.0632	1.1102	1.4115	0.0000	0.0602	0.0460	0.0661	
11	98	0.3199	9	1	1	0	0	0	0	0	0	N	N	N	N	N	N	N	N	N	N	N	N	0.0000	0.0000	0.0000	0.0000	0.0000	0.0000	0.0000	0.0000	0.0000	0.0000	0.0000	0.0000	0.0000	0.0000	0.0000	0.0000	0.0000	0.4558	0.2771	0.6767	0.4595	0.4874	0.0000	0.4540	0.5190	0.7059	1.9757	0.0000	-0.0123	1.0000	4.9999	8.0000	9.0821	0.0000	0.0000	0.0000	0.0000	0.0000	0.0000	0.0000	0.0000	0.0000	0.1445	0.0486	0.0959	0.0471	0.0471	0.0000	0.0974	0.0015	0.0959	0.1409	0.1282	0.0127	0.0763	0.0719	0.0044	0.0646	0.0564	0.0082	0.3170	0.1752	0.1417	0.1025	0.0966	0.0059	0.2145	0.0786	0.1359	0.0000	0.0000	0.0000	0.0000	0.0000	0.0000	0.0000	0.0000	0.0000	0.4558	0.2771	0.6767	0.4595	0.4874	0.0000	0.4540	0.0185	0.7059		
12	13	0.1793	6	0	1	1	1	0	0	0	0	N	N	N	N	N	N	N	N	N	N	N	N	0.0000	0.0000	0.0000	0.0000	0.0000	0.0000	0.0000	0.0000	0.0000	0.0000	0.0000	0.0000	0.0000	0.0000	0.0000	0.0000	0.0000	0.0000	0.0000	0.0000	0.0000	1.0000	1.0000	1.0000	0.0000	0.0000	0.0000	0.0000	0.0000	0.0000	0.0000	0.0000	0.0000	0.0000	0.0000	0.0000	0.0000	0.0000	0.0000	0.0000	0.0000	0.0000	0.0000	0.0000	0.0000	0.0000	0.0000	0.0000	0.0000	0.0000	0.0000	0.0046	0.0014	0.0033	0.0004	0.0002	0.0001	0.0043	0.0012	0.0031	0.0000	0.0000	0.0000	0.0000	0.0000	0.0000	0.0000	0.0000	0.0000	0.0000	0.0000	0.0000	0.0000	0.0000	0.0000	0.0000	0.0000	0.0000											
12	14	0.0222	2	0	0	1	2	0	0	0	0	N	N	N	Y	N	N	N	N	N	N	N	N	0.0000	0.0000	0.0000	0.0000	0.0000	0.0000	0.0000	0.0000	0.0000	0.0000	0.0000	0.0000	0.0000	0.0000	0.0000	0.0000	0.0000	0.0000	0.0000	0.0000	0.0000	1.0000	1.0000	0.9994	0.0000	0.0000	0.0000	0.0000	0.0000	0.0000	0.0000	0.0000	0.0000	0.0000	0.0000	0.0000	0.0000	0.0000	0.0000	0.0000	0.0000	0.0000	0.0000	0.0000	0.0000	0.0000	0.0000	0.0000	0.0000	0.0000	0.0000	0.0087	0.0030	0.0057	0.0003	0.0002	0.0000	0.0085	0.0028	0.0057	0.0000	0.0000	0.0000	0.0000	0.0000	0.0000	0.0000	0.0000	0.0000	0.0000	0.0000	0.0000	0.0000	0.0000	0.0000	0.0000	0.0000	0.0000											
12	15	0.1793	6	0	1	1	1	0	0	0	0	N	N	N	N	N	N	N	N	N	N	N	N	0.0000	0.0000	0.0000	0.0000	0.0000	0.0000	0.0000	0.0000	0.0000	0.0000	0.0000	0.0000	0.0000	0.0000	0.0000	0.0000	0.0000	0.0000	0.0000	0.0000	0.0000	0.0000	1.0000	2.0000	0.0000	0.0000	0.0000	0.0000	0.0000	0.0000	0.0000	0.0000	0.0000	0.0000	0.0000	0.0000	0.0000	0.0000	0.0000	0.0000	0.0000	0.0000	0.0000	0.0000	0.0000	0.0000	0.0000	0.0000	0.0000	0.0000	0.0000	0.0046	0.0014	0.0033	0.0004	0.0002	0.0001	0.0043	0.0012	0.0031	0.0000	0.0000	0.0000	0.0000	0.0000	0.0000	0.0000	0.0000	0.0000	0.0000	0.0000	0.0000	0.0000	0.0000	0.0000	0.0000	0.0000	0.0000											
12	16	0.0222	2	0	1	1	2	0	0	0	0	N	N	N	Y	N	N	N	N	N	N	N	N	0.0000	0.0000	0.0000	0.0000	0.0000	0.0000	0.0000	0.0000	0.0000	0.0000	0.0000	0.0000	0.0000	0.0000	0.0000	0.0000	0.0000	0.0000	0.0000	0.0000	0.0000	2.0000	1.0000	2.0010	0.0000	0.0000	0.0000	0.0000	0.0000	0.0000	0.0000	0.0000	0.0000	0.0000	0.0000	0.0000	0.0000	0.0000	0.0000	0.0000	0.0000	0.0000	0.0000	0.0000	0.0000	0.0000	0.0000	0.0000	0.0000	0.0000	0.0000	0.0166	0.0057	0.0108	0.0005	0.0005	0.0000	0.0161	0.0053	0.0108	0.0000	0.0000	0.0000	0.0000	0.0000	0.0000	0.0000	0.0000	0.0000	0.0000	0.0000	0.0000	0.0000	0.0000	0.0000	0.0000	0.0000	0.0000											
12	17	0.1943	7	1	1	1	1	0	0	0	0	N	N	N	N	N	N	N	N	N	N	N	N	0.0000	0.0000	0.0000	0.0000	0.0000	0.0000	0.0000	0.0000	0.0000	0.0000	0.0000	0.0000	0.0000	0.0000	0.0000	0.0000	0.0000	0.0000	0.0000	0.0000	0.0000	0.0017	1.0000	0.9948	0.0000	0.0000	0.0000	0.0000	0.0000	0.0000	0.0000	0.0000	0.0000	0.0000	0.0000	0.0000	0.0000	0.0000	0.0000	0.0000	0.0000	0.0000	0.0000	0.0000	0.0000	0.0000	0.0000	0.0000	0.0000	0.0000	0.0000	0.0031	0.0013	0.0018	0.0007	0.0006	0.0001	0.0024	0.0007	0.0017	0.0000	0.0000	0.0000	0.0000	0.0000	0.0000	0.0000	0.0000	0.0000	0.0000	0.0000	0.0000	0.0000	0.0000	0.0000	0.0000	0.0000	0.0000											
12	18	0.0448	2	0	1	1	1	0	0	0	0	N	N	N	N	N	N	N	N	N	N	N	N	0.0000	0.0000	0.0000	0.0000	0.0000	0.0000	0.0000	0.0000	0.0000	0.0000	0.0000	0.0000	0.0000	0.0000	0.0000	0.0000	0.0000	0.0000	0.0000	0.0000	0.0000	0.0000	1.0000	0.0000	0.0000	0.0000	0.0000	0.0000	0.0000	0.0000	0.0000	0.0000	0.0000	0.0000	0.0000	0.0000	0.0000	0.0000	0.0000	0.0000	0.0000	0.0000	0.0000	0.0000	0.0000	0.0000	0.0000	0.0000	0.0000	0.0000	0.0000	0.0000	0.0000	0.0000	0.0000	0.0000	0.0000	0.0000	0.0000	0.0000	0.0000	0.0000	0.0000	0.0000	0.0000	0.0000	0.0000	0.0000	0.0000	0.0000	0.0000	0.0000	0.0000	0.0000	0.0000	0.0000	0.0000	0.0000											
12	19	0.1089	4	0	0	1	2	0	0	0	0	N	N	N	Y	N	N	N	N	N	N	N	N	0.0000	0.0000	0.0000	0.0000	0.0000	0.0000	0.0000	0.0000	0.0000	0.0000	0.0000	0.0000	0.0000	0.0000	0.0000	0.0000	0.0000	0.0000	0.0000	0.0000	0.0000	3.0666	1.0000	4.9999	0.0000	0.0000	0.0000	0.0000	0.0000	0.0000	0.0000	0.0000	0.0000	0.0000	0.0000	0.0000	0.0000	0.0000	0.0000	0.0000	0.0000	0.0000	0.0000	0.0000	0.0000	0.0000	0.0000	0.0000	0.0000	0.0000	0.0000	0.0261	0.0087	0.0174	0.0013	0.0008	0.0005	0.0247	0.0079	0.0169	0.0000	0.0000	0.0000	0.0000	0.0000	0.0000	0.0000	0.0000	0.0000	0.0000	0.0000	0.0000	0.0000	0.0000	0.0000	0.0000	0.0000	0.0000											
12	20	0.2009	7	1	0	2	1	0	0	0	0	N	N	Y	N	N	N	N	N	N	N	N	N	0.0000	0.0000	0.0000	0.0000	0.0000	0.0000	0.0000	0.0000	0.0000	0.0000	0.0000	0.0000	0.0000	0.0000	0.0000	0.0000	0.0000	0.0000	0.0000	0.0000	0.0000	0.9718	1.0000	0.9404	0.0000	0.0000	0.0000	0.0000	0.0000	0.0000	0.0000	0.0000	0.0000	0.0000	0.0000	0.0000	0.0000	0.0000	0.0000	0.0000	0.0000	0.0000	0.0000	0.0000	0.0000	0.0000	0.0000	0.0000	0.0000	0.0000	0.0000	0.0068	0.0024	0.0044	0.0013	0.0012	0.0001	0.0055	0.0012	0.0042	0.0000	0.0000	0.0000	0.0000	0.0000	0.0000	0.0000	0.0000	0.0000	0.0000	0.0000	0.0000	0.0000	0.0000	0.0000	0.0000	0.0000	0.0000											
12	21	0.1563	6	0	1	1	1	0	0	0	0	N	N	N	N	N	N	N	N	N	N	N	N	0.0000	0.0000	0.0000	0.0000	0.0000	0.0000	0.0000	0.0000	0.0000	0.0000	0.0000	0.0000	0.0000	0.0000	0.0000	0.0000	0.0000	0.0000	0.0000	0.0000	0.0000	0.9958	1.0000	0.0079	0.0000	0.0000	0.0000	0.0000	0.0000	0.0000	0.0000	0.0000	0.0000	0.0000	0.0000	0.0000	0.0000	0.0000	0.0000	0.0000	0.0000	0.0000	0.0000	0.0000	0.0000	0.0000	0.0000	0.0000	0.0000	0.0000	0.0000	0.0026	0.0011	0.0015	0.0005	0.0004	0.0001	0.0021	0.0007	0.0014	0.0000	0.0000	0.0000	0.0000	0.0000	0.0000	0.0000	0.0000	0.0000	0.0000	0.0000	0.0000	0.0000	0.0000	0.0000	0.0000	0.0000	0.0000											
12	22	0.1128	6	0	1	1	1	0	0	0	0	N	N	N	N	N	N	N	N	N	N	N	N	0.0000	0.0000	0.0000	0.0000	0.0000	0.0000	0.0000	0.0000	0.0000	0.0000	0.0000	0.0000	0.0000	0.0000	0.0000	0.0000	0.0000	0.0000	0.0000	0.0000	0.0000	4.0220	1.0000	5.3698	0.0000	0.0000	0.0000	0.0000	0.0000	0.0000	0.0000	0.0000	0.0000	0.0000	0.0000	0.0000	0.0000	0.0000	0.0000	0.0000	0.0000	0.0000	0.0000	0.0000	0.0000	0.0000	0.0000	0.0000	0.0000	0.0000	0.0000	0.0273	0.0118	0.0155	0.0056	0.0049	0.0007	0.0217	0.0069	0.0148	0.0000	0.0000	0.0000	0.0000	0.0000	0.0000	0.0000	0.0000	0.0000	0.0000	0.0000	0.0000	0.0000	0.0000	0.0000	0.0000	0.0000	0.0000											
12	23	0.1793	6	1	1	1	1	0	0	0	0	N	N	N	N	N	N	N	N	N	N	N	N	0.0000	0.0000	0.0000	0.0000	0.0000	0.0000	0.0000	0.0000	0.0000	0.0000	0.0000	0.0000	0.0000	0.0000	0.0000	0.0000	0.0000	0.0000	0.0000	0.0000	0.0000	0.0000	1.0000	3.0000	0.0000	0.0000	0.0000	0.0000	0.0000	0.0000	0.0000	0.0000	0.0000	0.0000	0.0000	0.0000	0.0000	0.0000	0.0000	0.0000	0.0000	0.0000	0.0000	0.0000	0.0000	0.0000	0.0000	0.0000	0.0000	0.0000	0.0000	0.0068	0.0020	0.0048	0.0005	0.0003	0.0002	0.0063	0.0017	0.0046	0.0000	0.0000	0.0000	0.0000	0.0000	0.0000	0.0000	0.0000	0.0000	0.0000	0.0000	0.0000	0.0000	0.0000	0.0000	0.0000	0.0000	0.0000											
12	24	0.1795	8	0	1	1	1	0	0	0	0	N	N	N	N	N	N	N	N	N	N	N	N	0.0000	0.0000	0.0000	0.0000	0.0000	0.0000	0.0000	0.0000	0.0000	0.0000	0.0000	0.0000	0.0000	0.0000	0.0000	0.0000	0.0000	0.0000	0.0000	0.0000	0.0000	0.0018	1.0000	0.9893	0.0000	0.0000	0.0000	0.0000	0.0000	0.0000	0.0000	0.0000	0.0000	0.0000	0.0000	0.0000	0.0000	0.0000	0.0000	0.0000	0.0000	0.0000	0.0000	0.0000	0.0000	0.0000	0.0000	0.0000	0.0000	0.0000	0.0000	0.0025	0.0011	0.0014	0.0004	0.0003	0.0001	0.0020	0.0007	0.0013	0.0000	0.0000	0.0000	0.0000	0.0000	0.0000	0.0000	0.0000	0.0000	0.0000	0.0000	0.0000	0.0000	0.0000	0.0000	0.0000	0.0000	0.0000											
12	25	0.1089	4	1	1	1	1	0	0	0	0	N	N	N	N	N	N	N	N	N	N	N	N	0.0000	0.0000	0.0000	0.0000	0.0000	0.0000	0.0000	0.0000	0.0000	0.0000	0.0000	0.0000	0.0000	0.0000	0.0000	0.0000	0.0000	0.0000	0.0000	0.0000	0.0000	2.0666	1.0000	3.9999	0.0000	0.0000	0.0000	0.0000	0.0000	0.0000	0.0000	0.0000	0.0000	0.0000	0.0000	0.0000	0.0000	0.0000	0.0000	0.0000	0.0000	0.0000	0.0000	0.0000	0.0000	0.0000	0.0000	0.0000	0.0000	0.0000	0.0000	0.0204	0.0068	0.0136	0.0010	0.0006	0.0004	0.0193	0.0061	0.0132	0.0000	0.0000	0.0000	0.0000	0.0000	0.0000	0.0000	0.0000	0.0000	0.0000	0.0000	0.0000	0.0000	0.0000	0.0000	0.0000	0.0000	0.0000											
12	26	0.1793	6	0	1	1	1	0	0	0	0	N	N	N	N	N	N	N	N	N	N	N	N	0.0000	0.0000	0.0000	0.0000	0.0000	0.0000	0.0000	0.0000	0.0000	0.0000	0.0000	0.0000	0.0000	0.0000	0.0000	0.0000	0.0000	0.0000	0.0000	0.0000	0.0000	1.0000	1.0000	4.0000	0.0000	0.0000	0.0000	0.0000	0.0000	0.0000	0.0000	0.0000	0.0000	0.0000	0.0000	0.0000	0.0000	0.0000	0.0000	0.0000	0.0000	0.0000	0.0000	0.0000	0.0000	0.0000	0.0000	0.0000	0.0000	0.0000	0.0000	0.0111	0.0033	0.0077	0.0009	0.0005	0.0004	0.0102	0.0028	0.0074	0.0000	0.0000	0.0000	0.0000	0.0000	0.0000	0.0000	0.0000	0.0000	0.0000	0.0000	0.0000	0.0000	0.0000	0.0000	0.0000	0.0000	0.0000											
12	27	0.1793	6	0	1	1	1	0	0	0	0	N	N	N	N	N	N	N	N	N	N	N	N	0.0000	0.0000	0.0000	0.0000	0.0000	0.0000	0.0000	0.0000	0.0000	0.0000	0.0000	0.0000	0.0000	0.0000	0.0000	0.0000	0.0000	0.0000	0.0000	0.0000	0.0000	1.0000	1.0000	2.0000	0.0000	0.0000	0.0000	0.0000	0.0000	0.0000	0.0000	0.0000	0.0000	0.0000	0.0000	0.0000	0.0000	0.0000	0.0000	0.0000	0.0000	0.0000	0.0000	0.0000	0.0000	0.0000	0.0000	0.0000	0.0000	0.0000	0.0000	0.0068	0.0020	0.0048	0.0005	0.0003	0.0002	0.0063	0.0017	0.0046	0.0000	0.0000	0.0000	0.0000	0.0000	0.0000	0.0000	0.0000	0.0000	0.0000	0.0000	0.0000	0.0000	0.0000	0.0000	0.0000	0.0000	0.0000											
12	28	0.1089	4	0	1	2	2	0	0	0	0	N	N	Y	Y	N	N	N	N	N	N	N	N	0.0000	0.0000	0.0000	0.0000	0.0000	0.0000	0.0000	0.0000	0.0000	0.0000	0.0000	0.0000	0.0000	0.0000	0.0000	0.0000	0.0000	0.0000	0.0000	0.0000	0.0000	3.9334	1.0000	8.9999	0.0000	0.0000	0.0000	0.0000	0.0000	0.0000	0.0000	0.0000	0.0000	0.0000	0.0000	0.0000	0.0000	0.0000	0.0000	0.0000	0.0000	0.0000	0.0000	0.0000	0.0000	0.0000	0.0000	0.0000	0.0000	0.0000	0.0000	0.0382	0.0128	0.0254	0.0020	0.0012	0.0008	0.0362	0.0116	0.0246	0.0000	0.0000	0.0000	0.0000	0.0000	0.0000	0.0000	0.0000	0.0000	0.0000	0.0000	0.0000	0.0000	0.0000	0.0000	0.0000	0.0000	0.0000											
12	29	0.1567	6	0	1	1	1	0	0	0	0	N	N	N	N	N	N	N	N	N	N	N	N	0.0000	0.0000	0.0000	0.0000	0.0000	0.0000	0.0000	0.0000	0.0000	0.0000	0.0000	0.0000	0.0000	0.0046	0.0142	0.0000	0.0000	0.0000	0.0000	0.0052	0.5184	0.0000	0.0000	0.0000	-0.0001	0.0000	7.9836	1.0000	2.1583	0.0000	0.0000	0.0000	0.0000	0.0000	0.0000	0.0000	0.0000	0.0000	0.0001	0.0001	0.0000	0.0000	0.0000	0.0000	0.0001	0.0001	0.0000	0.0000	0.0000	0.0000	0.0000	0.0000	0.0000	0.0000	0.0000	0.0000	0.0237	0.0077	0.0160	0.0024	0.0017	0.0007	0.0213	0.0061	0.0153	0.0000	0.0000	0.0000	0.0000	0.0000	0.0000	0.0000	0.0000	0.0000	0.0046	0.0142	0.0000	0.0000	0.0000	0.0000	0.0052	0.0182	0.0000						
12	30	0.1089	4	1	1	1	1	0	0	0	0	N	N	N	N	N	N	N	N	N	N	N	N	0.0000	0.0000	0.0000	0.0000	0.0000	0.0000	0.0000	0.0000	0.0000	0.0000	0.0000	0.0000	0.0000	18.6434	55.0750	0.0000	0.0000	0.0000	0.0000	19.7033	61.0705	0.0000	0.0000	0.0000	-0.7489	0.0000	9.9334	1.0000	11.0001	0.0000	0.0000	0.0000	0.0000	0.0000	0.0000	0.0000	0.0000	0.0000	1.0000	1.0000	0.0000	0.0000	0.0000	0.0000	1.0000	1.0000	0.0000	0.0000	0.0000	0.0000	0.0000	0.0000	0.0000	0.0000	0.0000	0.0000	0.0536	0.0182	0.0355	0.0029	0.0018	0.0011	0.0508	0.0164	0.0344	0.0000	0.0000	0.0000	0.0000	0.0000	0.0000	0.0000	0.0000	0.0000	18.6434	55.0750	0.0000	0.0000	0.0000	0.0000	19.7033	61.0705	0.0000						
12	31	0.1089	4	0	0	2	1	0	0	0	0	N	N	Y	N	N	N	N	N	N	N	N	N	0.0000	0.0000	0.0000	0.0000	0.0000	0.0000	0.0000	0.0000	0.0000	0.0000	0.0000	0.0000	0.0000	0.0000	0.0000	0.0000	0.0000	0.0000	0.0000	0.0000	0.0000	2.9334	1.0000	4.9999	0.0000	0.0000	0.0000	0.0000	0.0000	0.0000	0.0000	0.0000	0.0000	0.0000	0.0000	0.0000	0.0000	0.0000	0.0000	0.0000	0.0000	0.0000	0.0000	0.0000	0.0000	0.0000	0.0000	0.0000	0.0000	0.0000	0.0000	0.0257	0.0086	0.0172	0.0013	0.0008	0.0005	0.0244	0.0078	0.0166	0.0000	0.0000	0.0000	0.0000	0.0000	0.0000	0.0000	0.0000	0.0000	0.0000	0.0000	0.0000	0.0000	0.0000	0.0000	0.0000	0.0000	0.0000											
12	32	0.1089	4	0	1	1	1	0	0	0	0	N	N	N	N	N	N	N	N	N	N	N	N	0.0000	0.0000	0.0000	0.0000	0.0000	0.0000	0.0000	0.0000	0.0000	0.0000	0.0000	0.0000	0.0000	0.0000	0.0000	0.0000	0.0000	0.0000	0.0000	0.0000	0.0000	3.0666	1.0000	3.9999	0.0000	0.0000	0.0000	0.0000	0.0000	0.0000	0.0000	0.0000	0.0000	0.0000	0.0000	0.0000	0.0000	0.0000	0.0000	0.0000	0.0000	0.0000	0.0000	0.0000	0.0000	0.0000	0.0000	0.0000	0.0000	0.0000	0.0000	0.0233	0.0077	0.0155	0.0012	0.0007	0.0005	0.0221	0.0070	0.0151	0.0000	0.0000	0.0000	0.0000	0.0000	0.0000	0.0000	0.0000	0.0000	0.0000	0.0000	0.0000	0.0000	0.0000	0.0000	0.0000	0.0000	0.0000											
12	33	0.1972	7	1	0	2	1	0	0	0	0	N	N	Y	N	N	N	N	N	N	N	N	N	0.0000	0.0000	0.0000	0.0000	0.0000	0.0000	0.0000	0.0000	0.0000	0.0000	0.0000	0.0000	0.0000	0.3596	1.0732	0.0000	3.4012	3.4909	0.0000	0.0000	0.0000	0.0000	0.0000	0.0000	-0.0024	0.0000	0.9991	1.0000	2.0219	0.0000	0.0000	0.0000	0.0000	0.0000	0.0000	0.0000	0.0000	0.0000	0.0032	0.0032	0.0000	0.0032	0.0032	0.0000	0.0000	0.0000	0.0000	0.0000	0.0000	0.0000	0.0000	0.0000	0.0000	0.0000	0.0000	0.0000	0.0088	0.0029	0.0058	0.0009	0.0009	0.0000	0.0079	0.0020	0.0058	0.0000	0.0000	0.0000	0.0000	0.0000	0.0000	0.0000	0.0000	0.0000	0.3596	1.0732	0.0000	3.4012	3.4909	0.0000	0.0000	0.0000	0.0000						
12	34	0.1089	4	0	1	1	1	0	0	0	0	N	N	N	N	N	N	N	N	N	N	N	N	0.0000	0.0000	0.0000	0.0000	0.0000	0.0000	0.0000	0.0000	0.0000	0.0000	0.0000	0.0000	0.0000	32.2673	96.6314	0.0000	0.0000	0.0000	0.0000	34.0328	106.7480	0.0000	0.0000	0.0000	-0.7489	0.0000	4.9334	1.0000	5.0001	0.0000	0.0000	0.0000	0.0000	0.0000	0.0000	0.0000	0.0000	0.0000	1.0000	1.0000	0.0000	0.0000	0.0000	0.0000	1.0000	1.0000	0.0000	0.0000	0.0000	0.0000	0.0000	0.0000	0.0000	0.0000	0.0000	0.0000	0.0310	0.0103	0.0206	0.0016	0.0010	0.0006	0.0294	0.0094	0.0200	0.0000	0.0000	0.0000	0.0000	0.0000	0.0000	0.0000	0.0000	0.0000	32.2673	96.6314	0.0000	0.0000	0.0000	0.0000	34.0328	106.7480	0.0000						
12	35	0.1972	7	1	0	2	1	0	0	0	0	N	N	Y	N	N	N	N	N	N	N	N	N	0.0000	0.0000	0.0000	0.0000	0.0000	0.0000	0.0000	0.0000	0.0000	0.0000	0.0000	0.0000	0.0000	0.4948	1.3855	0.0000	3.6106	3.6776	0.0000	0.0000	0.0000	0.0000	0.0000	0.0000	-0.0024	0.0000	0.0009	1.0000	1.9867	0.0000	0.0000	0.0000	0.0000	0.0000	0.0000	0.0000	0.0000	0.0000	0.0032	0.0032	0.0000	0.0032	0.0032	0.0000	0.0000	0.0000	0.0000	0.0000	0.0000	0.0000	0.0000	0.0000	0.0000	0.0000	0.0000	0.0000	0.0064	0.0023	0.0041	0.0009	0.0009	0.0000	0.0055	0.0014	0.0041	0.0000	0.0000	0.0000	0.0000	0.0000	0.0000	0.0000	0.0000	0.0000	0.4948	1.3855	0.0000	3.6106	3.6776	0.0000	0.0000	0.0000	0.0000						
12	36	0.1793	6	1	0	2	1	0	0	0	0	N	N	Y	N	N	N	N	N	N	N	N	N	0.0000	0.0000	0.0000	0.0000	0.0000	0.0000	0.0000	0.0000	0.0000	0.0000	0.0000	0.0000	0.0000	0.0000	0.0000	143.9280	482.3174	0.0329	1810.3243	3011.8959	9.5214	0.0000	0.0000	0.0000	0.0002	0.0000	-0.7465	0.0000	1.0009	1.0000	2.0357	0.0000	0.0000	0.0000	0.0000	0.0000	0.0000	0.0000	0.0000	0.0000	0.9970	0.9968	0.0002	0.9970	0.9968	0.0002	0.0000	0.0000	0.0000	0.0000	0.0000	0.0000	0.0000	0.0000	0.0000	0.0000	0.0000	0.0000	0.0069	0.0021	0.0049	0.0006	0.0003	0.0002	0.0064	0.0017	0.0046	0.0000	0.0000	0.0000	0.0000	0.0000	0.0000	0.0000	0.0000	0.0000	143.9280	482.3174	0.0329	1810.3243	3011.8959	0.7281	0.0000	0.0000	0.0000				
12	37	0.1793	6	1	0	2	1	0	0	0	0	N	N	Y	N	N	N	N	N	N	N	N	N	0.0000	0.0000	0.0000	0.0000	0.0000	0.0000	0.0000	0.0000	0.0000	0.0000	0.0000	0.0000	0.0000	0.0000	0.0000	0.0000	0.0000	0.0000	0.0000	0.0000	0.0000	1.0000	1.0000	3.0000	0.0000	0.0000	0.0000	0.0000	0.0000	0.0000	0.0000	0.0000	0.0000	0.0000	0.0000	0.0000	0.0000	0.0000	0.0000	0.0000	0.0000	0.0000	0.0000	0.0000	0.0000	0.0000	0.0000	0.0000	0.0000	0.0000	0.0000	0.0090	0.0027	0.0063	0.0007	0.0004	0.0003	0.0083	0.0023	0.0060	0.0000	0.0000	0.0000	0.0000	0.0000	0.0000	0.0000	0.0000	0.0000	0.0000	0.0000	0.0000	0.0000	0.0000	0.0000	0.0000	0.0000	0.0000											
12	38	0.1089	4	0	0	2	1	0	0	0	0	N	N	Y	N	N	N	N	N	N	N	N	N	0.0000	0.0000	0.0000	0.0000	0.0000	0.0000	0.0000	0.0000	0.0000	0.0000	0.0000	0.0000	0.0000	0.0000	0.0000	0.0000	0.0000	0.0000	0.0000	0.0000	0.0000	3.0666	1.0000	2.9999	0.0000	0.0000	0.0000	0.0000	0.0000	0.0000	0.0000	0.0000	0.0000	0.0000	0.0000	0.0000	0.0000	0.0000	0.0000	0.0000	0.0000	0.0000	0.0000	0.0000	0.0000	0.0000	0.0000	0.0000	0.0000	0.0000	0.0000	0.0204	0.0068	0.0136	0.0010	0.0006	0.0004	0.0193	0.0061	0.0132	0.0000	0.0000	0.0000	0.0000	0.0000	0.0000	0.0000	0.0000	0.0000	0.0000	0.0000	0.0000	0.0000	0.0000	0.0000	0.0000	0.0000	0.0000											
12	39	0.1089	4	0	1	1	1	0	0	0	0	N	N	N	N	N	N	N	N	N	N	N	N	0.0000	0.0000	0.0000	0.0000	0.0000	0.0000	0.0000	0.0000	0.0000	0.0000	0.0000	0.0000	0.0000	0.0000	0.0000	0.0000	0.0000	0.0000	0.0000	0.0000	0.0000	3.9334	1.0000	2.0001	0.0000	0.0000	0.0000	0.0000	0.0000	0.0000	0.0000	0.0000	0.0000	0.0000	0.0000	0.0000	0.0000	0.0000	0.0000	0.0000	0.0000	0.0000	0.0000	0.0000	0.0000	0.0000	0.0000	0.0000	0.0000	0.0000	0.0000	0.0200	0.0066	0.0134	0.0010	0.0006	0.0004	0.0190	0.0060	0.0130	0.0000	0.0000	0.0000	0.0000	0.0000	0.0000	0.0000	0.0000	0.0000	0.0000	0.0000	0.0000	0.0000	0.0000	0.0000	0.0000	0.0000	0.0000											
12	40	0.2132	9	1	1	2	1	0	0	0	0	N	N	Y	N	N	N	N	N	N	N	N	N	0.0000	0.0000	0.0000	0.0000	0.0000	0.0000	0.0000	0.0000	0.0000	0.0000	0.0000	0.0000	0.0000	0.0000	0.0000	0.0000	0.0000	0.0000	0.0000	0.0000	0.0000	0.0000	1.0000	0.0000	0.0000	0.0000	0.0000	0.0000	0.0000	0.0000	0.0000	0.0000	0.0000	0.0000	0.0000	0.0000	0.0000	0.0000	0.0000	0.0000	0.0000	0.0000	0.0000	0.0000	0.0000	0.0000	0.0000	0.0000	0.0000	0.0000	0.0000	0.0000	0.0000	0.0000	0.0000	0.0000	0.0000	0.0000	0.0000	0.0000	0.0000	0.0000	0.0000	0.0000	0.0000	0.0000	0.0000	0.0000	0.0000	0.0000	0.0000	0.0000	0.0000	0.0000	0.0000	0.0000	0.0000	0.0000											
12	41	0.2132	8	1	1	2	1	0	0	0	0	N	N	Y	N	N	N	N	N	N	N	N	N	0.0000	0.0000	0.0000	0.0000	0.0000	0.0000	0.0000	0.0000	0.0000	0.0000	0.0000	0.0000	0.0000	0.0000	0.0000	0.0000	0.0000	0.0000	0.0000	0.0000	0.0000	1.0000	1.0000	1.9999	0.0000	0.0000	0.0000	0.0000	0.0000	0.0000	0.0000	0.0000	0.0000	0.0000	0.0000	0.0000	0.0000	0.0000	0.0000	0.0000	0.0000	0.0000	0.0000	0.0000	0.0000	0.0000	0.0000	0.0000	0.0000	0.0000	0.0000	0.0074	0.0022	0.0053	0.0005	0.0003	0.0002	0.0069	0.0019	0.0051	0.0000	0.0000	0.0000	0.0000	0.0000	0.0000	0.0000	0.0000	0.0000	0.0000	0.0000	0.0000	0.0000	0.0000	0.0000	0.0000	0.0000	0.0000											
12	42	0.0792	3	1	1	1	1	0	0	0	0	N	N	N	N	N	N	N	N	N	N	N	N	0.0000	0.0000	0.0000	0.0000	0.0000	0.0000	0.0000	0.0000	0.0000	0.0000	0.0000	0.0000	0.0000	0.0010	0.0026	0.0000	0.0061	0.0061	0.0000	0.0000	0.0000	0.0000	0.0000	0.0000	-0.0000	0.0000	0.0007	1.0000	2.0242	0.0000	0.0000	0.0000	0.0000	0.0000	0.0000	0.0000	0.0000	0.0000	0.0000	0.0000	0.0000	0.0000	0.0000	0.0000	0.0000	0.0000	0.0000	0.0000	0.0000	0.0000	0.0000	0.0000	0.0000	0.0000	0.0000	0.0000	0.0100	0.0039	0.0061	0.0016	0.0016	0.0000	0.0084	0.0022	0.0061	0.0000	0.0000	0.0000	0.0000	0.0000	0.0000	0.0000	0.0000	0.0000	0.0010	0.0026	0.0000	0.0061	0.0061	0.0000	0.0000	0.0000	0.0000						
12	43	0.1533	5	0	1	1	2	0	0	0	0	N	N	N	Y	N	N	N	N	N	N	N	N	0.0000	0.0000	0.0000	0.0000	0.0000	0.0000	0.0000	0.0000	0.0000	0.0000	0.0000	0.0000	0.0000	0.0000	0.0000	0.0000	0.0000	0.0000	0.0000	0.0000	0.0000	0.0000	1.0000	0.0000	0.0000	0.0000	0.0000	0.0000	0.0000	0.0000	0.0000	0.0000	0.0000	0.0000	0.0000	0.0000	0.0000	0.0000	0.0000	0.0000	0.0000	0.0000	0.0000	0.0000	0.0000	0.0000	0.0000	0.0000	0.0000	0.0000	0.0000	0.0000	0.0000	0.0000	0.0000	0.0000	0.0000	0.0000	0.0000	0.0000	0.0000	0.0000	0.0000	0.0000	0.0000	0.0000	0.0000	0.0000	0.0000	0.0000	0.0000	0.0000	0.0000	0.0000	0.0000	0.0000	0.0000	0.0000											
12	44	0.1533	5	0	0	1	2	0	0	0	0	N	N	N	Y	N	N	N	N	N	N	N	N	0.0000	0.0000	0.0000	0.0000	0.0000	0.0000	0.0000	0.0000	0.0000	0.0000	0.0000	0.0000	0.0000	0.0000	0.0000	0.0000	0.0000	0.0000	0.0000	0.0000	0.0000	0.0000	1.0000	0.0000	0.0000	0.0000	0.0000	0.0000	0.0000	0.0000	0.0000	0.0000	0.0000	0.0000	0.0000	0.0000	0.0000	0.0000	0.0000	0.0000	0.0000	0.0000	0.0000	0.0000	0.0000	0.0000	0.0000	0.0000	0.0000	0.0000	0.0000	0.0000	0.0000	0.0000	0.0000	0.0000	0.0000	0.0000	0.0000	0.0000	0.0000	0.0000	0.0000	0.0000	0.0000	0.0000	0.0000	0.0000	0.0000	0.0000	0.0000	0.0000	0.0000	0.0000	0.0000	0.0000	0.0000	0.0000											
12	45	0.1089	4	0	0	1	2	0	0	0	0	N	N	N	Y	N	N	N	N	N	N	N	N	0.0000	0.0000	0.0000	0.0000	0.0000	0.0000	0.0000	0.0000	0.0000	0.0000	0.0000	0.0000	0.0000	0.0000	0.0000	0.0000	0.0000	0.0000	0.0000	0.0000	0.0000	3.0666	1.0000	3.9999	0.0000	0.0000	0.0000	0.0000	0.0000	0.0000	0.0000	0.0000	0.0000	0.0000	0.0000	0.0000	0.0000	0.0000	0.0000	0.0000	0.0000	0.0000	0.0000	0.0000	0.0000	0.0000	0.0000	0.0000	0.0000	0.0000	0.0000	0.0233	0.0077	0.0155	0.0012	0.0007	0.0005	0.0221	0.0070	0.0151	0.0000	0.0000	0.0000	0.0000	0.0000	0.0000	0.0000	0.0000	0.0000	0.0000	0.0000	0.0000	0.0000	0.0000	0.0000	0.0000	0.0000	0.0000											
12	46	0.1793	6	1	0	2	1	0	0	0	0	N	N	Y	N	N	N	N	N	N	N	N	N	0.0000	0.0000	0.0000	0.0000	0.0000	0.0000	0.0000	0.0000	0.0000	0.0000	0.0000	0.0000	0.0000	0.0000	0.0000	0.0000	0.0000	0.0000	0.0000	0.0000	0.0000	0.0000	1.0000	2.0000	0.0000	0.0000	0.0000	0.0000	0.0000	0.0000	0.0000	0.0000	0.0000	0.0000	0.0000	0.0000	0.0000	0.0000	0.0000	0.0000	0.0000	0.0000	0.0000	0.0000	0.0000	0.0000	0.0000	0.0000	0.0000	0.0000	0.0000	0.0046	0.0014	0.0033	0.0004	0.0002	0.0001	0.0043	0.0012	0.0031	0.0000	0.0000	0.0000	0.0000	0.0000	0.0000	0.0000	0.0000	0.0000	0.0000	0.0000	0.0000	0.0000	0.0000	0.0000	0.0000	0.0000	0.0000											
12	47	0.1943	7	1	1	1	1	0	0	0	0	N	N	N	N	N	N	N	N	N	N	N	N	0.0000	0.0000	0.0000	0.0000	0.0000	0.0000	0.0000	0.0000	0.0000	0.0000	0.0000	0.0000	0.0000	0.0000	0.0000	0.0000	0.0000	0.0000	0.0000	0.0000	0.0000	0.9991	1.0000	2.0273	0.0000	0.0000	0.0000	0.0000	0.0000	0.0000	0.0000	0.0000	0.0000	0.0000	0.0000	0.0000	0.0000	0.0000	0.0000	0.0000	0.0000	0.0000	0.0000	0.0000	0.0000	0.0000	0.0000	0.0000	0.0000	0.0000	0.0000	0.0078	0.0032	0.0046	0.0015	0.0013	0.0002	0.0063	0.0019	0.0044	0.0000	0.0000	0.0000	0.0000	0.0000	0.0000	0.0000	0.0000	0.0000	0.0000	0.0000	0.0000	0.0000	0.0000	0.0000	0.0000	0.0000	0.0000											
12	48	0.1567	6	1	1	1	1	0	0	0	0	N	N	N	N	N	N	N	N	N	N	N	N	0.0000	0.0000	0.0000	0.0000	0.0000	0.0000	0.0000	0.0000	0.0000	0.0000	0.0000	0.0000	0.0000	0.0067	0.0202	0.0000	0.0000	0.0000	0.0000	0.0075	0.6144	0.0000	0.0000	0.0000	-0.0001	0.0000	3.1828	1.0000	3.1571	0.0000	0.0000	0.0000	0.0000	0.0000	0.0000	0.0000	0.0000	0.0000	0.0001	0.0001	0.0000	0.0000	0.0000	0.0000	0.0001	0.0001	0.0000	0.0000	0.0000	0.0000	0.0000	0.0000	0.0000	0.0000	0.0000	0.0000	0.0164	0.0054	0.0110	0.0018	0.0014	0.0005	0.0146	0.0041	0.0105	0.0000	0.0000	0.0000	0.0000	0.0000	0.0000	0.0000	0.0000	0.0000	0.0067	0.0202	0.0000	0.0000	0.0000	0.0000	0.0075	0.0271	0.0000						
12	49	0.1525	5	0	1	1	1	0	0	0	0	N	N	N	N	N	N	N	N	N	N	N	N	0.0000	0.0000	0.0000	0.0000	0.0000	0.0000	0.0000	0.0000	0.0000	0.0000	0.0000	0.0000	0.0000	0.0000	0.0000	0.1499	0.4305	0.0000	0.1845	0.2245	0.0000	0.1445	1.5058	0.0000	0.0000	0.0000	-0.0007	0.0000	0.8922	1.0000	1.0748	0.0000	0.0000	0.0000	0.0000	0.0000	0.0000	0.0000	0.0000	0.0000	0.0009	0.0009	0.0000	0.0001	0.0001	0.0000	0.0007	0.0007	0.0000	0.0000	0.0000	0.0000	0.0000	0.0000	0.0000	0.0000	0.0000	0.0000	0.0060	0.0021	0.0039	0.0008	0.0007	0.0001	0.0052	0.0014	0.0038	0.0000	0.0000	0.0000	0.0000	0.0000	0.0000	0.0000	0.0000	0.0000	0.1499	0.4305	0.0000	0.1845	0.2245	0.0000	0.1445	0.5272	0.0000				
12	50	0.1793	6	0	1	1	1	0	0	0	0	N	N	N	N	N	N	N	N	N	N	N	N	0.0000	0.0000	0.0000	0.0000	0.0000	0.0000	0.0000	0.0000	0.0000	0.0000	0.0000	0.0000	0.0000	0.0000	0.0000	0.0000	0.0000	0.0000	0.0000	0.0000	0.0000	0.0000	1.0000	0.0000	0.0000	0.0000	0.0000	0.0000	0.0000	0.0000	0.0000	0.0000	0.0000	0.0000	0.0000	0.0000	0.0000	0.0000	0.0000	0.0000	0.0000	0.0000	0.0000	0.0000	0.0000	0.0000	0.0000	0.0000	0.0000	0.0000	0.0000	0.0000	0.0000	0.0000	0.0000	0.0000	0.0000	0.0000	0.0000	0.0000	0.0000	0.0000	0.0000	0.0000	0.0000	0.0000	0.0000	0.0000	0.0000	0.0000	0.0000	0.0000	0.0000	0.0000	0.0000	0.0000	0.0000	0.0000											
12	51	0.1793	6	1	1	1	1	0	0	0	0	N	N	N	N	N	N	N	N	N	N	N	N	0.0000	0.0000	0.0000	0.0000	0.0000	0.0000	0.0000	0.0000	0.0000	0.0000	0.0000	0.0000	0.0000	0.0000	0.0000	0.0000	0.0000	0.0000	0.0000	0.0000	0.0000	1.0000	1.0000	3.0000	0.0000	0.0000	0.0000	0.0000	0.0000	0.0000	0.0000	0.0000	0.0000	0.0000	0.0000	0.0000	0.0000	0.0000	0.0000	0.0000	0.0000	0.0000	0.0000	0.0000	0.0000	0.0000	0.0000	0.0000	0.0000	0.0000	0.0000	0.0090	0.0027	0.0063	0.0007	0.0004	0.0003	0.0083	0.0023	0.0060	0.0000	0.0000	0.0000	0.0000	0.0000	0.0000	0.0000	0.0000	0.0000	0.0000	0.0000	0.0000	0.0000	0.0000	0.0000	0.0000	0.0000	0.0000											
12	52	0.1655	5	0	0	1	1	0	0	0	0	N	N	N	N	N	N	N	N	N	N	N	N	0.0000	0.0000	0.0000	0.0000	0.0000	0.0000	0.0000	0.0000	0.0000	0.0000	0.0000	0.0000	0.0000	0.0000	0.0000	0.5113	1.1836	0.0000	0.1541	0.1839	0.0000	0.5932	1.8594	0.0000	0.0000	0.0000	-0.0053	0.0000	3.0179	1.0000	1.1627	0.0000	0.0000	0.0000	0.0000	0.0000	0.0000	0.0000	0.0000	0.0000	0.0071	0.0071	0.0000	0.0004	0.0004	0.0000	0.0067	0.0067	0.0000	0.0000	0.0000	0.0000	0.0000	0.0000	0.0000	0.0000	0.0000	0.0000	0.0139	0.0060	0.0079	0.0026	0.0022	0.0004	0.0113	0.0038	0.0075	0.0000	0.0000	0.0000	0.0000	0.0000	0.0000	0.0000	0.0000	0.0000	0.5113	1.1836	0.0000	0.1541	0.1839	0.0000	0.5932	1.7512	0.0000				
12	53	0.1793	6	1	1	2	1	0	0	0	0	N	N	Y	N	N	N	N	N	N	N	N	N	0.0000	0.0000	0.0000	0.0000	0.0000	0.0000	0.0000	0.0000	0.0000	0.0000	0.0000	0.0000	0.0000	0.0000	0.0000	0.0000	0.0000	0.0000	0.0000	0.0000	0.0000	4.0000	1.0000	1.0000	0.0000	0.0000	0.0000	0.0000	0.0000	0.0000	0.0000	0.0000	0.0000	0.0000	0.0000	0.0000	0.0000	0.0000	0.0000	0.0000	0.0000	0.0000	0.0000	0.0000	0.0000	0.0000	0.0000	0.0000	0.0000	0.0000	0.0000	0.0111	0.0033	0.0077	0.0009	0.0005	0.0004	0.0102	0.0028	0.0074	0.0000	0.0000	0.0000	0.0000	0.0000	0.0000	0.0000	0.0000	0.0000	0.0000	0.0000	0.0000	0.0000	0.0000	0.0000	0.0000	0.0000	0.0000											
12	54	0.1655	5	0	1	1	1	0	0	0	0	N	N	N	N	N	N	N	N	N	N	N	N	0.0000	0.0000	0.0000	0.0000	0.0000	0.0000	0.0000	0.0000	0.0000	0.0000	0.0000	0.0000	0.0000	0.0000	0.0000	0.2940	0.7931	0.0000	0.1147	0.1519	0.0000	0.3243	1.7477	0.0000	0.0000	0.0000	-0.0053	0.0000	2.0683	1.0000	6.9961	0.0000	0.0000	0.0000	0.0000	0.0000	0.0000	0.0000	0.0000	0.0000	0.0071	0.0071	0.0000	0.0004	0.0004	0.0000	0.0067	0.0067	0.0000	0.0000	0.0000	0.0000	0.0000	0.0000	0.0000	0.0000	0.0000	0.0000	0.0242	0.0090	0.0152	0.0035	0.0026	0.0009	0.0207	0.0063	0.0144	0.0000	0.0000	0.0000	0.0000	0.0000	0.0000	0.0000	0.0000	0.0000	0.2940	0.7931	0.0000	0.1147	0.1519	0.0000	0.3243	1.0598	0.0000				
12	55	0.1089	4	0	0	1	1	0	0	0	0	N	N	N	N	N	N	N	N	N	N	N	N	0.0000	0.0000	0.0000	0.0000	0.0000	0.0000	0.0000	0.0000	0.0000	0.0000	0.0000	0.0000	0.0000	0.0000	0.0000	34.7321	104.1126	0.0184	0.0000	0.0000	0.0000	36.6249	114.9706	0.0189	0.0004	0.0000	-0.7436	0.0000	3.9265	1.0000	5.0808	0.0000	0.0000	0.0000	0.0000	0.0000	0.0000	0.0000	0.0000	0.0000	0.9933	0.9929	0.0003	0.0000	0.0000	0.0000	0.9933	0.9929	0.0003	0.0000	0.0000	0.0000	0.0000	0.0000	0.0000	0.0000	0.0000	0.0000	0.0286	0.0095	0.0191	0.0015	0.0009	0.0006	0.0271	0.0086	0.0185	0.0000	0.0000	0.0000	0.0000	0.0000	0.0000	0.0000	0.0000	0.0000	34.7321	104.1126	0.0184	0.0000	0.0000	0.0000	36.6249	114.9706	0.0189				
12	56	0.1793	6	1	0	2	1	0	0	0	0	N	N	Y	N	N	N	N	N	N	N	N	N	0.0000	0.0000	0.0000	0.0000	0.0000	0.0000	0.0000	0.0000	0.0000	0.0000	0.0000	0.0000	0.0000	0.0000	0.0000	0.0000	0.0000	0.0000	0.0000	0.0000	0.0000	4.0000	1.0000	7.0000	0.0000	0.0000	0.0000	0.0000	0.0000	0.0000	0.0000	0.0000	0.0000	0.0000	0.0000	0.0000	0.0000	0.0000	0.0000	0.0000	0.0000	0.0000	0.0000	0.0000	0.0000	0.0000	0.0000	0.0000	0.0000	0.0000	0.0000	0.0222	0.0068	0.0154	0.0018	0.0011	0.0008	0.0204	0.0057	0.0147	0.0000	0.0000	0.0000	0.0000	0.0000	0.0000	0.0000	0.0000	0.0000	0.0000	0.0000	0.0000	0.0000	0.0000	0.0000	0.0000	0.0000	0.0000											
12	57	0.1239	7	0	1	1	1	0	0	0	0	N	N	N	N	N	N	N	N	N	N	N	N	0.0000	0.0000	0.0000	0.0000	0.0000	0.0000	0.0000	0.0000	0.0000	0.0000	0.0000	0.0000	0.0000	0.0000	0.0000	0.0010	0.0023	0.0000	0.0026	0.0031	0.0000	0.0006	0.0844	0.0000	0.0000	0.0000	-0.0000	0.0000	9.7645	1.0000	7.4558	0.0000	0.0000	0.0000	0.0000	0.0000	0.0000	0.0000	0.0000	0.0000	0.0000	0.0000	0.0000	0.0000	0.0000	0.0000	0.0000	0.0000	0.0000	0.0000	0.0000	0.0000	0.0000	0.0000	0.0000	0.0000	0.0000	0.0000	0.0390	0.0171	0.0218	0.0077	0.0064	0.0012	0.0313	0.0107	0.0206	0.0000	0.0000	0.0000	0.0000	0.0000	0.0000	0.0000	0.0000	0.0000	0.0010	0.0023	0.0000	0.0026	0.0031	0.0000	0.0006	0.0019	0.0000				
12	58	0.1795	8	0	0	2	1	0	0	0	0	N	N	Y	N	N	N	N	N	N	N	N	N	0.0000	0.0000	0.0000	0.0000	0.0000	0.0000	0.0000	0.0000	0.0000	0.0000	0.0000	0.0000	0.0000	0.0000	0.0000	0.0000	0.0000	0.0000	0.0000	0.0000	0.0000	1.0009	1.0000	0.0163	0.0000	0.0000	0.0000	0.0000	0.0000	0.0000	0.0000	0.0000	0.0000	0.0000	0.0000	0.0000	0.0000	0.0000	0.0000	0.0000	0.0000	0.0000	0.0000	0.0000	0.0000	0.0000	0.0000	0.0000	0.0000	0.0000	0.0000	0.0025	0.0011	0.0014	0.0004	0.0004	0.0001	0.0021	0.0007	0.0013	0.0000	0.0000	0.0000	0.0000	0.0000	0.0000	0.0000	0.0000	0.0000	0.0000	0.0000	0.0000	0.0000	0.0000	0.0000	0.0000	0.0000	0.0000											
12	59	0.1641	7	0	0	1	1	0	0	0	0	N	N	N	N	N	N	N	N	N	N	N	N	0.0000	0.0000	0.0000	0.0000	0.0000	0.0000	0.0000	0.0000	0.0000	0.0000	0.0000	0.0000	0.0000	0.0000	0.0000	0.0000	0.0000	0.0000	0.0000	0.0000	0.0000	1.9961	1.0000	0.0521	0.0000	0.0000	0.0000	0.0000	0.0000	0.0000	0.0000	0.0000	0.0000	0.0000	0.0000	0.0000	0.0000	0.0000	0.0000	0.0000	0.0000	0.0000	0.0000	0.0000	0.0000	0.0000	0.0000	0.0000	0.0000	0.0000	0.0000	0.0050	0.0021	0.0029	0.0009	0.0007	0.0002	0.0042	0.0014	0.0027	0.0000	0.0000	0.0000	0.0000	0.0000	0.0000	0.0000	0.0000	0.0000	0.0000	0.0000	0.0000	0.0000	0.0000	0.0000	0.0000	0.0000	0.0000											
12	60	0.1563	6	0	0	1	1	0	0	0	0	N	N	N	N	N	N	N	N	N	N	N	N	0.0000	0.0000	0.0000	0.0000	0.0000	0.0000	0.0000	0.0000	0.0000	0.0000	0.0000	0.0000	0.0000	0.0000	0.0000	0.0000	0.0000	0.0000	0.0000	0.0000	0.0000	0.0081	1.0000	1.0507	0.0000	0.0000	0.0000	0.0000	0.0000	0.0000	0.0000	0.0000	0.0000	0.0000	0.0000	0.0000	0.0000	0.0000	0.0000	0.0000	0.0000	0.0000	0.0000	0.0000	0.0000	0.0000	0.0000	0.0000	0.0000	0.0000	0.0000	0.0027	0.0012	0.0016	0.0005	0.0004	0.0001	0.0022	0.0008	0.0015	0.0000	0.0000	0.0000	0.0000	0.0000	0.0000	0.0000	0.0000	0.0000	0.0000	0.0000	0.0000	0.0000	0.0000	0.0000	0.0000	0.0000	0.0000											
12	61	0.1076	5	0	0	1	1	0	0	0	0	N	N	N	N	N	N	N	N	N	N	N	N	0.0000	0.0000	0.0000	0.0000	0.0000	0.0000	0.0000	0.0000	0.0000	0.0000	0.0000	0.0000	0.0000	0.0024	0.0056	0.0000	0.0000	0.0000	0.0000	0.0030	0.3127	0.0000	0.0000	0.0000	-0.0000	0.0000	3.0167	1.0000	3.2580	0.0000	0.0000	0.0000	0.0000	0.0000	0.0000	0.0000	0.0000	0.0000	0.0001	0.0001	0.0000	0.0000	0.0000	0.0000	0.0001	0.0001	0.0000	0.0000	0.0000	0.0000	0.0000	0.0000	0.0000	0.0000	0.0000	0.0000	0.0209	0.0089	0.0120	0.0045	0.0040	0.0005	0.0164	0.0049	0.0115	0.0000	0.0000	0.0000	0.0000	0.0000	0.0000	0.0000	0.0000	0.0000	0.0024	0.0056	0.0000	0.0000	0.0000	0.0000	0.0030	0.0102	0.0000						
12	62	0.1528	6	0	1	1	1	0	0	0	0	N	N	N	N	N	N	N	N	N	N	N	N	0.0000	0.0000	0.0000	0.0000	0.0000	0.0000	0.0000	0.0000	0.0000	0.0000	0.0000	0.0000	0.0000	0.0027	0.0073	0.0000	0.0153	0.0178	0.0000	0.0000	0.0000	0.0000	0.0000	0.0000	-0.0000	0.0000	3.3327	1.0000	4.3103	0.0000	0.0000	0.0000	0.0000	0.0000	0.0000	0.0000	0.0000	0.0000	0.0001	0.0001	0.0000	0.0001	0.0001	0.0000	0.0000	0.0000	0.0000	0.0000	0.0000	0.0000	0.0000	0.0000	0.0000	0.0000	0.0000	0.0000	0.0225	0.0082	0.0143	0.0039	0.0034	0.0005	0.0186	0.0048	0.0137	0.0000	0.0000	0.0000	0.0000	0.0000	0.0000	0.0000	0.0000	0.0000	0.0027	0.0073	0.0000	0.0153	0.0178	0.0000	0.0000	0.0000	0.0000						
12	63	0.1288	5	0	0	1	1	0	0	0	0	N	N	N	N	N	N	N	N	N	N	N	N	0.0000	0.0000	0.0000	0.0000	0.0000	0.0000	0.0000	0.0000	0.0000	0.0000	0.0000	0.0000	0.0000	0.0035	0.0000	0.0053	0.0000	0.0000	0.0000	0.0040	0.0000	0.0055	inf	0.0000	0.0000	0.0000	3.2669	1.0000	2.4507	0.0000	0.0000	0.0000	0.0000	0.0000	0.0000	0.0000	0.0000	0.0000	0.0001	0.0000	0.0001	0.0000	0.0000	0.0000	0.0001	0.0000	0.0001	0.0000	0.0000	0.0000	0.0000	0.0000	0.0000	0.0000	0.0000	0.0000	0.0172	0.0059	0.0113	0.0024	0.0019	0.0004	0.0149	0.0040	0.0109	0.0000	0.0000	0.0000	0.0000	0.0000	0.0000	0.0000	0.0000	0.0000	0.0035	0.0000	0.0053	0.0000	0.0000	0.0000	0.0040	0.0000	0.0055						
12	64	0.2132	9	1	0	2	1	0	0	0	0	N	N	Y	N	N	N	N	N	N	N	N	N	0.0000	0.0000	0.0000	0.0000	0.0000	0.0000	0.0000	0.0000	0.0000	0.0000	0.0000	0.0000	0.0000	0.0000	0.0000	0.0000	0.0000	0.0000	0.0000	0.0000	0.0000	0.0000	1.0000	1.0000	0.0000	0.0000	0.0000	0.0000	0.0000	0.0000	0.0000	0.0000	0.0000	0.0000	0.0000	0.0000	0.0000	0.0000	0.0000	0.0000	0.0000	0.0000	0.0000	0.0000	0.0000	0.0000	0.0000	0.0000	0.0000	0.0000	0.0000	0.0026	0.0007	0.0018	0.0002	0.0001	0.0001	0.0024	0.0006	0.0018	0.0000	0.0000	0.0000	0.0000	0.0000	0.0000	0.0000	0.0000	0.0000	0.0000	0.0000	0.0000	0.0000	0.0000	0.0000	0.0000	0.0000	0.0000											
12	65	0.2132	8	1	0	2	1	0	0	0	0	N	N	Y	N	N	N	N	N	N	N	N	N	0.0000	0.0000	0.0000	0.0000	0.0000	0.0000	0.0000	0.0000	0.0000	0.0000	0.0000	0.0000	0.0000	0.0000	0.0000	0.0000	0.0000	0.0000	0.0000	0.0000	0.0000	0.0000	1.0000	0.0001	0.0000	0.0000	0.0000	0.0000	0.0000	0.0000	0.0000	0.0000	0.0000	0.0000	0.0000	0.0000	0.0000	0.0000	0.0000	0.0000	0.0000	0.0000	0.0000	0.0000	0.0000	0.0000	0.0000	0.0000	0.0000	0.0000	0.0000	0.0000	0.0000	0.0000	0.0000	0.0000	0.0000	0.0000	0.0000	0.0000	0.0000	0.0000	0.0000	0.0000	0.0000	0.0000	0.0000	0.0000	0.0000	0.0000	0.0000	0.0000	0.0000	0.0000	0.0000	0.0000	0.0000	0.0000											
12	66	0.2009	7	1	0	2	1	0	0	0	0	N	N	Y	N	N	N	N	N	N	N	N	N	0.0000	0.0000	0.0000	0.0000	0.0000	0.0000	0.0000	0.0000	0.0000	0.0000	0.0000	0.0000	0.0000	0.0000	0.0000	0.0000	0.0000	0.0000	0.0000	0.0000	0.0000	1.9720	1.0000	0.0923	0.0000	0.0000	0.0000	0.0000	0.0000	0.0000	0.0000	0.0000	0.0000	0.0000	0.0000	0.0000	0.0000	0.0000	0.0000	0.0000	0.0000	0.0000	0.0000	0.0000	0.0000	0.0000	0.0000	0.0000	0.0000	0.0000	0.0000	0.0071	0.0025	0.0046	0.0013	0.0012	0.0001	0.0058	0.0013	0.0045	0.0000	0.0000	0.0000	0.0000	0.0000	0.0000	0.0000	0.0000	0.0000	0.0000	0.0000	0.0000	0.0000	0.0000	0.0000	0.0000	0.0000	0.0000											
12	67	0.1793	6	1	0	2	1	0	0	0	0	N	N	Y	N	N	N	N	N	N	N	N	N	0.0000	0.0000	0.0000	0.0000	0.0000	0.0000	0.0000	0.0000	0.0000	0.0000	0.0000	0.0000	0.0000	0.0000	0.0000	0.0000	0.0000	0.0000	0.0000	0.0000	0.0000	3.0650	1.0000	1.0636	0.0000	0.0000	0.0000	0.0000	0.0000	0.0000	0.0000	0.0000	0.0000	0.0000	0.0000	0.0000	0.0000	0.0000	0.0000	0.0000	0.0000	0.0000	0.0000	0.0000	0.0000	0.0000	0.0000	0.0000	0.0000	0.0000	0.0000	0.0093	0.0028	0.0065	0.0007	0.0004	0.0003	0.0085	0.0023	0.0062	0.0000	0.0000	0.0000	0.0000	0.0000	0.0000	0.0000	0.0000	0.0000	0.0000	0.0000	0.0000	0.0000	0.0000	0.0000	0.0000	0.0000	0.0000											
12	68	0.0663	4	0	1	1	2	0	0	0	0	N	N	N	Y	N	N	N	N	N	N	N	N	0.0000	0.0000	0.0000	0.0000	0.0000	0.0000	0.0000	0.0000	0.0000	0.0000	0.0000	0.0000	0.0000	0.0000	0.0000	1.3034	3.5267	0.0000	0.1936	0.2333	0.0000	1.4601	4.7939	0.0000	0.0000	0.0000	-0.0220	0.0000	2.7513	1.0000	4.0954	0.0000	0.0000	0.0000	0.0000	0.0000	0.0000	0.0000	0.0000	0.0000	0.0294	0.0294	0.0000	0.0005	0.0005	0.0000	0.0288	0.0288	0.0000	0.0000	0.0000	0.0000	0.0000	0.0000	0.0000	0.0000	0.0000	0.0000	0.0225	0.0083	0.0142	0.0028	0.0023	0.0005	0.0197	0.0060	0.0137	0.0000	0.0000	0.0000	0.0000	0.0000	0.0000	0.0000	0.0000	0.0000	1.3034	3.5267	0.0000	0.1936	0.2333	0.0000	1.4601	4.7939	0.0000				
12	69	0.1089	4	0	1	1	1	0	0	0	0	N	N	N	N	N	N	N	N	N	N	N	N	0.0000	0.0000	0.0000	0.0000	0.0000	0.0000	0.0000	0.0000	0.0000	0.0000	0.0000	0.0000	0.0000	0.0000	0.0000	0.0000	0.0000	0.0000	0.0000	0.0000	0.0000	9.9334	1.0000	8.9999	0.0000	0.0000	0.0000	0.0000	0.0000	0.0000	0.0000	0.0000	0.0000	0.0000	0.0000	0.0000	0.0000	0.0000	0.0000	0.0000	0.0000	0.0000	0.0000	0.0000	0.0000	0.0000	0.0000	0.0000	0.0000	0.0000	0.0000	0.0502	0.0170	0.0333	0.0027	0.0017	0.0010	0.0475	0.0153	0.0322	0.0000	0.0000	0.0000	0.0000	0.0000	0.0000	0.0000	0.0000	0.0000	0.0000	0.0000	0.0000	0.0000	0.0000	0.0000	0.0000	0.0000	0.0000											
12	70	0.1089	4	0	1	1	1	0	0	0	0	N	N	N	N	N	N	N	N	N	N	N	N	0.0000	0.0000	0.0000	0.0000	0.0000	0.0000	0.0000	0.0000	0.0000	0.0000	0.0000	0.0000	0.0000	0.0000	0.0000	0.0000	0.0000	0.0000	0.0000	0.0000	0.0000	0.0666	1.0000	4.0001	0.0000	0.0000	0.0000	0.0000	0.0000	0.0000	0.0000	0.0000	0.0000	0.0000	0.0000	0.0000	0.0000	0.0000	0.0000	0.0000	0.0000	0.0000	0.0000	0.0000	0.0000	0.0000	0.0000	0.0000	0.0000	0.0000	0.0000	0.0142	0.0047	0.0095	0.0007	0.0004	0.0003	0.0135	0.0043	0.0092	0.0000	0.0000	0.0000	0.0000	0.0000	0.0000	0.0000	0.0000	0.0000	0.0000	0.0000	0.0000	0.0000	0.0000	0.0000	0.0000	0.0000	0.0000											
12	71	0.1793	6	0	1	1	1	0	0	0	0	N	N	N	N	N	N	N	N	N	N	N	N	0.0000	0.0000	0.0000	0.0000	0.0000	0.0000	0.0000	0.0000	0.0000	0.0000	0.0000	0.0000	0.0000	0.0000	0.0000	0.0000	0.0000	0.0000	0.0000	0.0000	0.0000	2.0000	1.0000	3.0000	0.0000	0.0000	0.0000	0.0000	0.0000	0.0000	0.0000	0.0000	0.0000	0.0000	0.0000	0.0000	0.0000	0.0000	0.0000	0.0000	0.0000	0.0000	0.0000	0.0000	0.0000	0.0000	0.0000	0.0000	0.0000	0.0000	0.0000	0.0111	0.0033	0.0077	0.0009	0.0005	0.0004	0.0102	0.0028	0.0074	0.0000	0.0000	0.0000	0.0000	0.0000	0.0000	0.0000	0.0000	0.0000	0.0000	0.0000	0.0000	0.0000	0.0000	0.0000	0.0000	0.0000	0.0000											
12	72	0.1525	5	0	0	1	1	0	0	0	0	N	N	N	N	N	N	N	N	N	N	N	N	0.0000	0.0000	0.0000	0.0000	0.0000	0.0000	0.0000	0.0000	0.0000	0.0000	0.0000	0.0000	0.0000	0.0000	0.0000	0.0600	0.1843	0.0000	0.0304	0.0419	0.0000	0.0633	1.4176	0.0000	0.0000	0.0000	-0.0006	0.0000	4.7932	1.0000	0.2507	0.0000	0.0000	0.0000	0.0000	0.0000	0.0000	0.0000	0.0000	0.0000	0.0008	0.0008	0.0000	0.0000	0.0000	0.0000	0.0008	0.0008	0.0000	0.0000	0.0000	0.0000	0.0000	0.0000	0.0000	0.0000	0.0000	0.0000	0.0132	0.0043	0.0089	0.0013	0.0010	0.0004	0.0118	0.0033	0.0085	0.0000	0.0000	0.0000	0.0000	0.0000	0.0000	0.0000	0.0000	0.0000	0.0600	0.1843	0.0000	0.0304	0.0419	0.0000	0.0633	0.2252	0.0000				
12	73	0.1089	4	0	0	1	1	0	0	0	0	N	N	N	N	N	N	N	N	N	N	N	N	0.0000	0.0000	0.0000	0.0000	0.0000	0.0000	0.0000	0.0000	0.0000	0.0000	0.0000	0.0000	0.0000	0.0000	0.0000	38.7073	116.2410	0.0017	0.0000	0.0000	0.0000	40.8072	128.3103	0.0018	0.0000	0.0000	-0.7484	0.0000	4.9764	1.0000	2.9948	0.0000	0.0000	0.0000	0.0000	0.0000	0.0000	0.0000	0.0000	0.0000	0.9993	0.9992	0.0000	0.0000	0.0000	0.0000	0.9993	0.9992	0.0000	0.0000	0.0000	0.0000	0.0000	0.0000	0.0000	0.0000	0.0000	0.0000	0.0258	0.0086	0.0172	0.0013	0.0008	0.0005	0.0245	0.0078	0.0167	0.0000	0.0000	0.0000	0.0000	0.0000	0.0000	0.0000	0.0000	0.0000	38.7073	116.2410	0.0017	0.0000	0.0000	0.0000	40.8072	128.3103	0.0018				
12	74	0.1288	5	0	1	1	1	0	0	0	0	N	N	N	N	N	N	N	N	N	N	N	N	0.0000	0.0000	0.0000	0.0000	0.0000	0.0000	0.0000	0.0000	0.0000	0.0000	0.0000	0.0000	0.0000	0.0000	0.0000	0.0000	0.0000	0.0000	0.0000	0.0000	0.0000	1.8678	1.0000	4.6278	0.0000	0.0000	0.0000	0.0000	0.0000	0.0000	0.0000	0.0000	0.0000	0.0000	0.0000	0.0000	0.0000	0.0000	0.0000	0.0000	0.0000	0.0000	0.0000	0.0000	0.0000	0.0000	0.0000	0.0000	0.0000	0.0000	0.0000	0.0189	0.0064	0.0125	0.0025	0.0020	0.0005	0.0165	0.0044	0.0120	0.0000	0.0000	0.0000	0.0000	0.0000	0.0000	0.0000	0.0000	0.0000	0.0000	0.0000	0.0000	0.0000	0.0000	0.0000	0.0000	0.0000	0.0000											
12	75	0.1089	4	0	0	1	1	0	0	0	0	N	N	N	N	N	N	N	N	N	N	N	N	0.0000	0.0000	0.0000	0.0000	0.0000	0.0000	0.0000	0.0000	0.0000	0.0000	0.0000	0.0000	0.0000	0.0000	0.0000	0.0000	0.0000	0.0000	0.0000	0.0000	0.0000	4.7010	1.0000	0.6064	0.0000	0.0000	0.0000	0.0000	0.0000	0.0000	0.0000	0.0000	0.0000	0.0000	0.0000	0.0000	0.0000	0.0000	0.0000	0.0000	0.0000	0.0000	0.0000	0.0000	0.0000	0.0000	0.0000	0.0000	0.0000	0.0000	0.0000	0.0181	0.0060	0.0121	0.0009	0.0006	0.0004	0.0172	0.0054	0.0117	0.0000	0.0000	0.0000	0.0000	0.0000	0.0000	0.0000	0.0000	0.0000	0.0000	0.0000	0.0000	0.0000	0.0000	0.0000	0.0000	0.0000	0.0000											
12	76	0.0488	3	0	0	1	1	0	0	0	0	N	N	N	N	N	N	N	N	N	N	N	N	0.0000	0.0000	0.0000	0.0000	0.0000	0.0000	0.0000	0.0000	0.0000	0.0000	0.0000	0.0000	0.0000	1.2705	3.4485	0.0000	29.6275	31.3061	0.0000	0.0000	0.0000	0.0000	0.0000	0.0000	-0.0283	0.0000	4.7970	1.0000	3.0436	0.0000	0.0000	0.0000	0.0000	0.0000	0.0000	0.0000	0.0000	0.0000	0.0378	0.0378	0.0000	0.0378	0.0378	0.0000	0.0000	0.0000	0.0000	0.0000	0.0000	0.0000	0.0000	0.0000	0.0000	0.0000	0.0000	0.0000	0.0298	0.0110	0.0188	0.0013	0.0012	0.0001	0.0285	0.0098	0.0187	0.0000	0.0000	0.0000	0.0000	0.0000	0.0000	0.0000	0.0000	0.0000	1.2705	3.4485	0.0000	29.6275	31.3061	0.0000	0.0000	0.0000	0.0000						
12	78	0.0297	2	1	1	1	2	0	0	0	0	N	N	N	Y	N	N	N	N	N	N	N	N	0.0000	0.0000	0.0000	0.0000	0.0000	0.0000	0.0000	0.0000	0.0000	0.0000	0.0000	0.0000	0.0000	0.0008	0.0023	0.0000	0.1298	0.1435	0.0000	0.0000	0.0000	0.0000	0.0000	0.0000	-0.0000	0.0000	1.0000	1.0000	2.0144	0.0000	0.0000	0.0000	0.0000	0.0000	0.0000	0.0000	0.0000	0.0000	0.0000	0.0000	0.0000	0.0000	0.0000	0.0000	0.0000	0.0000	0.0000	0.0000	0.0000	0.0000	0.0000	0.0000	0.0000	0.0000	0.0000	0.0000	0.0128	0.0043	0.0085	0.0001	0.0001	0.0000	0.0128	0.0042	0.0085	0.0000	0.0000	0.0000	0.0000	0.0000	0.0000	0.0000	0.0000	0.0000	0.0008	0.0023	0.0000	0.1298	0.1435	0.0000	0.0000	0.0000	0.0000						
12	80	0.0295	3	0	1	1	2	0	0	0	0	N	N	N	Y	N	N	N	N	N	N	N	N	0.0000	0.0000	0.0000	0.0000	0.0000	0.0000	0.0000	0.0000	0.0000	0.0000	0.0000	0.0000	0.0000	0.0000	0.0000	0.0000	0.0000	0.0000	0.0000	0.0000	0.0000	0.0000	1.0000	0.0000	0.0000	0.0000	0.0000	0.0000	0.0000	0.0000	0.0000	0.0000	0.0000	0.0000	0.0000	0.0000	0.0000	0.0000	0.0000	0.0000	0.0000	0.0000	0.0000	0.0000	0.0000	0.0000	0.0000	0.0000	0.0000	0.0000	0.0000	0.0000	0.0000	0.0000	0.0000	0.0000	0.0000	0.0000	0.0000	0.0000	0.0000	0.0000	0.0000	0.0000	0.0000	0.0000	0.0000	0.0000	0.0000	0.0000	0.0000	0.0000	0.0000	0.0000	0.0000	0.0000	0.0000	0.0000											
12	83	0.0295	3	0	0	2	2	0	0	0	0	N	N	Y	Y	N	N	N	N	N	N	N	N	0.0000	0.0000	0.0000	0.0000	0.0000	0.0000	0.0000	0.0000	0.0000	0.0000	0.0000	0.0000	0.0000	115.8478	0.0000	226.9247	0.0000	0.0000	0.0000	119.0678	0.0000	279.1108	inf	0.0000	0.2511	0.0000	0.0000	1.0000	2.0000	0.0000	0.0000	0.0000	0.0000	0.0000	0.0000	0.0000	0.0000	0.0000	1.0000	0.0000	1.0000	0.0000	0.0000	0.0000	1.0000	0.0000	1.0000	0.0000	0.0000	0.0000	0.0000	0.0000	0.0000	0.0000	0.0000	0.0000	0.0086	0.0030	0.0057	0.0002	0.0002	0.0000	0.0084	0.0027	0.0057	0.0000	0.0000	0.0000	0.0000	0.0000	0.0000	0.0000	0.0000	0.0000	115.8478	0.0000	176.2157	0.0000	0.0000	0.0000	119.0678	0.0000	176.5387						
12	84	0.0222	2	0	0	1	2	0	0	0	0	N	N	N	Y	N	N	N	N	N	N	N	N	0.0000	0.0000	0.0000	0.0000	0.0000	0.0000	0.0000	0.0000	0.0000	0.0000	0.0000	0.0000	0.0000	0.0000	0.0000	0.0000	0.0000	0.0000	0.0000	0.0000	0.0000	1.0000	1.0000	0.0015	0.0000	0.0000	0.0000	0.0000	0.0000	0.0000	0.0000	0.0000	0.0000	0.0000	0.0000	0.0000	0.0000	0.0000	0.0000	0.0000	0.0000	0.0000	0.0000	0.0000	0.0000	0.0000	0.0000	0.0000	0.0000	0.0000	0.0000	0.0045	0.0015	0.0030	0.0001	0.0001	0.0000	0.0044	0.0014	0.0029	0.0000	0.0000	0.0000	0.0000	0.0000	0.0000	0.0000	0.0000	0.0000	0.0000	0.0000	0.0000	0.0000	0.0000	0.0000	0.0000	0.0000	0.0000											
12	86	0.0792	3	1	1	1	1	0	0	0	0	N	N	N	N	N	N	N	N	N	N	N	N	0.0000	0.0000	0.0000	0.0000	0.0000	0.0000	0.0000	0.0000	0.0000	0.0000	0.0000	0.0000	0.0000	0.0015	0.0034	0.0000	0.0061	0.0061	0.0000	0.0000	0.0000	0.0000	0.0000	0.0000	-0.0000	0.0000	0.0007	1.0000	0.9812	0.0000	0.0000	0.0000	0.0000	0.0000	0.0000	0.0000	0.0000	0.0000	0.0000	0.0000	0.0000	0.0000	0.0000	0.0000	0.0000	0.0000	0.0000	0.0000	0.0000	0.0000	0.0000	0.0000	0.0000	0.0000	0.0000	0.0000	0.0066	0.0029	0.0037	0.0016	0.0016	0.0000	0.0050	0.0013	0.0037	0.0000	0.0000	0.0000	0.0000	0.0000	0.0000	0.0000	0.0000	0.0000	0.0015	0.0034	0.0000	0.0061	0.0061	0.0000	0.0000	0.0000	0.0000						
12	87	0.0234	2	1	1	1	1	0	0	0	0	N	N	N	N	N	N	N	N	N	N	N	N	0.0000	0.0000	0.0000	0.0000	0.0000	0.0000	0.0000	0.0000	0.0000	0.0000	0.0000	0.0000	0.0000	0.0000	0.0000	0.0000	0.0000	0.0244	0.0708	0.0006	2.0673	2.0904	0.0088	0.0004	0.0000	0.0006	0.0151	0.0000	-0.0005	0.0000	5.0272	1.0000	2.1572	0.0000	0.0000	0.0000	0.0000	0.0000	0.0000	0.0000	0.0000	0.0000	0.0007	0.0007	0.0000	0.0007	0.0007	0.0000	0.0000	0.0000	0.0000	0.0000	0.0000	0.0000	0.0000	0.0000	0.0000	0.0000	0.0000	0.0000	0.0274	0.0093	0.0181	0.0003	0.0003	0.0000	0.0271	0.0090	0.0181	0.0000	0.0000	0.0000	0.0000	0.0000	0.0000	0.0000	0.0000	0.0000	0.0244	0.0708	0.0006	2.0673	2.0904	0.0015	0.0004	0.0000	0.0006		
12	88	0.0448	2	0	1	1	1	0	0	0	0	N	N	N	N	N	N	N	N	N	N	N	N	0.0000	0.0000	0.0000	0.0000	0.0000	0.0000	0.0000	0.0000	0.0000	0.0000	0.0000	0.0000	0.0000	0.0000	0.0000	0.0000	0.0000	0.0000	0.0000	0.0000	0.0000	0.0000	1.0000	4.0000	0.0000	0.0000	0.0000	0.0000	0.0000	0.0000	0.0000	0.0000	0.0000	0.0000	0.0000	0.0000	0.0000	0.0000	0.0000	0.0000	0.0000	0.0000	0.0000	0.0000	0.0000	0.0000	0.0000	0.0000	0.0000	0.0000	0.0000	0.0155	0.0053	0.0102	0.0003	0.0002	0.0000	0.0152	0.0050	0.0102	0.0000	0.0000	0.0000	0.0000	0.0000	0.0000	0.0000	0.0000	0.0000	0.0000	0.0000	0.0000	0.0000	0.0000	0.0000	0.0000	0.0000	0.0000											
12	98	0.1857	8	0	0	1	1	0	0	0	0	N	N	N	N	N	N	N	N	N	N	N	N	0.0000	0.0000	0.0000	0.0000	0.0000	0.0000	0.0000	0.0000	0.0000	0.0000	0.0000	0.0000	0.0000	0.0000	0.0000	0.0931	0.1691	0.0000	0.1141	0.1278	0.0000	0.0815	1.4273	0.0000	0.0000	0.0000	-0.0030	0.0000	4.9999	1.0000	9.0821	0.0000	0.0000	0.0000	0.0000	0.0000	0.0000	0.0000	0.0000	0.0000	0.0041	0.0041	0.0000	0.0018	0.0018	0.0000	0.0023	0.0023	0.0000	0.0000	0.0000	0.0000	0.0000	0.0000	0.0000	0.0000	0.0000	0.0000	0.0436	0.0240	0.0196	0.0155	0.0138	0.0017	0.0281	0.0102	0.0179	0.0000	0.0000	0.0000	0.0000	0.0000	0.0000	0.0000	0.0000	0.0000	0.0931	0.1691	0.0000	0.1141	0.1278	0.0000	0.0815	0.2252	0.0000				
13	14	0.1960	7	0	1	0	1	0	0	0	0	N	N	N	N	N	N	N	N	N	N	N	N	0.0000	0.0000	0.0000	0.0000	0.0000	0.0000	0.0000	0.0000	0.0000	0.0000	0.0000	0.0000	0.0000	108.9077	0.0000	154.3841	0.0000	0.0000	0.0000	118.4141	0.0000	162.4626	inf	0.0000	0.2508	1.0000	1.0000	1.0000	0.9994	0.0000	0.0000	0.0000	0.0000	0.0000	0.0000	0.0000	0.0000	0.0000	0.9989	0.0000	0.9989	0.0000	0.0000	0.0000	0.9989	0.0000	0.9989	0.0209	0.0186	0.0022	0.0081	0.0077	0.0004	0.0128	0.0110	0.0018	0.0092	0.0027	0.0065	0.0007	0.0004	0.0003	0.0084	0.0023	0.0061	0.0000	0.0000	0.0000	0.0000	0.0000	0.0000	0.0000	0.0000	0.0000	108.9077	0.0000	154.3841	0.0000	0.0000	0.0000	118.4141	0.0000	162.4626						
13	16	0.1960	7	0	2	0	1	0	0	0	0	N	Y	N	N	N	N	N	N	N	N	N	N	0.0000	0.0000	0.0000	0.0000	0.0000	0.0000	0.0000	0.0000	0.0000	0.0000	0.0000	0.0000	0.0000	0.0599	0.2026	0.0000	0.7620	1.3774	0.0000	0.0000	0.0000	0.0000	0.0000	0.0000	-0.0008	1.0000	2.0000	1.0000	2.0010	0.0000	0.0000	0.0000	0.0000	0.0000	0.0000	0.0000	0.0000	0.0000	0.0011	0.0011	0.0000	0.0011	0.0011	0.0000	0.0000	0.0000	0.0000	0.0410	0.0366	0.0044	0.0157	0.0148	0.0008	0.0253	0.0217	0.0036	0.0177	0.0052	0.0125	0.0014	0.0008	0.0006	0.0163	0.0045	0.0119	0.0000	0.0000	0.0000	0.0000	0.0000	0.0000	0.0000	0.0000	0.0000	0.0599	0.2026	0.0000	0.7620	1.3774	0.0000	0.0000	0.0000	0.0000						
13	17	0.0781	4	1	2	0	0	0	0	0	0	N	Y	N	N	N	N	N	N	N	N	N	N	0.0000	0.0000	0.0000	0.0000	0.0000	0.0000	0.0000	0.0000	0.0000	0.0000	0.0000	0.0000	0.0000	1.5383	0.0000	2.6720	0.0000	0.0000	0.0000	1.9148	0.0000	2.6877	inf	0.0000	0.0021	1.0000	0.0017	1.0000	0.9948	0.0000	0.0000	0.0000	0.0000	0.0000	0.0000	0.0000	0.0000	0.0000	0.0083	0.0000	0.0083	0.0000	0.0000	0.0000	0.0083	0.0000	0.0083	0.0001	0.0001	0.0000	0.0000	0.0000	0.0000	0.0000	0.0000	0.0000	0.0054	0.0023	0.0031	0.0011	0.0010	0.0000	0.0043	0.0012	0.0031	0.0000	0.0000	0.0000	0.0000	0.0000	0.0000	0.0000	0.0000	0.0000	1.5383	0.0000	2.6720	0.0000	0.0000	0.0000	1.9148	0.0000	2.6877						
13	18	0.2186	7	0	2	0	0	0	0	0	0	N	Y	N	N	N	N	N	N	N	N	N	N	0.0000	0.0000	0.0000	0.0000	0.0000	0.0000	0.0000	0.0000	0.0000	0.0000	0.0000	0.0000	0.0000	0.0000	0.0000	0.0000	0.0000	0.0000	0.0000	0.0000	1.0000	0.0000	1.0000	0.0000	0.0000	0.0000	0.0000	0.0000	0.0000	0.0000	0.0000	0.0000	0.0000	0.0000	0.0000	0.0000	0.0000	0.0000	0.0000	0.0000	0.0000	0.0000	0.0000	0.0000	0.0000	0.0000	0.0000	0.0000	0.0000	0.0000	0.0000	0.0000	0.0000	0.0000	0.0000	0.0000	0.0000	0.0000	0.0000	0.0000	0.0000	0.0000	0.0000	0.0000	0.0000	0.0000	0.0000	0.0000	0.0000	0.0000	0.0000	0.0000	0.0000	0.0000	0.0000	0.0000	0.0000	0.0000											
13	19	0.0799	3	0	1	0	1	0	0	0	0	N	N	N	N	N	N	N	N	N	N	N	N	0.0000	0.0000	0.0000	0.0000	0.0000	0.0000	0.0000	0.0000	0.0000	0.0000	0.0000	0.0000	0.0000	0.0000	0.0000	0.0000	0.0000	0.0000	0.0000	0.0000	1.0000	3.0666	1.0000	4.9999	0.0000	0.0000	0.0000	0.0000	0.0000	0.0000	0.0000	0.0000	0.0000	0.0000	0.0000	0.0000	0.0000	0.0000	0.0000	0.0000	0.0000	0.0000	0.0609	0.0540	0.0069	0.0187	0.0178	0.0009	0.0422	0.0363	0.0060	0.0369	0.0123	0.0246	0.0056	0.0037	0.0019	0.0313	0.0086	0.0227	0.0000	0.0000	0.0000	0.0000	0.0000	0.0000	0.0000	0.0000	0.0000	0.0000	0.0000	0.0000	0.0000	0.0000	0.0000	0.0000	0.0000	0.0000											
13	20	0.0310	2	1	1	1	0	0	0	0	0	N	N	N	N	N	N	N	N	N	N	N	N	0.0000	0.0000	0.0000	0.0000	0.0000	0.0000	0.0000	0.0000	0.0000	0.0000	0.0000	0.0000	0.0000	64.8768	0.0000	93.8241	0.0000	0.0000	0.0000	74.9451	0.0000	93.8243	inf	0.0000	0.2356	1.0000	0.9718	1.0000	0.9404	0.0000	0.0000	0.0000	0.0000	0.0000	0.0000	0.0000	0.0000	0.0000	0.9383	0.0000	0.9383	0.0000	0.0000	0.0000	0.9383	0.0000	0.9383	0.0186	0.0161	0.0026	0.0027	0.0025	0.0001	0.0160	0.0136	0.0024	0.0145	0.0045	0.0100	0.0019	0.0019	0.0000	0.0125	0.0025	0.0100	0.0000	0.0000	0.0000	0.0000	0.0000	0.0000	0.0000	0.0000	0.0000	64.8768	0.0000	93.8241	0.0000	0.0000	0.0000	74.9451	0.0000	93.8243						
13	21	0.2475	7	0	2	0	0	0	0	0	0	N	Y	N	N	N	N	N	N	N	N	N	N	0.0000	0.0000	0.0000	0.0000	0.0000	0.0000	0.0000	0.0000	0.0000	0.0000	0.0000	0.0000	0.0000	0.1147	0.0000	0.2139	0.0000	0.0000	0.0000	0.1473	0.0000	0.2184	inf	0.0000	0.0001	1.0000	0.9958	1.0000	0.0079	0.0000	0.0000	0.0000	0.0000	0.0000	0.0000	0.0000	0.0000	0.0000	0.0004	0.0000	0.0004	0.0000	0.0000	0.0000	0.0004	0.0000	0.0004	0.0255	0.0231	0.0025	0.0144	0.0135	0.0009	0.0111	0.0096	0.0016	0.0036	0.0017	0.0019	0.0008	0.0007	0.0000	0.0028	0.0009	0.0019	0.0000	0.0000	0.0000	0.0000	0.0000	0.0000	0.0000	0.0000	0.0000	0.1147	0.0000	0.2139	0.0000	0.0000	0.0000	0.1473	0.0000	0.2184						
13	22	0.2039	7	0	2	0	0	0	0	0	0	N	Y	N	N	N	N	N	N	N	N	N	N	0.0001	inf	0.0000	inf	inf	0.0000	0.0000	0.0002	0.0002	0.0000	0.0005	0.0005	0.0000	0.0000	0.0000	0.0000	1.6849	0.0000	3.0116	0.0000	0.0000	0.0000	2.1534	0.0000	3.0546	0.0000	inf	-0.0000	0.0182	1.0000	4.0220	1.0000	5.3698	0.0000	0.0000	0.0000	0.0000	0.0000	0.0000	0.0000	0.0000	0.0000	0.0727	0.0000	0.0727	0.0000	0.0000	0.0000	0.0727	0.0000	0.0727	0.0920	0.0830	0.0090	0.0419	0.0399	0.0020	0.0501	0.0431	0.0070	0.0431	0.0190	0.0241	0.0094	0.0090	0.0003	0.0338	0.0100	0.0238	0.0001	inf	0.0000	inf	inf	0.0000	0.0000	0.0000	0.0000	1.6849	0.0000	3.0116	0.0000	0.0000	0.0000	2.1534	0.0000	3.0546		
13	24	0.2706	9	0	2	0	0	0	0	0	0	N	Y	N	N	N	N	N	N	N	N	N	N	0.0000	0.0000	0.0000	0.0000	0.0000	0.0000	0.0000	0.0000	0.0000	0.0000	0.0000	0.0000	0.0000	0.0060	0.0000	0.0115	0.0000	0.0000	0.0000	0.0077	0.0000	0.0118	inf	0.0000	0.0000	1.0000	0.0018	1.0000	0.9893	0.0000	0.0000	0.0000	0.0000	0.0000	0.0000	0.0000	0.0000	0.0000	0.0000	0.0000	0.0000	0.0000	0.0000	0.0000	0.0000	0.0000	0.0000	0.0001	0.0001	0.0000	0.0001	0.0001	0.0000	0.0000	0.0000	0.0000	0.0034	0.0016	0.0017	0.0007	0.0007	0.0000	0.0026	0.0009	0.0017	0.0000	0.0000	0.0000	0.0000	0.0000	0.0000	0.0000	0.0000	0.0000	0.0060	0.0000	0.0115	0.0000	0.0000	0.0000	0.0077	0.0000	0.0118						
13	25	0.0799	3	1	2	0	0	0	0	0	0	N	Y	N	N	N	N	N	N	N	N	N	N	0.0000	0.0000	0.0000	0.0000	0.0000	0.0000	0.0000	0.0000	0.0000	0.0000	0.0000	0.0000	0.0000	0.0000	0.0000	0.0000	0.0000	0.0000	0.0000	0.0000	1.0000	2.0666	1.0000	3.9999	0.0000	0.0000	0.0000	0.0000	0.0000	0.0000	0.0000	0.0000	0.0000	0.0000	0.0000	0.0000	0.0000	0.0000	0.0000	0.0000	0.0000	0.0000	0.0434	0.0386	0.0047	0.0146	0.0139	0.0006	0.0288	0.0247	0.0041	0.0287	0.0096	0.0191	0.0044	0.0029	0.0015	0.0243	0.0066	0.0177	0.0000	0.0000	0.0000	0.0000	0.0000	0.0000	0.0000	0.0000	0.0000	0.0000	0.0000	0.0000	0.0000	0.0000	0.0000	0.0000	0.0000	0.0000											
13	28	0.0799	3	0	2	1	1	0	0	0	0	N	Y	N	N	N	N	N	N	N	N	N	N	0.0000	0.0000	0.0000	0.0000	0.0000	0.0000	0.0000	0.0000	0.0000	0.0000	0.0000	0.0000	0.0000	0.0000	0.0000	0.0000	0.0000	0.0000	0.0000	0.0000	1.0000	3.9334	1.0000	8.9999	0.0000	0.0000	0.0000	0.0000	0.0000	0.0000	0.0000	0.0000	0.0000	0.0000	0.0000	0.0000	0.0000	0.0000	0.0000	0.0000	0.0000	0.0000	0.0757	0.0670	0.0087	0.0221	0.0209	0.0011	0.0536	0.0461	0.0075	0.0547	0.0183	0.0364	0.0080	0.0053	0.0028	0.0467	0.0130	0.0336	0.0000	0.0000	0.0000	0.0000	0.0000	0.0000	0.0000	0.0000	0.0000	0.0000	0.0000	0.0000	0.0000	0.0000	0.0000	0.0000	0.0000	0.0000											
13	29	0.0405	3	0	2	0	0	0	0	0	0	N	Y	N	N	N	N	N	N	N	N	N	N	0.0000	0.0000	0.0000	0.0000	0.0000	0.0000	0.0000	0.0000	0.0000	0.0000	0.0000	0.0000	0.0000	0.4993	1.6773	0.0000	7.1865	7.1975	0.0000	0.0000	0.0000	0.0000	0.0000	0.0000	-0.0187	1.0000	7.9836	1.0000	2.1583	0.0000	0.0000	0.0000	0.0000	0.0000	0.0000	0.0000	0.0000	0.0000	0.0250	0.0250	0.0000	0.0250	0.0250	0.0000	0.0000	0.0000	0.0000	0.1580	0.1407	0.0172	0.0373	0.0355	0.0018	0.1207	0.1052	0.0155	0.0501	0.0149	0.0352	0.0035	0.0035	0.0000	0.0466	0.0114	0.0352	0.0000	0.0000	0.0000	0.0000	0.0000	0.0000	0.0000	0.0000	0.0000	0.4993	1.6773	0.0000	7.1865	7.1975	0.0000	0.0000	0.0000	0.0000						
13	30	0.0799	3	1	2	0	0	0	0	0	0	N	Y	N	N	N	N	N	N	N	N	N	N	0.0000	0.0000	0.0000	0.0000	0.0000	0.0000	0.0000	0.0000	0.0000	0.0000	0.0000	0.0000	0.0000	0.0000	0.0000	0.0000	0.0000	0.0000	0.0000	0.0000	1.0000	9.9334	1.0000	11.0001	0.0000	0.0000	0.0000	0.0000	0.0000	0.0000	0.0000	0.0000	0.0000	0.0000	0.0000	0.0000	0.0000	0.0000	0.0000	0.0000	0.0000	0.0000	0.1681	0.1486	0.0195	0.0418	0.0395	0.0024	0.1263	0.1092	0.0171	0.0781	0.0263	0.0518	0.0109	0.0070	0.0039	0.0672	0.0193	0.0479	0.0000	0.0000	0.0000	0.0000	0.0000	0.0000	0.0000	0.0000	0.0000	0.0000	0.0000	0.0000	0.0000	0.0000	0.0000	0.0000	0.0000	0.0000											
13	31	0.0799	3	0	1	1	0	0	0	0	0	N	N	N	N	N	N	N	N	N	N	N	N	0.0000	0.0000	0.0000	0.0000	0.0000	0.0000	0.0000	0.0000	0.0000	0.0000	0.0000	0.0000	0.0000	0.0000	0.0000	0.0000	0.0000	0.0000	0.0000	0.0000	1.0000	2.9334	1.0000	4.9999	0.0000	0.0000	0.0000	0.0000	0.0000	0.0000	0.0000	0.0000	0.0000	0.0000	0.0000	0.0000	0.0000	0.0000	0.0000	0.0000	0.0000	0.0000	0.0586	0.0520	0.0066	0.0181	0.0173	0.0009	0.0405	0.0347	0.0057	0.0364	0.0121	0.0243	0.0055	0.0037	0.0019	0.0309	0.0085	0.0224	0.0000	0.0000	0.0000	0.0000	0.0000	0.0000	0.0000	0.0000	0.0000	0.0000	0.0000	0.0000	0.0000	0.0000	0.0000	0.0000	0.0000	0.0000											
13	32	0.0799	3	0	2	0	0	0	0	0	0	N	Y	N	N	N	N	N	N	N	N	N	N	0.0000	0.0000	0.0000	0.0000	0.0000	0.0000	0.0000	0.0000	0.0000	0.0000	0.0000	0.0000	0.0000	30.3953	0.0000	45.6079	0.0000	0.0000	0.0000	35.8594	0.0000	49.3913	inf	0.0000	0.2511	1.0000	3.0666	1.0000	3.9999	0.0000	0.0000	0.0000	0.0000	0.0000	0.0000	0.0000	0.0000	0.0000	1.0000	0.0000	1.0000	0.0000	0.0000	0.0000	1.0000	0.0000	1.0000	0.0609	0.0540	0.0069	0.0187	0.0178	0.0009	0.0422	0.0363	0.0060	0.0329	0.0110	0.0219	0.0050	0.0033	0.0017	0.0279	0.0076	0.0202	0.0000	0.0000	0.0000	0.0000	0.0000	0.0000	0.0000	0.0000	0.0000	30.3953	0.0000	45.6079	0.0000	0.0000	0.0000	35.8594	0.0000	49.3913						
13	33	0.0274	2	1	1	1	0	0	0	0	0	N	N	N	N	N	N	N	N	N	N	N	N	0.0000	0.0000	0.0000	0.0000	0.0000	0.0000	0.0000	0.0000	0.0000	0.0000	0.0000	0.0000	0.0000	0.0015	0.0051	0.0000	0.0148	0.0184	0.0000	0.0000	0.0000	0.0000	0.0000	0.0000	-0.0000	1.0000	0.9991	1.0000	2.0219	0.0000	0.0000	0.0000	0.0000	0.0000	0.0000	0.0000	0.0000	0.0000	0.0000	0.0000	0.0000	0.0000	0.0000	0.0000	0.0000	0.0000	0.0000	0.0177	0.0150	0.0026	0.0000	0.0000	0.0000	0.0176	0.0150	0.0026	0.0201	0.0059	0.0142	0.0020	0.0016	0.0004	0.0181	0.0043	0.0138	0.0000	0.0000	0.0000	0.0000	0.0000	0.0000	0.0000	0.0000	0.0000	0.0015	0.0051	0.0000	0.0148	0.0184	0.0000	0.0000	0.0000	0.0000						
13	34	0.0799	3	0	2	0	0	0	0	0	0	N	Y	N	N	N	N	N	N	N	N	N	N	0.0000	0.0000	0.0000	0.0000	0.0000	0.0000	0.0000	0.0000	0.0000	0.0000	0.0000	0.0000	0.0000	0.0000	0.0000	0.0000	0.0000	0.0000	0.0000	0.0000	1.0000	4.9334	1.0000	5.0001	0.0000	0.0000	0.0000	0.0000	0.0000	0.0000	0.0000	0.0000	0.0000	0.0000	0.0000	0.0000	0.0000	0.0000	0.0000	0.0000	0.0000	0.0000	0.0922	0.0816	0.0106	0.0258	0.0244	0.0014	0.0664	0.0572	0.0093	0.0441	0.0147	0.0294	0.0066	0.0044	0.0022	0.0375	0.0104	0.0271	0.0000	0.0000	0.0000	0.0000	0.0000	0.0000	0.0000	0.0000	0.0000	0.0000	0.0000	0.0000	0.0000	0.0000	0.0000	0.0000	0.0000	0.0000											
13	35	0.0274	2	1	1	1	0	0	0	0	0	N	N	N	N	N	N	N	N	N	N	N	N	0.0000	0.0000	0.0000	0.0000	0.0000	0.0000	0.0000	0.0000	0.0000	0.0000	0.0000	0.0000	0.0000	0.0021	0.0066	0.0000	0.0164	0.0191	0.0000	0.0000	0.0000	0.0000	0.0000	0.0000	-0.0000	1.0000	0.0009	1.0000	1.9867	0.0000	0.0000	0.0000	0.0000	0.0000	0.0000	0.0000	0.0000	0.0000	0.0000	0.0000	0.0000	0.0000	0.0000	0.0000	0.0000	0.0000	0.0000	0.0000	0.0000	0.0000	0.0000	0.0000	0.0000	0.0000	0.0000	0.0000	0.0144	0.0045	0.0099	0.0018	0.0016	0.0003	0.0126	0.0030	0.0096	0.0000	0.0000	0.0000	0.0000	0.0000	0.0000	0.0000	0.0000	0.0000	0.0021	0.0066	0.0000	0.0164	0.0191	0.0000	0.0000	0.0000	0.0000						
13	38	0.0799	3	0	1	1	0	0	0	0	0	N	N	N	N	N	N	N	N	N	N	N	N	0.0000	0.0000	0.0000	0.0000	0.0000	0.0000	0.0000	0.0000	0.0000	0.0000	0.0000	0.0000	0.0000	0.0000	0.0000	0.0000	0.0000	0.0000	0.0000	0.0000	1.0000	3.0666	1.0000	2.9999	0.0000	0.0000	0.0000	0.0000	0.0000	0.0000	0.0000	0.0000	0.0000	0.0000	0.0000	0.0000	0.0000	0.0000	0.0000	0.0000	0.0000	0.0000	0.0609	0.0540	0.0069	0.0187	0.0178	0.0009	0.0422	0.0363	0.0060	0.0287	0.0096	0.0191	0.0044	0.0029	0.0015	0.0243	0.0066	0.0177	0.0000	0.0000	0.0000	0.0000	0.0000	0.0000	0.0000	0.0000	0.0000	0.0000	0.0000	0.0000	0.0000	0.0000	0.0000	0.0000	0.0000	0.0000											
13	39	0.0799	3	0	2	0	0	0	0	0	0	N	Y	N	N	N	N	N	N	N	N	N	N	0.0000	0.0000	0.0000	0.0000	0.0000	0.0000	0.0000	0.0000	0.0000	0.0000	0.0000	0.0000	0.0000	35.5192	0.0000	53.2815	0.0000	0.0000	0.0000	41.9572	0.0000	57.7062	inf	0.0000	0.2511	1.0000	3.9334	1.0000	2.0001	0.0000	0.0000	0.0000	0.0000	0.0000	0.0000	0.0000	0.0000	0.0000	1.0000	0.0000	1.0000	0.0000	0.0000	0.0000	1.0000	0.0000	1.0000	0.0757	0.0670	0.0087	0.0221	0.0209	0.0011	0.0536	0.0461	0.0075	0.0282	0.0094	0.0188	0.0043	0.0029	0.0014	0.0238	0.0065	0.0173	0.0000	0.0000	0.0000	0.0000	0.0000	0.0000	0.0000	0.0000	0.0000	35.5192	0.0000	53.2815	0.0000	0.0000	0.0000	41.9572	0.0000	57.7062						
13	40	0.0433	4	1	2	1	0	0	0	0	0	N	Y	N	N	N	N	N	N	N	N	N	N	0.0000	0.0000	0.0000	0.0000	0.0000	0.0000	0.0000	0.0000	0.0000	0.0000	0.0000	0.0000	0.0000	0.0000	0.0000	0.0000	0.0000	0.0000	0.0000	0.0000	1.0000	0.0000	1.0000	0.0000	0.0000	0.0000	0.0000	0.0000	0.0000	0.0000	0.0000	0.0000	0.0000	0.0000	0.0000	0.0000	0.0000	0.0000	0.0000	0.0000	0.0000	0.0000	0.0000	0.0000	0.0000	0.0000	0.0000	0.0000	0.0000	0.0000	0.0000	0.0000	0.0000	0.0000	0.0000	0.0000	0.0000	0.0000	0.0000	0.0000	0.0000	0.0000	0.0000	0.0000	0.0000	0.0000	0.0000	0.0000	0.0000	0.0000	0.0000	0.0000	0.0000	0.0000	0.0000	0.0000	0.0000	0.0000											
13	41	0.0433	3	1	2	1	0	0	0	0	0	N	Y	N	N	N	N	N	N	N	N	N	N	0.0000	0.0000	0.0000	0.0000	0.0000	0.0000	0.0000	0.0000	0.0000	0.0000	0.0000	0.0000	0.0000	60.6805	0.0000	79.4096	0.0000	0.0000	0.0000	60.7399	0.0000	79.4096	inf	0.0000	0.2510	1.0000	1.0000	1.0000	1.9999	0.0000	0.0000	0.0000	0.0000	0.0000	0.0000	0.0000	0.0000	0.0000	0.9999	0.0000	0.9999	0.0000	0.0000	0.0000	0.9999	0.0000	0.9999	0.0184	0.0159	0.0026	0.0024	0.0023	0.0002	0.0160	0.0136	0.0024	0.0165	0.0039	0.0126	0.0000	0.0000	0.0000	0.0165	0.0039	0.0126	0.0000	0.0000	0.0000	0.0000	0.0000	0.0000	0.0000	0.0000	0.0000	60.6805	0.0000	79.4096	0.0000	0.0000	0.0000	60.7399	0.0000	79.4096						
13	42	0.2212	6	1	2	0	0	0	0	0	0	N	Y	N	N	N	N	N	N	N	N	N	N	0.0000	0.0000	0.0000	0.0000	0.0000	0.0000	0.0000	0.0000	0.0000	0.0000	0.0000	0.0000	0.0000	63.3844	0.0000	110.3634	0.0000	0.0000	0.0000	84.4159	0.0000	114.5340	inf	0.0000	0.2362	1.0000	0.0007	1.0000	2.0242	0.0000	0.0000	0.0000	0.0000	0.0000	0.0000	0.0000	0.0000	0.0000	0.9407	0.0000	0.9407	0.0000	0.0000	0.0000	0.9407	0.0000	0.9407	0.0000	0.0000	0.0000	0.0000	0.0000	0.0000	0.0000	0.0000	0.0000	0.0148	0.0063	0.0085	0.0037	0.0034	0.0003	0.0111	0.0029	0.0082	0.0000	0.0000	0.0000	0.0000	0.0000	0.0000	0.0000	0.0000	0.0000	63.3844	0.0000	110.3634	0.0000	0.0000	0.0000	84.4159	0.0000	114.5340						
13	43	0.1243	4	0	2	0	1	0	0	0	0	N	Y	N	N	N	N	N	N	N	N	N	N	0.0000	0.0000	0.0000	0.0000	0.0000	0.0000	0.0000	0.0000	0.0000	0.0000	0.0000	0.0000	0.0000	0.0000	0.0000	0.0000	0.0000	0.0000	0.0000	0.0000	1.0000	0.0000	1.0000	0.0000	0.0000	0.0000	0.0000	0.0000	0.0000	0.0000	0.0000	0.0000	0.0000	0.0000	0.0000	0.0000	0.0000	0.0000	0.0000	0.0000	0.0000	0.0000	0.0000	0.0000	0.0000	0.0000	0.0000	0.0000	0.0000	0.0000	0.0000	0.0000	0.0000	0.0000	0.0000	0.0000	0.0000	0.0000	0.0000	0.0000	0.0000	0.0000	0.0000	0.0000	0.0000	0.0000	0.0000	0.0000	0.0000	0.0000	0.0000	0.0000	0.0000	0.0000	0.0000	0.0000	0.0000	0.0000											
13	44	0.1243	4	0	1	0	1	0	0	0	0	N	N	N	N	N	N	N	N	N	N	N	N	0.0000	0.0000	0.0000	0.0000	0.0000	0.0000	0.0000	0.0000	0.0000	0.0000	0.0000	0.0000	0.0000	0.0000	0.0000	0.0000	0.0000	0.0000	0.0000	0.0000	1.0000	0.0000	1.0000	0.0000	0.0000	0.0000	0.0000	0.0000	0.0000	0.0000	0.0000	0.0000	0.0000	0.0000	0.0000	0.0000	0.0000	0.0000	0.0000	0.0000	0.0000	0.0000	0.0000	0.0000	0.0000	0.0000	0.0000	0.0000	0.0000	0.0000	0.0000	0.0000	0.0000	0.0000	0.0000	0.0000	0.0000	0.0000	0.0000	0.0000	0.0000	0.0000	0.0000	0.0000	0.0000	0.0000	0.0000	0.0000	0.0000	0.0000	0.0000	0.0000	0.0000	0.0000	0.0000	0.0000	0.0000	0.0000											
13	45	0.0799	3	0	1	0	1	0	0	0	0	N	N	N	N	N	N	N	N	N	N	N	N	0.0000	0.0000	0.0000	0.0000	0.0000	0.0000	0.0000	0.0000	0.0000	0.0000	0.0000	0.0000	0.0000	30.3953	0.0000	45.6079	0.0000	0.0000	0.0000	35.8594	0.0000	49.3913	inf	0.0000	0.2511	1.0000	3.0666	1.0000	3.9999	0.0000	0.0000	0.0000	0.0000	0.0000	0.0000	0.0000	0.0000	0.0000	1.0000	0.0000	1.0000	0.0000	0.0000	0.0000	1.0000	0.0000	1.0000	0.0609	0.0540	0.0069	0.0187	0.0178	0.0009	0.0422	0.0363	0.0060	0.0329	0.0110	0.0219	0.0050	0.0033	0.0017	0.0279	0.0076	0.0202	0.0000	0.0000	0.0000	0.0000	0.0000	0.0000	0.0000	0.0000	0.0000	30.3953	0.0000	45.6079	0.0000	0.0000	0.0000	35.8594	0.0000	49.3913						
13	47	0.0781	4	1	2	0	0	0	0	0	0	N	Y	N	N	N	N	N	N	N	N	N	N	0.0000	0.0000	0.0000	0.0000	0.0000	0.0000	0.0000	0.0000	0.0000	0.0000	0.0000	0.0000	0.0000	0.6122	0.0000	1.0153	0.0000	0.0000	0.0000	0.7145	0.0000	1.0220	inf	0.0000	0.0021	1.0000	0.9991	1.0000	2.0273	0.0000	0.0000	0.0000	0.0000	0.0000	0.0000	0.0000	0.0000	0.0000	0.0083	0.0000	0.0083	0.0000	0.0000	0.0000	0.0083	0.0000	0.0083	0.0189	0.0167	0.0023	0.0055	0.0052	0.0004	0.0134	0.0115	0.0019	0.0135	0.0054	0.0081	0.0019	0.0019	0.0001	0.0116	0.0035	0.0081	0.0000	0.0000	0.0000	0.0000	0.0000	0.0000	0.0000	0.0000	0.0000	0.6122	0.0000	1.0153	0.0000	0.0000	0.0000	0.7145	0.0000	1.0220						
13	48	0.0405	3	1	2	0	0	0	0	0	0	N	Y	N	N	N	N	N	N	N	N	N	N	0.0000	0.0000	0.0000	0.0000	0.0000	0.0000	0.0000	0.0000	0.0000	0.0000	0.0000	0.0000	0.0000	0.0000	0.0000	0.0000	26.6248	0.0182	38.7075	0.0544	0.0545	0.0000	29.7308	0.0000	38.7130	4671.0441	0.0000	0.2426	1.0000	3.1828	1.0000	3.1571	0.0000	0.0000	0.0000	0.0000	0.0000	0.0000	0.0000	0.0000	0.0000	0.9671	0.0002	0.9669	0.0002	0.0002	0.0000	0.9669	0.0000	0.9669	0.0877	0.0796	0.0081	0.0297	0.0287	0.0010	0.0580	0.0510	0.0071	0.0363	0.0113	0.0250	0.0038	0.0038	0.0000	0.0325	0.0075	0.0250	0.0000	0.0000	0.0000	0.0000	0.0000	0.0000	0.0000	0.0000	0.0000	26.6248	0.0182	38.7075	0.0544	0.0545	0.0000	29.7308	0.0000	38.7130			
13	49	0.0363	2	0	2	0	0	0	0	0	0	N	Y	N	N	N	N	N	N	N	N	N	N	0.0000	0.0000	0.0000	0.0000	0.0000	0.0000	0.0000	0.0000	0.0000	0.0000	0.0000	0.0000	0.0000	0.0000	0.0000	0.0000	1.8022	1.2585	2.1225	1.9955	1.9957	0.0000	1.7431	0.0000	2.1225	2.8621	0.0000	-0.0003	1.0000	0.8922	1.0000	1.0748	0.0000	0.0000	0.0000	0.0000	0.0000	0.0000	0.0000	0.0000	0.0000	0.0335	0.0087	0.0248	0.0087	0.0087	0.0000	0.0248	0.0000	0.0248	0.0428	0.0399	0.0029	0.0212	0.0206	0.0006	0.0215	0.0193	0.0023	0.0186	0.0069	0.0117	0.0043	0.0043	0.0000	0.0142	0.0025	0.0117	0.0000	0.0000	0.0000	0.0000	0.0000	0.0000	0.0000	0.0000	0.0000	1.8022	1.2585	2.1225	1.9955	1.9957	0.0000	1.7431	0.0000	2.1225			
13	52	0.1365	4	0	1	0	0	0	0	0	0	N	N	N	N	N	N	N	N	N	N	N	N	0.0000	0.0000	0.0000	0.0000	0.0000	0.0000	0.0000	0.0000	0.0000	0.0000	0.0000	0.0000	0.0000	0.0391	0.1007	0.0000	0.2726	0.2880	0.0000	0.0000	0.0000	0.0000	0.0000	0.0000	-0.0008	1.0000	3.0179	1.0000	1.1627	0.0000	0.0000	0.0000	0.0000	0.0000	0.0000	0.0000	0.0000	0.0000	0.0011	0.0011	0.0000	0.0011	0.0011	0.0000	0.0000	0.0000	0.0000	0.0620	0.0550	0.0070	0.0196	0.0186	0.0010	0.0425	0.0364	0.0061	0.0276	0.0107	0.0169	0.0040	0.0037	0.0002	0.0237	0.0070	0.0167	0.0000	0.0000	0.0000	0.0000	0.0000	0.0000	0.0000	0.0000	0.0000	0.0391	0.1007	0.0000	0.2726	0.2880	0.0000	0.0000	0.0000	0.0000						
13	54	0.1365	4	0	2	0	0	0	0	0	0	N	Y	N	N	N	N	N	N	N	N	N	N	0.0000	0.0000	0.0000	0.0000	0.0000	0.0000	0.0000	0.0000	0.0000	0.0000	0.0000	0.0000	0.0000	0.0228	0.0697	0.0000	0.2633	0.2925	0.0000	0.0000	0.0000	0.0000	0.0000	0.0000	-0.0008	1.0000	2.0683	1.0000	6.9961	0.0000	0.0000	0.0000	0.0000	0.0000	0.0000	0.0000	0.0000	0.0000	0.0011	0.0011	0.0000	0.0011	0.0011	0.0000	0.0000	0.0000	0.0000	0.0441	0.0391	0.0050	0.0146	0.0139	0.0008	0.0295	0.0253	0.0042	0.0475	0.0155	0.0320	0.0041	0.0037	0.0004	0.0434	0.0118	0.0315	0.0000	0.0000	0.0000	0.0000	0.0000	0.0000	0.0000	0.0000	0.0000	0.0228	0.0697	0.0000	0.2633	0.2925	0.0000	0.0000	0.0000	0.0000						
13	55	0.0799	3	0	1	0	0	0	0	0	0	N	N	N	N	N	N	N	N	N	N	N	N	0.0000	0.0000	0.0000	0.0000	0.0000	0.0000	0.0000	0.0000	0.0000	0.0000	0.0000	0.0000	0.0000	0.0266	0.0000	0.0399	0.0000	0.0000	0.0000	0.0313	0.0000	0.0432	inf	0.0000	0.0003	1.0000	3.9265	1.0000	5.0808	0.0000	0.0000	0.0000	0.0000	0.0000	0.0000	0.0000	0.0000	0.0000	0.0011	0.0000	0.0011	0.0000	0.0000	0.0000	0.0011	0.0000	0.0011	0.0756	0.0669	0.0086	0.0220	0.0209	0.0011	0.0535	0.0460	0.0075	0.0406	0.0136	0.0270	0.0061	0.0040	0.0021	0.0345	0.0095	0.0250	0.0000	0.0000	0.0000	0.0000	0.0000	0.0000	0.0000	0.0000	0.0000	0.0266	0.0000	0.0399	0.0000	0.0000	0.0000	0.0313	0.0000	0.0432						
13	57	0.2150	8	0	2	0	0	0	0	0	0	N	Y	N	N	N	N	N	N	N	N	N	N	4.4660	25.4128	6.2598	31.9695	4.9573	0.0000	50.5824	0.0000	0.0000	0.0000	8.6270	0.0000	64.8697	1.1100	0.0000	1.9904	0.0000	0.0000	0.0000	1.3781	0.0000	2.0291	inf	inf	0.8001	0.0176	1.0000	9.7645	1.0000	7.4558	0.9974	0.0000	0.9974	0.0000	0.0000	0.0000	0.9974	0.0000	0.9974	0.0702	0.0000	0.0702	0.0000	0.0000	0.0000	0.0702	0.0000	0.0702	0.2012	0.1815	0.0197	0.0856	0.0812	0.0043	0.1156	0.1002	0.0154	0.0632	0.0280	0.0353	0.0123	0.0116	0.0007	0.0509	0.0163	0.0346	4.4660	0.0000	25.4128	0.0000	0.0000	0.0000	6.2598	0.0000	31.9695	1.1100	0.0000	1.9904	0.0000	0.0000	0.0000	1.3781	0.0000	2.0291					
13	58	0.2706	9	0	1	1	0	0	0	0	0	N	N	N	N	N	N	N	N	N	N	N	N	0.0000	0.0000	0.0000	0.0000	0.0000	0.0000	0.0000	0.0000	0.0000	0.0000	0.0000	0.0000	0.0000	0.0058	0.0000	0.0112	0.0000	0.0000	0.0000	0.0075	0.0000	0.0115	inf	0.0000	0.0000	1.0000	1.0009	1.0000	0.0163	0.0000	0.0000	0.0000	0.0000	0.0000	0.0000	0.0000	0.0000	0.0000	0.0000	0.0000	0.0000	0.0000	0.0000	0.0000	0.0000	0.0000	0.0000	0.0263	0.0238	0.0025	0.0159	0.0149	0.0010	0.0105	0.0089	0.0015	0.0034	0.0017	0.0018	0.0008	0.0007	0.0000	0.0027	0.0009	0.0017	0.0000	0.0000	0.0000	0.0000	0.0000	0.0000	0.0000	0.0000	0.0000	0.0058	0.0000	0.0112	0.0000	0.0000	0.0000	0.0075	0.0000	0.0115						
13	59	0.2552	8	0	1	0	0	0	0	0	0	N	N	N	N	N	N	N	N	N	N	N	N	0.0000	0.0000	0.0000	0.0000	0.0000	0.0000	0.0000	0.0000	0.0000	0.0000	0.0000	0.0000	0.0000	0.0000	0.0000	0.0000	0.0129	0.0062	0.0185	0.0134	0.0142	0.0000	0.0127	0.0000	0.0189	3.5002	0.0000	0.0000	1.0000	1.9961	1.0000	0.0521	0.0000	0.0000	0.0000	0.0000	0.0000	0.0000	0.0000	0.0000	0.0000	0.0001	0.0000	0.0001	0.0000	0.0000	0.0000	0.0001	0.0000	0.0001	0.0497	0.0448	0.0049	0.0276	0.0259	0.0017	0.0221	0.0189	0.0031	0.0070	0.0032	0.0038	0.0015	0.0014	0.0001	0.0055	0.0018	0.0037	0.0000	0.0000	0.0000	0.0000	0.0000	0.0000	0.0000	0.0000	0.0000	0.0129	0.0062	0.0185	0.0134	0.0142	0.0000	0.0127	0.0000	0.0189			
13	60	0.2475	7	0	1	0	0	0	0	0	0	N	N	N	N	N	N	N	N	N	N	N	N	0.0000	0.0000	0.0000	0.0000	0.0000	0.0000	0.0000	0.0000	0.0000	0.0000	0.0000	0.0000	0.0000	0.0000	0.0000	0.0000	0.1279	0.0403	0.2034	0.0848	0.0893	0.0000	0.1400	0.0000	0.2077	5.8591	0.0000	0.0001	1.0000	0.0081	1.0000	1.0507	0.0000	0.0000	0.0000	0.0000	0.0000	0.0000	0.0000	0.0000	0.0000	0.0005	0.0001	0.0004	0.0001	0.0001	0.0000	0.0004	0.0000	0.0004	0.0003	0.0003	0.0000	0.0002	0.0002	0.0000	0.0001	0.0001	0.0000	0.0038	0.0017	0.0020	0.0008	0.0008	0.0000	0.0029	0.0010	0.0020	0.0000	0.0000	0.0000	0.0000	0.0000	0.0000	0.0000	0.0000	0.0000	0.1279	0.0403	0.2034	0.0848	0.0893	0.0000	0.1400	0.0000	0.2077			
13	61	0.1987	6	0	1	0	0	0	0	0	0	N	N	N	N	N	N	N	N	N	N	N	N	0.0000	0.0000	0.0000	0.0000	0.0000	0.0000	0.0000	0.0000	0.0000	0.0000	0.0000	0.0000	0.0000	0.0000	0.0000	0.0000	2.7096	0.0262	4.7685	0.0495	0.0511	0.0000	3.5051	0.0000	4.8292	236.8050	0.0000	0.0219	1.0000	3.0167	1.0000	3.2580	0.0000	0.0000	0.0000	0.0000	0.0000	0.0000	0.0000	0.0000	0.0000	0.0889	0.0004	0.0885	0.0004	0.0004	0.0000	0.0885	0.0000	0.0885	0.0714	0.0644	0.0069	0.0331	0.0315	0.0016	0.0383	0.0329	0.0054	0.0328	0.0142	0.0186	0.0075	0.0073	0.0002	0.0252	0.0069	0.0183	0.0000	0.0000	0.0000	0.0000	0.0000	0.0000	0.0000	0.0000	0.0000	2.7096	0.0262	4.7685	0.0495	0.0511	0.0000	3.5051	0.0000	4.8292			
13	62	0.1239	5	0	2	0	0	0	0	0	0	N	Y	N	N	N	N	N	N	N	N	N	N	0.0000	0.0000	0.0000	0.0000	0.0000	0.0000	0.0000	0.0000	0.0000	0.0000	0.0000	0.0000	0.0000	25.8657	0.0000	43.6612	0.0000	0.0000	0.0000	35.7973	0.0000	47.7257	inf	0.0000	0.2413	1.0000	3.3327	1.0000	4.3103	0.0000	0.0000	0.0000	0.0000	0.0000	0.0000	0.0000	0.0000	0.0000	0.9613	0.0000	0.9613	0.0000	0.0000	0.0000	0.9613	0.0000	0.9613	0.1068	0.0966	0.0102	0.0621	0.0586	0.0036	0.0447	0.0380	0.0066	0.0372	0.0151	0.0220	0.0103	0.0084	0.0019	0.0269	0.0067	0.0201	0.0000	0.0000	0.0000	0.0000	0.0000	0.0000	0.0000	0.0000	0.0000	25.8657	0.0000	43.6612	0.0000	0.0000	0.0000	35.7973	0.0000	47.7257						
13	63	0.0999	4	0	1	0	0	0	0	0	0	N	N	N	N	N	N	N	N	N	N	N	N	0.0000	0.0000	0.0000	0.0000	0.0000	0.0000	0.0000	0.0000	0.0000	0.0000	0.0000	0.0000	0.0000	0.0000	0.0000	0.0000	1.4405	0.0187	2.3837	0.0300	0.0383	0.0000	1.9090	0.0000	2.6202	191.7179	0.0000	0.0096	1.0000	3.2669	1.0000	2.4507	0.0000	0.0000	0.0000	0.0000	0.0000	0.0000	0.0000	0.0000	0.0000	0.0389	0.0002	0.0387	0.0002	0.0002	0.0000	0.0387	0.0000	0.0387	0.1114	0.1015	0.0099	0.0634	0.0603	0.0031	0.0479	0.0412	0.0067	0.0270	0.0108	0.0162	0.0067	0.0053	0.0015	0.0203	0.0055	0.0148	0.0000	0.0000	0.0000	0.0000	0.0000	0.0000	0.0000	0.0000	0.0000	1.4405	0.0187	2.3837	0.0300	0.0383	0.0000	1.9090	0.0000	2.6202			
13	64	0.0433	4	1	1	1	0	0	0	0	0	N	N	N	N	N	N	N	N	N	N	N	N	0.0000	0.0000	0.0000	0.0000	0.0000	0.0000	0.0000	0.0000	0.0000	0.0000	0.0000	0.0000	0.0000	0.0000	0.0000	0.0000	0.0000	0.0000	0.0000	0.0000	1.0000	0.0000	1.0000	1.0000	0.0000	0.0000	0.0000	0.0000	0.0000	0.0000	0.0000	0.0000	0.0000	0.0000	0.0000	0.0000	0.0000	0.0000	0.0000	0.0000	0.0000	0.0000	0.0000	0.0000	0.0000	0.0000	0.0000	0.0000	0.0000	0.0000	0.0000	0.0057	0.0013	0.0044	0.0000	0.0000	0.0000	0.0057	0.0013	0.0044	0.0000	0.0000	0.0000	0.0000	0.0000	0.0000	0.0000	0.0000	0.0000	0.0000	0.0000	0.0000	0.0000	0.0000	0.0000	0.0000	0.0000	0.0000											
13	65	0.0433	3	1	1	1	0	0	0	0	0	N	N	N	N	N	N	N	N	N	N	N	N	0.0000	0.0000	0.0000	0.0000	0.0000	0.0000	0.0000	0.0000	0.0000	0.0000	0.0000	0.0000	0.0000	13.2617	27.6658	0.0000	28.7361	28.7361	0.0000	0.0000	0.0000	0.0000	0.0000	0.0000	-0.0001	1.0000	0.0000	1.0000	0.0001	0.0000	0.0000	0.0000	0.0000	0.0000	0.0000	0.0000	0.0000	0.0000	0.0001	0.0001	0.0000	0.0001	0.0001	0.0000	0.0000	0.0000	0.0000	0.0000	0.0000	0.0000	0.0000	0.0000	0.0000	0.0000	0.0000	0.0000	0.0000	0.0000	0.0000	0.0000	0.0000	0.0000	0.0000	0.0000	0.0000	0.0000	0.0000	0.0000	0.0000	0.0000	0.0000	0.0000	0.0000	0.0000	13.2617	27.6658	0.0000	28.7361	28.7361	0.0000	0.0000	0.0000	0.0000						
13	66	0.0310	2	1	1	1	0	0	0	0	0	N	N	N	N	N	N	N	N	N	N	N	N	0.0000	0.0000	0.0000	0.0000	0.0000	0.0000	0.0000	0.0000	0.0000	0.0000	0.0000	0.0000	0.0000	0.0000	0.0000	0.0000	4.0464	13.2578	0.0088	31.8332	31.8334	0.0000	0.0070	0.0000	0.0088	0.0015	0.0000	-0.0462	1.0000	1.9720	1.0000	0.0923	0.0000	0.0000	0.0000	0.0000	0.0000	0.0000	0.0000	0.0000	0.0000	0.0617	0.0617	0.0001	0.0617	0.0617	0.0000	0.0001	0.0000	0.0001	0.0365	0.0315	0.0050	0.0049	0.0046	0.0003	0.0316	0.0269	0.0047	0.0153	0.0047	0.0106	0.0019	0.0019	0.0000	0.0133	0.0027	0.0106	0.0000	0.0000	0.0000	0.0000	0.0000	0.0000	0.0000	0.0000	0.0000	4.0464	13.2578	0.0088	31.8332	31.8334	0.0000	0.0070	0.0000	0.0088			
13	68	0.1574	5	0	2	0	1	0	0	0	0	N	Y	N	N	N	N	N	N	N	N	N	N	0.0000	0.0000	0.0000	0.0000	0.0000	0.0000	0.0000	0.0000	0.0000	0.0000	0.0000	0.0000	0.0000	1.3526	3.7565	0.0000	11.9306	12.2878	0.0000	0.0000	0.0000	0.0000	0.0000	0.0000	-0.0339	1.0000	2.7513	1.0000	4.0954	0.0000	0.0000	0.0000	0.0000	0.0000	0.0000	0.0000	0.0000	0.0000	0.0452	0.0452	0.0000	0.0452	0.0452	0.0000	0.0000	0.0000	0.0000	0.0693	0.0627	0.0066	0.0349	0.0331	0.0018	0.0344	0.0296	0.0048	0.0334	0.0120	0.0214	0.0038	0.0037	0.0001	0.0296	0.0084	0.0213	0.0000	0.0000	0.0000	0.0000	0.0000	0.0000	0.0000	0.0000	0.0000	1.3526	3.7565	0.0000	11.9306	12.2878	0.0000	0.0000	0.0000	0.0000						
13	69	0.0799	3	0	2	0	0	0	0	0	0	N	Y	N	N	N	N	N	N	N	N	N	N	0.0000	0.0000	0.0000	0.0000	0.0000	0.0000	0.0000	0.0000	0.0000	0.0000	0.0000	0.0000	0.0000	13.7223	0.0000	20.6694	0.0000	0.0000	0.0000	15.9895	0.0000	22.3578	inf	0.0000	0.2511	1.0000	9.9334	1.0000	8.9999	0.0000	0.0000	0.0000	0.0000	0.0000	0.0000	0.0000	0.0000	0.0000	1.0000	0.0000	1.0000	0.0000	0.0000	0.0000	1.0000	0.0000	1.0000	0.1681	0.1486	0.0195	0.0418	0.0395	0.0024	0.1263	0.1092	0.0171	0.0729	0.0245	0.0484	0.0103	0.0067	0.0037	0.0625	0.0178	0.0447	0.0000	0.0000	0.0000	0.0000	0.0000	0.0000	0.0000	0.0000	0.0000	13.7223	0.0000	20.6694	0.0000	0.0000	0.0000	15.9895	0.0000	22.3578						
13	70	0.0799	3	0	2	0	0	0	0	0	0	N	Y	N	N	N	N	N	N	N	N	N	N	0.0000	0.0000	0.0000	0.0000	0.0000	0.0000	0.0000	0.0000	0.0000	0.0000	0.0000	0.0000	0.0000	50.2121	0.0000	75.2923	0.0000	0.0000	0.0000	59.4388	0.0000	81.5547	inf	0.0000	0.2511	1.0000	0.0666	1.0000	4.0001	0.0000	0.0000	0.0000	0.0000	0.0000	0.0000	0.0000	0.0000	0.0000	1.0000	0.0000	1.0000	0.0000	0.0000	0.0000	1.0000	0.0000	1.0000	0.0066	0.0064	0.0002	0.0056	0.0056	0.0001	0.0010	0.0008	0.0001	0.0199	0.0066	0.0133	0.0031	0.0021	0.0010	0.0168	0.0046	0.0123	0.0000	0.0000	0.0000	0.0000	0.0000	0.0000	0.0000	0.0000	0.0000	50.2121	0.0000	75.2923	0.0000	0.0000	0.0000	59.4388	0.0000	81.5547						
13	74	0.0999	4	0	2	0	0	0	0	0	0	N	Y	N	N	N	N	N	N	N	N	N	N	0.0000	0.0000	0.0000	0.0000	0.0000	0.0000	0.0000	0.0000	0.0000	0.0000	0.0000	0.0000	0.0000	0.0071	0.0180	0.0000	0.0291	0.0376	0.0000	0.0000	0.0000	0.0000	0.0000	0.0000	-0.0002	1.0000	1.8678	1.0000	4.6278	0.0000	0.0000	0.0000	0.0000	0.0000	0.0000	0.0000	0.0000	0.0000	0.0002	0.0002	0.0000	0.0002	0.0002	0.0000	0.0000	0.0000	0.0000	0.0877	0.0806	0.0071	0.0566	0.0539	0.0027	0.0311	0.0267	0.0044	0.0297	0.0117	0.0180	0.0072	0.0056	0.0016	0.0225	0.0061	0.0164	0.0000	0.0000	0.0000	0.0000	0.0000	0.0000	0.0000	0.0000	0.0000	0.0071	0.0180	0.0000	0.0291	0.0376	0.0000	0.0000	0.0000	0.0000						
13	75	0.0799	3	0	1	0	0	0	0	0	0	N	N	N	N	N	N	N	N	N	N	N	N	0.0000	0.0000	0.0000	0.0000	0.0000	0.0000	0.0000	0.0000	0.0000	0.0000	0.0000	0.0000	0.0000	0.0083	0.0000	0.0124	0.0000	0.0000	0.0000	0.0098	0.0000	0.0134	inf	0.0000	0.0001	1.0000	4.7010	1.0000	0.6064	0.0000	0.0000	0.0000	0.0000	0.0000	0.0000	0.0000	0.0000	0.0000	0.0002	0.0000	0.0002	0.0000	0.0000	0.0000	0.0002	0.0000	0.0002	0.0884	0.0782	0.0102	0.0249	0.0236	0.0013	0.0635	0.0546	0.0089	0.0255	0.0085	0.0170	0.0039	0.0026	0.0013	0.0215	0.0059	0.0157	0.0000	0.0000	0.0000	0.0000	0.0000	0.0000	0.0000	0.0000	0.0000	0.0083	0.0000	0.0124	0.0000	0.0000	0.0000	0.0098	0.0000	0.0134						
13	78	0.2035	7	1	2	0	1	0	0	0	0	N	Y	N	N	N	N	N	N	N	N	N	N	0.0000	0.0000	0.0000	0.0000	0.0000	0.0000	0.0000	0.0000	0.0000	0.0000	0.0000	0.0000	0.0000	0.0029	0.0097	0.0000	0.0338	0.0538	0.0000	0.0000	0.0000	0.0000	0.0000	0.0000	-0.0000	1.0000	1.0000	1.0000	2.0144	0.0000	0.0000	0.0000	0.0000	0.0000	0.0000	0.0000	0.0000	0.0000	0.0000	0.0000	0.0000	0.0000	0.0000	0.0000	0.0000	0.0000	0.0000	0.0209	0.0186	0.0022	0.0081	0.0077	0.0004	0.0128	0.0110	0.0018	0.0136	0.0041	0.0095	0.0012	0.0007	0.0004	0.0125	0.0034	0.0091	0.0000	0.0000	0.0000	0.0000	0.0000	0.0000	0.0000	0.0000	0.0000	0.0029	0.0097	0.0000	0.0338	0.0538	0.0000	0.0000	0.0000	0.0000						
13	79	0.1813	6	1	2	0	1	0	0	0	0	N	Y	N	N	N	N	N	N	N	N	N	N	0.0000	0.0000	0.0000	0.0000	0.0000	0.0000	0.0000	0.0000	0.0000	0.0000	0.0000	0.0000	0.0000	0.0030	0.0000	0.0042	0.0000	0.0000	0.0000	0.0032	0.0000	0.0044	inf	0.0000	0.0000	1.0000	0.0001	1.0000	3.0180	0.0000	0.0000	0.0000	0.0000	0.0000	0.0000	0.0000	0.0000	0.0000	0.0000	0.0000	0.0000	0.0000	0.0000	0.0000	0.0000	0.0000	0.0000	0.0000	0.0000	0.0000	0.0000	0.0000	0.0000	0.0000	0.0000	0.0000	0.0135	0.0041	0.0095	0.0011	0.0006	0.0004	0.0125	0.0034	0.0091	0.0000	0.0000	0.0000	0.0000	0.0000	0.0000	0.0000	0.0000	0.0000	0.0030	0.0000	0.0042	0.0000	0.0000	0.0000	0.0032	0.0000	0.0044						
13	80	0.2033	8	0	2	0	1	0	0	0	0	N	Y	N	N	N	N	N	N	N	N	N	N	0.0000	0.0000	0.0000	0.0000	0.0000	0.0000	0.0000	0.0000	0.0000	0.0000	0.0000	0.0000	0.0000	0.0000	0.0000	0.0000	0.0000	0.0000	0.0000	0.0000	1.0000	0.0000	1.0000	0.0000	0.0000	0.0000	0.0000	0.0000	0.0000	0.0000	0.0000	0.0000	0.0000	0.0000	0.0000	0.0000	0.0000	0.0000	0.0000	0.0000	0.0000	0.0000	0.0000	0.0000	0.0000	0.0000	0.0000	0.0000	0.0000	0.0000	0.0000	0.0000	0.0000	0.0000	0.0000	0.0000	0.0000	0.0000	0.0000	0.0000	0.0000	0.0000	0.0000	0.0000	0.0000	0.0000	0.0000	0.0000	0.0000	0.0000	0.0000	0.0000	0.0000	0.0000	0.0000	0.0000	0.0000	0.0000											
13	81	0.1813	6	0	1	1	1	0	0	0	0	N	N	N	N	N	N	N	N	N	N	N	N	0.0000	0.0000	0.0000	0.0000	0.0000	0.0000	0.0000	0.0000	0.0000	0.0000	0.0000	0.0000	0.0000	0.0000	0.0000	0.0000	0.0000	0.0000	0.0000	0.0000	1.0000	2.0000	1.0000	0.0000	0.0000	0.0000	0.0000	0.0000	0.0000	0.0000	0.0000	0.0000	0.0000	0.0000	0.0000	0.0000	0.0000	0.0000	0.0000	0.0000	0.0000	0.0000	0.0410	0.0366	0.0044	0.0157	0.0148	0.0008	0.0253	0.0217	0.0036	0.0091	0.0027	0.0064	0.0007	0.0004	0.0003	0.0084	0.0023	0.0061	0.0000	0.0000	0.0000	0.0000	0.0000	0.0000	0.0000	0.0000	0.0000	0.0000	0.0000	0.0000	0.0000	0.0000	0.0000	0.0000	0.0000	0.0000											
13	82	0.1813	6	0	1	1	1	0	0	0	0	N	N	N	N	N	N	N	N	N	N	N	N	0.0000	0.0000	0.0000	0.0000	0.0000	0.0000	0.0000	0.0000	0.0000	0.0000	0.0000	0.0000	0.0000	0.0000	0.0000	0.0000	0.0000	0.0000	0.0000	0.0000	1.0000	0.0000	1.0000	4.0000	0.0000	0.0000	0.0000	0.0000	0.0000	0.0000	0.0000	0.0000	0.0000	0.0000	0.0000	0.0000	0.0000	0.0000	0.0000	0.0000	0.0000	0.0000	0.0000	0.0000	0.0000	0.0000	0.0000	0.0000	0.0000	0.0000	0.0000	0.0177	0.0053	0.0124	0.0014	0.0008	0.0006	0.0163	0.0045	0.0118	0.0000	0.0000	0.0000	0.0000	0.0000	0.0000	0.0000	0.0000	0.0000	0.0000	0.0000	0.0000	0.0000	0.0000	0.0000	0.0000	0.0000	0.0000											
13	83	0.2033	8	0	1	1	1	0	0	0	0	N	N	N	N	N	N	N	N	N	N	N	N	0.0000	0.0000	0.0000	0.0000	0.0000	0.0000	0.0000	0.0000	0.0000	0.0000	0.0000	0.0000	0.0000	0.0000	0.0000	0.0000	0.0000	0.0000	0.0000	0.0000	1.0000	0.0000	1.0000	2.0000	0.0000	0.0000	0.0000	0.0000	0.0000	0.0000	0.0000	0.0000	0.0000	0.0000	0.0000	0.0000	0.0000	0.0000	0.0000	0.0000	0.0000	0.0000	0.0000	0.0000	0.0000	0.0000	0.0000	0.0000	0.0000	0.0000	0.0000	0.0090	0.0026	0.0064	0.0006	0.0003	0.0003	0.0084	0.0023	0.0061	0.0000	0.0000	0.0000	0.0000	0.0000	0.0000	0.0000	0.0000	0.0000	0.0000	0.0000	0.0000	0.0000	0.0000	0.0000	0.0000	0.0000	0.0000											
13	84	0.1960	7	0	1	0	1	0	0	0	0	N	N	N	N	N	N	N	N	N	N	N	N	0.0000	0.0000	0.0000	0.0000	0.0000	0.0000	0.0000	0.0000	0.0000	0.0000	0.0000	0.0000	0.0000	0.2252	0.7623	0.0000	2.6870	4.6052	0.0000	0.0000	0.0000	0.0000	0.0000	0.0000	-0.0008	1.0000	1.0000	1.0000	0.0015	0.0000	0.0000	0.0000	0.0000	0.0000	0.0000	0.0000	0.0000	0.0000	0.0011	0.0011	0.0000	0.0011	0.0011	0.0000	0.0000	0.0000	0.0000	0.0209	0.0186	0.0022	0.0081	0.0077	0.0004	0.0128	0.0110	0.0018	0.0047	0.0014	0.0033	0.0004	0.0002	0.0002	0.0043	0.0012	0.0032	0.0000	0.0000	0.0000	0.0000	0.0000	0.0000	0.0000	0.0000	0.0000	0.2252	0.7623	0.0000	2.6870	4.6052	0.0000	0.0000	0.0000	0.0000						
13	85	0.1813	6	0	1	0	1	0	0	0	0	N	N	N	N	N	N	N	N	N	N	N	N	0.0000	0.0000	0.0000	0.0000	0.0000	0.0000	0.0000	0.0000	0.0000	0.0000	0.0000	0.0000	0.0000	0.1161	0.0000	0.1654	0.0000	0.0000	0.0000	0.1260	0.0000	0.1732	inf	0.0000	0.0003	1.0000	0.0000	1.0000	2.0013	0.0000	0.0000	0.0000	0.0000	0.0000	0.0000	0.0000	0.0000	0.0000	0.0011	0.0000	0.0011	0.0000	0.0000	0.0000	0.0011	0.0000	0.0011	0.0000	0.0000	0.0000	0.0000	0.0000	0.0000	0.0000	0.0000	0.0000	0.0091	0.0027	0.0064	0.0007	0.0004	0.0003	0.0084	0.0023	0.0061	0.0000	0.0000	0.0000	0.0000	0.0000	0.0000	0.0000	0.0000	0.0000	0.1161	0.0000	0.1654	0.0000	0.0000	0.0000	0.1260	0.0000	0.1732						
13	86	0.2212	6	1	2	0	0	0	0	0	0	N	Y	N	N	N	N	N	N	N	N	N	N	0.0000	0.0000	0.0000	0.0000	0.0000	0.0000	0.0000	0.0000	0.0000	0.0000	0.0000	0.0000	0.0000	5.6425	11.6809	0.0000	17.3550	18.1709	0.0000	0.0000	0.0000	0.0000	0.0000	0.0000	-0.0444	1.0000	0.0007	1.0000	0.9812	0.0000	0.0000	0.0000	0.0000	0.0000	0.0000	0.0000	0.0000	0.0000	0.0592	0.0592	0.0000	0.0592	0.0592	0.0000	0.0000	0.0000	0.0000	0.0000	0.0000	0.0000	0.0000	0.0000	0.0000	0.0000	0.0000	0.0000	0.0105	0.0051	0.0054	0.0034	0.0033	0.0002	0.0071	0.0018	0.0053	0.0000	0.0000	0.0000	0.0000	0.0000	0.0000	0.0000	0.0000	0.0000	5.6425	11.6809	0.0000	17.3550	18.1709	0.0000	0.0000	0.0000	0.0000						
13	87	0.1654	5	1	2	0	0	0	0	0	0	N	Y	N	N	N	N	N	N	N	N	N	N	0.0000	0.0000	0.0000	0.0000	0.0000	0.0000	0.0000	0.0000	0.0000	0.0000	0.0000	0.0000	0.0000	0.0000	0.0000	0.0000	2.0141	0.2860	2.7864	1.0378	1.6241	0.0000	2.1050	0.0000	2.9161	21.8020	0.0000	0.0128	1.0000	5.0272	1.0000	2.1572	0.0000	0.0000	0.0000	0.0000	0.0000	0.0000	0.0000	0.0000	0.0000	0.0618	0.0027	0.0591	0.0027	0.0027	0.0000	0.0591	0.0000	0.0591	0.1019	0.0913	0.0106	0.0400	0.0381	0.0019	0.0619	0.0532	0.0086	0.0307	0.0095	0.0212	0.0026	0.0017	0.0009	0.0281	0.0078	0.0203	0.0000	0.0000	0.0000	0.0000	0.0000	0.0000	0.0000	0.0000	0.0000	2.0141	0.2860	2.7864	1.0378	1.6241	0.0000	2.1050	0.0000	2.9161			
13	88	0.2186	7	0	2	0	0	0	0	0	0	N	Y	N	N	N	N	N	N	N	N	N	N	0.0000	0.0000	0.0000	0.0000	0.0000	0.0000	0.0000	0.0000	0.0000	0.0000	0.0000	0.0000	0.0000	0.0000	0.0000	0.0000	0.0000	0.0000	0.0000	0.0000	1.0000	0.0000	1.0000	4.0000	0.0000	0.0000	0.0000	0.0000	0.0000	0.0000	0.0000	0.0000	0.0000	0.0000	0.0000	0.0000	0.0000	0.0000	0.0000	0.0000	0.0000	0.0000	0.0000	0.0000	0.0000	0.0000	0.0000	0.0000	0.0000	0.0000	0.0000	0.0178	0.0055	0.0123	0.0019	0.0013	0.0006	0.0159	0.0042	0.0116	0.0000	0.0000	0.0000	0.0000	0.0000	0.0000	0.0000	0.0000	0.0000	0.0000	0.0000	0.0000	0.0000	0.0000	0.0000	0.0000	0.0000	0.0000											
13	89	0.1813	6	0	2	0	0	0	0	0	0	N	Y	N	N	N	N	N	N	N	N	N	N	0.0000	0.0000	0.0000	0.0000	0.0000	0.0000	0.0000	0.0000	0.0000	0.0000	0.0000	0.0000	0.0000	0.0000	0.0000	0.0000	0.0000	0.0000	0.0000	0.0000	1.0000	3.0000	1.0000	2.0000	0.0000	0.0000	0.0000	0.0000	0.0000	0.0000	0.0000	0.0000	0.0000	0.0000	0.0000	0.0000	0.0000	0.0000	0.0000	0.0000	0.0000	0.0000	0.0602	0.0538	0.0065	0.0227	0.0215	0.0012	0.0375	0.0322	0.0053	0.0218	0.0066	0.0152	0.0017	0.0010	0.0007	0.0200	0.0055	0.0145	0.0000	0.0000	0.0000	0.0000	0.0000	0.0000	0.0000	0.0000	0.0000	0.0000	0.0000	0.0000	0.0000	0.0000	0.0000	0.0000	0.0000	0.0000											
13	90	0.1813	6	1	2	0	0	0	0	0	0	N	Y	N	N	N	N	N	N	N	N	N	N	0.0000	0.0000	0.0000	0.0000	0.0000	0.0000	0.0000	0.0000	0.0000	0.0000	0.0000	0.0000	0.0000	0.0000	0.0000	0.0000	0.0000	0.0000	0.0000	0.0000	1.0000	2.0000	1.0000	3.0000	0.0000	0.0000	0.0000	0.0000	0.0000	0.0000	0.0000	0.0000	0.0000	0.0000	0.0000	0.0000	0.0000	0.0000	0.0000	0.0000	0.0000	0.0000	0.0410	0.0366	0.0044	0.0157	0.0148	0.0008	0.0253	0.0217	0.0036	0.0218	0.0066	0.0152	0.0017	0.0010	0.0007	0.0200	0.0055	0.0145	0.0000	0.0000	0.0000	0.0000	0.0000	0.0000	0.0000	0.0000	0.0000	0.0000	0.0000	0.0000	0.0000	0.0000	0.0000	0.0000	0.0000	0.0000											
13	91	0.1654	5	0	1	0	0	0	0	0	0	N	N	N	N	N	N	N	N	N	N	N	N	0.0000	0.0000	0.0000	0.0000	0.0000	0.0000	0.0000	0.0000	0.0000	0.0000	0.0000	0.0000	0.0000	0.2857	0.9046	0.0000	2.8817	4.1341	0.0000	0.0000	0.0000	0.0000	0.0000	0.0000	-0.0022	1.0000	2.0705	1.0000	0.0351	0.0000	0.0000	0.0000	0.0000	0.0000	0.0000	0.0000	0.0000	0.0000	0.0029	0.0029	0.0000	0.0029	0.0029	0.0000	0.0000	0.0000	0.0000	0.0478	0.0431	0.0047	0.0213	0.0204	0.0009	0.0265	0.0227	0.0038	0.0101	0.0032	0.0069	0.0010	0.0007	0.0003	0.0091	0.0025	0.0066	0.0000	0.0000	0.0000	0.0000	0.0000	0.0000	0.0000	0.0000	0.0000	0.2857	0.9046	0.0000	2.8817	4.1341	0.0000	0.0000	0.0000	0.0000						
13	92	0.1400	4	0	1	0	0	0	0	0	0	N	N	N	N	N	N	N	N	N	N	N	N	0.0000	0.0000	0.0000	0.0000	0.0000	0.0000	0.0000	0.0000	0.0000	0.0000	0.0000	0.0000	0.0000	0.0000	0.0000	0.0000	0.6213	1.3156	0.2431	3.5378	4.4597	0.0000	0.1812	0.0000	0.2537	0.3393	0.0000	-0.0056	1.0000	3.4249	1.0000	0.1413	0.0000	0.0000	0.0000	0.0000	0.0000	0.0000	0.0000	0.0000	0.0000	0.0113	0.0084	0.0029	0.0084	0.0084	0.0000	0.0029	0.0000	0.0029	0.0928	0.0843	0.0085	0.0486	0.0462	0.0024	0.0442	0.0381	0.0061	0.0181	0.0064	0.0117	0.0024	0.0019	0.0005	0.0158	0.0045	0.0113	0.0000	0.0000	0.0000	0.0000	0.0000	0.0000	0.0000	0.0000	0.0000	0.6213	1.3156	0.2431	3.5378	4.4597	0.0000	0.1812	0.0000	0.2537			
13	98	0.2768	9	0	1	0	0	0	0	0	0	N	N	N	N	N	N	N	N	N	N	N	N	0.0097	inf	0.0000	inf	inf	0.0000	0.0000	0.0121	0.0133	0.0000	0.0223	0.0236	0.0000	0.0000	0.0000	0.0000	1.2379	0.0000	2.7569	0.0000	0.0000	0.0000	1.8425	0.0000	2.8747	0.0000	inf	-0.0003	0.0241	1.0000	4.9999	1.0000	9.0821	0.0017	0.0017	0.0000	0.0017	0.0017	0.0000	0.0000	0.0000	0.0000	0.0959	0.0000	0.0959	0.0000	0.0000	0.0000	0.0959	0.0000	0.0959	0.1409	0.1282	0.0127	0.0763	0.0719	0.0044	0.0646	0.0564	0.0082	0.0775	0.0427	0.0348	0.0254	0.0240	0.0014	0.0521	0.0187	0.0334	0.0097	inf	0.0000	inf	inf	0.0000	0.0000	0.0000	0.0000	1.2379	0.0000	2.7569	0.0000	0.0000	0.0000	1.8425	0.0000	2.8747		
14	15	0.1982	7	0	1	0	1	0	0	0	0	N	N	N	N	N	N	N	N	N	N	N	N	0.0000	0.0000	0.0000	0.0000	0.0000	0.0000	0.0000	0.0000	0.0000	0.0000	0.0000	0.0000	0.0000	0.0240	0.0814	0.0000	0.2988	0.5306	0.0000	0.0000	0.0000	0.0000	0.0000	0.0000	-0.0002	1.0000	0.0000	0.9994	2.0000	0.0000	0.0000	0.0000	0.0000	0.0000	0.0000	0.0000	0.0000	0.0000	0.0002	0.0002	0.0000	0.0002	0.0002	0.0000	0.0000	0.0000	0.0000	0.0000	0.0000	0.0000	0.0000	0.0000	0.0000	0.0000	0.0000	0.0000	0.0092	0.0027	0.0065	0.0007	0.0004	0.0003	0.0084	0.0023	0.0061	0.0000	0.0000	0.0000	0.0000	0.0000	0.0000	0.0000	0.0000	0.0000	0.0240	0.0814	0.0000	0.2988	0.5306	0.0000	0.0000	0.0000	0.0000						
14	17	0.2131	8	1	1	0	1	0	0	0	0	N	N	N	N	N	N	N	N	N	N	N	N	0.0000	0.0000	0.0000	0.0000	0.0000	0.0000	0.0000	0.0000	0.0000	0.0000	0.0000	0.0000	0.0000	1.3515	0.0000	2.3676	0.0000	0.0000	0.0000	1.7726	0.0000	2.4962	inf	0.0000	0.0021	1.0000	0.0017	0.9994	0.9948	0.0000	0.0000	0.0000	0.0000	0.0000	0.0000	0.0000	0.0000	0.0000	0.0083	0.0000	0.0083	0.0000	0.0000	0.0000	0.0083	0.0000	0.0083	0.0001	0.0001	0.0000	0.0000	0.0000	0.0000	0.0000	0.0000	0.0000	0.0061	0.0026	0.0035	0.0015	0.0013	0.0002	0.0047	0.0014	0.0033	0.0000	0.0000	0.0000	0.0000	0.0000	0.0000	0.0000	0.0000	0.0000	1.3515	0.0000	2.3676	0.0000	0.0000	0.0000	1.7726	0.0000	2.4962						
14	18	0.0636	3	0	1	0	1	0	0	0	0	N	N	N	N	N	N	N	N	N	N	N	N	0.0000	0.0000	0.0000	0.0000	0.0000	0.0000	0.0000	0.0000	0.0000	0.0000	0.0000	0.0000	0.0000	0.0000	0.0000	0.0000	0.0000	0.0000	0.0000	0.0000	1.0000	0.0000	0.9994	0.0000	0.0000	0.0000	0.0000	0.0000	0.0000	0.0000	0.0000	0.0000	0.0000	0.0000	0.0000	0.0000	0.0000	0.0000	0.0000	0.0000	0.0000	0.0000	0.0000	0.0000	0.0000	0.0000	0.0000	0.0000	0.0000	0.0000	0.0000	0.0000	0.0000	0.0000	0.0000	0.0000	0.0000	0.0000	0.0000	0.0000	0.0000	0.0000	0.0000	0.0000	0.0000	0.0000	0.0000	0.0000	0.0000	0.0000	0.0000	0.0000	0.0000	0.0000	0.0000	0.0000	0.0000	0.0000											
14	19	0.1277	5	0	0	0	2	0	0	0	0	N	N	N	Y	N	N	N	N	N	N	N	N	0.0000	0.0000	0.0000	0.0000	0.0000	0.0000	0.0000	0.0000	0.0000	0.0000	0.0000	0.0000	0.0000	0.0000	0.0000	0.0000	0.0000	0.0000	0.0000	0.0000	1.0000	3.0666	0.9994	4.9999	0.0000	0.0000	0.0000	0.0000	0.0000	0.0000	0.0000	0.0000	0.0000	0.0000	0.0000	0.0000	0.0000	0.0000	0.0000	0.0000	0.0000	0.0000	0.0754	0.0667	0.0087	0.0191	0.0179	0.0011	0.0563	0.0487	0.0076	0.0513	0.0170	0.0343	0.0027	0.0015	0.0012	0.0486	0.0154	0.0332	0.0000	0.0000	0.0000	0.0000	0.0000	0.0000	0.0000	0.0000	0.0000	0.0000	0.0000	0.0000	0.0000	0.0000	0.0000	0.0000	0.0000	0.0000											
14	20	0.2198	8	1	0	1	1	0	0	0	0	N	N	N	N	N	N	N	N	N	N	N	N	0.0000	inf	0.0000	inf	inf	0.0000	0.0000	0.0000	0.0000	0.0000	0.0000	0.0000	0.0000	0.0000	0.0000	0.0000	69.3692	0.0000	107.8591	0.0000	0.0000	0.0000	86.7343	0.0000	111.6167	0.0000	inf	-0.0000	0.2353	1.0000	0.9718	0.9994	0.9404	0.0000	0.0000	0.0000	0.0000	0.0000	0.0000	0.0000	0.0000	0.0000	0.9373	0.0000	0.9373	0.0000	0.0000	0.0000	0.9373	0.0000	0.9373	0.0234	0.0209	0.0026	0.0072	0.0068	0.0004	0.0163	0.0141	0.0022	0.0135	0.0048	0.0087	0.0027	0.0024	0.0003	0.0108	0.0024	0.0084	0.0000	inf	0.0000	inf	inf	0.0000	0.0000	0.0000	0.0000	69.3692	0.0000	107.8591	0.0000	0.0000	0.0000	86.7343	0.0000	111.6167		
14	21	0.1752	7	0	1	0	1	0	0	0	0	N	N	N	N	N	N	N	N	N	N	N	N	0.0000	0.0000	0.0000	0.0000	0.0000	0.0000	0.0000	0.0000	0.0000	0.0000	0.0000	0.0000	0.0000	0.0000	0.0000	0.0801	0.0000	0.1448	0.0000	0.0000	0.0000	0.1038	0.0000	0.1540	inf	0.0000	0.0001	1.0000	0.9958	0.9994	0.0079	0.0000	0.0000	0.0000	0.0000	0.0000	0.0000	0.0000	0.0000	0.0000	0.0004	0.0000	0.0004	0.0000	0.0000	0.0000	0.0004	0.0000	0.0004	0.0328	0.0291	0.0037	0.0119	0.0109	0.0010	0.0209	0.0182	0.0027	0.0051	0.0023	0.0028	0.0012	0.0010	0.0002	0.0039	0.0013	0.0027	0.0000	0.0000	0.0000	0.0000	0.0000	0.0000	0.0000	0.0000	0.0000	0.0801	0.0000	0.1448	0.0000	0.0000	0.0000	0.1038	0.0000	0.1540				
14	22	0.1316	7	0	1	0	1	0	0	0	0	N	N	N	N	N	N	N	N	N	N	N	N	0.0000	0.0000	0.0000	0.0000	0.0000	0.0000	0.0000	0.0000	0.0000	0.0000	0.0000	0.0000	0.0000	0.0000	0.0000	0.0000	0.0000	1.3490	0.0000	2.4418	0.0000	0.0000	0.0000	1.7864	0.0000	2.5705	1421001.8690	0.0000	0.0182	1.0000	4.0220	0.9994	5.3698	0.0000	0.0000	0.0000	0.0000	0.0000	0.0000	0.0000	0.0000	0.0000	0.0726	0.0000	0.0726	0.0000	0.0000	0.0000	0.0726	0.0000	0.0726	0.1192	0.1060	0.0132	0.0333	0.0310	0.0023	0.0859	0.0750	0.0108	0.0538	0.0241	0.0297	0.0132	0.0117	0.0015	0.0406	0.0124	0.0282	0.0000	0.0000	0.0000	0.0000	0.0000	0.0000	0.0000	0.0000	0.0000	1.3490	0.0000	2.4418	0.0000	0.0000	0.0000	1.7864	0.0000	2.5705		
14	23	0.1982	7	1	1	0	1	0	0	0	0	N	N	N	N	N	N	N	N	N	N	N	N	0.0000	0.0000	0.0000	0.0000	0.0000	0.0000	0.0000	0.0000	0.0000	0.0000	0.0000	0.0000	0.0000	0.0000	0.0000	0.0000	0.0000	0.0000	0.0000	0.0000	1.0000	0.0000	0.9994	3.0000	0.0000	0.0000	0.0000	0.0000	0.0000	0.0000	0.0000	0.0000	0.0000	0.0000	0.0000	0.0000	0.0000	0.0000	0.0000	0.0000	0.0000	0.0000	0.0000	0.0000	0.0000	0.0000	0.0000	0.0000	0.0000	0.0000	0.0000	0.0135	0.0040	0.0095	0.0011	0.0006	0.0005	0.0125	0.0034	0.0091	0.0000	0.0000	0.0000	0.0000	0.0000	0.0000	0.0000	0.0000	0.0000	0.0000	0.0000	0.0000	0.0000	0.0000	0.0000	0.0000	0.0000	0.0000											
14	24	0.1983	9	0	1	0	1	0	0	0	0	N	N	N	N	N	N	N	N	N	N	N	N	0.0000	0.0000	0.0000	0.0000	0.0000	0.0000	0.0000	0.0000	0.0000	0.0000	0.0000	0.0000	0.0000	0.0042	0.0000	0.0076	0.0000	0.0000	0.0000	0.0054	0.0000	0.0082	inf	0.0000	0.0000	1.0000	0.0018	0.9994	0.9893	0.0000	0.0000	0.0000	0.0000	0.0000	0.0000	0.0000	0.0000	0.0000	0.0000	0.0000	0.0000	0.0000	0.0000	0.0000	0.0000	0.0000	0.0000	0.0002	0.0002	0.0000	0.0002	0.0002	0.0000	0.0000	0.0000	0.0000	0.0048	0.0022	0.0026	0.0011	0.0009	0.0002	0.0037	0.0013	0.0024	0.0000	0.0000	0.0000	0.0000	0.0000	0.0000	0.0000	0.0000	0.0000	0.0042	0.0000	0.0076	0.0000	0.0000	0.0000	0.0054	0.0000	0.0082						
14	25	0.1277	5	1	1	0	1	0	0	0	0	N	N	N	N	N	N	N	N	N	N	N	N	0.0000	0.0000	0.0000	0.0000	0.0000	0.0000	0.0000	0.0000	0.0000	0.0000	0.0000	0.0000	0.0000	0.0000	0.0000	0.0000	0.0000	0.0000	0.0000	0.0000	1.0000	2.0666	0.9994	3.9999	0.0000	0.0000	0.0000	0.0000	0.0000	0.0000	0.0000	0.0000	0.0000	0.0000	0.0000	0.0000	0.0000	0.0000	0.0000	0.0000	0.0000	0.0000	0.0532	0.0470	0.0061	0.0138	0.0130	0.0008	0.0394	0.0340	0.0054	0.0401	0.0132	0.0269	0.0021	0.0012	0.0009	0.0380	0.0120	0.0260	0.0000	0.0000	0.0000	0.0000	0.0000	0.0000	0.0000	0.0000	0.0000	0.0000	0.0000	0.0000	0.0000	0.0000	0.0000	0.0000	0.0000	0.0000											
14	26	0.1982	7	0	1	0	1	0	0	0	0	N	N	N	N	N	N	N	N	N	N	N	N	0.0000	0.0000	0.0000	0.0000	0.0000	0.0000	0.0000	0.0000	0.0000	0.0000	0.0000	0.0000	0.0000	0.0000	0.0000	0.0000	0.0000	0.0000	0.0000	0.0000	1.0000	1.0000	0.9994	4.0000	0.0000	0.0000	0.0000	0.0000	0.0000	0.0000	0.0000	0.0000	0.0000	0.0000	0.0000	0.0000	0.0000	0.0000	0.0000	0.0000	0.0000	0.0000	0.0209	0.0186	0.0022	0.0081	0.0077	0.0004	0.0128	0.0110	0.0018	0.0219	0.0065	0.0154	0.0018	0.0010	0.0008	0.0201	0.0055	0.0146	0.0000	0.0000	0.0000	0.0000	0.0000	0.0000	0.0000	0.0000	0.0000	0.0000	0.0000	0.0000	0.0000	0.0000	0.0000	0.0000	0.0000	0.0000											
14	27	0.1982	7	0	1	0	1	0	0	0	0	N	N	N	N	N	N	N	N	N	N	N	N	0.0000	inf	0.0000	inf	inf	0.0000	0.0000	0.0010	0.0011	0.0000	0.0025	0.0026	0.0000	0.0000	0.0000	0.0000	73.7473	0.0000	104.6773	0.0000	0.0000	0.0000	80.2210	0.0000	110.2066	0.0000	inf	-0.0000	0.2508	1.0000	1.0000	0.9994	2.0000	0.0000	0.0000	0.0000	0.0000	0.0000	0.0000	0.0000	0.0000	0.0000	0.9989	0.0000	0.9989	0.0000	0.0000	0.0000	0.9989	0.0000	0.9989	0.0209	0.0186	0.0022	0.0081	0.0077	0.0004	0.0128	0.0110	0.0018	0.0135	0.0040	0.0095	0.0011	0.0006	0.0005	0.0125	0.0034	0.0091	0.0000	inf	0.0000	inf	inf	0.0000	0.0000	0.0000	0.0000	73.7473	0.0000	104.6773	0.0000	0.0000	0.0000	80.2210	0.0000	110.2066		
14	28	0.1277	5	0	1	1	2	0	0	0	0	N	N	N	Y	N	N	N	N	N	N	N	N	0.0000	0.0000	0.0000	0.0000	0.0000	0.0000	0.0000	0.0000	0.0000	0.0000	0.0000	0.0000	0.0000	0.0000	0.0000	0.0000	0.0000	0.0000	0.0000	0.0000	1.0000	3.9334	0.9994	8.9999	0.0000	0.0000	0.0000	0.0000	0.0000	0.0000	0.0000	0.0000	0.0000	0.0000	0.0000	0.0000	0.0000	0.0000	0.0000	0.0000	0.0000	0.0000	0.0940	0.0831	0.0108	0.0235	0.0220	0.0014	0.0705	0.0611	0.0094	0.0751	0.0250	0.0501	0.0040	0.0023	0.0017	0.0711	0.0227	0.0484	0.0000	0.0000	0.0000	0.0000	0.0000	0.0000	0.0000	0.0000	0.0000	0.0000	0.0000	0.0000	0.0000	0.0000	0.0000	0.0000	0.0000	0.0000											
14	29	0.1755	7	0	1	0	1	0	0	0	0	N	N	N	N	N	N	N	N	N	N	N	N	0.0000	0.0000	0.0000	0.0000	0.0000	0.0000	0.0000	0.0000	0.0000	0.0000	0.0000	0.0000	0.0000	0.0000	0.0000	0.0000	0.5346	1.6500	0.0000	5.2418	7.7377	0.0000	0.0000	0.0000	0.0000	0.0000	0.0000	-0.0187	1.0000	7.9836	0.9994	2.1583	0.0000	0.0000	0.0000	0.0000	0.0000	0.0000	0.0000	0.0000	0.0000	0.0250	0.0250	0.0000	0.0250	0.0250	0.0000	0.0000	0.0000	0.0000	0.1941	0.1744	0.0197	0.0678	0.0639	0.0039	0.1263	0.1105	0.0158	0.0468	0.0152	0.0316	0.0048	0.0032	0.0015	0.0420	0.0119	0.0301	0.0000	0.0000	0.0000	0.0000	0.0000	0.0000	0.0000	0.0000	0.0000	0.5346	1.6500	0.0000	5.2418	7.7377	0.0000	0.0000	0.0000	0.0000			
14	30	0.1277	5	1	1	0	1	0	0	0	0	N	N	N	N	N	N	N	N	N	N	N	N	0.0000	0.0000	0.0000	0.0000	0.0000	0.0000	0.0000	0.0000	0.0000	0.0000	0.0000	0.0000	0.0000	0.0021	0.0062	0.0000	0.0381	0.0664	0.0000	0.0000	0.0000	0.0000	0.0000	0.0000	-0.0002	1.0000	9.9334	0.9994	11.0001	0.0000	0.0000	0.0000	0.0000	0.0000	0.0000	0.0000	0.0000	0.0000	0.0002	0.0002	0.0000	0.0002	0.0002	0.0000	0.0000	0.0000	0.0000	0.2082	0.1847	0.0235	0.0501	0.0469	0.0032	0.1581	0.1378	0.0203	0.1056	0.0355	0.0701	0.0058	0.0033	0.0025	0.0999	0.0322	0.0677	0.0000	0.0000	0.0000	0.0000	0.0000	0.0000	0.0000	0.0000	0.0000	0.0021	0.0062	0.0000	0.0381	0.0664	0.0000	0.0000	0.0000	0.0000						
14	31	0.1277	5	0	0	1	1	0	0	0	0	N	N	N	N	N	N	N	N	N	N	N	N	0.0000	0.0000	0.0000	0.0000	0.0000	0.0000	0.0000	0.0000	0.0000	0.0000	0.0000	0.0000	0.0000	0.0000	0.0000	0.0000	0.0000	0.0000	0.0000	0.0000	1.0000	2.9334	0.9994	4.9999	0.0000	0.0000	0.0000	0.0000	0.0000	0.0000	0.0000	0.0000	0.0000	0.0000	0.0000	0.0000	0.0000	0.0000	0.0000	0.0000	0.0000	0.0000	0.0725	0.0641	0.0084	0.0184	0.0173	0.0011	0.0541	0.0468	0.0073	0.0506	0.0167	0.0339	0.0027	0.0015	0.0012	0.0479	0.0152	0.0327	0.0000	0.0000	0.0000	0.0000	0.0000	0.0000	0.0000	0.0000	0.0000	0.0000	0.0000	0.0000	0.0000	0.0000	0.0000	0.0000	0.0000	0.0000											
14	32	0.1277	5	0	1	0	1	0	0	0	0	N	N	N	N	N	N	N	N	N	N	N	N	0.0000	0.0000	0.0000	0.0000	0.0000	0.0000	0.0000	0.0000	0.0000	0.0000	0.0000	0.0000	0.0000	21.8028	0.0000	32.5593	0.0000	0.0000	0.0000	23.0117	0.0000	33.7057	inf	0.0000	0.2508	1.0000	3.0666	0.9994	3.9999	0.0000	0.0000	0.0000	0.0000	0.0000	0.0000	0.0000	0.0000	0.0000	0.9989	0.0000	0.9989	0.0000	0.0000	0.0000	0.9989	0.0000	0.9989	0.0754	0.0667	0.0087	0.0191	0.0179	0.0011	0.0563	0.0487	0.0076	0.0458	0.0151	0.0307	0.0024	0.0014	0.0010	0.0434	0.0138	0.0296	0.0000	0.0000	0.0000	0.0000	0.0000	0.0000	0.0000	0.0000	0.0000	21.8028	0.0000	32.5593	0.0000	0.0000	0.0000	23.0117	0.0000	33.7057						
14	33	0.2161	8	1	0	1	1	0	0	0	0	N	N	N	N	N	N	N	N	N	N	N	N	0.0000	0.0000	0.0000	0.0000	0.0000	0.0000	0.0000	0.0000	0.0000	0.0000	0.0000	0.0000	0.0000	0.0000	0.0000	0.0000	0.0017	0.0052	0.0000	0.0163	0.0172	0.0000	0.0000	0.0000	0.0000	0.0001	0.0000	-0.0000	1.0000	0.9991	0.9994	2.0219	0.0000	0.0000	0.0000	0.0000	0.0000	0.0000	0.0000	0.0000	0.0000	0.0000	0.0000	0.0000	0.0000	0.0000	0.0000	0.0000	0.0000	0.0000	0.0209	0.0186	0.0022	0.0081	0.0077	0.0004	0.0128	0.0109	0.0018	0.0173	0.0058	0.0116	0.0018	0.0017	0.0001	0.0155	0.0040	0.0115	0.0000	0.0000	0.0000	0.0000	0.0000	0.0000	0.0000	0.0000	0.0000	0.0017	0.0052	0.0000	0.0163	0.0172	0.0000	0.0000	0.0000	0.0000			
14	34	0.1277	5	0	1	0	1	0	0	0	0	N	N	N	N	N	N	N	N	N	N	N	N	0.0000	0.0000	0.0000	0.0000	0.0000	0.0000	0.0000	0.0000	0.0000	0.0000	0.0000	0.0000	0.0000	0.0000	0.0000	0.0000	0.0000	0.0000	0.0000	0.0000	1.0000	4.9334	0.9994	5.0001	0.0000	0.0000	0.0000	0.0000	0.0000	0.0000	0.0000	0.0000	0.0000	0.0000	0.0000	0.0000	0.0000	0.0000	0.0000	0.0000	0.0000	0.0000	0.1147	0.1015	0.0132	0.0283	0.0266	0.0018	0.0864	0.0749	0.0114	0.0610	0.0202	0.0408	0.0032	0.0018	0.0014	0.0577	0.0184	0.0394	0.0000	0.0000	0.0000	0.0000	0.0000	0.0000	0.0000	0.0000	0.0000	0.0000	0.0000	0.0000	0.0000	0.0000	0.0000	0.0000	0.0000	0.0000											
14	35	0.2161	8	1	0	1	1	0	0	0	0	N	N	N	N	N	N	N	N	N	N	N	N	0.0000	0.0000	0.0000	0.0000	0.0000	0.0000	0.0000	0.0000	0.0000	0.0000	0.0000	0.0000	0.0000	0.0000	0.0000	0.0000	0.0024	0.0067	0.0000	0.0173	0.0180	0.0000	0.0000	0.0000	0.0000	0.0001	0.0000	-0.0000	1.0000	0.0009	0.9994	1.9867	0.0000	0.0000	0.0000	0.0000	0.0000	0.0000	0.0000	0.0000	0.0000	0.0000	0.0000	0.0000	0.0000	0.0000	0.0000	0.0000	0.0000	0.0000	0.0000	0.0000	0.0000	0.0000	0.0000	0.0000	0.0000	0.0000	0.0000	0.0126	0.0045	0.0081	0.0017	0.0017	0.0001	0.0109	0.0028	0.0081	0.0000	0.0000	0.0000	0.0000	0.0000	0.0000	0.0000	0.0000	0.0000	0.0024	0.0067	0.0000	0.0173	0.0180	0.0000	0.0000	0.0000	0.0000			
14	36	0.1982	7	1	0	1	1	0	0	0	0	N	N	N	N	N	N	N	N	N	N	N	N	0.0000	0.0000	0.0000	0.0000	0.0000	0.0000	0.0000	0.0000	0.0000	0.0000	0.0000	0.0000	0.0000	0.0000	0.0000	0.0000	0.0022	0.0000	0.0031	0.0000	0.0000	0.0000	0.0024	0.0000	0.0033	13621.9091	0.0000	0.0000	1.0000	1.0009	0.9994	2.0357	0.0000	0.0000	0.0000	0.0000	0.0000	0.0000	0.0000	0.0000	0.0000	0.0000	0.0000	0.0000	0.0000	0.0000	0.0000	0.0000	0.0000	0.0000	0.0209	0.0187	0.0022	0.0081	0.0077	0.0004	0.0128	0.0110	0.0018	0.0137	0.0040	0.0097	0.0011	0.0006	0.0005	0.0126	0.0034	0.0092	0.0000	0.0000	0.0000	0.0000	0.0000	0.0000	0.0000	0.0000	0.0000	0.0022	0.0000	0.0031	0.0000	0.0000	0.0000	0.0024	0.0000	0.0033			
14	37	0.1982	7	1	0	1	1	0	0	0	0	N	N	N	N	N	N	N	N	N	N	N	N	0.0000	0.0000	0.0000	0.0000	0.0000	0.0000	0.0000	0.0000	0.0000	0.0000	0.0000	0.0000	0.0000	56.1751	0.0000	79.8380	0.0000	0.0000	0.0000	61.1336	0.0000	84.0946	inf	0.0000	0.2508	1.0000	1.0000	0.9994	3.0000	0.0000	0.0000	0.0000	0.0000	0.0000	0.0000	0.0000	0.0000	0.0000	0.9989	0.0000	0.9989	0.0000	0.0000	0.0000	0.9989	0.0000	0.9989	0.0209	0.0186	0.0022	0.0081	0.0077	0.0004	0.0128	0.0110	0.0018	0.0178	0.0053	0.0125	0.0014	0.0008	0.0006	0.0163	0.0045	0.0119	0.0000	0.0000	0.0000	0.0000	0.0000	0.0000	0.0000	0.0000	0.0000	56.1751	0.0000	79.8380	0.0000	0.0000	0.0000	61.1336	0.0000	84.0946						
14	38	0.1277	5	0	0	1	1	0	0	0	0	N	N	N	N	N	N	N	N	N	N	N	N	0.0000	0.0000	0.0000	0.0000	0.0000	0.0000	0.0000	0.0000	0.0000	0.0000	0.0000	0.0000	0.0000	0.0000	0.0000	0.0000	0.0000	0.0000	0.0000	0.0000	1.0000	3.0666	0.9994	2.9999	0.0000	0.0000	0.0000	0.0000	0.0000	0.0000	0.0000	0.0000	0.0000	0.0000	0.0000	0.0000	0.0000	0.0000	0.0000	0.0000	0.0000	0.0000	0.0754	0.0667	0.0087	0.0191	0.0179	0.0011	0.0563	0.0487	0.0076	0.0401	0.0132	0.0269	0.0021	0.0012	0.0009	0.0380	0.0120	0.0260	0.0000	0.0000	0.0000	0.0000	0.0000	0.0000	0.0000	0.0000	0.0000	0.0000	0.0000	0.0000	0.0000	0.0000	0.0000	0.0000	0.0000	0.0000											
14	39	0.1277	5	0	1	0	1	0	0	0	0	N	N	N	N	N	N	N	N	N	N	N	N	0.0000	0.0000	0.0000	0.0000	0.0000	0.0000	0.0000	0.0000	0.0000	0.0000	0.0000	0.0000	0.0000	25.4004	0.0000	37.9017	0.0000	0.0000	0.0000	26.8025	0.0000	39.2310	inf	0.0000	0.2508	1.0000	3.9334	0.9994	2.0001	0.0000	0.0000	0.0000	0.0000	0.0000	0.0000	0.0000	0.0000	0.0000	0.9989	0.0000	0.9989	0.0000	0.0000	0.0000	0.9989	0.0000	0.9989	0.0940	0.0831	0.0108	0.0235	0.0220	0.0014	0.0705	0.0611	0.0094	0.0393	0.0130	0.0264	0.0021	0.0012	0.0009	0.0373	0.0118	0.0255	0.0000	0.0000	0.0000	0.0000	0.0000	0.0000	0.0000	0.0000	0.0000	25.4004	0.0000	37.9017	0.0000	0.0000	0.0000	26.8025	0.0000	39.2310						
14	40	0.2320	10	1	1	1	1	0	0	0	0	N	N	N	N	N	N	N	N	N	N	N	N	0.0000	0.0000	0.0000	0.0000	0.0000	0.0000	0.0000	0.0000	0.0000	0.0000	0.0000	0.0000	0.0000	0.0000	0.0000	0.0000	0.0000	0.0000	0.0000	0.0000	1.0000	0.0000	0.9994	0.0000	0.0000	0.0000	0.0000	0.0000	0.0000	0.0000	0.0000	0.0000	0.0000	0.0000	0.0000	0.0000	0.0000	0.0000	0.0000	0.0000	0.0000	0.0000	0.0000	0.0000	0.0000	0.0000	0.0000	0.0000	0.0000	0.0000	0.0000	0.0000	0.0000	0.0000	0.0000	0.0000	0.0000	0.0000	0.0000	0.0000	0.0000	0.0000	0.0000	0.0000	0.0000	0.0000	0.0000	0.0000	0.0000	0.0000	0.0000	0.0000	0.0000	0.0000	0.0000	0.0000	0.0000	0.0000											
14	41	0.2320	9	1	1	1	1	0	0	0	0	N	N	N	N	N	N	N	N	N	N	N	N	0.0000	0.0000	0.0000	0.0000	0.0000	0.0000	0.0000	0.0000	0.0000	0.0000	0.0000	0.0000	0.0000	68.2824	0.0000	96.0975	0.0000	0.0000	0.0000	73.3299	0.0000	100.4974	inf	0.0000	0.2508	1.0000	1.0000	0.9994	1.9999	0.0000	0.0000	0.0000	0.0000	0.0000	0.0000	0.0000	0.0000	0.0000	0.9988	0.0000	0.9988	0.0000	0.0000	0.0000	0.9988	0.0000	0.9988	0.0232	0.0207	0.0026	0.0070	0.0066	0.0004	0.0163	0.0141	0.0022	0.0146	0.0042	0.0104	0.0010	0.0006	0.0005	0.0136	0.0037	0.0099	0.0000	0.0000	0.0000	0.0000	0.0000	0.0000	0.0000	0.0000	0.0000	68.2824	0.0000	96.0975	0.0000	0.0000	0.0000	73.3299	0.0000	100.4974						
14	42	0.0981	4	1	1	0	1	0	0	0	0	N	N	N	N	N	N	N	N	N	N	N	N	0.0000	0.0000	0.0000	0.0000	0.0000	0.0000	0.0000	0.0000	0.0000	0.0000	0.0000	0.0000	0.0000	0.0000	0.0000	47.3363	0.0000	78.1856	0.0000	0.0000	0.0001	57.6100	0.0000	78.4006	inf	0.0000	0.2359	1.0000	0.0007	0.9994	2.0242	0.0000	0.0000	0.0000	0.0000	0.0000	0.0000	0.0000	0.0000	0.0000	0.9398	0.0000	0.9398	0.0000	0.0000	0.0000	0.9398	0.0000	0.9398	0.0001	0.0000	0.0000	0.0000	0.0000	0.0000	0.0000	0.0000	0.0000	0.0199	0.0078	0.0120	0.0035	0.0035	0.0000	0.0163	0.0043	0.0120	0.0000	0.0000	0.0000	0.0000	0.0000	0.0000	0.0000	0.0000	0.0000	47.3363	0.0000	78.1856	0.0000	0.0000	0.0001	57.6100	0.0000	78.4006				
14	43	0.1721	6	0	1	0	2	0	0	0	0	N	N	N	Y	N	N	N	N	N	N	N	N	0.0000	0.0000	0.0000	0.0000	0.0000	0.0000	0.0000	0.0000	0.0000	0.0000	0.0000	0.0000	0.0000	0.0000	0.0000	0.0000	0.0000	0.0000	0.0000	0.0000	1.0000	0.0000	0.9994	0.0000	0.0000	0.0000	0.0000	0.0000	0.0000	0.0000	0.0000	0.0000	0.0000	0.0000	0.0000	0.0000	0.0000	0.0000	0.0000	0.0000	0.0000	0.0000	0.0000	0.0000	0.0000	0.0000	0.0000	0.0000	0.0000	0.0000	0.0000	0.0000	0.0000	0.0000	0.0000	0.0000	0.0000	0.0000	0.0000	0.0000	0.0000	0.0000	0.0000	0.0000	0.0000	0.0000	0.0000	0.0000	0.0000	0.0000	0.0000	0.0000	0.0000	0.0000	0.0000	0.0000	0.0000	0.0000											
14	44	0.1721	6	0	0	0	2	0	0	0	0	N	N	N	Y	N	N	N	N	N	N	N	N	0.0000	0.0000	0.0000	0.0000	0.0000	0.0000	0.0000	0.0000	0.0000	0.0000	0.0000	0.0000	0.0000	0.0000	0.0000	0.0000	0.0000	0.0000	0.0000	0.0000	1.0000	0.0000	0.9994	0.0000	0.0000	0.0000	0.0000	0.0000	0.0000	0.0000	0.0000	0.0000	0.0000	0.0000	0.0000	0.0000	0.0000	0.0000	0.0000	0.0000	0.0000	0.0000	0.0000	0.0000	0.0000	0.0000	0.0000	0.0000	0.0000	0.0000	0.0000	0.0000	0.0000	0.0000	0.0000	0.0000	0.0000	0.0000	0.0000	0.0000	0.0000	0.0000	0.0000	0.0000	0.0000	0.0000	0.0000	0.0000	0.0000	0.0000	0.0000	0.0000	0.0000	0.0000	0.0000	0.0000	0.0000	0.0000											
14	45	0.1277	5	0	0	0	2	0	0	0	0	N	N	N	Y	N	N	N	N	N	N	N	N	0.0000	0.0000	0.0000	0.0000	0.0000	0.0000	0.0000	0.0000	0.0000	0.0000	0.0000	0.0000	0.0000	21.8028	0.0000	32.5593	0.0000	0.0000	0.0000	23.0117	0.0000	33.7057	inf	0.0000	0.2508	1.0000	3.0666	0.9994	3.9999	0.0000	0.0000	0.0000	0.0000	0.0000	0.0000	0.0000	0.0000	0.0000	0.9989	0.0000	0.9989	0.0000	0.0000	0.0000	0.9989	0.0000	0.9989	0.0754	0.0667	0.0087	0.0191	0.0179	0.0011	0.0563	0.0487	0.0076	0.0458	0.0151	0.0307	0.0024	0.0014	0.0010	0.0434	0.0138	0.0296	0.0000	0.0000	0.0000	0.0000	0.0000	0.0000	0.0000	0.0000	0.0000	21.8028	0.0000	32.5593	0.0000	0.0000	0.0000	23.0117	0.0000	33.7057						
14	46	0.1982	7	1	0	1	1	0	0	0	0	N	N	N	N	N	N	N	N	N	N	N	N	0.0000	0.0000	0.0000	0.0000	0.0000	0.0000	0.0000	0.0000	0.0000	0.0000	0.0000	0.0000	0.0000	108.9077	0.0000	154.3841	0.0000	0.0000	0.0000	118.4141	0.0000	162.4626	inf	0.0000	0.2508	1.0000	0.0000	0.9994	2.0000	0.0000	0.0000	0.0000	0.0000	0.0000	0.0000	0.0000	0.0000	0.0000	0.9989	0.0000	0.9989	0.0000	0.0000	0.0000	0.9989	0.0000	0.9989	0.0000	0.0000	0.0000	0.0000	0.0000	0.0000	0.0000	0.0000	0.0000	0.0092	0.0027	0.0065	0.0007	0.0004	0.0003	0.0084	0.0023	0.0061	0.0000	0.0000	0.0000	0.0000	0.0000	0.0000	0.0000	0.0000	0.0000	108.9077	0.0000	154.3841	0.0000	0.0000	0.0000	118.4141	0.0000	162.4626						
14	47	0.2131	8	1	1	0	1	0	0	0	0	N	N	N	N	N	N	N	N	N	N	N	N	0.0000	0.0000	0.0000	0.0000	0.0000	0.0000	0.0000	0.0000	0.0000	0.0000	0.0000	0.0000	0.0000	0.5355	0.0000	0.9022	0.0000	0.0000	0.0000	0.6673	0.0000	0.9583	inf	0.0000	0.0021	1.0000	0.9991	0.9994	2.0273	0.0000	0.0000	0.0000	0.0000	0.0000	0.0000	0.0000	0.0000	0.0000	0.0083	0.0000	0.0083	0.0000	0.0000	0.0000	0.0083	0.0000	0.0083	0.0254	0.0224	0.0030	0.0087	0.0080	0.0007	0.0166	0.0144	0.0022	0.0154	0.0063	0.0092	0.0030	0.0025	0.0005	0.0124	0.0038	0.0086	0.0000	0.0000	0.0000	0.0000	0.0000	0.0000	0.0000	0.0000	0.0000	0.5355	0.0000	0.9022	0.0000	0.0000	0.0000	0.6673	0.0000	0.9583						
14	48	0.1755	7	1	1	0	1	0	0	0	0	N	N	N	N	N	N	N	N	N	N	N	N	0.0000	0.0000	0.0000	0.0000	0.0000	0.0000	0.0000	0.0000	0.0000	0.0000	0.0000	0.0000	0.0000	0.0000	0.0000	0.0000	0.0000	0.0000	29.8474	0.0194	44.4890	0.0564	0.0774	0.0000	33.6509	0.0000	46.6204	4670.3996	0.0000	0.2423	1.0000	3.1828	0.9994	3.1571	0.0000	0.0000	0.0000	0.0000	0.0000	0.0000	0.0000	0.0000	0.0000	0.9661	0.0002	0.9659	0.0002	0.0002	0.0000	0.9659	0.0000	0.9659	0.1075	0.0977	0.0098	0.0489	0.0464	0.0026	0.0585	0.0513	0.0072	0.0324	0.0107	0.0217	0.0037	0.0027	0.0010	0.0287	0.0080	0.0207	0.0000	0.0000	0.0000	0.0000	0.0000	0.0000	0.0000	0.0000	0.0000	29.8474	0.0194	44.4890	0.0564	0.0774	0.0000	33.6509	0.0000	46.6204	
14	49	0.1713	6	0	1	0	1	0	0	0	0	N	N	N	N	N	N	N	N	N	N	N	N	0.0000	0.0000	0.0000	0.0000	0.0000	0.0000	0.0000	0.0000	0.0000	0.0000	0.0000	0.0000	0.0000	0.0000	0.0000	0.0000	0.0000	0.0000	2.8280	2.1145	3.2061	5.3519	6.6676	0.0000	2.4280	0.0000	3.3442	2.8621	-0.0000	-0.0003	1.0000	0.8922	0.9994	1.0748	0.0000	0.0000	0.0000	0.0000	0.0000	0.0000	0.0000	0.0000	0.0000	0.0334	0.0087	0.0248	0.0087	0.0087	0.0000	0.0248	0.0000	0.0248	0.0473	0.0439	0.0034	0.0268	0.0258	0.0011	0.0205	0.0182	0.0023	0.0118	0.0041	0.0077	0.0016	0.0013	0.0003	0.0102	0.0028	0.0074	0.0000	0.0000	0.0000	0.0000	0.0000	0.0000	0.0000	0.0000	0.0000	2.8280	2.1145	3.2061	5.3519	6.6676	0.0000	2.4280	0.0000	3.3442	
14	50	0.1982	7	0	1	0	1	0	0	0	0	N	N	N	N	N	N	N	N	N	N	N	N	0.0000	0.0000	0.0000	0.0000	0.0000	0.0000	0.0000	0.0000	0.0000	0.0000	0.0000	0.0000	0.0000	0.0000	0.0000	0.0000	0.0000	0.0000	0.0000	0.0000	1.0000	0.0000	0.9994	0.0000	0.0000	0.0000	0.0000	0.0000	0.0000	0.0000	0.0000	0.0000	0.0000	0.0000	0.0000	0.0000	0.0000	0.0000	0.0000	0.0000	0.0000	0.0000	0.0000	0.0000	0.0000	0.0000	0.0000	0.0000	0.0000	0.0000	0.0000	0.0000	0.0000	0.0000	0.0000	0.0000	0.0000	0.0000	0.0000	0.0000	0.0000	0.0000	0.0000	0.0000	0.0000	0.0000	0.0000	0.0000	0.0000	0.0000	0.0000	0.0000	0.0000	0.0000	0.0000	0.0000	0.0000	0.0000											
14	51	0.1982	7	1	1	0	1	0	0	0	0	N	N	N	N	N	N	N	N	N	N	N	N	0.0000	0.0000	0.0000	0.0000	0.0000	0.0000	0.0000	0.0000	0.0000	0.0000	0.0000	0.0000	0.0000	0.0000	0.0000	0.0000	0.0000	0.0000	0.0000	0.0000	1.0000	1.0000	0.9994	3.0000	0.0000	0.0000	0.0000	0.0000	0.0000	0.0000	0.0000	0.0000	0.0000	0.0000	0.0000	0.0000	0.0000	0.0000	0.0000	0.0000	0.0000	0.0000	0.0209	0.0186	0.0022	0.0081	0.0077	0.0004	0.0128	0.0110	0.0018	0.0178	0.0053	0.0125	0.0014	0.0008	0.0006	0.0163	0.0045	0.0119	0.0000	0.0000	0.0000	0.0000	0.0000	0.0000	0.0000	0.0000	0.0000	0.0000	0.0000	0.0000	0.0000	0.0000	0.0000	0.0000	0.0000	0.0000											
14	52	0.1843	6	0	0	0	1	0	0	0	0	N	N	N	N	N	N	N	N	N	N	N	N	0.0000	0.0000	0.0000	0.0000	0.0000	0.0000	0.0000	0.0000	0.0000	0.0000	0.0000	0.0000	0.0000	0.0000	0.0000	0.0000	0.0000	0.0000	0.0395	0.0919	0.0001	0.2111	0.2560	0.0001	0.0000	0.0000	0.0001	0.0010	0.0000	-0.0008	1.0000	3.0179	0.9994	1.1627	0.0000	0.0000	0.0000	0.0000	0.0000	0.0000	0.0000	0.0000	0.0000	0.0011	0.0011	0.0000	0.0011	0.0011	0.0000	0.0000	0.0000	0.0000	0.0736	0.0649	0.0086	0.0216	0.0198	0.0018	0.0520	0.0451	0.0069	0.0273	0.0117	0.0156	0.0051	0.0042	0.0009	0.0222	0.0075	0.0147	0.0000	0.0000	0.0000	0.0000	0.0000	0.0000	0.0000	0.0000	0.0000	0.0395	0.0919	0.0001	0.2111	0.2560	0.0001	0.0000	0.0000	0.0001	
14	53	0.1982	7	1	1	1	1	0	0	0	0	N	N	N	N	N	N	N	N	N	N	N	N	0.0000	0.0000	0.0000	0.0000	0.0000	0.0000	0.0000	0.0000	0.0000	0.0000	0.0000	0.0000	0.0000	0.0000	0.0000	0.0000	0.0000	0.0000	0.0000	0.0000	1.0000	4.0000	0.9994	1.0000	0.0000	0.0000	0.0000	0.0000	0.0000	0.0000	0.0000	0.0000	0.0000	0.0000	0.0000	0.0000	0.0000	0.0000	0.0000	0.0000	0.0000	0.0000	0.0800	0.0715	0.0086	0.0306	0.0289	0.0016	0.0495	0.0425	0.0069	0.0219	0.0065	0.0154	0.0018	0.0010	0.0008	0.0201	0.0055	0.0146	0.0000	0.0000	0.0000	0.0000	0.0000	0.0000	0.0000	0.0000	0.0000	0.0000	0.0000	0.0000	0.0000	0.0000	0.0000	0.0000	0.0000	0.0000											
14	54	0.1843	6	0	1	0	1	0	0	0	0	N	N	N	N	N	N	N	N	N	N	N	N	0.0000	0.0000	0.0000	0.0000	0.0000	0.0000	0.0000	0.0000	0.0000	0.0000	0.0000	0.0000	0.0000	0.0000	0.0000	0.0000	0.0000	0.0000	0.0227	0.0616	0.0000	0.1565	0.2126	0.0000	0.0000	0.0000	0.0000	0.0010	0.0000	-0.0008	1.0000	2.0683	0.9994	6.9961	0.0000	0.0000	0.0000	0.0000	0.0000	0.0000	0.0000	0.0000	0.0000	0.0011	0.0011	0.0000	0.0011	0.0011	0.0000	0.0000	0.0000	0.0000	0.0530	0.0468	0.0062	0.0161	0.0148	0.0013	0.0369	0.0320	0.0049	0.0476	0.0175	0.0301	0.0069	0.0051	0.0018	0.0407	0.0124	0.0283	0.0000	0.0000	0.0000	0.0000	0.0000	0.0000	0.0000	0.0000	0.0000	0.0227	0.0616	0.0000	0.1565	0.2126	0.0000	0.0000	0.0000	0.0000	
14	55	0.1277	5	0	0	0	1	0	0	0	0	N	N	N	N	N	N	N	N	N	N	N	N	0.0000	0.0000	0.0000	0.0000	0.0000	0.0000	0.0000	0.0000	0.0000	0.0000	0.0000	0.0000	0.0000	0.0000	0.0000	0.0000	0.0192	0.0000	0.0287	0.0000	0.0000	0.0000	0.0202	0.0000	0.0297	13124.7591	0.0000	0.0003	1.0000	3.9265	0.9994	5.0808	0.0000	0.0000	0.0000	0.0000	0.0000	0.0000	0.0000	0.0000	0.0000	0.0011	0.0000	0.0011	0.0000	0.0000	0.0000	0.0011	0.0000	0.0011	0.0938	0.0830	0.0108	0.0234	0.0220	0.0014	0.0704	0.0610	0.0094	0.0563	0.0186	0.0376	0.0030	0.0017	0.0013	0.0533	0.0170	0.0363	0.0000	0.0000	0.0000	0.0000	0.0000	0.0000	0.0000	0.0000	0.0000	0.0192	0.0000	0.0287	0.0000	0.0000	0.0000	0.0202	0.0000	0.0297			
14	56	0.1982	7	1	0	1	1	0	0	0	0	N	N	N	N	N	N	N	N	N	N	N	N	0.0000	0.0000	0.0000	0.0000	0.0000	0.0000	0.0000	0.0000	0.0000	0.0000	0.0000	0.0000	0.0000	0.0000	0.0000	0.0000	0.0000	0.0000	0.0000	0.0000	1.0000	4.0000	0.9994	7.0000	0.0000	0.0000	0.0000	0.0000	0.0000	0.0000	0.0000	0.0000	0.0000	0.0000	0.0000	0.0000	0.0000	0.0000	0.0000	0.0000	0.0000	0.0000	0.0800	0.0715	0.0086	0.0306	0.0289	0.0016	0.0495	0.0425	0.0069	0.0440	0.0133	0.0307	0.0037	0.0020	0.0016	0.0403	0.0113	0.0290	0.0000	0.0000	0.0000	0.0000	0.0000	0.0000	0.0000	0.0000	0.0000	0.0000	0.0000	0.0000	0.0000	0.0000	0.0000	0.0000	0.0000	0.0000											
14	57	0.1427	8	0	1	0	1	0	0	0	0	N	N	N	N	N	N	N	N	N	N	N	N	0.0000	0.0000	0.0000	0.0000	0.0000	0.0000	0.0000	0.0000	0.0000	0.0000	0.0000	0.0000	0.0000	0.0000	0.0000	0.9126	0.0000	1.6755	0.0000	0.0000	0.0001	1.1951	0.0000	1.7871	inf	inf	0.0000	0.0176	1.0000	9.7645	0.9994	7.4558	0.0000	0.0000	0.0000	0.0000	0.0000	0.0000	0.0000	0.0000	0.0000	0.0701	0.0000	0.0701	0.0000	0.0000	0.0000	0.0701	0.0000	0.0701	0.2565	0.2295	0.0270	0.0712	0.0665	0.0046	0.1853	0.1629	0.0224	0.0768	0.0350	0.0418	0.0182	0.0155	0.0026	0.0587	0.0194	0.0392	0.0000	0.0000	0.0000	0.0000	0.0000	0.0000	0.0000	0.0000	0.0000	0.9126	0.0000	1.6755	0.0000	0.0000	0.0001	1.1951	0.0000	1.7871			
14	58	0.1983	9	0	0	1	1	0	0	0	0	N	N	N	N	N	N	N	N	N	N	N	N	0.0000	0.0000	0.0000	0.0000	0.0000	0.0000	0.0000	0.0000	0.0000	0.0000	0.0000	0.0000	0.0000	0.0041	0.0000	0.0075	0.0000	0.0000	0.0000	0.0052	0.0000	0.0080	inf	0.0000	0.0000	1.0000	1.0009	0.9994	0.0163	0.0000	0.0000	0.0000	0.0000	0.0000	0.0000	0.0000	0.0000	0.0000	0.0000	0.0000	0.0000	0.0000	0.0000	0.0000	0.0000	0.0000	0.0000	0.0322	0.0285	0.0037	0.0120	0.0109	0.0011	0.0202	0.0176	0.0026	0.0049	0.0023	0.0027	0.0011	0.0009	0.0002	0.0038	0.0013	0.0025	0.0000	0.0000	0.0000	0.0000	0.0000	0.0000	0.0000	0.0000	0.0000	0.0041	0.0000	0.0075	0.0000	0.0000	0.0000	0.0052	0.0000	0.0080						
14	59	0.1829	8	0	0	0	1	0	0	0	0	N	N	N	N	N	N	N	N	N	N	N	N	0.0000	0.0000	0.0000	0.0000	0.0000	0.0000	0.0000	0.0000	0.0000	0.0000	0.0000	0.0000	0.0000	0.0000	0.0000	0.0000	0.0000	0.0091	0.0046	0.0127	0.0091	0.0108	0.0000	0.0091	0.0000	0.0136	3.4994	0.0000	0.0000	1.0000	1.9961	0.9994	0.0521	0.0000	0.0000	0.0000	0.0000	0.0000	0.0000	0.0000	0.0000	0.0000	0.0001	0.0000	0.0001	0.0000	0.0000	0.0000	0.0001	0.0000	0.0001	0.0638	0.0566	0.0072	0.0230	0.0210	0.0020	0.0408	0.0356	0.0052	0.0099	0.0044	0.0055	0.0022	0.0018	0.0003	0.0077	0.0025	0.0052	0.0000	0.0000	0.0000	0.0000	0.0000	0.0000	0.0000	0.0000	0.0000	0.0091	0.0046	0.0127	0.0091	0.0108	0.0000	0.0091	0.0000	0.0136		
14	60	0.1752	7	0	0	0	1	0	0	0	0	N	N	N	N	N	N	N	N	N	N	N	N	0.0000	0.0000	0.0000	0.0000	0.0000	0.0000	0.0000	0.0000	0.0000	0.0000	0.0000	0.0000	0.0000	0.0000	0.0000	0.0000	0.0000	0.0893	0.0292	0.1378	0.0574	0.0672	0.0000	0.0987	0.0000	0.1465	5.8567	0.0000	0.0001	1.0000	0.0081	0.9994	1.0507	0.0000	0.0000	0.0000	0.0000	0.0000	0.0000	0.0000	0.0000	0.0000	0.0005	0.0001	0.0004	0.0001	0.0001	0.0000	0.0004	0.0000	0.0004	0.0004	0.0003	0.0000	0.0002	0.0001	0.0000	0.0002	0.0002	0.0000	0.0054	0.0024	0.0030	0.0012	0.0010	0.0002	0.0041	0.0014	0.0028	0.0000	0.0000	0.0000	0.0000	0.0000	0.0000	0.0000	0.0000	0.0000	0.0893	0.0292	0.1378	0.0574	0.0672	0.0000	0.0987	0.0000	0.1465		
14	61	0.1264	6	0	0	0	1	0	0	0	0	N	N	N	N	N	N	N	N	N	N	N	N	0.0000	0.0000	0.0000	0.0000	0.0000	0.0000	0.0000	0.0000	0.0000	0.0000	0.0000	0.0000	0.0000	0.0000	0.0000	0.0000	0.0000	2.1508	0.0205	3.8306	0.0360	0.0399	0.0001	2.8602	0.0000	4.0072	236.7535	0.0000	0.0219	1.0000	3.0167	0.9994	3.2580	0.0000	0.0000	0.0000	0.0000	0.0000	0.0000	0.0000	0.0000	0.0000	0.0888	0.0004	0.0884	0.0004	0.0004	0.0000	0.0884	0.0000	0.0884	0.0922	0.0820	0.0102	0.0261	0.0243	0.0018	0.0661	0.0577	0.0084	0.0413	0.0182	0.0231	0.0104	0.0094	0.0010	0.0309	0.0088	0.0221	0.0000	0.0000	0.0000	0.0000	0.0000	0.0000	0.0000	0.0000	0.0000	2.1508	0.0205	3.8306	0.0360	0.0399	0.0001	2.8602	0.0000	4.0072		
14	62	0.1717	7	0	1	0	1	0	0	0	0	N	N	N	N	N	N	N	N	N	N	N	N	0.0000	0.0000	0.0000	0.0000	0.0000	0.0000	0.0000	0.0000	0.0000	0.0000	0.0000	0.0000	0.0000	0.0000	0.0000	0.0000	0.0000	21.6611	0.0000	34.0205	0.0000	0.0000	0.0000	26.3054	0.0000	35.5330	342950618.4635	0.0000	0.2411	1.0000	3.3327	0.9994	4.3103	0.0000	0.0000	0.0000	0.0000	0.0000	0.0000	0.0000	0.0000	0.0000	0.9603	0.0000	0.9603	0.0000	0.0000	0.0000	0.9603	0.0000	0.9603	0.1256	0.1126	0.0130	0.0516	0.0479	0.0037	0.0740	0.0647	0.0094	0.0443	0.0161	0.0282	0.0078	0.0066	0.0012	0.0365	0.0095	0.0270	0.0000	0.0000	0.0000	0.0000	0.0000	0.0000	0.0000	0.0000	0.0000	21.6611	0.0000	34.0205	0.0000	0.0000	0.0000	26.3054	0.0000	35.5330		
14	63	0.1477	6	0	0	0	1	0	0	0	0	N	N	N	N	N	N	N	N	N	N	N	N	0.0000	0.0000	0.0000	0.0000	0.0000	0.0000	0.0000	0.0000	0.0000	0.0000	0.0000	0.0000	0.0000	0.0000	0.0000	0.0000	0.0000	1.1464	0.0174	1.7342	0.0430	0.0537	0.0000	1.3243	0.0000	1.8104	191.0641	0.0000	0.0096	1.0000	3.2669	0.9994	2.4507	0.0000	0.0000	0.0000	0.0000	0.0000	0.0000	0.0000	0.0000	0.0000	0.0389	0.0002	0.0387	0.0002	0.0002	0.0000	0.0387	0.0000	0.0387	0.1287	0.1152	0.0134	0.0519	0.0479	0.0040	0.0768	0.0673	0.0095	0.0339	0.0116	0.0223	0.0047	0.0038	0.0009	0.0292	0.0078	0.0214	0.0000	0.0000	0.0000	0.0000	0.0000	0.0000	0.0000	0.0000	0.0000	1.1464	0.0174	1.7342	0.0430	0.0537	0.0000	1.3243	0.0000	1.8104		
14	64	0.2320	10	1	0	1	1	0	0	0	0	N	N	N	N	N	N	N	N	N	N	N	N	0.0000	0.0000	0.0000	0.0000	0.0000	0.0000	0.0000	0.0000	0.0000	0.0000	0.0000	0.0000	0.0000	0.0000	0.0000	0.0000	0.0000	0.0000	0.0000	0.0000	1.0000	0.0000	0.9994	1.0000	0.0000	0.0000	0.0000	0.0000	0.0000	0.0000	0.0000	0.0000	0.0000	0.0000	0.0000	0.0000	0.0000	0.0000	0.0000	0.0000	0.0000	0.0000	0.0000	0.0000	0.0000	0.0000	0.0000	0.0000	0.0000	0.0000	0.0000	0.0051	0.0015	0.0036	0.0003	0.0002	0.0002	0.0047	0.0013	0.0035	0.0000	0.0000	0.0000	0.0000	0.0000	0.0000	0.0000	0.0000	0.0000	0.0000	0.0000	0.0000	0.0000	0.0000	0.0000	0.0000	0.0000	0.0000											
14	65	0.2320	9	1	0	1	1	0	0	0	0	N	N	N	N	N	N	N	N	N	N	N	N	0.0000	0.0000	0.0000	0.0000	0.0000	0.0000	0.0000	0.0000	0.0000	0.0000	0.0000	0.0000	0.0000	12.7038	26.1435	0.0000	26.9470	27.0604	0.0000	0.0000	0.0000	0.0000	0.0000	0.0000	-0.0001	1.0000	0.0000	0.9994	0.0001	0.0000	0.0000	0.0000	0.0000	0.0000	0.0000	0.0000	0.0000	0.0000	0.0001	0.0001	0.0000	0.0001	0.0001	0.0000	0.0000	0.0000	0.0000	0.0000	0.0000	0.0000	0.0000	0.0000	0.0000	0.0000	0.0000	0.0000	0.0000	0.0000	0.0000	0.0000	0.0000	0.0000	0.0000	0.0000	0.0000	0.0000	0.0000	0.0000	0.0000	0.0000	0.0000	0.0000	0.0000	0.0000	12.7038	26.1435	0.0000	26.9470	27.0604	0.0000	0.0000	0.0000	0.0000						
14	66	0.2198	8	1	0	1	1	0	0	0	0	N	N	N	N	N	N	N	N	N	N	N	N	0.0000	0.0000	0.0000	0.0000	0.0000	0.0000	0.0000	0.0000	0.0000	0.0000	0.0000	0.0000	0.0000	0.0000	0.0000	0.0000	4.3397	12.2547	0.0102	22.4124	25.3191	0.0000	0.0082	0.0000	0.0106	0.0000	0.0015	-0.0000	-0.0461	1.0000	1.9720	0.9994	0.0923	0.0000	0.0000	0.0000	0.0000	0.0000	0.0000	0.0000	0.0000	0.0000	0.0617	0.0616	0.0001	0.0616	0.0616	0.0000	0.0001	0.0000	0.0001	0.0458	0.0408	0.0050	0.0138	0.0131	0.0007	0.0320	0.0277	0.0042	0.0142	0.0050	0.0092	0.0027	0.0024	0.0003	0.0115	0.0026	0.0089	0.0000	0.0000	0.0000	0.0000	0.0000	0.0000	0.0000	0.0000	0.0000	4.3397	12.2547	0.0102	22.4124	25.3191	0.0000	0.0082	0.0000	0.0106		
14	67	0.1982	7	1	0	1	1	0	0	0	0	N	N	N	N	N	N	N	N	N	N	N	N	0.0001	889.6988	0.0000	566.5224	335.6054	0.0000	0.0000	0.0003	0.0004	0.0000	0.0008	0.0009	0.0000	0.0000	0.0000	0.0000	3.3625	0.0000	4.7797	0.0000	0.0000	0.0000	3.6595	0.0000	5.0348	0.0000	27997563.7976	-0.0000	0.0155	1.0000	3.0650	0.9994	1.0636	0.0000	0.0000	0.0000	0.0000	0.0000	0.0000	0.0000	0.0000	0.0000	0.0616	0.0000	0.0616	0.0000	0.0000	0.0000	0.0616	0.0000	0.0616	0.0622	0.0555	0.0067	0.0239	0.0226	0.0013	0.0383	0.0329	0.0054	0.0183	0.0054	0.0129	0.0015	0.0008	0.0007	0.0168	0.0046	0.0122	0.0001	889.6988	0.0000	566.5224	335.6054	0.0000	0.0000	0.0000	0.0000	3.3625	0.0000	4.7797	0.0000	0.0000	0.0000	3.6595	0.0000	5.0348		
14	68	0.0851	5	0	1	0	2	0	0	0	0	N	N	N	Y	N	N	N	N	N	N	N	N	0.0000	0.0000	0.0000	0.0000	0.0000	0.0000	0.0000	0.0000	0.0000	0.0000	0.0000	0.0000	0.0000	0.0000	0.0000	0.0000	0.0000	1.0169	2.6412	0.0000	6.3265	7.3704	0.0000	0.0000	0.0000	0.0000	0.0000	0.0000	-0.0338	1.0000	2.7513	0.9994	4.0954	0.0000	0.0000	0.0000	0.0000	0.0000	0.0000	0.0000	0.0000	0.0000	0.0452	0.0452	0.0000	0.0452	0.0452	0.0000	0.0000	0.0000	0.0000	0.0896	0.0798	0.0098	0.0277	0.0258	0.0019	0.0618	0.0540	0.0079	0.0444	0.0171	0.0273	0.0071	0.0061	0.0010	0.0373	0.0110	0.0263	0.0000	0.0000	0.0000	0.0000	0.0000	0.0000	0.0000	0.0000	0.0000	1.0169	2.6412	0.0000	6.3265	7.3704	0.0000	0.0000	0.0000	0.0000		
14	69	0.1277	5	0	1	0	1	0	0	0	0	N	N	N	N	N	N	N	N	N	N	N	N	0.0000	inf	0.0000	inf	inf	0.0000	0.0000	0.0001	0.0001	0.0000	0.0004	0.0004	0.0000	0.0000	0.0000	0.0000	10.1040	0.0000	15.1990	0.0000	0.0000	0.0000	10.6856	0.0000	15.7497	0.0000	inf	-0.0000	0.2508	1.0000	9.9334	0.9994	8.9999	0.0000	0.0000	0.0000	0.0000	0.0000	0.0000	0.0000	0.0000	0.0000	0.9989	0.0000	0.9989	0.0000	0.0000	0.0000	0.9989	0.0000	0.9989	0.2082	0.1847	0.0235	0.0501	0.0469	0.0032	0.1581	0.1378	0.0203	0.0989	0.0331	0.0657	0.0054	0.0031	0.0023	0.0935	0.0301	0.0634	0.0000	inf	0.0000	inf	inf	0.0000	0.0000	0.0000	0.0000	10.1040	0.0000	15.1990	0.0000	0.0000	0.0000	10.6856	0.0000	15.7497		
14	70	0.1277	5	0	1	0	1	0	0	0	0	N	N	N	N	N	N	N	N	N	N	N	N	0.0000	0.0000	0.0000	0.0000	0.0000	0.0000	0.0000	0.0000	0.0000	0.0000	0.0000	0.0000	0.0000	35.7173	0.0000	53.2246	0.0000	0.0000	0.0000	37.6737	0.0000	55.0784	inf	0.0000	0.2508	1.0000	0.0666	0.9994	4.0001	0.0000	0.0000	0.0000	0.0000	0.0000	0.0000	0.0000	0.0000	0.0000	0.9989	0.0000	0.9989	0.0000	0.0000	0.0000	0.9989	0.0000	0.9989	0.0062	0.0056	0.0006	0.0027	0.0026	0.0000	0.0035	0.0030	0.0006	0.0280	0.0092	0.0188	0.0015	0.0008	0.0006	0.0265	0.0084	0.0181	0.0000	0.0000	0.0000	0.0000	0.0000	0.0000	0.0000	0.0000	0.0000	35.7173	0.0000	53.2246	0.0000	0.0000	0.0000	37.6737	0.0000	55.0784						
14	71	0.1982	7	0	1	0	1	0	0	0	0	N	N	N	N	N	N	N	N	N	N	N	N	0.0000	0.0000	0.0000	0.0000	0.0000	0.0000	0.0000	0.0000	0.0000	0.0000	0.0000	0.0000	0.0000	45.6380	0.0000	64.9457	0.0000	0.0000	0.0000	49.6886	0.0000	68.4404	inf	0.0000	0.2508	1.0000	2.0000	0.9994	3.0000	0.0000	0.0000	0.0000	0.0000	0.0000	0.0000	0.0000	0.0000	0.0000	0.9989	0.0000	0.9989	0.0000	0.0000	0.0000	0.9989	0.0000	0.9989	0.0412	0.0368	0.0044	0.0159	0.0151	0.0008	0.0253	0.0217	0.0036	0.0219	0.0065	0.0154	0.0018	0.0010	0.0008	0.0201	0.0055	0.0146	0.0000	0.0000	0.0000	0.0000	0.0000	0.0000	0.0000	0.0000	0.0000	45.6380	0.0000	64.9457	0.0000	0.0000	0.0000	49.6886	0.0000	68.4404						
14	72	0.1713	6	0	0	0	1	0	0	0	0	N	N	N	N	N	N	N	N	N	N	N	N	0.0000	0.0000	0.0000	0.0000	0.0000	0.0000	0.0000	0.0000	0.0000	0.0000	0.0000	0.0000	0.0000	0.0000	0.0000	0.0000	0.0000	0.3423	1.0591	0.0000	3.3752	4.8394	0.0000	0.0000	0.0000	0.0000	0.0000	0.0000	-0.0067	1.0000	4.7932	0.9994	0.2507	0.0000	0.0000	0.0000	0.0000	0.0000	0.0000	0.0000	0.0000	0.0000	0.0089	0.0089	0.0000	0.0089	0.0089	0.0000	0.0000	0.0000	0.0000	0.1263	0.1136	0.0126	0.0450	0.0427	0.0023	0.0813	0.0710	0.0103	0.0259	0.0084	0.0176	0.0026	0.0018	0.0008	0.0233	0.0066	0.0168	0.0000	0.0000	0.0000	0.0000	0.0000	0.0000	0.0000	0.0000	0.0000	0.3423	1.0591	0.0000	3.3752	4.8394	0.0000	0.0000	0.0000	0.0000		
14	73	0.1277	5	0	0	0	1	0	0	0	0	N	N	N	N	N	N	N	N	N	N	N	N	0.0000	0.0000	0.0000	0.0000	0.0000	0.0000	0.0000	0.0000	0.0000	0.0000	0.0000	0.0000	0.0000	0.0000	0.0000	0.0000	0.1748	0.0000	0.2613	0.0001	0.0002	0.0000	0.1846	0.0000	0.2705	38510.7398	0.0000	0.0022	1.0000	4.9764	0.9994	2.9948	0.0000	0.0000	0.0000	0.0000	0.0000	0.0000	0.0000	0.0000	0.0000	0.0089	0.0000	0.0089	0.0000	0.0000	0.0000	0.0089	0.0000	0.0089	0.1156	0.1023	0.0133	0.0285	0.0268	0.0018	0.0870	0.0755	0.0115	0.0508	0.0168	0.0340	0.0027	0.0015	0.0012	0.0481	0.0153	0.0328	0.0000	0.0000	0.0000	0.0000	0.0000	0.0000	0.0000	0.0000	0.0000	0.1748	0.0000	0.2613	0.0001	0.0002	0.0000	0.1846	0.0000	0.2705			
14	74	0.1477	6	0	1	0	1	0	0	0	0	N	N	N	N	N	N	N	N	N	N	N	N	0.0000	0.0000	0.0000	0.0000	0.0000	0.0000	0.0000	0.0000	0.0000	0.0000	0.0000	0.0000	0.0000	0.0000	0.0000	0.0000	0.0000	0.0056	0.0167	0.0000	0.0424	0.0538	0.0000	0.0000	0.0000	0.0000	0.0014	0.0000	-0.0002	1.0000	1.8678	0.9994	4.6278	0.0000	0.0000	0.0000	0.0000	0.0000	0.0000	0.0000	0.0000	0.0000	0.0002	0.0002	0.0000	0.0002	0.0002	0.0000	0.0000	0.0000	0.0000	0.0972	0.0873	0.0098	0.0459	0.0424	0.0035	0.0513	0.0450	0.0063	0.0373	0.0126	0.0247	0.0049	0.0039	0.0010	0.0323	0.0087	0.0236	0.0000	0.0000	0.0000	0.0000	0.0000	0.0000	0.0000	0.0000	0.0000	0.0056	0.0167	0.0000	0.0424	0.0538	0.0000	0.0000	0.0000	0.0000		
14	75	0.1277	5	0	0	0	1	0	0	0	0	N	N	N	N	N	N	N	N	N	N	N	N	0.0000	0.0000	0.0000	0.0000	0.0000	0.0000	0.0000	0.0000	0.0000	0.0000	0.0000	0.0000	0.0000	0.0000	0.0000	0.0000	0.0059	0.0000	0.0088	0.0000	0.0001	0.0000	0.0062	0.0000	0.0091	2971.3513	0.0000	0.0001	1.0000	4.7010	0.9994	0.6064	0.0000	0.0000	0.0000	0.0000	0.0000	0.0000	0.0000	0.0000	0.0000	0.0002	0.0000	0.0002	0.0000	0.0000	0.0000	0.0002	0.0000	0.0002	0.1099	0.0973	0.0127	0.0272	0.0255	0.0017	0.0827	0.0718	0.0110	0.0356	0.0117	0.0239	0.0019	0.0011	0.0008	0.0338	0.0107	0.0231	0.0000	0.0000	0.0000	0.0000	0.0000	0.0000	0.0000	0.0000	0.0000	0.0059	0.0000	0.0088	0.0000	0.0001	0.0000	0.0062	0.0000	0.0091			
14	76	0.0677	4	0	0	0	1	0	0	0	0	N	N	N	N	N	N	N	N	N	N	N	N	0.0000	0.0000	0.0000	0.0000	0.0000	0.0000	0.0000	0.0000	0.0000	0.0000	0.0000	0.0000	0.0000	0.0000	0.0000	0.0000	0.0000	0.0000	0.1454	0.3812	0.0000	1.8855	2.0148	0.0000	0.0013	0.1640	0.0000	0.0000	0.0000	-0.0064	1.0000	4.7970	0.9994	3.0436	0.0000	0.0000	0.0000	0.0000	0.0000	0.0000	0.0000	0.0000	0.0000	0.0085	0.0085	0.0000	0.0084	0.0084	0.0000	0.0001	0.0001	0.0000	0.1600	0.1429	0.0171	0.0303	0.0290	0.0012	0.1298	0.1139	0.0159	0.0584	0.0223	0.0361	0.0045	0.0042	0.0003	0.0540	0.0181	0.0359	0.0000	0.0000	0.0000	0.0000	0.0000	0.0000	0.0000	0.0000	0.0000	0.1454	0.3812	0.0000	1.8855	2.0148	0.0000	0.0013	0.0038	0.0000	
14	78	0.0486	3	1	1	0	2	0	0	0	0	N	N	N	Y	N	N	N	N	N	N	N	N	0.0000	0.0000	0.0000	0.0000	0.0000	0.0000	0.0000	0.0000	0.0000	0.0000	0.0000	0.0000	0.0000	0.0000	0.0000	0.0000	0.0000	0.0016	0.0046	0.0000	0.0444	0.0468	0.0000	0.0000	0.0000	0.0000	0.0016	0.0000	-0.0000	1.0000	1.0000	0.9994	2.0144	0.0000	0.0000	0.0000	0.0000	0.0000	0.0000	0.0000	0.0000	0.0000	0.0000	0.0000	0.0000	0.0000	0.0000	0.0000	0.0000	0.0000	0.0000	0.0286	0.0249	0.0037	0.0000	0.0000	0.0000	0.0286	0.0249	0.0037	0.0252	0.0088	0.0164	0.0009	0.0009	0.0000	0.0243	0.0079	0.0163	0.0000	0.0000	0.0000	0.0000	0.0000	0.0000	0.0000	0.0000	0.0000	0.0016	0.0046	0.0000	0.0444	0.0468	0.0000	0.0000	0.0000	0.0000		
14	79	0.0263	2	1	1	0	2	0	0	0	0	N	N	N	Y	N	N	N	N	N	N	N	N	0.0000	0.0000	0.0000	0.0000	0.0000	0.0000	0.0000	0.0000	0.0000	0.0000	0.0000	0.0000	0.0000	0.0000	0.0000	0.0000	0.0020	0.0012	0.0024	0.0134	0.0140	0.0000	0.0016	0.0000	0.0024	3.9704	0.0000	0.0000	1.0000	0.0001	0.9994	3.0180	0.0000	0.0000	0.0000	0.0000	0.0000	0.0000	0.0000	0.0000	0.0000	0.0001	0.0000	0.0000	0.0000	0.0000	0.0000	0.0000	0.0000	0.0000	0.0000	0.0000	0.0000	0.0000	0.0000	0.0000	0.0000	0.0000	0.0000	0.0250	0.0087	0.0164	0.0007	0.0007	0.0000	0.0243	0.0079	0.0163	0.0000	0.0000	0.0000	0.0000	0.0000	0.0000	0.0000	0.0000	0.0000	0.0020	0.0012	0.0024	0.0134	0.0140	0.0000	0.0016	0.0000	0.0024			
14	80	0.0189	2	0	1	0	2	0	0	0	0	N	N	N	Y	N	N	N	N	N	N	N	N	0.0000	0.0000	0.0000	0.0000	0.0000	0.0000	0.0000	0.0000	0.0000	0.0000	0.0000	0.0000	0.0000	0.0000	0.0000	0.0000	0.0000	0.0000	0.0000	0.0000	1.0000	0.0000	0.9994	0.0000	0.0000	0.0000	0.0000	0.0000	0.0000	0.0000	0.0000	0.0000	0.0000	0.0000	0.0000	0.0000	0.0000	0.0000	0.0000	0.0000	0.0000	0.0000	0.0000	0.0000	0.0000	0.0000	0.0000	0.0000	0.0000	0.0000	0.0000	0.0000	0.0000	0.0000	0.0000	0.0000	0.0000	0.0000	0.0000	0.0000	0.0000	0.0000	0.0000	0.0000	0.0000	0.0000	0.0000	0.0000	0.0000	0.0000	0.0000	0.0000	0.0000	0.0000	0.0000	0.0000	0.0000	0.0000											
14	81	0.0263	2	0	0	1	2	0	0	0	0	N	N	N	Y	N	N	N	N	N	N	N	N	0.0000	0.0000	0.0000	0.0000	0.0000	0.0000	0.0000	0.0000	0.0000	0.0000	0.0000	0.0000	0.0000	0.0000	0.0000	0.0000	0.0000	0.0000	0.0000	0.0000	1.0000	2.0000	0.9994	0.0000	0.0000	0.0000	0.0000	0.0000	0.0000	0.0000	0.0000	0.0000	0.0000	0.0000	0.0000	0.0000	0.0000	0.0000	0.0000	0.0000	0.0000	0.0000	0.0558	0.0486	0.0071	0.0000	0.0000	0.0000	0.0558	0.0486	0.0071	0.0170	0.0059	0.0111	0.0005	0.0005	0.0000	0.0165	0.0054	0.0111	0.0000	0.0000	0.0000	0.0000	0.0000	0.0000	0.0000	0.0000	0.0000	0.0000	0.0000	0.0000	0.0000	0.0000	0.0000	0.0000	0.0000	0.0000											
14	82	0.0263	2	0	0	1	2	0	0	0	0	N	N	N	Y	N	N	N	N	N	N	N	N	0.0000	0.0000	0.0000	0.0000	0.0000	0.0000	0.0000	0.0000	0.0000	0.0000	0.0000	0.0000	0.0000	0.0000	0.0000	0.0000	0.0000	0.0000	0.0000	0.0000	1.0000	0.0000	0.9994	4.0000	0.0000	0.0000	0.0000	0.0000	0.0000	0.0000	0.0000	0.0000	0.0000	0.0000	0.0000	0.0000	0.0000	0.0000	0.0000	0.0000	0.0000	0.0000	0.0000	0.0000	0.0000	0.0000	0.0000	0.0000	0.0000	0.0000	0.0000	0.0324	0.0112	0.0211	0.0010	0.0009	0.0000	0.0314	0.0103	0.0211	0.0000	0.0000	0.0000	0.0000	0.0000	0.0000	0.0000	0.0000	0.0000	0.0000	0.0000	0.0000	0.0000	0.0000	0.0000	0.0000	0.0000	0.0000											
14	83	0.0189	2	0	0	1	2	0	0	0	0	N	N	N	Y	N	N	N	N	N	N	N	N	0.0000	0.0000	0.0000	0.0000	0.0000	0.0000	0.0000	0.0000	0.0000	0.0000	0.0000	0.0000	0.0000	0.0000	0.0000	0.0000	0.0000	0.0000	0.0000	0.0000	1.0000	0.0000	0.9994	2.0000	0.0000	0.0000	0.0000	0.0000	0.0000	0.0000	0.0000	0.0000	0.0000	0.0000	0.0000	0.0000	0.0000	0.0000	0.0000	0.0000	0.0000	0.0000	0.0000	0.0000	0.0000	0.0000	0.0000	0.0000	0.0000	0.0000	0.0000	0.0169	0.0056	0.0113	0.0000	0.0000	0.0000	0.0169	0.0056	0.0113	0.0000	0.0000	0.0000	0.0000	0.0000	0.0000	0.0000	0.0000	0.0000	0.0000	0.0000	0.0000	0.0000	0.0000	0.0000	0.0000	0.0000	0.0000											
14	86	0.0981	4	1	1	0	1	0	0	0	0	N	N	N	N	N	N	N	N	N	N	N	N	0.0000	0.0000	0.0000	0.0000	0.0000	0.0000	0.0000	0.0000	0.0000	0.0000	0.0000	0.0000	0.0000	0.0000	0.0000	0.0000	0.0000	4.4794	9.9809	0.0000	17.2951	17.3772	0.0005	0.0000	0.0000	0.0000	0.0000	0.0000	-0.0443	1.0000	0.0007	0.9994	0.9812	0.0000	0.0000	0.0000	0.0000	0.0000	0.0000	0.0000	0.0000	0.0000	0.0592	0.0592	0.0000	0.0592	0.0592	0.0000	0.0000	0.0000	0.0000	0.0001	0.0000	0.0000	0.0000	0.0000	0.0000	0.0000	0.0000	0.0000	0.0132	0.0059	0.0073	0.0034	0.0034	0.0000	0.0098	0.0025	0.0073	0.0000	0.0000	0.0000	0.0000	0.0000	0.0000	0.0000	0.0000	0.0000	4.4794	9.9809	0.0000	17.2951	17.3772	0.0002	0.0000	0.0000	0.0000		
14	87	0.0422	3	1	1	0	1	0	0	0	0	N	N	N	N	N	N	N	N	N	N	N	N	0.0000	0.0000	0.0000	0.0000	0.0000	0.0000	0.0000	0.0000	0.0000	0.0000	0.0000	0.0000	0.0000	0.0000	0.0000	0.0000	0.0000	1.1485	0.1426	1.6980	1.1476	1.2012	0.0005	1.1485	0.0000	1.7031	21.8015	0.0000	0.0128	1.0000	5.0272	0.9994	2.1572	0.0000	0.0000	0.0000	0.0000	0.0000	0.0000	0.0000	0.0000	0.0000	0.0617	0.0027	0.0590	0.0027	0.0027	0.0000	0.0590	0.0000	0.0590	0.1351	0.1186	0.0165	0.0033	0.0032	0.0001	0.1318	0.1154	0.0164	0.0537	0.0190	0.0348	0.0024	0.0023	0.0001	0.0514	0.0167	0.0346	0.0000	0.0000	0.0000	0.0000	0.0000	0.0000	0.0000	0.0000	0.0000	1.1485	0.1426	1.6980	1.1476	1.2012	0.0002	1.1485	0.0000	1.7031		
14	88	0.0636	3	0	1	0	1	0	0	0	0	N	N	N	N	N	N	N	N	N	N	N	N	0.0000	0.0000	0.0000	0.0000	0.0000	0.0000	0.0000	0.0000	0.0000	0.0000	0.0000	0.0000	0.0000	0.0000	0.0000	0.0000	0.0000	0.0000	0.0000	0.0000	1.0000	0.0000	0.9994	4.0000	0.0000	0.0000	0.0000	0.0000	0.0000	0.0000	0.0000	0.0000	0.0000	0.0000	0.0000	0.0000	0.0000	0.0000	0.0000	0.0000	0.0000	0.0000	0.0000	0.0000	0.0000	0.0000	0.0000	0.0000	0.0000	0.0000	0.0000	0.0304	0.0108	0.0197	0.0015	0.0014	0.0001	0.0289	0.0094	0.0196	0.0000	0.0000	0.0000	0.0000	0.0000	0.0000	0.0000	0.0000	0.0000	0.0000	0.0000	0.0000	0.0000	0.0000	0.0000	0.0000	0.0000	0.0000											
14	89	0.0263	2	0	1	0	1	0	0	0	0	N	N	N	N	N	N	N	N	N	N	N	N	0.0000	0.0000	0.0000	0.0000	0.0000	0.0000	0.0000	0.0000	0.0000	0.0000	0.0000	0.0000	0.0000	0.0000	0.0000	0.0000	0.0000	0.0000	0.0000	0.0000	1.0000	3.0000	0.9994	2.0000	0.0000	0.0000	0.0000	0.0000	0.0000	0.0000	0.0000	0.0000	0.0000	0.0000	0.0000	0.0000	0.0000	0.0000	0.0000	0.0000	0.0000	0.0000	0.0816	0.0713	0.0103	0.0000	0.0000	0.0000	0.0816	0.0713	0.0103	0.0395	0.0137	0.0258	0.0012	0.0012	0.0001	0.0383	0.0126	0.0257	0.0000	0.0000	0.0000	0.0000	0.0000	0.0000	0.0000	0.0000	0.0000	0.0000	0.0000	0.0000	0.0000	0.0000	0.0000	0.0000	0.0000	0.0000											
14	90	0.0263	2	1	1	0	1	0	0	0	0	N	N	N	N	N	N	N	N	N	N	N	N	0.0000	0.0000	0.0000	0.0000	0.0000	0.0000	0.0000	0.0000	0.0000	0.0000	0.0000	0.0000	0.0000	0.0000	0.0000	0.0000	0.0000	0.0000	0.0000	0.0000	1.0000	2.0000	0.9994	3.0000	0.0000	0.0000	0.0000	0.0000	0.0000	0.0000	0.0000	0.0000	0.0000	0.0000	0.0000	0.0000	0.0000	0.0000	0.0000	0.0000	0.0000	0.0000	0.0558	0.0486	0.0071	0.0000	0.0000	0.0000	0.0558	0.0486	0.0071	0.0395	0.0137	0.0258	0.0012	0.0012	0.0001	0.0383	0.0126	0.0257	0.0000	0.0000	0.0000	0.0000	0.0000	0.0000	0.0000	0.0000	0.0000	0.0000	0.0000	0.0000	0.0000	0.0000	0.0000	0.0000	0.0000	0.0000											
14	98	0.2045	9	0	0	0	1	0	0	0	0	N	N	N	N	N	N	N	N	N	N	N	N	0.0011	6.6672	0.0000	9.0802	8.8679	0.0000	0.0000	0.0000	0.0000	0.0012	0.0013	0.0000	0.0029	0.0031	0.0000	0.0000	0.0000	0.0000	1.1122	0.0002	2.4756	0.0003	0.0003	0.0001	1.7267	0.0000	2.7041	0.0000	10044.5627	-0.0000	0.0240	1.0000	4.9999	0.9994	9.0821	0.0002	0.0002	0.0000	0.0002	0.0002	0.0000	0.0000	0.0000	0.0000	0.0958	0.0000	0.0958	0.0000	0.0000	0.0000	0.0958	0.0000	0.0958	0.1895	0.1716	0.0179	0.0793	0.0745	0.0048	0.1101	0.0971	0.0131	0.0862	0.0475	0.0387	0.0307	0.0274	0.0033	0.0555	0.0201	0.0354	0.0011	6.6672	0.0000	9.0802	8.8679	0.0000	0.0000	0.0000	0.0000	1.1122	0.0002	2.4756	0.0003	0.0003	0.0001	1.7267	0.0000	2.7041
15	16	0.1986	7	0	2	0	1	0	0	0	0	N	Y	N	N	N	N	N	N	N	N	N	N	0.0000	0.0000	0.0000	0.0000	0.0000	0.0000	0.0000	0.0000	0.0000	0.0000	0.0000	0.0000	0.0000	56.4700	191.0498	0.0000	0.0000	0.0000	0.0000	61.2850	223.9902	0.0000	0.0000	0.0000	-0.7488	0.0000	2.0000	2.0000	2.0010	0.0000	0.0000	0.0000	0.0000	0.0000	0.0000	0.0000	0.0000	0.0000	0.9998	0.9998	0.0000	0.0000	0.0000	0.0000	0.9998	0.9998	0.0000	0.0000	0.0000	0.0000	0.0000	0.0000	0.0000	0.0000	0.0000	0.0000	0.0177	0.0052	0.0125	0.0014	0.0008	0.0006	0.0163	0.0045	0.0119	0.0000	0.0000	0.0000	0.0000	0.0000	0.0000	0.0000	0.0000	0.0000	56.4700	191.0498	0.0000	0.0000	0.0000	0.0000	61.2850	223.9902	0.0000						
15	17	0.0807	4	1	2	0	0	0	0	0	0	N	Y	N	N	N	N	N	N	N	N	N	N	0.0000	0.0000	0.0000	0.0000	0.0000	0.0000	0.0000	0.0000	0.0000	0.0000	0.0000	0.0000	0.0000	0.0037	0.0088	0.0000	0.0189	0.0192	0.0000	0.0000	0.0000	0.0000	0.0000	0.0000	-0.0000	0.0000	0.0017	2.0000	0.9948	0.0000	0.0000	0.0000	0.0000	0.0000	0.0000	0.0000	0.0000	0.0000	0.0000	0.0000	0.0000	0.0000	0.0000	0.0000	0.0000	0.0000	0.0000	0.0000	0.0000	0.0000	0.0000	0.0000	0.0000	0.0000	0.0000	0.0000	0.0054	0.0023	0.0031	0.0011	0.0010	0.0000	0.0043	0.0012	0.0031	0.0000	0.0000	0.0000	0.0000	0.0000	0.0000	0.0000	0.0000	0.0000	0.0037	0.0088	0.0000	0.0189	0.0192	0.0000	0.0000	0.0000	0.0000						
15	18	0.2213	7	0	2	0	0	0	0	0	0	N	Y	N	N	N	N	N	N	N	N	N	N	0.0000	0.0000	0.0000	0.0000	0.0000	0.0000	0.0000	0.0000	0.0000	0.0000	0.0000	0.0000	0.0000	0.0000	0.0000	0.0000	0.0000	0.0000	0.0000	0.0000	0.0000	0.0000	2.0000	0.0000	0.0000	0.0000	0.0000	0.0000	0.0000	0.0000	0.0000	0.0000	0.0000	0.0000	0.0000	0.0000	0.0000	0.0000	0.0000	0.0000	0.0000	0.0000	0.0000	0.0000	0.0000	0.0000	0.0000	0.0000	0.0000	0.0000	0.0000	0.0000	0.0000	0.0000	0.0000	0.0000	0.0000	0.0000	0.0000	0.0000	0.0000	0.0000	0.0000	0.0000	0.0000	0.0000	0.0000	0.0000	0.0000	0.0000	0.0000	0.0000	0.0000	0.0000	0.0000	0.0000	0.0000	0.0000											
15	19	0.0825	3	0	1	0	1	0	0	0	0	N	N	N	N	N	N	N	N	N	N	N	N	0.0000	0.0000	0.0000	0.0000	0.0000	0.0000	0.0000	0.0000	0.0000	0.0000	0.0000	0.0000	0.0000	0.0000	0.0000	0.0000	0.0000	0.0000	0.0000	0.0000	0.0000	3.0666	2.0000	4.9999	0.0000	0.0000	0.0000	0.0000	0.0000	0.0000	0.0000	0.0000	0.0000	0.0000	0.0000	0.0000	0.0000	0.0000	0.0000	0.0000	0.0000	0.0000	0.0000	0.0000	0.0000	0.0000	0.0000	0.0000	0.0000	0.0000	0.0000	0.0369	0.0123	0.0246	0.0056	0.0037	0.0019	0.0313	0.0086	0.0227	0.0000	0.0000	0.0000	0.0000	0.0000	0.0000	0.0000	0.0000	0.0000	0.0000	0.0000	0.0000	0.0000	0.0000	0.0000	0.0000	0.0000	0.0000											
15	20	0.0337	2	1	1	1	0	0	0	0	0	N	N	N	N	N	N	N	N	N	N	N	N	0.0000	0.0000	0.0000	0.0000	0.0000	0.0000	0.0000	0.0000	0.0000	0.0000	0.0000	0.0000	0.0000	0.0007	0.0022	0.0000	0.0051	0.0051	0.0000	0.0000	0.0000	0.0000	0.0000	0.0000	-0.0000	0.0000	0.9718	2.0000	0.9404	0.0000	0.0000	0.0000	0.0000	0.0000	0.0000	0.0000	0.0000	0.0000	0.0000	0.0000	0.0000	0.0000	0.0000	0.0000	0.0000	0.0000	0.0000	0.0000	0.0000	0.0000	0.0000	0.0000	0.0000	0.0000	0.0000	0.0000	0.0145	0.0045	0.0100	0.0019	0.0019	0.0000	0.0125	0.0025	0.0100	0.0000	0.0000	0.0000	0.0000	0.0000	0.0000	0.0000	0.0000	0.0000	0.0007	0.0022	0.0000	0.0051	0.0051	0.0000	0.0000	0.0000	0.0000						
15	21	0.2501	7	0	2	0	0	0	0	0	0	N	Y	N	N	N	N	N	N	N	N	N	N	0.0000	0.0000	0.0000	0.0000	0.0000	0.0000	0.0000	0.0000	0.0000	0.0000	0.0000	0.0000	0.0000	0.0028	0.0060	0.0000	0.0127	0.0133	0.0000	0.0000	0.0000	0.0000	0.0000	0.0000	-0.0000	0.0000	0.9958	2.0000	0.0079	0.0000	0.0000	0.0000	0.0000	0.0000	0.0000	0.0000	0.0000	0.0000	0.0000	0.0000	0.0000	0.0000	0.0000	0.0000	0.0000	0.0000	0.0000	0.0000	0.0000	0.0000	0.0000	0.0000	0.0000	0.0000	0.0000	0.0000	0.0036	0.0017	0.0019	0.0008	0.0007	0.0000	0.0028	0.0009	0.0019	0.0000	0.0000	0.0000	0.0000	0.0000	0.0000	0.0000	0.0000	0.0000	0.0028	0.0060	0.0000	0.0127	0.0133	0.0000	0.0000	0.0000	0.0000						
15	22	0.2066	7	0	2	0	0	0	0	0	0	N	Y	N	N	N	N	N	N	N	N	N	N	0.0000	0.0000	0.0000	0.0000	0.0000	0.0000	0.0000	0.0000	0.0000	0.0000	0.0000	0.0000	0.0000	0.0102	0.0232	0.0000	0.0469	0.0486	0.0000	0.0000	0.0000	0.0000	0.0000	0.0000	-0.0003	0.0000	4.0220	2.0000	5.3698	0.0000	0.0000	0.0000	0.0000	0.0000	0.0000	0.0000	0.0000	0.0000	0.0004	0.0004	0.0000	0.0004	0.0004	0.0000	0.0000	0.0000	0.0000	0.0000	0.0000	0.0000	0.0000	0.0000	0.0000	0.0000	0.0000	0.0000	0.0431	0.0190	0.0241	0.0094	0.0090	0.0003	0.0338	0.0100	0.0238	0.0000	0.0000	0.0000	0.0000	0.0000	0.0000	0.0000	0.0000	0.0000	0.0102	0.0232	0.0000	0.0469	0.0486	0.0000	0.0000	0.0000	0.0000						
15	24	0.2733	9	0	2	0	0	0	0	0	0	N	Y	N	N	N	N	N	N	N	N	N	N	0.0000	0.0000	0.0000	0.0000	0.0000	0.0000	0.0000	0.0000	0.0000	0.0000	0.0000	0.0000	0.0000	0.0000	0.0000	0.0000	0.0000	0.0000	0.0000	0.0000	0.0000	0.0018	2.0000	0.9893	0.0000	0.0000	0.0000	0.0000	0.0000	0.0000	0.0000	0.0000	0.0000	0.0000	0.0000	0.0000	0.0000	0.0000	0.0000	0.0000	0.0000	0.0000	0.0000	0.0000	0.0000	0.0000	0.0000	0.0000	0.0000	0.0000	0.0000	0.0034	0.0016	0.0017	0.0007	0.0007	0.0000	0.0026	0.0009	0.0017	0.0000	0.0000	0.0000	0.0000	0.0000	0.0000	0.0000	0.0000	0.0000	0.0000	0.0000	0.0000	0.0000	0.0000	0.0000	0.0000	0.0000	0.0000											
15	25	0.0825	3	1	2	0	0	0	0	0	0	N	Y	N	N	N	N	N	N	N	N	N	N	0.0000	0.0000	0.0000	0.0000	0.0000	0.0000	0.0000	0.0000	0.0000	0.0000	0.0000	0.0000	0.0000	0.0000	0.0000	0.0000	0.0000	0.0000	0.0000	0.0000	0.0000	2.0666	2.0000	3.9999	0.0000	0.0000	0.0000	0.0000	0.0000	0.0000	0.0000	0.0000	0.0000	0.0000	0.0000	0.0000	0.0000	0.0000	0.0000	0.0000	0.0000	0.0000	0.0000	0.0000	0.0000	0.0000	0.0000	0.0000	0.0000	0.0000	0.0000	0.0287	0.0096	0.0191	0.0044	0.0029	0.0015	0.0243	0.0066	0.0177	0.0000	0.0000	0.0000	0.0000	0.0000	0.0000	0.0000	0.0000	0.0000	0.0000	0.0000	0.0000	0.0000	0.0000	0.0000	0.0000	0.0000	0.0000											
15	28	0.0825	3	0	2	1	1	0	0	0	0	N	Y	N	N	N	N	N	N	N	N	N	N	0.0000	0.0000	0.0000	0.0000	0.0000	0.0000	0.0000	0.0000	0.0000	0.0000	0.0000	0.0000	0.0000	0.0000	0.0000	0.0000	0.0000	0.0000	0.0000	0.0000	0.0000	3.9334	2.0000	8.9999	0.0000	0.0000	0.0000	0.0000	0.0000	0.0000	0.0000	0.0000	0.0000	0.0000	0.0000	0.0000	0.0000	0.0000	0.0000	0.0000	0.0000	0.0000	0.0000	0.0000	0.0000	0.0000	0.0000	0.0000	0.0000	0.0000	0.0000	0.0547	0.0183	0.0364	0.0080	0.0053	0.0028	0.0467	0.0130	0.0336	0.0000	0.0000	0.0000	0.0000	0.0000	0.0000	0.0000	0.0000	0.0000	0.0000	0.0000	0.0000	0.0000	0.0000	0.0000	0.0000	0.0000	0.0000											
15	29	0.0431	3	0	2	0	0	0	0	0	0	N	Y	N	N	N	N	N	N	N	N	N	N	0.0000	0.0000	0.0000	0.0000	0.0000	0.0000	0.0000	0.0000	0.0000	0.0000	0.0000	0.0000	0.0000	0.0014	0.0047	0.0000	0.0201	0.0201	0.0000	0.0000	0.0000	0.0000	0.0000	0.0000	-0.0001	0.0000	7.9836	2.0000	2.1583	0.0000	0.0000	0.0000	0.0000	0.0000	0.0000	0.0000	0.0000	0.0000	0.0001	0.0001	0.0000	0.0001	0.0001	0.0000	0.0000	0.0000	0.0000	0.0000	0.0000	0.0000	0.0000	0.0000	0.0000	0.0000	0.0000	0.0000	0.0501	0.0149	0.0352	0.0035	0.0035	0.0000	0.0466	0.0114	0.0352	0.0000	0.0000	0.0000	0.0000	0.0000	0.0000	0.0000	0.0000	0.0000	0.0014	0.0047	0.0000	0.0201	0.0201	0.0000	0.0000	0.0000	0.0000						
15	30	0.0825	3	1	2	0	0	0	0	0	0	N	Y	N	N	N	N	N	N	N	N	N	N	0.0000	0.0000	0.0000	0.0000	0.0000	0.0000	0.0000	0.0000	0.0000	0.0000	0.0000	0.0000	0.0000	12.7970	38.0152	0.0000	0.0000	0.0000	0.0000	14.8820	51.9214	0.0000	0.0000	0.0000	-0.7489	0.0000	9.9334	2.0000	11.0001	0.0000	0.0000	0.0000	0.0000	0.0000	0.0000	0.0000	0.0000	0.0000	1.0000	1.0000	0.0000	0.0000	0.0000	0.0000	1.0000	1.0000	0.0000	0.0000	0.0000	0.0000	0.0000	0.0000	0.0000	0.0000	0.0000	0.0000	0.0781	0.0263	0.0518	0.0109	0.0070	0.0039	0.0672	0.0193	0.0479	0.0000	0.0000	0.0000	0.0000	0.0000	0.0000	0.0000	0.0000	0.0000	12.7970	38.0152	0.0000	0.0000	0.0000	0.0000	14.8820	51.9214	0.0000						
15	31	0.0825	3	0	1	1	0	0	0	0	0	N	N	N	N	N	N	N	N	N	N	N	N	0.0000	0.0000	0.0000	0.0000	0.0000	0.0000	0.0000	0.0000	0.0000	0.0000	0.0000	0.0000	0.0000	0.0000	0.0000	0.0000	0.0000	0.0000	0.0000	0.0000	0.0000	2.9334	2.0000	4.9999	0.0000	0.0000	0.0000	0.0000	0.0000	0.0000	0.0000	0.0000	0.0000	0.0000	0.0000	0.0000	0.0000	0.0000	0.0000	0.0000	0.0000	0.0000	0.0000	0.0000	0.0000	0.0000	0.0000	0.0000	0.0000	0.0000	0.0000	0.0364	0.0121	0.0243	0.0055	0.0037	0.0019	0.0309	0.0085	0.0224	0.0000	0.0000	0.0000	0.0000	0.0000	0.0000	0.0000	0.0000	0.0000	0.0000	0.0000	0.0000	0.0000	0.0000	0.0000	0.0000	0.0000	0.0000											
15	32	0.0825	3	0	2	0	0	0	0	0	0	N	Y	N	N	N	N	N	N	N	N	N	N	0.0000	0.0000	0.0000	0.0000	0.0000	0.0000	0.0000	0.0000	0.0000	0.0000	0.0000	0.0000	0.0000	0.0000	0.0000	0.0000	0.0000	0.0000	0.0000	0.0000	0.0000	3.0666	2.0000	3.9999	0.0000	0.0000	0.0000	0.0000	0.0000	0.0000	0.0000	0.0000	0.0000	0.0000	0.0000	0.0000	0.0000	0.0000	0.0000	0.0000	0.0000	0.0000	0.0000	0.0000	0.0000	0.0000	0.0000	0.0000	0.0000	0.0000	0.0000	0.0329	0.0110	0.0219	0.0050	0.0033	0.0017	0.0279	0.0076	0.0202	0.0000	0.0000	0.0000	0.0000	0.0000	0.0000	0.0000	0.0000	0.0000	0.0000	0.0000	0.0000	0.0000	0.0000	0.0000	0.0000	0.0000	0.0000											
15	33	0.0300	2	1	1	1	0	0	0	0	0	N	N	N	N	N	N	N	N	N	N	N	N	0.0000	0.0000	0.0000	0.0000	0.0000	0.0000	0.0000	0.0000	0.0000	0.0000	0.0000	0.0000	0.0000	0.0005	0.0017	0.0000	0.0049	0.0061	0.0000	0.0000	0.0000	0.0000	0.0000	0.0000	-0.0000	0.0000	0.9991	2.0000	2.0219	0.0000	0.0000	0.0000	0.0000	0.0000	0.0000	0.0000	0.0000	0.0000	0.0000	0.0000	0.0000	0.0000	0.0000	0.0000	0.0000	0.0000	0.0000	0.0000	0.0000	0.0000	0.0000	0.0000	0.0000	0.0000	0.0000	0.0000	0.0201	0.0059	0.0142	0.0020	0.0016	0.0004	0.0181	0.0043	0.0138	0.0000	0.0000	0.0000	0.0000	0.0000	0.0000	0.0000	0.0000	0.0000	0.0005	0.0017	0.0000	0.0049	0.0061	0.0000	0.0000	0.0000	0.0000						
15	34	0.0825	3	0	2	0	0	0	0	0	0	N	Y	N	N	N	N	N	N	N	N	N	N	0.0000	0.0000	0.0000	0.0000	0.0000	0.0000	0.0000	0.0000	0.0000	0.0000	0.0000	0.0000	0.0000	0.0000	0.0000	0.0000	0.0000	0.0000	0.0000	0.0000	0.0000	4.9334	2.0000	5.0001	0.0000	0.0000	0.0000	0.0000	0.0000	0.0000	0.0000	0.0000	0.0000	0.0000	0.0000	0.0000	0.0000	0.0000	0.0000	0.0000	0.0000	0.0000	0.0000	0.0000	0.0000	0.0000	0.0000	0.0000	0.0000	0.0000	0.0000	0.0441	0.0147	0.0294	0.0066	0.0044	0.0022	0.0375	0.0104	0.0271	0.0000	0.0000	0.0000	0.0000	0.0000	0.0000	0.0000	0.0000	0.0000	0.0000	0.0000	0.0000	0.0000	0.0000	0.0000	0.0000	0.0000	0.0000											
15	35	0.0300	2	1	1	1	0	0	0	0	0	N	N	N	N	N	N	N	N	N	N	N	N	0.0000	0.0000	0.0000	0.0000	0.0000	0.0000	0.0000	0.0000	0.0000	0.0000	0.0000	0.0000	0.0000	0.0007	0.0022	0.0000	0.0055	0.0064	0.0000	0.0000	0.0000	0.0000	0.0000	0.0000	-0.0000	0.0000	0.0009	2.0000	1.9867	0.0000	0.0000	0.0000	0.0000	0.0000	0.0000	0.0000	0.0000	0.0000	0.0000	0.0000	0.0000	0.0000	0.0000	0.0000	0.0000	0.0000	0.0000	0.0000	0.0000	0.0000	0.0000	0.0000	0.0000	0.0000	0.0000	0.0000	0.0144	0.0045	0.0099	0.0018	0.0016	0.0003	0.0126	0.0030	0.0096	0.0000	0.0000	0.0000	0.0000	0.0000	0.0000	0.0000	0.0000	0.0000	0.0007	0.0022	0.0000	0.0055	0.0064	0.0000	0.0000	0.0000	0.0000						
15	38	0.0825	3	0	1	1	0	0	0	0	0	N	N	N	N	N	N	N	N	N	N	N	N	0.0000	0.0000	0.0000	0.0000	0.0000	0.0000	0.0000	0.0000	0.0000	0.0000	0.0000	0.0000	0.0000	0.0000	0.0000	0.0000	0.0000	0.0000	0.0000	0.0000	0.0000	3.0666	2.0000	2.9999	0.0000	0.0000	0.0000	0.0000	0.0000	0.0000	0.0000	0.0000	0.0000	0.0000	0.0000	0.0000	0.0000	0.0000	0.0000	0.0000	0.0000	0.0000	0.0000	0.0000	0.0000	0.0000	0.0000	0.0000	0.0000	0.0000	0.0000	0.0287	0.0096	0.0191	0.0044	0.0029	0.0015	0.0243	0.0066	0.0177	0.0000	0.0000	0.0000	0.0000	0.0000	0.0000	0.0000	0.0000	0.0000	0.0000	0.0000	0.0000	0.0000	0.0000	0.0000	0.0000	0.0000	0.0000											
15	39	0.0825	3	0	2	0	0	0	0	0	0	N	Y	N	N	N	N	N	N	N	N	N	N	0.0000	0.0000	0.0000	0.0000	0.0000	0.0000	0.0000	0.0000	0.0000	0.0000	0.0000	0.0000	0.0000	0.0000	0.0000	0.0000	0.0000	0.0000	0.0000	0.0000	0.0000	3.9334	2.0000	2.0001	0.0000	0.0000	0.0000	0.0000	0.0000	0.0000	0.0000	0.0000	0.0000	0.0000	0.0000	0.0000	0.0000	0.0000	0.0000	0.0000	0.0000	0.0000	0.0000	0.0000	0.0000	0.0000	0.0000	0.0000	0.0000	0.0000	0.0000	0.0282	0.0094	0.0188	0.0043	0.0029	0.0014	0.0238	0.0065	0.0173	0.0000	0.0000	0.0000	0.0000	0.0000	0.0000	0.0000	0.0000	0.0000	0.0000	0.0000	0.0000	0.0000	0.0000	0.0000	0.0000	0.0000	0.0000											
15	40	0.0460	4	1	2	1	0	0	0	0	0	N	Y	N	N	N	N	N	N	N	N	N	N	0.0000	0.0000	0.0000	0.0000	0.0000	0.0000	0.0000	0.0000	0.0000	0.0000	0.0000	0.0000	0.0000	0.0000	0.0000	0.0000	0.0000	0.0000	0.0000	0.0000	0.0000	0.0000	2.0000	0.0000	0.0000	0.0000	0.0000	0.0000	0.0000	0.0000	0.0000	0.0000	0.0000	0.0000	0.0000	0.0000	0.0000	0.0000	0.0000	0.0000	0.0000	0.0000	0.0000	0.0000	0.0000	0.0000	0.0000	0.0000	0.0000	0.0000	0.0000	0.0000	0.0000	0.0000	0.0000	0.0000	0.0000	0.0000	0.0000	0.0000	0.0000	0.0000	0.0000	0.0000	0.0000	0.0000	0.0000	0.0000	0.0000	0.0000	0.0000	0.0000	0.0000	0.0000	0.0000	0.0000	0.0000	0.0000											
15	41	0.0460	3	1	2	1	0	0	0	0	0	N	Y	N	N	N	N	N	N	N	N	N	N	0.0000	0.0000	0.0000	0.0000	0.0000	0.0000	0.0000	0.0000	0.0000	0.0000	0.0000	0.0000	0.0000	0.0000	0.0000	0.0000	0.0000	0.0000	0.0000	0.0000	0.0000	1.0000	2.0000	1.9999	0.0000	0.0000	0.0000	0.0000	0.0000	0.0000	0.0000	0.0000	0.0000	0.0000	0.0000	0.0000	0.0000	0.0000	0.0000	0.0000	0.0000	0.0000	0.0000	0.0000	0.0000	0.0000	0.0000	0.0000	0.0000	0.0000	0.0000	0.0165	0.0039	0.0126	0.0000	0.0000	0.0000	0.0165	0.0039	0.0126	0.0000	0.0000	0.0000	0.0000	0.0000	0.0000	0.0000	0.0000	0.0000	0.0000	0.0000	0.0000	0.0000	0.0000	0.0000	0.0000	0.0000	0.0000											
15	42	0.2238	6	1	2	0	0	0	0	0	0	N	Y	N	N	N	N	N	N	N	N	N	N	0.0000	0.0000	0.0000	0.0000	0.0000	0.0000	0.0000	0.0000	0.0000	0.0000	0.0000	0.0000	0.0000	0.0013	0.0032	0.0000	0.0054	0.0059	0.0000	0.0000	0.0000	0.0000	0.0000	0.0000	-0.0000	0.0000	0.0007	2.0000	2.0242	0.0000	0.0000	0.0000	0.0000	0.0000	0.0000	0.0000	0.0000	0.0000	0.0000	0.0000	0.0000	0.0000	0.0000	0.0000	0.0000	0.0000	0.0000	0.0000	0.0000	0.0000	0.0000	0.0000	0.0000	0.0000	0.0000	0.0000	0.0148	0.0063	0.0085	0.0037	0.0034	0.0003	0.0111	0.0029	0.0082	0.0000	0.0000	0.0000	0.0000	0.0000	0.0000	0.0000	0.0000	0.0000	0.0013	0.0032	0.0000	0.0054	0.0059	0.0000	0.0000	0.0000	0.0000						
15	43	0.1270	4	0	2	0	1	0	0	0	0	N	Y	N	N	N	N	N	N	N	N	N	N	0.0000	0.0000	0.0000	0.0000	0.0000	0.0000	0.0000	0.0000	0.0000	0.0000	0.0000	0.0000	0.0000	0.0000	0.0000	0.0000	0.0000	0.0000	0.0000	0.0000	0.0000	0.0000	2.0000	0.0000	0.0000	0.0000	0.0000	0.0000	0.0000	0.0000	0.0000	0.0000	0.0000	0.0000	0.0000	0.0000	0.0000	0.0000	0.0000	0.0000	0.0000	0.0000	0.0000	0.0000	0.0000	0.0000	0.0000	0.0000	0.0000	0.0000	0.0000	0.0000	0.0000	0.0000	0.0000	0.0000	0.0000	0.0000	0.0000	0.0000	0.0000	0.0000	0.0000	0.0000	0.0000	0.0000	0.0000	0.0000	0.0000	0.0000	0.0000	0.0000	0.0000	0.0000	0.0000	0.0000	0.0000	0.0000											
15	44	0.1270	4	0	1	0	1	0	0	0	0	N	N	N	N	N	N	N	N	N	N	N	N	0.0000	0.0000	0.0000	0.0000	0.0000	0.0000	0.0000	0.0000	0.0000	0.0000	0.0000	0.0000	0.0000	0.0000	0.0000	0.0000	0.0000	0.0000	0.0000	0.0000	0.0000	0.0000	2.0000	0.0000	0.0000	0.0000	0.0000	0.0000	0.0000	0.0000	0.0000	0.0000	0.0000	0.0000	0.0000	0.0000	0.0000	0.0000	0.0000	0.0000	0.0000	0.0000	0.0000	0.0000	0.0000	0.0000	0.0000	0.0000	0.0000	0.0000	0.0000	0.0000	0.0000	0.0000	0.0000	0.0000	0.0000	0.0000	0.0000	0.0000	0.0000	0.0000	0.0000	0.0000	0.0000	0.0000	0.0000	0.0000	0.0000	0.0000	0.0000	0.0000	0.0000	0.0000	0.0000	0.0000	0.0000	0.0000											
15	45	0.0825	3	0	1	0	1	0	0	0	0	N	N	N	N	N	N	N	N	N	N	N	N	0.0000	0.0000	0.0000	0.0000	0.0000	0.0000	0.0000	0.0000	0.0000	0.0000	0.0000	0.0000	0.0000	0.0000	0.0000	0.0000	0.0000	0.0000	0.0000	0.0000	0.0000	3.0666	2.0000	3.9999	0.0000	0.0000	0.0000	0.0000	0.0000	0.0000	0.0000	0.0000	0.0000	0.0000	0.0000	0.0000	0.0000	0.0000	0.0000	0.0000	0.0000	0.0000	0.0000	0.0000	0.0000	0.0000	0.0000	0.0000	0.0000	0.0000	0.0000	0.0329	0.0110	0.0219	0.0050	0.0033	0.0017	0.0279	0.0076	0.0202	0.0000	0.0000	0.0000	0.0000	0.0000	0.0000	0.0000	0.0000	0.0000	0.0000	0.0000	0.0000	0.0000	0.0000	0.0000	0.0000	0.0000	0.0000											
15	47	0.0807	4	1	2	0	0	0	0	0	0	N	Y	N	N	N	N	N	N	N	N	N	N	0.0000	0.0000	0.0000	0.0000	0.0000	0.0000	0.0000	0.0000	0.0000	0.0000	0.0000	0.0000	0.0000	0.0015	0.0037	0.0000	0.0103	0.0106	0.0000	0.0000	0.0000	0.0000	0.0000	0.0000	-0.0000	0.0000	0.9991	2.0000	2.0273	0.0000	0.0000	0.0000	0.0000	0.0000	0.0000	0.0000	0.0000	0.0000	0.0000	0.0000	0.0000	0.0000	0.0000	0.0000	0.0000	0.0000	0.0000	0.0000	0.0000	0.0000	0.0000	0.0000	0.0000	0.0000	0.0000	0.0000	0.0135	0.0054	0.0081	0.0019	0.0019	0.0001	0.0116	0.0035	0.0081	0.0000	0.0000	0.0000	0.0000	0.0000	0.0000	0.0000	0.0000	0.0000	0.0015	0.0037	0.0000	0.0103	0.0106	0.0000	0.0000	0.0000	0.0000						
15	48	0.0431	3	1	2	0	0	0	0	0	0	N	Y	N	N	N	N	N	N	N	N	N	N	0.0000	0.0000	0.0000	0.0000	0.0000	0.0000	0.0000	0.0000	0.0000	0.0000	0.0000	0.0000	0.0000	0.0000	0.0000	0.0039	0.0123	0.0000	0.0316	0.0316	0.0000	0.0006	0.1244	0.0000	0.0000	0.0000	-0.0001	0.0000	3.1828	2.0000	3.1571	0.0000	0.0000	0.0000	0.0000	0.0000	0.0000	0.0000	0.0000	0.0000	0.0001	0.0001	0.0000	0.0001	0.0001	0.0000	0.0000	0.0000	0.0000	0.0000	0.0000	0.0000	0.0000	0.0000	0.0000	0.0000	0.0000	0.0000	0.0363	0.0113	0.0250	0.0038	0.0038	0.0000	0.0325	0.0075	0.0250	0.0000	0.0000	0.0000	0.0000	0.0000	0.0000	0.0000	0.0000	0.0000	0.0039	0.0123	0.0000	0.0316	0.0316	0.0000	0.0006	0.0027	0.0000				
15	49	0.0389	2	0	2	0	0	0	0	0	0	N	Y	N	N	N	N	N	N	N	N	N	N	0.0000	0.0000	0.0000	0.0000	0.0000	0.0000	0.0000	0.0000	0.0000	0.0000	0.0000	0.0000	0.0000	0.0000	0.0000	0.0097	0.0261	0.0000	0.0138	0.0138	0.0000	0.0084	0.8826	0.0000	0.0000	0.0000	-0.0001	0.0000	0.8922	2.0000	1.0748	0.0000	0.0000	0.0000	0.0000	0.0000	0.0000	0.0000	0.0000	0.0000	0.0002	0.0002	0.0000	0.0001	0.0001	0.0000	0.0001	0.0001	0.0000	0.0000	0.0000	0.0000	0.0000	0.0000	0.0000	0.0000	0.0000	0.0000	0.0186	0.0069	0.0117	0.0043	0.0043	0.0000	0.0142	0.0025	0.0117	0.0000	0.0000	0.0000	0.0000	0.0000	0.0000	0.0000	0.0000	0.0000	0.0097	0.0261	0.0000	0.0138	0.0138	0.0000	0.0084	0.0472	0.0000				
15	52	0.1392	4	0	1	0	0	0	0	0	0	N	N	N	N	N	N	N	N	N	N	N	N	0.0000	0.0000	0.0000	0.0000	0.0000	0.0000	0.0000	0.0000	0.0000	0.0000	0.0000	0.0000	0.0000	0.0127	0.0326	0.0000	0.0883	0.0933	0.0000	0.0000	0.0000	0.0000	0.0000	0.0000	-0.0003	0.0000	3.0179	2.0000	1.1627	0.0000	0.0000	0.0000	0.0000	0.0000	0.0000	0.0000	0.0000	0.0000	0.0004	0.0004	0.0000	0.0004	0.0004	0.0000	0.0000	0.0000	0.0000	0.0000	0.0000	0.0000	0.0000	0.0000	0.0000	0.0000	0.0000	0.0000	0.0276	0.0107	0.0169	0.0040	0.0037	0.0002	0.0237	0.0070	0.0167	0.0000	0.0000	0.0000	0.0000	0.0000	0.0000	0.0000	0.0000	0.0000	0.0127	0.0326	0.0000	0.0883	0.0933	0.0000	0.0000	0.0000	0.0000						
15	54	0.1392	4	0	2	0	0	0	0	0	0	N	Y	N	N	N	N	N	N	N	N	N	N	0.0000	0.0000	0.0000	0.0000	0.0000	0.0000	0.0000	0.0000	0.0000	0.0000	0.0000	0.0000	0.0000	0.0074	0.0226	0.0000	0.0853	0.0948	0.0000	0.0000	0.0000	0.0000	0.0000	0.0000	-0.0003	0.0000	2.0683	2.0000	6.9961	0.0000	0.0000	0.0000	0.0000	0.0000	0.0000	0.0000	0.0000	0.0000	0.0004	0.0004	0.0000	0.0004	0.0004	0.0000	0.0000	0.0000	0.0000	0.0000	0.0000	0.0000	0.0000	0.0000	0.0000	0.0000	0.0000	0.0000	0.0475	0.0155	0.0320	0.0041	0.0037	0.0004	0.0434	0.0118	0.0315	0.0000	0.0000	0.0000	0.0000	0.0000	0.0000	0.0000	0.0000	0.0000	0.0074	0.0226	0.0000	0.0853	0.0948	0.0000	0.0000	0.0000	0.0000						
15	55	0.0825	3	0	1	0	0	0	0	0	0	N	N	N	N	N	N	N	N	N	N	N	N	0.0000	0.0000	0.0000	0.0000	0.0000	0.0000	0.0000	0.0000	0.0000	0.0000	0.0000	0.0000	0.0000	0.0000	0.0000	0.0086	0.0251	0.0004	0.0000	0.0000	0.0000	0.0101	0.7697	0.0004	0.0294	0.0000	-0.0003	0.0000	3.9265	2.0000	5.0808	0.0000	0.0000	0.0000	0.0000	0.0000	0.0000	0.0000	0.0000	0.0000	0.0004	0.0003	0.0000	0.0000	0.0000	0.0000	0.0004	0.0003	0.0000	0.0000	0.0000	0.0000	0.0000	0.0000	0.0000	0.0000	0.0000	0.0000	0.0406	0.0136	0.0270	0.0061	0.0040	0.0021	0.0345	0.0095	0.0250	0.0000	0.0000	0.0000	0.0000	0.0000	0.0000	0.0000	0.0000	0.0000	0.0086	0.0251	0.0004	0.0000	0.0000	0.0000	0.0101	0.0357	0.0004				
15	57	0.2176	8	0	2	0	0	0	0	0	0	N	Y	N	N	N	N	N	N	N	N	N	N	0.0000	0.0000	0.0000	0.0000	0.0000	0.0000	0.0000	0.0000	0.0000	0.0000	0.0000	0.0000	0.0000	0.0699	0.1581	0.0000	0.3594	0.3802	0.0000	0.0000	0.0000	0.0000	0.0000	0.0000	-0.0033	0.0000	9.7645	2.0000	7.4558	0.0000	0.0000	0.0000	0.0000	0.0000	0.0000	0.0000	0.0000	0.0000	0.0044	0.0044	0.0000	0.0044	0.0044	0.0000	0.0000	0.0000	0.0000	0.0000	0.0000	0.0000	0.0000	0.0000	0.0000	0.0000	0.0000	0.0000	0.0632	0.0280	0.0353	0.0123	0.0116	0.0007	0.0509	0.0163	0.0346	0.0000	0.0000	0.0000	0.0000	0.0000	0.0000	0.0000	0.0000	0.0000	0.0699	0.1581	0.0000	0.3594	0.3802	0.0000	0.0000	0.0000	0.0000						
15	58	0.2733	9	0	1	1	0	0	0	0	0	N	N	N	N	N	N	N	N	N	N	N	N	0.0000	0.0000	0.0000	0.0000	0.0000	0.0000	0.0000	0.0000	0.0000	0.0000	0.0000	0.0000	0.0000	0.0000	0.0000	0.0000	0.0000	0.0000	0.0000	0.0000	0.0000	1.0009	2.0000	0.0163	0.0000	0.0000	0.0000	0.0000	0.0000	0.0000	0.0000	0.0000	0.0000	0.0000	0.0000	0.0000	0.0000	0.0000	0.0000	0.0000	0.0000	0.0000	0.0000	0.0000	0.0000	0.0000	0.0000	0.0000	0.0000	0.0000	0.0000	0.0034	0.0017	0.0018	0.0008	0.0007	0.0000	0.0027	0.0009	0.0017	0.0000	0.0000	0.0000	0.0000	0.0000	0.0000	0.0000	0.0000	0.0000	0.0000	0.0000	0.0000	0.0000	0.0000	0.0000	0.0000	0.0000	0.0000											
15	59	0.2578	8	0	1	0	0	0	0	0	0	N	N	N	N	N	N	N	N	N	N	N	N	0.0000	0.0000	0.0000	0.0000	0.0000	0.0000	0.0000	0.0000	0.0000	0.0000	0.0000	0.0000	0.0000	0.0014	0.0031	0.0000	0.0067	0.0071	0.0000	0.0000	0.0000	0.0000	0.0000	0.0000	-0.0000	0.0000	1.9961	2.0000	0.0521	0.0000	0.0000	0.0000	0.0000	0.0000	0.0000	0.0000	0.0000	0.0000	0.0000	0.0000	0.0000	0.0000	0.0000	0.0000	0.0000	0.0000	0.0000	0.0000	0.0000	0.0000	0.0000	0.0000	0.0000	0.0000	0.0000	0.0000	0.0070	0.0032	0.0038	0.0015	0.0014	0.0001	0.0055	0.0018	0.0037	0.0000	0.0000	0.0000	0.0000	0.0000	0.0000	0.0000	0.0000	0.0000	0.0014	0.0031	0.0000	0.0067	0.0071	0.0000	0.0000	0.0000	0.0000						
15	60	0.2501	7	0	1	0	0	0	0	0	0	N	N	N	N	N	N	N	N	N	N	N	N	0.0000	0.0000	0.0000	0.0000	0.0000	0.0000	0.0000	0.0000	0.0000	0.0000	0.0000	0.0000	0.0000	0.0000	0.0000	0.0053	0.0115	0.0000	0.0121	0.0128	0.0000	0.0034	0.3287	0.0000	0.0000	0.0000	-0.0000	0.0000	0.0081	2.0000	1.0507	0.0000	0.0000	0.0000	0.0000	0.0000	0.0000	0.0000	0.0000	0.0000	0.0000	0.0000	0.0000	0.0000	0.0000	0.0000	0.0000	0.0000	0.0000	0.0000	0.0000	0.0000	0.0000	0.0000	0.0000	0.0000	0.0000	0.0000	0.0038	0.0017	0.0020	0.0008	0.0008	0.0000	0.0029	0.0010	0.0020	0.0000	0.0000	0.0000	0.0000	0.0000	0.0000	0.0000	0.0000	0.0000	0.0053	0.0115	0.0000	0.0121	0.0128	0.0000	0.0034	0.0105	0.0000				
15	61	0.2013	6	0	1	0	0	0	0	0	0	N	N	N	N	N	N	N	N	N	N	N	N	0.0000	0.0000	0.0000	0.0000	0.0000	0.0000	0.0000	0.0000	0.0000	0.0000	0.0000	0.0000	0.0000	0.0000	0.0000	0.0073	0.0169	0.0000	0.0305	0.0314	0.0000	0.0004	0.0619	0.0000	0.0000	0.0000	-0.0002	0.0000	3.0167	2.0000	3.2580	0.0000	0.0000	0.0000	0.0000	0.0000	0.0000	0.0000	0.0000	0.0000	0.0002	0.0002	0.0000	0.0002	0.0002	0.0000	0.0000	0.0000	0.0000	0.0000	0.0000	0.0000	0.0000	0.0000	0.0000	0.0000	0.0000	0.0000	0.0328	0.0142	0.0186	0.0075	0.0073	0.0002	0.0252	0.0069	0.0183	0.0000	0.0000	0.0000	0.0000	0.0000	0.0000	0.0000	0.0000	0.0000	0.0073	0.0169	0.0000	0.0305	0.0314	0.0000	0.0004	0.0014	0.0000				
15	62	0.1265	5	0	2	0	0	0	0	0	0	N	Y	N	N	N	N	N	N	N	N	N	N	0.0000	0.0000	0.0000	0.0000	0.0000	0.0000	0.0000	0.0000	0.0000	0.0000	0.0000	0.0000	0.0000	0.0100	0.0244	0.0000	0.0359	0.0439	0.0000	0.0000	0.0000	0.0000	0.0000	0.0000	-0.0003	0.0000	3.3327	2.0000	4.3103	0.0000	0.0000	0.0000	0.0000	0.0000	0.0000	0.0000	0.0000	0.0000	0.0004	0.0004	0.0000	0.0004	0.0004	0.0000	0.0000	0.0000	0.0000	0.0000	0.0000	0.0000	0.0000	0.0000	0.0000	0.0000	0.0000	0.0000	0.0372	0.0151	0.0220	0.0103	0.0084	0.0019	0.0269	0.0067	0.0201	0.0000	0.0000	0.0000	0.0000	0.0000	0.0000	0.0000	0.0000	0.0000	0.0100	0.0244	0.0000	0.0359	0.0439	0.0000	0.0000	0.0000	0.0000						
15	63	0.1025	4	0	1	0	0	0	0	0	0	N	N	N	N	N	N	N	N	N	N	N	N	0.0000	0.0000	0.0000	0.0000	0.0000	0.0000	0.0000	0.0000	0.0000	0.0000	0.0000	0.0000	0.0000	0.0000	0.0000	0.0141	0.0353	0.0000	0.0015	0.0019	0.0000	0.0183	0.9249	0.0000	0.0000	0.0000	-0.0003	0.0000	3.2669	2.0000	2.4507	0.0000	0.0000	0.0000	0.0000	0.0000	0.0000	0.0000	0.0000	0.0000	0.0004	0.0004	0.0000	0.0000	0.0000	0.0000	0.0004	0.0004	0.0000	0.0000	0.0000	0.0000	0.0000	0.0000	0.0000	0.0000	0.0000	0.0000	0.0270	0.0108	0.0162	0.0067	0.0053	0.0015	0.0203	0.0055	0.0148	0.0000	0.0000	0.0000	0.0000	0.0000	0.0000	0.0000	0.0000	0.0000	0.0141	0.0353	0.0000	0.0015	0.0019	0.0000	0.0183	0.0672	0.0000				
15	64	0.0460	4	1	1	1	0	0	0	0	0	N	N	N	N	N	N	N	N	N	N	N	N	0.0000	0.0000	0.0000	0.0000	0.0000	0.0000	0.0000	0.0000	0.0000	0.0000	0.0000	0.0000	0.0000	0.0000	0.0000	0.0000	0.0000	0.0000	0.0000	0.0000	0.0000	0.0000	2.0000	1.0000	0.0000	0.0000	0.0000	0.0000	0.0000	0.0000	0.0000	0.0000	0.0000	0.0000	0.0000	0.0000	0.0000	0.0000	0.0000	0.0000	0.0000	0.0000	0.0000	0.0000	0.0000	0.0000	0.0000	0.0000	0.0000	0.0000	0.0000	0.0057	0.0013	0.0044	0.0000	0.0000	0.0000	0.0057	0.0013	0.0044	0.0000	0.0000	0.0000	0.0000	0.0000	0.0000	0.0000	0.0000	0.0000	0.0000	0.0000	0.0000	0.0000	0.0000	0.0000	0.0000	0.0000	0.0000											
15	65	0.0460	3	1	1	1	0	0	0	0	0	N	N	N	N	N	N	N	N	N	N	N	N	0.0000	0.0000	0.0000	0.0000	0.0000	0.0000	0.0000	0.0000	0.0000	0.0000	0.0000	0.0000	0.0000	0.0000	0.0000	0.0000	0.0000	0.0000	0.0000	0.0000	0.0000	0.0000	2.0000	0.0001	0.0000	0.0000	0.0000	0.0000	0.0000	0.0000	0.0000	0.0000	0.0000	0.0000	0.0000	0.0000	0.0000	0.0000	0.0000	0.0000	0.0000	0.0000	0.0000	0.0000	0.0000	0.0000	0.0000	0.0000	0.0000	0.0000	0.0000	0.0000	0.0000	0.0000	0.0000	0.0000	0.0000	0.0000	0.0000	0.0000	0.0000	0.0000	0.0000	0.0000	0.0000	0.0000	0.0000	0.0000	0.0000	0.0000	0.0000	0.0000	0.0000	0.0000	0.0000	0.0000	0.0000	0.0000											
15	66	0.0337	2	1	1	1	0	0	0	0	0	N	N	N	N	N	N	N	N	N	N	N	N	0.0000	0.0000	0.0000	0.0000	0.0000	0.0000	0.0000	0.0000	0.0000	0.0000	0.0000	0.0000	0.0000	0.0007	0.0022	0.0000	0.0052	0.0052	0.0000	0.0000	0.0000	0.0000	0.0000	0.0000	-0.0000	0.0000	1.9720	2.0000	0.0923	0.0000	0.0000	0.0000	0.0000	0.0000	0.0000	0.0000	0.0000	0.0000	0.0000	0.0000	0.0000	0.0000	0.0000	0.0000	0.0000	0.0000	0.0000	0.0000	0.0000	0.0000	0.0000	0.0000	0.0000	0.0000	0.0000	0.0000	0.0153	0.0047	0.0106	0.0019	0.0019	0.0000	0.0133	0.0027	0.0106	0.0000	0.0000	0.0000	0.0000	0.0000	0.0000	0.0000	0.0000	0.0000	0.0007	0.0022	0.0000	0.0052	0.0052	0.0000	0.0000	0.0000	0.0000						
15	68	0.1601	5	0	2	0	1	0	0	0	0	N	Y	N	N	N	N	N	N	N	N	N	N	0.0000	0.0000	0.0000	0.0000	0.0000	0.0000	0.0000	0.0000	0.0000	0.0000	0.0000	0.0000	0.0000	0.0057	0.0158	0.0000	0.0501	0.0516	0.0000	0.0000	0.0000	0.0000	0.0000	0.0000	-0.0001	0.0000	2.7513	2.0000	4.0954	0.0000	0.0000	0.0000	0.0000	0.0000	0.0000	0.0000	0.0000	0.0000	0.0002	0.0002	0.0000	0.0002	0.0002	0.0000	0.0000	0.0000	0.0000	0.0000	0.0000	0.0000	0.0000	0.0000	0.0000	0.0000	0.0000	0.0000	0.0334	0.0120	0.0214	0.0038	0.0037	0.0001	0.0296	0.0084	0.0213	0.0000	0.0000	0.0000	0.0000	0.0000	0.0000	0.0000	0.0000	0.0000	0.0057	0.0158	0.0000	0.0501	0.0516	0.0000	0.0000	0.0000	0.0000						
15	69	0.0825	3	0	2	0	0	0	0	0	0	N	Y	N	N	N	N	N	N	N	N	N	N	0.0000	0.0000	0.0000	0.0000	0.0000	0.0000	0.0000	0.0000	0.0000	0.0000	0.0000	0.0000	0.0000	0.0000	0.0000	0.0000	0.0000	0.0000	0.0000	0.0000	0.0000	9.9334	2.0000	8.9999	0.0000	0.0000	0.0000	0.0000	0.0000	0.0000	0.0000	0.0000	0.0000	0.0000	0.0000	0.0000	0.0000	0.0000	0.0000	0.0000	0.0000	0.0000	0.0000	0.0000	0.0000	0.0000	0.0000	0.0000	0.0000	0.0000	0.0000	0.0729	0.0245	0.0484	0.0103	0.0067	0.0037	0.0625	0.0178	0.0447	0.0000	0.0000	0.0000	0.0000	0.0000	0.0000	0.0000	0.0000	0.0000	0.0000	0.0000	0.0000	0.0000	0.0000	0.0000	0.0000	0.0000	0.0000											
15	70	0.0825	3	0	2	0	0	0	0	0	0	N	Y	N	N	N	N	N	N	N	N	N	N	0.0000	0.0000	0.0000	0.0000	0.0000	0.0000	0.0000	0.0000	0.0000	0.0000	0.0000	0.0000	0.0000	0.0000	0.0000	0.0000	0.0000	0.0000	0.0000	0.0000	0.0000	0.0666	2.0000	4.0001	0.0000	0.0000	0.0000	0.0000	0.0000	0.0000	0.0000	0.0000	0.0000	0.0000	0.0000	0.0000	0.0000	0.0000	0.0000	0.0000	0.0000	0.0000	0.0000	0.0000	0.0000	0.0000	0.0000	0.0000	0.0000	0.0000	0.0000	0.0199	0.0066	0.0133	0.0031	0.0021	0.0010	0.0168	0.0046	0.0123	0.0000	0.0000	0.0000	0.0000	0.0000	0.0000	0.0000	0.0000	0.0000	0.0000	0.0000	0.0000	0.0000	0.0000	0.0000	0.0000	0.0000	0.0000											
15	74	0.1025	4	0	2	0	0	0	0	0	0	N	Y	N	N	N	N	N	N	N	N	N	N	0.0000	0.0000	0.0000	0.0000	0.0000	0.0000	0.0000	0.0000	0.0000	0.0000	0.0000	0.0000	0.0000	0.0003	0.0009	0.0000	0.0014	0.0018	0.0000	0.0000	0.0000	0.0000	0.0000	0.0000	-0.0000	0.0000	1.8678	2.0000	4.6278	0.0000	0.0000	0.0000	0.0000	0.0000	0.0000	0.0000	0.0000	0.0000	0.0000	0.0000	0.0000	0.0000	0.0000	0.0000	0.0000	0.0000	0.0000	0.0000	0.0000	0.0000	0.0000	0.0000	0.0000	0.0000	0.0000	0.0000	0.0297	0.0117	0.0180	0.0072	0.0056	0.0016	0.0225	0.0061	0.0164	0.0000	0.0000	0.0000	0.0000	0.0000	0.0000	0.0000	0.0000	0.0000	0.0003	0.0009	0.0000	0.0014	0.0018	0.0000	0.0000	0.0000	0.0000						
15	75	0.0825	3	0	1	0	0	0	0	0	0	N	N	N	N	N	N	N	N	N	N	N	N	0.0000	0.0000	0.0000	0.0000	0.0000	0.0000	0.0000	0.0000	0.0000	0.0000	0.0000	0.0000	0.0000	0.0004	0.0012	0.0000	0.0000	0.0000	0.0000	0.0005	0.0694	0.0000	0.0000	0.0000	-0.0000	0.0000	4.7010	2.0000	0.6064	0.0000	0.0000	0.0000	0.0000	0.0000	0.0000	0.0000	0.0000	0.0000	0.0000	0.0000	0.0000	0.0000	0.0000	0.0000	0.0000	0.0000	0.0000	0.0000	0.0000	0.0000	0.0000	0.0000	0.0000	0.0000	0.0000	0.0000	0.0255	0.0085	0.0170	0.0039	0.0026	0.0013	0.0215	0.0059	0.0157	0.0000	0.0000	0.0000	0.0000	0.0000	0.0000	0.0000	0.0000	0.0000	0.0004	0.0012	0.0000	0.0000	0.0000	0.0000	0.0005	0.0017	0.0000						
15	78	0.2062	7	1	2	0	1	0	0	0	0	N	Y	N	N	N	N	N	N	N	N	N	N	0.0000	0.0000	0.0000	0.0000	0.0000	0.0000	0.0000	0.0000	0.0000	0.0000	0.0000	0.0000	0.0000	0.0007	0.0024	0.0000	0.0085	0.0135	0.0000	0.0000	0.0000	0.0000	0.0000	0.0000	-0.0000	0.0000	1.0000	2.0000	2.0144	0.0000	0.0000	0.0000	0.0000	0.0000	0.0000	0.0000	0.0000	0.0000	0.0000	0.0000	0.0000	0.0000	0.0000	0.0000	0.0000	0.0000	0.0000	0.0000	0.0000	0.0000	0.0000	0.0000	0.0000	0.0000	0.0000	0.0000	0.0136	0.0041	0.0095	0.0012	0.0007	0.0004	0.0125	0.0034	0.0091	0.0000	0.0000	0.0000	0.0000	0.0000	0.0000	0.0000	0.0000	0.0000	0.0007	0.0024	0.0000	0.0085	0.0135	0.0000	0.0000	0.0000	0.0000						
15	79	0.1839	6	1	2	0	1	0	0	0	0	N	Y	N	N	N	N	N	N	N	N	N	N	0.0000	0.0000	0.0000	0.0000	0.0000	0.0000	0.0000	0.0000	0.0000	0.0000	0.0000	0.0000	0.0000	0.0007	0.0025	0.0000	0.0000	0.0000	0.0000	0.0008	0.1413	0.0000	0.0000	0.0000	-0.0000	0.0000	0.0001	2.0000	3.0180	0.0000	0.0000	0.0000	0.0000	0.0000	0.0000	0.0000	0.0000	0.0000	0.0000	0.0000	0.0000	0.0000	0.0000	0.0000	0.0000	0.0000	0.0000	0.0000	0.0000	0.0000	0.0000	0.0000	0.0000	0.0000	0.0000	0.0000	0.0135	0.0041	0.0095	0.0011	0.0006	0.0004	0.0125	0.0034	0.0091	0.0000	0.0000	0.0000	0.0000	0.0000	0.0000	0.0000	0.0000	0.0000	0.0007	0.0025	0.0000	0.0000	0.0000	0.0000	0.0008	0.0029	0.0000						
15	80	0.2059	8	0	2	0	1	0	0	0	0	N	Y	N	N	N	N	N	N	N	N	N	N	0.0000	0.0000	0.0000	0.0000	0.0000	0.0000	0.0000	0.0000	0.0000	0.0000	0.0000	0.0000	0.0000	0.0000	0.0000	0.0000	0.0000	0.0000	0.0000	0.0000	0.0000	0.0000	2.0000	0.0000	0.0000	0.0000	0.0000	0.0000	0.0000	0.0000	0.0000	0.0000	0.0000	0.0000	0.0000	0.0000	0.0000	0.0000	0.0000	0.0000	0.0000	0.0000	0.0000	0.0000	0.0000	0.0000	0.0000	0.0000	0.0000	0.0000	0.0000	0.0000	0.0000	0.0000	0.0000	0.0000	0.0000	0.0000	0.0000	0.0000	0.0000	0.0000	0.0000	0.0000	0.0000	0.0000	0.0000	0.0000	0.0000	0.0000	0.0000	0.0000	0.0000	0.0000	0.0000	0.0000	0.0000	0.0000											
15	81	0.1839	6	0	1	1	1	0	0	0	0	N	N	N	N	N	N	N	N	N	N	N	N	0.0000	0.0000	0.0000	0.0000	0.0000	0.0000	0.0000	0.0000	0.0000	0.0000	0.0000	0.0000	0.0000	0.0000	0.0000	0.0000	0.0000	0.0000	0.0000	0.0000	0.0000	2.0000	2.0000	0.0000	0.0000	0.0000	0.0000	0.0000	0.0000	0.0000	0.0000	0.0000	0.0000	0.0000	0.0000	0.0000	0.0000	0.0000	0.0000	0.0000	0.0000	0.0000	0.0000	0.0000	0.0000	0.0000	0.0000	0.0000	0.0000	0.0000	0.0000	0.0091	0.0027	0.0064	0.0007	0.0004	0.0003	0.0084	0.0023	0.0061	0.0000	0.0000	0.0000	0.0000	0.0000	0.0000	0.0000	0.0000	0.0000	0.0000	0.0000	0.0000	0.0000	0.0000	0.0000	0.0000	0.0000	0.0000											
15	82	0.1839	6	0	1	1	1	0	0	0	0	N	N	N	N	N	N	N	N	N	N	N	N	0.0000	0.0000	0.0000	0.0000	0.0000	0.0000	0.0000	0.0000	0.0000	0.0000	0.0000	0.0000	0.0000	56.5665	0.0000	80.8356	0.0000	0.0000	0.0000	61.4276	0.0000	84.6217	inf	0.0000	0.2511	0.0000	0.0000	2.0000	4.0000	0.0000	0.0000	0.0000	0.0000	0.0000	0.0000	0.0000	0.0000	0.0000	1.0000	0.0000	1.0000	0.0000	0.0000	0.0000	1.0000	0.0000	1.0000	0.0000	0.0000	0.0000	0.0000	0.0000	0.0000	0.0000	0.0000	0.0000	0.0177	0.0053	0.0124	0.0014	0.0008	0.0006	0.0163	0.0045	0.0118	0.0000	0.0000	0.0000	0.0000	0.0000	0.0000	0.0000	0.0000	0.0000	56.5665	0.0000	80.8356	0.0000	0.0000	0.0000	61.4276	0.0000	84.6217						
15	83	0.2059	8	0	1	1	1	0	0	0	0	N	N	N	N	N	N	N	N	N	N	N	N	0.0000	0.0000	0.0000	0.0000	0.0000	0.0000	0.0000	0.0000	0.0000	0.0000	0.0000	0.0000	0.0000	0.0000	0.0000	0.0000	0.0000	0.0000	0.0000	0.0000	0.0000	0.0000	2.0000	2.0000	0.0000	0.0000	0.0000	0.0000	0.0000	0.0000	0.0000	0.0000	0.0000	0.0000	0.0000	0.0000	0.0000	0.0000	0.0000	0.0000	0.0000	0.0000	0.0000	0.0000	0.0000	0.0000	0.0000	0.0000	0.0000	0.0000	0.0000	0.0090	0.0026	0.0064	0.0006	0.0003	0.0003	0.0084	0.0023	0.0061	0.0000	0.0000	0.0000	0.0000	0.0000	0.0000	0.0000	0.0000	0.0000	0.0000	0.0000	0.0000	0.0000	0.0000	0.0000	0.0000	0.0000	0.0000											
15	84	0.1986	7	0	1	0	1	0	0	0	0	N	N	N	N	N	N	N	N	N	N	N	N	0.0000	0.0000	0.0000	0.0000	0.0000	0.0000	0.0000	0.0000	0.0000	0.0000	0.0000	0.0000	0.0000	0.0467	0.1582	0.0000	0.5577	0.9558	0.0000	0.0000	0.0000	0.0000	0.0000	0.0000	-0.0002	0.0000	1.0000	2.0000	0.0015	0.0000	0.0000	0.0000	0.0000	0.0000	0.0000	0.0000	0.0000	0.0000	0.0002	0.0002	0.0000	0.0002	0.0002	0.0000	0.0000	0.0000	0.0000	0.0000	0.0000	0.0000	0.0000	0.0000	0.0000	0.0000	0.0000	0.0000	0.0047	0.0014	0.0033	0.0004	0.0002	0.0002	0.0043	0.0012	0.0032	0.0000	0.0000	0.0000	0.0000	0.0000	0.0000	0.0000	0.0000	0.0000	0.0467	0.1582	0.0000	0.5577	0.9558	0.0000	0.0000	0.0000	0.0000						
15	85	0.1839	6	0	1	0	1	0	0	0	0	N	N	N	N	N	N	N	N	N	N	N	N	0.0000	0.0000	0.0000	0.0000	0.0000	0.0000	0.0000	0.0000	0.0000	0.0000	0.0000	0.0000	0.0000	0.0241	0.0808	0.0000	0.0000	0.0000	0.0000	0.0262	1.0227	0.0000	0.0000	0.0000	-0.0002	0.0000	0.0000	2.0000	2.0013	0.0000	0.0000	0.0000	0.0000	0.0000	0.0000	0.0000	0.0000	0.0000	0.0002	0.0002	0.0000	0.0000	0.0000	0.0000	0.0002	0.0002	0.0000	0.0000	0.0000	0.0000	0.0000	0.0000	0.0000	0.0000	0.0000	0.0000	0.0091	0.0027	0.0064	0.0007	0.0004	0.0003	0.0084	0.0023	0.0061	0.0000	0.0000	0.0000	0.0000	0.0000	0.0000	0.0000	0.0000	0.0000	0.0241	0.0808	0.0000	0.0000	0.0000	0.0000	0.0262	0.0961	0.0000						
15	86	0.2238	6	1	2	0	0	0	0	0	0	N	Y	N	N	N	N	N	N	N	N	N	N	0.0000	0.0000	0.0000	0.0000	0.0000	0.0000	0.0000	0.0000	0.0000	0.0000	0.0000	0.0000	0.0000	0.0019	0.0039	0.0000	0.0059	0.0061	0.0000	0.0000	0.0000	0.0000	0.0000	0.0000	-0.0000	0.0000	0.0007	2.0000	0.9812	0.0000	0.0000	0.0000	0.0000	0.0000	0.0000	0.0000	0.0000	0.0000	0.0000	0.0000	0.0000	0.0000	0.0000	0.0000	0.0000	0.0000	0.0000	0.0000	0.0000	0.0000	0.0000	0.0000	0.0000	0.0000	0.0000	0.0000	0.0105	0.0051	0.0054	0.0034	0.0033	0.0002	0.0071	0.0018	0.0053	0.0000	0.0000	0.0000	0.0000	0.0000	0.0000	0.0000	0.0000	0.0000	0.0019	0.0039	0.0000	0.0059	0.0061	0.0000	0.0000	0.0000	0.0000						
15	87	0.1680	5	1	2	0	0	0	0	0	0	N	Y	N	N	N	N	N	N	N	N	N	N	0.0000	0.0000	0.0000	0.0000	0.0000	0.0000	0.0000	0.0000	0.0000	0.0000	0.0000	0.0000	0.0000	0.0000	0.0000	0.0036	0.0116	0.0000	0.0345	0.0539	0.0000	0.0007	0.1194	0.0000	0.0000	0.0000	-0.0001	0.0000	5.0272	2.0000	2.1572	0.0000	0.0000	0.0000	0.0000	0.0000	0.0000	0.0000	0.0000	0.0000	0.0001	0.0001	0.0000	0.0001	0.0001	0.0000	0.0000	0.0000	0.0000	0.0000	0.0000	0.0000	0.0000	0.0000	0.0000	0.0000	0.0000	0.0000	0.0307	0.0095	0.0212	0.0026	0.0017	0.0009	0.0281	0.0078	0.0203	0.0000	0.0000	0.0000	0.0000	0.0000	0.0000	0.0000	0.0000	0.0000	0.0036	0.0116	0.0000	0.0345	0.0539	0.0000	0.0007	0.0026	0.0000				
15	88	0.2213	7	0	2	0	0	0	0	0	0	N	Y	N	N	N	N	N	N	N	N	N	N	0.0000	0.0000	0.0000	0.0000	0.0000	0.0000	0.0000	0.0000	0.0000	0.0000	0.0000	0.0000	0.0000	0.0000	0.0000	0.0000	0.0000	0.0000	0.0000	0.0000	0.0000	0.0000	2.0000	4.0000	0.0000	0.0000	0.0000	0.0000	0.0000	0.0000	0.0000	0.0000	0.0000	0.0000	0.0000	0.0000	0.0000	0.0000	0.0000	0.0000	0.0000	0.0000	0.0000	0.0000	0.0000	0.0000	0.0000	0.0000	0.0000	0.0000	0.0000	0.0178	0.0055	0.0123	0.0019	0.0013	0.0006	0.0159	0.0042	0.0116	0.0000	0.0000	0.0000	0.0000	0.0000	0.0000	0.0000	0.0000	0.0000	0.0000	0.0000	0.0000	0.0000	0.0000	0.0000	0.0000	0.0000	0.0000											
15	89	0.1839	6	0	2	0	0	0	0	0	0	N	Y	N	N	N	N	N	N	N	N	N	N	0.0000	0.0000	0.0000	0.0000	0.0000	0.0000	0.0000	0.0000	0.0000	0.0000	0.0000	0.0000	0.0000	0.0000	0.0000	0.0000	0.0000	0.0000	0.0000	0.0000	0.0000	3.0000	2.0000	2.0000	0.0000	0.0000	0.0000	0.0000	0.0000	0.0000	0.0000	0.0000	0.0000	0.0000	0.0000	0.0000	0.0000	0.0000	0.0000	0.0000	0.0000	0.0000	0.0000	0.0000	0.0000	0.0000	0.0000	0.0000	0.0000	0.0000	0.0000	0.0218	0.0066	0.0152	0.0017	0.0010	0.0007	0.0200	0.0055	0.0145	0.0000	0.0000	0.0000	0.0000	0.0000	0.0000	0.0000	0.0000	0.0000	0.0000	0.0000	0.0000	0.0000	0.0000	0.0000	0.0000	0.0000	0.0000											
15	90	0.1839	6	1	2	0	0	0	0	0	0	N	Y	N	N	N	N	N	N	N	N	N	N	0.0000	0.0000	0.0000	0.0000	0.0000	0.0000	0.0000	0.0000	0.0000	0.0000	0.0000	0.0000	0.0000	0.0000	0.0000	0.0000	0.0000	0.0000	0.0000	0.0000	0.0000	2.0000	2.0000	3.0000	0.0000	0.0000	0.0000	0.0000	0.0000	0.0000	0.0000	0.0000	0.0000	0.0000	0.0000	0.0000	0.0000	0.0000	0.0000	0.0000	0.0000	0.0000	0.0000	0.0000	0.0000	0.0000	0.0000	0.0000	0.0000	0.0000	0.0000	0.0218	0.0066	0.0152	0.0017	0.0010	0.0007	0.0200	0.0055	0.0145	0.0000	0.0000	0.0000	0.0000	0.0000	0.0000	0.0000	0.0000	0.0000	0.0000	0.0000	0.0000	0.0000	0.0000	0.0000	0.0000	0.0000	0.0000											
15	91	0.1680	5	0	1	0	0	0	0	0	0	N	N	N	N	N	N	N	N	N	N	N	N	0.0000	0.0000	0.0000	0.0000	0.0000	0.0000	0.0000	0.0000	0.0000	0.0000	0.0000	0.0000	0.0000	0.0089	0.0283	0.0000	0.0901	0.1292	0.0000	0.0000	0.0000	0.0000	0.0000	0.0000	-0.0001	0.0000	2.0705	2.0000	0.0351	0.0000	0.0000	0.0000	0.0000	0.0000	0.0000	0.0000	0.0000	0.0000	0.0001	0.0001	0.0000	0.0001	0.0001	0.0000	0.0000	0.0000	0.0000	0.0000	0.0000	0.0000	0.0000	0.0000	0.0000	0.0000	0.0000	0.0000	0.0101	0.0032	0.0069	0.0010	0.0007	0.0003	0.0091	0.0025	0.0066	0.0000	0.0000	0.0000	0.0000	0.0000	0.0000	0.0000	0.0000	0.0000	0.0089	0.0283	0.0000	0.0901	0.1292	0.0000	0.0000	0.0000	0.0000						
15	92	0.1426	4	0	1	0	0	0	0	0	0	N	N	N	N	N	N	N	N	N	N	N	N	0.0000	0.0000	0.0000	0.0000	0.0000	0.0000	0.0000	0.0000	0.0000	0.0000	0.0000	0.0000	0.0000	0.0000	0.0000	0.0127	0.0360	0.0000	0.0588	0.0742	0.0000	0.0057	0.5378	0.0000	0.0000	0.0000	-0.0002	0.0000	3.4249	2.0000	0.1413	0.0000	0.0000	0.0000	0.0000	0.0000	0.0000	0.0000	0.0000	0.0000	0.0002	0.0002	0.0000	0.0001	0.0001	0.0000	0.0001	0.0001	0.0000	0.0000	0.0000	0.0000	0.0000	0.0000	0.0000	0.0000	0.0000	0.0000	0.0181	0.0064	0.0117	0.0024	0.0019	0.0005	0.0158	0.0045	0.0113	0.0000	0.0000	0.0000	0.0000	0.0000	0.0000	0.0000	0.0000	0.0000	0.0127	0.0360	0.0000	0.0588	0.0742	0.0000	0.0057	0.0200	0.0000				
15	98	0.2795	9	0	1	0	0	0	0	0	0	N	N	N	N	N	N	N	N	N	N	N	N	0.0000	0.0000	0.0000	0.0000	0.0000	0.0000	0.0000	0.0000	0.0000	0.0000	0.0000	0.0000	0.0000	0.0000	0.0000	0.0000	0.0000	9.2485	0.2965	20.2337	0.6501	0.5274	13.3460	13.4484	0.0000	20.9821	55.6074	0.0000	0.1673	0.0000	4.9999	2.0000	9.0821	0.0000	0.0000	0.0000	0.0000	0.0000	0.0000	0.0000	0.0000	0.0000	0.7167	0.0127	0.7040	0.0165	0.0127	0.0039	0.7001	0.0000	0.7001	0.0000	0.0000	0.0000	0.0000	0.0000	0.0000	0.0000	0.0000	0.0000	0.0775	0.0427	0.0348	0.0254	0.0240	0.0014	0.0521	0.0187	0.0334	0.0000	0.0000	0.0000	0.0000	0.0000	0.0000	0.0000	0.0000	0.0000	9.2485	0.2965	20.2337	0.6501	0.5274	2.7149	13.4484	0.0000	20.9821		
16	17	0.2311	8	1	2	0	1	0	0	0	0	N	Y	N	N	N	N	N	N	N	N	N	N	0.0000	0.0000	0.0000	0.0000	0.0000	0.0000	0.0000	0.0000	0.0000	0.0000	0.0000	0.0000	0.0000	0.0000	0.0000	0.0000	0.0025	0.0057	0.0000	0.0104	0.0119	0.0000	0.0000	0.0000	0.0000	0.0004	0.0000	-0.0000	2.0000	0.0017	2.0010	0.9948	0.0000	0.0000	0.0000	0.0000	0.0000	0.0000	0.0000	0.0000	0.0000	0.0000	0.0000	0.0000	0.0000	0.0000	0.0000	0.0000	0.0000	0.0000	0.0002	0.0002	0.0000	0.0001	0.0001	0.0000	0.0001	0.0001	0.0000	0.0117	0.0050	0.0067	0.0028	0.0024	0.0003	0.0089	0.0026	0.0063	0.0000	0.0000	0.0000	0.0000	0.0000	0.0000	0.0000	0.0000	0.0000	0.0025	0.0057	0.0000	0.0104	0.0119	0.0000	0.0000	0.0000	0.0000			
16	18	0.0816	3	0	2	0	1	0	0	0	0	N	Y	N	N	N	N	N	N	N	N	N	N	0.0000	0.0000	0.0000	0.0000	0.0000	0.0000	0.0000	0.0000	0.0000	0.0000	0.0000	0.0000	0.0000	0.0000	0.0000	0.0000	0.0000	0.0000	0.0000	0.0000	2.0000	0.0000	2.0010	0.0000	0.0000	0.0000	0.0000	0.0000	0.0000	0.0000	0.0000	0.0000	0.0000	0.0000	0.0000	0.0000	0.0000	0.0000	0.0000	0.0000	0.0000	0.0000	0.0000	0.0000	0.0000	0.0000	0.0000	0.0000	0.0000	0.0000	0.0000	0.0000	0.0000	0.0000	0.0000	0.0000	0.0000	0.0000	0.0000	0.0000	0.0000	0.0000	0.0000	0.0000	0.0000	0.0000	0.0000	0.0000	0.0000	0.0000	0.0000	0.0000	0.0000	0.0000	0.0000	0.0000	0.0000	0.0000											
16	19	0.1456	5	0	1	0	2	0	0	0	0	N	N	N	Y	N	N	N	N	N	N	N	N	0.0000	0.0000	0.0000	0.0000	0.0000	0.0000	0.0000	0.0000	0.0000	0.0000	0.0000	0.0000	0.0000	0.0000	0.0000	0.0000	0.0000	0.0000	0.0000	0.0000	2.0000	3.0666	2.0010	4.9999	0.0000	0.0000	0.0000	0.0000	0.0000	0.0000	0.0000	0.0000	0.0000	0.0000	0.0000	0.0000	0.0000	0.0000	0.0000	0.0000	0.0000	0.0000	0.1474	0.1305	0.0170	0.0369	0.0347	0.0022	0.1105	0.0958	0.0148	0.0986	0.0326	0.0659	0.0052	0.0029	0.0023	0.0934	0.0298	0.0636	0.0000	0.0000	0.0000	0.0000	0.0000	0.0000	0.0000	0.0000	0.0000	0.0000	0.0000	0.0000	0.0000	0.0000	0.0000	0.0000	0.0000	0.0000											
16	20	0.2377	8	1	1	1	1	0	0	0	0	N	N	N	N	N	N	N	N	N	N	N	N	0.0000	0.0000	0.0000	0.0000	0.0000	0.0000	0.0000	0.0000	0.0000	0.0000	0.0000	0.0000	0.0000	0.0000	0.0000	0.0000	0.0392	0.1101	0.0000	0.1996	0.2249	0.0000	0.0000	0.0000	0.0000	0.0000	0.0000	-0.0000	-0.0008	2.0000	0.9718	2.0010	0.9404	0.0000	0.0000	0.0000	0.0000	0.0000	0.0000	0.0000	0.0000	0.0000	0.0010	0.0010	0.0000	0.0010	0.0010	0.0000	0.0000	0.0000	0.0000	0.0459	0.0409	0.0050	0.0139	0.0132	0.0007	0.0320	0.0277	0.0043	0.0256	0.0091	0.0165	0.0050	0.0045	0.0006	0.0206	0.0047	0.0159	0.0000	0.0000	0.0000	0.0000	0.0000	0.0000	0.0000	0.0000	0.0000	0.0392	0.1101	0.0000	0.1996	0.2249	0.0000	0.0000	0.0000	0.0000		
16	21	0.1931	7	0	2	0	1	0	0	0	0	N	Y	N	N	N	N	N	N	N	N	N	N	0.0000	0.0000	0.0000	0.0000	0.0000	0.0000	0.0000	0.0000	0.0000	0.0000	0.0000	0.0000	0.0000	0.0000	0.0000	0.0000	0.0000	0.0011	0.0024	0.0000	0.0047	0.0055	0.0000	0.0000	0.0000	0.0000	0.0059	0.0000	-0.0000	2.0000	0.9958	2.0010	0.0079	0.0000	0.0000	0.0000	0.0000	0.0000	0.0000	0.0000	0.0000	0.0000	0.0000	0.0000	0.0000	0.0000	0.0000	0.0000	0.0000	0.0000	0.0000	0.0640	0.0568	0.0072	0.0232	0.0212	0.0020	0.0408	0.0356	0.0052	0.0097	0.0044	0.0054	0.0022	0.0019	0.0003	0.0075	0.0025	0.0050	0.0000	0.0000	0.0000	0.0000	0.0000	0.0000	0.0000	0.0000	0.0000	0.0011	0.0024	0.0000	0.0047	0.0055	0.0000	0.0000	0.0000	0.0000		
16	22	0.1496	7	0	2	0	1	0	0	0	0	N	Y	N	N	N	N	N	N	N	N	N	N	0.0741	0.0373	0.0000	0.0650	0.0618	0.0000	0.0000	0.0000	0.0003	0.0003	0.0000	0.0011	0.0012	0.0000	0.0000	0.0000	0.0000	0.0041	0.0091	0.0000	0.0167	0.0188	0.0000	0.0000	0.0000	0.0000	0.0000	0.0004	-0.0000	-0.0003	2.0000	4.0220	2.0010	5.3698	0.0001	0.0001	0.0000	0.0001	0.0001	0.0000	0.0000	0.0000	0.0000	0.0004	0.0004	0.0000	0.0004	0.0004	0.0000	0.0000	0.0000	0.0000	0.2326	0.2070	0.0256	0.0646	0.0601	0.0045	0.1680	0.1469	0.0211	0.1027	0.0460	0.0567	0.0250	0.0222	0.0029	0.0777	0.0239	0.0538	0.0741	0.0373	0.0000	0.0650	0.0618	0.0000	0.0000	0.0000	0.0000	0.0041	0.0091	0.0000	0.0167	0.0188	0.0000	0.0000	0.0000	0.0000	
16	23	0.2161	7	1	2	0	1	0	0	0	0	N	Y	N	N	N	N	N	N	N	N	N	N	0.0000	0.0000	0.0000	0.0000	0.0000	0.0000	0.0000	0.0000	0.0000	0.0000	0.0000	0.0000	0.0000	0.0000	0.0000	0.0000	0.0000	0.0000	0.0000	0.0000	2.0000	0.0000	2.0010	3.0000	0.0000	0.0000	0.0000	0.0000	0.0000	0.0000	0.0000	0.0000	0.0000	0.0000	0.0000	0.0000	0.0000	0.0000	0.0000	0.0000	0.0000	0.0000	0.0000	0.0000	0.0000	0.0000	0.0000	0.0000	0.0000	0.0000	0.0000	0.0261	0.0078	0.0184	0.0021	0.0011	0.0009	0.0241	0.0066	0.0175	0.0000	0.0000	0.0000	0.0000	0.0000	0.0000	0.0000	0.0000	0.0000	0.0000	0.0000	0.0000	0.0000	0.0000	0.0000	0.0000	0.0000	0.0000											
16	24	0.2162	9	0	2	0	1	0	0	0	0	N	Y	N	N	N	N	N	N	N	N	N	N	0.0000	0.0000	0.0000	0.0000	0.0000	0.0000	0.0000	0.0000	0.0000	0.0000	0.0000	0.0000	0.0000	0.0000	0.0000	0.0000	0.0000	0.0000	0.0000	0.0000	0.0000	0.0000	0.0000	0.0000	0.0000	0.7358	0.0000	-0.0000	2.0000	0.0018	2.0010	0.9893	0.0000	0.0000	0.0000	0.0000	0.0000	0.0000	0.0000	0.0000	0.0000	0.0000	0.0000	0.0000	0.0000	0.0000	0.0000	0.0000	0.0000	0.0000	0.0004	0.0004	0.0000	0.0003	0.0003	0.0000	0.0001	0.0001	0.0000	0.0092	0.0042	0.0050	0.0021	0.0018	0.0003	0.0071	0.0025	0.0046	0.0000	0.0000	0.0000	0.0000	0.0000	0.0000	0.0000	0.0000	0.0000	0.0000	0.0000	0.0000	0.0000	0.0000	0.0000	0.0000	0.0000	0.0000			
16	25	0.1456	5	1	2	0	1	0	0	0	0	N	Y	N	N	N	N	N	N	N	N	N	N	0.0000	0.0000	0.0000	0.0000	0.0000	0.0000	0.0000	0.0000	0.0000	0.0000	0.0000	0.0000	0.0000	0.0000	0.0000	0.0000	0.0000	0.0000	0.0000	0.0000	2.0000	2.0666	2.0010	3.9999	0.0000	0.0000	0.0000	0.0000	0.0000	0.0000	0.0000	0.0000	0.0000	0.0000	0.0000	0.0000	0.0000	0.0000	0.0000	0.0000	0.0000	0.0000	0.1040	0.0921	0.0119	0.0267	0.0252	0.0015	0.0773	0.0668	0.0104	0.0770	0.0254	0.0516	0.0040	0.0022	0.0018	0.0730	0.0232	0.0498	0.0000	0.0000	0.0000	0.0000	0.0000	0.0000	0.0000	0.0000	0.0000	0.0000	0.0000	0.0000	0.0000	0.0000	0.0000	0.0000	0.0000	0.0000											
16	26	0.2161	7	0	2	0	1	0	0	0	0	N	Y	N	N	N	N	N	N	N	N	N	N	0.0000	0.0000	0.0000	0.0000	0.0000	0.0000	0.0000	0.0000	0.0000	0.0000	0.0000	0.0000	0.0000	0.0000	0.0000	0.0000	0.0000	0.0000	0.0000	0.0000	2.0000	1.0000	2.0010	4.0000	0.0000	0.0000	0.0000	0.0000	0.0000	0.0000	0.0000	0.0000	0.0000	0.0000	0.0000	0.0000	0.0000	0.0000	0.0000	0.0000	0.0000	0.0000	0.0410	0.0366	0.0044	0.0157	0.0148	0.0008	0.0253	0.0217	0.0036	0.0423	0.0126	0.0297	0.0034	0.0019	0.0015	0.0389	0.0108	0.0281	0.0000	0.0000	0.0000	0.0000	0.0000	0.0000	0.0000	0.0000	0.0000	0.0000	0.0000	0.0000	0.0000	0.0000	0.0000	0.0000	0.0000	0.0000											
16	27	0.2161	7	0	2	0	1	0	0	0	0	N	Y	N	N	N	N	N	N	N	N	N	N	0.0120	0.0040	0.0025	0.0014	0.0005	0.0005	0.0000	0.0013	0.0013	0.0000	0.0000	0.0000	0.0000	0.0405	0.1367	0.0000	0.5132	0.9291	0.0000	0.0000	0.0000	0.0000	0.0000	0.0000	-0.0000	-0.0008	2.0000	1.0000	2.0010	2.0000	0.0000	0.0000	0.0000	0.0000	0.0000	0.0000	0.0000	0.0000	0.0000	0.0011	0.0011	0.0000	0.0011	0.0011	0.0000	0.0000	0.0000	0.0000	0.0410	0.0366	0.0044	0.0157	0.0148	0.0008	0.0253	0.0217	0.0036	0.0261	0.0078	0.0184	0.0021	0.0011	0.0009	0.0241	0.0066	0.0175	0.0120	0.0040	0.0000	0.0025	0.0014	0.0000	0.0000	0.0000	0.0000	0.0405	0.1367	0.0000	0.5132	0.9291	0.0000	0.0000	0.0000	0.0000					
16	28	0.1456	5	0	2	1	2	0	0	0	0	N	Y	N	Y	N	N	N	N	N	N	N	N	0.0000	0.0000	0.0000	0.0000	0.0000	0.0000	0.0000	0.0000	0.0000	0.0000	0.0000	0.0000	0.0000	0.0000	0.0000	0.0000	0.0000	0.0000	0.0000	0.0000	2.0000	3.9334	2.0010	8.9999	0.0000	0.0000	0.0000	0.0000	0.0000	0.0000	0.0000	0.0000	0.0000	0.0000	0.0000	0.0000	0.0000	0.0000	0.0000	0.0000	0.0000	0.0000	0.1838	0.1627	0.0211	0.0454	0.0426	0.0028	0.1384	0.1201	0.0183	0.1445	0.0481	0.0963	0.0077	0.0043	0.0034	0.1368	0.0438	0.0929	0.0000	0.0000	0.0000	0.0000	0.0000	0.0000	0.0000	0.0000	0.0000	0.0000	0.0000	0.0000	0.0000	0.0000	0.0000	0.0000	0.0000	0.0000											
16	29	0.1935	7	0	2	0	1	0	0	0	0	N	Y	N	N	N	N	N	N	N	N	N	N	0.0000	0.0000	0.0000	0.0000	0.0000	0.0000	0.0000	0.0000	0.0000	0.0000	0.0000	0.0000	0.0000	0.0000	0.0000	0.0000	0.0012	0.0027	0.0004	0.0089	0.0132	0.0000	0.0003	0.0000	0.0005	0.3317	0.0000	-0.0001	2.0000	7.9836	2.0010	2.1583	0.0000	0.0000	0.0000	0.0000	0.0000	0.0000	0.0000	0.0000	0.0000	0.0001	0.0001	0.0000	0.0001	0.0001	0.0000	0.0000	0.0000	0.0000	0.3796	0.3411	0.0385	0.1314	0.1240	0.0075	0.2482	0.2172	0.0310	0.0898	0.0292	0.0606	0.0090	0.0060	0.0030	0.0808	0.0231	0.0577	0.0000	0.0000	0.0000	0.0000	0.0000	0.0000	0.0000	0.0000	0.0000	0.0012	0.0027	0.0004	0.0089	0.0132	0.0000	0.0003	0.0000	0.0005			
16	30	0.1456	5	1	2	0	1	0	0	0	0	N	Y	N	N	N	N	N	N	N	N	N	N	0.0000	0.0000	0.0000	0.0000	0.0000	0.0000	0.0000	0.0000	0.0000	0.0000	0.0000	0.0000	0.0000	4.9126	14.6169	0.0000	0.0000	0.0000	0.0000	5.1951	16.0819	0.0000	0.0000	0.0000	-0.7488	2.0000	9.9334	2.0010	11.0001	0.0000	0.0000	0.0000	0.0000	0.0000	0.0000	0.0000	0.0000	0.0000	0.9998	0.9998	0.0000	0.0000	0.0000	0.0000	0.9998	0.9998	0.0000	0.4075	0.3616	0.0459	0.0969	0.0907	0.0062	0.3106	0.2709	0.0397	0.2035	0.0684	0.1351	0.0111	0.0062	0.0048	0.1924	0.0622	0.1303	0.0000	0.0000	0.0000	0.0000	0.0000	0.0000	0.0000	0.0000	0.0000	4.9126	14.6169	0.0000	0.0000	0.0000	0.0000	5.1951	16.0819	0.0000						
16	31	0.1456	5	0	1	1	1	0	0	0	0	N	N	N	N	N	N	N	N	N	N	N	N	0.0000	0.0000	0.0000	0.0000	0.0000	0.0000	0.0000	0.0000	0.0000	0.0000	0.0000	0.0000	0.0000	0.0000	0.0000	0.0000	0.0000	0.0000	0.0000	0.0000	2.0000	2.9334	2.0010	4.9999	0.0000	0.0000	0.0000	0.0000	0.0000	0.0000	0.0000	0.0000	0.0000	0.0000	0.0000	0.0000	0.0000	0.0000	0.0000	0.0000	0.0000	0.0000	0.1417	0.1254	0.0163	0.0356	0.0334	0.0021	0.1062	0.0920	0.0142	0.0972	0.0322	0.0650	0.0051	0.0028	0.0023	0.0921	0.0294	0.0627	0.0000	0.0000	0.0000	0.0000	0.0000	0.0000	0.0000	0.0000	0.0000	0.0000	0.0000	0.0000	0.0000	0.0000	0.0000	0.0000	0.0000	0.0000											
16	32	0.1456	5	0	2	0	1	0	0	0	0	N	Y	N	N	N	N	N	N	N	N	N	N	563.0517	210.4219	0.0000	0.0000	inf	inf	6.7829	7.6642	0.0000	0.0000	0.0000	0.0000	9.0458	10.4396	0.0000	0.0120	0.0364	0.0000	0.2304	0.4160	0.0000	0.0000	0.0000	0.0000	0.0000	0.0000	-0.1978	-0.0008	2.0000	3.0666	2.0010	3.9999	1.0000	1.0000	0.0000	0.0000	0.0000	0.0000	1.0000	1.0000	0.0000	0.0011	0.0011	0.0000	0.0011	0.0011	0.0000	0.0000	0.0000	0.0000	0.1474	0.1305	0.0170	0.0369	0.0347	0.0022	0.1105	0.0958	0.0148	0.0880	0.0291	0.0589	0.0046	0.0025	0.0021	0.0834	0.0266	0.0568	563.0517	210.4219	0.0000	0.0000	0.0000	0.0000	inf	inf	0.0000	0.0120	0.0364	0.0000	0.2304	0.4160	0.0000	0.0000	0.0000	0.0000			
16	33	0.2340	8	1	1	1	1	0	0	0	0	N	N	N	N	N	N	N	N	N	N	N	N	0.0000	0.0000	0.0000	0.0000	0.0000	0.0000	0.0000	0.0000	0.0000	0.0000	0.0000	0.0000	0.0000	0.0000	0.0000	0.0000	0.0003	0.0009	0.0000	0.0029	0.0030	0.0000	0.0000	0.0000	0.0000	0.0032	0.0000	-0.0000	2.0000	0.9991	2.0010	2.0219	0.0000	0.0000	0.0000	0.0000	0.0000	0.0000	0.0000	0.0000	0.0000	0.0000	0.0000	0.0000	0.0000	0.0000	0.0000	0.0000	0.0000	0.0000	0.0410	0.0366	0.0044	0.0157	0.0149	0.0008	0.0252	0.0217	0.0036	0.0334	0.0111	0.0223	0.0035	0.0033	0.0002	0.0300	0.0078	0.0221	0.0000	0.0000	0.0000	0.0000	0.0000	0.0000	0.0000	0.0000	0.0000	0.0003	0.0009	0.0000	0.0029	0.0030	0.0000	0.0000	0.0000	0.0000			
16	34	0.1456	5	0	2	0	1	0	0	0	0	N	Y	N	N	N	N	N	N	N	N	N	N	0.0000	0.0000	0.0000	0.0000	0.0000	0.0000	0.0000	0.0000	0.0000	0.0000	0.0000	0.0000	0.0000	0.0000	0.0000	0.0000	0.0000	0.0000	0.0000	0.0000	2.0000	4.9334	2.0010	5.0001	0.0000	0.0000	0.0000	0.0000	0.0000	0.0000	0.0000	0.0000	0.0000	0.0000	0.0000	0.0000	0.0000	0.0000	0.0000	0.0000	0.0000	0.0000	0.2244	0.1987	0.0257	0.0548	0.0514	0.0034	0.1696	0.1473	0.0223	0.1172	0.0389	0.0783	0.0062	0.0034	0.0027	0.1110	0.0355	0.0755	0.0000	0.0000	0.0000	0.0000	0.0000	0.0000	0.0000	0.0000	0.0000	0.0000	0.0000	0.0000	0.0000	0.0000	0.0000	0.0000	0.0000	0.0000											
16	35	0.2340	8	1	1	1	1	0	0	0	0	N	N	N	N	N	N	N	N	N	N	N	N	0.0000	0.0000	0.0000	0.0000	0.0000	0.0000	0.0000	0.0000	0.0000	0.0000	0.0000	0.0000	0.0000	0.0000	0.0000	0.0000	0.0004	0.0012	0.0000	0.0030	0.0032	0.0000	0.0000	0.0000	0.0000	0.0032	0.0000	-0.0000	2.0000	0.0009	2.0010	1.9867	0.0000	0.0000	0.0000	0.0000	0.0000	0.0000	0.0000	0.0000	0.0000	0.0000	0.0000	0.0000	0.0000	0.0000	0.0000	0.0000	0.0000	0.0000	0.0001	0.0001	0.0000	0.0000	0.0000	0.0000	0.0000	0.0000	0.0000	0.0243	0.0086	0.0157	0.0033	0.0032	0.0001	0.0210	0.0055	0.0155	0.0000	0.0000	0.0000	0.0000	0.0000	0.0000	0.0000	0.0000	0.0000	0.0004	0.0012	0.0000	0.0030	0.0032	0.0000	0.0000	0.0000	0.0000			
16	36	0.2161	7	1	1	1	1	0	0	0	0	N	N	N	N	N	N	N	N	N	N	N	N	0.0000	0.0000	0.0000	0.0000	0.0000	0.0000	0.0000	0.0000	0.0000	0.0000	0.0000	0.0000	0.0000	0.0000	0.0000	0.0000	0.0004	0.0000	0.0005	0.0000	0.0000	0.0000	0.0004	0.0000	0.0006	314.3962	0.0000	0.0000	2.0000	1.0009	2.0010	2.0357	0.0000	0.0000	0.0000	0.0000	0.0000	0.0000	0.0000	0.0000	0.0000	0.0000	0.0000	0.0000	0.0000	0.0000	0.0000	0.0000	0.0000	0.0000	0.0410	0.0366	0.0044	0.0157	0.0149	0.0008	0.0253	0.0217	0.0036	0.0265	0.0078	0.0186	0.0021	0.0012	0.0009	0.0244	0.0067	0.0177	0.0000	0.0000	0.0000	0.0000	0.0000	0.0000	0.0000	0.0000	0.0000	0.0004	0.0000	0.0005	0.0000	0.0000	0.0000	0.0004	0.0000	0.0006			
16	37	0.2161	7	1	1	1	1	0	0	0	0	N	N	N	N	N	N	N	N	N	N	N	N	0.0000	0.0000	0.0000	0.0000	0.0000	0.0000	0.0000	0.0000	0.0000	0.0000	0.0000	0.0000	0.0000	0.0309	0.1038	0.0000	0.3888	0.7051	0.0000	0.0000	0.0000	0.0000	0.0000	0.0000	-0.0008	2.0000	1.0000	2.0010	3.0000	0.0000	0.0000	0.0000	0.0000	0.0000	0.0000	0.0000	0.0000	0.0000	0.0011	0.0011	0.0000	0.0011	0.0011	0.0000	0.0000	0.0000	0.0000	0.0410	0.0366	0.0044	0.0157	0.0148	0.0008	0.0253	0.0217	0.0036	0.0343	0.0102	0.0241	0.0027	0.0015	0.0012	0.0316	0.0087	0.0229	0.0000	0.0000	0.0000	0.0000	0.0000	0.0000	0.0000	0.0000	0.0000	0.0309	0.1038	0.0000	0.3888	0.7051	0.0000	0.0000	0.0000	0.0000						
16	38	0.1456	5	0	1	1	1	0	0	0	0	N	N	N	N	N	N	N	N	N	N	N	N	inf	inf	inf	inf	6.7829	7.6642	0.0000	0.0000	0.0000	0.0000	9.0458	10.4396	0.0000	0.0000	0.0000	0.0000	0.0000	0.0000	0.0000	0.0000	0.0000	0.0000	0.0000	-0.1978	0.0000	2.0000	3.0666	2.0010	2.9999	1.0000	1.0000	0.0000	0.0000	0.0000	0.0000	1.0000	1.0000	0.0000	0.0000	0.0000	0.0000	0.0000	0.0000	0.0000	0.0000	0.0000	0.0000	0.1474	0.1305	0.0170	0.0369	0.0347	0.0022	0.1105	0.0958	0.0148	0.0770	0.0254	0.0516	0.0040	0.0022	0.0018	0.0730	0.0232	0.0498	inf	inf	0.0000	0.0000	0.0000	0.0000	inf	inf	0.0000	0.0000	0.0000	0.0000	0.0000	0.0000	0.0000	0.0000	0.0000	0.0000						
16	39	0.1456	5	0	2	0	1	0	0	0	0	N	Y	N	N	N	N	N	N	N	N	N	N	0.0000	0.0000	0.0000	0.0000	0.0000	0.0000	0.0000	0.0000	0.0000	0.0000	0.0000	0.0000	0.0000	0.0140	0.0425	0.0000	0.2697	0.4875	0.0000	0.0000	0.0000	0.0000	0.0000	0.0000	-0.0008	2.0000	3.9334	2.0010	2.0001	0.0000	0.0000	0.0000	0.0000	0.0000	0.0000	0.0000	0.0000	0.0000	0.0011	0.0011	0.0000	0.0011	0.0011	0.0000	0.0000	0.0000	0.0000	0.1838	0.1627	0.0211	0.0454	0.0426	0.0028	0.1384	0.1201	0.0183	0.0755	0.0249	0.0506	0.0039	0.0022	0.0018	0.0716	0.0228	0.0488	0.0000	0.0000	0.0000	0.0000	0.0000	0.0000	0.0000	0.0000	0.0000	0.0140	0.0425	0.0000	0.2697	0.4875	0.0000	0.0000	0.0000	0.0000						
16	40	0.2500	10	1	2	1	1	0	0	0	0	N	Y	N	N	N	N	N	N	N	N	N	N	0.0000	0.0000	0.0000	0.0000	0.0000	0.0000	0.0000	0.0000	0.0000	0.0000	0.0000	0.0000	0.0000	0.0000	0.0000	0.0000	0.0000	0.0000	0.0000	0.0000	2.0000	0.0000	2.0010	0.0000	0.0000	0.0000	0.0000	0.0000	0.0000	0.0000	0.0000	0.0000	0.0000	0.0000	0.0000	0.0000	0.0000	0.0000	0.0000	0.0000	0.0000	0.0000	0.0000	0.0000	0.0000	0.0000	0.0000	0.0000	0.0000	0.0000	0.0000	0.0000	0.0000	0.0000	0.0000	0.0000	0.0000	0.0000	0.0000	0.0000	0.0000	0.0000	0.0000	0.0000	0.0000	0.0000	0.0000	0.0000	0.0000	0.0000	0.0000	0.0000	0.0000	0.0000	0.0000	0.0000	0.0000	0.0000											
16	41	0.2500	9	1	2	1	1	0	0	0	0	N	Y	N	N	N	N	N	N	N	N	N	N	0.0000	0.0000	0.0000	0.0000	0.0000	0.0000	0.0000	0.0000	0.0000	0.0000	0.0000	0.0000	0.0000	0.0378	0.1303	0.0000	0.5594	1.0424	0.0000	0.0000	0.0000	0.0000	0.0000	0.0000	-0.0008	2.0000	1.0000	2.0010	1.9999	0.0000	0.0000	0.0000	0.0000	0.0000	0.0000	0.0000	0.0000	0.0000	0.0011	0.0011	0.0000	0.0011	0.0011	0.0000	0.0000	0.0000	0.0000	0.0454	0.0404	0.0050	0.0135	0.0127	0.0007	0.0319	0.0277	0.0042	0.0280	0.0081	0.0199	0.0019	0.0010	0.0009	0.0261	0.0071	0.0190	0.0000	0.0000	0.0000	0.0000	0.0000	0.0000	0.0000	0.0000	0.0000	0.0378	0.1303	0.0000	0.5594	1.0424	0.0000	0.0000	0.0000	0.0000						
16	42	0.1160	4	1	2	0	1	0	0	0	0	N	Y	N	N	N	N	N	N	N	N	N	N	87.8179	37.8885	0.0000	1.8236	1.8385	0.0000	1308417.0591	inf	0.0000	2.3741	2.5824	0.0000	0.2777	0.2827	0.0000	3.5345	3.9955	0.0000	0.0270	0.0682	0.0000	0.1523	0.1538	0.0001	0.0000	0.0000	0.0000	0.0000	0.0001	-0.0000	-0.0008	2.0000	0.0007	2.0010	2.0242	0.0002	0.0002	0.0000	0.0000	0.0000	0.0000	0.0002	0.0002	0.0000	0.0010	0.0010	0.0000	0.0010	0.0010	0.0000	0.0000	0.0000	0.0000	0.0001	0.0001	0.0000	0.0000	0.0000	0.0000	0.0001	0.0001	0.0000	0.0376	0.0149	0.0227	0.0067	0.0066	0.0001	0.0309	0.0083	0.0226	87.8179	37.8885	0.0000	1.8236	1.8385	0.0000	1308417.0591	inf	0.0000	0.0270	0.0682	0.0000	0.1523	0.1538	0.0001	0.0000	0.0000	0.0000
16	43	0.1900	6	0	2	0	2	0	0	0	0	N	Y	N	Y	N	N	N	N	N	N	N	N	0.0000	0.0000	0.0000	0.0000	0.0000	0.0000	0.0000	0.0000	0.0000	0.0000	0.0000	0.0000	0.0000	0.0000	0.0000	0.0000	0.0000	0.0000	0.0000	0.0000	2.0000	0.0000	2.0010	0.0000	0.0000	0.0000	0.0000	0.0000	0.0000	0.0000	0.0000	0.0000	0.0000	0.0000	0.0000	0.0000	0.0000	0.0000	0.0000	0.0000	0.0000	0.0000	0.0000	0.0000	0.0000	0.0000	0.0000	0.0000	0.0000	0.0000	0.0000	0.0000	0.0000	0.0000	0.0000	0.0000	0.0000	0.0000	0.0000	0.0000	0.0000	0.0000	0.0000	0.0000	0.0000	0.0000	0.0000	0.0000	0.0000	0.0000	0.0000	0.0000	0.0000	0.0000	0.0000	0.0000	0.0000	0.0000											
16	44	0.1900	6	0	1	0	2	0	0	0	0	N	N	N	Y	N	N	N	N	N	N	N	N	0.0000	0.0000	0.0000	0.0000	0.0000	0.0000	0.0000	0.0000	0.0000	0.0000	0.0000	0.0000	0.0000	0.0000	0.0000	0.0000	0.0000	0.0000	0.0000	0.0000	2.0000	0.0000	2.0010	0.0000	0.0000	0.0000	0.0000	0.0000	0.0000	0.0000	0.0000	0.0000	0.0000	0.0000	0.0000	0.0000	0.0000	0.0000	0.0000	0.0000	0.0000	0.0000	0.0000	0.0000	0.0000	0.0000	0.0000	0.0000	0.0000	0.0000	0.0000	0.0000	0.0000	0.0000	0.0000	0.0000	0.0000	0.0000	0.0000	0.0000	0.0000	0.0000	0.0000	0.0000	0.0000	0.0000	0.0000	0.0000	0.0000	0.0000	0.0000	0.0000	0.0000	0.0000	0.0000	0.0000	0.0000	0.0000											
16	45	0.1456	5	0	1	0	2	0	0	0	0	N	N	N	Y	N	N	N	N	N	N	N	N	0.0000	0.0000	0.0000	0.0000	0.0000	0.0000	0.0000	0.0000	0.0000	0.0000	0.0000	0.0000	0.0000	0.0120	0.0364	0.0000	0.2304	0.4160	0.0000	0.0000	0.0000	0.0000	0.0000	0.0000	-0.0008	2.0000	3.0666	2.0010	3.9999	0.0000	0.0000	0.0000	0.0000	0.0000	0.0000	0.0000	0.0000	0.0000	0.0011	0.0011	0.0000	0.0011	0.0011	0.0000	0.0000	0.0000	0.0000	0.1474	0.1305	0.0170	0.0369	0.0347	0.0022	0.1105	0.0958	0.0148	0.0880	0.0291	0.0589	0.0046	0.0025	0.0021	0.0834	0.0266	0.0568	0.0000	0.0000	0.0000	0.0000	0.0000	0.0000	0.0000	0.0000	0.0000	0.0120	0.0364	0.0000	0.2304	0.4160	0.0000	0.0000	0.0000	0.0000						
16	46	0.2161	7	1	1	1	1	0	0	0	0	N	N	N	N	N	N	N	N	N	N	N	N	0.0000	0.0000	0.0000	0.0000	0.0000	0.0000	0.0000	0.0000	0.0000	0.0000	0.0000	0.0000	0.0000	0.0599	0.2026	0.0000	0.7620	1.3774	0.0000	0.0000	0.0000	0.0000	0.0000	0.0000	-0.0008	2.0000	0.0000	2.0010	2.0000	0.0000	0.0000	0.0000	0.0000	0.0000	0.0000	0.0000	0.0000	0.0000	0.0011	0.0011	0.0000	0.0011	0.0011	0.0000	0.0000	0.0000	0.0000	0.0000	0.0000	0.0000	0.0000	0.0000	0.0000	0.0000	0.0000	0.0000	0.0177	0.0052	0.0125	0.0014	0.0008	0.0006	0.0163	0.0045	0.0119	0.0000	0.0000	0.0000	0.0000	0.0000	0.0000	0.0000	0.0000	0.0000	0.0599	0.2026	0.0000	0.7620	1.3774	0.0000	0.0000	0.0000	0.0000						
16	47	0.2311	8	1	2	0	1	0	0	0	0	N	Y	N	N	N	N	N	N	N	N	N	N	0.0000	0.0000	0.0000	0.0000	0.0000	0.0000	0.0000	0.0000	0.0000	0.0000	0.0000	0.0000	0.0000	0.0000	0.0000	0.0000	0.0010	0.0024	0.0000	0.0049	0.0060	0.0000	0.0000	0.0000	0.0000	0.0004	0.0000	-0.0000	2.0000	0.9991	2.0010	2.0273	0.0000	0.0000	0.0000	0.0000	0.0000	0.0000	0.0000	0.0000	0.0000	0.0000	0.0000	0.0000	0.0000	0.0000	0.0000	0.0000	0.0000	0.0000	0.0495	0.0438	0.0057	0.0168	0.0155	0.0014	0.0327	0.0283	0.0044	0.0296	0.0120	0.0175	0.0058	0.0048	0.0010	0.0238	0.0073	0.0165	0.0000	0.0000	0.0000	0.0000	0.0000	0.0000	0.0000	0.0000	0.0000	0.0010	0.0024	0.0000	0.0049	0.0060	0.0000	0.0000	0.0000	0.0000			
16	48	0.1935	7	1	2	0	1	0	0	0	0	N	Y	N	N	N	N	N	N	N	N	N	N	0.0184	0.0068	0.0000	0.0046	0.0035	0.0000	0.0000	0.0000	0.0000	0.0003	0.0004	0.0000	0.0007	0.0008	0.0000	0.0000	0.0000	0.0000	0.0181	0.0540	0.0005	0.1600	0.2214	0.0000	0.0004	0.0000	0.0005	0.0000	0.0185	-0.0000	-0.0008	2.0000	3.1828	2.0010	3.1571	0.0001	0.0001	0.0000	0.0001	0.0001	0.0000	0.0000	0.0000	0.0000	0.0011	0.0011	0.0000	0.0011	0.0011	0.0000	0.0000	0.0000	0.0000	0.2098	0.1908	0.0191	0.0949	0.0899	0.0050	0.1149	0.1008	0.0141	0.0620	0.0205	0.0415	0.0069	0.0050	0.0019	0.0551	0.0155	0.0396	0.0184	0.0068	0.0000	0.0046	0.0035	0.0000	0.0000	0.0000	0.0000	0.0181	0.0540	0.0005	0.1600	0.2214	0.0000	0.0004	0.0000	0.0005
16	49	0.1893	6	0	2	0	1	0	0	0	0	N	Y	N	N	N	N	N	N	N	N	N	N	0.0972	0.0662	0.0000	0.0000	0.0000	0.0000	0.3809	0.0262	0.0000	0.0008	0.0008	0.0000	0.0000	0.0000	0.0000	0.0017	0.0020	0.0000	0.0078	0.0123	0.0054	0.0285	0.0357	0.0000	0.0046	0.0750	0.0056	0.0000	0.8224	-0.0000	-0.0001	2.0000	0.8922	2.0010	1.0748	0.0001	0.0001	0.0000	0.0000	0.0000	0.0000	0.0001	0.0001	0.0000	0.0002	0.0001	0.0001	0.0001	0.0001	0.0000	0.0001	0.0000	0.0001	0.0925	0.0858	0.0067	0.0523	0.0502	0.0021	0.0402	0.0356	0.0046	0.0226	0.0078	0.0147	0.0030	0.0024	0.0006	0.0195	0.0054	0.0141	0.0972	0.0662	0.0000	0.0000	0.0000	0.0000	0.3809	1.0639	0.0000	0.0078	0.0123	0.0054	0.0285	0.0357	0.0000	0.0046	0.0018	0.0056
16	50	0.2161	7	0	2	0	1	0	0	0	0	N	Y	N	N	N	N	N	N	N	N	N	N	0.0000	0.0000	0.0000	0.0000	0.0000	0.0000	0.0000	0.0000	0.0000	0.0000	0.0000	0.0000	0.0000	0.0000	0.0000	0.0000	0.0000	0.0000	0.0000	0.0000	2.0000	0.0000	2.0010	0.0000	0.0000	0.0000	0.0000	0.0000	0.0000	0.0000	0.0000	0.0000	0.0000	0.0000	0.0000	0.0000	0.0000	0.0000	0.0000	0.0000	0.0000	0.0000	0.0000	0.0000	0.0000	0.0000	0.0000	0.0000	0.0000	0.0000	0.0000	0.0000	0.0000	0.0000	0.0000	0.0000	0.0000	0.0000	0.0000	0.0000	0.0000	0.0000	0.0000	0.0000	0.0000	0.0000	0.0000	0.0000	0.0000	0.0000	0.0000	0.0000	0.0000	0.0000	0.0000	0.0000	0.0000	0.0000											
16	51	0.2161	7	1	2	0	1	0	0	0	0	N	Y	N	N	N	N	N	N	N	N	N	N	0.0000	0.0000	0.0000	0.0000	0.0000	0.0000	0.0000	0.0000	0.0000	0.0000	0.0000	0.0000	0.0000	0.0000	0.0000	0.0000	0.0000	0.0000	0.0000	0.0000	2.0000	1.0000	2.0010	3.0000	0.0000	0.0000	0.0000	0.0000	0.0000	0.0000	0.0000	0.0000	0.0000	0.0000	0.0000	0.0000	0.0000	0.0000	0.0000	0.0000	0.0000	0.0000	0.0410	0.0366	0.0044	0.0157	0.0148	0.0008	0.0253	0.0217	0.0036	0.0343	0.0102	0.0241	0.0027	0.0015	0.0012	0.0316	0.0087	0.0229	0.0000	0.0000	0.0000	0.0000	0.0000	0.0000	0.0000	0.0000	0.0000	0.0000	0.0000	0.0000	0.0000	0.0000	0.0000	0.0000	0.0000	0.0000											
16	52	0.2022	6	0	1	0	1	0	0	0	0	N	N	N	N	N	N	N	N	N	N	N	N	0.0095	0.0047	0.0000	0.0061	0.0054	0.0000	0.0000	0.0000	0.0000	0.0001	0.0001	0.0000	0.0002	0.0003	0.0000	0.0000	0.0000	0.0000	0.0073	0.0169	0.0001	0.0391	0.0476	0.0000	0.0000	0.0000	0.0001	0.0000	0.0057	-0.0000	-0.0003	2.0000	3.0179	2.0010	1.1627	0.0000	0.0000	0.0000	0.0000	0.0000	0.0000	0.0000	0.0000	0.0000	0.0004	0.0004	0.0000	0.0004	0.0004	0.0000	0.0000	0.0000	0.0000	0.1441	0.1272	0.0169	0.0420	0.0386	0.0034	0.1020	0.0886	0.0134	0.0524	0.0225	0.0299	0.0097	0.0080	0.0017	0.0427	0.0145	0.0282	0.0095	0.0047	0.0000	0.0061	0.0054	0.0000	0.0000	0.0000	0.0000	0.0073	0.0169	0.0001	0.0391	0.0476	0.0000	0.0000	0.0000	0.0001
16	53	0.2161	7	1	2	1	1	0	0	0	0	N	Y	N	N	N	N	N	N	N	N	N	N	0.0000	0.0000	0.0000	0.0000	0.0000	0.0000	0.0000	0.0000	0.0000	0.0000	0.0000	0.0000	0.0000	0.0000	0.0000	0.0000	0.0000	0.0000	0.0000	0.0000	2.0000	4.0000	2.0010	1.0000	0.0000	0.0000	0.0000	0.0000	0.0000	0.0000	0.0000	0.0000	0.0000	0.0000	0.0000	0.0000	0.0000	0.0000	0.0000	0.0000	0.0000	0.0000	0.1569	0.1401	0.0168	0.0591	0.0559	0.0032	0.0979	0.0842	0.0137	0.0423	0.0126	0.0297	0.0034	0.0019	0.0015	0.0389	0.0108	0.0281	0.0000	0.0000	0.0000	0.0000	0.0000	0.0000	0.0000	0.0000	0.0000	0.0000	0.0000	0.0000	0.0000	0.0000	0.0000	0.0000	0.0000	0.0000											
16	54	0.2022	6	0	2	0	1	0	0	0	0	N	Y	N	N	N	N	N	N	N	N	N	N	0.0231	0.0097	0.0000	0.0110	0.0088	0.0000	0.0000	0.0000	0.0000	0.0001	0.0001	0.0000	0.0003	0.0003	0.0000	0.0000	0.0000	0.0000	0.0042	0.0113	0.0000	0.0290	0.0396	0.0000	0.0000	0.0000	0.0000	0.0000	0.0057	-0.0000	-0.0003	2.0000	2.0683	2.0010	6.9961	0.0000	0.0000	0.0000	0.0000	0.0000	0.0000	0.0000	0.0000	0.0000	0.0004	0.0004	0.0000	0.0004	0.0004	0.0000	0.0000	0.0000	0.0000	0.1037	0.0916	0.0120	0.0313	0.0288	0.0025	0.0724	0.0629	0.0095	0.0915	0.0337	0.0578	0.0131	0.0096	0.0035	0.0784	0.0241	0.0543	0.0231	0.0097	0.0000	0.0110	0.0088	0.0000	0.0000	0.0000	0.0000	0.0042	0.0113	0.0000	0.0290	0.0396	0.0000	0.0000	0.0000	0.0000
16	55	0.1456	5	0	1	0	1	0	0	0	0	N	N	N	N	N	N	N	N	N	N	N	N	0.0155	0.0361	0.0000	0.0000	0.0000	0.0195	0.0011	0.0000	0.0001	0.0001	0.0000	0.0000	0.0000	0.0000	0.0001	0.0001	0.0000	0.0035	0.0017	0.0044	0.0002	0.0004	0.0000	0.0037	0.0728	0.0046	0.0000	5.2322	-0.0000	0.0000	2.0000	3.9265	2.0010	5.0808	0.0000	0.0000	0.0000	0.0000	0.0000	0.0000	0.0000	0.0000	0.0000	0.0004	0.0001	0.0003	0.0000	0.0000	0.0000	0.0004	0.0001	0.0003	0.1835	0.1624	0.0211	0.0453	0.0425	0.0028	0.1382	0.1199	0.0183	0.1081	0.0359	0.0723	0.0057	0.0032	0.0025	0.1024	0.0327	0.0697	0.0155	0.0361	0.0000	0.0000	0.0000	0.0000	0.0195	0.0454	0.0000	0.0035	0.0017	0.0044	0.0002	0.0004	0.0000	0.0037	0.0018	0.0046	
16	56	0.2161	7	1	1	1	1	0	0	0	0	N	N	N	N	N	N	N	N	N	N	N	N	0.0000	0.0000	0.0000	0.0000	0.0000	0.0000	0.0000	0.0000	0.0000	0.0000	0.0000	0.0000	0.0000	0.0000	0.0000	0.0000	0.0000	0.0000	0.0000	0.0000	2.0000	4.0000	2.0010	7.0000	0.0000	0.0000	0.0000	0.0000	0.0000	0.0000	0.0000	0.0000	0.0000	0.0000	0.0000	0.0000	0.0000	0.0000	0.0000	0.0000	0.0000	0.0000	0.1569	0.1401	0.0168	0.0591	0.0559	0.0032	0.0979	0.0842	0.0137	0.0850	0.0258	0.0592	0.0070	0.0038	0.0032	0.0780	0.0220	0.0560	0.0000	0.0000	0.0000	0.0000	0.0000	0.0000	0.0000	0.0000	0.0000	0.0000	0.0000	0.0000	0.0000	0.0000	0.0000	0.0000	0.0000	0.0000											
16	57	0.1606	8	0	2	0	1	0	0	0	0	N	Y	N	N	N	N	N	N	N	N	N	N	287.8297	146.8834	0.0008	0.1334	0.1219	0.0000	136915.2496	inf	0.0000	1.9860	2.2194	0.0000	0.0039	0.0042	0.0000	2.7408	3.1158	0.0000	0.0069	0.0151	0.0000	0.0293	0.0343	0.0000	0.0000	0.0000	0.0000	0.0000	0.0024	-0.1969	-0.0008	2.0000	9.7645	2.0010	7.4558	0.9952	0.9952	0.0000	0.0005	0.0005	0.0000	0.9946	0.9946	0.0000	0.0010	0.0010	0.0000	0.0010	0.0010	0.0000	0.0000	0.0000	0.0000	0.5011	0.4484	0.0527	0.1382	0.1292	0.0090	0.3629	0.3192	0.0437	0.1474	0.0671	0.0802	0.0346	0.0296	0.0051	0.1127	0.0376	0.0752	287.8297	146.8834	0.0008	0.1334	0.1219	0.0000	136915.2496	inf	0.0000	0.0069	0.0151	0.0000	0.0293	0.0343	0.0000	0.0000	0.0000	0.0000
16	58	0.2162	9	0	1	1	1	0	0	0	0	N	N	N	N	N	N	N	N	N	N	N	N	0.0000	0.0000	0.0000	0.0000	0.0000	0.0000	0.0000	0.0000	0.0000	0.0000	0.0000	0.0000	0.0000	0.0000	0.0000	0.0000	0.0000	0.0000	0.0000	0.0000	0.0000	0.0000	0.0000	0.0000	0.0000	0.7358	0.0000	-0.0000	2.0000	1.0009	2.0010	0.0163	0.0000	0.0000	0.0000	0.0000	0.0000	0.0000	0.0000	0.0000	0.0000	0.0000	0.0000	0.0000	0.0000	0.0000	0.0000	0.0000	0.0000	0.0000	0.0630	0.0557	0.0073	0.0235	0.0213	0.0022	0.0395	0.0344	0.0051	0.0094	0.0043	0.0051	0.0021	0.0018	0.0003	0.0073	0.0025	0.0047	0.0000	0.0000	0.0000	0.0000	0.0000	0.0000	0.0000	0.0000	0.0000	0.0000	0.0000	0.0000	0.0000	0.0000	0.0000	0.0000	0.0000	0.0000			
16	59	0.2008	8	0	1	0	1	0	0	0	0	N	N	N	N	N	N	N	N	N	N	N	N	0.0000	0.0000	0.0000	0.0000	0.0000	0.0000	0.0000	0.0000	0.0000	0.0000	0.0000	0.0000	0.0000	0.0000	0.0000	0.0000	0.0000	0.0005	0.0012	0.0000	0.0024	0.0029	0.0000	0.0000	0.0000	0.0000	0.0058	0.0000	-0.0000	2.0000	1.9961	2.0010	0.0521	0.0000	0.0000	0.0000	0.0000	0.0000	0.0000	0.0000	0.0000	0.0000	0.0000	0.0000	0.0000	0.0000	0.0000	0.0000	0.0000	0.0000	0.0000	0.1246	0.1106	0.0140	0.0447	0.0409	0.0038	0.0798	0.0697	0.0102	0.0188	0.0084	0.0104	0.0042	0.0035	0.0007	0.0146	0.0049	0.0098	0.0000	0.0000	0.0000	0.0000	0.0000	0.0000	0.0000	0.0000	0.0000	0.0005	0.0012	0.0000	0.0024	0.0029	0.0000	0.0000	0.0000	0.0000		
16	60	0.1931	7	0	1	0	1	0	0	0	0	N	N	N	N	N	N	N	N	N	N	N	N	0.0000	0.0000	0.0000	0.0000	0.0000	0.0000	0.0000	0.0000	0.0000	0.0000	0.0000	0.0000	0.0000	0.0000	0.0000	0.0000	0.0000	0.0020	0.0023	0.0018	0.0045	0.0053	0.0000	0.0013	0.0000	0.0019	0.9679	0.0000	-0.0000	2.0000	0.0081	2.0010	1.0507	0.0000	0.0000	0.0000	0.0000	0.0000	0.0000	0.0000	0.0000	0.0000	0.0000	0.0000	0.0000	0.0000	0.0000	0.0000	0.0000	0.0000	0.0000	0.0007	0.0007	0.0001	0.0003	0.0003	0.0000	0.0004	0.0004	0.0000	0.0102	0.0046	0.0056	0.0023	0.0020	0.0003	0.0079	0.0026	0.0053	0.0000	0.0000	0.0000	0.0000	0.0000	0.0000	0.0000	0.0000	0.0000	0.0020	0.0023	0.0018	0.0045	0.0053	0.0000	0.0013	0.0000	0.0019		
16	61	0.1443	6	0	1	0	1	0	0	0	0	N	N	N	N	N	N	N	N	N	N	N	N	0.0134	0.0069	0.0000	0.0123	0.0119	0.0000	0.0000	0.0000	0.0001	0.0001	0.0000	0.0002	0.0002	0.0000	0.0000	0.0000	0.0000	0.0041	0.0091	0.0003	0.0160	0.0178	0.0000	0.0002	0.0000	0.0003	0.0000	0.0379	-0.0000	-0.0002	2.0000	3.0167	2.0010	3.2580	0.0000	0.0000	0.0000	0.0000	0.0000	0.0000	0.0000	0.0000	0.0000	0.0003	0.0003	0.0000	0.0003	0.0003	0.0000	0.0000	0.0000	0.0000	0.1799	0.1601	0.0198	0.0507	0.0472	0.0035	0.1292	0.1129	0.0163	0.0785	0.0347	0.0438	0.0196	0.0176	0.0020	0.0589	0.0170	0.0419	0.0134	0.0069	0.0000	0.0123	0.0119	0.0000	0.0000	0.0000	0.0000	0.0041	0.0091	0.0003	0.0160	0.0178	0.0000	0.0002	0.0000	0.0003	
16	62	0.1896	7	0	2	0	1	0	0	0	0	N	Y	N	N	N	N	N	N	N	N	N	N	0.0000	0.0000	0.0000	0.0000	0.0000	0.0000	0.0000	0.0000	0.0000	0.0000	0.0000	0.0000	0.0000	0.0000	0.0000	0.0000	0.0000	0.0000	0.0138	0.0378	0.0000	0.0779	0.0924	0.0000	0.0000	0.0000	0.0000	0.0006	0.0000	-0.0009	2.0000	3.3327	2.0010	4.3103	0.0000	0.0000	0.0000	0.0000	0.0000	0.0000	0.0000	0.0000	0.0000	0.0012	0.0012	0.0000	0.0012	0.0012	0.0000	0.0000	0.0000	0.0000	0.2459	0.2207	0.0252	0.1010	0.0939	0.0071	0.1449	0.1267	0.0181	0.0849	0.0309	0.0539	0.0150	0.0126	0.0024	0.0699	0.0183	0.0516	0.0000	0.0000	0.0000	0.0000	0.0000	0.0000	0.0000	0.0000	0.0000	0.0138	0.0378	0.0000	0.0779	0.0924	0.0000	0.0000	0.0000	0.0000	
16	63	0.1656	6	0	1	0	1	0	0	0	0	N	N	N	N	N	N	N	N	N	N	N	N	0.0000	0.0000	0.0000	0.0000	0.0000	0.0000	0.0000	0.0000	0.0000	0.0000	0.0000	0.0000	0.0000	0.0000	0.0000	0.0000	0.0000	0.0000	0.0031	0.0032	0.0031	0.0057	0.0071	0.0000	0.0027	0.0535	0.0032	1.8202	0.0000	-0.0000	2.0000	3.2669	2.0010	2.4507	0.0000	0.0000	0.0000	0.0000	0.0000	0.0000	0.0000	0.0000	0.0000	0.0002	0.0001	0.0001	0.0001	0.0001	0.0000	0.0002	0.0000	0.0001	0.2517	0.2256	0.0261	0.1015	0.0938	0.0076	0.1502	0.1318	0.0184	0.0650	0.0224	0.0426	0.0091	0.0072	0.0018	0.0559	0.0151	0.0408	0.0000	0.0000	0.0000	0.0000	0.0000	0.0000	0.0000	0.0000	0.0000	0.0031	0.0032	0.0031	0.0057	0.0071	0.0000	0.0027	0.0013	0.0032	
16	64	0.2500	10	1	1	1	1	0	0	0	0	N	N	N	N	N	N	N	N	N	N	N	N	0.0000	0.0000	0.0000	0.0000	0.0000	0.0000	0.0000	0.0000	0.0000	0.0000	0.0000	0.0000	0.0000	0.0000	0.0000	0.0000	0.0000	0.0000	0.0000	0.0000	2.0000	0.0000	2.0010	1.0000	0.0000	0.0000	0.0000	0.0000	0.0000	0.0000	0.0000	0.0000	0.0000	0.0000	0.0000	0.0000	0.0000	0.0000	0.0000	0.0000	0.0000	0.0000	0.0000	0.0000	0.0000	0.0000	0.0000	0.0000	0.0000	0.0000	0.0000	0.0097	0.0028	0.0069	0.0006	0.0003	0.0003	0.0091	0.0025	0.0066	0.0000	0.0000	0.0000	0.0000	0.0000	0.0000	0.0000	0.0000	0.0000	0.0000	0.0000	0.0000	0.0000	0.0000	0.0000	0.0000	0.0000	0.0000											
16	65	0.2500	9	1	1	1	1	0	0	0	0	N	N	N	N	N	N	N	N	N	N	N	N	0.0000	0.0000	0.0000	0.0000	0.0000	0.0000	0.0000	0.0000	0.0000	0.0000	0.0000	0.0000	0.0000	0.0073	0.0000	0.0141	0.0000	0.0000	0.0000	0.0137	0.0000	0.0142	inf	0.0000	0.0000	2.0000	0.0000	2.0010	0.0001	0.0000	0.0000	0.0000	0.0000	0.0000	0.0000	0.0000	0.0000	0.0000	0.0000	0.0000	0.0000	0.0000	0.0000	0.0000	0.0000	0.0000	0.0000	0.0000	0.0000	0.0000	0.0000	0.0000	0.0000	0.0000	0.0000	0.0000	0.0000	0.0000	0.0000	0.0000	0.0000	0.0000	0.0000	0.0000	0.0000	0.0000	0.0000	0.0000	0.0000	0.0000	0.0000	0.0000	0.0000	0.0000	0.0073	0.0000	0.0141	0.0000	0.0000	0.0000	0.0137	0.0000	0.0142						
16	66	0.2377	8	1	1	1	1	0	0	0	0	N	N	N	N	N	N	N	N	N	N	N	N	0.0000	0.0001	0.0000	0.0001	0.0001	0.0000	0.0000	0.0000	0.0000	0.0000	0.0000	0.0000	0.0000	0.0000	0.0000	0.0000	0.0028	0.0011	0.0037	0.0020	0.0022	0.0000	0.0030	0.0000	0.0039	0.0000	6.4738	-0.0000	0.0000	2.0000	1.9720	2.0010	0.0923	0.0000	0.0000	0.0000	0.0000	0.0000	0.0000	0.0000	0.0000	0.0000	0.0001	0.0000	0.0001	0.0000	0.0000	0.0000	0.0001	0.0000	0.0001	0.0896	0.0798	0.0097	0.0268	0.0253	0.0014	0.0628	0.0545	0.0083	0.0270	0.0095	0.0174	0.0051	0.0045	0.0006	0.0218	0.0050	0.0168	0.0000	0.0001	0.0000	0.0001	0.0001	0.0000	0.0000	0.0000	0.0000	0.0028	0.0011	0.0037	0.0020	0.0022	0.0000	0.0030	0.0000	0.0039		
16	67	0.2161	7	1	1	1	1	0	0	0	0	N	N	N	N	N	N	N	N	N	N	N	N	0.0770	0.0296	0.0000	0.0187	0.0109	0.0000	0.0000	0.0002	0.0002	0.0000	0.0004	0.0005	0.0000	0.0000	0.0000	0.0000	0.0021	0.0062	0.0004	0.0233	0.0422	0.0000	0.0003	0.0000	0.0004	0.0000	0.1530	-0.0000	-0.0000	2.0000	3.0650	2.0010	1.0636	0.0000	0.0000	0.0000	0.0000	0.0000	0.0000	0.0000	0.0000	0.0000	0.0001	0.0001	0.0000	0.0001	0.0001	0.0000	0.0000	0.0000	0.0000	0.1219	0.1088	0.0131	0.0461	0.0436	0.0025	0.0758	0.0651	0.0106	0.0354	0.0105	0.0248	0.0028	0.0015	0.0013	0.0326	0.0090	0.0236	0.0770	0.0296	0.0000	0.0187	0.0109	0.0000	0.0000	0.0000	0.0000	0.0021	0.0062	0.0004	0.0233	0.0422	0.0000	0.0003	0.0000	0.0004		
16	68	0.1031	5	0	2	0	2	0	0	0	0	N	Y	N	Y	N	N	N	N	N	N	N	N	0.0000	0.0000	0.0000	0.0000	0.0000	0.0000	0.0000	0.0000	0.0000	0.0000	0.0000	0.0000	0.0000	0.0000	0.0000	0.0000	0.0000	0.0029	0.0061	0.0009	0.0148	0.0173	0.0000	0.0007	0.0000	0.0010	0.2449	0.0000	-0.0001	2.0000	2.7513	2.0010	4.0954	0.0000	0.0000	0.0000	0.0000	0.0000	0.0000	0.0000	0.0000	0.0000	0.0002	0.0002	0.0000	0.0002	0.0002	0.0000	0.0000	0.0000	0.0000	0.1748	0.1558	0.0190	0.0539	0.0502	0.0038	0.1209	0.1056	0.0153	0.0847	0.0327	0.0520	0.0135	0.0116	0.0020	0.0712	0.0211	0.0501	0.0000	0.0000	0.0000	0.0000	0.0000	0.0000	0.0000	0.0000	0.0000	0.0029	0.0061	0.0009	0.0148	0.0173	0.0000	0.0007	0.0000	0.0010		
16	69	0.1456	5	0	2	0	1	0	0	0	0	N	Y	N	N	N	N	N	N	N	N	N	N	0.0088	0.0033	0.0020	0.0012	0.0000	0.0001	0.0000	0.0002	0.0002	0.0000	0.0000	0.0000	0.0000	0.0056	0.0166	0.0000	0.1028	0.1831	0.0000	0.0000	0.0000	0.0000	0.0000	0.0000	-0.0000	-0.0008	2.0000	9.9334	2.0010	8.9999	0.0000	0.0000	0.0000	0.0000	0.0000	0.0000	0.0000	0.0000	0.0000	0.0011	0.0011	0.0000	0.0011	0.0011	0.0000	0.0000	0.0000	0.0000	0.4075	0.3616	0.0459	0.0969	0.0907	0.0062	0.3106	0.2709	0.0397	0.1904	0.0639	0.1265	0.0103	0.0058	0.0045	0.1801	0.0581	0.1220	0.0088	0.0033	0.0000	0.0020	0.0012	0.0000	0.0000	0.0000	0.0000	0.0056	0.0166	0.0000	0.1028	0.1831	0.0000	0.0000	0.0000	0.0000					
16	70	0.1456	5	0	2	0	1	0	0	0	0	N	Y	N	N	N	N	N	N	N	N	N	N	0.0000	0.0000	0.0000	0.0000	0.0000	0.0000	0.0000	0.0000	0.0000	0.0000	0.0000	0.0000	0.0000	0.0198	0.0600	0.0000	0.3822	0.6922	0.0000	0.0000	0.0000	0.0000	0.0000	0.0000	-0.0008	2.0000	0.0666	2.0010	4.0001	0.0000	0.0000	0.0000	0.0000	0.0000	0.0000	0.0000	0.0000	0.0000	0.0011	0.0011	0.0000	0.0011	0.0011	0.0000	0.0000	0.0000	0.0000	0.0121	0.0110	0.0011	0.0052	0.0052	0.0001	0.0069	0.0058	0.0011	0.0537	0.0177	0.0360	0.0028	0.0015	0.0012	0.0509	0.0161	0.0347	0.0000	0.0000	0.0000	0.0000	0.0000	0.0000	0.0000	0.0000	0.0000	0.0198	0.0600	0.0000	0.3822	0.6922	0.0000	0.0000	0.0000	0.0000						
16	71	0.2161	7	0	2	0	1	0	0	0	0	N	Y	N	N	N	N	N	N	N	N	N	N	0.0000	0.0000	0.0000	0.0000	0.0000	0.0000	0.0000	0.0000	0.0000	0.0000	0.0000	0.0000	0.0000	0.0251	0.0841	0.0000	0.3142	0.5707	0.0000	0.0000	0.0000	0.0000	0.0000	0.0000	-0.0008	2.0000	2.0000	2.0010	3.0000	0.0000	0.0000	0.0000	0.0000	0.0000	0.0000	0.0000	0.0000	0.0000	0.0011	0.0011	0.0000	0.0011	0.0011	0.0000	0.0000	0.0000	0.0000	0.0807	0.0721	0.0087	0.0307	0.0291	0.0016	0.0500	0.0430	0.0071	0.0423	0.0126	0.0297	0.0034	0.0019	0.0015	0.0389	0.0108	0.0281	0.0000	0.0000	0.0000	0.0000	0.0000	0.0000	0.0000	0.0000	0.0000	0.0251	0.0841	0.0000	0.3142	0.5707	0.0000	0.0000	0.0000	0.0000						
16	72	0.1893	6	0	1	0	1	0	0	0	0	N	N	N	N	N	N	N	N	N	N	N	N	0.0000	0.0000	0.0000	0.0000	0.0000	0.0000	0.0000	0.0000	0.0000	0.0000	0.0000	0.0000	0.0000	0.0000	0.0000	0.0000	0.0000	0.0014	0.0037	0.0003	0.0121	0.0175	0.0000	0.0002	0.0000	0.0003	0.1571	0.0000	-0.0000	2.0000	4.7932	2.0010	0.2507	0.0000	0.0000	0.0000	0.0000	0.0000	0.0000	0.0000	0.0000	0.0000	0.0001	0.0001	0.0000	0.0001	0.0001	0.0000	0.0000	0.0000	0.0000	0.2470	0.2223	0.0246	0.0874	0.0829	0.0045	0.1596	0.1394	0.0202	0.0497	0.0161	0.0336	0.0050	0.0034	0.0015	0.0448	0.0127	0.0321	0.0000	0.0000	0.0000	0.0000	0.0000	0.0000	0.0000	0.0000	0.0000	0.0014	0.0037	0.0003	0.0121	0.0175	0.0000	0.0002	0.0000	0.0003		
16	73	0.1456	5	0	1	0	1	0	0	0	0	N	N	N	N	N	N	N	N	N	N	N	N	0.0000	0.0000	0.0000	0.0000	0.0000	0.0000	0.0000	0.0000	0.0000	0.0000	0.0000	0.0000	0.0000	0.0000	0.0000	0.0000	0.0000	0.0007	0.0006	0.0008	0.0019	0.0034	0.0000	0.0006	0.0081	0.0008	2.5449	0.0000	-0.0000	2.0000	4.9764	2.0010	2.9948	0.0000	0.0000	0.0000	0.0000	0.0000	0.0000	0.0000	0.0000	0.0000	0.0001	0.0000	0.0000	0.0000	0.0000	0.0000	0.0001	0.0000	0.0000	0.2261	0.2002	0.0259	0.0552	0.0518	0.0034	0.1709	0.1484	0.0225	0.0976	0.0323	0.0653	0.0051	0.0028	0.0023	0.0925	0.0295	0.0630	0.0000	0.0000	0.0000	0.0000	0.0000	0.0000	0.0000	0.0000	0.0000	0.0007	0.0006	0.0008	0.0019	0.0034	0.0000	0.0006	0.0003	0.0008		
16	74	0.1656	6	0	2	0	1	0	0	0	0	N	Y	N	N	N	N	N	N	N	N	N	N	0.0000	0.0000	0.0000	0.0000	0.0000	0.0000	0.0000	0.0000	0.0000	0.0000	0.0000	0.0000	0.0000	0.0000	0.0000	0.0000	0.0000	0.0001	0.0004	0.0000	0.0010	0.0013	0.0000	0.0000	0.0000	0.0000	0.0517	0.0000	-0.0000	2.0000	1.8678	2.0010	4.6278	0.0000	0.0000	0.0000	0.0000	0.0000	0.0000	0.0000	0.0000	0.0000	0.0000	0.0000	0.0000	0.0000	0.0000	0.0000	0.0000	0.0000	0.0000	0.1901	0.1711	0.0190	0.0897	0.0830	0.0068	0.1004	0.0881	0.0123	0.0715	0.0243	0.0472	0.0095	0.0075	0.0020	0.0619	0.0168	0.0452	0.0000	0.0000	0.0000	0.0000	0.0000	0.0000	0.0000	0.0000	0.0000	0.0001	0.0004	0.0000	0.0010	0.0013	0.0000	0.0000	0.0000	0.0000		
16	75	0.1456	5	0	1	0	1	0	0	0	0	N	N	N	N	N	N	N	N	N	N	N	N	0.0000	0.0000	0.0000	0.0000	0.0000	0.0000	0.0000	0.0000	0.0000	0.0000	0.0000	0.0000	0.0000	0.0000	0.0000	0.0000	0.0002	0.0000	0.0002	0.0001	0.0001	0.0000	0.0002	0.0000	0.0002	34.3567	0.0000	0.0000	2.0000	4.7010	2.0010	0.6064	0.0000	0.0000	0.0000	0.0000	0.0000	0.0000	0.0000	0.0000	0.0000	0.0000	0.0000	0.0000	0.0000	0.0000	0.0000	0.0000	0.0000	0.0000	0.2151	0.1904	0.0247	0.0526	0.0494	0.0033	0.1624	0.1410	0.0214	0.0684	0.0226	0.0458	0.0036	0.0020	0.0016	0.0648	0.0206	0.0442	0.0000	0.0000	0.0000	0.0000	0.0000	0.0000	0.0000	0.0000	0.0000	0.0002	0.0000	0.0002	0.0001	0.0001	0.0000	0.0002	0.0000	0.0002			
16	76	0.0856	4	0	1	0	1	0	0	0	0	N	N	N	N	N	N	N	N	N	N	N	N	0.0902	0.0401	0.0000	0.0541	0.0527	0.0000	0.0000	0.0000	0.0000	0.0002	0.0002	0.0000	0.0010	0.0011	0.0000	0.0000	0.0000	0.0000	0.0021	0.0054	0.0001	0.0189	0.0203	0.0000	0.0008	0.0946	0.0001	0.0000	0.0394	-0.0000	-0.0002	2.0000	4.7970	2.0010	3.0436	0.0001	0.0001	0.0000	0.0001	0.0001	0.0000	0.0000	0.0000	0.0000	0.0002	0.0002	0.0000	0.0002	0.0002	0.0000	0.0001	0.0001	0.0000	0.3117	0.2786	0.0332	0.0586	0.0562	0.0024	0.2532	0.2224	0.0308	0.1116	0.0427	0.0689	0.0085	0.0079	0.0006	0.1032	0.0348	0.0684	0.0902	0.0401	0.0000	0.0541	0.0527	0.0000	0.0000	0.0000	0.0000	0.0021	0.0054	0.0001	0.0189	0.0203	0.0000	0.0008	0.0020	0.0001
16	78	0.0665	3	1	2	0	2	0	0	0	0	N	Y	N	Y	N	N	N	N	N	N	N	N	0.0000	0.0000	0.0000	0.0000	0.0000	0.0000	0.0000	0.0000	0.0000	0.0000	0.0000	0.0000	0.0000	0.0000	0.0000	0.0000	0.0000	0.0015	0.0006	0.0019	0.0059	0.0062	0.0000	0.0013	0.0000	0.0019	6.0117	0.0000	0.0000	2.0000	1.0000	2.0010	2.0144	0.0000	0.0000	0.0000	0.0000	0.0000	0.0000	0.0000	0.0000	0.0000	0.0001	0.0000	0.0001	0.0000	0.0000	0.0000	0.0001	0.0000	0.0001	0.0558	0.0486	0.0071	0.0000	0.0000	0.0000	0.0558	0.0486	0.0071	0.0478	0.0168	0.0311	0.0017	0.0016	0.0001	0.0461	0.0152	0.0310	0.0000	0.0000	0.0000	0.0000	0.0000	0.0000	0.0000	0.0000	0.0000	0.0015	0.0006	0.0019	0.0059	0.0062	0.0000	0.0013	0.0000	0.0019		
16	79	0.0442	2	1	2	0	2	0	0	0	0	N	Y	N	Y	N	N	N	N	N	N	N	N	0.0000	0.0000	0.0000	0.0000	0.0000	0.0000	0.0000	0.0000	0.0000	0.0000	0.0000	0.0000	0.0000	0.0000	0.0000	0.0000	21.0220	0.0000	32.2220	0.0001	0.0001	0.0000	21.6605	0.0000	32.2875	9559560.2204	0.0000	0.2510	2.0000	0.0001	2.0010	3.0180	0.0000	0.0000	0.0000	0.0000	0.0000	0.0000	0.0000	0.0000	0.0000	0.9999	0.0000	0.9999	0.0000	0.0000	0.0000	0.9999	0.0000	0.9999	0.0000	0.0000	0.0000	0.0000	0.0000	0.0000	0.0000	0.0000	0.0000	0.0476	0.0165	0.0310	0.0014	0.0013	0.0001	0.0462	0.0152	0.0310	0.0000	0.0000	0.0000	0.0000	0.0000	0.0000	0.0000	0.0000	0.0000	21.0220	0.0000	32.2220	0.0001	0.0001	0.0000	21.6605	0.0000	32.2875			
16	80	0.0369	2	0	2	0	2	0	0	0	0	N	Y	N	Y	N	N	N	N	N	N	N	N	0.0000	0.0000	0.0000	0.0000	0.0000	0.0000	0.0000	0.0000	0.0000	0.0000	0.0000	0.0000	0.0000	0.0000	0.0000	0.0000	0.0000	0.0000	0.0000	0.0000	2.0000	0.0000	2.0010	0.0000	0.0000	0.0000	0.0000	0.0000	0.0000	0.0000	0.0000	0.0000	0.0000	0.0000	0.0000	0.0000	0.0000	0.0000	0.0000	0.0000	0.0000	0.0000	0.0000	0.0000	0.0000	0.0000	0.0000	0.0000	0.0000	0.0000	0.0000	0.0000	0.0000	0.0000	0.0000	0.0000	0.0000	0.0000	0.0000	0.0000	0.0000	0.0000	0.0000	0.0000	0.0000	0.0000	0.0000	0.0000	0.0000	0.0000	0.0000	0.0000	0.0000	0.0000	0.0000	0.0000	0.0000	0.0000											
16	81	0.0442	2	0	1	1	2	0	0	0	0	N	N	N	Y	N	N	N	N	N	N	N	N	0.0000	0.0000	0.0000	0.0000	0.0000	0.0000	0.0000	0.0000	0.0000	0.0000	0.0000	0.0000	0.0000	0.0000	0.0000	0.0000	0.0000	0.0000	0.0000	0.0000	2.0000	2.0000	2.0010	0.0000	0.0000	0.0000	0.0000	0.0000	0.0000	0.0000	0.0000	0.0000	0.0000	0.0000	0.0000	0.0000	0.0000	0.0000	0.0000	0.0000	0.0000	0.0000	0.1088	0.0950	0.0138	0.0000	0.0000	0.0000	0.1088	0.0950	0.0138	0.0323	0.0112	0.0211	0.0009	0.0009	0.0000	0.0314	0.0103	0.0211	0.0000	0.0000	0.0000	0.0000	0.0000	0.0000	0.0000	0.0000	0.0000	0.0000	0.0000	0.0000	0.0000	0.0000	0.0000	0.0000	0.0000	0.0000											
16	82	0.0442	2	0	1	1	2	0	0	0	0	N	N	N	Y	N	N	N	N	N	N	N	N	0.0000	0.0000	0.0000	0.0000	0.0000	0.0000	0.0000	0.0000	0.0000	0.0000	0.0000	0.0000	0.0000	0.0000	0.0000	0.0000	0.0000	0.0000	0.0000	0.0000	2.0000	0.0000	2.0010	4.0000	0.0000	0.0000	0.0000	0.0000	0.0000	0.0000	0.0000	0.0000	0.0000	0.0000	0.0000	0.0000	0.0000	0.0000	0.0000	0.0000	0.0000	0.0000	0.0000	0.0000	0.0000	0.0000	0.0000	0.0000	0.0000	0.0000	0.0000	0.0616	0.0215	0.0401	0.0018	0.0018	0.0001	0.0598	0.0197	0.0400	0.0000	0.0000	0.0000	0.0000	0.0000	0.0000	0.0000	0.0000	0.0000	0.0000	0.0000	0.0000	0.0000	0.0000	0.0000	0.0000	0.0000	0.0000											
16	83	0.0369	2	0	1	1	2	0	0	0	0	N	N	N	Y	N	N	N	N	N	N	N	N	0.0000	0.0000	0.0000	0.0000	0.0000	0.0000	0.0000	0.0000	0.0000	0.0000	0.0000	0.0000	0.0000	0.0000	0.0000	0.0000	0.0000	0.0000	0.0000	0.0000	2.0000	0.0000	2.0010	2.0000	0.0000	0.0000	0.0000	0.0000	0.0000	0.0000	0.0000	0.0000	0.0000	0.0000	0.0000	0.0000	0.0000	0.0000	0.0000	0.0000	0.0000	0.0000	0.0000	0.0000	0.0000	0.0000	0.0000	0.0000	0.0000	0.0000	0.0000	0.0322	0.0107	0.0215	0.0000	0.0000	0.0000	0.0321	0.0106	0.0215	0.0000	0.0000	0.0000	0.0000	0.0000	0.0000	0.0000	0.0000	0.0000	0.0000	0.0000	0.0000	0.0000	0.0000	0.0000	0.0000	0.0000	0.0000											
16	86	0.1160	4	1	2	0	1	0	0	0	0	N	Y	N	N	N	N	N	N	N	N	N	N	716.4854	1457.9917	0.0000	89.6934	90.8841	0.0000	1042.7692	inf	0.0000	2.3741	2.5824	0.0000	0.2777	0.2827	0.0000	3.5345	3.9955	0.0000	0.0033	0.0018	0.0046	0.0031	0.0031	0.0001	0.0034	0.0000	0.0046	0.0000	3.1448	-0.0000	0.0000	2.0000	0.0007	2.0010	0.9812	0.0002	0.0002	0.0000	0.0000	0.0000	0.0000	0.0002	0.0002	0.0000	0.0001	0.0000	0.0001	0.0000	0.0000	0.0000	0.0001	0.0000	0.0001	0.0001	0.0001	0.0000	0.0000	0.0000	0.0000	0.0001	0.0001	0.0000	0.0250	0.0113	0.0137	0.0065	0.0064	0.0000	0.0186	0.0049	0.0137	716.4854	1457.9917	0.0000	89.6934	90.8841	0.0000	1042.7692	inf	0.0000	0.0033	0.0018	0.0046	0.0031	0.0031	0.0001	0.0034	0.0000	0.0046
16	87	0.0602	3	1	2	0	1	0	0	0	0	N	Y	N	N	N	N	N	N	N	N	N	N	2079.0073	959.2274	0.0000	0.6004	0.5881	0.0000	16173.4497	inf	0.0000	3.7813	4.3040	0.0000	0.0221	0.0228	0.0000	3.8742	4.4215	0.0000	0.0018	0.0045	0.0004	0.0369	0.0387	0.0001	0.0002	0.0000	0.0004	0.0000	0.1444	-0.1972	-0.0001	2.0000	5.0272	2.0010	2.1572	0.9968	0.9968	0.0000	0.0001	0.0001	0.0000	0.9967	0.9967	0.0000	0.0002	0.0002	0.0000	0.0002	0.0002	0.0000	0.0000	0.0000	0.0000	0.2636	0.2316	0.0320	0.0064	0.0062	0.0002	0.2573	0.2254	0.0318	0.1024	0.0363	0.0661	0.0044	0.0042	0.0002	0.0979	0.0321	0.0659	2079.0073	959.2274	0.0000	0.6004	0.5881	0.0000	16173.4497	inf	0.0000	0.0018	0.0045	0.0004	0.0369	0.0387	0.0001	0.0002	0.0000	0.0004
16	88	0.0816	3	0	2	0	1	0	0	0	0	N	Y	N	N	N	N	N	N	N	N	N	N	0.0000	0.0000	0.0000	0.0000	0.0000	0.0000	0.0000	0.0000	0.0000	0.0000	0.0000	0.0000	0.0000	0.0000	0.0000	0.0000	0.0000	0.0000	0.0000	0.0000	2.0000	0.0000	2.0010	4.0000	0.0000	0.0000	0.0000	0.0000	0.0000	0.0000	0.0000	0.0000	0.0000	0.0000	0.0000	0.0000	0.0000	0.0000	0.0000	0.0000	0.0000	0.0000	0.0000	0.0000	0.0000	0.0000	0.0000	0.0000	0.0000	0.0000	0.0000	0.0581	0.0206	0.0375	0.0028	0.0026	0.0002	0.0553	0.0180	0.0373	0.0000	0.0000	0.0000	0.0000	0.0000	0.0000	0.0000	0.0000	0.0000	0.0000	0.0000	0.0000	0.0000	0.0000	0.0000	0.0000	0.0000	0.0000											
16	89	0.0442	2	0	2	0	1	0	0	0	0	N	Y	N	N	N	N	N	N	N	N	N	N	0.0000	0.0000	0.0000	0.0000	0.0000	0.0000	0.0000	0.0000	0.0000	0.0000	0.0000	0.0000	0.0000	0.0000	0.0000	0.0000	0.0000	0.0000	0.0000	0.0000	2.0000	3.0000	2.0010	2.0000	0.0000	0.0000	0.0000	0.0000	0.0000	0.0000	0.0000	0.0000	0.0000	0.0000	0.0000	0.0000	0.0000	0.0000	0.0000	0.0000	0.0000	0.0000	0.1592	0.1392	0.0200	0.0000	0.0000	0.0000	0.1592	0.1392	0.0200	0.0752	0.0263	0.0489	0.0023	0.0022	0.0001	0.0729	0.0241	0.0488	0.0000	0.0000	0.0000	0.0000	0.0000	0.0000	0.0000	0.0000	0.0000	0.0000	0.0000	0.0000	0.0000	0.0000	0.0000	0.0000	0.0000	0.0000											
16	90	0.0442	2	1	2	0	1	0	0	0	0	N	Y	N	N	N	N	N	N	N	N	N	N	0.0000	0.0000	0.0000	0.0000	0.0000	0.0000	0.0000	0.0000	0.0000	0.0000	0.0000	0.0000	0.0000	0.0000	0.0000	0.0000	0.0000	0.0000	0.0000	0.0000	2.0000	2.0000	2.0010	3.0000	0.0000	0.0000	0.0000	0.0000	0.0000	0.0000	0.0000	0.0000	0.0000	0.0000	0.0000	0.0000	0.0000	0.0000	0.0000	0.0000	0.0000	0.0000	0.1088	0.0950	0.0138	0.0000	0.0000	0.0000	0.1088	0.0950	0.0138	0.0752	0.0263	0.0489	0.0023	0.0022	0.0001	0.0729	0.0241	0.0488	0.0000	0.0000	0.0000	0.0000	0.0000	0.0000	0.0000	0.0000	0.0000	0.0000	0.0000	0.0000	0.0000	0.0000	0.0000	0.0000	0.0000	0.0000											
16	98	0.2224	9	0	1	0	1	0	0	0	0	N	N	N	N	N	N	N	N	N	N	N	N	0.0039	0.0024	0.1454	0.1381	0.0000	0.0000	0.0227	0.0250	0.0000	0.0543	0.0578	0.0000	0.0000	0.0000	0.0000	5.8196	10.5512	0.0000	0.3733	0.4183	0.0000	8.8098	24.1773	0.0000	0.0000	0.0000	-0.0017	-0.7240	2.0000	4.9999	2.0010	9.0821	0.0084	0.0084	0.0000	0.0084	0.0084	0.0000	0.0000	0.0000	0.0000	0.9667	0.9667	0.0000	0.0220	0.0220	0.0000	0.9447	0.9447	0.0000	0.3696	0.3349	0.0347	0.1543	0.1451	0.0093	0.2152	0.1898	0.0255	0.1661	0.0916	0.0745	0.0589	0.0525	0.0063	0.1072	0.0391	0.0682	0.0039	0.0024	0.0000	0.1454	0.1381	0.0000	0.0000	0.0000	0.0000	5.8196	10.5512	0.0000	0.3733	0.4183	0.0000	8.8098	24.1773	0.0000			
17	18	0.2298	8	1	2	0	0	0	0	0	0	N	Y	N	N	N	N	N	N	N	N	N	N	0.0000	0.0000	0.0000	0.0000	0.0000	0.0000	0.0000	0.0000	0.0000	0.0000	0.0000	0.0000	0.0000	0.0000	0.0000	0.0000	0.0000	0.0000	0.0000	0.0000	0.0017	0.0000	0.9948	0.0000	0.0000	0.0000	0.0000	0.0000	0.0000	0.0000	0.0000	0.0000	0.0000	0.0000	0.0000	0.0000	0.0000	0.0000	0.0000	0.0000	0.0000	0.0000	0.0000	0.0000	0.0000	0.0000	0.0000	0.0000	0.0000	0.0000	0.0000	0.0000	0.0000	0.0000	0.0000	0.0000	0.0000	0.0000	0.0000	0.0000	0.0000	0.0000	0.0000	0.0000	0.0000	0.0000	0.0000	0.0000	0.0000	0.0000	0.0000	0.0000	0.0000	0.0000	0.0000	0.0000	0.0000	0.0000											
17	19	0.0911	4	1	1	0	1	0	0	0	0	N	N	N	N	N	N	N	N	N	N	N	N	304.1798	139.9665	179.7227	152.4387	inf	inf	0.2692	0.2943	0.0000	0.6543	0.6801	0.0000	0.0048	0.0055	0.0000	0.0009	0.0021	0.0000	0.0036	0.0045	0.0000	0.0000	0.0000	0.0000	0.0000	0.0000	-0.0000	-0.0000	0.0017	3.0666	0.9948	4.9999	0.0001	0.0001	0.0000	0.0001	0.0001	0.0000	0.0000	0.0000	0.0000	0.0000	0.0000	0.0000	0.0000	0.0000	0.0000	0.0000	0.0000	0.0000	0.0002	0.0002	0.0000	0.0001	0.0001	0.0000	0.0001	0.0001	0.0000	0.0226	0.0095	0.0131	0.0055	0.0045	0.0010	0.0171	0.0050	0.0121	304.1798	139.9665	0.0000	179.7227	152.4387	0.0000	inf	inf	0.0000	0.0009	0.0021	0.0000	0.0036	0.0045	0.0000	0.0000	0.0000	0.0000			
17	20	0.0959	5	2	1	1	0	0	0	0	0	Y	N	N	N	N	N	N	N	N	N	N	N	0.0021	386.2422	0.0102	149.0816	0.0000	6.9760	0.0017	inf	0.0074	0.0019	0.0005	0.0164	0.0014	0.0000	0.0422	0.0022	0.0008	0.0120	0.8977	0.0000	1.6123	0.0000	0.0000	0.0061	1.2588	0.0000	1.6181	3.5800	1724547.6225	0.0000	0.0019	0.0017	0.9718	0.9948	0.9404	0.0000	0.0000	0.0000	0.0000	0.0000	0.0000	0.0000	0.0000	0.0000	0.0078	0.0000	0.0078	0.0000	0.0000	0.0000	0.0078	0.0000	0.0078	0.0001	0.0001	0.0000	0.0000	0.0000	0.0000	0.0000	0.0000	0.0000	0.0086	0.0038	0.0048	0.0025	0.0025	0.0000	0.0062	0.0014	0.0048	0.0021	386.2422	0.0102	149.0816	0.0000	37.6316	0.0017	inf	0.0074	0.8977	0.0000	1.6123	0.0000	0.0000	0.0011	1.2588	0.0000	1.6181
17	21	0.2587	8	1	2	0	0	0	0	0	0	N	Y	N	N	N	N	N	N	N	N	N	N	0.0178	inf	0.0000	1.0132	inf	0.0000	0.0000	0.0000	0.0000	0.0000	0.0000	0.0000	0.0000	0.0000	0.0000	0.0000	0.0000	0.0014	0.0000	0.0024	0.0000	0.0000	0.0087	0.0017	0.0000	0.0024	0.0000	inf	-0.0000	0.0000	0.0017	0.9958	0.9948	0.0079	0.0000	0.0000	0.0000	0.0000	0.0000	0.0000	0.0000	0.0000	0.0000	0.0000	0.0000	0.0000	0.0000	0.0000	0.0000	0.0000	0.0000	0.0000	0.0001	0.0001	0.0000	0.0001	0.0001	0.0000	0.0000	0.0000	0.0000	0.0025	0.0010	0.0015	0.0004	0.0004	0.0000	0.0021	0.0006	0.0015	0.0178	inf	0.0000	1.0132	inf	0.0000	0.0000	0.0000	0.0000	0.0014	0.0000	0.0024	0.0000	0.0000	0.0014	0.0017	0.0000	0.0024	
17	22	0.2151	8	1	2	0	0	0	0	0	0	N	Y	N	N	N	N	N	N	N	N	N	N	4.1026	69.5841	0.0959	42.4412	44.7384	0.3520	1.8600	282.7751	0.0211	0.1096	0.1188	0.0043	0.1486	0.1555	0.0111	0.0611	0.0693	0.0009	0.0267	0.0017	0.0447	0.0035	0.0035	0.0314	0.0328	0.0002	0.0449	0.0032	36.4342	-0.0000	0.0002	0.0017	4.0220	0.9948	5.3698	0.0000	0.0000	0.0000	0.0000	0.0000	0.0000	0.0000	0.0000	0.0000	0.0007	0.0000	0.0007	0.0000	0.0000	0.0000	0.0007	0.0000	0.0007	0.0004	0.0003	0.0000	0.0002	0.0002	0.0000	0.0002	0.0001	0.0000	0.0280	0.0117	0.0163	0.0058	0.0057	0.0001	0.0221	0.0060	0.0162	4.1026	69.5841	0.0959	42.4412	44.7384	2.2607	1.8600	10603.2029	0.0211	0.0267	0.0017	0.0447	0.0035	0.0035	0.0049	0.0328	0.0000	0.0449
17	23	0.0743	4	2	2	0	0	0	0	0	0	Y	Y	N	N	N	N	N	N	N	N	N	N	0.0000	0.0000	0.0000	0.0000	0.0000	0.0000	0.0000	0.0000	0.0000	0.0000	0.0000	0.0000	0.0000	0.0000	0.0000	0.0000	0.0000	0.0000	0.0000	0.0000	0.0017	0.0000	0.9948	3.0000	0.0000	0.0000	0.0000	0.0000	0.0000	0.0000	0.0000	0.0000	0.0000	0.0000	0.0000	0.0000	0.0000	0.0000	0.0000	0.0000	0.0000	0.0000	0.0000	0.0000	0.0000	0.0000	0.0000	0.0000	0.0000	0.0000	0.0000	0.0079	0.0034	0.0046	0.0016	0.0015	0.0000	0.0064	0.0018	0.0045	0.0000	0.0000	0.0000	0.0000	0.0000	0.0000	0.0000	0.0000	0.0000	0.0000	0.0000	0.0000	0.0000	0.0000	0.0000	0.0000	0.0000	0.0000											
17	24	0.2818	10	1	2	0	0	0	0	0	0	N	Y	N	N	N	N	N	N	N	N	N	N	30.7579	13.5547	0.0000	5.8318	5.8124	0.0000	0.0000	0.0000	0.1308	0.1359	0.0000	0.1429	0.1472	0.0000	0.0000	0.0000	0.0000	0.0043	0.0100	0.0002	0.0245	0.0253	0.0002	0.0001	0.0000	0.0002	0.0000	0.0285	-0.0000	-0.0000	0.0017	0.0018	0.9948	0.9893	0.0000	0.0000	0.0000	0.0000	0.0000	0.0000	0.0000	0.0000	0.0000	0.0000	0.0000	0.0000	0.0000	0.0000	0.0000	0.0000	0.0000	0.0000	0.0000	0.0000	0.0000	0.0000	0.0000	0.0000	0.0000	0.0000	0.0000	0.0024	0.0010	0.0014	0.0004	0.0004	0.0000	0.0020	0.0006	0.0014	30.7579	13.5547	0.0000	5.8318	5.8124	0.0000	0.0000	0.0000	0.0000	0.0043	0.0100	0.0002	0.0245	0.0253	0.0001	0.0001	0.0000	0.0002	
17	25	0.0911	4	2	2	0	0	0	0	0	0	Y	Y	N	N	N	N	N	N	N	N	N	N	336.7762	154.6280	192.0948	163.5160	inf	inf	0.3818	0.4176	0.0000	0.8958	0.9340	0.0000	0.0070	0.0080	0.0000	0.0011	0.0027	0.0000	0.0047	0.0057	0.0000	0.0000	0.0000	0.0000	0.0000	0.0000	-0.0000	-0.0000	0.0017	2.0666	0.9948	3.9999	0.0001	0.0001	0.0000	0.0001	0.0001	0.0000	0.0000	0.0000	0.0000	0.0000	0.0000	0.0000	0.0000	0.0000	0.0000	0.0000	0.0000	0.0000	0.0002	0.0002	0.0000	0.0001	0.0001	0.0000	0.0001	0.0001	0.0000	0.0176	0.0074	0.0102	0.0043	0.0035	0.0008	0.0134	0.0039	0.0094	336.7762	154.6280	0.0000	192.0948	163.5160	0.0000	inf	inf	0.0000	0.0011	0.0027	0.0000	0.0047	0.0057	0.0000	0.0000	0.0000	0.0000			
17	26	0.0743	4	1	2	0	0	0	0	0	0	N	Y	N	N	N	N	N	N	N	N	N	N	0.0000	0.0000	0.0000	0.0000	0.0000	0.0000	0.0000	0.0000	0.0000	0.0000	0.0000	0.0000	0.0000	0.0000	0.0000	0.0000	0.0000	0.0000	0.0000	0.0000	0.0017	1.0000	0.9948	4.0000	0.0000	0.0000	0.0000	0.0000	0.0000	0.0000	0.0000	0.0000	0.0000	0.0000	0.0000	0.0000	0.0000	0.0000	0.0000	0.0000	0.0000	0.0000	0.0001	0.0001	0.0000	0.0000	0.0000	0.0000	0.0000	0.0000	0.0000	0.0128	0.0054	0.0074	0.0025	0.0025	0.0000	0.0103	0.0030	0.0073	0.0000	0.0000	0.0000	0.0000	0.0000	0.0000	0.0000	0.0000	0.0000	0.0000	0.0000	0.0000	0.0000	0.0000	0.0000	0.0000	0.0000	0.0000											
17	27	0.0743	4	1	2	0	0	0	0	0	0	N	Y	N	N	N	N	N	N	N	N	N	N	0.0000	0.0000	0.0000	0.0000	0.0000	0.0000	0.0000	0.0000	0.0000	0.0000	0.0000	0.0000	0.0000	1.0419	0.0000	1.8100	0.0000	0.0000	0.0000	1.2958	0.0000	1.8206	inf	0.0000	0.0021	0.0017	1.0000	0.9948	2.0000	0.0000	0.0000	0.0000	0.0000	0.0000	0.0000	0.0000	0.0000	0.0000	0.0083	0.0000	0.0083	0.0000	0.0000	0.0000	0.0083	0.0000	0.0083	0.0001	0.0001	0.0000	0.0000	0.0000	0.0000	0.0000	0.0000	0.0000	0.0079	0.0034	0.0046	0.0016	0.0015	0.0000	0.0064	0.0018	0.0045	0.0000	0.0000	0.0000	0.0000	0.0000	0.0000	0.0000	0.0000	0.0000	1.0419	0.0000	1.8100	0.0000	0.0000	0.0000	1.2958	0.0000	1.8206						
17	28	0.0911	4	1	2	1	1	0	0	0	0	N	Y	N	N	N	N	N	N	N	N	N	N	85.4463	39.5119	51.7974	43.8285	0.1286	0.1406	0.0000	0.3215	0.3336	0.0000	0.0000	0.0000	0.0000	0.0015	0.0036	0.0000	0.0062	0.0076	0.0000	0.0000	0.0000	0.0000	0.0000	0.0000	-0.0000	-0.0000	0.0017	3.9334	0.9948	8.9999	0.0000	0.0000	0.0000	0.0000	0.0000	0.0000	0.0000	0.0000	0.0000	0.0001	0.0001	0.0000	0.0001	0.0001	0.0000	0.0000	0.0000	0.0000	0.0003	0.0003	0.0000	0.0001	0.0001	0.0000	0.0002	0.0002	0.0000	0.0332	0.0141	0.0192	0.0081	0.0066	0.0015	0.0252	0.0075	0.0177	85.4463	39.5119	0.0000	51.7974	43.8285	0.0000	0.0000	0.0000	0.0000	0.0015	0.0036	0.0000	0.0062	0.0076	0.0000	0.0000	0.0000	0.0000					
17	29	0.0433	2	1	2	0	0	0	0	0	0	N	Y	N	N	N	N	N	N	N	N	N	N	190.4417	88.2070	0.0000	93.3510	96.3274	0.0000	0.6526	0.8158	0.0000	2.0106	2.3250	0.0000	5.3503	5.6133	0.0000	0.0004	0.0005	0.0000	0.0106	0.0264	0.0008	0.0573	0.0583	0.0066	0.0006	0.0006	0.0008	0.0000	0.0500	-0.0003	-0.0002	0.0017	7.9836	0.9948	2.1583	0.0013	0.0013	0.0000	0.0013	0.0013	0.0000	0.0000	0.0000	0.0000	0.0003	0.0003	0.0000	0.0003	0.0003	0.0000	0.0000	0.0000	0.0000	0.0007	0.0006	0.0001	0.0003	0.0002	0.0000	0.0004	0.0003	0.0001	0.0319	0.0122	0.0197	0.0056	0.0055	0.0001	0.0263	0.0067	0.0196	190.4417	88.2070	0.0000	93.3510	96.3274	0.0000	0.6526	41.1888	0.0000	0.0106	0.0264	0.0008	0.0573	0.0583	0.0012	0.0006	0.0000	0.0008
17	30	0.0911	4	2	2	0	0	0	0	0	0	Y	Y	N	N	N	N	N	N	N	N	N	N	391.3279	181.7400	222.3347	187.1551	inf	inf	0.1661	0.1812	0.0000	0.3927	0.4056	0.0000	0.0251	0.0284	0.0000	0.0004	0.0010	0.0000	0.0018	0.0022	0.0000	0.0000	0.0000	0.0000	0.0000	0.0000	-0.0000	-0.0000	0.0017	9.9334	0.9948	11.0001	0.0001	0.0001	0.0000	0.0001	0.0001	0.0000	0.0000	0.0000	0.0000	0.0000	0.0000	0.0000	0.0000	0.0000	0.0000	0.0000	0.0000	0.0000	0.0006	0.0006	0.0001	0.0002	0.0002	0.0000	0.0004	0.0004	0.0000	0.0471	0.0201	0.0270	0.0113	0.0092	0.0021	0.0358	0.0108	0.0250	391.3279	181.7400	0.0000	222.3347	187.1551	0.0000	inf	inf	0.0000	0.0004	0.0010	0.0000	0.0018	0.0022	0.0000	0.0000	0.0000	0.0000			
17	31	0.0911	4	1	1	1	0	0	0	0	0	N	N	N	N	N	N	N	N	N	N	N	N	185.8648	85.5150	110.6150	93.8547	0.1668	0.1824	0.0000	0.4085	0.4247	0.0000	0.0000	0.0000	0.0000	0.0009	0.0021	0.0000	0.0037	0.0045	0.0000	0.0000	0.0000	0.0000	0.0000	0.0000	-0.0000	-0.0000	0.0017	2.9334	0.9948	4.9999	0.0000	0.0000	0.0000	0.0000	0.0000	0.0000	0.0000	0.0000	0.0000	0.0000	0.0000	0.0000	0.0000	0.0000	0.0000	0.0000	0.0000	0.0000	0.0002	0.0002	0.0000	0.0001	0.0001	0.0000	0.0001	0.0001	0.0000	0.0223	0.0094	0.0129	0.0054	0.0044	0.0010	0.0169	0.0050	0.0119	185.8648	85.5150	0.0000	110.6150	93.8547	0.0000	0.0000	0.0000	0.0000	0.0009	0.0021	0.0000	0.0037	0.0045	0.0000	0.0000	0.0000	0.0000					
17	32	0.0911	4	1	2	0	0	0	0	0	0	N	Y	N	N	N	N	N	N	N	N	N	N	0.0264	0.2306	0.0000	1.7234	1.4620	0.0085	0.0054	0.0000	0.0114	0.0125	0.0000	0.0211	0.0219	0.0000	0.0048	0.0055	0.0000	0.4328	0.0543	0.7073	0.0122	0.0150	0.0000	0.5679	1.0081	0.7664	0.0000	17.9783	-0.0000	0.0017	0.0017	3.0666	0.9948	3.9999	0.0000	0.0000	0.0000	0.0000	0.0000	0.0000	0.0000	0.0000	0.0000	0.0087	0.0005	0.0083	0.0001	0.0001	0.0000	0.0087	0.0004	0.0083	0.0002	0.0002	0.0000	0.0001	0.0001	0.0000	0.0001	0.0001	0.0000	0.0202	0.0085	0.0117	0.0049	0.0040	0.0009	0.0153	0.0045	0.0108	0.0264	0.2306	0.0000	1.7234	1.4620	0.0000	0.0085	0.0612	0.0000	0.4328	0.0543	0.7073	0.0122	0.0150	0.0000	0.5679	0.0894	0.7664	
17	33	0.0922	5	2	1	1	0	0	0	0	0	Y	N	N	N	N	N	N	N	N	N	N	N	0.0000	0.0000	0.0000	0.0000	0.0000	0.0000	0.0000	0.0000	0.0000	0.0000	0.0000	0.0000	0.0000	0.0000	0.0000	0.0000	0.0000	0.0011	0.0024	0.0000	0.0039	0.0043	0.0000	0.0000	0.0000	0.0001	0.0249	0.0000	-0.0000	0.0017	0.9991	0.9948	2.0219	0.0000	0.0000	0.0000	0.0000	0.0000	0.0000	0.0000	0.0000	0.0000	0.0000	0.0000	0.0000	0.0000	0.0000	0.0000	0.0000	0.0000	0.0000	0.0001	0.0001	0.0000	0.0000	0.0000	0.0000	0.0000	0.0000	0.0000	0.0095	0.0043	0.0052	0.0026	0.0024	0.0002	0.0069	0.0019	0.0050	0.0000	0.0000	0.0000	0.0000	0.0000	0.0000	0.0000	0.0000	0.0000	0.0011	0.0024	0.0000	0.0039	0.0043	0.0000	0.0000	0.0000	0.0001		
17	34	0.0911	4	1	2	0	0	0	0	0	0	N	Y	N	N	N	N	N	N	N	N	N	N	283.2423	130.5184	174.2735	147.3336	0.1053	0.1150	0.0000	0.2667	0.2764	0.0000	0.0000	0.0000	0.0000	0.0004	0.0009	0.0000	0.0015	0.0019	0.0000	0.0000	0.0000	0.0000	0.0000	0.0000	-0.0000	-0.0000	0.0017	4.9334	0.9948	5.0001	0.0000	0.0000	0.0000	0.0000	0.0000	0.0000	0.0000	0.0000	0.0000	0.0000	0.0000	0.0000	0.0000	0.0000	0.0000	0.0000	0.0000	0.0000	0.0004	0.0003	0.0000	0.0001	0.0001	0.0000	0.0002	0.0002	0.0000	0.0269	0.0113	0.0156	0.0065	0.0053	0.0012	0.0204	0.0060	0.0144	283.2423	130.5184	0.0000	174.2735	147.3336	0.0000	0.0000	0.0000	0.0000	0.0004	0.0009	0.0000	0.0015	0.0019	0.0000	0.0000	0.0000	0.0000					
17	35	0.0922	5	2	1	1	0	0	0	0	0	Y	N	N	N	N	N	N	N	N	N	N	N	0.0000	0.0000	0.0000	0.0000	0.0000	0.0000	0.0000	0.0000	0.0000	0.0000	0.0000	0.0000	0.0000	0.0000	0.0000	0.0000	0.0015	0.0032	0.0000	0.0051	0.0055	0.0000	0.0000	0.0000	0.0000	0.0090	0.0000	-0.0000	0.0017	0.0009	0.9948	1.9867	0.0000	0.0000	0.0000	0.0000	0.0000	0.0000	0.0000	0.0000	0.0000	0.0000	0.0000	0.0000	0.0000	0.0000	0.0000	0.0000	0.0000	0.0000	0.0000	0.0000	0.0000	0.0000	0.0000	0.0000	0.0000	0.0000	0.0000	0.0068	0.0032	0.0037	0.0020	0.0018	0.0001	0.0048	0.0013	0.0035	0.0000	0.0000	0.0000	0.0000	0.0000	0.0000	0.0000	0.0000	0.0000	0.0015	0.0032	0.0000	0.0051	0.0055	0.0000	0.0000	0.0000	0.0000			
17	36	0.0743	4	2	1	1	0	0	0	0	0	Y	N	N	N	N	N	N	N	N	N	N	N	0.0000	0.0000	0.0000	0.0000	0.0000	0.0000	0.0000	0.0000	0.0000	0.0000	0.0000	0.0000	0.0000	0.0000	0.0000	0.0000	0.0000	0.0001	0.0001	0.0001	0.0002	0.0002	0.0000	0.0000	0.0000	0.0001	0.7269	0.0000	-0.0000	0.0017	1.0009	0.9948	2.0357	0.0000	0.0000	0.0000	0.0000	0.0000	0.0000	0.0000	0.0000	0.0000	0.0000	0.0000	0.0000	0.0000	0.0000	0.0000	0.0000	0.0000	0.0000	0.0001	0.0001	0.0000	0.0000	0.0000	0.0000	0.0000	0.0000	0.0000	0.0080	0.0034	0.0046	0.0016	0.0015	0.0000	0.0065	0.0019	0.0046	0.0000	0.0000	0.0000	0.0000	0.0000	0.0000	0.0000	0.0000	0.0000	0.0001	0.0001	0.0001	0.0002	0.0002	0.0000	0.0000	0.0000	0.0001		
17	37	0.0743	4	2	1	1	0	0	0	0	0	Y	N	N	N	N	N	N	N	N	N	N	N	0.0000	0.0000	0.0000	0.0000	0.0000	0.0000	0.0000	0.0000	0.0000	0.0000	0.0000	0.0000	0.0000	0.0000	0.0000	0.0000	0.7947	0.0023	1.3792	0.0049	0.0050	0.0000	0.9864	0.0000	1.3873	827.0000	0.0000	0.0021	0.0017	1.0000	0.9948	3.0000	0.0000	0.0000	0.0000	0.0000	0.0000	0.0000	0.0000	0.0000	0.0000	0.0083	0.0000	0.0083	0.0000	0.0000	0.0000	0.0083	0.0000	0.0083	0.0001	0.0001	0.0000	0.0000	0.0000	0.0000	0.0000	0.0000	0.0000	0.0104	0.0044	0.0060	0.0020	0.0020	0.0000	0.0084	0.0024	0.0060	0.0000	0.0000	0.0000	0.0000	0.0000	0.0000	0.0000	0.0000	0.0000	0.7947	0.0023	1.3792	0.0049	0.0050	0.0000	0.9864	0.0000	1.3873			
17	38	0.0911	4	1	1	1	0	0	0	0	0	N	N	N	N	N	N	N	N	N	N	N	N	0.4487	0.2059	1.8090	1.5350	0.1611	0.0053	0.0114	0.0125	0.0000	0.0211	0.0219	0.0000	0.0048	0.0055	0.0000	0.0255	0.0608	0.0000	0.0117	0.0143	0.0000	0.0300	1.0325	0.0000	0.0000	0.0000	-0.0000	-0.0003	0.0017	3.0666	0.9948	2.9999	0.0000	0.0000	0.0000	0.0000	0.0000	0.0000	0.0000	0.0000	0.0000	0.0005	0.0005	0.0000	0.0001	0.0001	0.0000	0.0004	0.0004	0.0000	0.0002	0.0002	0.0000	0.0001	0.0001	0.0000	0.0001	0.0001	0.0000	0.0176	0.0074	0.0102	0.0043	0.0035	0.0008	0.0134	0.0039	0.0094	0.4487	0.2059	0.0000	1.8090	1.5350	0.0000	0.1611	0.0534	0.0000	0.0255	0.0608	0.0000	0.0117	0.0143	0.0000	0.0300	0.1025	0.0000			
17	39	0.0911	4	1	2	0	0	0	0	0	0	N	Y	N	N	N	N	N	N	N	N	N	N	0.2690	inf	0.0000	inf	inf	0.0000	0.0000	0.1286	0.1406	0.0000	0.3215	0.3336	0.0000	0.0000	0.0000	0.0000	0.4781	0.0000	0.8238	0.0000	0.0000	0.0000	0.6316	0.0000	0.8924	0.0000	inf	-0.0000	0.0021	0.0017	3.9334	0.9948	2.0001	0.0000	0.0000	0.0000	0.0000	0.0000	0.0000	0.0000	0.0000	0.0000	0.0083	0.0000	0.0083	0.0000	0.0000	0.0000	0.0083	0.0000	0.0083	0.0003	0.0003	0.0000	0.0001	0.0001	0.0000	0.0002	0.0002	0.0000	0.0173	0.0073	0.0100	0.0042	0.0034	0.0008	0.0131	0.0038	0.0093	0.2690	inf	0.0000	inf	inf	0.0000	0.0000	0.0000	0.0000	0.4781	0.0000	0.8238	0.0000	0.0000	0.0000	0.6316	0.0000	0.8924		
17	40	0.1082	7	2	2	1	0	0	0	0	0	Y	Y	N	N	N	N	N	N	N	N	N	N	0.0000	0.0000	0.0000	0.0000	0.0000	0.0000	0.0000	0.0000	0.0000	0.0000	0.0000	0.0000	0.0000	0.0000	0.0000	0.0000	0.0000	0.0000	0.0000	0.0000	0.0017	0.0000	0.9948	0.0000	0.0000	0.0000	0.0000	0.0000	0.0000	0.0000	0.0000	0.0000	0.0000	0.0000	0.0000	0.0000	0.0000	0.0000	0.0000	0.0000	0.0000	0.0000	0.0000	0.0000	0.0000	0.0000	0.0000	0.0000	0.0000	0.0000	0.0000	0.0000	0.0000	0.0000	0.0000	0.0000	0.0000	0.0000	0.0000	0.0000	0.0000	0.0000	0.0000	0.0000	0.0000	0.0000	0.0000	0.0000	0.0000	0.0000	0.0000	0.0000	0.0000	0.0000	0.0000	0.0000	0.0000	0.0000											
17	41	0.1082	6	2	2	1	0	0	0	0	0	Y	Y	N	N	N	N	N	N	N	N	N	N	0.0000	0.0000	0.0000	0.0000	0.0000	0.0000	0.0000	0.0000	0.0000	0.0000	0.0000	0.0000	0.0000	0.0000	0.0000	0.0000	0.9483	0.0082	1.6230	0.0189	0.0192	0.0000	1.1543	0.0000	1.6315	275.6391	0.0000	0.0021	0.0017	1.0000	0.9948	1.9999	0.0000	0.0000	0.0000	0.0000	0.0000	0.0000	0.0000	0.0000	0.0000	0.0083	0.0000	0.0083	0.0000	0.0000	0.0000	0.0083	0.0000	0.0083	0.0001	0.0001	0.0000	0.0000	0.0000	0.0000	0.0000	0.0000	0.0000	0.0088	0.0037	0.0051	0.0016	0.0016	0.0000	0.0072	0.0021	0.0051	0.0000	0.0000	0.0000	0.0000	0.0000	0.0000	0.0000	0.0000	0.0000	0.9483	0.0082	1.6230	0.0189	0.0192	0.0000	1.1543	0.0000	1.6315			
17	42	0.2324	7	2	2	0	0	0	0	0	0	Y	Y	N	N	N	N	N	N	N	N	N	N	0.1075	34366.1242	0.0000	94.6673	37401.6014	0.0000	0.0000	0.0000	0.0000	0.0714	0.0722	0.0000	0.0936	0.0972	0.0000	0.0000	0.0000	0.0000	0.6642	0.0000	1.3094	0.0010	0.0000	0.3067	1.0648	0.0000	1.3449	0.0612	641795.8741	-0.0000	0.0022	0.0017	0.0007	0.9948	2.0242	0.0000	0.0000	0.0000	0.0000	0.0000	0.0000	0.0000	0.0000	0.0000	0.0087	0.0000	0.0087	0.0000	0.0000	0.0000	0.0087	0.0000	0.0087	0.0000	0.0000	0.0000	0.0000	0.0000	0.0000	0.0000	0.0000	0.0000	0.0130	0.0064	0.0066	0.0049	0.0047	0.0002	0.0081	0.0017	0.0064	0.1075	34366.1242	0.0000	94.6673	37401.6014	0.0000	0.0000	0.0000	0.0000	0.6642	0.0000	1.3094	0.0010	0.0000	0.0272	1.0648	0.0000	1.3449
17	43	0.1355	5	1	2	0	1	0	0	0	0	N	Y	N	N	N	N	N	N	N	N	N	N	0.0000	0.0000	0.0000	0.0000	0.0000	0.0000	0.0000	0.0000	0.0000	0.0000	0.0000	0.0000	0.0000	0.0000	0.0000	0.0000	0.0000	0.0000	0.0000	0.0000	0.0017	0.0000	0.9948	0.0000	0.0000	0.0000	0.0000	0.0000	0.0000	0.0000	0.0000	0.0000	0.0000	0.0000	0.0000	0.0000	0.0000	0.0000	0.0000	0.0000	0.0000	0.0000	0.0000	0.0000	0.0000	0.0000	0.0000	0.0000	0.0000	0.0000	0.0000	0.0000	0.0000	0.0000	0.0000	0.0000	0.0000	0.0000	0.0000	0.0000	0.0000	0.0000	0.0000	0.0000	0.0000	0.0000	0.0000	0.0000	0.0000	0.0000	0.0000	0.0000	0.0000	0.0000	0.0000	0.0000	0.0000	0.0000											
17	44	0.1355	5	1	1	0	1	0	0	0	0	N	N	N	N	N	N	N	N	N	N	N	N	0.0000	0.0000	0.0000	0.0000	0.0000	0.0000	0.0000	0.0000	0.0000	0.0000	0.0000	0.0000	0.0000	0.0000	0.0000	0.0000	0.0000	0.0000	0.0000	0.0000	0.0017	0.0000	0.9948	0.0000	0.0000	0.0000	0.0000	0.0000	0.0000	0.0000	0.0000	0.0000	0.0000	0.0000	0.0000	0.0000	0.0000	0.0000	0.0000	0.0000	0.0000	0.0000	0.0000	0.0000	0.0000	0.0000	0.0000	0.0000	0.0000	0.0000	0.0000	0.0000	0.0000	0.0000	0.0000	0.0000	0.0000	0.0000	0.0000	0.0000	0.0000	0.0000	0.0000	0.0000	0.0000	0.0000	0.0000	0.0000	0.0000	0.0000	0.0000	0.0000	0.0000	0.0000	0.0000	0.0000	0.0000	0.0000											
17	45	0.0911	4	1	1	0	1	0	0	0	0	N	N	N	N	N	N	N	N	N	N	N	N	0.6557	249.4989	0.0000	320.8126	272.1643	0.0089	inf	0.0000	0.2692	0.2943	0.0000	0.6543	0.6801	0.0000	0.0048	0.0055	0.0000	0.4105	0.0012	0.7073	0.0020	0.0025	0.0000	0.5417	0.0000	0.7664	0.0000	827.0000	-0.0000	0.0021	0.0017	3.0666	0.9948	3.9999	0.0001	0.0001	0.0000	0.0001	0.0001	0.0000	0.0000	0.0000	0.0000	0.0083	0.0000	0.0083	0.0000	0.0000	0.0000	0.0083	0.0000	0.0083	0.0002	0.0002	0.0000	0.0001	0.0001	0.0000	0.0001	0.0001	0.0000	0.0202	0.0085	0.0117	0.0049	0.0040	0.0009	0.0153	0.0045	0.0108	0.6557	249.4989	0.0000	320.8126	272.1643	0.0000	0.0089	inf	0.0000	0.4105	0.0012	0.7073	0.0020	0.0025	0.0000	0.5417	0.0000	0.7664	
17	46	0.0743	4	2	1	1	0	0	0	0	0	Y	N	N	N	N	N	N	N	N	N	N	N	0.0000	0.0000	0.0000	0.0000	0.0000	0.0000	0.0000	0.0000	0.0000	0.0000	0.0000	0.0000	0.0000	1.5383	0.0000	2.6720	0.0000	0.0000	0.0000	1.9148	0.0000	2.6877	inf	0.0000	0.0021	0.0017	0.0000	0.9948	2.0000	0.0000	0.0000	0.0000	0.0000	0.0000	0.0000	0.0000	0.0000	0.0000	0.0083	0.0000	0.0083	0.0000	0.0000	0.0000	0.0083	0.0000	0.0083	0.0000	0.0000	0.0000	0.0000	0.0000	0.0000	0.0000	0.0000	0.0000	0.0054	0.0023	0.0031	0.0011	0.0010	0.0000	0.0043	0.0012	0.0031	0.0000	0.0000	0.0000	0.0000	0.0000	0.0000	0.0000	0.0000	0.0000	1.5383	0.0000	2.6720	0.0000	0.0000	0.0000	1.9148	0.0000	2.6877						
17	50	0.0743	4	1	2	0	0	0	0	0	0	N	Y	N	N	N	N	N	N	N	N	N	N	0.0000	0.0000	0.0000	0.0000	0.0000	0.0000	0.0000	0.0000	0.0000	0.0000	0.0000	0.0000	0.0000	0.0000	0.0000	0.0000	0.0000	0.0000	0.0000	0.0000	0.0017	0.0000	0.9948	0.0000	0.0000	0.0000	0.0000	0.0000	0.0000	0.0000	0.0000	0.0000	0.0000	0.0000	0.0000	0.0000	0.0000	0.0000	0.0000	0.0000	0.0000	0.0000	0.0000	0.0000	0.0000	0.0000	0.0000	0.0000	0.0000	0.0000	0.0000	0.0000	0.0000	0.0000	0.0000	0.0000	0.0000	0.0000	0.0000	0.0000	0.0000	0.0000	0.0000	0.0000	0.0000	0.0000	0.0000	0.0000	0.0000	0.0000	0.0000	0.0000	0.0000	0.0000	0.0000	0.0000	0.0000	0.0000											
17	51	0.0743	4	2	2	0	0	0	0	0	0	Y	Y	N	N	N	N	N	N	N	N	N	N	0.0000	0.0000	0.0000	0.0000	0.0000	0.0000	0.0000	0.0000	0.0000	0.0000	0.0000	0.0000	0.0000	0.0000	0.0000	0.0442	0.1040	0.0000	0.0295	0.0300	0.0000	0.0477	1.3038	0.0000	0.0000	0.0000	-0.0003	0.0017	1.0000	0.9948	3.0000	0.0000	0.0000	0.0000	0.0000	0.0000	0.0000	0.0000	0.0000	0.0000	0.0005	0.0005	0.0000	0.0001	0.0001	0.0000	0.0004	0.0004	0.0000	0.0001	0.0001	0.0000	0.0000	0.0000	0.0000	0.0000	0.0000	0.0000	0.0104	0.0044	0.0060	0.0020	0.0020	0.0000	0.0084	0.0024	0.0060	0.0000	0.0000	0.0000	0.0000	0.0000	0.0000	0.0000	0.0000	0.0000	0.0442	0.1040	0.0000	0.0295	0.0300	0.0000	0.0477	0.1651	0.0000				
17	52	0.1477	5	1	1	0	0	0	0	0	0	N	N	N	N	N	N	N	N	N	N	N	N	0.7977	0.6461	0.0000	0.5239	0.6188	0.0000	0.0000	0.0000	0.0008	0.0008	0.0000	0.0016	0.0017	0.0000	0.0000	0.0000	0.0000	0.0010	0.0013	0.0006	0.0030	0.0027	0.2230	0.0002	0.0000	0.0004	0.0000	0.4312	-0.0000	-0.0000	0.0017	3.0179	0.9948	1.1627	0.0000	0.0000	0.0000	0.0000	0.0000	0.0000	0.0000	0.0000	0.0000	0.0000	0.0000	0.0000	0.0000	0.0000	0.0000	0.0000	0.0000	0.0000	0.0002	0.0002	0.0000	0.0001	0.0001	0.0000	0.0001	0.0001	0.0000	0.0134	0.0070	0.0065	0.0034	0.0033	0.0001	0.0100	0.0037	0.0064	0.7977	0.6461	0.0000	0.5239	0.6188	0.0000	0.0000	0.0000	0.0000	0.0010	0.0013	0.0006	0.0030	0.0027	0.0191	0.0002	0.0000	0.0004	
17	53	0.0743	4	2	2	1	0	0	0	0	0	Y	Y	N	N	N	N	N	N	N	N	N	N	0.0000	0.0000	0.0000	0.0000	0.0000	0.0000	0.0000	0.0000	0.0000	0.0000	0.0000	0.0000	0.0000	0.0000	0.0000	0.0000	0.0000	0.0000	0.0000	0.0000	0.0017	4.0000	0.9948	1.0000	0.0000	0.0000	0.0000	0.0000	0.0000	0.0000	0.0000	0.0000	0.0000	0.0000	0.0000	0.0000	0.0000	0.0000	0.0000	0.0000	0.0000	0.0000	0.0002	0.0002	0.0000	0.0001	0.0001	0.0000	0.0001	0.0001	0.0000	0.0128	0.0054	0.0074	0.0025	0.0025	0.0000	0.0103	0.0030	0.0073	0.0000	0.0000	0.0000	0.0000	0.0000	0.0000	0.0000	0.0000	0.0000	0.0000	0.0000	0.0000	0.0000	0.0000	0.0000	0.0000	0.0000	0.0000											
17	54	0.1477	5	1	2	0	0	0	0	0	0	N	Y	N	N	N	N	N	N	N	N	N	N	1.1957	0.7259	0.0000	0.6129	0.6538	0.0000	0.0000	0.0000	0.0000	0.0011	0.0012	0.0000	0.0022	0.0023	0.0000	0.0000	0.0000	0.0000	0.0009	0.0016	0.0003	0.0036	0.0036	0.0487	0.0001	0.0000	0.0002	0.0000	0.1813	-0.0000	-0.0000	0.0017	2.0683	0.9948	6.9961	0.0000	0.0000	0.0000	0.0000	0.0000	0.0000	0.0000	0.0000	0.0000	0.0000	0.0000	0.0000	0.0000	0.0000	0.0000	0.0000	0.0000	0.0000	0.0001	0.0001	0.0000	0.0001	0.0001	0.0000	0.0001	0.0001	0.0000	0.0242	0.0114	0.0128	0.0053	0.0052	0.0001	0.0189	0.0062	0.0127	1.1957	0.7259	0.0000	0.6129	0.6538	0.0000	0.0000	0.0000	0.0000	0.0009	0.0016	0.0003	0.0036	0.0036	0.0065	0.0001	0.0000	0.0002
17	55	0.0911	4	1	1	0	0	0	0	0	0	N	N	N	N	N	N	N	N	N	N	N	N	10.6723	1136.1965	0.0000	57.7727	1473.6230	0.0000	0.0030	0.0377	0.0000	0.1974	0.2157	0.0000	0.4933	0.5119	0.0000	0.0001	0.0001	0.0000	0.0185	0.0002	0.0318	0.0085	0.0003	0.4433	0.0217	0.0020	0.0307	0.0000	230.1868	-0.0000	0.0001	0.0017	3.9265	0.9948	5.0808	0.0001	0.0001	0.0000	0.0001	0.0001	0.0000	0.0000	0.0000	0.0000	0.0005	0.0000	0.0005	0.0001	0.0000	0.0000	0.0004	0.0000	0.0004	0.0003	0.0003	0.0000	0.0001	0.0001	0.0000	0.0002	0.0002	0.0000	0.0248	0.0105	0.0144	0.0060	0.0049	0.0011	0.0188	0.0055	0.0132	10.6723	1136.1965	0.0000	57.7727	1473.6230	0.0000	0.0030	1.4986	0.0000	0.0185	0.0002	0.0318	0.0085	0.0003	0.0448	0.0217	0.0000	0.0307
17	56	0.0743	4	2	1	1	0	0	0	0	0	Y	N	N	N	N	N	N	N	N	N	N	N	0.0000	0.0000	0.0000	0.0000	0.0000	0.0000	0.0000	0.0000	0.0000	0.0000	0.0000	0.0000	0.0000	0.0051	0.0119	0.0000	0.0265	0.0270	0.0000	0.0000	0.0000	0.0000	0.0000	0.0000	-0.0001	0.0017	4.0000	0.9948	7.0000	0.0000	0.0000	0.0000	0.0000	0.0000	0.0000	0.0000	0.0000	0.0000	0.0001	0.0001	0.0000	0.0001	0.0001	0.0000	0.0000	0.0000	0.0000	0.0002	0.0002	0.0000	0.0001	0.0001	0.0000	0.0001	0.0001	0.0000	0.0257	0.0109	0.0148	0.0049	0.0048	0.0001	0.0208	0.0061	0.0147	0.0000	0.0000	0.0000	0.0000	0.0000	0.0000	0.0000	0.0000	0.0000	0.0051	0.0119	0.0000	0.0265	0.0270	0.0000	0.0000	0.0000	0.0000						
17	57	0.2262	9	1	2	0	0	0	0	0	0	N	Y	N	N	N	N	N	N	N	N	N	N	0.5410	0.2691	0.0000	0.1559	0.1588	0.0000	3.0632	inf	0.0000	0.0999	0.1086	0.0000	0.1381	0.1450	0.0000	0.0550	0.0623	0.0000	0.1847	0.4035	0.0251	0.8860	0.9130	0.0423	0.0180	0.0000	0.0253	0.0000	0.0854	-0.0000	-0.0050	0.0017	9.7645	0.9948	7.4558	0.0001	0.0001	0.0000	0.0001	0.0001	0.0000	0.0000	0.0000	0.0000	0.0075	0.0069	0.0006	0.0069	0.0069	0.0000	0.0006	0.0000	0.0006	0.0008	0.0007	0.0001	0.0004	0.0004	0.0000	0.0004	0.0003	0.0000	0.0404	0.0170	0.0234	0.0078	0.0075	0.0002	0.0326	0.0095	0.0231	0.5410	0.2691	0.0000	0.1559	0.1588	0.0000	3.0632	inf	0.0000	0.1847	0.4035	0.0251	0.8860	0.9130	0.0061	0.0180	0.0000	0.0253
17	58	0.2818	10	1	1	1	0	0	0	0	0	N	N	N	N	N	N	N	N	N	N	N	N	11.5514	inf	0.0000	9.9733	inf	0.0000	0.0000	0.0000	0.0015	0.0017	0.0000	0.0028	0.0029	0.0000	0.0000	0.0000	0.0000	0.0001	0.0000	0.0002	0.0003	0.0000	0.0794	0.0001	0.0000	0.0001	0.0000	inf	-0.0000	0.0000	0.0017	1.0009	0.9948	0.0163	0.0000	0.0000	0.0000	0.0000	0.0000	0.0000	0.0000	0.0000	0.0000	0.0000	0.0000	0.0000	0.0000	0.0000	0.0000	0.0000	0.0000	0.0000	0.0001	0.0001	0.0000	0.0000	0.0000	0.0000	0.0000	0.0000	0.0000	0.0025	0.0010	0.0014	0.0004	0.0004	0.0000	0.0020	0.0006	0.0014	11.5514	inf	0.0000	9.9733	inf	0.0000	0.0000	0.0000	0.0000	0.0001	0.0000	0.0002	0.0003	0.0000	0.0084	0.0001	0.0000	0.0001	
17	59	0.2664	9	1	1	0	0	0	0	0	0	N	N	N	N	N	N	N	N	N	N	N	N	2794.1797	3326.5288	0.3835	2087.3248	2158.4934	0.5963	0.0000	0.0000	0.6162	0.6702	0.0001	1.0304	1.0881	0.0002	0.0000	0.0000	0.0000	0.0002	0.0002	0.0002	0.0005	0.0005	0.0003	0.0002	0.0000	0.0002	0.0000	1.7513	-0.0000	-0.0000	0.0017	1.9961	0.9948	0.0521	0.0001	0.0001	0.0000	0.0001	0.0001	0.0000	0.0000	0.0000	0.0000	0.0000	0.0000	0.0000	0.0000	0.0000	0.0000	0.0000	0.0000	0.0000	0.0002	0.0002	0.0000	0.0001	0.0001	0.0000	0.0001	0.0001	0.0000	0.0049	0.0020	0.0030	0.0008	0.0008	0.0000	0.0041	0.0012	0.0029	2794.1797	3326.5288	0.3835	2087.3248	2158.4934	1.0427	0.0000	0.0000	0.0000	0.0002	0.0002	0.0002	0.0005	0.0005	0.0002	0.0002	0.0000	0.0002	
17	60	0.2587	8	1	1	0	0	0	0	0	0	N	N	N	N	N	N	N	N	N	N	N	N	119.9225	316.4444	14.7712	207.3954	214.1996	10.4073	0.0000	0.0000	0.1929	0.2051	0.0333	0.3250	0.3368	0.0852	0.0000	0.0000	0.0000	0.0016	0.0006	0.0023	0.0016	0.0016	0.0082	0.0016	0.0000	0.0023	0.0123	5.1800	-0.0000	0.0000	0.0017	0.0081	0.9948	1.0507	0.0000	0.0000	0.0000	0.0000	0.0000	0.0000	0.0000	0.0000	0.0000	0.0000	0.0000	0.0000	0.0000	0.0000	0.0000	0.0000	0.0000	0.0000	0.0000	0.0000	0.0000	0.0000	0.0000	0.0000	0.0000	0.0000	0.0000	0.0027	0.0011	0.0016	0.0005	0.0004	0.0000	0.0022	0.0006	0.0016	119.9225	316.4444	14.7712	207.3954	214.1996	62.2342	0.0000	0.0000	0.0000	0.0016	0.0006	0.0023	0.0016	0.0016	0.0014	0.0016	0.0000	0.0023	
17	61	0.2099	7	1	1	0	0	0	0	0	0	N	N	N	N	N	N	N	N	N	N	N	N	1.0876	108.7860	0.0317	3.9544	4.3907	0.0701	1.8262	inf	0.0071	0.0371	0.0402	0.0018	0.0031	0.0030	0.0047	0.0801	0.0911	0.0004	0.0341	0.0004	0.0581	0.0008	0.0007	0.0668	0.0438	0.0000	0.0584	0.0040	220.8533	-0.0000	0.0002	0.0017	3.0167	0.9948	3.2580	0.0000	0.0000	0.0000	0.0000	0.0000	0.0000	0.0000	0.0000	0.0000	0.0007	0.0000	0.0007	0.0000	0.0000	0.0000	0.0007	0.0000	0.0007	0.0003	0.0003	0.0000	0.0002	0.0002	0.0000	0.0001	0.0001	0.0000	0.0217	0.0090	0.0127	0.0049	0.0048	0.0001	0.0168	0.0042	0.0126	1.0876	108.7860	0.0317	3.9544	4.3907	0.6357	1.8262	inf	0.0071	0.0341	0.0004	0.0581	0.0008	0.0007	0.0074	0.0438	0.0000	0.0584
17	62	0.1351	6	1	2	0	0	0	0	0	0	N	Y	N	N	N	N	N	N	N	N	N	N	0.1154	4990.5576	0.0059	566.1767	6152.3326	2.0818	0.0010	12.8999	0.0012	0.0424	0.0466	0.0041	0.0799	0.0855	0.0092	0.0006	0.0005	0.0009	0.3671	0.0000	0.6960	0.0001	0.0000	0.0044	0.5530	0.0000	0.7631	0.0098	83159.5183	-0.0000	0.0020	0.0017	3.3327	0.9948	4.3103	0.0000	0.0000	0.0000	0.0000	0.0000	0.0000	0.0000	0.0000	0.0000	0.0080	0.0000	0.0080	0.0000	0.0000	0.0000	0.0080	0.0000	0.0080	0.0003	0.0003	0.0000	0.0002	0.0002	0.0000	0.0002	0.0001	0.0000	0.0217	0.0102	0.0114	0.0073	0.0063	0.0010	0.0144	0.0040	0.0104	0.1154	4990.5576	0.0059	566.1767	6152.3326	9.8908	0.0010	237.9920	0.0012	0.3671	0.0000	0.6960	0.0001	0.0000	0.0009	0.5530	0.0000	0.7631
17	63	0.1111	5	1	1	0	0	0	0	0	0	N	N	N	N	N	N	N	N	N	N	N	N	3.6923	47.7275	4.3478	67.7019	51.3554	936.7268	0.3624	4.9336	1.0964	0.0722	0.0630	0.1529	0.1310	0.1146	0.3216	0.0100	0.0054	0.0421	0.0196	0.0013	0.0352	0.0019	0.0022	0.0003	0.0277	0.0011	0.0384	0.2780	31.1479	0.0000	0.0001	0.0017	3.2669	0.9948	2.4507	0.0000	0.0000	0.0000	0.0000	0.0000	0.0000	0.0000	0.0000	0.0000	0.0003	0.0000	0.0003	0.0000	0.0000	0.0000	0.0003	0.0000	0.0003	0.0003	0.0003	0.0000	0.0002	0.0002	0.0000	0.0002	0.0001	0.0000	0.0170	0.0079	0.0092	0.0054	0.0046	0.0008	0.0116	0.0032	0.0084	3.6923	47.7275	4.3478	67.7019	51.3554	1667.8889	0.3624	201.0070	1.0964	0.0196	0.0013	0.0352	0.0019	0.0022	0.0002	0.0277	0.0000	0.0384
17	64	0.1082	7	2	1	1	0	0	0	0	0	Y	N	N	N	N	N	N	N	N	N	N	N	0.0000	0.0000	0.0000	0.0000	0.0000	0.0000	0.0000	0.0000	0.0000	0.0000	0.0000	0.0000	0.0000	0.0000	0.0000	0.0000	0.0000	0.0000	0.0000	0.0000	0.0017	0.0000	0.9948	1.0000	0.0000	0.0000	0.0000	0.0000	0.0000	0.0000	0.0000	0.0000	0.0000	0.0000	0.0000	0.0000	0.0000	0.0000	0.0000	0.0000	0.0000	0.0000	0.0000	0.0000	0.0000	0.0000	0.0000	0.0000	0.0000	0.0000	0.0000	0.0030	0.0013	0.0018	0.0006	0.0005	0.0000	0.0025	0.0007	0.0018	0.0000	0.0000	0.0000	0.0000	0.0000	0.0000	0.0000	0.0000	0.0000	0.0000	0.0000	0.0000	0.0000	0.0000	0.0000	0.0000	0.0000	0.0000											
17	65	0.1082	6	2	1	1	0	0	0	0	0	Y	N	N	N	N	N	N	N	N	N	N	N	0.0000	0.0000	0.0000	0.0000	0.0000	0.0000	0.0000	0.0000	0.0000	0.0000	0.0000	0.0000	0.0000	0.1433	0.2892	0.0000	0.2967	0.2968	0.0000	0.0000	0.0000	0.0000	0.0000	0.0000	-0.0000	0.0017	0.0000	0.9948	0.0001	0.0000	0.0000	0.0000	0.0000	0.0000	0.0000	0.0000	0.0000	0.0000	0.0000	0.0000	0.0000	0.0000	0.0000	0.0000	0.0000	0.0000	0.0000	0.0000	0.0000	0.0000	0.0000	0.0000	0.0000	0.0000	0.0000	0.0000	0.0000	0.0000	0.0000	0.0000	0.0000	0.0000	0.0000	0.0000	0.0000	0.0000	0.0000	0.0000	0.0000	0.0000	0.0000	0.0000	0.0000	0.0000	0.1433	0.2892	0.0000	0.2967	0.2968	0.0000	0.0000	0.0000	0.0000						
17	66	0.0959	5	2	1	1	0	0	0	0	0	Y	N	N	N	N	N	N	N	N	N	N	N	0.0171	0.0018	36.7605	0.0036	0.0000	4.0871	6.3030	inf	27.1107	0.0010	0.0002	0.0085	0.0007	0.0000	0.0221	0.0011	0.0004	0.0062	0.0564	0.1274	0.0002	0.2002	0.2016	0.0054	0.0002	0.0000	0.0002	3.5800	0.0023	0.0000	-0.0004	0.0017	1.9720	0.9948	0.0923	0.0000	0.0000	0.0000	0.0000	0.0000	0.0000	0.0000	0.0000	0.0000	0.0005	0.0005	0.0000	0.0005	0.0005	0.0000	0.0000	0.0000	0.0000	0.0001	0.0001	0.0000	0.0001	0.0001	0.0000	0.0001	0.0001	0.0000	0.0091	0.0040	0.0051	0.0025	0.0025	0.0000	0.0065	0.0015	0.0050	0.0171	0.0018	36.7605	0.0036	0.0000	21.1640	6.3030	inf	27.1107	0.0564	0.1274	0.0002	0.2002	0.2016	0.0010	0.0002	0.0000	0.0002
17	67	0.0743	4	2	1	1	0	0	0	0	0	Y	N	N	N	N	N	N	N	N	N	N	N	17.5159	256690.3636	44.2035	83693.7480	11.9645	inf	21.5094	47176.7217	35.6963	0.8323	0.5691	3.6494	0.2438	0.0000	6.7856	1.2698	1.0338	2.9643	0.0475	0.0000	0.0826	0.0000	0.0000	0.0000	0.0590	0.0000	0.0830	0.5990	50487.9406	0.0000	0.0001	0.0017	3.0650	0.9948	1.0636	0.0002	0.0001	0.0001	0.0000	0.0000	0.0000	0.0001	0.0001	0.0000	0.0005	0.0000	0.0005	0.0000	0.0000	0.0000	0.0005	0.0000	0.0005	0.0002	0.0002	0.0000	0.0001	0.0001	0.0000	0.0001	0.0001	0.0000	0.0107	0.0046	0.0062	0.0021	0.0021	0.0000	0.0086	0.0025	0.0061	17.5159	256690.3636	44.2035	83693.7480	11.9645	inf	21.5094	645390.4257	35.6963	0.0475	0.0000	0.0826	0.0000	0.0000	0.0000	0.0590	0.0000	0.0830
17	68	0.1686	6	1	2	0	1	0	0	0	0	N	Y	N	N	N	N	N	N	N	N	N	N	3.1198	1.6118	0.8601	0.5153	0.5413	0.0250	437.9683	68.2513	0.2831	0.0562	0.0624	0.0003	0.0365	0.0392	0.0005	0.0861	0.1001	0.0001	0.0180	0.0387	0.0003	0.0707	0.0724	0.0196	0.0002	0.0015	0.0003	0.0004	0.0089	-0.0000	-0.0003	0.0017	2.7513	0.9948	4.0954	0.0000	0.0000	0.0000	0.0000	0.0000	0.0000	0.0000	0.0000	0.0000	0.0004	0.0004	0.0000	0.0004	0.0004	0.0000	0.0000	0.0000	0.0000	0.0003	0.0003	0.0000	0.0002	0.0002	0.0000	0.0001	0.0001	0.0000	0.0220	0.0102	0.0119	0.0056	0.0054	0.0001	0.0165	0.0047	0.0117	3.1198	1.6118	0.8601	0.5153	0.5413	0.1577	437.9683	3005.0331	0.2831	0.0180	0.0387	0.0003	0.0707	0.0724	0.0031	0.0002	0.0000	0.0003
17	69	0.0911	4	1	2	0	0	0	0	0	0	N	Y	N	N	N	N	N	N	N	N	N	N	1.1537	0.6267	6.8347	0.2308	0.1943	2.2309	inf	7.3923	0.3983	0.2318	2.2351	0.1506	0.1556	0.0000	0.5525	0.2838	2.6208	0.3453	0.3699	0.3270	0.6526	0.8008	0.0000	0.2477	0.0000	0.3545	0.8738	1.1951	0.0001	-0.0031	0.0017	9.9334	0.9948	8.9999	0.0003	0.0001	0.0001	0.0000	0.0000	0.0000	0.0002	0.0001	0.0001	0.0152	0.0069	0.0083	0.0069	0.0069	0.0000	0.0083	0.0000	0.0083	0.0006	0.0006	0.0001	0.0002	0.0002	0.0000	0.0004	0.0004	0.0000	0.0440	0.0187	0.0253	0.0106	0.0086	0.0020	0.0334	0.0101	0.0233	1.1537	0.6267	6.8347	0.2308	0.1943	0.0000	2.2309	inf	7.3923	0.3453	0.3699	0.3270	0.6526	0.8008	0.0000	0.2477	0.0000	0.3545	
17	70	0.0911	4	1	2	0	0	0	0	0	0	N	Y	N	N	N	N	N	N	N	N	N	N	0.2091	79.0765	0.0000	39.4301	34.9778	0.1983	inf	0.0000	0.1409	0.1537	0.0000	0.1320	0.1434	0.0000	0.1763	0.1961	0.0000	0.6738	0.0019	1.1576	0.0033	0.0041	0.0000	0.8891	0.0000	1.2536	0.0000	827.0000	-0.0000	0.0021	0.0017	0.0666	0.9948	4.0001	0.0000	0.0000	0.0000	0.0000	0.0000	0.0000	0.0000	0.0000	0.0000	0.0083	0.0000	0.0083	0.0000	0.0000	0.0000	0.0083	0.0000	0.0083	0.0000	0.0000	0.0000	0.0000	0.0000	0.0000	0.0000	0.0000	0.0000	0.0123	0.0051	0.0071	0.0030	0.0024	0.0005	0.0093	0.0027	0.0066	0.2091	79.0765	0.0000	39.4301	34.9778	0.0000	0.1983	inf	0.0000	0.6738	0.0019	1.1576	0.0033	0.0041	0.0000	0.8891	0.0000	1.2536	
17	71	0.0743	4	1	2	0	0	0	0	0	0	N	Y	N	N	N	N	N	N	N	N	N	N	1.2192	inf	0.0000	1.7157	inf	0.0000	0.7864	0.8601	0.0000	0.0000	0.0000	0.0000	1.3740	1.5662	0.0000	0.6450	0.0000	1.1209	0.0000	0.0000	0.0000	0.8008	0.0000	1.1275	0.0000	inf	-0.0000	0.0021	0.0017	2.0000	0.9948	3.0000	0.0001	0.0001	0.0000	0.0000	0.0000	0.0000	0.0001	0.0001	0.0000	0.0083	0.0000	0.0083	0.0000	0.0000	0.0000	0.0083	0.0000	0.0083	0.0001	0.0001	0.0000	0.0001	0.0001	0.0000	0.0001	0.0001	0.0000	0.0128	0.0054	0.0074	0.0025	0.0025	0.0000	0.0103	0.0030	0.0073	1.2192	inf	0.0000	0.0000	0.0000	0.0000	1.7157	inf	0.0000	0.6450	0.0000	1.1209	0.0000	0.0000	0.0000	0.8008	0.0000	1.1275			
17	72	0.0475	3	1	1	0	0	0	0	0	0	N	N	N	N	N	N	N	N	N	N	N	N	49.3638	21.4665	13.9518	23.0845	24.3717	91.2123	126.9205	9.1983	0.6896	0.2782	0.3134	0.0006	0.7073	0.7586	0.0024	0.0043	0.0050	0.0000	0.0056	0.0146	0.0000	0.0306	0.0311	0.0000	0.0000	0.0005	0.0000	0.0002	0.0046	-0.0000	-0.0001	0.0017	4.7932	0.9948	0.2507	0.0001	0.0001	0.0000	0.0001	0.0001	0.0000	0.0000	0.0000	0.0000	0.0001	0.0001	0.0000	0.0001	0.0001	0.0000	0.0000	0.0000	0.0000	0.0004	0.0004	0.0000	0.0002	0.0001	0.0000	0.0002	0.0002	0.0000	0.0175	0.0067	0.0107	0.0032	0.0031	0.0001	0.0143	0.0036	0.0107	49.3638	21.4665	13.9518	23.0845	24.3717	91.2123	126.9205	492.1959	0.6896	0.0056	0.0146	0.0000	0.0306	0.0311	0.0000	0.0000	0.0000	0.0000
17	74	0.1111	5	1	2	0	0	0	0	0	0	N	Y	N	N	N	N	N	N	N	N	N	N	164.4568	0.0486	5093.8896	90.0544	0.0497	5636.7501	295.5870	1578.5293	0.1069	0.0001	0.9511	0.1601	0.0001	1.6982	0.0400	0.0000	0.2964	0.0006	0.0012	0.0002	0.0018	0.0021	0.0003	0.0001	0.0000	0.0002	2069.3333	0.1843	0.0000	-0.0000	0.0017	1.8678	0.9948	4.6278	0.0000	0.0000	0.0000	0.0000	0.0000	0.0000	0.0000	0.0000	0.0000	0.0000	0.0000	0.0000	0.0000	0.0000	0.0000	0.0000	0.0000	0.0000	0.0003	0.0002	0.0000	0.0001	0.0001	0.0000	0.0001	0.0001	0.0000	0.0188	0.0086	0.0102	0.0059	0.0050	0.0009	0.0129	0.0036	0.0093	164.4568	0.0486	5093.8896	90.0544	0.0497	9688.7029	295.5870	0.0000	1578.5293	0.0006	0.0012	0.0002	0.0018	0.0021	0.0002	0.0001	0.0000	0.0002	
17	75	0.0911	4	1	1	0	0	0	0	0	0	N	N	N	N	N	N	N	N	N	N	N	N	328.0897	149.0813	2301.9990	264.1185	168.4923	inf	12.6803	274.5734	42.3681	0.1502	0.1233	0.4397	0.3766	0.2943	2.6249	0.0019	0.0009	0.0088	0.0005	0.0008	0.0002	0.0014	0.0017	0.0000	0.0001	0.0000	0.0002	0.3309	0.3197	0.0000	-0.0000	0.0017	4.7010	0.9948	0.6064	0.0001	0.0000	0.0000	0.0001	0.0000	0.0000	0.0000	0.0000	0.0000	0.0000	0.0000	0.0000	0.0000	0.0000	0.0000	0.0000	0.0000	0.0000	0.0003	0.0003	0.0000	0.0001	0.0001	0.0000	0.0002	0.0002	0.0000	0.0157	0.0066	0.0091	0.0038	0.0031	0.0007	0.0119	0.0035	0.0084	328.0897	149.0813	2301.9990	264.1185	168.4923	inf	12.6803	816.0363	42.3681	0.0005	0.0008	0.0002	0.0014	0.0017	0.0000	0.0001	0.0000	0.0002
17	78	0.2147	8	2	2	0	1	0	0	0	0	Y	Y	N	N	N	N	N	N	N	N	N	N	0.2351	0.1555	0.0000	0.1609	0.1560	0.0000	0.0000	0.0000	0.0000	0.0000	0.0000	0.0000	0.0000	0.0000	0.0000	0.0000	0.0000	0.0000	0.0001	0.0001	0.0000	0.0002	0.0002	0.0000	0.0000	0.0009	0.0000	0.0000	0.3805	-0.0000	-0.0000	0.0017	1.0000	0.9948	2.0144	0.0000	0.0000	0.0000	0.0000	0.0000	0.0000	0.0000	0.0000	0.0000	0.0000	0.0000	0.0000	0.0000	0.0000	0.0000	0.0000	0.0000	0.0000	0.0001	0.0001	0.0000	0.0000	0.0000	0.0000	0.0000	0.0000	0.0000	0.0090	0.0039	0.0051	0.0022	0.0019	0.0003	0.0068	0.0020	0.0048	0.2351	0.1555	0.0000	0.1609	0.1560	0.0000	0.0000	0.0000	0.0000	0.0001	0.0001	0.0000	0.0002	0.0002	0.0000	0.0000	0.0000	0.0000
17	79	0.1925	7	2	2	0	1	0	0	0	0	Y	Y	N	N	N	N	N	N	N	N	N	N	2.1064	1.0031	0.0000	5174.8749	4876.7945	0.0000	0.0000	0.0000	0.1902	0.2089	0.0000	0.3546	0.3767	0.0000	0.0000	0.0000	0.0000	0.0903	0.2083	0.0001	0.0001	0.0001	0.0000	0.1183	1.5058	0.0001	0.0000	0.0004	-0.0000	-0.0006	0.0017	0.0001	0.9948	3.0180	0.0000	0.0000	0.0000	0.0000	0.0000	0.0000	0.0000	0.0000	0.0000	0.0008	0.0008	0.0000	0.0000	0.0000	0.0000	0.0008	0.0008	0.0000	0.0000	0.0000	0.0000	0.0000	0.0000	0.0000	0.0000	0.0000	0.0000	0.0090	0.0039	0.0051	0.0021	0.0019	0.0002	0.0069	0.0020	0.0048	2.1064	1.0031	0.0000	5174.8749	4876.7945	0.0000	0.0000	0.0000	0.0000	0.0903	0.2083	0.0001	0.0001	0.0001	0.0000	0.1183	0.4043	0.0001	
17	80	0.2145	9	1	2	0	1	0	0	0	0	N	Y	N	N	N	N	N	N	N	N	N	N	0.0000	0.0000	0.0000	0.0000	0.0000	0.0000	0.0000	0.0000	0.0000	0.0000	0.0000	0.0000	0.0000	0.0000	0.0000	0.0000	0.0000	0.0000	0.0000	0.0000	0.0017	0.0000	0.9948	0.0000	0.0000	0.0000	0.0000	0.0000	0.0000	0.0000	0.0000	0.0000	0.0000	0.0000	0.0000	0.0000	0.0000	0.0000	0.0000	0.0000	0.0000	0.0000	0.0000	0.0000	0.0000	0.0000	0.0000	0.0000	0.0000	0.0000	0.0000	0.0000	0.0000	0.0000	0.0000	0.0000	0.0000	0.0000	0.0000	0.0000	0.0000	0.0000	0.0000	0.0000	0.0000	0.0000	0.0000	0.0000	0.0000	0.0000	0.0000	0.0000	0.0000	0.0000	0.0000	0.0000	0.0000	0.0000											
17	81	0.1925	7	1	1	1	1	0	0	0	0	N	N	N	N	N	N	N	N	N	N	N	N	0.0000	0.0000	0.0000	0.0000	0.0000	0.0000	0.0000	0.0000	0.0000	0.0000	0.0000	0.0000	0.0000	0.0000	0.0000	0.0000	0.0000	0.0000	0.0000	0.0000	0.0017	2.0000	0.9948	0.0000	0.0000	0.0000	0.0000	0.0000	0.0000	0.0000	0.0000	0.0000	0.0000	0.0000	0.0000	0.0000	0.0000	0.0000	0.0000	0.0000	0.0000	0.0000	0.0002	0.0002	0.0000	0.0001	0.0001	0.0000	0.0001	0.0001	0.0000	0.0061	0.0026	0.0034	0.0014	0.0013	0.0002	0.0046	0.0014	0.0033	0.0000	0.0000	0.0000	0.0000	0.0000	0.0000	0.0000	0.0000	0.0000	0.0000	0.0000	0.0000	0.0000	0.0000	0.0000	0.0000	0.0000	0.0000											
17	82	0.1925	7	1	1	1	1	0	0	0	0	N	N	N	N	N	N	N	N	N	N	N	N	0.0000	0.0000	0.0000	0.0000	0.0000	0.0000	0.0000	0.0000	0.0000	0.0000	0.0000	0.0000	0.0000	0.8988	2.0709	0.0000	3.7917	4.2749	0.0000	0.0000	0.0000	0.0000	0.0000	0.0000	-0.0079	0.0017	0.0000	0.9948	4.0000	0.0000	0.0000	0.0000	0.0000	0.0000	0.0000	0.0000	0.0000	0.0000	0.0105	0.0105	0.0000	0.0105	0.0105	0.0000	0.0000	0.0000	0.0000	0.0000	0.0000	0.0000	0.0000	0.0000	0.0000	0.0000	0.0000	0.0000	0.0117	0.0051	0.0066	0.0028	0.0025	0.0003	0.0089	0.0026	0.0063	0.0000	0.0000	0.0000	0.0000	0.0000	0.0000	0.0000	0.0000	0.0000	0.8988	2.0709	0.0000	3.7917	4.2749	0.0000	0.0000	0.0000	0.0000						
17	83	0.2145	9	1	1	1	1	0	0	0	0	N	N	N	N	N	N	N	N	N	N	N	N	0.0000	0.0000	0.0000	0.0000	0.0000	0.0000	0.0000	0.0000	0.0000	0.0000	0.0000	0.0000	0.0000	0.0000	0.0000	0.0000	0.0000	0.0000	0.0000	0.0000	0.0017	0.0000	0.9948	2.0000	0.0000	0.0000	0.0000	0.0000	0.0000	0.0000	0.0000	0.0000	0.0000	0.0000	0.0000	0.0000	0.0000	0.0000	0.0000	0.0000	0.0000	0.0000	0.0000	0.0000	0.0000	0.0000	0.0000	0.0000	0.0000	0.0000	0.0000	0.0060	0.0026	0.0035	0.0014	0.0012	0.0002	0.0046	0.0014	0.0033	0.0000	0.0000	0.0000	0.0000	0.0000	0.0000	0.0000	0.0000	0.0000	0.0000	0.0000	0.0000	0.0000	0.0000	0.0000	0.0000	0.0000	0.0000											
17	84	0.2072	8	1	1	0	1	0	0	0	0	N	N	N	N	N	N	N	N	N	N	N	N	0.0000	0.0000	0.0000	0.0000	0.0000	0.0000	0.0000	0.0000	0.0000	0.0000	0.0000	0.0000	0.0000	0.0000	0.0000	0.0000	0.0028	0.0065	0.0000	0.0116	0.0132	0.0000	0.0000	0.0000	0.0000	0.0017	0.0000	-0.0000	0.0017	1.0000	0.9948	0.0015	0.0000	0.0000	0.0000	0.0000	0.0000	0.0000	0.0000	0.0000	0.0000	0.0000	0.0000	0.0000	0.0000	0.0000	0.0000	0.0000	0.0000	0.0000	0.0001	0.0001	0.0000	0.0000	0.0000	0.0000	0.0000	0.0000	0.0000	0.0032	0.0014	0.0018	0.0008	0.0007	0.0001	0.0024	0.0007	0.0017	0.0000	0.0000	0.0000	0.0000	0.0000	0.0000	0.0000	0.0000	0.0000	0.0028	0.0065	0.0000	0.0116	0.0132	0.0000	0.0000	0.0000	0.0000			
17	85	0.1925	7	1	1	0	1	0	0	0	0	N	N	N	N	N	N	N	N	N	N	N	N	0.0000	0.0000	0.0000	0.0000	0.0000	0.0000	0.0000	0.0000	0.0000	0.0000	0.0000	0.0000	0.0000	0.0000	0.0000	0.0000	0.0000	0.0031	0.0038	0.0025	0.0000	0.0000	0.0000	0.0040	0.2559	0.0027	0.8754	0.0000	-0.0000	0.0017	0.0000	0.9948	2.0013	0.0000	0.0000	0.0000	0.0000	0.0000	0.0000	0.0000	0.0000	0.0000	0.0000	0.0000	0.0000	0.0000	0.0000	0.0000	0.0000	0.0000	0.0000	0.0000	0.0000	0.0000	0.0000	0.0000	0.0000	0.0000	0.0000	0.0000	0.0061	0.0026	0.0034	0.0014	0.0013	0.0002	0.0046	0.0014	0.0033	0.0000	0.0000	0.0000	0.0000	0.0000	0.0000	0.0000	0.0000	0.0000	0.0031	0.0038	0.0025	0.0000	0.0000	0.0000	0.0040	0.0074	0.0027		
17	86	0.2324	7	2	2	0	0	0	0	0	0	Y	Y	N	N	N	N	N	N	N	N	N	N	0.0722	0.0375	0.0000	0.0399	0.0406	0.0000	0.0000	0.0000	0.0000	0.0714	0.0722	0.0000	0.0936	0.0972	0.0000	0.0000	0.0000	0.0000	0.9895	1.9267	0.0001	2.3447	2.3950	0.0004	0.0000	0.0002	0.0000	0.0612	0.0000	-0.0000	-0.0076	0.0017	0.0007	0.9948	0.9812	0.0000	0.0000	0.0000	0.0000	0.0000	0.0000	0.0000	0.0000	0.0000	0.0101	0.0101	0.0000	0.0101	0.0101	0.0000	0.0000	0.0000	0.0000	0.0000	0.0000	0.0000	0.0000	0.0000	0.0000	0.0000	0.0000	0.0000	0.0102	0.0052	0.0050	0.0043	0.0042	0.0001	0.0059	0.0010	0.0049	0.0722	0.0375	0.0000	0.0399	0.0406	0.0000	0.0000	0.0000	0.0000	0.9895	1.9267	0.0001	2.3447	2.3950	0.0002	0.0000	0.0000	0.0000
17	87	0.1766	6	2	2	0	0	0	0	0	0	Y	Y	N	N	N	N	N	N	N	N	N	N	1.6099	1.2998	0.0018	0.9651	0.9101	0.1075	1.3459	310.2838	0.0000	0.1219	0.1334	0.0001	0.1801	0.1908	0.0003	0.0543	0.0619	0.0000	0.0757	0.1027	0.0546	0.1866	0.2096	0.0024	0.0404	0.0002	0.0573	0.0001	0.6789	-0.0000	-0.0005	0.0017	5.0272	0.9948	2.1572	0.0001	0.0001	0.0000	0.0000	0.0000	0.0000	0.0000	0.0000	0.0000	0.0015	0.0009	0.0006	0.0009	0.0009	0.0000	0.0006	0.0000	0.0006	0.0004	0.0004	0.0000	0.0002	0.0002	0.0000	0.0002	0.0002	0.0000	0.0201	0.0088	0.0113	0.0049	0.0043	0.0005	0.0152	0.0045	0.0107	1.6099	1.2998	0.0018	0.9651	0.9101	0.4427	1.3459	12805.3223	0.0000	0.0757	0.1027	0.0546	0.1866	0.2096	0.0006	0.0404	0.0000	0.0573
17	88	0.2298	8	1	2	0	0	0	0	0	0	N	Y	N	N	N	N	N	N	N	N	N	N	0.0000	0.0000	0.0000	0.0000	0.0000	0.0000	0.0000	0.0000	0.0000	0.0000	0.0000	0.0000	0.0000	0.0008	0.0020	0.0000	0.0033	0.0037	0.0000	0.0000	0.0000	0.0000	0.0000	0.0000	-0.0000	0.0017	0.0000	0.9948	4.0000	0.0000	0.0000	0.0000	0.0000	0.0000	0.0000	0.0000	0.0000	0.0000	0.0000	0.0000	0.0000	0.0000	0.0000	0.0000	0.0000	0.0000	0.0000	0.0000	0.0000	0.0000	0.0000	0.0000	0.0000	0.0000	0.0000	0.0000	0.0118	0.0051	0.0067	0.0030	0.0027	0.0003	0.0087	0.0024	0.0063	0.0000	0.0000	0.0000	0.0000	0.0000	0.0000	0.0000	0.0000	0.0000	0.0008	0.0020	0.0000	0.0033	0.0037	0.0000	0.0000	0.0000	0.0000						
17	89	0.1925	7	1	2	0	0	0	0	0	0	N	Y	N	N	N	N	N	N	N	N	N	N	0.6451	0.3112	0.0000	0.2938	0.2763	0.0000	0.0000	0.4783	0.5247	0.0000	0.9079	0.9629	0.0000	0.0000	0.0000	0.0000	0.7414	1.6862	0.0148	3.0903	3.4847	0.0000	0.0110	0.0000	0.0156	0.0000	0.0114	-0.0000	-0.0078	0.0017	3.0000	0.9948	2.0000	0.0001	0.0001	0.0000	0.0001	0.0001	0.0000	0.0000	0.0000	0.0000	0.0106	0.0105	0.0001	0.0105	0.0105	0.0000	0.0001	0.0000	0.0001	0.0003	0.0002	0.0000	0.0001	0.0001	0.0000	0.0001	0.0001	0.0000	0.0143	0.0062	0.0081	0.0034	0.0030	0.0004	0.0109	0.0032	0.0077	0.6451	0.3112	0.0000	0.2938	0.2763	0.0000	0.0000	0.0000	0.0000	0.7414	1.6862	0.0148	3.0903	3.4847	0.0000	0.0110	0.0000	0.0156		
17	90	0.1925	7	2	2	0	0	0	0	0	0	Y	Y	N	N	N	N	N	N	N	N	N	N	0.0000	0.0000	0.0000	0.0000	0.0000	0.0000	0.0000	0.0000	0.0000	0.0000	0.0000	0.0000	0.0000	0.0000	0.0000	0.0321	0.0739	0.0000	0.0177	0.0199	0.0000	0.0366	1.1182	0.0000	0.0000	0.0000	-0.0003	0.0017	2.0000	0.9948	3.0000	0.0000	0.0000	0.0000	0.0000	0.0000	0.0000	0.0000	0.0000	0.0000	0.0005	0.0005	0.0000	0.0001	0.0001	0.0000	0.0004	0.0004	0.0000	0.0002	0.0002	0.0000	0.0001	0.0001	0.0000	0.0001	0.0001	0.0000	0.0143	0.0062	0.0081	0.0034	0.0030	0.0004	0.0109	0.0032	0.0077	0.0000	0.0000	0.0000	0.0000	0.0000	0.0000	0.0000	0.0000	0.0000	0.0321	0.0739	0.0000	0.0177	0.0199	0.0000	0.0366	0.1246	0.0000				
17	91	0.1766	6	1	1	0	0	0	0	0	0	N	N	N	N	N	N	N	N	N	N	N	N	4.0088	2.5654	0.1021	1.9983	1.9309	0.0474	4.0411	28.2627	0.0000	0.0191	0.0209	0.0002	0.0290	0.0307	0.0005	0.0060	0.0068	0.0000	0.0048	0.0081	0.0021	0.0145	0.0159	0.0103	0.0015	0.0002	0.0021	0.0010	0.3200	-0.0000	-0.0000	0.0017	2.0705	0.9948	0.0351	0.0000	0.0000	0.0000	0.0000	0.0000	0.0000	0.0000	0.0000	0.0000	0.0000	0.0000	0.0000	0.0000	0.0000	0.0000	0.0000	0.0000	0.0000	0.0002	0.0002	0.0000	0.0001	0.0001	0.0000	0.0001	0.0001	0.0000	0.0068	0.0030	0.0038	0.0017	0.0015	0.0002	0.0051	0.0015	0.0036	4.0088	2.5654	0.1021	1.9983	1.9309	0.2598	4.0411	1141.1857	0.0000	0.0048	0.0081	0.0021	0.0145	0.0159	0.0019	0.0015	0.0000	0.0021
17	92	0.1512	5	1	1	0	0	0	0	0	0	N	N	N	N	N	N	N	N	N	N	N	N	16.5121	11.3335	0.4506	7.1843	7.0714	0.7054	25.5333	43.6944	0.0906	0.1466	0.1616	0.0019	0.1775	0.1912	0.0032	0.0790	0.0918	0.0004	0.0089	0.0143	0.0042	0.0247	0.0270	0.0046	0.0031	0.0021	0.0044	0.0012	0.3449	-0.0000	-0.0001	0.0017	3.4249	0.9948	0.1413	0.0001	0.0001	0.0000	0.0001	0.0001	0.0000	0.0000	0.0000	0.0000	0.0001	0.0001	0.0000	0.0001	0.0001	0.0000	0.0000	0.0000	0.0000	0.0005	0.0005	0.0000	0.0003	0.0003	0.0000	0.0002	0.0001	0.0000	0.0119	0.0055	0.0064	0.0032	0.0029	0.0003	0.0087	0.0026	0.0061	16.5121	11.3335	0.4506	7.1843	7.0714	3.4008	25.5333	1832.2016	0.0906	0.0089	0.0143	0.0042	0.0247	0.0270	0.0010	0.0031	0.0001	0.0044
17	98	0.2880	10	1	1	0	0	0	0	0	0	N	N	N	N	N	N	N	N	N	N	N	N	0.4610	0.3394	0.0198	0.2488	0.2676	0.0023	0.8771	inf	0.0107	0.0509	0.0571	0.0009	0.0690	0.0769	0.0013	0.0276	0.0312	0.0005	0.1103	0.1682	0.0466	0.2772	0.2875	0.5550	0.0315	0.0000	0.0463	0.0020	0.2513	-0.0000	-0.0029	0.0017	4.9999	0.9948	9.0821	0.0000	0.0000	0.0000	0.0000	0.0000	0.0000	0.0000	0.0000	0.0000	0.0053	0.0042	0.0011	0.0043	0.0042	0.0000	0.0010	0.0000	0.0010	0.0005	0.0005	0.0001	0.0003	0.0003	0.0000	0.0002	0.0002	0.0000	0.0479	0.0251	0.0228	0.0154	0.0147	0.0007	0.0325	0.0104	0.0221	0.4610	0.3394	0.0198	0.2488	0.2676	0.0233	0.8771	inf	0.0107	0.1103	0.1682	0.0466	0.2772	0.2875	0.0555	0.0315	0.0000	0.0463
18	19	0.1387	5	0	1	0	1	0	0	0	0	N	N	N	N	N	N	N	N	N	N	N	N	0.0000	0.0000	0.0000	0.0000	0.0000	0.0000	0.0000	0.0000	0.0000	0.0000	0.0000	0.0000	0.0000	0.0000	0.0000	0.0000	0.0000	0.0000	0.0000	0.0000	0.0000	3.0666	0.0000	4.9999	0.0000	0.0000	0.0000	0.0000	0.0000	0.0000	0.0000	0.0000	0.0000	0.0000	0.0000	0.0000	0.0000	0.0000	0.0000	0.0000	0.0000	0.0000	0.0000	0.0000	0.0000	0.0000	0.0000	0.0000	0.0000	0.0000	0.0000	0.0000	0.0000	0.0000	0.0000	0.0000	0.0000	0.0000	0.0000	0.0000	0.0000	0.0000	0.0000	0.0000	0.0000	0.0000	0.0000	0.0000	0.0000	0.0000	0.0000	0.0000	0.0000	0.0000	0.0000	0.0000	0.0000	0.0000											
18	20	0.2308	8	1	1	1	0	0	0	0	0	N	N	N	N	N	N	N	N	N	N	N	N	0.0000	0.0000	0.0000	0.0000	0.0000	0.0000	0.0000	0.0000	0.0000	0.0000	0.0000	0.0000	0.0000	0.0000	0.0000	0.0000	0.0000	0.0000	0.0000	0.0000	0.0000	0.9718	0.0000	0.9404	0.0000	0.0000	0.0000	0.0000	0.0000	0.0000	0.0000	0.0000	0.0000	0.0000	0.0000	0.0000	0.0000	0.0000	0.0000	0.0000	0.0000	0.0000	0.0000	0.0000	0.0000	0.0000	0.0000	0.0000	0.0000	0.0000	0.0000	0.0000	0.0000	0.0000	0.0000	0.0000	0.0000	0.0000	0.0000	0.0000	0.0000	0.0000	0.0000	0.0000	0.0000	0.0000	0.0000	0.0000	0.0000	0.0000	0.0000	0.0000	0.0000	0.0000	0.0000	0.0000	0.0000	0.0000											
18	21	0.1862	7	0	2	0	0	0	0	0	0	N	Y	N	N	N	N	N	N	N	N	N	N	0.0000	0.0000	0.0000	0.0000	0.0000	0.0000	0.0000	0.0000	0.0000	0.0000	0.0000	0.0000	0.0000	0.0000	0.0000	0.0000	0.0000	0.0000	0.0000	0.0000	0.0000	0.9958	0.0000	0.0079	0.0000	0.0000	0.0000	0.0000	0.0000	0.0000	0.0000	0.0000	0.0000	0.0000	0.0000	0.0000	0.0000	0.0000	0.0000	0.0000	0.0000	0.0000	0.0000	0.0000	0.0000	0.0000	0.0000	0.0000	0.0000	0.0000	0.0000	0.0000	0.0000	0.0000	0.0000	0.0000	0.0000	0.0000	0.0000	0.0000	0.0000	0.0000	0.0000	0.0000	0.0000	0.0000	0.0000	0.0000	0.0000	0.0000	0.0000	0.0000	0.0000	0.0000	0.0000	0.0000	0.0000	0.0000											
18	22	0.1426	7	0	2	0	0	0	0	0	0	N	Y	N	N	N	N	N	N	N	N	N	N	0.0000	0.0000	0.0000	0.0000	0.0000	0.0000	0.0000	0.0000	0.0000	0.0000	0.0000	0.0000	0.0000	0.0000	0.0000	0.0000	0.0000	0.0000	0.0000	0.0000	0.0000	4.0220	0.0000	5.3698	0.0000	0.0000	0.0000	0.0000	0.0000	0.0000	0.0000	0.0000	0.0000	0.0000	0.0000	0.0000	0.0000	0.0000	0.0000	0.0000	0.0000	0.0000	0.0000	0.0000	0.0000	0.0000	0.0000	0.0000	0.0000	0.0000	0.0000	0.0000	0.0000	0.0000	0.0000	0.0000	0.0000	0.0000	0.0000	0.0000	0.0000	0.0000	0.0000	0.0000	0.0000	0.0000	0.0000	0.0000	0.0000	0.0000	0.0000	0.0000	0.0000	0.0000	0.0000	0.0000	0.0000	0.0000											
18	23	0.2092	7	1	2	0	0	0	0	0	0	N	Y	N	N	N	N	N	N	N	N	N	N	0.0000	0.0000	0.0000	0.0000	0.0000	0.0000	0.0000	0.0000	0.0000	0.0000	0.0000	0.0000	0.0000	0.0000	0.0000	0.0000	0.0000	0.0000	0.0000	0.0000	0.0000	0.0000	0.0000	3.0000	0.0000	0.0000	0.0000	0.0000	0.0000	0.0000	0.0000	0.0000	0.0000	0.0000	0.0000	0.0000	0.0000	0.0000	0.0000	0.0000	0.0000	0.0000	0.0000	0.0000	0.0000	0.0000	0.0000	0.0000	0.0000	0.0000	0.0000	0.0000	0.0000	0.0000	0.0000	0.0000	0.0000	0.0000	0.0000	0.0000	0.0000	0.0000	0.0000	0.0000	0.0000	0.0000	0.0000	0.0000	0.0000	0.0000	0.0000	0.0000	0.0000	0.0000	0.0000	0.0000	0.0000	0.0000											
18	24	0.2093	9	0	2	0	0	0	0	0	0	N	Y	N	N	N	N	N	N	N	N	N	N	0.0000	0.0000	0.0000	0.0000	0.0000	0.0000	0.0000	0.0000	0.0000	0.0000	0.0000	0.0000	0.0000	0.0000	0.0000	0.0000	0.0000	0.0000	0.0000	0.0000	0.0000	0.0018	0.0000	0.9893	0.0000	0.0000	0.0000	0.0000	0.0000	0.0000	0.0000	0.0000	0.0000	0.0000	0.0000	0.0000	0.0000	0.0000	0.0000	0.0000	0.0000	0.0000	0.0000	0.0000	0.0000	0.0000	0.0000	0.0000	0.0000	0.0000	0.0000	0.0000	0.0000	0.0000	0.0000	0.0000	0.0000	0.0000	0.0000	0.0000	0.0000	0.0000	0.0000	0.0000	0.0000	0.0000	0.0000	0.0000	0.0000	0.0000	0.0000	0.0000	0.0000	0.0000	0.0000	0.0000	0.0000	0.0000											
18	25	0.1387	5	1	2	0	0	0	0	0	0	N	Y	N	N	N	N	N	N	N	N	N	N	0.0000	0.0000	0.0000	0.0000	0.0000	0.0000	0.0000	0.0000	0.0000	0.0000	0.0000	0.0000	0.0000	0.0000	0.0000	0.0000	0.0000	0.0000	0.0000	0.0000	0.0000	2.0666	0.0000	3.9999	0.0000	0.0000	0.0000	0.0000	0.0000	0.0000	0.0000	0.0000	0.0000	0.0000	0.0000	0.0000	0.0000	0.0000	0.0000	0.0000	0.0000	0.0000	0.0000	0.0000	0.0000	0.0000	0.0000	0.0000	0.0000	0.0000	0.0000	0.0000	0.0000	0.0000	0.0000	0.0000	0.0000	0.0000	0.0000	0.0000	0.0000	0.0000	0.0000	0.0000	0.0000	0.0000	0.0000	0.0000	0.0000	0.0000	0.0000	0.0000	0.0000	0.0000	0.0000	0.0000	0.0000	0.0000											
18	26	0.2092	7	0	2	0	0	0	0	0	0	N	Y	N	N	N	N	N	N	N	N	N	N	0.0000	0.0000	0.0000	0.0000	0.0000	0.0000	0.0000	0.0000	0.0000	0.0000	0.0000	0.0000	0.0000	0.0000	0.0000	0.0000	0.0000	0.0000	0.0000	0.0000	0.0000	1.0000	0.0000	4.0000	0.0000	0.0000	0.0000	0.0000	0.0000	0.0000	0.0000	0.0000	0.0000	0.0000	0.0000	0.0000	0.0000	0.0000	0.0000	0.0000	0.0000	0.0000	0.0000	0.0000	0.0000	0.0000	0.0000	0.0000	0.0000	0.0000	0.0000	0.0000	0.0000	0.0000	0.0000	0.0000	0.0000	0.0000	0.0000	0.0000	0.0000	0.0000	0.0000	0.0000	0.0000	0.0000	0.0000	0.0000	0.0000	0.0000	0.0000	0.0000	0.0000	0.0000	0.0000	0.0000	0.0000	0.0000											
18	27	0.2092	7	0	2	0	0	0	0	0	0	N	Y	N	N	N	N	N	N	N	N	N	N	0.0000	0.0000	0.0000	0.0000	0.0000	0.0000	0.0000	0.0000	0.0000	0.0000	0.0000	0.0000	0.0000	0.0000	0.0000	0.0000	0.0000	0.0000	0.0000	0.0000	0.0000	1.0000	0.0000	2.0000	0.0000	0.0000	0.0000	0.0000	0.0000	0.0000	0.0000	0.0000	0.0000	0.0000	0.0000	0.0000	0.0000	0.0000	0.0000	0.0000	0.0000	0.0000	0.0000	0.0000	0.0000	0.0000	0.0000	0.0000	0.0000	0.0000	0.0000	0.0000	0.0000	0.0000	0.0000	0.0000	0.0000	0.0000	0.0000	0.0000	0.0000	0.0000	0.0000	0.0000	0.0000	0.0000	0.0000	0.0000	0.0000	0.0000	0.0000	0.0000	0.0000	0.0000	0.0000	0.0000	0.0000	0.0000											
18	28	0.1387	5	0	2	1	1	0	0	0	0	N	Y	N	N	N	N	N	N	N	N	N	N	0.0000	0.0000	0.0000	0.0000	0.0000	0.0000	0.0000	0.0000	0.0000	0.0000	0.0000	0.0000	0.0000	0.0000	0.0000	0.0000	0.0000	0.0000	0.0000	0.0000	0.0000	3.9334	0.0000	8.9999	0.0000	0.0000	0.0000	0.0000	0.0000	0.0000	0.0000	0.0000	0.0000	0.0000	0.0000	0.0000	0.0000	0.0000	0.0000	0.0000	0.0000	0.0000	0.0000	0.0000	0.0000	0.0000	0.0000	0.0000	0.0000	0.0000	0.0000	0.0000	0.0000	0.0000	0.0000	0.0000	0.0000	0.0000	0.0000	0.0000	0.0000	0.0000	0.0000	0.0000	0.0000	0.0000	0.0000	0.0000	0.0000	0.0000	0.0000	0.0000	0.0000	0.0000	0.0000	0.0000	0.0000	0.0000											
18	29	0.1866	7	0	2	0	0	0	0	0	0	N	Y	N	N	N	N	N	N	N	N	N	N	0.0000	0.0000	0.0000	0.0000	0.0000	0.0000	0.0000	0.0000	0.0000	0.0000	0.0000	0.0000	0.0000	0.0000	0.0000	0.0000	0.0000	0.0000	0.0000	0.0000	0.0000	7.9836	0.0000	2.1583	0.0000	0.0000	0.0000	0.0000	0.0000	0.0000	0.0000	0.0000	0.0000	0.0000	0.0000	0.0000	0.0000	0.0000	0.0000	0.0000	0.0000	0.0000	0.0000	0.0000	0.0000	0.0000	0.0000	0.0000	0.0000	0.0000	0.0000	0.0000	0.0000	0.0000	0.0000	0.0000	0.0000	0.0000	0.0000	0.0000	0.0000	0.0000	0.0000	0.0000	0.0000	0.0000	0.0000	0.0000	0.0000	0.0000	0.0000	0.0000	0.0000	0.0000	0.0000	0.0000	0.0000	0.0000											
18	30	0.1387	5	1	2	0	0	0	0	0	0	N	Y	N	N	N	N	N	N	N	N	N	N	0.0000	0.0000	0.0000	0.0000	0.0000	0.0000	0.0000	0.0000	0.0000	0.0000	0.0000	0.0000	0.0000	0.0000	0.0000	0.0000	0.0000	0.0000	0.0000	0.0000	0.0000	9.9334	0.0000	11.0001	0.0000	0.0000	0.0000	0.0000	0.0000	0.0000	0.0000	0.0000	0.0000	0.0000	0.0000	0.0000	0.0000	0.0000	0.0000	0.0000	0.0000	0.0000	0.0000	0.0000	0.0000	0.0000	0.0000	0.0000	0.0000	0.0000	0.0000	0.0000	0.0000	0.0000	0.0000	0.0000	0.0000	0.0000	0.0000	0.0000	0.0000	0.0000	0.0000	0.0000	0.0000	0.0000	0.0000	0.0000	0.0000	0.0000	0.0000	0.0000	0.0000	0.0000	0.0000	0.0000	0.0000	0.0000											
18	31	0.1387	5	0	1	1	0	0	0	0	0	N	N	N	N	N	N	N	N	N	N	N	N	0.0000	0.0000	0.0000	0.0000	0.0000	0.0000	0.0000	0.0000	0.0000	0.0000	0.0000	0.0000	0.0000	0.0000	0.0000	0.0000	0.0000	0.0000	0.0000	0.0000	0.0000	2.9334	0.0000	4.9999	0.0000	0.0000	0.0000	0.0000	0.0000	0.0000	0.0000	0.0000	0.0000	0.0000	0.0000	0.0000	0.0000	0.0000	0.0000	0.0000	0.0000	0.0000	0.0000	0.0000	0.0000	0.0000	0.0000	0.0000	0.0000	0.0000	0.0000	0.0000	0.0000	0.0000	0.0000	0.0000	0.0000	0.0000	0.0000	0.0000	0.0000	0.0000	0.0000	0.0000	0.0000	0.0000	0.0000	0.0000	0.0000	0.0000	0.0000	0.0000	0.0000	0.0000	0.0000	0.0000	0.0000	0.0000											
18	32	0.1387	5	0	2	0	0	0	0	0	0	N	Y	N	N	N	N	N	N	N	N	N	N	0.0000	0.0000	0.0000	0.0000	0.0000	0.0000	0.0000	0.0000	0.0000	0.0000	0.0000	0.0000	0.0000	0.0000	0.0000	0.0000	0.0000	0.0000	0.0000	0.0000	0.0000	3.0666	0.0000	3.9999	0.0000	0.0000	0.0000	0.0000	0.0000	0.0000	0.0000	0.0000	0.0000	0.0000	0.0000	0.0000	0.0000	0.0000	0.0000	0.0000	0.0000	0.0000	0.0000	0.0000	0.0000	0.0000	0.0000	0.0000	0.0000	0.0000	0.0000	0.0000	0.0000	0.0000	0.0000	0.0000	0.0000	0.0000	0.0000	0.0000	0.0000	0.0000	0.0000	0.0000	0.0000	0.0000	0.0000	0.0000	0.0000	0.0000	0.0000	0.0000	0.0000	0.0000	0.0000	0.0000	0.0000	0.0000											
18	33	0.2271	8	1	1	1	0	0	0	0	0	N	N	N	N	N	N	N	N	N	N	N	N	0.0000	0.0000	0.0000	0.0000	0.0000	0.0000	0.0000	0.0000	0.0000	0.0000	0.0000	0.0000	0.0000	0.0000	0.0000	0.0000	0.0000	0.0000	0.0000	0.0000	0.0000	0.9991	0.0000	2.0219	0.0000	0.0000	0.0000	0.0000	0.0000	0.0000	0.0000	0.0000	0.0000	0.0000	0.0000	0.0000	0.0000	0.0000	0.0000	0.0000	0.0000	0.0000	0.0000	0.0000	0.0000	0.0000	0.0000	0.0000	0.0000	0.0000	0.0000	0.0000	0.0000	0.0000	0.0000	0.0000	0.0000	0.0000	0.0000	0.0000	0.0000	0.0000	0.0000	0.0000	0.0000	0.0000	0.0000	0.0000	0.0000	0.0000	0.0000	0.0000	0.0000	0.0000	0.0000	0.0000	0.0000	0.0000											
18	34	0.1387	5	0	2	0	0	0	0	0	0	N	Y	N	N	N	N	N	N	N	N	N	N	0.0000	0.0000	0.0000	0.0000	0.0000	0.0000	0.0000	0.0000	0.0000	0.0000	0.0000	0.0000	0.0000	0.0000	0.0000	0.0000	0.0000	0.0000	0.0000	0.0000	0.0000	4.9334	0.0000	5.0001	0.0000	0.0000	0.0000	0.0000	0.0000	0.0000	0.0000	0.0000	0.0000	0.0000	0.0000	0.0000	0.0000	0.0000	0.0000	0.0000	0.0000	0.0000	0.0000	0.0000	0.0000	0.0000	0.0000	0.0000	0.0000	0.0000	0.0000	0.0000	0.0000	0.0000	0.0000	0.0000	0.0000	0.0000	0.0000	0.0000	0.0000	0.0000	0.0000	0.0000	0.0000	0.0000	0.0000	0.0000	0.0000	0.0000	0.0000	0.0000	0.0000	0.0000	0.0000	0.0000	0.0000	0.0000											
18	35	0.2271	8	1	1	1	0	0	0	0	0	N	N	N	N	N	N	N	N	N	N	N	N	0.0000	0.0000	0.0000	0.0000	0.0000	0.0000	0.0000	0.0000	0.0000	0.0000	0.0000	0.0000	0.0000	0.0000	0.0000	0.0000	0.0000	0.0000	0.0000	0.0000	0.0000	0.0009	0.0000	1.9867	0.0000	0.0000	0.0000	0.0000	0.0000	0.0000	0.0000	0.0000	0.0000	0.0000	0.0000	0.0000	0.0000	0.0000	0.0000	0.0000	0.0000	0.0000	0.0000	0.0000	0.0000	0.0000	0.0000	0.0000	0.0000	0.0000	0.0000	0.0000	0.0000	0.0000	0.0000	0.0000	0.0000	0.0000	0.0000	0.0000	0.0000	0.0000	0.0000	0.0000	0.0000	0.0000	0.0000	0.0000	0.0000	0.0000	0.0000	0.0000	0.0000	0.0000	0.0000	0.0000	0.0000	0.0000											
18	36	0.2092	7	1	1	1	0	0	0	0	0	N	N	N	N	N	N	N	N	N	N	N	N	0.0000	0.0000	0.0000	0.0000	0.0000	0.0000	0.0000	0.0000	0.0000	0.0000	0.0000	0.0000	0.0000	0.0000	0.0000	0.0000	0.0000	0.0000	0.0000	0.0000	0.0000	1.0009	0.0000	2.0357	0.0000	0.0000	0.0000	0.0000	0.0000	0.0000	0.0000	0.0000	0.0000	0.0000	0.0000	0.0000	0.0000	0.0000	0.0000	0.0000	0.0000	0.0000	0.0000	0.0000	0.0000	0.0000	0.0000	0.0000	0.0000	0.0000	0.0000	0.0000	0.0000	0.0000	0.0000	0.0000	0.0000	0.0000	0.0000	0.0000	0.0000	0.0000	0.0000	0.0000	0.0000	0.0000	0.0000	0.0000	0.0000	0.0000	0.0000	0.0000	0.0000	0.0000	0.0000	0.0000	0.0000	0.0000											
18	37	0.2092	7	1	1	1	0	0	0	0	0	N	N	N	N	N	N	N	N	N	N	N	N	0.0000	0.0000	0.0000	0.0000	0.0000	0.0000	0.0000	0.0000	0.0000	0.0000	0.0000	0.0000	0.0000	0.0000	0.0000	0.0000	0.0000	0.0000	0.0000	0.0000	0.0000	1.0000	0.0000	3.0000	0.0000	0.0000	0.0000	0.0000	0.0000	0.0000	0.0000	0.0000	0.0000	0.0000	0.0000	0.0000	0.0000	0.0000	0.0000	0.0000	0.0000	0.0000	0.0000	0.0000	0.0000	0.0000	0.0000	0.0000	0.0000	0.0000	0.0000	0.0000	0.0000	0.0000	0.0000	0.0000	0.0000	0.0000	0.0000	0.0000	0.0000	0.0000	0.0000	0.0000	0.0000	0.0000	0.0000	0.0000	0.0000	0.0000	0.0000	0.0000	0.0000	0.0000	0.0000	0.0000	0.0000	0.0000											
18	38	0.1387	5	0	1	1	0	0	0	0	0	N	N	N	N	N	N	N	N	N	N	N	N	0.0000	0.0000	0.0000	0.0000	0.0000	0.0000	0.0000	0.0000	0.0000	0.0000	0.0000	0.0000	0.0000	0.0000	0.0000	0.0000	0.0000	0.0000	0.0000	0.0000	0.0000	3.0666	0.0000	2.9999	0.0000	0.0000	0.0000	0.0000	0.0000	0.0000	0.0000	0.0000	0.0000	0.0000	0.0000	0.0000	0.0000	0.0000	0.0000	0.0000	0.0000	0.0000	0.0000	0.0000	0.0000	0.0000	0.0000	0.0000	0.0000	0.0000	0.0000	0.0000	0.0000	0.0000	0.0000	0.0000	0.0000	0.0000	0.0000	0.0000	0.0000	0.0000	0.0000	0.0000	0.0000	0.0000	0.0000	0.0000	0.0000	0.0000	0.0000	0.0000	0.0000	0.0000	0.0000	0.0000	0.0000	0.0000											
18	39	0.1387	5	0	2	0	0	0	0	0	0	N	Y	N	N	N	N	N	N	N	N	N	N	0.0000	0.0000	0.0000	0.0000	0.0000	0.0000	0.0000	0.0000	0.0000	0.0000	0.0000	0.0000	0.0000	0.0000	0.0000	0.0000	0.0000	0.0000	0.0000	0.0000	0.0000	3.9334	0.0000	2.0001	0.0000	0.0000	0.0000	0.0000	0.0000	0.0000	0.0000	0.0000	0.0000	0.0000	0.0000	0.0000	0.0000	0.0000	0.0000	0.0000	0.0000	0.0000	0.0000	0.0000	0.0000	0.0000	0.0000	0.0000	0.0000	0.0000	0.0000	0.0000	0.0000	0.0000	0.0000	0.0000	0.0000	0.0000	0.0000	0.0000	0.0000	0.0000	0.0000	0.0000	0.0000	0.0000	0.0000	0.0000	0.0000	0.0000	0.0000	0.0000	0.0000	0.0000	0.0000	0.0000	0.0000	0.0000											
18	40	0.2430	10	1	2	1	0	0	0	0	0	N	Y	N	N	N	N	N	N	N	N	N	N	0.0000	0.0000	0.0000	0.0000	0.0000	0.0000	0.0000	0.0000	0.0000	0.0000	0.0000	0.0000	0.0000	0.0000	0.0000	0.0000	0.0000	0.0000	0.0000	0.0000	0.0000	0.0000	0.0000	0.0000	0.0000	0.0000	0.0000	0.0000	0.0000	0.0000	0.0000	0.0000	0.0000	0.0000	0.0000	0.0000	0.0000	0.0000	0.0000	0.0000	0.0000	0.0000	0.0000	0.0000	0.0000	0.0000	0.0000	0.0000	0.0000	0.0000	0.0000	0.0000	0.0000	0.0000	0.0000	0.0000	0.0000	0.0000	0.0000	0.0000	0.0000	0.0000	0.0000	0.0000	0.0000	0.0000	0.0000	0.0000	0.0000	0.0000	0.0000	0.0000	0.0000	0.0000	0.0000	0.0000	0.0000	0.0000											
18	41	0.2430	9	1	2	1	0	0	0	0	0	N	Y	N	N	N	N	N	N	N	N	N	N	0.0000	0.0000	0.0000	0.0000	0.0000	0.0000	0.0000	0.0000	0.0000	0.0000	0.0000	0.0000	0.0000	0.0000	0.0000	0.0000	0.0000	0.0000	0.0000	0.0000	0.0000	1.0000	0.0000	1.9999	0.0000	0.0000	0.0000	0.0000	0.0000	0.0000	0.0000	0.0000	0.0000	0.0000	0.0000	0.0000	0.0000	0.0000	0.0000	0.0000	0.0000	0.0000	0.0000	0.0000	0.0000	0.0000	0.0000	0.0000	0.0000	0.0000	0.0000	0.0000	0.0000	0.0000	0.0000	0.0000	0.0000	0.0000	0.0000	0.0000	0.0000	0.0000	0.0000	0.0000	0.0000	0.0000	0.0000	0.0000	0.0000	0.0000	0.0000	0.0000	0.0000	0.0000	0.0000	0.0000	0.0000	0.0000											
18	42	0.1091	4	1	2	0	0	0	0	0	0	N	Y	N	N	N	N	N	N	N	N	N	N	0.0000	0.0000	0.0000	0.0000	0.0000	0.0000	0.0000	0.0000	0.0000	0.0000	0.0000	0.0000	0.0000	0.0000	0.0000	0.0000	0.0000	0.0000	0.0000	0.0000	0.0000	0.0007	0.0000	2.0242	0.0000	0.0000	0.0000	0.0000	0.0000	0.0000	0.0000	0.0000	0.0000	0.0000	0.0000	0.0000	0.0000	0.0000	0.0000	0.0000	0.0000	0.0000	0.0000	0.0000	0.0000	0.0000	0.0000	0.0000	0.0000	0.0000	0.0000	0.0000	0.0000	0.0000	0.0000	0.0000	0.0000	0.0000	0.0000	0.0000	0.0000	0.0000	0.0000	0.0000	0.0000	0.0000	0.0000	0.0000	0.0000	0.0000	0.0000	0.0000	0.0000	0.0000	0.0000	0.0000	0.0000	0.0000											
18	43	0.1831	6	0	2	0	1	0	0	0	0	N	Y	N	N	N	N	N	N	N	N	N	N	0.0000	0.0000	0.0000	0.0000	0.0000	0.0000	0.0000	0.0000	0.0000	0.0000	0.0000	0.0000	0.0000	0.0000	0.0000	0.0000	0.0000	0.0000	0.0000	0.0000	0.0000	0.0000	0.0000	0.0000	0.0000	0.0000	0.0000	0.0000	0.0000	0.0000	0.0000	0.0000	0.0000	0.0000	0.0000	0.0000	0.0000	0.0000	0.0000	0.0000	0.0000	0.0000	0.0000	0.0000	0.0000	0.0000	0.0000	0.0000	0.0000	0.0000	0.0000	0.0000	0.0000	0.0000	0.0000	0.0000	0.0000	0.0000	0.0000	0.0000	0.0000	0.0000	0.0000	0.0000	0.0000	0.0000	0.0000	0.0000	0.0000	0.0000	0.0000	0.0000	0.0000	0.0000	0.0000	0.0000	0.0000	0.0000											
18	44	0.1831	6	0	1	0	1	0	0	0	0	N	N	N	N	N	N	N	N	N	N	N	N	0.0000	0.0000	0.0000	0.0000	0.0000	0.0000	0.0000	0.0000	0.0000	0.0000	0.0000	0.0000	0.0000	0.0000	0.0000	0.0000	0.0000	0.0000	0.0000	0.0000	0.0000	0.0000	0.0000	0.0000	0.0000	0.0000	0.0000	0.0000	0.0000	0.0000	0.0000	0.0000	0.0000	0.0000	0.0000	0.0000	0.0000	0.0000	0.0000	0.0000	0.0000	0.0000	0.0000	0.0000	0.0000	0.0000	0.0000	0.0000	0.0000	0.0000	0.0000	0.0000	0.0000	0.0000	0.0000	0.0000	0.0000	0.0000	0.0000	0.0000	0.0000	0.0000	0.0000	0.0000	0.0000	0.0000	0.0000	0.0000	0.0000	0.0000	0.0000	0.0000	0.0000	0.0000	0.0000	0.0000	0.0000	0.0000											
18	45	0.1387	5	0	1	0	1	0	0	0	0	N	N	N	N	N	N	N	N	N	N	N	N	0.0000	0.0000	0.0000	0.0000	0.0000	0.0000	0.0000	0.0000	0.0000	0.0000	0.0000	0.0000	0.0000	0.0000	0.0000	0.0000	0.0000	0.0000	0.0000	0.0000	0.0000	3.0666	0.0000	3.9999	0.0000	0.0000	0.0000	0.0000	0.0000	0.0000	0.0000	0.0000	0.0000	0.0000	0.0000	0.0000	0.0000	0.0000	0.0000	0.0000	0.0000	0.0000	0.0000	0.0000	0.0000	0.0000	0.0000	0.0000	0.0000	0.0000	0.0000	0.0000	0.0000	0.0000	0.0000	0.0000	0.0000	0.0000	0.0000	0.0000	0.0000	0.0000	0.0000	0.0000	0.0000	0.0000	0.0000	0.0000	0.0000	0.0000	0.0000	0.0000	0.0000	0.0000	0.0000	0.0000	0.0000	0.0000											
18	46	0.2092	7	1	1	1	0	0	0	0	0	N	N	N	N	N	N	N	N	N	N	N	N	0.0000	0.0000	0.0000	0.0000	0.0000	0.0000	0.0000	0.0000	0.0000	0.0000	0.0000	0.0000	0.0000	0.0000	0.0000	0.0000	0.0000	0.0000	0.0000	0.0000	0.0000	0.0000	0.0000	2.0000	0.0000	0.0000	0.0000	0.0000	0.0000	0.0000	0.0000	0.0000	0.0000	0.0000	0.0000	0.0000	0.0000	0.0000	0.0000	0.0000	0.0000	0.0000	0.0000	0.0000	0.0000	0.0000	0.0000	0.0000	0.0000	0.0000	0.0000	0.0000	0.0000	0.0000	0.0000	0.0000	0.0000	0.0000	0.0000	0.0000	0.0000	0.0000	0.0000	0.0000	0.0000	0.0000	0.0000	0.0000	0.0000	0.0000	0.0000	0.0000	0.0000	0.0000	0.0000	0.0000	0.0000	0.0000											
18	47	0.2241	8	1	2	0	0	0	0	0	0	N	Y	N	N	N	N	N	N	N	N	N	N	0.0000	0.0000	0.0000	0.0000	0.0000	0.0000	0.0000	0.0000	0.0000	0.0000	0.0000	0.0000	0.0000	0.0000	0.0000	0.0000	0.0000	0.0000	0.0000	0.0000	0.0000	0.9991	0.0000	2.0273	0.0000	0.0000	0.0000	0.0000	0.0000	0.0000	0.0000	0.0000	0.0000	0.0000	0.0000	0.0000	0.0000	0.0000	0.0000	0.0000	0.0000	0.0000	0.0000	0.0000	0.0000	0.0000	0.0000	0.0000	0.0000	0.0000	0.0000	0.0000	0.0000	0.0000	0.0000	0.0000	0.0000	0.0000	0.0000	0.0000	0.0000	0.0000	0.0000	0.0000	0.0000	0.0000	0.0000	0.0000	0.0000	0.0000	0.0000	0.0000	0.0000	0.0000	0.0000	0.0000	0.0000	0.0000											
18	48	0.1866	7	1	2	0	0	0	0	0	0	N	Y	N	N	N	N	N	N	N	N	N	N	0.0000	0.0000	0.0000	0.0000	0.0000	0.0000	0.0000	0.0000	0.0000	0.0000	0.0000	0.0000	0.0000	0.0000	0.0000	0.0000	0.0000	0.0000	0.0000	0.0000	0.0000	3.1828	0.0000	3.1571	0.0000	0.0000	0.0000	0.0000	0.0000	0.0000	0.0000	0.0000	0.0000	0.0000	0.0000	0.0000	0.0000	0.0000	0.0000	0.0000	0.0000	0.0000	0.0000	0.0000	0.0000	0.0000	0.0000	0.0000	0.0000	0.0000	0.0000	0.0000	0.0000	0.0000	0.0000	0.0000	0.0000	0.0000	0.0000	0.0000	0.0000	0.0000	0.0000	0.0000	0.0000	0.0000	0.0000	0.0000	0.0000	0.0000	0.0000	0.0000	0.0000	0.0000	0.0000	0.0000	0.0000	0.0000											
18	49	0.1824	6	0	2	0	0	0	0	0	0	N	Y	N	N	N	N	N	N	N	N	N	N	0.0000	0.0000	0.0000	0.0000	0.0000	0.0000	0.0000	0.0000	0.0000	0.0000	0.0000	0.0000	0.0000	0.0000	0.0000	0.0000	0.0000	0.0000	0.0000	0.0000	0.0000	0.8922	0.0000	1.0748	0.0000	0.0000	0.0000	0.0000	0.0000	0.0000	0.0000	0.0000	0.0000	0.0000	0.0000	0.0000	0.0000	0.0000	0.0000	0.0000	0.0000	0.0000	0.0000	0.0000	0.0000	0.0000	0.0000	0.0000	0.0000	0.0000	0.0000	0.0000	0.0000	0.0000	0.0000	0.0000	0.0000	0.0000	0.0000	0.0000	0.0000	0.0000	0.0000	0.0000	0.0000	0.0000	0.0000	0.0000	0.0000	0.0000	0.0000	0.0000	0.0000	0.0000	0.0000	0.0000	0.0000	0.0000											
18	50	0.2092	7	0	2	0	0	0	0	0	0	N	Y	N	N	N	N	N	N	N	N	N	N	0.0000	0.0000	0.0000	0.0000	0.0000	0.0000	0.0000	0.0000	0.0000	0.0000	0.0000	0.0000	0.0000	0.0000	0.0000	0.0000	0.0000	0.0000	0.0000	0.0000	0.0000	0.0000	0.0000	0.0000	0.0000	0.0000	0.0000	0.0000	0.0000	0.0000	0.0000	0.0000	0.0000	0.0000	0.0000	0.0000	0.0000	0.0000	0.0000	0.0000	0.0000	0.0000	0.0000	0.0000	0.0000	0.0000	0.0000	0.0000	0.0000	0.0000	0.0000	0.0000	0.0000	0.0000	0.0000	0.0000	0.0000	0.0000	0.0000	0.0000	0.0000	0.0000	0.0000	0.0000	0.0000	0.0000	0.0000	0.0000	0.0000	0.0000	0.0000	0.0000	0.0000	0.0000	0.0000	0.0000	0.0000	0.0000											
18	51	0.2092	7	1	2	0	0	0	0	0	0	N	Y	N	N	N	N	N	N	N	N	N	N	0.0000	0.0000	0.0000	0.0000	0.0000	0.0000	0.0000	0.0000	0.0000	0.0000	0.0000	0.0000	0.0000	0.0000	0.0000	0.0000	0.0000	0.0000	0.0000	0.0000	0.0000	1.0000	0.0000	3.0000	0.0000	0.0000	0.0000	0.0000	0.0000	0.0000	0.0000	0.0000	0.0000	0.0000	0.0000	0.0000	0.0000	0.0000	0.0000	0.0000	0.0000	0.0000	0.0000	0.0000	0.0000	0.0000	0.0000	0.0000	0.0000	0.0000	0.0000	0.0000	0.0000	0.0000	0.0000	0.0000	0.0000	0.0000	0.0000	0.0000	0.0000	0.0000	0.0000	0.0000	0.0000	0.0000	0.0000	0.0000	0.0000	0.0000	0.0000	0.0000	0.0000	0.0000	0.0000	0.0000	0.0000	0.0000											
18	52	0.1953	6	0	1	0	0	0	0	0	0	N	N	N	N	N	N	N	N	N	N	N	N	0.0000	0.0000	0.0000	0.0000	0.0000	0.0000	0.0000	0.0000	0.0000	0.0000	0.0000	0.0000	0.0000	0.0000	0.0000	0.0000	0.0000	0.0000	0.0000	0.0000	0.0000	3.0179	0.0000	1.1627	0.0000	0.0000	0.0000	0.0000	0.0000	0.0000	0.0000	0.0000	0.0000	0.0000	0.0000	0.0000	0.0000	0.0000	0.0000	0.0000	0.0000	0.0000	0.0000	0.0000	0.0000	0.0000	0.0000	0.0000	0.0000	0.0000	0.0000	0.0000	0.0000	0.0000	0.0000	0.0000	0.0000	0.0000	0.0000	0.0000	0.0000	0.0000	0.0000	0.0000	0.0000	0.0000	0.0000	0.0000	0.0000	0.0000	0.0000	0.0000	0.0000	0.0000	0.0000	0.0000	0.0000	0.0000											
18	53	0.2092	7	1	2	1	0	0	0	0	0	N	Y	N	N	N	N	N	N	N	N	N	N	0.0000	0.0000	0.0000	0.0000	0.0000	0.0000	0.0000	0.0000	0.0000	0.0000	0.0000	0.0000	0.0000	0.0000	0.0000	0.0000	0.0000	0.0000	0.0000	0.0000	0.0000	4.0000	0.0000	1.0000	0.0000	0.0000	0.0000	0.0000	0.0000	0.0000	0.0000	0.0000	0.0000	0.0000	0.0000	0.0000	0.0000	0.0000	0.0000	0.0000	0.0000	0.0000	0.0000	0.0000	0.0000	0.0000	0.0000	0.0000	0.0000	0.0000	0.0000	0.0000	0.0000	0.0000	0.0000	0.0000	0.0000	0.0000	0.0000	0.0000	0.0000	0.0000	0.0000	0.0000	0.0000	0.0000	0.0000	0.0000	0.0000	0.0000	0.0000	0.0000	0.0000	0.0000	0.0000	0.0000	0.0000	0.0000											
18	54	0.1953	6	0	2	0	0	0	0	0	0	N	Y	N	N	N	N	N	N	N	N	N	N	0.0000	0.0000	0.0000	0.0000	0.0000	0.0000	0.0000	0.0000	0.0000	0.0000	0.0000	0.0000	0.0000	0.0000	0.0000	0.0000	0.0000	0.0000	0.0000	0.0000	0.0000	2.0683	0.0000	6.9961	0.0000	0.0000	0.0000	0.0000	0.0000	0.0000	0.0000	0.0000	0.0000	0.0000	0.0000	0.0000	0.0000	0.0000	0.0000	0.0000	0.0000	0.0000	0.0000	0.0000	0.0000	0.0000	0.0000	0.0000	0.0000	0.0000	0.0000	0.0000	0.0000	0.0000	0.0000	0.0000	0.0000	0.0000	0.0000	0.0000	0.0000	0.0000	0.0000	0.0000	0.0000	0.0000	0.0000	0.0000	0.0000	0.0000	0.0000	0.0000	0.0000	0.0000	0.0000	0.0000	0.0000	0.0000											
18	55	0.1387	5	0	1	0	0	0	0	0	0	N	N	N	N	N	N	N	N	N	N	N	N	0.0000	0.0000	0.0000	0.0000	0.0000	0.0000	0.0000	0.0000	0.0000	0.0000	0.0000	0.0000	0.0000	0.0000	0.0000	0.0000	0.0000	0.0000	0.0000	0.0000	0.0000	3.9265	0.0000	5.0808	0.0000	0.0000	0.0000	0.0000	0.0000	0.0000	0.0000	0.0000	0.0000	0.0000	0.0000	0.0000	0.0000	0.0000	0.0000	0.0000	0.0000	0.0000	0.0000	0.0000	0.0000	0.0000	0.0000	0.0000	0.0000	0.0000	0.0000	0.0000	0.0000	0.0000	0.0000	0.0000	0.0000	0.0000	0.0000	0.0000	0.0000	0.0000	0.0000	0.0000	0.0000	0.0000	0.0000	0.0000	0.0000	0.0000	0.0000	0.0000	0.0000	0.0000	0.0000	0.0000	0.0000	0.0000											
18	56	0.2092	7	1	1	1	0	0	0	0	0	N	N	N	N	N	N	N	N	N	N	N	N	0.0000	0.0000	0.0000	0.0000	0.0000	0.0000	0.0000	0.0000	0.0000	0.0000	0.0000	0.0000	0.0000	0.0000	0.0000	0.0000	0.0000	0.0000	0.0000	0.0000	0.0000	4.0000	0.0000	7.0000	0.0000	0.0000	0.0000	0.0000	0.0000	0.0000	0.0000	0.0000	0.0000	0.0000	0.0000	0.0000	0.0000	0.0000	0.0000	0.0000	0.0000	0.0000	0.0000	0.0000	0.0000	0.0000	0.0000	0.0000	0.0000	0.0000	0.0000	0.0000	0.0000	0.0000	0.0000	0.0000	0.0000	0.0000	0.0000	0.0000	0.0000	0.0000	0.0000	0.0000	0.0000	0.0000	0.0000	0.0000	0.0000	0.0000	0.0000	0.0000	0.0000	0.0000	0.0000	0.0000	0.0000	0.0000											
18	57	0.1537	8	0	2	0	0	0	0	0	0	N	Y	N	N	N	N	N	N	N	N	N	N	0.0000	0.0000	0.0000	0.0000	0.0000	0.0000	0.0000	0.0000	0.0000	0.0000	0.0000	0.0000	0.0000	0.0000	0.0000	0.0000	0.0000	0.0000	0.0000	0.0000	0.0000	9.7645	0.0000	7.4558	0.0000	0.0000	0.0000	0.0000	0.0000	0.0000	0.0000	0.0000	0.0000	0.0000	0.0000	0.0000	0.0000	0.0000	0.0000	0.0000	0.0000	0.0000	0.0000	0.0000	0.0000	0.0000	0.0000	0.0000	0.0000	0.0000	0.0000	0.0000	0.0000	0.0000	0.0000	0.0000	0.0000	0.0000	0.0000	0.0000	0.0000	0.0000	0.0000	0.0000	0.0000	0.0000	0.0000	0.0000	0.0000	0.0000	0.0000	0.0000	0.0000	0.0000	0.0000	0.0000	0.0000	0.0000											
18	58	0.2093	9	0	1	1	0	0	0	0	0	N	N	N	N	N	N	N	N	N	N	N	N	0.0000	0.0000	0.0000	0.0000	0.0000	0.0000	0.0000	0.0000	0.0000	0.0000	0.0000	0.0000	0.0000	0.0000	0.0000	0.0000	0.0000	0.0000	0.0000	0.0000	0.0000	1.0009	0.0000	0.0163	0.0000	0.0000	0.0000	0.0000	0.0000	0.0000	0.0000	0.0000	0.0000	0.0000	0.0000	0.0000	0.0000	0.0000	0.0000	0.0000	0.0000	0.0000	0.0000	0.0000	0.0000	0.0000	0.0000	0.0000	0.0000	0.0000	0.0000	0.0000	0.0000	0.0000	0.0000	0.0000	0.0000	0.0000	0.0000	0.0000	0.0000	0.0000	0.0000	0.0000	0.0000	0.0000	0.0000	0.0000	0.0000	0.0000	0.0000	0.0000	0.0000	0.0000	0.0000	0.0000	0.0000	0.0000											
18	59	0.1939	8	0	1	0	0	0	0	0	0	N	N	N	N	N	N	N	N	N	N	N	N	0.0000	0.0000	0.0000	0.0000	0.0000	0.0000	0.0000	0.0000	0.0000	0.0000	0.0000	0.0000	0.0000	0.0000	0.0000	0.0000	0.0000	0.0000	0.0000	0.0000	0.0000	1.9961	0.0000	0.0521	0.0000	0.0000	0.0000	0.0000	0.0000	0.0000	0.0000	0.0000	0.0000	0.0000	0.0000	0.0000	0.0000	0.0000	0.0000	0.0000	0.0000	0.0000	0.0000	0.0000	0.0000	0.0000	0.0000	0.0000	0.0000	0.0000	0.0000	0.0000	0.0000	0.0000	0.0000	0.0000	0.0000	0.0000	0.0000	0.0000	0.0000	0.0000	0.0000	0.0000	0.0000	0.0000	0.0000	0.0000	0.0000	0.0000	0.0000	0.0000	0.0000	0.0000	0.0000	0.0000	0.0000	0.0000											
18	60	0.1862	7	0	1	0	0	0	0	0	0	N	N	N	N	N	N	N	N	N	N	N	N	0.0000	0.0000	0.0000	0.0000	0.0000	0.0000	0.0000	0.0000	0.0000	0.0000	0.0000	0.0000	0.0000	0.0000	0.0000	0.0000	0.0000	0.0000	0.0000	0.0000	0.0000	0.0081	0.0000	1.0507	0.0000	0.0000	0.0000	0.0000	0.0000	0.0000	0.0000	0.0000	0.0000	0.0000	0.0000	0.0000	0.0000	0.0000	0.0000	0.0000	0.0000	0.0000	0.0000	0.0000	0.0000	0.0000	0.0000	0.0000	0.0000	0.0000	0.0000	0.0000	0.0000	0.0000	0.0000	0.0000	0.0000	0.0000	0.0000	0.0000	0.0000	0.0000	0.0000	0.0000	0.0000	0.0000	0.0000	0.0000	0.0000	0.0000	0.0000	0.0000	0.0000	0.0000	0.0000	0.0000	0.0000	0.0000											
18	61	0.1374	6	0	1	0	0	0	0	0	0	N	N	N	N	N	N	N	N	N	N	N	N	0.0000	0.0000	0.0000	0.0000	0.0000	0.0000	0.0000	0.0000	0.0000	0.0000	0.0000	0.0000	0.0000	0.0000	0.0000	0.0000	0.0000	0.0000	0.0000	0.0000	0.0000	3.0167	0.0000	3.2580	0.0000	0.0000	0.0000	0.0000	0.0000	0.0000	0.0000	0.0000	0.0000	0.0000	0.0000	0.0000	0.0000	0.0000	0.0000	0.0000	0.0000	0.0000	0.0000	0.0000	0.0000	0.0000	0.0000	0.0000	0.0000	0.0000	0.0000	0.0000	0.0000	0.0000	0.0000	0.0000	0.0000	0.0000	0.0000	0.0000	0.0000	0.0000	0.0000	0.0000	0.0000	0.0000	0.0000	0.0000	0.0000	0.0000	0.0000	0.0000	0.0000	0.0000	0.0000	0.0000	0.0000	0.0000											
18	62	0.1827	7	0	2	0	0	0	0	0	0	N	Y	N	N	N	N	N	N	N	N	N	N	0.0000	0.0000	0.0000	0.0000	0.0000	0.0000	0.0000	0.0000	0.0000	0.0000	0.0000	0.0000	0.0000	0.0000	0.0000	0.0000	0.0000	0.0000	0.0000	0.0000	0.0000	3.3327	0.0000	4.3103	0.0000	0.0000	0.0000	0.0000	0.0000	0.0000	0.0000	0.0000	0.0000	0.0000	0.0000	0.0000	0.0000	0.0000	0.0000	0.0000	0.0000	0.0000	0.0000	0.0000	0.0000	0.0000	0.0000	0.0000	0.0000	0.0000	0.0000	0.0000	0.0000	0.0000	0.0000	0.0000	0.0000	0.0000	0.0000	0.0000	0.0000	0.0000	0.0000	0.0000	0.0000	0.0000	0.0000	0.0000	0.0000	0.0000	0.0000	0.0000	0.0000	0.0000	0.0000	0.0000	0.0000	0.0000											
18	63	0.1587	6	0	1	0	0	0	0	0	0	N	N	N	N	N	N	N	N	N	N	N	N	0.0000	0.0000	0.0000	0.0000	0.0000	0.0000	0.0000	0.0000	0.0000	0.0000	0.0000	0.0000	0.0000	0.0000	0.0000	0.0000	0.0000	0.0000	0.0000	0.0000	0.0000	3.2669	0.0000	2.4507	0.0000	0.0000	0.0000	0.0000	0.0000	0.0000	0.0000	0.0000	0.0000	0.0000	0.0000	0.0000	0.0000	0.0000	0.0000	0.0000	0.0000	0.0000	0.0000	0.0000	0.0000	0.0000	0.0000	0.0000	0.0000	0.0000	0.0000	0.0000	0.0000	0.0000	0.0000	0.0000	0.0000	0.0000	0.0000	0.0000	0.0000	0.0000	0.0000	0.0000	0.0000	0.0000	0.0000	0.0000	0.0000	0.0000	0.0000	0.0000	0.0000	0.0000	0.0000	0.0000	0.0000	0.0000											
18	64	0.2430	10	1	1	1	0	0	0	0	0	N	N	N	N	N	N	N	N	N	N	N	N	0.0000	0.0000	0.0000	0.0000	0.0000	0.0000	0.0000	0.0000	0.0000	0.0000	0.0000	0.0000	0.0000	0.0000	0.0000	0.0000	0.0000	0.0000	0.0000	0.0000	0.0000	0.0000	0.0000	1.0000	0.0000	0.0000	0.0000	0.0000	0.0000	0.0000	0.0000	0.0000	0.0000	0.0000	0.0000	0.0000	0.0000	0.0000	0.0000	0.0000	0.0000	0.0000	0.0000	0.0000	0.0000	0.0000	0.0000	0.0000	0.0000	0.0000	0.0000	0.0000	0.0000	0.0000	0.0000	0.0000	0.0000	0.0000	0.0000	0.0000	0.0000	0.0000	0.0000	0.0000	0.0000	0.0000	0.0000	0.0000	0.0000	0.0000	0.0000	0.0000	0.0000	0.0000	0.0000	0.0000	0.0000	0.0000											
18	65	0.2430	9	1	1	1	0	0	0	0	0	N	N	N	N	N	N	N	N	N	N	N	N	0.0000	0.0000	0.0000	0.0000	0.0000	0.0000	0.0000	0.0000	0.0000	0.0000	0.0000	0.0000	0.0000	0.0000	0.0000	0.0000	0.0000	0.0000	0.0000	0.0000	0.0000	0.0000	0.0000	0.0001	0.0000	0.0000	0.0000	0.0000	0.0000	0.0000	0.0000	0.0000	0.0000	0.0000	0.0000	0.0000	0.0000	0.0000	0.0000	0.0000	0.0000	0.0000	0.0000	0.0000	0.0000	0.0000	0.0000	0.0000	0.0000	0.0000	0.0000	0.0000	0.0000	0.0000	0.0000	0.0000	0.0000	0.0000	0.0000	0.0000	0.0000	0.0000	0.0000	0.0000	0.0000	0.0000	0.0000	0.0000	0.0000	0.0000	0.0000	0.0000	0.0000	0.0000	0.0000	0.0000	0.0000	0.0000											
18	66	0.2308	8	1	1	1	0	0	0	0	0	N	N	N	N	N	N	N	N	N	N	N	N	0.0000	0.0000	0.0000	0.0000	0.0000	0.0000	0.0000	0.0000	0.0000	0.0000	0.0000	0.0000	0.0000	0.0000	0.0000	0.0000	0.0000	0.0000	0.0000	0.0000	0.0000	1.9720	0.0000	0.0923	0.0000	0.0000	0.0000	0.0000	0.0000	0.0000	0.0000	0.0000	0.0000	0.0000	0.0000	0.0000	0.0000	0.0000	0.0000	0.0000	0.0000	0.0000	0.0000	0.0000	0.0000	0.0000	0.0000	0.0000	0.0000	0.0000	0.0000	0.0000	0.0000	0.0000	0.0000	0.0000	0.0000	0.0000	0.0000	0.0000	0.0000	0.0000	0.0000	0.0000	0.0000	0.0000	0.0000	0.0000	0.0000	0.0000	0.0000	0.0000	0.0000	0.0000	0.0000	0.0000	0.0000	0.0000											
18	67	0.2092	7	1	1	1	0	0	0	0	0	N	N	N	N	N	N	N	N	N	N	N	N	0.0000	0.0000	0.0000	0.0000	0.0000	0.0000	0.0000	0.0000	0.0000	0.0000	0.0000	0.0000	0.0000	0.0000	0.0000	0.0000	0.0000	0.0000	0.0000	0.0000	0.0000	3.0650	0.0000	1.0636	0.0000	0.0000	0.0000	0.0000	0.0000	0.0000	0.0000	0.0000	0.0000	0.0000	0.0000	0.0000	0.0000	0.0000	0.0000	0.0000	0.0000	0.0000	0.0000	0.0000	0.0000	0.0000	0.0000	0.0000	0.0000	0.0000	0.0000	0.0000	0.0000	0.0000	0.0000	0.0000	0.0000	0.0000	0.0000	0.0000	0.0000	0.0000	0.0000	0.0000	0.0000	0.0000	0.0000	0.0000	0.0000	0.0000	0.0000	0.0000	0.0000	0.0000	0.0000	0.0000	0.0000	0.0000											
18	68	0.0961	5	0	2	0	1	0	0	0	0	N	Y	N	N	N	N	N	N	N	N	N	N	0.0000	0.0000	0.0000	0.0000	0.0000	0.0000	0.0000	0.0000	0.0000	0.0000	0.0000	0.0000	0.0000	0.0000	0.0000	0.0000	0.0000	0.0000	0.0000	0.0000	0.0000	2.7513	0.0000	4.0954	0.0000	0.0000	0.0000	0.0000	0.0000	0.0000	0.0000	0.0000	0.0000	0.0000	0.0000	0.0000	0.0000	0.0000	0.0000	0.0000	0.0000	0.0000	0.0000	0.0000	0.0000	0.0000	0.0000	0.0000	0.0000	0.0000	0.0000	0.0000	0.0000	0.0000	0.0000	0.0000	0.0000	0.0000	0.0000	0.0000	0.0000	0.0000	0.0000	0.0000	0.0000	0.0000	0.0000	0.0000	0.0000	0.0000	0.0000	0.0000	0.0000	0.0000	0.0000	0.0000	0.0000	0.0000											
18	69	0.1387	5	0	2	0	0	0	0	0	0	N	Y	N	N	N	N	N	N	N	N	N	N	0.0000	0.0000	0.0000	0.0000	0.0000	0.0000	0.0000	0.0000	0.0000	0.0000	0.0000	0.0000	0.0000	0.0000	0.0000	0.0000	0.0000	0.0000	0.0000	0.0000	0.0000	9.9334	0.0000	8.9999	0.0000	0.0000	0.0000	0.0000	0.0000	0.0000	0.0000	0.0000	0.0000	0.0000	0.0000	0.0000	0.0000	0.0000	0.0000	0.0000	0.0000	0.0000	0.0000	0.0000	0.0000	0.0000	0.0000	0.0000	0.0000	0.0000	0.0000	0.0000	0.0000	0.0000	0.0000	0.0000	0.0000	0.0000	0.0000	0.0000	0.0000	0.0000	0.0000	0.0000	0.0000	0.0000	0.0000	0.0000	0.0000	0.0000	0.0000	0.0000	0.0000	0.0000	0.0000	0.0000	0.0000	0.0000											
18	70	0.1387	5	0	2	0	0	0	0	0	0	N	Y	N	N	N	N	N	N	N	N	N	N	0.0000	0.0000	0.0000	0.0000	0.0000	0.0000	0.0000	0.0000	0.0000	0.0000	0.0000	0.0000	0.0000	0.0000	0.0000	0.0000	0.0000	0.0000	0.0000	0.0000	0.0000	0.0666	0.0000	4.0001	0.0000	0.0000	0.0000	0.0000	0.0000	0.0000	0.0000	0.0000	0.0000	0.0000	0.0000	0.0000	0.0000	0.0000	0.0000	0.0000	0.0000	0.0000	0.0000	0.0000	0.0000	0.0000	0.0000	0.0000	0.0000	0.0000	0.0000	0.0000	0.0000	0.0000	0.0000	0.0000	0.0000	0.0000	0.0000	0.0000	0.0000	0.0000	0.0000	0.0000	0.0000	0.0000	0.0000	0.0000	0.0000	0.0000	0.0000	0.0000	0.0000	0.0000	0.0000	0.0000	0.0000	0.0000											
18	71	0.2092	7	0	2	0	0	0	0	0	0	N	Y	N	N	N	N	N	N	N	N	N	N	0.0000	0.0000	0.0000	0.0000	0.0000	0.0000	0.0000	0.0000	0.0000	0.0000	0.0000	0.0000	0.0000	0.0000	0.0000	0.0000	0.0000	0.0000	0.0000	0.0000	0.0000	2.0000	0.0000	3.0000	0.0000	0.0000	0.0000	0.0000	0.0000	0.0000	0.0000	0.0000	0.0000	0.0000	0.0000	0.0000	0.0000	0.0000	0.0000	0.0000	0.0000	0.0000	0.0000	0.0000	0.0000	0.0000	0.0000	0.0000	0.0000	0.0000	0.0000	0.0000	0.0000	0.0000	0.0000	0.0000	0.0000	0.0000	0.0000	0.0000	0.0000	0.0000	0.0000	0.0000	0.0000	0.0000	0.0000	0.0000	0.0000	0.0000	0.0000	0.0000	0.0000	0.0000	0.0000	0.0000	0.0000	0.0000											
18	72	0.1824	6	0	1	0	0	0	0	0	0	N	N	N	N	N	N	N	N	N	N	N	N	0.0000	0.0000	0.0000	0.0000	0.0000	0.0000	0.0000	0.0000	0.0000	0.0000	0.0000	0.0000	0.0000	0.0000	0.0000	0.0000	0.0000	0.0000	0.0000	0.0000	0.0000	4.7932	0.0000	0.2507	0.0000	0.0000	0.0000	0.0000	0.0000	0.0000	0.0000	0.0000	0.0000	0.0000	0.0000	0.0000	0.0000	0.0000	0.0000	0.0000	0.0000	0.0000	0.0000	0.0000	0.0000	0.0000	0.0000	0.0000	0.0000	0.0000	0.0000	0.0000	0.0000	0.0000	0.0000	0.0000	0.0000	0.0000	0.0000	0.0000	0.0000	0.0000	0.0000	0.0000	0.0000	0.0000	0.0000	0.0000	0.0000	0.0000	0.0000	0.0000	0.0000	0.0000	0.0000	0.0000	0.0000	0.0000											
18	73	0.1387	5	0	1	0	0	0	0	0	0	N	N	N	N	N	N	N	N	N	N	N	N	0.0000	0.0000	0.0000	0.0000	0.0000	0.0000	0.0000	0.0000	0.0000	0.0000	0.0000	0.0000	0.0000	0.0000	0.0000	0.0000	0.0000	0.0000	0.0000	0.0000	0.0000	4.9764	0.0000	2.9948	0.0000	0.0000	0.0000	0.0000	0.0000	0.0000	0.0000	0.0000	0.0000	0.0000	0.0000	0.0000	0.0000	0.0000	0.0000	0.0000	0.0000	0.0000	0.0000	0.0000	0.0000	0.0000	0.0000	0.0000	0.0000	0.0000	0.0000	0.0000	0.0000	0.0000	0.0000	0.0000	0.0000	0.0000	0.0000	0.0000	0.0000	0.0000	0.0000	0.0000	0.0000	0.0000	0.0000	0.0000	0.0000	0.0000	0.0000	0.0000	0.0000	0.0000	0.0000	0.0000	0.0000	0.0000											
18	74	0.1587	6	0	2	0	0	0	0	0	0	N	Y	N	N	N	N	N	N	N	N	N	N	0.0000	0.0000	0.0000	0.0000	0.0000	0.0000	0.0000	0.0000	0.0000	0.0000	0.0000	0.0000	0.0000	0.0000	0.0000	0.0000	0.0000	0.0000	0.0000	0.0000	0.0000	1.8678	0.0000	4.6278	0.0000	0.0000	0.0000	0.0000	0.0000	0.0000	0.0000	0.0000	0.0000	0.0000	0.0000	0.0000	0.0000	0.0000	0.0000	0.0000	0.0000	0.0000	0.0000	0.0000	0.0000	0.0000	0.0000	0.0000	0.0000	0.0000	0.0000	0.0000	0.0000	0.0000	0.0000	0.0000	0.0000	0.0000	0.0000	0.0000	0.0000	0.0000	0.0000	0.0000	0.0000	0.0000	0.0000	0.0000	0.0000	0.0000	0.0000	0.0000	0.0000	0.0000	0.0000	0.0000	0.0000	0.0000											
18	75	0.1387	5	0	1	0	0	0	0	0	0	N	N	N	N	N	N	N	N	N	N	N	N	0.0000	0.0000	0.0000	0.0000	0.0000	0.0000	0.0000	0.0000	0.0000	0.0000	0.0000	0.0000	0.0000	0.0000	0.0000	0.0000	0.0000	0.0000	0.0000	0.0000	0.0000	4.7010	0.0000	0.6064	0.0000	0.0000	0.0000	0.0000	0.0000	0.0000	0.0000	0.0000	0.0000	0.0000	0.0000	0.0000	0.0000	0.0000	0.0000	0.0000	0.0000	0.0000	0.0000	0.0000	0.0000	0.0000	0.0000	0.0000	0.0000	0.0000	0.0000	0.0000	0.0000	0.0000	0.0000	0.0000	0.0000	0.0000	0.0000	0.0000	0.0000	0.0000	0.0000	0.0000	0.0000	0.0000	0.0000	0.0000	0.0000	0.0000	0.0000	0.0000	0.0000	0.0000	0.0000	0.0000	0.0000	0.0000											
18	76	0.0787	4	0	1	0	0	0	0	0	0	N	N	N	N	N	N	N	N	N	N	N	N	0.0000	0.0000	0.0000	0.0000	0.0000	0.0000	0.0000	0.0000	0.0000	0.0000	0.0000	0.0000	0.0000	0.0000	0.0000	0.0000	0.0000	0.0000	0.0000	0.0000	0.0000	4.7970	0.0000	3.0436	0.0000	0.0000	0.0000	0.0000	0.0000	0.0000	0.0000	0.0000	0.0000	0.0000	0.0000	0.0000	0.0000	0.0000	0.0000	0.0000	0.0000	0.0000	0.0000	0.0000	0.0000	0.0000	0.0000	0.0000	0.0000	0.0000	0.0000	0.0000	0.0000	0.0000	0.0000	0.0000	0.0000	0.0000	0.0000	0.0000	0.0000	0.0000	0.0000	0.0000	0.0000	0.0000	0.0000	0.0000	0.0000	0.0000	0.0000	0.0000	0.0000	0.0000	0.0000	0.0000	0.0000	0.0000											
18	78	0.0596	3	1	2	0	1	0	0	0	0	N	Y	N	N	N	N	N	N	N	N	N	N	0.0000	0.0000	0.0000	0.0000	0.0000	0.0000	0.0000	0.0000	0.0000	0.0000	0.0000	0.0000	0.0000	0.0000	0.0000	0.0000	0.0000	0.0000	0.0000	0.0000	0.0000	1.0000	0.0000	2.0144	0.0000	0.0000	0.0000	0.0000	0.0000	0.0000	0.0000	0.0000	0.0000	0.0000	0.0000	0.0000	0.0000	0.0000	0.0000	0.0000	0.0000	0.0000	0.0000	0.0000	0.0000	0.0000	0.0000	0.0000	0.0000	0.0000	0.0000	0.0000	0.0000	0.0000	0.0000	0.0000	0.0000	0.0000	0.0000	0.0000	0.0000	0.0000	0.0000	0.0000	0.0000	0.0000	0.0000	0.0000	0.0000	0.0000	0.0000	0.0000	0.0000	0.0000	0.0000	0.0000	0.0000	0.0000											
18	79	0.0373	2	1	2	0	1	0	0	0	0	N	Y	N	N	N	N	N	N	N	N	N	N	0.0000	0.0000	0.0000	0.0000	0.0000	0.0000	0.0000	0.0000	0.0000	0.0000	0.0000	0.0000	0.0000	0.0000	0.0000	0.0000	0.0000	0.0000	0.0000	0.0000	0.0000	0.0001	0.0000	3.0180	0.0000	0.0000	0.0000	0.0000	0.0000	0.0000	0.0000	0.0000	0.0000	0.0000	0.0000	0.0000	0.0000	0.0000	0.0000	0.0000	0.0000	0.0000	0.0000	0.0000	0.0000	0.0000	0.0000	0.0000	0.0000	0.0000	0.0000	0.0000	0.0000	0.0000	0.0000	0.0000	0.0000	0.0000	0.0000	0.0000	0.0000	0.0000	0.0000	0.0000	0.0000	0.0000	0.0000	0.0000	0.0000	0.0000	0.0000	0.0000	0.0000	0.0000	0.0000	0.0000	0.0000	0.0000											
18	80	0.0593	4	0	2	0	1	0	0	0	0	N	Y	N	N	N	N	N	N	N	N	N	N	0.0000	0.0000	0.0000	0.0000	0.0000	0.0000	0.0000	0.0000	0.0000	0.0000	0.0000	0.0000	0.0000	0.0000	0.0000	0.0000	0.0000	0.0000	0.0000	0.0000	0.0000	0.0000	0.0000	0.0000	0.0000	0.0000	0.0000	0.0000	0.0000	0.0000	0.0000	0.0000	0.0000	0.0000	0.0000	0.0000	0.0000	0.0000	0.0000	0.0000	0.0000	0.0000	0.0000	0.0000	0.0000	0.0000	0.0000	0.0000	0.0000	0.0000	0.0000	0.0000	0.0000	0.0000	0.0000	0.0000	0.0000	0.0000	0.0000	0.0000	0.0000	0.0000	0.0000	0.0000	0.0000	0.0000	0.0000	0.0000	0.0000	0.0000	0.0000	0.0000	0.0000	0.0000	0.0000	0.0000	0.0000	0.0000											
18	81	0.0373	2	0	1	1	1	0	0	0	0	N	N	N	N	N	N	N	N	N	N	N	N	0.0000	0.0000	0.0000	0.0000	0.0000	0.0000	0.0000	0.0000	0.0000	0.0000	0.0000	0.0000	0.0000	0.0000	0.0000	0.0000	0.0000	0.0000	0.0000	0.0000	0.0000	2.0000	0.0000	0.0000	0.0000	0.0000	0.0000	0.0000	0.0000	0.0000	0.0000	0.0000	0.0000	0.0000	0.0000	0.0000	0.0000	0.0000	0.0000	0.0000	0.0000	0.0000	0.0000	0.0000	0.0000	0.0000	0.0000	0.0000	0.0000	0.0000	0.0000	0.0000	0.0000	0.0000	0.0000	0.0000	0.0000	0.0000	0.0000	0.0000	0.0000	0.0000	0.0000	0.0000	0.0000	0.0000	0.0000	0.0000	0.0000	0.0000	0.0000	0.0000	0.0000	0.0000	0.0000	0.0000	0.0000	0.0000											
18	82	0.0373	2	0	1	1	1	0	0	0	0	N	N	N	N	N	N	N	N	N	N	N	N	0.0000	0.0000	0.0000	0.0000	0.0000	0.0000	0.0000	0.0000	0.0000	0.0000	0.0000	0.0000	0.0000	0.0000	0.0000	0.0000	0.0000	0.0000	0.0000	0.0000	0.0000	0.0000	0.0000	4.0000	0.0000	0.0000	0.0000	0.0000	0.0000	0.0000	0.0000	0.0000	0.0000	0.0000	0.0000	0.0000	0.0000	0.0000	0.0000	0.0000	0.0000	0.0000	0.0000	0.0000	0.0000	0.0000	0.0000	0.0000	0.0000	0.0000	0.0000	0.0000	0.0000	0.0000	0.0000	0.0000	0.0000	0.0000	0.0000	0.0000	0.0000	0.0000	0.0000	0.0000	0.0000	0.0000	0.0000	0.0000	0.0000	0.0000	0.0000	0.0000	0.0000	0.0000	0.0000	0.0000	0.0000	0.0000											
18	83	0.0593	4	0	1	1	1	0	0	0	0	N	N	N	N	N	N	N	N	N	N	N	N	0.0000	0.0000	0.0000	0.0000	0.0000	0.0000	0.0000	0.0000	0.0000	0.0000	0.0000	0.0000	0.0000	0.0000	0.0000	0.0000	0.0000	0.0000	0.0000	0.0000	0.0000	0.0000	0.0000	2.0000	0.0000	0.0000	0.0000	0.0000	0.0000	0.0000	0.0000	0.0000	0.0000	0.0000	0.0000	0.0000	0.0000	0.0000	0.0000	0.0000	0.0000	0.0000	0.0000	0.0000	0.0000	0.0000	0.0000	0.0000	0.0000	0.0000	0.0000	0.0000	0.0000	0.0000	0.0000	0.0000	0.0000	0.0000	0.0000	0.0000	0.0000	0.0000	0.0000	0.0000	0.0000	0.0000	0.0000	0.0000	0.0000	0.0000	0.0000	0.0000	0.0000	0.0000	0.0000	0.0000	0.0000	0.0000											
18	84	0.0520	3	0	1	0	1	0	0	0	0	N	N	N	N	N	N	N	N	N	N	N	N	0.0000	0.0000	0.0000	0.0000	0.0000	0.0000	0.0000	0.0000	0.0000	0.0000	0.0000	0.0000	0.0000	0.0000	0.0000	0.0000	0.0000	0.0000	0.0000	0.0000	0.0000	1.0000	0.0000	0.0015	0.0000	0.0000	0.0000	0.0000	0.0000	0.0000	0.0000	0.0000	0.0000	0.0000	0.0000	0.0000	0.0000	0.0000	0.0000	0.0000	0.0000	0.0000	0.0000	0.0000	0.0000	0.0000	0.0000	0.0000	0.0000	0.0000	0.0000	0.0000	0.0000	0.0000	0.0000	0.0000	0.0000	0.0000	0.0000	0.0000	0.0000	0.0000	0.0000	0.0000	0.0000	0.0000	0.0000	0.0000	0.0000	0.0000	0.0000	0.0000	0.0000	0.0000	0.0000	0.0000	0.0000	0.0000											
18	85	0.0373	2	0	1	0	1	0	0	0	0	N	N	N	N	N	N	N	N	N	N	N	N	0.0000	0.0000	0.0000	0.0000	0.0000	0.0000	0.0000	0.0000	0.0000	0.0000	0.0000	0.0000	0.0000	0.0000	0.0000	0.0000	0.0000	0.0000	0.0000	0.0000	0.0000	0.0000	0.0000	2.0013	0.0000	0.0000	0.0000	0.0000	0.0000	0.0000	0.0000	0.0000	0.0000	0.0000	0.0000	0.0000	0.0000	0.0000	0.0000	0.0000	0.0000	0.0000	0.0000	0.0000	0.0000	0.0000	0.0000	0.0000	0.0000	0.0000	0.0000	0.0000	0.0000	0.0000	0.0000	0.0000	0.0000	0.0000	0.0000	0.0000	0.0000	0.0000	0.0000	0.0000	0.0000	0.0000	0.0000	0.0000	0.0000	0.0000	0.0000	0.0000	0.0000	0.0000	0.0000	0.0000	0.0000	0.0000											
18	86	0.1091	4	1	2	0	0	0	0	0	0	N	Y	N	N	N	N	N	N	N	N	N	N	0.0000	0.0000	0.0000	0.0000	0.0000	0.0000	0.0000	0.0000	0.0000	0.0000	0.0000	0.0000	0.0000	0.0000	0.0000	0.0000	0.0000	0.0000	0.0000	0.0000	0.0000	0.0007	0.0000	0.9812	0.0000	0.0000	0.0000	0.0000	0.0000	0.0000	0.0000	0.0000	0.0000	0.0000	0.0000	0.0000	0.0000	0.0000	0.0000	0.0000	0.0000	0.0000	0.0000	0.0000	0.0000	0.0000	0.0000	0.0000	0.0000	0.0000	0.0000	0.0000	0.0000	0.0000	0.0000	0.0000	0.0000	0.0000	0.0000	0.0000	0.0000	0.0000	0.0000	0.0000	0.0000	0.0000	0.0000	0.0000	0.0000	0.0000	0.0000	0.0000	0.0000	0.0000	0.0000	0.0000	0.0000	0.0000											
18	87	0.0533	3	1	2	0	0	0	0	0	0	N	Y	N	N	N	N	N	N	N	N	N	N	0.0000	0.0000	0.0000	0.0000	0.0000	0.0000	0.0000	0.0000	0.0000	0.0000	0.0000	0.0000	0.0000	0.0000	0.0000	0.0000	0.0000	0.0000	0.0000	0.0000	0.0000	5.0272	0.0000	2.1572	0.0000	0.0000	0.0000	0.0000	0.0000	0.0000	0.0000	0.0000	0.0000	0.0000	0.0000	0.0000	0.0000	0.0000	0.0000	0.0000	0.0000	0.0000	0.0000	0.0000	0.0000	0.0000	0.0000	0.0000	0.0000	0.0000	0.0000	0.0000	0.0000	0.0000	0.0000	0.0000	0.0000	0.0000	0.0000	0.0000	0.0000	0.0000	0.0000	0.0000	0.0000	0.0000	0.0000	0.0000	0.0000	0.0000	0.0000	0.0000	0.0000	0.0000	0.0000	0.0000	0.0000	0.0000											
18	90	0.0373	2	1	2	0	0	0	0	0	0	N	Y	N	N	N	N	N	N	N	N	N	N	0.0000	0.0000	0.0000	0.0000	0.0000	0.0000	0.0000	0.0000	0.0000	0.0000	0.0000	0.0000	0.0000	0.0000	0.0000	0.0000	0.0000	0.0000	0.0000	0.0000	0.0000	2.0000	0.0000	3.0000	0.0000	0.0000	0.0000	0.0000	0.0000	0.0000	0.0000	0.0000	0.0000	0.0000	0.0000	0.0000	0.0000	0.0000	0.0000	0.0000	0.0000	0.0000	0.0000	0.0000	0.0000	0.0000	0.0000	0.0000	0.0000	0.0000	0.0000	0.0000	0.0000	0.0000	0.0000	0.0000	0.0000	0.0000	0.0000	0.0000	0.0000	0.0000	0.0000	0.0000	0.0000	0.0000	0.0000	0.0000	0.0000	0.0000	0.0000	0.0000	0.0000	0.0000	0.0000	0.0000	0.0000	0.0000											
18	98	0.2155	9	0	1	0	0	0	0	0	0	N	N	N	N	N	N	N	N	N	N	N	N	0.0000	0.0000	0.0000	0.0000	0.0000	0.0000	0.0000	0.0000	0.0000	0.0000	0.0000	0.0000	0.0000	0.0000	0.0000	0.0000	0.0000	0.0000	0.0000	0.0000	0.0000	4.9999	0.0000	9.0821	0.0000	0.0000	0.0000	0.0000	0.0000	0.0000	0.0000	0.0000	0.0000	0.0000	0.0000	0.0000	0.0000	0.0000	0.0000	0.0000	0.0000	0.0000	0.0000	0.0000	0.0000	0.0000	0.0000	0.0000	0.0000	0.0000	0.0000	0.0000	0.0000	0.0000	0.0000	0.0000	0.0000	0.0000	0.0000	0.0000	0.0000	0.0000	0.0000	0.0000	0.0000	0.0000	0.0000	0.0000	0.0000	0.0000	0.0000	0.0000	0.0000	0.0000	0.0000	0.0000	0.0000	0.0000											
19	20	0.1488	4	1	0	1	1	0	0	0	0	N	N	N	N	N	N	N	N	N	N	N	N	132.4790	56.5945	133.8692	119.7242	0.0263	0.0296	0.0000	0.1100	0.1154	0.0000	0.0000	0.0000	0.0000	0.0002	0.0005	0.0000	0.0008	0.0010	0.0000	0.0000	0.0000	0.0000	0.0000	0.0000	-0.0004	-0.0000	3.0666	0.9718	4.9999	0.9404	0.0018	0.0018	0.0000	0.0018	0.0018	0.0000	0.0000	0.0000	0.0000	0.0000	0.0000	0.0000	0.0000	0.0000	0.0000	0.0000	0.0000	0.0000	0.0681	0.0604	0.0077	0.0163	0.0155	0.0008	0.0518	0.0449	0.0069	0.0504	0.0191	0.0313	0.0122	0.0104	0.0018	0.0382	0.0087	0.0295	132.4790	56.5945	0.0000	133.8692	119.7242	0.0000	0.0000	0.0000	0.0000	0.0002	0.0005	0.0000	0.0008	0.0010	0.0000	0.0000	0.0000	0.0000					
19	21	0.2243	5	0	1	0	1	0	0	0	0	N	N	N	N	N	N	N	N	N	N	N	N	0.0000	0.0000	0.0000	0.0000	0.0000	0.0000	0.0000	0.0000	0.0000	0.0000	0.0000	0.0000	0.0000	0.0012	0.0027	0.0000	0.0044	0.0058	0.0000	0.0000	0.0000	0.0000	0.0000	0.0000	-0.0000	3.0666	0.9958	4.9999	0.0079	0.0000	0.0000	0.0000	0.0000	0.0000	0.0000	0.0000	0.0000	0.0000	0.0000	0.0000	0.0000	0.0000	0.0000	0.0000	0.0000	0.0000	0.0000	0.0962	0.0860	0.0102	0.0424	0.0389	0.0034	0.0538	0.0471	0.0067	0.0167	0.0075	0.0092	0.0045	0.0034	0.0011	0.0122	0.0041	0.0081	0.0000	0.0000	0.0000	0.0000	0.0000	0.0000	0.0000	0.0000	0.0000	0.0012	0.0027	0.0000	0.0044	0.0058	0.0000	0.0000	0.0000	0.0000						
19	22	0.1807	5	0	1	0	1	0	0	0	0	N	N	N	N	N	N	N	N	N	N	N	N	0.0361	0.0005	inf	0.4094	0.3482	inf	0.0399	0.0000	inf	0.1968	0.0068	1.7974	0.0172	0.0183	0.0027	0.2956	0.0000	2.3389	5.4534	12.4597	0.0000	0.0421	0.0526	0.0000	7.4010	24.0816	0.0000	31.5284	0.0000	0.0527	-0.7477	3.0666	4.0220	4.9999	5.3698	0.0683	0.0021	0.0662	0.0021	0.0021	0.0000	0.0662	0.0000	0.0662	0.9983	0.9983	0.0000	0.0020	0.0020	0.0000	0.9963	0.9963	0.0000	0.3470	0.3102	0.0368	0.1231	0.1146	0.0085	0.2239	0.1956	0.0283	0.1831	0.0801	0.1029	0.0484	0.0388	0.0097	0.1346	0.0414	0.0932	0.0361	0.0005	inf	0.4094	0.3482	inf	0.0399	0.0000	inf	5.4534	12.4597	0.0000	0.0421	0.0526	0.0000	7.4010	24.0816	0.0000
19	23	0.1272	3	1	1	0	1	0	0	0	0	N	N	N	N	N	N	N	N	N	N	N	N	0.0000	0.0000	0.0000	0.0000	0.0000	0.0000	0.0000	0.0000	0.0000	0.0000	0.0000	0.0000	0.0000	0.0000	0.0000	0.0000	0.0000	0.0000	0.0000	0.0000	3.0666	0.0000	4.9999	3.0000	0.0000	0.0000	0.0000	0.0000	0.0000	0.0000	0.0000	0.0000	0.0000	0.0000	0.0000	0.0000	0.0000	0.0000	0.0000	0.0000	0.0000	0.0000	0.0000	0.0000	0.0000	0.0000	0.0000	0.0000	0.0000	0.0000	0.0000	0.0545	0.0182	0.0363	0.0082	0.0054	0.0028	0.0463	0.0128	0.0335	0.0000	0.0000	0.0000	0.0000	0.0000	0.0000	0.0000	0.0000	0.0000	0.0000	0.0000	0.0000	0.0000	0.0000	0.0000	0.0000	0.0000	0.0000											
19	24	0.2474	7	0	1	0	1	0	0	0	0	N	N	N	N	N	N	N	N	N	N	N	N	0.0000	0.0000	0.0000	0.0000	0.0000	0.0000	0.0000	0.0000	0.0000	0.0000	0.0000	0.0000	0.0000	0.0000	0.0000	0.0000	0.0000	0.0000	0.0000	0.0000	3.0666	0.0018	4.9999	0.9893	0.0000	0.0000	0.0000	0.0000	0.0000	0.0000	0.0000	0.0000	0.0000	0.0000	0.0000	0.0000	0.0000	0.0000	0.0000	0.0000	0.0000	0.0000	0.0004	0.0004	0.0000	0.0003	0.0003	0.0000	0.0001	0.0001	0.0000	0.0158	0.0073	0.0085	0.0043	0.0032	0.0011	0.0115	0.0041	0.0074	0.0000	0.0000	0.0000	0.0000	0.0000	0.0000	0.0000	0.0000	0.0000	0.0000	0.0000	0.0000	0.0000	0.0000	0.0000	0.0000	0.0000	0.0000											
19	26	0.1272	3	0	1	0	1	0	0	0	0	N	N	N	N	N	N	N	N	N	N	N	N	0.0000	0.0000	0.0000	0.0000	0.0000	0.0000	0.0000	0.0000	0.0000	0.0000	0.0000	0.0000	0.0000	11.3571	33.9919	0.0000	0.0000	0.0000	0.0000	13.3705	48.1401	0.0000	0.0000	0.0000	-0.7489	3.0666	1.0000	4.9999	4.0000	0.0000	0.0000	0.0000	0.0000	0.0000	0.0000	0.0000	0.0000	0.0000	0.9999	0.9999	0.0000	0.0000	0.0000	0.0000	0.9999	0.9999	0.0000	0.0609	0.0540	0.0069	0.0187	0.0178	0.0009	0.0422	0.0363	0.0060	0.0880	0.0294	0.0586	0.0133	0.0086	0.0046	0.0748	0.0208	0.0540	0.0000	0.0000	0.0000	0.0000	0.0000	0.0000	0.0000	0.0000	0.0000	11.3571	33.9919	0.0000	0.0000	0.0000	0.0000	13.3705	48.1401	0.0000						
19	27	0.1272	3	0	1	0	1	0	0	0	0	N	N	N	N	N	N	N	N	N	N	N	N	0.0000	0.0000	0.0000	0.0000	0.0000	0.0000	0.0000	0.0000	0.0000	0.0000	0.0000	0.0000	0.0000	0.0000	0.0000	0.0000	0.0000	0.0000	0.0000	0.0000	3.0666	1.0000	4.9999	2.0000	0.0000	0.0000	0.0000	0.0000	0.0000	0.0000	0.0000	0.0000	0.0000	0.0000	0.0000	0.0000	0.0000	0.0000	0.0000	0.0000	0.0000	0.0000	0.0609	0.0540	0.0069	0.0187	0.0178	0.0009	0.0422	0.0363	0.0060	0.0545	0.0182	0.0363	0.0082	0.0054	0.0028	0.0463	0.0128	0.0335	0.0000	0.0000	0.0000	0.0000	0.0000	0.0000	0.0000	0.0000	0.0000	0.0000	0.0000	0.0000	0.0000	0.0000	0.0000	0.0000	0.0000	0.0000											
19	29	0.1046	3	0	1	0	1	0	0	0	0	N	N	N	N	N	N	N	N	N	N	N	N	0.0000	0.0000	0.0000	0.0000	0.0000	0.0000	0.0000	0.0000	0.0000	0.0000	0.0000	0.0000	0.0000	0.0006	0.0017	0.0000	0.0038	0.0054	0.0000	0.0000	0.0000	0.0000	0.0000	0.0000	-0.0001	3.0666	7.9836	4.9999	2.1583	0.0000	0.0000	0.0000	0.0000	0.0000	0.0000	0.0000	0.0000	0.0000	0.0001	0.0001	0.0000	0.0001	0.0001	0.0000	0.0000	0.0000	0.0000	0.5878	0.5251	0.0627	0.1662	0.1549	0.0113	0.4216	0.3702	0.0514	0.1884	0.0649	0.1235	0.0292	0.0202	0.0091	0.1591	0.0447	0.1144	0.0000	0.0000	0.0000	0.0000	0.0000	0.0000	0.0000	0.0000	0.0000	0.0006	0.0017	0.0000	0.0038	0.0054	0.0000	0.0000	0.0000	0.0000						
19	33	0.1451	4	1	0	1	1	0	0	0	0	N	N	N	N	N	N	N	N	N	N	N	N	0.0000	0.0000	0.0000	0.0000	0.0000	0.0000	0.0000	0.0000	0.0000	0.0000	0.0000	0.0000	0.0000	0.0000	0.0000	0.0000	0.0000	14.6553	0.0004	22.8908	0.0341	0.0011	2.8037	17.4282	0.0000	23.6645	99801.0171	0.0000	0.2506	3.0666	0.9991	4.9999	2.0219	0.0000	0.0000	0.0000	0.0000	0.0000	0.0000	0.0000	0.0000	0.0000	0.9980	0.0000	0.9980	0.0004	0.0000	0.0004	0.9977	0.0000	0.9977	0.0609	0.0540	0.0069	0.0187	0.0178	0.0009	0.0421	0.0362	0.0060	0.0681	0.0245	0.0436	0.0109	0.0094	0.0014	0.0572	0.0151	0.0422	0.0000	0.0000	0.0000	0.0000	0.0000	0.0000	0.0000	0.0000	0.0000	14.6553	0.0004	22.8908	0.0341	0.0011	0.2498	17.4282	0.0000	23.6645		
19	35	0.1451	4	1	0	1	1	0	0	0	0	N	N	N	N	N	N	N	N	N	N	N	N	0.0000	0.0000	0.0000	0.0000	0.0000	0.0000	0.0000	0.0000	0.0000	0.0000	0.0000	0.0000	0.0000	0.0462	0.1222	0.0000	0.2510	0.2806	0.0000	0.0000	0.0000	0.0000	0.0000	0.0000	-0.0017	3.0666	0.0009	4.9999	1.9867	0.0000	0.0000	0.0000	0.0000	0.0000	0.0000	0.0000	0.0000	0.0000	0.0023	0.0023	0.0000	0.0023	0.0023	0.0000	0.0000	0.0000	0.0000	0.0001	0.0001	0.0000	0.0000	0.0000	0.0000	0.0001	0.0000	0.0000	0.0491	0.0186	0.0305	0.0090	0.0081	0.0010	0.0400	0.0105	0.0295	0.0000	0.0000	0.0000	0.0000	0.0000	0.0000	0.0000	0.0000	0.0000	0.0462	0.1222	0.0000	0.2510	0.2806	0.0000	0.0000	0.0000	0.0000						
19	36	0.1272	3	1	0	1	1	0	0	0	0	N	N	N	N	N	N	N	N	N	N	N	N	0.0000	0.0000	0.0000	0.0000	0.0000	0.0000	0.0000	0.0000	0.0000	0.0000	0.0000	0.0000	0.0000	0.0000	0.0000	0.0412	0.0201	0.0517	0.0000	0.0000	0.0000	0.0485	0.6327	0.0560	5.1351	0.0000	0.0002	3.0666	1.0009	4.9999	2.0357	0.0000	0.0000	0.0000	0.0000	0.0000	0.0000	0.0000	0.0000	0.0000	0.0023	0.0004	0.0019	0.0000	0.0000	0.0000	0.0023	0.0004	0.0019	0.0610	0.0541	0.0069	0.0187	0.0178	0.0009	0.0423	0.0363	0.0060	0.0552	0.0184	0.0367	0.0083	0.0055	0.0028	0.0468	0.0129	0.0339	0.0000	0.0000	0.0000	0.0000	0.0000	0.0000	0.0000	0.0000	0.0000	0.0412	0.0201	0.0517	0.0000	0.0000	0.0000	0.0485	0.0286	0.0560				
19	37	0.1272	3	1	0	1	1	0	0	0	0	N	N	N	N	N	N	N	N	N	N	N	N	0.0000	0.0000	0.0000	0.0000	0.0000	0.0000	0.0000	0.0000	0.0000	0.0000	0.0000	0.0000	0.0000	0.0000	0.0000	0.0000	0.0000	0.0000	0.0000	0.0000	3.0666	1.0000	4.9999	3.0000	0.0000	0.0000	0.0000	0.0000	0.0000	0.0000	0.0000	0.0000	0.0000	0.0000	0.0000	0.0000	0.0000	0.0000	0.0000	0.0000	0.0000	0.0000	0.0609	0.0540	0.0069	0.0187	0.0178	0.0009	0.0422	0.0363	0.0060	0.0716	0.0239	0.0477	0.0108	0.0071	0.0037	0.0608	0.0168	0.0439	0.0000	0.0000	0.0000	0.0000	0.0000	0.0000	0.0000	0.0000	0.0000	0.0000	0.0000	0.0000	0.0000	0.0000	0.0000	0.0000	0.0000	0.0000											
19	40	0.1610	6	1	1	1	1	0	0	0	0	N	N	N	N	N	N	N	N	N	N	N	N	0.0000	0.0000	0.0000	0.0000	0.0000	0.0000	0.0000	0.0000	0.0000	0.0000	0.0000	0.0000	0.0000	0.0000	0.0000	0.0000	0.0000	0.0000	0.0000	0.0000	3.0666	0.0000	4.9999	0.0000	0.0000	0.0000	0.0000	0.0000	0.0000	0.0000	0.0000	0.0000	0.0000	0.0000	0.0000	0.0000	0.0000	0.0000	0.0000	0.0000	0.0000	0.0000	0.0000	0.0000	0.0000	0.0000	0.0000	0.0000	0.0000	0.0000	0.0000	0.0000	0.0000	0.0000	0.0000	0.0000	0.0000	0.0000	0.0000	0.0000	0.0000	0.0000	0.0000	0.0000	0.0000	0.0000	0.0000	0.0000	0.0000	0.0000	0.0000	0.0000	0.0000	0.0000	0.0000	0.0000	0.0000	0.0000											
19	41	0.1610	5	1	1	1	1	0	0	0	0	N	N	N	N	N	N	N	N	N	N	N	N	0.0000	0.0000	0.0000	0.0000	0.0000	0.0000	0.0000	0.0000	0.0000	0.0000	0.0000	0.0000	0.0000	0.0000	0.0000	0.0000	0.0000	0.0000	0.0000	0.0000	3.0666	1.0000	4.9999	1.9999	0.0000	0.0000	0.0000	0.0000	0.0000	0.0000	0.0000	0.0000	0.0000	0.0000	0.0000	0.0000	0.0000	0.0000	0.0000	0.0000	0.0000	0.0000	0.0674	0.0597	0.0077	0.0155	0.0147	0.0008	0.0519	0.0450	0.0069	0.0573	0.0189	0.0384	0.0083	0.0055	0.0028	0.0490	0.0134	0.0356	0.0000	0.0000	0.0000	0.0000	0.0000	0.0000	0.0000	0.0000	0.0000	0.0000	0.0000	0.0000	0.0000	0.0000	0.0000	0.0000	0.0000	0.0000											
19	42	0.1980	4	1	1	0	1	0	0	0	0	N	N	N	N	N	N	N	N	N	N	N	N	368.7337	165.7555	132.9062	138.4463	inf	inf	0.1182	0.1330	0.0000	0.1986	0.2260	0.0000	0.0177	0.0197	0.0000	0.0003	0.0008	0.0000	0.0015	0.0016	0.0000	0.0000	0.0000	0.0000	0.0000	0.0000	-0.0000	-0.0000	3.0666	0.0007	4.9999	2.0242	0.0000	0.0000	0.0000	0.0000	0.0000	0.0000	0.0000	0.0000	0.0000	0.0000	0.0000	0.0000	0.0000	0.0000	0.0000	0.0000	0.0000	0.0000	0.0002	0.0002	0.0000	0.0001	0.0001	0.0000	0.0001	0.0001	0.0000	0.0624	0.0249	0.0375	0.0134	0.0123	0.0011	0.0490	0.0127	0.0363	368.7337	165.7555	0.0000	132.9062	138.4463	0.0000	inf	inf	0.0000	0.0003	0.0008	0.0000	0.0015	0.0016	0.0000	0.0000	0.0000	0.0000			
19	43	0.1011	2	0	1	0	2	0	0	0	0	N	N	N	Y	N	N	N	N	N	N	N	N	0.0000	0.0000	0.0000	0.0000	0.0000	0.0000	0.0000	0.0000	0.0000	0.0000	0.0000	0.0000	0.0000	0.0000	0.0000	0.0000	0.0000	0.0000	0.0000	0.0000	3.0666	0.0000	4.9999	0.0000	0.0000	0.0000	0.0000	0.0000	0.0000	0.0000	0.0000	0.0000	0.0000	0.0000	0.0000	0.0000	0.0000	0.0000	0.0000	0.0000	0.0000	0.0000	0.0000	0.0000	0.0000	0.0000	0.0000	0.0000	0.0000	0.0000	0.0000	0.0000	0.0000	0.0000	0.0000	0.0000	0.0000	0.0000	0.0000	0.0000	0.0000	0.0000	0.0000	0.0000	0.0000	0.0000	0.0000	0.0000	0.0000	0.0000	0.0000	0.0000	0.0000	0.0000	0.0000	0.0000	0.0000	0.0000											
19	44	0.1011	2	0	0	0	2	0	0	0	0	N	N	N	Y	N	N	N	N	N	N	N	N	0.0000	0.0000	0.0000	0.0000	0.0000	0.0000	0.0000	0.0000	0.0000	0.0000	0.0000	0.0000	0.0000	0.0000	0.0000	0.0000	0.0000	0.0000	0.0000	0.0000	3.0666	0.0000	4.9999	0.0000	0.0000	0.0000	0.0000	0.0000	0.0000	0.0000	0.0000	0.0000	0.0000	0.0000	0.0000	0.0000	0.0000	0.0000	0.0000	0.0000	0.0000	0.0000	0.0000	0.0000	0.0000	0.0000	0.0000	0.0000	0.0000	0.0000	0.0000	0.0000	0.0000	0.0000	0.0000	0.0000	0.0000	0.0000	0.0000	0.0000	0.0000	0.0000	0.0000	0.0000	0.0000	0.0000	0.0000	0.0000	0.0000	0.0000	0.0000	0.0000	0.0000	0.0000	0.0000	0.0000	0.0000	0.0000											
19	46	0.1272	3	1	0	1	1	0	0	0	0	N	N	N	N	N	N	N	N	N	N	N	N	0.0000	0.0000	0.0000	0.0000	0.0000	0.0000	0.0000	0.0000	0.0000	0.0000	0.0000	0.0000	0.0000	0.0000	0.0000	0.0000	0.0000	0.0000	0.0000	0.0000	3.0666	0.0000	4.9999	2.0000	0.0000	0.0000	0.0000	0.0000	0.0000	0.0000	0.0000	0.0000	0.0000	0.0000	0.0000	0.0000	0.0000	0.0000	0.0000	0.0000	0.0000	0.0000	0.0000	0.0000	0.0000	0.0000	0.0000	0.0000	0.0000	0.0000	0.0000	0.0369	0.0123	0.0246	0.0056	0.0037	0.0019	0.0313	0.0086	0.0227	0.0000	0.0000	0.0000	0.0000	0.0000	0.0000	0.0000	0.0000	0.0000	0.0000	0.0000	0.0000	0.0000	0.0000	0.0000	0.0000	0.0000	0.0000											
19	47	0.1421	4	1	1	0	1	0	0	0	0	N	N	N	N	N	N	N	N	N	N	N	N	2.6813	1.2093	2.2767	1.8637	inf	inf	0.0009	0.0011	0.0000	0.0038	0.0042	0.0000	0.0000	0.0000	0.0000	0.0003	0.0009	0.0000	0.0017	0.0023	0.0000	0.0000	0.0000	0.0000	0.0000	0.0000	-0.0000	-0.0000	3.0666	0.9991	4.9999	2.0273	0.0001	0.0001	0.0000	0.0001	0.0001	0.0000	0.0000	0.0000	0.0000	0.0000	0.0000	0.0000	0.0000	0.0000	0.0000	0.0000	0.0000	0.0000	0.0673	0.0591	0.0081	0.0161	0.0147	0.0015	0.0511	0.0445	0.0067	0.0576	0.0228	0.0347	0.0118	0.0088	0.0030	0.0457	0.0140	0.0317	2.6813	1.2093	0.0000	2.2767	1.8637	0.0000	inf	inf	0.0000	0.0003	0.0009	0.0000	0.0017	0.0023	0.0000	0.0000	0.0000	0.0000			
19	48	0.1046	3	1	1	0	1	0	0	0	0	N	N	N	N	N	N	N	N	N	N	N	N	152.2398	59.4994	inf	72.5907	57.7864	inf	51.9999	0.5857	inf	0.1492	0.1648	0.0012	0.3491	0.3727	0.0000	0.0095	0.0105	0.0016	0.0010	0.0028	0.0000	0.0048	0.0064	0.0000	0.0002	0.0180	0.0000	0.0008	0.0000	-0.0101	-0.0001	3.0666	3.1828	4.9999	3.1571	0.0514	0.0514	0.0000	0.0495	0.0495	0.0000	0.0019	0.0019	0.0000	0.0001	0.0001	0.0000	0.0001	0.0001	0.0000	0.0000	0.0000	0.0000	0.3448	0.3118	0.0330	0.1418	0.1329	0.0090	0.2030	0.1790	0.0240	0.1327	0.0469	0.0857	0.0229	0.0171	0.0058	0.1098	0.0299	0.0799	152.2398	59.4994	inf	72.5907	57.7864	inf	51.9999	15.7216	inf	0.0010	0.0028	0.0000	0.0048	0.0064	0.0000	0.0002	0.0007	0.0000
19	49	0.1004	2	0	1	0	1	0	0	0	0	N	N	N	N	N	N	N	N	N	N	N	N	154.1410	47.8455	6414.3342	106.7160	91.1399	inf	157.7771	0.2529	10098.8330	0.4848	0.3607	1.8496	0.5359	0.5284	0.6397	0.4009	0.0724	3.0776	0.0031	0.0075	0.0003	0.0050	0.0058	0.0000	0.0025	0.2863	0.0003	0.4662	0.0588	0.0114	-0.0001	3.0666	0.8922	4.9999	1.0748	0.0945	0.0645	0.0301	0.0650	0.0597	0.0052	0.0296	0.0048	0.0248	0.0002	0.0002	0.0000	0.0001	0.0001	0.0000	0.0001	0.0001	0.0000	0.1950	0.1787	0.0163	0.1212	0.1130	0.0082	0.0738	0.0657	0.0081	0.0572	0.0225	0.0347	0.0139	0.0121	0.0019	0.0433	0.0105	0.0328	154.1410	47.8455	6414.3342	106.7160	91.1399	inf	157.7771	7.5833	10098.8330	0.0031	0.0075	0.0003	0.0050	0.0058	0.0000	0.0025	0.0095	0.0003
19	50	0.1272	3	0	1	0	1	0	0	0	0	N	N	N	N	N	N	N	N	N	N	N	N	0.0000	0.0000	0.0000	0.0000	0.0000	0.0000	0.0000	0.0000	0.0000	0.0000	0.0000	0.0000	0.0000	0.0000	0.0000	0.0000	0.0000	0.0000	0.0000	0.0000	3.0666	0.0000	4.9999	0.0000	0.0000	0.0000	0.0000	0.0000	0.0000	0.0000	0.0000	0.0000	0.0000	0.0000	0.0000	0.0000	0.0000	0.0000	0.0000	0.0000	0.0000	0.0000	0.0000	0.0000	0.0000	0.0000	0.0000	0.0000	0.0000	0.0000	0.0000	0.0000	0.0000	0.0000	0.0000	0.0000	0.0000	0.0000	0.0000	0.0000	0.0000	0.0000	0.0000	0.0000	0.0000	0.0000	0.0000	0.0000	0.0000	0.0000	0.0000	0.0000	0.0000	0.0000	0.0000	0.0000	0.0000	0.0000											
19	51	0.1272	3	1	1	0	1	0	0	0	0	N	N	N	N	N	N	N	N	N	N	N	N	0.0000	0.0000	0.0000	0.0000	0.0000	0.0000	0.0000	0.0000	0.0000	0.0000	0.0000	0.0000	0.0000	0.0000	0.0000	0.0000	0.0000	0.0000	0.0000	0.0000	3.0666	1.0000	4.9999	3.0000	0.0000	0.0000	0.0000	0.0000	0.0000	0.0000	0.0000	0.0000	0.0000	0.0000	0.0000	0.0000	0.0000	0.0000	0.0000	0.0000	0.0000	0.0000	0.0609	0.0540	0.0069	0.0187	0.0178	0.0009	0.0422	0.0363	0.0060	0.0716	0.0239	0.0477	0.0108	0.0071	0.0037	0.0608	0.0168	0.0439	0.0000	0.0000	0.0000	0.0000	0.0000	0.0000	0.0000	0.0000	0.0000	0.0000	0.0000	0.0000	0.0000	0.0000	0.0000	0.0000	0.0000	0.0000											
19	52	0.1133	2	0	0	0	1	0	0	0	0	N	N	N	N	N	N	N	N	N	N	N	N	0.0586	0.0297	0.0425	0.0370	0.0003	0.0003	0.0000	0.0009	0.0010	0.0000	0.0000	0.0000	0.0000	0.0052	0.0115	0.0000	0.0214	0.0267	0.0000	0.0000	0.0000	0.0000	0.0000	0.0000	-0.0000	-0.0004	3.0666	3.0179	4.9999	1.1627	0.0001	0.0001	0.0000	0.0001	0.0001	0.0000	0.0000	0.0000	0.0000	0.0005	0.0005	0.0000	0.0005	0.0005	0.0000	0.0000	0.0000	0.0000	0.2223	0.1966	0.0257	0.0739	0.0682	0.0057	0.1484	0.1284	0.0200	0.1006	0.0452	0.0555	0.0243	0.0195	0.0048	0.0764	0.0257	0.0507	0.0586	0.0297	0.0000	0.0425	0.0370	0.0000	0.0000	0.0000	0.0000	0.0052	0.0115	0.0000	0.0214	0.0267	0.0000	0.0000	0.0000	0.0000					
19	53	0.1272	3	1	1	1	1	0	0	0	0	N	N	N	N	N	N	N	N	N	N	N	N	0.0000	0.0000	0.0000	0.0000	0.0000	0.0000	0.0000	0.0000	0.0000	0.0000	0.0000	0.0000	0.0000	0.0000	0.0000	0.0000	0.0000	0.0000	0.0000	0.0000	3.0666	4.0000	4.9999	1.0000	0.0000	0.0000	0.0000	0.0000	0.0000	0.0000	0.0000	0.0000	0.0000	0.0000	0.0000	0.0000	0.0000	0.0000	0.0000	0.0000	0.0000	0.0000	0.2331	0.2070	0.0261	0.0702	0.0667	0.0035	0.1629	0.1403	0.0226	0.0880	0.0294	0.0586	0.0133	0.0086	0.0046	0.0748	0.0208	0.0540	0.0000	0.0000	0.0000	0.0000	0.0000	0.0000	0.0000	0.0000	0.0000	0.0000	0.0000	0.0000	0.0000	0.0000	0.0000	0.0000	0.0000	0.0000											
19	54	0.1133	2	0	1	0	1	0	0	0	0	N	N	N	N	N	N	N	N	N	N	N	N	0.1442	0.0634	0.0852	0.0672	0.0004	0.0005	0.0000	0.0012	0.0013	0.0000	0.0000	0.0000	0.0000	0.0029	0.0075	0.0000	0.0145	0.0199	0.0000	0.0000	0.0000	0.0000	0.0000	0.0000	-0.0000	-0.0004	3.0666	2.0683	4.9999	6.9961	0.0001	0.0001	0.0000	0.0001	0.0001	0.0000	0.0000	0.0000	0.0000	0.0005	0.0005	0.0000	0.0005	0.0005	0.0000	0.0000	0.0000	0.0000	0.1591	0.1406	0.0185	0.0545	0.0503	0.0042	0.1047	0.0903	0.0143	0.1774	0.0689	0.1085	0.0359	0.0261	0.0098	0.1415	0.0428	0.0987	0.1442	0.0634	0.0000	0.0852	0.0672	0.0000	0.0000	0.0000	0.0000	0.0029	0.0075	0.0000	0.0145	0.0199	0.0000	0.0000	0.0000	0.0000					
19	56	0.1272	3	1	0	1	1	0	0	0	0	N	N	N	N	N	N	N	N	N	N	N	N	0.0000	0.0000	0.0000	0.0000	0.0000	0.0000	0.0000	0.0000	0.0000	0.0000	0.0000	0.0000	0.0000	5.6622	0.0000	8.5155	0.0000	0.0000	0.0000	6.6545	0.0000	9.2852	inf	0.0000	0.2511	3.0666	4.0000	4.9999	7.0000	0.0000	0.0000	0.0000	0.0000	0.0000	0.0000	0.0000	0.0000	0.0000	1.0000	0.0000	1.0000	0.0000	0.0000	0.0000	1.0000	0.0000	1.0000	0.2331	0.2070	0.0261	0.0702	0.0667	0.0035	0.1629	0.1403	0.0226	0.1766	0.0592	0.1174	0.0263	0.0166	0.0097	0.1503	0.0426	0.1077	0.0000	0.0000	0.0000	0.0000	0.0000	0.0000	0.0000	0.0000	0.0000	5.6622	0.0000	8.5155	0.0000	0.0000	0.0000	6.6545	0.0000	9.2852						
19	57	0.1918	6	0	1	0	1	0	0	0	0	N	N	N	N	N	N	N	N	N	N	N	N	86.3223	42.3662	1.2559	1.0117	inf	inf	1.3110	1.4591	0.0000	0.0739	0.0789	0.0000	1.9609	2.2312	0.0000	0.0152	0.0344	0.0000	0.0588	0.0780	0.0000	0.0000	0.0000	0.0000	0.0000	0.0000	-0.1922	-0.0031	3.0666	9.7645	4.9999	7.4558	0.9717	0.9717	0.0000	0.0189	0.0189	0.0000	0.9528	0.9528	0.0000	0.0041	0.0041	0.0000	0.0041	0.0041	0.0000	0.0000	0.0000	0.0000	0.7412	0.6659	0.0752	0.2553	0.2389	0.0164	0.4859	0.4270	0.0589	0.2706	0.1193	0.1513	0.0699	0.0527	0.0172	0.2007	0.0666	0.1341	86.3223	42.3662	0.0000	1.2559	1.0117	0.0000	inf	inf	0.0000	0.0152	0.0344	0.0000	0.0588	0.0780	0.0000	0.0000	0.0000	0.0000			
19	58	0.2474	7	0	0	1	1	0	0	0	0	N	N	N	N	N	N	N	N	N	N	N	N	0.0000	0.0000	0.0000	0.0000	0.0000	0.0000	0.0000	0.0000	0.0000	0.0000	0.0000	0.0000	0.0000	0.0000	0.0000	0.0000	0.0000	0.0000	0.0000	0.0000	3.0666	1.0009	4.9999	0.0163	0.0000	0.0000	0.0000	0.0000	0.0000	0.0000	0.0000	0.0000	0.0000	0.0000	0.0000	0.0000	0.0000	0.0000	0.0000	0.0000	0.0000	0.0000	0.0986	0.0883	0.0103	0.0468	0.0430	0.0038	0.0518	0.0453	0.0065	0.0162	0.0075	0.0087	0.0044	0.0033	0.0011	0.0118	0.0042	0.0076	0.0000	0.0000	0.0000	0.0000	0.0000	0.0000	0.0000	0.0000	0.0000	0.0000	0.0000	0.0000	0.0000	0.0000	0.0000	0.0000	0.0000	0.0000											
19	59	0.2320	6	0	0	0	1	0	0	0	0	N	N	N	N	N	N	N	N	N	N	N	N	0.0000	0.0000	0.0000	0.0000	0.0000	0.0000	0.0000	0.0000	0.0000	0.0000	0.0000	0.0000	0.0000	0.0003	0.0007	0.0000	0.0011	0.0015	0.0000	0.0000	0.0000	0.0000	0.0000	0.0000	-0.0000	3.0666	1.9961	4.9999	0.0521	0.0000	0.0000	0.0000	0.0000	0.0000	0.0000	0.0000	0.0000	0.0000	0.0000	0.0000	0.0000	0.0000	0.0000	0.0000	0.0000	0.0000	0.0000	0.1864	0.1667	0.0197	0.0812	0.0747	0.0065	0.1052	0.0920	0.0132	0.0327	0.0145	0.0182	0.0087	0.0065	0.0023	0.0240	0.0080	0.0159	0.0000	0.0000	0.0000	0.0000	0.0000	0.0000	0.0000	0.0000	0.0000	0.0003	0.0007	0.0000	0.0011	0.0015	0.0000	0.0000	0.0000	0.0000						
19	60	0.2243	5	0	0	0	1	0	0	0	0	N	N	N	N	N	N	N	N	N	N	N	N	0.0000	0.0000	0.0000	0.0000	0.0000	0.0000	0.0000	0.0000	0.0000	0.0000	0.0000	0.0000	0.0000	0.0000	0.0000	0.0017	0.0038	0.0000	0.0042	0.0056	0.0000	0.0008	0.1168	0.0000	0.0000	0.0000	-0.0000	3.0666	0.0081	4.9999	1.0507	0.0000	0.0000	0.0000	0.0000	0.0000	0.0000	0.0000	0.0000	0.0000	0.0000	0.0000	0.0000	0.0000	0.0000	0.0000	0.0000	0.0000	0.0000	0.0011	0.0010	0.0001	0.0005	0.0005	0.0000	0.0006	0.0005	0.0001	0.0176	0.0079	0.0097	0.0048	0.0036	0.0012	0.0128	0.0043	0.0085	0.0000	0.0000	0.0000	0.0000	0.0000	0.0000	0.0000	0.0000	0.0000	0.0017	0.0038	0.0000	0.0042	0.0056	0.0000	0.0008	0.0023	0.0000				
19	61	0.1755	4	0	0	0	1	0	0	0	0	N	N	N	N	N	N	N	N	N	N	N	N	0.3630	0.1754	0.2742	0.2419	0.0000	0.0000	0.0040	0.0045	0.0000	0.0112	0.0120	0.0000	0.0000	0.0000	0.0000	0.0111	0.0257	0.0000	0.0408	0.0497	0.0000	0.0002	0.0197	0.0000	0.0000	0.0000	-0.0002	-0.0011	3.0666	3.0167	4.9999	3.2580	0.0011	0.0011	0.0000	0.0011	0.0011	0.0000	0.0000	0.0000	0.0000	0.0015	0.0015	0.0000	0.0015	0.0015	0.0000	0.0000	0.0000	0.0000	0.2698	0.2411	0.0287	0.0973	0.0906	0.0068	0.1725	0.1505	0.0219	0.1376	0.0594	0.0782	0.0370	0.0304	0.0066	0.1006	0.0290	0.0716	0.3630	0.1754	0.0000	0.2742	0.2419	0.0000	0.0000	0.0000	0.0000	0.0111	0.0257	0.0000	0.0408	0.0497	0.0000	0.0002	0.0007	0.0000			
19	62	0.1007	3	0	1	0	1	0	0	0	0	N	N	N	N	N	N	N	N	N	N	N	N	53.8807	20.7588	14.5641	15.7036	0.0631	0.0716	0.0000	0.1373	0.1503	0.0000	0.0000	0.0000	0.0000	0.0012	0.0034	0.0000	0.0094	0.0096	0.0000	0.0000	0.0000	0.0000	0.0000	0.0000	-0.0052	-0.0001	3.0666	3.3327	4.9999	4.3103	0.0263	0.0263	0.0000	0.0263	0.0263	0.0000	0.0000	0.0000	0.0000	0.0002	0.0002	0.0000	0.0002	0.0002	0.0000	0.0000	0.0000	0.0000	0.4170	0.3674	0.0496	0.1915	0.1750	0.0166	0.2255	0.1924	0.0331	0.1708	0.0580	0.1129	0.0212	0.0209	0.0003	0.1496	0.0371	0.1125	53.8807	20.7588	0.0000	14.5641	15.7036	0.0000	0.0000	0.0000	0.0000	0.0012	0.0034	0.0000	0.0094	0.0096	0.0000	0.0000	0.0000	0.0000					
19	63	0.0767	2	0	0	0	1	0	0	0	0	N	N	N	N	N	N	N	N	N	N	N	N	61.3713	20.3787	583.5786	152.8387	148.6858	inf	32.6666	0.2000	527.1639	0.1016	0.0970	0.1343	0.1550	0.1549	0.1558	0.0558	0.0447	0.1217	0.0017	0.0048	0.0002	0.0010	0.0010	0.0000	0.0017	0.2234	0.0002	0.1958	0.1053	-0.0015	-0.0001	3.0666	3.2669	4.9999	2.4507	0.0440	0.0368	0.0072	0.0310	0.0279	0.0031	0.0130	0.0089	0.0041	0.0002	0.0002	0.0000	0.0000	0.0000	0.0000	0.0002	0.0002	0.0000	0.4333	0.3796	0.0537	0.2000	0.1802	0.0198	0.2333	0.1994	0.0339	0.1268	0.0399	0.0869	0.0099	0.0096	0.0003	0.1170	0.0303	0.0867	61.3713	20.3787	583.5786	152.8387	148.6858	inf	32.6666	7.5260	527.1639	0.0017	0.0048	0.0002	0.0010	0.0010	0.0000	0.0017	0.0059	0.0002
19	64	0.1610	6	1	0	1	1	0	0	0	0	N	N	N	N	N	N	N	N	N	N	N	N	0.0000	0.0000	0.0000	0.0000	0.0000	0.0000	0.0000	0.0000	0.0000	0.0000	0.0000	0.0000	0.0000	0.0000	0.0000	0.0000	0.0000	0.0000	0.0000	0.0000	3.0666	0.0000	4.9999	1.0000	0.0000	0.0000	0.0000	0.0000	0.0000	0.0000	0.0000	0.0000	0.0000	0.0000	0.0000	0.0000	0.0000	0.0000	0.0000	0.0000	0.0000	0.0000	0.0000	0.0000	0.0000	0.0000	0.0000	0.0000	0.0000	0.0000	0.0000	0.0199	0.0065	0.0133	0.0029	0.0019	0.0009	0.0170	0.0046	0.0124	0.0000	0.0000	0.0000	0.0000	0.0000	0.0000	0.0000	0.0000	0.0000	0.0000	0.0000	0.0000	0.0000	0.0000	0.0000	0.0000	0.0000	0.0000											
19	65	0.1610	5	1	0	1	1	0	0	0	0	N	N	N	N	N	N	N	N	N	N	N	N	0.0000	0.0000	0.0000	0.0000	0.0000	0.0000	0.0000	0.0000	0.0000	0.0000	0.0000	0.0000	0.0000	0.0000	0.0000	0.0000	0.0000	0.0000	0.0000	0.0000	3.0666	0.0000	4.9999	0.0001	0.0000	0.0000	0.0000	0.0000	0.0000	0.0000	0.0000	0.0000	0.0000	0.0000	0.0000	0.0000	0.0000	0.0000	0.0000	0.0000	0.0000	0.0000	0.0000	0.0000	0.0000	0.0000	0.0000	0.0000	0.0000	0.0000	0.0000	0.0000	0.0000	0.0000	0.0000	0.0000	0.0000	0.0000	0.0000	0.0000	0.0000	0.0000	0.0000	0.0000	0.0000	0.0000	0.0000	0.0000	0.0000	0.0000	0.0000	0.0000	0.0000	0.0000	0.0000	0.0000	0.0000	0.0000											
19	66	0.1488	4	1	0	1	1	0	0	0	0	N	N	N	N	N	N	N	N	N	N	N	N	71.5878	30.3869	72.4735	64.4691	0.0135	0.0152	0.0000	0.0577	0.0607	0.0000	0.0000	0.0000	0.0000	0.0002	0.0005	0.0000	0.0008	0.0009	0.0000	0.0000	0.0000	0.0000	0.0000	0.0000	-0.0004	-0.0000	3.0666	1.9720	4.9999	0.0923	0.0018	0.0018	0.0000	0.0018	0.0018	0.0000	0.0000	0.0000	0.0000	0.0000	0.0000	0.0000	0.0000	0.0000	0.0000	0.0000	0.0000	0.0000	0.1330	0.1180	0.0150	0.0310	0.0295	0.0015	0.1020	0.0885	0.0135	0.0532	0.0200	0.0332	0.0126	0.0106	0.0019	0.0406	0.0094	0.0312	71.5878	30.3869	0.0000	72.4735	64.4691	0.0000	0.0000	0.0000	0.0000	0.0002	0.0005	0.0000	0.0008	0.0009	0.0000	0.0000	0.0000	0.0000					
19	67	0.1272	3	1	0	1	1	0	0	0	0	N	N	N	N	N	N	N	N	N	N	N	N	40642.0936	15289.8852	inf	inf	0.0000	0.0000	5.5141	6.2111	0.0000	18.2156	19.1620	0.0000	0.0000	0.0000	0.0000	0.0001	0.0004	0.0000	0.0000	0.0000	0.0000	0.0002	0.0140	0.0000	0.0000	0.0000	-0.1975	-0.0000	3.0666	3.0650	4.9999	1.0636	0.9983	0.9983	0.0000	0.9983	0.9983	0.0000	0.0000	0.0000	0.0000	0.0000	0.0000	0.0000	0.0000	0.0000	0.0000	0.0000	0.0000	0.0000	0.1810	0.1607	0.0203	0.0548	0.0521	0.0027	0.1262	0.1086	0.0176	0.0737	0.0246	0.0491	0.0111	0.0073	0.0038	0.0626	0.0173	0.0453	40642.0936	15289.8852	0.0000	inf	inf	0.0000	0.0000	0.0000	0.0000	0.0001	0.0004	0.0000	0.0000	0.0000	0.0000	0.0002	0.0006	0.0000			
19	68	0.1342	3	0	1	0	2	0	0	0	0	N	N	N	Y	N	N	N	N	N	N	N	N	1.3096	0.5666	0.6274	0.5201	0.0028	0.0032	0.0000	0.0069	0.0075	0.0000	0.0000	0.0000	0.0000	0.0022	0.0056	0.0000	0.0110	0.0143	0.0000	0.0000	0.0000	0.0000	0.0000	0.0000	-0.0002	-0.0002	3.0666	2.7513	4.9999	4.0954	0.0008	0.0008	0.0000	0.0008	0.0008	0.0000	0.0000	0.0000	0.0000	0.0003	0.0003	0.0000	0.0003	0.0003	0.0000	0.0000	0.0000	0.0000	0.2806	0.2500	0.0306	0.1151	0.1062	0.0090	0.1654	0.1439	0.0216	0.1532	0.0591	0.0941	0.0301	0.0230	0.0071	0.1231	0.0360	0.0870	1.3096	0.5666	0.0000	0.6274	0.5201	0.0000	0.0000	0.0000	0.0000	0.0022	0.0056	0.0000	0.0110	0.0143	0.0000	0.0000	0.0000	0.0000					
19	71	0.1272	3	0	1	0	1	0	0	0	0	N	N	N	N	N	N	N	N	N	N	N	N	0.0000	0.0000	0.0000	0.0000	0.0000	0.0000	0.0000	0.0000	0.0000	0.0000	0.0000	0.0000	0.0000	0.0000	0.0000	0.0000	0.0000	0.0000	0.0000	0.0000	3.0666	2.0000	4.9999	3.0000	0.0000	0.0000	0.0000	0.0000	0.0000	0.0000	0.0000	0.0000	0.0000	0.0000	0.0000	0.0000	0.0000	0.0000	0.0000	0.0000	0.0000	0.0000	0.1200	0.1065	0.0135	0.0366	0.0348	0.0018	0.0834	0.0717	0.0117	0.0880	0.0294	0.0586	0.0133	0.0086	0.0046	0.0748	0.0208	0.0540	0.0000	0.0000	0.0000	0.0000	0.0000	0.0000	0.0000	0.0000	0.0000	0.0000	0.0000	0.0000	0.0000	0.0000	0.0000	0.0000	0.0000	0.0000											
19	72	0.1004	2	0	0	0	1	0	0	0	0	N	N	N	N	N	N	N	N	N	N	N	N	3950.3108	83.3746	inf	111.3060	87.3679	inf	inf	inf	inf	2.4800	0.1455	22.2460	0.3849	0.3927	0.2816	3.5733	0.0086	28.7486	0.0006	0.0017	0.0000	0.0035	0.0045	0.0000	0.0000	0.0000	0.0000	18.0537	0.0000	0.7688	-0.0001	3.0666	4.7932	4.9999	0.2507	1.0255	0.0538	0.9717	0.0546	0.0518	0.0028	0.9709	0.0021	0.9689	0.0001	0.0001	0.0000	0.0001	0.0001	0.0000	0.0000	0.0000	0.0000	0.4135	0.3698	0.0437	0.1418	0.1318	0.0100	0.2717	0.2380	0.0337	0.1115	0.0401	0.0714	0.0202	0.0156	0.0047	0.0913	0.0245	0.0667	3950.3108	83.3746	inf	111.3060	87.3679	inf	inf	inf	inf	0.0006	0.0017	0.0000	0.0035	0.0045	0.0000	0.0000	0.0000	0.0000
19	74	0.0767	2	0	1	0	1	0	0	0	0	N	N	N	N	N	N	N	N	N	N	N	N	1834.9701	652.5922	85.5372	93.0396	inf	inf	0.1312	0.1507	0.0000	0.0869	0.0971	0.0000	0.1806	0.2141	0.0000	0.0001	0.0002	0.0000	0.0010	0.0010	0.0000	0.0000	0.0000	0.0000	0.0000	0.0000	-0.0090	-0.0000	3.0666	1.8678	4.9999	4.6278	0.0456	0.0456	0.0000	0.0159	0.0159	0.0000	0.0297	0.0297	0.0000	0.0000	0.0000	0.0000	0.0000	0.0000	0.0000	0.0000	0.0000	0.0000	0.3477	0.3027	0.0450	0.1833	0.1640	0.0193	0.1643	0.1387	0.0257	0.1399	0.0433	0.0966	0.0098	0.0096	0.0003	0.1300	0.0337	0.0963	1834.9701	652.5922	0.0000	85.5372	93.0396	0.0000	inf	inf	0.0000	0.0001	0.0002	0.0000	0.0010	0.0010	0.0000	0.0000	0.0000	0.0000			
19	78	0.1803	5	1	1	0	2	0	0	0	0	N	N	N	Y	N	N	N	N	N	N	N	N	0.0000	0.0000	0.0000	0.0000	0.0000	0.0000	0.0000	0.0000	0.0000	0.0000	0.0000	0.0000	0.0000	0.0003	0.0008	0.0000	0.0045	0.0071	0.0000	0.0000	0.0000	0.0000	0.0000	0.0000	-0.0000	3.0666	1.0000	4.9999	2.0144	0.0000	0.0000	0.0000	0.0000	0.0000	0.0000	0.0000	0.0000	0.0000	0.0000	0.0000	0.0000	0.0000	0.0000	0.0000	0.0000	0.0000	0.0000	0.0754	0.0667	0.0087	0.0191	0.0179	0.0011	0.0563	0.0487	0.0076	0.0760	0.0256	0.0504	0.0044	0.0028	0.0016	0.0716	0.0228	0.0488	0.0000	0.0000	0.0000	0.0000	0.0000	0.0000	0.0000	0.0000	0.0000	0.0003	0.0008	0.0000	0.0045	0.0071	0.0000	0.0000	0.0000	0.0000						
19	79	0.1581	4	1	1	0	2	0	0	0	0	N	N	N	Y	N	N	N	N	N	N	N	N	0.0000	0.0000	0.0000	0.0000	0.0000	0.0000	0.0000	0.0000	0.0000	0.0000	0.0000	0.0000	0.0000	0.0003	0.0008	0.0000	0.0000	0.0000	0.0000	0.0003	0.0233	0.0000	0.0000	0.0000	-0.0000	3.0666	0.0001	4.9999	3.0180	0.0000	0.0000	0.0000	0.0000	0.0000	0.0000	0.0000	0.0000	0.0000	0.0000	0.0000	0.0000	0.0000	0.0000	0.0000	0.0000	0.0000	0.0000	0.0000	0.0000	0.0000	0.0000	0.0000	0.0000	0.0000	0.0000	0.0000	0.0757	0.0253	0.0504	0.0040	0.0024	0.0016	0.0717	0.0229	0.0489	0.0000	0.0000	0.0000	0.0000	0.0000	0.0000	0.0000	0.0000	0.0000	0.0003	0.0008	0.0000	0.0000	0.0000	0.0000	0.0003	0.0009	0.0000						
19	80	0.1801	6	0	1	0	2	0	0	0	0	N	N	N	Y	N	N	N	N	N	N	N	N	0.0000	0.0000	0.0000	0.0000	0.0000	0.0000	0.0000	0.0000	0.0000	0.0000	0.0000	0.0000	0.0000	0.0000	0.0000	0.0000	0.0000	0.0000	0.0000	0.0000	3.0666	0.0000	4.9999	0.0000	0.0000	0.0000	0.0000	0.0000	0.0000	0.0000	0.0000	0.0000	0.0000	0.0000	0.0000	0.0000	0.0000	0.0000	0.0000	0.0000	0.0000	0.0000	0.0000	0.0000	0.0000	0.0000	0.0000	0.0000	0.0000	0.0000	0.0000	0.0000	0.0000	0.0000	0.0000	0.0000	0.0000	0.0000	0.0000	0.0000	0.0000	0.0000	0.0000	0.0000	0.0000	0.0000	0.0000	0.0000	0.0000	0.0000	0.0000	0.0000	0.0000	0.0000	0.0000	0.0000	0.0000	0.0000											
19	81	0.1581	4	0	0	1	2	0	0	0	0	N	N	N	Y	N	N	N	N	N	N	N	N	0.0000	0.0000	0.0000	0.0000	0.0000	0.0000	0.0000	0.0000	0.0000	0.0000	0.0000	0.0000	0.0000	0.0000	0.0000	0.0000	0.0000	0.0000	0.0000	0.0000	3.0666	2.0000	4.9999	0.0000	0.0000	0.0000	0.0000	0.0000	0.0000	0.0000	0.0000	0.0000	0.0000	0.0000	0.0000	0.0000	0.0000	0.0000	0.0000	0.0000	0.0000	0.0000	0.1474	0.1305	0.0170	0.0369	0.0347	0.0022	0.1105	0.0958	0.0148	0.0512	0.0171	0.0341	0.0027	0.0016	0.0010	0.0485	0.0154	0.0331	0.0000	0.0000	0.0000	0.0000	0.0000	0.0000	0.0000	0.0000	0.0000	0.0000	0.0000	0.0000	0.0000	0.0000	0.0000	0.0000	0.0000	0.0000											
19	82	0.1581	4	0	0	1	2	0	0	0	0	N	N	N	Y	N	N	N	N	N	N	N	N	0.0000	0.0000	0.0000	0.0000	0.0000	0.0000	0.0000	0.0000	0.0000	0.0000	0.0000	0.0000	0.0000	0.0000	0.0000	0.0000	0.0000	0.0000	0.0000	0.0000	3.0666	0.0000	4.9999	4.0000	0.0000	0.0000	0.0000	0.0000	0.0000	0.0000	0.0000	0.0000	0.0000	0.0000	0.0000	0.0000	0.0000	0.0000	0.0000	0.0000	0.0000	0.0000	0.0000	0.0000	0.0000	0.0000	0.0000	0.0000	0.0000	0.0000	0.0000	0.0985	0.0329	0.0655	0.0052	0.0032	0.0021	0.0933	0.0298	0.0635	0.0000	0.0000	0.0000	0.0000	0.0000	0.0000	0.0000	0.0000	0.0000	0.0000	0.0000	0.0000	0.0000	0.0000	0.0000	0.0000	0.0000	0.0000											
19	83	0.1801	6	0	0	1	2	0	0	0	0	N	N	N	Y	N	N	N	N	N	N	N	N	0.0000	0.0000	0.0000	0.0000	0.0000	0.0000	0.0000	0.0000	0.0000	0.0000	0.0000	0.0000	0.0000	0.0000	0.0000	0.0000	0.0000	0.0000	0.0000	0.0000	3.0666	0.0000	4.9999	2.0000	0.0000	0.0000	0.0000	0.0000	0.0000	0.0000	0.0000	0.0000	0.0000	0.0000	0.0000	0.0000	0.0000	0.0000	0.0000	0.0000	0.0000	0.0000	0.0000	0.0000	0.0000	0.0000	0.0000	0.0000	0.0000	0.0000	0.0000	0.0508	0.0166	0.0342	0.0023	0.0012	0.0011	0.0485	0.0154	0.0331	0.0000	0.0000	0.0000	0.0000	0.0000	0.0000	0.0000	0.0000	0.0000	0.0000	0.0000	0.0000	0.0000	0.0000	0.0000	0.0000	0.0000	0.0000											
19	84	0.1728	5	0	0	0	2	0	0	0	0	N	N	N	Y	N	N	N	N	N	N	N	N	0.0000	0.0000	0.0000	0.0000	0.0000	0.0000	0.0000	0.0000	0.0000	0.0000	0.0000	0.0000	0.0000	0.0000	0.0000	0.0000	0.0000	0.0000	0.0000	0.0000	3.0666	1.0000	4.9999	0.0015	0.0000	0.0000	0.0000	0.0000	0.0000	0.0000	0.0000	0.0000	0.0000	0.0000	0.0000	0.0000	0.0000	0.0000	0.0000	0.0000	0.0000	0.0000	0.0754	0.0667	0.0087	0.0191	0.0179	0.0011	0.0563	0.0487	0.0076	0.0263	0.0087	0.0176	0.0014	0.0008	0.0006	0.0249	0.0079	0.0170	0.0000	0.0000	0.0000	0.0000	0.0000	0.0000	0.0000	0.0000	0.0000	0.0000	0.0000	0.0000	0.0000	0.0000	0.0000	0.0000	0.0000	0.0000											
19	85	0.1581	4	0	0	0	2	0	0	0	0	N	N	N	Y	N	N	N	N	N	N	N	N	0.0000	0.0000	0.0000	0.0000	0.0000	0.0000	0.0000	0.0000	0.0000	0.0000	0.0000	0.0000	0.0000	0.0000	0.0000	0.0000	0.0000	0.0000	0.0000	0.0000	3.0666	0.0000	4.9999	2.0013	0.0000	0.0000	0.0000	0.0000	0.0000	0.0000	0.0000	0.0000	0.0000	0.0000	0.0000	0.0000	0.0000	0.0000	0.0000	0.0000	0.0000	0.0000	0.0000	0.0000	0.0000	0.0000	0.0000	0.0000	0.0000	0.0000	0.0000	0.0512	0.0171	0.0341	0.0027	0.0016	0.0010	0.0485	0.0155	0.0331	0.0000	0.0000	0.0000	0.0000	0.0000	0.0000	0.0000	0.0000	0.0000	0.0000	0.0000	0.0000	0.0000	0.0000	0.0000	0.0000	0.0000	0.0000											
19	86	0.1980	4	1	1	0	1	0	0	0	0	N	N	N	N	N	N	N	N	N	N	N	N	249.8652	129.2346	122.3540	132.9745	inf	inf	0.1182	0.1330	0.0000	0.1986	0.2260	0.0000	0.0177	0.0197	0.0000	0.0005	0.0010	0.0000	0.0016	0.0017	0.0000	0.0000	0.0000	0.0000	0.0000	0.0000	-0.0000	-0.0000	3.0666	0.0007	4.9999	0.9812	0.0000	0.0000	0.0000	0.0000	0.0000	0.0000	0.0000	0.0000	0.0000	0.0000	0.0000	0.0000	0.0000	0.0000	0.0000	0.0000	0.0000	0.0000	0.0002	0.0002	0.0000	0.0001	0.0001	0.0000	0.0001	0.0001	0.0000	0.0423	0.0194	0.0228	0.0123	0.0118	0.0006	0.0300	0.0077	0.0223	249.8652	129.2346	0.0000	122.3540	132.9745	0.0000	inf	inf	0.0000	0.0005	0.0010	0.0000	0.0016	0.0017	0.0000	0.0000	0.0000	0.0000			
19	87	0.1422	3	1	1	0	1	0	0	0	0	N	N	N	N	N	N	N	N	N	N	N	N	183.9382	70.0805	inf	46.7450	31.9452	inf	82.7433	1.1259	inf	0.1777	0.2014	0.0000	0.6440	0.6842	0.0000	0.0106	0.0124	0.0000	0.0010	0.0029	0.0000	0.0138	0.0214	0.0000	0.0001	0.0110	0.0000	0.0000	0.0000	-0.0130	-0.0001	3.0666	5.0272	4.9999	2.1572	0.0658	0.0658	0.0000	0.0629	0.0629	0.0000	0.0029	0.0029	0.0000	0.0002	0.0002	0.0000	0.0001	0.0001	0.0000	0.0000	0.0000	0.0000	0.3700	0.3265	0.0436	0.0976	0.0919	0.0057	0.2724	0.2346	0.0379	0.1656	0.0557	0.1099	0.0102	0.0065	0.0036	0.1554	0.0491	0.1063	183.9382	70.0805	inf	46.7450	31.9452	inf	82.7433	30.3670	inf	0.0010	0.0029	0.0000	0.0138	0.0214	0.0000	0.0001	0.0004	0.0000
19	88	0.1954	5	0	1	0	1	0	0	0	0	N	N	N	N	N	N	N	N	N	N	N	N	0.0000	0.0000	0.0000	0.0000	0.0000	0.0000	0.0000	0.0000	0.0000	0.0000	0.0000	0.0000	0.0000	0.0000	0.0000	0.0000	0.0000	0.0000	0.0000	0.0000	3.0666	0.0000	4.9999	4.0000	0.0000	0.0000	0.0000	0.0000	0.0000	0.0000	0.0000	0.0000	0.0000	0.0000	0.0000	0.0000	0.0000	0.0000	0.0000	0.0000	0.0000	0.0000	0.0000	0.0000	0.0000	0.0000	0.0000	0.0000	0.0000	0.0000	0.0000	0.0988	0.0337	0.0652	0.0071	0.0048	0.0023	0.0917	0.0288	0.0629	0.0000	0.0000	0.0000	0.0000	0.0000	0.0000	0.0000	0.0000	0.0000	0.0000	0.0000	0.0000	0.0000	0.0000	0.0000	0.0000	0.0000	0.0000											
19	89	0.1581	4	0	1	0	1	0	0	0	0	N	N	N	N	N	N	N	N	N	N	N	N	0.0000	0.0000	0.0000	0.0000	0.0000	0.0000	0.0000	0.0000	0.0000	0.0000	0.0000	0.0000	0.0000	0.0000	0.0000	0.0000	0.0000	0.0000	0.0000	0.0000	3.0666	3.0000	4.9999	2.0000	0.0000	0.0000	0.0000	0.0000	0.0000	0.0000	0.0000	0.0000	0.0000	0.0000	0.0000	0.0000	0.0000	0.0000	0.0000	0.0000	0.0000	0.0000	0.2164	0.1916	0.0247	0.0535	0.0504	0.0032	0.1628	0.1412	0.0216	0.1208	0.0404	0.0804	0.0064	0.0039	0.0026	0.1143	0.0365	0.0778	0.0000	0.0000	0.0000	0.0000	0.0000	0.0000	0.0000	0.0000	0.0000	0.0000	0.0000	0.0000	0.0000	0.0000	0.0000	0.0000	0.0000	0.0000											
19	90	0.1581	4	1	1	0	1	0	0	0	0	N	N	N	N	N	N	N	N	N	N	N	N	0.0000	0.0000	0.0000	0.0000	0.0000	0.0000	0.0000	0.0000	0.0000	0.0000	0.0000	0.0000	0.0000	0.0000	0.0000	0.0000	0.0000	0.0000	0.0000	0.0000	3.0666	2.0000	4.9999	3.0000	0.0000	0.0000	0.0000	0.0000	0.0000	0.0000	0.0000	0.0000	0.0000	0.0000	0.0000	0.0000	0.0000	0.0000	0.0000	0.0000	0.0000	0.0000	0.1474	0.1305	0.0170	0.0369	0.0347	0.0022	0.1105	0.0958	0.0148	0.1208	0.0404	0.0804	0.0064	0.0039	0.0026	0.1143	0.0365	0.0778	0.0000	0.0000	0.0000	0.0000	0.0000	0.0000	0.0000	0.0000	0.0000	0.0000	0.0000	0.0000	0.0000	0.0000	0.0000	0.0000	0.0000	0.0000											
19	91	0.1422	3	0	0	0	1	0	0	0	0	N	N	N	N	N	N	N	N	N	N	N	N	8.5382	0.0523	inf	0.5278	0.0250	inf	inf	inf	0.0217	0.0004	0.1682	0.0184	0.0012	0.2896	0.0231	0.0000	0.1485	0.0025	0.0074	0.0000	0.0348	0.0480	0.0000	0.0000	0.0000	0.0000	63.4349	0.0000	0.0030	-0.0001	3.0666	2.0705	4.9999	0.0351	0.0039	0.0001	0.0038	0.0010	0.0001	0.0009	0.0029	0.0000	0.0029	0.0001	0.0001	0.0000	0.0001	0.0001	0.0000	0.0000	0.0000	0.0000	0.1780	0.1554	0.0226	0.0531	0.0499	0.0032	0.1250	0.1055	0.0195	0.0550	0.0190	0.0361	0.0040	0.0029	0.0011	0.0510	0.0161	0.0350	8.5382	0.0523	inf	0.5278	0.0250	inf	inf	0.0000	inf	0.0025	0.0074	0.0000	0.0348	0.0480	0.0000	0.0000	0.0000	0.0000	
19	92	0.1168	2	0	0	0	1	0	0	0	0	N	N	N	N	N	N	N	N	N	N	N	N	7.1623	1.4920	727.6038	1.7904	1.5703	inf	14.4343	0.0040	847.5978	0.0240	0.0118	0.1184	0.0266	0.0278	0.0066	0.0224	0.0007	0.1432	0.0034	0.0079	0.0002	0.0149	0.0177	0.0000	0.0016	0.1755	0.0002	1.2921	0.0294	0.0031	-0.0003	3.0666	3.4249	4.9999	0.1413	0.0086	0.0037	0.0048	0.0037	0.0036	0.0000	0.0049	0.0001	0.0048	0.0003	0.0003	0.0000	0.0002	0.0002	0.0000	0.0001	0.0001	0.0000	0.3562	0.3155	0.0408	0.1372	0.1298	0.0074	0.2190	0.1856	0.0334	0.1043	0.0428	0.0614	0.0141	0.0119	0.0022	0.0902	0.0310	0.0592	7.1623	1.4920	727.6038	1.7904	1.5703	inf	14.4343	0.1664	847.5978	0.0034	0.0079	0.0002	0.0149	0.0177	0.0000	0.0016	0.0042	0.0002
19	98	0.2536	7	0	0	0	1	0	0	0	0	N	N	N	N	N	N	N	N	N	N	N	N	0.9894	0.6247	0.0331	0.0305	inf	inf	0.0748	0.0835	0.0000	0.0066	0.0073	0.0000	0.1409	0.1594	0.0000	0.0756	0.1336	0.0000	0.2008	0.2398	0.0000	0.0000	0.0000	0.0000	0.0000	0.0000	-0.0085	-0.0200	3.0666	4.9999	4.9999	9.0821	0.0431	0.0431	0.0000	0.0019	0.0019	0.0000	0.0412	0.0412	0.0000	0.0267	0.0267	0.0000	0.0267	0.0267	0.0000	0.0000	0.0000	0.0000	0.5758	0.5162	0.0596	0.2835	0.2578	0.0257	0.2923	0.2584	0.0339	0.3532	0.2000	0.1533	0.1330	0.1114	0.0216	0.2202	0.0886	0.1317	0.9894	0.6247	0.0000	0.0331	0.0305	0.0000	inf	inf	0.0000	0.0756	0.1336	0.0000	0.2008	0.2398	0.0000	0.0000	0.0000	0.0000			
20	21	0.2676	8	1	1	1	0	0	0	0	0	N	N	N	N	N	N	N	N	N	N	N	N	0.0000	0.0000	0.0000	0.0000	0.0000	0.0000	0.0000	0.0000	0.0000	0.0000	0.0000	0.0000	0.0000	0.0000	0.0000	0.0740	0.0000	0.1349	0.0000	0.0000	0.0026	0.1010	0.0000	0.1363	inf	0.0000	0.0001	0.9718	0.9958	0.9404	0.0079	0.0000	0.0000	0.0000	0.0000	0.0000	0.0000	0.0000	0.0000	0.0000	0.0004	0.0000	0.0004	0.0000	0.0000	0.0000	0.0004	0.0000	0.0004	0.0280	0.0252	0.0028	0.0133	0.0124	0.0008	0.0147	0.0127	0.0020	0.0052	0.0023	0.0029	0.0014	0.0014	0.0000	0.0038	0.0010	0.0028	0.0000	0.0000	0.0000	0.0000	0.0000	0.0000	0.0000	0.0000	0.0000	0.0740	0.0000	0.1349	0.0000	0.0000	0.0006	0.1010	0.0000	0.1363				
20	22	0.2240	8	1	1	1	0	0	0	0	0	N	N	N	N	N	N	N	N	N	N	N	N	0.0002	0.6084	0.0002	1.0724	0.9729	0.2229	0.0000	0.0000	0.0000	0.0002	0.0002	0.0004	0.0006	0.0005	0.0019	0.0000	0.0000	0.0000	1.0753	0.0004	1.9577	0.0006	0.0005	0.0087	1.5243	0.0000	1.9725	0.1940	6808.6779	-0.0000	0.0171	0.9718	4.0220	0.9404	5.3698	0.0000	0.0000	0.0000	0.0000	0.0000	0.0000	0.0000	0.0000	0.0000	0.0682	0.0000	0.0682	0.0000	0.0000	0.0000	0.0682	0.0000	0.0682	0.1009	0.0909	0.0100	0.0386	0.0367	0.0019	0.0624	0.0542	0.0081	0.0634	0.0286	0.0348	0.0187	0.0184	0.0003	0.0448	0.0102	0.0346	0.0002	0.6084	0.0002	1.0724	0.9729	1.3006	0.0000	0.0000	0.0000	1.0753	0.0004	1.9577	0.0006	0.0005	0.0015	1.5243	0.0000	1.9725
20	23	0.0296	2	2	1	1	0	0	0	0	0	Y	N	N	N	N	N	N	N	N	N	N	N	0.0000	0.0000	0.0000	0.0000	0.0000	0.0000	0.0000	0.0000	0.0000	0.0000	0.0000	0.0000	0.0000	0.0000	0.0000	0.0000	0.0000	0.0000	0.0000	0.0000	0.9718	0.0000	0.9404	3.0000	0.0000	0.0000	0.0000	0.0000	0.0000	0.0000	0.0000	0.0000	0.0000	0.0000	0.0000	0.0000	0.0000	0.0000	0.0000	0.0000	0.0000	0.0000	0.0000	0.0000	0.0000	0.0000	0.0000	0.0000	0.0000	0.0000	0.0000	0.0213	0.0066	0.0147	0.0028	0.0028	0.0000	0.0184	0.0037	0.0147	0.0000	0.0000	0.0000	0.0000	0.0000	0.0000	0.0000	0.0000	0.0000	0.0000	0.0000	0.0000	0.0000	0.0000	0.0000	0.0000	0.0000	0.0000											
20	24	0.2907	10	1	1	1	0	0	0	0	0	N	N	N	N	N	N	N	N	N	N	N	N	0.0000	0.0000	0.0000	0.0000	0.0000	0.0000	0.0000	0.0000	0.0000	0.0000	0.0000	0.0000	0.0000	0.0039	0.0000	0.0072	0.0000	0.0000	0.0000	0.0053	0.0000	0.0073	inf	0.0000	0.0000	0.9718	0.0018	0.9404	0.9893	0.0000	0.0000	0.0000	0.0000	0.0000	0.0000	0.0000	0.0000	0.0000	0.0000	0.0000	0.0000	0.0000	0.0000	0.0000	0.0000	0.0000	0.0000	0.0001	0.0001	0.0000	0.0001	0.0001	0.0000	0.0000	0.0000	0.0000	0.0049	0.0022	0.0026	0.0013	0.0013	0.0000	0.0036	0.0010	0.0026	0.0000	0.0000	0.0000	0.0000	0.0000	0.0000	0.0000	0.0000	0.0000	0.0039	0.0000	0.0072	0.0000	0.0000	0.0000	0.0053	0.0000	0.0073						
20	25	0.1000	4	2	1	1	0	0	0	0	0	Y	N	N	N	N	N	N	N	N	N	N	N	146.3637	62.3038	134.4978	119.9047	0.0370	0.0416	0.0000	0.1401	0.1463	0.0000	0.0000	0.0000	0.0000	0.0003	0.0007	0.0000	0.0010	0.0012	0.0000	0.0000	0.0000	0.0000	0.0000	0.0000	-0.0004	-0.0000	0.9718	2.0666	0.9404	3.9999	0.0018	0.0018	0.0000	0.0018	0.0018	0.0000	0.0000	0.0000	0.0000	0.0000	0.0000	0.0000	0.0000	0.0000	0.0000	0.0000	0.0000	0.0000	0.0484	0.0431	0.0053	0.0128	0.0122	0.0005	0.0356	0.0308	0.0048	0.0396	0.0150	0.0246	0.0096	0.0082	0.0014	0.0300	0.0068	0.0232	146.3637	62.3038	0.0000	134.4978	119.9047	0.0000	0.0000	0.0000	0.0000	0.0003	0.0007	0.0000	0.0010	0.0012	0.0000	0.0000	0.0000	0.0000					
20	26	0.0296	2	1	1	1	0	0	0	0	0	N	N	N	N	N	N	N	N	N	N	N	N	0.0000	0.0000	0.0000	0.0000	0.0000	0.0000	0.0000	0.0000	0.0000	0.0000	0.0000	0.0000	0.0000	0.0000	0.0000	0.0000	0.0000	0.0000	0.0000	0.0000	0.9718	1.0000	0.9404	4.0000	0.0000	0.0000	0.0000	0.0000	0.0000	0.0000	0.0000	0.0000	0.0000	0.0000	0.0000	0.0000	0.0000	0.0000	0.0000	0.0000	0.0000	0.0000	0.0186	0.0161	0.0026	0.0027	0.0025	0.0001	0.0160	0.0136	0.0024	0.0340	0.0106	0.0235	0.0045	0.0045	0.0000	0.0295	0.0060	0.0235	0.0000	0.0000	0.0000	0.0000	0.0000	0.0000	0.0000	0.0000	0.0000	0.0000	0.0000	0.0000	0.0000	0.0000	0.0000	0.0000	0.0000	0.0000											
20	27	0.0296	2	1	1	1	0	0	0	0	0	N	N	N	N	N	N	N	N	N	N	N	N	0.0003	0.0014	inf	inf	0.0002	0.0013	0.0123	0.0000	0.0897	0.0112	0.0000	0.2035	0.0125	0.0000	0.0827	44.1454	0.0000	63.8938	0.0000	0.0000	0.0000	50.9629	0.0000	63.8939	inf	inf	0.0002	0.2356	0.9718	1.0000	0.9404	2.0000	0.0002	0.0000	0.0002	0.0000	0.0000	0.0000	0.0002	0.0000	0.0002	0.9383	0.0000	0.9383	0.0000	0.0000	0.0000	0.9383	0.0000	0.9383	0.0186	0.0161	0.0026	0.0027	0.0025	0.0001	0.0160	0.0136	0.0024	0.0213	0.0066	0.0147	0.0028	0.0028	0.0000	0.0184	0.0037	0.0147	0.0003	0.0000	0.0014	inf	0.0000	inf	0.0002	0.0000	0.0013	44.1454	0.0000	63.8938	0.0000	0.0000	0.0000	50.9629	0.0000	63.8939			
20	28	0.1000	4	1	1	2	1	0	0	0	0	N	N	Y	N	N	N	N	N	N	N	N	N	0.0000	0.0000	0.0000	0.0000	0.0000	0.0000	0.0000	0.0000	0.0000	0.0000	0.0000	0.0000	0.0000	0.0003	0.0007	0.0000	0.0011	0.0014	0.0000	0.0000	0.0000	0.0000	0.0000	0.0000	-0.0000	0.9718	3.9334	0.9404	8.9999	0.0000	0.0000	0.0000	0.0000	0.0000	0.0000	0.0000	0.0000	0.0000	0.0000	0.0000	0.0000	0.0000	0.0000	0.0000	0.0000	0.0000	0.0000	0.0847	0.0750	0.0096	0.0192	0.0183	0.0010	0.0654	0.0568	0.0087	0.0732	0.0278	0.0454	0.0174	0.0148	0.0027	0.0558	0.0130	0.0428	0.0000	0.0000	0.0000	0.0000	0.0000	0.0000	0.0000	0.0000	0.0000	0.0003	0.0007	0.0000	0.0011	0.0014	0.0000	0.0000	0.0000	0.0000						
20	29	0.0606	4	1	1	1	0	0	0	0	0	N	N	N	N	N	N	N	N	N	N	N	N	0.0000	0.0000	0.0000	0.0000	0.0000	0.0000	0.0000	0.0000	0.0000	0.0000	0.0000	0.0000	0.0000	0.0000	0.0000	0.0000	0.0000	0.3385	0.9438	0.0000	1.7593	1.7603	0.1236	0.0000	0.0000	0.0000	0.0000	0.0000	-0.0176	0.9718	7.9836	0.9404	2.1583	0.0000	0.0000	0.0000	0.0000	0.0000	0.0000	0.0000	0.0000	0.0000	0.0235	0.0235	0.0000	0.0235	0.0235	0.0000	0.0000	0.0000	0.0000	0.1743	0.1553	0.0189	0.0356	0.0339	0.0017	0.1387	0.1215	0.0172	0.0694	0.0249	0.0445	0.0133	0.0133	0.0000	0.0560	0.0115	0.0445	0.0000	0.0000	0.0000	0.0000	0.0000	0.0000	0.0000	0.0000	0.0000	0.3385	0.9438	0.0000	1.7593	1.7603	0.0112	0.0000	0.0000	0.0000		
20	30	0.1000	4	2	1	1	0	0	0	0	0	Y	N	N	N	N	N	N	N	N	N	N	N	97.3812	41.6838	112.3807	100.2344	0.0096	0.0108	0.0000	0.0478	0.0507	0.0000	0.0000	0.0000	0.0000	0.0001	0.0003	0.0000	0.0004	0.0005	0.0000	0.0000	0.0000	0.0000	0.0000	0.0000	-0.0004	-0.0000	0.9718	9.9334	0.9404	11.0001	0.0018	0.0018	0.0000	0.0018	0.0018	0.0000	0.0000	0.0000	0.0000	0.0000	0.0000	0.0000	0.0000	0.0000	0.0000	0.0000	0.0000	0.0000	0.1867	0.1655	0.0212	0.0374	0.0353	0.0021	0.1493	0.1302	0.0191	0.1016	0.0385	0.0630	0.0235	0.0198	0.0037	0.0781	0.0188	0.0593	97.3812	41.6838	0.0000	112.3807	100.2344	0.0000	0.0000	0.0000	0.0000	0.0001	0.0003	0.0000	0.0004	0.0005	0.0000	0.0000	0.0000	0.0000					
20	31	0.1000	4	1	0	2	0	0	0	0	0	N	N	Y	N	N	N	N	N	N	N	N	N	0.0000	0.0000	0.0000	0.0000	0.0000	0.0000	0.0000	0.0000	0.0000	0.0000	0.0000	0.0000	0.0000	0.0002	0.0005	0.0000	0.0008	0.0010	0.0000	0.0000	0.0000	0.0000	0.0000	0.0000	-0.0000	0.9718	2.9334	0.9404	4.9999	0.0000	0.0000	0.0000	0.0000	0.0000	0.0000	0.0000	0.0000	0.0000	0.0000	0.0000	0.0000	0.0000	0.0000	0.0000	0.0000	0.0000	0.0000	0.0655	0.0582	0.0074	0.0158	0.0151	0.0007	0.0497	0.0431	0.0066	0.0497	0.0188	0.0309	0.0120	0.0102	0.0018	0.0377	0.0086	0.0291	0.0000	0.0000	0.0000	0.0000	0.0000	0.0000	0.0000	0.0000	0.0000	0.0002	0.0005	0.0000	0.0008	0.0010	0.0000	0.0000	0.0000	0.0000						
20	32	0.1000	4	1	1	1	0	0	0	0	0	N	N	N	N	N	N	N	N	N	N	N	N	0.0000	0.0000	0.0000	0.0000	0.0000	0.0000	0.0000	0.0000	0.0000	0.0000	0.0000	0.0000	0.0000	0.0000	0.0000	0.0000	20.8039	0.0006	33.4998	0.0009	0.0011	0.0000	27.4497	0.0000	35.5386	93834.0000	0.0000	0.2356	0.9718	3.0666	0.9404	3.9999	0.0000	0.0000	0.0000	0.0000	0.0000	0.0000	0.0000	0.0000	0.0000	0.9383	0.0000	0.9383	0.0000	0.0000	0.0000	0.9383	0.0000	0.9383	0.0681	0.0604	0.0077	0.0163	0.0155	0.0008	0.0518	0.0449	0.0069	0.0451	0.0171	0.0280	0.0109	0.0093	0.0016	0.0342	0.0078	0.0264	0.0000	0.0000	0.0000	0.0000	0.0000	0.0000	0.0000	0.0000	0.0000	20.8039	0.0006	33.4998	0.0009	0.0011	0.0000	27.4497	0.0000	35.5386			
20	33	0.0475	3	2	0	2	0	0	0	0	0	Y	N	Y	N	N	N	N	N	N	N	N	N	0.0000	0.0000	0.0000	0.0000	0.0000	0.0000	0.0000	0.0000	0.0000	0.0000	0.0000	0.0000	0.0000	0.0000	0.0000	0.0000	0.0000	0.0012	0.0034	0.0000	0.0059	0.0064	0.0000	0.0000	0.0000	0.0000	0.0089	0.0000	-0.0000	0.9718	0.9991	0.9404	2.0219	0.0000	0.0000	0.0000	0.0000	0.0000	0.0000	0.0000	0.0000	0.0000	0.0000	0.0000	0.0000	0.0000	0.0000	0.0000	0.0000	0.0000	0.0000	0.0186	0.0161	0.0026	0.0027	0.0026	0.0001	0.0159	0.0135	0.0024	0.0242	0.0083	0.0159	0.0048	0.0044	0.0004	0.0194	0.0039	0.0155	0.0000	0.0000	0.0000	0.0000	0.0000	0.0000	0.0000	0.0000	0.0000	0.0012	0.0034	0.0000	0.0059	0.0064	0.0000	0.0000	0.0000	0.0000		
20	34	0.1000	4	1	1	1	0	0	0	0	0	N	N	N	N	N	N	N	N	N	N	N	N	0.0000	0.0000	0.0000	0.0000	0.0000	0.0000	0.0000	0.0000	0.0000	0.0000	0.0000	0.0000	0.0000	0.0000	0.0000	0.0000	0.0000	0.0000	0.0000	0.0000	0.9718	4.9334	0.9404	5.0001	0.0000	0.0000	0.0000	0.0000	0.0000	0.0000	0.0000	0.0000	0.0000	0.0000	0.0000	0.0000	0.0000	0.0000	0.0000	0.0000	0.0000	0.0000	0.1031	0.0914	0.0118	0.0225	0.0213	0.0012	0.0806	0.0700	0.0106	0.0597	0.0226	0.0371	0.0143	0.0122	0.0021	0.0454	0.0104	0.0349	0.0000	0.0000	0.0000	0.0000	0.0000	0.0000	0.0000	0.0000	0.0000	0.0000	0.0000	0.0000	0.0000	0.0000	0.0000	0.0000	0.0000	0.0000											
20	35	0.0475	3	2	0	2	0	0	0	0	0	Y	N	Y	N	N	N	N	N	N	N	N	N	0.0000	0.0000	0.0000	0.0000	0.0000	0.0000	0.0000	0.0000	0.0000	0.0000	0.0000	0.0000	0.0000	0.0000	0.0000	0.0000	0.0022	0.0062	0.0000	0.0103	0.0110	0.0000	0.0000	0.0000	0.0000	0.0001	0.0000	-0.0000	0.9718	0.0009	0.9404	1.9867	0.0000	0.0000	0.0000	0.0000	0.0000	0.0000	0.0000	0.0000	0.0000	0.0000	0.0000	0.0000	0.0000	0.0000	0.0000	0.0000	0.0000	0.0000	0.0000	0.0000	0.0000	0.0000	0.0000	0.0000	0.0000	0.0000	0.0000	0.0172	0.0061	0.0111	0.0037	0.0034	0.0003	0.0135	0.0027	0.0108	0.0000	0.0000	0.0000	0.0000	0.0000	0.0000	0.0000	0.0000	0.0000	0.0022	0.0062	0.0000	0.0103	0.0110	0.0000	0.0000	0.0000	0.0000			
20	36	0.0296	2	2	0	2	0	0	0	0	0	Y	N	Y	N	N	N	N	N	N	N	N	N	0.0000	0.0000	0.0000	0.0000	0.0000	0.0000	0.0000	0.0000	0.0000	0.0000	0.0000	0.0000	0.0000	0.0000	0.0000	0.0000	0.0013	0.0000	0.0019	0.0001	0.0001	0.0000	0.0015	0.0000	0.0019	112.5558	0.0000	0.0000	0.9718	1.0009	0.9404	2.0357	0.0000	0.0000	0.0000	0.0000	0.0000	0.0000	0.0000	0.0000	0.0000	0.0000	0.0000	0.0000	0.0000	0.0000	0.0000	0.0000	0.0000	0.0000	0.0187	0.0161	0.0026	0.0027	0.0025	0.0001	0.0160	0.0136	0.0024	0.0215	0.0066	0.0149	0.0029	0.0029	0.0000	0.0186	0.0038	0.0149	0.0000	0.0000	0.0000	0.0000	0.0000	0.0000	0.0000	0.0000	0.0000	0.0013	0.0000	0.0019	0.0001	0.0001	0.0000	0.0015	0.0000	0.0019			
20	37	0.0296	2	2	0	2	0	0	0	0	0	Y	N	Y	N	N	N	N	N	N	N	N	N	0.0000	0.0000	0.0000	0.0000	0.0000	0.0000	0.0000	0.0000	0.0000	0.0000	0.0000	0.0000	0.0000	33.7893	0.0000	48.9439	0.0000	0.0000	0.0000	38.9816	0.0000	48.9440	inf	0.0000	0.2356	0.9718	1.0000	0.9404	3.0000	0.0000	0.0000	0.0000	0.0000	0.0000	0.0000	0.0000	0.0000	0.0000	0.9383	0.0000	0.9383	0.0000	0.0000	0.0000	0.9383	0.0000	0.9383	0.0186	0.0161	0.0026	0.0027	0.0025	0.0001	0.0160	0.0136	0.0024	0.0278	0.0086	0.0192	0.0037	0.0037	0.0000	0.0241	0.0049	0.0192	0.0000	0.0000	0.0000	0.0000	0.0000	0.0000	0.0000	0.0000	0.0000	33.7893	0.0000	48.9439	0.0000	0.0000	0.0000	38.9816	0.0000	48.9440						
20	38	0.1000	4	1	0	2	0	0	0	0	0	N	N	Y	N	N	N	N	N	N	N	N	N	0.0000	0.0000	0.0000	0.0000	0.0000	0.0000	0.0000	0.0000	0.0000	0.0000	0.0000	0.0000	0.0000	0.0003	0.0007	0.0000	0.0010	0.0012	0.0000	0.0000	0.0000	0.0000	0.0000	0.0000	-0.0000	0.9718	3.0666	0.9404	2.9999	0.0000	0.0000	0.0000	0.0000	0.0000	0.0000	0.0000	0.0000	0.0000	0.0000	0.0000	0.0000	0.0000	0.0000	0.0000	0.0000	0.0000	0.0000	0.0681	0.0604	0.0077	0.0163	0.0155	0.0008	0.0518	0.0449	0.0069	0.0396	0.0150	0.0246	0.0096	0.0082	0.0014	0.0300	0.0068	0.0232	0.0000	0.0000	0.0000	0.0000	0.0000	0.0000	0.0000	0.0000	0.0000	0.0003	0.0007	0.0000	0.0010	0.0012	0.0000	0.0000	0.0000	0.0000						
20	39	0.1000	4	1	1	1	0	0	0	0	0	N	N	N	N	N	N	N	N	N	N	N	N	0.0000	0.0000	0.0000	0.0000	0.0000	0.0000	0.0000	0.0000	0.0000	0.0000	0.0000	0.0000	0.0000	24.1862	0.0000	38.9406	0.0000	0.0000	0.0000	31.9428	0.0000	41.3003	inf	0.0000	0.2356	0.9718	3.9334	0.9404	2.0001	0.0000	0.0000	0.0000	0.0000	0.0000	0.0000	0.0000	0.0000	0.0000	0.9383	0.0000	0.9383	0.0000	0.0000	0.0000	0.9383	0.0000	0.9383	0.0847	0.0750	0.0096	0.0192	0.0183	0.0010	0.0654	0.0568	0.0087	0.0388	0.0147	0.0241	0.0094	0.0080	0.0014	0.0294	0.0067	0.0227	0.0000	0.0000	0.0000	0.0000	0.0000	0.0000	0.0000	0.0000	0.0000	24.1862	0.0000	38.9406	0.0000	0.0000	0.0000	31.9428	0.0000	41.3003						
20	40	0.0202	3	2	1	2	0	0	0	0	0	Y	N	Y	N	N	N	N	N	N	N	N	N	0.0000	0.0000	0.0000	0.0000	0.0000	0.0000	0.0000	0.0000	0.0000	0.0000	0.0000	0.0000	0.0000	0.0000	0.0000	0.0000	0.0000	0.0000	0.0000	0.0000	0.9718	0.0000	0.9404	0.0000	0.0000	0.0000	0.0000	0.0000	0.0000	0.0000	0.0000	0.0000	0.0000	0.0000	0.0000	0.0000	0.0000	0.0000	0.0000	0.0000	0.0000	0.0000	0.0000	0.0000	0.0000	0.0000	0.0000	0.0000	0.0000	0.0000	0.0000	0.0000	0.0000	0.0000	0.0000	0.0000	0.0000	0.0000	0.0000	0.0000	0.0000	0.0000	0.0000	0.0000	0.0000	0.0000	0.0000	0.0000	0.0000	0.0000	0.0000	0.0000	0.0000	0.0000	0.0000	0.0000	0.0000	0.0000											
20	41	0.0202	2	2	1	2	0	0	0	0	0	Y	N	Y	N	N	N	N	N	N	N	N	N	0.0000	0.0000	0.0000	0.0000	0.0000	0.0000	0.0000	0.0000	0.0000	0.0000	0.0000	0.0000	0.0000	0.0000	0.0000	0.0000	40.6834	0.0014	59.1922	0.0035	0.0035	0.0000	46.4653	0.0000	59.1925	93824.6166	0.0000	0.2355	0.9718	1.0000	0.9404	1.9999	0.0000	0.0000	0.0000	0.0000	0.0000	0.0000	0.0000	0.0000	0.0000	0.9383	0.0000	0.9382	0.0000	0.0000	0.0000	0.9382	0.0000	0.9382	0.0216	0.0185	0.0030	0.0009	0.0009	0.0001	0.0206	0.0177	0.0029	0.0231	0.0072	0.0159	0.0029	0.0029	0.0000	0.0202	0.0043	0.0159	0.0000	0.0000	0.0000	0.0000	0.0000	0.0000	0.0000	0.0000	0.0000	40.6834	0.0014	59.1922	0.0035	0.0035	0.0000	46.4653	0.0000	59.1925			
20	42	0.2413	7	2	1	1	0	0	0	0	0	Y	N	N	N	N	N	N	N	N	N	N	N	0.0000	0.0001	372.5522	381.1247	0.0000	0.0000	0.0004	0.0000	0.0061	0.0006	0.0000	0.0245	0.0000	0.0000	0.0000	29.7607	0.0000	55.0878	0.0000	0.0000	0.0001	47.0241	0.0000	56.0730	inf	inf	0.0000	0.2216	0.9718	0.0007	0.9404	2.0242	0.0000	0.0000	0.0000	0.0000	0.0000	0.0000	0.0000	0.0000	0.0000	0.8827	0.0000	0.8827	0.0000	0.0000	0.0000	0.8827	0.0000	0.8827	0.0000	0.0000	0.0000	0.0000	0.0000	0.0000	0.0000	0.0000	0.0000	0.0297	0.0136	0.0160	0.0109	0.0106	0.0003	0.0188	0.0030	0.0157	0.0000	0.0000	0.0001	372.5522	0.0000	381.1247	0.0000	0.0000	0.0000	29.7607	0.0000	55.0878	0.0000	0.0000	0.0001	47.0241	0.0000	56.0730			
20	43	0.1444	5	1	1	1	1	0	0	0	0	N	N	N	N	N	N	N	N	N	N	N	N	0.0000	0.0000	0.0000	0.0000	0.0000	0.0000	0.0000	0.0000	0.0000	0.0000	0.0000	0.0000	0.0000	0.0000	0.0000	0.0000	0.0000	0.0000	0.0000	0.0000	0.9718	0.0000	0.9404	0.0000	0.0000	0.0000	0.0000	0.0000	0.0000	0.0000	0.0000	0.0000	0.0000	0.0000	0.0000	0.0000	0.0000	0.0000	0.0000	0.0000	0.0000	0.0000	0.0000	0.0000	0.0000	0.0000	0.0000	0.0000	0.0000	0.0000	0.0000	0.0000	0.0000	0.0000	0.0000	0.0000	0.0000	0.0000	0.0000	0.0000	0.0000	0.0000	0.0000	0.0000	0.0000	0.0000	0.0000	0.0000	0.0000	0.0000	0.0000	0.0000	0.0000	0.0000	0.0000	0.0000	0.0000	0.0000											
20	44	0.1444	5	1	0	1	1	0	0	0	0	N	N	N	N	N	N	N	N	N	N	N	N	0.0000	0.0000	0.0000	0.0000	0.0000	0.0000	0.0000	0.0000	0.0000	0.0000	0.0000	0.0000	0.0000	0.0000	0.0000	0.0000	0.0000	0.0000	0.0000	0.0000	0.9718	0.0000	0.9404	0.0000	0.0000	0.0000	0.0000	0.0000	0.0000	0.0000	0.0000	0.0000	0.0000	0.0000	0.0000	0.0000	0.0000	0.0000	0.0000	0.0000	0.0000	0.0000	0.0000	0.0000	0.0000	0.0000	0.0000	0.0000	0.0000	0.0000	0.0000	0.0000	0.0000	0.0000	0.0000	0.0000	0.0000	0.0000	0.0000	0.0000	0.0000	0.0000	0.0000	0.0000	0.0000	0.0000	0.0000	0.0000	0.0000	0.0000	0.0000	0.0000	0.0000	0.0000	0.0000	0.0000	0.0000	0.0000											
20	45	0.1000	4	1	0	1	1	0	0	0	0	N	N	N	N	N	N	N	N	N	N	N	N	0.0013	inf	0.0000	inf	inf	0.0000	0.0000	0.0263	0.0296	0.0000	0.1100	0.1154	0.0000	0.0000	0.0000	0.0000	20.8037	0.0000	33.4998	0.0000	0.0000	0.0000	27.4497	0.0000	35.5386	0.0000	inf	-0.0004	0.2356	0.9718	3.0666	0.9404	3.9999	0.0018	0.0018	0.0000	0.0018	0.0018	0.0000	0.0000	0.0000	0.0000	0.9383	0.0000	0.9383	0.0000	0.0000	0.0000	0.9383	0.0000	0.9383	0.0681	0.0604	0.0077	0.0163	0.0155	0.0008	0.0518	0.0449	0.0069	0.0451	0.0171	0.0280	0.0109	0.0093	0.0016	0.0342	0.0078	0.0264	0.0013	inf	0.0000	inf	inf	0.0000	0.0000	0.0000	0.0000	20.8037	0.0000	33.4998	0.0000	0.0000	0.0000	27.4497	0.0000	35.5386		
20	46	0.0296	2	2	0	2	0	0	0	0	0	Y	N	Y	N	N	N	N	N	N	N	N	N	0.0000	0.0000	0.0000	0.0000	0.0000	0.0000	0.0000	0.0000	0.0000	0.0000	0.0000	0.0000	0.0000	64.8768	0.0000	93.8241	0.0000	0.0000	0.0000	74.9451	0.0000	93.8243	inf	0.0000	0.2356	0.9718	0.0000	0.9404	2.0000	0.0000	0.0000	0.0000	0.0000	0.0000	0.0000	0.0000	0.0000	0.0000	0.9383	0.0000	0.9383	0.0000	0.0000	0.0000	0.9383	0.0000	0.9383	0.0000	0.0000	0.0000	0.0000	0.0000	0.0000	0.0000	0.0000	0.0000	0.0145	0.0045	0.0100	0.0019	0.0019	0.0000	0.0125	0.0025	0.0100	0.0000	0.0000	0.0000	0.0000	0.0000	0.0000	0.0000	0.0000	0.0000	64.8768	0.0000	93.8241	0.0000	0.0000	0.0000	74.9451	0.0000	93.8243						
20	47	0.0982	5	2	1	1	0	0	0	0	0	Y	N	N	N	N	N	N	N	N	N	N	N	0.0000	2.8729	0.0001	1.7903	0.0000	0.1198	0.0000	inf	0.0000	0.0000	0.0000	0.0000	0.0000	0.0000	0.0001	0.0000	0.0000	0.0000	0.3966	0.0000	0.6815	0.0000	0.0000	0.0012	0.5119	0.0000	0.6846	3.5800	1724547.6225	0.0000	0.0019	0.9718	0.9991	0.9404	2.0273	0.0000	0.0000	0.0000	0.0000	0.0000	0.0000	0.0000	0.0000	0.0000	0.0078	0.0000	0.0078	0.0000	0.0000	0.0000	0.0078	0.0000	0.0078	0.0216	0.0190	0.0026	0.0042	0.0039	0.0003	0.0174	0.0151	0.0023	0.0196	0.0082	0.0114	0.0044	0.0044	0.0001	0.0152	0.0038	0.0113	0.0000	2.8729	0.0001	1.7903	0.0000	0.3719	0.0000	inf	0.0000	0.3966	0.0000	0.6815	0.0000	0.0000	0.0004	0.5119	0.0000	0.6846
20	48	0.0606	4	2	1	1	0	0	0	0	0	Y	N	N	N	N	N	N	N	N	N	N	N	0.0002	0.3013	0.0002	0.0354	0.0193	0.0123	0.0002	56.6151	0.0002	0.0034	0.0032	0.0056	0.0006	0.0003	0.0079	0.0047	0.0046	0.0052	17.5877	0.0107	27.9711	0.0179	0.0179	0.6461	22.5945	0.0001	27.9758	0.1826	4435.8228	-0.0000	0.2276	0.9718	3.1828	0.9404	3.1571	0.0003	0.0003	0.0001	0.0000	0.0000	0.0000	0.0003	0.0003	0.0000	0.9075	0.0002	0.9073	0.0002	0.0002	0.0000	0.9073	0.0000	0.9073	0.0959	0.0868	0.0091	0.0296	0.0284	0.0011	0.0663	0.0583	0.0080	0.0516	0.0192	0.0324	0.0114	0.0114	0.0000	0.0402	0.0077	0.0324	0.0002	0.3013	0.0002	0.0354	0.0193	0.1180	0.0002	1814.4872	0.0002	17.5877	0.0107	27.9711	0.0179	0.0179	0.0671	22.5945	0.0000	27.9758
20	49	0.0564	3	1	1	1	0	0	0	0	0	N	N	N	N	N	N	N	N	N	N	N	N	0.0024	0.0025	0.0105	0.0025	0.0022	0.0060	0.0025	1107.1667	0.0106	0.0031	0.0021	0.0167	0.0028	0.0024	0.0161	0.0034	0.0018	0.0169	1.2827	0.8200	1.5979	1.1202	1.1204	2.6691	1.3512	0.0000	1.5980	0.5970	2.8601	0.0000	-0.0003	0.9718	0.8922	0.9404	1.0748	0.0001	0.0001	0.0001	0.0001	0.0001	0.0000	0.0001	0.0000	0.0000	0.0314	0.0081	0.0233	0.0081	0.0081	0.0000	0.0233	0.0000	0.0233	0.0467	0.0435	0.0032	0.0213	0.0208	0.0005	0.0254	0.0227	0.0027	0.0245	0.0099	0.0146	0.0073	0.0073	0.0000	0.0172	0.0027	0.0146	0.0024	0.0025	0.0105	0.0025	0.0022	0.0695	0.0025	1717.7942	0.0106	1.2827	0.8200	1.5979	1.1202	1.1204	0.2312	1.3512	0.0000	1.5980
20	50	0.0296	2	1	1	1	0	0	0	0	0	N	N	N	N	N	N	N	N	N	N	N	N	0.0000	0.0000	0.0000	0.0000	0.0000	0.0000	0.0000	0.0000	0.0000	0.0000	0.0000	0.0000	0.0000	0.0000	0.0000	0.0000	0.0000	0.0000	0.0000	0.0000	0.9718	0.0000	0.9404	0.0000	0.0000	0.0000	0.0000	0.0000	0.0000	0.0000	0.0000	0.0000	0.0000	0.0000	0.0000	0.0000	0.0000	0.0000	0.0000	0.0000	0.0000	0.0000	0.0000	0.0000	0.0000	0.0000	0.0000	0.0000	0.0000	0.0000	0.0000	0.0000	0.0000	0.0000	0.0000	0.0000	0.0000	0.0000	0.0000	0.0000	0.0000	0.0000	0.0000	0.0000	0.0000	0.0000	0.0000	0.0000	0.0000	0.0000	0.0000	0.0000	0.0000	0.0000	0.0000	0.0000	0.0000	0.0000											
20	51	0.0296	2	2	1	1	0	0	0	0	0	Y	N	N	N	N	N	N	N	N	N	N	N	0.0000	0.0000	0.0000	0.0000	0.0000	0.0000	0.0000	0.0000	0.0000	0.0000	0.0000	0.0000	0.0000	0.0004	0.0012	0.0000	0.0027	0.0027	0.0000	0.0000	0.0000	0.0000	0.0000	0.0000	-0.0000	0.9718	1.0000	0.9404	3.0000	0.0000	0.0000	0.0000	0.0000	0.0000	0.0000	0.0000	0.0000	0.0000	0.0000	0.0000	0.0000	0.0000	0.0000	0.0000	0.0000	0.0000	0.0000	0.0186	0.0161	0.0026	0.0027	0.0025	0.0001	0.0160	0.0136	0.0024	0.0278	0.0086	0.0192	0.0037	0.0037	0.0000	0.0241	0.0049	0.0192	0.0000	0.0000	0.0000	0.0000	0.0000	0.0000	0.0000	0.0000	0.0000	0.0004	0.0012	0.0000	0.0027	0.0027	0.0000	0.0000	0.0000	0.0000						
20	52	0.1566	5	1	0	1	0	0	0	0	0	N	N	N	N	N	N	N	N	N	N	N	N	0.0000	0.0000	0.0000	0.0000	0.0000	0.0000	0.0000	0.0000	0.0000	0.0000	0.0000	0.0000	0.0000	0.0000	0.0000	0.0000	0.0000	0.0000	0.0303	0.0728	0.0000	0.1305	0.1340	0.0146	0.0000	0.0000	0.0000	0.0008	0.0000	-0.0008	0.9718	3.0179	0.9404	1.1627	0.0000	0.0000	0.0000	0.0000	0.0000	0.0000	0.0000	0.0000	0.0000	0.0010	0.0010	0.0000	0.0010	0.0010	0.0000	0.0000	0.0000	0.0000	0.0614	0.0547	0.0068	0.0217	0.0206	0.0011	0.0397	0.0340	0.0057	0.0335	0.0139	0.0196	0.0078	0.0076	0.0002	0.0257	0.0064	0.0194	0.0000	0.0000	0.0000	0.0000	0.0000	0.0000	0.0000	0.0000	0.0000	0.0303	0.0728	0.0000	0.1305	0.1340	0.0024	0.0000	0.0000	0.0000	
20	53	0.0296	2	2	1	2	0	0	0	0	0	Y	N	Y	N	N	N	N	N	N	N	N	N	0.0000	0.0000	0.0000	0.0000	0.0000	0.0000	0.0000	0.0000	0.0000	0.0000	0.0000	0.0000	0.0000	0.0000	0.0000	0.0000	0.0000	0.0000	0.0000	0.0000	0.9718	4.0000	0.9404	1.0000	0.0000	0.0000	0.0000	0.0000	0.0000	0.0000	0.0000	0.0000	0.0000	0.0000	0.0000	0.0000	0.0000	0.0000	0.0000	0.0000	0.0000	0.0000	0.0716	0.0620	0.0096	0.0102	0.0097	0.0006	0.0613	0.0523	0.0091	0.0340	0.0106	0.0235	0.0045	0.0045	0.0000	0.0295	0.0060	0.0235	0.0000	0.0000	0.0000	0.0000	0.0000	0.0000	0.0000	0.0000	0.0000	0.0000	0.0000	0.0000	0.0000	0.0000	0.0000	0.0000	0.0000	0.0000											
20	54	0.1566	5	1	1	1	0	0	0	0	0	N	N	N	N	N	N	N	N	N	N	N	N	0.4451	0.1849	0.0000	0.2333	0.2379	16.8294	6.5613	0.0000	0.0078	0.0087	0.0000	0.0208	0.0220	0.0000	0.0001	0.0001	0.0000	0.0174	0.0472	0.0000	0.0893	0.0925	0.0000	0.0000	0.0000	0.0000	0.0000	0.0003	-0.0001	-0.0008	0.9718	2.0683	0.9404	6.9961	0.0003	0.0003	0.0000	0.0003	0.0003	0.0000	0.0000	0.0000	0.0000	0.0010	0.0010	0.0000	0.0010	0.0010	0.0000	0.0000	0.0000	0.0000	0.0437	0.0389	0.0048	0.0161	0.0153	0.0009	0.0276	0.0236	0.0040	0.0587	0.0217	0.0370	0.0115	0.0111	0.0004	0.0472	0.0106	0.0366	0.4451	0.1849	0.0000	0.2333	0.2379	0.0000	16.8294	87.8320	0.0000	0.0174	0.0472	0.0000	0.0893	0.0925	0.0000	0.0000	0.0000	0.0000	
20	55	0.1000	4	1	0	1	0	0	0	0	0	N	N	N	N	N	N	N	N	N	N	N	N	0.2142	8.2571	0.1013	0.8232	0.6744	inf	0.2048	inf	0.1022	0.0040	0.0041	0.0030	0.0006	0.0006	0.0011	0.0050	0.0053	0.0032	0.0187	0.0005	0.0299	0.0008	0.0009	0.0000	0.0244	0.0000	0.0317	0.0937	97.5439	-0.0000	0.0002	0.9718	3.9265	0.9404	5.0808	0.0003	0.0003	0.0000	0.0000	0.0000	0.0000	0.0003	0.0003	0.0000	0.0010	0.0000	0.0010	0.0000	0.0000	0.0000	0.0010	0.0000	0.0010	0.0845	0.0749	0.0096	0.0192	0.0182	0.0010	0.0653	0.0567	0.0087	0.0552	0.0209	0.0343	0.0133	0.0113	0.0020	0.0419	0.0096	0.0323	0.2142	8.2571	0.1013	0.8232	0.6744	inf	0.2048	inf	0.1022	0.0187	0.0005	0.0299	0.0008	0.0009	0.0000	0.0244	0.0000	0.0317
20	56	0.0296	2	2	0	2	0	0	0	0	0	Y	N	Y	N	N	N	N	N	N	N	N	N	0.0000	0.0000	0.0000	0.0000	0.0000	0.0000	0.0000	0.0000	0.0000	0.0000	0.0000	0.0000	0.0000	0.0009	0.0029	0.0000	0.0070	0.0070	0.0000	0.0000	0.0000	0.0000	0.0000	0.0000	-0.0000	0.9718	4.0000	0.9404	7.0000	0.0000	0.0000	0.0000	0.0000	0.0000	0.0000	0.0000	0.0000	0.0000	0.0001	0.0001	0.0000	0.0001	0.0001	0.0000	0.0000	0.0000	0.0000	0.0716	0.0620	0.0096	0.0102	0.0097	0.0006	0.0613	0.0523	0.0091	0.0665	0.0208	0.0456	0.0086	0.0086	0.0000	0.0579	0.0123	0.0456	0.0000	0.0000	0.0000	0.0000	0.0000	0.0000	0.0000	0.0000	0.0000	0.0009	0.0029	0.0000	0.0070	0.0070	0.0000	0.0000	0.0000	0.0000						
20	57	0.2351	9	1	1	1	0	0	0	0	0	N	N	N	N	N	N	N	N	N	N	N	N	5.6340	943.7729	31.7298	27253.5697	1383.7755	203902.1402	6.3412	inf	37.3309	4.3879	0.0087	44.9105	0.4546	0.0222	8.6758	6.7218	0.0000	53.4541	0.7788	0.0000	1.4154	0.0000	0.0000	0.0000	1.0600	0.0000	1.4319	556.2852	187321.1255	0.7754	0.0165	0.9718	9.7645	0.9404	7.4558	0.9688	0.0017	0.9671	0.0374	0.0017	0.0356	0.9314	0.0000	0.9314	0.0658	0.0000	0.0658	0.0000	0.0000	0.0000	0.0658	0.0000	0.0658	0.2208	0.1993	0.0215	0.0822	0.0781	0.0041	0.1386	0.1211	0.0174	0.0845	0.0380	0.0465	0.0224	0.0219	0.0005	0.0621	0.0161	0.0460	5.6340	943.7729	31.7298	27253.5697	1383.7755	203902.1402	6.3412	inf	37.3309	0.7788	0.0000	1.4154	0.0000	0.0000	0.0000	1.0600	0.0000	1.4319
20	58	0.2907	10	1	0	2	0	0	0	0	0	N	N	Y	N	N	N	N	N	N	N	N	N	0.0000	0.0000	0.0000	0.0000	0.0000	0.0000	0.0000	0.0000	0.0000	0.0000	0.0000	0.0000	0.0000	0.0038	0.0000	0.0070	0.0000	0.0000	0.0000	0.0051	0.0000	0.0071	inf	0.0000	0.0000	0.9718	1.0009	0.9404	0.0163	0.0000	0.0000	0.0000	0.0000	0.0000	0.0000	0.0000	0.0000	0.0000	0.0000	0.0000	0.0000	0.0000	0.0000	0.0000	0.0000	0.0000	0.0000	0.0287	0.0259	0.0028	0.0147	0.0138	0.0009	0.0140	0.0121	0.0019	0.0050	0.0023	0.0027	0.0013	0.0013	0.0000	0.0037	0.0010	0.0027	0.0000	0.0000	0.0000	0.0000	0.0000	0.0000	0.0000	0.0000	0.0000	0.0038	0.0000	0.0070	0.0000	0.0000	0.0000	0.0051	0.0000	0.0071						
20	59	0.2753	9	1	0	1	0	0	0	0	0	N	N	N	N	N	N	N	N	N	N	N	N	0.0000	0.0000	0.0000	0.0000	0.0000	0.0000	0.0000	0.0000	0.0000	0.0000	0.0000	0.0000	0.0000	0.0000	0.0000	0.0000	0.0000	0.0085	0.0042	0.0119	0.0073	0.0074	0.0000	0.0089	0.0000	0.0120	3.4961	0.0000	0.0000	0.9718	1.9961	0.9404	0.0521	0.0000	0.0000	0.0000	0.0000	0.0000	0.0000	0.0000	0.0000	0.0000	0.0001	0.0000	0.0001	0.0000	0.0000	0.0000	0.0001	0.0000	0.0001	0.0543	0.0489	0.0054	0.0255	0.0239	0.0016	0.0288	0.0250	0.0038	0.0100	0.0045	0.0055	0.0026	0.0025	0.0001	0.0074	0.0019	0.0055	0.0000	0.0000	0.0000	0.0000	0.0000	0.0000	0.0000	0.0000	0.0000	0.0085	0.0042	0.0119	0.0073	0.0074	0.0000	0.0089	0.0000	0.0120		
20	60	0.2676	8	1	0	1	0	0	0	0	0	N	N	N	N	N	N	N	N	N	N	N	N	0.0000	0.0000	0.0000	0.0000	0.0000	0.0000	0.0000	0.0000	0.0000	0.0000	0.0000	0.0000	0.0000	0.0000	0.0000	0.0000	0.0000	0.0825	0.0267	0.1283	0.0453	0.0463	0.0023	0.0961	0.0000	0.1297	5.8495	0.0000	0.0000	0.9718	0.0081	0.9404	1.0507	0.0000	0.0000	0.0000	0.0000	0.0000	0.0000	0.0000	0.0000	0.0000	0.0005	0.0001	0.0004	0.0001	0.0001	0.0000	0.0004	0.0000	0.0004	0.0003	0.0003	0.0000	0.0002	0.0002	0.0000	0.0002	0.0002	0.0000	0.0055	0.0025	0.0030	0.0015	0.0014	0.0000	0.0040	0.0010	0.0030	0.0000	0.0000	0.0000	0.0000	0.0000	0.0000	0.0000	0.0000	0.0000	0.0825	0.0267	0.1283	0.0453	0.0463	0.0006	0.0961	0.0000	0.1297		
20	61	0.2188	7	1	0	1	0	0	0	0	0	N	N	N	N	N	N	N	N	N	N	N	N	0.0000	0.0000	0.0001	0.0020	0.0000	0.0884	0.0000	0.0000	0.0000	0.0000	0.0000	0.0002	0.0000	0.0000	0.0009	0.0000	0.0000	0.0000	1.5430	0.0144	2.8045	0.0201	0.0203	0.0096	2.2689	0.0000	2.8215	inf	236.6224	0.0000	0.0206	0.9718	3.0167	0.9404	3.2580	0.0000	0.0000	0.0000	0.0000	0.0000	0.0000	0.0000	0.0000	0.0000	0.0834	0.0004	0.0830	0.0004	0.0004	0.0000	0.0830	0.0000	0.0830	0.0782	0.0705	0.0077	0.0303	0.0289	0.0014	0.0479	0.0416	0.0063	0.0540	0.0244	0.0296	0.0174	0.0173	0.0002	0.0366	0.0072	0.0294	0.0000	0.0000	0.0001	0.0020	0.0000	0.5107	0.0000	0.0000	0.0000	1.5430	0.0144	2.8045	0.0201	0.0203	0.0017	2.2689	0.0000	2.8215
20	62	0.1440	6	1	1	1	0	0	0	0	0	N	N	N	N	N	N	N	N	N	N	N	N	0.0000	0.0011	0.0000	0.8794	0.0015	0.6323	0.0000	0.0000	0.0000	0.0000	0.0004	0.0001	0.0000	0.0012	0.0000	0.0000	0.0000	16.0996	0.0000	28.6739	0.0001	0.0000	0.0018	24.6577	0.0000	30.4116	1408.1333	1384733.9522	0.0000	0.2265	0.9718	3.3327	0.9404	4.3103	0.0000	0.0000	0.0000	0.0000	0.0000	0.0000	0.0000	0.0000	0.0000	0.9020	0.0000	0.9020	0.0000	0.0000	0.0000	0.9020	0.0000	0.9020	0.1116	0.1007	0.0108	0.0575	0.0541	0.0033	0.0541	0.0466	0.0075	0.0560	0.0246	0.0315	0.0194	0.0176	0.0018	0.0366	0.0069	0.0297	0.0000	0.0011	0.0000	0.8794	0.0015	2.4949	0.0000	0.0000	0.0000	16.0996	0.0000	28.6739	0.0001	0.0000	0.0005	24.6577	0.0000	30.4116	
20	63	0.1200	5	1	0	1	0	0	0	0	0	N	N	N	N	N	N	N	N	N	N	N	N	0.0000	0.0032	0.0000	0.0044	0.0039	0.5398	0.0000	0.1325	0.0000	0.0000	0.0000	0.0000	0.0001	0.0001	0.0001	0.0000	0.0000	0.0000	0.9731	0.0124	1.6850	0.0169	0.0192	0.0001	1.4049	0.0000	1.8024	0.0591	183.7706	-0.0000	0.0090	0.9718	3.2669	0.9404	2.4507	0.0000	0.0000	0.0000	0.0000	0.0000	0.0000	0.0000	0.0000	0.0000	0.0365	0.0002	0.0363	0.0002	0.0002	0.0000	0.0363	0.0000	0.0363	0.1178	0.1071	0.0107	0.0598	0.0568	0.0030	0.0580	0.0503	0.0077	0.0375	0.0160	0.0216	0.0117	0.0103	0.0014	0.0259	0.0057	0.0201	0.0000	0.0032	0.0000	0.0044	0.0039	0.7095	0.0000	0.1325	0.0000	0.9731	0.0124	1.6850	0.0169	0.0192	0.0001	1.4049	0.0000	1.8024
20	64	0.0202	3	2	0	2	0	0	0	0	0	Y	N	Y	N	N	N	N	N	N	N	N	N	0.0000	0.0000	0.0000	0.0000	0.0000	0.0000	0.0000	0.0000	0.0000	0.0000	0.0000	0.0000	0.0000	0.0000	0.0000	0.0000	0.0000	0.0000	0.0000	0.0000	0.9718	0.0000	0.9404	1.0000	0.0000	0.0000	0.0000	0.0000	0.0000	0.0000	0.0000	0.0000	0.0000	0.0000	0.0000	0.0000	0.0000	0.0000	0.0000	0.0000	0.0000	0.0000	0.0000	0.0000	0.0000	0.0000	0.0000	0.0000	0.0000	0.0000	0.0000	0.0080	0.0025	0.0055	0.0010	0.0010	0.0000	0.0070	0.0015	0.0055	0.0000	0.0000	0.0000	0.0000	0.0000	0.0000	0.0000	0.0000	0.0000	0.0000	0.0000	0.0000	0.0000	0.0000	0.0000	0.0000	0.0000	0.0000											
20	65	0.0202	2	2	0	2	0	0	0	0	0	Y	N	Y	N	N	N	N	N	N	N	N	N	0.0000	0.0000	0.0000	0.0000	0.0000	0.0000	0.0000	0.0000	0.0000	0.0000	0.0000	0.0000	0.0000	3.2616	6.5946	0.0000	6.6662	6.6662	0.0000	0.0000	0.0000	0.0000	0.0000	0.0000	-0.0001	0.9718	0.0000	0.9404	0.0001	0.0000	0.0000	0.0000	0.0000	0.0000	0.0000	0.0000	0.0000	0.0000	0.0001	0.0001	0.0000	0.0001	0.0001	0.0000	0.0000	0.0000	0.0000	0.0000	0.0000	0.0000	0.0000	0.0000	0.0000	0.0000	0.0000	0.0000	0.0000	0.0000	0.0000	0.0000	0.0000	0.0000	0.0000	0.0000	0.0000	0.0000	0.0000	0.0000	0.0000	0.0000	0.0000	0.0000	0.0000	0.0000	3.2616	6.5946	0.0000	6.6662	6.6662	0.0000	0.0000	0.0000	0.0000						
20	68	0.1775	6	1	1	1	1	0	0	0	0	N	N	N	N	N	N	N	N	N	N	N	N	0.0000	0.0000	0.2312	0.0000	0.0000	0.0025	0.0049	0.0292	0.0000	0.0000	0.0000	0.0000	0.0000	0.0001	0.0000	0.0000	0.0000	0.8123	1.9844	0.0001	3.2935	3.3080	0.0523	0.0001	0.0000	0.0001	inf	0.0001	0.0000	-0.0318	0.9718	2.7513	0.9404	4.0954	0.0000	0.0000	0.0000	0.0000	0.0000	0.0000	0.0000	0.0000	0.0000	0.0424	0.0424	0.0000	0.0424	0.0424	0.0000	0.0000	0.0000	0.0000	0.0755	0.0682	0.0073	0.0322	0.0306	0.0016	0.0433	0.0376	0.0057	0.0522	0.0214	0.0309	0.0129	0.0128	0.0001	0.0394	0.0086	0.0308	0.0000	0.0000	0.2312	0.0000	0.0000	0.0198	0.0049	0.0000	0.0292	0.8123	1.9844	0.0001	3.2935	3.3080	0.0067	0.0001	0.0000	0.0001	
20	69	0.1000	4	1	1	1	0	0	0	0	0	N	N	N	N	N	N	N	N	N	N	N	N	0.0003	inf	0.0009	inf	inf	0.0003	inf	0.0009	0.0028	0.0014	0.0141	0.0008	0.0008	0.0000	0.0033	0.0015	0.0157	9.8395	0.0000	15.8555	0.0000	0.0000	0.0000	12.8305	0.0000	16.8508	1.3043	inf	0.0002	0.2356	0.9718	9.9334	0.9404	8.9999	0.0005	0.0002	0.0003	0.0000	0.0000	0.0000	0.0005	0.0002	0.0003	0.9383	0.0000	0.9383	0.0000	0.0000	0.0000	0.9383	0.0000	0.9383	0.1867	0.1655	0.0212	0.0374	0.0353	0.0021	0.1493	0.1302	0.0191	0.0954	0.0362	0.0592	0.0222	0.0187	0.0035	0.0731	0.0174	0.0557	0.0003	inf	0.0009	inf	inf	0.0000	0.0003	inf	0.0009	9.8395	0.0000	15.8555	0.0000	0.0000	0.0000	12.8305	0.0000	16.8508	
20	70	0.1000	4	1	1	1	0	0	0	0	0	N	N	N	N	N	N	N	N	N	N	N	N	0.0000	0.0000	0.0000	0.0000	0.0000	0.0000	0.0000	0.0000	0.0000	0.0000	0.0000	0.0000	0.0000	33.8921	0.0000	54.5517	0.0000	0.0000	0.0000	44.8271	0.0000	57.8323	inf	0.0000	0.2356	0.9718	0.0666	0.9404	4.0001	0.0000	0.0000	0.0000	0.0000	0.0000	0.0000	0.0000	0.0000	0.0000	0.9383	0.0000	0.9383	0.0000	0.0000	0.0000	0.9383	0.0000	0.9383	0.0066	0.0064	0.0002	0.0054	0.0054	0.0001	0.0012	0.0010	0.0002	0.0277	0.0105	0.0172	0.0068	0.0058	0.0010	0.0209	0.0047	0.0162	0.0000	0.0000	0.0000	0.0000	0.0000	0.0000	0.0000	0.0000	0.0000	33.8921	0.0000	54.5517	0.0000	0.0000	0.0000	44.8271	0.0000	57.8323						
20	71	0.0296	2	1	1	1	0	0	0	0	0	N	N	N	N	N	N	N	N	N	N	N	N	0.0003	0.0015	0.0003	0.0016	0.0082	0.0000	0.0598	0.0000	0.0000	0.0000	0.0095	0.0000	0.0634	27.5832	0.0000	39.9862	0.0000	0.0000	0.0000	31.8007	0.0000	39.9863	inf	inf	0.0002	0.2356	0.9718	2.0000	0.9404	3.0000	0.0003	0.0000	0.0003	0.0000	0.0000	0.0000	0.0003	0.0000	0.0003	0.9383	0.0000	0.9383	0.0000	0.0000	0.0000	0.9383	0.0000	0.9383	0.0368	0.0318	0.0050	0.0053	0.0050	0.0003	0.0315	0.0268	0.0047	0.0340	0.0106	0.0235	0.0045	0.0045	0.0000	0.0295	0.0060	0.0235	0.0003	0.0000	0.0015	0.0000	0.0000	0.0000	0.0003	0.0000	0.0016	27.5832	0.0000	39.9862	0.0000	0.0000	0.0000	31.8007	0.0000	39.9863					
20	74	0.1200	5	1	1	1	0	0	0	0	0	N	N	N	N	N	N	N	N	N	N	N	N	0.0006	0.0000	0.3182	0.0003	0.0000	0.6734	0.0069	0.0402	0.0000	0.0000	0.0000	0.0000	0.0000	0.0001	0.0000	0.0000	0.0000	0.0048	0.0113	0.0001	0.0155	0.0177	0.0001	0.0001	0.0000	0.0001	inf	0.0127	0.0000	-0.0001	0.9718	1.8678	0.9404	4.6278	0.0000	0.0000	0.0000	0.0000	0.0000	0.0000	0.0000	0.0000	0.0000	0.0002	0.0002	0.0000	0.0002	0.0002	0.0000	0.0000	0.0000	0.0000	0.0910	0.0834	0.0075	0.0538	0.0513	0.0025	0.0372	0.0322	0.0050	0.0413	0.0175	0.0239	0.0127	0.0112	0.0016	0.0286	0.0063	0.0223	0.0006	0.0000	0.3182	0.0003	0.0000	0.9111	0.0069	0.0000	0.0402	0.0048	0.0113	0.0001	0.0155	0.0177	0.0001	0.0001	0.0000	0.0001	
20	75	0.1000	4	1	0	1	0	0	0	0	0	N	N	N	N	N	N	N	N	N	N	N	N	0.2054	3.4834	0.0951	0.3815	0.3168	inf	0.1961	inf	0.0960	0.0012	0.0012	0.0009	0.0002	0.0002	0.0003	0.0015	0.0015	0.0009	0.0057	0.0004	0.0090	0.0005	0.0006	0.0000	0.0074	0.0000	0.0096	0.0907	42.2466	-0.0000	0.0000	0.9718	4.7010	0.9404	0.6064	0.0001	0.0001	0.0000	0.0000	0.0000	0.0000	0.0001	0.0001	0.0000	0.0002	0.0000	0.0002	0.0000	0.0000	0.0000	0.0002	0.0000	0.0002	0.0989	0.0876	0.0113	0.0217	0.0206	0.0011	0.0772	0.0670	0.0102	0.0352	0.0133	0.0218	0.0086	0.0073	0.0012	0.0266	0.0060	0.0206	0.2054	3.4834	0.0951	0.3815	0.3168	inf	0.1961	inf	0.0960	0.0057	0.0004	0.0090	0.0005	0.0006	0.0000	0.0074	0.0000	0.0096
20	78	0.2236	8	2	1	1	1	0	0	0	0	Y	N	N	N	N	N	N	N	N	N	N	N	0.0000	0.0000	0.0000	0.0000	0.0000	0.0000	0.0000	0.0000	0.0000	0.0000	0.0000	0.0000	0.0000	0.0000	0.0000	0.0000	0.0000	0.0019	0.0053	0.0000	0.0096	0.0106	0.0000	0.0000	0.0000	0.0000	0.0053	0.0000	-0.0000	0.9718	1.0000	0.9404	2.0144	0.0000	0.0000	0.0000	0.0000	0.0000	0.0000	0.0000	0.0000	0.0000	0.0000	0.0000	0.0000	0.0000	0.0000	0.0000	0.0000	0.0000	0.0000	0.0234	0.0209	0.0026	0.0072	0.0068	0.0004	0.0163	0.0141	0.0022	0.0197	0.0071	0.0126	0.0039	0.0035	0.0004	0.0157	0.0036	0.0122	0.0000	0.0000	0.0000	0.0000	0.0000	0.0000	0.0000	0.0000	0.0000	0.0019	0.0053	0.0000	0.0096	0.0106	0.0000	0.0000	0.0000	0.0000		
20	79	0.2014	7	2	1	1	1	0	0	0	0	Y	N	N	N	N	N	N	N	N	N	N	N	0.0000	0.0000	0.0000	0.0000	0.0000	0.0000	0.0000	0.0000	0.0000	0.0000	0.0000	0.0000	0.0000	0.0000	0.0000	0.0000	0.0019	0.0000	0.0030	0.0001	0.0001	0.0000	0.0024	0.0000	0.0031	189.6227	0.0000	0.0000	0.9718	0.0001	0.9404	3.0180	0.0000	0.0000	0.0000	0.0000	0.0000	0.0000	0.0000	0.0000	0.0000	0.0000	0.0000	0.0000	0.0000	0.0000	0.0000	0.0000	0.0000	0.0000	0.0000	0.0000	0.0000	0.0000	0.0000	0.0000	0.0000	0.0000	0.0000	0.0196	0.0070	0.0126	0.0038	0.0034	0.0004	0.0158	0.0036	0.0122	0.0000	0.0000	0.0000	0.0000	0.0000	0.0000	0.0000	0.0000	0.0000	0.0019	0.0000	0.0030	0.0001	0.0001	0.0000	0.0024	0.0000	0.0031			
20	80	0.2234	9	1	1	1	1	0	0	0	0	N	N	N	N	N	N	N	N	N	N	N	N	0.0000	0.0000	0.0000	0.0000	0.0000	0.0000	0.0000	0.0000	0.0000	0.0000	0.0000	0.0000	0.0000	0.0000	0.0000	0.0000	0.0000	0.0000	0.0000	0.0000	0.9718	0.0000	0.9404	0.0000	0.0000	0.0000	0.0000	0.0000	0.0000	0.0000	0.0000	0.0000	0.0000	0.0000	0.0000	0.0000	0.0000	0.0000	0.0000	0.0000	0.0000	0.0000	0.0000	0.0000	0.0000	0.0000	0.0000	0.0000	0.0000	0.0000	0.0000	0.0000	0.0000	0.0000	0.0000	0.0000	0.0000	0.0000	0.0000	0.0000	0.0000	0.0000	0.0000	0.0000	0.0000	0.0000	0.0000	0.0000	0.0000	0.0000	0.0000	0.0000	0.0000	0.0000	0.0000	0.0000	0.0000	0.0000											
20	81	0.2014	7	1	0	2	1	0	0	0	0	N	N	Y	N	N	N	N	N	N	N	N	N	0.0000	0.0000	0.0000	0.0000	0.0000	0.0000	0.0000	0.0000	0.0000	0.0000	0.0000	0.0000	0.0000	0.0000	0.0000	0.0000	0.0000	0.0000	0.0000	0.0000	0.9718	2.0000	0.9404	0.0000	0.0000	0.0000	0.0000	0.0000	0.0000	0.0000	0.0000	0.0000	0.0000	0.0000	0.0000	0.0000	0.0000	0.0000	0.0000	0.0000	0.0000	0.0000	0.0459	0.0409	0.0050	0.0139	0.0132	0.0007	0.0320	0.0277	0.0043	0.0133	0.0047	0.0085	0.0026	0.0023	0.0003	0.0107	0.0024	0.0083	0.0000	0.0000	0.0000	0.0000	0.0000	0.0000	0.0000	0.0000	0.0000	0.0000	0.0000	0.0000	0.0000	0.0000	0.0000	0.0000	0.0000	0.0000											
20	82	0.2014	7	1	0	2	1	0	0	0	0	N	N	Y	N	N	N	N	N	N	N	N	N	0.0000	0.0000	0.0000	0.0000	0.0000	0.0000	0.0000	0.0000	0.0000	0.0000	0.0000	0.0000	0.0000	0.0000	0.0000	0.0000	0.0000	0.0000	0.0000	0.0000	0.9718	0.0000	0.9404	4.0000	0.0000	0.0000	0.0000	0.0000	0.0000	0.0000	0.0000	0.0000	0.0000	0.0000	0.0000	0.0000	0.0000	0.0000	0.0000	0.0000	0.0000	0.0000	0.0000	0.0000	0.0000	0.0000	0.0000	0.0000	0.0000	0.0000	0.0000	0.0254	0.0091	0.0163	0.0049	0.0044	0.0005	0.0205	0.0047	0.0158	0.0000	0.0000	0.0000	0.0000	0.0000	0.0000	0.0000	0.0000	0.0000	0.0000	0.0000	0.0000	0.0000	0.0000	0.0000	0.0000	0.0000	0.0000											
20	83	0.2234	9	1	0	2	1	0	0	0	0	N	N	Y	N	N	N	N	N	N	N	N	N	0.0000	0.0000	0.0000	0.0000	0.0000	0.0000	0.0000	0.0000	0.0000	0.0000	0.0000	0.0000	0.0000	0.0000	0.0000	0.0000	0.0000	0.0000	0.0000	0.0000	0.9718	0.0000	0.9404	2.0000	0.0000	0.0000	0.0000	0.0000	0.0000	0.0000	0.0000	0.0000	0.0000	0.0000	0.0000	0.0000	0.0000	0.0000	0.0000	0.0000	0.0000	0.0000	0.0000	0.0000	0.0000	0.0000	0.0000	0.0000	0.0000	0.0000	0.0000	0.0132	0.0047	0.0086	0.0026	0.0023	0.0003	0.0107	0.0024	0.0083	0.0000	0.0000	0.0000	0.0000	0.0000	0.0000	0.0000	0.0000	0.0000	0.0000	0.0000	0.0000	0.0000	0.0000	0.0000	0.0000	0.0000	0.0000											
20	84	0.2161	8	1	0	1	1	0	0	0	0	N	N	N	N	N	N	N	N	N	N	N	N	0.0697	0.0281	0.0000	0.0062	0.0058	4148.1999	inf	0.0000	0.0098	0.0110	0.0000	0.0042	0.0044	0.0000	0.0123	0.0142	0.0000	0.1407	0.3916	0.0000	0.6809	0.7585	0.0000	0.0000	0.0000	0.0000	0.0000	0.0000	-0.0000	-0.0007	0.9718	1.0000	0.9404	0.0015	0.0002	0.0002	0.0000	0.0000	0.0000	0.0000	0.0002	0.0002	0.0000	0.0010	0.0010	0.0000	0.0010	0.0010	0.0000	0.0000	0.0000	0.0000	0.0234	0.0209	0.0026	0.0072	0.0068	0.0004	0.0163	0.0141	0.0022	0.0071	0.0025	0.0045	0.0015	0.0013	0.0001	0.0056	0.0012	0.0044	0.0697	0.0281	0.0000	0.0062	0.0058	0.0000	4148.1999	inf	0.0000	0.1407	0.3916	0.0000	0.6809	0.7585	0.0000	0.0000	0.0000	0.0000	
20	85	0.2014	7	1	0	1	1	0	0	0	0	N	N	N	N	N	N	N	N	N	N	N	N	0.1280	3039.4246	0.0000	0.0000	0.0000	0.1294	inf	0.0000	0.0096	0.0108	0.0000	0.0000	0.0000	0.0000	0.0120	0.0139	0.0000	0.0750	0.0000	0.1166	0.0000	0.0000	0.0000	0.0931	0.0000	0.1203	0.0000	59204.7857	-0.0000	0.0002	0.9718	0.0000	0.9404	2.0013	0.0000	0.0000	0.0000	0.0000	0.0000	0.0000	0.0000	0.0000	0.0000	0.0010	0.0000	0.0010	0.0000	0.0000	0.0000	0.0010	0.0000	0.0010	0.0000	0.0000	0.0000	0.0000	0.0000	0.0000	0.0000	0.0000	0.0000	0.0133	0.0047	0.0085	0.0026	0.0023	0.0003	0.0107	0.0024	0.0083	0.1280	3039.4246	0.0000	0.0000	0.0000	0.0000	0.1294	inf	0.0000	0.0750	0.0000	0.1166	0.0000	0.0000	0.0000	0.0931	0.0000	0.1203	
20	86	0.2413	7	2	1	1	0	0	0	0	0	Y	N	N	N	N	N	N	N	N	N	N	N	0.0002	0.0000	266.4060	0.0001	0.0000	131.3295	0.0000	0.0000	0.0004	0.0000	0.0061	0.0006	0.0000	0.0245	0.0000	0.0000	0.0000	2.3419	4.7814	0.0000	5.6075	5.6873	0.0002	0.0000	0.0000	0.0000	inf	0.0000	0.0000	-0.0416	0.9718	0.0007	0.9404	0.9812	0.0000	0.0000	0.0000	0.0000	0.0000	0.0000	0.0000	0.0000	0.0000	0.0556	0.0556	0.0000	0.0556	0.0556	0.0000	0.0000	0.0000	0.0000	0.0000	0.0000	0.0000	0.0000	0.0000	0.0000	0.0000	0.0000	0.0000	0.0237	0.0116	0.0121	0.0099	0.0098	0.0001	0.0138	0.0019	0.0120	0.0002	0.0000	266.4060	0.0001	0.0000	188.3150	0.0000	0.0000	0.0000	2.3419	4.7814	0.0000	5.6075	5.6873	0.0001	0.0000	0.0000	0.0000	
20	87	0.1855	6	2	1	1	0	0	0	0	0	Y	N	N	N	N	N	N	N	N	N	N	N	0.0000	0.0000	0.0000	0.0000	0.0000	0.4365	0.0000	0.0000	0.0000	0.0000	0.0000	0.0000	0.0000	0.0001	0.0000	0.0000	0.0000	1.3284	0.1596	2.0007	0.2905	0.3218	0.0001	1.5888	0.0000	2.0640	6.0001	21.8002	0.0000	0.0120	0.9718	5.0272	0.9404	2.1572	0.0000	0.0000	0.0000	0.0000	0.0000	0.0000	0.0000	0.0000	0.0000	0.0580	0.0025	0.0554	0.0025	0.0025	0.0000	0.0554	0.0000	0.0554	0.1127	0.1010	0.0117	0.0363	0.0346	0.0017	0.0764	0.0664	0.0100	0.0436	0.0159	0.0277	0.0088	0.0079	0.0008	0.0349	0.0080	0.0269	0.0000	0.0000	0.0000	0.0000	0.0000	0.5847	0.0000	0.0000	0.0000	1.3284	0.1596	2.0007	0.2905	0.3218	0.0001	1.5888	0.0000	2.0640	
20	88	0.2387	8	1	1	1	0	0	0	0	0	N	N	N	N	N	N	N	N	N	N	N	N	0.0000	0.0000	0.0000	0.0000	0.0000	0.0000	0.0000	0.0000	0.0000	0.0000	0.0000	0.0000	0.0000	0.0004	0.0011	0.0000	0.0018	0.0021	0.0000	0.0000	0.0000	0.0000	0.0000	0.0000	-0.0000	0.9718	0.0000	0.9404	4.0000	0.0000	0.0000	0.0000	0.0000	0.0000	0.0000	0.0000	0.0000	0.0000	0.0000	0.0000	0.0000	0.0000	0.0000	0.0000	0.0000	0.0000	0.0000	0.0000	0.0000	0.0000	0.0000	0.0000	0.0000	0.0000	0.0000	0.0000	0.0255	0.0093	0.0162	0.0054	0.0049	0.0006	0.0201	0.0044	0.0156	0.0000	0.0000	0.0000	0.0000	0.0000	0.0000	0.0000	0.0000	0.0000	0.0004	0.0011	0.0000	0.0018	0.0021	0.0000	0.0000	0.0000	0.0000						
20	89	0.2014	7	1	1	1	0	0	0	0	0	N	N	N	N	N	N	N	N	N	N	N	N	0.0000	0.0000	0.0000	0.0000	0.0000	0.0000	0.0000	0.0000	0.0000	0.0000	0.0000	0.0000	0.0000	0.0000	0.0000	0.0000	0.0000	0.0000	0.0000	0.0000	0.9718	3.0000	0.9404	2.0000	0.0000	0.0000	0.0000	0.0000	0.0000	0.0000	0.0000	0.0000	0.0000	0.0000	0.0000	0.0000	0.0000	0.0000	0.0000	0.0000	0.0000	0.0000	0.0673	0.0600	0.0073	0.0203	0.0192	0.0011	0.0471	0.0408	0.0062	0.0311	0.0111	0.0199	0.0060	0.0054	0.0006	0.0250	0.0057	0.0193	0.0000	0.0000	0.0000	0.0000	0.0000	0.0000	0.0000	0.0000	0.0000	0.0000	0.0000	0.0000	0.0000	0.0000	0.0000	0.0000	0.0000	0.0000											
20	90	0.2014	7	2	1	1	0	0	0	0	0	Y	N	N	N	N	N	N	N	N	N	N	N	0.0000	0.0000	0.0000	0.0000	0.0000	0.0000	0.0000	0.0000	0.0000	0.0000	0.0000	0.0000	0.0000	0.0003	0.0009	0.0000	0.0017	0.0018	0.0000	0.0000	0.0000	0.0000	0.0000	0.0000	-0.0000	0.9718	2.0000	0.9404	3.0000	0.0000	0.0000	0.0000	0.0000	0.0000	0.0000	0.0000	0.0000	0.0000	0.0000	0.0000	0.0000	0.0000	0.0000	0.0000	0.0000	0.0000	0.0000	0.0459	0.0409	0.0050	0.0139	0.0132	0.0007	0.0320	0.0277	0.0043	0.0311	0.0111	0.0199	0.0060	0.0054	0.0006	0.0250	0.0057	0.0193	0.0000	0.0000	0.0000	0.0000	0.0000	0.0000	0.0000	0.0000	0.0000	0.0003	0.0009	0.0000	0.0017	0.0018	0.0000	0.0000	0.0000	0.0000						
20	91	0.1855	6	1	0	1	0	0	0	0	0	N	N	N	N	N	N	N	N	N	N	N	N	0.0000	0.0000	0.1107	0.0000	0.0000	0.1220	0.0005	0.0027	0.0000	0.0000	0.0000	0.0000	0.0000	0.0001	0.0000	0.0000	0.0000	0.1793	0.4784	0.0002	0.8193	0.8935	0.0011	0.0001	0.0000	0.0002	inf	0.0006	0.0000	-0.0020	0.9718	2.0705	0.9404	0.0351	0.0000	0.0000	0.0000	0.0000	0.0000	0.0000	0.0000	0.0000	0.0000	0.0027	0.0027	0.0000	0.0027	0.0027	0.0000	0.0000	0.0000	0.0000	0.0527	0.0474	0.0053	0.0193	0.0185	0.0008	0.0333	0.0289	0.0044	0.0151	0.0056	0.0094	0.0033	0.0030	0.0003	0.0118	0.0026	0.0092	0.0000	0.0000	0.1107	0.0000	0.0000	0.3968	0.0005	0.0000	0.0027	0.1793	0.4784	0.0002	0.8193	0.8935	0.0003	0.0001	0.0000	0.0002	
20	92	0.1601	5	1	0	1	0	0	0	0	0	N	N	N	N	N	N	N	N	N	N	N	N	0.0000	0.0000	0.0001	0.0000	0.0000	0.0605	0.0000	0.0000	0.0000	0.0000	0.0000	0.0000	0.0000	0.0001	0.0000	0.0000	0.0000	0.3955	0.7424	0.1665	1.2340	1.3259	0.0012	0.1318	0.0000	0.1712	1.5000	0.3397	0.0000	-0.0052	0.9718	3.4249	0.9404	0.1413	0.0000	0.0000	0.0000	0.0000	0.0000	0.0000	0.0000	0.0000	0.0000	0.0106	0.0079	0.0027	0.0079	0.0079	0.0000	0.0027	0.0000	0.0027	0.1000	0.0907	0.0093	0.0452	0.0430	0.0022	0.0548	0.0477	0.0071	0.0268	0.0106	0.0161	0.0064	0.0060	0.0004	0.0204	0.0047	0.0157	0.0000	0.0000	0.0001	0.0000	0.0000	0.1909	0.0000	0.0000	0.0000	0.3955	0.7424	0.1665	1.2340	1.3259	0.0004	0.1318	0.0000	0.1712	
20	98	0.2969	10	1	0	1	0	0	0	0	0	N	N	N	N	N	N	N	N	N	N	N	N	0.0155	114.0745	0.0000	145.5780	148.8218	0.5805	0.0001	0.2380	0.0000	0.0139	0.0153	0.0000	0.0277	0.0293	0.0000	0.0001	0.0001	0.0000	0.8973	0.0001	1.9370	0.0002	0.0002	0.0000	1.4231	0.0006	1.9984	0.0001	12481.0803	-0.0005	0.0226	0.9718	4.9999	0.9404	9.0821	0.0023	0.0023	0.0000	0.0023	0.0023	0.0000	0.0000	0.0000	0.0000	0.0900	0.0000	0.0900	0.0000	0.0000	0.0000	0.0900	0.0000	0.0900	0.1643	0.1497	0.0147	0.0821	0.0777	0.0044	0.0823	0.0720	0.0102	0.1003	0.0538	0.0465	0.0371	0.0356	0.0014	0.0632	0.0182	0.0450	0.0155	114.0745	0.0000	145.5780	148.8218	0.5805	0.0001	12.6797	0.0000	0.8973	0.0001	1.9370	0.0002	0.0002	0.0000	1.4231	0.0000	1.9984
21	22	0.0616	3	0	2	0	0	0	0	0	0	N	Y	N	N	N	N	N	N	N	N	N	N	0.0189	0.0127	0.0001	0.0313	0.0345	0.0000	0.0001	0.0010	0.0000	0.0001	0.0001	0.0000	0.0008	0.0008	0.0000	0.0000	0.0000	0.0000	0.0039	0.0066	0.0019	0.0242	0.0242	0.3163	0.0012	0.0002	0.0019	0.0002	0.3886	-0.0000	-0.0001	0.9958	4.0220	0.0079	5.3698	0.0000	0.0000	0.0000	0.0000	0.0000	0.0000	0.0000	0.0000	0.0000	0.0001	0.0001	0.0000	0.0001	0.0001	0.0000	0.0000	0.0000	0.0000	0.1539	0.1343	0.0196	0.0149	0.0135	0.0014	0.1390	0.1208	0.0182	0.0307	0.0129	0.0177	0.0036	0.0035	0.0000	0.0271	0.0094	0.0177	0.0189	0.0127	0.0001	0.0313	0.0345	0.0001	0.0001	0.0421	0.0000	0.0039	0.0066	0.0019	0.0242	0.0242	0.0289	0.0012	0.0000	0.0019
21	23	0.2456	7	1	2	0	0	0	0	0	0	N	Y	N	N	N	N	N	N	N	N	N	N	0.0000	0.0000	0.0000	0.0000	0.0000	0.0000	0.0000	0.0000	0.0000	0.0000	0.0000	0.0000	0.0000	0.0000	0.0000	0.0000	0.0000	0.0000	0.0000	0.0000	0.9958	0.0000	0.0079	3.0000	0.0000	0.0000	0.0000	0.0000	0.0000	0.0000	0.0000	0.0000	0.0000	0.0000	0.0000	0.0000	0.0000	0.0000	0.0000	0.0000	0.0000	0.0000	0.0000	0.0000	0.0000	0.0000	0.0000	0.0000	0.0000	0.0000	0.0000	0.0053	0.0025	0.0028	0.0012	0.0011	0.0001	0.0041	0.0013	0.0028	0.0000	0.0000	0.0000	0.0000	0.0000	0.0000	0.0000	0.0000	0.0000	0.0000	0.0000	0.0000	0.0000	0.0000	0.0000	0.0000	0.0000	0.0000											
21	24	0.0307	3	0	2	0	0	0	0	0	0	N	Y	N	N	N	N	N	N	N	N	N	N	2.6185	inf	0.0000	10.4238	inf	0.0000	0.0000	0.0000	0.0001	0.0002	0.0000	0.0004	0.0004	0.0000	0.0000	0.0000	0.0000	0.0001	0.0000	0.0001	0.0000	0.0000	0.0242	0.0001	0.0000	0.0001	0.0000	inf	-0.0000	0.0000	0.9958	0.0018	0.0079	0.9893	0.0000	0.0000	0.0000	0.0000	0.0000	0.0000	0.0000	0.0000	0.0000	0.0000	0.0000	0.0000	0.0000	0.0000	0.0000	0.0000	0.0000	0.0000	0.0002	0.0002	0.0000	0.0001	0.0001	0.0000	0.0002	0.0001	0.0000	0.0045	0.0019	0.0026	0.0002	0.0002	0.0000	0.0043	0.0018	0.0026	2.6185	inf	0.0000	10.4238	inf	0.0000	0.0000	0.0000	0.0000	0.0001	0.0000	0.0001	0.0000	0.0000	0.0038	0.0001	0.0000	0.0001	
21	25	0.1752	5	1	2	0	0	0	0	0	0	N	Y	N	N	N	N	N	N	N	N	N	N	0.0000	0.0000	0.0000	0.0000	0.0000	0.0000	0.0000	0.0000	0.0000	0.0000	0.0000	0.0000	0.0000	0.0008	0.0017	0.0000	0.0028	0.0037	0.0000	0.0000	0.0000	0.0000	0.0000	0.0000	-0.0000	0.9958	2.0666	0.0079	3.9999	0.0000	0.0000	0.0000	0.0000	0.0000	0.0000	0.0000	0.0000	0.0000	0.0000	0.0000	0.0000	0.0000	0.0000	0.0000	0.0000	0.0000	0.0000	0.0702	0.0630	0.0072	0.0312	0.0288	0.0024	0.0390	0.0342	0.0048	0.0130	0.0058	0.0072	0.0035	0.0027	0.0009	0.0095	0.0032	0.0063	0.0000	0.0000	0.0000	0.0000	0.0000	0.0000	0.0000	0.0000	0.0000	0.0008	0.0017	0.0000	0.0028	0.0037	0.0000	0.0000	0.0000	0.0000						
21	26	0.2456	7	0	2	0	0	0	0	0	0	N	Y	N	N	N	N	N	N	N	N	N	N	0.0000	0.0000	0.0000	0.0000	0.0000	0.0000	0.0000	0.0000	0.0000	0.0000	0.0000	0.0000	0.0000	0.0000	0.0000	0.0000	0.0000	0.0000	0.0000	0.0000	0.9958	1.0000	0.0079	4.0000	0.0000	0.0000	0.0000	0.0000	0.0000	0.0000	0.0000	0.0000	0.0000	0.0000	0.0000	0.0000	0.0000	0.0000	0.0000	0.0000	0.0000	0.0000	0.0255	0.0231	0.0025	0.0144	0.0135	0.0009	0.0111	0.0096	0.0016	0.0086	0.0040	0.0046	0.0019	0.0018	0.0001	0.0067	0.0022	0.0045	0.0000	0.0000	0.0000	0.0000	0.0000	0.0000	0.0000	0.0000	0.0000	0.0000	0.0000	0.0000	0.0000	0.0000	0.0000	0.0000	0.0000	0.0000											
21	27	0.2456	7	0	2	0	0	0	0	0	0	N	Y	N	N	N	N	N	N	N	N	N	N	0.0000	0.0000	0.0000	0.0000	0.0000	0.0000	0.0000	0.0000	0.0000	0.0000	0.0000	0.0000	0.0000	0.0775	0.0000	0.1443	0.0000	0.0000	0.0000	0.0993	0.0000	0.1474	inf	0.0000	0.0001	0.9958	1.0000	0.0079	2.0000	0.0000	0.0000	0.0000	0.0000	0.0000	0.0000	0.0000	0.0000	0.0000	0.0004	0.0000	0.0004	0.0000	0.0000	0.0000	0.0004	0.0000	0.0004	0.0255	0.0231	0.0025	0.0144	0.0135	0.0009	0.0111	0.0096	0.0016	0.0053	0.0025	0.0028	0.0012	0.0011	0.0001	0.0041	0.0013	0.0028	0.0000	0.0000	0.0000	0.0000	0.0000	0.0000	0.0000	0.0000	0.0000	0.0775	0.0000	0.1443	0.0000	0.0000	0.0000	0.0993	0.0000	0.1474						
21	28	0.1752	5	0	2	1	1	0	0	0	0	N	Y	N	N	N	N	N	N	N	N	N	N	0.0701	0.0000	inf	0.0431	0.0000	inf	0.0001	0.0000	0.0008	0.0002	0.0000	0.0023	0.0000	0.0000	0.0000	0.0012	0.0027	0.0000	0.0045	0.0059	0.0000	0.0000	0.0000	0.0000	inf	0.0000	0.0000	-0.0000	0.9958	3.9334	0.0079	8.9999	0.0000	0.0000	0.0000	0.0000	0.0000	0.0000	0.0000	0.0000	0.0000	0.0000	0.0000	0.0000	0.0000	0.0000	0.0000	0.0000	0.0000	0.0000	0.1179	0.1053	0.0127	0.0517	0.0474	0.0043	0.0662	0.0579	0.0083	0.0248	0.0112	0.0136	0.0067	0.0051	0.0016	0.0181	0.0061	0.0120	0.0701	0.0000	inf	0.0431	0.0000	inf	0.0000	0.0000	0.0000	0.0012	0.0027	0.0000	0.0045	0.0059	0.0000	0.0000	0.0000	0.0000			
21	29	0.2230	7	0	2	0	0	0	0	0	0	N	Y	N	N	N	N	N	N	N	N	N	N	0.0000	0.0000	0.0000	0.0000	0.0000	0.0000	0.0000	0.0000	0.0000	0.0000	0.0000	0.0000	0.0000	0.0000	0.0000	0.0000	0.0135	0.0012	0.0239	0.0026	0.0027	0.0000	0.0164	0.0000	0.0244	0.0000	24.2903	-0.0000	0.0001	0.9958	7.9836	0.0079	2.1583	0.0000	0.0000	0.0000	0.0000	0.0000	0.0000	0.0000	0.0000	0.0000	0.0003	0.0000	0.0002	0.0000	0.0000	0.0000	0.0002	0.0000	0.0002	0.2493	0.2265	0.0228	0.1341	0.1257	0.0083	0.1152	0.1007	0.0145	0.0192	0.0088	0.0104	0.0040	0.0038	0.0002	0.0152	0.0050	0.0102	0.0000	0.0000	0.0000	0.0000	0.0000	0.0000	0.0000	0.0000	0.0000	0.0135	0.0012	0.0239	0.0026	0.0027	0.0000	0.0164	0.0000	0.0244		
21	30	0.1752	5	1	2	0	0	0	0	0	0	N	Y	N	N	N	N	N	N	N	N	N	N	14125.4955	0.0723	inf	0.2623	0.0000	inf	inf	inf	inf	3.9594	0.0000	36.5625	0.0003	0.0000	0.0033	6.9524	0.0001	55.0837	0.0003	0.0006	0.0000	0.0011	0.0014	0.0000	0.0000	0.0000	0.0000	99560.0000	0.0000	0.7987	-0.0000	0.9958	9.9334	0.0079	11.0001	0.9956	0.0000	0.9956	0.0000	0.0000	0.0000	0.9956	0.0000	0.9956	0.0000	0.0000	0.0000	0.0000	0.0000	0.0000	0.0000	0.0000	0.0000	0.2515	0.2242	0.0272	0.1083	0.0991	0.0092	0.1432	0.1251	0.0181	0.0357	0.0162	0.0195	0.0095	0.0072	0.0023	0.0262	0.0091	0.0171	14125.4955	0.0723	inf	0.2623	0.0000	inf	inf	inf	inf	0.0003	0.0006	0.0000	0.0011	0.0014	0.0000	0.0000	0.0000	0.0000
21	31	0.1752	5	0	1	1	0	0	0	0	0	N	N	N	N	N	N	N	N	N	N	N	N	0.0000	0.0000	0.0000	0.0000	0.0000	0.0000	0.0000	0.0000	0.0000	0.0000	0.0000	0.0000	0.0000	0.0006	0.0014	0.0000	0.0022	0.0030	0.0000	0.0000	0.0000	0.0000	0.0000	0.0000	-0.0000	0.9958	2.9334	0.0079	4.9999	0.0000	0.0000	0.0000	0.0000	0.0000	0.0000	0.0000	0.0000	0.0000	0.0000	0.0000	0.0000	0.0000	0.0000	0.0000	0.0000	0.0000	0.0000	0.0928	0.0830	0.0098	0.0409	0.0376	0.0033	0.0518	0.0454	0.0065	0.0165	0.0074	0.0091	0.0045	0.0034	0.0011	0.0120	0.0040	0.0080	0.0000	0.0000	0.0000	0.0000	0.0000	0.0000	0.0000	0.0000	0.0000	0.0006	0.0014	0.0000	0.0022	0.0030	0.0000	0.0000	0.0000	0.0000						
21	32	0.1752	5	0	2	0	0	0	0	0	0	N	Y	N	N	N	N	N	N	N	N	N	N	0.0265	inf	0.0197	inf	inf	0.0296	inf	0.0000	0.0007	0.0007	0.0010	0.0002	0.0000	0.0029	0.0011	0.0013	0.0000	0.0275	0.0000	0.0498	0.0000	0.0000	0.0000	0.0377	0.0000	0.0565	0.1667	inf	-0.0000	0.0001	0.9958	3.0666	0.0079	3.9999	0.0001	0.0001	0.0000	0.0000	0.0000	0.0000	0.0001	0.0001	0.0000	0.0004	0.0000	0.0004	0.0000	0.0000	0.0000	0.0004	0.0000	0.0004	0.0962	0.0860	0.0102	0.0424	0.0389	0.0034	0.0538	0.0471	0.0067	0.0149	0.0067	0.0082	0.0040	0.0031	0.0010	0.0109	0.0036	0.0073	0.0265	inf	0.0197	inf	0.0000	inf	0.0296	inf	0.0000	0.0275	0.0000	0.0498	0.0000	0.0000	0.0000	0.0377	0.0000	0.0565	
21	33	0.2635	8	1	1	1	0	0	0	0	0	N	N	N	N	N	N	N	N	N	N	N	N	0.0000	0.0000	0.0000	0.0000	0.0000	0.0000	0.0000	0.0000	0.0000	0.0000	0.0000	0.0000	0.0000	0.0000	0.0000	0.0000	0.0000	0.0000	0.0000	0.0000	0.0000	0.0000	0.0488	0.0000	-0.0000	0.9958	0.9991	0.0079	2.0219	0.0000	0.0000	0.0000	0.0000	0.0000	0.0000	0.0000	0.0000	0.0000	0.0000	0.0000	0.0000	0.0000	0.0000	0.0000	0.0000	0.0000	0.0000	0.0255	0.0230	0.0025	0.0144	0.0135	0.0009	0.0111	0.0095	0.0016	0.0059	0.0028	0.0031	0.0017	0.0014	0.0003	0.0042	0.0013	0.0029	0.0000	0.0000	0.0000	0.0000	0.0000	0.0000	0.0000	0.0000	0.0000	0.0000	0.0000	0.0000	0.0000	0.0000	0.0000	0.0000	0.0000	0.0000						
21	34	0.1752	5	0	2	0	0	0	0	0	0	N	Y	N	N	N	N	N	N	N	N	N	N	inf	inf	inf	inf	0.0001	0.0000	0.0006	0.0002	0.0000	0.0019	0.0000	0.0000	0.0000	0.0000	0.0000	0.0000	0.0000	0.0000	0.0000	0.0000	0.0000	0.0000	inf	0.0000	0.0000	0.9958	4.9334	0.0079	5.0001	0.0000	0.0000	0.0000	0.0000	0.0000	0.0000	0.0000	0.0000	0.0000	0.0000	0.0000	0.0000	0.0000	0.0000	0.0000	0.0000	0.0000	0.0000	0.1422	0.1268	0.0154	0.0621	0.0569	0.0052	0.0801	0.0700	0.0101	0.0200	0.0090	0.0110	0.0054	0.0041	0.0013	0.0146	0.0049	0.0097	inf	0.0000	inf	inf	0.0000	inf	0.0000	0.0000	0.0000	0.0000	0.0000	0.0000	0.0000	0.0000	0.0000	0.0000	0.0000	0.0000						
21	35	0.2635	8	1	1	1	0	0	0	0	0	N	N	N	N	N	N	N	N	N	N	N	N	0.0000	0.0000	0.0000	0.0000	0.0000	0.0000	0.0000	0.0000	0.0000	0.0000	0.0000	0.0000	0.0000	0.0000	0.0000	0.0000	0.0000	0.0000	0.0000	0.0000	0.0000	0.0000	0.0488	0.0000	-0.0000	0.9958	0.0009	0.0079	1.9867	0.0000	0.0000	0.0000	0.0000	0.0000	0.0000	0.0000	0.0000	0.0000	0.0000	0.0000	0.0000	0.0000	0.0000	0.0000	0.0000	0.0000	0.0000	0.0000	0.0000	0.0000	0.0000	0.0000	0.0000	0.0000	0.0000	0.0000	0.0041	0.0019	0.0021	0.0012	0.0010	0.0002	0.0029	0.0009	0.0020	0.0000	0.0000	0.0000	0.0000	0.0000	0.0000	0.0000	0.0000	0.0000	0.0000	0.0000	0.0000	0.0000	0.0000	0.0000	0.0000	0.0000	0.0000						
21	36	0.2456	7	1	1	1	0	0	0	0	0	N	N	N	N	N	N	N	N	N	N	N	N	0.0000	0.0000	0.0000	0.0000	0.0000	0.0000	0.0000	0.0000	0.0000	0.0000	0.0000	0.0000	0.0000	0.0000	0.0000	0.0000	0.0000	0.0000	0.0000	0.0000	0.0000	0.0000	inf	0.0000	0.0000	0.9958	1.0009	0.0079	2.0357	0.0000	0.0000	0.0000	0.0000	0.0000	0.0000	0.0000	0.0000	0.0000	0.0000	0.0000	0.0000	0.0000	0.0000	0.0000	0.0000	0.0000	0.0000	0.0256	0.0231	0.0025	0.0144	0.0135	0.0009	0.0112	0.0096	0.0016	0.0054	0.0025	0.0029	0.0012	0.0011	0.0001	0.0042	0.0014	0.0028	0.0000	0.0000	0.0000	0.0000	0.0000	0.0000	0.0000	0.0000	0.0000	0.0000	0.0000	0.0000	0.0000	0.0000	0.0000	0.0000	0.0000	0.0000						
21	37	0.2456	7	1	1	1	0	0	0	0	0	N	N	N	N	N	N	N	N	N	N	N	N	0.0000	0.0000	0.0000	0.0000	0.0000	0.0000	0.0000	0.0000	0.0000	0.0000	0.0000	0.0000	0.0000	0.0588	0.0000	0.1095	0.0000	0.0000	0.0000	0.0753	0.0000	0.1119	inf	0.0000	0.0001	0.9958	1.0000	0.0079	3.0000	0.0000	0.0000	0.0000	0.0000	0.0000	0.0000	0.0000	0.0000	0.0000	0.0004	0.0000	0.0004	0.0000	0.0000	0.0000	0.0004	0.0000	0.0004	0.0255	0.0231	0.0025	0.0144	0.0135	0.0009	0.0111	0.0096	0.0016	0.0070	0.0032	0.0037	0.0015	0.0014	0.0001	0.0054	0.0018	0.0037	0.0000	0.0000	0.0000	0.0000	0.0000	0.0000	0.0000	0.0000	0.0000	0.0588	0.0000	0.1095	0.0000	0.0000	0.0000	0.0753	0.0000	0.1119						
21	38	0.1752	5	0	1	1	0	0	0	0	0	N	N	N	N	N	N	N	N	N	N	N	N	inf	inf	inf	inf	0.0001	0.0000	0.0010	0.0002	0.0000	0.0029	0.0000	0.0000	0.0000	0.0000	0.0000	0.0000	0.0000	0.0000	0.0000	0.0000	0.0000	0.0000	inf	0.0000	0.0000	0.9958	3.0666	0.0079	2.9999	0.0000	0.0000	0.0000	0.0000	0.0000	0.0000	0.0000	0.0000	0.0000	0.0000	0.0000	0.0000	0.0000	0.0000	0.0000	0.0000	0.0000	0.0000	0.0962	0.0860	0.0102	0.0424	0.0389	0.0034	0.0538	0.0471	0.0067	0.0130	0.0058	0.0072	0.0035	0.0027	0.0009	0.0095	0.0032	0.0063	inf	0.0000	inf	inf	0.0000	inf	0.0000	0.0000	0.0000	0.0000	0.0000	0.0000	0.0000	0.0000	0.0000	0.0000	0.0000	0.0000						
21	39	0.1752	5	0	2	0	0	0	0	0	0	N	Y	N	N	N	N	N	N	N	N	N	N	0.0000	0.0000	0.0000	0.0000	0.0000	0.0000	0.0000	0.0000	0.0000	0.0000	0.0000	0.0000	0.0000	0.0321	0.0000	0.0581	0.0000	0.0000	0.0000	0.0440	0.0000	0.0659	inf	0.0000	0.0001	0.9958	3.9334	0.0079	2.0001	0.0000	0.0000	0.0000	0.0000	0.0000	0.0000	0.0000	0.0000	0.0000	0.0004	0.0000	0.0004	0.0000	0.0000	0.0000	0.0004	0.0000	0.0004	0.1179	0.1053	0.0127	0.0517	0.0474	0.0043	0.0662	0.0579	0.0083	0.0128	0.0057	0.0071	0.0035	0.0026	0.0008	0.0093	0.0031	0.0062	0.0000	0.0000	0.0000	0.0000	0.0000	0.0000	0.0000	0.0000	0.0000	0.0321	0.0000	0.0581	0.0000	0.0000	0.0000	0.0440	0.0000	0.0659						
21	40	0.2795	10	1	2	1	0	0	0	0	0	N	Y	N	N	N	N	N	N	N	N	N	N	0.0000	0.0000	0.0000	0.0000	0.0000	0.0000	0.0000	0.0000	0.0000	0.0000	0.0000	0.0000	0.0000	0.0000	0.0000	0.0000	0.0000	0.0000	0.0000	0.0000	0.9958	0.0000	0.0079	0.0000	0.0000	0.0000	0.0000	0.0000	0.0000	0.0000	0.0000	0.0000	0.0000	0.0000	0.0000	0.0000	0.0000	0.0000	0.0000	0.0000	0.0000	0.0000	0.0000	0.0000	0.0000	0.0000	0.0000	0.0000	0.0000	0.0000	0.0000	0.0000	0.0000	0.0000	0.0000	0.0000	0.0000	0.0000	0.0000	0.0000	0.0000	0.0000	0.0000	0.0000	0.0000	0.0000	0.0000	0.0000	0.0000	0.0000	0.0000	0.0000	0.0000	0.0000	0.0000	0.0000	0.0000	0.0000											
21	41	0.2795	9	1	2	1	0	0	0	0	0	N	Y	N	N	N	N	N	N	N	N	N	N	0.0000	0.0000	0.0000	0.0000	0.0000	0.0000	0.0000	0.0000	0.0000	0.0000	0.0000	0.0000	0.0000	0.0000	0.0000	0.0000	0.0728	0.0077	0.1238	0.0176	0.0184	0.0000	0.0859	0.0000	0.1256	20.4980	0.0000	0.0001	0.9958	1.0000	0.0079	1.9999	0.0000	0.0000	0.0000	0.0000	0.0000	0.0000	0.0000	0.0000	0.0000	0.0004	0.0000	0.0004	0.0000	0.0000	0.0000	0.0004	0.0000	0.0004	0.0279	0.0251	0.0028	0.0133	0.0124	0.0009	0.0146	0.0127	0.0019	0.0059	0.0026	0.0033	0.0011	0.0011	0.0000	0.0048	0.0015	0.0033	0.0000	0.0000	0.0000	0.0000	0.0000	0.0000	0.0000	0.0000	0.0000	0.0728	0.0077	0.1238	0.0176	0.0184	0.0000	0.0859	0.0000	0.1256			
21	42	0.1963	6	1	2	0	0	0	0	0	0	N	Y	N	N	N	N	N	N	N	N	N	N	0.0003	0.0000	0.0000	0.0000	0.0000	0.0000	0.0000	0.0000	0.0000	0.0000	0.0000	0.0000	0.0000	0.0000	0.0000	0.0519	0.0000	0.1038	0.0000	0.0000	0.0012	0.0741	0.0000	0.1089	inf	0.0000	0.0001	0.9958	0.0007	0.0079	2.0242	0.0000	0.0000	0.0000	0.0000	0.0000	0.0000	0.0000	0.0000	0.0000	0.0004	0.0000	0.0004	0.0000	0.0000	0.0000	0.0004	0.0000	0.0004	0.0001	0.0001	0.0000	0.0000	0.0000	0.0000	0.0000	0.0000	0.0000	0.0074	0.0037	0.0037	0.0022	0.0021	0.0002	0.0052	0.0017	0.0035	0.0003	0.0000	0.0000	0.0000	0.0000	0.0000	0.0000	0.0000	0.0000	0.0519	0.0000	0.1038	0.0000	0.0000	0.0004	0.0741	0.0000	0.1089				
21	43	0.2196	6	0	2	0	1	0	0	0	0	N	Y	N	N	N	N	N	N	N	N	N	N	0.0000	0.0000	0.0000	0.0000	0.0000	0.0000	0.0000	0.0000	0.0000	0.0000	0.0000	0.0000	0.0000	0.0000	0.0000	0.0000	0.0000	0.0000	0.0000	0.0000	0.9958	0.0000	0.0079	0.0000	0.0000	0.0000	0.0000	0.0000	0.0000	0.0000	0.0000	0.0000	0.0000	0.0000	0.0000	0.0000	0.0000	0.0000	0.0000	0.0000	0.0000	0.0000	0.0000	0.0000	0.0000	0.0000	0.0000	0.0000	0.0000	0.0000	0.0000	0.0000	0.0000	0.0000	0.0000	0.0000	0.0000	0.0000	0.0000	0.0000	0.0000	0.0000	0.0000	0.0000	0.0000	0.0000	0.0000	0.0000	0.0000	0.0000	0.0000	0.0000	0.0000	0.0000	0.0000	0.0000	0.0000	0.0000											
21	44	0.2196	6	0	1	0	1	0	0	0	0	N	N	N	N	N	N	N	N	N	N	N	N	0.0000	0.0000	0.0000	0.0000	0.0000	0.0000	0.0000	0.0000	0.0000	0.0000	0.0000	0.0000	0.0000	0.0000	0.0000	0.0000	0.0000	0.0000	0.0000	0.0000	0.9958	0.0000	0.0079	0.0000	0.0000	0.0000	0.0000	0.0000	0.0000	0.0000	0.0000	0.0000	0.0000	0.0000	0.0000	0.0000	0.0000	0.0000	0.0000	0.0000	0.0000	0.0000	0.0000	0.0000	0.0000	0.0000	0.0000	0.0000	0.0000	0.0000	0.0000	0.0000	0.0000	0.0000	0.0000	0.0000	0.0000	0.0000	0.0000	0.0000	0.0000	0.0000	0.0000	0.0000	0.0000	0.0000	0.0000	0.0000	0.0000	0.0000	0.0000	0.0000	0.0000	0.0000	0.0000	0.0000	0.0000	0.0000											
21	45	0.1752	5	0	1	0	1	0	0	0	0	N	N	N	N	N	N	N	N	N	N	N	N	0.0000	0.0000	0.0000	0.0000	0.0000	0.0000	0.0000	0.0000	0.0000	0.0000	0.0000	0.0000	0.0000	0.0275	0.0000	0.0498	0.0000	0.0000	0.0000	0.0377	0.0000	0.0565	inf	0.0000	0.0001	0.9958	3.0666	0.0079	3.9999	0.0000	0.0000	0.0000	0.0000	0.0000	0.0000	0.0000	0.0000	0.0000	0.0004	0.0000	0.0004	0.0000	0.0000	0.0000	0.0004	0.0000	0.0004	0.0962	0.0860	0.0102	0.0424	0.0389	0.0034	0.0538	0.0471	0.0067	0.0149	0.0067	0.0082	0.0040	0.0031	0.0010	0.0109	0.0036	0.0073	0.0000	0.0000	0.0000	0.0000	0.0000	0.0000	0.0000	0.0000	0.0000	0.0275	0.0000	0.0498	0.0000	0.0000	0.0000	0.0377	0.0000	0.0565						
21	46	0.2456	7	1	1	1	0	0	0	0	0	N	N	N	N	N	N	N	N	N	N	N	N	0.0000	0.0000	0.0000	0.0000	0.0000	0.0000	0.0000	0.0000	0.0000	0.0000	0.0000	0.0000	0.0000	0.1147	0.0000	0.2139	0.0000	0.0000	0.0000	0.1473	0.0000	0.2184	inf	0.0000	0.0001	0.9958	0.0000	0.0079	2.0000	0.0000	0.0000	0.0000	0.0000	0.0000	0.0000	0.0000	0.0000	0.0000	0.0004	0.0000	0.0004	0.0000	0.0000	0.0000	0.0004	0.0000	0.0004	0.0000	0.0000	0.0000	0.0000	0.0000	0.0000	0.0000	0.0000	0.0000	0.0036	0.0017	0.0019	0.0008	0.0007	0.0000	0.0028	0.0009	0.0019	0.0000	0.0000	0.0000	0.0000	0.0000	0.0000	0.0000	0.0000	0.0000	0.1147	0.0000	0.2139	0.0000	0.0000	0.0000	0.1473	0.0000	0.2184						
21	47	0.2606	8	1	2	0	0	0	0	0	0	N	Y	N	N	N	N	N	N	N	N	N	N	0.0002	inf	0.0000	0.0078	inf	0.0000	0.0000	0.0000	0.0000	0.0000	0.0000	0.0000	0.0000	0.0000	0.0000	0.0000	0.0000	0.0006	0.0000	0.0009	0.0000	0.0000	0.0019	0.0006	0.0000	0.0009	0.0000	inf	-0.0000	0.0000	0.9958	0.9991	0.0079	2.0273	0.0000	0.0000	0.0000	0.0000	0.0000	0.0000	0.0000	0.0000	0.0000	0.0000	0.0000	0.0000	0.0000	0.0000	0.0000	0.0000	0.0000	0.0000	0.0286	0.0255	0.0031	0.0135	0.0124	0.0011	0.0151	0.0131	0.0020	0.0064	0.0024	0.0040	0.0008	0.0007	0.0000	0.0056	0.0017	0.0040	0.0002	inf	0.0000	0.0078	inf	0.0000	0.0000	0.0000	0.0000	0.0006	0.0000	0.0009	0.0000	0.0000	0.0005	0.0006	0.0000	0.0009	
21	48	0.2230	7	1	2	0	0	0	0	0	0	N	Y	N	N	N	N	N	N	N	N	N	N	0.0060	1.4120	0.0000	0.4390	0.6191	0.0000	0.0048	inf	0.0000	0.0002	0.0002	0.0000	0.0002	0.0002	0.0000	0.0002	0.0002	0.0000	0.0303	0.0001	0.0560	0.0004	0.0003	0.0160	0.0387	0.0000	0.0570	0.0000	469.8918	-0.0000	0.0001	0.9958	3.1828	0.0079	3.1571	0.0000	0.0000	0.0000	0.0000	0.0000	0.0000	0.0000	0.0000	0.0000	0.0004	0.0000	0.0004	0.0000	0.0000	0.0000	0.0004	0.0000	0.0004	0.1526	0.1407	0.0119	0.0988	0.0935	0.0053	0.0538	0.0472	0.0066	0.0133	0.0061	0.0072	0.0029	0.0028	0.0001	0.0103	0.0033	0.0070	0.0060	1.4120	0.0000	0.4390	0.6191	0.0000	0.0048	inf	0.0000	0.0303	0.0001	0.0560	0.0004	0.0003	0.0026	0.0387	0.0000	0.0570
21	49	0.2188	6	0	2	0	0	0	0	0	0	N	Y	N	N	N	N	N	N	N	N	N	N	0.0065	0.0092	0.0000	0.0055	0.0057	0.0000	0.0000	0.0663	0.0000	0.0000	0.0000	0.0000	0.0000	0.0000	0.0000	0.0000	0.0000	0.0000	0.0046	0.0034	0.0056	0.0068	0.0069	0.0428	0.0039	0.0000	0.0056	0.0003	1.8349	-0.0000	-0.0000	0.9958	0.8922	0.0079	1.0748	0.0000	0.0000	0.0000	0.0000	0.0000	0.0000	0.0000	0.0000	0.0000	0.0000	0.0000	0.0000	0.0000	0.0000	0.0000	0.0000	0.0000	0.0000	0.0895	0.0841	0.0053	0.0703	0.0671	0.0031	0.0192	0.0170	0.0022	0.0049	0.0023	0.0026	0.0012	0.0012	0.0000	0.0037	0.0012	0.0025	0.0065	0.0092	0.0000	0.0055	0.0057	0.0000	0.0000	0.1807	0.0000	0.0046	0.0034	0.0056	0.0068	0.0069	0.0062	0.0039	0.0000	0.0056
21	50	0.2456	7	0	2	0	0	0	0	0	0	N	Y	N	N	N	N	N	N	N	N	N	N	0.0000	0.0000	0.0000	0.0000	0.0000	0.0000	0.0000	0.0000	0.0000	0.0000	0.0000	0.0000	0.0000	0.0000	0.0000	0.0000	0.0000	0.0000	0.0000	0.0000	0.9958	0.0000	0.0079	0.0000	0.0000	0.0000	0.0000	0.0000	0.0000	0.0000	0.0000	0.0000	0.0000	0.0000	0.0000	0.0000	0.0000	0.0000	0.0000	0.0000	0.0000	0.0000	0.0000	0.0000	0.0000	0.0000	0.0000	0.0000	0.0000	0.0000	0.0000	0.0000	0.0000	0.0000	0.0000	0.0000	0.0000	0.0000	0.0000	0.0000	0.0000	0.0000	0.0000	0.0000	0.0000	0.0000	0.0000	0.0000	0.0000	0.0000	0.0000	0.0000	0.0000	0.0000	0.0000	0.0000	0.0000	0.0000											
21	51	0.2456	7	1	2	0	0	0	0	0	0	N	Y	N	N	N	N	N	N	N	N	N	N	0.0000	0.0000	0.0000	0.0000	0.0000	0.0000	0.0000	0.0000	0.0000	0.0000	0.0000	0.0000	0.0000	0.0000	0.0000	0.0000	0.0000	0.0000	0.0000	0.0000	0.9958	1.0000	0.0079	3.0000	0.0000	0.0000	0.0000	0.0000	0.0000	0.0000	0.0000	0.0000	0.0000	0.0000	0.0000	0.0000	0.0000	0.0000	0.0000	0.0000	0.0000	0.0000	0.0255	0.0231	0.0025	0.0144	0.0135	0.0009	0.0111	0.0096	0.0016	0.0070	0.0032	0.0037	0.0015	0.0014	0.0001	0.0054	0.0018	0.0037	0.0000	0.0000	0.0000	0.0000	0.0000	0.0000	0.0000	0.0000	0.0000	0.0000	0.0000	0.0000	0.0000	0.0000	0.0000	0.0000	0.0000	0.0000											
21	52	0.2318	6	0	1	0	0	0	0	0	0	N	N	N	N	N	N	N	N	N	N	N	N	0.0024	0.0002	0.0110	0.0168	0.0004	0.0007	0.0002	0.0010	0.0000	0.0000	0.0000	0.0000	0.0000	0.0002	0.0000	0.0000	0.0000	0.0013	0.0001	0.0024	0.0008	0.0002	0.2816	0.0014	0.0000	0.0022	172.3889	33.1012	0.0000	0.0000	0.9958	3.0179	0.0079	1.1627	0.0000	0.0000	0.0000	0.0000	0.0000	0.0000	0.0000	0.0000	0.0000	0.0000	0.0000	0.0000	0.0000	0.0000	0.0000	0.0000	0.0000	0.0000	0.0994	0.0874	0.0120	0.0205	0.0190	0.0016	0.0789	0.0684	0.0105	0.0123	0.0057	0.0066	0.0021	0.0020	0.0001	0.0102	0.0036	0.0066	0.0024	0.0002	0.0110	0.0168	0.0004	0.0076	0.0002	0.0000	0.0010	0.0013	0.0001	0.0024	0.0008	0.0002	0.0243	0.0014	0.0000	0.0022	
21	53	0.2456	7	1	2	1	0	0	0	0	0	N	Y	N	N	N	N	N	N	N	N	N	N	0.0000	0.0000	0.0000	0.0000	0.0000	0.0000	0.0000	0.0000	0.0000	0.0000	0.0000	0.0000	0.0000	0.0000	0.0000	0.0000	0.0000	0.0000	0.0000	0.0000	0.9958	4.0000	0.0079	1.0000	0.0000	0.0000	0.0000	0.0000	0.0000	0.0000	0.0000	0.0000	0.0000	0.0000	0.0000	0.0000	0.0000	0.0000	0.0000	0.0000	0.0000	0.0000	0.0974	0.0878	0.0095	0.0541	0.0507	0.0034	0.0433	0.0372	0.0061	0.0086	0.0040	0.0046	0.0019	0.0018	0.0001	0.0067	0.0022	0.0045	0.0000	0.0000	0.0000	0.0000	0.0000	0.0000	0.0000	0.0000	0.0000	0.0000	0.0000	0.0000	0.0000	0.0000	0.0000	0.0000	0.0000	0.0000											
21	54	0.2318	6	0	2	0	0	0	0	0	0	N	Y	N	N	N	N	N	N	N	N	N	N	0.0062	0.0006	0.0287	0.0384	0.0009	0.0020	0.0006	0.0027	0.0000	0.0000	0.0000	0.0000	0.0000	0.0003	0.0000	0.0000	0.0000	0.0007	0.0000	0.0013	0.0005	0.0001	0.1295	0.0007	0.0000	0.0012	172.3889	33.1012	0.0000	0.0000	0.9958	2.0683	0.0079	6.9961	0.0000	0.0000	0.0000	0.0000	0.0000	0.0000	0.0000	0.0000	0.0000	0.0000	0.0000	0.0000	0.0000	0.0000	0.0000	0.0000	0.0000	0.0000	0.0717	0.0630	0.0086	0.0151	0.0140	0.0011	0.0566	0.0490	0.0075	0.0229	0.0105	0.0124	0.0035	0.0034	0.0001	0.0194	0.0071	0.0123	0.0062	0.0006	0.0287	0.0384	0.0009	0.0221	0.0006	0.0000	0.0027	0.0007	0.0000	0.0013	0.0005	0.0001	0.0118	0.0007	0.0000	0.0012	
21	55	0.1752	5	0	1	0	0	0	0	0	0	N	N	N	N	N	N	N	N	N	N	N	N	2.8840	0.0579	16.7472	16.0803	0.0640	inf	0.0000	0.0000	0.0000	0.0001	0.0000	0.0008	0.0002	0.0000	0.0023	0.0000	0.0000	0.0000	0.0000	0.0000	0.0000	0.0000	0.0000	0.0000	0.0000	0.0000	0.0001	206.5991	7.2841	0.0000	0.0000	0.9958	3.9265	0.0079	5.0808	0.0000	0.0000	0.0000	0.0000	0.0000	0.0000	0.0000	0.0000	0.0000	0.0000	0.0000	0.0000	0.0000	0.0000	0.0000	0.0000	0.0000	0.0000	0.1178	0.1051	0.0126	0.0516	0.0473	0.0043	0.0661	0.0578	0.0083	0.0184	0.0083	0.0101	0.0050	0.0038	0.0012	0.0134	0.0045	0.0089	2.8840	0.0579	16.7472	16.0803	0.0640	inf	0.0000	0.0000	0.0000	0.0000	0.0000	0.0000	0.0000	0.0000	0.0000	0.0000	0.0000	0.0001
21	56	0.2456	7	1	1	1	0	0	0	0	0	N	N	N	N	N	N	N	N	N	N	N	N	0.0000	0.0000	0.0000	0.0000	0.0000	0.0000	0.0000	0.0000	0.0000	0.0000	0.0000	0.0000	0.0000	0.0000	0.0000	0.0000	0.0256	0.0025	0.0454	0.0054	0.0057	0.0000	0.0310	0.0000	0.0463	21.5000	0.0000	0.0001	0.9958	4.0000	0.0079	7.0000	0.0000	0.0000	0.0000	0.0000	0.0000	0.0000	0.0000	0.0000	0.0000	0.0004	0.0000	0.0004	0.0000	0.0000	0.0000	0.0004	0.0000	0.0004	0.0974	0.0878	0.0095	0.0541	0.0507	0.0034	0.0433	0.0372	0.0061	0.0176	0.0081	0.0095	0.0037	0.0035	0.0002	0.0139	0.0046	0.0093	0.0000	0.0000	0.0000	0.0000	0.0000	0.0000	0.0000	0.0000	0.0000	0.0256	0.0025	0.0454	0.0054	0.0057	0.0000	0.0310	0.0000	0.0463			
21	57	0.0727	4	0	2	0	0	0	0	0	0	N	Y	N	N	N	N	N	N	N	N	N	N	0.0246	0.0135	0.0031	0.0842	0.0956	0.0001	0.0175	0.0004	0.0005	0.0004	0.0004	0.0000	0.0010	0.0011	0.0001	0.0003	0.0003	0.0000	0.0144	0.0297	0.0026	0.0121	0.0114	0.7211	0.0147	0.7564	0.0025	0.0027	0.1147	-0.0000	-0.0004	0.9958	9.7645	0.0079	7.4558	0.0001	0.0001	0.0000	0.0000	0.0000	0.0000	0.0001	0.0001	0.0000	0.0006	0.0006	0.0001	0.0001	0.0000	0.0000	0.0006	0.0005	0.0001	0.3232	0.2850	0.0382	0.0416	0.0385	0.0031	0.2816	0.2465	0.0351	0.0447	0.0194	0.0253	0.0044	0.0044	0.0000	0.0403	0.0150	0.0252	0.0246	0.0135	0.0031	0.0842	0.0956	0.0011	0.0175	0.0083	0.0005	0.0144	0.0297	0.0026	0.0121	0.0114	0.0745	0.0147	0.0350	0.0025
21	58	0.0307	3	0	1	1	0	0	0	0	0	N	N	N	N	N	N	N	N	N	N	N	N	0.0017	inf	0.0000	0.0303	inf	0.0000	0.0000	0.0000	0.0000	0.0000	0.0000	0.0000	0.0000	0.0000	0.0000	0.0000	0.0000	0.0005	0.0000	0.0009	0.0003	0.0000	0.3109	0.0005	0.0000	0.0008	0.0000	inf	-0.0000	0.0000	0.9958	1.0009	0.0079	0.0163	0.0000	0.0000	0.0000	0.0000	0.0000	0.0000	0.0000	0.0000	0.0000	0.0000	0.0000	0.0000	0.0000	0.0000	0.0000	0.0000	0.0000	0.0000	0.0431	0.0376	0.0055	0.0045	0.0042	0.0004	0.0386	0.0335	0.0051	0.0046	0.0020	0.0026	0.0002	0.0002	0.0000	0.0044	0.0018	0.0026	0.0017	inf	0.0000	0.0303	inf	0.0000	0.0000	0.0000	0.0000	0.0005	0.0000	0.0009	0.0003	0.0000	0.0272	0.0005	0.0000	0.0008	
21	59	0.0153	2	0	1	0	0	0	0	0	0	N	N	N	N	N	N	N	N	N	N	N	N	3.1361	5.1588	0.0000	309.3261	315.3052	0.0000	0.0000	0.0000	0.0027	0.0031	0.0000	0.8668	0.8754	0.0000	0.0000	0.0000	0.0000	0.0009	0.0006	0.0011	0.0028	0.0028	0.1288	0.0007	0.0000	0.0011	0.0000	2.3167	-0.0000	-0.0000	0.9958	1.9961	0.0079	0.0521	0.0002	0.0002	0.0000	0.0002	0.0002	0.0000	0.0000	0.0000	0.0000	0.0000	0.0000	0.0000	0.0000	0.0000	0.0000	0.0000	0.0000	0.0000	0.0845	0.0731	0.0113	0.0003	0.0003	0.0000	0.0842	0.0729	0.0113	0.0108	0.0047	0.0062	0.0010	0.0010	0.0000	0.0098	0.0036	0.0062	3.1361	5.1588	0.0000	309.3261	315.3052	0.0000	0.0000	0.0000	0.0000	0.0009	0.0006	0.0011	0.0028	0.0028	0.0116	0.0007	0.0000	0.0011	
21	62	0.2191	7	0	2	0	0	0	0	0	0	N	Y	N	N	N	N	N	N	N	N	N	N	0.0189	4.2849	0.0015	4.9442	8.5178	0.0874	0.0001	0.0000	0.0004	0.0003	0.0003	0.0000	0.0009	0.0010	0.0002	0.0000	0.0000	0.0000	0.0150	0.0001	0.0328	0.0002	0.0001	0.0024	0.0245	0.0005	0.0379	0.0172	380.7308	-0.0000	0.0001	0.9958	3.3327	0.0079	4.3103	0.0001	0.0001	0.0000	0.0001	0.0001	0.0000	0.0000	0.0000	0.0000	0.0004	0.0000	0.0004	0.0000	0.0000	0.0000	0.0004	0.0000	0.0004	0.1827	0.1650	0.0176	0.0560	0.0529	0.0030	0.1267	0.1121	0.0146	0.0271	0.0148	0.0123	0.0106	0.0089	0.0017	0.0165	0.0058	0.0107	0.0189	4.2849	0.0015	4.9442	8.5178	0.3706	0.0001	0.0000	0.0004	0.0150	0.0001	0.0328	0.0002	0.0001	0.0006	0.0245	0.0000	0.0379
21	63	0.1951	6	0	1	0	0	0	0	0	0	N	N	N	N	N	N	N	N	N	N	N	N	0.1316	0.0808	0.7176	0.1782	0.0994	2.1887	0.0730	0.0007	0.4407	0.0003	0.0001	0.0017	0.0004	0.0003	0.0034	0.0001	0.0000	0.0011	0.0020	0.0016	0.0024	0.0025	0.0029	0.0015	0.0017	0.0023	0.0026	1.2359	1.4958	0.0000	-0.0000	0.9958	3.2669	0.0079	2.4507	0.0001	0.0000	0.0000	0.0000	0.0000	0.0000	0.0000	0.0000	0.0000	0.0000	0.0000	0.0000	0.0000	0.0000	0.0000	0.0000	0.0000	0.0000	0.2072	0.1898	0.0174	0.0858	0.0814	0.0044	0.1214	0.1084	0.0130	0.0184	0.0093	0.0091	0.0058	0.0048	0.0010	0.0126	0.0044	0.0081	0.1316	0.0808	0.7176	0.1782	0.0994	7.8705	0.0730	0.0279	0.4407	0.0020	0.0016	0.0024	0.0025	0.0029	0.0004	0.0017	0.0001	0.0026
21	64	0.2795	10	1	1	1	0	0	0	0	0	N	N	N	N	N	N	N	N	N	N	N	N	0.0000	0.0000	0.0000	0.0000	0.0000	0.0000	0.0000	0.0000	0.0000	0.0000	0.0000	0.0000	0.0000	0.0000	0.0000	0.0000	0.0000	0.0000	0.0000	0.0000	0.9958	0.0000	0.0079	1.0000	0.0000	0.0000	0.0000	0.0000	0.0000	0.0000	0.0000	0.0000	0.0000	0.0000	0.0000	0.0000	0.0000	0.0000	0.0000	0.0000	0.0000	0.0000	0.0000	0.0000	0.0000	0.0000	0.0000	0.0000	0.0000	0.0000	0.0000	0.0020	0.0009	0.0012	0.0004	0.0004	0.0000	0.0017	0.0005	0.0011	0.0000	0.0000	0.0000	0.0000	0.0000	0.0000	0.0000	0.0000	0.0000	0.0000	0.0000	0.0000	0.0000	0.0000	0.0000	0.0000	0.0000	0.0000											
21	65	0.2795	9	1	1	1	0	0	0	0	0	N	N	N	N	N	N	N	N	N	N	N	N	0.0000	0.0000	0.0000	0.0000	0.0000	0.0000	0.0000	0.0000	0.0000	0.0000	0.0000	0.0000	0.0000	0.0153	0.0309	0.0000	0.0321	0.0321	0.0000	0.0000	0.0000	0.0000	0.0000	0.0000	-0.0000	0.9958	0.0000	0.0079	0.0001	0.0000	0.0000	0.0000	0.0000	0.0000	0.0000	0.0000	0.0000	0.0000	0.0000	0.0000	0.0000	0.0000	0.0000	0.0000	0.0000	0.0000	0.0000	0.0000	0.0000	0.0000	0.0000	0.0000	0.0000	0.0000	0.0000	0.0000	0.0000	0.0000	0.0000	0.0000	0.0000	0.0000	0.0000	0.0000	0.0000	0.0000	0.0000	0.0000	0.0000	0.0000	0.0000	0.0000	0.0000	0.0000	0.0153	0.0309	0.0000	0.0321	0.0321	0.0000	0.0000	0.0000	0.0000						
21	66	0.2672	8	1	1	1	0	0	0	0	0	N	N	N	N	N	N	N	N	N	N	N	N	0.0000	0.0000	0.0000	0.0000	0.0000	0.0000	0.0000	0.0000	0.0000	0.0000	0.0000	0.0000	0.0000	0.0000	0.0000	0.0000	0.0000	0.0047	0.0102	0.0001	0.0176	0.0180	0.0023	0.0001	0.0000	0.0001	0.0119	0.0000	-0.0000	0.9958	1.9720	0.0079	0.0923	0.0000	0.0000	0.0000	0.0000	0.0000	0.0000	0.0000	0.0000	0.0000	0.0000	0.0000	0.0000	0.0000	0.0000	0.0000	0.0000	0.0000	0.0000	0.0547	0.0493	0.0055	0.0259	0.0243	0.0017	0.0288	0.0250	0.0038	0.0055	0.0025	0.0030	0.0014	0.0014	0.0000	0.0040	0.0011	0.0030	0.0000	0.0000	0.0000	0.0000	0.0000	0.0000	0.0000	0.0000	0.0000	0.0047	0.0102	0.0001	0.0176	0.0180	0.0005	0.0001	0.0000	0.0001		
21	67	0.2456	7	1	1	1	0	0	0	0	0	N	N	N	N	N	N	N	N	N	N	N	N	0.0000	0.0000	0.0000	0.0000	0.0000	0.0000	0.0000	0.0000	0.0000	0.0000	0.0000	0.0000	0.0000	0.0035	0.0000	0.0066	0.0000	0.0000	0.0000	0.0045	0.0000	0.0067	inf	0.0000	0.0000	0.9958	3.0650	0.0079	1.0636	0.0000	0.0000	0.0000	0.0000	0.0000	0.0000	0.0000	0.0000	0.0000	0.0000	0.0000	0.0000	0.0000	0.0000	0.0000	0.0000	0.0000	0.0000	0.0757	0.0683	0.0074	0.0423	0.0396	0.0027	0.0335	0.0287	0.0047	0.0072	0.0033	0.0039	0.0016	0.0015	0.0001	0.0056	0.0018	0.0038	0.0000	0.0000	0.0000	0.0000	0.0000	0.0000	0.0000	0.0000	0.0000	0.0035	0.0000	0.0066	0.0000	0.0000	0.0000	0.0045	0.0000	0.0067						
21	68	0.0976	3	0	2	0	1	0	0	0	0	N	Y	N	N	N	N	N	N	N	N	N	N	0.3692	0.3652	0.0240	0.6294	0.6934	0.0038	0.0001	0.0003	0.0006	0.0006	0.0000	0.0036	0.0039	0.0003	0.0000	0.0000	0.0000	0.0015	0.0018	0.0013	0.0057	0.0056	0.0854	0.0008	0.0000	0.0013	0.0074	0.9055	-0.0000	-0.0000	0.9958	2.7513	0.0079	4.0954	0.0001	0.0001	0.0000	0.0001	0.0001	0.0000	0.0000	0.0000	0.0000	0.0000	0.0000	0.0000	0.0000	0.0000	0.0000	0.0000	0.0000	0.0000	0.1231	0.1072	0.0159	0.0194	0.0179	0.0016	0.1037	0.0893	0.0143	0.0230	0.0105	0.0125	0.0034	0.0033	0.0001	0.0195	0.0072	0.0124	0.3692	0.3652	0.0240	0.6294	0.6934	0.0360	0.0001	0.0000	0.0003	0.0015	0.0018	0.0013	0.0057	0.0056	0.0090	0.0008	0.0000	0.0013	
21	69	0.1752	5	0	2	0	0	0	0	0	0	N	Y	N	N	N	N	N	N	N	N	N	N	0.0097	inf	0.0162	inf	inf	inf	0.0000	0.0000	0.0001	0.0001	0.0004	0.0003	0.0002	0.0011	0.0000	0.0000	0.0000	0.0123	0.0000	0.0226	0.0000	0.0000	0.0000	0.0168	0.0000	0.0257	0.5000	inf	0.0000	0.0001	0.9958	9.9334	0.0079	8.9999	0.0000	0.0000	0.0000	0.0000	0.0000	0.0000	0.0000	0.0000	0.0000	0.0004	0.0000	0.0004	0.0000	0.0000	0.0000	0.0004	0.0000	0.0004	0.2515	0.2242	0.0272	0.1083	0.0991	0.0092	0.1432	0.1251	0.0181	0.0332	0.0151	0.0181	0.0088	0.0067	0.0022	0.0244	0.0084	0.0160	0.0097	inf	0.0162	inf	inf	inf	0.0000	0.0000	0.0000	0.0123	0.0000	0.0226	0.0000	0.0000	0.0000	0.0168	0.0000	0.0257	
21	70	0.1752	5	0	2	0	0	0	0	0	0	N	Y	N	N	N	N	N	N	N	N	N	N	0.0000	0.0000	0.0000	0.0000	0.0000	0.0000	0.0000	0.0000	0.0000	0.0000	0.0000	0.0000	0.0000	0.1038	0.0000	0.1874	0.0000	0.0000	0.0000	0.1425	0.0000	0.2126	inf	0.0000	0.0002	0.9958	0.0666	0.0079	4.0001	0.0000	0.0000	0.0000	0.0000	0.0000	0.0000	0.0000	0.0000	0.0000	0.0009	0.0000	0.0009	0.0000	0.0000	0.0000	0.0009	0.0000	0.0009	0.0151	0.0144	0.0007	0.0074	0.0073	0.0001	0.0077	0.0071	0.0006	0.0091	0.0040	0.0050	0.0025	0.0019	0.0006	0.0066	0.0022	0.0044	0.0000	0.0000	0.0000	0.0000	0.0000	0.0000	0.0000	0.0000	0.0000	0.1038	0.0000	0.1874	0.0000	0.0000	0.0000	0.1425	0.0000	0.2126						
21	71	0.2456	7	0	2	0	0	0	0	0	0	N	Y	N	N	N	N	N	N	N	N	N	N	0.0000	0.0000	0.0000	0.0000	0.0000	0.0000	0.0000	0.0000	0.0000	0.0000	0.0000	0.0000	0.0000	0.0976	0.0000	0.1817	0.0000	0.0000	0.0000	0.1247	0.0000	0.1855	inf	0.0000	0.0002	0.9958	2.0000	0.0079	3.0000	0.0000	0.0000	0.0000	0.0000	0.0000	0.0000	0.0000	0.0000	0.0000	0.0008	0.0000	0.0008	0.0000	0.0000	0.0000	0.0008	0.0000	0.0008	0.0503	0.0454	0.0049	0.0282	0.0264	0.0018	0.0221	0.0189	0.0031	0.0086	0.0040	0.0046	0.0019	0.0018	0.0001	0.0067	0.0022	0.0045	0.0000	0.0000	0.0000	0.0000	0.0000	0.0000	0.0000	0.0000	0.0000	0.0976	0.0000	0.1817	0.0000	0.0000	0.0000	0.1247	0.0000	0.1855						
21	72	0.2188	6	0	1	0	0	0	0	0	0	N	N	N	N	N	N	N	N	N	N	N	N	0.0055	0.0028	0.0000	0.0020	0.0021	0.0000	0.0000	0.0000	0.0000	0.0000	0.0000	0.0000	0.0000	0.0000	0.0000	0.0000	0.0004	0.0008	0.0000	0.0018	0.0019	0.0000	0.0000	0.0000	0.0000	0.0000	0.0082	-0.0000	-0.0000	0.9958	4.7932	0.0079	0.2507	0.0000	0.0000	0.0000	0.0000	0.0000	0.0000	0.0000	0.0000	0.0000	0.0000	0.0000	0.0000	0.0000	0.0000	0.0000	0.0000	0.0000	0.0000	0.1772	0.1618	0.0154	0.1030	0.0970	0.0060	0.0742	0.0648	0.0094	0.0106	0.0049	0.0057	0.0023	0.0022	0.0001	0.0084	0.0027	0.0056	0.0055	0.0028	0.0000	0.0020	0.0021	0.0000	0.0000	0.0000	0.0000	0.0004	0.0008	0.0000	0.0018	0.0019	0.0000	0.0000	0.0000	0.0000		
21	73	0.1752	5	0	1	0	0	0	0	0	0	N	N	N	N	N	N	N	N	N	N	N	N	0.1583	0.1537	0.0000	0.1894	0.1567	0.0000	0.0000	0.0001	0.0001	0.0000	0.0002	0.0002	0.0000	0.0000	0.0000	0.0000	0.0005	0.0005	0.0004	0.0009	0.0012	0.0000	0.0003	0.0000	0.0005	0.0001	0.9296	-0.0000	-0.0000	0.9958	4.9764	0.0079	2.9948	0.0000	0.0000	0.0000	0.0000	0.0000	0.0000	0.0000	0.0000	0.0000	0.0000	0.0000	0.0000	0.0000	0.0000	0.0000	0.0000	0.0000	0.0000	0.1432	0.1277	0.0155	0.0625	0.0573	0.0053	0.0807	0.0705	0.0102	0.0166	0.0074	0.0091	0.0045	0.0034	0.0011	0.0121	0.0040	0.0080	0.1583	0.1537	0.0000	0.1894	0.1567	0.0000	0.0000	0.0000	0.0000	0.0005	0.0005	0.0004	0.0009	0.0012	0.0000	0.0003	0.0000	0.0005		
21	74	0.1951	6	0	2	0	0	0	0	0	0	N	Y	N	N	N	N	N	N	N	N	N	N	0.0000	0.0000	0.0040	0.0000	0.0000	0.0052	0.0003	0.0017	0.0000	0.0000	0.0000	0.0000	0.0000	0.0000	0.0000	0.0000	0.0000	0.0121	0.0237	0.0005	0.0379	0.0459	0.0009	0.0003	0.0000	0.0005	10.6818	0.0195	0.0000	-0.0002	0.9958	1.8678	0.0079	4.6278	0.0000	0.0000	0.0000	0.0000	0.0000	0.0000	0.0000	0.0000	0.0000	0.0002	0.0002	0.0000	0.0002	0.0002	0.0000	0.0000	0.0000	0.0000	0.1724	0.1597	0.0128	0.0813	0.0778	0.0035	0.0911	0.0819	0.0092	0.0201	0.0101	0.0101	0.0063	0.0052	0.0011	0.0138	0.0049	0.0090	0.0000	0.0000	0.0040	0.0000	0.0000	0.0165	0.0003	0.0000	0.0017	0.0121	0.0237	0.0005	0.0379	0.0459	0.0003	0.0003	0.0000	0.0005	
21	75	0.1752	5	0	1	0	0	0	0	0	0	N	N	N	N	N	N	N	N	N	N	N	N	1.7090	0.2388	201.1811	0.1997	0.0002	inf	56.9999	inf	201.8443	0.0004	0.0001	0.0027	0.0002	0.0000	0.0020	0.0006	0.0002	0.0031	0.0002	0.0005	0.0000	0.0008	0.0011	0.0000	0.0000	0.0000	0.0000	2.7034	0.0328	0.0000	-0.0000	0.9958	4.7010	0.0079	0.6064	0.0001	0.0000	0.0000	0.0000	0.0000	0.0000	0.0000	0.0000	0.0000	0.0000	0.0000	0.0000	0.0000	0.0000	0.0000	0.0000	0.0000	0.0000	0.1366	0.1219	0.0148	0.0597	0.0547	0.0050	0.0769	0.0672	0.0097	0.0116	0.0052	0.0064	0.0031	0.0024	0.0008	0.0084	0.0028	0.0056	1.7090	0.2388	201.1811	0.1997	0.0002	inf	56.9999	inf	201.8443	0.0002	0.0005	0.0000	0.0008	0.0011	0.0000	0.0000	0.0000	0.0000
21	76	0.1151	4	0	1	0	0	0	0	0	0	N	N	N	N	N	N	N	N	N	N	N	N	0.5447	0.4315	0.0018	0.4363	0.4236	0.0000	0.0028	inf	0.0025	0.0001	0.0002	0.0000	0.0004	0.0004	0.0000	0.0000	0.0000	0.0000	0.0003	0.0004	0.0002	0.0009	0.0010	0.0006	0.0001	0.0000	0.0002	0.0002	0.5358	-0.0000	-0.0000	0.9958	4.7970	0.0079	3.0436	0.0000	0.0000	0.0000	0.0000	0.0000	0.0000	0.0000	0.0000	0.0000	0.0000	0.0000	0.0000	0.0000	0.0000	0.0000	0.0000	0.0000	0.0000	0.1985	0.1765	0.0220	0.0730	0.0673	0.0058	0.1254	0.1092	0.0162	0.0198	0.0091	0.0107	0.0039	0.0034	0.0006	0.0158	0.0057	0.0101	0.5447	0.4315	0.0018	0.4363	0.4236	0.0000	0.0028	inf	0.0025	0.0003	0.0004	0.0002	0.0009	0.0010	0.0002	0.0001	0.0000	0.0002
21	78	0.1787	7	1	2	0	1	0	0	0	0	N	Y	N	N	N	N	N	N	N	N	N	N	0.0000	0.0000	0.0000	0.0000	0.0000	0.0000	0.0000	0.0000	0.0000	0.0000	0.0000	0.0000	0.0000	0.0000	0.0000	0.0000	0.0000	0.0001	0.0000	0.0002	0.0000	0.0000	0.0003	0.0001	0.0000	0.0002	43.7256	0.0000	0.0000	0.9958	1.0000	0.0079	2.0144	0.0000	0.0000	0.0000	0.0000	0.0000	0.0000	0.0000	0.0000	0.0000	0.0000	0.0000	0.0000	0.0000	0.0000	0.0000	0.0000	0.0000	0.0000	0.0328	0.0291	0.0037	0.0119	0.0109	0.0010	0.0209	0.0182	0.0027	0.0076	0.0033	0.0043	0.0014	0.0012	0.0002	0.0061	0.0021	0.0040	0.0000	0.0000	0.0000	0.0000	0.0000	0.0000	0.0000	0.0000	0.0000	0.0001	0.0000	0.0002	0.0000	0.0000	0.0002	0.0001	0.0000	0.0002		
21	79	0.1564	6	1	2	0	1	0	0	0	0	N	Y	N	N	N	N	N	N	N	N	N	N	0.0000	0.0000	0.0000	0.0000	0.0000	0.0000	0.0000	0.0000	0.0000	0.0000	0.0000	0.0000	0.0000	0.0000	0.0000	0.0000	0.0001	0.0002	0.0000	0.0005	0.0006	0.0000	0.0000	0.0000	0.0000	0.0229	-0.0000	-0.0000	0.9958	0.0001	0.0079	3.0180	0.0000	0.0000	0.0000	0.0000	0.0000	0.0000	0.0000	0.0000	0.0000	0.0000	0.0000	0.0000	0.0000	0.0000	0.0000	0.0000	0.0000	0.0000	0.0000	0.0000	0.0000	0.0000	0.0000	0.0000	0.0000	0.0000	0.0000	0.0075	0.0032	0.0043	0.0014	0.0011	0.0002	0.0061	0.0021	0.0040	0.0000	0.0000	0.0000	0.0000	0.0000	0.0000	0.0000	0.0000	0.0000	0.0001	0.0002	0.0000	0.0005	0.0006	0.0000	0.0000	0.0000	0.0000			
21	80	0.1785	8	0	2	0	1	0	0	0	0	N	Y	N	N	N	N	N	N	N	N	N	N	0.0000	0.0000	0.0000	0.0000	0.0000	0.0000	0.0000	0.0000	0.0000	0.0000	0.0000	0.0000	0.0000	0.0000	0.0000	0.0000	0.0000	0.0000	0.0000	0.0000	0.9958	0.0000	0.0079	0.0000	0.0000	0.0000	0.0000	0.0000	0.0000	0.0000	0.0000	0.0000	0.0000	0.0000	0.0000	0.0000	0.0000	0.0000	0.0000	0.0000	0.0000	0.0000	0.0000	0.0000	0.0000	0.0000	0.0000	0.0000	0.0000	0.0000	0.0000	0.0000	0.0000	0.0000	0.0000	0.0000	0.0000	0.0000	0.0000	0.0000	0.0000	0.0000	0.0000	0.0000	0.0000	0.0000	0.0000	0.0000	0.0000	0.0000	0.0000	0.0000	0.0000	0.0000	0.0000	0.0000	0.0000	0.0000											
21	81	0.1564	6	0	1	1	1	0	0	0	0	N	N	N	N	N	N	N	N	N	N	N	N	0.0000	0.0000	0.0000	0.0000	0.0000	0.0000	0.0000	0.0000	0.0000	0.0000	0.0000	0.0000	0.0000	0.0000	0.0000	0.0000	0.0000	0.0000	0.0000	0.0000	0.9958	2.0000	0.0079	0.0000	0.0000	0.0000	0.0000	0.0000	0.0000	0.0000	0.0000	0.0000	0.0000	0.0000	0.0000	0.0000	0.0000	0.0000	0.0000	0.0000	0.0000	0.0000	0.0640	0.0568	0.0072	0.0232	0.0212	0.0020	0.0408	0.0356	0.0052	0.0051	0.0022	0.0029	0.0009	0.0008	0.0002	0.0042	0.0014	0.0028	0.0000	0.0000	0.0000	0.0000	0.0000	0.0000	0.0000	0.0000	0.0000	0.0000	0.0000	0.0000	0.0000	0.0000	0.0000	0.0000	0.0000	0.0000											
21	82	0.1564	6	0	1	1	1	0	0	0	0	N	N	N	N	N	N	N	N	N	N	N	N	0.0000	0.0000	0.0000	0.0000	0.0000	0.0000	0.0000	0.0000	0.0000	0.0000	0.0000	0.0000	0.0000	0.0000	0.0000	0.0000	0.0000	0.0000	0.0000	0.0000	0.9958	0.0000	0.0079	4.0000	0.0000	0.0000	0.0000	0.0000	0.0000	0.0000	0.0000	0.0000	0.0000	0.0000	0.0000	0.0000	0.0000	0.0000	0.0000	0.0000	0.0000	0.0000	0.0000	0.0000	0.0000	0.0000	0.0000	0.0000	0.0000	0.0000	0.0000	0.0097	0.0042	0.0055	0.0018	0.0015	0.0003	0.0080	0.0027	0.0052	0.0000	0.0000	0.0000	0.0000	0.0000	0.0000	0.0000	0.0000	0.0000	0.0000	0.0000	0.0000	0.0000	0.0000	0.0000	0.0000	0.0000	0.0000											
21	83	0.1785	8	0	1	1	1	0	0	0	0	N	N	N	N	N	N	N	N	N	N	N	N	0.0000	0.0000	0.0000	0.0000	0.0000	0.0000	0.0000	0.0000	0.0000	0.0000	0.0000	0.0000	0.0000	0.0000	0.0000	0.0000	0.0000	0.0000	0.0000	0.0000	0.9958	0.0000	0.0079	2.0000	0.0000	0.0000	0.0000	0.0000	0.0000	0.0000	0.0000	0.0000	0.0000	0.0000	0.0000	0.0000	0.0000	0.0000	0.0000	0.0000	0.0000	0.0000	0.0000	0.0000	0.0000	0.0000	0.0000	0.0000	0.0000	0.0000	0.0000	0.0050	0.0022	0.0028	0.0012	0.0010	0.0002	0.0039	0.0013	0.0026	0.0000	0.0000	0.0000	0.0000	0.0000	0.0000	0.0000	0.0000	0.0000	0.0000	0.0000	0.0000	0.0000	0.0000	0.0000	0.0000	0.0000	0.0000											
21	84	0.1711	7	0	1	0	1	0	0	0	0	N	N	N	N	N	N	N	N	N	N	N	N	0.0000	0.0000	0.0000	0.0000	0.0000	0.0000	0.0000	0.0000	0.0000	0.0000	0.0000	0.0000	0.0000	0.0000	0.0000	0.0000	0.0000	0.0002	0.0004	0.0000	0.0007	0.0008	0.0000	0.0000	0.0000	0.0000	0.1473	0.0000	-0.0000	0.9958	1.0000	0.0079	0.0015	0.0000	0.0000	0.0000	0.0000	0.0000	0.0000	0.0000	0.0000	0.0000	0.0000	0.0000	0.0000	0.0000	0.0000	0.0000	0.0000	0.0000	0.0000	0.0328	0.0291	0.0037	0.0119	0.0109	0.0010	0.0209	0.0182	0.0027	0.0026	0.0012	0.0015	0.0006	0.0005	0.0001	0.0020	0.0007	0.0014	0.0000	0.0000	0.0000	0.0000	0.0000	0.0000	0.0000	0.0000	0.0000	0.0002	0.0004	0.0000	0.0007	0.0008	0.0000	0.0000	0.0000	0.0000		
21	85	0.1564	6	0	1	0	1	0	0	0	0	N	N	N	N	N	N	N	N	N	N	N	N	0.0000	0.0000	0.0000	0.0000	0.0000	0.0000	0.0000	0.0000	0.0000	0.0000	0.0000	0.0000	0.0000	0.0000	0.0000	0.0000	0.0001	0.0000	0.0001	0.0001	0.0001	0.0000	0.0001	0.0000	0.0002	6.7906	0.0000	0.0000	0.9958	0.0000	0.0079	2.0013	0.0000	0.0000	0.0000	0.0000	0.0000	0.0000	0.0000	0.0000	0.0000	0.0000	0.0000	0.0000	0.0000	0.0000	0.0000	0.0000	0.0000	0.0000	0.0000	0.0000	0.0000	0.0000	0.0000	0.0000	0.0000	0.0000	0.0000	0.0051	0.0022	0.0029	0.0009	0.0008	0.0002	0.0042	0.0014	0.0028	0.0000	0.0000	0.0000	0.0000	0.0000	0.0000	0.0000	0.0000	0.0000	0.0001	0.0000	0.0001	0.0001	0.0001	0.0000	0.0001	0.0000	0.0002			
21	86	0.1963	6	1	2	0	0	0	0	0	0	N	Y	N	N	N	N	N	N	N	N	N	N	0.0027	0.0000	0.0000	0.0000	0.0000	0.0000	0.0000	0.0000	0.0000	0.0000	0.0000	0.0000	0.0000	0.0000	0.0000	0.0000	0.0000	0.0050	0.0090	0.0004	0.0138	0.0144	0.0034	0.0003	0.0000	0.0004	0.0417	0.0000	-0.0000	0.9958	0.0007	0.0079	0.9812	0.0000	0.0000	0.0000	0.0000	0.0000	0.0000	0.0000	0.0000	0.0000	0.0000	0.0000	0.0000	0.0000	0.0000	0.0000	0.0000	0.0000	0.0000	0.0001	0.0001	0.0000	0.0000	0.0000	0.0000	0.0000	0.0000	0.0000	0.0050	0.0027	0.0023	0.0018	0.0017	0.0001	0.0033	0.0010	0.0022	0.0027	0.0000	0.0000	0.0000	0.0000	0.0000	0.0000	0.0000	0.0000	0.0050	0.0090	0.0004	0.0138	0.0144	0.0008	0.0003	0.0000	0.0004		
21	87	0.1405	5	1	2	0	0	0	0	0	0	N	Y	N	N	N	N	N	N	N	N	N	N	0.0320	0.0058	0.1729	0.0051	0.0055	0.0003	0.0434	0.2285	0.0001	0.0000	0.0006	0.0000	0.0000	0.0000	0.0001	0.0000	0.0008	0.0020	0.0003	0.0033	0.0008	0.0008	0.0036	0.0023	0.0000	0.0035	42.0736	14.6735	0.0000	0.0000	0.9958	5.0272	0.0079	2.1572	0.0000	0.0000	0.0000	0.0000	0.0000	0.0000	0.0000	0.0000	0.0000	0.0000	0.0000	0.0000	0.0000	0.0000	0.0000	0.0000	0.0000	0.0000	0.1609	0.1436	0.0174	0.0595	0.0547	0.0048	0.1014	0.0889	0.0126	0.0167	0.0074	0.0093	0.0032	0.0027	0.0005	0.0135	0.0047	0.0088	0.0320	0.0058	0.1729	0.0051	0.0055	0.0013	0.0434	0.0000	0.2285	0.0020	0.0003	0.0033	0.0008	0.0008	0.0008	0.0023	0.0000	0.0035	
21	88	0.1938	7	0	2	0	0	0	0	0	0	N	Y	N	N	N	N	N	N	N	N	N	N	0.0000	0.0000	0.0000	0.0000	0.0000	0.0000	0.0000	0.0000	0.0000	0.0000	0.0000	0.0000	0.0000	0.0010	0.0022	0.0000	0.0050	0.0060	0.0000	0.0000	0.0000	0.0000	0.0000	0.0000	-0.0000	0.9958	0.0000	0.0079	4.0000	0.0000	0.0000	0.0000	0.0000	0.0000	0.0000	0.0000	0.0000	0.0000	0.0000	0.0000	0.0000	0.0000	0.0000	0.0000	0.0000	0.0000	0.0000	0.0000	0.0000	0.0000	0.0000	0.0000	0.0000	0.0000	0.0000	0.0000	0.0104	0.0045	0.0059	0.0020	0.0017	0.0003	0.0084	0.0029	0.0055	0.0000	0.0000	0.0000	0.0000	0.0000	0.0000	0.0000	0.0000	0.0000	0.0010	0.0022	0.0000	0.0050	0.0060	0.0000	0.0000	0.0000	0.0000						
21	89	0.1564	6	0	2	0	0	0	0	0	0	N	Y	N	N	N	N	N	N	N	N	N	N	inf	inf	inf	inf	0.0002	0.0000	0.0019	0.0006	0.0000	0.0069	0.0000	0.0000	0.0000	0.0000	0.0000	0.0000	0.0000	0.0000	0.0000	0.0000	0.0000	0.0000	inf	0.0000	0.0000	0.9958	3.0000	0.0079	2.0000	0.0000	0.0000	0.0000	0.0000	0.0000	0.0000	0.0000	0.0000	0.0000	0.0000	0.0000	0.0000	0.0000	0.0000	0.0000	0.0000	0.0000	0.0000	0.0937	0.0832	0.0105	0.0339	0.0310	0.0029	0.0598	0.0522	0.0076	0.0119	0.0051	0.0067	0.0022	0.0018	0.0004	0.0097	0.0034	0.0064	inf	0.0000	inf	inf	0.0000	inf	0.0000	0.0000	0.0000	0.0000	0.0000	0.0000	0.0000	0.0000	0.0000	0.0000	0.0000	0.0000						
21	90	0.1564	6	1	2	0	0	0	0	0	0	N	Y	N	N	N	N	N	N	N	N	N	N	0.0000	0.0000	0.0000	0.0000	0.0000	0.0000	0.0000	0.0000	0.0000	0.0000	0.0000	0.0000	0.0000	0.0008	0.0019	0.0000	0.0046	0.0056	0.0000	0.0000	0.0000	0.0000	0.0000	0.0000	-0.0000	0.9958	2.0000	0.0079	3.0000	0.0000	0.0000	0.0000	0.0000	0.0000	0.0000	0.0000	0.0000	0.0000	0.0000	0.0000	0.0000	0.0000	0.0000	0.0000	0.0000	0.0000	0.0000	0.0640	0.0568	0.0072	0.0232	0.0212	0.0020	0.0408	0.0356	0.0052	0.0119	0.0051	0.0067	0.0022	0.0018	0.0004	0.0097	0.0034	0.0064	0.0000	0.0000	0.0000	0.0000	0.0000	0.0000	0.0000	0.0000	0.0000	0.0008	0.0019	0.0000	0.0046	0.0056	0.0000	0.0000	0.0000	0.0000						
21	91	0.1405	5	0	1	0	0	0	0	0	0	N	N	N	N	N	N	N	N	N	N	N	N	0.0022	0.0075	0.0003	0.0060	0.0075	0.0001	0.0000	0.0001	0.0000	0.0000	0.0000	0.0000	0.0000	0.0000	0.0000	0.0000	0.0000	0.0014	0.0004	0.0021	0.0013	0.0011	0.0159	0.0014	0.0000	0.0021	0.0251	5.8615	-0.0000	0.0000	0.9958	2.0705	0.0079	0.0351	0.0000	0.0000	0.0000	0.0000	0.0000	0.0000	0.0000	0.0000	0.0000	0.0000	0.0000	0.0000	0.0000	0.0000	0.0000	0.0000	0.0000	0.0000	0.0788	0.0706	0.0082	0.0312	0.0289	0.0023	0.0476	0.0417	0.0059	0.0059	0.0026	0.0032	0.0012	0.0011	0.0002	0.0046	0.0016	0.0031	0.0022	0.0075	0.0003	0.0060	0.0075	0.0008	0.0000	0.0000	0.0001	0.0014	0.0004	0.0021	0.0013	0.0011	0.0025	0.0014	0.0000	0.0021	
21	92	0.1151	4	0	1	0	0	0	0	0	0	N	N	N	N	N	N	N	N	N	N	N	N	0.0217	0.0289	0.0051	0.0296	0.0299	0.0025	0.0002	0.0853	0.0005	0.0001	0.0001	0.0000	0.0001	0.0001	0.0001	0.0000	0.0000	0.0000	0.0024	0.0020	0.0028	0.0046	0.0047	0.0205	0.0018	0.0000	0.0028	0.0306	1.5668	-0.0000	-0.0000	0.9958	3.4249	0.0079	0.1413	0.0000	0.0000	0.0000	0.0000	0.0000	0.0000	0.0000	0.0000	0.0000	0.0000	0.0000	0.0000	0.0000	0.0000	0.0000	0.0000	0.0000	0.0000	0.1641	0.1462	0.0179	0.0641	0.0594	0.0047	0.1000	0.0868	0.0132	0.0108	0.0051	0.0057	0.0024	0.0022	0.0003	0.0083	0.0030	0.0054	0.0217	0.0289	0.0051	0.0296	0.0299	0.0155	0.0002	0.2223	0.0005	0.0024	0.0020	0.0028	0.0046	0.0047	0.0033	0.0018	0.0000	0.0028
21	93	0.0976	3	0	1	0	0	0	0	0	0	N	N	N	N	N	N	N	N	N	N	N	N	0.0306	0.0264	0.0133	0.0535	0.0571	0.0010	0.0020	0.0004	0.0094	0.0001	0.0001	0.0000	0.0007	0.0008	0.0002	0.0000	0.0000	0.0000	0.0040	0.0051	0.0031	0.0132	0.0132	0.1558	0.0019	0.0000	0.0029	0.0448	0.6829	-0.0000	-0.0000	0.9958	2.2814	0.0079	1.1633	0.0000	0.0000	0.0000	0.0000	0.0000	0.0000	0.0000	0.0000	0.0000	0.0001	0.0000	0.0000	0.0000	0.0000	0.0000	0.0000	0.0000	0.0000	0.1068	0.0930	0.0138	0.0181	0.0167	0.0014	0.0887	0.0763	0.0124	0.0140	0.0065	0.0075	0.0026	0.0025	0.0001	0.0114	0.0040	0.0074	0.0306	0.0264	0.0133	0.0535	0.0571	0.0113	0.0020	0.0075	0.0094	0.0040	0.0051	0.0031	0.0132	0.0132	0.0135	0.0019	0.0000	0.0029
21	94	0.0564	2	0	1	0	0	0	0	0	0	N	N	N	N	N	N	N	N	N	N	N	N	0.0017	0.0009	0.0019	0.0023	0.0024	0.0000	0.0001	0.0000	0.0006	0.0000	0.0000	0.0000	0.0003	0.0003	0.0001	0.0000	0.0000	0.0000	0.0202	0.0417	0.0049	0.1277	0.1275	2.1726	0.0033	0.0001	0.0048	0.0365	0.1661	-0.0000	-0.0003	0.9958	1.5401	0.0079	4.1671	0.0000	0.0000	0.0000	0.0000	0.0000	0.0000	0.0000	0.0000	0.0000	0.0004	0.0004	0.0001	0.0004	0.0004	0.0000	0.0001	0.0000	0.0001	0.0674	0.0589	0.0085	0.0078	0.0072	0.0006	0.0596	0.0517	0.0079	0.0219	0.0091	0.0128	0.0030	0.0030	0.0000	0.0189	0.0061	0.0128	0.0017	0.0009	0.0019	0.0023	0.0024	0.0006	0.0001	0.0000	0.0006	0.0202	0.0417	0.0049	0.1277	0.1275	0.1797	0.0033	0.0000	0.0048
21	98	0.1345	5	0	1	0	0	0	0	0	0	N	N	N	N	N	N	N	N	N	N	N	N	1830.2952	1982.7095	0.0029	1.2917	1.3133	0.0051	4961.1929	inf	0.0016	3.8661	4.2384	0.0000	0.0056	0.0060	0.0000	6.5398	7.3567	0.0000	0.0021	0.0021	0.0021	0.0044	0.0045	0.0027	0.0013	0.0000	0.0021	0.0000	0.8694	-0.1939	-0.0000	0.9958	4.9999	0.0079	9.0821	0.9801	0.9801	0.0000	0.0006	0.0006	0.0000	0.9795	0.9795	0.0000	0.0001	0.0000	0.0000	0.0000	0.0000	0.0000	0.0000	0.0000	0.0000	0.2535	0.2312	0.0223	0.1037	0.0981	0.0056	0.1498	0.1331	0.0166	0.0419	0.0221	0.0198	0.0109	0.0104	0.0005	0.0310	0.0117	0.0193	1830.2952	1982.7095	0.0029	1.2917	1.3133	0.0207	4961.1929	inf	0.0016	0.0021	0.0021	0.0021	0.0044	0.0045	0.0007	0.0013	0.0000	0.0021
22	23	0.2699	7	1	2	0	0	0	0	0	0	N	Y	N	N	N	N	N	N	N	N	N	N	0.0000	0.0000	0.0000	0.0000	0.0000	0.0000	0.0000	0.0000	0.0000	0.0000	0.0000	0.0000	0.0000	0.0094	0.0214	0.0000	0.0435	0.0452	0.0000	0.0000	0.0000	0.0000	0.0000	0.0000	-0.0004	4.0220	0.0000	5.3698	3.0000	0.0000	0.0000	0.0000	0.0000	0.0000	0.0000	0.0000	0.0000	0.0000	0.0006	0.0006	0.0000	0.0006	0.0006	0.0000	0.0000	0.0000	0.0000	0.0000	0.0000	0.0000	0.0000	0.0000	0.0000	0.0000	0.0000	0.0000	0.0637	0.0280	0.0356	0.0138	0.0133	0.0005	0.0499	0.0148	0.0351	0.0000	0.0000	0.0000	0.0000	0.0000	0.0000	0.0000	0.0000	0.0000	0.0094	0.0214	0.0000	0.0435	0.0452	0.0000	0.0000	0.0000	0.0000						
22	24	0.1525	5	0	2	0	0	0	0	0	0	N	Y	N	N	N	N	N	N	N	N	N	N	0.0879	0.0403	0.0000	0.0145	0.0146	0.0000	0.0352	8.1517	0.0000	0.0002	0.0002	0.0000	0.0004	0.0004	0.0000	0.0000	0.0000	0.0000	0.0020	0.0047	0.0002	0.0284	0.0287	0.0093	0.0001	0.0000	0.0001	0.0000	0.0467	-0.0000	-0.0000	4.0220	0.0018	5.3698	0.9893	0.0000	0.0000	0.0000	0.0000	0.0000	0.0000	0.0000	0.0000	0.0000	0.0001	0.0000	0.0000	0.0000	0.0000	0.0000	0.0000	0.0000	0.0000	0.0009	0.0008	0.0001	0.0004	0.0004	0.0000	0.0005	0.0005	0.0001	0.0258	0.0105	0.0153	0.0017	0.0017	0.0000	0.0240	0.0088	0.0152	0.0879	0.0403	0.0000	0.0145	0.0146	0.0000	0.0352	8.1517	0.0000	0.0020	0.0047	0.0002	0.0284	0.0287	0.0016	0.0001	0.0000	0.0001
22	25	0.1994	5	1	2	0	0	0	0	0	0	N	Y	N	N	N	N	N	N	N	N	N	N	214.5827	3.2167	inf	4.8742	4.1295	inf	inf	inf	0.2706	0.0093	2.5401	0.0231	0.0245	0.0038	0.4118	0.0000	3.2852	0.0013	0.0029	0.0000	0.0047	0.0059	0.0000	0.0000	0.0000	0.0000	31.5284	0.0000	0.0527	-0.0001	4.0220	2.0666	5.3698	3.9999	0.0683	0.0021	0.0662	0.0021	0.0021	0.0000	0.0662	0.0000	0.0662	0.0002	0.0002	0.0000	0.0002	0.0002	0.0000	0.0000	0.0000	0.0000	0.2525	0.2264	0.0261	0.0917	0.0858	0.0059	0.1607	0.1406	0.0201	0.1428	0.0624	0.0803	0.0379	0.0304	0.0075	0.1048	0.0320	0.0728	214.5827	3.2167	inf	4.8742	4.1295	inf	inf	0.0000	inf	0.0013	0.0029	0.0000	0.0047	0.0059	0.0000	0.0000	0.0000	0.0000	
22	26	0.2699	7	0	2	0	0	0	0	0	0	N	Y	N	N	N	N	N	N	N	N	N	N	0.0971	0.0474	0.0457	0.0463	0.0002	0.0002	0.0000	0.0005	0.0005	0.0000	0.0000	0.0000	0.0000	0.0022	0.0051	0.0000	0.0104	0.0108	0.0000	0.0000	0.0000	0.0000	0.0000	0.0000	-0.0000	-0.0002	4.0220	1.0000	5.3698	4.0000	0.0000	0.0000	0.0000	0.0000	0.0000	0.0000	0.0000	0.0000	0.0000	0.0002	0.0002	0.0000	0.0002	0.0002	0.0000	0.0000	0.0000	0.0000	0.0920	0.0830	0.0090	0.0419	0.0399	0.0020	0.0501	0.0431	0.0070	0.1028	0.0452	0.0575	0.0220	0.0212	0.0008	0.0807	0.0240	0.0567	0.0971	0.0474	0.0000	0.0457	0.0463	0.0000	0.0000	0.0000	0.0000	0.0022	0.0051	0.0000	0.0104	0.0108	0.0000	0.0000	0.0000	0.0000					
22	27	0.2699	7	0	2	0	0	0	0	0	0	N	Y	N	N	N	N	N	N	N	N	N	N	0.0000	0.0000	0.0000	0.0000	0.0000	0.0000	0.0000	0.0000	0.0000	0.0000	0.0000	0.0000	0.0000	1.1415	0.0000	2.0399	0.0000	0.0000	0.0000	1.4570	0.0000	2.0692	inf	0.0000	0.0182	4.0220	1.0000	5.3698	2.0000	0.0000	0.0000	0.0000	0.0000	0.0000	0.0000	0.0000	0.0000	0.0000	0.0727	0.0000	0.0727	0.0000	0.0000	0.0000	0.0727	0.0000	0.0727	0.0920	0.0830	0.0090	0.0419	0.0399	0.0020	0.0501	0.0431	0.0070	0.0637	0.0280	0.0356	0.0138	0.0133	0.0005	0.0499	0.0148	0.0351	0.0000	0.0000	0.0000	0.0000	0.0000	0.0000	0.0000	0.0000	0.0000	1.1415	0.0000	2.0399	0.0000	0.0000	0.0000	1.4570	0.0000	2.0692						
22	28	0.1994	5	0	2	1	1	0	0	0	0	N	Y	N	N	N	N	N	N	N	N	N	N	1.2161	2485.5509	0.0000	401.5675	3246.6352	0.0000	0.0000	0.0000	4.5043	5.0461	0.0000	12.8570	13.8491	0.0000	0.0000	0.0000	0.0000	3.7039	0.0020	6.5947	0.0320	0.0043	1.6258	5.0062	0.0000	7.2691	0.0000	4159.6250	-0.3798	0.2505	4.0220	3.9334	5.3698	8.9999	1.9200	1.9200	0.0000	1.9200	1.9200	0.0000	0.0000	0.0000	0.0000	0.9986	0.0002	0.9983	0.0023	0.0002	0.0020	0.9963	0.0000	0.9963	0.4263	0.3805	0.0458	0.1493	0.1386	0.0107	0.2769	0.2418	0.0351	0.2696	0.1182	0.1514	0.0706	0.0563	0.0143	0.1990	0.0620	0.1371	1.2161	2485.5509	0.0000	401.5675	3246.6352	0.0000	0.0000	0.0000	0.0000	3.7039	0.0020	6.5947	0.0320	0.0043	0.1410	5.0062	0.0000	7.2691	
22	29	0.2472	7	0	2	0	0	0	0	0	0	N	Y	N	N	N	N	N	N	N	N	N	N	0.0186	0.0074	0.1132	0.1856	0.0067	1.8793	0.0005	0.5050	0.0023	0.0108	0.0004	0.1130	0.0232	0.0009	0.4066	0.0003	0.0001	0.0023	0.5821	0.0606	0.9987	0.1248	0.1288	0.2163	0.7086	0.0001	1.0128	25.5561	20.6451	0.0075	0.0257	4.0220	7.9836	5.3698	2.1583	0.0097	0.0004	0.0094	0.0096	0.0003	0.0092	0.0002	0.0000	0.0001	0.1252	0.0058	0.1194	0.0058	0.0058	0.0000	0.1194	0.0000	0.1194	0.9000	0.8170	0.0830	0.4135	0.3907	0.0227	0.4865	0.4263	0.0602	0.2151	0.0955	0.1196	0.0466	0.0449	0.0017	0.1685	0.0506	0.1179	0.0186	0.0074	0.1132	0.1856	0.0067	22.8409	0.0005	17.8117	0.0023	0.5821	0.0606	0.9987	0.1248	0.1288	0.0178	0.7086	0.0000	1.0128
22	30	0.1994	5	1	2	0	0	0	0	0	0	N	Y	N	N	N	N	N	N	N	N	N	N	428.2176	230.6086	0.0000	330.3277	304.5388	0.0000	0.0000	0.0000	2.1032	2.3588	0.0000	6.2312	6.7373	0.0000	0.0000	0.0000	0.0000	0.0049	0.0102	0.0007	0.0189	0.0221	0.0464	0.0001	0.0000	0.0002	0.0000	0.0930	-0.3802	-0.0012	4.0220	9.9334	5.3698	11.0001	1.9219	1.9219	0.0000	1.9219	1.9219	0.0000	0.0000	0.0000	0.0000	0.0019	0.0017	0.0002	0.0019	0.0017	0.0001	0.0000	0.0000	0.0000	0.9138	0.8148	0.0990	0.3084	0.2853	0.0232	0.6054	0.5295	0.0758	0.3828	0.1682	0.2146	0.0981	0.0777	0.0203	0.2847	0.0904	0.1943	428.2176	230.6086	0.0000	330.3277	304.5388	0.0000	0.0000	0.0000	0.0000	0.0049	0.0102	0.0007	0.0189	0.0221	0.0064	0.0001	0.0000	0.0002	
22	31	0.1994	5	0	1	1	0	0	0	0	0	N	N	N	N	N	N	N	N	N	N	N	N	0.5007	1530.7514	0.0000	1241.4006	1999.7919	0.0000	0.0000	0.0000	2.7725	3.1008	0.0000	7.7954	8.3721	0.0000	0.0000	0.0000	0.0000	5.5369	0.0020	9.8447	0.0063	0.0042	0.1798	7.5281	0.0000	10.8665	0.0000	6244.3750	-0.1835	0.2507	4.0220	2.9334	5.3698	4.9999	0.9278	0.9278	0.0000	0.9278	0.9278	0.0000	0.0000	0.0000	0.0000	0.9993	0.0002	0.9991	0.0003	0.0002	0.0001	0.9990	0.0000	0.9990	0.3346	0.2992	0.0354	0.1190	0.1108	0.0082	0.2156	0.1884	0.0272	0.1805	0.0790	0.1015	0.0478	0.0382	0.0096	0.1327	0.0408	0.0919	0.5007	1530.7514	0.0000	1241.4006	1999.7919	0.0000	0.0000	0.0000	0.0000	5.5369	0.0020	9.8447	0.0063	0.0042	0.0147	7.5281	0.0000	10.8665	
22	32	0.1994	5	0	2	0	0	0	0	0	0	N	Y	N	N	N	N	N	N	N	N	N	N	6.9880	2596.3964	2.2711	7136.5616	6138.3739	inf	0.4877	0.0000	2.6775	3.1147	3.2711	1.7974	8.2414	8.8553	0.0027	0.2956	0.0000	2.3389	0.4457	0.0013	0.7914	0.0012	0.0014	0.0000	0.6061	0.0369	0.8735	0.0653	807.6667	-0.1476	0.0182	4.0220	3.0666	5.3698	3.9999	1.0809	1.0147	0.0662	1.0147	1.0147	0.0000	0.0662	0.0000	0.0662	0.0728	0.0001	0.0727	0.0001	0.0001	0.0000	0.0727	0.0000	0.0727	0.3470	0.3102	0.0368	0.1231	0.1146	0.0085	0.2239	0.1956	0.0283	0.1633	0.0714	0.0919	0.0433	0.0347	0.0086	0.1200	0.0368	0.0832	6.9880	2596.3964	2.2711	7136.5616	6138.3739	inf	0.4877	0.0000	2.6775	0.4457	0.0013	0.7914	0.0012	0.0014	0.0000	0.6061	0.0011	0.8735
22	33	0.2878	8	1	1	1	0	0	0	0	0	N	N	N	N	N	N	N	N	N	N	N	N	0.0000	0.0000	0.0000	0.0000	0.0000	0.0000	0.0000	0.0000	0.0000	0.0000	0.0000	0.0000	0.0000	0.0000	0.0000	0.0000	0.0000	0.0000	0.0012	0.0012	0.0012	0.0024	0.0021	0.0322	0.0007	0.0000	0.0010	1.1756	0.0000	-0.0000	4.0220	0.9991	5.3698	2.0219	0.0000	0.0000	0.0000	0.0000	0.0000	0.0000	0.0000	0.0000	0.0000	0.0001	0.0000	0.0000	0.0001	0.0000	0.0000	0.0000	0.0000	0.0000	0.0920	0.0830	0.0090	0.0420	0.0400	0.0020	0.0500	0.0430	0.0070	0.0758	0.0352	0.0406	0.0221	0.0199	0.0023	0.0537	0.0153	0.0384	0.0000	0.0000	0.0000	0.0000	0.0000	0.0000	0.0000	0.0000	0.0000	0.0012	0.0012	0.0012	0.0024	0.0021	0.0049	0.0007	0.0000	0.0010	
22	34	0.1994	5	0	2	0	0	0	0	0	0	N	Y	N	N	N	N	N	N	N	N	N	N	27119.9612	13319.4124	20616.4709	17768.7379	3.7306	4.1829	0.0000	10.7574	11.6069	0.0000	0.0000	0.0000	0.0000	0.0001	0.0003	0.0000	0.0005	0.0007	0.0000	0.0000	0.0000	0.0000	0.0000	0.0000	-0.3798	-0.0000	4.0220	4.9334	5.3698	5.0001	1.9200	1.9200	0.0000	1.9200	1.9200	0.0000	0.0000	0.0000	0.0000	0.0000	0.0000	0.0000	0.0000	0.0000	0.0000	0.0000	0.0000	0.0000	0.5147	0.4590	0.0556	0.1785	0.1654	0.0131	0.3362	0.2936	0.0426	0.2181	0.0955	0.1226	0.0575	0.0459	0.0116	0.1606	0.0496	0.1110	27119.9612	13319.4124	0.0000	20616.4709	17768.7379	0.0000	0.0000	0.0000	0.0000	0.0001	0.0003	0.0000	0.0005	0.0007	0.0000	0.0000	0.0000	0.0000					
22	35	0.2878	8	1	1	1	0	0	0	0	0	N	N	N	N	N	N	N	N	N	N	N	N	0.0000	0.0000	0.0000	0.0000	0.0000	0.0000	0.0000	0.0000	0.0000	0.0000	0.0000	0.0000	0.0000	0.0000	0.0000	0.0000	0.0000	0.0361	0.0761	0.0000	0.1174	0.1291	0.0000	0.0000	0.0003	0.0000	0.0001	0.0000	-0.0015	4.0220	0.0009	5.3698	1.9867	0.0000	0.0000	0.0000	0.0000	0.0000	0.0000	0.0000	0.0000	0.0000	0.0020	0.0020	0.0000	0.0020	0.0020	0.0000	0.0000	0.0000	0.0000	0.0001	0.0001	0.0000	0.0001	0.0001	0.0000	0.0001	0.0001	0.0000	0.0544	0.0258	0.0286	0.0167	0.0152	0.0015	0.0377	0.0106	0.0271	0.0000	0.0000	0.0000	0.0000	0.0000	0.0000	0.0000	0.0000	0.0000	0.0361	0.0761	0.0000	0.1174	0.1291	0.0000	0.0000	0.0000	0.0000		
22	36	0.2699	7	1	1	1	0	0	0	0	0	N	N	N	N	N	N	N	N	N	N	N	N	0.0000	0.0000	0.0000	0.0000	0.0000	0.0000	0.0000	0.0000	0.0000	0.0000	0.0000	0.0000	0.0000	0.0000	0.0000	0.0000	0.0000	0.0010	0.0021	0.0001	0.0036	0.0037	0.0000	0.0002	0.0177	0.0001	0.0366	0.0000	-0.0000	4.0220	1.0009	5.3698	2.0357	0.0000	0.0000	0.0000	0.0000	0.0000	0.0000	0.0000	0.0000	0.0000	0.0001	0.0001	0.0000	0.0000	0.0000	0.0000	0.0000	0.0000	0.0000	0.0921	0.0831	0.0090	0.0420	0.0399	0.0020	0.0501	0.0432	0.0070	0.0644	0.0284	0.0360	0.0139	0.0134	0.0005	0.0505	0.0149	0.0355	0.0000	0.0000	0.0000	0.0000	0.0000	0.0000	0.0000	0.0000	0.0000	0.0010	0.0021	0.0001	0.0036	0.0037	0.0000	0.0002	0.0007	0.0001		
22	37	0.2699	7	1	1	1	0	0	0	0	0	N	N	N	N	N	N	N	N	N	N	N	N	0.0000	0.0000	0.0000	0.0000	0.0000	0.0000	0.0000	0.0000	0.0000	0.0000	0.0000	0.0000	0.0000	0.0000	0.0000	0.0000	0.8703	0.0008	1.5543	0.0017	0.0017	0.0000	1.1089	0.0000	1.5768	2423.0000	0.0000	0.0182	4.0220	1.0000	5.3698	3.0000	0.0000	0.0000	0.0000	0.0000	0.0000	0.0000	0.0000	0.0000	0.0000	0.0727	0.0000	0.0727	0.0000	0.0000	0.0000	0.0727	0.0000	0.0727	0.0920	0.0830	0.0090	0.0419	0.0399	0.0020	0.0501	0.0431	0.0070	0.0836	0.0368	0.0468	0.0180	0.0173	0.0007	0.0655	0.0194	0.0461	0.0000	0.0000	0.0000	0.0000	0.0000	0.0000	0.0000	0.0000	0.0000	0.8703	0.0008	1.5543	0.0017	0.0017	0.0000	1.1089	0.0000	1.5768			
22	38	0.1994	5	0	1	1	0	0	0	0	0	N	N	N	N	N	N	N	N	N	N	N	N	5442.0629	2495.6939	inf	7639.6031	6576.0597	inf	774.7421	0.0000	inf	3.0496	3.1983	1.7974	8.0580	8.6583	0.0027	0.2956	0.0000	2.3389	0.0006	0.0013	0.0000	0.0011	0.0013	0.0000	0.0004	0.0468	0.0000	0.0667	0.0000	-0.1431	-0.0001	4.0220	3.0666	5.3698	2.9999	1.0583	0.9921	0.0662	0.9921	0.9921	0.0000	0.0662	0.0000	0.0662	0.0001	0.0001	0.0000	0.0000	0.0000	0.0000	0.0000	0.0000	0.0000	0.3470	0.3102	0.0368	0.1231	0.1146	0.0085	0.2239	0.1956	0.0283	0.1428	0.0624	0.0803	0.0379	0.0304	0.0075	0.1048	0.0320	0.0728	5442.0629	2495.6939	inf	7639.6031	6576.0597	inf	774.7421	0.0000	inf	0.0006	0.0013	0.0000	0.0011	0.0013	0.0000	0.0004	0.0012	0.0000
22	39	0.1994	5	0	2	0	0	0	0	0	0	N	Y	N	N	N	N	N	N	N	N	N	N	4.1912	inf	0.0000	inf	inf	0.0000	0.0000	2.1766	2.4384	0.0000	6.2129	6.6923	0.0000	0.0000	0.0000	0.0000	0.5193	0.0000	0.9228	0.0000	0.0000	0.0000	0.7072	0.0000	1.0184	0.0000	inf	-0.1835	0.0182	4.0220	3.9334	5.3698	2.0001	0.9278	0.9278	0.0000	0.9278	0.9278	0.0000	0.0000	0.0000	0.0000	0.0727	0.0000	0.0727	0.0000	0.0000	0.0000	0.0727	0.0000	0.0727	0.4263	0.3805	0.0458	0.1493	0.1386	0.0107	0.2769	0.2418	0.0351	0.1400	0.0612	0.0788	0.0372	0.0298	0.0074	0.1028	0.0314	0.0714	4.1912	inf	0.0000	inf	inf	0.0000	0.0000	0.0000	0.0000	0.5193	0.0000	0.9228	0.0000	0.0000	0.0000	0.7072	0.0000	1.0184		
22	40	0.3037	10	1	2	1	0	0	0	0	0	N	Y	N	N	N	N	N	N	N	N	N	N	0.0000	0.0000	0.0000	0.0000	0.0000	0.0000	0.0000	0.0000	0.0000	0.0000	0.0000	0.0000	0.0000	0.0000	0.0000	0.0000	0.0000	0.0000	0.0000	0.0000	4.0220	0.0000	5.3698	0.0000	0.0000	0.0000	0.0000	0.0000	0.0000	0.0000	0.0000	0.0000	0.0000	0.0000	0.0000	0.0000	0.0000	0.0000	0.0000	0.0000	0.0000	0.0000	0.0000	0.0000	0.0000	0.0000	0.0000	0.0000	0.0000	0.0000	0.0000	0.0000	0.0000	0.0000	0.0000	0.0000	0.0000	0.0000	0.0000	0.0000	0.0000	0.0000	0.0000	0.0000	0.0000	0.0000	0.0000	0.0000	0.0000	0.0000	0.0000	0.0000	0.0000	0.0000	0.0000	0.0000	0.0000	0.0000											
22	41	0.3037	9	1	2	1	0	0	0	0	0	N	Y	N	N	N	N	N	N	N	N	N	N	0.0000	0.0000	0.0000	0.0000	0.0000	0.0000	0.0000	0.0000	0.0000	0.0000	0.0000	0.0000	0.0000	0.0000	0.0000	0.0000	1.0937	0.0180	1.9092	0.0379	0.0391	0.0000	1.3656	0.0000	1.9296	139.7745	0.0000	0.0179	4.0220	1.0000	5.3698	1.9999	0.0000	0.0000	0.0000	0.0000	0.0000	0.0000	0.0000	0.0000	0.0000	0.0732	0.0005	0.0727	0.0005	0.0005	0.0000	0.0727	0.0000	0.0727	0.1004	0.0904	0.0100	0.0381	0.0362	0.0019	0.0623	0.0542	0.0081	0.0669	0.0289	0.0381	0.0137	0.0133	0.0004	0.0532	0.0156	0.0377	0.0000	0.0000	0.0000	0.0000	0.0000	0.0000	0.0000	0.0000	0.0000	1.0937	0.0180	1.9092	0.0379	0.0391	0.0000	1.3656	0.0000	1.9296			
22	42	0.2206	6	1	2	0	0	0	0	0	0	N	Y	N	N	N	N	N	N	N	N	N	N	0.7394	836.6312	0.0006	974.4781	1016.9267	0.5562	0.1575	13.1991	0.0002	0.6239	0.6767	0.0010	0.8809	0.9288	0.0018	0.1960	0.2232	0.0004	0.8438	0.0008	1.6678	0.0009	0.0009	0.0033	1.2446	0.0169	1.7335	0.0001	2109.4635	-0.0000	0.0172	4.0220	0.0007	5.3698	2.0242	0.0002	0.0002	0.0000	0.0001	0.0001	0.0000	0.0000	0.0000	0.0000	0.0688	0.0000	0.0688	0.0000	0.0000	0.0000	0.0688	0.0000	0.0688	0.0003	0.0002	0.0000	0.0002	0.0002	0.0000	0.0001	0.0001	0.0000	0.0816	0.0403	0.0412	0.0263	0.0247	0.0016	0.0553	0.0156	0.0397	0.7394	836.6312	0.0006	974.4781	1016.9267	2.4059	0.1575	347.1193	0.0002	0.8438	0.0008	1.6678	0.0009	0.0009	0.0008	1.2446	0.0006	1.7335
22	43	0.2438	6	0	2	0	1	0	0	0	0	N	Y	N	N	N	N	N	N	N	N	N	N	0.0000	0.0000	0.0000	0.0000	0.0000	0.0000	0.0000	0.0000	0.0000	0.0000	0.0000	0.0000	0.0000	0.0000	0.0000	0.0000	0.0000	0.0000	0.0000	0.0000	4.0220	0.0000	5.3698	0.0000	0.0000	0.0000	0.0000	0.0000	0.0000	0.0000	0.0000	0.0000	0.0000	0.0000	0.0000	0.0000	0.0000	0.0000	0.0000	0.0000	0.0000	0.0000	0.0000	0.0000	0.0000	0.0000	0.0000	0.0000	0.0000	0.0000	0.0000	0.0000	0.0000	0.0000	0.0000	0.0000	0.0000	0.0000	0.0000	0.0000	0.0000	0.0000	0.0000	0.0000	0.0000	0.0000	0.0000	0.0000	0.0000	0.0000	0.0000	0.0000	0.0000	0.0000	0.0000	0.0000	0.0000	0.0000											
22	44	0.2438	6	0	1	0	1	0	0	0	0	N	N	N	N	N	N	N	N	N	N	N	N	0.0000	0.0000	0.0000	0.0000	0.0000	0.0000	0.0000	0.0000	0.0000	0.0000	0.0000	0.0000	0.0000	0.0000	0.0000	0.0000	0.0000	0.0000	0.0000	0.0000	4.0220	0.0000	5.3698	0.0000	0.0000	0.0000	0.0000	0.0000	0.0000	0.0000	0.0000	0.0000	0.0000	0.0000	0.0000	0.0000	0.0000	0.0000	0.0000	0.0000	0.0000	0.0000	0.0000	0.0000	0.0000	0.0000	0.0000	0.0000	0.0000	0.0000	0.0000	0.0000	0.0000	0.0000	0.0000	0.0000	0.0000	0.0000	0.0000	0.0000	0.0000	0.0000	0.0000	0.0000	0.0000	0.0000	0.0000	0.0000	0.0000	0.0000	0.0000	0.0000	0.0000	0.0000	0.0000	0.0000	0.0000	0.0000											
22	45	0.1994	5	0	1	0	1	0	0	0	0	N	N	N	N	N	N	N	N	N	N	N	N	0.4420	16.1205	2.2711	24.8813	21.1733	inf	0.4879	2.6775	0.1968	0.0068	1.7974	0.0172	0.0183	0.0027	0.2956	0.0000	2.3389	0.4453	0.0004	0.7914	0.0007	0.0009	0.0000	0.6058	0.0000	0.8735	31.5284	2423.0000	0.0527	0.0182	4.0220	3.0666	5.3698	3.9999	0.0683	0.0021	0.0662	0.0021	0.0021	0.0000	0.0662	0.0000	0.0662	0.0727	0.0000	0.0727	0.0000	0.0000	0.0000	0.0727	0.0000	0.0727	0.3470	0.3102	0.0368	0.1231	0.1146	0.0085	0.2239	0.1956	0.0283	0.1633	0.0714	0.0919	0.0433	0.0347	0.0086	0.1200	0.0368	0.0832	0.4420	16.1205	2.2711	24.8813	21.1733	inf	0.4879	0.0000	2.6775	0.4453	0.0004	0.7914	0.0007	0.0009	0.0000	0.6058	0.0000	0.8735	
22	46	0.2699	7	1	1	1	0	0	0	0	0	N	N	N	N	N	N	N	N	N	N	N	N	0.0000	0.0000	0.0000	0.0000	0.0000	0.0000	0.0000	0.0000	0.0000	0.0000	0.0000	0.0000	0.0000	1.6849	0.0000	3.0116	0.0000	0.0000	0.0000	2.1534	0.0000	3.0546	inf	0.0000	0.0182	4.0220	0.0000	5.3698	2.0000	0.0000	0.0000	0.0000	0.0000	0.0000	0.0000	0.0000	0.0000	0.0000	0.0727	0.0000	0.0727	0.0000	0.0000	0.0000	0.0727	0.0000	0.0727	0.0000	0.0000	0.0000	0.0000	0.0000	0.0000	0.0000	0.0000	0.0000	0.0431	0.0190	0.0241	0.0094	0.0090	0.0003	0.0338	0.0100	0.0238	0.0000	0.0000	0.0000	0.0000	0.0000	0.0000	0.0000	0.0000	0.0000	1.6849	0.0000	3.0116	0.0000	0.0000	0.0000	2.1534	0.0000	3.0546						
22	47	0.2848	8	1	2	0	0	0	0	0	0	N	Y	N	N	N	N	N	N	N	N	N	N	0.0280	0.0483	0.0007	0.0348	0.0363	0.0049	0.0127	2.6337	0.0001	0.0004	0.0004	0.0000	0.0008	0.0008	0.0000	0.0002	0.0002	0.0000	0.0138	0.0089	0.0170	0.0218	0.0224	0.0078	0.0123	0.0001	0.0171	0.0032	2.9245	-0.0000	-0.0000	4.0220	0.9991	5.3698	2.0273	0.0000	0.0000	0.0000	0.0000	0.0000	0.0000	0.0000	0.0000	0.0000	0.0010	0.0002	0.0007	0.0002	0.0002	0.0000	0.0007	0.0000	0.0007	0.1036	0.0925	0.0111	0.0397	0.0369	0.0028	0.0639	0.0556	0.0084	0.0705	0.0277	0.0427	0.0114	0.0111	0.0003	0.0591	0.0167	0.0424	0.0280	0.0483	0.0007	0.0348	0.0363	0.0296	0.0127	75.6107	0.0001	0.0138	0.0089	0.0170	0.0218	0.0224	0.0013	0.0123	0.0000	0.0171
22	48	0.2472	7	1	2	0	0	0	0	0	0	N	Y	N	N	N	N	N	N	N	N	N	N	0.4913	160.8700	0.0006	104.4880	129.5069	0.0068	0.0749	9.3648	0.0000	0.6269	0.6807	0.0014	0.9787	1.0293	0.0036	0.1238	0.1410	0.0001	1.2760	0.0042	2.3066	0.0094	0.0079	0.5304	1.6523	0.0151	2.3385	0.0002	672.6699	-0.0677	0.0475	4.0220	3.1828	5.3698	3.1571	0.3426	0.3426	0.0001	0.3148	0.3147	0.0001	0.0278	0.0278	0.0000	0.1902	0.0003	0.1899	0.0003	0.0003	0.0001	0.1899	0.0000	0.1898	0.5465	0.5033	0.0433	0.3216	0.3058	0.0159	0.2249	0.1975	0.0274	0.1490	0.0667	0.0823	0.0341	0.0330	0.0011	0.1149	0.0337	0.0812	0.4913	160.8700	0.0006	104.4880	129.5069	0.0723	0.0749	236.5124	0.0000	1.2760	0.0042	2.3066	0.0094	0.0079	0.0501	1.6523	0.0006	2.3385
22	49	0.2430	6	0	2	0	0	0	0	0	0	N	Y	N	N	N	N	N	N	N	N	N	N	0.1180	2.7668	0.1531	2.0995	1.8169	11.6360	0.0198	0.9748	0.0111	1.7386	1.5823	4.0975	2.1862	1.9452	7.3852	0.3819	0.3925	0.3007	14.7381	0.5719	26.7624	1.0413	1.0707	0.6347	19.3075	0.4027	27.1270	0.1716	55.1335	-0.0282	0.1860	4.0220	0.8922	5.3698	1.0748	0.5481	0.4679	0.0803	0.5183	0.4407	0.0775	0.0299	0.0271	0.0027	0.7975	0.0142	0.7833	0.0141	0.0141	0.0000	0.7834	0.0001	0.7833	0.3153	0.2957	0.0196	0.2371	0.2266	0.0105	0.0782	0.0691	0.0091	0.0541	0.0248	0.0293	0.0135	0.0131	0.0004	0.0406	0.0117	0.0289	0.1180	2.7668	0.1531	2.0995	1.8169	120.5032	0.0198	33.6467	0.0111	14.7381	0.5719	26.7624	1.0413	1.0707	0.0613	19.3075	0.0117	27.1270
22	50	0.2699	7	0	2	0	0	0	0	0	0	N	Y	N	N	N	N	N	N	N	N	N	N	0.0000	0.0000	0.0000	0.0000	0.0000	0.0000	0.0000	0.0000	0.0000	0.0000	0.0000	0.0000	0.0000	0.0000	0.0000	0.0000	0.0000	0.0000	0.0000	0.0000	4.0220	0.0000	5.3698	0.0000	0.0000	0.0000	0.0000	0.0000	0.0000	0.0000	0.0000	0.0000	0.0000	0.0000	0.0000	0.0000	0.0000	0.0000	0.0000	0.0000	0.0000	0.0000	0.0000	0.0000	0.0000	0.0000	0.0000	0.0000	0.0000	0.0000	0.0000	0.0000	0.0000	0.0000	0.0000	0.0000	0.0000	0.0000	0.0000	0.0000	0.0000	0.0000	0.0000	0.0000	0.0000	0.0000	0.0000	0.0000	0.0000	0.0000	0.0000	0.0000	0.0000	0.0000	0.0000	0.0000	0.0000	0.0000											
22	51	0.2699	7	1	2	0	0	0	0	0	0	N	Y	N	N	N	N	N	N	N	N	N	N	0.0000	0.0000	0.0000	0.0000	0.0000	0.0000	0.0000	0.0000	0.0000	0.0000	0.0000	0.0000	0.0000	0.0000	0.0000	0.0011	0.0024	0.0000	0.0028	0.0029	0.0000	0.0006	0.1003	0.0000	0.0000	0.0000	-0.0001	4.0220	1.0000	5.3698	3.0000	0.0000	0.0000	0.0000	0.0000	0.0000	0.0000	0.0000	0.0000	0.0000	0.0001	0.0001	0.0000	0.0001	0.0001	0.0000	0.0000	0.0000	0.0000	0.0920	0.0830	0.0090	0.0419	0.0399	0.0020	0.0501	0.0431	0.0070	0.0836	0.0368	0.0468	0.0180	0.0173	0.0007	0.0655	0.0194	0.0461	0.0000	0.0000	0.0000	0.0000	0.0000	0.0000	0.0000	0.0000	0.0000	0.0011	0.0024	0.0000	0.0028	0.0029	0.0000	0.0006	0.0021	0.0000				
22	52	0.2560	6	0	1	0	0	0	0	0	0	N	N	N	N	N	N	N	N	N	N	N	N	17.8456	12.3854	0.6780	29.7544	34.9468	0.0189	0.1588	0.0316	0.2025	0.0914	0.1035	0.0012	0.6490	0.6793	0.0200	0.0000	0.0000	0.0001	0.0051	0.0084	0.0017	0.0218	0.0194	1.0568	0.0002	0.0008	0.0003	0.0015	0.1918	-0.0065	-0.0004	4.0220	3.0179	5.3698	1.1627	0.0329	0.0329	0.0000	0.0329	0.0329	0.0000	0.0000	0.0000	0.0000	0.0007	0.0006	0.0001	0.0007	0.0006	0.0001	0.0000	0.0000	0.0000	0.3601	0.3177	0.0424	0.0507	0.0484	0.0023	0.3094	0.2693	0.0401	0.1376	0.0708	0.0668	0.0314	0.0304	0.0010	0.1062	0.0404	0.0658	17.8456	12.3854	0.6780	29.7544	34.9468	0.2201	0.1588	1.2920	0.2025	0.0051	0.0084	0.0017	0.0218	0.0194	0.0907	0.0002	0.0000	0.0003
22	53	0.2699	7	1	2	1	0	0	0	0	0	N	Y	N	N	N	N	N	N	N	N	N	N	0.0000	inf	0.0000	inf	inf	0.0000	0.0000	0.0004	0.0004	0.0000	0.0009	0.0009	0.0000	0.0000	0.0000	0.0000	9.7253	0.0000	17.3720	0.0000	0.0000	0.0000	12.3803	0.0000	17.6237	0.0000	inf	-0.0000	0.2510	4.0220	4.0000	5.3698	1.0000	0.0001	0.0001	0.0000	0.0001	0.0001	0.0000	0.0000	0.0000	0.0000	0.9997	0.0000	0.9997	0.0000	0.0000	0.0000	0.9997	0.0000	0.9997	0.3513	0.3168	0.0345	0.1575	0.1496	0.0079	0.1938	0.1672	0.0266	0.1028	0.0452	0.0575	0.0220	0.0212	0.0008	0.0807	0.0240	0.0567	0.0000	inf	0.0000	inf	inf	0.0000	0.0000	0.0000	0.0000	9.7253	0.0000	17.3720	0.0000	0.0000	0.0000	12.3803	0.0000	17.6237		
22	54	0.2560	6	0	2	0	0	0	0	0	0	N	Y	N	N	N	N	N	N	N	N	N	N	297.8238	5.0145	1531786.8948	12.3382	12.3476	19.3731	194361.7734	0.0190	2854238.7914	3.9688	0.1387	32.6641	0.8290	0.8646	0.0514	4.5143	0.0000	34.5645	0.0133	0.0277	0.0000	0.0672	0.0700	0.0027	0.0000	0.0018	0.0000	31.4267	0.0008	0.7951	-0.0024	4.0220	2.0683	5.3698	6.9961	1.0307	0.0318	0.9990	0.0319	0.0318	0.0001	0.9989	0.0000	0.9989	0.0033	0.0033	0.0000	0.0033	0.0033	0.0000	0.0000	0.0000	0.0000	0.2597	0.2291	0.0306	0.0384	0.0368	0.0017	0.2213	0.1924	0.0289	0.2452	0.1180	0.1272	0.0486	0.0466	0.0020	0.1967	0.0714	0.1252	297.8238	5.0145	1531786.8948	12.3382	12.3476	85.1838	194361.7734	0.8046	2854238.7914	0.0133	0.0277	0.0000	0.0672	0.0700	0.0006	0.0000	0.0000	0.0000
22	55	0.1994	5	0	1	0	0	0	0	0	0	N	N	N	N	N	N	N	N	N	N	N	N	968.9427	773.6871	72.5066	2533.8308	4908.1989	5.6045	1.0418	0.0006	17.1398	4.4715	4.9816	0.2316	12.7540	13.6703	0.8747	0.0047	0.0002	0.0355	0.0046	0.0064	0.0032	0.0050	0.0028	0.1561	0.0045	0.3031	0.0021	0.0056	0.6369	-0.3659	-0.0003	4.0220	3.9265	5.3698	5.0808	1.9032	1.8926	0.0106	1.9019	1.8926	0.0093	0.0013	0.0000	0.0012	0.0009	0.0006	0.0004	0.0003	0.0001	0.0001	0.0007	0.0004	0.0002	0.4256	0.3799	0.0457	0.1491	0.1384	0.0107	0.2765	0.2415	0.0350	0.2010	0.0880	0.1130	0.0531	0.0424	0.0107	0.1479	0.0456	0.1023	968.9427	773.6871	72.5066	2533.8308	4908.1989	62.5273	1.0418	0.0182	17.1398	0.0046	0.0064	0.0032	0.0050	0.0028	0.0140	0.0045	0.0098	0.0021
22	56	0.2699	7	1	1	1	0	0	0	0	0	N	N	N	N	N	N	N	N	N	N	N	N	0.0001	0.0000	0.0199	0.0201	0.0000	0.0000	0.0005	0.0005	0.0000	0.0010	0.0011	0.0000	0.0000	0.0000	0.0000	4.8482	11.0312	0.0000	0.0510	0.0531	0.0000	6.1104	20.2061	0.0000	0.0000	0.0000	-0.0000	-0.7478	4.0220	4.0000	5.3698	7.0000	0.0002	0.0002	0.0000	0.0002	0.0002	0.0000	0.0000	0.0000	0.0000	0.9985	0.9985	0.0000	0.0022	0.0022	0.0000	0.9963	0.9963	0.0000	0.3513	0.3168	0.0345	0.1575	0.1496	0.0079	0.1938	0.1672	0.0266	0.2059	0.0905	0.1154	0.0429	0.0412	0.0017	0.1630	0.0493	0.1137	0.0001	0.0000	0.0000	0.0199	0.0201	0.0000	0.0000	0.0000	0.0000	4.8482	11.0312	0.0000	0.0510	0.0531	0.0000	6.1104	20.2061	0.0000			
22	57	0.0864	2	0	2	0	0	0	0	0	0	N	Y	N	N	N	N	N	N	N	N	N	N	0.4031	1.3015	0.0000	7.3338	7.6604	0.0004	0.0032	0.1662	0.0000	0.0570	0.0646	0.0000	0.9580	1.0048	0.0001	0.0005	0.0005	0.0000	0.1414	0.0497	0.2121	0.1306	0.1312	0.2159	0.1436	0.0032	0.2124	0.0000	5.5458	-0.0131	0.0068	4.0220	9.7645	5.3698	7.4558	0.0663	0.0663	0.0000	0.0657	0.0657	0.0000	0.0005	0.0005	0.0000	0.0690	0.0105	0.0585	0.0105	0.0105	0.0000	0.0585	0.0000	0.0585	1.1622	1.0252	0.1371	0.0686	0.0654	0.0032	1.0936	0.9597	0.1339	0.4880	0.2123	0.2757	0.0807	0.0803	0.0004	0.4073	0.1320	0.2753	0.4031	1.3015	0.0000	7.3338	7.6604	0.0048	0.0032	6.4140	0.0000	0.1414	0.0497	0.2121	0.1306	0.1312	0.0166	0.1436	0.0001	0.2124
22	58	0.1525	5	0	1	1	0	0	0	0	0	N	N	N	N	N	N	N	N	N	N	N	N	0.0046	0.0013	0.0533	0.0013	0.0009	0.0001	0.0081	inf	0.0395	0.0000	0.0000	0.0000	0.0000	0.0000	0.0000	0.0000	0.0000	0.0000	0.0005	0.0009	0.0002	0.0060	0.0057	0.3005	0.0001	0.0000	0.0002	1.2156	0.3067	0.0000	-0.0000	4.0220	1.0009	5.3698	0.0163	0.0000	0.0000	0.0000	0.0000	0.0000	0.0000	0.0000	0.0000	0.0000	0.0000	0.0000	0.0000	0.0000	0.0000	0.0000	0.0000	0.0000	0.0000	0.1524	0.1342	0.0182	0.0316	0.0288	0.0027	0.1208	0.1053	0.0155	0.0264	0.0107	0.0157	0.0018	0.0018	0.0000	0.0246	0.0090	0.0156	0.0046	0.0013	0.0533	0.0013	0.0009	0.0013	0.0081	inf	0.0395	0.0005	0.0009	0.0002	0.0060	0.0057	0.0269	0.0001	0.0000	0.0002
22	59	0.1371	4	0	1	0	0	0	0	0	0	N	N	N	N	N	N	N	N	N	N	N	N	0.9259	1.0929	0.0000	2.5048	2.7532	0.0000	0.0003	0.0503	0.0000	0.0005	0.0006	0.0000	0.0052	0.0057	0.0000	0.0000	0.0000	0.0000	0.0005	0.0005	0.0006	0.0021	0.0021	0.0106	0.0004	0.0000	0.0006	0.0000	1.4639	-0.0000	-0.0000	4.0220	1.9961	5.3698	0.0521	0.0001	0.0001	0.0000	0.0001	0.0001	0.0000	0.0000	0.0000	0.0000	0.0000	0.0000	0.0000	0.0000	0.0000	0.0000	0.0000	0.0000	0.0000	0.2980	0.2604	0.0376	0.0287	0.0261	0.0026	0.2692	0.2342	0.0350	0.0594	0.0249	0.0346	0.0063	0.0063	0.0000	0.0531	0.0186	0.0345	0.9259	1.0929	0.0000	2.5048	2.7532	0.0000	0.0003	0.0989	0.0000	0.0005	0.0005	0.0006	0.0021	0.0021	0.0019	0.0004	0.0000	0.0006
22	60	0.1294	3	0	1	0	0	0	0	0	0	N	N	N	N	N	N	N	N	N	N	N	N	2.5439	1.8011	0.0055	1.3428	1.3934	0.0007	3.2490	0.2788	0.0000	0.0125	0.0140	0.0000	0.0347	0.0360	0.0002	0.0072	0.0081	0.0000	0.0049	0.0077	0.0029	0.0258	0.0258	0.3157	0.0022	0.0292	0.0028	0.0001	0.5051	-0.0000	-0.0001	4.0220	0.0081	5.3698	1.0507	0.0000	0.0000	0.0000	0.0000	0.0000	0.0000	0.0000	0.0000	0.0000	0.0002	0.0001	0.0001	0.0001	0.0001	0.0000	0.0001	0.0000	0.0001	0.0017	0.0015	0.0002	0.0003	0.0003	0.0000	0.0014	0.0012	0.0002	0.0322	0.0136	0.0186	0.0037	0.0037	0.0000	0.0285	0.0099	0.0186	2.5439	1.8011	0.0055	1.3428	1.3934	0.0083	3.2490	8.0411	0.0000	0.0049	0.0077	0.0029	0.0258	0.0258	0.0278	0.0022	0.0010	0.0028
22	61	0.0806	2	0	1	0	0	0	0	0	0	N	N	N	N	N	N	N	N	N	N	N	N	0.4212	0.2410	0.0449	2.8957	2.9712	0.0152	0.0093	0.0058	0.0428	0.0838	0.0956	0.0018	2.1040	2.1613	0.0119	0.0003	0.0001	0.0017	0.1989	0.3968	0.0404	0.7266	0.7274	0.7804	0.0297	0.0098	0.0404	0.0027	0.1272	-0.0070	-0.0371	4.0220	3.0167	5.3698	3.2580	0.0361	0.0360	0.0001	0.0360	0.0360	0.0000	0.0001	0.0000	0.0001	0.0583	0.0517	0.0066	0.0517	0.0517	0.0000	0.0066	0.0000	0.0066	0.4310	0.3765	0.0545	0.0171	0.0166	0.0005	0.4139	0.3598	0.0541	0.2930	0.1303	0.1627	0.0711	0.0710	0.0001	0.2219	0.0593	0.1626	0.4212	0.2410	0.0449	2.8957	2.9712	0.1549	0.0093	0.1542	0.0428	0.1989	0.3968	0.0404	0.7266	0.7274	0.0765	0.0297	0.0004	0.0404
22	62	0.2434	7	0	2	0	0	0	0	0	0	N	Y	N	N	N	N	N	N	N	N	N	N	0.1070	337.8403	0.0000	108.9302	463.9763	0.0005	0.0000	0.6970	0.0000	0.5533	0.6109	0.0001	1.4708	1.5723	0.0003	0.0002	0.0002	0.0000	5.1716	0.0018	10.2234	0.0135	0.0034	0.6725	7.5149	0.0003	11.3159	0.0000	5785.9370	-0.0708	0.2609	4.0220	3.3327	5.3698	4.3103	0.3580	0.3580	0.0000	0.3580	0.3580	0.0000	0.0001	0.0001	0.0000	1.0400	0.0002	1.0398	0.0008	0.0002	0.0007	1.0392	0.0000	1.0392	0.6470	0.5861	0.0610	0.2434	0.2277	0.0157	0.4037	0.3584	0.0452	0.2011	0.0994	0.1017	0.0628	0.0529	0.0099	0.1383	0.0464	0.0918	0.1070	337.8403	0.0000	108.9302	463.9763	0.0046	0.0000	29.1271	0.0000	5.1716	0.0018	10.2234	0.0135	0.0034	0.0677	7.5149	0.0000	11.3159
22	63	0.2194	6	0	1	0	0	0	0	0	0	N	N	N	N	N	N	N	N	N	N	N	N	2.7151	3.2683	3.8578	4.2519	3.5090	429.7893	1.2638	0.5372	2.7640	0.9198	0.8475	1.6120	1.6390	1.5835	2.4269	0.3997	0.2856	1.2754	0.3388	0.2593	0.4179	0.3855	0.4513	0.0056	0.3163	0.5315	0.4614	0.1987	1.6193	-0.0203	-0.0071	4.0220	3.2669	5.3698	2.4507	0.6331	0.5282	0.1050	0.4735	0.4273	0.0462	0.1597	0.1009	0.0588	0.0541	0.0207	0.0335	0.0200	0.0200	0.0000	0.0341	0.0007	0.0335	0.6884	0.6233	0.0651	0.2889	0.2698	0.0190	0.3995	0.3534	0.0461	0.1598	0.0797	0.0801	0.0519	0.0443	0.0076	0.1079	0.0354	0.0725	2.7151	3.2683	3.8578	4.2519	3.5090	2274.8650	1.2638	15.1071	2.7640	0.3388	0.2593	0.4179	0.3855	0.4513	0.0011	0.3163	0.0189	0.4614
22	64	0.3037	10	1	1	1	0	0	0	0	0	N	N	N	N	N	N	N	N	N	N	N	N	0.0000	0.0000	0.0000	0.0000	0.0000	0.0000	0.0000	0.0000	0.0000	0.0000	0.0000	0.0000	0.0000	0.0000	0.0000	0.0000	0.0000	0.0000	0.0000	0.0000	4.0220	0.0000	5.3698	1.0000	0.0000	0.0000	0.0000	0.0000	0.0000	0.0000	0.0000	0.0000	0.0000	0.0000	0.0000	0.0000	0.0000	0.0000	0.0000	0.0000	0.0000	0.0000	0.0000	0.0000	0.0000	0.0000	0.0000	0.0000	0.0000	0.0000	0.0000	0.0232	0.0100	0.0132	0.0048	0.0046	0.0001	0.0184	0.0054	0.0131	0.0000	0.0000	0.0000	0.0000	0.0000	0.0000	0.0000	0.0000	0.0000	0.0000	0.0000	0.0000	0.0000	0.0000	0.0000	0.0000	0.0000	0.0000											
22	65	0.3037	9	1	1	1	0	0	0	0	0	N	N	N	N	N	N	N	N	N	N	N	N	0.0000	0.0000	0.0000	0.0000	0.0000	0.0000	0.0000	0.0000	0.0000	0.0000	0.0000	0.0000	0.0000	0.1857	0.3745	0.0000	0.3850	0.3853	0.0000	0.0000	0.0000	0.0000	0.0000	0.0000	-0.0000	4.0220	0.0000	5.3698	0.0001	0.0000	0.0000	0.0000	0.0000	0.0000	0.0000	0.0000	0.0000	0.0000	0.0000	0.0000	0.0000	0.0000	0.0000	0.0000	0.0000	0.0000	0.0000	0.0000	0.0000	0.0000	0.0000	0.0000	0.0000	0.0000	0.0000	0.0000	0.0000	0.0000	0.0000	0.0000	0.0000	0.0000	0.0000	0.0000	0.0000	0.0000	0.0000	0.0000	0.0000	0.0000	0.0000	0.0000	0.0000	0.0000	0.1857	0.3745	0.0000	0.3850	0.3853	0.0000	0.0000	0.0000	0.0000						
22	66	0.2915	8	1	1	1	0	0	0	0	0	N	N	N	N	N	N	N	N	N	N	N	N	0.0017	0.0007	0.5146	0.0013	0.0011	0.1133	0.0223	0.2513	0.0252	0.0001	0.0001	0.0002	0.0003	0.0003	0.0010	0.0000	0.0000	0.0000	0.0676	0.1499	0.0004	0.2328	0.2362	0.0086	0.0003	0.0000	0.0004	0.1937	0.0030	-0.0000	-0.0034	4.0220	1.9720	5.3698	0.0923	0.0000	0.0000	0.0000	0.0000	0.0000	0.0000	0.0000	0.0000	0.0000	0.0045	0.0045	0.0000	0.0045	0.0045	0.0000	0.0000	0.0000	0.0000	0.1975	0.1778	0.0196	0.0749	0.0712	0.0037	0.1226	0.1067	0.0159	0.0666	0.0300	0.0367	0.0193	0.0190	0.0003	0.0474	0.0109	0.0364	0.0017	0.0007	0.5146	0.0013	0.0011	0.6996	0.0223	3.2529	0.0252	0.0676	0.1499	0.0004	0.2328	0.2362	0.0014	0.0003	0.0000	0.0004
22	67	0.2699	7	1	1	1	0	0	0	0	0	N	N	N	N	N	N	N	N	N	N	N	N	0.1462	0.0062	0.8405	10.1958	0.0082	inf	0.0050	0.0000	0.0256	0.0077	0.0000	0.0782	0.0166	0.0000	0.3332	0.0003	0.0000	0.0024	0.0525	0.0011	0.0930	0.0016	0.0017	0.0000	0.0665	0.0124	0.0944	1287.9080	111.4423	0.0017	0.0011	4.0220	3.0650	5.3698	1.0636	0.0021	0.0000	0.0021	0.0020	0.0000	0.0020	0.0000	0.0000	0.0000	0.0045	0.0000	0.0045	0.0000	0.0000	0.0000	0.0045	0.0000	0.0045	0.2731	0.2463	0.0268	0.1230	0.1169	0.0061	0.1501	0.1294	0.0207	0.0861	0.0379	0.0482	0.0185	0.0178	0.0007	0.0675	0.0200	0.0475	0.1462	0.0062	0.8405	10.1958	0.0082	inf	0.0050	0.0001	0.0256	0.0525	0.0011	0.0930	0.0016	0.0017	0.0000	0.0665	0.0005	0.0944
22	68	0.1219	3	0	2	0	1	0	0	0	0	N	Y	N	N	N	N	N	N	N	N	N	N	1.8505	0.9969	0.1850	2.9569	3.0993	0.0156	0.2216	0.1025	0.1308	0.0467	0.0536	0.0001	0.3799	0.4073	0.0006	0.0001	0.0001	0.0001	0.0252	0.0538	0.0005	0.1285	0.1314	0.0358	0.0003	0.0007	0.0004	0.0003	0.0104	-0.0042	-0.0044	4.0220	2.7513	5.3698	4.0954	0.0214	0.0214	0.0000	0.0213	0.0213	0.0000	0.0000	0.0000	0.0000	0.0059	0.0059	0.0001	0.0059	0.0059	0.0000	0.0001	0.0000	0.0001	0.4577	0.3982	0.0595	0.0561	0.0524	0.0038	0.4015	0.3458	0.0557	0.2346	0.1089	0.1258	0.0456	0.0446	0.0011	0.1890	0.0643	0.1247	1.8505	0.9969	0.1850	2.9569	3.0993	0.1047	0.2216	5.3345	0.1308	0.0252	0.0538	0.0005	0.1285	0.1314	0.0053	0.0003	0.0000	0.0004
22	69	0.1994	5	0	2	0	0	0	0	0	0	N	Y	N	N	N	N	N	N	N	N	N	N	10.2810	1946.5384	0.0000	1791.6903	2589.9124	0.0000	0.0000	0.0000	2.1011	2.3564	0.0000	6.2249	6.7304	0.0000	0.0000	0.0000	0.0000	0.2044	0.0012	0.3634	0.0035	0.0026	0.0532	0.2741	0.0000	0.4008	0.0000	383.4211	-0.3798	0.0181	4.0220	9.9334	5.3698	8.9999	1.9200	1.9200	0.0000	1.9200	1.9200	0.0000	0.0000	0.0000	0.0000	0.0730	0.0002	0.0728	0.0003	0.0002	0.0001	0.0727	0.0000	0.0727	0.9138	0.8148	0.0990	0.3084	0.2853	0.0232	0.6054	0.5295	0.0758	0.3574	0.1570	0.2004	0.0921	0.0731	0.0190	0.2653	0.0838	0.1815	10.2810	1946.5384	0.0000	1791.6903	2589.9124	0.0000	0.0000	0.0000	0.0000	0.2044	0.0012	0.3634	0.0035	0.0026	0.0068	0.2741	0.0000	0.4008	
22	70	0.1994	5	0	2	0	0	0	0	0	0	N	Y	N	N	N	N	N	N	N	N	N	N	1.6653	0.0000	17.6385	0.0093	0.0000	inf	2.4244	17.2709	1.2621	0.0000	22.9213	0.0009	0.0000	0.1052	2.4191	0.0000	24.7595	0.7579	0.0595	1.2995	0.0975	0.1215	0.0000	0.9978	0.0000	1.4336	inf	28.1744	0.0531	0.0163	4.0220	0.0666	5.3698	4.0001	0.0662	0.0000	0.0662	0.0000	0.0000	0.0000	0.0662	0.0000	0.0662	0.0753	0.0026	0.0727	0.0026	0.0026	0.0000	0.0727	0.0000	0.0727	0.0525	0.0496	0.0029	0.0251	0.0249	0.0002	0.0274	0.0247	0.0027	0.0993	0.0434	0.0559	0.0265	0.0212	0.0052	0.0728	0.0221	0.0507	1.6653	0.0000	17.6385	0.0093	0.0000	inf	2.4244	0.0000	17.2709	0.7579	0.0595	1.2995	0.0975	0.1215	0.0000	0.9978	0.0000	1.4336	
22	71	0.2699	7	0	2	0	0	0	0	0	0	N	Y	N	N	N	N	N	N	N	N	N	N	0.0000	0.0000	0.0000	0.0000	0.0000	0.0000	0.0000	0.0000	0.0000	0.0000	0.0000	0.0000	0.0000	0.0000	0.0000	0.0000	0.7086	0.0033	1.2632	0.0068	0.0071	0.0000	0.9002	0.0000	1.2815	484.6000	0.0000	0.0181	4.0220	2.0000	5.3698	3.0000	0.0000	0.0000	0.0000	0.0000	0.0000	0.0000	0.0000	0.0000	0.0000	0.0728	0.0001	0.0727	0.0001	0.0001	0.0000	0.0727	0.0000	0.0727	0.1812	0.1634	0.0178	0.0821	0.0781	0.0041	0.0991	0.0854	0.0137	0.1028	0.0452	0.0575	0.0220	0.0212	0.0008	0.0807	0.0240	0.0567	0.0000	0.0000	0.0000	0.0000	0.0000	0.0000	0.0000	0.0000	0.0000	0.7086	0.0033	1.2632	0.0068	0.0071	0.0000	0.9002	0.0000	1.2815			
22	72	0.2430	6	0	1	0	0	0	0	0	0	N	N	N	N	N	N	N	N	N	N	N	N	1.3673	0.6703	0.0055	0.5745	0.5854	0.0000	1383.1927	577.9790	0.0079	1.2848	1.4088	0.0000	2.4310	2.5640	0.0000	0.0988	0.1130	0.0000	0.9397	2.1016	0.0001	4.2318	4.3798	0.0004	0.0001	0.0002	0.0001	0.0000	0.0001	-0.1615	-0.0836	4.0220	4.7932	5.3698	0.2507	0.8162	0.8162	0.0000	0.7853	0.7853	0.0000	0.0309	0.0309	0.0000	0.1116	0.1116	0.0000	0.1116	0.1116	0.0000	0.0000	0.0000	0.0000	0.6353	0.5794	0.0559	0.3230	0.3063	0.0168	0.3122	0.2731	0.0392	0.1188	0.0531	0.0657	0.0264	0.0255	0.0009	0.0924	0.0276	0.0648	1.3673	0.6703	0.0055	0.5745	0.5854	0.0000	1383.1927	24715.4456	0.0079	0.9397	2.1016	0.0001	4.2318	4.3798	0.0002	0.0001	0.0000	0.0001
22	73	0.1994	5	0	1	0	0	0	0	0	0	N	N	N	N	N	N	N	N	N	N	N	N	5.9092	1784.4206	0.1106	2108.1017	4151.7754	0.0660	0.2264	2.1362	0.1285	3.6484	4.0761	0.1212	10.1667	10.9693	0.0103	0.1897	0.1947	0.1553	0.6174	0.0023	1.0962	0.0048	0.0026	0.1558	0.8379	0.0911	1.2087	0.0036	616.5698	-0.3673	0.0279	4.0220	4.9764	5.3698	2.9948	1.8913	1.8845	0.0068	1.8270	1.8269	0.0001	0.0643	0.0576	0.0067	0.1119	0.0002	0.1117	0.0002	0.0001	0.0001	0.1116	0.0001	0.1116	0.5184	0.4623	0.0561	0.1797	0.1665	0.0132	0.3387	0.2958	0.0429	0.1812	0.0793	0.1019	0.0480	0.0384	0.0096	0.1332	0.0409	0.0923	5.9092	1784.4206	0.1106	2108.1017	4151.7754	0.7591	0.2264	99.9052	0.1285	0.6174	0.0023	1.0962	0.0048	0.0026	0.0135	0.8379	0.0019	1.2087
22	74	0.2194	6	0	2	0	0	0	0	0	0	N	Y	N	N	N	N	N	N	N	N	N	N	0.1716	1704.6090	0.0000	200.1733	661.7003	0.0001	0.1461	3431144.6066	0.0000	1.2179	1.3366	0.0000	0.8843	0.9435	0.0000	1.5268	1.7211	0.0000	7.0990	0.0008	14.0752	0.0044	0.0014	0.2325	10.4506	0.0000	15.5656	0.0000	18265.3851	-0.1346	0.3120	4.0220	1.8678	5.3698	4.6278	0.6803	0.6803	0.0000	0.2375	0.2375	0.0000	0.4428	0.4428	0.0000	1.2429	0.0001	1.2428	0.0002	0.0001	0.0002	1.2427	0.0000	1.2427	0.5586	0.5090	0.0496	0.2686	0.2517	0.0169	0.2900	0.2573	0.0327	0.1751	0.0868	0.0883	0.0562	0.0477	0.0085	0.1189	0.0391	0.0798	0.1716	1704.6090	0.0000	200.1733	661.7003	0.0006	0.1461	3431144.6066	0.0000	7.0990	0.0008	14.0752	0.0044	0.0014	0.0213	10.4506	0.0000	15.5656
22	75	0.1994	5	0	1	0	0	0	0	0	0	N	N	N	N	N	N	N	N	N	N	N	N	21.4073	425.0410	1.4672	724.1635	626.3647	581.9108	0.5062	1.1723	1.0327	3.6241	4.0108	0.4305	10.2144	10.9591	0.7444	0.1142	0.0822	0.3343	0.1693	0.0094	0.2934	0.0141	0.0175	0.0013	0.2255	0.0702	0.3237	0.0130	40.0454	-0.3315	0.0049	4.0220	4.7010	5.3698	0.6064	1.7917	1.7688	0.0230	1.7549	1.7456	0.0093	0.0368	0.0232	0.0137	0.0214	0.0005	0.0209	0.0005	0.0005	0.0000	0.0210	0.0000	0.0209	0.4944	0.4410	0.0534	0.1718	0.1593	0.0125	0.3226	0.2817	0.0409	0.1267	0.0554	0.0713	0.0337	0.0270	0.0067	0.0930	0.0284	0.0646	21.4073	425.0410	1.4672	724.1635	626.3647	1833.1950	0.5062	46.7140	1.0327	0.1693	0.0094	0.2934	0.0141	0.0175	0.0004	0.2255	0.0018	0.3237
22	76	0.1394	4	0	1	0	0	0	0	0	0	N	N	N	N	N	N	N	N	N	N	N	N	128.8465	4.0605	31372.5304	6.0041	5.1566	139.6785	7629.7967	2.9633	40997.2614	1.5257	0.1040	12.8793	0.3219	0.3100	0.4727	2.0759	0.0038	16.0991	0.0118	0.0256	0.0004	0.0536	0.0601	0.0034	0.0003	0.0013	0.0004	15.5088	0.0193	0.8312	-0.0018	4.0220	4.7970	5.3698	3.0436	1.1208	0.0679	1.0529	0.0742	0.0662	0.0080	1.0466	0.0017	1.0449	0.0024	0.0024	0.0000	0.0024	0.0024	0.0000	0.0000	0.0000	0.0000	0.7346	0.6529	0.0818	0.2304	0.2136	0.0168	0.5042	0.4393	0.0649	0.2050	0.0930	0.1120	0.0445	0.0396	0.0049	0.1605	0.0534	0.1071	128.8465	4.0605	31372.5304	6.0041	5.1566	589.0645	7629.7967	126.1404	40997.2614	0.0118	0.0256	0.0004	0.0536	0.0601	0.0008	0.0003	0.0000	0.0004
22	78	0.2029	7	1	2	0	1	0	0	0	0	N	Y	N	N	N	N	N	N	N	N	N	N	0.2598	0.1415	0.0000	0.2169	0.2053	0.0000	0.0064	0.0092	0.0000	0.0001	0.0001	0.0000	0.0003	0.0003	0.0000	0.0000	0.0000	0.0000	0.0003	0.0007	0.0001	0.0014	0.0016	0.0001	0.0000	0.0000	0.0001	0.0000	0.1122	-0.0000	-0.0000	4.0220	1.0000	5.3698	2.0144	0.0000	0.0000	0.0000	0.0000	0.0000	0.0000	0.0000	0.0000	0.0000	0.0000	0.0000	0.0000	0.0000	0.0000	0.0000	0.0000	0.0000	0.0000	0.1192	0.1060	0.0132	0.0333	0.0310	0.0023	0.0859	0.0750	0.0108	0.0794	0.0346	0.0448	0.0168	0.0147	0.0021	0.0626	0.0199	0.0427	0.2598	0.1415	0.0000	0.2169	0.2053	0.0000	0.0064	0.1429	0.0000	0.0003	0.0007	0.0001	0.0014	0.0016	0.0001	0.0000	0.0000	0.0001
22	79	0.1807	6	1	2	0	1	0	0	0	0	N	Y	N	N	N	N	N	N	N	N	N	N	958.4688	481.0443	0.0000	5.3067	4.9742	4400.1204	64.3442	0.0000	1.1599	1.3043	0.0000	0.0238	0.0255	0.0000	1.6037	1.8370	0.0000	0.0012	0.0027	0.0001	0.0045	0.0051	0.0000	0.0004	0.0285	0.0001	0.0000	0.0314	-0.0000	-0.0001	4.0220	0.0001	5.3698	3.0180	0.0000	0.0000	0.0000	0.0000	0.0000	0.0000	0.0000	0.0000	0.0000	0.0001	0.0001	0.0000	0.0001	0.0001	0.0000	0.0000	0.0000	0.0000	0.0000	0.0000	0.0000	0.0000	0.0000	0.0000	0.0000	0.0000	0.0000	0.0789	0.0341	0.0447	0.0162	0.0141	0.0021	0.0627	0.0200	0.0427	958.4688	481.0443	0.0000	5.3067	4.9742	0.0000	4400.1204	1841.7825	0.0000	0.0012	0.0027	0.0001	0.0045	0.0051	0.0000	0.0004	0.0010	0.0001	
22	80	0.2027	8	0	2	0	1	0	0	0	0	N	Y	N	N	N	N	N	N	N	N	N	N	0.0000	0.0000	0.0000	0.0000	0.0000	0.0000	0.0000	0.0000	0.0000	0.0000	0.0000	0.0000	0.0000	0.0000	0.0000	0.0000	0.0000	0.0000	0.0000	0.0000	4.0220	0.0000	5.3698	0.0000	0.0000	0.0000	0.0000	0.0000	0.0000	0.0000	0.0000	0.0000	0.0000	0.0000	0.0000	0.0000	0.0000	0.0000	0.0000	0.0000	0.0000	0.0000	0.0000	0.0000	0.0000	0.0000	0.0000	0.0000	0.0000	0.0000	0.0000	0.0000	0.0000	0.0000	0.0000	0.0000	0.0000	0.0000	0.0000	0.0000	0.0000	0.0000	0.0000	0.0000	0.0000	0.0000	0.0000	0.0000	0.0000	0.0000	0.0000	0.0000	0.0000	0.0000	0.0000	0.0000	0.0000	0.0000											
22	81	0.1807	6	0	1	1	1	0	0	0	0	N	N	N	N	N	N	N	N	N	N	N	N	0.0000	0.0000	0.0000	0.0000	0.0000	0.0000	0.0000	0.0000	0.0000	0.0000	0.0000	0.0000	0.0000	0.0000	0.0000	0.0000	0.0000	0.0000	0.0000	0.0000	4.0220	2.0000	5.3698	0.0000	0.0000	0.0000	0.0000	0.0000	0.0000	0.0000	0.0000	0.0000	0.0000	0.0000	0.0000	0.0000	0.0000	0.0000	0.0000	0.0000	0.0000	0.0000	0.2326	0.2070	0.0256	0.0646	0.0601	0.0045	0.1680	0.1469	0.0211	0.0534	0.0231	0.0303	0.0110	0.0096	0.0014	0.0424	0.0135	0.0289	0.0000	0.0000	0.0000	0.0000	0.0000	0.0000	0.0000	0.0000	0.0000	0.0000	0.0000	0.0000	0.0000	0.0000	0.0000	0.0000	0.0000	0.0000											
22	82	0.1807	6	0	1	1	1	0	0	0	0	N	N	N	N	N	N	N	N	N	N	N	N	0.0000	0.0000	0.0000	0.0000	0.0000	0.0000	0.0000	0.0000	0.0000	0.0000	0.0000	0.0000	0.0000	0.0021	0.0047	0.0000	0.0100	0.0115	0.0000	0.0000	0.0000	0.0000	0.0000	0.0000	-0.0002	4.0220	0.0000	5.3698	4.0000	0.0000	0.0000	0.0000	0.0000	0.0000	0.0000	0.0000	0.0000	0.0000	0.0002	0.0002	0.0000	0.0002	0.0002	0.0000	0.0000	0.0000	0.0000	0.0000	0.0000	0.0000	0.0000	0.0000	0.0000	0.0000	0.0000	0.0000	0.1023	0.0443	0.0580	0.0210	0.0183	0.0027	0.0813	0.0260	0.0553	0.0000	0.0000	0.0000	0.0000	0.0000	0.0000	0.0000	0.0000	0.0000	0.0021	0.0047	0.0000	0.0100	0.0115	0.0000	0.0000	0.0000	0.0000						
22	83	0.2027	8	0	1	1	1	0	0	0	0	N	N	N	N	N	N	N	N	N	N	N	N	0.0000	0.0000	0.0000	0.0000	0.0000	0.0000	0.0000	0.0000	0.0000	0.0000	0.0000	0.0000	0.0000	0.0000	0.0000	0.0000	0.0000	0.0000	0.0000	0.0000	4.0220	0.0000	5.3698	2.0000	0.0000	0.0000	0.0000	0.0000	0.0000	0.0000	0.0000	0.0000	0.0000	0.0000	0.0000	0.0000	0.0000	0.0000	0.0000	0.0000	0.0000	0.0000	0.0000	0.0000	0.0000	0.0000	0.0000	0.0000	0.0000	0.0000	0.0000	0.0531	0.0237	0.0294	0.0130	0.0115	0.0015	0.0401	0.0122	0.0279	0.0000	0.0000	0.0000	0.0000	0.0000	0.0000	0.0000	0.0000	0.0000	0.0000	0.0000	0.0000	0.0000	0.0000	0.0000	0.0000	0.0000	0.0000											
22	84	0.1954	7	0	1	0	1	0	0	0	0	N	N	N	N	N	N	N	N	N	N	N	N	0.0000	0.0000	0.0000	0.0000	0.0000	0.0000	0.0000	0.0000	0.0000	0.0000	0.0000	0.0000	0.0000	0.0000	0.0000	0.0000	0.0000	0.0028	0.0062	0.0000	0.0112	0.0126	0.0000	0.0000	0.0000	0.0000	0.0032	0.0000	-0.0001	4.0220	1.0000	5.3698	0.0015	0.0000	0.0000	0.0000	0.0000	0.0000	0.0000	0.0000	0.0000	0.0000	0.0001	0.0001	0.0000	0.0001	0.0001	0.0000	0.0000	0.0000	0.0000	0.1192	0.1060	0.0132	0.0333	0.0310	0.0023	0.0859	0.0750	0.0108	0.0278	0.0124	0.0153	0.0069	0.0061	0.0008	0.0209	0.0063	0.0146	0.0000	0.0000	0.0000	0.0000	0.0000	0.0000	0.0000	0.0000	0.0000	0.0028	0.0062	0.0000	0.0112	0.0126	0.0000	0.0000	0.0000	0.0000		
22	85	0.1807	6	0	1	0	1	0	0	0	0	N	N	N	N	N	N	N	N	N	N	N	N	0.0000	0.0000	0.0000	0.0000	0.0000	0.0000	0.0000	0.0000	0.0000	0.0000	0.0000	0.0000	0.0000	0.0000	0.0000	0.0000	0.0155	0.0324	0.0025	0.0681	0.0780	0.0000	0.0018	0.0000	0.0027	0.1027	0.0000	-0.0005	4.0220	0.0000	5.3698	2.0013	0.0000	0.0000	0.0000	0.0000	0.0000	0.0000	0.0000	0.0000	0.0000	0.0008	0.0008	0.0001	0.0008	0.0008	0.0000	0.0001	0.0000	0.0001	0.0000	0.0000	0.0000	0.0000	0.0000	0.0000	0.0000	0.0000	0.0000	0.0535	0.0231	0.0304	0.0110	0.0096	0.0014	0.0425	0.0135	0.0290	0.0000	0.0000	0.0000	0.0000	0.0000	0.0000	0.0000	0.0000	0.0000	0.0155	0.0324	0.0025	0.0681	0.0780	0.0000	0.0018	0.0000	0.0027			
22	86	0.2206	6	1	2	0	0	0	0	0	0	N	Y	N	N	N	N	N	N	N	N	N	N	7.3572	4.5624	0.0675	4.2223	4.2878	1.1705	17.1853	6.8147	0.0272	0.6239	0.6767	0.0010	0.8809	0.9288	0.0018	0.1960	0.2232	0.0004	0.0848	0.1483	0.0147	0.2086	0.2166	0.0016	0.0114	0.0328	0.0151	0.0001	0.0898	-0.0000	-0.0032	4.0220	0.0007	5.3698	0.9812	0.0002	0.0002	0.0000	0.0001	0.0001	0.0000	0.0000	0.0000	0.0000	0.0048	0.0044	0.0004	0.0044	0.0044	0.0000	0.0004	0.0000	0.0004	0.0003	0.0002	0.0000	0.0002	0.0002	0.0000	0.0001	0.0001	0.0000	0.0562	0.0295	0.0267	0.0209	0.0202	0.0008	0.0353	0.0093	0.0260	7.3572	4.5624	0.0675	4.2223	4.2878	4.1991	17.1853	208.0565	0.0272	0.0848	0.1483	0.0147	0.2086	0.2166	0.0004	0.0114	0.0011	0.0151
22	87	0.1648	5	1	2	0	0	0	0	0	0	N	Y	N	N	N	N	N	N	N	N	N	N	0.1484	0.1463	0.0000	310.6932	296.6345	0.0104	0.0073	0.0054	0.0000	1.6812	1.8815	0.0001	5.5615	5.9583	0.0002	0.1040	0.1185	0.0001	11.3261	12.8631	10.1219	0.0179	0.0201	0.0161	14.3375	22.1235	10.6189	0.0000	1.0043	-0.1941	-0.4937	4.0220	5.0272	5.3698	2.1572	0.9811	0.9811	0.0000	0.9380	0.9380	0.0000	0.0431	0.0431	0.0000	1.9918	0.9937	0.9981	0.0007	0.0007	0.0000	1.9912	0.9931	0.9981	0.5836	0.5215	0.0621	0.1687	0.1574	0.0112	0.4149	0.3640	0.0509	0.1759	0.0773	0.0986	0.0370	0.0324	0.0046	0.1389	0.0449	0.0940	0.1484	0.1463	0.0000	310.6932	296.6345	0.0650	0.0073	0.0054	0.0000	11.3261	12.8631	10.1219	0.0179	0.0201	0.0026	14.3375	22.1235	10.6189
22	88	0.2180	7	0	2	0	0	0	0	0	0	N	Y	N	N	N	N	N	N	N	N	N	N	0.0000	0.0000	0.0000	0.0000	0.0000	0.0000	0.0000	0.0000	0.0000	0.0000	0.0000	0.0000	0.0000	0.0016	0.0036	0.0000	0.0073	0.0084	0.0000	0.0000	0.0000	0.0000	0.0000	0.0000	-0.0001	4.0220	0.0000	5.3698	4.0000	0.0000	0.0000	0.0000	0.0000	0.0000	0.0000	0.0000	0.0000	0.0000	0.0002	0.0002	0.0000	0.0002	0.0002	0.0000	0.0000	0.0000	0.0000	0.0000	0.0000	0.0000	0.0000	0.0000	0.0000	0.0000	0.0000	0.0000	0.1073	0.0473	0.0600	0.0233	0.0203	0.0030	0.0840	0.0270	0.0570	0.0000	0.0000	0.0000	0.0000	0.0000	0.0000	0.0000	0.0000	0.0000	0.0016	0.0036	0.0000	0.0073	0.0084	0.0000	0.0000	0.0000	0.0000						
22	89	0.1807	6	0	2	0	0	0	0	0	0	N	Y	N	N	N	N	N	N	N	N	N	N	0.0001	0.0000	0.0003	0.4084	0.0000	inf	0.0000	0.0002	0.0004	0.0000	0.0037	0.0006	0.0000	0.0091	0.0003	0.0000	0.0026	7.9748	0.0007	14.0751	0.0016	0.0018	0.0000	10.0276	0.0000	14.7633	inf	24962.0000	0.0001	0.2506	4.0220	3.0000	5.3698	2.0000	0.0001	0.0000	0.0001	0.0001	0.0000	0.0001	0.0001	0.0000	0.0001	0.9985	0.0000	0.9985	0.0000	0.0000	0.0000	0.9985	0.0000	0.9985	0.3407	0.3033	0.0373	0.0942	0.0876	0.0066	0.2465	0.2157	0.0308	0.1252	0.0543	0.0709	0.0256	0.0223	0.0033	0.0996	0.0319	0.0676	0.0001	0.0000	0.0003	0.4084	0.0000	inf	0.0000	0.0000	0.0002	7.9748	0.0007	14.0751	0.0016	0.0018	0.0000	10.0276	0.0000	14.7633	
22	90	0.1807	6	1	2	0	0	0	0	0	0	N	Y	N	N	N	N	N	N	N	N	N	N	0.0000	0.0000	0.0000	0.0000	0.0000	0.0000	0.0000	0.0000	0.0000	0.0000	0.0000	0.0000	0.0000	0.0000	0.0000	0.0068	0.0157	0.0000	0.0316	0.0363	0.0000	0.0004	0.0471	0.0000	0.0000	0.0000	-0.0006	4.0220	2.0000	5.3698	3.0000	0.0000	0.0000	0.0000	0.0000	0.0000	0.0000	0.0000	0.0000	0.0000	0.0009	0.0009	0.0000	0.0008	0.0008	0.0000	0.0000	0.0000	0.0000	0.2326	0.2070	0.0256	0.0646	0.0601	0.0045	0.1680	0.1469	0.0211	0.1252	0.0543	0.0709	0.0256	0.0223	0.0033	0.0996	0.0319	0.0676	0.0000	0.0000	0.0000	0.0000	0.0000	0.0000	0.0000	0.0000	0.0000	0.0068	0.0157	0.0000	0.0316	0.0363	0.0000	0.0004	0.0013	0.0000				
22	91	0.1648	5	0	1	0	0	0	0	0	0	N	N	N	N	N	N	N	N	N	N	N	N	1.1567	0.0063	2448.4142	0.2045	0.0084	195.7624	450.8188	0.0235	2515.4300	0.2017	0.0024	1.9370	0.1555	0.0071	2.4885	0.2238	0.0000	1.8098	0.1744	0.3874	0.0008	0.7604	0.8523	0.0127	0.0005	0.0007	0.0007	91.5171	0.0025	0.0454	-0.0079	4.0220	2.0705	5.3698	0.0351	0.0574	0.0006	0.0568	0.0143	0.0006	0.0137	0.0431	0.0000	0.0431	0.0106	0.0106	0.0000	0.0106	0.0106	0.0000	0.0000	0.0000	0.0000	0.2847	0.2554	0.0293	0.0920	0.0865	0.0055	0.1927	0.1689	0.0238	0.0607	0.0273	0.0335	0.0139	0.0124	0.0015	0.0468	0.0149	0.0320	1.1567	0.0063	2448.4142	0.2045	0.0084	1074.6220	450.8188	0.9847	2515.4300	0.1744	0.3874	0.0008	0.7604	0.8523	0.0023	0.0005	0.0000	0.0007
22	92	0.1394	4	0	1	0	0	0	0	0	0	N	N	N	N	N	N	N	N	N	N	N	N	2.1885	0.9553	13.4186	5.9791	5.8012	2.3603	1.4744	0.0060	16.2651	0.2403	0.1366	1.0763	0.3423	0.3639	0.0524	0.1866	0.0085	1.3599	0.1098	0.1430	0.0802	0.0572	0.0627	0.0222	0.1266	1.4173	0.0836	0.9766	0.6300	0.0434	-0.0044	4.0220	3.4249	5.3698	0.1413	0.1465	0.0741	0.0724	0.0719	0.0711	0.0008	0.0746	0.0030	0.0716	0.0121	0.0074	0.0047	0.0015	0.0015	0.0000	0.0106	0.0059	0.0047	0.6096	0.5423	0.0672	0.2101	0.1955	0.0146	0.3995	0.3468	0.0527	0.1106	0.0521	0.0585	0.0268	0.0243	0.0025	0.0838	0.0278	0.0560	2.1885	0.9553	13.4186	5.9791	5.8012	14.8998	1.4744	0.0400	16.2651	0.1098	0.1430	0.0802	0.0572	0.0627	0.0035	0.1266	0.2133	0.0836
22	93	0.1219	3	0	1	0	0	0	0	0	0	N	N	N	N	N	N	N	N	N	N	N	N	39.9124	0.3473	1183.0707	0.9285	0.8728	1.3102	195.8774	0.0307	1276.0537	2.3402	0.0369	17.6261	0.1876	0.1794	0.3002	2.6844	0.0121	18.9510	0.0586	0.1062	0.0149	0.2020	0.2056	0.2291	0.0137	0.3957	0.0149	72.0176	0.1526	0.7360	-0.0054	4.0220	2.2814	5.3698	1.1633	0.9334	0.0128	0.9206	0.0103	0.0092	0.0011	0.9231	0.0036	0.9195	0.0087	0.0075	0.0011	0.0071	0.0071	0.0000	0.0015	0.0004	0.0011	0.3988	0.3466	0.0522	0.0550	0.0513	0.0037	0.3439	0.2953	0.0485	0.1481	0.0709	0.0771	0.0353	0.0347	0.0007	0.1128	0.0363	0.0765	39.9124	0.3473	1183.0707	0.9285	0.8728	14.8400	195.8774	1.0748	1276.0537	0.0586	0.1062	0.0149	0.2020	0.2056	0.0202	0.0137	0.0113	0.0149
22	94	0.0806	2	0	1	0	0	0	0	0	0	N	N	N	N	N	N	N	N	N	N	N	N	0.3358	0.0983	21.7669	0.8231	0.8346	0.3194	3.7997	0.0180	21.8331	0.1335	0.0849	0.4672	1.2519	1.2708	0.4437	0.0658	0.0040	0.4674	0.3976	0.8632	0.0215	1.5209	1.5226	1.3895	0.0173	0.2202	0.0214	0.8020	0.0308	0.0079	-0.0803	4.0220	1.5401	5.3698	4.1671	0.0320	0.0178	0.0143	0.0171	0.0170	0.0001	0.0149	0.0008	0.0141	0.1116	0.1083	0.0033	0.1080	0.1080	0.0000	0.0036	0.0003	0.0033	0.2399	0.2094	0.0305	0.0137	0.0134	0.0003	0.2262	0.1960	0.0302	0.2808	0.1255	0.1553	0.0710	0.0709	0.0001	0.2098	0.0545	0.1553	0.3358	0.0983	21.7669	0.8231	0.8346	3.7530	3.7997	0.6955	21.8331	0.3976	0.8632	0.0215	1.5209	1.5226	0.1182	0.0173	0.0057	0.0214
22	98	0.1483	3	0	1	0	0	0	0	0	0	N	N	N	N	N	N	N	N	N	N	N	N	11.7213	24.2321	0.0071	4.5429	4.6201	0.1381	15.1221	440.7995	0.0066	1.5929	1.7549	0.0014	0.5599	0.5911	0.0017	2.1386	2.4117	0.0014	0.1359	0.0724	0.2041	0.1233	0.1279	0.0121	0.1414	0.0055	0.2090	0.0001	2.6225	-0.2824	-0.0016	4.0220	4.9999	5.3698	9.0821	1.4283	1.4282	0.0001	0.1736	0.1735	0.0000	1.2547	1.2546	0.0001	0.0649	0.0179	0.0470	0.0179	0.0179	0.0000	0.0470	0.0000	0.0470	0.8967	0.8138	0.0829	0.3100	0.2936	0.0164	0.5867	0.5202	0.0665	0.4778	0.2475	0.2303	0.1453	0.1399	0.0054	0.3324	0.1076	0.2249	11.7213	24.2321	0.0071	4.5429	4.6201	0.7475	15.1221	12140.7885	0.0066	0.1359	0.0724	0.2041	0.1233	0.1279	0.0022	0.1414	0.0002	0.2090
23	24	0.2899	9	1	2	0	0	0	0	0	0	N	Y	N	N	N	N	N	N	N	N	N	N	0.0000	0.0000	0.0000	0.0000	0.0000	0.0000	0.0000	0.0000	0.0000	0.0000	0.0000	0.0000	0.0000	0.0000	0.0000	0.0000	0.0000	0.0000	0.0000	0.0000	0.0000	0.0018	3.0000	0.9893	0.0000	0.0000	0.0000	0.0000	0.0000	0.0000	0.0000	0.0000	0.0000	0.0000	0.0000	0.0000	0.0000	0.0000	0.0000	0.0000	0.0000	0.0000	0.0000	0.0000	0.0000	0.0000	0.0000	0.0000	0.0000	0.0000	0.0000	0.0050	0.0024	0.0026	0.0011	0.0010	0.0001	0.0039	0.0014	0.0025	0.0000	0.0000	0.0000	0.0000	0.0000	0.0000	0.0000	0.0000	0.0000	0.0000	0.0000	0.0000	0.0000	0.0000	0.0000	0.0000	0.0000	0.0000											
23	25	0.0992	3	2	2	0	0	0	0	0	0	Y	Y	N	N	N	N	N	N	N	N	N	N	0.0000	0.0000	0.0000	0.0000	0.0000	0.0000	0.0000	0.0000	0.0000	0.0000	0.0000	0.0000	0.0000	0.0000	0.0000	0.0000	0.0000	0.0000	0.0000	0.0000	0.0000	2.0666	3.0000	3.9999	0.0000	0.0000	0.0000	0.0000	0.0000	0.0000	0.0000	0.0000	0.0000	0.0000	0.0000	0.0000	0.0000	0.0000	0.0000	0.0000	0.0000	0.0000	0.0000	0.0000	0.0000	0.0000	0.0000	0.0000	0.0000	0.0000	0.0000	0.0424	0.0141	0.0283	0.0065	0.0043	0.0022	0.0359	0.0098	0.0261	0.0000	0.0000	0.0000	0.0000	0.0000	0.0000	0.0000	0.0000	0.0000	0.0000	0.0000	0.0000	0.0000	0.0000	0.0000	0.0000	0.0000	0.0000											
23	28	0.0992	3	1	2	1	1	0	0	0	0	N	Y	N	N	N	N	N	N	N	N	N	N	0.0000	0.0000	0.0000	0.0000	0.0000	0.0000	0.0000	0.0000	0.0000	0.0000	0.0000	0.0000	0.0000	0.0000	0.0000	0.0000	0.0000	0.0000	0.0000	0.0000	0.0000	3.9334	3.0000	8.9999	0.0000	0.0000	0.0000	0.0000	0.0000	0.0000	0.0000	0.0000	0.0000	0.0000	0.0000	0.0000	0.0000	0.0000	0.0000	0.0000	0.0000	0.0000	0.0000	0.0000	0.0000	0.0000	0.0000	0.0000	0.0000	0.0000	0.0000	0.0808	0.0270	0.0537	0.0119	0.0077	0.0041	0.0689	0.0193	0.0496	0.0000	0.0000	0.0000	0.0000	0.0000	0.0000	0.0000	0.0000	0.0000	0.0000	0.0000	0.0000	0.0000	0.0000	0.0000	0.0000	0.0000	0.0000											
23	29	0.0598	3	1	2	0	0	0	0	0	0	N	Y	N	N	N	N	N	N	N	N	N	N	0.0000	0.0000	0.0000	0.0000	0.0000	0.0000	0.0000	0.0000	0.0000	0.0000	0.0000	0.0000	0.0000	0.0000	0.0000	0.0000	0.0000	0.0000	0.0000	0.0000	0.0000	7.9836	3.0000	2.1583	0.0000	0.0000	0.0000	0.0000	0.0000	0.0000	0.0000	0.0000	0.0000	0.0000	0.0000	0.0000	0.0000	0.0000	0.0000	0.0000	0.0000	0.0000	0.0000	0.0000	0.0000	0.0000	0.0000	0.0000	0.0000	0.0000	0.0000	0.0738	0.0220	0.0518	0.0051	0.0051	0.0000	0.0688	0.0170	0.0518	0.0000	0.0000	0.0000	0.0000	0.0000	0.0000	0.0000	0.0000	0.0000	0.0000	0.0000	0.0000	0.0000	0.0000	0.0000	0.0000	0.0000	0.0000											
23	30	0.0992	3	2	2	0	0	0	0	0	0	Y	Y	N	N	N	N	N	N	N	N	N	N	0.0000	0.0000	0.0000	0.0000	0.0000	0.0000	0.0000	0.0000	0.0000	0.0000	0.0000	0.0000	0.0000	0.0000	0.0000	0.0000	0.0000	0.0000	0.0000	0.0000	0.0000	9.9334	3.0000	11.0001	0.0000	0.0000	0.0000	0.0000	0.0000	0.0000	0.0000	0.0000	0.0000	0.0000	0.0000	0.0000	0.0000	0.0000	0.0000	0.0000	0.0000	0.0000	0.0000	0.0000	0.0000	0.0000	0.0000	0.0000	0.0000	0.0000	0.0000	0.1154	0.0389	0.0766	0.0161	0.0103	0.0058	0.0993	0.0286	0.0707	0.0000	0.0000	0.0000	0.0000	0.0000	0.0000	0.0000	0.0000	0.0000	0.0000	0.0000	0.0000	0.0000	0.0000	0.0000	0.0000	0.0000	0.0000											
23	31	0.0992	3	1	1	1	0	0	0	0	0	N	N	N	N	N	N	N	N	N	N	N	N	0.0000	0.0000	0.0000	0.0000	0.0000	0.0000	0.0000	0.0000	0.0000	0.0000	0.0000	0.0000	0.0000	0.0000	0.0000	0.0000	0.0000	0.0000	0.0000	0.0000	0.0000	2.9334	3.0000	4.9999	0.0000	0.0000	0.0000	0.0000	0.0000	0.0000	0.0000	0.0000	0.0000	0.0000	0.0000	0.0000	0.0000	0.0000	0.0000	0.0000	0.0000	0.0000	0.0000	0.0000	0.0000	0.0000	0.0000	0.0000	0.0000	0.0000	0.0000	0.0537	0.0179	0.0358	0.0081	0.0054	0.0028	0.0456	0.0126	0.0330	0.0000	0.0000	0.0000	0.0000	0.0000	0.0000	0.0000	0.0000	0.0000	0.0000	0.0000	0.0000	0.0000	0.0000	0.0000	0.0000	0.0000	0.0000											
23	32	0.0992	3	1	2	0	0	0	0	0	0	N	Y	N	N	N	N	N	N	N	N	N	N	0.0000	0.0000	0.0000	0.0000	0.0000	0.0000	0.0000	0.0000	0.0000	0.0000	0.0000	0.0000	0.0000	0.0000	0.0000	0.0000	0.0000	0.0000	0.0000	0.0000	0.0000	3.0666	3.0000	3.9999	0.0000	0.0000	0.0000	0.0000	0.0000	0.0000	0.0000	0.0000	0.0000	0.0000	0.0000	0.0000	0.0000	0.0000	0.0000	0.0000	0.0000	0.0000	0.0000	0.0000	0.0000	0.0000	0.0000	0.0000	0.0000	0.0000	0.0000	0.0486	0.0162	0.0324	0.0074	0.0049	0.0025	0.0412	0.0113	0.0299	0.0000	0.0000	0.0000	0.0000	0.0000	0.0000	0.0000	0.0000	0.0000	0.0000	0.0000	0.0000	0.0000	0.0000	0.0000	0.0000	0.0000	0.0000											
23	33	0.0467	2	2	1	1	0	0	0	0	0	Y	N	N	N	N	N	N	N	N	N	N	N	0.0000	0.0000	0.0000	0.0000	0.0000	0.0000	0.0000	0.0000	0.0000	0.0000	0.0000	0.0000	0.0000	0.0000	0.0000	0.0000	0.0000	0.0000	0.0000	0.0000	0.0000	0.9991	3.0000	2.0219	0.0000	0.0000	0.0000	0.0000	0.0000	0.0000	0.0000	0.0000	0.0000	0.0000	0.0000	0.0000	0.0000	0.0000	0.0000	0.0000	0.0000	0.0000	0.0000	0.0000	0.0000	0.0000	0.0000	0.0000	0.0000	0.0000	0.0000	0.0296	0.0087	0.0208	0.0030	0.0024	0.0006	0.0266	0.0063	0.0202	0.0000	0.0000	0.0000	0.0000	0.0000	0.0000	0.0000	0.0000	0.0000	0.0000	0.0000	0.0000	0.0000	0.0000	0.0000	0.0000	0.0000	0.0000											
23	34	0.0992	3	1	2	0	0	0	0	0	0	N	Y	N	N	N	N	N	N	N	N	N	N	0.0000	0.0000	0.0000	0.0000	0.0000	0.0000	0.0000	0.0000	0.0000	0.0000	0.0000	0.0000	0.0000	0.0000	0.0000	0.0000	0.0000	0.0000	0.0000	0.0000	0.0000	4.9334	3.0000	5.0001	0.0000	0.0000	0.0000	0.0000	0.0000	0.0000	0.0000	0.0000	0.0000	0.0000	0.0000	0.0000	0.0000	0.0000	0.0000	0.0000	0.0000	0.0000	0.0000	0.0000	0.0000	0.0000	0.0000	0.0000	0.0000	0.0000	0.0000	0.0651	0.0218	0.0434	0.0097	0.0064	0.0033	0.0554	0.0154	0.0400	0.0000	0.0000	0.0000	0.0000	0.0000	0.0000	0.0000	0.0000	0.0000	0.0000	0.0000	0.0000	0.0000	0.0000	0.0000	0.0000	0.0000	0.0000											
23	35	0.0467	2	2	1	1	0	0	0	0	0	Y	N	N	N	N	N	N	N	N	N	N	N	0.0000	0.0000	0.0000	0.0000	0.0000	0.0000	0.0000	0.0000	0.0000	0.0000	0.0000	0.0000	0.0000	0.0000	0.0000	0.0000	0.0000	0.0000	0.0000	0.0000	0.0000	0.0009	3.0000	1.9867	0.0000	0.0000	0.0000	0.0000	0.0000	0.0000	0.0000	0.0000	0.0000	0.0000	0.0000	0.0000	0.0000	0.0000	0.0000	0.0000	0.0000	0.0000	0.0000	0.0000	0.0000	0.0000	0.0000	0.0000	0.0000	0.0000	0.0000	0.0212	0.0067	0.0145	0.0027	0.0023	0.0004	0.0185	0.0044	0.0141	0.0000	0.0000	0.0000	0.0000	0.0000	0.0000	0.0000	0.0000	0.0000	0.0000	0.0000	0.0000	0.0000	0.0000	0.0000	0.0000	0.0000	0.0000											
23	38	0.0992	3	1	1	1	0	0	0	0	0	N	N	N	N	N	N	N	N	N	N	N	N	0.0000	0.0000	0.0000	0.0000	0.0000	0.0000	0.0000	0.0000	0.0000	0.0000	0.0000	0.0000	0.0000	0.0000	0.0000	0.0000	0.0000	0.0000	0.0000	0.0000	0.0000	3.0666	3.0000	2.9999	0.0000	0.0000	0.0000	0.0000	0.0000	0.0000	0.0000	0.0000	0.0000	0.0000	0.0000	0.0000	0.0000	0.0000	0.0000	0.0000	0.0000	0.0000	0.0000	0.0000	0.0000	0.0000	0.0000	0.0000	0.0000	0.0000	0.0000	0.0424	0.0141	0.0283	0.0065	0.0043	0.0022	0.0359	0.0098	0.0261	0.0000	0.0000	0.0000	0.0000	0.0000	0.0000	0.0000	0.0000	0.0000	0.0000	0.0000	0.0000	0.0000	0.0000	0.0000	0.0000	0.0000	0.0000											
23	39	0.0992	3	1	2	0	0	0	0	0	0	N	Y	N	N	N	N	N	N	N	N	N	N	0.0000	0.0000	0.0000	0.0000	0.0000	0.0000	0.0000	0.0000	0.0000	0.0000	0.0000	0.0000	0.0000	0.0000	0.0000	0.0000	0.0000	0.0000	0.0000	0.0000	0.0000	3.9334	3.0000	2.0001	0.0000	0.0000	0.0000	0.0000	0.0000	0.0000	0.0000	0.0000	0.0000	0.0000	0.0000	0.0000	0.0000	0.0000	0.0000	0.0000	0.0000	0.0000	0.0000	0.0000	0.0000	0.0000	0.0000	0.0000	0.0000	0.0000	0.0000	0.0416	0.0139	0.0277	0.0064	0.0042	0.0021	0.0352	0.0096	0.0256	0.0000	0.0000	0.0000	0.0000	0.0000	0.0000	0.0000	0.0000	0.0000	0.0000	0.0000	0.0000	0.0000	0.0000	0.0000	0.0000	0.0000	0.0000											
23	40	0.0626	4	2	2	1	0	0	0	0	0	Y	Y	N	N	N	N	N	N	N	N	N	N	0.0000	0.0000	0.0000	0.0000	0.0000	0.0000	0.0000	0.0000	0.0000	0.0000	0.0000	0.0000	0.0000	0.0000	0.0000	0.0000	0.0000	0.0000	0.0000	0.0000	0.0000	0.0000	3.0000	0.0000	0.0000	0.0000	0.0000	0.0000	0.0000	0.0000	0.0000	0.0000	0.0000	0.0000	0.0000	0.0000	0.0000	0.0000	0.0000	0.0000	0.0000	0.0000	0.0000	0.0000	0.0000	0.0000	0.0000	0.0000	0.0000	0.0000	0.0000	0.0000	0.0000	0.0000	0.0000	0.0000	0.0000	0.0000	0.0000	0.0000	0.0000	0.0000	0.0000	0.0000	0.0000	0.0000	0.0000	0.0000	0.0000	0.0000	0.0000	0.0000	0.0000	0.0000	0.0000	0.0000	0.0000	0.0000											
23	41	0.0626	3	2	2	1	0	0	0	0	0	Y	Y	N	N	N	N	N	N	N	N	N	N	0.0000	0.0000	0.0000	0.0000	0.0000	0.0000	0.0000	0.0000	0.0000	0.0000	0.0000	0.0000	0.0000	0.0000	0.0000	0.0000	0.0000	0.0000	0.0000	0.0000	0.0000	1.0000	3.0000	1.9999	0.0000	0.0000	0.0000	0.0000	0.0000	0.0000	0.0000	0.0000	0.0000	0.0000	0.0000	0.0000	0.0000	0.0000	0.0000	0.0000	0.0000	0.0000	0.0000	0.0000	0.0000	0.0000	0.0000	0.0000	0.0000	0.0000	0.0000	0.0243	0.0057	0.0185	0.0000	0.0000	0.0000	0.0242	0.0057	0.0185	0.0000	0.0000	0.0000	0.0000	0.0000	0.0000	0.0000	0.0000	0.0000	0.0000	0.0000	0.0000	0.0000	0.0000	0.0000	0.0000	0.0000	0.0000											
23	42	0.2405	6	2	2	0	0	0	0	0	0	Y	Y	N	N	N	N	N	N	N	N	N	N	0.0000	0.0000	0.0000	0.0000	0.0000	0.0000	0.0000	0.0000	0.0000	0.0000	0.0000	0.0000	0.0000	0.0000	0.0000	0.0000	0.0000	0.0000	0.0000	0.0000	0.0000	0.0007	3.0000	2.0242	0.0000	0.0000	0.0000	0.0000	0.0000	0.0000	0.0000	0.0000	0.0000	0.0000	0.0000	0.0000	0.0000	0.0000	0.0000	0.0000	0.0000	0.0000	0.0000	0.0000	0.0000	0.0000	0.0000	0.0000	0.0000	0.0000	0.0000	0.0219	0.0093	0.0126	0.0055	0.0050	0.0005	0.0164	0.0043	0.0121	0.0000	0.0000	0.0000	0.0000	0.0000	0.0000	0.0000	0.0000	0.0000	0.0000	0.0000	0.0000	0.0000	0.0000	0.0000	0.0000	0.0000	0.0000											
23	43	0.1436	4	1	2	0	1	0	0	0	0	N	Y	N	N	N	N	N	N	N	N	N	N	0.0000	0.0000	0.0000	0.0000	0.0000	0.0000	0.0000	0.0000	0.0000	0.0000	0.0000	0.0000	0.0000	0.0000	0.0000	0.0000	0.0000	0.0000	0.0000	0.0000	0.0000	0.0000	3.0000	0.0000	0.0000	0.0000	0.0000	0.0000	0.0000	0.0000	0.0000	0.0000	0.0000	0.0000	0.0000	0.0000	0.0000	0.0000	0.0000	0.0000	0.0000	0.0000	0.0000	0.0000	0.0000	0.0000	0.0000	0.0000	0.0000	0.0000	0.0000	0.0000	0.0000	0.0000	0.0000	0.0000	0.0000	0.0000	0.0000	0.0000	0.0000	0.0000	0.0000	0.0000	0.0000	0.0000	0.0000	0.0000	0.0000	0.0000	0.0000	0.0000	0.0000	0.0000	0.0000	0.0000	0.0000	0.0000											
23	44	0.1436	4	1	1	0	1	0	0	0	0	N	N	N	N	N	N	N	N	N	N	N	N	0.0000	0.0000	0.0000	0.0000	0.0000	0.0000	0.0000	0.0000	0.0000	0.0000	0.0000	0.0000	0.0000	0.0000	0.0000	0.0000	0.0000	0.0000	0.0000	0.0000	0.0000	0.0000	3.0000	0.0000	0.0000	0.0000	0.0000	0.0000	0.0000	0.0000	0.0000	0.0000	0.0000	0.0000	0.0000	0.0000	0.0000	0.0000	0.0000	0.0000	0.0000	0.0000	0.0000	0.0000	0.0000	0.0000	0.0000	0.0000	0.0000	0.0000	0.0000	0.0000	0.0000	0.0000	0.0000	0.0000	0.0000	0.0000	0.0000	0.0000	0.0000	0.0000	0.0000	0.0000	0.0000	0.0000	0.0000	0.0000	0.0000	0.0000	0.0000	0.0000	0.0000	0.0000	0.0000	0.0000	0.0000	0.0000											
23	45	0.0992	3	1	1	0	1	0	0	0	0	N	N	N	N	N	N	N	N	N	N	N	N	0.0000	0.0000	0.0000	0.0000	0.0000	0.0000	0.0000	0.0000	0.0000	0.0000	0.0000	0.0000	0.0000	20.5917	61.7136	0.0000	0.0000	0.0000	0.0000	24.2849	88.3338	0.0000	0.0000	0.0000	-0.7489	0.0000	3.0666	3.0000	3.9999	0.0000	0.0000	0.0000	0.0000	0.0000	0.0000	0.0000	0.0000	0.0000	1.0000	1.0000	0.0000	0.0000	0.0000	0.0000	1.0000	1.0000	0.0000	0.0000	0.0000	0.0000	0.0000	0.0000	0.0000	0.0000	0.0000	0.0000	0.0486	0.0162	0.0324	0.0074	0.0049	0.0025	0.0412	0.0113	0.0299	0.0000	0.0000	0.0000	0.0000	0.0000	0.0000	0.0000	0.0000	0.0000	20.5917	61.7136	0.0000	0.0000	0.0000	0.0000	24.2849	88.3338	0.0000						
23	47	0.0974	4	2	2	0	0	0	0	0	0	Y	Y	N	N	N	N	N	N	N	N	N	N	0.0000	0.0000	0.0000	0.0000	0.0000	0.0000	0.0000	0.0000	0.0000	0.0000	0.0000	0.0000	0.0000	0.0000	0.0000	0.0000	0.0000	0.0000	0.0000	0.0000	0.0000	0.9991	3.0000	2.0273	0.0000	0.0000	0.0000	0.0000	0.0000	0.0000	0.0000	0.0000	0.0000	0.0000	0.0000	0.0000	0.0000	0.0000	0.0000	0.0000	0.0000	0.0000	0.0000	0.0000	0.0000	0.0000	0.0000	0.0000	0.0000	0.0000	0.0000	0.0200	0.0079	0.0120	0.0028	0.0028	0.0001	0.0171	0.0052	0.0120	0.0000	0.0000	0.0000	0.0000	0.0000	0.0000	0.0000	0.0000	0.0000	0.0000	0.0000	0.0000	0.0000	0.0000	0.0000	0.0000	0.0000	0.0000											
23	48	0.0598	3	2	2	0	0	0	0	0	0	Y	Y	N	N	N	N	N	N	N	N	N	N	0.0000	0.0000	0.0000	0.0000	0.0000	0.0000	0.0000	0.0000	0.0000	0.0000	0.0000	0.0000	0.0000	0.0000	0.0000	0.0000	0.0000	0.0000	0.0000	0.0000	0.0000	3.1828	3.0000	3.1571	0.0000	0.0000	0.0000	0.0000	0.0000	0.0000	0.0000	0.0000	0.0000	0.0000	0.0000	0.0000	0.0000	0.0000	0.0000	0.0000	0.0000	0.0000	0.0000	0.0000	0.0000	0.0000	0.0000	0.0000	0.0000	0.0000	0.0000	0.0535	0.0167	0.0367	0.0055	0.0055	0.0000	0.0479	0.0112	0.0367	0.0000	0.0000	0.0000	0.0000	0.0000	0.0000	0.0000	0.0000	0.0000	0.0000	0.0000	0.0000	0.0000	0.0000	0.0000	0.0000	0.0000	0.0000											
23	49	0.0556	2	1	2	0	0	0	0	0	0	N	Y	N	N	N	N	N	N	N	N	N	N	0.0000	0.0000	0.0000	0.0000	0.0000	0.0000	0.0000	0.0000	0.0000	0.0000	0.0000	0.0000	0.0000	0.0000	0.0000	0.0000	0.0000	0.0000	0.0000	0.0000	0.0000	0.8922	3.0000	1.0748	0.0000	0.0000	0.0000	0.0000	0.0000	0.0000	0.0000	0.0000	0.0000	0.0000	0.0000	0.0000	0.0000	0.0000	0.0000	0.0000	0.0000	0.0000	0.0000	0.0000	0.0000	0.0000	0.0000	0.0000	0.0000	0.0000	0.0000	0.0272	0.0101	0.0171	0.0063	0.0063	0.0000	0.0209	0.0038	0.0171	0.0000	0.0000	0.0000	0.0000	0.0000	0.0000	0.0000	0.0000	0.0000	0.0000	0.0000	0.0000	0.0000	0.0000	0.0000	0.0000	0.0000	0.0000											
23	52	0.1558	4	1	1	0	0	0	0	0	0	N	N	N	N	N	N	N	N	N	N	N	N	0.0000	0.0000	0.0000	0.0000	0.0000	0.0000	0.0000	0.0000	0.0000	0.0000	0.0000	0.0000	0.0000	0.0005	0.0013	0.0000	0.0034	0.0036	0.0000	0.0000	0.0000	0.0000	0.0000	0.0000	-0.0000	0.0000	3.0179	3.0000	1.1627	0.0000	0.0000	0.0000	0.0000	0.0000	0.0000	0.0000	0.0000	0.0000	0.0000	0.0000	0.0000	0.0000	0.0000	0.0000	0.0000	0.0000	0.0000	0.0000	0.0000	0.0000	0.0000	0.0000	0.0000	0.0000	0.0000	0.0000	0.0406	0.0158	0.0248	0.0058	0.0055	0.0003	0.0348	0.0103	0.0245	0.0000	0.0000	0.0000	0.0000	0.0000	0.0000	0.0000	0.0000	0.0000	0.0005	0.0013	0.0000	0.0034	0.0036	0.0000	0.0000	0.0000	0.0000						
23	54	0.1558	4	1	2	0	0	0	0	0	0	N	Y	N	N	N	N	N	N	N	N	N	N	0.0000	0.0000	0.0000	0.0000	0.0000	0.0000	0.0000	0.0000	0.0000	0.0000	0.0000	0.0000	0.0000	0.0003	0.0009	0.0000	0.0033	0.0037	0.0000	0.0000	0.0000	0.0000	0.0000	0.0000	-0.0000	0.0000	2.0683	3.0000	6.9961	0.0000	0.0000	0.0000	0.0000	0.0000	0.0000	0.0000	0.0000	0.0000	0.0000	0.0000	0.0000	0.0000	0.0000	0.0000	0.0000	0.0000	0.0000	0.0000	0.0000	0.0000	0.0000	0.0000	0.0000	0.0000	0.0000	0.0000	0.0699	0.0229	0.0470	0.0060	0.0054	0.0006	0.0639	0.0175	0.0464	0.0000	0.0000	0.0000	0.0000	0.0000	0.0000	0.0000	0.0000	0.0000	0.0003	0.0009	0.0000	0.0033	0.0037	0.0000	0.0000	0.0000	0.0000						
23	55	0.0992	3	1	1	0	0	0	0	0	0	N	N	N	N	N	N	N	N	N	N	N	N	0.0000	0.0000	0.0000	0.0000	0.0000	0.0000	0.0000	0.0000	0.0000	0.0000	0.0000	0.0000	0.0000	0.0003	0.0000	0.0005	0.0000	0.0000	0.0000	0.0004	0.0000	0.0005	inf	0.0000	0.0000	0.0000	3.9265	3.0000	5.0808	0.0000	0.0000	0.0000	0.0000	0.0000	0.0000	0.0000	0.0000	0.0000	0.0000	0.0000	0.0000	0.0000	0.0000	0.0000	0.0000	0.0000	0.0000	0.0000	0.0000	0.0000	0.0000	0.0000	0.0000	0.0000	0.0000	0.0000	0.0599	0.0200	0.0399	0.0090	0.0059	0.0031	0.0509	0.0141	0.0368	0.0000	0.0000	0.0000	0.0000	0.0000	0.0000	0.0000	0.0000	0.0000	0.0003	0.0000	0.0005	0.0000	0.0000	0.0000	0.0004	0.0000	0.0005						
23	57	0.2343	8	1	2	0	0	0	0	0	0	N	Y	N	N	N	N	N	N	N	N	N	N	0.0000	0.0000	0.0000	0.0000	0.0000	0.0000	0.0000	0.0000	0.0000	0.0000	0.0000	0.0000	0.0000	0.1505	0.3403	0.0000	0.7773	0.8227	0.0000	0.0000	0.0000	0.0000	0.0000	0.0000	-0.0105	0.0000	9.7645	3.0000	7.4558	0.0000	0.0000	0.0000	0.0000	0.0000	0.0000	0.0000	0.0000	0.0000	0.0141	0.0141	0.0000	0.0141	0.0141	0.0000	0.0000	0.0000	0.0000	0.0000	0.0000	0.0000	0.0000	0.0000	0.0000	0.0000	0.0000	0.0000	0.0934	0.0413	0.0521	0.0181	0.0171	0.0010	0.0754	0.0242	0.0511	0.0000	0.0000	0.0000	0.0000	0.0000	0.0000	0.0000	0.0000	0.0000	0.1505	0.3403	0.0000	0.7773	0.8227	0.0000	0.0000	0.0000	0.0000						
23	58	0.2899	9	1	1	1	0	0	0	0	0	N	N	N	N	N	N	N	N	N	N	N	N	0.0000	0.0000	0.0000	0.0000	0.0000	0.0000	0.0000	0.0000	0.0000	0.0000	0.0000	0.0000	0.0000	0.0000	0.0000	0.0000	0.0000	0.0000	0.0000	0.0000	0.0000	1.0009	3.0000	0.0163	0.0000	0.0000	0.0000	0.0000	0.0000	0.0000	0.0000	0.0000	0.0000	0.0000	0.0000	0.0000	0.0000	0.0000	0.0000	0.0000	0.0000	0.0000	0.0000	0.0000	0.0000	0.0000	0.0000	0.0000	0.0000	0.0000	0.0000	0.0051	0.0024	0.0026	0.0011	0.0011	0.0001	0.0040	0.0014	0.0026	0.0000	0.0000	0.0000	0.0000	0.0000	0.0000	0.0000	0.0000	0.0000	0.0000	0.0000	0.0000	0.0000	0.0000	0.0000	0.0000	0.0000	0.0000											
23	59	0.2745	8	1	1	0	0	0	0	0	0	N	N	N	N	N	N	N	N	N	N	N	N	0.0000	0.0000	0.0000	0.0000	0.0000	0.0000	0.0000	0.0000	0.0000	0.0000	0.0000	0.0000	0.0000	0.0000	0.0000	0.0000	0.0000	0.0000	0.0000	0.0000	0.0000	1.9961	3.0000	0.0521	0.0000	0.0000	0.0000	0.0000	0.0000	0.0000	0.0000	0.0000	0.0000	0.0000	0.0000	0.0000	0.0000	0.0000	0.0000	0.0000	0.0000	0.0000	0.0000	0.0000	0.0000	0.0000	0.0000	0.0000	0.0000	0.0000	0.0000	0.0104	0.0047	0.0056	0.0022	0.0021	0.0001	0.0082	0.0027	0.0055	0.0000	0.0000	0.0000	0.0000	0.0000	0.0000	0.0000	0.0000	0.0000	0.0000	0.0000	0.0000	0.0000	0.0000	0.0000	0.0000	0.0000	0.0000											
23	60	0.2668	7	1	1	0	0	0	0	0	0	N	N	N	N	N	N	N	N	N	N	N	N	0.0000	0.0000	0.0000	0.0000	0.0000	0.0000	0.0000	0.0000	0.0000	0.0000	0.0000	0.0000	0.0000	0.0000	0.0000	0.0000	0.0000	0.0000	0.0000	0.0000	0.0000	0.0081	3.0000	1.0507	0.0000	0.0000	0.0000	0.0000	0.0000	0.0000	0.0000	0.0000	0.0000	0.0000	0.0000	0.0000	0.0000	0.0000	0.0000	0.0000	0.0000	0.0000	0.0000	0.0000	0.0000	0.0000	0.0000	0.0000	0.0000	0.0000	0.0000	0.0056	0.0026	0.0030	0.0012	0.0012	0.0001	0.0043	0.0014	0.0029	0.0000	0.0000	0.0000	0.0000	0.0000	0.0000	0.0000	0.0000	0.0000	0.0000	0.0000	0.0000	0.0000	0.0000	0.0000	0.0000	0.0000	0.0000											
23	61	0.2180	6	1	1	0	0	0	0	0	0	N	N	N	N	N	N	N	N	N	N	N	N	0.0000	0.0000	0.0000	0.0000	0.0000	0.0000	0.0000	0.0000	0.0000	0.0000	0.0000	0.0000	0.0000	0.0000	0.0000	0.0000	0.0124	0.0095	0.0146	0.0180	0.0186	0.0000	0.0107	0.0000	0.0148	2.0000	0.0000	-0.0000	0.0000	3.0167	3.0000	3.2580	0.0000	0.0000	0.0000	0.0000	0.0000	0.0000	0.0000	0.0000	0.0000	0.0006	0.0002	0.0004	0.0002	0.0002	0.0000	0.0004	0.0000	0.0004	0.0000	0.0000	0.0000	0.0000	0.0000	0.0000	0.0000	0.0000	0.0000	0.0484	0.0210	0.0274	0.0111	0.0107	0.0003	0.0373	0.0103	0.0270	0.0000	0.0000	0.0000	0.0000	0.0000	0.0000	0.0000	0.0000	0.0000	0.0124	0.0095	0.0146	0.0180	0.0186	0.0000	0.0107	0.0000	0.0148			
23	62	0.1432	5	1	2	0	0	0	0	0	0	N	Y	N	N	N	N	N	N	N	N	N	N	0.0000	0.0000	0.0000	0.0000	0.0000	0.0000	0.0000	0.0000	0.0000	0.0000	0.0000	0.0000	0.0000	0.0000	0.0000	0.0000	0.0000	0.0000	0.0000	0.0000	0.0000	3.3327	3.0000	4.3103	0.0000	0.0000	0.0000	0.0000	0.0000	0.0000	0.0000	0.0000	0.0000	0.0000	0.0000	0.0000	0.0000	0.0000	0.0000	0.0000	0.0000	0.0000	0.0000	0.0000	0.0000	0.0000	0.0000	0.0000	0.0000	0.0000	0.0000	0.0549	0.0224	0.0325	0.0152	0.0124	0.0028	0.0397	0.0100	0.0297	0.0000	0.0000	0.0000	0.0000	0.0000	0.0000	0.0000	0.0000	0.0000	0.0000	0.0000	0.0000	0.0000	0.0000	0.0000	0.0000	0.0000	0.0000											
23	63	0.1192	4	1	1	0	0	0	0	0	0	N	N	N	N	N	N	N	N	N	N	N	N	0.0000	0.0000	0.0000	0.0000	0.0000	0.0000	0.0000	0.0000	0.0000	0.0000	0.0000	0.0000	0.0000	0.0000	0.0000	0.0000	0.0000	0.0000	0.0000	0.0000	0.0000	3.2669	3.0000	2.4507	0.0000	0.0000	0.0000	0.0000	0.0000	0.0000	0.0000	0.0000	0.0000	0.0000	0.0000	0.0000	0.0000	0.0000	0.0000	0.0000	0.0000	0.0000	0.0000	0.0000	0.0000	0.0000	0.0000	0.0000	0.0000	0.0000	0.0000	0.0400	0.0159	0.0240	0.0099	0.0078	0.0022	0.0300	0.0082	0.0218	0.0000	0.0000	0.0000	0.0000	0.0000	0.0000	0.0000	0.0000	0.0000	0.0000	0.0000	0.0000	0.0000	0.0000	0.0000	0.0000	0.0000	0.0000											
23	64	0.0626	4	2	1	1	0	0	0	0	0	Y	N	N	N	N	N	N	N	N	N	N	N	0.0000	0.0000	0.0000	0.0000	0.0000	0.0000	0.0000	0.0000	0.0000	0.0000	0.0000	0.0000	0.0000	0.0000	0.0000	0.0000	0.0000	0.0000	0.0000	0.0000	0.0000	0.0000	3.0000	1.0000	0.0000	0.0000	0.0000	0.0000	0.0000	0.0000	0.0000	0.0000	0.0000	0.0000	0.0000	0.0000	0.0000	0.0000	0.0000	0.0000	0.0000	0.0000	0.0000	0.0000	0.0000	0.0000	0.0000	0.0000	0.0000	0.0000	0.0000	0.0084	0.0020	0.0064	0.0000	0.0000	0.0000	0.0084	0.0020	0.0064	0.0000	0.0000	0.0000	0.0000	0.0000	0.0000	0.0000	0.0000	0.0000	0.0000	0.0000	0.0000	0.0000	0.0000	0.0000	0.0000	0.0000	0.0000											
23	65	0.0626	3	2	1	1	0	0	0	0	0	Y	N	N	N	N	N	N	N	N	N	N	N	0.0000	0.0000	0.0000	0.0000	0.0000	0.0000	0.0000	0.0000	0.0000	0.0000	0.0000	0.0000	0.0000	0.0000	0.0000	0.0000	0.0000	0.0000	0.0000	0.0000	0.0000	0.0000	3.0000	0.0001	0.0000	0.0000	0.0000	0.0000	0.0000	0.0000	0.0000	0.0000	0.0000	0.0000	0.0000	0.0000	0.0000	0.0000	0.0000	0.0000	0.0000	0.0000	0.0000	0.0000	0.0000	0.0000	0.0000	0.0000	0.0000	0.0000	0.0000	0.0000	0.0000	0.0000	0.0000	0.0000	0.0000	0.0000	0.0000	0.0000	0.0000	0.0000	0.0000	0.0000	0.0000	0.0000	0.0000	0.0000	0.0000	0.0000	0.0000	0.0000	0.0000	0.0000	0.0000	0.0000	0.0000	0.0000											
23	66	0.0503	2	2	1	1	0	0	0	0	0	Y	N	N	N	N	N	N	N	N	N	N	N	0.0000	0.0000	0.0000	0.0000	0.0000	0.0000	0.0000	0.0000	0.0000	0.0000	0.0000	0.0000	0.0000	0.0000	0.0000	0.0000	0.0000	0.0000	0.0000	0.0000	0.0000	1.9720	3.0000	0.0923	0.0000	0.0000	0.0000	0.0000	0.0000	0.0000	0.0000	0.0000	0.0000	0.0000	0.0000	0.0000	0.0000	0.0000	0.0000	0.0000	0.0000	0.0000	0.0000	0.0000	0.0000	0.0000	0.0000	0.0000	0.0000	0.0000	0.0000	0.0224	0.0068	0.0156	0.0028	0.0028	0.0000	0.0196	0.0040	0.0156	0.0000	0.0000	0.0000	0.0000	0.0000	0.0000	0.0000	0.0000	0.0000	0.0000	0.0000	0.0000	0.0000	0.0000	0.0000	0.0000	0.0000	0.0000											
23	68	0.1767	5	1	2	0	1	0	0	0	0	N	Y	N	N	N	N	N	N	N	N	N	N	0.0000	0.0000	0.0000	0.0000	0.0000	0.0000	0.0000	0.0000	0.0000	0.0000	0.0000	0.0000	0.0000	0.0416	0.1152	0.0000	0.3672	0.3783	0.0000	0.0000	0.0000	0.0000	0.0000	0.0000	-0.0015	0.0000	2.7513	3.0000	4.0954	0.0000	0.0000	0.0000	0.0000	0.0000	0.0000	0.0000	0.0000	0.0000	0.0021	0.0021	0.0000	0.0021	0.0021	0.0000	0.0000	0.0000	0.0000	0.0000	0.0000	0.0000	0.0000	0.0000	0.0000	0.0000	0.0000	0.0000	0.0493	0.0178	0.0315	0.0056	0.0054	0.0002	0.0438	0.0124	0.0314	0.0000	0.0000	0.0000	0.0000	0.0000	0.0000	0.0000	0.0000	0.0000	0.0416	0.1152	0.0000	0.3672	0.3783	0.0000	0.0000	0.0000	0.0000						
23	69	0.0992	3	1	2	0	0	0	0	0	0	N	Y	N	N	N	N	N	N	N	N	N	N	0.0000	0.0000	0.0000	0.0000	0.0000	0.0000	0.0000	0.0000	0.0000	0.0000	0.0000	0.0000	0.0000	0.0000	0.0000	0.0000	0.0000	0.0000	0.0000	0.0000	0.0000	9.9334	3.0000	8.9999	0.0000	0.0000	0.0000	0.0000	0.0000	0.0000	0.0000	0.0000	0.0000	0.0000	0.0000	0.0000	0.0000	0.0000	0.0000	0.0000	0.0000	0.0000	0.0000	0.0000	0.0000	0.0000	0.0000	0.0000	0.0000	0.0000	0.0000	0.1077	0.0362	0.0714	0.0152	0.0098	0.0054	0.0924	0.0264	0.0660	0.0000	0.0000	0.0000	0.0000	0.0000	0.0000	0.0000	0.0000	0.0000	0.0000	0.0000	0.0000	0.0000	0.0000	0.0000	0.0000	0.0000	0.0000											
23	70	0.0992	3	1	2	0	0	0	0	0	0	N	Y	N	N	N	N	N	N	N	N	N	N	0.0000	0.0000	0.0000	0.0000	0.0000	0.0000	0.0000	0.0000	0.0000	0.0000	0.0000	0.0000	0.0000	0.0000	0.0000	0.0000	0.0000	0.0000	0.0000	0.0000	0.0000	0.0666	3.0000	4.0001	0.0000	0.0000	0.0000	0.0000	0.0000	0.0000	0.0000	0.0000	0.0000	0.0000	0.0000	0.0000	0.0000	0.0000	0.0000	0.0000	0.0000	0.0000	0.0000	0.0000	0.0000	0.0000	0.0000	0.0000	0.0000	0.0000	0.0000	0.0294	0.0098	0.0196	0.0046	0.0030	0.0015	0.0248	0.0068	0.0181	0.0000	0.0000	0.0000	0.0000	0.0000	0.0000	0.0000	0.0000	0.0000	0.0000	0.0000	0.0000	0.0000	0.0000	0.0000	0.0000	0.0000	0.0000											
23	74	0.1192	4	1	2	0	0	0	0	0	0	N	Y	N	N	N	N	N	N	N	N	N	N	0.0000	0.0000	0.0000	0.0000	0.0000	0.0000	0.0000	0.0000	0.0000	0.0000	0.0000	0.0000	0.0000	0.0000	0.0000	0.0000	0.0000	0.0000	0.0000	0.0000	0.0000	1.8678	3.0000	4.6278	0.0000	0.0000	0.0000	0.0000	0.0000	0.0000	0.0000	0.0000	0.0000	0.0000	0.0000	0.0000	0.0000	0.0000	0.0000	0.0000	0.0000	0.0000	0.0000	0.0000	0.0000	0.0000	0.0000	0.0000	0.0000	0.0000	0.0000	0.0440	0.0173	0.0266	0.0107	0.0082	0.0024	0.0333	0.0091	0.0242	0.0000	0.0000	0.0000	0.0000	0.0000	0.0000	0.0000	0.0000	0.0000	0.0000	0.0000	0.0000	0.0000	0.0000	0.0000	0.0000	0.0000	0.0000											
23	75	0.0992	3	1	1	0	0	0	0	0	0	N	N	N	N	N	N	N	N	N	N	N	N	0.0000	0.0000	0.0000	0.0000	0.0000	0.0000	0.0000	0.0000	0.0000	0.0000	0.0000	0.0000	0.0000	0.0000	0.0000	0.0000	0.0000	0.0000	0.0000	0.0000	0.0000	4.7010	3.0000	0.6064	0.0000	0.0000	0.0000	0.0000	0.0000	0.0000	0.0000	0.0000	0.0000	0.0000	0.0000	0.0000	0.0000	0.0000	0.0000	0.0000	0.0000	0.0000	0.0000	0.0000	0.0000	0.0000	0.0000	0.0000	0.0000	0.0000	0.0000	0.0376	0.0125	0.0250	0.0058	0.0038	0.0019	0.0318	0.0087	0.0231	0.0000	0.0000	0.0000	0.0000	0.0000	0.0000	0.0000	0.0000	0.0000	0.0000	0.0000	0.0000	0.0000	0.0000	0.0000	0.0000	0.0000	0.0000											
23	78	0.2228	7	2	2	0	1	0	0	0	0	Y	Y	N	N	N	N	N	N	N	N	N	N	0.0000	0.0000	0.0000	0.0000	0.0000	0.0000	0.0000	0.0000	0.0000	0.0000	0.0000	0.0000	0.0000	0.0000	0.0000	0.0000	0.0000	0.0000	0.0000	0.0000	0.0000	1.0000	3.0000	2.0144	0.0000	0.0000	0.0000	0.0000	0.0000	0.0000	0.0000	0.0000	0.0000	0.0000	0.0000	0.0000	0.0000	0.0000	0.0000	0.0000	0.0000	0.0000	0.0000	0.0000	0.0000	0.0000	0.0000	0.0000	0.0000	0.0000	0.0000	0.0201	0.0061	0.0140	0.0018	0.0011	0.0007	0.0184	0.0050	0.0134	0.0000	0.0000	0.0000	0.0000	0.0000	0.0000	0.0000	0.0000	0.0000	0.0000	0.0000	0.0000	0.0000	0.0000	0.0000	0.0000	0.0000	0.0000											
23	79	0.2006	6	2	2	0	1	0	0	0	0	Y	Y	N	N	N	N	N	N	N	N	N	N	0.0000	0.0000	0.0000	0.0000	0.0000	0.0000	0.0000	0.0000	0.0000	0.0000	0.0000	0.0000	0.0000	0.0000	0.0000	0.0000	0.0000	0.0000	0.0000	0.0000	0.0000	0.0001	3.0000	3.0180	0.0000	0.0000	0.0000	0.0000	0.0000	0.0000	0.0000	0.0000	0.0000	0.0000	0.0000	0.0000	0.0000	0.0000	0.0000	0.0000	0.0000	0.0000	0.0000	0.0000	0.0000	0.0000	0.0000	0.0000	0.0000	0.0000	0.0000	0.0200	0.0060	0.0140	0.0016	0.0010	0.0006	0.0184	0.0050	0.0134	0.0000	0.0000	0.0000	0.0000	0.0000	0.0000	0.0000	0.0000	0.0000	0.0000	0.0000	0.0000	0.0000	0.0000	0.0000	0.0000	0.0000	0.0000											
23	80	0.2226	8	1	2	0	1	0	0	0	0	N	Y	N	N	N	N	N	N	N	N	N	N	0.0000	0.0000	0.0000	0.0000	0.0000	0.0000	0.0000	0.0000	0.0000	0.0000	0.0000	0.0000	0.0000	0.0000	0.0000	0.0000	0.0000	0.0000	0.0000	0.0000	0.0000	0.0000	3.0000	0.0000	0.0000	0.0000	0.0000	0.0000	0.0000	0.0000	0.0000	0.0000	0.0000	0.0000	0.0000	0.0000	0.0000	0.0000	0.0000	0.0000	0.0000	0.0000	0.0000	0.0000	0.0000	0.0000	0.0000	0.0000	0.0000	0.0000	0.0000	0.0000	0.0000	0.0000	0.0000	0.0000	0.0000	0.0000	0.0000	0.0000	0.0000	0.0000	0.0000	0.0000	0.0000	0.0000	0.0000	0.0000	0.0000	0.0000	0.0000	0.0000	0.0000	0.0000	0.0000	0.0000	0.0000	0.0000											
23	81	0.2006	6	1	1	1	1	0	0	0	0	N	N	N	N	N	N	N	N	N	N	N	N	0.0000	0.0000	0.0000	0.0000	0.0000	0.0000	0.0000	0.0000	0.0000	0.0000	0.0000	0.0000	0.0000	0.0000	0.0000	0.0000	0.0000	0.0000	0.0000	0.0000	0.0000	2.0000	3.0000	0.0000	0.0000	0.0000	0.0000	0.0000	0.0000	0.0000	0.0000	0.0000	0.0000	0.0000	0.0000	0.0000	0.0000	0.0000	0.0000	0.0000	0.0000	0.0000	0.0000	0.0000	0.0000	0.0000	0.0000	0.0000	0.0000	0.0000	0.0000	0.0135	0.0040	0.0094	0.0011	0.0006	0.0004	0.0124	0.0034	0.0090	0.0000	0.0000	0.0000	0.0000	0.0000	0.0000	0.0000	0.0000	0.0000	0.0000	0.0000	0.0000	0.0000	0.0000	0.0000	0.0000	0.0000	0.0000											
23	82	0.2006	6	1	1	1	1	0	0	0	0	N	N	N	N	N	N	N	N	N	N	N	N	0.0000	0.0000	0.0000	0.0000	0.0000	0.0000	0.0000	0.0000	0.0000	0.0000	0.0000	0.0000	0.0000	0.0000	0.0000	0.0000	0.0000	0.0000	0.0000	0.0000	0.0000	0.0000	3.0000	4.0000	0.0000	0.0000	0.0000	0.0000	0.0000	0.0000	0.0000	0.0000	0.0000	0.0000	0.0000	0.0000	0.0000	0.0000	0.0000	0.0000	0.0000	0.0000	0.0000	0.0000	0.0000	0.0000	0.0000	0.0000	0.0000	0.0000	0.0000	0.0261	0.0079	0.0182	0.0021	0.0013	0.0008	0.0240	0.0066	0.0174	0.0000	0.0000	0.0000	0.0000	0.0000	0.0000	0.0000	0.0000	0.0000	0.0000	0.0000	0.0000	0.0000	0.0000	0.0000	0.0000	0.0000	0.0000											
23	83	0.2226	8	1	1	1	1	0	0	0	0	N	N	N	N	N	N	N	N	N	N	N	N	0.0000	0.0000	0.0000	0.0000	0.0000	0.0000	0.0000	0.0000	0.0000	0.0000	0.0000	0.0000	0.0000	0.0000	0.0000	0.0000	0.0000	0.0000	0.0000	0.0000	0.0000	0.0000	3.0000	2.0000	0.0000	0.0000	0.0000	0.0000	0.0000	0.0000	0.0000	0.0000	0.0000	0.0000	0.0000	0.0000	0.0000	0.0000	0.0000	0.0000	0.0000	0.0000	0.0000	0.0000	0.0000	0.0000	0.0000	0.0000	0.0000	0.0000	0.0000	0.0133	0.0039	0.0095	0.0009	0.0005	0.0005	0.0124	0.0034	0.0090	0.0000	0.0000	0.0000	0.0000	0.0000	0.0000	0.0000	0.0000	0.0000	0.0000	0.0000	0.0000	0.0000	0.0000	0.0000	0.0000	0.0000	0.0000											
23	84	0.2153	7	1	1	0	1	0	0	0	0	N	N	N	N	N	N	N	N	N	N	N	N	0.0000	0.0000	0.0000	0.0000	0.0000	0.0000	0.0000	0.0000	0.0000	0.0000	0.0000	0.0000	0.0000	0.0000	0.0000	0.0000	0.0000	0.0000	0.0000	0.0000	0.0000	1.0000	3.0000	0.0015	0.0000	0.0000	0.0000	0.0000	0.0000	0.0000	0.0000	0.0000	0.0000	0.0000	0.0000	0.0000	0.0000	0.0000	0.0000	0.0000	0.0000	0.0000	0.0000	0.0000	0.0000	0.0000	0.0000	0.0000	0.0000	0.0000	0.0000	0.0070	0.0021	0.0049	0.0006	0.0003	0.0002	0.0064	0.0017	0.0046	0.0000	0.0000	0.0000	0.0000	0.0000	0.0000	0.0000	0.0000	0.0000	0.0000	0.0000	0.0000	0.0000	0.0000	0.0000	0.0000	0.0000	0.0000											
23	85	0.2006	6	1	1	0	1	0	0	0	0	N	N	N	N	N	N	N	N	N	N	N	N	0.0000	0.0000	0.0000	0.0000	0.0000	0.0000	0.0000	0.0000	0.0000	0.0000	0.0000	0.0000	0.0000	0.0000	0.0000	0.0000	0.0000	0.0000	0.0000	0.0000	0.0000	0.0000	3.0000	2.0013	0.0000	0.0000	0.0000	0.0000	0.0000	0.0000	0.0000	0.0000	0.0000	0.0000	0.0000	0.0000	0.0000	0.0000	0.0000	0.0000	0.0000	0.0000	0.0000	0.0000	0.0000	0.0000	0.0000	0.0000	0.0000	0.0000	0.0000	0.0135	0.0040	0.0094	0.0011	0.0006	0.0004	0.0124	0.0034	0.0090	0.0000	0.0000	0.0000	0.0000	0.0000	0.0000	0.0000	0.0000	0.0000	0.0000	0.0000	0.0000	0.0000	0.0000	0.0000	0.0000	0.0000	0.0000											
23	86	0.2405	6	2	2	0	0	0	0	0	0	Y	Y	N	N	N	N	N	N	N	N	N	N	0.0000	0.0000	0.0000	0.0000	0.0000	0.0000	0.0000	0.0000	0.0000	0.0000	0.0000	0.0000	0.0000	0.0000	0.0000	0.0000	0.0000	0.0000	0.0000	0.0000	0.0000	0.0007	3.0000	0.9812	0.0000	0.0000	0.0000	0.0000	0.0000	0.0000	0.0000	0.0000	0.0000	0.0000	0.0000	0.0000	0.0000	0.0000	0.0000	0.0000	0.0000	0.0000	0.0000	0.0000	0.0000	0.0000	0.0000	0.0000	0.0000	0.0000	0.0000	0.0155	0.0075	0.0080	0.0050	0.0048	0.0002	0.0104	0.0027	0.0078	0.0000	0.0000	0.0000	0.0000	0.0000	0.0000	0.0000	0.0000	0.0000	0.0000	0.0000	0.0000	0.0000	0.0000	0.0000	0.0000	0.0000	0.0000											
23	87	0.1847	5	2	2	0	0	0	0	0	0	Y	Y	N	N	N	N	N	N	N	N	N	N	0.0000	0.0000	0.0000	0.0000	0.0000	0.0000	0.0000	0.0000	0.0000	0.0000	0.0000	0.0000	0.0000	0.0000	0.0000	0.0000	0.0000	0.0000	0.0000	0.0000	0.0000	5.0272	3.0000	2.1572	0.0000	0.0000	0.0000	0.0000	0.0000	0.0000	0.0000	0.0000	0.0000	0.0000	0.0000	0.0000	0.0000	0.0000	0.0000	0.0000	0.0000	0.0000	0.0000	0.0000	0.0000	0.0000	0.0000	0.0000	0.0000	0.0000	0.0000	0.0453	0.0140	0.0313	0.0039	0.0025	0.0014	0.0414	0.0116	0.0299	0.0000	0.0000	0.0000	0.0000	0.0000	0.0000	0.0000	0.0000	0.0000	0.0000	0.0000	0.0000	0.0000	0.0000	0.0000	0.0000	0.0000	0.0000											
23	88	0.2379	7	1	2	0	0	0	0	0	0	N	Y	N	N	N	N	N	N	N	N	N	N	0.0000	0.0000	0.0000	0.0000	0.0000	0.0000	0.0000	0.0000	0.0000	0.0000	0.0000	0.0000	0.0000	0.0000	0.0000	0.0000	0.0000	0.0000	0.0000	0.0000	0.0000	0.0000	3.0000	4.0000	0.0000	0.0000	0.0000	0.0000	0.0000	0.0000	0.0000	0.0000	0.0000	0.0000	0.0000	0.0000	0.0000	0.0000	0.0000	0.0000	0.0000	0.0000	0.0000	0.0000	0.0000	0.0000	0.0000	0.0000	0.0000	0.0000	0.0000	0.0263	0.0082	0.0181	0.0028	0.0019	0.0009	0.0234	0.0063	0.0172	0.0000	0.0000	0.0000	0.0000	0.0000	0.0000	0.0000	0.0000	0.0000	0.0000	0.0000	0.0000	0.0000	0.0000	0.0000	0.0000	0.0000	0.0000											
23	89	0.2006	6	1	2	0	0	0	0	0	0	N	Y	N	N	N	N	N	N	N	N	N	N	0.0000	0.0000	0.0000	0.0000	0.0000	0.0000	0.0000	0.0000	0.0000	0.0000	0.0000	0.0000	0.0000	0.0000	0.0000	0.0000	0.0000	0.0000	0.0000	0.0000	0.0000	3.0000	3.0000	2.0000	0.0000	0.0000	0.0000	0.0000	0.0000	0.0000	0.0000	0.0000	0.0000	0.0000	0.0000	0.0000	0.0000	0.0000	0.0000	0.0000	0.0000	0.0000	0.0000	0.0000	0.0000	0.0000	0.0000	0.0000	0.0000	0.0000	0.0000	0.0321	0.0097	0.0224	0.0026	0.0015	0.0010	0.0296	0.0082	0.0214	0.0000	0.0000	0.0000	0.0000	0.0000	0.0000	0.0000	0.0000	0.0000	0.0000	0.0000	0.0000	0.0000	0.0000	0.0000	0.0000	0.0000	0.0000											
23	90	0.2006	6	2	2	0	0	0	0	0	0	Y	Y	N	N	N	N	N	N	N	N	N	N	0.0000	0.0000	0.0000	0.0000	0.0000	0.0000	0.0000	0.0000	0.0000	0.0000	0.0000	0.0000	0.0000	0.0000	0.0000	0.0000	0.0000	0.0000	0.0000	0.0000	0.0000	2.0000	3.0000	3.0000	0.0000	0.0000	0.0000	0.0000	0.0000	0.0000	0.0000	0.0000	0.0000	0.0000	0.0000	0.0000	0.0000	0.0000	0.0000	0.0000	0.0000	0.0000	0.0000	0.0000	0.0000	0.0000	0.0000	0.0000	0.0000	0.0000	0.0000	0.0321	0.0097	0.0224	0.0026	0.0015	0.0010	0.0296	0.0082	0.0214	0.0000	0.0000	0.0000	0.0000	0.0000	0.0000	0.0000	0.0000	0.0000	0.0000	0.0000	0.0000	0.0000	0.0000	0.0000	0.0000	0.0000	0.0000											
23	91	0.1847	5	1	1	0	0	0	0	0	0	N	N	N	N	N	N	N	N	N	N	N	N	0.0000	0.0000	0.0000	0.0000	0.0000	0.0000	0.0000	0.0000	0.0000	0.0000	0.0000	0.0000	0.0000	0.0000	0.0000	0.0000	0.0000	0.0000	0.0000	0.0000	0.0000	2.0705	3.0000	0.0351	0.0000	0.0000	0.0000	0.0000	0.0000	0.0000	0.0000	0.0000	0.0000	0.0000	0.0000	0.0000	0.0000	0.0000	0.0000	0.0000	0.0000	0.0000	0.0000	0.0000	0.0000	0.0000	0.0000	0.0000	0.0000	0.0000	0.0000	0.0149	0.0047	0.0102	0.0015	0.0010	0.0005	0.0134	0.0037	0.0097	0.0000	0.0000	0.0000	0.0000	0.0000	0.0000	0.0000	0.0000	0.0000	0.0000	0.0000	0.0000	0.0000	0.0000	0.0000	0.0000	0.0000	0.0000											
23	92	0.1593	4	1	1	0	0	0	0	0	0	N	N	N	N	N	N	N	N	N	N	N	N	0.0000	0.0000	0.0000	0.0000	0.0000	0.0000	0.0000	0.0000	0.0000	0.0000	0.0000	0.0000	0.0000	0.0007	0.0021	0.0000	0.0057	0.0072	0.0000	0.0000	0.0000	0.0000	0.0000	0.0000	-0.0000	0.0000	3.4249	3.0000	0.1413	0.0000	0.0000	0.0000	0.0000	0.0000	0.0000	0.0000	0.0000	0.0000	0.0000	0.0000	0.0000	0.0000	0.0000	0.0000	0.0000	0.0000	0.0000	0.0000	0.0000	0.0000	0.0000	0.0000	0.0000	0.0000	0.0000	0.0000	0.0268	0.0095	0.0173	0.0035	0.0028	0.0007	0.0233	0.0067	0.0166	0.0000	0.0000	0.0000	0.0000	0.0000	0.0000	0.0000	0.0000	0.0000	0.0007	0.0021	0.0000	0.0057	0.0072	0.0000	0.0000	0.0000	0.0000						
23	98	0.2961	9	1	1	0	0	0	0	0	0	N	N	N	N	N	N	N	N	N	N	N	N	0.0000	0.0000	0.0000	0.0000	0.0000	0.0000	0.0000	0.0000	0.0000	0.0000	0.0000	0.0000	0.0000	0.0000	0.0000	0.0000	0.7682	0.0052	1.7055	0.0088	0.0093	0.0000	1.1380	0.0000	1.7785	265.8485	0.0000	0.0218	0.0000	4.9999	3.0000	9.0821	0.0000	0.0000	0.0000	0.0000	0.0000	0.0000	0.0000	0.0000	0.0000	0.0881	0.0003	0.0877	0.0003	0.0003	0.0000	0.0877	0.0000	0.0877	0.0000	0.0000	0.0000	0.0000	0.0000	0.0000	0.0000	0.0000	0.0000	0.1146	0.0632	0.0514	0.0375	0.0354	0.0021	0.0771	0.0278	0.0493	0.0000	0.0000	0.0000	0.0000	0.0000	0.0000	0.0000	0.0000	0.0000	0.7682	0.0052	1.7055	0.0088	0.0093	0.0000	1.1380	0.0000	1.7785			
24	25	0.1995	7	1	2	0	0	0	0	0	0	N	Y	N	N	N	N	N	N	N	N	N	N	0.0000	0.0000	0.0000	0.0000	0.0000	0.0000	0.0000	0.0000	0.0000	0.0000	0.0000	0.0000	0.0000	0.0000	0.0000	0.0000	0.0000	0.0000	0.0000	0.0000	0.0018	2.0666	0.9893	3.9999	0.0000	0.0000	0.0000	0.0000	0.0000	0.0000	0.0000	0.0000	0.0000	0.0000	0.0000	0.0000	0.0000	0.0000	0.0000	0.0000	0.0000	0.0000	0.0003	0.0003	0.0000	0.0002	0.0002	0.0000	0.0001	0.0001	0.0000	0.0123	0.0057	0.0067	0.0034	0.0025	0.0009	0.0090	0.0032	0.0058	0.0000	0.0000	0.0000	0.0000	0.0000	0.0000	0.0000	0.0000	0.0000	0.0000	0.0000	0.0000	0.0000	0.0000	0.0000	0.0000	0.0000	0.0000											
24	26	0.2699	9	0	2	0	0	0	0	0	0	N	Y	N	N	N	N	N	N	N	N	N	N	0.0000	0.0000	0.0000	0.0000	0.0000	0.0000	0.0000	0.0000	0.0000	0.0000	0.0000	0.0000	0.0000	0.0000	0.0000	0.0000	0.0000	0.0000	0.0000	0.0000	0.0018	1.0000	0.9893	4.0000	0.0000	0.0000	0.0000	0.0000	0.0000	0.0000	0.0000	0.0000	0.0000	0.0000	0.0000	0.0000	0.0000	0.0000	0.0000	0.0000	0.0000	0.0000	0.0001	0.0001	0.0000	0.0001	0.0001	0.0000	0.0000	0.0000	0.0000	0.0081	0.0039	0.0042	0.0018	0.0017	0.0001	0.0063	0.0022	0.0041	0.0000	0.0000	0.0000	0.0000	0.0000	0.0000	0.0000	0.0000	0.0000	0.0000	0.0000	0.0000	0.0000	0.0000	0.0000	0.0000	0.0000	0.0000											
24	27	0.2699	9	0	2	0	0	0	0	0	0	N	Y	N	N	N	N	N	N	N	N	N	N	0.0000	0.0000	0.0000	0.0000	0.0000	0.0000	0.0000	0.0000	0.0000	0.0000	0.0000	0.0000	0.0000	0.0040	0.0000	0.0078	0.0000	0.0000	0.0000	0.0052	0.0000	0.0080	inf	0.0000	0.0000	0.0018	1.0000	0.9893	2.0000	0.0000	0.0000	0.0000	0.0000	0.0000	0.0000	0.0000	0.0000	0.0000	0.0000	0.0000	0.0000	0.0000	0.0000	0.0000	0.0000	0.0000	0.0000	0.0001	0.0001	0.0000	0.0001	0.0001	0.0000	0.0000	0.0000	0.0000	0.0050	0.0024	0.0026	0.0011	0.0010	0.0001	0.0039	0.0014	0.0025	0.0000	0.0000	0.0000	0.0000	0.0000	0.0000	0.0000	0.0000	0.0000	0.0040	0.0000	0.0078	0.0000	0.0000	0.0000	0.0052	0.0000	0.0080						
24	28	0.1995	7	0	2	1	1	0	0	0	0	N	Y	N	N	N	N	N	N	N	N	N	N	0.0000	0.0000	0.0000	0.0000	0.0000	0.0000	0.0000	0.0000	0.0000	0.0000	0.0000	0.0000	0.0000	0.0000	0.0000	42.1065	90.7639	0.0000	0.0125	0.0168	0.0000	57.8330	161.2678	0.0000	0.0000	0.0000	-0.7405	0.0018	3.9334	0.9893	8.9999	0.0000	0.0000	0.0000	0.0000	0.0000	0.0000	0.0000	0.0000	0.0000	0.9888	0.9888	0.0000	0.0001	0.0001	0.0000	0.9887	0.9887	0.0000	0.0006	0.0005	0.0000	0.0004	0.0004	0.0000	0.0001	0.0001	0.0000	0.0235	0.0109	0.0126	0.0064	0.0048	0.0016	0.0171	0.0061	0.0110	0.0000	0.0000	0.0000	0.0000	0.0000	0.0000	0.0000	0.0000	0.0000	42.1065	90.7639	0.0000	0.0125	0.0168	0.0000	57.8330	161.2678	0.0000				
24	29	0.2473	9	0	2	0	0	0	0	0	0	N	Y	N	N	N	N	N	N	N	N	N	N	0.0000	0.0000	0.0000	0.0000	0.0000	0.0000	0.0000	0.0000	0.0000	0.0000	0.0000	0.0000	0.0000	0.0000	0.0000	0.0000	0.0000	0.0017	0.0035	0.0000	0.0080	0.0085	0.0000	0.0000	0.0000	0.0000	0.0001	0.0000	-0.0000	0.0018	7.9836	0.9893	2.1583	0.0000	0.0000	0.0000	0.0000	0.0000	0.0000	0.0000	0.0000	0.0000	0.0000	0.0000	0.0000	0.0000	0.0000	0.0000	0.0000	0.0000	0.0000	0.0014	0.0014	0.0001	0.0012	0.0011	0.0000	0.0003	0.0002	0.0000	0.0181	0.0086	0.0096	0.0038	0.0036	0.0002	0.0144	0.0050	0.0094	0.0000	0.0000	0.0000	0.0000	0.0000	0.0000	0.0000	0.0000	0.0000	0.0017	0.0035	0.0000	0.0080	0.0085	0.0000	0.0000	0.0000	0.0000		
24	30	0.1995	7	1	2	0	0	0	0	0	0	N	Y	N	N	N	N	N	N	N	N	N	N	0.0000	0.0000	0.0000	0.0000	0.0000	0.0000	0.0000	0.0000	0.0000	0.0000	0.0000	0.0000	0.0000	0.0000	0.0000	0.0000	0.0000	0.0000	0.0000	0.0000	0.0018	9.9334	0.9893	11.0001	0.0000	0.0000	0.0000	0.0000	0.0000	0.0000	0.0000	0.0000	0.0000	0.0000	0.0000	0.0000	0.0000	0.0000	0.0000	0.0000	0.0000	0.0000	0.0012	0.0012	0.0001	0.0009	0.0009	0.0000	0.0003	0.0003	0.0000	0.0338	0.0158	0.0180	0.0090	0.0067	0.0023	0.0247	0.0090	0.0157	0.0000	0.0000	0.0000	0.0000	0.0000	0.0000	0.0000	0.0000	0.0000	0.0000	0.0000	0.0000	0.0000	0.0000	0.0000	0.0000	0.0000	0.0000											
24	31	0.1995	7	0	1	1	0	0	0	0	0	N	N	N	N	N	N	N	N	N	N	N	N	0.0000	0.0000	0.0000	0.0000	0.0000	0.0000	0.0000	0.0000	0.0000	0.0000	0.0000	0.0000	0.0000	0.0000	0.0000	0.0000	0.0000	0.0000	0.0000	0.0000	0.0018	2.9334	0.9893	4.9999	0.0000	0.0000	0.0000	0.0000	0.0000	0.0000	0.0000	0.0000	0.0000	0.0000	0.0000	0.0000	0.0000	0.0000	0.0000	0.0000	0.0000	0.0000	0.0004	0.0004	0.0000	0.0003	0.0003	0.0000	0.0001	0.0001	0.0000	0.0156	0.0072	0.0084	0.0043	0.0032	0.0011	0.0113	0.0040	0.0073	0.0000	0.0000	0.0000	0.0000	0.0000	0.0000	0.0000	0.0000	0.0000	0.0000	0.0000	0.0000	0.0000	0.0000	0.0000	0.0000	0.0000	0.0000											
24	32	0.1995	7	0	2	0	0	0	0	0	0	N	Y	N	N	N	N	N	N	N	N	N	N	0.0000	0.0000	0.0000	0.0000	0.0000	0.0000	0.0000	0.0000	0.0000	0.0000	0.0000	0.0000	0.0000	0.0014	0.0000	0.0026	0.0000	0.0000	0.0000	0.0020	0.0000	0.0030	inf	0.0000	0.0000	0.0018	3.0666	0.9893	3.9999	0.0000	0.0000	0.0000	0.0000	0.0000	0.0000	0.0000	0.0000	0.0000	0.0000	0.0000	0.0000	0.0000	0.0000	0.0000	0.0000	0.0000	0.0000	0.0004	0.0004	0.0000	0.0003	0.0003	0.0000	0.0001	0.0001	0.0000	0.0141	0.0065	0.0076	0.0039	0.0029	0.0010	0.0103	0.0036	0.0066	0.0000	0.0000	0.0000	0.0000	0.0000	0.0000	0.0000	0.0000	0.0000	0.0014	0.0000	0.0026	0.0000	0.0000	0.0000	0.0020	0.0000	0.0030						
24	33	0.2878	10	1	1	1	0	0	0	0	0	N	N	N	N	N	N	N	N	N	N	N	N	0.0000	0.0000	0.0000	0.0000	0.0000	0.0000	0.0000	0.0000	0.0000	0.0000	0.0000	0.0000	0.0000	0.0000	0.0000	0.0000	0.0000	0.0000	0.0000	-0.0000	0.0018	0.9991	0.9893	2.0219	0.0000	0.0000	0.0000	0.0000	0.0000	0.0000	0.0000	0.0000	0.0000	0.0000	0.0000	0.0000	0.0000	0.0000	0.0000	0.0000	0.0000	0.0000	0.0001	0.0001	0.0000	0.0001	0.0001	0.0000	0.0000	0.0000	0.0000	0.0056	0.0027	0.0028	0.0016	0.0014	0.0003	0.0039	0.0013	0.0026	0.0000	0.0000	0.0000	0.0000	0.0000	0.0000	0.0000	0.0000	0.0000	0.0000	0.0000	0.0000	0.0000	0.0000	0.0000	0.0000	0.0000	0.0000											
24	34	0.1995	7	0	2	0	0	0	0	0	0	N	Y	N	N	N	N	N	N	N	N	N	N	0.0000	0.0000	0.0000	0.0000	0.0000	0.0000	0.0000	0.0000	0.0000	0.0000	0.0000	0.0000	0.0000	0.0000	0.0000	0.0000	0.0000	0.0000	0.0000	0.0000	0.0018	4.9334	0.9893	5.0001	0.0000	0.0000	0.0000	0.0000	0.0000	0.0000	0.0000	0.0000	0.0000	0.0000	0.0000	0.0000	0.0000	0.0000	0.0000	0.0000	0.0000	0.0000	0.0007	0.0006	0.0000	0.0005	0.0005	0.0000	0.0002	0.0002	0.0000	0.0189	0.0088	0.0102	0.0052	0.0039	0.0013	0.0138	0.0049	0.0089	0.0000	0.0000	0.0000	0.0000	0.0000	0.0000	0.0000	0.0000	0.0000	0.0000	0.0000	0.0000	0.0000	0.0000	0.0000	0.0000	0.0000	0.0000											
24	35	0.2878	10	1	1	1	0	0	0	0	0	N	N	N	N	N	N	N	N	N	N	N	N	0.0000	0.0000	0.0000	0.0000	0.0000	0.0000	0.0000	0.0000	0.0000	0.0000	0.0000	0.0000	0.0000	0.0000	0.0000	0.0000	0.0000	0.0000	0.0000	-0.0000	0.0018	0.0009	0.9893	1.9867	0.0000	0.0000	0.0000	0.0000	0.0000	0.0000	0.0000	0.0000	0.0000	0.0000	0.0000	0.0000	0.0000	0.0000	0.0000	0.0000	0.0000	0.0000	0.0000	0.0000	0.0000	0.0000	0.0000	0.0000	0.0000	0.0000	0.0000	0.0038	0.0019	0.0019	0.0012	0.0010	0.0002	0.0027	0.0009	0.0018	0.0000	0.0000	0.0000	0.0000	0.0000	0.0000	0.0000	0.0000	0.0000	0.0000	0.0000	0.0000	0.0000	0.0000	0.0000	0.0000	0.0000	0.0000											
24	36	0.2699	9	1	1	1	0	0	0	0	0	N	N	N	N	N	N	N	N	N	N	N	N	0.0000	0.0000	0.0000	0.0000	0.0000	0.0000	0.0000	0.0000	0.0000	0.0000	0.0000	0.0000	0.0000	0.0000	0.0000	0.0000	0.0000	0.0000	0.0000	0.0000	0.0018	1.0009	0.9893	2.0357	0.0000	0.0000	0.0000	0.0000	0.0000	0.0000	0.0000	0.0000	0.0000	0.0000	0.0000	0.0000	0.0000	0.0000	0.0000	0.0000	0.0000	0.0000	0.0001	0.0001	0.0000	0.0001	0.0001	0.0000	0.0000	0.0000	0.0000	0.0050	0.0024	0.0026	0.0011	0.0011	0.0001	0.0039	0.0014	0.0025	0.0000	0.0000	0.0000	0.0000	0.0000	0.0000	0.0000	0.0000	0.0000	0.0000	0.0000	0.0000	0.0000	0.0000	0.0000	0.0000	0.0000	0.0000											
24	37	0.2699	9	1	1	1	0	0	0	0	0	N	N	N	N	N	N	N	N	N	N	N	N	0.0000	0.0000	0.0000	0.0000	0.0000	0.0000	0.0000	0.0000	0.0000	0.0000	0.0000	0.0000	0.0000	0.0031	0.0000	0.0059	0.0000	0.0000	0.0000	0.0039	0.0000	0.0060	inf	0.0000	0.0000	0.0018	1.0000	0.9893	3.0000	0.0000	0.0000	0.0000	0.0000	0.0000	0.0000	0.0000	0.0000	0.0000	0.0000	0.0000	0.0000	0.0000	0.0000	0.0000	0.0000	0.0000	0.0000	0.0001	0.0001	0.0000	0.0001	0.0001	0.0000	0.0000	0.0000	0.0000	0.0065	0.0031	0.0034	0.0014	0.0014	0.0001	0.0051	0.0018	0.0033	0.0000	0.0000	0.0000	0.0000	0.0000	0.0000	0.0000	0.0000	0.0000	0.0031	0.0000	0.0059	0.0000	0.0000	0.0000	0.0039	0.0000	0.0060						
24	38	0.1995	7	0	1	1	0	0	0	0	0	N	N	N	N	N	N	N	N	N	N	N	N	0.0000	0.0000	0.0000	0.0000	0.0000	0.0000	0.0000	0.0000	0.0000	0.0000	0.0000	0.0000	0.0000	0.0000	0.0000	0.0000	0.0000	0.0000	0.0000	0.0000	0.0018	3.0666	0.9893	2.9999	0.0000	0.0000	0.0000	0.0000	0.0000	0.0000	0.0000	0.0000	0.0000	0.0000	0.0000	0.0000	0.0000	0.0000	0.0000	0.0000	0.0000	0.0000	0.0004	0.0004	0.0000	0.0003	0.0003	0.0000	0.0001	0.0001	0.0000	0.0123	0.0057	0.0067	0.0034	0.0025	0.0009	0.0090	0.0032	0.0058	0.0000	0.0000	0.0000	0.0000	0.0000	0.0000	0.0000	0.0000	0.0000	0.0000	0.0000	0.0000	0.0000	0.0000	0.0000	0.0000	0.0000	0.0000											
24	39	0.1995	7	0	2	0	0	0	0	0	0	N	Y	N	N	N	N	N	N	N	N	N	N	0.0000	0.0000	0.0000	0.0000	0.0000	0.0000	0.0000	0.0000	0.0000	0.0000	0.0000	0.0000	0.0000	0.0017	0.0000	0.0031	0.0000	0.0000	0.0000	0.0023	0.0000	0.0035	inf	0.0000	0.0000	0.0018	3.9334	0.9893	2.0001	0.0000	0.0000	0.0000	0.0000	0.0000	0.0000	0.0000	0.0000	0.0000	0.0000	0.0000	0.0000	0.0000	0.0000	0.0000	0.0000	0.0000	0.0000	0.0006	0.0005	0.0000	0.0004	0.0004	0.0000	0.0001	0.0001	0.0000	0.0121	0.0056	0.0065	0.0033	0.0025	0.0008	0.0088	0.0031	0.0057	0.0000	0.0000	0.0000	0.0000	0.0000	0.0000	0.0000	0.0000	0.0000	0.0017	0.0000	0.0031	0.0000	0.0000	0.0000	0.0023	0.0000	0.0035						
24	40	0.3038	12	1	2	1	0	0	0	0	0	N	Y	N	N	N	N	N	N	N	N	N	N	0.0000	0.0000	0.0000	0.0000	0.0000	0.0000	0.0000	0.0000	0.0000	0.0000	0.0000	0.0000	0.0000	0.0000	0.0000	0.0000	0.0000	0.0000	0.0000	0.0000	0.0018	0.0000	0.9893	0.0000	0.0000	0.0000	0.0000	0.0000	0.0000	0.0000	0.0000	0.0000	0.0000	0.0000	0.0000	0.0000	0.0000	0.0000	0.0000	0.0000	0.0000	0.0000	0.0000	0.0000	0.0000	0.0000	0.0000	0.0000	0.0000	0.0000	0.0000	0.0000	0.0000	0.0000	0.0000	0.0000	0.0000	0.0000	0.0000	0.0000	0.0000	0.0000	0.0000	0.0000	0.0000	0.0000	0.0000	0.0000	0.0000	0.0000	0.0000	0.0000	0.0000	0.0000	0.0000	0.0000	0.0000	0.0000											
24	41	0.3038	11	1	2	1	0	0	0	0	0	N	Y	N	N	N	N	N	N	N	N	N	N	0.0000	0.0000	0.0000	0.0000	0.0000	0.0000	0.0000	0.0000	0.0000	0.0000	0.0000	0.0000	0.0000	0.0000	0.0000	0.0000	0.0054	0.0040	0.0066	0.0094	0.0099	0.0000	0.0045	0.0000	0.0067	1.9998	0.0000	-0.0000	0.0018	1.0000	0.9893	1.9999	0.0000	0.0000	0.0000	0.0000	0.0000	0.0000	0.0000	0.0000	0.0000	0.0000	0.0000	0.0000	0.0000	0.0000	0.0000	0.0000	0.0000	0.0000	0.0001	0.0001	0.0000	0.0001	0.0001	0.0000	0.0000	0.0000	0.0000	0.0056	0.0025	0.0030	0.0011	0.0010	0.0001	0.0045	0.0015	0.0030	0.0000	0.0000	0.0000	0.0000	0.0000	0.0000	0.0000	0.0000	0.0000	0.0054	0.0040	0.0066	0.0094	0.0099	0.0000	0.0045	0.0000	0.0067			
24	42	0.2206	8	1	2	0	0	0	0	0	0	N	Y	N	N	N	N	N	N	N	N	N	N	21.2549	35.3845	0.0000	8.5179	8.7649	0.0000	76.9994	inf	0.0000	0.0874	0.0977	0.0000	0.0402	0.0451	0.0000	0.2969	0.3259	0.0000	0.0041	0.0028	0.0055	0.0047	0.0051	0.0001	0.0039	0.0000	0.0058	0.0000	1.9286	-0.0000	-0.0000	0.0018	0.0007	0.9893	2.0242	0.0000	0.0000	0.0000	0.0000	0.0000	0.0000	0.0000	0.0000	0.0000	0.0000	0.0000	0.0000	0.0000	0.0000	0.0000	0.0000	0.0000	0.0000	0.0000	0.0000	0.0000	0.0000	0.0000	0.0000	0.0000	0.0000	0.0000	0.0070	0.0036	0.0035	0.0021	0.0019	0.0002	0.0049	0.0017	0.0033	21.2549	35.3845	0.0000	8.5179	8.7649	0.0000	76.9994	inf	0.0000	0.0041	0.0028	0.0055	0.0047	0.0051	0.0001	0.0039	0.0000	0.0058
24	43	0.2439	8	0	2	0	1	0	0	0	0	N	Y	N	N	N	N	N	N	N	N	N	N	0.0000	0.0000	0.0000	0.0000	0.0000	0.0000	0.0000	0.0000	0.0000	0.0000	0.0000	0.0000	0.0000	0.0000	0.0000	0.0000	0.0000	0.0000	0.0000	0.0000	0.0018	0.0000	0.9893	0.0000	0.0000	0.0000	0.0000	0.0000	0.0000	0.0000	0.0000	0.0000	0.0000	0.0000	0.0000	0.0000	0.0000	0.0000	0.0000	0.0000	0.0000	0.0000	0.0000	0.0000	0.0000	0.0000	0.0000	0.0000	0.0000	0.0000	0.0000	0.0000	0.0000	0.0000	0.0000	0.0000	0.0000	0.0000	0.0000	0.0000	0.0000	0.0000	0.0000	0.0000	0.0000	0.0000	0.0000	0.0000	0.0000	0.0000	0.0000	0.0000	0.0000	0.0000	0.0000	0.0000	0.0000	0.0000											
24	44	0.2439	8	0	1	0	1	0	0	0	0	N	N	N	N	N	N	N	N	N	N	N	N	0.0000	0.0000	0.0000	0.0000	0.0000	0.0000	0.0000	0.0000	0.0000	0.0000	0.0000	0.0000	0.0000	0.0000	0.0000	0.0000	0.0000	0.0000	0.0000	0.0000	0.0018	0.0000	0.9893	0.0000	0.0000	0.0000	0.0000	0.0000	0.0000	0.0000	0.0000	0.0000	0.0000	0.0000	0.0000	0.0000	0.0000	0.0000	0.0000	0.0000	0.0000	0.0000	0.0000	0.0000	0.0000	0.0000	0.0000	0.0000	0.0000	0.0000	0.0000	0.0000	0.0000	0.0000	0.0000	0.0000	0.0000	0.0000	0.0000	0.0000	0.0000	0.0000	0.0000	0.0000	0.0000	0.0000	0.0000	0.0000	0.0000	0.0000	0.0000	0.0000	0.0000	0.0000	0.0000	0.0000	0.0000	0.0000											
24	45	0.1995	7	0	1	0	1	0	0	0	0	N	N	N	N	N	N	N	N	N	N	N	N	0.0000	0.0000	0.0000	0.0000	0.0000	0.0000	0.0000	0.0000	0.0000	0.0000	0.0000	0.0000	0.0000	0.0014	0.0000	0.0026	0.0000	0.0000	0.0000	0.0020	0.0000	0.0030	inf	0.0000	0.0000	0.0018	3.0666	0.9893	3.9999	0.0000	0.0000	0.0000	0.0000	0.0000	0.0000	0.0000	0.0000	0.0000	0.0000	0.0000	0.0000	0.0000	0.0000	0.0000	0.0000	0.0000	0.0000	0.0004	0.0004	0.0000	0.0003	0.0003	0.0000	0.0001	0.0001	0.0000	0.0141	0.0065	0.0076	0.0039	0.0029	0.0010	0.0103	0.0036	0.0066	0.0000	0.0000	0.0000	0.0000	0.0000	0.0000	0.0000	0.0000	0.0000	0.0014	0.0000	0.0026	0.0000	0.0000	0.0000	0.0020	0.0000	0.0030						
24	46	0.2699	9	1	1	1	0	0	0	0	0	N	N	N	N	N	N	N	N	N	N	N	N	0.0000	0.0000	0.0000	0.0000	0.0000	0.0000	0.0000	0.0000	0.0000	0.0000	0.0000	0.0000	0.0000	0.0060	0.0000	0.0115	0.0000	0.0000	0.0000	0.0077	0.0000	0.0118	inf	0.0000	0.0000	0.0018	0.0000	0.9893	2.0000	0.0000	0.0000	0.0000	0.0000	0.0000	0.0000	0.0000	0.0000	0.0000	0.0000	0.0000	0.0000	0.0000	0.0000	0.0000	0.0000	0.0000	0.0000	0.0000	0.0000	0.0000	0.0000	0.0000	0.0000	0.0000	0.0000	0.0000	0.0034	0.0016	0.0017	0.0007	0.0007	0.0000	0.0026	0.0009	0.0017	0.0000	0.0000	0.0000	0.0000	0.0000	0.0000	0.0000	0.0000	0.0000	0.0060	0.0000	0.0115	0.0000	0.0000	0.0000	0.0077	0.0000	0.0118						
24	47	0.2849	10	1	2	0	0	0	0	0	0	N	Y	N	N	N	N	N	N	N	N	N	N	0.1678	0.0707	0.0000	0.0228	0.0232	0.0000	0.0000	0.0000	0.0006	0.0006	0.0000	0.0007	0.0007	0.0000	0.0000	0.0000	0.0000	0.0033	0.0086	0.0001	0.0287	0.0304	0.0000	0.0000	0.0000	0.0001	0.0000	0.0108	-0.0000	-0.0000	0.0018	0.9991	0.9893	2.0273	0.0000	0.0000	0.0000	0.0000	0.0000	0.0000	0.0000	0.0000	0.0000	0.0000	0.0000	0.0000	0.0000	0.0000	0.0000	0.0000	0.0000	0.0000	0.0002	0.0002	0.0000	0.0002	0.0002	0.0000	0.0000	0.0000	0.0000	0.0060	0.0023	0.0037	0.0007	0.0007	0.0000	0.0053	0.0017	0.0037	0.1678	0.0707	0.0000	0.0228	0.0232	0.0000	0.0000	0.0000	0.0000	0.0033	0.0086	0.0001	0.0287	0.0304	0.0000	0.0000	0.0000	0.0001	
24	48	0.2473	9	1	2	0	0	0	0	0	0	N	Y	N	N	N	N	N	N	N	N	N	N	213.7167	159.3042	0.0000	108.0240	105.2675	0.0000	0.0621	0.0015	0.0000	1.0265	1.0671	0.0000	1.1735	1.2037	0.0000	0.0002	0.0002	0.0000	0.0048	0.0067	0.0031	0.0109	0.0114	0.0005	0.0031	0.1444	0.0032	0.0000	0.5131	-0.0002	-0.0000	0.0018	3.1828	0.9893	3.1571	0.0010	0.0010	0.0000	0.0010	0.0010	0.0000	0.0000	0.0000	0.0000	0.0001	0.0000	0.0000	0.0000	0.0000	0.0000	0.0000	0.0000	0.0000	0.0010	0.0009	0.0000	0.0008	0.0008	0.0000	0.0001	0.0001	0.0000	0.0125	0.0059	0.0066	0.0027	0.0026	0.0001	0.0098	0.0033	0.0064	213.7167	159.3042	0.0000	108.0240	105.2675	0.0000	0.0621	0.0741	0.0000	0.0048	0.0067	0.0031	0.0109	0.0114	0.0002	0.0031	0.0030	0.0032
24	49	0.2431	8	0	2	0	0	0	0	0	0	N	Y	N	N	N	N	N	N	N	N	N	N	40.0562	20.8587	32.4474	28.0134	27.6296	24.2566	0.3765	0.0064	0.0000	0.4513	0.4702	0.0196	0.5177	0.5324	0.0321	0.0034	0.0038	0.0000	0.0113	0.0225	0.0006	0.0185	0.0193	0.0013	0.0089	0.6045	0.0006	0.0018	0.0283	-0.0000	-0.0000	0.0018	0.8922	0.9893	1.0748	0.0001	0.0001	0.0000	0.0001	0.0001	0.0000	0.0000	0.0000	0.0000	0.0001	0.0001	0.0000	0.0000	0.0000	0.0000	0.0000	0.0000	0.0000	0.0003	0.0003	0.0000	0.0003	0.0003	0.0000	0.0000	0.0000	0.0000	0.0046	0.0022	0.0024	0.0011	0.0011	0.0000	0.0035	0.0012	0.0023	40.0562	20.8587	32.4474	28.0134	27.6296	76.7139	0.3765	0.1502	0.0000	0.0113	0.0225	0.0006	0.0185	0.0193	0.0004	0.0089	0.0256	0.0006
24	50	0.2699	9	0	2	0	0	0	0	0	0	N	Y	N	N	N	N	N	N	N	N	N	N	0.0000	0.0000	0.0000	0.0000	0.0000	0.0000	0.0000	0.0000	0.0000	0.0000	0.0000	0.0000	0.0000	0.0000	0.0000	0.0000	0.0000	0.0000	0.0000	0.0000	0.0018	0.0000	0.9893	0.0000	0.0000	0.0000	0.0000	0.0000	0.0000	0.0000	0.0000	0.0000	0.0000	0.0000	0.0000	0.0000	0.0000	0.0000	0.0000	0.0000	0.0000	0.0000	0.0000	0.0000	0.0000	0.0000	0.0000	0.0000	0.0000	0.0000	0.0000	0.0000	0.0000	0.0000	0.0000	0.0000	0.0000	0.0000	0.0000	0.0000	0.0000	0.0000	0.0000	0.0000	0.0000	0.0000	0.0000	0.0000	0.0000	0.0000	0.0000	0.0000	0.0000	0.0000	0.0000	0.0000	0.0000	0.0000											
24	51	0.2699	9	1	2	0	0	0	0	0	0	N	Y	N	N	N	N	N	N	N	N	N	N	0.0000	0.0000	0.0000	0.0000	0.0000	0.0000	0.0000	0.0000	0.0000	0.0000	0.0000	0.0000	0.0000	0.0000	0.0000	0.0000	0.0000	0.0000	0.0000	0.0000	0.0018	1.0000	0.9893	3.0000	0.0000	0.0000	0.0000	0.0000	0.0000	0.0000	0.0000	0.0000	0.0000	0.0000	0.0000	0.0000	0.0000	0.0000	0.0000	0.0000	0.0000	0.0000	0.0001	0.0001	0.0000	0.0001	0.0001	0.0000	0.0000	0.0000	0.0000	0.0065	0.0031	0.0034	0.0014	0.0014	0.0001	0.0051	0.0018	0.0033	0.0000	0.0000	0.0000	0.0000	0.0000	0.0000	0.0000	0.0000	0.0000	0.0000	0.0000	0.0000	0.0000	0.0000	0.0000	0.0000	0.0000	0.0000											
24	52	0.2561	8	0	1	0	0	0	0	0	0	N	N	N	N	N	N	N	N	N	N	N	N	0.0182	0.0095	0.0000	0.0050	0.0050	0.0000	0.0000	0.0000	0.0000	0.0002	0.0002	0.0000	0.0004	0.0004	0.0000	0.0000	0.0000	0.0000	0.0122	0.0251	0.0006	0.0709	0.0729	0.0285	0.0004	0.0001	0.0006	0.0000	0.0283	-0.0000	-0.0001	0.0018	3.0179	0.9893	1.1627	0.0000	0.0000	0.0000	0.0000	0.0000	0.0000	0.0000	0.0000	0.0000	0.0001	0.0001	0.0000	0.0001	0.0001	0.0000	0.0000	0.0000	0.0000	0.0005	0.0004	0.0000	0.0003	0.0003	0.0000	0.0002	0.0001	0.0000	0.0117	0.0055	0.0062	0.0020	0.0019	0.0001	0.0097	0.0036	0.0061	0.0182	0.0095	0.0000	0.0050	0.0050	0.0000	0.0000	0.0000	0.0000	0.0122	0.0251	0.0006	0.0709	0.0729	0.0042	0.0004	0.0000	0.0006
24	53	0.2699	9	1	2	1	0	0	0	0	0	N	Y	N	N	N	N	N	N	N	N	N	N	0.0000	0.0000	0.0000	0.0000	0.0000	0.0000	0.0000	0.0000	0.0000	0.0000	0.0000	0.0000	0.0000	0.0000	0.0000	0.0000	0.0000	0.0000	0.0000	0.0000	0.0018	4.0000	0.9893	1.0000	0.0000	0.0000	0.0000	0.0000	0.0000	0.0000	0.0000	0.0000	0.0000	0.0000	0.0000	0.0000	0.0000	0.0000	0.0000	0.0000	0.0000	0.0000	0.0005	0.0005	0.0000	0.0004	0.0004	0.0000	0.0001	0.0001	0.0000	0.0081	0.0039	0.0042	0.0018	0.0017	0.0001	0.0063	0.0022	0.0041	0.0000	0.0000	0.0000	0.0000	0.0000	0.0000	0.0000	0.0000	0.0000	0.0000	0.0000	0.0000	0.0000	0.0000	0.0000	0.0000	0.0000	0.0000											
24	54	0.2561	8	0	2	0	0	0	0	0	0	N	Y	N	N	N	N	N	N	N	N	N	N	0.0480	0.0250	0.0000	0.0118	0.0118	0.0000	0.0000	0.0000	0.0000	0.0003	0.0003	0.0000	0.0005	0.0005	0.0000	0.0000	0.0000	0.0000	0.0065	0.0135	0.0003	0.0423	0.0438	0.0117	0.0002	0.0000	0.0003	0.0000	0.0283	-0.0000	-0.0001	0.0018	2.0683	0.9893	6.9961	0.0000	0.0000	0.0000	0.0000	0.0000	0.0000	0.0000	0.0000	0.0000	0.0001	0.0001	0.0000	0.0001	0.0001	0.0000	0.0000	0.0000	0.0000	0.0003	0.0003	0.0000	0.0002	0.0002	0.0000	0.0001	0.0001	0.0000	0.0218	0.0102	0.0116	0.0033	0.0032	0.0001	0.0185	0.0071	0.0115	0.0480	0.0250	0.0000	0.0118	0.0118	0.0000	0.0000	0.0000	0.0000	0.0065	0.0135	0.0003	0.0423	0.0438	0.0021	0.0002	0.0000	0.0003
24	55	0.1995	7	0	1	0	0	0	0	0	0	N	N	N	N	N	N	N	N	N	N	N	N	0.0227	0.0131	0.0000	54.7489	46.1545	0.0000	0.0000	0.0000	0.0000	0.0002	0.0002	0.0000	0.0002	0.0003	0.0000	0.0000	0.0000	0.0000	0.0079	0.0147	0.0021	0.0000	0.0000	0.0000	0.0109	0.6144	0.0024	0.0000	0.1668	-0.0000	-0.0001	0.0018	3.9265	0.9893	5.0808	0.0000	0.0000	0.0000	0.0000	0.0000	0.0000	0.0000	0.0000	0.0000	0.0001	0.0001	0.0000	0.0000	0.0000	0.0000	0.0001	0.0001	0.0000	0.0006	0.0005	0.0000	0.0004	0.0004	0.0000	0.0001	0.0001	0.0000	0.0174	0.0080	0.0094	0.0048	0.0036	0.0012	0.0127	0.0045	0.0082	0.0227	0.0131	0.0000	54.7489	46.1545	0.0000	0.0000	0.0000	0.0000	0.0079	0.0147	0.0021	0.0000	0.0000	0.0000	0.0109	0.0264	0.0024
24	56	0.2699	9	1	1	1	0	0	0	0	0	N	N	N	N	N	N	N	N	N	N	N	N	0.0000	0.0000	0.0000	0.0000	0.0000	0.0000	0.0000	0.0000	0.0000	0.0000	0.0000	0.0000	0.0000	0.0000	0.0000	0.0000	0.0000	0.0000	0.0000	0.0000	0.0018	4.0000	0.9893	7.0000	0.0000	0.0000	0.0000	0.0000	0.0000	0.0000	0.0000	0.0000	0.0000	0.0000	0.0000	0.0000	0.0000	0.0000	0.0000	0.0000	0.0000	0.0000	0.0005	0.0005	0.0000	0.0004	0.0004	0.0000	0.0001	0.0001	0.0000	0.0165	0.0079	0.0086	0.0035	0.0033	0.0002	0.0130	0.0046	0.0084	0.0000	0.0000	0.0000	0.0000	0.0000	0.0000	0.0000	0.0000	0.0000	0.0000	0.0000	0.0000	0.0000	0.0000	0.0000	0.0000	0.0000	0.0000											
24	57	0.0970	6	0	2	0	0	0	0	0	0	N	Y	N	N	N	N	N	N	N	N	N	N	0.1359	0.0634	0.0000	0.0210	0.0210	0.0000	0.1196	1.0608	0.0000	0.0015	0.0016	0.0000	0.0034	0.0035	0.0000	0.0000	0.0000	0.0000	0.0111	0.0255	0.0005	0.1627	0.1665	0.1050	0.0003	0.0000	0.0004	0.0000	0.0252	-0.0000	-0.0003	0.0018	9.7645	0.9893	7.4558	0.0000	0.0000	0.0000	0.0000	0.0000	0.0000	0.0000	0.0000	0.0000	0.0004	0.0004	0.0000	0.0004	0.0004	0.0000	0.0000	0.0000	0.0000	0.0018	0.0017	0.0001	0.0008	0.0008	0.0000	0.0010	0.0009	0.0001	0.0394	0.0167	0.0227	0.0026	0.0026	0.0001	0.0368	0.0141	0.0227	0.1359	0.0634	0.0000	0.0210	0.0210	0.0000	0.1196	18.0211	0.0000	0.0111	0.0255	0.0005	0.1627	0.1665	0.0098	0.0003	0.0000	0.0004
24	62	0.2435	9	0	2	0	0	0	0	0	0	N	Y	N	N	N	N	N	N	N	N	N	N	0.0287	0.0000	771.3368	0.0019	0.0000	8897.8114	167.1129	0.0000	693.0895	0.1587	0.0003	1.2514	0.0225	0.0004	0.4616	0.3445	0.0000	1.4711	5.5305	9.4684	0.0016	12.0667	15.4554	0.0001	0.0021	0.0918	0.0021	649.0446	0.0001	0.0001	-0.1351	0.0018	3.3327	0.9893	4.3103	0.0001	0.0000	0.0001	0.0000	0.0000	0.0000	0.0001	0.0000	0.0001	0.1804	0.1803	0.0000	0.1803	0.1803	0.0000	0.0000	0.0000	0.0000	0.0009	0.0008	0.0001	0.0005	0.0005	0.0000	0.0004	0.0003	0.0001	0.0326	0.0190	0.0136	0.0149	0.0117	0.0033	0.0177	0.0074	0.0103	0.0287	0.0000	771.3368	0.0019	0.0000	8897.8114	167.1129	0.0000	693.0895	5.5305	9.4684	0.0016	12.0667	15.4554	0.0001	0.0021	0.0020	0.0021
24	63	0.2194	8	0	1	0	0	0	0	0	0	N	N	N	N	N	N	N	N	N	N	N	N	0.0078	0.0008	115.6725	0.0001	0.0001	0.0000	0.0215	0.0018	161.7201	0.0936	0.0181	1.1847	0.0008	0.0008	0.0000	0.2530	0.0502	1.8575	12.0094	21.3014	0.0102	12.3573	16.3657	0.0449	11.7595	27.5845	0.0115	4.5363	0.0004	0.0000	-0.2028	0.0018	3.2669	0.9893	2.4507	0.0001	0.0000	0.0001	0.0000	0.0000	0.0000	0.0001	0.0000	0.0001	0.2709	0.2708	0.0001	0.1165	0.1165	0.0000	0.1543	0.1543	0.0001	0.0007	0.0006	0.0000	0.0004	0.0004	0.0000	0.0002	0.0002	0.0000	0.0226	0.0127	0.0098	0.0094	0.0071	0.0023	0.0131	0.0056	0.0075	0.0078	0.0008	115.6725	0.0001	0.0001	0.0000	0.0215	0.0018	161.7201	12.0094	21.3014	0.0102	12.3573	16.3657	0.0062	11.7595	27.5845	0.0115
24	64	0.3038	12	1	1	1	0	0	0	0	0	N	N	N	N	N	N	N	N	N	N	N	N	0.0000	0.0000	0.0000	0.0000	0.0000	0.0000	0.0000	0.0000	0.0000	0.0000	0.0000	0.0000	0.0000	0.0000	0.0000	0.0000	0.0000	0.0000	0.0000	0.0000	0.0018	0.0000	0.9893	1.0000	0.0000	0.0000	0.0000	0.0000	0.0000	0.0000	0.0000	0.0000	0.0000	0.0000	0.0000	0.0000	0.0000	0.0000	0.0000	0.0000	0.0000	0.0000	0.0000	0.0000	0.0000	0.0000	0.0000	0.0000	0.0000	0.0000	0.0000	0.0019	0.0009	0.0011	0.0004	0.0003	0.0000	0.0016	0.0005	0.0010	0.0000	0.0000	0.0000	0.0000	0.0000	0.0000	0.0000	0.0000	0.0000	0.0000	0.0000	0.0000	0.0000	0.0000	0.0000	0.0000	0.0000	0.0000											
24	65	0.3038	11	1	1	1	0	0	0	0	0	N	N	N	N	N	N	N	N	N	N	N	N	0.0000	0.0000	0.0000	0.0000	0.0000	0.0000	0.0000	0.0000	0.0000	0.0000	0.0000	0.0000	0.0000	0.0008	0.0016	0.0000	0.0017	0.0017	0.0000	0.0000	0.0000	0.0000	0.0000	0.0000	-0.0000	0.0018	0.0000	0.9893	0.0001	0.0000	0.0000	0.0000	0.0000	0.0000	0.0000	0.0000	0.0000	0.0000	0.0000	0.0000	0.0000	0.0000	0.0000	0.0000	0.0000	0.0000	0.0000	0.0000	0.0000	0.0000	0.0000	0.0000	0.0000	0.0000	0.0000	0.0000	0.0000	0.0000	0.0000	0.0000	0.0000	0.0000	0.0000	0.0000	0.0000	0.0000	0.0000	0.0000	0.0000	0.0000	0.0000	0.0000	0.0000	0.0000	0.0008	0.0016	0.0000	0.0017	0.0017	0.0000	0.0000	0.0000	0.0000						
24	66	0.2915	10	1	1	1	0	0	0	0	0	N	N	N	N	N	N	N	N	N	N	N	N	0.0000	0.0000	0.0000	0.0000	0.0000	0.0000	0.0000	0.0000	0.0000	0.0000	0.0000	0.0000	0.0000	0.0000	0.0000	0.0000	0.0003	0.0005	0.0000	0.0009	0.0009	0.0000	0.0000	0.0000	0.0000	0.0549	0.0000	-0.0000	0.0018	1.9720	0.9893	0.0923	0.0000	0.0000	0.0000	0.0000	0.0000	0.0000	0.0000	0.0000	0.0000	0.0000	0.0000	0.0000	0.0000	0.0000	0.0000	0.0000	0.0000	0.0000	0.0003	0.0003	0.0000	0.0002	0.0002	0.0000	0.0001	0.0001	0.0000	0.0051	0.0024	0.0028	0.0013	0.0013	0.0000	0.0038	0.0011	0.0027	0.0000	0.0000	0.0000	0.0000	0.0000	0.0000	0.0000	0.0000	0.0000	0.0003	0.0005	0.0000	0.0009	0.0009	0.0000	0.0000	0.0000	0.0000			
24	67	0.2699	9	1	1	1	0	0	0	0	0	N	N	N	N	N	N	N	N	N	N	N	N	0.0000	0.0000	0.0000	0.0000	0.0000	0.0000	0.0000	0.0000	0.0000	0.0000	0.0000	0.0000	0.0000	0.0002	0.0000	0.0004	0.0000	0.0000	0.0000	0.0002	0.0000	0.0004	inf	0.0000	0.0000	0.0018	3.0650	0.9893	1.0636	0.0000	0.0000	0.0000	0.0000	0.0000	0.0000	0.0000	0.0000	0.0000	0.0000	0.0000	0.0000	0.0000	0.0000	0.0000	0.0000	0.0000	0.0000	0.0004	0.0004	0.0000	0.0003	0.0003	0.0000	0.0001	0.0001	0.0000	0.0067	0.0032	0.0035	0.0015	0.0014	0.0001	0.0053	0.0018	0.0034	0.0000	0.0000	0.0000	0.0000	0.0000	0.0000	0.0000	0.0000	0.0000	0.0002	0.0000	0.0004	0.0000	0.0000	0.0000	0.0002	0.0000	0.0004						
24	68	0.1219	5	0	2	0	1	0	0	0	0	N	Y	N	N	N	N	N	N	N	N	N	N	78.7945	5.1950	6667.4093	3.0480	3.2023	0.0253	2094.6926	923.6823	11672.4879	0.2819	0.0380	2.5058	0.0703	0.0768	0.0002	0.4792	0.0007	4.2766	0.0036	0.0073	0.0004	0.0231	0.0240	0.0072	0.0002	0.0000	0.0004	7.2391	0.0599	0.0001	-0.0001	0.0018	2.7513	0.9893	4.0954	0.0002	0.0000	0.0002	0.0000	0.0000	0.0000	0.0002	0.0000	0.0002	0.0001	0.0001	0.0000	0.0001	0.0001	0.0000	0.0000	0.0000	0.0000	0.0008	0.0007	0.0001	0.0004	0.0003	0.0000	0.0004	0.0004	0.0000	0.0208	0.0096	0.0112	0.0030	0.0029	0.0001	0.0177	0.0067	0.0111	78.7945	5.1950	6667.4093	3.0480	3.2023	0.1489	2094.6926	923.6823	11672.4879	0.0036	0.0073	0.0004	0.0231	0.0240	0.0012	0.0002	0.0000	0.0004
24	69	0.1995	7	0	2	0	0	0	0	0	0	N	Y	N	N	N	N	N	N	N	N	N	N	952.3148	1425.3438	0.0000	1040.9622	812.5437	0.0000	0.0000	0.9089	0.9735	0.0000	1.2320	1.2910	0.0000	0.0000	0.0000	0.0000	0.0010	0.0007	0.0012	0.0012	0.0016	0.0000	0.0009	0.0000	0.0014	0.0000	2.0000	-0.0002	-0.0000	0.0018	9.9334	0.9893	8.9999	0.0011	0.0011	0.0000	0.0011	0.0011	0.0000	0.0000	0.0000	0.0000	0.0000	0.0000	0.0000	0.0000	0.0000	0.0000	0.0000	0.0000	0.0000	0.0012	0.0012	0.0001	0.0009	0.0009	0.0000	0.0003	0.0003	0.0000	0.0314	0.0146	0.0168	0.0084	0.0063	0.0022	0.0230	0.0083	0.0146	952.3148	1425.3438	0.0000	1040.9622	812.5437	0.0000	0.0000	0.0000	0.0000	0.0010	0.0007	0.0012	0.0012	0.0016	0.0000	0.0009	0.0000	0.0014		
24	70	0.1995	7	0	2	0	0	0	0	0	0	N	Y	N	N	N	N	N	N	N	N	N	N	0.0000	0.0000	0.0000	0.0000	0.0000	0.0000	0.0000	0.0000	0.0000	0.0000	0.0000	0.0000	0.0000	0.0023	0.0000	0.0043	0.0000	0.0000	0.0000	0.0032	0.0000	0.0049	inf	0.0000	0.0000	0.0018	0.0666	0.9893	4.0001	0.0000	0.0000	0.0000	0.0000	0.0000	0.0000	0.0000	0.0000	0.0000	0.0000	0.0000	0.0000	0.0000	0.0000	0.0000	0.0000	0.0000	0.0000	0.0000	0.0000	0.0000	0.0000	0.0000	0.0000	0.0000	0.0000	0.0000	0.0086	0.0039	0.0046	0.0023	0.0018	0.0006	0.0062	0.0022	0.0040	0.0000	0.0000	0.0000	0.0000	0.0000	0.0000	0.0000	0.0000	0.0000	0.0023	0.0000	0.0043	0.0000	0.0000	0.0000	0.0032	0.0000	0.0049						
24	71	0.2699	9	0	2	0	0	0	0	0	0	N	Y	N	N	N	N	N	N	N	N	N	N	0.0000	0.0000	0.0000	0.0000	0.0000	0.0000	0.0000	0.0000	0.0000	0.0000	0.0000	0.0000	0.0000	0.0025	0.0000	0.0048	0.0000	0.0000	0.0000	0.0032	0.0000	0.0049	inf	0.0000	0.0000	0.0018	2.0000	0.9893	3.0000	0.0000	0.0000	0.0000	0.0000	0.0000	0.0000	0.0000	0.0000	0.0000	0.0000	0.0000	0.0000	0.0000	0.0000	0.0000	0.0000	0.0000	0.0000	0.0003	0.0003	0.0000	0.0002	0.0002	0.0000	0.0001	0.0000	0.0000	0.0081	0.0039	0.0042	0.0018	0.0017	0.0001	0.0063	0.0022	0.0041	0.0000	0.0000	0.0000	0.0000	0.0000	0.0000	0.0000	0.0000	0.0000	0.0025	0.0000	0.0048	0.0000	0.0000	0.0000	0.0032	0.0000	0.0049						
24	72	0.2431	8	0	1	0	0	0	0	0	0	N	N	N	N	N	N	N	N	N	N	N	N	12.5502	6.3135	0.0000	3.3687	3.3215	1745.2971	1862.1207	0.0000	0.0250	0.0265	0.0000	0.0313	0.0325	0.0000	0.0010	0.0011	0.0000	0.0020	0.0042	0.0000	0.0093	0.0098	0.0000	0.0000	0.0000	0.0000	0.0000	0.0001	-0.0000	-0.0000	0.0018	4.7932	0.9893	0.2507	0.0000	0.0000	0.0000	0.0000	0.0000	0.0000	0.0000	0.0000	0.0000	0.0000	0.0000	0.0000	0.0000	0.0000	0.0000	0.0000	0.0000	0.0000	0.0008	0.0008	0.0000	0.0006	0.0006	0.0000	0.0002	0.0001	0.0000	0.0100	0.0048	0.0053	0.0021	0.0020	0.0001	0.0079	0.0027	0.0052	12.5502	6.3135	0.0000	3.3687	3.3215	0.0000	1745.2971	1862.1207	0.0000	0.0020	0.0042	0.0000	0.0093	0.0098	0.0000	0.0000	0.0000	0.0000	
24	73	0.1995	7	0	1	0	0	0	0	0	0	N	N	N	N	N	N	N	N	N	N	N	N	21.8636	10.8729	35.3301	173.7339	135.3715	inf	0.0000	0.0000	0.0000	0.0292	0.0312	0.0007	0.0395	0.0412	0.0015	0.0000	0.0000	0.0000	0.0013	0.0029	0.0000	0.0002	0.0003	0.0000	0.0018	0.2141	0.0000	0.0017	0.0086	-0.0000	-0.0000	0.0018	4.9764	0.9893	2.9948	0.0000	0.0000	0.0000	0.0000	0.0000	0.0000	0.0000	0.0000	0.0000	0.0000	0.0000	0.0000	0.0000	0.0000	0.0000	0.0000	0.0000	0.0000	0.0007	0.0006	0.0000	0.0005	0.0005	0.0000	0.0002	0.0002	0.0000	0.0157	0.0072	0.0084	0.0043	0.0032	0.0011	0.0114	0.0040	0.0074	21.8636	10.8729	35.3301	173.7339	135.3715	inf	0.0000	0.0000	0.0000	0.0013	0.0029	0.0000	0.0002	0.0003	0.0000	0.0018	0.0049	0.0000
24	74	0.2194	8	0	2	0	0	0	0	0	0	N	Y	N	N	N	N	N	N	N	N	N	N	0.0000	0.0000	0.0000	0.0649	0.0508	0.0000	0.0000	0.0000	0.0000	0.0003	0.0003	0.0000	0.0005	0.0005	0.0000	0.0000	0.0000	0.0000	35.0307	62.9001	0.0001	0.0070	0.0092	0.0000	59.1147	140.4630	0.0001	0.0000	0.0000	-0.0000	-0.6338	0.0018	1.8678	0.9893	4.6278	0.0000	0.0000	0.0000	0.0000	0.0000	0.0000	0.0000	0.0000	0.0000	0.8463	0.8463	0.0000	0.0001	0.0001	0.0000	0.8462	0.8462	0.0000	0.0005	0.0005	0.0000	0.0003	0.0003	0.0000	0.0002	0.0002	0.0000	0.0242	0.0135	0.0107	0.0098	0.0074	0.0024	0.0143	0.0060	0.0083	0.0000	0.0000	0.0000	0.0649	0.0508	0.0000	0.0000	0.0000	0.0000	35.0307	62.9001	0.0001	0.0070	0.0092	0.0000	59.1147	140.4630	0.0001
24	75	0.1995	7	0	1	0	0	0	0	0	0	N	N	N	N	N	N	N	N	N	N	N	N	0.0000	0.0000	559.9533	0.0646	0.0504	0.0000	0.0000	946.6680	0.0002	0.0002	0.0004	0.0003	0.0003	0.0000	0.0001	0.0000	0.0008	13.0326	28.3497	0.0000	0.0040	0.0053	0.0000	17.9489	51.1122	0.0000	0.1388	0.0000	-0.0000	-0.1067	0.0018	4.7010	0.9893	0.6064	0.0000	0.0000	0.0000	0.0000	0.0000	0.0000	0.0000	0.0000	0.0000	0.1425	0.1425	0.0000	0.0000	0.0000	0.0000	0.1425	0.1425	0.0000	0.0007	0.0006	0.0000	0.0005	0.0005	0.0000	0.0002	0.0001	0.0000	0.0109	0.0050	0.0059	0.0030	0.0022	0.0008	0.0079	0.0028	0.0052	0.0000	0.0000	559.9533	0.0646	0.0504	0.0000	0.0000	0.0000	946.6680	13.0326	28.3497	0.0000	0.0040	0.0053	0.0000	17.9489	51.1122	0.0000	
24	76	0.1394	6	0	1	0	0	0	0	0	0	N	N	N	N	N	N	N	N	N	N	N	N	178.6500	97.8457	0.0000	31.4253	31.8527	0.0000	28691.7792	1138864.9095	0.0000	0.5781	0.6712	0.0000	0.5096	0.6084	0.0000	0.7566	0.8196	0.0000	0.0032	0.0069	0.0000	0.0162	0.0191	0.0000	0.0000	0.0000	0.0000	0.0000	0.0067	-0.0002	-0.0000	0.0018	4.7970	0.9893	3.0436	0.0011	0.0011	0.0000	0.0007	0.0007	0.0000	0.0004	0.0004	0.0000	0.0001	0.0001	0.0000	0.0001	0.0001	0.0000	0.0000	0.0000	0.0000	0.0019	0.0016	0.0003	0.0014	0.0011	0.0002	0.0005	0.0005	0.0000	0.0185	0.0087	0.0098	0.0037	0.0031	0.0006	0.0148	0.0056	0.0093	178.6500	97.8457	0.0000	31.4253	31.8527	0.0000	28691.7792	1138864.9095	0.0000	0.0032	0.0069	0.0000	0.0162	0.0191	0.0000	0.0000	0.0000	0.0000
24	78	0.2030	9	1	2	0	1	0	0	0	0	N	Y	N	N	N	N	N	N	N	N	N	N	1.9610	inf	0.0000	13.1095	inf	0.0000	0.0000	0.0000	0.0001	0.0001	0.0000	0.0001	0.0001	0.0000	0.0000	0.0000	0.0000	0.0000	0.0000	0.0000	0.0000	0.0000	0.0000	0.0000	0.0000	0.0000	0.0000	inf	-0.0000	0.0000	0.0018	1.0000	0.9893	2.0144	0.0000	0.0000	0.0000	0.0000	0.0000	0.0000	0.0000	0.0000	0.0000	0.0000	0.0000	0.0000	0.0000	0.0000	0.0000	0.0000	0.0000	0.0000	0.0002	0.0002	0.0000	0.0002	0.0002	0.0000	0.0000	0.0000	0.0000	0.0071	0.0032	0.0040	0.0013	0.0011	0.0002	0.0058	0.0021	0.0037	1.9610	inf	0.0000	13.1095	inf	0.0000	0.0000	0.0000	0.0000	0.0000	0.0000	0.0000	0.0000	0.0000	0.0000	0.0000	0.0000	0.0000	
24	79	0.1808	8	1	2	0	1	0	0	0	0	N	Y	N	N	N	N	N	N	N	N	N	N	26813.3531	12953.7565	5902.1796	5228.7217	0.6903	0.7569	0.0000	0.8562	0.9349	0.0000	0.0000	0.0000	0.0000	0.0000	0.0001	0.0000	0.0001	0.0002	0.0000	0.0000	0.0000	0.0000	0.0000	0.0044	-0.0000	-0.0000	0.0018	0.0001	0.9893	3.0180	0.0000	0.0000	0.0000	0.0000	0.0000	0.0000	0.0000	0.0000	0.0000	0.0000	0.0000	0.0000	0.0000	0.0000	0.0000	0.0000	0.0000	0.0000	0.0000	0.0000	0.0000	0.0000	0.0000	0.0000	0.0000	0.0000	0.0000	0.0071	0.0031	0.0040	0.0012	0.0010	0.0002	0.0058	0.0021	0.0037	26813.3531	12953.7565	0.0000	5902.1796	5228.7217	0.0000	0.0000	0.0000	0.0000	0.0000	0.0001	0.0000	0.0001	0.0002	0.0000	0.0000	0.0000	0.0000					
24	80	0.2028	10	0	2	0	1	0	0	0	0	N	Y	N	N	N	N	N	N	N	N	N	N	0.0000	0.0000	0.0000	0.0000	0.0000	0.0000	0.0000	0.0000	0.0000	0.0000	0.0000	0.0000	0.0000	0.0000	0.0000	0.0000	0.0000	0.0000	0.0000	0.0000	0.0018	0.0000	0.9893	0.0000	0.0000	0.0000	0.0000	0.0000	0.0000	0.0000	0.0000	0.0000	0.0000	0.0000	0.0000	0.0000	0.0000	0.0000	0.0000	0.0000	0.0000	0.0000	0.0000	0.0000	0.0000	0.0000	0.0000	0.0000	0.0000	0.0000	0.0000	0.0000	0.0000	0.0000	0.0000	0.0000	0.0000	0.0000	0.0000	0.0000	0.0000	0.0000	0.0000	0.0000	0.0000	0.0000	0.0000	0.0000	0.0000	0.0000	0.0000	0.0000	0.0000	0.0000	0.0000	0.0000	0.0000	0.0000											
24	81	0.1808	8	0	1	1	1	0	0	0	0	N	N	N	N	N	N	N	N	N	N	N	N	0.0000	0.0000	0.0000	0.0000	0.0000	0.0000	0.0000	0.0000	0.0000	0.0000	0.0000	0.0000	0.0000	0.0000	0.0000	0.0000	0.0000	0.0000	0.0000	0.0000	0.0018	2.0000	0.9893	0.0000	0.0000	0.0000	0.0000	0.0000	0.0000	0.0000	0.0000	0.0000	0.0000	0.0000	0.0000	0.0000	0.0000	0.0000	0.0000	0.0000	0.0000	0.0000	0.0004	0.0004	0.0000	0.0003	0.0003	0.0000	0.0001	0.0001	0.0000	0.0048	0.0021	0.0027	0.0008	0.0007	0.0002	0.0039	0.0014	0.0025	0.0000	0.0000	0.0000	0.0000	0.0000	0.0000	0.0000	0.0000	0.0000	0.0000	0.0000	0.0000	0.0000	0.0000	0.0000	0.0000	0.0000	0.0000											
24	82	0.1808	8	0	1	1	1	0	0	0	0	N	N	N	N	N	N	N	N	N	N	N	N	0.0000	0.0000	0.0000	0.0000	0.0000	0.0000	0.0000	0.0000	0.0000	0.0000	0.0000	0.0000	0.0000	0.0000	0.0000	0.0000	0.0000	0.0000	0.0000	0.0000	0.0018	0.0000	0.9893	4.0000	0.0000	0.0000	0.0000	0.0000	0.0000	0.0000	0.0000	0.0000	0.0000	0.0000	0.0000	0.0000	0.0000	0.0000	0.0000	0.0000	0.0000	0.0000	0.0000	0.0000	0.0000	0.0000	0.0000	0.0000	0.0000	0.0000	0.0000	0.0091	0.0040	0.0051	0.0016	0.0013	0.0003	0.0075	0.0027	0.0048	0.0000	0.0000	0.0000	0.0000	0.0000	0.0000	0.0000	0.0000	0.0000	0.0000	0.0000	0.0000	0.0000	0.0000	0.0000	0.0000	0.0000	0.0000											
24	83	0.2028	10	0	1	1	1	0	0	0	0	N	N	N	N	N	N	N	N	N	N	N	N	0.0000	0.0000	0.0000	0.0000	0.0000	0.0000	0.0000	0.0000	0.0000	0.0000	0.0000	0.0000	0.0000	0.0000	0.0000	0.0000	0.0000	0.0000	0.0000	0.0000	0.0018	0.0000	0.9893	2.0000	0.0000	0.0000	0.0000	0.0000	0.0000	0.0000	0.0000	0.0000	0.0000	0.0000	0.0000	0.0000	0.0000	0.0000	0.0000	0.0000	0.0000	0.0000	0.0000	0.0000	0.0000	0.0000	0.0000	0.0000	0.0000	0.0000	0.0000	0.0047	0.0022	0.0026	0.0011	0.0009	0.0002	0.0037	0.0013	0.0024	0.0000	0.0000	0.0000	0.0000	0.0000	0.0000	0.0000	0.0000	0.0000	0.0000	0.0000	0.0000	0.0000	0.0000	0.0000	0.0000	0.0000	0.0000											
24	84	0.1955	9	0	1	0	1	0	0	0	0	N	N	N	N	N	N	N	N	N	N	N	N	0.0000	0.0000	0.0000	0.0000	0.0000	0.0000	0.0000	0.0000	0.0000	0.0000	0.0000	0.0000	0.0000	0.0000	0.0000	0.0000	0.0000	0.0000	0.0000	0.0000	0.0000	0.0000	0.0000	0.0000	0.0000	0.7358	0.0000	-0.0000	0.0018	1.0000	0.9893	0.0015	0.0000	0.0000	0.0000	0.0000	0.0000	0.0000	0.0000	0.0000	0.0000	0.0000	0.0000	0.0000	0.0000	0.0000	0.0000	0.0000	0.0000	0.0000	0.0002	0.0002	0.0000	0.0002	0.0002	0.0000	0.0000	0.0000	0.0000	0.0025	0.0011	0.0014	0.0006	0.0005	0.0001	0.0019	0.0007	0.0013	0.0000	0.0000	0.0000	0.0000	0.0000	0.0000	0.0000	0.0000	0.0000	0.0000	0.0000	0.0000	0.0000	0.0000	0.0000	0.0000	0.0000	0.0000			
24	85	0.1808	8	0	1	0	1	0	0	0	0	N	N	N	N	N	N	N	N	N	N	N	N	0.0000	0.0000	0.0000	0.0000	0.0000	0.0000	0.0000	0.0000	0.0000	0.0000	0.0000	0.0000	0.0000	0.0000	0.0000	0.0000	0.0000	0.0000	0.0000	0.0000	0.0000	0.0000	0.0000	0.0000	0.0000	1.3590	0.0000	-0.0000	0.0018	0.0000	0.9893	2.0013	0.0000	0.0000	0.0000	0.0000	0.0000	0.0000	0.0000	0.0000	0.0000	0.0000	0.0000	0.0000	0.0000	0.0000	0.0000	0.0000	0.0000	0.0000	0.0000	0.0000	0.0000	0.0000	0.0000	0.0000	0.0000	0.0000	0.0000	0.0048	0.0021	0.0027	0.0008	0.0007	0.0002	0.0039	0.0014	0.0025	0.0000	0.0000	0.0000	0.0000	0.0000	0.0000	0.0000	0.0000	0.0000	0.0000	0.0000	0.0000	0.0000	0.0000	0.0000	0.0000	0.0000	0.0000			
24	86	0.2206	8	1	2	0	0	0	0	0	0	N	Y	N	N	N	N	N	N	N	N	N	N	36.8222	22.9234	0.0000	6.0776	6.4715	0.0000	3754.0928	inf	0.0000	0.0874	0.0977	0.0000	0.0402	0.0451	0.0000	0.2969	0.3259	0.0000	0.0024	0.0043	0.0001	0.0066	0.0070	0.0002	0.0001	0.0000	0.0001	0.0000	0.0230	-0.0000	-0.0000	0.0018	0.0007	0.9893	0.9812	0.0000	0.0000	0.0000	0.0000	0.0000	0.0000	0.0000	0.0000	0.0000	0.0000	0.0000	0.0000	0.0000	0.0000	0.0000	0.0000	0.0000	0.0000	0.0000	0.0000	0.0000	0.0000	0.0000	0.0000	0.0000	0.0000	0.0000	0.0048	0.0026	0.0022	0.0017	0.0016	0.0001	0.0031	0.0010	0.0021	36.8222	22.9234	0.0000	6.0776	6.4715	0.0000	3754.0928	inf	0.0000	0.0024	0.0043	0.0001	0.0066	0.0070	0.0001	0.0001	0.0000	0.0001
24	87	0.1648	7	1	2	0	0	0	0	0	0	N	Y	N	N	N	N	N	N	N	N	N	N	3.8289	2.0091	0.0000	0.2431	0.2178	0.0000	46.5610	0.4880	0.0000	0.0128	0.0140	0.0000	0.0033	0.0036	0.0000	0.0463	0.0527	0.0000	0.0033	0.0070	0.0003	0.0135	0.0163	0.0002	0.0010	0.1080	0.0004	0.0000	0.0589	-0.0000	-0.0000	0.0018	5.0272	0.9893	2.1572	0.0000	0.0000	0.0000	0.0000	0.0000	0.0000	0.0000	0.0000	0.0000	0.0001	0.0000	0.0000	0.0000	0.0000	0.0000	0.0000	0.0000	0.0000	0.0010	0.0009	0.0001	0.0008	0.0007	0.0001	0.0002	0.0002	0.0000	0.0158	0.0071	0.0087	0.0030	0.0024	0.0005	0.0128	0.0047	0.0081	3.8289	2.0091	0.0000	0.2431	0.2178	0.0000	46.5610	24.9697	0.0000	0.0033	0.0070	0.0003	0.0135	0.0163	0.0001	0.0010	0.0021	0.0004
24	88	0.2181	9	0	2	0	0	0	0	0	0	N	Y	N	N	N	N	N	N	N	N	N	N	0.0000	0.0000	0.0000	0.0000	0.0000	0.0000	0.0000	0.0000	0.0000	0.0000	0.0000	0.0000	0.0000	0.0000	0.0000	0.0000	0.0000	0.0000	0.0000	0.0000	0.0018	0.0000	0.9893	4.0000	0.0000	0.0000	0.0000	0.0000	0.0000	0.0000	0.0000	0.0000	0.0000	0.0000	0.0000	0.0000	0.0000	0.0000	0.0000	0.0000	0.0000	0.0000	0.0000	0.0000	0.0000	0.0000	0.0000	0.0000	0.0000	0.0000	0.0000	0.0092	0.0041	0.0051	0.0019	0.0015	0.0003	0.0073	0.0026	0.0047	0.0000	0.0000	0.0000	0.0000	0.0000	0.0000	0.0000	0.0000	0.0000	0.0000	0.0000	0.0000	0.0000	0.0000	0.0000	0.0000	0.0000	0.0000											
24	89	0.1808	8	0	2	0	0	0	0	0	0	N	Y	N	N	N	N	N	N	N	N	N	N	inf	inf	inf	inf	inf	inf	1.7821	1.9508	0.0000	2.2311	2.4117	0.0000	0.0764	0.0878	0.0000	0.0000	0.0000	0.0000	0.0000	0.0000	0.0000	0.0000	0.0000	0.0000	0.0000	-0.0002	0.0000	0.0018	3.0000	0.9893	2.0000	0.0011	0.0011	0.0000	0.0011	0.0011	0.0000	0.0000	0.0000	0.0000	0.0000	0.0000	0.0000	0.0000	0.0000	0.0000	0.0000	0.0000	0.0000	0.0006	0.0006	0.0001	0.0005	0.0005	0.0000	0.0001	0.0001	0.0000	0.0112	0.0049	0.0062	0.0020	0.0016	0.0004	0.0092	0.0033	0.0059	inf	inf	0.0000	inf	inf	0.0000	inf	inf	0.0000	0.0000	0.0000	0.0000	0.0000	0.0000	0.0000	0.0000	0.0000	0.0000				
24	90	0.1808	8	1	2	0	0	0	0	0	0	N	Y	N	N	N	N	N	N	N	N	N	N	0.0000	0.0000	0.0000	0.0000	0.0000	0.0000	0.0000	0.0000	0.0000	0.0000	0.0000	0.0000	0.0000	0.0000	0.0000	0.0000	0.0000	0.0000	0.0000	0.0000	0.0018	2.0000	0.9893	3.0000	0.0000	0.0000	0.0000	0.0000	0.0000	0.0000	0.0000	0.0000	0.0000	0.0000	0.0000	0.0000	0.0000	0.0000	0.0000	0.0000	0.0000	0.0000	0.0004	0.0004	0.0000	0.0003	0.0003	0.0000	0.0001	0.0001	0.0000	0.0112	0.0049	0.0062	0.0020	0.0016	0.0004	0.0092	0.0033	0.0059	0.0000	0.0000	0.0000	0.0000	0.0000	0.0000	0.0000	0.0000	0.0000	0.0000	0.0000	0.0000	0.0000	0.0000	0.0000	0.0000	0.0000	0.0000											
24	91	0.1648	7	0	1	0	0	0	0	0	0	N	N	N	N	N	N	N	N	N	N	N	N	3.4640	1.8346	0.0000	0.1894	0.1777	0.0000	248.0762	5910.0804	0.0000	0.0258	0.0286	0.0000	0.0065	0.0072	0.0000	0.0953	0.1079	0.0000	0.0075	0.0156	0.0006	0.0345	0.0404	0.0012	0.0004	0.0000	0.0006	0.0000	0.0442	-0.0000	-0.0000	0.0018	2.0705	0.9893	0.0351	0.0000	0.0000	0.0000	0.0000	0.0000	0.0000	0.0000	0.0000	0.0000	0.0000	0.0000	0.0000	0.0000	0.0000	0.0000	0.0000	0.0000	0.0000	0.0005	0.0005	0.0000	0.0004	0.0004	0.0000	0.0001	0.0001	0.0000	0.0055	0.0025	0.0030	0.0012	0.0010	0.0002	0.0044	0.0016	0.0028	3.4640	1.8346	0.0000	0.1894	0.1777	0.0000	248.0762	70231.3866	0.0000	0.0075	0.0156	0.0006	0.0345	0.0404	0.0004	0.0004	0.0000	0.0006
24	92	0.1394	6	0	1	0	0	0	0	0	0	N	N	N	N	N	N	N	N	N	N	N	N	26.9047	17.6899	0.0492	2.8168	3.0205	0.0449	152.2558	2.8846	0.1360	0.2781	0.3275	0.0001	0.0757	0.0924	0.0001	0.8394	0.9018	0.0004	0.0103	0.0185	0.0026	0.0269	0.0306	0.0021	0.0055	0.3126	0.0027	0.0001	0.1501	-0.0001	-0.0001	0.0018	3.4249	0.9893	0.1413	0.0005	0.0005	0.0000	0.0001	0.0001	0.0000	0.0004	0.0004	0.0000	0.0001	0.0001	0.0000	0.0001	0.0001	0.0000	0.0000	0.0000	0.0000	0.0017	0.0015	0.0003	0.0013	0.0010	0.0002	0.0005	0.0004	0.0000	0.0101	0.0049	0.0052	0.0023	0.0020	0.0003	0.0078	0.0029	0.0049	26.9047	17.6899	0.0492	2.8168	3.0205	0.1846	152.2558	88.3689	0.1360	0.0103	0.0185	0.0026	0.0269	0.0306	0.0005	0.0055	0.0102	0.0027
24	93	0.1219	5	0	1	0	0	0	0	0	0	N	N	N	N	N	N	N	N	N	N	N	N	96.3685	56.7007	8.1915	5.3204	5.6770	0.3132	308.2152	4.6761	13.4922	1.0521	1.1721	0.0175	0.1710	0.1884	0.0033	1.9019	2.1419	0.0289	0.0109	0.0207	0.0021	0.0321	0.0332	0.0104	0.0062	0.4581	0.0021	0.0017	0.1148	-0.0001	-0.0001	0.0018	2.2814	0.9893	1.1633	0.0007	0.0007	0.0000	0.0001	0.0001	0.0000	0.0006	0.0006	0.0000	0.0001	0.0001	0.0000	0.0001	0.0001	0.0000	0.0001	0.0000	0.0000	0.0007	0.0006	0.0001	0.0003	0.0003	0.0000	0.0003	0.0003	0.0000	0.0126	0.0060	0.0066	0.0023	0.0022	0.0001	0.0103	0.0037	0.0065	96.3685	56.7007	8.1915	5.3204	5.6770	1.6935	308.2152	161.8873	13.4922	0.0109	0.0207	0.0021	0.0321	0.0332	0.0019	0.0062	0.0132	0.0021
24	94	0.0807	4	0	1	0	0	0	0	0	0	N	N	N	N	N	N	N	N	N	N	N	N	9.6577	4.6014	27.1707	0.3188	0.3242	0.0099	25.8959	0.3968	32.3000	0.0722	0.0746	0.0396	0.0112	0.0114	0.0016	0.1178	0.1258	0.0465	0.0075	0.0162	0.0015	0.0351	0.0353	0.1600	0.0045	0.3170	0.0014	0.0391	0.1305	-0.0000	-0.0001	0.0018	1.5401	0.9893	4.1671	0.0000	0.0000	0.0000	0.0000	0.0000	0.0000	0.0000	0.0000	0.0000	0.0001	0.0001	0.0000	0.0001	0.0001	0.0000	0.0001	0.0001	0.0000	0.0004	0.0004	0.0000	0.0002	0.0002	0.0000	0.0002	0.0002	0.0000	0.0182	0.0074	0.0108	0.0017	0.0017	0.0000	0.0165	0.0057	0.0108	9.6577	4.6014	27.1707	0.3188	0.3242	0.1128	25.8959	12.0726	32.3000	0.0075	0.0162	0.0015	0.0351	0.0353	0.0140	0.0045	0.0104	0.0014
24	98	0.1588	7	0	1	0	0	0	0	0	0	N	N	N	N	N	N	N	N	N	N	N	N	0.0080	0.0028	39.5114	0.0029	0.0026	109.3938	7.1312	0.0000	42.2896	0.0010	0.0007	0.0047	0.0015	0.0014	0.0034	0.0006	0.0000	0.0051	0.1276	0.2418	0.0001	0.5295	0.5615	0.0000	0.0001	0.0012	0.0001	0.6416	0.0004	0.0000	-0.0037	0.0018	4.9999	0.9893	9.0821	0.0000	0.0000	0.0000	0.0000	0.0000	0.0000	0.0000	0.0000	0.0000	0.0050	0.0050	0.0000	0.0050	0.0050	0.0000	0.0000	0.0000	0.0000	0.0006	0.0005	0.0000	0.0003	0.0003	0.0000	0.0003	0.0003	0.0000	0.0388	0.0205	0.0184	0.0094	0.0088	0.0005	0.0295	0.0117	0.0178	0.0080	0.0028	39.5114	0.0029	0.0026	109.3938	7.1312	0.0000	42.2896	0.1276	0.2418	0.0001	0.5295	0.5615	0.0000	0.0001	0.0000	0.0001
25	26	0.1243	3	1	2	0	0	0	0	0	0	N	Y	N	N	N	N	N	N	N	N	N	N	0.0000	0.0000	0.0000	0.0000	0.0000	0.0000	0.0000	0.0000	0.0000	0.0000	0.0000	0.0000	0.0000	14.6115	43.7816	0.0000	0.0000	0.0000	0.0000	17.2395	62.4890	0.0000	0.0000	0.0000	-0.7489	2.0666	1.0000	3.9999	4.0000	0.0000	0.0000	0.0000	0.0000	0.0000	0.0000	0.0000	0.0000	0.0000	0.9999	0.9999	0.0000	0.0000	0.0000	0.0000	0.9999	0.9999	0.0000	0.0434	0.0386	0.0047	0.0146	0.0139	0.0006	0.0288	0.0247	0.0041	0.0684	0.0228	0.0456	0.0104	0.0068	0.0036	0.0580	0.0160	0.0420	0.0000	0.0000	0.0000	0.0000	0.0000	0.0000	0.0000	0.0000	0.0000	14.6115	43.7816	0.0000	0.0000	0.0000	0.0000	17.2395	62.4890	0.0000						
25	27	0.1243	3	1	2	0	0	0	0	0	0	N	Y	N	N	N	N	N	N	N	N	N	N	0.0000	0.0000	0.0000	0.0000	0.0000	0.0000	0.0000	0.0000	0.0000	0.0000	0.0000	0.0000	0.0000	0.0000	0.0000	0.0000	0.0000	0.0000	0.0000	0.0000	2.0666	1.0000	3.9999	2.0000	0.0000	0.0000	0.0000	0.0000	0.0000	0.0000	0.0000	0.0000	0.0000	0.0000	0.0000	0.0000	0.0000	0.0000	0.0000	0.0000	0.0000	0.0000	0.0434	0.0386	0.0047	0.0146	0.0139	0.0006	0.0288	0.0247	0.0041	0.0424	0.0141	0.0283	0.0065	0.0043	0.0022	0.0359	0.0098	0.0261	0.0000	0.0000	0.0000	0.0000	0.0000	0.0000	0.0000	0.0000	0.0000	0.0000	0.0000	0.0000	0.0000	0.0000	0.0000	0.0000	0.0000	0.0000											
25	29	0.1017	3	1	2	0	0	0	0	0	0	N	Y	N	N	N	N	N	N	N	N	N	N	0.2413	0.0000	inf	0.0000	0.0000	inf	inf	0.0002	0.0000	0.0016	0.0000	0.0000	0.0000	0.0002	0.0000	0.0020	0.0007	0.0020	0.0000	0.0043	0.0063	0.0000	0.0000	0.0000	0.0000	inf	0.0000	0.0001	-0.0001	2.0666	7.9836	3.9999	2.1583	0.0001	0.0000	0.0001	0.0000	0.0000	0.0000	0.0001	0.0000	0.0001	0.0001	0.0001	0.0000	0.0001	0.0001	0.0000	0.0000	0.0000	0.0000	0.4265	0.3814	0.0451	0.1353	0.1257	0.0096	0.2912	0.2557	0.0355	0.1471	0.0506	0.0965	0.0230	0.0159	0.0071	0.1241	0.0346	0.0894	0.2413	0.0000	inf	0.0000	0.0000	0.0000	inf	0.0000	inf	0.0007	0.0020	0.0000	0.0043	0.0063	0.0000	0.0000	0.0000	0.0000		
25	33	0.1422	4	2	1	1	0	0	0	0	0	Y	N	N	N	N	N	N	N	N	N	N	N	0.0000	0.0000	0.0000	0.0000	0.0000	0.0000	0.0000	0.0000	0.0000	0.0000	0.0000	0.0000	0.0000	0.0000	0.0000	0.0000	0.0000	37.5232	0.0005	58.6050	0.0432	0.0013	5.1374	44.7358	0.0000	60.5989	198959.0171	0.0000	0.4995	2.0666	0.9991	3.9999	2.0219	0.0000	0.0000	0.0000	0.0000	0.0000	0.0000	0.0000	0.0000	0.0000	1.9896	0.0000	1.9896	0.0004	0.0000	0.0004	1.9892	0.0000	1.9892	0.0434	0.0386	0.0047	0.0146	0.0140	0.0006	0.0287	0.0247	0.0041	0.0530	0.0191	0.0339	0.0086	0.0074	0.0011	0.0445	0.0116	0.0328	0.0000	0.0000	0.0000	0.0000	0.0000	0.0000	0.0000	0.0000	0.0000	37.5232	0.0005	58.6050	0.0432	0.0013	0.3206	44.7358	0.0000	60.5989		
25	35	0.1422	4	2	1	1	0	0	0	0	0	Y	N	N	N	N	N	N	N	N	N	N	N	0.0000	0.0000	0.0000	0.0000	0.0000	0.0000	0.0000	0.0000	0.0000	0.0000	0.0000	0.0000	0.0000	0.2793	0.7376	0.0000	1.4992	1.6742	0.0000	0.0000	0.0000	0.0000	0.0000	0.0000	-0.0080	2.0666	0.0009	3.9999	1.9867	0.0000	0.0000	0.0000	0.0000	0.0000	0.0000	0.0000	0.0000	0.0000	0.0107	0.0107	0.0000	0.0107	0.0107	0.0000	0.0000	0.0000	0.0000	0.0001	0.0001	0.0000	0.0000	0.0000	0.0000	0.0000	0.0000	0.0000	0.0382	0.0145	0.0238	0.0071	0.0064	0.0007	0.0311	0.0081	0.0230	0.0000	0.0000	0.0000	0.0000	0.0000	0.0000	0.0000	0.0000	0.0000	0.2793	0.7376	0.0000	1.4992	1.6742	0.0000	0.0000	0.0000	0.0000						
25	36	0.1243	3	2	1	1	0	0	0	0	0	Y	N	N	N	N	N	N	N	N	N	N	N	0.0000	0.0000	0.0000	0.0000	0.0000	0.0000	0.0000	0.0000	0.0000	0.0000	0.0000	0.0000	0.0000	0.0000	0.0000	0.2490	0.0252	0.3611	0.0000	0.0000	0.0000	0.2940	0.7805	0.3914	28.6688	0.0000	0.0023	2.0666	1.0009	3.9999	2.0357	0.0000	0.0000	0.0000	0.0000	0.0000	0.0000	0.0000	0.0000	0.0000	0.0107	0.0004	0.0103	0.0000	0.0000	0.0000	0.0107	0.0004	0.0103	0.0434	0.0387	0.0047	0.0146	0.0139	0.0006	0.0288	0.0247	0.0041	0.0429	0.0143	0.0286	0.0066	0.0043	0.0022	0.0363	0.0100	0.0264	0.0000	0.0000	0.0000	0.0000	0.0000	0.0000	0.0000	0.0000	0.0000	0.2490	0.0252	0.3611	0.0000	0.0000	0.0000	0.2940	0.0362	0.3914				
25	37	0.1243	3	2	1	1	0	0	0	0	0	Y	N	N	N	N	N	N	N	N	N	N	N	0.0000	0.0000	0.0000	0.0000	0.0000	0.0000	0.0000	0.0000	0.0000	0.0000	0.0000	0.0000	0.0000	17.9778	0.0000	26.9780	0.0000	0.0000	0.0000	21.2183	0.0000	29.2641	inf	0.0000	0.2511	2.0666	1.0000	3.9999	3.0000	0.0000	0.0000	0.0000	0.0000	0.0000	0.0000	0.0000	0.0000	0.0000	1.0000	0.0000	1.0000	0.0000	0.0000	0.0000	1.0000	0.0000	1.0000	0.0434	0.0386	0.0047	0.0146	0.0139	0.0006	0.0288	0.0247	0.0041	0.0556	0.0186	0.0371	0.0085	0.0056	0.0029	0.0471	0.0130	0.0342	0.0000	0.0000	0.0000	0.0000	0.0000	0.0000	0.0000	0.0000	0.0000	17.9778	0.0000	26.9780	0.0000	0.0000	0.0000	21.2183	0.0000	29.2641						
25	40	0.1582	6	2	2	1	0	0	0	0	0	Y	Y	N	N	N	N	N	N	N	N	N	N	0.0000	0.0000	0.0000	0.0000	0.0000	0.0000	0.0000	0.0000	0.0000	0.0000	0.0000	0.0000	0.0000	0.0000	0.0000	0.0000	0.0000	0.0000	0.0000	0.0000	2.0666	0.0000	3.9999	0.0000	0.0000	0.0000	0.0000	0.0000	0.0000	0.0000	0.0000	0.0000	0.0000	0.0000	0.0000	0.0000	0.0000	0.0000	0.0000	0.0000	0.0000	0.0000	0.0000	0.0000	0.0000	0.0000	0.0000	0.0000	0.0000	0.0000	0.0000	0.0000	0.0000	0.0000	0.0000	0.0000	0.0000	0.0000	0.0000	0.0000	0.0000	0.0000	0.0000	0.0000	0.0000	0.0000	0.0000	0.0000	0.0000	0.0000	0.0000	0.0000	0.0000	0.0000	0.0000	0.0000	0.0000	0.0000											
25	41	0.1582	5	2	2	1	0	0	0	0	0	Y	Y	N	N	N	N	N	N	N	N	N	N	0.0000	0.0000	0.0000	0.0000	0.0000	0.0000	0.0000	0.0000	0.0000	0.0000	0.0000	0.0000	0.0000	0.0000	0.0000	0.0000	0.0000	0.0000	0.0000	0.0000	2.0666	1.0000	3.9999	1.9999	0.0000	0.0000	0.0000	0.0000	0.0000	0.0000	0.0000	0.0000	0.0000	0.0000	0.0000	0.0000	0.0000	0.0000	0.0000	0.0000	0.0000	0.0000	0.0479	0.0426	0.0053	0.0123	0.0117	0.0006	0.0356	0.0309	0.0048	0.0448	0.0147	0.0301	0.0065	0.0043	0.0022	0.0383	0.0104	0.0279	0.0000	0.0000	0.0000	0.0000	0.0000	0.0000	0.0000	0.0000	0.0000	0.0000	0.0000	0.0000	0.0000	0.0000	0.0000	0.0000	0.0000	0.0000											
25	42	0.1951	4	2	2	0	0	0	0	0	0	Y	Y	N	N	N	N	N	N	N	N	N	N	379.1550	172.2623	131.7095	141.3621	inf	inf	0.1557	0.1778	0.0000	0.2524	0.2958	0.0000	0.0245	0.0270	0.0000	0.0004	0.0010	0.0000	0.0019	0.0021	0.0000	0.0000	0.0000	0.0000	0.0000	0.0000	-0.0000	-0.0000	2.0666	0.0007	3.9999	2.0242	0.0000	0.0000	0.0000	0.0000	0.0000	0.0000	0.0000	0.0000	0.0000	0.0000	0.0000	0.0000	0.0000	0.0000	0.0000	0.0000	0.0000	0.0000	0.0001	0.0001	0.0000	0.0001	0.0001	0.0000	0.0001	0.0000	0.0000	0.0487	0.0194	0.0293	0.0104	0.0096	0.0009	0.0383	0.0098	0.0285	379.1550	172.2623	0.0000	131.7095	141.3621	0.0000	inf	inf	0.0000	0.0004	0.0010	0.0000	0.0019	0.0021	0.0000	0.0000	0.0000	0.0000			
25	43	0.0983	2	1	2	0	1	0	0	0	0	N	Y	N	N	N	N	N	N	N	N	N	N	0.0000	0.0000	0.0000	0.0000	0.0000	0.0000	0.0000	0.0000	0.0000	0.0000	0.0000	0.0000	0.0000	0.0000	0.0000	0.0000	0.0000	0.0000	0.0000	0.0000	2.0666	0.0000	3.9999	0.0000	0.0000	0.0000	0.0000	0.0000	0.0000	0.0000	0.0000	0.0000	0.0000	0.0000	0.0000	0.0000	0.0000	0.0000	0.0000	0.0000	0.0000	0.0000	0.0000	0.0000	0.0000	0.0000	0.0000	0.0000	0.0000	0.0000	0.0000	0.0000	0.0000	0.0000	0.0000	0.0000	0.0000	0.0000	0.0000	0.0000	0.0000	0.0000	0.0000	0.0000	0.0000	0.0000	0.0000	0.0000	0.0000	0.0000	0.0000	0.0000	0.0000	0.0000	0.0000	0.0000	0.0000	0.0000											
25	44	0.0983	2	1	1	0	1	0	0	0	0	N	N	N	N	N	N	N	N	N	N	N	N	0.0000	0.0000	0.0000	0.0000	0.0000	0.0000	0.0000	0.0000	0.0000	0.0000	0.0000	0.0000	0.0000	0.0000	0.0000	0.0000	0.0000	0.0000	0.0000	0.0000	2.0666	0.0000	3.9999	0.0000	0.0000	0.0000	0.0000	0.0000	0.0000	0.0000	0.0000	0.0000	0.0000	0.0000	0.0000	0.0000	0.0000	0.0000	0.0000	0.0000	0.0000	0.0000	0.0000	0.0000	0.0000	0.0000	0.0000	0.0000	0.0000	0.0000	0.0000	0.0000	0.0000	0.0000	0.0000	0.0000	0.0000	0.0000	0.0000	0.0000	0.0000	0.0000	0.0000	0.0000	0.0000	0.0000	0.0000	0.0000	0.0000	0.0000	0.0000	0.0000	0.0000	0.0000	0.0000	0.0000	0.0000	0.0000											
25	46	0.1243	3	2	1	1	0	0	0	0	0	Y	N	N	N	N	N	N	N	N	N	N	N	0.0000	0.0000	0.0000	0.0000	0.0000	0.0000	0.0000	0.0000	0.0000	0.0000	0.0000	0.0000	0.0000	0.0000	0.0000	0.0000	0.0000	0.0000	0.0000	0.0000	2.0666	0.0000	3.9999	2.0000	0.0000	0.0000	0.0000	0.0000	0.0000	0.0000	0.0000	0.0000	0.0000	0.0000	0.0000	0.0000	0.0000	0.0000	0.0000	0.0000	0.0000	0.0000	0.0000	0.0000	0.0000	0.0000	0.0000	0.0000	0.0000	0.0000	0.0000	0.0287	0.0096	0.0191	0.0044	0.0029	0.0015	0.0243	0.0066	0.0177	0.0000	0.0000	0.0000	0.0000	0.0000	0.0000	0.0000	0.0000	0.0000	0.0000	0.0000	0.0000	0.0000	0.0000	0.0000	0.0000	0.0000	0.0000											
25	47	0.1393	4	2	2	0	0	0	0	0	0	Y	Y	N	N	N	N	N	N	N	N	N	N	3.0001	1.3514	2.4272	1.9946	inf	inf	0.0013	0.0015	0.0000	0.0052	0.0058	0.0000	0.0000	0.0000	0.0000	0.0004	0.0011	0.0000	0.0022	0.0029	0.0000	0.0000	0.0000	0.0000	0.0000	0.0000	-0.0000	-0.0000	2.0666	0.9991	3.9999	2.0273	0.0001	0.0001	0.0000	0.0001	0.0001	0.0000	0.0000	0.0000	0.0000	0.0000	0.0000	0.0000	0.0000	0.0000	0.0000	0.0000	0.0000	0.0000	0.0469	0.0412	0.0057	0.0118	0.0107	0.0011	0.0351	0.0305	0.0046	0.0449	0.0178	0.0272	0.0093	0.0069	0.0024	0.0357	0.0109	0.0248	3.0001	1.3514	0.0000	2.4272	1.9946	0.0000	inf	inf	0.0000	0.0004	0.0011	0.0000	0.0022	0.0029	0.0000	0.0000	0.0000	0.0000			
25	48	0.1017	3	2	2	0	0	0	0	0	0	Y	Y	N	N	N	N	N	N	N	N	N	N	172.2439	80.5608	14.7617	76.2084	61.2857	inf	60.3841	inf	20.4250	0.1992	0.2198	0.0044	0.4228	0.4542	0.0000	0.0141	0.0151	0.0065	0.0012	0.0027	0.0003	0.0055	0.0074	0.0000	0.0002	0.0000	0.0003	0.0021	0.2000	-0.0101	-0.0001	2.0666	3.1828	3.9999	3.1571	0.0515	0.0514	0.0001	0.0495	0.0495	0.0000	0.0020	0.0019	0.0001	0.0001	0.0001	0.0000	0.0001	0.0001	0.0000	0.0000	0.0000	0.0000	0.2586	0.2338	0.0248	0.1171	0.1090	0.0081	0.1415	0.1248	0.0167	0.1038	0.0366	0.0671	0.0180	0.0135	0.0045	0.0857	0.0232	0.0626	172.2439	80.5608	14.7617	76.2084	61.2857	inf	60.3841	inf	20.4250	0.0012	0.0027	0.0003	0.0055	0.0074	0.0000	0.0002	0.0000	0.0003
25	49	0.0975	2	1	2	0	0	0	0	0	0	N	Y	N	N	N	N	N	N	N	N	N	N	182.5581	133.4361	688.8070	139.1459	120.1574	inf	192.8746	2.2386	1280.0734	0.6084	0.4515	2.2728	0.6291	0.6255	0.6737	0.5681	0.1005	4.4615	0.0033	0.0034	0.0033	0.0045	0.0052	0.0000	0.0029	0.0449	0.0035	0.4745	1.5000	0.0118	-0.0000	2.0666	0.8922	3.9999	1.0748	0.0952	0.0645	0.0306	0.0650	0.0598	0.0052	0.0301	0.0048	0.0254	0.0001	0.0001	0.0001	0.0000	0.0000	0.0000	0.0001	0.0000	0.0001	0.1564	0.1430	0.0135	0.1034	0.0956	0.0078	0.0530	0.0474	0.0057	0.0450	0.0177	0.0273	0.0111	0.0096	0.0015	0.0339	0.0081	0.0258	182.5581	133.4361	688.8070	139.1459	120.1574	inf	192.8746	81.6373	1280.0734	0.0033	0.0034	0.0033	0.0045	0.0052	0.0000	0.0029	0.0012	0.0035
25	50	0.1243	3	1	2	0	0	0	0	0	0	N	Y	N	N	N	N	N	N	N	N	N	N	0.0000	0.0000	0.0000	0.0000	0.0000	0.0000	0.0000	0.0000	0.0000	0.0000	0.0000	0.0000	0.0000	0.0000	0.0000	0.0000	0.0000	0.0000	0.0000	0.0000	2.0666	0.0000	3.9999	0.0000	0.0000	0.0000	0.0000	0.0000	0.0000	0.0000	0.0000	0.0000	0.0000	0.0000	0.0000	0.0000	0.0000	0.0000	0.0000	0.0000	0.0000	0.0000	0.0000	0.0000	0.0000	0.0000	0.0000	0.0000	0.0000	0.0000	0.0000	0.0000	0.0000	0.0000	0.0000	0.0000	0.0000	0.0000	0.0000	0.0000	0.0000	0.0000	0.0000	0.0000	0.0000	0.0000	0.0000	0.0000	0.0000	0.0000	0.0000	0.0000	0.0000	0.0000	0.0000	0.0000	0.0000	0.0000											
25	51	0.1243	3	2	2	0	0	0	0	0	0	Y	Y	N	N	N	N	N	N	N	N	N	N	0.0000	0.0000	0.0000	0.0000	0.0000	0.0000	0.0000	0.0000	0.0000	0.0000	0.0000	0.0000	0.0000	17.9778	0.0000	26.9780	0.0000	0.0000	0.0000	21.2183	0.0000	29.2641	inf	0.0000	0.2511	2.0666	1.0000	3.9999	3.0000	0.0000	0.0000	0.0000	0.0000	0.0000	0.0000	0.0000	0.0000	0.0000	1.0000	0.0000	1.0000	0.0000	0.0000	0.0000	1.0000	0.0000	1.0000	0.0434	0.0386	0.0047	0.0146	0.0139	0.0006	0.0288	0.0247	0.0041	0.0556	0.0186	0.0371	0.0085	0.0056	0.0029	0.0471	0.0130	0.0342	0.0000	0.0000	0.0000	0.0000	0.0000	0.0000	0.0000	0.0000	0.0000	17.9778	0.0000	26.9780	0.0000	0.0000	0.0000	21.2183	0.0000	29.2641						
25	52	0.1105	2	1	1	0	0	0	0	0	0	N	N	N	N	N	N	N	N	N	N	N	N	5.5329	0.0333	inf	0.1225	0.0402	inf	inf	inf	0.0346	0.0005	0.3084	0.0031	0.0013	0.0280	0.0512	0.0000	0.3863	0.0063	0.0139	0.0000	0.0257	0.0319	0.0000	0.0000	0.0000	0.0000	82.9418	0.0000	0.0045	-0.0004	2.0666	3.0179	3.9999	1.1627	0.0056	0.0001	0.0056	0.0002	0.0001	0.0001	0.0055	0.0000	0.0055	0.0005	0.0005	0.0000	0.0005	0.0005	0.0000	0.0000	0.0000	0.0000	0.1633	0.1452	0.0181	0.0563	0.0524	0.0039	0.1069	0.0928	0.0142	0.0784	0.0352	0.0431	0.0191	0.0154	0.0037	0.0593	0.0199	0.0394	5.5329	0.0333	inf	0.1225	0.0402	inf	inf	0.0000	inf	0.0063	0.0139	0.0000	0.0257	0.0319	0.0000	0.0000	0.0000	0.0000	
25	53	0.1243	3	2	2	1	0	0	0	0	0	Y	Y	N	N	N	N	N	N	N	N	N	N	0.0000	0.0000	0.0000	0.0000	0.0000	0.0000	0.0000	0.0000	0.0000	0.0000	0.0000	0.0000	0.0000	0.0000	0.0000	0.0000	0.0000	0.0000	0.0000	0.0000	2.0666	4.0000	3.9999	1.0000	0.0000	0.0000	0.0000	0.0000	0.0000	0.0000	0.0000	0.0000	0.0000	0.0000	0.0000	0.0000	0.0000	0.0000	0.0000	0.0000	0.0000	0.0000	0.1657	0.1477	0.0180	0.0546	0.0521	0.0025	0.1111	0.0956	0.0155	0.0684	0.0228	0.0456	0.0104	0.0068	0.0036	0.0580	0.0160	0.0420	0.0000	0.0000	0.0000	0.0000	0.0000	0.0000	0.0000	0.0000	0.0000	0.0000	0.0000	0.0000	0.0000	0.0000	0.0000	0.0000	0.0000	0.0000											
25	54	0.1105	2	1	2	0	0	0	0	0	0	N	Y	N	N	N	N	N	N	N	N	N	N	13.5770	0.0708	inf	0.2457	0.0732	inf	inf	inf	0.0483	0.0006	0.4271	0.0043	0.0017	0.0379	0.0724	0.0000	0.5382	0.0036	0.0091	0.0000	0.0174	0.0238	0.0000	0.0000	0.0000	0.0000	82.9418	0.0000	0.0045	-0.0004	2.0666	2.0683	3.9999	6.9961	0.0056	0.0001	0.0056	0.0002	0.0001	0.0001	0.0055	0.0000	0.0055	0.0005	0.0005	0.0000	0.0005	0.0005	0.0000	0.0000	0.0000	0.0000	0.1170	0.1040	0.0131	0.0415	0.0386	0.0029	0.0755	0.0654	0.0102	0.1378	0.0536	0.0843	0.0282	0.0206	0.0076	0.1097	0.0330	0.0767	13.5770	0.0708	inf	0.2457	0.0732	inf	inf	0.0000	inf	0.0036	0.0091	0.0000	0.0174	0.0238	0.0000	0.0000	0.0000	0.0000	
25	56	0.1243	3	2	1	1	0	0	0	0	0	Y	N	N	N	N	N	N	N	N	N	N	N	0.0000	0.0000	0.0000	0.0000	0.0000	0.0000	0.0000	0.0000	0.0000	0.0000	0.0000	0.0000	0.0000	0.0000	0.0000	0.0000	0.0000	0.0000	0.0000	0.0000	2.0666	4.0000	3.9999	7.0000	0.0000	0.0000	0.0000	0.0000	0.0000	0.0000	0.0000	0.0000	0.0000	0.0000	0.0000	0.0000	0.0000	0.0000	0.0000	0.0000	0.0000	0.0000	0.1657	0.1477	0.0180	0.0546	0.0521	0.0025	0.1111	0.0956	0.0155	0.1372	0.0459	0.0913	0.0207	0.0131	0.0076	0.1165	0.0328	0.0837	0.0000	0.0000	0.0000	0.0000	0.0000	0.0000	0.0000	0.0000	0.0000	0.0000	0.0000	0.0000	0.0000	0.0000	0.0000	0.0000	0.0000	0.0000											
25	57	0.1889	6	1	2	0	0	0	0	0	0	N	Y	N	N	N	N	N	N	N	N	N	N	229.2952	112.1615	3.2736	2.6299	inf	inf	1.8206	2.0203	0.0000	0.1001	0.1065	0.0000	2.7571	3.1326	0.0000	0.0079	0.0180	0.0000	0.0306	0.0405	0.0000	0.0000	0.0000	0.0000	0.0000	0.0000	-0.1922	-0.0013	2.0666	9.7645	3.9999	7.4558	0.9716	0.9716	0.0000	0.0188	0.0188	0.0000	0.9528	0.9528	0.0000	0.0017	0.0017	0.0000	0.0017	0.0017	0.0000	0.0000	0.0000	0.0000	0.5337	0.4809	0.0528	0.1881	0.1768	0.0113	0.3456	0.3042	0.0414	0.2103	0.0927	0.1176	0.0546	0.0412	0.0134	0.1557	0.0515	0.1042	229.2952	112.1615	0.0000	3.2736	2.6299	0.0000	inf	inf	0.0000	0.0079	0.0180	0.0000	0.0306	0.0405	0.0000	0.0000	0.0000	0.0000			
25	58	0.2445	7	1	1	1	0	0	0	0	0	N	N	N	N	N	N	N	N	N	N	N	N	0.0000	0.0000	0.0000	0.0000	0.0000	0.0000	0.0000	0.0000	0.0000	0.0000	0.0000	0.0000	0.0000	0.0000	0.0000	0.0000	0.0000	0.0000	0.0000	0.0000	2.0666	1.0009	3.9999	0.0163	0.0000	0.0000	0.0000	0.0000	0.0000	0.0000	0.0000	0.0000	0.0000	0.0000	0.0000	0.0000	0.0000	0.0000	0.0000	0.0000	0.0000	0.0000	0.0719	0.0646	0.0073	0.0342	0.0316	0.0026	0.0376	0.0330	0.0046	0.0126	0.0058	0.0068	0.0035	0.0026	0.0009	0.0092	0.0032	0.0059	0.0000	0.0000	0.0000	0.0000	0.0000	0.0000	0.0000	0.0000	0.0000	0.0000	0.0000	0.0000	0.0000	0.0000	0.0000	0.0000	0.0000	0.0000											
25	59	0.2291	6	1	1	0	0	0	0	0	0	N	N	N	N	N	N	N	N	N	N	N	N	0.0000	0.0000	0.0000	0.0000	0.0000	0.0000	0.0000	0.0000	0.0000	0.0000	0.0000	0.0000	0.0000	0.0004	0.0009	0.0000	0.0015	0.0020	0.0000	0.0000	0.0000	0.0000	0.0000	0.0000	-0.0000	2.0666	1.9961	3.9999	0.0521	0.0000	0.0000	0.0000	0.0000	0.0000	0.0000	0.0000	0.0000	0.0000	0.0000	0.0000	0.0000	0.0000	0.0000	0.0000	0.0000	0.0000	0.0000	0.1358	0.1219	0.0139	0.0597	0.0552	0.0045	0.0761	0.0667	0.0093	0.0255	0.0113	0.0142	0.0068	0.0051	0.0018	0.0187	0.0062	0.0124	0.0000	0.0000	0.0000	0.0000	0.0000	0.0000	0.0000	0.0000	0.0000	0.0004	0.0009	0.0000	0.0015	0.0020	0.0000	0.0000	0.0000	0.0000						
25	60	0.2214	5	1	1	0	0	0	0	0	0	N	N	N	N	N	N	N	N	N	N	N	N	0.0000	0.0000	0.0000	0.0000	0.0000	0.0000	0.0000	0.0000	0.0000	0.0000	0.0000	0.0000	0.0000	0.0000	0.0000	0.0000	0.0015	0.0016	0.0013	0.0027	0.0036	0.0000	0.0010	0.0000	0.0015	1.0000	0.0000	-0.0000	2.0666	0.0081	3.9999	1.0507	0.0000	0.0000	0.0000	0.0000	0.0000	0.0000	0.0000	0.0000	0.0000	0.0000	0.0000	0.0000	0.0000	0.0000	0.0000	0.0000	0.0000	0.0000	0.0008	0.0007	0.0001	0.0004	0.0004	0.0000	0.0004	0.0004	0.0000	0.0137	0.0061	0.0076	0.0037	0.0028	0.0009	0.0100	0.0033	0.0067	0.0000	0.0000	0.0000	0.0000	0.0000	0.0000	0.0000	0.0000	0.0000	0.0015	0.0016	0.0013	0.0027	0.0036	0.0000	0.0010	0.0000	0.0015			
25	61	0.1726	4	1	1	0	0	0	0	0	0	N	N	N	N	N	N	N	N	N	N	N	N	3.7208	1.9097	0.0000	2.9010	2.5500	0.0000	0.0000	0.0055	0.0062	0.0000	0.0150	0.0160	0.0000	0.0000	0.0000	0.0000	0.0015	0.0032	0.0002	0.0052	0.0063	0.0000	0.0001	0.0000	0.0002	0.0000	0.0667	-0.0002	-0.0001	2.0666	3.0167	3.9999	3.2580	0.0011	0.0011	0.0000	0.0011	0.0011	0.0000	0.0000	0.0000	0.0000	0.0002	0.0001	0.0000	0.0001	0.0001	0.0000	0.0000	0.0000	0.0000	0.1966	0.1763	0.0203	0.0726	0.0679	0.0047	0.1240	0.1084	0.0157	0.1075	0.0464	0.0611	0.0290	0.0239	0.0052	0.0785	0.0225	0.0560	3.7208	1.9097	0.0000	2.9010	2.5500	0.0000	0.0000	0.0000	0.0000	0.0015	0.0032	0.0002	0.0052	0.0063	0.0000	0.0001	0.0000	0.0002		
25	62	0.0978	3	1	2	0	0	0	0	0	0	N	Y	N	N	N	N	N	N	N	N	N	N	0.4953	0.1917	0.1297	0.1411	0.0844	0.0967	0.0000	0.1779	0.1965	0.0000	0.0000	0.0000	0.0000	0.1704	0.5046	0.0000	1.3718	1.3922	0.0000	0.0000	0.0000	0.0000	0.0000	0.0000	-0.0052	-0.0170	2.0666	3.3327	3.9999	4.3103	0.0263	0.0263	0.0000	0.0263	0.0263	0.0000	0.0000	0.0000	0.0000	0.0227	0.0227	0.0000	0.0227	0.0227	0.0000	0.0000	0.0000	0.0000	0.3116	0.2720	0.0396	0.1479	0.1339	0.0140	0.1637	0.1381	0.0256	0.1329	0.0449	0.0880	0.0165	0.0163	0.0002	0.1164	0.0286	0.0878	0.4953	0.1917	0.0000	0.1297	0.1411	0.0000	0.0000	0.0000	0.0000	0.1704	0.5046	0.0000	1.3718	1.3922	0.0000	0.0000	0.0000	0.0000					
25	63	0.0738	2	1	1	0	0	0	0	0	0	N	N	N	N	N	N	N	N	N	N	N	N	0.5872	50.5056	0.4978	50.9662	50.1353	inf	0.3090	0.5687	0.4687	0.1352	0.1304	0.1661	0.1982	0.2004	0.1802	0.0770	0.0623	0.1569	0.2302	0.0026	0.3337	0.0039	0.0040	0.0000	0.2491	0.1096	0.3347	0.1958	284.2310	-0.0015	0.0056	2.0666	3.2669	3.9999	2.4507	0.0440	0.0368	0.0072	0.0310	0.0279	0.0031	0.0130	0.0089	0.0041	0.0227	0.0001	0.0226	0.0000	0.0000	0.0000	0.0227	0.0000	0.0226	0.3256	0.2822	0.0434	0.1564	0.1393	0.0171	0.1692	0.1430	0.0263	0.0986	0.0308	0.0677	0.0076	0.0074	0.0002	0.0910	0.0234	0.0675	0.5872	50.5056	0.4978	50.9662	50.1353	inf	0.3090	29.1732	0.4687	0.2302	0.0026	0.3337	0.0039	0.0040	0.0000	0.2491	0.0021	0.3347
25	64	0.1582	6	2	1	1	0	0	0	0	0	Y	N	N	N	N	N	N	N	N	N	N	N	0.0000	0.0000	0.0000	0.0000	0.0000	0.0000	0.0000	0.0000	0.0000	0.0000	0.0000	0.0000	0.0000	0.0000	0.0000	0.0000	0.0000	0.0000	0.0000	0.0000	2.0666	0.0000	3.9999	1.0000	0.0000	0.0000	0.0000	0.0000	0.0000	0.0000	0.0000	0.0000	0.0000	0.0000	0.0000	0.0000	0.0000	0.0000	0.0000	0.0000	0.0000	0.0000	0.0000	0.0000	0.0000	0.0000	0.0000	0.0000	0.0000	0.0000	0.0000	0.0155	0.0051	0.0104	0.0023	0.0015	0.0007	0.0133	0.0036	0.0097	0.0000	0.0000	0.0000	0.0000	0.0000	0.0000	0.0000	0.0000	0.0000	0.0000	0.0000	0.0000	0.0000	0.0000	0.0000	0.0000	0.0000	0.0000											
25	65	0.1582	5	2	1	1	0	0	0	0	0	Y	N	N	N	N	N	N	N	N	N	N	N	0.0000	0.0000	0.0000	0.0000	0.0000	0.0000	0.0000	0.0000	0.0000	0.0000	0.0000	0.0000	0.0000	0.0000	0.0000	0.0000	0.0000	0.0000	0.0000	0.0000	2.0666	0.0000	3.9999	0.0001	0.0000	0.0000	0.0000	0.0000	0.0000	0.0000	0.0000	0.0000	0.0000	0.0000	0.0000	0.0000	0.0000	0.0000	0.0000	0.0000	0.0000	0.0000	0.0000	0.0000	0.0000	0.0000	0.0000	0.0000	0.0000	0.0000	0.0000	0.0000	0.0000	0.0000	0.0000	0.0000	0.0000	0.0000	0.0000	0.0000	0.0000	0.0000	0.0000	0.0000	0.0000	0.0000	0.0000	0.0000	0.0000	0.0000	0.0000	0.0000	0.0000	0.0000	0.0000	0.0000	0.0000	0.0000											
25	66	0.1459	4	2	1	1	0	0	0	0	0	Y	N	N	N	N	N	N	N	N	N	N	N	79.0468	33.4303	72.4632	64.2352	0.0189	0.0213	0.0000	0.0731	0.0765	0.0000	0.0000	0.0000	0.0000	0.0002	0.0006	0.0000	0.0010	0.0012	0.0000	0.0000	0.0000	0.0000	0.0000	0.0000	-0.0004	-0.0000	2.0666	1.9720	3.9999	0.0923	0.0018	0.0018	0.0000	0.0018	0.0018	0.0000	0.0000	0.0000	0.0000	0.0000	0.0000	0.0000	0.0000	0.0000	0.0000	0.0000	0.0000	0.0000	0.0945	0.0841	0.0104	0.0245	0.0234	0.0011	0.0700	0.0607	0.0093	0.0417	0.0157	0.0260	0.0099	0.0084	0.0015	0.0318	0.0073	0.0245	79.0468	33.4303	0.0000	72.4632	64.2352	0.0000	0.0000	0.0000	0.0000	0.0002	0.0006	0.0000	0.0010	0.0012	0.0000	0.0000	0.0000	0.0000					
25	67	0.1243	3	2	1	1	0	0	0	0	0	Y	N	N	N	N	N	N	N	N	N	N	N	44419.3753	inf	0.0000	inf	inf	0.0000	0.0000	7.7527	8.6983	0.0000	23.3984	24.4984	0.0000	0.0000	0.0000	0.0000	0.0002	0.0000	0.0003	0.0000	0.0000	0.0000	0.0002	0.0000	0.0003	0.0000	inf	-0.1975	0.0000	2.0666	3.0650	3.9999	1.0636	0.9983	0.9983	0.0000	0.9983	0.9983	0.0000	0.0000	0.0000	0.0000	0.0000	0.0000	0.0000	0.0000	0.0000	0.0000	0.0000	0.0000	0.0000	0.1288	0.1148	0.0140	0.0427	0.0408	0.0019	0.0861	0.0740	0.0121	0.0573	0.0191	0.0382	0.0087	0.0058	0.0030	0.0485	0.0134	0.0352	44419.3753	inf	0.0000	inf	inf	0.0000	0.0000	0.0000	0.0000	0.0002	0.0000	0.0003	0.0000	0.0000	0.0000	0.0002	0.0000	0.0003		
25	68	0.1314	3	1	2	0	1	0	0	0	0	N	Y	N	N	N	N	N	N	N	N	N	N	2.2319	0.9608	1.0577	0.8732	0.0045	0.0050	0.0000	0.0108	0.0117	0.0000	0.0000	0.0000	0.0000	0.0020	0.0052	0.0000	0.0102	0.0133	0.0000	0.0000	0.0000	0.0000	0.0000	0.0000	-0.0002	-0.0002	2.0666	2.7513	3.9999	4.0954	0.0009	0.0009	0.0000	0.0009	0.0009	0.0000	0.0000	0.0000	0.0000	0.0002	0.0002	0.0000	0.0002	0.0002	0.0000	0.0000	0.0000	0.0000	0.2033	0.1816	0.0217	0.0844	0.0782	0.0062	0.1189	0.1034	0.0155	0.1195	0.0459	0.0735	0.0235	0.0180	0.0055	0.0960	0.0280	0.0680	2.2319	0.9608	0.0000	1.0577	0.8732	0.0000	0.0000	0.0000	0.0000	0.0020	0.0052	0.0000	0.0102	0.0133	0.0000	0.0000	0.0000	0.0000					
25	71	0.1243	3	1	2	0	0	0	0	0	0	N	Y	N	N	N	N	N	N	N	N	N	N	0.0000	0.0000	0.0000	0.0000	0.0000	0.0000	0.0000	0.0000	0.0000	0.0000	0.0000	0.0000	0.0000	0.0000	0.0000	0.0000	0.0000	0.0000	0.0000	0.0000	2.0666	2.0000	3.9999	3.0000	0.0000	0.0000	0.0000	0.0000	0.0000	0.0000	0.0000	0.0000	0.0000	0.0000	0.0000	0.0000	0.0000	0.0000	0.0000	0.0000	0.0000	0.0000	0.0854	0.0761	0.0093	0.0285	0.0272	0.0013	0.0569	0.0489	0.0080	0.0684	0.0228	0.0456	0.0104	0.0068	0.0036	0.0580	0.0160	0.0420	0.0000	0.0000	0.0000	0.0000	0.0000	0.0000	0.0000	0.0000	0.0000	0.0000	0.0000	0.0000	0.0000	0.0000	0.0000	0.0000	0.0000	0.0000											
25	72	0.0975	2	1	1	0	0	0	0	0	0	N	N	N	N	N	N	N	N	N	N	N	N	5827.4535	122.7064	inf	147.1184	116.5108	inf	inf	inf	inf	3.3371	0.1956	30.1371	0.4599	0.4715	0.3168	5.1462	0.0124	41.5027	0.0006	0.0016	0.0000	0.0031	0.0040	0.0000	0.0000	0.0000	0.0000	18.0643	0.0000	0.7693	-0.0000	2.0666	4.7932	3.9999	0.2507	1.0261	0.0538	0.9723	0.0546	0.0518	0.0028	0.9715	0.0021	0.9695	0.0001	0.0001	0.0000	0.0001	0.0001	0.0000	0.0000	0.0000	0.0000	0.3075	0.2752	0.0323	0.1187	0.1098	0.0089	0.1888	0.1654	0.0234	0.0873	0.0314	0.0559	0.0160	0.0124	0.0036	0.0713	0.0190	0.0523	5827.4535	122.7064	inf	147.1184	116.5108	inf	inf	inf	inf	0.0006	0.0016	0.0000	0.0031	0.0040	0.0000	0.0000	0.0000	0.0000
25	74	0.0738	2	1	2	0	0	0	0	0	0	N	Y	N	N	N	N	N	N	N	N	N	N	621.2006	222.8312	27.8915	30.7780	inf	inf	0.1715	0.2001	0.0000	0.1103	0.1251	0.0000	0.2443	0.2949	0.0000	0.0003	0.0009	0.0000	0.0040	0.0041	0.0000	0.0000	0.0000	0.0000	0.0000	0.0000	-0.0090	-0.0000	2.0666	1.8678	3.9999	4.6278	0.0456	0.0456	0.0000	0.0159	0.0159	0.0000	0.0297	0.0297	0.0000	0.0000	0.0000	0.0000	0.0000	0.0000	0.0000	0.0000	0.0000	0.0000	0.2659	0.2280	0.0380	0.1445	0.1273	0.0172	0.1215	0.1006	0.0208	0.1087	0.0334	0.0753	0.0076	0.0074	0.0002	0.1011	0.0260	0.0750	621.2006	222.8312	0.0000	27.8915	30.7780	0.0000	inf	inf	0.0000	0.0003	0.0009	0.0000	0.0040	0.0041	0.0000	0.0000	0.0000	0.0000			
25	78	0.1775	5	2	2	0	1	0	0	0	0	Y	Y	N	N	N	N	N	N	N	N	N	N	0.0000	0.0000	0.0000	0.0000	0.0000	0.0000	0.0000	0.0000	0.0000	0.0000	0.0000	0.0000	0.0000	0.0003	0.0010	0.0000	0.0058	0.0092	0.0000	0.0000	0.0000	0.0000	0.0000	0.0000	-0.0000	2.0666	1.0000	3.9999	2.0144	0.0000	0.0000	0.0000	0.0000	0.0000	0.0000	0.0000	0.0000	0.0000	0.0000	0.0000	0.0000	0.0000	0.0000	0.0000	0.0000	0.0000	0.0000	0.0532	0.0470	0.0061	0.0138	0.0130	0.0008	0.0394	0.0340	0.0054	0.0594	0.0200	0.0395	0.0034	0.0022	0.0013	0.0560	0.0178	0.0382	0.0000	0.0000	0.0000	0.0000	0.0000	0.0000	0.0000	0.0000	0.0000	0.0003	0.0010	0.0000	0.0058	0.0092	0.0000	0.0000	0.0000	0.0000						
25	79	0.1552	4	2	2	0	1	0	0	0	0	Y	Y	N	N	N	N	N	N	N	N	N	N	0.0000	0.0000	0.0000	0.0000	0.0000	0.0000	0.0000	0.0000	0.0000	0.0000	0.0000	0.0000	0.0000	0.0003	0.0000	0.0005	0.0000	0.0000	0.0000	0.0004	0.0000	0.0005	inf	0.0000	0.0000	2.0666	0.0001	3.9999	3.0180	0.0000	0.0000	0.0000	0.0000	0.0000	0.0000	0.0000	0.0000	0.0000	0.0000	0.0000	0.0000	0.0000	0.0000	0.0000	0.0000	0.0000	0.0000	0.0000	0.0000	0.0000	0.0000	0.0000	0.0000	0.0000	0.0000	0.0000	0.0591	0.0197	0.0395	0.0031	0.0019	0.0012	0.0561	0.0178	0.0382	0.0000	0.0000	0.0000	0.0000	0.0000	0.0000	0.0000	0.0000	0.0000	0.0003	0.0000	0.0005	0.0000	0.0000	0.0000	0.0004	0.0000	0.0005						
25	80	0.1772	6	1	2	0	1	0	0	0	0	N	Y	N	N	N	N	N	N	N	N	N	N	0.0000	0.0000	0.0000	0.0000	0.0000	0.0000	0.0000	0.0000	0.0000	0.0000	0.0000	0.0000	0.0000	0.0000	0.0000	0.0000	0.0000	0.0000	0.0000	0.0000	2.0666	0.0000	3.9999	0.0000	0.0000	0.0000	0.0000	0.0000	0.0000	0.0000	0.0000	0.0000	0.0000	0.0000	0.0000	0.0000	0.0000	0.0000	0.0000	0.0000	0.0000	0.0000	0.0000	0.0000	0.0000	0.0000	0.0000	0.0000	0.0000	0.0000	0.0000	0.0000	0.0000	0.0000	0.0000	0.0000	0.0000	0.0000	0.0000	0.0000	0.0000	0.0000	0.0000	0.0000	0.0000	0.0000	0.0000	0.0000	0.0000	0.0000	0.0000	0.0000	0.0000	0.0000	0.0000	0.0000	0.0000	0.0000											
25	81	0.1552	4	1	1	1	1	0	0	0	0	N	N	N	N	N	N	N	N	N	N	N	N	0.0000	0.0000	0.0000	0.0000	0.0000	0.0000	0.0000	0.0000	0.0000	0.0000	0.0000	0.0000	0.0000	0.0000	0.0000	0.0000	0.0000	0.0000	0.0000	0.0000	2.0666	2.0000	3.9999	0.0000	0.0000	0.0000	0.0000	0.0000	0.0000	0.0000	0.0000	0.0000	0.0000	0.0000	0.0000	0.0000	0.0000	0.0000	0.0000	0.0000	0.0000	0.0000	0.1040	0.0921	0.0119	0.0267	0.0252	0.0015	0.0773	0.0668	0.0104	0.0400	0.0133	0.0267	0.0021	0.0012	0.0008	0.0379	0.0120	0.0259	0.0000	0.0000	0.0000	0.0000	0.0000	0.0000	0.0000	0.0000	0.0000	0.0000	0.0000	0.0000	0.0000	0.0000	0.0000	0.0000	0.0000	0.0000											
25	82	0.1552	4	1	1	1	1	0	0	0	0	N	N	N	N	N	N	N	N	N	N	N	N	0.0000	0.0000	0.0000	0.0000	0.0000	0.0000	0.0000	0.0000	0.0000	0.0000	0.0000	0.0000	0.0000	0.0000	0.0000	0.0000	0.0000	0.0000	0.0000	0.0000	2.0666	0.0000	3.9999	4.0000	0.0000	0.0000	0.0000	0.0000	0.0000	0.0000	0.0000	0.0000	0.0000	0.0000	0.0000	0.0000	0.0000	0.0000	0.0000	0.0000	0.0000	0.0000	0.0000	0.0000	0.0000	0.0000	0.0000	0.0000	0.0000	0.0000	0.0000	0.0769	0.0256	0.0513	0.0040	0.0024	0.0016	0.0729	0.0232	0.0497	0.0000	0.0000	0.0000	0.0000	0.0000	0.0000	0.0000	0.0000	0.0000	0.0000	0.0000	0.0000	0.0000	0.0000	0.0000	0.0000	0.0000	0.0000											
25	83	0.1772	6	1	1	1	1	0	0	0	0	N	N	N	N	N	N	N	N	N	N	N	N	0.0000	0.0000	0.0000	0.0000	0.0000	0.0000	0.0000	0.0000	0.0000	0.0000	0.0000	0.0000	0.0000	0.0000	0.0000	0.0000	0.0000	0.0000	0.0000	0.0000	2.0666	0.0000	3.9999	2.0000	0.0000	0.0000	0.0000	0.0000	0.0000	0.0000	0.0000	0.0000	0.0000	0.0000	0.0000	0.0000	0.0000	0.0000	0.0000	0.0000	0.0000	0.0000	0.0000	0.0000	0.0000	0.0000	0.0000	0.0000	0.0000	0.0000	0.0000	0.0397	0.0130	0.0267	0.0018	0.0009	0.0009	0.0379	0.0120	0.0259	0.0000	0.0000	0.0000	0.0000	0.0000	0.0000	0.0000	0.0000	0.0000	0.0000	0.0000	0.0000	0.0000	0.0000	0.0000	0.0000	0.0000	0.0000											
25	84	0.1699	5	1	1	0	1	0	0	0	0	N	N	N	N	N	N	N	N	N	N	N	N	0.0000	0.0000	0.0000	0.0000	0.0000	0.0000	0.0000	0.0000	0.0000	0.0000	0.0000	0.0000	0.0000	0.0000	0.0000	0.0000	0.0000	0.0000	0.0000	0.0000	2.0666	1.0000	3.9999	0.0015	0.0000	0.0000	0.0000	0.0000	0.0000	0.0000	0.0000	0.0000	0.0000	0.0000	0.0000	0.0000	0.0000	0.0000	0.0000	0.0000	0.0000	0.0000	0.0532	0.0470	0.0061	0.0138	0.0130	0.0008	0.0394	0.0340	0.0054	0.0206	0.0068	0.0138	0.0011	0.0007	0.0005	0.0195	0.0061	0.0133	0.0000	0.0000	0.0000	0.0000	0.0000	0.0000	0.0000	0.0000	0.0000	0.0000	0.0000	0.0000	0.0000	0.0000	0.0000	0.0000	0.0000	0.0000											
25	85	0.1552	4	1	1	0	1	0	0	0	0	N	N	N	N	N	N	N	N	N	N	N	N	0.0000	0.0000	0.0000	0.0000	0.0000	0.0000	0.0000	0.0000	0.0000	0.0000	0.0000	0.0000	0.0000	0.0000	0.0000	0.0000	0.0000	0.0000	0.0000	0.0000	2.0666	0.0000	3.9999	2.0013	0.0000	0.0000	0.0000	0.0000	0.0000	0.0000	0.0000	0.0000	0.0000	0.0000	0.0000	0.0000	0.0000	0.0000	0.0000	0.0000	0.0000	0.0000	0.0000	0.0000	0.0000	0.0000	0.0000	0.0000	0.0000	0.0000	0.0000	0.0400	0.0133	0.0267	0.0021	0.0012	0.0008	0.0379	0.0121	0.0259	0.0000	0.0000	0.0000	0.0000	0.0000	0.0000	0.0000	0.0000	0.0000	0.0000	0.0000	0.0000	0.0000	0.0000	0.0000	0.0000	0.0000	0.0000											
25	86	0.1951	4	2	2	0	0	0	0	0	0	Y	Y	N	N	N	N	N	N	N	N	N	N	257.0144	134.3835	121.3458	135.8654	inf	inf	0.1557	0.1778	0.0000	0.2524	0.2958	0.0000	0.0245	0.0270	0.0000	0.0006	0.0013	0.0000	0.0021	0.0022	0.0000	0.0000	0.0000	0.0000	0.0000	0.0000	-0.0000	-0.0000	2.0666	0.0007	3.9999	0.9812	0.0000	0.0000	0.0000	0.0000	0.0000	0.0000	0.0000	0.0000	0.0000	0.0000	0.0000	0.0000	0.0000	0.0000	0.0000	0.0000	0.0000	0.0000	0.0001	0.0001	0.0000	0.0001	0.0001	0.0000	0.0001	0.0000	0.0000	0.0330	0.0151	0.0179	0.0096	0.0092	0.0004	0.0234	0.0059	0.0175	257.0144	134.3835	0.0000	121.3458	135.8654	0.0000	inf	inf	0.0000	0.0006	0.0013	0.0000	0.0021	0.0022	0.0000	0.0000	0.0000	0.0000			
25	87	0.1393	3	2	2	0	0	0	0	0	0	Y	Y	N	N	N	N	N	N	N	N	N	N	236.6388	94.4125	909.8666	52.7679	35.9442	inf	303.3567	inf	1003.4105	0.2746	0.2832	0.2118	0.8695	0.9217	0.0144	0.0500	0.0177	0.2415	0.0012	0.0030	0.0002	0.0165	0.0256	0.0000	0.0002	0.0000	0.0002	0.1025	0.1538	-0.0076	-0.0001	2.0666	5.0272	3.9999	2.1572	0.0725	0.0658	0.0067	0.0629	0.0629	0.0001	0.0096	0.0029	0.0067	0.0001	0.0001	0.0000	0.0001	0.0001	0.0000	0.0000	0.0000	0.0000	0.2640	0.2322	0.0318	0.0724	0.0682	0.0042	0.1916	0.1640	0.0277	0.1293	0.0433	0.0859	0.0079	0.0051	0.0028	0.1214	0.0383	0.0831	236.6388	94.4125	909.8666	52.7679	35.9442	inf	303.3567	inf	1003.4105	0.0012	0.0030	0.0002	0.0165	0.0256	0.0000	0.0002	0.0000	0.0002
25	88	0.1925	5	1	2	0	0	0	0	0	0	N	Y	N	N	N	N	N	N	N	N	N	N	0.0000	0.0000	0.0000	0.0000	0.0000	0.0000	0.0000	0.0000	0.0000	0.0000	0.0000	0.0000	0.0000	12.9514	38.1439	0.0000	0.0000	0.0000	0.0000	13.9470	44.4331	0.0000	0.0000	0.0000	-0.7489	2.0666	0.0000	3.9999	4.0000	0.0000	0.0000	0.0000	0.0000	0.0000	0.0000	0.0000	0.0000	0.0000	1.0000	1.0000	0.0000	0.0000	0.0000	0.0000	1.0000	1.0000	0.0000	0.0000	0.0000	0.0000	0.0000	0.0000	0.0000	0.0000	0.0000	0.0000	0.0772	0.0262	0.0510	0.0055	0.0037	0.0018	0.0717	0.0225	0.0492	0.0000	0.0000	0.0000	0.0000	0.0000	0.0000	0.0000	0.0000	0.0000	12.9514	38.1439	0.0000	0.0000	0.0000	0.0000	13.9470	44.4331	0.0000						
25	89	0.1552	4	1	2	0	0	0	0	0	0	N	Y	N	N	N	N	N	N	N	N	N	N	0.0000	0.0000	0.0000	0.0000	0.0000	0.0000	0.0000	0.0000	0.0000	0.0000	0.0000	0.0000	0.0000	0.0000	0.0000	0.0000	0.0000	0.0000	0.0000	0.0000	2.0666	3.0000	3.9999	2.0000	0.0000	0.0000	0.0000	0.0000	0.0000	0.0000	0.0000	0.0000	0.0000	0.0000	0.0000	0.0000	0.0000	0.0000	0.0000	0.0000	0.0000	0.0000	0.1526	0.1352	0.0174	0.0388	0.0367	0.0022	0.1138	0.0986	0.0152	0.0943	0.0315	0.0629	0.0050	0.0030	0.0020	0.0893	0.0285	0.0609	0.0000	0.0000	0.0000	0.0000	0.0000	0.0000	0.0000	0.0000	0.0000	0.0000	0.0000	0.0000	0.0000	0.0000	0.0000	0.0000	0.0000	0.0000											
25	90	0.1552	4	2	2	0	0	0	0	0	0	Y	Y	N	N	N	N	N	N	N	N	N	N	0.0000	0.0000	0.0000	0.0000	0.0000	0.0000	0.0000	0.0000	0.0000	0.0000	0.0000	0.0000	0.0000	0.0000	0.0000	0.0000	0.0000	0.0000	0.0000	0.0000	2.0666	2.0000	3.9999	3.0000	0.0000	0.0000	0.0000	0.0000	0.0000	0.0000	0.0000	0.0000	0.0000	0.0000	0.0000	0.0000	0.0000	0.0000	0.0000	0.0000	0.0000	0.0000	0.1040	0.0921	0.0119	0.0267	0.0252	0.0015	0.0773	0.0668	0.0104	0.0943	0.0315	0.0629	0.0050	0.0030	0.0020	0.0893	0.0285	0.0609	0.0000	0.0000	0.0000	0.0000	0.0000	0.0000	0.0000	0.0000	0.0000	0.0000	0.0000	0.0000	0.0000	0.0000	0.0000	0.0000	0.0000	0.0000											
25	91	0.1393	3	1	1	0	0	0	0	0	0	N	N	N	N	N	N	N	N	N	N	N	N	27.2116	0.0612	inf	0.6216	0.0278	inf	inf	inf	0.0822	0.0005	0.6051	0.0258	0.0016	0.4030	0.1077	0.0000	0.6377	0.0030	0.0088	0.0000	0.0415	0.0572	0.0000	0.0000	0.0000	0.0000	175.7683	0.0000	0.0084	-0.0001	2.0666	2.0705	3.9999	0.0351	0.0106	0.0001	0.0105	0.0010	0.0001	0.0010	0.0096	0.0000	0.0096	0.0001	0.0001	0.0000	0.0001	0.0001	0.0000	0.0000	0.0000	0.0000	0.1290	0.1116	0.0174	0.0401	0.0377	0.0024	0.0889	0.0739	0.0150	0.0430	0.0148	0.0282	0.0031	0.0023	0.0009	0.0399	0.0125	0.0274	27.2116	0.0612	inf	0.6216	0.0278	inf	inf	0.0000	inf	0.0030	0.0088	0.0000	0.0415	0.0572	0.0000	0.0000	0.0000	0.0000	
25	92	0.1139	2	1	1	0	0	0	0	0	0	N	N	N	N	N	N	N	N	N	N	N	N	1030.3971	3.0158	13024.1230	2.2937	1.9964	inf	3470.4252	0.1304	15049.2413	3.9222	0.0172	32.5149	0.0375	0.0388	0.0136	6.4049	0.0015	38.9854	0.0038	0.0057	0.0025	0.0164	0.0194	0.0000	0.0018	0.0112	0.0026	258.6365	0.6316	0.7951	-0.0001	2.0666	3.4249	3.9999	0.1413	0.9959	0.0038	0.9921	0.0037	0.0036	0.0001	0.9922	0.0002	0.9920	0.0003	0.0002	0.0001	0.0002	0.0002	0.0000	0.0001	0.0000	0.0001	0.2539	0.2234	0.0305	0.0990	0.0939	0.0051	0.1549	0.1295	0.0254	0.0814	0.0334	0.0481	0.0110	0.0093	0.0017	0.0704	0.0241	0.0463	1030.3971	3.0158	13024.1230	2.2937	1.9964	inf	3470.4252	3.5263	15049.2413	0.0038	0.0057	0.0025	0.0164	0.0194	0.0000	0.0018	0.0004	0.0026
25	98	0.2507	7	1	1	0	0	0	0	0	0	N	N	N	N	N	N	N	N	N	N	N	N	0.8288	0.5240	0.0282	0.0262	inf	inf	0.1024	0.1144	0.0000	0.0092	0.0102	0.0000	0.1977	0.2230	0.0000	0.1235	0.2183	0.0000	0.3267	0.3901	0.0000	0.0000	0.0000	0.0000	0.0000	0.0000	-0.0085	-0.0254	2.0666	4.9999	3.9999	9.0821	0.0432	0.0432	0.0000	0.0020	0.0020	0.0000	0.0412	0.0412	0.0000	0.0339	0.0339	0.0000	0.0339	0.0339	0.0000	0.0000	0.0000	0.0000	0.4216	0.3773	0.0443	0.2132	0.1926	0.0206	0.2084	0.1847	0.0237	0.2742	0.1552	0.1191	0.1037	0.0868	0.0168	0.1706	0.0683	0.1022	0.8288	0.5240	0.0000	0.0282	0.0262	0.0000	inf	inf	0.0000	0.1235	0.2183	0.0000	0.3267	0.3901	0.0000	0.0000	0.0000	0.0000			
26	28	0.1022	3	0	2	1	1	0	0	0	0	N	Y	N	N	N	N	N	N	N	N	N	N	0.0000	0.0000	0.0000	0.0000	0.0000	0.0000	0.0000	0.0000	0.0000	0.0000	0.0000	0.0000	0.0000	7.6611	22.8575	0.0000	0.0000	0.0000	0.0000	8.9728	31.7930	0.0000	0.0000	0.0000	-0.7489	1.0000	3.9334	4.0000	8.9999	0.0000	0.0000	0.0000	0.0000	0.0000	0.0000	0.0000	0.0000	0.0000	0.9999	0.9999	0.0000	0.0000	0.0000	0.0000	0.9999	0.9999	0.0000	0.0757	0.0670	0.0087	0.0221	0.0209	0.0011	0.0536	0.0461	0.0075	0.1305	0.0437	0.0868	0.0191	0.0123	0.0068	0.1114	0.0315	0.0800	0.0000	0.0000	0.0000	0.0000	0.0000	0.0000	0.0000	0.0000	0.0000	7.6611	22.8575	0.0000	0.0000	0.0000	0.0000	8.9728	31.7930	0.0000						
26	29	0.0627	3	0	2	0	0	0	0	0	0	N	Y	N	N	N	N	N	N	N	N	N	N	0.0000	0.0000	0.0000	0.0000	0.0000	0.0000	0.0000	0.0000	0.0000	0.0000	0.0000	0.0000	0.0000	0.0106	0.0354	0.0000	0.1569	0.1572	0.0000	0.0000	0.0000	0.0000	0.0000	0.0000	-0.0009	1.0000	7.9836	4.0000	2.1583	0.0000	0.0000	0.0000	0.0000	0.0000	0.0000	0.0000	0.0000	0.0000	0.0013	0.0013	0.0000	0.0013	0.0013	0.0000	0.0000	0.0000	0.0000	0.1580	0.1407	0.0172	0.0373	0.0355	0.0018	0.1207	0.1052	0.0155	0.1188	0.0356	0.0831	0.0080	0.0080	0.0000	0.1107	0.0276	0.0831	0.0000	0.0000	0.0000	0.0000	0.0000	0.0000	0.0000	0.0000	0.0000	0.0106	0.0354	0.0000	0.1569	0.1572	0.0000	0.0000	0.0000	0.0000						
26	30	0.1022	3	1	2	0	0	0	0	0	0	N	Y	N	N	N	N	N	N	N	N	N	N	0.0000	0.0000	0.0000	0.0000	0.0000	0.0000	0.0000	0.0000	0.0000	0.0000	0.0000	0.0000	0.0000	0.0000	0.0000	0.0000	5.3559	0.0014	8.0806	0.0035	0.0055	0.0000	6.2224	0.0000	8.7569	11111.1111	0.0000	0.2510	1.0000	9.9334	4.0000	11.0001	0.0000	0.0000	0.0000	0.0000	0.0000	0.0000	0.0000	0.0000	0.0000	1.0001	0.0001	1.0000	0.0001	0.0001	0.0000	1.0000	0.0000	1.0000	0.1681	0.1486	0.0195	0.0418	0.0395	0.0024	0.1263	0.1092	0.0171	0.1867	0.0630	0.1238	0.0260	0.0165	0.0096	0.1607	0.0465	0.1142	0.0000	0.0000	0.0000	0.0000	0.0000	0.0000	0.0000	0.0000	0.0000	5.3559	0.0014	8.0806	0.0035	0.0055	0.0000	6.2224	0.0000	8.7569			
26	31	0.1022	3	0	1	1	0	0	0	0	0	N	N	N	N	N	N	N	N	N	N	N	N	0.0000	0.0000	0.0000	0.0000	0.0000	0.0000	0.0000	0.0000	0.0000	0.0000	0.0000	0.0000	0.0000	11.5226	34.4901	0.0000	0.0000	0.0000	0.0000	13.5673	48.8706	0.0000	0.0000	0.0000	-0.7489	1.0000	2.9334	4.0000	4.9999	0.0000	0.0000	0.0000	0.0000	0.0000	0.0000	0.0000	0.0000	0.0000	0.9999	0.9999	0.0000	0.0000	0.0000	0.0000	0.9999	0.9999	0.0000	0.0586	0.0520	0.0066	0.0181	0.0173	0.0009	0.0405	0.0347	0.0057	0.0868	0.0290	0.0578	0.0131	0.0085	0.0045	0.0737	0.0205	0.0532	0.0000	0.0000	0.0000	0.0000	0.0000	0.0000	0.0000	0.0000	0.0000	11.5226	34.4901	0.0000	0.0000	0.0000	0.0000	13.5673	48.8706	0.0000						
26	32	0.1022	3	0	2	0	0	0	0	0	0	N	Y	N	N	N	N	N	N	N	N	N	N	0.0000	0.0000	0.0000	0.0000	0.0000	0.0000	0.0000	0.0000	0.0000	0.0000	0.0000	0.0000	0.0000	12.7530	38.1920	0.0000	0.0000	0.0000	0.0000	15.0302	54.2977	0.0000	0.0000	0.0000	-0.7489	1.0000	3.0666	4.0000	3.9999	0.0000	0.0000	0.0000	0.0000	0.0000	0.0000	0.0000	0.0000	0.0000	0.9999	0.9999	0.0000	0.0000	0.0000	0.0000	0.9999	0.9999	0.0000	0.0609	0.0540	0.0069	0.0187	0.0178	0.0009	0.0422	0.0363	0.0060	0.0784	0.0262	0.0522	0.0119	0.0078	0.0041	0.0665	0.0184	0.0481	0.0000	0.0000	0.0000	0.0000	0.0000	0.0000	0.0000	0.0000	0.0000	12.7530	38.1920	0.0000	0.0000	0.0000	0.0000	15.0302	54.2977	0.0000						
26	33	0.0496	2	1	1	1	0	0	0	0	0	N	N	N	N	N	N	N	N	N	N	N	N	0.0000	0.0000	0.0000	0.0000	0.0000	0.0000	0.0000	0.0000	0.0000	0.0000	0.0000	0.0000	0.0000	0.0000	0.0000	21.0342	70.6312	0.0000	0.0771	0.0962	0.0000	23.3921	97.0031	0.0000	0.0000	0.0000	-0.7475	1.0000	0.9991	4.0000	2.0219	0.0000	0.0000	0.0000	0.0000	0.0000	0.0000	0.0000	0.0000	0.0000	0.9981	0.9981	0.0000	0.0004	0.0004	0.0000	0.9977	0.9977	0.0000	0.0177	0.0150	0.0026	0.0000	0.0000	0.0000	0.0176	0.0150	0.0026	0.0475	0.0141	0.0333	0.0048	0.0038	0.0010	0.0427	0.0103	0.0324	0.0000	0.0000	0.0000	0.0000	0.0000	0.0000	0.0000	0.0000	0.0000	21.0342	70.6312	0.0000	0.0771	0.0962	0.0000	23.3921	97.0031	0.0000				
26	34	0.1022	3	0	2	0	0	0	0	0	0	N	Y	N	N	N	N	N	N	N	N	N	N	0.0000	0.0000	0.0000	0.0000	0.0000	0.0000	0.0000	0.0000	0.0000	0.0000	0.0000	0.0000	0.0000	0.0009	0.0026	0.0000	0.0057	0.0089	0.0000	0.0000	0.0000	0.0000	0.0000	0.0000	-0.0001	1.0000	4.9334	4.0000	5.0001	0.0000	0.0000	0.0000	0.0000	0.0000	0.0000	0.0000	0.0000	0.0000	0.0001	0.0001	0.0000	0.0001	0.0001	0.0000	0.0000	0.0000	0.0000	0.0922	0.0816	0.0106	0.0258	0.0244	0.0014	0.0664	0.0572	0.0093	0.1052	0.0352	0.0700	0.0157	0.0102	0.0055	0.0895	0.0250	0.0645	0.0000	0.0000	0.0000	0.0000	0.0000	0.0000	0.0000	0.0000	0.0000	0.0009	0.0026	0.0000	0.0057	0.0089	0.0000	0.0000	0.0000	0.0000						
26	35	0.0496	2	1	1	1	0	0	0	0	0	N	N	N	N	N	N	N	N	N	N	N	N	0.0000	0.0000	0.0000	0.0000	0.0000	0.0000	0.0000	0.0000	0.0000	0.0000	0.0000	0.0000	0.0000	0.0667	0.2105	0.0000	0.5245	0.6157	0.0000	0.0000	0.0000	0.0000	0.0000	0.0000	-0.0017	1.0000	0.0009	4.0000	1.9867	0.0000	0.0000	0.0000	0.0000	0.0000	0.0000	0.0000	0.0000	0.0000	0.0023	0.0023	0.0000	0.0023	0.0023	0.0000	0.0000	0.0000	0.0000	0.0000	0.0000	0.0000	0.0000	0.0000	0.0000	0.0000	0.0000	0.0000	0.0340	0.0108	0.0233	0.0043	0.0037	0.0006	0.0297	0.0071	0.0226	0.0000	0.0000	0.0000	0.0000	0.0000	0.0000	0.0000	0.0000	0.0000	0.0667	0.2105	0.0000	0.5245	0.6157	0.0000	0.0000	0.0000	0.0000						
26	38	0.1022	3	0	1	1	0	0	0	0	0	N	N	N	N	N	N	N	N	N	N	N	N	0.0000	0.0000	0.0000	0.0000	0.0000	0.0000	0.0000	0.0000	0.0000	0.0000	0.0000	0.0000	0.0000	14.6115	43.7816	0.0000	0.0000	0.0000	0.0000	17.2395	62.4890	0.0000	0.0000	0.0000	-0.7489	1.0000	3.0666	4.0000	2.9999	0.0000	0.0000	0.0000	0.0000	0.0000	0.0000	0.0000	0.0000	0.0000	0.9999	0.9999	0.0000	0.0000	0.0000	0.0000	0.9999	0.9999	0.0000	0.0609	0.0540	0.0069	0.0187	0.0178	0.0009	0.0422	0.0363	0.0060	0.0684	0.0228	0.0456	0.0104	0.0068	0.0036	0.0580	0.0160	0.0420	0.0000	0.0000	0.0000	0.0000	0.0000	0.0000	0.0000	0.0000	0.0000	14.6115	43.7816	0.0000	0.0000	0.0000	0.0000	17.2395	62.4890	0.0000						
26	39	0.1022	3	0	2	0	0	0	0	0	0	N	Y	N	N	N	N	N	N	N	N	N	N	0.0000	0.0000	0.0000	0.0000	0.0000	0.0000	0.0000	0.0000	0.0000	0.0000	0.0000	0.0000	0.0000	0.0013	0.0040	0.0000	0.0088	0.0134	0.0000	0.0000	0.0000	0.0000	0.0000	0.0000	-0.0001	1.0000	3.9334	4.0000	2.0001	0.0000	0.0000	0.0000	0.0000	0.0000	0.0000	0.0000	0.0000	0.0000	0.0001	0.0001	0.0000	0.0001	0.0001	0.0000	0.0000	0.0000	0.0000	0.0757	0.0670	0.0087	0.0221	0.0209	0.0011	0.0536	0.0461	0.0075	0.0671	0.0224	0.0447	0.0102	0.0067	0.0035	0.0568	0.0157	0.0412	0.0000	0.0000	0.0000	0.0000	0.0000	0.0000	0.0000	0.0000	0.0000	0.0013	0.0040	0.0000	0.0088	0.0134	0.0000	0.0000	0.0000	0.0000						
26	40	0.0656	4	1	2	1	0	0	0	0	0	N	Y	N	N	N	N	N	N	N	N	N	N	0.0000	0.0000	0.0000	0.0000	0.0000	0.0000	0.0000	0.0000	0.0000	0.0000	0.0000	0.0000	0.0000	0.0000	0.0000	0.0000	0.0000	0.0000	0.0000	0.0000	1.0000	0.0000	4.0000	0.0000	0.0000	0.0000	0.0000	0.0000	0.0000	0.0000	0.0000	0.0000	0.0000	0.0000	0.0000	0.0000	0.0000	0.0000	0.0000	0.0000	0.0000	0.0000	0.0000	0.0000	0.0000	0.0000	0.0000	0.0000	0.0000	0.0000	0.0000	0.0000	0.0000	0.0000	0.0000	0.0000	0.0000	0.0000	0.0000	0.0000	0.0000	0.0000	0.0000	0.0000	0.0000	0.0000	0.0000	0.0000	0.0000	0.0000	0.0000	0.0000	0.0000	0.0000	0.0000	0.0000	0.0000	0.0000											
26	41	0.0656	3	1	2	1	0	0	0	0	0	N	Y	N	N	N	N	N	N	N	N	N	N	0.0000	0.0000	0.0000	0.0000	0.0000	0.0000	0.0000	0.0000	0.0000	0.0000	0.0000	0.0000	0.0000	0.0000	0.0000	0.0000	0.0000	0.0000	0.0000	0.0000	1.0000	1.0000	4.0000	1.9999	0.0000	0.0000	0.0000	0.0000	0.0000	0.0000	0.0000	0.0000	0.0000	0.0000	0.0000	0.0000	0.0000	0.0000	0.0000	0.0000	0.0000	0.0000	0.0184	0.0159	0.0026	0.0024	0.0023	0.0002	0.0160	0.0136	0.0024	0.0389	0.0093	0.0296	0.0000	0.0000	0.0000	0.0389	0.0093	0.0296	0.0000	0.0000	0.0000	0.0000	0.0000	0.0000	0.0000	0.0000	0.0000	0.0000	0.0000	0.0000	0.0000	0.0000	0.0000	0.0000	0.0000	0.0000											
26	42	0.2434	6	1	2	0	0	0	0	0	0	N	Y	N	N	N	N	N	N	N	N	N	N	0.0000	0.0000	0.0000	0.0000	0.0000	0.0000	0.0000	0.0000	0.0000	0.0000	0.0000	0.0000	0.0000	0.0000	0.0000	0.0000	0.0000	0.0000	0.0000	0.0000	1.0000	0.0007	4.0000	2.0242	0.0000	0.0000	0.0000	0.0000	0.0000	0.0000	0.0000	0.0000	0.0000	0.0000	0.0000	0.0000	0.0000	0.0000	0.0000	0.0000	0.0000	0.0000	0.0000	0.0000	0.0000	0.0000	0.0000	0.0000	0.0000	0.0000	0.0000	0.0353	0.0151	0.0202	0.0088	0.0080	0.0008	0.0265	0.0071	0.0194	0.0000	0.0000	0.0000	0.0000	0.0000	0.0000	0.0000	0.0000	0.0000	0.0000	0.0000	0.0000	0.0000	0.0000	0.0000	0.0000	0.0000	0.0000											
26	43	0.1466	4	0	2	0	1	0	0	0	0	N	Y	N	N	N	N	N	N	N	N	N	N	0.0000	0.0000	0.0000	0.0000	0.0000	0.0000	0.0000	0.0000	0.0000	0.0000	0.0000	0.0000	0.0000	0.0000	0.0000	0.0000	0.0000	0.0000	0.0000	0.0000	1.0000	0.0000	4.0000	0.0000	0.0000	0.0000	0.0000	0.0000	0.0000	0.0000	0.0000	0.0000	0.0000	0.0000	0.0000	0.0000	0.0000	0.0000	0.0000	0.0000	0.0000	0.0000	0.0000	0.0000	0.0000	0.0000	0.0000	0.0000	0.0000	0.0000	0.0000	0.0000	0.0000	0.0000	0.0000	0.0000	0.0000	0.0000	0.0000	0.0000	0.0000	0.0000	0.0000	0.0000	0.0000	0.0000	0.0000	0.0000	0.0000	0.0000	0.0000	0.0000	0.0000	0.0000	0.0000	0.0000	0.0000	0.0000											
26	44	0.1466	4	0	1	0	1	0	0	0	0	N	N	N	N	N	N	N	N	N	N	N	N	0.0000	0.0000	0.0000	0.0000	0.0000	0.0000	0.0000	0.0000	0.0000	0.0000	0.0000	0.0000	0.0000	0.0000	0.0000	0.0000	0.0000	0.0000	0.0000	0.0000	1.0000	0.0000	4.0000	0.0000	0.0000	0.0000	0.0000	0.0000	0.0000	0.0000	0.0000	0.0000	0.0000	0.0000	0.0000	0.0000	0.0000	0.0000	0.0000	0.0000	0.0000	0.0000	0.0000	0.0000	0.0000	0.0000	0.0000	0.0000	0.0000	0.0000	0.0000	0.0000	0.0000	0.0000	0.0000	0.0000	0.0000	0.0000	0.0000	0.0000	0.0000	0.0000	0.0000	0.0000	0.0000	0.0000	0.0000	0.0000	0.0000	0.0000	0.0000	0.0000	0.0000	0.0000	0.0000	0.0000	0.0000	0.0000											
26	45	0.1022	3	0	1	0	1	0	0	0	0	N	N	N	N	N	N	N	N	N	N	N	N	0.0000	0.0000	0.0000	0.0000	0.0000	0.0000	0.0000	0.0000	0.0000	0.0000	0.0000	0.0000	0.0000	12.7530	38.1920	0.0000	0.0000	0.0000	0.0000	15.0302	54.2977	0.0000	0.0000	0.0000	-0.7489	1.0000	3.0666	4.0000	3.9999	0.0000	0.0000	0.0000	0.0000	0.0000	0.0000	0.0000	0.0000	0.0000	0.9999	0.9999	0.0000	0.0000	0.0000	0.0000	0.9999	0.9999	0.0000	0.0609	0.0540	0.0069	0.0187	0.0178	0.0009	0.0422	0.0363	0.0060	0.0784	0.0262	0.0522	0.0119	0.0078	0.0041	0.0665	0.0184	0.0481	0.0000	0.0000	0.0000	0.0000	0.0000	0.0000	0.0000	0.0000	0.0000	12.7530	38.1920	0.0000	0.0000	0.0000	0.0000	15.0302	54.2977	0.0000						
26	47	0.1003	4	1	2	0	0	0	0	0	0	N	Y	N	N	N	N	N	N	N	N	N	N	0.0000	0.0000	0.0000	0.0000	0.0000	0.0000	0.0000	0.0000	0.0000	0.0000	0.0000	0.0000	0.0000	0.0000	0.0000	0.0000	0.0000	0.0000	0.0000	0.0000	1.0000	0.9991	4.0000	2.0273	0.0000	0.0000	0.0000	0.0000	0.0000	0.0000	0.0000	0.0000	0.0000	0.0000	0.0000	0.0000	0.0000	0.0000	0.0000	0.0000	0.0000	0.0000	0.0189	0.0167	0.0023	0.0055	0.0052	0.0004	0.0134	0.0115	0.0019	0.0322	0.0128	0.0194	0.0045	0.0044	0.0001	0.0277	0.0084	0.0193	0.0000	0.0000	0.0000	0.0000	0.0000	0.0000	0.0000	0.0000	0.0000	0.0000	0.0000	0.0000	0.0000	0.0000	0.0000	0.0000	0.0000	0.0000											
26	48	0.0627	3	1	2	0	0	0	0	0	0	N	Y	N	N	N	N	N	N	N	N	N	N	0.0000	0.0000	0.0000	0.0000	0.0000	0.0000	0.0000	0.0000	0.0000	0.0000	0.0000	0.0000	0.0000	0.0001	0.0004	0.0000	0.0011	0.0011	0.0000	0.0000	0.0000	0.0000	0.0000	0.0000	-0.0000	1.0000	3.1828	4.0000	3.1571	0.0000	0.0000	0.0000	0.0000	0.0000	0.0000	0.0000	0.0000	0.0000	0.0000	0.0000	0.0000	0.0000	0.0000	0.0000	0.0000	0.0000	0.0000	0.0877	0.0796	0.0081	0.0297	0.0287	0.0010	0.0580	0.0510	0.0071	0.0858	0.0269	0.0589	0.0088	0.0087	0.0000	0.0770	0.0182	0.0588	0.0000	0.0000	0.0000	0.0000	0.0000	0.0000	0.0000	0.0000	0.0000	0.0001	0.0004	0.0000	0.0011	0.0011	0.0000	0.0000	0.0000	0.0000						
26	49	0.0585	2	0	2	0	0	0	0	0	0	N	Y	N	N	N	N	N	N	N	N	N	N	0.0000	0.0000	0.0000	0.0000	0.0000	0.0000	0.0000	0.0000	0.0000	0.0000	0.0000	0.0000	0.0000	0.0000	0.0000	0.0000	0.0000	0.0000	0.0371	0.0621	0.0223	0.0351	0.0351	1.6921	0.0377	1.0823	0.0223	0.6103	0.0000	-0.0006	1.0000	0.8922	4.0000	1.0748	0.0000	0.0000	0.0000	0.0000	0.0000	0.0000	0.0000	0.0000	0.0000	0.0016	0.0010	0.0006	0.0003	0.0003	0.0000	0.0013	0.0006	0.0006	0.0428	0.0399	0.0029	0.0212	0.0206	0.0006	0.0215	0.0193	0.0023	0.0434	0.0161	0.0273	0.0100	0.0100	0.0000	0.0334	0.0061	0.0273	0.0000	0.0000	0.0000	0.0000	0.0000	0.0000	0.0000	0.0000	0.0000	0.0371	0.0621	0.0223	0.0351	0.0351	0.1594	0.0377	0.1059	0.0223	
26	52	0.1588	4	0	1	0	0	0	0	0	0	N	N	N	N	N	N	N	N	N	N	N	N	0.0000	0.0000	0.0000	0.0000	0.0000	0.0000	0.0000	0.0000	0.0000	0.0000	0.0000	0.0000	0.0000	0.0747	0.1914	0.0000	0.5265	0.5563	0.0000	0.0000	0.0000	0.0000	0.0000	0.0000	-0.0036	1.0000	3.0179	4.0000	1.1627	0.0000	0.0000	0.0000	0.0000	0.0000	0.0000	0.0000	0.0000	0.0000	0.0049	0.0049	0.0000	0.0049	0.0049	0.0000	0.0000	0.0000	0.0000	0.0620	0.0550	0.0070	0.0196	0.0186	0.0010	0.0425	0.0364	0.0061	0.0652	0.0254	0.0398	0.0092	0.0088	0.0005	0.0560	0.0167	0.0393	0.0000	0.0000	0.0000	0.0000	0.0000	0.0000	0.0000	0.0000	0.0000	0.0747	0.1914	0.0000	0.5265	0.5563	0.0000	0.0000	0.0000	0.0000						
26	54	0.1588	4	0	2	0	0	0	0	0	0	N	Y	N	N	N	N	N	N	N	N	N	N	0.0000	0.0000	0.0000	0.0000	0.0000	0.0000	0.0000	0.0000	0.0000	0.0000	0.0000	0.0000	0.0000	0.0000	0.0000	0.0000	0.0000	8.8522	0.0081	13.1925	0.0354	0.0347	0.3877	9.6751	0.0000	13.3617	3318.2000	0.0000	0.2497	1.0000	2.0683	4.0000	6.9961	0.0000	0.0000	0.0000	0.0000	0.0000	0.0000	0.0000	0.0000	0.0000	0.9958	0.0003	0.9955	0.0003	0.0003	0.0000	0.9954	0.0000	0.9954	0.0441	0.0391	0.0050	0.0146	0.0139	0.0008	0.0295	0.0253	0.0042	0.1125	0.0370	0.0755	0.0096	0.0086	0.0010	0.1029	0.0284	0.0745	0.0000	0.0000	0.0000	0.0000	0.0000	0.0000	0.0000	0.0000	0.0000	8.8522	0.0081	13.1925	0.0354	0.0347	0.0417	9.6751	0.0000	13.3617		
26	55	0.1022	3	0	1	0	0	0	0	0	0	N	N	N	N	N	N	N	N	N	N	N	N	0.0000	0.0000	0.0000	0.0000	0.0000	0.0000	0.0000	0.0000	0.0000	0.0000	0.0000	0.0000	0.0000	0.0000	0.0000	0.0000	0.0000	0.0512	0.0117	0.0711	0.0062	0.0095	0.0000	0.0592	0.4395	0.0771	12.0528	0.0000	0.0009	1.0000	3.9265	4.0000	5.0808	0.0000	0.0000	0.0000	0.0000	0.0000	0.0000	0.0000	0.0000	0.0000	0.0050	0.0004	0.0046	0.0001	0.0001	0.0000	0.0049	0.0003	0.0046	0.0756	0.0669	0.0086	0.0220	0.0209	0.0011	0.0535	0.0460	0.0075	0.0968	0.0324	0.0644	0.0145	0.0094	0.0051	0.0823	0.0229	0.0594	0.0000	0.0000	0.0000	0.0000	0.0000	0.0000	0.0000	0.0000	0.0000	0.0512	0.0117	0.0711	0.0062	0.0095	0.0000	0.0592	0.0126	0.0771		
26	57	0.2372	8	0	2	0	0	0	0	0	0	N	Y	N	N	N	N	N	N	N	N	N	N	721.0516	0.0000	inf	0.0000	0.0000	inf	inf	4.9573	0.0000	50.5824	0.0000	0.0000	0.0000	8.6270	0.0000	64.8697	0.0069	0.0156	0.0000	0.0359	0.0380	0.0000	0.0000	0.0000	0.0000	inf	0.0000	0.8001	-0.0008	1.0000	9.7645	4.0000	7.4558	0.9974	0.0000	0.9974	0.0000	0.0000	0.0000	0.9974	0.0000	0.9974	0.0010	0.0010	0.0000	0.0010	0.0010	0.0000	0.0000	0.0000	0.0000	0.2012	0.1815	0.0197	0.0856	0.0812	0.0043	0.1156	0.1002	0.0154	0.1513	0.0669	0.0844	0.0290	0.0274	0.0016	0.1223	0.0395	0.0828	721.0516	0.0000	inf	0.0000	0.0000	0.0000	inf	0.0000	inf	0.0069	0.0156	0.0000	0.0359	0.0380	0.0000	0.0000	0.0000	0.0000		
26	58	0.2929	9	0	1	1	0	0	0	0	0	N	N	N	N	N	N	N	N	N	N	N	N	0.0000	0.0000	0.0000	0.0000	0.0000	0.0000	0.0000	0.0000	0.0000	0.0000	0.0000	0.0000	0.0000	0.0000	0.0000	0.0000	0.0000	0.0000	0.0000	0.0000	1.0000	1.0009	4.0000	0.0163	0.0000	0.0000	0.0000	0.0000	0.0000	0.0000	0.0000	0.0000	0.0000	0.0000	0.0000	0.0000	0.0000	0.0000	0.0000	0.0000	0.0000	0.0000	0.0263	0.0238	0.0025	0.0159	0.0149	0.0010	0.0105	0.0089	0.0015	0.0083	0.0040	0.0043	0.0018	0.0017	0.0001	0.0065	0.0023	0.0042	0.0000	0.0000	0.0000	0.0000	0.0000	0.0000	0.0000	0.0000	0.0000	0.0000	0.0000	0.0000	0.0000	0.0000	0.0000	0.0000	0.0000	0.0000											
26	59	0.2775	8	0	1	0	0	0	0	0	0	N	N	N	N	N	N	N	N	N	N	N	N	0.0000	0.0000	0.0000	0.0000	0.0000	0.0000	0.0000	0.0000	0.0000	0.0000	0.0000	0.0000	0.0000	0.0000	0.0000	0.0000	0.0000	0.0000	0.0000	0.0000	1.0000	1.9961	4.0000	0.0521	0.0000	0.0000	0.0000	0.0000	0.0000	0.0000	0.0000	0.0000	0.0000	0.0000	0.0000	0.0000	0.0000	0.0000	0.0000	0.0000	0.0000	0.0000	0.0497	0.0448	0.0049	0.0276	0.0259	0.0017	0.0221	0.0189	0.0031	0.0168	0.0077	0.0091	0.0035	0.0033	0.0002	0.0133	0.0044	0.0089	0.0000	0.0000	0.0000	0.0000	0.0000	0.0000	0.0000	0.0000	0.0000	0.0000	0.0000	0.0000	0.0000	0.0000	0.0000	0.0000	0.0000	0.0000											
26	60	0.2697	7	0	1	0	0	0	0	0	0	N	N	N	N	N	N	N	N	N	N	N	N	0.0000	0.0000	0.0000	0.0000	0.0000	0.0000	0.0000	0.0000	0.0000	0.0000	0.0000	0.0000	0.0000	0.0000	0.0000	0.0000	0.0000	0.0000	0.0000	0.0000	1.0000	0.0081	4.0000	1.0507	0.0000	0.0000	0.0000	0.0000	0.0000	0.0000	0.0000	0.0000	0.0000	0.0000	0.0000	0.0000	0.0000	0.0000	0.0000	0.0000	0.0000	0.0000	0.0003	0.0003	0.0000	0.0002	0.0002	0.0000	0.0001	0.0001	0.0000	0.0090	0.0042	0.0049	0.0020	0.0019	0.0001	0.0071	0.0023	0.0048	0.0000	0.0000	0.0000	0.0000	0.0000	0.0000	0.0000	0.0000	0.0000	0.0000	0.0000	0.0000	0.0000	0.0000	0.0000	0.0000	0.0000	0.0000											
26	61	0.2209	6	0	1	0	0	0	0	0	0	N	N	N	N	N	N	N	N	N	N	N	N	0.0000	0.0000	0.0000	0.0000	0.0000	0.0000	0.0000	0.0000	0.0000	0.0000	0.0000	0.0000	0.0000	0.0001	0.0003	0.0000	0.0006	0.0006	0.0000	0.0000	0.0000	0.0000	0.0000	0.0000	-0.0000	1.0000	3.0167	4.0000	3.2580	0.0000	0.0000	0.0000	0.0000	0.0000	0.0000	0.0000	0.0000	0.0000	0.0000	0.0000	0.0000	0.0000	0.0000	0.0000	0.0000	0.0000	0.0000	0.0714	0.0644	0.0069	0.0331	0.0315	0.0016	0.0383	0.0329	0.0054	0.0780	0.0338	0.0441	0.0177	0.0171	0.0006	0.0603	0.0167	0.0436	0.0000	0.0000	0.0000	0.0000	0.0000	0.0000	0.0000	0.0000	0.0000	0.0001	0.0003	0.0000	0.0006	0.0006	0.0000	0.0000	0.0000	0.0000						
26	62	0.1461	5	0	2	0	0	0	0	0	0	N	Y	N	N	N	N	N	N	N	N	N	N	0.0000	0.0000	0.0000	0.0000	0.0000	0.0000	0.0000	0.0000	0.0000	0.0000	0.0000	0.0000	0.0000	0.0012	0.0030	0.0000	0.0045	0.0056	0.0000	0.0000	0.0000	0.0000	0.0000	0.0000	-0.0001	1.0000	3.3327	4.0000	4.3103	0.0000	0.0000	0.0000	0.0000	0.0000	0.0000	0.0000	0.0000	0.0000	0.0001	0.0001	0.0000	0.0001	0.0001	0.0000	0.0000	0.0000	0.0000	0.1068	0.0966	0.0102	0.0621	0.0586	0.0036	0.0447	0.0380	0.0066	0.0886	0.0361	0.0525	0.0244	0.0198	0.0046	0.0643	0.0163	0.0479	0.0000	0.0000	0.0000	0.0000	0.0000	0.0000	0.0000	0.0000	0.0000	0.0012	0.0030	0.0000	0.0045	0.0056	0.0000	0.0000	0.0000	0.0000						
26	63	0.1221	4	0	1	0	0	0	0	0	0	N	N	N	N	N	N	N	N	N	N	N	N	0.0000	0.0000	0.0000	0.0000	0.0000	0.0000	0.0000	0.0000	0.0000	0.0000	0.0000	0.0000	0.0000	0.0000	0.0000	0.0017	0.0039	0.0003	0.0000	0.0000	0.0000	0.0023	0.2717	0.0003	0.1000	0.0000	-0.0001	1.0000	3.2669	4.0000	2.4507	0.0000	0.0000	0.0000	0.0000	0.0000	0.0000	0.0000	0.0000	0.0000	0.0001	0.0001	0.0000	0.0000	0.0000	0.0000	0.0001	0.0001	0.0000	0.1114	0.1015	0.0099	0.0634	0.0603	0.0031	0.0479	0.0412	0.0067	0.0648	0.0259	0.0389	0.0161	0.0125	0.0036	0.0487	0.0134	0.0353	0.0000	0.0000	0.0000	0.0000	0.0000	0.0000	0.0000	0.0000	0.0000	0.0017	0.0039	0.0003	0.0000	0.0000	0.0000	0.0023	0.0075	0.0003				
26	64	0.0656	4	1	1	1	0	0	0	0	0	N	N	N	N	N	N	N	N	N	N	N	N	0.0000	0.0000	0.0000	0.0000	0.0000	0.0000	0.0000	0.0000	0.0000	0.0000	0.0000	0.0000	0.0000	0.0000	0.0000	0.0000	0.0000	0.0000	0.0000	0.0000	1.0000	0.0000	4.0000	1.0000	0.0000	0.0000	0.0000	0.0000	0.0000	0.0000	0.0000	0.0000	0.0000	0.0000	0.0000	0.0000	0.0000	0.0000	0.0000	0.0000	0.0000	0.0000	0.0000	0.0000	0.0000	0.0000	0.0000	0.0000	0.0000	0.0000	0.0000	0.0135	0.0032	0.0103	0.0000	0.0000	0.0000	0.0135	0.0032	0.0103	0.0000	0.0000	0.0000	0.0000	0.0000	0.0000	0.0000	0.0000	0.0000	0.0000	0.0000	0.0000	0.0000	0.0000	0.0000	0.0000	0.0000	0.0000											
26	65	0.0656	3	1	1	1	0	0	0	0	0	N	N	N	N	N	N	N	N	N	N	N	N	0.0000	0.0000	0.0000	0.0000	0.0000	0.0000	0.0000	0.0000	0.0000	0.0000	0.0000	0.0000	0.0000	0.0000	0.0000	0.0000	0.0000	0.0000	0.0000	0.0000	1.0000	0.0000	4.0000	0.0001	0.0000	0.0000	0.0000	0.0000	0.0000	0.0000	0.0000	0.0000	0.0000	0.0000	0.0000	0.0000	0.0000	0.0000	0.0000	0.0000	0.0000	0.0000	0.0000	0.0000	0.0000	0.0000	0.0000	0.0000	0.0000	0.0000	0.0000	0.0000	0.0000	0.0000	0.0000	0.0000	0.0000	0.0000	0.0000	0.0000	0.0000	0.0000	0.0000	0.0000	0.0000	0.0000	0.0000	0.0000	0.0000	0.0000	0.0000	0.0000	0.0000	0.0000	0.0000	0.0000	0.0000	0.0000											
26	66	0.0533	2	1	1	1	0	0	0	0	0	N	N	N	N	N	N	N	N	N	N	N	N	0.0000	0.0000	0.0000	0.0000	0.0000	0.0000	0.0000	0.0000	0.0000	0.0000	0.0000	0.0000	0.0000	0.0000	0.0000	0.0000	0.0000	0.0000	0.0000	0.0000	1.0000	1.9720	4.0000	0.0923	0.0000	0.0000	0.0000	0.0000	0.0000	0.0000	0.0000	0.0000	0.0000	0.0000	0.0000	0.0000	0.0000	0.0000	0.0000	0.0000	0.0000	0.0000	0.0365	0.0315	0.0050	0.0049	0.0046	0.0003	0.0316	0.0269	0.0047	0.0359	0.0110	0.0249	0.0045	0.0045	0.0000	0.0314	0.0065	0.0249	0.0000	0.0000	0.0000	0.0000	0.0000	0.0000	0.0000	0.0000	0.0000	0.0000	0.0000	0.0000	0.0000	0.0000	0.0000	0.0000	0.0000	0.0000											
26	68	0.1797	5	0	2	0	1	0	0	0	0	N	Y	N	N	N	N	N	N	N	N	N	N	0.0000	0.0000	0.0000	0.0000	0.0000	0.0000	0.0000	0.0000	0.0000	0.0000	0.0000	0.0000	0.0000	0.0018	0.0049	0.0000	0.0156	0.0161	0.0000	0.0000	0.0000	0.0000	0.0000	0.0000	-0.0001	1.0000	2.7513	4.0000	4.0954	0.0000	0.0000	0.0000	0.0000	0.0000	0.0000	0.0000	0.0000	0.0000	0.0001	0.0001	0.0000	0.0001	0.0001	0.0000	0.0000	0.0000	0.0000	0.0693	0.0627	0.0066	0.0349	0.0331	0.0018	0.0344	0.0296	0.0048	0.0797	0.0289	0.0508	0.0090	0.0087	0.0003	0.0707	0.0201	0.0505	0.0000	0.0000	0.0000	0.0000	0.0000	0.0000	0.0000	0.0000	0.0000	0.0018	0.0049	0.0000	0.0156	0.0161	0.0000	0.0000	0.0000	0.0000						
26	69	0.1022	3	0	2	0	0	0	0	0	0	N	Y	N	N	N	N	N	N	N	N	N	N	0.0000	0.0000	0.0000	0.0000	0.0000	0.0000	0.0000	0.0000	0.0000	0.0000	0.0000	0.0000	0.0000	5.7443	17.0612	0.0000	0.0000	0.0000	0.0000	6.6873	23.2479	0.0000	0.0000	0.0000	-0.7489	1.0000	9.9334	4.0000	8.9999	0.0000	0.0000	0.0000	0.0000	0.0000	0.0000	0.0000	0.0000	0.0000	0.9999	0.9999	0.0000	0.0000	0.0000	0.0000	0.9999	0.9999	0.0000	0.1681	0.1486	0.0195	0.0418	0.0395	0.0024	0.1263	0.1092	0.0171	0.1741	0.0586	0.1155	0.0245	0.0156	0.0089	0.1495	0.0430	0.1065	0.0000	0.0000	0.0000	0.0000	0.0000	0.0000	0.0000	0.0000	0.0000	5.7443	17.0612	0.0000	0.0000	0.0000	0.0000	6.6873	23.2479	0.0000						
26	70	0.1022	3	0	2	0	0	0	0	0	0	N	Y	N	N	N	N	N	N	N	N	N	N	0.0000	0.0000	0.0000	0.0000	0.0000	0.0000	0.0000	0.0000	0.0000	0.0000	0.0000	0.0000	0.0000	0.0019	0.0057	0.0000	0.0123	0.0187	0.0000	0.0000	0.0000	0.0000	0.0000	0.0000	-0.0001	1.0000	0.0666	4.0000	4.0001	0.0000	0.0000	0.0000	0.0000	0.0000	0.0000	0.0000	0.0000	0.0000	0.0001	0.0001	0.0000	0.0001	0.0001	0.0000	0.0000	0.0000	0.0000	0.0066	0.0064	0.0002	0.0056	0.0056	0.0001	0.0010	0.0008	0.0001	0.0474	0.0158	0.0316	0.0073	0.0048	0.0025	0.0401	0.0110	0.0291	0.0000	0.0000	0.0000	0.0000	0.0000	0.0000	0.0000	0.0000	0.0000	0.0019	0.0057	0.0000	0.0123	0.0187	0.0000	0.0000	0.0000	0.0000						
26	74	0.1221	4	0	2	0	0	0	0	0	0	N	Y	N	N	N	N	N	N	N	N	N	N	0.0000	0.0000	0.0000	0.0000	0.0000	0.0000	0.0000	0.0000	0.0000	0.0000	0.0000	0.0000	0.0000	0.0000	0.0000	0.0000	0.0000	0.0000	0.0000	0.0000	1.0000	1.8678	4.0000	4.6278	0.0000	0.0000	0.0000	0.0000	0.0000	0.0000	0.0000	0.0000	0.0000	0.0000	0.0000	0.0000	0.0000	0.0000	0.0000	0.0000	0.0000	0.0000	0.0877	0.0806	0.0071	0.0566	0.0539	0.0027	0.0311	0.0267	0.0044	0.0713	0.0281	0.0432	0.0172	0.0132	0.0040	0.0541	0.0149	0.0392	0.0000	0.0000	0.0000	0.0000	0.0000	0.0000	0.0000	0.0000	0.0000	0.0000	0.0000	0.0000	0.0000	0.0000	0.0000	0.0000	0.0000	0.0000											
26	75	0.1022	3	0	1	0	0	0	0	0	0	N	N	N	N	N	N	N	N	N	N	N	N	0.0000	0.0000	0.0000	0.0000	0.0000	0.0000	0.0000	0.0000	0.0000	0.0000	0.0000	0.0000	0.0000	0.0015	0.0044	0.0000	0.0097	0.0148	0.0000	0.0000	0.0000	0.0000	0.0000	0.0000	-0.0001	1.0000	4.7010	4.0000	0.6064	0.0000	0.0000	0.0000	0.0000	0.0000	0.0000	0.0000	0.0000	0.0000	0.0001	0.0001	0.0000	0.0001	0.0001	0.0000	0.0000	0.0000	0.0000	0.0884	0.0782	0.0102	0.0249	0.0236	0.0013	0.0635	0.0546	0.0089	0.0606	0.0202	0.0404	0.0093	0.0061	0.0032	0.0513	0.0141	0.0372	0.0000	0.0000	0.0000	0.0000	0.0000	0.0000	0.0000	0.0000	0.0000	0.0015	0.0044	0.0000	0.0097	0.0148	0.0000	0.0000	0.0000	0.0000						
26	78	0.2258	7	1	2	0	1	0	0	0	0	N	Y	N	N	N	N	N	N	N	N	N	N	0.0000	0.0000	0.0000	0.0000	0.0000	0.0000	0.0000	0.0000	0.0000	0.0000	0.0000	0.0000	0.0000	0.0003	0.0010	0.0000	0.0035	0.0056	0.0000	0.0000	0.0000	0.0000	0.0000	0.0000	-0.0000	1.0000	1.0000	4.0000	2.0144	0.0000	0.0000	0.0000	0.0000	0.0000	0.0000	0.0000	0.0000	0.0000	0.0000	0.0000	0.0000	0.0000	0.0000	0.0000	0.0000	0.0000	0.0000	0.0209	0.0186	0.0022	0.0081	0.0077	0.0004	0.0128	0.0110	0.0018	0.0326	0.0100	0.0226	0.0029	0.0018	0.0011	0.0297	0.0082	0.0215	0.0000	0.0000	0.0000	0.0000	0.0000	0.0000	0.0000	0.0000	0.0000	0.0003	0.0010	0.0000	0.0035	0.0056	0.0000	0.0000	0.0000	0.0000						
26	79	0.2035	6	1	2	0	1	0	0	0	0	N	Y	N	N	N	N	N	N	N	N	N	N	0.0000	0.0000	0.0000	0.0000	0.0000	0.0000	0.0000	0.0000	0.0000	0.0000	0.0000	0.0000	0.0000	0.0003	0.0010	0.0000	0.0000	0.0000	0.0000	0.0003	0.0447	0.0000	0.0000	0.0000	-0.0000	1.0000	0.0001	4.0000	3.0180	0.0000	0.0000	0.0000	0.0000	0.0000	0.0000	0.0000	0.0000	0.0000	0.0000	0.0000	0.0000	0.0000	0.0000	0.0000	0.0000	0.0000	0.0000	0.0000	0.0000	0.0000	0.0000	0.0000	0.0000	0.0000	0.0000	0.0000	0.0323	0.0098	0.0226	0.0026	0.0016	0.0010	0.0297	0.0082	0.0215	0.0000	0.0000	0.0000	0.0000	0.0000	0.0000	0.0000	0.0000	0.0000	0.0003	0.0010	0.0000	0.0000	0.0000	0.0000	0.0003	0.0012	0.0000						
26	80	0.2255	8	0	2	0	1	0	0	0	0	N	Y	N	N	N	N	N	N	N	N	N	N	0.0000	0.0000	0.0000	0.0000	0.0000	0.0000	0.0000	0.0000	0.0000	0.0000	0.0000	0.0000	0.0000	0.0000	0.0000	0.0000	0.0000	0.0000	0.0000	0.0000	1.0000	0.0000	4.0000	0.0000	0.0000	0.0000	0.0000	0.0000	0.0000	0.0000	0.0000	0.0000	0.0000	0.0000	0.0000	0.0000	0.0000	0.0000	0.0000	0.0000	0.0000	0.0000	0.0000	0.0000	0.0000	0.0000	0.0000	0.0000	0.0000	0.0000	0.0000	0.0000	0.0000	0.0000	0.0000	0.0000	0.0000	0.0000	0.0000	0.0000	0.0000	0.0000	0.0000	0.0000	0.0000	0.0000	0.0000	0.0000	0.0000	0.0000	0.0000	0.0000	0.0000	0.0000	0.0000	0.0000	0.0000	0.0000											
26	81	0.2035	6	0	1	1	1	0	0	0	0	N	N	N	N	N	N	N	N	N	N	N	N	0.0000	0.0000	0.0000	0.0000	0.0000	0.0000	0.0000	0.0000	0.0000	0.0000	0.0000	0.0000	0.0000	0.0000	0.0000	0.0000	0.0000	0.0000	0.0000	0.0000	1.0000	2.0000	4.0000	0.0000	0.0000	0.0000	0.0000	0.0000	0.0000	0.0000	0.0000	0.0000	0.0000	0.0000	0.0000	0.0000	0.0000	0.0000	0.0000	0.0000	0.0000	0.0000	0.0410	0.0366	0.0044	0.0157	0.0148	0.0008	0.0253	0.0217	0.0036	0.0218	0.0066	0.0152	0.0018	0.0011	0.0007	0.0200	0.0055	0.0145	0.0000	0.0000	0.0000	0.0000	0.0000	0.0000	0.0000	0.0000	0.0000	0.0000	0.0000	0.0000	0.0000	0.0000	0.0000	0.0000	0.0000	0.0000											
26	82	0.2035	6	0	1	1	1	0	0	0	0	N	N	N	N	N	N	N	N	N	N	N	N	0.0000	0.0000	0.0000	0.0000	0.0000	0.0000	0.0000	0.0000	0.0000	0.0000	0.0000	0.0000	0.0000	23.6905	78.1849	0.0000	0.0000	0.0000	0.0000	25.7637	93.0331	0.0000	0.0000	0.0000	-0.7489	1.0000	0.0000	4.0000	4.0000	0.0000	0.0000	0.0000	0.0000	0.0000	0.0000	0.0000	0.0000	0.0000	1.0000	1.0000	0.0000	0.0000	0.0000	0.0000	1.0000	1.0000	0.0000	0.0000	0.0000	0.0000	0.0000	0.0000	0.0000	0.0000	0.0000	0.0000	0.0422	0.0128	0.0294	0.0034	0.0020	0.0014	0.0388	0.0107	0.0281	0.0000	0.0000	0.0000	0.0000	0.0000	0.0000	0.0000	0.0000	0.0000	23.6905	78.1849	0.0000	0.0000	0.0000	0.0000	25.7637	93.0331	0.0000						
26	83	0.2255	8	0	1	1	1	0	0	0	0	N	N	N	N	N	N	N	N	N	N	N	N	0.0000	0.0000	0.0000	0.0000	0.0000	0.0000	0.0000	0.0000	0.0000	0.0000	0.0000	0.0000	0.0000	0.0000	0.0000	0.0000	0.0000	0.0000	0.0000	0.0000	1.0000	0.0000	4.0000	2.0000	0.0000	0.0000	0.0000	0.0000	0.0000	0.0000	0.0000	0.0000	0.0000	0.0000	0.0000	0.0000	0.0000	0.0000	0.0000	0.0000	0.0000	0.0000	0.0000	0.0000	0.0000	0.0000	0.0000	0.0000	0.0000	0.0000	0.0000	0.0216	0.0063	0.0153	0.0015	0.0008	0.0007	0.0200	0.0055	0.0145	0.0000	0.0000	0.0000	0.0000	0.0000	0.0000	0.0000	0.0000	0.0000	0.0000	0.0000	0.0000	0.0000	0.0000	0.0000	0.0000	0.0000	0.0000											
26	84	0.2182	7	0	1	0	1	0	0	0	0	N	N	N	N	N	N	N	N	N	N	N	N	0.0000	0.0000	0.0000	0.0000	0.0000	0.0000	0.0000	0.0000	0.0000	0.0000	0.0000	0.0000	0.0000	0.0000	0.0000	0.0000	0.0000	0.0000	0.0000	0.0000	1.0000	1.0000	4.0000	0.0015	0.0000	0.0000	0.0000	0.0000	0.0000	0.0000	0.0000	0.0000	0.0000	0.0000	0.0000	0.0000	0.0000	0.0000	0.0000	0.0000	0.0000	0.0000	0.0209	0.0186	0.0022	0.0081	0.0077	0.0004	0.0128	0.0110	0.0018	0.0112	0.0033	0.0079	0.0010	0.0006	0.0004	0.0103	0.0028	0.0075	0.0000	0.0000	0.0000	0.0000	0.0000	0.0000	0.0000	0.0000	0.0000	0.0000	0.0000	0.0000	0.0000	0.0000	0.0000	0.0000	0.0000	0.0000											
26	85	0.2035	6	0	1	0	1	0	0	0	0	N	N	N	N	N	N	N	N	N	N	N	N	0.0000	0.0000	0.0000	0.0000	0.0000	0.0000	0.0000	0.0000	0.0000	0.0000	0.0000	0.0000	0.0000	0.0000	0.0000	0.0000	0.0000	0.0000	0.0000	0.0000	1.0000	0.0000	4.0000	2.0013	0.0000	0.0000	0.0000	0.0000	0.0000	0.0000	0.0000	0.0000	0.0000	0.0000	0.0000	0.0000	0.0000	0.0000	0.0000	0.0000	0.0000	0.0000	0.0000	0.0000	0.0000	0.0000	0.0000	0.0000	0.0000	0.0000	0.0000	0.0218	0.0066	0.0152	0.0018	0.0011	0.0007	0.0200	0.0055	0.0145	0.0000	0.0000	0.0000	0.0000	0.0000	0.0000	0.0000	0.0000	0.0000	0.0000	0.0000	0.0000	0.0000	0.0000	0.0000	0.0000	0.0000	0.0000											
26	86	0.2434	6	1	2	0	0	0	0	0	0	N	Y	N	N	N	N	N	N	N	N	N	N	0.0000	0.0000	0.0000	0.0000	0.0000	0.0000	0.0000	0.0000	0.0000	0.0000	0.0000	0.0000	0.0000	0.0000	0.0000	0.0000	0.0000	0.0000	0.0000	0.0000	1.0000	0.0007	4.0000	0.9812	0.0000	0.0000	0.0000	0.0000	0.0000	0.0000	0.0000	0.0000	0.0000	0.0000	0.0000	0.0000	0.0000	0.0000	0.0000	0.0000	0.0000	0.0000	0.0000	0.0000	0.0000	0.0000	0.0000	0.0000	0.0000	0.0000	0.0000	0.0249	0.0121	0.0128	0.0081	0.0077	0.0004	0.0168	0.0044	0.0124	0.0000	0.0000	0.0000	0.0000	0.0000	0.0000	0.0000	0.0000	0.0000	0.0000	0.0000	0.0000	0.0000	0.0000	0.0000	0.0000	0.0000	0.0000											
26	87	0.1876	5	1	2	0	0	0	0	0	0	N	Y	N	N	N	N	N	N	N	N	N	N	0.0000	0.0000	0.0000	0.0000	0.0000	0.0000	0.0000	0.0000	0.0000	0.0000	0.0000	0.0000	0.0000	0.0001	0.0004	0.0000	0.0016	0.0025	0.0000	0.0000	0.0000	0.0000	0.0000	0.0000	-0.0000	1.0000	5.0272	4.0000	2.1572	0.0000	0.0000	0.0000	0.0000	0.0000	0.0000	0.0000	0.0000	0.0000	0.0000	0.0000	0.0000	0.0000	0.0000	0.0000	0.0000	0.0000	0.0000	0.1019	0.0913	0.0106	0.0400	0.0381	0.0019	0.0619	0.0532	0.0086	0.0733	0.0228	0.0504	0.0063	0.0040	0.0023	0.0670	0.0188	0.0481	0.0000	0.0000	0.0000	0.0000	0.0000	0.0000	0.0000	0.0000	0.0000	0.0001	0.0004	0.0000	0.0016	0.0025	0.0000	0.0000	0.0000	0.0000						
26	88	0.2409	7	0	2	0	0	0	0	0	0	N	Y	N	N	N	N	N	N	N	N	N	N	0.0000	0.0000	0.0000	0.0000	0.0000	0.0000	0.0000	0.0000	0.0000	0.0000	0.0000	0.0000	0.0000	0.0000	0.0000	0.0000	0.0000	0.0000	0.0000	0.0000	1.0000	0.0000	4.0000	4.0000	0.0000	0.0000	0.0000	0.0000	0.0000	0.0000	0.0000	0.0000	0.0000	0.0000	0.0000	0.0000	0.0000	0.0000	0.0000	0.0000	0.0000	0.0000	0.0000	0.0000	0.0000	0.0000	0.0000	0.0000	0.0000	0.0000	0.0000	0.0424	0.0133	0.0292	0.0046	0.0031	0.0015	0.0378	0.0102	0.0277	0.0000	0.0000	0.0000	0.0000	0.0000	0.0000	0.0000	0.0000	0.0000	0.0000	0.0000	0.0000	0.0000	0.0000	0.0000	0.0000	0.0000	0.0000											
26	89	0.2035	6	0	2	0	0	0	0	0	0	N	Y	N	N	N	N	N	N	N	N	N	N	0.0000	0.0000	0.0000	0.0000	0.0000	0.0000	0.0000	0.0000	0.0000	0.0000	0.0000	0.0000	0.0000	0.0000	0.0000	0.0000	0.0000	0.0000	0.0000	0.0000	1.0000	3.0000	4.0000	2.0000	0.0000	0.0000	0.0000	0.0000	0.0000	0.0000	0.0000	0.0000	0.0000	0.0000	0.0000	0.0000	0.0000	0.0000	0.0000	0.0000	0.0000	0.0000	0.0602	0.0538	0.0065	0.0227	0.0215	0.0012	0.0375	0.0322	0.0053	0.0519	0.0158	0.0362	0.0042	0.0025	0.0017	0.0478	0.0133	0.0345	0.0000	0.0000	0.0000	0.0000	0.0000	0.0000	0.0000	0.0000	0.0000	0.0000	0.0000	0.0000	0.0000	0.0000	0.0000	0.0000	0.0000	0.0000											
26	90	0.2035	6	1	2	0	0	0	0	0	0	N	Y	N	N	N	N	N	N	N	N	N	N	0.0000	0.0000	0.0000	0.0000	0.0000	0.0000	0.0000	0.0000	0.0000	0.0000	0.0000	0.0000	0.0000	0.0000	0.0000	0.0000	0.0000	0.0000	0.0000	0.0000	1.0000	2.0000	4.0000	3.0000	0.0000	0.0000	0.0000	0.0000	0.0000	0.0000	0.0000	0.0000	0.0000	0.0000	0.0000	0.0000	0.0000	0.0000	0.0000	0.0000	0.0000	0.0000	0.0410	0.0366	0.0044	0.0157	0.0148	0.0008	0.0253	0.0217	0.0036	0.0519	0.0158	0.0362	0.0042	0.0025	0.0017	0.0478	0.0133	0.0345	0.0000	0.0000	0.0000	0.0000	0.0000	0.0000	0.0000	0.0000	0.0000	0.0000	0.0000	0.0000	0.0000	0.0000	0.0000	0.0000	0.0000	0.0000											
26	91	0.1876	5	0	1	0	0	0	0	0	0	N	N	N	N	N	N	N	N	N	N	N	N	0.0000	0.0000	0.0000	0.0000	0.0000	0.0000	0.0000	0.0000	0.0000	0.0000	0.0000	0.0000	0.0000	0.0125	0.0391	0.0000	0.1242	0.1793	0.0000	0.0000	0.0000	0.0000	0.0000	0.0000	-0.0002	1.0000	2.0705	4.0000	0.0351	0.0000	0.0000	0.0000	0.0000	0.0000	0.0000	0.0000	0.0000	0.0000	0.0003	0.0003	0.0000	0.0003	0.0003	0.0000	0.0000	0.0000	0.0000	0.0478	0.0431	0.0047	0.0213	0.0204	0.0009	0.0265	0.0227	0.0038	0.0241	0.0077	0.0164	0.0024	0.0017	0.0007	0.0216	0.0060	0.0156	0.0000	0.0000	0.0000	0.0000	0.0000	0.0000	0.0000	0.0000	0.0000	0.0125	0.0391	0.0000	0.1242	0.1793	0.0000	0.0000	0.0000	0.0000						
26	92	0.1622	4	0	1	0	0	0	0	0	0	N	N	N	N	N	N	N	N	N	N	N	N	0.0000	0.0000	0.0000	0.0000	0.0000	0.0000	0.0000	0.0000	0.0000	0.0000	0.0000	0.0000	0.0000	0.0000	0.0000	0.0000	0.0000	0.0000	0.0095	0.0253	0.0007	0.0192	0.0242	0.0000	0.0080	0.6057	0.0007	0.0513	0.0000	-0.0003	1.0000	3.4249	4.0000	0.1413	0.0000	0.0000	0.0000	0.0000	0.0000	0.0000	0.0000	0.0000	0.0000	0.0004	0.0004	0.0000	0.0001	0.0001	0.0000	0.0003	0.0003	0.0000	0.0928	0.0843	0.0085	0.0486	0.0462	0.0024	0.0442	0.0381	0.0061	0.0433	0.0154	0.0279	0.0057	0.0045	0.0012	0.0376	0.0109	0.0267	0.0000	0.0000	0.0000	0.0000	0.0000	0.0000	0.0000	0.0000	0.0000	0.0095	0.0253	0.0007	0.0192	0.0242	0.0000	0.0080	0.0257	0.0007	
26	98	0.2991	9	0	1	0	0	0	0	0	0	N	N	N	N	N	N	N	N	N	N	N	N	0.1389	0.0842	0.0836	0.0838	0.0121	0.0133	0.0000	0.0223	0.0236	0.0000	0.0000	0.0000	0.0000	0.0868	0.1574	0.0000	0.2663	0.2823	0.0000	0.0000	0.0000	0.0000	0.0000	0.0000	-0.0003	-0.0121	1.0000	4.9999	4.0000	9.0821	0.0017	0.0017	0.0000	0.0017	0.0017	0.0000	0.0000	0.0000	0.0000	0.0161	0.0161	0.0000	0.0161	0.0161	0.0000	0.0000	0.0000	0.0000	0.1409	0.1282	0.0127	0.0763	0.0719	0.0044	0.0646	0.0564	0.0082	0.1859	0.1025	0.0833	0.0606	0.0572	0.0034	0.1253	0.0454	0.0799	0.1389	0.0842	0.0000	0.0836	0.0838	0.0000	0.0000	0.0000	0.0000	0.0868	0.1574	0.0000	0.2663	0.2823	0.0000	0.0000	0.0000	0.0000					
27	28	0.0871	3	0	2	1	1	0	0	0	0	N	Y	N	N	N	N	N	N	N	N	N	N	0.0000	0.0000	0.0000	0.0000	0.0000	0.0000	0.0000	0.0000	0.0000	0.0000	0.0000	0.0000	0.0000	0.0000	0.0000	0.0000	0.0000	0.0000	0.0000	0.0000	1.0000	3.9334	2.0000	8.9999	0.0000	0.0000	0.0000	0.0000	0.0000	0.0000	0.0000	0.0000	0.0000	0.0000	0.0000	0.0000	0.0000	0.0000	0.0000	0.0000	0.0000	0.0000	0.0757	0.0670	0.0087	0.0221	0.0209	0.0011	0.0536	0.0461	0.0075	0.0808	0.0270	0.0537	0.0119	0.0077	0.0041	0.0689	0.0193	0.0496	0.0000	0.0000	0.0000	0.0000	0.0000	0.0000	0.0000	0.0000	0.0000	0.0000	0.0000	0.0000	0.0000	0.0000	0.0000	0.0000	0.0000	0.0000											
27	29	0.0476	3	0	2	0	0	0	0	0	0	N	Y	N	N	N	N	N	N	N	N	N	N	0.0000	0.0000	0.0000	0.0000	0.0000	0.0000	0.0000	0.0000	0.0000	0.0000	0.0000	0.0000	0.0000	0.3390	1.1357	0.0000	4.9231	4.9307	0.0000	0.0000	0.0000	0.0000	0.0000	0.0000	-0.0187	1.0000	7.9836	2.0000	2.1583	0.0000	0.0000	0.0000	0.0000	0.0000	0.0000	0.0000	0.0000	0.0000	0.0250	0.0250	0.0000	0.0250	0.0250	0.0000	0.0000	0.0000	0.0000	0.1580	0.1407	0.0172	0.0373	0.0355	0.0018	0.1207	0.1052	0.0155	0.0738	0.0220	0.0518	0.0051	0.0051	0.0000	0.0688	0.0170	0.0518	0.0000	0.0000	0.0000	0.0000	0.0000	0.0000	0.0000	0.0000	0.0000	0.3390	1.1357	0.0000	4.9231	4.9307	0.0000	0.0000	0.0000	0.0000						
27	30	0.0871	3	1	2	0	0	0	0	0	0	N	Y	N	N	N	N	N	N	N	N	N	N	0.0000	0.0000	0.0000	0.0000	0.0000	0.0000	0.0000	0.0000	0.0000	0.0000	0.0000	0.0000	0.0000	0.0000	0.0000	0.0000	0.0000	0.0000	0.0000	0.0000	1.0000	9.9334	2.0000	11.0001	0.0000	0.0000	0.0000	0.0000	0.0000	0.0000	0.0000	0.0000	0.0000	0.0000	0.0000	0.0000	0.0000	0.0000	0.0000	0.0000	0.0000	0.0000	0.1681	0.1486	0.0195	0.0418	0.0395	0.0024	0.1263	0.1092	0.0171	0.1154	0.0389	0.0766	0.0161	0.0103	0.0058	0.0993	0.0286	0.0707	0.0000	0.0000	0.0000	0.0000	0.0000	0.0000	0.0000	0.0000	0.0000	0.0000	0.0000	0.0000	0.0000	0.0000	0.0000	0.0000	0.0000	0.0000											
27	31	0.0871	3	0	1	1	0	0	0	0	0	N	N	N	N	N	N	N	N	N	N	N	N	0.0000	0.0000	0.0000	0.0000	0.0000	0.0000	0.0000	0.0000	0.0000	0.0000	0.0000	0.0000	0.0000	0.0000	0.0000	0.0000	0.0000	0.0000	0.0000	0.0000	1.0000	2.9334	2.0000	4.9999	0.0000	0.0000	0.0000	0.0000	0.0000	0.0000	0.0000	0.0000	0.0000	0.0000	0.0000	0.0000	0.0000	0.0000	0.0000	0.0000	0.0000	0.0000	0.0586	0.0520	0.0066	0.0181	0.0173	0.0009	0.0405	0.0347	0.0057	0.0537	0.0179	0.0358	0.0081	0.0054	0.0028	0.0456	0.0126	0.0330	0.0000	0.0000	0.0000	0.0000	0.0000	0.0000	0.0000	0.0000	0.0000	0.0000	0.0000	0.0000	0.0000	0.0000	0.0000	0.0000	0.0000	0.0000											
27	32	0.0871	3	0	2	0	0	0	0	0	0	N	Y	N	N	N	N	N	N	N	N	N	N	0.0000	0.0000	0.0000	0.0000	0.0000	0.0000	0.0000	0.0000	0.0000	0.0000	0.0000	0.0000	0.0000	20.5917	0.0000	30.9030	0.0000	0.0000	0.0000	24.2849	0.0000	33.4928	inf	0.0000	0.2511	1.0000	3.0666	2.0000	3.9999	0.0000	0.0000	0.0000	0.0000	0.0000	0.0000	0.0000	0.0000	0.0000	1.0000	0.0000	1.0000	0.0000	0.0000	0.0000	1.0000	0.0000	1.0000	0.0609	0.0540	0.0069	0.0187	0.0178	0.0009	0.0422	0.0363	0.0060	0.0486	0.0162	0.0324	0.0074	0.0049	0.0025	0.0412	0.0113	0.0299	0.0000	0.0000	0.0000	0.0000	0.0000	0.0000	0.0000	0.0000	0.0000	20.5917	0.0000	30.9030	0.0000	0.0000	0.0000	24.2849	0.0000	33.4928						
27	33	0.0345	2	1	1	1	0	0	0	0	0	N	N	N	N	N	N	N	N	N	N	N	N	0.0000	0.0000	0.0000	0.0000	0.0000	0.0000	0.0000	0.0000	0.0000	0.0000	0.0000	0.0000	0.0000	0.0010	0.0034	0.0000	0.0101	0.0125	0.0000	0.0000	0.0000	0.0000	0.0000	0.0000	-0.0000	1.0000	0.9991	2.0000	2.0219	0.0000	0.0000	0.0000	0.0000	0.0000	0.0000	0.0000	0.0000	0.0000	0.0000	0.0000	0.0000	0.0000	0.0000	0.0000	0.0000	0.0000	0.0000	0.0177	0.0150	0.0026	0.0000	0.0000	0.0000	0.0176	0.0150	0.0026	0.0296	0.0087	0.0208	0.0030	0.0024	0.0006	0.0266	0.0063	0.0202	0.0000	0.0000	0.0000	0.0000	0.0000	0.0000	0.0000	0.0000	0.0000	0.0010	0.0034	0.0000	0.0101	0.0125	0.0000	0.0000	0.0000	0.0000						
27	34	0.0871	3	0	2	0	0	0	0	0	0	N	Y	N	N	N	N	N	N	N	N	N	N	0.0000	0.0000	0.0000	0.0000	0.0000	0.0000	0.0000	0.0000	0.0000	0.0000	0.0000	0.0000	0.0000	0.0000	0.0000	0.0000	0.0000	0.0000	0.0000	0.0000	1.0000	4.9334	2.0000	5.0001	0.0000	0.0000	0.0000	0.0000	0.0000	0.0000	0.0000	0.0000	0.0000	0.0000	0.0000	0.0000	0.0000	0.0000	0.0000	0.0000	0.0000	0.0000	0.0922	0.0816	0.0106	0.0258	0.0244	0.0014	0.0664	0.0572	0.0093	0.0651	0.0218	0.0434	0.0097	0.0064	0.0033	0.0554	0.0154	0.0400	0.0000	0.0000	0.0000	0.0000	0.0000	0.0000	0.0000	0.0000	0.0000	0.0000	0.0000	0.0000	0.0000	0.0000	0.0000	0.0000	0.0000	0.0000											
27	35	0.0345	2	1	1	1	0	0	0	0	0	N	N	N	N	N	N	N	N	N	N	N	N	0.0000	0.0000	0.0000	0.0000	0.0000	0.0000	0.0000	0.0000	0.0000	0.0000	0.0000	0.0000	0.0000	0.0014	0.0045	0.0000	0.0111	0.0130	0.0000	0.0000	0.0000	0.0000	0.0000	0.0000	-0.0000	1.0000	0.0009	2.0000	1.9867	0.0000	0.0000	0.0000	0.0000	0.0000	0.0000	0.0000	0.0000	0.0000	0.0000	0.0000	0.0000	0.0000	0.0000	0.0000	0.0000	0.0000	0.0000	0.0000	0.0000	0.0000	0.0000	0.0000	0.0000	0.0000	0.0000	0.0000	0.0212	0.0067	0.0145	0.0027	0.0023	0.0004	0.0185	0.0044	0.0141	0.0000	0.0000	0.0000	0.0000	0.0000	0.0000	0.0000	0.0000	0.0000	0.0014	0.0045	0.0000	0.0111	0.0130	0.0000	0.0000	0.0000	0.0000						
27	38	0.0871	3	0	1	1	0	0	0	0	0	N	N	N	N	N	N	N	N	N	N	N	N	0.0000	0.0000	0.0000	0.0000	0.0000	0.0000	0.0000	0.0000	0.0000	0.0000	0.0000	0.0000	0.0000	0.0000	0.0000	0.0000	0.0000	0.0000	0.0000	0.0000	1.0000	3.0666	2.0000	2.9999	0.0000	0.0000	0.0000	0.0000	0.0000	0.0000	0.0000	0.0000	0.0000	0.0000	0.0000	0.0000	0.0000	0.0000	0.0000	0.0000	0.0000	0.0000	0.0609	0.0540	0.0069	0.0187	0.0178	0.0009	0.0422	0.0363	0.0060	0.0424	0.0141	0.0283	0.0065	0.0043	0.0022	0.0359	0.0098	0.0261	0.0000	0.0000	0.0000	0.0000	0.0000	0.0000	0.0000	0.0000	0.0000	0.0000	0.0000	0.0000	0.0000	0.0000	0.0000	0.0000	0.0000	0.0000											
27	39	0.0871	3	0	2	0	0	0	0	0	0	N	Y	N	N	N	N	N	N	N	N	N	N	0.0000	0.0000	0.0000	0.0000	0.0000	0.0000	0.0000	0.0000	0.0000	0.0000	0.0000	0.0000	0.0000	24.0647	0.0000	36.1048	0.0000	0.0000	0.0000	28.4164	0.0000	39.1339	inf	0.0000	0.2511	1.0000	3.9334	2.0000	2.0001	0.0000	0.0000	0.0000	0.0000	0.0000	0.0000	0.0000	0.0000	0.0000	1.0000	0.0000	1.0000	0.0000	0.0000	0.0000	1.0000	0.0000	1.0000	0.0757	0.0670	0.0087	0.0221	0.0209	0.0011	0.0536	0.0461	0.0075	0.0416	0.0139	0.0277	0.0064	0.0042	0.0021	0.0352	0.0096	0.0256	0.0000	0.0000	0.0000	0.0000	0.0000	0.0000	0.0000	0.0000	0.0000	24.0647	0.0000	36.1048	0.0000	0.0000	0.0000	28.4164	0.0000	39.1339						
27	40	0.0505	4	1	2	1	0	0	0	0	0	N	Y	N	N	N	N	N	N	N	N	N	N	0.0000	0.0000	0.0000	0.0000	0.0000	0.0000	0.0000	0.0000	0.0000	0.0000	0.0000	0.0000	0.0000	0.0000	0.0000	0.0000	0.0000	0.0000	0.0000	0.0000	1.0000	0.0000	2.0000	0.0000	0.0000	0.0000	0.0000	0.0000	0.0000	0.0000	0.0000	0.0000	0.0000	0.0000	0.0000	0.0000	0.0000	0.0000	0.0000	0.0000	0.0000	0.0000	0.0000	0.0000	0.0000	0.0000	0.0000	0.0000	0.0000	0.0000	0.0000	0.0000	0.0000	0.0000	0.0000	0.0000	0.0000	0.0000	0.0000	0.0000	0.0000	0.0000	0.0000	0.0000	0.0000	0.0000	0.0000	0.0000	0.0000	0.0000	0.0000	0.0000	0.0000	0.0000	0.0000	0.0000	0.0000	0.0000											
27	41	0.0505	3	1	2	1	0	0	0	0	0	N	Y	N	N	N	N	N	N	N	N	N	N	0.0000	0.0000	0.0000	0.0000	0.0000	0.0000	0.0000	0.0000	0.0000	0.0000	0.0000	0.0000	0.0000	41.2258	0.0000	54.0321	0.0000	0.0000	0.0000	41.2666	0.0000	54.0321	inf	0.0000	0.2510	1.0000	1.0000	2.0000	1.9999	0.0000	0.0000	0.0000	0.0000	0.0000	0.0000	0.0000	0.0000	0.0000	0.9999	0.0000	0.9999	0.0000	0.0000	0.0000	0.9999	0.0000	0.9999	0.0184	0.0159	0.0026	0.0024	0.0023	0.0002	0.0160	0.0136	0.0024	0.0243	0.0057	0.0185	0.0000	0.0000	0.0000	0.0242	0.0057	0.0185	0.0000	0.0000	0.0000	0.0000	0.0000	0.0000	0.0000	0.0000	0.0000	41.2258	0.0000	54.0321	0.0000	0.0000	0.0000	41.2666	0.0000	54.0321						
27	42	0.2283	6	1	2	0	0	0	0	0	0	N	Y	N	N	N	N	N	N	N	N	N	N	0.0000	0.0000	0.0000	0.0000	0.0000	0.0000	0.0000	0.0000	0.0000	0.0000	0.0000	0.0000	0.0000	42.9822	0.0000	74.9292	0.0000	0.0000	0.0000	57.2356	0.0000	77.7928	inf	0.0000	0.2362	1.0000	0.0007	2.0000	2.0242	0.0000	0.0000	0.0000	0.0000	0.0000	0.0000	0.0000	0.0000	0.0000	0.9407	0.0000	0.9407	0.0000	0.0000	0.0000	0.9407	0.0000	0.9407	0.0000	0.0000	0.0000	0.0000	0.0000	0.0000	0.0000	0.0000	0.0000	0.0219	0.0093	0.0126	0.0055	0.0050	0.0005	0.0164	0.0043	0.0121	0.0000	0.0000	0.0000	0.0000	0.0000	0.0000	0.0000	0.0000	0.0000	42.9822	0.0000	74.9292	0.0000	0.0000	0.0000	57.2356	0.0000	77.7928						
27	43	0.1315	4	0	2	0	1	0	0	0	0	N	Y	N	N	N	N	N	N	N	N	N	N	0.0000	0.0000	0.0000	0.0000	0.0000	0.0000	0.0000	0.0000	0.0000	0.0000	0.0000	0.0000	0.0000	0.0000	0.0000	0.0000	0.0000	0.0000	0.0000	0.0000	1.0000	0.0000	2.0000	0.0000	0.0000	0.0000	0.0000	0.0000	0.0000	0.0000	0.0000	0.0000	0.0000	0.0000	0.0000	0.0000	0.0000	0.0000	0.0000	0.0000	0.0000	0.0000	0.0000	0.0000	0.0000	0.0000	0.0000	0.0000	0.0000	0.0000	0.0000	0.0000	0.0000	0.0000	0.0000	0.0000	0.0000	0.0000	0.0000	0.0000	0.0000	0.0000	0.0000	0.0000	0.0000	0.0000	0.0000	0.0000	0.0000	0.0000	0.0000	0.0000	0.0000	0.0000	0.0000	0.0000	0.0000	0.0000											
27	44	0.1315	4	0	1	0	1	0	0	0	0	N	N	N	N	N	N	N	N	N	N	N	N	0.0000	0.0000	0.0000	0.0000	0.0000	0.0000	0.0000	0.0000	0.0000	0.0000	0.0000	0.0000	0.0000	0.0000	0.0000	0.0000	0.0000	0.0000	0.0000	0.0000	1.0000	0.0000	2.0000	0.0000	0.0000	0.0000	0.0000	0.0000	0.0000	0.0000	0.0000	0.0000	0.0000	0.0000	0.0000	0.0000	0.0000	0.0000	0.0000	0.0000	0.0000	0.0000	0.0000	0.0000	0.0000	0.0000	0.0000	0.0000	0.0000	0.0000	0.0000	0.0000	0.0000	0.0000	0.0000	0.0000	0.0000	0.0000	0.0000	0.0000	0.0000	0.0000	0.0000	0.0000	0.0000	0.0000	0.0000	0.0000	0.0000	0.0000	0.0000	0.0000	0.0000	0.0000	0.0000	0.0000	0.0000	0.0000											
27	45	0.0871	3	0	1	0	1	0	0	0	0	N	N	N	N	N	N	N	N	N	N	N	N	0.0000	0.0000	0.0000	0.0000	0.0000	0.0000	0.0000	0.0000	0.0000	0.0000	0.0000	0.0000	0.0000	20.5917	0.0000	30.9030	0.0000	0.0000	0.0000	24.2849	0.0000	33.4928	inf	0.0000	0.2511	1.0000	3.0666	2.0000	3.9999	0.0000	0.0000	0.0000	0.0000	0.0000	0.0000	0.0000	0.0000	0.0000	1.0000	0.0000	1.0000	0.0000	0.0000	0.0000	1.0000	0.0000	1.0000	0.0609	0.0540	0.0069	0.0187	0.0178	0.0009	0.0422	0.0363	0.0060	0.0486	0.0162	0.0324	0.0074	0.0049	0.0025	0.0412	0.0113	0.0299	0.0000	0.0000	0.0000	0.0000	0.0000	0.0000	0.0000	0.0000	0.0000	20.5917	0.0000	30.9030	0.0000	0.0000	0.0000	24.2849	0.0000	33.4928						
27	47	0.0852	4	1	2	0	0	0	0	0	0	N	Y	N	N	N	N	N	N	N	N	N	N	0.0000	0.0000	0.0000	0.0000	0.0000	0.0000	0.0000	0.0000	0.0000	0.0000	0.0000	0.0000	0.0000	0.4145	0.0000	0.6875	0.0000	0.0000	0.0000	0.4834	0.0000	0.6920	inf	0.0000	0.0021	1.0000	0.9991	2.0000	2.0273	0.0000	0.0000	0.0000	0.0000	0.0000	0.0000	0.0000	0.0000	0.0000	0.0083	0.0000	0.0083	0.0000	0.0000	0.0000	0.0083	0.0000	0.0083	0.0189	0.0167	0.0023	0.0055	0.0052	0.0004	0.0134	0.0115	0.0019	0.0200	0.0079	0.0120	0.0028	0.0028	0.0001	0.0171	0.0052	0.0120	0.0000	0.0000	0.0000	0.0000	0.0000	0.0000	0.0000	0.0000	0.0000	0.4145	0.0000	0.6875	0.0000	0.0000	0.0000	0.4834	0.0000	0.6920						
27	48	0.0476	3	1	2	0	0	0	0	0	0	N	Y	N	N	N	N	N	N	N	N	N	N	0.0000	0.0203	0.0000	0.0180	0.0187	0.0000	0.0000	0.0002	0.0003	0.0000	0.0007	0.0007	0.0000	0.0000	0.0000	0.0000	18.0916	0.0124	26.3236	0.0373	0.0373	0.0000	20.1824	0.0000	26.3273	0.0000	4671.0441	-0.0000	0.2426	1.0000	3.1828	2.0000	3.1571	0.0000	0.0000	0.0000	0.0000	0.0000	0.0000	0.0000	0.0000	0.0000	0.9671	0.0002	0.9669	0.0002	0.0002	0.0000	0.9669	0.0000	0.9669	0.0877	0.0796	0.0081	0.0297	0.0287	0.0010	0.0580	0.0510	0.0071	0.0535	0.0167	0.0367	0.0055	0.0055	0.0000	0.0479	0.0112	0.0367	0.0000	0.0203	0.0000	0.0180	0.0187	0.0000	0.0000	0.0000	0.0000	18.0916	0.0124	26.3236	0.0373	0.0373	0.0000	20.1824	0.0000	26.3273		
27	49	0.0434	2	0	2	0	0	0	0	0	0	N	Y	N	N	N	N	N	N	N	N	N	N	0.0004	0.0006	0.0000	0.0000	0.0000	0.0008	inf	0.0000	0.0005	0.0005	0.0000	0.0000	0.0000	0.0000	0.0009	0.0010	0.0000	1.2293	0.8584	1.4478	1.3697	1.3698	0.0000	1.1868	0.0000	1.4479	0.0000	2.8621	-0.0000	-0.0003	1.0000	0.8922	2.0000	1.0748	0.0000	0.0000	0.0000	0.0000	0.0000	0.0000	0.0000	0.0000	0.0000	0.0335	0.0087	0.0248	0.0087	0.0087	0.0000	0.0248	0.0000	0.0248	0.0428	0.0399	0.0029	0.0212	0.0206	0.0006	0.0215	0.0193	0.0023	0.0272	0.0101	0.0171	0.0063	0.0063	0.0000	0.0209	0.0038	0.0171	0.0004	0.0006	0.0000	0.0000	0.0000	0.0000	0.0008	inf	0.0000	1.2293	0.8584	1.4478	1.3697	1.3698	0.0000	1.1868	0.0000	1.4479	
27	52	0.1437	4	0	1	0	0	0	0	0	0	N	N	N	N	N	N	N	N	N	N	N	N	0.0000	0.0000	0.0000	0.0000	0.0000	0.0000	0.0000	0.0000	0.0000	0.0000	0.0000	0.0000	0.0000	0.0266	0.0683	0.0000	0.1860	0.1965	0.0000	0.0000	0.0000	0.0000	0.0000	0.0000	-0.0008	1.0000	3.0179	2.0000	1.1627	0.0000	0.0000	0.0000	0.0000	0.0000	0.0000	0.0000	0.0000	0.0000	0.0011	0.0011	0.0000	0.0011	0.0011	0.0000	0.0000	0.0000	0.0000	0.0620	0.0550	0.0070	0.0196	0.0186	0.0010	0.0425	0.0364	0.0061	0.0406	0.0158	0.0248	0.0058	0.0055	0.0003	0.0348	0.0103	0.0245	0.0000	0.0000	0.0000	0.0000	0.0000	0.0000	0.0000	0.0000	0.0000	0.0266	0.0683	0.0000	0.1860	0.1965	0.0000	0.0000	0.0000	0.0000						
27	54	0.1437	4	0	2	0	0	0	0	0	0	N	Y	N	N	N	N	N	N	N	N	N	N	0.0000	0.0000	0.0000	0.0000	0.0000	0.0000	0.0000	0.0000	0.0000	0.0000	0.0000	0.0000	0.0000	0.0154	0.0472	0.0000	0.1794	0.1993	0.0000	0.0000	0.0000	0.0000	0.0000	0.0000	-0.0008	1.0000	2.0683	2.0000	6.9961	0.0000	0.0000	0.0000	0.0000	0.0000	0.0000	0.0000	0.0000	0.0000	0.0011	0.0011	0.0000	0.0011	0.0011	0.0000	0.0000	0.0000	0.0000	0.0441	0.0391	0.0050	0.0146	0.0139	0.0008	0.0295	0.0253	0.0042	0.0699	0.0229	0.0470	0.0060	0.0054	0.0006	0.0639	0.0175	0.0464	0.0000	0.0000	0.0000	0.0000	0.0000	0.0000	0.0000	0.0000	0.0000	0.0154	0.0472	0.0000	0.1794	0.1993	0.0000	0.0000	0.0000	0.0000						
27	55	0.0871	3	0	1	0	0	0	0	0	0	N	N	N	N	N	N	N	N	N	N	N	N	0.0000	0.0000	0.0000	0.0000	0.0000	0.0000	0.0000	0.0000	0.0000	0.0000	0.0000	0.0000	0.0000	0.0180	0.0000	0.0271	0.0000	0.0000	0.0000	0.0212	0.0000	0.0293	inf	0.0000	0.0003	1.0000	3.9265	2.0000	5.0808	0.0000	0.0000	0.0000	0.0000	0.0000	0.0000	0.0000	0.0000	0.0000	0.0011	0.0000	0.0011	0.0000	0.0000	0.0000	0.0011	0.0000	0.0011	0.0756	0.0669	0.0086	0.0220	0.0209	0.0011	0.0535	0.0460	0.0075	0.0599	0.0200	0.0399	0.0090	0.0059	0.0031	0.0509	0.0141	0.0368	0.0000	0.0000	0.0000	0.0000	0.0000	0.0000	0.0000	0.0000	0.0000	0.0180	0.0000	0.0271	0.0000	0.0000	0.0000	0.0212	0.0000	0.0293						
27	57	0.2222	8	0	2	0	0	0	0	0	0	N	Y	N	N	N	N	N	N	N	N	N	N	0.0000	inf	0.0000	inf	inf	0.0000	0.0000	0.0003	0.0003	0.0000	0.0007	0.0007	0.0000	0.0000	0.0000	0.0000	11.4473	0.0000	20.5222	0.0000	0.0000	0.0000	14.1950	0.0000	20.9221	0.0000	inf	-0.0000	0.2685	1.0000	9.7645	2.0000	7.4558	0.0001	0.0001	0.0000	0.0001	0.0001	0.0000	0.0000	0.0000	0.0000	1.0696	0.0000	1.0696	0.0000	0.0000	0.0000	1.0696	0.0000	1.0696	0.2012	0.1815	0.0197	0.0856	0.0812	0.0043	0.1156	0.1002	0.0154	0.0934	0.0413	0.0521	0.0181	0.0171	0.0010	0.0754	0.0242	0.0511	0.0000	inf	0.0000	inf	inf	0.0000	0.0000	0.0000	0.0000	11.4473	0.0000	20.5222	0.0000	0.0000	0.0000	14.1950	0.0000	20.9221		
27	58	0.2778	9	0	1	1	0	0	0	0	0	N	N	N	N	N	N	N	N	N	N	N	N	0.0000	0.0000	0.0000	0.0000	0.0000	0.0000	0.0000	0.0000	0.0000	0.0000	0.0000	0.0000	0.0000	0.0039	0.0000	0.0076	0.0000	0.0000	0.0000	0.0050	0.0000	0.0078	inf	0.0000	0.0000	1.0000	1.0009	2.0000	0.0163	0.0000	0.0000	0.0000	0.0000	0.0000	0.0000	0.0000	0.0000	0.0000	0.0000	0.0000	0.0000	0.0000	0.0000	0.0000	0.0000	0.0000	0.0000	0.0263	0.0238	0.0025	0.0159	0.0149	0.0010	0.0105	0.0089	0.0015	0.0051	0.0024	0.0026	0.0011	0.0011	0.0001	0.0040	0.0014	0.0026	0.0000	0.0000	0.0000	0.0000	0.0000	0.0000	0.0000	0.0000	0.0000	0.0039	0.0000	0.0076	0.0000	0.0000	0.0000	0.0050	0.0000	0.0078						
27	59	0.2624	8	0	1	0	0	0	0	0	0	N	N	N	N	N	N	N	N	N	N	N	N	0.0000	0.0000	0.0000	0.0000	0.0000	0.0000	0.0000	0.0000	0.0000	0.0000	0.0000	0.0000	0.0000	0.0000	0.0000	0.0000	0.0087	0.0042	0.0125	0.0091	0.0096	0.0000	0.0086	0.0000	0.0128	3.5002	0.0000	0.0000	1.0000	1.9961	2.0000	0.0521	0.0000	0.0000	0.0000	0.0000	0.0000	0.0000	0.0000	0.0000	0.0000	0.0001	0.0000	0.0001	0.0000	0.0000	0.0000	0.0001	0.0000	0.0001	0.0497	0.0448	0.0049	0.0276	0.0259	0.0017	0.0221	0.0189	0.0031	0.0104	0.0047	0.0056	0.0022	0.0021	0.0001	0.0082	0.0027	0.0055	0.0000	0.0000	0.0000	0.0000	0.0000	0.0000	0.0000	0.0000	0.0000	0.0087	0.0042	0.0125	0.0091	0.0096	0.0000	0.0086	0.0000	0.0128			
27	60	0.2546	7	0	1	0	0	0	0	0	0	N	N	N	N	N	N	N	N	N	N	N	N	0.0000	0.0000	0.0000	0.0000	0.0000	0.0000	0.0000	0.0000	0.0000	0.0000	0.0000	0.0000	0.0000	0.0000	0.0000	0.0000	0.0863	0.0272	0.1372	0.0576	0.0607	0.0000	0.0944	0.0000	0.1401	5.8591	0.0000	0.0001	1.0000	0.0081	2.0000	1.0507	0.0000	0.0000	0.0000	0.0000	0.0000	0.0000	0.0000	0.0000	0.0000	0.0005	0.0001	0.0004	0.0001	0.0001	0.0000	0.0004	0.0000	0.0004	0.0003	0.0003	0.0000	0.0002	0.0002	0.0000	0.0001	0.0001	0.0000	0.0056	0.0026	0.0030	0.0012	0.0012	0.0001	0.0043	0.0014	0.0029	0.0000	0.0000	0.0000	0.0000	0.0000	0.0000	0.0000	0.0000	0.0000	0.0863	0.0272	0.1372	0.0576	0.0607	0.0000	0.0944	0.0000	0.1401			
27	61	0.2059	6	0	1	0	0	0	0	0	0	N	N	N	N	N	N	N	N	N	N	N	N	0.0000	0.0000	0.0000	0.0000	0.0000	0.0000	0.0000	0.0000	0.0000	0.0000	0.0000	0.0000	0.0000	0.0000	0.0000	0.0000	1.8370	0.0178	3.2325	0.0337	0.0348	0.0000	2.3731	0.0000	3.2738	236.8050	0.0000	0.0219	1.0000	3.0167	2.0000	3.2580	0.0000	0.0000	0.0000	0.0000	0.0000	0.0000	0.0000	0.0000	0.0000	0.0889	0.0004	0.0885	0.0004	0.0004	0.0000	0.0885	0.0000	0.0885	0.0714	0.0644	0.0069	0.0331	0.0315	0.0016	0.0383	0.0329	0.0054	0.0484	0.0210	0.0274	0.0111	0.0107	0.0003	0.0373	0.0103	0.0270	0.0000	0.0000	0.0000	0.0000	0.0000	0.0000	0.0000	0.0000	0.0000	1.8370	0.0178	3.2325	0.0337	0.0348	0.0000	2.3731	0.0000	3.2738			
27	62	0.1311	5	0	2	0	0	0	0	0	0	N	Y	N	N	N	N	N	N	N	N	N	N	0.0000	0.0000	0.0000	0.0000	0.0000	0.0000	0.0000	0.0000	0.0000	0.0000	0.0000	0.0000	0.0000	17.5210	0.0000	29.5735	0.0000	0.0000	0.0000	24.2192	0.0000	32.3543	inf	0.0000	0.2413	1.0000	3.3327	2.0000	4.3103	0.0000	0.0000	0.0000	0.0000	0.0000	0.0000	0.0000	0.0000	0.0000	0.9613	0.0000	0.9613	0.0000	0.0000	0.0000	0.9613	0.0000	0.9613	0.1068	0.0966	0.0102	0.0621	0.0586	0.0036	0.0447	0.0380	0.0066	0.0549	0.0224	0.0325	0.0152	0.0124	0.0028	0.0397	0.0100	0.0297	0.0000	0.0000	0.0000	0.0000	0.0000	0.0000	0.0000	0.0000	0.0000	17.5210	0.0000	29.5735	0.0000	0.0000	0.0000	24.2192	0.0000	32.3543						
27	63	0.1070	4	0	1	0	0	0	0	0	0	N	N	N	N	N	N	N	N	N	N	N	N	0.0000	0.0000	0.0000	0.0000	0.0000	0.0000	0.0000	0.0000	0.0000	0.0000	0.0000	0.0000	0.0000	0.0000	0.0000	0.0000	0.9736	0.0127	1.6118	0.0203	0.0260	0.0000	1.2895	0.0000	1.7728	191.7179	0.0000	0.0096	1.0000	3.2669	2.0000	2.4507	0.0000	0.0000	0.0000	0.0000	0.0000	0.0000	0.0000	0.0000	0.0000	0.0389	0.0002	0.0387	0.0002	0.0002	0.0000	0.0387	0.0000	0.0387	0.1114	0.1015	0.0099	0.0634	0.0603	0.0031	0.0479	0.0412	0.0067	0.0400	0.0159	0.0240	0.0099	0.0078	0.0022	0.0300	0.0082	0.0218	0.0000	0.0000	0.0000	0.0000	0.0000	0.0000	0.0000	0.0000	0.0000	0.9736	0.0127	1.6118	0.0203	0.0260	0.0000	1.2895	0.0000	1.7728			
27	64	0.0505	4	1	1	1	0	0	0	0	0	N	N	N	N	N	N	N	N	N	N	N	N	0.0000	0.0000	0.0000	0.0000	0.0000	0.0000	0.0000	0.0000	0.0000	0.0000	0.0000	0.0000	0.0000	0.0000	0.0000	0.0000	0.0000	0.0000	0.0000	0.0000	1.0000	0.0000	2.0000	1.0000	0.0000	0.0000	0.0000	0.0000	0.0000	0.0000	0.0000	0.0000	0.0000	0.0000	0.0000	0.0000	0.0000	0.0000	0.0000	0.0000	0.0000	0.0000	0.0000	0.0000	0.0000	0.0000	0.0000	0.0000	0.0000	0.0000	0.0000	0.0084	0.0020	0.0064	0.0000	0.0000	0.0000	0.0084	0.0020	0.0064	0.0000	0.0000	0.0000	0.0000	0.0000	0.0000	0.0000	0.0000	0.0000	0.0000	0.0000	0.0000	0.0000	0.0000	0.0000	0.0000	0.0000	0.0000											
27	65	0.0505	3	1	1	1	0	0	0	0	0	N	N	N	N	N	N	N	N	N	N	N	N	0.0000	0.0000	0.0000	0.0000	0.0000	0.0000	0.0000	0.0000	0.0000	0.0000	0.0000	0.0000	0.0000	9.0601	18.9015	0.0000	19.6406	19.6406	0.0000	0.0000	0.0000	0.0000	0.0000	0.0000	-0.0001	1.0000	0.0000	2.0000	0.0001	0.0000	0.0000	0.0000	0.0000	0.0000	0.0000	0.0000	0.0000	0.0000	0.0001	0.0001	0.0000	0.0001	0.0001	0.0000	0.0000	0.0000	0.0000	0.0000	0.0000	0.0000	0.0000	0.0000	0.0000	0.0000	0.0000	0.0000	0.0000	0.0000	0.0000	0.0000	0.0000	0.0000	0.0000	0.0000	0.0000	0.0000	0.0000	0.0000	0.0000	0.0000	0.0000	0.0000	0.0000	0.0000	9.0601	18.9015	0.0000	19.6406	19.6406	0.0000	0.0000	0.0000	0.0000						
27	66	0.0382	2	1	1	1	0	0	0	0	0	N	N	N	N	N	N	N	N	N	N	N	N	0.0023	0.0000	7.6057	0.0003	0.0000	inf	1.3213	7.0128	0.0063	0.0000	0.0458	0.0061	0.0000	0.1050	0.0063	0.0000	0.0422	2.7531	9.0032	0.0060	21.7530	21.7532	0.0000	0.0048	0.0000	0.0060	inf	0.0015	0.0002	-0.0462	1.0000	1.9720	2.0000	0.0923	0.0002	0.0000	0.0002	0.0000	0.0000	0.0000	0.0002	0.0000	0.0002	0.0617	0.0617	0.0001	0.0617	0.0617	0.0000	0.0001	0.0000	0.0001	0.0365	0.0315	0.0050	0.0049	0.0046	0.0003	0.0316	0.0269	0.0047	0.0224	0.0068	0.0156	0.0028	0.0028	0.0000	0.0196	0.0040	0.0156	0.0023	0.0000	7.6057	0.0003	0.0000	inf	1.3213	0.0000	7.0128	2.7531	9.0032	0.0060	21.7530	21.7532	0.0000	0.0048	0.0000	0.0060	
27	68	0.1646	5	0	2	0	1	0	0	0	0	N	Y	N	N	N	N	N	N	N	N	N	N	0.0000	0.0000	0.0000	0.0000	0.0000	0.0000	0.0000	0.0000	0.0000	0.0000	0.0000	0.0000	0.0000	0.9164	2.5397	0.0000	8.0984	8.3431	0.0000	0.0000	0.0000	0.0000	0.0000	0.0000	-0.0339	1.0000	2.7513	2.0000	4.0954	0.0000	0.0000	0.0000	0.0000	0.0000	0.0000	0.0000	0.0000	0.0000	0.0452	0.0452	0.0000	0.0452	0.0452	0.0000	0.0000	0.0000	0.0000	0.0693	0.0627	0.0066	0.0349	0.0331	0.0018	0.0344	0.0296	0.0048	0.0493	0.0178	0.0315	0.0056	0.0054	0.0002	0.0438	0.0124	0.0314	0.0000	0.0000	0.0000	0.0000	0.0000	0.0000	0.0000	0.0000	0.0000	0.9164	2.5397	0.0000	8.0984	8.3431	0.0000	0.0000	0.0000	0.0000						
27	69	0.0871	3	0	2	0	0	0	0	0	0	N	Y	N	N	N	N	N	N	N	N	N	N	0.6402	inf	0.0000	0.7317	inf	0.0000	5.9474	6.7289	0.0000	0.0000	0.0000	0.0000	7.9176	9.1610	0.0000	9.2893	0.0000	13.9961	0.0000	0.0000	0.0000	10.8206	0.0000	15.1502	0.0000	inf	-0.1978	0.2511	1.0000	9.9334	2.0000	8.9999	1.0000	1.0000	0.0000	0.0000	0.0000	0.0000	1.0000	1.0000	0.0000	1.0000	0.0000	1.0000	0.0000	0.0000	0.0000	1.0000	0.0000	1.0000	0.1681	0.1486	0.0195	0.0418	0.0395	0.0024	0.1263	0.1092	0.0171	0.1077	0.0362	0.0714	0.0152	0.0098	0.0054	0.0924	0.0264	0.0660	0.6402	inf	0.0000	0.0000	0.0000	0.0000	0.7317	inf	0.0000	9.2893	0.0000	13.9961	0.0000	0.0000	0.0000	10.8206	0.0000	15.1502			
27	70	0.0871	3	0	2	0	0	0	0	0	0	N	Y	N	N	N	N	N	N	N	N	N	N	0.0000	0.0000	0.0000	0.0000	0.0000	0.0000	0.0000	0.0000	0.0000	0.0000	0.0000	0.0000	0.0000	34.0236	0.0000	51.0251	0.0000	0.0000	0.0000	40.2609	0.0000	55.3133	inf	0.0000	0.2511	1.0000	0.0666	2.0000	4.0001	0.0000	0.0000	0.0000	0.0000	0.0000	0.0000	0.0000	0.0000	0.0000	1.0000	0.0000	1.0000	0.0000	0.0000	0.0000	1.0000	0.0000	1.0000	0.0066	0.0064	0.0002	0.0056	0.0056	0.0001	0.0010	0.0008	0.0001	0.0294	0.0098	0.0196	0.0046	0.0030	0.0015	0.0248	0.0068	0.0181	0.0000	0.0000	0.0000	0.0000	0.0000	0.0000	0.0000	0.0000	0.0000	34.0236	0.0000	51.0251	0.0000	0.0000	0.0000	40.2609	0.0000	55.3133						
27	74	0.1070	4	0	2	0	0	0	0	0	0	N	Y	N	N	N	N	N	N	N	N	N	N	0.0000	0.0000	0.0000	0.0000	0.0000	0.0000	0.0000	0.0000	0.0000	0.0000	0.0000	0.0000	0.0000	0.0048	0.0121	0.0000	0.0197	0.0255	0.0000	0.0000	0.0000	0.0000	0.0000	0.0000	-0.0002	1.0000	1.8678	2.0000	4.6278	0.0000	0.0000	0.0000	0.0000	0.0000	0.0000	0.0000	0.0000	0.0000	0.0002	0.0002	0.0000	0.0002	0.0002	0.0000	0.0000	0.0000	0.0000	0.0877	0.0806	0.0071	0.0566	0.0539	0.0027	0.0311	0.0267	0.0044	0.0440	0.0173	0.0266	0.0107	0.0082	0.0024	0.0333	0.0091	0.0242	0.0000	0.0000	0.0000	0.0000	0.0000	0.0000	0.0000	0.0000	0.0000	0.0048	0.0121	0.0000	0.0197	0.0255	0.0000	0.0000	0.0000	0.0000						
27	75	0.0871	3	0	1	0	0	0	0	0	0	N	N	N	N	N	N	N	N	N	N	N	N	0.0000	0.0000	0.0000	0.0000	0.0000	0.0000	0.0000	0.0000	0.0000	0.0000	0.0000	0.0000	0.0000	0.0056	0.0000	0.0084	0.0000	0.0000	0.0000	0.0066	0.0000	0.0091	inf	0.0000	0.0001	1.0000	4.7010	2.0000	0.6064	0.0000	0.0000	0.0000	0.0000	0.0000	0.0000	0.0000	0.0000	0.0000	0.0002	0.0000	0.0002	0.0000	0.0000	0.0000	0.0002	0.0000	0.0002	0.0884	0.0782	0.0102	0.0249	0.0236	0.0013	0.0635	0.0546	0.0089	0.0376	0.0125	0.0250	0.0058	0.0038	0.0019	0.0318	0.0087	0.0231	0.0000	0.0000	0.0000	0.0000	0.0000	0.0000	0.0000	0.0000	0.0000	0.0056	0.0000	0.0084	0.0000	0.0000	0.0000	0.0066	0.0000	0.0091						
27	78	0.2107	7	1	2	0	1	0	0	0	0	N	Y	N	N	N	N	N	N	N	N	N	N	0.0000	0.0000	0.0000	0.0000	0.0000	0.0000	0.0000	0.0000	0.0000	0.0000	0.0000	0.0000	0.0000	0.0020	0.0065	0.0000	0.0228	0.0363	0.0000	0.0000	0.0000	0.0000	0.0000	0.0000	-0.0000	1.0000	1.0000	2.0000	2.0144	0.0000	0.0000	0.0000	0.0000	0.0000	0.0000	0.0000	0.0000	0.0000	0.0000	0.0000	0.0000	0.0000	0.0000	0.0000	0.0000	0.0000	0.0000	0.0209	0.0186	0.0022	0.0081	0.0077	0.0004	0.0128	0.0110	0.0018	0.0201	0.0061	0.0140	0.0018	0.0011	0.0007	0.0184	0.0050	0.0134	0.0000	0.0000	0.0000	0.0000	0.0000	0.0000	0.0000	0.0000	0.0000	0.0020	0.0065	0.0000	0.0228	0.0363	0.0000	0.0000	0.0000	0.0000						
27	79	0.1885	6	1	2	0	1	0	0	0	0	N	Y	N	N	N	N	N	N	N	N	N	N	0.0000	0.0000	0.0000	0.0000	0.0000	0.0000	0.0000	0.0000	0.0000	0.0000	0.0000	0.0000	0.0000	0.0020	0.0000	0.0029	0.0000	0.0000	0.0000	0.0022	0.0000	0.0030	inf	0.0000	0.0000	1.0000	0.0001	2.0000	3.0180	0.0000	0.0000	0.0000	0.0000	0.0000	0.0000	0.0000	0.0000	0.0000	0.0000	0.0000	0.0000	0.0000	0.0000	0.0000	0.0000	0.0000	0.0000	0.0000	0.0000	0.0000	0.0000	0.0000	0.0000	0.0000	0.0000	0.0000	0.0200	0.0060	0.0140	0.0016	0.0010	0.0006	0.0184	0.0050	0.0134	0.0000	0.0000	0.0000	0.0000	0.0000	0.0000	0.0000	0.0000	0.0000	0.0020	0.0000	0.0029	0.0000	0.0000	0.0000	0.0022	0.0000	0.0030						
27	80	0.2105	8	0	2	0	1	0	0	0	0	N	Y	N	N	N	N	N	N	N	N	N	N	0.0000	0.0000	0.0000	0.0000	0.0000	0.0000	0.0000	0.0000	0.0000	0.0000	0.0000	0.0000	0.0000	0.0000	0.0000	0.0000	0.0000	0.0000	0.0000	0.0000	1.0000	0.0000	2.0000	0.0000	0.0000	0.0000	0.0000	0.0000	0.0000	0.0000	0.0000	0.0000	0.0000	0.0000	0.0000	0.0000	0.0000	0.0000	0.0000	0.0000	0.0000	0.0000	0.0000	0.0000	0.0000	0.0000	0.0000	0.0000	0.0000	0.0000	0.0000	0.0000	0.0000	0.0000	0.0000	0.0000	0.0000	0.0000	0.0000	0.0000	0.0000	0.0000	0.0000	0.0000	0.0000	0.0000	0.0000	0.0000	0.0000	0.0000	0.0000	0.0000	0.0000	0.0000	0.0000	0.0000	0.0000	0.0000											
27	81	0.1885	6	0	1	1	1	0	0	0	0	N	N	N	N	N	N	N	N	N	N	N	N	0.0000	0.0000	0.0000	0.0000	0.0000	0.0000	0.0000	0.0000	0.0000	0.0000	0.0000	0.0000	0.0000	0.0000	0.0000	0.0000	0.0000	0.0000	0.0000	0.0000	1.0000	2.0000	2.0000	0.0000	0.0000	0.0000	0.0000	0.0000	0.0000	0.0000	0.0000	0.0000	0.0000	0.0000	0.0000	0.0000	0.0000	0.0000	0.0000	0.0000	0.0000	0.0000	0.0410	0.0366	0.0044	0.0157	0.0148	0.0008	0.0253	0.0217	0.0036	0.0135	0.0040	0.0094	0.0011	0.0006	0.0004	0.0124	0.0034	0.0090	0.0000	0.0000	0.0000	0.0000	0.0000	0.0000	0.0000	0.0000	0.0000	0.0000	0.0000	0.0000	0.0000	0.0000	0.0000	0.0000	0.0000	0.0000											
27	82	0.1885	6	0	1	1	1	0	0	0	0	N	N	N	N	N	N	N	N	N	N	N	N	0.0000	0.0000	0.0000	0.0000	0.0000	0.0000	0.0000	0.0000	0.0000	0.0000	0.0000	0.0000	0.0000	0.0000	0.0000	0.0000	0.0000	0.0000	0.0000	0.0000	1.0000	0.0000	2.0000	4.0000	0.0000	0.0000	0.0000	0.0000	0.0000	0.0000	0.0000	0.0000	0.0000	0.0000	0.0000	0.0000	0.0000	0.0000	0.0000	0.0000	0.0000	0.0000	0.0000	0.0000	0.0000	0.0000	0.0000	0.0000	0.0000	0.0000	0.0000	0.0261	0.0079	0.0182	0.0021	0.0013	0.0008	0.0240	0.0066	0.0174	0.0000	0.0000	0.0000	0.0000	0.0000	0.0000	0.0000	0.0000	0.0000	0.0000	0.0000	0.0000	0.0000	0.0000	0.0000	0.0000	0.0000	0.0000											
27	83	0.2105	8	0	1	1	1	0	0	0	0	N	N	N	N	N	N	N	N	N	N	N	N	0.0000	0.0000	0.0000	0.0000	0.0000	0.0000	0.0000	0.0000	0.0000	0.0000	0.0000	0.0000	0.0000	0.0000	0.0000	0.0000	0.0000	0.0000	0.0000	0.0000	1.0000	0.0000	2.0000	2.0000	0.0000	0.0000	0.0000	0.0000	0.0000	0.0000	0.0000	0.0000	0.0000	0.0000	0.0000	0.0000	0.0000	0.0000	0.0000	0.0000	0.0000	0.0000	0.0000	0.0000	0.0000	0.0000	0.0000	0.0000	0.0000	0.0000	0.0000	0.0133	0.0039	0.0095	0.0009	0.0005	0.0005	0.0124	0.0034	0.0090	0.0000	0.0000	0.0000	0.0000	0.0000	0.0000	0.0000	0.0000	0.0000	0.0000	0.0000	0.0000	0.0000	0.0000	0.0000	0.0000	0.0000	0.0000											
27	84	0.2032	7	0	1	0	1	0	0	0	0	N	N	N	N	N	N	N	N	N	N	N	N	313.8144	104.1818	0.0000	0.0000	inf	inf	47.8534	53.6212	0.0000	0.0000	0.0000	0.0000	78.1903	91.1700	0.0000	0.1525	0.5147	0.0000	1.8113	3.1114	0.0000	0.0000	0.0000	0.0000	0.0000	0.0000	-0.1978	-0.0008	1.0000	1.0000	2.0000	0.0015	1.0000	1.0000	0.0000	0.0000	0.0000	0.0000	1.0000	1.0000	0.0000	0.0011	0.0011	0.0000	0.0011	0.0011	0.0000	0.0000	0.0000	0.0000	0.0209	0.0186	0.0022	0.0081	0.0077	0.0004	0.0128	0.0110	0.0018	0.0070	0.0021	0.0049	0.0006	0.0003	0.0002	0.0064	0.0017	0.0046	313.8144	104.1818	0.0000	0.0000	0.0000	0.0000	inf	inf	0.0000	0.1525	0.5147	0.0000	1.8113	3.1114	0.0000	0.0000	0.0000	0.0000			
27	85	0.1885	6	0	1	0	1	0	0	0	0	N	N	N	N	N	N	N	N	N	N	N	N	596.4650	inf	0.0000	905.3932	inf	0.0000	46.8820	52.5313	0.0000	0.0000	0.0000	0.0000	77.3118	90.2220	0.0000	0.0786	0.0000	0.1122	0.0000	0.0000	0.0000	0.0854	0.0000	0.1175	0.0000	inf	-0.0000	0.0003	1.0000	0.0000	2.0000	2.0013	0.0000	0.0000	0.0000	0.0000	0.0000	0.0000	0.0000	0.0000	0.0000	0.0011	0.0000	0.0011	0.0000	0.0000	0.0000	0.0011	0.0000	0.0011	0.0000	0.0000	0.0000	0.0000	0.0000	0.0000	0.0000	0.0000	0.0000	0.0135	0.0040	0.0094	0.0011	0.0006	0.0004	0.0124	0.0034	0.0090	596.4650	inf	0.0000	0.0000	0.0000	0.0000	905.3932	inf	0.0000	0.0786	0.0000	0.1122	0.0000	0.0000	0.0000	0.0854	0.0000	0.1175			
27	86	0.2283	6	1	2	0	0	0	0	0	0	N	Y	N	N	N	N	N	N	N	N	N	N	0.0000	0.0000	0.0000	0.0000	0.0000	0.0000	0.0000	0.0000	0.0000	0.0000	0.0000	0.0000	0.0000	3.8291	7.9150	0.0000	11.7847	12.3451	0.0000	0.0000	0.0000	0.0000	0.0000	0.0000	-0.0444	1.0000	0.0007	2.0000	0.9812	0.0000	0.0000	0.0000	0.0000	0.0000	0.0000	0.0000	0.0000	0.0000	0.0592	0.0592	0.0000	0.0592	0.0592	0.0000	0.0000	0.0000	0.0000	0.0000	0.0000	0.0000	0.0000	0.0000	0.0000	0.0000	0.0000	0.0000	0.0155	0.0075	0.0080	0.0050	0.0048	0.0002	0.0104	0.0027	0.0078	0.0000	0.0000	0.0000	0.0000	0.0000	0.0000	0.0000	0.0000	0.0000	3.8291	7.9150	0.0000	11.7847	12.3451	0.0000	0.0000	0.0000	0.0000						
27	87	0.1725	5	1	2	0	0	0	0	0	0	N	Y	N	N	N	N	N	N	N	N	N	N	0.0000	0.0000	0.0000	0.0000	0.0000	0.0000	0.0000	0.0000	0.0000	0.0000	0.0000	0.0000	0.0000	0.0000	0.0000	0.0000	1.3633	0.1930	1.8886	0.6991	1.0961	0.0000	1.4255	0.0000	1.9774	21.8020	0.0000	0.0128	1.0000	5.0272	2.0000	2.1572	0.0000	0.0000	0.0000	0.0000	0.0000	0.0000	0.0000	0.0000	0.0000	0.0618	0.0027	0.0591	0.0027	0.0027	0.0000	0.0591	0.0000	0.0591	0.1019	0.0913	0.0106	0.0400	0.0381	0.0019	0.0619	0.0532	0.0086	0.0453	0.0140	0.0313	0.0039	0.0025	0.0014	0.0414	0.0116	0.0299	0.0000	0.0000	0.0000	0.0000	0.0000	0.0000	0.0000	0.0000	0.0000	1.3633	0.1930	1.8886	0.6991	1.0961	0.0000	1.4255	0.0000	1.9774			
27	88	0.2258	7	0	2	0	0	0	0	0	0	N	Y	N	N	N	N	N	N	N	N	N	N	0.0000	0.0000	0.0000	0.0000	0.0000	0.0000	0.0000	0.0000	0.0000	0.0000	0.0000	0.0000	0.0000	0.0000	0.0000	0.0000	0.0000	0.0000	0.0000	0.0000	1.0000	0.0000	2.0000	4.0000	0.0000	0.0000	0.0000	0.0000	0.0000	0.0000	0.0000	0.0000	0.0000	0.0000	0.0000	0.0000	0.0000	0.0000	0.0000	0.0000	0.0000	0.0000	0.0000	0.0000	0.0000	0.0000	0.0000	0.0000	0.0000	0.0000	0.0000	0.0263	0.0082	0.0181	0.0028	0.0019	0.0009	0.0234	0.0063	0.0172	0.0000	0.0000	0.0000	0.0000	0.0000	0.0000	0.0000	0.0000	0.0000	0.0000	0.0000	0.0000	0.0000	0.0000	0.0000	0.0000	0.0000	0.0000											
27	89	0.1885	6	0	2	0	0	0	0	0	0	N	Y	N	N	N	N	N	N	N	N	N	N	0.0000	0.0000	0.0000	0.0000	0.0000	0.0000	0.0000	0.0000	0.0000	0.0000	0.0000	0.0000	0.0000	0.0000	0.0000	0.0000	0.0000	0.0000	0.0000	0.0000	1.0000	3.0000	2.0000	2.0000	0.0000	0.0000	0.0000	0.0000	0.0000	0.0000	0.0000	0.0000	0.0000	0.0000	0.0000	0.0000	0.0000	0.0000	0.0000	0.0000	0.0000	0.0000	0.0602	0.0538	0.0065	0.0227	0.0215	0.0012	0.0375	0.0322	0.0053	0.0321	0.0097	0.0224	0.0026	0.0015	0.0010	0.0296	0.0082	0.0214	0.0000	0.0000	0.0000	0.0000	0.0000	0.0000	0.0000	0.0000	0.0000	0.0000	0.0000	0.0000	0.0000	0.0000	0.0000	0.0000	0.0000	0.0000											
27	90	0.1885	6	1	2	0	0	0	0	0	0	N	Y	N	N	N	N	N	N	N	N	N	N	0.0000	0.0000	0.0000	0.0000	0.0000	0.0000	0.0000	0.0000	0.0000	0.0000	0.0000	0.0000	0.0000	0.0000	0.0000	0.0000	0.0000	0.0000	0.0000	0.0000	1.0000	2.0000	2.0000	3.0000	0.0000	0.0000	0.0000	0.0000	0.0000	0.0000	0.0000	0.0000	0.0000	0.0000	0.0000	0.0000	0.0000	0.0000	0.0000	0.0000	0.0000	0.0000	0.0410	0.0366	0.0044	0.0157	0.0148	0.0008	0.0253	0.0217	0.0036	0.0321	0.0097	0.0224	0.0026	0.0015	0.0010	0.0296	0.0082	0.0214	0.0000	0.0000	0.0000	0.0000	0.0000	0.0000	0.0000	0.0000	0.0000	0.0000	0.0000	0.0000	0.0000	0.0000	0.0000	0.0000	0.0000	0.0000											
27	91	0.1725	5	0	1	0	0	0	0	0	0	N	N	N	N	N	N	N	N	N	N	N	N	0.0000	0.0000	0.0000	0.0000	0.0000	0.0000	0.0000	0.0000	0.0000	0.0000	0.0000	0.0000	0.0000	0.1935	0.6107	0.0000	1.9432	2.7931	0.0000	0.0000	0.0000	0.0000	0.0000	0.0000	-0.0022	1.0000	2.0705	2.0000	0.0351	0.0000	0.0000	0.0000	0.0000	0.0000	0.0000	0.0000	0.0000	0.0000	0.0029	0.0029	0.0000	0.0029	0.0029	0.0000	0.0000	0.0000	0.0000	0.0478	0.0431	0.0047	0.0213	0.0204	0.0009	0.0265	0.0227	0.0038	0.0149	0.0047	0.0102	0.0015	0.0010	0.0005	0.0134	0.0037	0.0097	0.0000	0.0000	0.0000	0.0000	0.0000	0.0000	0.0000	0.0000	0.0000	0.1935	0.6107	0.0000	1.9432	2.7931	0.0000	0.0000	0.0000	0.0000						
27	92	0.1471	4	0	1	0	0	0	0	0	0	N	N	N	N	N	N	N	N	N	N	N	N	0.0000	0.0000	0.0000	0.0000	0.0000	0.0000	0.0000	0.0000	0.0000	0.0000	0.0000	0.0000	0.0000	0.0000	0.0000	0.0000	0.4205	0.8879	0.1648	2.3865	3.0121	0.0000	0.1227	0.0000	0.1721	0.3393	0.0000	-0.0056	1.0000	3.4249	2.0000	0.1413	0.0000	0.0000	0.0000	0.0000	0.0000	0.0000	0.0000	0.0000	0.0000	0.0113	0.0084	0.0029	0.0084	0.0084	0.0000	0.0029	0.0000	0.0029	0.0928	0.0843	0.0085	0.0486	0.0462	0.0024	0.0442	0.0381	0.0061	0.0268	0.0095	0.0173	0.0035	0.0028	0.0007	0.0233	0.0067	0.0166	0.0000	0.0000	0.0000	0.0000	0.0000	0.0000	0.0000	0.0000	0.0000	0.4205	0.8879	0.1648	2.3865	3.0121	0.0000	0.1227	0.0000	0.1721			
27	98	0.2840	9	0	1	0	0	0	0	0	0	N	N	N	N	N	N	N	N	N	N	N	N	0.0000	0.0000	0.0000	0.0000	0.0000	0.0000	0.0000	0.0000	0.0000	0.0000	0.0000	0.0000	0.0000	0.0000	0.0000	0.0000	0.8375	0.0013	1.8647	0.0021	0.0023	0.0000	1.2442	0.0000	1.9445	1199.0000	0.0000	0.0240	1.0000	4.9999	2.0000	9.0821	0.0000	0.0000	0.0000	0.0000	0.0000	0.0000	0.0000	0.0000	0.0000	0.0960	0.0001	0.0959	0.0001	0.0001	0.0000	0.0959	0.0000	0.0959	0.1409	0.1282	0.0127	0.0763	0.0719	0.0044	0.0646	0.0564	0.0082	0.1146	0.0632	0.0514	0.0375	0.0354	0.0021	0.0771	0.0278	0.0493	0.0000	0.0000	0.0000	0.0000	0.0000	0.0000	0.0000	0.0000	0.0000	0.8375	0.0013	1.8647	0.0021	0.0023	0.0000	1.2442	0.0000	1.9445			
28	29	0.1454	3	0	2	1	1	0	0	0	0	N	Y	N	N	N	N	N	N	N	N	N	N	0.6438	0.2496	0.1098	0.0804	inf	inf	0.0005	0.0006	0.0000	0.0006	0.0006	0.0000	0.0005	0.0006	0.0000	0.0008	0.0023	0.0000	0.0052	0.0076	0.0000	0.0000	0.0000	0.0000	0.0000	0.0000	-0.0001	-0.0002	3.9334	7.9836	8.9999	2.1583	0.0004	0.0004	0.0000	0.0001	0.0001	0.0000	0.0003	0.0003	0.0000	0.0002	0.0002	0.0000	0.0002	0.0002	0.0000	0.0000	0.0000	0.0000	0.7230	0.6457	0.0773	0.1919	0.1793	0.0126	0.5311	0.4664	0.0647	0.2768	0.0958	0.1810	0.0421	0.0288	0.0133	0.2346	0.0670	0.1676	0.6438	0.2496	0.0000	0.1098	0.0804	0.0000	inf	inf	0.0000	0.0008	0.0023	0.0000	0.0052	0.0076	0.0000	0.0000	0.0000	0.0000			
28	33	0.1859	4	1	1	2	1	0	0	0	0	N	N	Y	N	N	N	N	N	N	N	N	N	0.0000	0.0000	0.0000	0.0000	0.0000	0.0000	0.0000	0.0000	0.0000	0.0000	0.0000	0.0000	0.0000	0.0000	0.0000	0.0000	0.0000	19.7929	0.0006	30.9268	0.0244	0.0015	1.7573	23.4119	0.0000	31.9745	99479.5086	0.0000	0.4995	3.9334	0.9991	8.9999	2.0219	0.0000	0.0000	0.0000	0.0000	0.0000	0.0000	0.0000	0.0000	0.0000	1.9896	0.0000	1.9896	0.0004	0.0000	0.0004	1.9892	0.0000	1.9892	0.0757	0.0670	0.0086	0.0222	0.0210	0.0011	0.0535	0.0460	0.0075	0.1005	0.0362	0.0643	0.0156	0.0134	0.0021	0.0850	0.0228	0.0622	0.0000	0.0000	0.0000	0.0000	0.0000	0.0000	0.0000	0.0000	0.0000	19.7929	0.0006	30.9268	0.0244	0.0015	0.1698	23.4119	0.0000	31.9745		
28	35	0.1859	4	1	1	2	1	0	0	0	0	N	N	Y	N	N	N	N	N	N	N	N	N	0.0000	0.0000	0.0000	0.0000	0.0000	0.0000	0.0000	0.0000	0.0000	0.0000	0.0000	0.0000	0.0000	0.1478	0.3906	0.0000	0.8239	0.9240	0.0000	0.0000	0.0000	0.0000	0.0000	0.0000	-0.0080	3.9334	0.0009	8.9999	1.9867	0.0000	0.0000	0.0000	0.0000	0.0000	0.0000	0.0000	0.0000	0.0000	0.0107	0.0107	0.0000	0.0107	0.0107	0.0000	0.0000	0.0000	0.0000	0.0001	0.0001	0.0000	0.0001	0.0000	0.0000	0.0001	0.0001	0.0000	0.0723	0.0274	0.0450	0.0130	0.0116	0.0014	0.0593	0.0158	0.0435	0.0000	0.0000	0.0000	0.0000	0.0000	0.0000	0.0000	0.0000	0.0000	0.1478	0.3906	0.0000	0.8239	0.9240	0.0000	0.0000	0.0000	0.0000						
28	36	0.1680	3	1	1	2	1	0	0	0	0	N	N	Y	N	N	N	N	N	N	N	N	N	0.0000	0.0000	0.0000	0.0000	0.0000	0.0000	0.0000	0.0000	0.0000	0.0000	0.0000	0.0000	0.0000	0.0000	0.0000	0.1308	0.0135	0.1899	0.0000	0.0000	0.0000	0.1533	0.5316	0.2057	27.8939	0.0000	0.0023	3.9334	1.0009	8.9999	2.0357	0.0000	0.0000	0.0000	0.0000	0.0000	0.0000	0.0000	0.0000	0.0000	0.0107	0.0004	0.0103	0.0000	0.0000	0.0000	0.0107	0.0004	0.0103	0.0757	0.0671	0.0087	0.0221	0.0210	0.0011	0.0537	0.0461	0.0075	0.0817	0.0274	0.0544	0.0120	0.0078	0.0042	0.0697	0.0196	0.0502	0.0000	0.0000	0.0000	0.0000	0.0000	0.0000	0.0000	0.0000	0.0000	0.1308	0.0135	0.1899	0.0000	0.0000	0.0000	0.1533	0.0189	0.2057				
28	37	0.1680	3	1	1	2	1	0	0	0	0	N	N	Y	N	N	N	N	N	N	N	N	N	0.0000	0.0000	0.0000	0.0000	0.0000	0.0000	0.0000	0.0000	0.0000	0.0000	0.0000	0.0000	0.0000	9.4302	0.0000	14.1808	0.0000	0.0000	0.0000	11.0484	0.0000	15.3724	inf	0.0000	0.2511	3.9334	1.0000	8.9999	3.0000	0.0000	0.0000	0.0000	0.0000	0.0000	0.0000	0.0000	0.0000	0.0000	1.0000	0.0000	1.0000	0.0000	0.0000	0.0000	1.0000	0.0000	1.0000	0.0757	0.0670	0.0087	0.0221	0.0209	0.0011	0.0536	0.0461	0.0075	0.1060	0.0355	0.0705	0.0155	0.0101	0.0055	0.0905	0.0255	0.0651	0.0000	0.0000	0.0000	0.0000	0.0000	0.0000	0.0000	0.0000	0.0000	9.4302	0.0000	14.1808	0.0000	0.0000	0.0000	11.0484	0.0000	15.3724						
28	40	0.2019	6	1	2	2	1	0	0	0	0	N	Y	Y	N	N	N	N	N	N	N	N	N	0.0000	0.0000	0.0000	0.0000	0.0000	0.0000	0.0000	0.0000	0.0000	0.0000	0.0000	0.0000	0.0000	0.0000	0.0000	0.0000	0.0000	0.0000	0.0000	0.0000	3.9334	0.0000	8.9999	0.0000	0.0000	0.0000	0.0000	0.0000	0.0000	0.0000	0.0000	0.0000	0.0000	0.0000	0.0000	0.0000	0.0000	0.0000	0.0000	0.0000	0.0000	0.0000	0.0000	0.0000	0.0000	0.0000	0.0000	0.0000	0.0000	0.0000	0.0000	0.0000	0.0000	0.0000	0.0000	0.0000	0.0000	0.0000	0.0000	0.0000	0.0000	0.0000	0.0000	0.0000	0.0000	0.0000	0.0000	0.0000	0.0000	0.0000	0.0000	0.0000	0.0000	0.0000	0.0000	0.0000	0.0000	0.0000											
28	41	0.2019	5	1	2	2	1	0	0	0	0	N	Y	Y	N	N	N	N	N	N	N	N	N	0.0000	0.0000	0.0000	0.0000	0.0000	0.0000	0.0000	0.0000	0.0000	0.0000	0.0000	0.0000	0.0000	0.0000	0.0000	0.0000	0.0000	0.0000	0.0000	0.0000	3.9334	1.0000	8.9999	1.9999	0.0000	0.0000	0.0000	0.0000	0.0000	0.0000	0.0000	0.0000	0.0000	0.0000	0.0000	0.0000	0.0000	0.0000	0.0000	0.0000	0.0000	0.0000	0.0837	0.0741	0.0096	0.0182	0.0172	0.0010	0.0655	0.0569	0.0086	0.0838	0.0277	0.0561	0.0119	0.0078	0.0041	0.0718	0.0199	0.0520	0.0000	0.0000	0.0000	0.0000	0.0000	0.0000	0.0000	0.0000	0.0000	0.0000	0.0000	0.0000	0.0000	0.0000	0.0000	0.0000	0.0000	0.0000											
28	42	0.2388	4	1	2	1	1	0	0	0	0	N	Y	N	N	N	N	N	N	N	N	N	N	1712.4658	690.0754	inf	137.3978	67.9409	inf	inf	inf	0.9346	0.9337	0.9429	0.3492	0.1888	1.6921	1.6348	1.8193	0.0000	0.0005	0.0014	0.0000	0.0025	0.0028	0.0000	0.0000	0.0000	0.0000	0.1176	0.0000	-0.0000	-0.0000	3.9334	0.0007	8.9999	2.0242	0.0002	0.0002	0.0000	0.0000	0.0000	0.0000	0.0002	0.0002	0.0000	0.0001	0.0001	0.0000	0.0001	0.0001	0.0000	0.0000	0.0000	0.0000	0.0002	0.0002	0.0000	0.0001	0.0001	0.0000	0.0001	0.0001	0.0000	0.0916	0.0370	0.0547	0.0197	0.0180	0.0017	0.0719	0.0190	0.0530	1712.4658	690.0754	inf	137.3978	67.9409	inf	inf	inf	0.0000	0.0005	0.0014	0.0000	0.0025	0.0028	0.0000	0.0000	0.0000	0.0000	
28	43	0.1420	2	0	2	1	2	0	0	0	0	N	Y	N	Y	N	N	N	N	N	N	N	N	0.0000	0.0000	0.0000	0.0000	0.0000	0.0000	0.0000	0.0000	0.0000	0.0000	0.0000	0.0000	0.0000	0.0000	0.0000	0.0000	0.0000	0.0000	0.0000	0.0000	3.9334	0.0000	8.9999	0.0000	0.0000	0.0000	0.0000	0.0000	0.0000	0.0000	0.0000	0.0000	0.0000	0.0000	0.0000	0.0000	0.0000	0.0000	0.0000	0.0000	0.0000	0.0000	0.0000	0.0000	0.0000	0.0000	0.0000	0.0000	0.0000	0.0000	0.0000	0.0000	0.0000	0.0000	0.0000	0.0000	0.0000	0.0000	0.0000	0.0000	0.0000	0.0000	0.0000	0.0000	0.0000	0.0000	0.0000	0.0000	0.0000	0.0000	0.0000	0.0000	0.0000	0.0000	0.0000	0.0000	0.0000	0.0000											
28	44	0.1420	2	0	1	1	2	0	0	0	0	N	N	N	Y	N	N	N	N	N	N	N	N	0.0000	0.0000	0.0000	0.0000	0.0000	0.0000	0.0000	0.0000	0.0000	0.0000	0.0000	0.0000	0.0000	0.0000	0.0000	0.0000	0.0000	0.0000	0.0000	0.0000	3.9334	0.0000	8.9999	0.0000	0.0000	0.0000	0.0000	0.0000	0.0000	0.0000	0.0000	0.0000	0.0000	0.0000	0.0000	0.0000	0.0000	0.0000	0.0000	0.0000	0.0000	0.0000	0.0000	0.0000	0.0000	0.0000	0.0000	0.0000	0.0000	0.0000	0.0000	0.0000	0.0000	0.0000	0.0000	0.0000	0.0000	0.0000	0.0000	0.0000	0.0000	0.0000	0.0000	0.0000	0.0000	0.0000	0.0000	0.0000	0.0000	0.0000	0.0000	0.0000	0.0000	0.0000	0.0000	0.0000	0.0000	0.0000											
28	46	0.1680	3	1	1	2	1	0	0	0	0	N	N	Y	N	N	N	N	N	N	N	N	N	0.0000	0.0000	0.0000	0.0000	0.0000	0.0000	0.0000	0.0000	0.0000	0.0000	0.0000	0.0000	0.0000	0.0000	0.0000	0.0000	0.0000	0.0000	0.0000	0.0000	3.9334	0.0000	8.9999	2.0000	0.0000	0.0000	0.0000	0.0000	0.0000	0.0000	0.0000	0.0000	0.0000	0.0000	0.0000	0.0000	0.0000	0.0000	0.0000	0.0000	0.0000	0.0000	0.0000	0.0000	0.0000	0.0000	0.0000	0.0000	0.0000	0.0000	0.0000	0.0547	0.0183	0.0364	0.0080	0.0053	0.0028	0.0467	0.0130	0.0336	0.0000	0.0000	0.0000	0.0000	0.0000	0.0000	0.0000	0.0000	0.0000	0.0000	0.0000	0.0000	0.0000	0.0000	0.0000	0.0000	0.0000	0.0000											
28	47	0.1830	4	1	2	1	1	0	0	0	0	N	Y	N	N	N	N	N	N	N	N	N	N	0.7498	0.3395	0.6557	0.5348	0.0004	0.0005	0.0000	0.0019	0.0021	0.0000	0.0000	0.0000	0.0000	0.0006	0.0015	0.0000	0.0029	0.0039	0.0000	0.0000	0.0000	0.0000	0.0000	0.0000	-0.0000	-0.0000	3.9334	0.9991	8.9999	2.0273	0.0000	0.0000	0.0000	0.0000	0.0000	0.0000	0.0000	0.0000	0.0000	0.0001	0.0001	0.0000	0.0001	0.0001	0.0000	0.0000	0.0000	0.0000	0.0843	0.0742	0.0102	0.0197	0.0180	0.0018	0.0646	0.0562	0.0084	0.0847	0.0337	0.0510	0.0173	0.0129	0.0044	0.0674	0.0208	0.0465	0.7498	0.3395	0.0000	0.6557	0.5348	0.0000	0.0000	0.0000	0.0000	0.0006	0.0015	0.0000	0.0029	0.0039	0.0000	0.0000	0.0000	0.0000					
28	48	0.1454	3	1	2	1	1	0	0	0	0	N	Y	N	N	N	N	N	N	N	N	N	N	554.1454	244.6818	0.9509	218.5508	171.8118	inf	1057.3957	31.3282	0.1073	0.7708	0.8521	0.0002	1.4652	1.5580	0.0009	0.3278	0.3718	0.0000	0.0014	0.0035	0.0002	0.0067	0.0091	0.0000	0.0003	0.0119	0.0003	0.0000	0.1250	-0.0636	-0.0002	3.9334	3.1828	8.9999	3.1571	0.3214	0.3214	0.0000	0.2380	0.2380	0.0000	0.0834	0.0834	0.0000	0.0003	0.0002	0.0000	0.0002	0.0002	0.0000	0.0000	0.0000	0.0000	0.4170	0.3772	0.0398	0.1624	0.1527	0.0097	0.2546	0.2245	0.0301	0.1941	0.0689	0.1252	0.0328	0.0243	0.0086	0.1613	0.0447	0.1166	554.1454	244.6818	0.9509	218.5508	171.8118	inf	1057.3957	830.1097	0.1073	0.0014	0.0035	0.0002	0.0067	0.0091	0.0000	0.0003	0.0004	0.0003
28	49	0.1412	2	0	2	1	1	0	0	0	0	N	Y	N	N	N	N	N	N	N	N	N	N	534.7546	332.0349	570.2231	477.6921	415.3465	inf	268.4557	4.3661	101.7970	2.2644	2.3443	1.3664	3.1524	3.1845	2.6715	0.9381	1.0223	0.2581	0.0042	0.0071	0.0024	0.0066	0.0077	0.0000	0.0035	0.2341	0.0025	0.0518	0.5218	-0.0764	-0.0001	3.9334	0.8922	8.9999	1.0748	0.5143	0.4890	0.0254	0.4289	0.4061	0.0228	0.0855	0.0829	0.0026	0.0003	0.0002	0.0001	0.0001	0.0001	0.0000	0.0002	0.0001	0.0001	0.2271	0.2086	0.0186	0.1361	0.1275	0.0085	0.0911	0.0811	0.0100	0.0827	0.0326	0.0501	0.0197	0.0170	0.0027	0.0630	0.0156	0.0473	534.7546	332.0349	570.2231	477.6921	415.3465	inf	268.4557	159.6931	101.7970	0.0042	0.0071	0.0024	0.0066	0.0077	0.0000	0.0035	0.0064	0.0025
28	50	0.1680	3	0	2	1	1	0	0	0	0	N	Y	N	N	N	N	N	N	N	N	N	N	0.0000	0.0000	0.0000	0.0000	0.0000	0.0000	0.0000	0.0000	0.0000	0.0000	0.0000	0.0000	0.0000	0.0000	0.0000	0.0000	0.0000	0.0000	0.0000	0.0000	3.9334	0.0000	8.9999	0.0000	0.0000	0.0000	0.0000	0.0000	0.0000	0.0000	0.0000	0.0000	0.0000	0.0000	0.0000	0.0000	0.0000	0.0000	0.0000	0.0000	0.0000	0.0000	0.0000	0.0000	0.0000	0.0000	0.0000	0.0000	0.0000	0.0000	0.0000	0.0000	0.0000	0.0000	0.0000	0.0000	0.0000	0.0000	0.0000	0.0000	0.0000	0.0000	0.0000	0.0000	0.0000	0.0000	0.0000	0.0000	0.0000	0.0000	0.0000	0.0000	0.0000	0.0000	0.0000	0.0000	0.0000	0.0000											
28	51	0.1680	3	1	2	1	1	0	0	0	0	N	Y	N	N	N	N	N	N	N	N	N	N	0.0000	0.0000	0.0000	0.0000	0.0000	0.0000	0.0000	0.0000	0.0000	0.0000	0.0000	0.0000	0.0000	9.4302	0.0000	14.1808	0.0000	0.0000	0.0000	11.0484	0.0000	15.3724	inf	0.0000	0.2511	3.9334	1.0000	8.9999	3.0000	0.0000	0.0000	0.0000	0.0000	0.0000	0.0000	0.0000	0.0000	0.0000	1.0000	0.0000	1.0000	0.0000	0.0000	0.0000	1.0000	0.0000	1.0000	0.0757	0.0670	0.0087	0.0221	0.0209	0.0011	0.0536	0.0461	0.0075	0.1060	0.0355	0.0705	0.0155	0.0101	0.0055	0.0905	0.0255	0.0651	0.0000	0.0000	0.0000	0.0000	0.0000	0.0000	0.0000	0.0000	0.0000	9.4302	0.0000	14.1808	0.0000	0.0000	0.0000	11.0484	0.0000	15.3724						
28	52	0.1542	2	0	1	1	1	0	0	0	0	N	N	N	N	N	N	N	N	N	N	N	N	17.2751	0.4096	inf	2.2888	0.5103	inf	inf	inf	0.1233	0.0065	0.9996	0.0692	0.0193	0.6452	0.1493	0.0000	1.0999	0.0071	0.0160	0.0000	0.0302	0.0378	0.0000	0.0000	0.0000	0.0000	20.3648	0.0000	0.0253	-0.0008	3.9334	3.0179	8.9999	1.1627	0.0335	0.0016	0.0320	0.0061	0.0016	0.0046	0.0274	0.0000	0.0274	0.0011	0.0011	0.0000	0.0011	0.0011	0.0000	0.0000	0.0000	0.0000	0.2721	0.2401	0.0320	0.0885	0.0815	0.0071	0.1836	0.1587	0.0249	0.1485	0.0664	0.0821	0.0351	0.0281	0.0070	0.1135	0.0383	0.0752	17.2751	0.4096	inf	2.2888	0.5103	inf	inf	0.0000	inf	0.0071	0.0160	0.0000	0.0302	0.0378	0.0000	0.0000	0.0000	0.0000	
28	53	0.1680	3	1	2	2	1	0	0	0	0	N	Y	Y	N	N	N	N	N	N	N	N	N	inf	inf	inf	inf	3.4499	3.8914	0.0000	0.0000	0.0000	0.0000	4.8346	5.6089	0.0000	0.0000	0.0000	0.0000	0.0000	0.0000	0.0000	0.0000	0.0000	0.0000	0.0000	-0.1978	0.0000	3.9334	4.0000	8.9999	1.0000	1.0000	1.0000	0.0000	0.0000	0.0000	0.0000	1.0000	1.0000	0.0000	0.0000	0.0000	0.0000	0.0000	0.0000	0.0000	0.0000	0.0000	0.0000	0.2899	0.2570	0.0329	0.0830	0.0787	0.0043	0.2068	0.1783	0.0286	0.1305	0.0437	0.0868	0.0191	0.0123	0.0068	0.1114	0.0315	0.0800	inf	inf	0.0000	0.0000	0.0000	0.0000	inf	inf	0.0000	0.0000	0.0000	0.0000	0.0000	0.0000	0.0000	0.0000	0.0000	0.0000						
28	54	0.1542	2	0	2	1	1	0	0	0	0	N	Y	N	N	N	N	N	N	N	N	N	N	1313.1030	559.6962	inf	3.4598	0.0354	inf	inf	inf	inf	5.2932	5.8176	1.3875	0.0707	0.0010	0.8761	7.9310	8.9541	1.5366	0.0040	0.0104	0.0000	0.0204	0.0282	0.0000	0.0000	0.0000	0.0000	0.0320	0.0000	-0.1719	-0.0008	3.9334	2.0683	8.9999	6.9961	1.0305	0.9985	0.0320	0.0046	0.0001	0.0046	1.0258	0.9984	0.0274	0.0011	0.0011	0.0000	0.0011	0.0011	0.0000	0.0000	0.0000	0.0000	0.1947	0.1716	0.0230	0.0653	0.0601	0.0052	0.1293	0.1115	0.0178	0.2630	0.1020	0.1610	0.0519	0.0376	0.0143	0.2111	0.0644	0.1467	1313.1030	559.6962	inf	3.4598	0.0354	inf	inf	inf	inf	0.0040	0.0104	0.0000	0.0204	0.0282	0.0000	0.0000	0.0000	0.0000
28	56	0.1680	3	1	1	2	1	0	0	0	0	N	N	Y	N	N	N	N	N	N	N	N	N	0.9049	0.3433	1.0845	0.3621	3.4499	3.8914	0.0000	0.0000	0.0000	0.0000	4.8346	5.6089	0.0000	3.8124	11.3366	0.0000	0.0000	0.0000	0.0000	4.4578	15.4902	0.0000	0.0000	0.0000	-0.1978	-0.7489	3.9334	4.0000	8.9999	7.0000	1.0000	1.0000	0.0000	0.0000	0.0000	0.0000	1.0000	1.0000	0.0000	1.0000	1.0000	0.0000	0.0000	0.0000	0.0000	1.0000	1.0000	0.0000	0.2899	0.2570	0.0329	0.0830	0.0787	0.0043	0.2068	0.1783	0.0286	0.2623	0.0882	0.1741	0.0380	0.0237	0.0143	0.2243	0.0646	0.1598	0.9049	0.3433	0.0000	0.0000	0.0000	0.0000	1.0845	0.3621	0.0000	3.8124	11.3366	0.0000	0.0000	0.0000	0.0000	4.4578	15.4902	0.0000					
28	57	0.2327	6	0	2	1	1	0	0	0	0	N	Y	N	N	N	N	N	N	N	N	N	N	68.1805	32.4282	inf	2.4911	1.0906	inf	inf	inf	inf	1.0641	1.1468	0.3409	0.1527	0.0889	1.0562	1.5340	1.7268	0.1410	0.0156	0.0354	0.0000	0.0613	0.0815	0.0000	0.0000	0.0000	0.0000	0.0340	0.0000	-0.1606	-0.0047	3.9334	9.7645	8.9999	7.4558	0.9738	0.9418	0.0320	0.0475	0.0259	0.0217	0.9263	0.9160	0.0104	0.0063	0.0063	0.0000	0.0063	0.0063	0.0000	0.0000	0.0000	0.0000	0.9152	0.8212	0.0940	0.3113	0.2908	0.0205	0.6039	0.5304	0.0734	0.4017	0.1773	0.2245	0.1023	0.0769	0.0254	0.2994	0.1004	0.1990	68.1805	32.4282	inf	2.4911	1.0906	inf	inf	inf	inf	0.0156	0.0354	0.0000	0.0613	0.0815	0.0000	0.0000	0.0000	0.0000
28	58	0.2883	7	0	1	2	1	0	0	0	0	N	N	Y	N	N	N	N	N	N	N	N	N	0.0000	0.0000	0.0000	0.0000	0.0000	0.0000	0.0000	0.0000	0.0000	0.0000	0.0000	0.0000	0.0000	0.4700	1.0138	0.0000	1.7295	2.3209	0.0000	0.0000	0.0000	0.0000	0.0000	0.0000	-0.0085	3.9334	1.0009	8.9999	0.0163	0.0000	0.0000	0.0000	0.0000	0.0000	0.0000	0.0000	0.0000	0.0000	0.0113	0.0113	0.0000	0.0113	0.0113	0.0000	0.0000	0.0000	0.0000	0.1211	0.1082	0.0128	0.0574	0.0526	0.0048	0.0637	0.0556	0.0081	0.0241	0.0112	0.0129	0.0065	0.0049	0.0017	0.0175	0.0063	0.0112	0.0000	0.0000	0.0000	0.0000	0.0000	0.0000	0.0000	0.0000	0.0000	0.4700	1.0138	0.0000	1.7295	2.3209	0.0000	0.0000	0.0000	0.0000						
28	59	0.2729	6	0	1	1	1	0	0	0	0	N	N	N	N	N	N	N	N	N	N	N	N	0.0002	0.0000	0.1371	0.0119	0.0000	637.7293	0.0000	0.0000	0.0000	0.0000	0.0000	0.0004	0.0001	0.0000	0.0012	0.0000	0.0000	0.0000	0.2351	0.5228	0.0030	0.0085	0.0114	0.0000	0.3171	1.7076	0.0034	inf	0.0071	0.0000	-0.0085	3.9334	1.9961	8.9999	0.0521	0.0000	0.0000	0.0000	0.0000	0.0000	0.0000	0.0000	0.0000	0.0000	0.0114	0.0113	0.0001	0.0001	0.0001	0.0000	0.0113	0.0112	0.0001	0.2288	0.2043	0.0245	0.0992	0.0910	0.0082	0.1296	0.1133	0.0163	0.0486	0.0217	0.0269	0.0129	0.0096	0.0033	0.0357	0.0121	0.0235	0.0002	0.0000	0.1371	0.0119	0.0000	637.7293	0.0000	0.0000	0.0000	0.2351	0.5228	0.0030	0.0085	0.0114	0.0000	0.3171	0.9264	0.0034
28	60	0.2651	5	0	1	1	1	0	0	0	0	N	N	N	N	N	N	N	N	N	N	N	N	2.6828	0.7697	61.9706	7.2647	2.9144	inf	0.0000	0.0000	0.0000	0.0144	0.0079	0.0866	0.0311	0.0165	0.2627	0.0000	0.0000	0.0000	0.0054	0.0102	0.0014	0.0043	0.0057	0.0000	0.0058	0.4881	0.0016	1.0000	0.1667	0.0000	-0.0001	3.9334	0.0081	8.9999	1.0507	0.0000	0.0000	0.0000	0.0000	0.0000	0.0000	0.0000	0.0000	0.0000	0.0001	0.0001	0.0000	0.0000	0.0000	0.0000	0.0001	0.0001	0.0000	0.0014	0.0013	0.0001	0.0006	0.0006	0.0000	0.0007	0.0007	0.0001	0.0261	0.0118	0.0143	0.0070	0.0053	0.0017	0.0191	0.0065	0.0126	2.6828	0.7697	61.9706	7.2647	2.9144	inf	0.0000	0.0000	0.0000	0.0054	0.0102	0.0014	0.0043	0.0057	0.0000	0.0058	0.0139	0.0016
28	61	0.2164	4	0	1	1	1	0	0	0	0	N	N	N	N	N	N	N	N	N	N	N	N	4.3795	0.0017	3949.4297	0.6449	0.0024	inf	229.7079	0.0000	3824.7388	0.0371	0.0000	0.3449	0.0201	0.0001	0.2798	0.0465	0.0000	0.3653	0.0085	0.0194	0.0001	0.0312	0.0382	0.0000	0.0002	0.0119	0.0001	1228.3131	0.0059	0.0098	-0.0013	3.9334	3.0167	8.9999	3.2580	0.0123	0.0000	0.0123	0.0024	0.0000	0.0024	0.0099	0.0000	0.0099	0.0017	0.0017	0.0000	0.0017	0.0017	0.0000	0.0000	0.0000	0.0000	0.3311	0.2955	0.0356	0.1180	0.1096	0.0085	0.2131	0.1860	0.0271	0.2019	0.0874	0.1145	0.0538	0.0440	0.0098	0.1481	0.0434	0.1047	4.3795	0.0017	3949.4297	0.6449	0.0024	inf	229.7079	0.0005	3824.7388	0.0085	0.0194	0.0001	0.0312	0.0382	0.0000	0.0002	0.0005	0.0001
28	62	0.1416	3	0	2	1	1	0	0	0	0	N	Y	N	N	N	N	N	N	N	N	N	N	0.1400	0.0000	inf	0.1420	0.0000	inf	0.0993	0.0000	inf	0.6644	0.0000	5.7973	0.9299	0.0000	11.3651	0.4460	0.0000	3.1501	4.7459	13.8250	0.0000	6.5462	6.6513	0.0000	4.4912	17.7788	0.0000	inf	0.0000	0.2694	-0.8990	3.9334	3.3327	8.9999	4.3103	0.3359	0.0000	0.3359	0.2122	0.0000	0.2122	0.1237	0.0000	0.1237	1.2004	1.2004	0.0000	0.2052	0.2052	0.0000	0.9952	0.9952	0.0000	0.5055	0.4476	0.0579	0.2282	0.2095	0.0187	0.2773	0.2381	0.0393	0.2529	0.0868	0.1661	0.0313	0.0309	0.0005	0.2216	0.0560	0.1656	0.1400	0.0000	inf	0.1420	0.0000	inf	0.0993	0.0000	inf	4.7459	13.8250	0.0000	6.5462	6.6513	0.0000	4.4912	17.7788	0.0000
28	63	0.1175	2	0	1	1	1	0	0	0	0	N	N	N	N	N	N	N	N	N	N	N	N	0.6974	0.2668	3.8442	0.2234	0.1195	inf	0.5498	0.1608	2.2025	1.1156	0.5437	5.3568	1.7640	0.9679	9.5159	0.5818	0.1754	3.0782	1.5997	2.0378	1.3935	7.8964	8.1009	0.0000	1.0582	1.0908	1.3976	1.3286	1.4530	0.2176	-0.0472	3.9334	3.2669	8.9999	2.4507	0.5839	0.2507	0.3332	0.4169	0.2074	0.2095	0.1670	0.0433	0.1237	0.3016	0.1229	0.1786	0.1179	0.1179	0.0000	0.1837	0.0051	0.1786	0.5234	0.4612	0.0622	0.2364	0.2143	0.0220	0.2870	0.2468	0.0402	0.1885	0.0603	0.1282	0.0149	0.0146	0.0004	0.1736	0.0458	0.1278	0.6974	0.2668	3.8442	0.2234	0.1195	inf	0.5498	1.5853	2.2025	1.5997	2.0378	1.3935	7.8964	8.1009	0.0000	1.0582	0.1107	1.3976
28	64	0.2019	6	1	1	2	1	0	0	0	0	N	N	Y	N	N	N	N	N	N	N	N	N	0.0000	0.0000	0.0000	0.0000	0.0000	0.0000	0.0000	0.0000	0.0000	0.0000	0.0000	0.0000	0.0000	0.0000	0.0000	0.0000	0.0000	0.0000	0.0000	0.0000	3.9334	0.0000	8.9999	1.0000	0.0000	0.0000	0.0000	0.0000	0.0000	0.0000	0.0000	0.0000	0.0000	0.0000	0.0000	0.0000	0.0000	0.0000	0.0000	0.0000	0.0000	0.0000	0.0000	0.0000	0.0000	0.0000	0.0000	0.0000	0.0000	0.0000	0.0000	0.0290	0.0096	0.0194	0.0041	0.0027	0.0014	0.0249	0.0068	0.0180	0.0000	0.0000	0.0000	0.0000	0.0000	0.0000	0.0000	0.0000	0.0000	0.0000	0.0000	0.0000	0.0000	0.0000	0.0000	0.0000	0.0000	0.0000											
28	65	0.2019	5	1	1	2	1	0	0	0	0	N	N	Y	N	N	N	N	N	N	N	N	N	0.0000	0.0000	0.0000	0.0000	0.0000	0.0000	0.0000	0.0000	0.0000	0.0000	0.0000	0.0000	0.0000	0.0000	0.0000	0.0000	0.0000	0.0000	0.0000	0.0000	3.9334	0.0000	8.9999	0.0001	0.0000	0.0000	0.0000	0.0000	0.0000	0.0000	0.0000	0.0000	0.0000	0.0000	0.0000	0.0000	0.0000	0.0000	0.0000	0.0000	0.0000	0.0000	0.0000	0.0000	0.0000	0.0000	0.0000	0.0000	0.0000	0.0000	0.0000	0.0000	0.0000	0.0000	0.0000	0.0000	0.0000	0.0000	0.0000	0.0000	0.0000	0.0000	0.0000	0.0000	0.0000	0.0000	0.0000	0.0000	0.0000	0.0000	0.0000	0.0000	0.0000	0.0000	0.0000	0.0000	0.0000	0.0000											
28	66	0.1896	4	1	1	2	1	0	0	0	0	N	N	Y	N	N	N	N	N	N	N	N	N	0.0000	0.0000	0.0000	0.0000	0.0000	0.0000	0.0000	0.0000	0.0000	0.0000	0.0000	0.0000	0.0000	0.0003	0.0007	0.0000	0.0011	0.0013	0.0000	0.0000	0.0000	0.0000	0.0000	0.0000	-0.0000	3.9334	1.9720	8.9999	0.0923	0.0000	0.0000	0.0000	0.0000	0.0000	0.0000	0.0000	0.0000	0.0000	0.0000	0.0000	0.0000	0.0000	0.0000	0.0000	0.0000	0.0000	0.0000	0.1653	0.1464	0.0188	0.0365	0.0346	0.0019	0.1287	0.1118	0.0169	0.0772	0.0291	0.0481	0.0180	0.0151	0.0029	0.0593	0.0140	0.0453	0.0000	0.0000	0.0000	0.0000	0.0000	0.0000	0.0000	0.0000	0.0000	0.0003	0.0007	0.0000	0.0011	0.0013	0.0000	0.0000	0.0000	0.0000						
28	67	0.1680	3	1	1	2	1	0	0	0	0	N	N	Y	N	N	N	N	N	N	N	N	N	0.0000	0.0000	0.0000	0.0000	0.0000	0.0000	0.0000	0.0000	0.0000	0.0000	0.0000	0.0000	0.0000	0.0000	0.0000	0.0002	0.0003	0.0001	0.0000	0.0000	0.0000	0.0002	0.0104	0.0001	1.0000	0.0000	-0.0000	3.9334	3.0650	8.9999	1.0636	0.0000	0.0000	0.0000	0.0000	0.0000	0.0000	0.0000	0.0000	0.0000	0.0000	0.0000	0.0000	0.0000	0.0000	0.0000	0.0000	0.0000	0.0000	0.2251	0.1995	0.0256	0.0648	0.0615	0.0034	0.1603	0.1380	0.0222	0.1092	0.0366	0.0726	0.0160	0.0104	0.0056	0.0932	0.0262	0.0670	0.0000	0.0000	0.0000	0.0000	0.0000	0.0000	0.0000	0.0000	0.0000	0.0002	0.0003	0.0001	0.0000	0.0000	0.0000	0.0002	0.0004	0.0001				
28	68	0.1751	3	0	2	1	2	0	0	0	0	N	Y	N	Y	N	N	N	N	N	N	N	N	15.1969	0.0000	inf	0.4001	0.0000	inf	inf	inf	0.0404	0.0000	0.3684	0.0054	0.0000	0.0680	0.0645	0.0000	0.4955	0.0027	0.0069	0.0000	0.0136	0.0178	0.0000	0.0000	0.0000	0.0000	inf	0.0000	0.0112	-0.0004	3.9334	2.7513	8.9999	4.0954	0.0140	0.0000	0.0140	0.0008	0.0000	0.0008	0.0132	0.0000	0.0132	0.0006	0.0006	0.0000	0.0006	0.0006	0.0000	0.0000	0.0000	0.0000	0.3454	0.3075	0.0379	0.1409	0.1296	0.0113	0.2045	0.1779	0.0266	0.2256	0.0875	0.1381	0.0442	0.0337	0.0105	0.1814	0.0538	0.1276	15.1969	0.0000	inf	0.4001	0.0000	inf	inf	0.0000	inf	0.0027	0.0069	0.0000	0.0136	0.0178	0.0000	0.0000	0.0000	0.0000	
28	71	0.1680	3	0	2	1	1	0	0	0	0	N	Y	N	N	N	N	N	N	N	N	N	N	0.0000	0.0000	0.0000	0.0000	0.0000	0.0000	0.0000	0.0000	0.0000	0.0000	0.0000	0.0000	0.0000	0.0000	0.0000	0.0000	0.0000	0.0000	0.0000	0.0000	3.9334	2.0000	8.9999	3.0000	0.0000	0.0000	0.0000	0.0000	0.0000	0.0000	0.0000	0.0000	0.0000	0.0000	0.0000	0.0000	0.0000	0.0000	0.0000	0.0000	0.0000	0.0000	0.1491	0.1321	0.0170	0.0432	0.0410	0.0022	0.1059	0.0911	0.0148	0.1305	0.0437	0.0868	0.0191	0.0123	0.0068	0.1114	0.0315	0.0800	0.0000	0.0000	0.0000	0.0000	0.0000	0.0000	0.0000	0.0000	0.0000	0.0000	0.0000	0.0000	0.0000	0.0000	0.0000	0.0000	0.0000	0.0000											
28	72	0.1412	2	0	1	1	1	0	0	0	0	N	N	N	N	N	N	N	N	N	N	N	N	1882.5501	759.1110	912.8909	746.0120	inf	inf	1.5044	1.6825	0.0000	4.1104	4.4077	0.0000	0.2746	0.3134	0.0000	0.0008	0.0022	0.0000	0.0045	0.0059	0.0000	0.0000	0.0000	0.0000	0.0000	0.0000	-0.1495	-0.0001	3.9334	4.7932	8.9999	0.2507	0.7557	0.7557	0.0000	0.6620	0.6620	0.0000	0.0937	0.0937	0.0000	0.0001	0.0001	0.0000	0.0001	0.0001	0.0000	0.0000	0.0000	0.0000	0.5023	0.4492	0.0532	0.1611	0.1502	0.0109	0.3413	0.2990	0.0423	0.1627	0.0587	0.1040	0.0289	0.0220	0.0069	0.1338	0.0367	0.0972	1882.5501	759.1110	0.0000	912.8909	746.0120	0.0000	inf	inf	0.0000	0.0008	0.0022	0.0000	0.0045	0.0059	0.0000	0.0000	0.0000	0.0000			
28	74	0.1175	2	0	2	1	1	0	0	0	0	N	Y	N	N	N	N	N	N	N	N	N	N	0.3730	2854.0750	0.0056	771.2287	832.6102	inf	0.2165	inf	0.0085	1.5358	1.7447	0.0339	2.0699	2.2936	0.0095	0.9602	1.1182	0.0513	4.1174	0.0006	6.0085	0.0027	0.0028	0.0000	4.4352	0.0000	6.0247	0.0027	21397.2500	-0.1247	0.2149	3.9334	1.8678	8.9999	4.6278	0.6389	0.6372	0.0017	0.4467	0.4465	0.0002	0.1922	0.1907	0.0015	0.8559	0.0000	0.8559	0.0000	0.0000	0.0000	0.8559	0.0000	0.8559	0.4160	0.3652	0.0508	0.2158	0.1947	0.0211	0.2002	0.1706	0.0296	0.2079	0.0654	0.1424	0.0149	0.0145	0.0004	0.1930	0.0509	0.1421	0.3730	2854.0750	0.0056	771.2287	832.6102	inf	0.2165	inf	0.0085	4.1174	0.0006	6.0085	0.0027	0.0028	0.0000	4.4352	0.0000	6.0247
28	78	0.2212	5	1	2	1	2	0	0	0	0	N	Y	N	Y	N	N	N	N	N	N	N	N	0.2966	0.0000	inf	0.0708	0.0000	inf	0.0001	0.0000	0.0009	0.0004	0.0000	0.0069	0.0000	0.0000	0.0000	0.0004	0.0011	0.0000	0.0060	0.0094	0.0000	0.0000	0.0000	0.0000	inf	0.0000	0.0000	-0.0000	3.9334	1.0000	8.9999	2.0144	0.0000	0.0000	0.0000	0.0000	0.0000	0.0000	0.0000	0.0000	0.0000	0.0000	0.0000	0.0000	0.0000	0.0000	0.0000	0.0000	0.0000	0.0000	0.0940	0.0831	0.0108	0.0235	0.0220	0.0014	0.0705	0.0611	0.0094	0.1115	0.0378	0.0737	0.0066	0.0042	0.0024	0.1048	0.0336	0.0713	0.2966	0.0000	inf	0.0708	0.0000	inf	0.0000	0.0000	0.0000	0.0004	0.0011	0.0000	0.0060	0.0094	0.0000	0.0000	0.0000	0.0000			
28	79	0.1990	4	1	2	1	2	0	0	0	0	N	Y	N	Y	N	N	N	N	N	N	N	N	4120.9521	3133.0050	0.0000	inf	inf	0.0000	0.0000	0.0000	1.4862	1.6814	0.0000	5.8847	6.2739	0.0000	0.0000	0.0000	0.0000	0.0004	0.0005	0.0003	0.0000	0.0000	0.0000	0.0004	0.0143	0.0003	0.0000	1.0000	-0.0000	-0.0000	3.9334	0.0001	8.9999	3.0180	0.0000	0.0000	0.0000	0.0000	0.0000	0.0000	0.0000	0.0000	0.0000	0.0000	0.0000	0.0000	0.0000	0.0000	0.0000	0.0000	0.0000	0.0000	0.0000	0.0000	0.0000	0.0000	0.0000	0.0000	0.0000	0.0000	0.0000	0.1109	0.0373	0.0736	0.0059	0.0036	0.0023	0.1050	0.0337	0.0713	4120.9521	3133.0050	0.0000	inf	inf	0.0000	0.0000	0.0000	0.0000	0.0004	0.0005	0.0003	0.0000	0.0000	0.0000	0.0004	0.0006	0.0003	
28	80	0.2210	6	0	2	1	2	0	0	0	0	N	Y	N	Y	N	N	N	N	N	N	N	N	0.0000	0.0000	0.0000	0.0000	0.0000	0.0000	0.0000	0.0000	0.0000	0.0000	0.0000	0.0000	0.0000	0.0000	0.0000	0.0000	0.0000	0.0000	0.0000	0.0000	3.9334	0.0000	8.9999	0.0000	0.0000	0.0000	0.0000	0.0000	0.0000	0.0000	0.0000	0.0000	0.0000	0.0000	0.0000	0.0000	0.0000	0.0000	0.0000	0.0000	0.0000	0.0000	0.0000	0.0000	0.0000	0.0000	0.0000	0.0000	0.0000	0.0000	0.0000	0.0000	0.0000	0.0000	0.0000	0.0000	0.0000	0.0000	0.0000	0.0000	0.0000	0.0000	0.0000	0.0000	0.0000	0.0000	0.0000	0.0000	0.0000	0.0000	0.0000	0.0000	0.0000	0.0000	0.0000	0.0000	0.0000	0.0000											
28	81	0.1990	4	0	1	2	2	0	0	0	0	N	N	Y	Y	N	N	N	N	N	N	N	N	0.0000	0.0000	0.0000	0.0000	0.0000	0.0000	0.0000	0.0000	0.0000	0.0000	0.0000	0.0000	0.0000	0.0000	0.0000	0.0000	0.0000	0.0000	0.0000	0.0000	3.9334	2.0000	8.9999	0.0000	0.0000	0.0000	0.0000	0.0000	0.0000	0.0000	0.0000	0.0000	0.0000	0.0000	0.0000	0.0000	0.0000	0.0000	0.0000	0.0000	0.0000	0.0000	0.1838	0.1627	0.0211	0.0454	0.0426	0.0028	0.1384	0.1201	0.0183	0.0749	0.0251	0.0498	0.0040	0.0024	0.0015	0.0709	0.0227	0.0482	0.0000	0.0000	0.0000	0.0000	0.0000	0.0000	0.0000	0.0000	0.0000	0.0000	0.0000	0.0000	0.0000	0.0000	0.0000	0.0000	0.0000	0.0000											
28	82	0.1990	4	0	1	2	2	0	0	0	0	N	N	Y	Y	N	N	N	N	N	N	N	N	0.0000	0.0000	0.0000	0.0000	0.0000	0.0000	0.0000	0.0000	0.0000	0.0000	0.0000	0.0000	0.0000	0.0000	0.0000	0.0000	0.0000	0.0000	0.0000	0.0000	3.9334	0.0000	8.9999	4.0000	0.0000	0.0000	0.0000	0.0000	0.0000	0.0000	0.0000	0.0000	0.0000	0.0000	0.0000	0.0000	0.0000	0.0000	0.0000	0.0000	0.0000	0.0000	0.0000	0.0000	0.0000	0.0000	0.0000	0.0000	0.0000	0.0000	0.0000	0.1444	0.0486	0.0958	0.0078	0.0047	0.0030	0.1366	0.0438	0.0928	0.0000	0.0000	0.0000	0.0000	0.0000	0.0000	0.0000	0.0000	0.0000	0.0000	0.0000	0.0000	0.0000	0.0000	0.0000	0.0000	0.0000	0.0000											
28	83	0.2210	6	0	1	2	2	0	0	0	0	N	N	Y	Y	N	N	N	N	N	N	N	N	0.0000	0.0000	0.0000	0.0000	0.0000	0.0000	0.0000	0.0000	0.0000	0.0000	0.0000	0.0000	0.0000	0.0000	0.0000	0.0000	0.0000	0.0000	0.0000	0.0000	3.9334	0.0000	8.9999	2.0000	0.0000	0.0000	0.0000	0.0000	0.0000	0.0000	0.0000	0.0000	0.0000	0.0000	0.0000	0.0000	0.0000	0.0000	0.0000	0.0000	0.0000	0.0000	0.0000	0.0000	0.0000	0.0000	0.0000	0.0000	0.0000	0.0000	0.0000	0.0744	0.0245	0.0499	0.0034	0.0018	0.0016	0.0709	0.0227	0.0482	0.0000	0.0000	0.0000	0.0000	0.0000	0.0000	0.0000	0.0000	0.0000	0.0000	0.0000	0.0000	0.0000	0.0000	0.0000	0.0000	0.0000	0.0000											
28	84	0.2137	5	0	1	1	2	0	0	0	0	N	N	N	Y	N	N	N	N	N	N	N	N	0.0000	0.0000	0.0000	0.0000	0.0000	0.0000	0.0000	0.0000	0.0000	0.0000	0.0000	0.0000	0.0000	0.0000	0.0000	0.0000	0.0000	0.0000	0.0000	0.0000	3.9334	1.0000	8.9999	0.0015	0.0000	0.0000	0.0000	0.0000	0.0000	0.0000	0.0000	0.0000	0.0000	0.0000	0.0000	0.0000	0.0000	0.0000	0.0000	0.0000	0.0000	0.0000	0.0940	0.0831	0.0108	0.0235	0.0220	0.0014	0.0705	0.0611	0.0094	0.0385	0.0128	0.0257	0.0021	0.0013	0.0009	0.0364	0.0116	0.0248	0.0000	0.0000	0.0000	0.0000	0.0000	0.0000	0.0000	0.0000	0.0000	0.0000	0.0000	0.0000	0.0000	0.0000	0.0000	0.0000	0.0000	0.0000											
28	85	0.1990	4	0	1	1	2	0	0	0	0	N	N	N	Y	N	N	N	N	N	N	N	N	0.0000	0.0000	0.0000	0.0000	0.0000	0.0000	0.0000	0.0000	0.0000	0.0000	0.0000	0.0000	0.0000	0.0000	0.0000	0.0000	0.0000	0.0000	0.0000	0.0000	3.9334	0.0000	8.9999	2.0013	0.0000	0.0000	0.0000	0.0000	0.0000	0.0000	0.0000	0.0000	0.0000	0.0000	0.0000	0.0000	0.0000	0.0000	0.0000	0.0000	0.0000	0.0000	0.0000	0.0000	0.0000	0.0000	0.0000	0.0000	0.0000	0.0000	0.0000	0.0750	0.0252	0.0498	0.0040	0.0024	0.0015	0.0710	0.0227	0.0483	0.0000	0.0000	0.0000	0.0000	0.0000	0.0000	0.0000	0.0000	0.0000	0.0000	0.0000	0.0000	0.0000	0.0000	0.0000	0.0000	0.0000	0.0000											
28	86	0.2388	4	1	2	1	1	0	0	0	0	N	Y	N	N	N	N	N	N	N	N	N	N	1159.1099	537.1575	inf	126.2590	65.1513	inf	inf	inf	0.9346	0.9337	0.9429	0.3492	0.1888	1.6921	1.6348	1.8193	0.0000	0.0008	0.0017	0.0000	0.0028	0.0029	0.0000	0.0000	0.0000	0.0000	0.1176	0.0000	-0.0000	-0.0000	3.9334	0.0007	8.9999	0.9812	0.0002	0.0002	0.0000	0.0000	0.0000	0.0000	0.0002	0.0002	0.0000	0.0001	0.0001	0.0000	0.0001	0.0001	0.0000	0.0000	0.0000	0.0000	0.0002	0.0002	0.0000	0.0001	0.0001	0.0000	0.0001	0.0001	0.0000	0.0620	0.0288	0.0332	0.0181	0.0173	0.0008	0.0439	0.0115	0.0324	1159.1099	537.1575	inf	126.2590	65.1513	inf	inf	inf	0.0000	0.0008	0.0017	0.0000	0.0028	0.0029	0.0000	0.0000	0.0000	0.0000	
28	87	0.1830	3	1	2	1	1	0	0	0	0	N	Y	N	N	N	N	N	N	N	N	N	N	3003.6337	1260.1225	62.1599	20.2803	13.8314	inf	25222.0414	986.4741	40.0604	4.1976	4.7483	0.0116	0.3894	0.4116	0.0370	5.5263	6.3961	0.0077	0.0014	0.0038	0.0002	0.0192	0.0298	0.0000	0.0002	0.0065	0.0002	0.0003	0.0968	-0.3804	-0.0002	3.9334	5.0272	8.9999	2.1572	1.9263	1.9257	0.0006	0.0462	0.0460	0.0003	1.8801	1.8797	0.0004	0.0003	0.0003	0.0000	0.0003	0.0003	0.0000	0.0000	0.0000	0.0000	0.4589	0.4055	0.0534	0.1187	0.1117	0.0070	0.3402	0.2939	0.0463	0.2433	0.0823	0.1610	0.0151	0.0097	0.0054	0.2282	0.0725	0.1557	3003.6337	1260.1225	62.1599	20.2803	13.8314	inf	25222.0414	23195.9062	40.0604	0.0014	0.0038	0.0002	0.0192	0.0298	0.0000	0.0002	0.0003	0.0002
28	88	0.2363	5	0	2	1	1	0	0	0	0	N	Y	N	N	N	N	N	N	N	N	N	N	0.0000	0.0000	0.0000	0.0000	0.0000	0.0000	0.0000	0.0000	0.0000	0.0000	0.0000	0.0000	0.0000	6.8998	20.1258	0.0000	0.0000	0.0000	0.0000	7.4496	23.5675	0.0000	0.0000	0.0000	-0.7489	3.9334	0.0000	8.9999	4.0000	0.0000	0.0000	0.0000	0.0000	0.0000	0.0000	0.0000	0.0000	0.0000	1.0000	1.0000	0.0000	0.0000	0.0000	0.0000	1.0000	1.0000	0.0000	0.0000	0.0000	0.0000	0.0000	0.0000	0.0000	0.0000	0.0000	0.0000	0.1449	0.0497	0.0952	0.0107	0.0073	0.0034	0.1342	0.0424	0.0918	0.0000	0.0000	0.0000	0.0000	0.0000	0.0000	0.0000	0.0000	0.0000	6.8998	20.1258	0.0000	0.0000	0.0000	0.0000	7.4496	23.5675	0.0000						
28	89	0.1990	4	0	2	1	1	0	0	0	0	N	Y	N	N	N	N	N	N	N	N	N	N	0.0000	0.0000	0.0000	0.0000	0.0000	0.0000	0.0000	0.0000	0.0000	0.0000	0.0000	0.0000	0.0000	0.0000	0.0000	0.0000	0.0000	0.0000	0.0000	0.0000	3.9334	3.0000	8.9999	2.0000	0.0000	0.0000	0.0000	0.0000	0.0000	0.0000	0.0000	0.0000	0.0000	0.0000	0.0000	0.0000	0.0000	0.0000	0.0000	0.0000	0.0000	0.0000	0.2698	0.2389	0.0308	0.0658	0.0618	0.0040	0.2040	0.1771	0.0269	0.1772	0.0597	0.1175	0.0096	0.0058	0.0038	0.1676	0.0538	0.1138	0.0000	0.0000	0.0000	0.0000	0.0000	0.0000	0.0000	0.0000	0.0000	0.0000	0.0000	0.0000	0.0000	0.0000	0.0000	0.0000	0.0000	0.0000											
28	90	0.1990	4	1	2	1	1	0	0	0	0	N	Y	N	N	N	N	N	N	N	N	N	N	0.0000	0.0000	0.0000	0.0000	0.0000	0.0000	0.0000	0.0000	0.0000	0.0000	0.0000	0.0000	0.0000	0.0000	0.0000	0.0000	0.0000	0.0000	0.0000	0.0000	3.9334	2.0000	8.9999	3.0000	0.0000	0.0000	0.0000	0.0000	0.0000	0.0000	0.0000	0.0000	0.0000	0.0000	0.0000	0.0000	0.0000	0.0000	0.0000	0.0000	0.0000	0.0000	0.1838	0.1627	0.0211	0.0454	0.0426	0.0028	0.1384	0.1201	0.0183	0.1772	0.0597	0.1175	0.0096	0.0058	0.0038	0.1676	0.0538	0.1138	0.0000	0.0000	0.0000	0.0000	0.0000	0.0000	0.0000	0.0000	0.0000	0.0000	0.0000	0.0000	0.0000	0.0000	0.0000	0.0000	0.0000	0.0000											
28	91	0.1830	3	0	1	1	1	0	0	0	0	N	N	N	N	N	N	N	N	N	N	N	N	1330.4561	525.8799	inf	17.2240	13.2011	inf	inf	inf	inf	4.7868	5.4550	0.0223	0.8421	0.8907	0.0688	6.4107	7.5330	0.0147	0.0036	0.0104	0.0000	0.0489	0.0675	0.0000	0.0000	0.0000	0.0000	0.0006	0.0000	-0.2069	-0.0002	3.9334	2.0705	8.9999	0.0351	1.0488	1.0482	0.0006	0.0538	0.0535	0.0003	0.9950	0.9946	0.0003	0.0003	0.0003	0.0000	0.0003	0.0003	0.0000	0.0000	0.0000	0.0000	0.2191	0.1921	0.0269	0.0639	0.0601	0.0038	0.1552	0.1320	0.0232	0.0806	0.0280	0.0526	0.0059	0.0043	0.0016	0.0747	0.0237	0.0510	1330.4561	525.8799	inf	17.2240	13.2011	inf	inf	inf	inf	0.0036	0.0104	0.0000	0.0489	0.0675	0.0000	0.0000	0.0000	0.0000
28	92	0.1576	2	0	1	1	1	0	0	0	0	N	N	N	N	N	N	N	N	N	N	N	N	66.3981	24.8646	602.6087	20.7424	18.0142	inf	109.0786	0.5114	691.8745	0.3080	0.2204	1.0059	0.4190	0.4330	0.1798	0.2392	0.0744	1.1992	0.0046	0.0089	0.0017	0.0202	0.0240	0.0000	0.0022	0.1455	0.0017	0.5731	0.2679	0.0227	-0.0004	3.9334	3.4249	8.9999	0.1413	0.1361	0.0865	0.0496	0.0709	0.0692	0.0017	0.0652	0.0173	0.0479	0.0007	0.0006	0.0001	0.0004	0.0004	0.0000	0.0003	0.0001	0.0001	0.4420	0.3927	0.0493	0.1692	0.1599	0.0093	0.2728	0.2328	0.0400	0.1530	0.0632	0.0899	0.0208	0.0175	0.0033	0.1322	0.0457	0.0865	66.3981	24.8646	602.6087	20.7424	18.0142	inf	109.0786	24.2896	691.8745	0.0046	0.0089	0.0017	0.0202	0.0240	0.0000	0.0022	0.0031	0.0017
28	98	0.2945	7	0	1	1	1	0	0	0	0	N	N	N	N	N	N	N	N	N	N	N	N	1.0297	12.2785	0.0000	14.3604	13.6282	0.0000	0.0079	inf	0.0000	1.9803	2.2066	0.0000	4.0569	4.4451	0.0000	0.0230	0.0261	0.0000	1.9232	0.1797	4.2034	0.2825	0.3262	0.5557	2.8982	0.0000	4.8764	0.0000	17.8839	-0.2760	0.2002	3.9334	4.9999	8.9999	9.0821	1.3953	1.3953	0.0000	1.3869	1.3869	0.0000	0.0084	0.0084	0.0000	1.0107	0.0535	0.9571	0.0553	0.0535	0.0018	0.9553	0.0000	0.9553	0.7046	0.6323	0.0723	0.3419	0.3120	0.0299	0.3627	0.3203	0.0424	0.5255	0.2978	0.2277	0.1959	0.1641	0.0318	0.3296	0.1337	0.1959	1.0297	12.2785	0.0000	14.3604	13.6282	0.0000	0.0079	inf	0.0000	1.9232	0.1797	4.2034	0.2825	0.3262	0.0572	2.8982	0.0000	4.8764
29	30	0.1248	3	1	2	0	0	0	0	0	0	N	Y	N	N	N	N	N	N	N	N	N	N	0.5783	0.7606	0.4903	0.7459	0.5350	0.4141	inf	0.5189	0.0004	0.0004	0.0004	0.0010	0.0011	0.0000	0.0003	0.0002	0.0005	0.0008	0.0006	0.0009	0.0014	0.0021	0.0000	0.0007	0.0000	0.0009	0.1129	2.7500	-0.0001	-0.0000	7.9836	9.9334	2.1583	11.0001	0.0007	0.0006	0.0001	0.0004	0.0004	0.0000	0.0003	0.0003	0.0001	0.0003	0.0001	0.0002	0.0001	0.0001	0.0000	0.0002	0.0000	0.0002	1.5582	1.3926	0.1656	0.3480	0.3273	0.0206	1.2102	1.0653	0.1449	0.3918	0.1367	0.2551	0.0577	0.0389	0.0188	0.3341	0.0978	0.2363	0.5783	0.7606	0.4903	0.7459	0.5350	0.0000	0.4141	inf	0.5189	0.0008	0.0006	0.0009	0.0014	0.0021	0.0000	0.0007	0.0000	0.0009	
29	31	0.1248	3	0	1	1	0	0	0	0	0	N	N	N	N	N	N	N	N	N	N	N	N	0.2294	0.0000	inf	0.0000	0.0000	inf	inf	0.0001	0.0000	0.0012	0.0000	0.0000	0.0000	0.0002	0.0000	0.0014	0.0005	0.0016	0.0000	0.0035	0.0050	0.0000	0.0000	0.0000	0.0000	inf	0.0000	0.0001	-0.0001	7.9836	2.9334	2.1583	4.9999	0.0001	0.0000	0.0001	0.0000	0.0000	0.0000	0.0001	0.0000	0.0001	0.0001	0.0001	0.0000	0.0001	0.0001	0.0000	0.0000	0.0000	0.0000	0.5666	0.5062	0.0604	0.1621	0.1511	0.0110	0.4045	0.3552	0.0494	0.1857	0.0640	0.1217	0.0288	0.0199	0.0089	0.1569	0.0441	0.1128	0.2294	0.0000	inf	0.0000	0.0000	0.0000	inf	0.0000	inf	0.0005	0.0016	0.0000	0.0035	0.0050	0.0000	0.0000	0.0000	0.0000		
29	32	0.1248	3	0	2	0	0	0	0	0	0	N	Y	N	N	N	N	N	N	N	N	N	N	0.0030	0.0011	0.0005	0.0004	inf	inf	0.0006	0.0007	0.0000	0.0007	0.0007	0.0000	0.0006	0.0007	0.0000	0.2111	0.6130	0.0000	1.3544	1.9582	0.0000	0.0000	0.0000	0.0000	0.0000	0.0000	-0.0001	-0.0266	7.9836	3.0666	2.1583	3.9999	0.0004	0.0004	0.0000	0.0001	0.0001	0.0000	0.0003	0.0003	0.0000	0.0355	0.0355	0.0000	0.0355	0.0355	0.0000	0.0000	0.0000	0.0000	0.5878	0.5251	0.0627	0.1662	0.1549	0.0113	0.4216	0.3702	0.0514	0.1681	0.0579	0.1102	0.0262	0.0181	0.0081	0.1419	0.0398	0.1022	0.0030	0.0011	0.0000	0.0005	0.0004	0.0000	inf	inf	0.0000	0.2111	0.6130	0.0000	1.3544	1.9582	0.0000	0.0000	0.0000	0.0000			
29	33	0.1259	4	1	1	1	0	0	0	0	0	N	N	N	N	N	N	N	N	N	N	N	N	12962.7451	5266.1505	0.0000	0.1840	0.1698	0.0000	337255.0849	52213369.4749	0.0000	6.3257	7.1008	0.0000	0.0005	0.0006	0.0000	8.2937	9.5160	0.0000	0.0005	0.0013	0.0000	0.0029	0.0033	0.0010	0.0000	0.0000	0.0000	0.0000	0.0595	-0.1976	-0.0000	7.9836	0.9991	2.1583	2.0219	0.9991	0.9991	0.0000	0.0000	0.0000	0.0000	0.9991	0.9991	0.0000	0.0000	0.0000	0.0000	0.0000	0.0000	0.0000	0.0000	0.0000	0.0000	0.1579	0.1407	0.0172	0.0375	0.0357	0.0018	0.1205	0.1050	0.0155	0.0870	0.0297	0.0573	0.0140	0.0122	0.0019	0.0730	0.0176	0.0554	12962.7451	5266.1505	0.0000	0.1840	0.1698	0.0000	337255.0849	52213369.4749	0.0000	0.0005	0.0013	0.0000	0.0029	0.0033	0.0003	0.0000	0.0000	0.0000
29	34	0.1248	3	0	2	0	0	0	0	0	0	N	Y	N	N	N	N	N	N	N	N	N	N	1832.2127	3305.5271	0.0000	0.5744	0.4221	2638.0394	inf	0.0000	1.1441	1.2813	0.0000	0.0005	0.0005	0.0000	1.5301	1.7418	0.0000	0.0006	0.0004	0.0007	0.0009	0.0013	0.0000	0.0006	0.0000	0.0008	0.0000	3.6667	-0.1978	0.0000	7.9836	4.9334	2.1583	5.0001	1.0000	1.0000	0.0000	0.0001	0.0001	0.0000	0.9999	0.9999	0.0000	0.0001	0.0000	0.0001	0.0000	0.0000	0.0000	0.0001	0.0000	0.0001	0.8740	0.7805	0.0936	0.2206	0.2064	0.0142	0.6535	0.5741	0.0794	0.2242	0.0774	0.1468	0.0346	0.0238	0.0108	0.1897	0.0536	0.1360	1832.2127	3305.5271	0.0000	0.5744	0.4221	0.0000	2638.0394	inf	0.0000	0.0006	0.0004	0.0007	0.0009	0.0013	0.0000	0.0006	0.0000	0.0008	
29	35	0.1259	4	1	1	1	0	0	0	0	0	N	N	N	N	N	N	N	N	N	N	N	N	3547.1532	1527.0373	0.0000	1868.4789	1696.1674	0.0000	5.0206	518.5754	0.0000	3.4170	4.0270	0.0000	9.6202	9.7927	0.0000	0.0001	0.0001	0.0000	0.0010	0.0026	0.0000	0.0051	0.0058	0.0001	0.0000	0.0000	0.0000	0.0000	0.0201	-0.0002	-0.0000	7.9836	0.0009	2.1583	1.9867	0.0009	0.0009	0.0000	0.0009	0.0009	0.0000	0.0000	0.0000	0.0000	0.0001	0.0001	0.0000	0.0001	0.0001	0.0000	0.0000	0.0000	0.0000	0.0003	0.0002	0.0000	0.0001	0.0001	0.0000	0.0002	0.0001	0.0000	0.0624	0.0223	0.0400	0.0115	0.0102	0.0013	0.0509	0.0121	0.0388	3547.1532	1527.0373	0.0000	1868.4789	1696.1674	0.0000	5.0206	518.5754	0.0000	0.0010	0.0026	0.0000	0.0051	0.0058	0.0001	0.0000	0.0000	0.0000
29	36	0.1080	3	1	1	1	0	0	0	0	0	N	N	N	N	N	N	N	N	N	N	N	N	3.7853	1.2683	0.0000	0.0000	inf	inf	0.0057	0.0064	0.0000	0.0000	0.0000	0.0000	0.0075	0.0085	0.0000	0.0015	0.0050	0.0000	0.0218	0.0219	0.0000	0.0000	0.0000	0.0000	0.0000	0.0000	-0.0002	-0.0001	7.9836	1.0009	2.1583	2.0357	0.0009	0.0009	0.0000	0.0000	0.0000	0.0000	0.0009	0.0009	0.0000	0.0001	0.0001	0.0000	0.0001	0.0001	0.0000	0.0000	0.0000	0.0000	0.1581	0.1408	0.0173	0.0373	0.0355	0.0018	0.1208	0.1053	0.0155	0.0747	0.0223	0.0524	0.0051	0.0051	0.0000	0.0696	0.0172	0.0524	3.7853	1.2683	0.0000	0.0000	0.0000	0.0000	inf	inf	0.0000	0.0015	0.0050	0.0000	0.0218	0.0219	0.0000	0.0000	0.0000	0.0000			
29	37	0.1080	3	1	1	1	0	0	0	0	0	N	N	N	N	N	N	N	N	N	N	N	N	0.0000	0.0000	0.0000	0.0000	0.0000	0.0000	0.0000	0.0000	0.0000	0.0000	0.0000	0.0000	0.0000	0.2591	0.8660	0.0000	3.7980	3.8040	0.0000	0.0000	0.0000	0.0000	0.0000	0.0000	-0.0188	7.9836	1.0000	2.1583	3.0000	0.0000	0.0000	0.0000	0.0000	0.0000	0.0000	0.0000	0.0000	0.0000	0.0251	0.0251	0.0000	0.0251	0.0251	0.0000	0.0000	0.0000	0.0000	0.1580	0.1407	0.0172	0.0373	0.0355	0.0018	0.1207	0.1052	0.0155	0.0967	0.0289	0.0678	0.0066	0.0066	0.0000	0.0901	0.0223	0.0678	0.0000	0.0000	0.0000	0.0000	0.0000	0.0000	0.0000	0.0000	0.0000	0.2591	0.8660	0.0000	3.7980	3.8040	0.0000	0.0000	0.0000	0.0000						
29	38	0.1248	3	0	1	1	0	0	0	0	0	N	N	N	N	N	N	N	N	N	N	N	N	0.0106	0.0034	inf	0.0015	0.0011	inf	inf	inf	0.0007	0.0007	0.0011	0.0007	0.0007	0.0000	0.0008	0.0007	0.0014	0.0709	0.2062	0.0000	0.4535	0.6542	0.0000	0.0000	0.0000	0.0000	0.1892	0.0000	-0.0000	-0.0078	7.9836	3.0666	2.1583	2.9999	0.0004	0.0004	0.0001	0.0001	0.0001	0.0000	0.0003	0.0003	0.0001	0.0104	0.0104	0.0000	0.0104	0.0104	0.0000	0.0000	0.0000	0.0000	0.5878	0.5251	0.0627	0.1662	0.1549	0.0113	0.4216	0.3702	0.0514	0.1471	0.0506	0.0965	0.0230	0.0159	0.0071	0.1241	0.0346	0.0894	0.0106	0.0034	inf	0.0015	0.0011	0.0000	inf	inf	inf	0.0709	0.2062	0.0000	0.4535	0.6542	0.0000	0.0000	0.0000	0.0000	
29	39	0.1248	3	0	2	0	0	0	0	0	0	N	Y	N	N	N	N	N	N	N	N	N	N	0.0006	0.0000	inf	0.0000	0.0000	inf	inf	0.0001	0.0000	0.0009	0.0000	0.0000	0.0000	0.0001	0.0000	0.0011	0.1736	0.5047	0.0000	1.1092	1.6000	0.0000	0.0000	0.0000	0.0000	inf	0.0000	0.0001	-0.0187	7.9836	3.9334	2.1583	2.0001	0.0001	0.0000	0.0001	0.0000	0.0000	0.0000	0.0001	0.0000	0.0001	0.0250	0.0250	0.0000	0.0250	0.0250	0.0000	0.0000	0.0000	0.0000	0.7230	0.6457	0.0773	0.1919	0.1793	0.0126	0.5311	0.4664	0.0647	0.1442	0.0496	0.0946	0.0226	0.0156	0.0069	0.1216	0.0340	0.0877	0.0006	0.0000	inf	0.0000	0.0000	0.0000	inf	0.0000	inf	0.1736	0.5047	0.0000	1.1092	1.6000	0.0000	0.0000	0.0000	0.0000		
29	40	0.1419	6	1	2	1	0	0	0	0	0	N	Y	N	N	N	N	N	N	N	N	N	N	0.0000	0.0000	0.0000	0.0000	0.0000	0.0000	0.0000	0.0000	0.0000	0.0000	0.0000	0.0000	0.0000	0.0000	0.0000	0.0000	0.0000	0.0000	0.0000	0.0000	7.9836	0.0000	2.1583	0.0000	0.0000	0.0000	0.0000	0.0000	0.0000	0.0000	0.0000	0.0000	0.0000	0.0000	0.0000	0.0000	0.0000	0.0000	0.0000	0.0000	0.0000	0.0000	0.0000	0.0000	0.0000	0.0000	0.0000	0.0000	0.0000	0.0000	0.0000	0.0000	0.0000	0.0000	0.0000	0.0000	0.0000	0.0000	0.0000	0.0000	0.0000	0.0000	0.0000	0.0000	0.0000	0.0000	0.0000	0.0000	0.0000	0.0000	0.0000	0.0000	0.0000	0.0000	0.0000	0.0000	0.0000	0.0000											
29	41	0.1419	5	1	2	1	0	0	0	0	0	N	Y	N	N	N	N	N	N	N	N	N	N	0.0000	0.0000	0.0000	0.0000	0.0000	0.0000	0.0000	0.0000	0.0000	0.0000	0.0000	0.0000	0.0000	0.3239	1.0812	0.0000	4.5661	4.5749	0.0000	0.0000	0.0000	0.0000	0.0000	0.0000	-0.0187	7.9836	1.0000	2.1583	1.9999	0.0000	0.0000	0.0000	0.0000	0.0000	0.0000	0.0000	0.0000	0.0000	0.0250	0.0250	0.0000	0.0250	0.0250	0.0000	0.0000	0.0000	0.0000	0.1725	0.1536	0.0189	0.0335	0.0317	0.0018	0.1390	0.1219	0.0171	0.0773	0.0231	0.0541	0.0055	0.0055	0.0000	0.0718	0.0177	0.0541	0.0000	0.0000	0.0000	0.0000	0.0000	0.0000	0.0000	0.0000	0.0000	0.3239	1.0812	0.0000	4.5661	4.5749	0.0000	0.0000	0.0000	0.0000						
29	42	0.2661	6	1	2	0	0	0	0	0	0	N	Y	N	N	N	N	N	N	N	N	N	N	0.0001	0.0000	0.0000	0.0000	0.0000	0.0000	0.0000	0.0000	0.0000	0.0000	0.0000	0.0000	0.0000	0.0000	0.0000	0.0000	0.0000	0.3142	0.7157	0.0014	1.2102	1.3103	0.0032	0.0010	0.0000	0.0014	0.0000	0.0024	-0.0000	-0.0176	7.9836	0.0007	2.1583	2.0242	0.0000	0.0000	0.0000	0.0000	0.0000	0.0000	0.0000	0.0000	0.0000	0.0236	0.0235	0.0001	0.0235	0.0235	0.0000	0.0001	0.0000	0.0001	0.0004	0.0004	0.0000	0.0003	0.0003	0.0000	0.0001	0.0001	0.0000	0.0751	0.0329	0.0422	0.0195	0.0180	0.0015	0.0557	0.0149	0.0407	0.0001	0.0000	0.0000	0.0000	0.0000	0.0000	0.0000	0.0000	0.0000	0.3142	0.7157	0.0014	1.2102	1.3103	0.0008	0.0010	0.0000	0.0014	
29	43	0.1693	4	0	2	0	1	0	0	0	0	N	Y	N	N	N	N	N	N	N	N	N	N	0.0000	0.0000	0.0000	0.0000	0.0000	0.0000	0.0000	0.0000	0.0000	0.0000	0.0000	0.0000	0.0000	0.0000	0.0000	0.0000	0.0000	0.0000	0.0000	0.0000	7.9836	0.0000	2.1583	0.0000	0.0000	0.0000	0.0000	0.0000	0.0000	0.0000	0.0000	0.0000	0.0000	0.0000	0.0000	0.0000	0.0000	0.0000	0.0000	0.0000	0.0000	0.0000	0.0000	0.0000	0.0000	0.0000	0.0000	0.0000	0.0000	0.0000	0.0000	0.0000	0.0000	0.0000	0.0000	0.0000	0.0000	0.0000	0.0000	0.0000	0.0000	0.0000	0.0000	0.0000	0.0000	0.0000	0.0000	0.0000	0.0000	0.0000	0.0000	0.0000	0.0000	0.0000	0.0000	0.0000	0.0000	0.0000											
29	44	0.1693	4	0	1	0	1	0	0	0	0	N	N	N	N	N	N	N	N	N	N	N	N	0.0000	0.0000	0.0000	0.0000	0.0000	0.0000	0.0000	0.0000	0.0000	0.0000	0.0000	0.0000	0.0000	0.0000	0.0000	0.0000	0.0000	0.0000	0.0000	0.0000	7.9836	0.0000	2.1583	0.0000	0.0000	0.0000	0.0000	0.0000	0.0000	0.0000	0.0000	0.0000	0.0000	0.0000	0.0000	0.0000	0.0000	0.0000	0.0000	0.0000	0.0000	0.0000	0.0000	0.0000	0.0000	0.0000	0.0000	0.0000	0.0000	0.0000	0.0000	0.0000	0.0000	0.0000	0.0000	0.0000	0.0000	0.0000	0.0000	0.0000	0.0000	0.0000	0.0000	0.0000	0.0000	0.0000	0.0000	0.0000	0.0000	0.0000	0.0000	0.0000	0.0000	0.0000	0.0000	0.0000	0.0000	0.0000											
29	45	0.1248	3	0	1	0	1	0	0	0	0	N	N	N	N	N	N	N	N	N	N	N	N	0.0000	0.0000	0.0000	0.0000	0.0000	0.0000	0.0000	0.0000	0.0000	0.0000	0.0000	0.0000	0.0000	0.1491	0.4331	0.0000	0.9570	1.3836	0.0000	0.0000	0.0000	0.0000	0.0000	0.0000	-0.0188	7.9836	3.0666	2.1583	3.9999	0.0000	0.0000	0.0000	0.0000	0.0000	0.0000	0.0000	0.0000	0.0000	0.0251	0.0251	0.0000	0.0251	0.0251	0.0000	0.0000	0.0000	0.0000	0.5878	0.5251	0.0627	0.1662	0.1549	0.0113	0.4216	0.3702	0.0514	0.1681	0.0579	0.1102	0.0262	0.0181	0.0081	0.1419	0.0398	0.1022	0.0000	0.0000	0.0000	0.0000	0.0000	0.0000	0.0000	0.0000	0.0000	0.1491	0.4331	0.0000	0.9570	1.3836	0.0000	0.0000	0.0000	0.0000						
29	46	0.1080	3	1	1	1	0	0	0	0	0	N	N	N	N	N	N	N	N	N	N	N	N	0.0000	0.0000	0.0000	0.0000	0.0000	0.0000	0.0000	0.0000	0.0000	0.0000	0.0000	0.0000	0.0000	0.4993	1.6773	0.0000	7.1865	7.1975	0.0000	0.0000	0.0000	0.0000	0.0000	0.0000	-0.0187	7.9836	0.0000	2.1583	2.0000	0.0000	0.0000	0.0000	0.0000	0.0000	0.0000	0.0000	0.0000	0.0000	0.0250	0.0250	0.0000	0.0250	0.0250	0.0000	0.0000	0.0000	0.0000	0.0000	0.0000	0.0000	0.0000	0.0000	0.0000	0.0000	0.0000	0.0000	0.0501	0.0149	0.0352	0.0035	0.0035	0.0000	0.0466	0.0114	0.0352	0.0000	0.0000	0.0000	0.0000	0.0000	0.0000	0.0000	0.0000	0.0000	0.4993	1.6773	0.0000	7.1865	7.1975	0.0000	0.0000	0.0000	0.0000						
29	47	0.1146	2	1	2	0	0	0	0	0	0	N	Y	N	N	N	N	N	N	N	N	N	N	1151.3410	481.3294	0.0000	0.1708	0.1765	0.0000	26988.7727	44203.9880	0.0000	5.6781	6.3878	0.0000	0.0063	0.0066	0.0000	6.9360	7.9093	0.0000	0.0049	0.0133	0.0003	0.0366	0.0376	0.0000	0.0003	0.0002	0.0003	0.0000	0.0474	-0.1975	-0.0003	7.9836	0.9991	2.1583	2.0273	0.9984	0.9984	0.0000	0.0002	0.0002	0.0000	0.9982	0.9982	0.0000	0.0004	0.0004	0.0000	0.0004	0.0004	0.0000	0.0000	0.0000	0.0000	0.1758	0.1563	0.0195	0.0319	0.0301	0.0018	0.1439	0.1262	0.0177	0.0812	0.0288	0.0524	0.0105	0.0102	0.0003	0.0708	0.0186	0.0521	1151.3410	481.3294	0.0000	0.1708	0.1765	0.0000	26988.7727	1854798.0025	0.0000	0.0049	0.0133	0.0003	0.0366	0.0376	0.0000	0.0003	0.0000	0.0003
29	50	0.1080	3	0	2	0	0	0	0	0	0	N	Y	N	N	N	N	N	N	N	N	N	N	0.0000	0.0000	0.0000	0.0000	0.0000	0.0000	0.0000	0.0000	0.0000	0.0000	0.0000	0.0000	0.0000	0.0000	0.0000	0.0000	0.0000	0.0000	0.0000	0.0000	7.9836	0.0000	2.1583	0.0000	0.0000	0.0000	0.0000	0.0000	0.0000	0.0000	0.0000	0.0000	0.0000	0.0000	0.0000	0.0000	0.0000	0.0000	0.0000	0.0000	0.0000	0.0000	0.0000	0.0000	0.0000	0.0000	0.0000	0.0000	0.0000	0.0000	0.0000	0.0000	0.0000	0.0000	0.0000	0.0000	0.0000	0.0000	0.0000	0.0000	0.0000	0.0000	0.0000	0.0000	0.0000	0.0000	0.0000	0.0000	0.0000	0.0000	0.0000	0.0000	0.0000	0.0000	0.0000	0.0000	0.0000	0.0000											
29	51	0.1080	3	1	2	0	0	0	0	0	0	N	Y	N	N	N	N	N	N	N	N	N	N	0.0000	0.0000	0.0000	0.0000	0.0000	0.0000	0.0000	0.0000	0.0000	0.0000	0.0000	0.0000	0.0000	0.1080	0.3608	0.0000	1.5823	1.5847	0.0000	0.0000	0.0000	0.0000	0.0000	0.0000	-0.0078	7.9836	1.0000	2.1583	3.0000	0.0000	0.0000	0.0000	0.0000	0.0000	0.0000	0.0000	0.0000	0.0000	0.0104	0.0104	0.0000	0.0104	0.0104	0.0000	0.0000	0.0000	0.0000	0.1580	0.1407	0.0172	0.0373	0.0355	0.0018	0.1207	0.1052	0.0155	0.0967	0.0289	0.0678	0.0066	0.0066	0.0000	0.0901	0.0223	0.0678	0.0000	0.0000	0.0000	0.0000	0.0000	0.0000	0.0000	0.0000	0.0000	0.1080	0.3608	0.0000	1.5823	1.5847	0.0000	0.0000	0.0000	0.0000						
29	52	0.1815	4	0	1	0	0	0	0	0	0	N	N	N	N	N	N	N	N	N	N	N	N	2706.5359	2036.6525	209.0298	0.6000	0.0300	1.1666	10576.6913	2291.2147	278.1705	1.7452	1.9277	0.0887	0.0013	0.0001	0.0230	3.0020	3.4410	0.1082	0.0006	0.0009	0.0004	0.0022	0.0021	0.0197	0.0003	0.0015	0.0004	0.0051	0.6126	-0.1927	-0.0000	7.9836	3.0179	2.1583	1.1627	0.9994	0.9944	0.0050	0.0003	0.0000	0.0003	0.9991	0.9943	0.0047	0.0001	0.0001	0.0000	0.0001	0.0001	0.0000	0.0000	0.0000	0.0000	0.5727	0.5158	0.0569	0.2399	0.2268	0.0130	0.3328	0.2890	0.0438	0.1323	0.0559	0.0764	0.0252	0.0242	0.0010	0.1071	0.0317	0.0754	2706.5359	2036.6525	209.0298	0.6000	0.0300	7.1994	10576.6913	101884.6443	278.1705	0.0006	0.0009	0.0004	0.0022	0.0021	0.0032	0.0003	0.0000	0.0004
29	53	0.1080	3	1	2	1	0	0	0	0	0	N	Y	N	N	N	N	N	N	N	N	N	N	0.0000	0.0000	0.0000	0.0000	0.0000	0.0000	0.0000	0.0000	0.0000	0.0000	0.0000	0.0000	0.0000	0.0000	0.0000	0.0000	0.0000	0.0000	0.0000	0.0000	7.9836	4.0000	2.1583	1.0000	0.0000	0.0000	0.0000	0.0000	0.0000	0.0000	0.0000	0.0000	0.0000	0.0000	0.0000	0.0000	0.0000	0.0000	0.0000	0.0000	0.0000	0.0000	0.6041	0.5386	0.0655	0.1397	0.1331	0.0066	0.4644	0.4055	0.0589	0.1188	0.0356	0.0831	0.0080	0.0080	0.0000	0.1107	0.0276	0.0831	0.0000	0.0000	0.0000	0.0000	0.0000	0.0000	0.0000	0.0000	0.0000	0.0000	0.0000	0.0000	0.0000	0.0000	0.0000	0.0000	0.0000	0.0000											
29	54	0.1815	4	0	2	0	0	0	0	0	0	N	Y	N	N	N	N	N	N	N	N	N	N	37.4016	9.8750	616.3646	8.2012	7.7756	151.7576	134.5032	0.0384	761.7447	0.0260	0.0152	0.1245	0.0333	0.0334	0.0306	0.0205	0.0000	0.1544	0.0007	0.0015	0.0002	0.0041	0.0043	0.0002	0.0002	0.0009	0.0002	0.9015	0.2240	0.0029	-0.0001	7.9836	2.0683	2.1583	6.9961	0.0106	0.0056	0.0050	0.0059	0.0056	0.0003	0.0047	0.0000	0.0047	0.0002	0.0001	0.0000	0.0001	0.0001	0.0000	0.0000	0.0000	0.0000	0.4084	0.3680	0.0405	0.1767	0.1669	0.0098	0.2317	0.2010	0.0307	0.2280	0.0842	0.1437	0.0317	0.0299	0.0019	0.1963	0.0544	0.1419	37.4016	9.8750	616.3646	8.2012	7.7756	210.9602	134.5032	1.6457	761.7447	0.0007	0.0015	0.0002	0.0041	0.0043	0.0001	0.0002	0.0000	0.0002
29	55	0.1248	3	0	1	0	0	0	0	0	0	N	N	N	N	N	N	N	N	N	N	N	N	26.5802	0.0660	7777.3791	0.0803	0.0013	2570102.0966	1462.9407	565.0639	8572.1118	1.3652	0.0096	12.6821	0.0261	0.0006	0.3876	1.8494	0.0131	15.0858	0.0514	0.1458	0.0016	0.3252	0.4720	0.0000	0.0013	0.0000	0.0018	157.8308	0.0212	0.7844	-0.0077	7.9836	3.9265	2.1583	5.0808	0.9856	0.0062	0.9794	0.0050	0.0001	0.0049	0.9806	0.0061	0.9745	0.0106	0.0104	0.0002	0.0104	0.0104	0.0000	0.0002	0.0000	0.0002	0.7219	0.6447	0.0772	0.1917	0.1791	0.0126	0.5302	0.4656	0.0646	0.2067	0.0713	0.1354	0.0320	0.0220	0.0099	0.1748	0.0493	0.1255	26.5802	0.0660	7777.3791	0.0803	0.0013	2570102.0966	1462.9407	7425.1113	8572.1118	0.0514	0.1458	0.0016	0.3252	0.4720	0.0000	0.0013	0.0000	0.0018
29	56	0.1080	3	1	1	1	0	0	0	0	0	N	N	N	N	N	N	N	N	N	N	N	N	0.0000	0.0000	0.0000	0.0000	0.0000	0.0000	0.0000	0.0000	0.0000	0.0000	0.0000	0.0000	0.0000	0.0031	0.0100	0.0000	0.0477	0.0478	0.0000	0.0000	0.0000	0.0000	0.0000	0.0000	-0.0005	7.9836	4.0000	2.1583	7.0000	0.0000	0.0000	0.0000	0.0000	0.0000	0.0000	0.0000	0.0000	0.0000	0.0007	0.0007	0.0000	0.0007	0.0007	0.0000	0.0000	0.0000	0.0000	0.6041	0.5386	0.0655	0.1397	0.1331	0.0066	0.4644	0.4055	0.0589	0.2355	0.0717	0.1638	0.0151	0.0151	0.0000	0.2204	0.0567	0.1638	0.0000	0.0000	0.0000	0.0000	0.0000	0.0000	0.0000	0.0000	0.0000	0.0031	0.0100	0.0000	0.0477	0.0478	0.0000	0.0000	0.0000	0.0000						
29	57	0.2599	8	0	2	0	0	0	0	0	0	N	Y	N	N	N	N	N	N	N	N	N	N	40.2595	19.8209	0.0022	18.2120	18.2153	0.0000	61.6215	106.9801	0.0055	0.5075	0.5587	0.0000	1.1673	1.2338	0.0000	0.0003	0.0004	0.0000	0.0126	0.0282	0.0000	0.0641	0.0677	0.0010	0.0000	0.0000	0.0000	0.0000	0.0006	-0.1922	-0.0030	7.9836	9.7645	2.1583	7.4558	0.9715	0.9715	0.0000	0.9712	0.9712	0.0000	0.0003	0.0003	0.0000	0.0039	0.0039	0.0000	0.0039	0.0039	0.0000	0.0000	0.0000	0.0000	1.9142	1.7390	0.1752	0.8320	0.7871	0.0448	1.0822	0.9518	0.1303	0.3129	0.1399	0.1730	0.0615	0.0582	0.0033	0.2514	0.0817	0.1697	40.2595	19.8209	0.0022	18.2120	18.2153	0.0000	61.6215	314.6220	0.0055	0.0126	0.0282	0.0000	0.0641	0.0677	0.0003	0.0000	0.0000	0.0000
29	58	0.3155	9	0	1	1	0	0	0	0	0	N	N	N	N	N	N	N	N	N	N	N	N	0.2045	0.7725	0.8196	0.6587	0.5598	0.1178	0.1308	0.6738	0.0001	0.0000	0.0009	0.0001	0.0001	0.0011	0.0001	0.0000	0.0007	0.0006	0.0001	0.0011	0.0002	0.0001	0.0095	0.0007	0.0000	0.0010	1.9699	20.6175	0.0000	0.0000	7.9836	1.0009	2.1583	0.0163	0.0000	0.0000	0.0000	0.0000	0.0000	0.0000	0.0000	0.0000	0.0000	0.0000	0.0000	0.0000	0.0000	0.0000	0.0000	0.0000	0.0000	0.0000	0.2491	0.2263	0.0228	0.1387	0.1299	0.0089	0.1104	0.0964	0.0140	0.0186	0.0088	0.0098	0.0039	0.0036	0.0002	0.0147	0.0051	0.0096	0.2045	0.7725	0.8196	0.6587	0.5598	0.7038	0.1308	0.0000	0.6738	0.0006	0.0001	0.0011	0.0002	0.0001	0.0016	0.0007	0.0000	0.0010	
29	59	0.3001	8	0	1	0	0	0	0	0	0	N	N	N	N	N	N	N	N	N	N	N	N	0.1795	0.0631	6.1620	0.0479	0.0482	0.0000	1.7674	9.4373	0.0001	0.0000	0.0002	0.0001	0.0001	0.0000	0.0000	0.0000	0.0004	0.0003	0.0007	0.0000	0.0016	0.0017	0.0000	0.0000	0.0000	0.0000	0.5076	0.0621	0.0000	-0.0000	7.9836	1.9961	2.1583	0.0521	0.0000	0.0000	0.0000	0.0000	0.0000	0.0000	0.0000	0.0000	0.0000	0.0000	0.0000	0.0000	0.0000	0.0000	0.0000	0.0000	0.0000	0.0000	0.4834	0.4391	0.0443	0.2570	0.2411	0.0159	0.2263	0.1979	0.0284	0.0375	0.0170	0.0205	0.0075	0.0071	0.0004	0.0299	0.0099	0.0201	0.1795	0.0631	6.1620	0.0479	0.0482	0.0000	1.7674	0.0000	9.4373	0.0003	0.0007	0.0000	0.0016	0.0017	0.0000	0.0000	0.0000	0.0000	
29	60	0.2924	7	0	1	0	0	0	0	0	0	N	N	N	N	N	N	N	N	N	N	N	N	0.0003	0.0032	0.0000	0.0025	0.0025	0.0000	0.0000	0.0000	0.0000	0.0000	0.0000	0.0000	0.0000	0.0000	0.0000	0.0000	0.0130	0.0011	0.0229	0.0025	0.0026	0.0000	0.0157	0.0000	0.0234	0.0000	23.9047	-0.0000	0.0001	7.9836	0.0081	2.1583	1.0507	0.0000	0.0000	0.0000	0.0000	0.0000	0.0000	0.0000	0.0000	0.0000	0.0003	0.0000	0.0003	0.0000	0.0000	0.0000	0.0003	0.0000	0.0003	0.0029	0.0027	0.0002	0.0015	0.0015	0.0001	0.0013	0.0012	0.0001	0.0202	0.0092	0.0110	0.0042	0.0040	0.0002	0.0160	0.0053	0.0108	0.0003	0.0032	0.0000	0.0025	0.0025	0.0000	0.0000	0.0000	0.0000	0.0130	0.0011	0.0229	0.0025	0.0026	0.0000	0.0157	0.0000	0.0234		
29	61	0.2436	6	0	1	0	0	0	0	0	0	N	N	N	N	N	N	N	N	N	N	N	N	0.0025	0.0125	0.0151	0.5002	0.0130	9317.7906	0.0001	0.0165	0.0006	0.0146	0.0004	0.1547	0.0303	0.0008	0.5380	0.0008	0.0000	0.0066	5.7689	0.0318	10.2547	0.0606	0.0625	0.0001	7.4776	0.0002	10.3857	39.4540	412.4853	0.0079	0.2363	7.9836	3.0167	2.1583	3.2580	0.0102	0.0003	0.0100	0.0099	0.0003	0.0097	0.0003	0.0000	0.0003	0.9504	0.0023	0.9481	0.0023	0.0023	0.0000	0.9481	0.0000	0.9481	0.7005	0.6360	0.0644	0.3270	0.3091	0.0179	0.3734	0.3269	0.0465	0.1648	0.0723	0.0925	0.0380	0.0368	0.0012	0.1268	0.0355	0.0913	0.0025	0.0125	0.0151	0.5002	0.0130	9317.7906	0.0001	0.6438	0.0006	5.7689	0.0318	10.2547	0.0606	0.0625	0.0001	7.4776	0.0000	10.3857
29	62	0.1688	5	0	2	0	0	0	0	0	0	N	Y	N	N	N	N	N	N	N	N	N	N	0.0315	0.0005	441.9525	0.0001	0.0000	0.3986	176.3847	1973.5950	1018.3863	0.0039	0.0001	0.0326	0.0000	0.0000	0.0002	0.0083	0.0003	0.0639	0.1229	0.2974	0.0001	0.4445	0.5336	0.0004	0.0000	0.0000	0.0001	29.9310	0.0004	0.0032	-0.0180	7.9836	3.3327	2.1583	4.3103	0.0042	0.0001	0.0040	0.0000	0.0000	0.0000	0.0041	0.0001	0.0040	0.0241	0.0241	0.0000	0.0241	0.0241	0.0000	0.0000	0.0000	0.0000	1.0756	0.9522	0.1234	0.5752	0.5146	0.0605	0.5005	0.4376	0.0629	0.1959	0.0809	0.1149	0.0542	0.0451	0.0090	0.1417	0.0358	0.1059	0.0315	0.0005	441.9525	0.0001	0.0000	0.8453	176.3847	1973.5950	1018.3863	0.1229	0.2974	0.0001	0.4445	0.5336	0.0002	0.0000	0.0000	0.0001
29	63	0.1448	4	0	1	0	0	0	0	0	0	N	N	N	N	N	N	N	N	N	N	N	N	129.6791	0.0133	63205.6583	0.0190	0.0075	68.6528	20307.3651	369.0727	116392.4001	0.9030	0.0002	7.5324	0.0005	0.0003	0.0027	1.8682	0.0002	14.7050	0.0070	0.0173	0.0001	0.0287	0.0361	0.0000	0.0001	0.0000	0.0001	4448.9264	0.0104	0.8049	-0.0007	7.9836	3.2669	2.1583	2.4507	1.0036	0.0002	1.0034	0.0003	0.0001	0.0002	1.0033	0.0001	1.0032	0.0010	0.0010	0.0000	0.0010	0.0010	0.0000	0.0000	0.0000	0.0000	1.1114	0.9782	0.1332	0.5744	0.5094	0.0650	0.5370	0.4688	0.0682	0.1417	0.0564	0.0853	0.0341	0.0270	0.0070	0.1077	0.0294	0.0783	129.6791	0.0133	63205.6583	0.0190	0.0075	68.6528	20307.3651	369.0727	116392.4001	0.0070	0.0173	0.0001	0.0287	0.0361	0.0000	0.0001	0.0000	0.0001
29	64	0.1419	6	1	1	1	0	0	0	0	0	N	N	N	N	N	N	N	N	N	N	N	N	0.0000	0.0000	0.0000	0.0000	0.0000	0.0000	0.0000	0.0000	0.0000	0.0000	0.0000	0.0000	0.0000	0.0000	0.0000	0.0000	0.0000	0.0000	0.0000	0.0000	7.9836	0.0000	2.1583	1.0000	0.0000	0.0000	0.0000	0.0000	0.0000	0.0000	0.0000	0.0000	0.0000	0.0000	0.0000	0.0000	0.0000	0.0000	0.0000	0.0000	0.0000	0.0000	0.0000	0.0000	0.0000	0.0000	0.0000	0.0000	0.0000	0.0000	0.0000	0.0269	0.0080	0.0188	0.0019	0.0019	0.0000	0.0249	0.0061	0.0188	0.0000	0.0000	0.0000	0.0000	0.0000	0.0000	0.0000	0.0000	0.0000	0.0000	0.0000	0.0000	0.0000	0.0000	0.0000	0.0000	0.0000	0.0000											
29	65	0.1419	5	1	1	1	0	0	0	0	0	N	N	N	N	N	N	N	N	N	N	N	N	0.0000	0.0000	0.0000	0.0000	0.0000	0.0000	0.0000	0.0000	0.0000	0.0000	0.0000	0.0000	0.0000	0.0661	0.0000	0.1285	0.0000	0.0000	0.0000	0.1245	0.0000	0.1285	inf	0.0000	0.0000	7.9836	0.0000	2.1583	0.0001	0.0000	0.0000	0.0000	0.0000	0.0000	0.0000	0.0000	0.0000	0.0000	0.0000	0.0000	0.0000	0.0000	0.0000	0.0000	0.0000	0.0000	0.0000	0.0000	0.0000	0.0000	0.0000	0.0000	0.0000	0.0000	0.0000	0.0000	0.0000	0.0000	0.0000	0.0000	0.0000	0.0000	0.0000	0.0000	0.0000	0.0000	0.0000	0.0000	0.0000	0.0000	0.0000	0.0000	0.0000	0.0000	0.0661	0.0000	0.1285	0.0000	0.0000	0.0000	0.1245	0.0000	0.1285						
29	66	0.1296	4	1	1	1	0	0	0	0	0	N	N	N	N	N	N	N	N	N	N	N	N	0.0000	0.0000	0.0000	0.0000	0.0000	0.0000	0.0000	0.0000	0.0000	0.0000	0.0000	0.0000	0.0000	0.0000	0.0000	0.0000	0.0000	0.0211	0.0001	0.0328	0.0002	0.0002	0.1137	0.0259	0.0000	0.0328	653.8539	0.0000	0.0004	7.9836	1.9720	2.1583	0.0923	0.0000	0.0000	0.0000	0.0000	0.0000	0.0000	0.0000	0.0000	0.0000	0.0015	0.0000	0.0015	0.0000	0.0000	0.0000	0.0015	0.0000	0.0015	0.3403	0.3033	0.0370	0.0672	0.0639	0.0034	0.2730	0.2394	0.0336	0.0731	0.0260	0.0471	0.0136	0.0136	0.0000	0.0595	0.0124	0.0471	0.0000	0.0000	0.0000	0.0000	0.0000	0.0000	0.0000	0.0000	0.0000	0.0211	0.0001	0.0328	0.0002	0.0002	0.0105	0.0259	0.0000	0.0328		
29	67	0.1080	3	1	1	1	0	0	0	0	0	N	N	N	N	N	N	N	N	N	N	N	N	0.0000	0.0000	0.0000	0.0000	0.0000	0.0000	0.0000	0.0000	0.0000	0.0000	0.0000	0.0000	0.0000	0.0156	0.0521	0.0000	0.2289	0.2293	0.0000	0.0000	0.0000	0.0000	0.0000	0.0000	-0.0012	7.9836	3.0650	2.1583	1.0636	0.0000	0.0000	0.0000	0.0000	0.0000	0.0000	0.0000	0.0000	0.0000	0.0016	0.0016	0.0000	0.0016	0.0016	0.0000	0.0000	0.0000	0.0000	0.4693	0.4183	0.0510	0.1092	0.1041	0.0051	0.3601	0.3143	0.0458	0.0996	0.0298	0.0698	0.0068	0.0068	0.0000	0.0928	0.0230	0.0698	0.0000	0.0000	0.0000	0.0000	0.0000	0.0000	0.0000	0.0000	0.0000	0.0156	0.0521	0.0000	0.2289	0.2293	0.0000	0.0000	0.0000	0.0000						
29	68	0.2024	5	0	2	0	1	0	0	0	0	N	Y	N	N	N	N	N	N	N	N	N	N	102.7914	385.5795	0.0000	129.2733	191.7837	0.0000	48.0962	4277.4808	0.0000	0.9422	1.0448	0.0000	1.4213	1.5274	0.0000	0.4273	0.4906	0.0000	0.0092	0.0027	0.0132	0.0110	0.0080	1.3903	0.0089	0.0001	0.0125	0.0000	7.8495	-0.1396	0.0002	7.9836	2.7513	2.1583	4.0954	0.7057	0.7057	0.0000	0.5514	0.5514	0.0000	0.1543	0.1543	0.0000	0.0015	0.0002	0.0014	0.0002	0.0002	0.0001	0.0013	0.0000	0.0013	0.7490	0.6755	0.0735	0.3880	0.3610	0.0269	0.3610	0.3144	0.0466	0.1682	0.0643	0.1039	0.0225	0.0219	0.0006	0.1457	0.0424	0.1033	102.7914	385.5795	0.0000	129.2733	191.7837	0.0000	48.0962	152179.0959	0.0000	0.0092	0.0027	0.0132	0.0110	0.0080	0.1187	0.0089	0.0000	0.0125
29	69	0.1248	3	0	2	0	0	0	0	0	0	N	Y	N	N	N	N	N	N	N	N	N	N	9.3206	0.0013	13095.5361	0.0007	0.0005	2340.7026	inf	13859.1419	0.6416	0.0003	6.0371	0.0003	0.0003	0.0000	0.8260	0.0002	6.8970	0.0688	0.1969	0.0005	0.4616	0.6820	0.0000	0.0004	0.0000	0.0005	2701.1892	0.0044	0.8017	-0.0188	7.9836	9.9334	2.1583	8.9999	0.9998	0.0004	0.9994	0.0001	0.0001	0.0000	0.9997	0.0003	0.9994	0.0252	0.0251	0.0001	0.0251	0.0251	0.0000	0.0001	0.0000	0.0001	1.5582	1.3926	0.1656	0.3480	0.3273	0.0206	1.2102	1.0653	0.1449	0.3661	0.1274	0.2386	0.0544	0.0368	0.0176	0.3117	0.0907	0.2210	9.3206	0.0013	13095.5361	0.0007	0.0005	0.0000	2340.7026	inf	13859.1419	0.0688	0.1969	0.0005	0.4616	0.6820	0.0000	0.0004	0.0000	0.0005	
29	70	0.1248	3	0	2	0	0	0	0	0	0	N	Y	N	N	N	N	N	N	N	N	N	N	0.0000	0.0000	0.0000	0.0000	0.0000	0.0000	0.0000	0.0000	0.0000	0.0000	0.0000	0.0000	0.0000	0.2449	0.7131	0.0000	1.5540	2.2325	0.0000	0.0000	0.0000	0.0000	0.0000	0.0000	-0.0188	7.9836	0.0666	2.1583	4.0001	0.0000	0.0000	0.0000	0.0000	0.0000	0.0000	0.0000	0.0000	0.0000	0.0251	0.0251	0.0000	0.0251	0.0251	0.0000	0.0000	0.0000	0.0000	0.0859	0.0785	0.0075	0.0696	0.0636	0.0060	0.0163	0.0148	0.0015	0.1024	0.0352	0.0672	0.0161	0.0112	0.0049	0.0863	0.0239	0.0623	0.0000	0.0000	0.0000	0.0000	0.0000	0.0000	0.0000	0.0000	0.0000	0.2449	0.7131	0.0000	1.5540	2.2325	0.0000	0.0000	0.0000	0.0000						
29	71	0.1080	3	0	2	0	0	0	0	0	0	N	Y	N	N	N	N	N	N	N	N	N	N	0.0000	0.0000	0.0000	0.0000	0.0000	0.0000	0.0000	0.0000	0.0000	0.0000	0.0000	0.0000	0.0000	0.2108	0.7026	0.0000	3.1174	3.1224	0.0000	0.0000	0.0000	0.0000	0.0000	0.0000	-0.0187	7.9836	2.0000	2.1583	3.0000	0.0000	0.0000	0.0000	0.0000	0.0000	0.0000	0.0000	0.0000	0.0000	0.0250	0.0250	0.0000	0.0250	0.0250	0.0000	0.0000	0.0000	0.0000	0.3112	0.2773	0.0339	0.0729	0.0695	0.0034	0.2382	0.2078	0.0304	0.1188	0.0356	0.0831	0.0080	0.0080	0.0000	0.1107	0.0276	0.0831	0.0000	0.0000	0.0000	0.0000	0.0000	0.0000	0.0000	0.0000	0.0000	0.2108	0.7026	0.0000	3.1174	3.1224	0.0000	0.0000	0.0000	0.0000						
29	72	0.0812	2	0	1	0	0	0	0	0	0	N	N	N	N	N	N	N	N	N	N	N	N	12.9122	5.8219	0.0022	0.2144	0.2462	0.0000	859.6606	inf	0.0020	0.9042	1.0528	0.0000	0.0629	0.0723	0.0000	1.2409	1.4527	0.0000	0.0700	0.1808	0.0019	0.2936	0.2936	4.0700	0.0014	0.0000	0.0018	0.0000	0.0168	-0.1936	-0.0111	7.9836	4.7932	2.1583	0.2507	0.9786	0.9786	0.0000	0.0195	0.0195	0.0000	0.9591	0.9591	0.0000	0.0151	0.0149	0.0003	0.0149	0.0149	0.0000	0.0002	0.0000	0.0002	1.0823	0.9295	0.1527	0.3094	0.2693	0.0401	0.7729	0.6602	0.1127	0.2163	0.0824	0.1339	0.0508	0.0507	0.0000	0.1655	0.0316	0.1339	12.9122	5.8219	0.0022	0.2144	0.2462	0.0000	859.6606	inf	0.0020	0.0700	0.1808	0.0019	0.2936	0.2936	0.2678	0.0014	0.0000	0.0018
29	74	0.1448	4	0	2	0	0	0	0	0	0	N	Y	N	N	N	N	N	N	N	N	N	N	0.1164	0.0574	0.0000	0.0003	0.0003	0.0000	2.4402	inf	0.0000	0.0000	0.0001	0.0000	0.0000	0.0000	0.0000	0.0001	0.0001	0.0000	0.0004	0.0009	0.0001	0.0015	0.0019	0.0000	0.0000	0.0000	0.0001	0.0000	0.0969	-0.0000	-0.0000	7.9836	1.8678	2.1583	4.6278	0.0000	0.0000	0.0000	0.0000	0.0000	0.0000	0.0000	0.0000	0.0000	0.0001	0.0001	0.0000	0.0001	0.0001	0.0000	0.0000	0.0000	0.0000	0.8962	0.7846	0.1115	0.5221	0.4590	0.0631	0.3741	0.3256	0.0484	0.1559	0.0614	0.0945	0.0366	0.0288	0.0078	0.1193	0.0326	0.0867	0.1164	0.0574	0.0000	0.0003	0.0003	0.0000	2.4402	inf	0.0000	0.0004	0.0009	0.0001	0.0015	0.0019	0.0000	0.0000	0.0000	0.0001
29	75	0.1248	3	0	1	0	0	0	0	0	0	N	N	N	N	N	N	N	N	N	N	N	N	13375.4031	2605.5504	inf	20.8637	0.4031	inf	inf	inf	inf	2.3556	1.3348	10.8709	0.0234	0.0007	0.3537	3.1537	1.8210	12.7802	0.0002	0.0005	0.0000	0.0011	0.0016	0.0000	0.0000	0.0000	0.0000	0.9764	0.0000	0.5857	-0.0000	7.9836	4.7010	2.1583	0.6064	1.9773	1.0005	0.9768	0.0050	0.0001	0.0049	1.9723	1.0003	0.9720	0.0000	0.0000	0.0000	0.0000	0.0000	0.0000	0.0000	0.0000	0.0000	0.8394	0.7495	0.0899	0.2140	0.2002	0.0138	0.6254	0.5493	0.0761	0.1305	0.0449	0.0857	0.0205	0.0142	0.0063	0.1100	0.0307	0.0794	13375.4031	2605.5504	inf	20.8637	0.4031	inf	inf	inf	inf	0.0002	0.0005	0.0000	0.0011	0.0016	0.0000	0.0000	0.0000	0.0000
29	78	0.2485	7	1	2	0	1	0	0	0	0	N	Y	N	N	N	N	N	N	N	N	N	N	0.0010	0.0032	0.0000	0.0013	0.0021	0.0000	0.0000	0.0000	0.0000	0.0000	0.0000	0.0000	0.0000	0.0000	0.0000	0.0000	0.0000	0.0000	0.0000	0.0000	0.0000	0.0000	0.0001	0.0000	0.0000	0.0000	0.0000	8.0558	-0.0000	0.0000	7.9836	1.0000	2.1583	2.0144	0.0000	0.0000	0.0000	0.0000	0.0000	0.0000	0.0000	0.0000	0.0000	0.0000	0.0000	0.0000	0.0000	0.0000	0.0000	0.0000	0.0000	0.0000	0.1941	0.1744	0.0197	0.0678	0.0639	0.0039	0.1263	0.1104	0.0158	0.0694	0.0231	0.0463	0.0076	0.0054	0.0021	0.0618	0.0176	0.0442	0.0010	0.0032	0.0000	0.0013	0.0021	0.0000	0.0000	0.0000	0.0000	0.0000	0.0000	0.0000	0.0000	0.0000	0.0001	0.0000	0.0000	0.0000	
29	79	0.2262	6	1	2	0	1	0	0	0	0	N	Y	N	N	N	N	N	N	N	N	N	N	0.0061	0.0022	0.0016	0.0013	0.0000	0.0000	0.0003	0.0003	0.0000	0.0007	0.0008	0.0000	0.0000	0.0000	0.0000	0.0439	0.1337	0.0000	0.4354	0.6178	0.0000	0.0000	0.0000	0.0000	0.0000	0.0000	-0.0000	-0.0023	7.9836	0.0001	2.1583	3.0180	0.0000	0.0000	0.0000	0.0000	0.0000	0.0000	0.0000	0.0000	0.0000	0.0030	0.0030	0.0000	0.0030	0.0030	0.0000	0.0000	0.0000	0.0000	0.0000	0.0000	0.0000	0.0000	0.0000	0.0000	0.0000	0.0000	0.0000	0.0689	0.0226	0.0463	0.0069	0.0049	0.0020	0.0619	0.0177	0.0442	0.0061	0.0022	0.0000	0.0016	0.0013	0.0000	0.0000	0.0000	0.0000	0.0439	0.1337	0.0000	0.4354	0.6178	0.0000	0.0000	0.0000	0.0000			
29	80	0.2482	8	0	2	0	1	0	0	0	0	N	Y	N	N	N	N	N	N	N	N	N	N	0.0000	0.0000	0.0000	0.0000	0.0000	0.0000	0.0000	0.0000	0.0000	0.0000	0.0000	0.0000	0.0000	0.0000	0.0000	0.0000	0.0000	0.0000	0.0000	0.0000	7.9836	0.0000	2.1583	0.0000	0.0000	0.0000	0.0000	0.0000	0.0000	0.0000	0.0000	0.0000	0.0000	0.0000	0.0000	0.0000	0.0000	0.0000	0.0000	0.0000	0.0000	0.0000	0.0000	0.0000	0.0000	0.0000	0.0000	0.0000	0.0000	0.0000	0.0000	0.0000	0.0000	0.0000	0.0000	0.0000	0.0000	0.0000	0.0000	0.0000	0.0000	0.0000	0.0000	0.0000	0.0000	0.0000	0.0000	0.0000	0.0000	0.0000	0.0000	0.0000	0.0000	0.0000	0.0000	0.0000	0.0000	0.0000											
29	81	0.2262	6	0	1	1	1	0	0	0	0	N	N	N	N	N	N	N	N	N	N	N	N	0.0000	0.0000	0.0000	0.0000	0.0000	0.0000	0.0000	0.0000	0.0000	0.0000	0.0000	0.0000	0.0000	0.0000	0.0000	0.0000	0.0000	0.0000	0.0000	0.0000	7.9836	2.0000	2.1583	0.0000	0.0000	0.0000	0.0000	0.0000	0.0000	0.0000	0.0000	0.0000	0.0000	0.0000	0.0000	0.0000	0.0000	0.0000	0.0000	0.0000	0.0000	0.0000	0.3796	0.3411	0.0385	0.1314	0.1239	0.0075	0.2482	0.2172	0.0310	0.0465	0.0152	0.0313	0.0047	0.0033	0.0014	0.0418	0.0119	0.0299	0.0000	0.0000	0.0000	0.0000	0.0000	0.0000	0.0000	0.0000	0.0000	0.0000	0.0000	0.0000	0.0000	0.0000	0.0000	0.0000	0.0000	0.0000											
29	82	0.2262	6	0	1	1	1	0	0	0	0	N	N	N	N	N	N	N	N	N	N	N	N	0.0000	0.0000	0.0000	0.0000	0.0000	0.0000	0.0000	0.0000	0.0000	0.0000	0.0000	0.0000	0.0000	0.0013	0.0041	0.0000	0.0133	0.0189	0.0000	0.0000	0.0000	0.0000	0.0000	0.0000	-0.0001	7.9836	0.0000	2.1583	4.0000	0.0000	0.0000	0.0000	0.0000	0.0000	0.0000	0.0000	0.0000	0.0000	0.0001	0.0001	0.0000	0.0001	0.0001	0.0000	0.0000	0.0000	0.0000	0.0000	0.0000	0.0000	0.0000	0.0000	0.0000	0.0000	0.0000	0.0000	0.0896	0.0295	0.0602	0.0090	0.0064	0.0027	0.0806	0.0231	0.0575	0.0000	0.0000	0.0000	0.0000	0.0000	0.0000	0.0000	0.0000	0.0000	0.0013	0.0041	0.0000	0.0133	0.0189	0.0000	0.0000	0.0000	0.0000						
29	83	0.2482	8	0	1	1	1	0	0	0	0	N	N	N	N	N	N	N	N	N	N	N	N	0.0000	0.0000	0.0000	0.0000	0.0000	0.0000	0.0000	0.0000	0.0000	0.0000	0.0000	0.0000	0.0000	0.0024	0.0075	0.0000	0.0000	0.0000	0.0000	0.0026	0.2856	0.0000	0.0000	0.0000	-0.0001	7.9836	0.0000	2.1583	2.0000	0.0000	0.0000	0.0000	0.0000	0.0000	0.0000	0.0000	0.0000	0.0000	0.0001	0.0001	0.0000	0.0000	0.0000	0.0000	0.0001	0.0001	0.0000	0.0000	0.0000	0.0000	0.0000	0.0000	0.0000	0.0000	0.0000	0.0000	0.0461	0.0147	0.0314	0.0043	0.0028	0.0015	0.0418	0.0119	0.0299	0.0000	0.0000	0.0000	0.0000	0.0000	0.0000	0.0000	0.0000	0.0000	0.0024	0.0075	0.0000	0.0000	0.0000	0.0000	0.0026	0.0092	0.0000						
29	84	0.2409	7	0	1	0	1	0	0	0	0	N	N	N	N	N	N	N	N	N	N	N	N	0.0000	0.0000	0.0000	0.0000	0.0000	0.0000	0.0000	0.0000	0.0000	0.0000	0.0000	0.0000	0.0000	0.0011	0.0000	0.0016	0.0000	0.0000	0.0000	0.0012	0.0000	0.0017	inf	0.0000	0.0000	7.9836	1.0000	2.1583	0.0015	0.0000	0.0000	0.0000	0.0000	0.0000	0.0000	0.0000	0.0000	0.0000	0.0000	0.0000	0.0000	0.0000	0.0000	0.0000	0.0000	0.0000	0.0000	0.1941	0.1744	0.0197	0.0678	0.0639	0.0039	0.1263	0.1104	0.0158	0.0241	0.0078	0.0163	0.0025	0.0017	0.0008	0.0215	0.0061	0.0155	0.0000	0.0000	0.0000	0.0000	0.0000	0.0000	0.0000	0.0000	0.0000	0.0011	0.0000	0.0016	0.0000	0.0000	0.0000	0.0012	0.0000	0.0017						
29	85	0.2262	6	0	1	0	1	0	0	0	0	N	N	N	N	N	N	N	N	N	N	N	N	0.0000	0.0000	0.0000	0.0000	0.0000	0.0000	0.0000	0.0000	0.0000	0.0000	0.0000	0.0000	0.0000	0.0006	0.0017	0.0000	0.0057	0.0080	0.0000	0.0000	0.0000	0.0000	0.0000	0.0000	-0.0000	7.9836	0.0000	2.1583	2.0013	0.0000	0.0000	0.0000	0.0000	0.0000	0.0000	0.0000	0.0000	0.0000	0.0000	0.0000	0.0000	0.0000	0.0000	0.0000	0.0000	0.0000	0.0000	0.0000	0.0000	0.0000	0.0000	0.0000	0.0000	0.0000	0.0000	0.0000	0.0466	0.0152	0.0313	0.0047	0.0033	0.0014	0.0419	0.0119	0.0299	0.0000	0.0000	0.0000	0.0000	0.0000	0.0000	0.0000	0.0000	0.0000	0.0006	0.0017	0.0000	0.0057	0.0080	0.0000	0.0000	0.0000	0.0000						
29	86	0.2661	6	1	2	0	0	0	0	0	0	N	Y	N	N	N	N	N	N	N	N	N	N	0.0009	0.0070	0.0000	0.0064	0.0066	0.0000	0.0000	0.0000	0.0000	0.0000	0.0000	0.0000	0.0000	0.0000	0.0000	0.0000	0.0000	0.0000	0.0310	0.0043	0.0567	0.0063	0.0066	0.0012	0.0432	0.0000	0.0582	0.0000	13.9189	-0.0000	0.0003	7.9836	0.0007	2.1583	0.9812	0.0000	0.0000	0.0000	0.0000	0.0000	0.0000	0.0000	0.0000	0.0000	0.0016	0.0001	0.0015	0.0001	0.0001	0.0000	0.0015	0.0000	0.0015	0.0004	0.0004	0.0000	0.0003	0.0003	0.0000	0.0001	0.0001	0.0000	0.0528	0.0258	0.0270	0.0175	0.0167	0.0007	0.0354	0.0091	0.0263	0.0009	0.0070	0.0000	0.0064	0.0066	0.0000	0.0000	0.0000	0.0000	0.0310	0.0043	0.0567	0.0063	0.0066	0.0004	0.0432	0.0000	0.0582
29	87	0.2103	5	1	2	0	0	0	0	0	0	N	Y	N	N	N	N	N	N	N	N	N	N	0.0112	0.1107	0.0509	0.0630	0.0506	0.0000	0.0123	27135.8873	0.0627	0.0087	0.0031	0.0587	0.0055	0.0059	0.0000	0.0105	0.0014	0.0755	0.7717	0.0283	1.1526	0.0878	0.1161	0.0588	0.8577	0.0000	1.2054	2.0684	79.4676	0.0039	0.0288	7.9836	5.0272	2.1583	2.1572	0.0083	0.0027	0.0056	0.0020	0.0020	0.0000	0.0063	0.0007	0.0056	0.1206	0.0015	0.1191	0.0015	0.0015	0.0000	0.1191	0.0000	0.1191	0.9573	0.8621	0.0952	0.3576	0.3364	0.0212	0.5997	0.5257	0.0740	0.1563	0.0530	0.1034	0.0175	0.0129	0.0045	0.1389	0.0401	0.0988	0.0112	0.1107	0.0509	0.0630	0.0506	0.0000	0.0123	27135.8873	0.0627	0.7717	0.0283	1.1526	0.0878	0.1161	0.0073	0.8577	0.0000	1.2054
29	88	0.2635	7	0	2	0	0	0	0	0	0	N	Y	N	N	N	N	N	N	N	N	N	N	0.0000	0.0000	0.0000	0.0000	0.0000	0.0000	0.0000	0.0000	0.0000	0.0000	0.0000	0.0000	0.0000	0.0008	0.0023	0.0000	0.0060	0.0081	0.0000	0.0000	0.0000	0.0000	0.0000	0.0000	-0.0001	7.9836	0.0000	2.1583	4.0000	0.0000	0.0000	0.0000	0.0000	0.0000	0.0000	0.0000	0.0000	0.0000	0.0001	0.0001	0.0000	0.0001	0.0001	0.0000	0.0000	0.0000	0.0000	0.0000	0.0000	0.0000	0.0000	0.0000	0.0000	0.0000	0.0000	0.0000	0.0909	0.0307	0.0602	0.0117	0.0087	0.0030	0.0793	0.0221	0.0572	0.0000	0.0000	0.0000	0.0000	0.0000	0.0000	0.0000	0.0000	0.0000	0.0008	0.0023	0.0000	0.0060	0.0081	0.0000	0.0000	0.0000	0.0000						
29	89	0.2262	6	0	2	0	0	0	0	0	0	N	Y	N	N	N	N	N	N	N	N	N	N	1.6481	603.2297	0.0000	386.5353	360.8005	0.0000	0.0000	0.0000	1.7939	1.9961	0.0000	5.2274	5.5418	0.0000	0.0000	0.0000	0.0000	1.0885	0.0033	1.6221	0.0135	0.0154	0.0884	1.2090	0.0000	1.6971	0.0000	996.9167	-0.1977	0.0299	7.9836	3.0000	2.1583	2.0000	0.9994	0.9994	0.0000	0.9994	0.9994	0.0000	0.0000	0.0000	0.0000	0.1197	0.0001	0.1196	0.0001	0.0001	0.0000	0.1196	0.0000	0.1196	0.5571	0.5007	0.0564	0.1912	0.1803	0.0108	0.3659	0.3203	0.0456	0.1100	0.0363	0.0738	0.0111	0.0078	0.0033	0.0989	0.0285	0.0705	1.6481	603.2297	0.0000	386.5353	360.8005	0.0000	0.0000	0.0000	0.0000	1.0885	0.0033	1.6221	0.0135	0.0154	0.0091	1.2090	0.0000	1.6971	
29	90	0.2262	6	1	2	0	0	0	0	0	0	N	Y	N	N	N	N	N	N	N	N	N	N	0.0000	0.0000	0.0000	0.0000	0.0000	0.0000	0.0000	0.0000	0.0000	0.0000	0.0000	0.0000	0.0000	0.0949	0.2879	0.0000	0.9413	1.3363	0.0000	0.0000	0.0000	0.0000	0.0000	0.0000	-0.0078	7.9836	2.0000	2.1583	3.0000	0.0000	0.0000	0.0000	0.0000	0.0000	0.0000	0.0000	0.0000	0.0000	0.0104	0.0104	0.0000	0.0104	0.0104	0.0000	0.0000	0.0000	0.0000	0.3796	0.3411	0.0385	0.1314	0.1239	0.0075	0.2482	0.2172	0.0310	0.1100	0.0363	0.0738	0.0111	0.0078	0.0033	0.0989	0.0285	0.0705	0.0000	0.0000	0.0000	0.0000	0.0000	0.0000	0.0000	0.0000	0.0000	0.0949	0.2879	0.0000	0.9413	1.3363	0.0000	0.0000	0.0000	0.0000						
29	91	0.2103	5	0	1	0	0	0	0	0	0	N	N	N	N	N	N	N	N	N	N	N	N	1.5551	0.2108	56.9373	0.1194	0.1020	0.0003	15.1343	inf	77.8969	0.0173	0.0059	0.1235	0.0086	0.0092	0.0000	0.0239	0.0031	0.1711	0.0111	0.0278	0.0022	0.0723	0.0902	0.0092	0.0016	0.0000	0.0022	2.2793	0.1448	0.0040	-0.0004	7.9836	2.0705	2.1583	0.0351	0.0080	0.0025	0.0056	0.0017	0.0017	0.0000	0.0063	0.0007	0.0056	0.0006	0.0005	0.0001	0.0005	0.0005	0.0000	0.0001	0.0000	0.0001	0.4640	0.4188	0.0452	0.2001	0.1875	0.0126	0.2639	0.2313	0.0327	0.0535	0.0187	0.0347	0.0072	0.0058	0.0015	0.0463	0.0130	0.0333	1.5551	0.2108	56.9373	0.1194	0.1020	0.0019	15.1343	inf	77.8969	0.0111	0.0278	0.0022	0.0723	0.0902	0.0015	0.0016	0.0000	0.0022
29	92	0.1849	4	0	1	0	0	0	0	0	0	N	N	N	N	N	N	N	N	N	N	N	N	198.9675	322.3374	782.3468	127.9316	128.5555	0.3357	289.3044	335.7871	1233.3113	1.8491	0.9498	10.2818	1.0489	1.1265	0.0121	2.7451	0.7391	16.6184	0.0093	0.0029	0.0131	0.0082	0.0088	0.0360	0.0095	0.0022	0.0135	1.1545	7.3558	0.6201	0.0001	7.9836	3.4249	2.1583	0.1413	1.8343	0.8514	0.9829	0.5496	0.5492	0.0004	1.2847	0.3022	0.9825	0.0009	0.0001	0.0008	0.0001	0.0001	0.0000	0.0007	0.0000	0.0007	0.9920	0.8964	0.0956	0.5240	0.4875	0.0365	0.4680	0.4089	0.0591	0.0924	0.0349	0.0575	0.0140	0.0116	0.0024	0.0784	0.0233	0.0551	198.9675	322.3374	782.3468	127.9316	128.5555	2.2115	289.3044	14196.8063	1233.3113	0.0093	0.0029	0.0131	0.0082	0.0088	0.0055	0.0095	0.0001	0.0135
29	98	0.3217	9	0	1	0	0	0	0	0	0	N	N	N	N	N	N	N	N	N	N	N	N	0.0037	0.0003	419.3666	0.4088	0.0585	10.0768	0.0005	0.0000	195.5458	0.0097	0.0014	0.0984	0.0160	0.0024	0.2318	0.0021	0.0000	0.0175	2.6041	4.7021	0.0002	0.0391	0.0413	0.0230	3.8639	10.6632	0.0001	6.7241	0.0000	0.0095	-0.7347	7.9836	4.9999	2.1583	9.0821	0.0141	0.0018	0.0123	0.0127	0.0018	0.0109	0.0014	0.0000	0.0014	0.9810	0.9810	0.0000	0.0049	0.0048	0.0000	0.9762	0.9762	0.0000	1.4501	1.3255	0.1246	0.7940	0.7470	0.0470	0.6560	0.5785	0.0776	0.3767	0.2086	0.1681	0.1241	0.1171	0.0070	0.2526	0.0915	0.1611	0.0037	0.0003	419.3666	0.4088	0.0585	64.7953	0.0005	0.0000	195.5458	2.6041	4.7021	0.0002	0.0391	0.0413	0.0036	3.8639	10.6632	0.0001
30	33	0.2457	4	2	1	1	0	0	0	0	0	Y	N	N	N	N	N	N	N	N	N	N	N	0.0000	0.0000	0.0000	0.0000	0.0000	0.0000	0.0000	0.0000	0.0000	0.0000	0.0000	0.0000	0.0000	0.0228	0.0633	0.0000	0.1549	0.1805	0.0000	0.0000	0.0000	0.0000	0.0000	0.0000	-0.0024	9.9334	0.9991	11.0001	2.0219	0.0000	0.0000	0.0000	0.0000	0.0000	0.0000	0.0000	0.0000	0.0000	0.0033	0.0033	0.0000	0.0033	0.0033	0.0000	0.0000	0.0000	0.0000	0.1681	0.1486	0.0195	0.0421	0.0397	0.0024	0.1260	0.1089	0.0171	0.1428	0.0515	0.0913	0.0210	0.0181	0.0030	0.1217	0.0334	0.0883	0.0000	0.0000	0.0000	0.0000	0.0000	0.0000	0.0000	0.0000	0.0000	0.0228	0.0633	0.0000	0.1549	0.1805	0.0000	0.0000	0.0000	0.0000						
30	35	0.2457	4	2	1	1	0	0	0	0	0	Y	N	N	N	N	N	N	N	N	N	N	N	0.0000	0.0000	0.0000	0.0000	0.0000	0.0000	0.0000	0.0000	0.0000	0.0000	0.0000	0.0000	0.0000	0.0000	0.0000	0.0000	0.0000	0.0310	0.0818	0.0000	0.1803	0.2031	0.0000	0.0000	0.0000	0.0000	0.0001	0.0000	-0.0024	9.9334	0.0009	11.0001	1.9867	0.0000	0.0000	0.0000	0.0000	0.0000	0.0000	0.0000	0.0000	0.0000	0.0032	0.0032	0.0000	0.0032	0.0032	0.0000	0.0000	0.0000	0.0000	0.0003	0.0003	0.0000	0.0001	0.0001	0.0000	0.0002	0.0001	0.0000	0.1024	0.0388	0.0636	0.0176	0.0156	0.0020	0.0848	0.0232	0.0617	0.0000	0.0000	0.0000	0.0000	0.0000	0.0000	0.0000	0.0000	0.0000	0.0310	0.0818	0.0000	0.1803	0.2031	0.0000	0.0000	0.0000	0.0000		
30	36	0.2278	3	2	1	1	0	0	0	0	0	Y	N	N	N	N	N	N	N	N	N	N	N	0.0000	0.0000	0.0000	0.0000	0.0000	0.0000	0.0000	0.0000	0.0000	0.0000	0.0000	0.0000	0.0000	0.0000	0.0000	8.5365	25.3434	0.0000	61.0510	95.4329	0.0000	0.0001	0.0086	0.0000	0.0000	0.0000	-0.7467	9.9334	1.0009	11.0001	2.0357	0.0000	0.0000	0.0000	0.0000	0.0000	0.0000	0.0000	0.0000	0.0000	0.9970	0.9970	0.0000	0.9970	0.9970	0.0000	0.0000	0.0000	0.0000	0.1683	0.1487	0.0195	0.0419	0.0395	0.0024	0.1264	0.1093	0.0172	0.1168	0.0393	0.0775	0.0163	0.0104	0.0059	0.1005	0.0289	0.0716	0.0000	0.0000	0.0000	0.0000	0.0000	0.0000	0.0000	0.0000	0.0000	8.5365	25.3434	0.0000	61.0510	95.4329	0.0000	0.0001	0.0003	0.0000				
30	37	0.2278	3	2	1	1	0	0	0	0	0	Y	N	N	N	N	N	N	N	N	N	N	N	0.0000	0.0000	0.0000	0.0000	0.0000	0.0000	0.0000	0.0000	0.0000	0.0000	0.0000	0.0000	0.0000	0.0000	0.0000	0.0000	0.0000	0.0000	0.0000	0.0000	9.9334	1.0000	11.0001	3.0000	0.0000	0.0000	0.0000	0.0000	0.0000	0.0000	0.0000	0.0000	0.0000	0.0000	0.0000	0.0000	0.0000	0.0000	0.0000	0.0000	0.0000	0.0000	0.1681	0.1486	0.0195	0.0418	0.0395	0.0024	0.1263	0.1092	0.0171	0.1516	0.0511	0.1005	0.0212	0.0135	0.0077	0.1305	0.0376	0.0928	0.0000	0.0000	0.0000	0.0000	0.0000	0.0000	0.0000	0.0000	0.0000	0.0000	0.0000	0.0000	0.0000	0.0000	0.0000	0.0000	0.0000	0.0000											
30	40	0.2617	6	2	2	1	0	0	0	0	0	Y	Y	N	N	N	N	N	N	N	N	N	N	0.0000	0.0000	0.0000	0.0000	0.0000	0.0000	0.0000	0.0000	0.0000	0.0000	0.0000	0.0000	0.0000	0.0000	0.0000	0.0000	0.0000	0.0000	0.0000	0.0000	9.9334	0.0000	11.0001	0.0000	0.0000	0.0000	0.0000	0.0000	0.0000	0.0000	0.0000	0.0000	0.0000	0.0000	0.0000	0.0000	0.0000	0.0000	0.0000	0.0000	0.0000	0.0000	0.0000	0.0000	0.0000	0.0000	0.0000	0.0000	0.0000	0.0000	0.0000	0.0000	0.0000	0.0000	0.0000	0.0000	0.0000	0.0000	0.0000	0.0000	0.0000	0.0000	0.0000	0.0000	0.0000	0.0000	0.0000	0.0000	0.0000	0.0000	0.0000	0.0000	0.0000	0.0000	0.0000	0.0000	0.0000	0.0000											
30	41	0.2617	5	2	2	1	0	0	0	0	0	Y	Y	N	N	N	N	N	N	N	N	N	N	0.0000	0.0000	0.0000	0.0000	0.0000	0.0000	0.0000	0.0000	0.0000	0.0000	0.0000	0.0000	0.0000	0.0000	0.0000	0.0000	0.0000	0.0000	0.0000	0.0000	9.9334	1.0000	11.0001	1.9999	0.0000	0.0000	0.0000	0.0000	0.0000	0.0000	0.0000	0.0000	0.0000	0.0000	0.0000	0.0000	0.0000	0.0000	0.0000	0.0000	0.0000	0.0000	0.1841	0.1629	0.0211	0.0348	0.0327	0.0022	0.1492	0.1303	0.0190	0.1178	0.0392	0.0786	0.0163	0.0105	0.0058	0.1015	0.0287	0.0727	0.0000	0.0000	0.0000	0.0000	0.0000	0.0000	0.0000	0.0000	0.0000	0.0000	0.0000	0.0000	0.0000	0.0000	0.0000	0.0000	0.0000	0.0000											
30	42	0.2986	4	2	2	0	0	0	0	0	0	Y	Y	N	N	N	N	N	N	N	N	N	N	1977.0584	791.5622	inf	210.1691	121.3326	inf	inf	inf	0.4584	0.4483	0.5659	0.2273	0.1435	1.3895	0.7052	0.7876	0.0000	0.0002	0.0006	0.0000	0.0011	0.0012	0.0000	0.0000	0.0000	0.0000	0.1176	0.0000	-0.0000	-0.0000	9.9334	0.0007	11.0001	2.0242	0.0002	0.0002	0.0000	0.0000	0.0000	0.0000	0.0001	0.0001	0.0000	0.0000	0.0000	0.0000	0.0000	0.0000	0.0000	0.0000	0.0000	0.0000	0.0004	0.0004	0.0000	0.0002	0.0002	0.0000	0.0002	0.0002	0.0000	0.1294	0.0530	0.0764	0.0277	0.0254	0.0024	0.1017	0.0276	0.0741	1977.0584	791.5622	inf	210.1691	121.3326	inf	inf	inf	0.0000	0.0002	0.0006	0.0000	0.0011	0.0012	0.0000	0.0000	0.0000	0.0000	
30	43	0.2017	2	1	2	0	1	0	0	0	0	N	Y	N	N	N	N	N	N	N	N	N	N	0.0000	0.0000	0.0000	0.0000	0.0000	0.0000	0.0000	0.0000	0.0000	0.0000	0.0000	0.0000	0.0000	0.0000	0.0000	0.0000	0.0000	0.0000	0.0000	0.0000	9.9334	0.0000	11.0001	0.0000	0.0000	0.0000	0.0000	0.0000	0.0000	0.0000	0.0000	0.0000	0.0000	0.0000	0.0000	0.0000	0.0000	0.0000	0.0000	0.0000	0.0000	0.0000	0.0000	0.0000	0.0000	0.0000	0.0000	0.0000	0.0000	0.0000	0.0000	0.0000	0.0000	0.0000	0.0000	0.0000	0.0000	0.0000	0.0000	0.0000	0.0000	0.0000	0.0000	0.0000	0.0000	0.0000	0.0000	0.0000	0.0000	0.0000	0.0000	0.0000	0.0000	0.0000	0.0000	0.0000	0.0000	0.0000											
30	44	0.2017	2	1	1	0	1	0	0	0	0	N	N	N	N	N	N	N	N	N	N	N	N	0.0000	0.0000	0.0000	0.0000	0.0000	0.0000	0.0000	0.0000	0.0000	0.0000	0.0000	0.0000	0.0000	0.0000	0.0000	0.0000	0.0000	0.0000	0.0000	0.0000	9.9334	0.0000	11.0001	0.0000	0.0000	0.0000	0.0000	0.0000	0.0000	0.0000	0.0000	0.0000	0.0000	0.0000	0.0000	0.0000	0.0000	0.0000	0.0000	0.0000	0.0000	0.0000	0.0000	0.0000	0.0000	0.0000	0.0000	0.0000	0.0000	0.0000	0.0000	0.0000	0.0000	0.0000	0.0000	0.0000	0.0000	0.0000	0.0000	0.0000	0.0000	0.0000	0.0000	0.0000	0.0000	0.0000	0.0000	0.0000	0.0000	0.0000	0.0000	0.0000	0.0000	0.0000	0.0000	0.0000	0.0000	0.0000											
30	46	0.2278	3	2	1	1	0	0	0	0	0	Y	N	N	N	N	N	N	N	N	N	N	N	0.0000	0.0000	0.0000	0.0000	0.0000	0.0000	0.0000	0.0000	0.0000	0.0000	0.0000	0.0000	0.0000	0.0000	0.0000	0.0000	0.0000	0.0000	0.0000	0.0000	9.9334	0.0000	11.0001	2.0000	0.0000	0.0000	0.0000	0.0000	0.0000	0.0000	0.0000	0.0000	0.0000	0.0000	0.0000	0.0000	0.0000	0.0000	0.0000	0.0000	0.0000	0.0000	0.0000	0.0000	0.0000	0.0000	0.0000	0.0000	0.0000	0.0000	0.0000	0.0781	0.0263	0.0518	0.0109	0.0070	0.0039	0.0672	0.0193	0.0479	0.0000	0.0000	0.0000	0.0000	0.0000	0.0000	0.0000	0.0000	0.0000	0.0000	0.0000	0.0000	0.0000	0.0000	0.0000	0.0000	0.0000	0.0000											
30	47	0.2428	4	2	2	0	0	0	0	0	0	Y	Y	N	N	N	N	N	N	N	N	N	N	3.4093	1.5459	2.8427	2.3003	inf	inf	0.0006	0.0006	0.0000	0.0024	0.0026	0.0000	0.0001	0.0001	0.0000	0.0002	0.0004	0.0000	0.0008	0.0011	0.0000	0.0000	0.0000	0.0000	0.0000	0.0000	-0.0000	-0.0000	9.9334	0.9991	11.0001	2.0273	0.0001	0.0001	0.0000	0.0001	0.0001	0.0000	0.0000	0.0000	0.0000	0.0000	0.0000	0.0000	0.0000	0.0000	0.0000	0.0000	0.0000	0.0000	0.1891	0.1669	0.0221	0.0414	0.0379	0.0035	0.1477	0.1290	0.0186	0.1201	0.0481	0.0720	0.0242	0.0179	0.0063	0.0959	0.0302	0.0658	3.4093	1.5459	0.0000	2.8427	2.3003	0.0000	inf	inf	0.0000	0.0002	0.0004	0.0000	0.0008	0.0011	0.0000	0.0000	0.0000	0.0000			
30	48	0.2052	3	2	2	0	0	0	0	0	0	Y	Y	N	N	N	N	N	N	N	N	N	N	1191.6584	1207.9962	0.7835	345.6308	265.1718	inf	1801.3056	307.1014	0.7900	1.5711	1.7334	0.0010	0.9292	0.9765	0.0006	1.8925	2.1417	0.0011	0.0013	0.0014	0.0013	0.0027	0.0037	0.0000	0.0011	0.0070	0.0013	0.0001	1.5715	-0.2669	-0.0000	9.9334	3.1828	11.0001	3.1571	1.3498	1.3497	0.0001	0.2664	0.2664	0.0000	1.0833	1.0832	0.0001	0.0004	0.0001	0.0002	0.0001	0.0001	0.0000	0.0002	0.0000	0.0002	0.8591	0.7786	0.0805	0.2867	0.2728	0.0139	0.5724	0.5058	0.0666	0.2731	0.0976	0.1755	0.0446	0.0326	0.0120	0.2284	0.0650	0.1634	1191.6584	1207.9962	0.7835	345.6308	265.1718	inf	1801.3056	6958.6432	0.7900	0.0013	0.0014	0.0013	0.0027	0.0037	0.0000	0.0011	0.0003	0.0013
30	49	0.2010	2	1	2	0	0	0	0	0	0	N	Y	N	N	N	N	N	N	N	N	N	N	78.7332	166.4742	35.0598	144.6640	156.9447	9.3869	31.7959	3.8117	6.5207	1.3599	1.4057	0.8072	2.0425	2.0372	2.1511	0.5791	0.6322	0.1510	0.0173	0.0084	0.0230	0.0141	0.0130	0.2292	0.0182	0.1658	0.0232	0.0476	4.1856	-0.0873	0.0001	9.9334	0.8922	11.0001	1.0748	0.5732	0.5471	0.0261	0.4593	0.4366	0.0228	0.1139	0.1106	0.0033	0.0020	0.0004	0.0016	0.0004	0.0003	0.0001	0.0016	0.0001	0.0015	0.4215	0.3892	0.0323	0.2249	0.2143	0.0106	0.1966	0.1749	0.0217	0.1140	0.0450	0.0691	0.0262	0.0223	0.0039	0.0878	0.0227	0.0652	78.7332	166.4742	35.0598	144.6640	156.9447	103.9152	31.7959	159.1129	6.5207	0.0173	0.0084	0.0230	0.0141	0.0130	0.0207	0.0182	0.0040	0.0232
30	50	0.2278	3	1	2	0	0	0	0	0	0	N	Y	N	N	N	N	N	N	N	N	N	N	0.0000	0.0000	0.0000	0.0000	0.0000	0.0000	0.0000	0.0000	0.0000	0.0000	0.0000	0.0000	0.0000	0.0000	0.0000	0.0000	0.0000	0.0000	0.0000	0.0000	9.9334	0.0000	11.0001	0.0000	0.0000	0.0000	0.0000	0.0000	0.0000	0.0000	0.0000	0.0000	0.0000	0.0000	0.0000	0.0000	0.0000	0.0000	0.0000	0.0000	0.0000	0.0000	0.0000	0.0000	0.0000	0.0000	0.0000	0.0000	0.0000	0.0000	0.0000	0.0000	0.0000	0.0000	0.0000	0.0000	0.0000	0.0000	0.0000	0.0000	0.0000	0.0000	0.0000	0.0000	0.0000	0.0000	0.0000	0.0000	0.0000	0.0000	0.0000	0.0000	0.0000	0.0000	0.0000	0.0000	0.0000	0.0000											
30	51	0.2278	3	2	2	0	0	0	0	0	0	Y	Y	N	N	N	N	N	N	N	N	N	N	0.0000	0.0000	0.0000	0.0000	0.0000	0.0000	0.0000	0.0000	0.0000	0.0000	0.0000	0.0000	0.0000	0.0000	0.0000	0.0000	0.0000	0.0000	0.0000	0.0000	9.9334	1.0000	11.0001	3.0000	0.0000	0.0000	0.0000	0.0000	0.0000	0.0000	0.0000	0.0000	0.0000	0.0000	0.0000	0.0000	0.0000	0.0000	0.0000	0.0000	0.0000	0.0000	0.1681	0.1486	0.0195	0.0418	0.0395	0.0024	0.1263	0.1092	0.0171	0.1516	0.0511	0.1005	0.0212	0.0135	0.0077	0.1305	0.0376	0.0928	0.0000	0.0000	0.0000	0.0000	0.0000	0.0000	0.0000	0.0000	0.0000	0.0000	0.0000	0.0000	0.0000	0.0000	0.0000	0.0000	0.0000	0.0000											
30	52	0.2139	2	1	1	0	0	0	0	0	0	N	N	N	N	N	N	N	N	N	N	N	N	0.5359	0.0000	4.4747	0.1055	0.0000	0.3704	0.9885	4.8408	0.0641	0.0000	0.5369	0.0262	0.0000	0.3118	0.0806	0.0000	0.5982	0.1196	0.1190	0.1200	0.2487	0.2917	0.8417	0.0815	0.0000	0.1236	inf	1.2608	0.0301	-0.0048	9.9334	3.0179	11.0001	1.1627	0.0376	0.0000	0.0376	0.0047	0.0000	0.0047	0.0329	0.0000	0.0329	0.0252	0.0112	0.0141	0.0120	0.0112	0.0008	0.0133	0.0000	0.0133	0.5860	0.5161	0.0699	0.1778	0.1628	0.0150	0.4083	0.3533	0.0550	0.2110	0.0937	0.1173	0.0481	0.0383	0.0098	0.1630	0.0555	0.1075	0.5359	0.0000	4.4747	0.1055	0.0000	3.8670	0.9885	0.0000	4.8408	0.1196	0.1190	0.1200	0.2487	0.2917	0.0806	0.0815	0.0000	0.1236	
30	53	0.2278	3	2	2	1	0	0	0	0	0	Y	Y	N	N	N	N	N	N	N	N	N	N	0.0000	0.0000	0.0000	0.0000	0.0000	0.0000	0.0000	0.0000	0.0000	0.0000	0.0000	0.0000	0.0000	0.0000	0.0000	0.0000	0.0000	0.0000	0.0000	0.0000	9.9334	4.0000	11.0001	1.0000	0.0000	0.0000	0.0000	0.0000	0.0000	0.0000	0.0000	0.0000	0.0000	0.0000	0.0000	0.0000	0.0000	0.0000	0.0000	0.0000	0.0000	0.0000	0.6455	0.5711	0.0745	0.1579	0.1487	0.0092	0.4876	0.4224	0.0653	0.1867	0.0630	0.1238	0.0260	0.0165	0.0096	0.1607	0.0465	0.1142	0.0000	0.0000	0.0000	0.0000	0.0000	0.0000	0.0000	0.0000	0.0000	0.0000	0.0000	0.0000	0.0000	0.0000	0.0000	0.0000	0.0000	0.0000											
30	54	0.2139	2	1	2	0	0	0	0	0	0	N	Y	N	N	N	N	N	N	N	N	N	N	0.0336	0.0000	0.1717	0.7886	0.0000	0.2656	0.0349	0.1763	0.0897	0.0000	0.7486	0.0355	0.0000	0.4245	0.1146	0.0000	0.8395	2.6731	0.0043	4.3592	0.0450	0.0123	1.5982	3.2876	0.0000	4.7627	inf	1595.5556	0.0301	0.2519	9.9334	2.0683	11.0001	6.9961	0.0376	0.0000	0.0376	0.0047	0.0000	0.0047	0.0329	0.0000	0.0329	1.0058	0.0006	1.0052	0.0032	0.0006	0.0026	1.0026	0.0000	1.0026	0.4184	0.3683	0.0502	0.1315	0.1205	0.0110	0.2869	0.2478	0.0392	0.3763	0.1457	0.2306	0.0713	0.0512	0.0201	0.3050	0.0945	0.2105	0.0336	0.0000	0.1717	0.7886	0.0000	3.3039	0.0349	0.0000	0.1763	2.6731	0.0043	4.3592	0.0450	0.0123	0.1285	3.2876	0.0000	4.7627	
30	56	0.2278	3	2	1	1	0	0	0	0	0	Y	N	N	N	N	N	N	N	N	N	N	N	0.0000	0.0000	0.0000	0.0000	0.0000	0.0000	0.0000	0.0000	0.0000	0.0000	0.0000	0.0000	0.0000	0.0000	0.0000	0.0000	0.0000	0.0000	0.0000	0.0000	9.9334	4.0000	11.0001	7.0000	0.0000	0.0000	0.0000	0.0000	0.0000	0.0000	0.0000	0.0000	0.0000	0.0000	0.0000	0.0000	0.0000	0.0000	0.0000	0.0000	0.0000	0.0000	0.6455	0.5711	0.0745	0.1579	0.1487	0.0092	0.4876	0.4224	0.0653	0.3764	0.1274	0.2489	0.0519	0.0318	0.0202	0.3244	0.0957	0.2288	0.0000	0.0000	0.0000	0.0000	0.0000	0.0000	0.0000	0.0000	0.0000	0.0000	0.0000	0.0000	0.0000	0.0000	0.0000	0.0000	0.0000	0.0000											
30	57	0.2924	6	1	2	0	0	0	0	0	0	N	Y	N	N	N	N	N	N	N	N	N	N	0.1470	147.7922	0.0252	1.1910	3.4685	0.2248	0.1583	inf	0.0093	0.5041	0.5448	0.1545	0.0616	0.0304	0.4836	0.7194	0.8099	0.0638	3.4299	0.0037	6.1400	0.0517	0.0088	2.1514	4.5446	0.0000	6.8906	0.0330	2105.7766	-0.1664	0.4963	9.9334	9.7645	11.0001	7.4558	1.0033	0.9712	0.0320	0.0401	0.0184	0.0217	0.9632	0.9528	0.0104	1.9804	0.0009	1.9794	0.0074	0.0009	0.0065	1.9730	0.0000	1.9730	1.9900	1.7828	0.2072	0.6511	0.6063	0.0448	1.3389	1.1765	0.1624	0.5774	0.2550	0.3224	0.1433	0.1072	0.0361	0.4341	0.1478	0.2863	0.1470	147.7922	0.0252	1.1910	3.4685	2.6949	0.1583	inf	0.0093	3.4299	0.0037	6.1400	0.0517	0.0088	0.1794	4.5446	0.0000	6.8906
30	58	0.3480	7	1	1	1	0	0	0	0	0	N	N	N	N	N	N	N	N	N	N	N	N	0.0000	0.0000	0.0000	0.0000	0.0000	0.0000	0.0000	0.0000	0.0000	0.0000	0.0000	0.0000	0.0000	0.0026	0.0056	0.0000	0.0097	0.0131	0.0000	0.0000	0.0000	0.0000	0.0000	0.0000	-0.0001	9.9334	1.0009	11.0001	0.0163	0.0000	0.0000	0.0000	0.0000	0.0000	0.0000	0.0000	0.0000	0.0000	0.0001	0.0001	0.0000	0.0001	0.0001	0.0000	0.0000	0.0000	0.0000	0.2592	0.2314	0.0278	0.1218	0.1115	0.0103	0.1374	0.1198	0.0175	0.0346	0.0161	0.0185	0.0093	0.0069	0.0024	0.0254	0.0092	0.0161	0.0000	0.0000	0.0000	0.0000	0.0000	0.0000	0.0000	0.0000	0.0000	0.0026	0.0056	0.0000	0.0097	0.0131	0.0000	0.0000	0.0000	0.0000						
30	59	0.3326	6	1	1	0	0	0	0	0	0	N	N	N	N	N	N	N	N	N	N	N	N	0.2144	1.0080	0.0809	1.3182	0.9947	inf	0.0000	0.0000	0.0003	0.0003	0.0002	0.0007	0.0007	0.0006	0.0000	0.0000	0.0000	0.0014	0.0003	0.0023	0.0005	0.0007	0.0000	0.0017	0.0000	0.0027	0.0714	9.0000	-0.0000	0.0000	9.9334	1.9961	11.0001	0.0521	0.0001	0.0001	0.0000	0.0001	0.0001	0.0000	0.0000	0.0000	0.0000	0.0001	0.0000	0.0001	0.0000	0.0000	0.0000	0.0001	0.0000	0.0001	0.4890	0.4361	0.0529	0.2078	0.1904	0.0174	0.2812	0.2457	0.0355	0.0699	0.0314	0.0385	0.0183	0.0135	0.0047	0.0516	0.0179	0.0338	0.2144	1.0080	0.0809	1.3182	0.9947	inf	0.0000	0.0000	0.0000	0.0014	0.0003	0.0023	0.0005	0.0007	0.0000	0.0017	0.0000	0.0027	
30	60	0.3249	5	1	1	0	0	0	0	0	0	N	N	N	N	N	N	N	N	N	N	N	N	2802.6086	1339.6711	inf	3123.1139	2492.7239	inf	248.1860	0.2181	inf	1.4957	1.5748	0.5999	3.1508	3.3347	0.1240	0.0900	0.0067	0.8280	0.0005	0.0012	0.0000	0.0010	0.0013	0.0000	0.0004	0.0308	0.0000	0.0336	0.0000	-0.0008	-0.0000	9.9334	0.0081	11.0001	1.0507	0.0046	0.0044	0.0001	0.0044	0.0044	0.0000	0.0001	0.0000	0.0001	0.0000	0.0000	0.0000	0.0000	0.0000	0.0000	0.0000	0.0000	0.0000	0.0031	0.0028	0.0002	0.0014	0.0013	0.0001	0.0017	0.0015	0.0002	0.0375	0.0170	0.0205	0.0099	0.0075	0.0024	0.0276	0.0095	0.0180	2802.6086	1339.6711	inf	3123.1139	2492.7239	inf	248.1860	6.3987	inf	0.0005	0.0012	0.0000	0.0010	0.0013	0.0000	0.0004	0.0010	0.0000
30	61	0.2761	4	1	1	0	0	0	0	0	0	N	N	N	N	N	N	N	N	N	N	N	N	401.4187	264.9129	125.3635	1.0001	0.2612	0.6982	5747.9467	531.9241	516.7640	1.4366	1.5845	0.2176	0.0126	0.0032	0.1293	2.1834	2.4614	0.2454	0.0036	0.0060	0.0017	0.0126	0.0121	0.1851	0.0004	0.0046	0.0005	0.0167	0.3784	-0.1846	-0.0005	9.9334	3.0167	11.0001	3.2580	1.0173	1.0006	0.0167	0.0031	0.0007	0.0024	1.0142	0.9999	0.0143	0.0010	0.0007	0.0003	0.0009	0.0007	0.0002	0.0001	0.0000	0.0001	0.7081	0.6315	0.0766	0.2436	0.2253	0.0183	0.4645	0.4062	0.0583	0.2850	0.1237	0.1613	0.0744	0.0605	0.0139	0.2106	0.0632	0.1474	401.4187	264.9129	125.3635	1.0001	0.2612	8.5478	5747.9467	15560.8272	516.7640	0.0036	0.0060	0.0017	0.0126	0.0121	0.0151	0.0004	0.0002	0.0005
30	62	0.2013	3	1	2	0	0	0	0	0	0	N	Y	N	N	N	N	N	N	N	N	N	N	342.2839	0.9288	412312649.3100	62.3232	0.7228	2954548.0544	inf	inf	0.3212	0.0025	3.1492	0.4735	0.0056	6.9062	0.2062	0.0000	1.6291	0.0009	0.0027	0.0000	0.0076	0.0077	0.0000	0.0000	0.0000	0.0000	142.3126	0.0000	0.2690	-0.0003	9.9334	3.3327	11.0001	4.3103	0.3382	0.0024	0.3359	0.2145	0.0024	0.2122	0.1237	0.0000	0.1237	0.0003	0.0003	0.0000	0.0003	0.0003	0.0000	0.0000	0.0000	0.0000	1.0529	0.9462	0.1066	0.4530	0.4223	0.0307	0.5999	0.5239	0.0759	0.3623	0.1266	0.2357	0.0447	0.0440	0.0008	0.3175	0.0826	0.2349	342.2839	0.9288	412312649.3100	62.3232	0.7228	2954548.0544	inf	0.0000	inf	0.0009	0.0027	0.0000	0.0076	0.0077	0.0000	0.0000	0.0000	0.0000	
30	63	0.1773	2	1	1	0	0	0	0	0	0	N	N	N	N	N	N	N	N	N	N	N	N	1.1258	68.7129	4.1255	394.6712	207.5892	inf	0.5192	0.4558	2.2066	0.5452	0.2627	2.9669	0.9133	0.4917	6.0678	0.2736	0.0841	1.5914	0.4843	0.0038	0.7192	0.0023	0.0024	0.0000	0.5270	0.1845	0.7212	1.3171	384.6682	0.2173	0.0327	9.9334	3.2669	11.0001	2.4507	0.5864	0.2531	0.3333	0.4171	0.2076	0.2095	0.1693	0.0455	0.1238	0.1316	0.0003	0.1312	0.0001	0.0001	0.0000	0.1315	0.0003	0.1312	1.0756	0.9632	0.1123	0.4567	0.4222	0.0345	0.6189	0.5411	0.0778	0.2717	0.0892	0.1825	0.0221	0.0216	0.0005	0.2496	0.0676	0.1820	1.1258	68.7129	4.1255	394.6712	207.5892	inf	0.5192	19.6027	2.2066	0.4843	0.0038	0.7192	0.0023	0.0024	0.0000	0.5270	0.0043	0.7212
30	64	0.2617	6	2	1	1	0	0	0	0	0	Y	N	N	N	N	N	N	N	N	N	N	N	0.0000	0.0000	0.0000	0.0000	0.0000	0.0000	0.0000	0.0000	0.0000	0.0000	0.0000	0.0000	0.0000	0.0000	0.0000	0.0000	0.0000	0.0000	0.0000	0.0000	9.9334	0.0000	11.0001	1.0000	0.0000	0.0000	0.0000	0.0000	0.0000	0.0000	0.0000	0.0000	0.0000	0.0000	0.0000	0.0000	0.0000	0.0000	0.0000	0.0000	0.0000	0.0000	0.0000	0.0000	0.0000	0.0000	0.0000	0.0000	0.0000	0.0000	0.0000	0.0407	0.0135	0.0271	0.0056	0.0036	0.0020	0.0350	0.0099	0.0252	0.0000	0.0000	0.0000	0.0000	0.0000	0.0000	0.0000	0.0000	0.0000	0.0000	0.0000	0.0000	0.0000	0.0000	0.0000	0.0000	0.0000	0.0000											
30	65	0.2617	5	2	1	1	0	0	0	0	0	Y	N	N	N	N	N	N	N	N	N	N	N	0.0000	0.0000	0.0000	0.0000	0.0000	0.0000	0.0000	0.0000	0.0000	0.0000	0.0000	0.0000	0.0000	0.0000	0.0000	0.0000	0.0000	0.0000	0.0000	0.0000	9.9334	0.0000	11.0001	0.0001	0.0000	0.0000	0.0000	0.0000	0.0000	0.0000	0.0000	0.0000	0.0000	0.0000	0.0000	0.0000	0.0000	0.0000	0.0000	0.0000	0.0000	0.0000	0.0000	0.0000	0.0000	0.0000	0.0000	0.0000	0.0000	0.0000	0.0000	0.0001	0.0000	0.0000	0.0000	0.0000	0.0000	0.0000	0.0000	0.0000	0.0000	0.0000	0.0000	0.0000	0.0000	0.0000	0.0000	0.0000	0.0000	0.0000	0.0000	0.0000	0.0000	0.0000	0.0000	0.0000	0.0000	0.0000											
30	66	0.2494	4	2	1	1	0	0	0	0	0	Y	N	N	N	N	N	N	N	N	N	N	N	52.7216	22.4361	61.5678	54.6444	0.0049	0.0055	0.0000	0.0254	0.0270	0.0000	0.0000	0.0000	0.0000	0.0001	0.0002	0.0000	0.0004	0.0005	0.0000	0.0000	0.0000	0.0000	0.0000	0.0000	-0.0004	-0.0000	9.9334	1.9720	11.0001	0.0923	0.0018	0.0018	0.0000	0.0018	0.0018	0.0000	0.0000	0.0000	0.0000	0.0000	0.0000	0.0000	0.0000	0.0000	0.0000	0.0000	0.0000	0.0000	0.3642	0.3227	0.0415	0.0706	0.0663	0.0043	0.2937	0.2564	0.0373	0.1073	0.0405	0.0668	0.0243	0.0202	0.0040	0.0830	0.0202	0.0628	52.7216	22.4361	0.0000	61.5678	54.6444	0.0000	0.0000	0.0000	0.0000	0.0001	0.0002	0.0000	0.0004	0.0005	0.0000	0.0000	0.0000	0.0000					
30	67	0.2278	3	2	1	1	0	0	0	0	0	Y	N	N	N	N	N	N	N	N	N	N	N	31131.6318	11864.6049	inf	inf	0.0000	0.0000	1.9930	2.2534	0.0000	8.1046	8.6026	0.0000	0.0000	0.0000	0.0000	0.0001	0.0002	0.0000	0.0000	0.0000	0.0000	0.0001	0.0059	0.0000	0.0000	0.0000	-0.1975	-0.0000	9.9334	3.0650	11.0001	1.0636	0.9983	0.9983	0.0000	0.9983	0.9983	0.0000	0.0000	0.0000	0.0000	0.0000	0.0000	0.0000	0.0000	0.0000	0.0000	0.0000	0.0000	0.0000	0.5009	0.4430	0.0579	0.1232	0.1160	0.0071	0.3777	0.3270	0.0508	0.1562	0.0527	0.1036	0.0218	0.0139	0.0079	0.1344	0.0388	0.0956	31131.6318	11864.6049	0.0000	inf	inf	0.0000	0.0000	0.0000	0.0000	0.0001	0.0002	0.0000	0.0000	0.0000	0.0000	0.0001	0.0003	0.0000			
30	68	0.2348	3	1	2	0	1	0	0	0	0	N	Y	N	N	N	N	N	N	N	N	N	N	0.0060	0.0000	1.1354	0.0002	0.0000	0.0853	0.2543	0.0000	1.4506	0.0190	0.0004	0.1710	0.0034	0.0009	0.0309	0.0295	0.0000	0.2321	3.1552	7.8293	0.1506	15.8001	20.7488	0.3620	0.1161	0.4964	0.1600	55.8343	0.0299	0.0111	-0.7276	9.9334	2.7513	11.0001	4.0954	0.0142	0.0003	0.0140	0.0010	0.0003	0.0008	0.0132	0.0000	0.0132	1.0107	0.9813	0.0294	0.9807	0.9802	0.0005	0.0300	0.0011	0.0288	0.7461	0.6645	0.0816	0.2992	0.2744	0.0248	0.4469	0.3901	0.0568	0.3203	0.1253	0.1950	0.0621	0.0472	0.0148	0.2583	0.0781	0.1802	0.0060	0.0000	1.1354	0.0002	0.0000	0.8481	0.2543	0.0000	1.4506	3.1552	7.8293	0.1506	15.8001	20.7488	0.0364	0.1161	0.0147	0.1600
30	71	0.2278	3	1	2	0	0	0	0	0	0	N	Y	N	N	N	N	N	N	N	N	N	N	0.0000	0.0000	0.0000	0.0000	0.0000	0.0000	0.0000	0.0000	0.0000	0.0000	0.0000	0.0000	0.0000	0.0000	0.0000	0.0000	0.0000	0.0000	0.0000	0.0000	9.9334	2.0000	11.0001	3.0000	0.0000	0.0000	0.0000	0.0000	0.0000	0.0000	0.0000	0.0000	0.0000	0.0000	0.0000	0.0000	0.0000	0.0000	0.0000	0.0000	0.0000	0.0000	0.3317	0.2932	0.0384	0.0821	0.0773	0.0047	0.2496	0.2159	0.0337	0.1867	0.0630	0.1238	0.0260	0.0165	0.0096	0.1607	0.0465	0.1142	0.0000	0.0000	0.0000	0.0000	0.0000	0.0000	0.0000	0.0000	0.0000	0.0000	0.0000	0.0000	0.0000	0.0000	0.0000	0.0000	0.0000	0.0000											
30	72	0.2010	2	1	1	0	0	0	0	0	0	N	N	N	N	N	N	N	N	N	N	N	N	230.4765	2170.4792	0.4834	622.5350	1064.0556	0.0079	176.0296	inf	0.5475	1.6485	1.8409	0.0052	2.4000	2.5479	0.0006	1.3786	1.5686	0.0060	0.0072	0.0008	0.0107	0.0039	0.0024	0.0789	0.0078	0.0000	0.0109	0.0003	22.2857	-0.3413	0.0003	9.9334	4.7932	11.0001	0.2507	1.7280	1.7274	0.0006	0.6648	0.6648	0.0000	1.0631	1.0626	0.0006	0.0016	0.0001	0.0016	0.0001	0.0001	0.0001	0.0015	0.0000	0.0015	1.0482	0.9383	0.1099	0.2770	0.2609	0.0161	0.7712	0.6774	0.0938	0.2279	0.0825	0.1454	0.0389	0.0292	0.0097	0.1890	0.0533	0.1357	230.4765	2170.4792	0.4834	622.5350	1064.0556	0.0752	176.0296	inf	0.5475	0.0072	0.0008	0.0107	0.0039	0.0024	0.0083	0.0078	0.0000	0.0109
30	74	0.1773	2	1	2	0	0	0	0	0	0	N	Y	N	N	N	N	N	N	N	N	N	N	7657.7994	2745.6020	inf	798.0440	842.9041	inf	inf	inf	inf	0.7667	0.8511	0.0203	1.0839	1.1725	0.0064	0.4563	0.5184	0.0285	0.0001	0.0003	0.0000	0.0014	0.0014	0.0000	0.0000	0.0000	0.0000	0.0027	0.0000	-0.1247	-0.0000	9.9334	1.8678	11.0001	4.6278	0.6391	0.6373	0.0017	0.4468	0.4466	0.0002	0.1922	0.1907	0.0015	0.0000	0.0000	0.0000	0.0000	0.0000	0.0000	0.0000	0.0000	0.0000	0.8335	0.7488	0.0847	0.4122	0.3809	0.0313	0.4213	0.3679	0.0534	0.2996	0.0968	0.2029	0.0221	0.0216	0.0005	0.2776	0.0752	0.2023	7657.7994	2745.6020	inf	798.0440	842.9041	inf	inf	inf	inf	0.0001	0.0003	0.0000	0.0014	0.0014	0.0000	0.0000	0.0000	0.0000
30	78	0.2810	5	2	2	0	1	0	0	0	0	Y	Y	N	N	N	N	N	N	N	N	N	N	0.3771	0.0000	inf	0.0963	0.0000	inf	0.0000	0.0000	0.0004	0.0002	0.0000	0.0031	0.0000	0.0000	0.0000	0.0001	0.0004	0.0000	0.0021	0.0032	0.0000	0.0000	0.0000	0.0000	inf	0.0000	0.0000	-0.0000	9.9334	1.0000	11.0001	2.0144	0.0000	0.0000	0.0000	0.0000	0.0000	0.0000	0.0000	0.0000	0.0000	0.0000	0.0000	0.0000	0.0000	0.0000	0.0000	0.0000	0.0000	0.0000	0.2082	0.1847	0.0235	0.0501	0.0469	0.0032	0.1580	0.1378	0.0203	0.1570	0.0538	0.1032	0.0097	0.0062	0.0034	0.1474	0.0475	0.0998	0.3771	0.0000	inf	0.0963	0.0000	inf	0.0000	0.0000	0.0000	0.0001	0.0004	0.0000	0.0021	0.0032	0.0000	0.0000	0.0000	0.0000			
30	79	0.2587	4	2	2	0	1	0	0	0	0	Y	Y	N	N	N	N	N	N	N	N	N	N	5240.9068	2004.1570	inf	inf	0.0000	0.0000	0.6713	0.7570	0.0000	2.7523	2.9425	0.0000	0.0000	0.0000	0.0000	0.0001	0.0004	0.0000	0.0000	0.0000	0.0000	0.0001	0.0113	0.0000	0.0000	0.0000	-0.0000	-0.0000	9.9334	0.0001	11.0001	3.0180	0.0000	0.0000	0.0000	0.0000	0.0000	0.0000	0.0000	0.0000	0.0000	0.0000	0.0000	0.0000	0.0000	0.0000	0.0000	0.0000	0.0000	0.0000	0.0000	0.0000	0.0000	0.0000	0.0000	0.0000	0.0000	0.0000	0.0000	0.1561	0.0529	0.1032	0.0085	0.0053	0.0033	0.1476	0.0477	0.0999	5240.9068	2004.1570	0.0000	inf	inf	0.0000	0.0000	0.0000	0.0000	0.0001	0.0004	0.0000	0.0000	0.0000	0.0000	0.0001	0.0004	0.0000			
30	80	0.2807	6	1	2	0	1	0	0	0	0	N	Y	N	N	N	N	N	N	N	N	N	N	0.0000	0.0000	0.0000	0.0000	0.0000	0.0000	0.0000	0.0000	0.0000	0.0000	0.0000	0.0000	0.0000	0.0000	0.0000	0.0000	0.0000	0.0000	0.0000	0.0000	9.9334	0.0000	11.0001	0.0000	0.0000	0.0000	0.0000	0.0000	0.0000	0.0000	0.0000	0.0000	0.0000	0.0000	0.0000	0.0000	0.0000	0.0000	0.0000	0.0000	0.0000	0.0000	0.0000	0.0000	0.0000	0.0000	0.0000	0.0000	0.0000	0.0000	0.0000	0.0000	0.0000	0.0000	0.0000	0.0000	0.0000	0.0000	0.0000	0.0000	0.0000	0.0000	0.0000	0.0000	0.0000	0.0000	0.0000	0.0000	0.0000	0.0000	0.0000	0.0000	0.0000	0.0000	0.0000	0.0000	0.0000	0.0000											
30	81	0.2587	4	1	1	1	1	0	0	0	0	N	N	N	N	N	N	N	N	N	N	N	N	0.0000	0.0000	0.0000	0.0000	0.0000	0.0000	0.0000	0.0000	0.0000	0.0000	0.0000	0.0000	0.0000	0.0000	0.0000	0.0000	0.0000	0.0000	0.0000	0.0000	9.9334	2.0000	11.0001	0.0000	0.0000	0.0000	0.0000	0.0000	0.0000	0.0000	0.0000	0.0000	0.0000	0.0000	0.0000	0.0000	0.0000	0.0000	0.0000	0.0000	0.0000	0.0000	0.4075	0.3616	0.0459	0.0969	0.0907	0.0062	0.3106	0.2709	0.0397	0.1054	0.0357	0.0697	0.0057	0.0035	0.0022	0.0997	0.0322	0.0675	0.0000	0.0000	0.0000	0.0000	0.0000	0.0000	0.0000	0.0000	0.0000	0.0000	0.0000	0.0000	0.0000	0.0000	0.0000	0.0000	0.0000	0.0000											
30	82	0.2587	4	1	1	1	1	0	0	0	0	N	N	N	N	N	N	N	N	N	N	N	N	0.0000	0.0000	0.0000	0.0000	0.0000	0.0000	0.0000	0.0000	0.0000	0.0000	0.0000	0.0000	0.0000	0.0000	0.0000	0.0000	0.0000	0.0000	0.0000	0.0000	9.9334	0.0000	11.0001	4.0000	0.0000	0.0000	0.0000	0.0000	0.0000	0.0000	0.0000	0.0000	0.0000	0.0000	0.0000	0.0000	0.0000	0.0000	0.0000	0.0000	0.0000	0.0000	0.0000	0.0000	0.0000	0.0000	0.0000	0.0000	0.0000	0.0000	0.0000	0.2034	0.0690	0.1344	0.0112	0.0069	0.0043	0.1922	0.0621	0.1300	0.0000	0.0000	0.0000	0.0000	0.0000	0.0000	0.0000	0.0000	0.0000	0.0000	0.0000	0.0000	0.0000	0.0000	0.0000	0.0000	0.0000	0.0000											
30	83	0.2807	6	1	1	1	1	0	0	0	0	N	N	N	N	N	N	N	N	N	N	N	N	0.0000	0.0000	0.0000	0.0000	0.0000	0.0000	0.0000	0.0000	0.0000	0.0000	0.0000	0.0000	0.0000	9.5633	28.7611	0.0000	0.0000	0.0000	0.0000	10.0350	31.0799	0.0000	0.0000	0.0000	-0.7489	9.9334	0.0000	11.0001	2.0000	0.0000	0.0000	0.0000	0.0000	0.0000	0.0000	0.0000	0.0000	0.0000	1.0000	1.0000	0.0000	0.0000	0.0000	0.0000	1.0000	1.0000	0.0000	0.0000	0.0000	0.0000	0.0000	0.0000	0.0000	0.0000	0.0000	0.0000	0.1046	0.0348	0.0698	0.0049	0.0026	0.0023	0.0997	0.0322	0.0675	0.0000	0.0000	0.0000	0.0000	0.0000	0.0000	0.0000	0.0000	0.0000	9.5633	28.7611	0.0000	0.0000	0.0000	0.0000	10.0350	31.0799	0.0000						
30	84	0.2734	5	1	1	0	1	0	0	0	0	N	N	N	N	N	N	N	N	N	N	N	N	0.0000	0.0000	0.0000	0.0000	0.0000	0.0000	0.0000	0.0000	0.0000	0.0000	0.0000	0.0000	0.0000	0.0041	0.0121	0.0000	0.0719	0.1214	0.0000	0.0000	0.0000	0.0000	0.0000	0.0000	-0.0002	9.9334	1.0000	11.0001	0.0015	0.0000	0.0000	0.0000	0.0000	0.0000	0.0000	0.0000	0.0000	0.0000	0.0002	0.0002	0.0000	0.0002	0.0002	0.0000	0.0000	0.0000	0.0000	0.2082	0.1847	0.0235	0.0501	0.0469	0.0032	0.1581	0.1378	0.0203	0.0541	0.0182	0.0359	0.0031	0.0018	0.0012	0.0511	0.0164	0.0347	0.0000	0.0000	0.0000	0.0000	0.0000	0.0000	0.0000	0.0000	0.0000	0.0041	0.0121	0.0000	0.0719	0.1214	0.0000	0.0000	0.0000	0.0000						
30	85	0.2587	4	1	1	0	1	0	0	0	0	N	N	N	N	N	N	N	N	N	N	N	N	0.0000	0.0000	0.0000	0.0000	0.0000	0.0000	0.0000	0.0000	0.0000	0.0000	0.0000	0.0000	0.0000	0.0021	0.0062	0.0000	0.0000	0.0000	0.0000	0.0022	0.2344	0.0000	0.0000	0.0000	-0.0002	9.9334	0.0000	11.0001	2.0013	0.0000	0.0000	0.0000	0.0000	0.0000	0.0000	0.0000	0.0000	0.0000	0.0002	0.0002	0.0000	0.0000	0.0000	0.0000	0.0002	0.0002	0.0000	0.0000	0.0000	0.0000	0.0000	0.0000	0.0000	0.0000	0.0000	0.0000	0.1054	0.0357	0.0697	0.0057	0.0035	0.0022	0.0997	0.0322	0.0675	0.0000	0.0000	0.0000	0.0000	0.0000	0.0000	0.0000	0.0000	0.0000	0.0021	0.0062	0.0000	0.0000	0.0000	0.0000	0.0022	0.0068	0.0000						
30	86	0.2986	4	2	2	0	0	0	0	0	0	Y	Y	N	N	N	N	N	N	N	N	N	N	1334.8186	614.1733	inf	192.5956	116.0579	inf	inf	inf	0.4584	0.4483	0.5659	0.2273	0.1435	1.3895	0.7052	0.7876	0.0000	0.0003	0.0007	0.0000	0.0012	0.0012	0.0000	0.0000	0.0000	0.0000	0.1176	0.0000	-0.0000	-0.0000	9.9334	0.0007	11.0001	0.9812	0.0002	0.0002	0.0000	0.0000	0.0000	0.0000	0.0001	0.0001	0.0000	0.0000	0.0000	0.0000	0.0000	0.0000	0.0000	0.0000	0.0000	0.0000	0.0004	0.0004	0.0000	0.0002	0.0002	0.0000	0.0002	0.0002	0.0000	0.0874	0.0411	0.0463	0.0254	0.0243	0.0012	0.0619	0.0168	0.0451	1334.8186	614.1733	inf	192.5956	116.0579	inf	inf	inf	0.0000	0.0003	0.0007	0.0000	0.0012	0.0012	0.0000	0.0000	0.0000	0.0000	
30	87	0.2428	3	2	2	0	0	0	0	0	0	Y	Y	N	N	N	N	N	N	N	N	N	N	633.1450	314.8306	61.9891	3.6682	3.1991	0.0688	13338.3863	421.8192	528.8037	1.9148	2.1463	0.0657	0.1659	0.1752	0.0215	2.4834	2.8368	0.0725	0.0030	0.0068	0.0011	0.0452	0.0548	0.3119	0.0002	0.0067	0.0001	0.0038	0.3000	-0.3740	-0.0005	9.9334	5.0272	11.0001	2.1572	1.9278	1.9204	0.0074	0.0410	0.0407	0.0003	1.8868	1.8798	0.0070	0.0010	0.0008	0.0002	0.0010	0.0008	0.0002	0.0001	0.0000	0.0000	1.0068	0.8947	0.1120	0.2470	0.2321	0.0149	0.7598	0.6626	0.0971	0.3439	0.1173	0.2265	0.0217	0.0141	0.0076	0.3222	0.1033	0.2189	633.1450	314.8306	61.9891	3.6682	3.1991	0.7777	13338.3863	9769.2269	528.8037	0.0030	0.0068	0.0011	0.0452	0.0548	0.0276	0.0002	0.0003	0.0001
30	88	0.2960	5	1	2	0	0	0	0	0	0	N	Y	N	N	N	N	N	N	N	N	N	N	0.0000	0.0000	0.0000	0.0000	0.0000	0.0000	0.0000	0.0000	0.0000	0.0000	0.0000	0.0000	0.0000	0.0000	0.0000	0.0000	0.0000	0.0000	0.0000	0.0000	9.9334	0.0000	11.0001	4.0000	0.0000	0.0000	0.0000	0.0000	0.0000	0.0000	0.0000	0.0000	0.0000	0.0000	0.0000	0.0000	0.0000	0.0000	0.0000	0.0000	0.0000	0.0000	0.0000	0.0000	0.0000	0.0000	0.0000	0.0000	0.0000	0.0000	0.0000	0.2043	0.0707	0.1335	0.0156	0.0106	0.0049	0.1887	0.0601	0.1286	0.0000	0.0000	0.0000	0.0000	0.0000	0.0000	0.0000	0.0000	0.0000	0.0000	0.0000	0.0000	0.0000	0.0000	0.0000	0.0000	0.0000	0.0000											
30	89	0.2587	4	1	2	0	0	0	0	0	0	N	Y	N	N	N	N	N	N	N	N	N	N	inf	inf	inf	inf	1.6708	0.0000	14.8820	0.0000	0.0000	0.0000	2.1833	0.0000	17.1590	0.0000	0.0000	0.0000	0.0000	0.0000	0.0000	0.0000	0.0000	0.0000	inf	0.8022	0.0000	9.9334	3.0000	11.0001	2.0000	1.0000	0.0000	1.0000	0.0000	0.0000	0.0000	1.0000	0.0000	1.0000	0.0000	0.0000	0.0000	0.0000	0.0000	0.0000	0.0000	0.0000	0.0000	0.5985	0.5313	0.0672	0.1405	0.1316	0.0089	0.4580	0.3997	0.0583	0.2498	0.0849	0.1650	0.0139	0.0085	0.0054	0.2360	0.0764	0.1596	inf	0.0000	inf	0.0000	0.0000	0.0000	inf	0.0000	inf	0.0000	0.0000	0.0000	0.0000	0.0000	0.0000	0.0000	0.0000	0.0000						
30	90	0.2587	4	2	2	0	0	0	0	0	0	Y	Y	N	N	N	N	N	N	N	N	N	N	0.0000	0.0000	0.0000	0.0000	0.0000	0.0000	0.0000	0.0000	0.0000	0.0000	0.0000	0.0000	0.0000	0.0000	0.0000	0.0000	0.0000	0.0000	0.0000	0.0000	9.9334	2.0000	11.0001	3.0000	0.0000	0.0000	0.0000	0.0000	0.0000	0.0000	0.0000	0.0000	0.0000	0.0000	0.0000	0.0000	0.0000	0.0000	0.0000	0.0000	0.0000	0.0000	0.4075	0.3616	0.0459	0.0969	0.0907	0.0062	0.3106	0.2709	0.0397	0.2498	0.0849	0.1650	0.0139	0.0085	0.0054	0.2360	0.0764	0.1596	0.0000	0.0000	0.0000	0.0000	0.0000	0.0000	0.0000	0.0000	0.0000	0.0000	0.0000	0.0000	0.0000	0.0000	0.0000	0.0000	0.0000	0.0000											
30	91	0.2428	3	1	1	0	0	0	0	0	0	N	N	N	N	N	N	N	N	N	N	N	N	14.4948	6.5922	42.7426	3.5752	3.4807	0.0412	71.8559	369.2236	0.1291	0.1278	0.1392	0.4153	0.4382	0.0427	0.0205	0.0000	0.1552	0.0089	0.0194	0.0033	0.1162	0.1259	1.0365	0.0003	0.0000	0.0004	0.1371	0.3117	-0.0047	-0.0005	9.9334	2.0705	11.0001	0.0351	0.0609	0.0535	0.0073	0.0538	0.0535	0.0003	0.0070	0.0000	0.0070	0.0010	0.0008	0.0002	0.0010	0.0008	0.0002	0.0000	0.0000	0.0000	0.4715	0.4187	0.0527	0.1296	0.1221	0.0075	0.3418	0.2966	0.0452	0.1134	0.0397	0.0737	0.0084	0.0061	0.0023	0.1050	0.0336	0.0714	14.4948	6.5922	42.7426	3.5752	3.4807	0.4716	71.8559	0.0000	369.2236	0.0089	0.0194	0.0033	0.1162	0.1259	0.0905	0.0003	0.0000	0.0004	
30	92	0.2174	2	1	1	0	0	0	0	0	0	N	N	N	N	N	N	N	N	N	N	N	N	4.7281	0.2185	91.4152	0.1192	0.1306	0.0069	71.0660	0.1442	367.7490	1.1524	0.0937	10.2589	0.1949	0.2022	0.0789	1.7284	0.0230	13.0185	0.2437	0.4287	0.1122	1.6354	1.5484	11.3675	0.0243	0.1594	0.0354	12.7321	0.3682	0.8156	-0.0252	9.9334	3.4249	11.0001	0.1413	1.1182	0.0814	1.0368	0.0710	0.0693	0.0017	1.0472	0.0121	1.0351	0.0526	0.0385	0.0142	0.0481	0.0382	0.0099	0.0045	0.0002	0.0043	0.9704	0.8693	0.1011	0.3645	0.3429	0.0216	0.6059	0.5264	0.0795	0.2159	0.0897	0.1262	0.0294	0.0247	0.0047	0.1865	0.0650	0.1214	4.7281	0.2185	91.4152	0.1192	0.1306	0.0377	71.0660	6.3369	367.7490	0.2437	0.4287	0.1122	1.6354	1.5484	2.0905	0.0243	0.0036	0.0354
30	98	0.3542	7	1	1	0	0	0	0	0	0	N	N	N	N	N	N	N	N	N	N	N	N	0.7344	1.0888	0.0000	0.7920	0.7235	0.0000	0.6313	inf	0.0000	1.6005	1.7762	0.0000	2.0134	2.1813	0.0000	1.2433	1.4096	0.0000	2.1794	1.6313	2.8991	2.5423	3.0150	1.0890	1.9694	0.0000	3.3451	0.0000	1.3532	-0.4712	-0.2869	9.9334	4.9999	11.0001	9.0821	2.3820	2.3820	0.0000	1.3898	1.3898	0.0000	0.9922	0.9922	0.0000	1.6499	0.7011	0.9488	0.7054	0.7011	0.0042	0.9445	0.0000	0.9445	1.4883	1.3411	0.1473	0.6903	0.6371	0.0531	0.7981	0.7039	0.0941	0.7571	0.4298	0.3273	0.2775	0.2325	0.0449	0.4796	0.1972	0.2824	0.7344	1.0888	0.0000	0.7920	0.7235	0.0000	0.6313	inf	0.0000	2.1794	1.6313	2.8991	2.5423	3.0150	0.0944	1.9694	0.0000	3.3451
31	33	0.1512	4	1	0	2	0	0	0	0	0	N	N	Y	N	N	N	N	N	N	N	N	N	0.0000	0.0000	0.0000	0.0000	0.0000	0.0000	0.0000	0.0000	0.0000	0.0000	0.0000	0.0000	0.0000	0.0000	0.0000	0.0000	0.0000	0.0000	29.6385	41.0577	23.2216	0.0345	0.0011	3.4442	35.2583	66.7215	24.0066	1.0065	0.0000	-0.4921	2.9334	0.9991	4.9999	2.0219	0.0000	0.0000	0.0000	0.0000	0.0000	0.0000	0.0000	0.0000	0.0000	1.9896	0.9916	0.9980	0.0004	0.0000	0.0004	1.9892	0.9916	0.9977	0.0586	0.0520	0.0066	0.0182	0.0173	0.0009	0.0404	0.0347	0.0057	0.0671	0.0242	0.0430	0.0107	0.0093	0.0014	0.0564	0.0149	0.0416	0.0000	0.0000	0.0000	0.0000	0.0000	0.0000	0.0000	0.0000	0.0000	29.6385	41.0577	23.2216	0.0345	0.0011	0.2534	35.2583	66.7215	24.0066	
31	35	0.1512	4	1	0	2	0	0	0	0	0	N	N	Y	N	N	N	N	N	N	N	N	N	0.0000	0.0000	0.0000	0.0000	0.0000	0.0000	0.0000	0.0000	0.0000	0.0000	0.0000	0.0000	0.0000	0.2207	0.5831	0.0000	1.1972	1.3384	0.0000	0.0000	0.0000	0.0000	0.0000	0.0000	-0.0080	2.9334	0.0009	4.9999	1.9867	0.0000	0.0000	0.0000	0.0000	0.0000	0.0000	0.0000	0.0000	0.0000	0.0107	0.0107	0.0000	0.0107	0.0107	0.0000	0.0000	0.0000	0.0000	0.0001	0.0001	0.0000	0.0000	0.0000	0.0000	0.0001	0.0000	0.0000	0.0484	0.0183	0.0301	0.0089	0.0080	0.0009	0.0395	0.0103	0.0291	0.0000	0.0000	0.0000	0.0000	0.0000	0.0000	0.0000	0.0000	0.0000	0.2207	0.5831	0.0000	1.1972	1.3384	0.0000	0.0000	0.0000	0.0000						
31	36	0.1333	3	1	0	2	0	0	0	0	0	N	N	Y	N	N	N	N	N	N	N	N	N	0.0000	0.0000	0.0000	0.0000	0.0000	0.0000	0.0000	0.0000	0.0000	0.0000	0.0000	0.0000	0.0000	0.0000	0.0000	0.1964	0.4832	0.0527	0.0000	0.0000	0.0000	0.2315	1.5497	0.0571	0.2178	0.0000	-0.0061	2.9334	1.0009	4.9999	2.0357	0.0000	0.0000	0.0000	0.0000	0.0000	0.0000	0.0000	0.0000	0.0000	0.0107	0.0088	0.0019	0.0000	0.0000	0.0000	0.0107	0.0088	0.0019	0.0586	0.0520	0.0066	0.0181	0.0173	0.0009	0.0405	0.0348	0.0057	0.0544	0.0181	0.0362	0.0082	0.0054	0.0028	0.0461	0.0127	0.0334	0.0000	0.0000	0.0000	0.0000	0.0000	0.0000	0.0000	0.0000	0.0000	0.1964	0.4832	0.0527	0.0000	0.0000	0.0000	0.2315	0.6892	0.0571				
31	37	0.1333	3	1	0	2	0	0	0	0	0	N	N	Y	N	N	N	N	N	N	N	N	N	0.0000	0.0000	0.0000	0.0000	0.0000	0.0000	0.0000	0.0000	0.0000	0.0000	0.0000	0.0000	0.0000	14.1790	42.4586	0.0000	0.0000	0.0000	0.0000	16.7005	60.3617	0.0000	0.0000	0.0000	-0.7489	2.9334	1.0000	4.9999	3.0000	0.0000	0.0000	0.0000	0.0000	0.0000	0.0000	0.0000	0.0000	0.0000	1.0000	1.0000	0.0000	0.0000	0.0000	0.0000	1.0000	1.0000	0.0000	0.0586	0.0520	0.0066	0.0181	0.0173	0.0009	0.0405	0.0347	0.0057	0.0705	0.0236	0.0470	0.0106	0.0070	0.0037	0.0599	0.0166	0.0433	0.0000	0.0000	0.0000	0.0000	0.0000	0.0000	0.0000	0.0000	0.0000	14.1790	42.4586	0.0000	0.0000	0.0000	0.0000	16.7005	60.3617	0.0000						
31	40	0.1672	6	1	1	2	0	0	0	0	0	N	N	Y	N	N	N	N	N	N	N	N	N	0.0000	0.0000	0.0000	0.0000	0.0000	0.0000	0.0000	0.0000	0.0000	0.0000	0.0000	0.0000	0.0000	0.0000	0.0000	0.0000	0.0000	0.0000	0.0000	0.0000	2.9334	0.0000	4.9999	0.0000	0.0000	0.0000	0.0000	0.0000	0.0000	0.0000	0.0000	0.0000	0.0000	0.0000	0.0000	0.0000	0.0000	0.0000	0.0000	0.0000	0.0000	0.0000	0.0000	0.0000	0.0000	0.0000	0.0000	0.0000	0.0000	0.0000	0.0000	0.0000	0.0000	0.0000	0.0000	0.0000	0.0000	0.0000	0.0000	0.0000	0.0000	0.0000	0.0000	0.0000	0.0000	0.0000	0.0000	0.0000	0.0000	0.0000	0.0000	0.0000	0.0000	0.0000	0.0000	0.0000	0.0000	0.0000											
31	41	0.1672	5	1	1	2	0	0	0	0	0	N	N	Y	N	N	N	N	N	N	N	N	N	0.0000	0.0000	0.0000	0.0000	0.0000	0.0000	0.0000	0.0000	0.0000	0.0000	0.0000	0.0000	0.0000	0.0000	0.0000	0.0000	0.0000	0.0000	0.0000	0.0000	2.9334	1.0000	4.9999	1.9999	0.0000	0.0000	0.0000	0.0000	0.0000	0.0000	0.0000	0.0000	0.0000	0.0000	0.0000	0.0000	0.0000	0.0000	0.0000	0.0000	0.0000	0.0000	0.0649	0.0575	0.0074	0.0151	0.0143	0.0008	0.0498	0.0432	0.0066	0.0565	0.0186	0.0379	0.0082	0.0054	0.0028	0.0483	0.0132	0.0351	0.0000	0.0000	0.0000	0.0000	0.0000	0.0000	0.0000	0.0000	0.0000	0.0000	0.0000	0.0000	0.0000	0.0000	0.0000	0.0000	0.0000	0.0000											
31	42	0.2041	4	1	1	1	0	0	0	0	0	N	N	N	N	N	N	N	N	N	N	N	N	1752.7086	788.8803	134.8540	140.9150	8090.2299	89.0156	0.8548	0.9635	0.0000	0.2044	0.2333	0.0000	1.6744	1.8580	0.0000	0.0005	0.0012	0.0000	0.0015	0.0017	0.0000	0.0002	0.0209	0.0000	0.0000	0.0000	-0.0000	-0.0000	2.9334	0.0007	4.9999	2.0242	0.0001	0.0001	0.0000	0.0000	0.0000	0.0000	0.0001	0.0001	0.0000	0.0000	0.0000	0.0000	0.0000	0.0000	0.0000	0.0000	0.0000	0.0000	0.0002	0.0001	0.0000	0.0001	0.0001	0.0000	0.0001	0.0001	0.0000	0.0615	0.0246	0.0369	0.0132	0.0121	0.0011	0.0483	0.0125	0.0358	1752.7086	788.8803	0.0000	134.8540	140.9150	0.0000	8090.2299	2319.6232	0.0000	0.0005	0.0012	0.0000	0.0015	0.0017	0.0000	0.0002	0.0008	0.0000			
31	43	0.1073	2	0	1	1	1	0	0	0	0	N	N	N	N	N	N	N	N	N	N	N	N	0.0000	0.0000	0.0000	0.0000	0.0000	0.0000	0.0000	0.0000	0.0000	0.0000	0.0000	0.0000	0.0000	0.0000	0.0000	0.0000	0.0000	0.0000	0.0000	0.0000	2.9334	0.0000	4.9999	0.0000	0.0000	0.0000	0.0000	0.0000	0.0000	0.0000	0.0000	0.0000	0.0000	0.0000	0.0000	0.0000	0.0000	0.0000	0.0000	0.0000	0.0000	0.0000	0.0000	0.0000	0.0000	0.0000	0.0000	0.0000	0.0000	0.0000	0.0000	0.0000	0.0000	0.0000	0.0000	0.0000	0.0000	0.0000	0.0000	0.0000	0.0000	0.0000	0.0000	0.0000	0.0000	0.0000	0.0000	0.0000	0.0000	0.0000	0.0000	0.0000	0.0000	0.0000	0.0000	0.0000	0.0000	0.0000											
31	44	0.1073	2	0	0	1	1	0	0	0	0	N	N	N	N	N	N	N	N	N	N	N	N	0.0000	0.0000	0.0000	0.0000	0.0000	0.0000	0.0000	0.0000	0.0000	0.0000	0.0000	0.0000	0.0000	0.0000	0.0000	0.0000	0.0000	0.0000	0.0000	0.0000	2.9334	0.0000	4.9999	0.0000	0.0000	0.0000	0.0000	0.0000	0.0000	0.0000	0.0000	0.0000	0.0000	0.0000	0.0000	0.0000	0.0000	0.0000	0.0000	0.0000	0.0000	0.0000	0.0000	0.0000	0.0000	0.0000	0.0000	0.0000	0.0000	0.0000	0.0000	0.0000	0.0000	0.0000	0.0000	0.0000	0.0000	0.0000	0.0000	0.0000	0.0000	0.0000	0.0000	0.0000	0.0000	0.0000	0.0000	0.0000	0.0000	0.0000	0.0000	0.0000	0.0000	0.0000	0.0000	0.0000	0.0000	0.0000											
31	46	0.1333	3	1	0	2	0	0	0	0	0	N	N	Y	N	N	N	N	N	N	N	N	N	0.0000	0.0000	0.0000	0.0000	0.0000	0.0000	0.0000	0.0000	0.0000	0.0000	0.0000	0.0000	0.0000	0.0000	0.0000	0.0000	0.0000	0.0000	0.0000	0.0000	2.9334	0.0000	4.9999	2.0000	0.0000	0.0000	0.0000	0.0000	0.0000	0.0000	0.0000	0.0000	0.0000	0.0000	0.0000	0.0000	0.0000	0.0000	0.0000	0.0000	0.0000	0.0000	0.0000	0.0000	0.0000	0.0000	0.0000	0.0000	0.0000	0.0000	0.0000	0.0364	0.0121	0.0243	0.0055	0.0037	0.0019	0.0309	0.0085	0.0224	0.0000	0.0000	0.0000	0.0000	0.0000	0.0000	0.0000	0.0000	0.0000	0.0000	0.0000	0.0000	0.0000	0.0000	0.0000	0.0000	0.0000	0.0000											
31	47	0.1483	4	1	1	1	0	0	0	0	0	N	N	N	N	N	N	N	N	N	N	N	N	1.6400	0.7397	1.4007	1.1471	0.0006	0.0007	0.0000	0.0024	0.0026	0.0000	0.0000	0.0000	0.0000	0.0004	0.0009	0.0000	0.0017	0.0023	0.0000	0.0000	0.0000	0.0000	0.0000	0.0000	-0.0000	-0.0000	2.9334	0.9991	4.9999	2.0273	0.0000	0.0000	0.0000	0.0000	0.0000	0.0000	0.0000	0.0000	0.0000	0.0000	0.0000	0.0000	0.0000	0.0000	0.0000	0.0000	0.0000	0.0000	0.0646	0.0568	0.0078	0.0156	0.0142	0.0014	0.0490	0.0426	0.0064	0.0568	0.0225	0.0343	0.0117	0.0087	0.0030	0.0451	0.0138	0.0313	1.6400	0.7397	0.0000	1.4007	1.1471	0.0000	0.0000	0.0000	0.0000	0.0004	0.0009	0.0000	0.0017	0.0023	0.0000	0.0000	0.0000	0.0000					
31	48	0.1107	3	1	1	1	0	0	0	0	0	N	N	N	N	N	N	N	N	N	N	N	N	1049.5893	447.6946	20.9441	387.2386	308.5486	inf	2311.6768	58.1627	24.1971	0.9627	1.0644	0.0025	1.7163	1.8334	0.0009	0.4270	0.4840	0.0031	0.0009	0.0024	0.0001	0.0044	0.0059	0.0000	0.0002	0.0083	0.0001	0.0002	0.0909	-0.0634	-0.0001	2.9334	3.1828	4.9999	3.1571	0.3211	0.3210	0.0001	0.2379	0.2379	0.0000	0.0833	0.0832	0.0001	0.0001	0.0001	0.0000	0.0001	0.0001	0.0000	0.0000	0.0000	0.0000	0.3335	0.3016	0.0319	0.1386	0.1297	0.0088	0.1950	0.1719	0.0231	0.1308	0.0463	0.0846	0.0226	0.0168	0.0057	0.1083	0.0294	0.0788	1049.5893	447.6946	20.9441	387.2386	308.5486	inf	2311.6768	1424.6881	24.1971	0.0009	0.0024	0.0001	0.0044	0.0059	0.0000	0.0002	0.0003	0.0001
31	49	0.1065	2	0	1	1	0	0	0	0	0	N	N	N	N	N	N	N	N	N	N	N	N	1089.1916	691.7282	1114.8151	1239.1422	1091.1877	inf	509.5086	6.0262	262.8612	2.7014	2.7992	1.6295	3.6027	3.6620	2.7961	1.1935	1.2900	0.4060	0.0025	0.0040	0.0015	0.0029	0.0034	0.0000	0.0023	0.2141	0.0015	0.0531	0.5556	-0.0756	-0.0001	2.9334	0.8922	4.9999	1.0748	0.5131	0.4872	0.0259	0.4283	0.4056	0.0227	0.0848	0.0817	0.0031	0.0001	0.0001	0.0000	0.0000	0.0000	0.0000	0.0001	0.0000	0.0000	0.1899	0.1741	0.0159	0.1189	0.1107	0.0081	0.0711	0.0633	0.0078	0.0564	0.0222	0.0342	0.0138	0.0119	0.0018	0.0427	0.0103	0.0324	1089.1916	691.7282	1114.8151	1239.1422	1091.1877	inf	509.5086	266.2833	262.8612	0.0025	0.0040	0.0015	0.0029	0.0034	0.0000	0.0023	0.0048	0.0015
31	50	0.1333	3	0	1	1	0	0	0	0	0	N	N	N	N	N	N	N	N	N	N	N	N	0.0000	0.0000	0.0000	0.0000	0.0000	0.0000	0.0000	0.0000	0.0000	0.0000	0.0000	0.0000	0.0000	0.0000	0.0000	0.0000	0.0000	0.0000	0.0000	0.0000	2.9334	0.0000	4.9999	0.0000	0.0000	0.0000	0.0000	0.0000	0.0000	0.0000	0.0000	0.0000	0.0000	0.0000	0.0000	0.0000	0.0000	0.0000	0.0000	0.0000	0.0000	0.0000	0.0000	0.0000	0.0000	0.0000	0.0000	0.0000	0.0000	0.0000	0.0000	0.0000	0.0000	0.0000	0.0000	0.0000	0.0000	0.0000	0.0000	0.0000	0.0000	0.0000	0.0000	0.0000	0.0000	0.0000	0.0000	0.0000	0.0000	0.0000	0.0000	0.0000	0.0000	0.0000	0.0000	0.0000	0.0000	0.0000											
31	51	0.1333	3	1	1	1	0	0	0	0	0	N	N	N	N	N	N	N	N	N	N	N	N	0.0000	0.0000	0.0000	0.0000	0.0000	0.0000	0.0000	0.0000	0.0000	0.0000	0.0000	0.0000	0.0000	14.1790	42.4586	0.0000	0.0000	0.0000	0.0000	16.7005	60.3617	0.0000	0.0000	0.0000	-0.7489	2.9334	1.0000	4.9999	3.0000	0.0000	0.0000	0.0000	0.0000	0.0000	0.0000	0.0000	0.0000	0.0000	1.0000	1.0000	0.0000	0.0000	0.0000	0.0000	1.0000	1.0000	0.0000	0.0586	0.0520	0.0066	0.0181	0.0173	0.0009	0.0405	0.0347	0.0057	0.0705	0.0236	0.0470	0.0106	0.0070	0.0037	0.0599	0.0166	0.0433	0.0000	0.0000	0.0000	0.0000	0.0000	0.0000	0.0000	0.0000	0.0000	14.1790	42.4586	0.0000	0.0000	0.0000	0.0000	16.7005	60.3617	0.0000						
31	52	0.1195	2	0	0	1	0	0	0	0	0	N	N	N	N	N	N	N	N	N	N	N	N	0.6095	0.0000	inf	0.1048	0.0000	inf	0.7533	0.0000	inf	0.0304	0.0000	0.2642	0.0022	0.0000	0.0288	0.0445	0.0000	0.3307	0.0499	0.1111	0.0000	0.0209	0.0260	0.0000	0.0591	1.3287	0.0000	inf	0.0000	0.0052	-0.0037	2.9334	3.0179	4.9999	1.1627	0.0065	0.0000	0.0065	0.0002	0.0000	0.0002	0.0064	0.0000	0.0064	0.0049	0.0049	0.0000	0.0005	0.0005	0.0000	0.0044	0.0044	0.0000	0.2145	0.1898	0.0247	0.0716	0.0661	0.0054	0.1430	0.1237	0.0193	0.0992	0.0445	0.0547	0.0239	0.0192	0.0047	0.0753	0.0253	0.0500	0.6095	0.0000	inf	0.1048	0.0000	inf	0.7533	0.0000	inf	0.0499	0.1111	0.0000	0.0209	0.0260	0.0000	0.0591	0.1759	0.0000
31	53	0.1333	3	1	1	2	0	0	0	0	0	N	N	Y	N	N	N	N	N	N	N	N	N	0.0000	0.0000	0.0000	0.0000	0.0000	0.0000	0.0000	0.0000	0.0000	0.0000	0.0000	0.0000	0.0000	0.0000	0.0000	0.0000	0.0000	0.0000	0.0000	0.0000	2.9334	4.0000	4.9999	1.0000	0.0000	0.0000	0.0000	0.0000	0.0000	0.0000	0.0000	0.0000	0.0000	0.0000	0.0000	0.0000	0.0000	0.0000	0.0000	0.0000	0.0000	0.0000	0.2242	0.1992	0.0250	0.0681	0.0648	0.0034	0.1561	0.1344	0.0217	0.0868	0.0290	0.0578	0.0131	0.0085	0.0045	0.0737	0.0205	0.0532	0.0000	0.0000	0.0000	0.0000	0.0000	0.0000	0.0000	0.0000	0.0000	0.0000	0.0000	0.0000	0.0000	0.0000	0.0000	0.0000	0.0000	0.0000											
31	54	0.1195	2	0	1	1	0	0	0	0	0	N	N	N	N	N	N	N	N	N	N	N	N	1.4997	0.0000	inf	0.2101	0.0000	inf	1.9782	0.0000	inf	0.0425	0.0000	0.3664	0.0030	0.0000	0.0391	0.0631	0.0000	0.4614	0.0283	0.0729	0.0000	0.0141	0.0194	0.0000	0.0319	1.0358	0.0000	inf	0.0000	0.0052	-0.0037	2.9334	2.0683	4.9999	6.9961	0.0065	0.0000	0.0065	0.0002	0.0000	0.0002	0.0064	0.0000	0.0064	0.0049	0.0049	0.0000	0.0005	0.0005	0.0000	0.0044	0.0044	0.0000	0.1536	0.1358	0.0178	0.0528	0.0488	0.0040	0.1008	0.0870	0.0138	0.1748	0.0679	0.1069	0.0354	0.0258	0.0096	0.1394	0.0421	0.0973	1.4997	0.0000	inf	0.2101	0.0000	inf	1.9782	0.0000	inf	0.0283	0.0729	0.0000	0.0141	0.0194	0.0000	0.0319	0.1056	0.0000
31	56	0.1333	3	1	0	2	0	0	0	0	0	N	N	Y	N	N	N	N	N	N	N	N	N	0.0000	0.0000	0.0000	0.0000	0.0000	0.0000	0.0000	0.0000	0.0000	0.0000	0.0000	0.0000	0.0000	0.0000	0.0000	0.0000	0.0000	0.0000	0.0000	0.0000	2.9334	4.0000	4.9999	7.0000	0.0000	0.0000	0.0000	0.0000	0.0000	0.0000	0.0000	0.0000	0.0000	0.0000	0.0000	0.0000	0.0000	0.0000	0.0000	0.0000	0.0000	0.0000	0.2242	0.1992	0.0250	0.0681	0.0648	0.0034	0.1561	0.1344	0.0217	0.1741	0.0583	0.1157	0.0260	0.0164	0.0096	0.1481	0.0419	0.1061	0.0000	0.0000	0.0000	0.0000	0.0000	0.0000	0.0000	0.0000	0.0000	0.0000	0.0000	0.0000	0.0000	0.0000	0.0000	0.0000	0.0000	0.0000											
31	57	0.1980	6	0	1	1	0	0	0	0	0	N	N	N	N	N	N	N	N	N	N	N	N	1.1463	0.0000	inf	0.2674	0.0000	inf	inf	inf	0.0087	0.0000	0.0857	0.0078	0.0000	0.1230	0.0091	0.0000	0.0754	0.0076	0.0172	0.0000	0.0293	0.0389	0.0000	0.0000	0.0000	0.0000	inf	0.0000	0.0050	-0.0015	2.9334	9.7645	4.9999	7.4558	0.0062	0.0000	0.0062	0.0019	0.0000	0.0019	0.0043	0.0000	0.0043	0.0020	0.0020	0.0000	0.0020	0.0020	0.0000	0.0000	0.0000	0.0000	0.7140	0.6417	0.0723	0.2465	0.2308	0.0157	0.4675	0.4109	0.0566	0.2667	0.1176	0.1491	0.0689	0.0520	0.0170	0.1978	0.0657	0.1322	1.1463	0.0000	inf	0.2674	0.0000	inf	inf	0.0000	inf	0.0076	0.0172	0.0000	0.0293	0.0389	0.0000	0.0000	0.0000	0.0000	
31	58	0.2536	7	0	0	2	0	0	0	0	0	N	N	Y	N	N	N	N	N	N	N	N	N	0.0000	0.0000	0.0000	0.0000	0.0000	0.0000	0.0000	0.0000	0.0000	0.0000	0.0000	0.0000	0.0000	0.0000	0.0000	0.0000	0.0000	0.0000	0.0000	0.0000	2.9334	1.0009	4.9999	0.0163	0.0000	0.0000	0.0000	0.0000	0.0000	0.0000	0.0000	0.0000	0.0000	0.0000	0.0000	0.0000	0.0000	0.0000	0.0000	0.0000	0.0000	0.0000	0.0951	0.0852	0.0099	0.0452	0.0415	0.0036	0.0500	0.0437	0.0063	0.0160	0.0074	0.0086	0.0044	0.0033	0.0011	0.0116	0.0041	0.0075	0.0000	0.0000	0.0000	0.0000	0.0000	0.0000	0.0000	0.0000	0.0000	0.0000	0.0000	0.0000	0.0000	0.0000	0.0000	0.0000	0.0000	0.0000											
31	59	0.2382	6	0	0	1	0	0	0	0	0	N	N	N	N	N	N	N	N	N	N	N	N	0.0000	0.0000	0.0000	0.0000	0.0000	0.0000	0.0000	0.0000	0.0000	0.0000	0.0000	0.0000	0.0000	0.0003	0.0007	0.0000	0.0012	0.0016	0.0000	0.0000	0.0000	0.0000	0.0000	0.0000	-0.0000	2.9334	1.9961	4.9999	0.0521	0.0000	0.0000	0.0000	0.0000	0.0000	0.0000	0.0000	0.0000	0.0000	0.0000	0.0000	0.0000	0.0000	0.0000	0.0000	0.0000	0.0000	0.0000	0.1798	0.1608	0.0189	0.0784	0.0721	0.0063	0.1014	0.0887	0.0127	0.0323	0.0143	0.0179	0.0086	0.0064	0.0022	0.0237	0.0079	0.0157	0.0000	0.0000	0.0000	0.0000	0.0000	0.0000	0.0000	0.0000	0.0000	0.0003	0.0007	0.0000	0.0012	0.0016	0.0000	0.0000	0.0000	0.0000						
31	60	0.2304	5	0	0	1	0	0	0	0	0	N	N	N	N	N	N	N	N	N	N	N	N	0.0000	0.0000	0.0000	0.0000	0.0000	0.0000	0.0000	0.0000	0.0000	0.0000	0.0000	0.0000	0.0000	0.0000	0.0000	0.0000	0.0012	0.0013	0.0010	0.0021	0.0028	0.0000	0.0008	0.0000	0.0012	1.0000	0.0000	-0.0000	2.9334	0.0081	4.9999	1.0507	0.0000	0.0000	0.0000	0.0000	0.0000	0.0000	0.0000	0.0000	0.0000	0.0000	0.0000	0.0000	0.0000	0.0000	0.0000	0.0000	0.0000	0.0000	0.0011	0.0010	0.0001	0.0005	0.0005	0.0000	0.0006	0.0005	0.0001	0.0173	0.0078	0.0096	0.0047	0.0035	0.0011	0.0127	0.0042	0.0084	0.0000	0.0000	0.0000	0.0000	0.0000	0.0000	0.0000	0.0000	0.0000	0.0012	0.0013	0.0010	0.0021	0.0028	0.0000	0.0008	0.0000	0.0012			
31	61	0.1817	4	0	0	1	0	0	0	0	0	N	N	N	N	N	N	N	N	N	N	N	N	7.8952	0.0000	1523.3075	0.0310	0.0000	inf	323.8238	1813.4960	0.0209	0.0000	0.1976	0.0003	0.0000	0.0043	0.0326	0.0000	0.2570	0.0027	0.0060	0.0001	0.0096	0.0117	0.0000	0.0001	0.0000	0.0001	inf	0.0286	0.0044	-0.0003	2.9334	3.0167	4.9999	3.2580	0.0055	0.0000	0.0055	0.0000	0.0000	0.0000	0.0054	0.0000	0.0054	0.0004	0.0003	0.0000	0.0003	0.0003	0.0000	0.0000	0.0000	0.0000	0.2602	0.2326	0.0276	0.0941	0.0876	0.0065	0.1661	0.1450	0.0211	0.1357	0.0586	0.0771	0.0365	0.0300	0.0065	0.0992	0.0286	0.0706	7.8952	0.0000	1523.3075	0.0310	0.0000	inf	323.8238	0.0000	1813.4960	0.0027	0.0060	0.0001	0.0096	0.0117	0.0000	0.0001	0.0000	0.0001	
31	62	0.1069	3	0	1	1	0	0	0	0	0	N	N	N	N	N	N	N	N	N	N	N	N	0.1411	0.0000	0.7956	1.0296	0.0000	1.1507	0.0864	0.4402	0.8321	0.0000	6.9412	1.1404	0.0000	13.0618	0.5686	0.0000	3.8489	5.8986	0.3962	8.7244	1.1076	1.0991	11.3512	6.5779	0.0000	8.7443	inf	42.8763	0.2691	0.2268	2.9334	3.3327	4.9999	4.3103	0.3355	0.0000	0.3355	0.2119	0.0000	0.2119	0.1236	0.0000	0.1236	0.9934	0.0226	0.9707	0.0232	0.0226	0.0005	0.9702	0.0000	0.9702	0.4032	0.3548	0.0483	0.1858	0.1696	0.0162	0.2174	0.1852	0.0321	0.1684	0.0571	0.1113	0.0209	0.0206	0.0003	0.1475	0.0365	0.1110	0.1411	0.0000	0.7956	1.0296	0.0000	7.8488	0.0864	0.0000	0.4402	5.8986	0.3962	8.7244	1.1076	1.0991	1.6642	6.5779	0.0000	8.7443	
31	63	0.0828	2	0	0	1	0	0	0	0	0	N	N	N	N	N	N	N	N	N	N	N	N	2.4530	0.6400	18.8466	1.1019	0.5929	351.4553	1.6361	0.1440	11.0262	1.3881	0.6826	6.3329	2.1433	1.1847	10.7527	0.7357	0.2255	3.7161	0.5659	1.0666	0.3360	1.9451	1.9981	0.0306	0.4497	1.5662	0.3370	1.3237	0.6864	0.2163	-0.0242	2.9334	3.2669	4.9999	2.4507	0.5818	0.2504	0.3314	0.4164	0.2071	0.2093	0.1655	0.0433	0.1222	0.0707	0.0420	0.0288	0.0189	0.0189	0.0000	0.0519	0.0231	0.0288	0.4192	0.3668	0.0523	0.1943	0.1748	0.0195	0.2249	0.1920	0.0329	0.1250	0.0393	0.0857	0.0097	0.0095	0.0003	0.1153	0.0299	0.0854	2.4530	0.6400	18.8466	1.1019	0.5929	2374.1850	1.6361	0.2922	11.0262	0.5659	1.0666	0.3360	1.9451	1.9981	0.0045	0.4497	0.7718	0.3370
31	64	0.1672	6	1	0	2	0	0	0	0	0	N	N	Y	N	N	N	N	N	N	N	N	N	0.0000	0.0000	0.0000	0.0000	0.0000	0.0000	0.0000	0.0000	0.0000	0.0000	0.0000	0.0000	0.0000	0.0000	0.0000	0.0000	0.0000	0.0000	0.0000	0.0000	2.9334	0.0000	4.9999	1.0000	0.0000	0.0000	0.0000	0.0000	0.0000	0.0000	0.0000	0.0000	0.0000	0.0000	0.0000	0.0000	0.0000	0.0000	0.0000	0.0000	0.0000	0.0000	0.0000	0.0000	0.0000	0.0000	0.0000	0.0000	0.0000	0.0000	0.0000	0.0196	0.0064	0.0131	0.0028	0.0019	0.0009	0.0168	0.0045	0.0122	0.0000	0.0000	0.0000	0.0000	0.0000	0.0000	0.0000	0.0000	0.0000	0.0000	0.0000	0.0000	0.0000	0.0000	0.0000	0.0000	0.0000	0.0000											
31	65	0.1672	5	1	0	2	0	0	0	0	0	N	N	Y	N	N	N	N	N	N	N	N	N	0.0000	0.0000	0.0000	0.0000	0.0000	0.0000	0.0000	0.0000	0.0000	0.0000	0.0000	0.0000	0.0000	0.0000	0.0000	0.0000	0.0000	0.0000	0.0000	0.0000	2.9334	0.0000	4.9999	0.0001	0.0000	0.0000	0.0000	0.0000	0.0000	0.0000	0.0000	0.0000	0.0000	0.0000	0.0000	0.0000	0.0000	0.0000	0.0000	0.0000	0.0000	0.0000	0.0000	0.0000	0.0000	0.0000	0.0000	0.0000	0.0000	0.0000	0.0000	0.0000	0.0000	0.0000	0.0000	0.0000	0.0000	0.0000	0.0000	0.0000	0.0000	0.0000	0.0000	0.0000	0.0000	0.0000	0.0000	0.0000	0.0000	0.0000	0.0000	0.0000	0.0000	0.0000	0.0000	0.0000	0.0000	0.0000											
31	66	0.1549	4	1	0	2	0	0	0	0	0	N	N	Y	N	N	N	N	N	N	N	N	N	0.0000	0.0000	0.0000	0.0000	0.0000	0.0000	0.0000	0.0000	0.0000	0.0000	0.0000	0.0000	0.0000	0.0002	0.0005	0.0000	0.0008	0.0010	0.0000	0.0000	0.0000	0.0000	0.0000	0.0000	-0.0000	2.9334	1.9720	4.9999	0.0923	0.0000	0.0000	0.0000	0.0000	0.0000	0.0000	0.0000	0.0000	0.0000	0.0000	0.0000	0.0000	0.0000	0.0000	0.0000	0.0000	0.0000	0.0000	0.1279	0.1135	0.0144	0.0302	0.0287	0.0015	0.0978	0.0848	0.0129	0.0524	0.0198	0.0327	0.0124	0.0105	0.0019	0.0401	0.0093	0.0308	0.0000	0.0000	0.0000	0.0000	0.0000	0.0000	0.0000	0.0000	0.0000	0.0002	0.0005	0.0000	0.0008	0.0010	0.0000	0.0000	0.0000	0.0000						
31	67	0.1333	3	1	0	2	0	0	0	0	0	N	N	Y	N	N	N	N	N	N	N	N	N	0.0000	0.0000	0.0000	0.0000	0.0000	0.0000	0.0000	0.0000	0.0000	0.0000	0.0000	0.0000	0.0000	0.0001	0.0000	0.0002	0.0000	0.0000	0.0000	0.0002	0.0000	0.0002	inf	0.0000	0.0000	2.9334	3.0650	4.9999	1.0636	0.0000	0.0000	0.0000	0.0000	0.0000	0.0000	0.0000	0.0000	0.0000	0.0000	0.0000	0.0000	0.0000	0.0000	0.0000	0.0000	0.0000	0.0000	0.1742	0.1547	0.0195	0.0532	0.0506	0.0026	0.1210	0.1041	0.0169	0.0726	0.0243	0.0484	0.0110	0.0072	0.0038	0.0617	0.0171	0.0446	0.0000	0.0000	0.0000	0.0000	0.0000	0.0000	0.0000	0.0000	0.0000	0.0001	0.0000	0.0002	0.0000	0.0000	0.0000	0.0002	0.0000	0.0002						
31	68	0.1404	3	0	1	1	1	0	0	0	0	N	N	N	N	N	N	N	N	N	N	N	N	20.9746	0.1159	inf	0.1981	0.1063	inf	inf	inf	0.0347	0.0005	0.3152	0.0017	0.0012	0.0076	0.0578	0.0000	0.4424	0.0017	0.0043	0.0000	0.0084	0.0110	0.0000	0.0000	0.0000	0.0000	77.2380	0.0000	0.0074	-0.0002	2.9334	2.7513	4.9999	4.0954	0.0094	0.0001	0.0093	0.0002	0.0001	0.0001	0.0092	0.0000	0.0092	0.0002	0.0002	0.0000	0.0002	0.0002	0.0000	0.0000	0.0000	0.0000	0.2704	0.2410	0.0294	0.1111	0.1025	0.0086	0.1593	0.1385	0.0208	0.1510	0.0582	0.0928	0.0297	0.0227	0.0070	0.1213	0.0355	0.0858	20.9746	0.1159	inf	0.1981	0.1063	inf	inf	0.0000	inf	0.0017	0.0043	0.0000	0.0084	0.0110	0.0000	0.0000	0.0000	0.0000	
31	71	0.1333	3	0	1	1	0	0	0	0	0	N	N	N	N	N	N	N	N	N	N	N	N	0.0000	0.0000	0.0000	0.0000	0.0000	0.0000	0.0000	0.0000	0.0000	0.0000	0.0000	0.0000	0.0000	0.0000	0.0000	0.0000	0.0000	0.0000	0.0000	0.0000	2.9334	2.0000	4.9999	3.0000	0.0000	0.0000	0.0000	0.0000	0.0000	0.0000	0.0000	0.0000	0.0000	0.0000	0.0000	0.0000	0.0000	0.0000	0.0000	0.0000	0.0000	0.0000	0.1155	0.1025	0.0130	0.0355	0.0338	0.0017	0.0799	0.0687	0.0112	0.0868	0.0290	0.0578	0.0131	0.0085	0.0045	0.0737	0.0205	0.0532	0.0000	0.0000	0.0000	0.0000	0.0000	0.0000	0.0000	0.0000	0.0000	0.0000	0.0000	0.0000	0.0000	0.0000	0.0000	0.0000	0.0000	0.0000											
31	72	0.1065	2	0	0	1	0	0	0	0	0	N	N	N	N	N	N	N	N	N	N	N	N	5191.7724	2085.9906	inf	2380.8761	1971.8767	inf	inf	inf	inf	1.8887	2.1101	0.0135	4.7679	5.1316	0.0010	0.3568	0.4048	0.0173	0.0004	0.0010	0.0000	0.0020	0.0026	0.0000	0.0000	0.0000	0.0000	0.0008	0.0000	-0.1487	-0.0000	2.9334	4.7932	4.9999	0.2507	0.7548	0.7542	0.0006	0.6617	0.6617	0.0000	0.0931	0.0925	0.0006	0.0000	0.0000	0.0000	0.0000	0.0000	0.0000	0.0000	0.0000	0.0000	0.3996	0.3574	0.0422	0.1388	0.1289	0.0098	0.2608	0.2285	0.0324	0.1100	0.0395	0.0704	0.0200	0.0154	0.0046	0.0900	0.0242	0.0658	5191.7724	2085.9906	inf	2380.8761	1971.8767	inf	inf	inf	inf	0.0004	0.0010	0.0000	0.0020	0.0026	0.0000	0.0000	0.0000	0.0000
31	74	0.0828	2	0	1	1	0	0	0	0	0	N	N	N	N	N	N	N	N	N	N	N	N	0.2658	3093.7897	0.0000	347.0088	882.0718	0.0000	0.1571	inf	0.0000	1.8910	2.1757	0.0000	2.5047	2.8046	0.0000	1.2017	1.4267	0.0000	7.1141	0.0007	10.3021	0.0072	0.0032	1.6401	7.6519	0.0000	10.3301	0.0000	32687.3333	-0.1260	0.2462	2.9334	1.8678	4.9999	4.6278	0.6372	0.6372	0.0000	0.4465	0.4465	0.0000	0.1907	0.1907	0.0000	0.9807	0.0000	0.9806	0.0001	0.0000	0.0000	0.9806	0.0000	0.9806	0.3370	0.2929	0.0441	0.1783	0.1592	0.0191	0.1587	0.1337	0.0250	0.1378	0.0427	0.0952	0.0097	0.0094	0.0003	0.1281	0.0332	0.0949	0.2658	3093.7897	0.0000	347.0088	882.0718	0.0000	0.1571	inf	0.0000	7.1141	0.0007	10.3021	0.0072	0.0032	0.1523	7.6519	0.0000	10.3301
31	78	0.1865	5	1	1	1	1	0	0	0	0	N	N	N	N	N	N	N	N	N	N	N	N	0.0000	0.0000	0.0000	0.0000	0.0000	0.0000	0.0000	0.0000	0.0000	0.0000	0.0000	0.0000	0.0000	0.0003	0.0008	0.0000	0.0046	0.0072	0.0000	0.0000	0.0000	0.0000	0.0000	0.0000	-0.0000	2.9334	1.0000	4.9999	2.0144	0.0000	0.0000	0.0000	0.0000	0.0000	0.0000	0.0000	0.0000	0.0000	0.0000	0.0000	0.0000	0.0000	0.0000	0.0000	0.0000	0.0000	0.0000	0.0725	0.0641	0.0084	0.0184	0.0173	0.0011	0.0541	0.0468	0.0073	0.0750	0.0253	0.0497	0.0044	0.0028	0.0016	0.0706	0.0225	0.0481	0.0000	0.0000	0.0000	0.0000	0.0000	0.0000	0.0000	0.0000	0.0000	0.0003	0.0008	0.0000	0.0046	0.0072	0.0000	0.0000	0.0000	0.0000						
31	79	0.1643	4	1	1	1	1	0	0	0	0	N	N	N	N	N	N	N	N	N	N	N	N	0.0000	0.0000	0.0000	0.0000	0.0000	0.0000	0.0000	0.0000	0.0000	0.0000	0.0000	0.0000	0.0000	0.0000	0.0000	0.0003	0.0004	0.0002	0.0000	0.0000	0.0000	0.0003	0.0114	0.0002	1.0000	0.0000	-0.0000	2.9334	0.0001	4.9999	3.0180	0.0000	0.0000	0.0000	0.0000	0.0000	0.0000	0.0000	0.0000	0.0000	0.0000	0.0000	0.0000	0.0000	0.0000	0.0000	0.0000	0.0000	0.0000	0.0000	0.0000	0.0000	0.0000	0.0000	0.0000	0.0000	0.0000	0.0000	0.0746	0.0249	0.0497	0.0039	0.0024	0.0015	0.0707	0.0225	0.0482	0.0000	0.0000	0.0000	0.0000	0.0000	0.0000	0.0000	0.0000	0.0000	0.0003	0.0004	0.0002	0.0000	0.0000	0.0000	0.0003	0.0004	0.0002				
31	80	0.1863	6	0	1	1	1	0	0	0	0	N	N	N	N	N	N	N	N	N	N	N	N	0.0000	0.0000	0.0000	0.0000	0.0000	0.0000	0.0000	0.0000	0.0000	0.0000	0.0000	0.0000	0.0000	0.0000	0.0000	0.0000	0.0000	0.0000	0.0000	0.0000	2.9334	0.0000	4.9999	0.0000	0.0000	0.0000	0.0000	0.0000	0.0000	0.0000	0.0000	0.0000	0.0000	0.0000	0.0000	0.0000	0.0000	0.0000	0.0000	0.0000	0.0000	0.0000	0.0000	0.0000	0.0000	0.0000	0.0000	0.0000	0.0000	0.0000	0.0000	0.0000	0.0000	0.0000	0.0000	0.0000	0.0000	0.0000	0.0000	0.0000	0.0000	0.0000	0.0000	0.0000	0.0000	0.0000	0.0000	0.0000	0.0000	0.0000	0.0000	0.0000	0.0000	0.0000	0.0000	0.0000	0.0000	0.0000											
31	81	0.1643	4	0	0	2	1	0	0	0	0	N	N	Y	N	N	N	N	N	N	N	N	N	0.0000	0.0000	0.0000	0.0000	0.0000	0.0000	0.0000	0.0000	0.0000	0.0000	0.0000	0.0000	0.0000	0.0000	0.0000	0.0000	0.0000	0.0000	0.0000	0.0000	2.9334	2.0000	4.9999	0.0000	0.0000	0.0000	0.0000	0.0000	0.0000	0.0000	0.0000	0.0000	0.0000	0.0000	0.0000	0.0000	0.0000	0.0000	0.0000	0.0000	0.0000	0.0000	0.1417	0.1254	0.0163	0.0356	0.0334	0.0021	0.1062	0.0920	0.0142	0.0504	0.0168	0.0336	0.0026	0.0016	0.0010	0.0478	0.0152	0.0326	0.0000	0.0000	0.0000	0.0000	0.0000	0.0000	0.0000	0.0000	0.0000	0.0000	0.0000	0.0000	0.0000	0.0000	0.0000	0.0000	0.0000	0.0000											
31	82	0.1643	4	0	0	2	1	0	0	0	0	N	N	Y	N	N	N	N	N	N	N	N	N	0.0000	0.0000	0.0000	0.0000	0.0000	0.0000	0.0000	0.0000	0.0000	0.0000	0.0000	0.0000	0.0000	0.0000	0.0000	0.0000	0.0000	0.0000	0.0000	0.0000	2.9334	0.0000	4.9999	4.0000	0.0000	0.0000	0.0000	0.0000	0.0000	0.0000	0.0000	0.0000	0.0000	0.0000	0.0000	0.0000	0.0000	0.0000	0.0000	0.0000	0.0000	0.0000	0.0000	0.0000	0.0000	0.0000	0.0000	0.0000	0.0000	0.0000	0.0000	0.0971	0.0324	0.0646	0.0051	0.0031	0.0020	0.0920	0.0293	0.0626	0.0000	0.0000	0.0000	0.0000	0.0000	0.0000	0.0000	0.0000	0.0000	0.0000	0.0000	0.0000	0.0000	0.0000	0.0000	0.0000	0.0000	0.0000											
31	83	0.1863	6	0	0	2	1	0	0	0	0	N	N	Y	N	N	N	N	N	N	N	N	N	0.0000	0.0000	0.0000	0.0000	0.0000	0.0000	0.0000	0.0000	0.0000	0.0000	0.0000	0.0000	0.0000	0.0000	0.0000	0.0000	0.0000	0.0000	0.0000	0.0000	2.9334	0.0000	4.9999	2.0000	0.0000	0.0000	0.0000	0.0000	0.0000	0.0000	0.0000	0.0000	0.0000	0.0000	0.0000	0.0000	0.0000	0.0000	0.0000	0.0000	0.0000	0.0000	0.0000	0.0000	0.0000	0.0000	0.0000	0.0000	0.0000	0.0000	0.0000	0.0501	0.0164	0.0337	0.0023	0.0012	0.0011	0.0478	0.0152	0.0326	0.0000	0.0000	0.0000	0.0000	0.0000	0.0000	0.0000	0.0000	0.0000	0.0000	0.0000	0.0000	0.0000	0.0000	0.0000	0.0000	0.0000	0.0000											
31	84	0.1790	5	0	0	1	1	0	0	0	0	N	N	N	N	N	N	N	N	N	N	N	N	0.0000	0.0000	0.0000	0.0000	0.0000	0.0000	0.0000	0.0000	0.0000	0.0000	0.0000	0.0000	0.0000	0.0000	0.0000	0.0000	0.0000	0.0000	0.0000	0.0000	2.9334	1.0000	4.9999	0.0015	0.0000	0.0000	0.0000	0.0000	0.0000	0.0000	0.0000	0.0000	0.0000	0.0000	0.0000	0.0000	0.0000	0.0000	0.0000	0.0000	0.0000	0.0000	0.0725	0.0641	0.0084	0.0184	0.0173	0.0011	0.0541	0.0468	0.0073	0.0260	0.0086	0.0174	0.0014	0.0008	0.0006	0.0246	0.0078	0.0168	0.0000	0.0000	0.0000	0.0000	0.0000	0.0000	0.0000	0.0000	0.0000	0.0000	0.0000	0.0000	0.0000	0.0000	0.0000	0.0000	0.0000	0.0000											
31	85	0.1643	4	0	0	1	1	0	0	0	0	N	N	N	N	N	N	N	N	N	N	N	N	0.0000	0.0000	0.0000	0.0000	0.0000	0.0000	0.0000	0.0000	0.0000	0.0000	0.0000	0.0000	0.0000	0.0000	0.0000	0.0000	0.0000	0.0000	0.0000	0.0000	2.9334	0.0000	4.9999	2.0013	0.0000	0.0000	0.0000	0.0000	0.0000	0.0000	0.0000	0.0000	0.0000	0.0000	0.0000	0.0000	0.0000	0.0000	0.0000	0.0000	0.0000	0.0000	0.0000	0.0000	0.0000	0.0000	0.0000	0.0000	0.0000	0.0000	0.0000	0.0505	0.0168	0.0336	0.0026	0.0016	0.0010	0.0478	0.0152	0.0326	0.0000	0.0000	0.0000	0.0000	0.0000	0.0000	0.0000	0.0000	0.0000	0.0000	0.0000	0.0000	0.0000	0.0000	0.0000	0.0000	0.0000	0.0000											
31	86	0.2041	4	1	1	1	0	0	0	0	0	N	N	N	N	N	N	N	N	N	N	N	N	1187.7188	615.0907	124.1535	135.3517	4945.5181	33.0623	0.8548	0.9635	0.0000	0.2044	0.2333	0.0000	1.6744	1.8580	0.0000	0.0007	0.0016	0.0000	0.0016	0.0017	0.0000	0.0003	0.0562	0.0000	0.0000	0.0000	-0.0000	-0.0000	2.9334	0.0007	4.9999	0.9812	0.0001	0.0001	0.0000	0.0000	0.0000	0.0000	0.0001	0.0001	0.0000	0.0000	0.0000	0.0000	0.0000	0.0000	0.0000	0.0000	0.0000	0.0000	0.0002	0.0001	0.0000	0.0001	0.0001	0.0000	0.0001	0.0001	0.0000	0.0417	0.0192	0.0225	0.0121	0.0116	0.0005	0.0295	0.0075	0.0220	1187.7188	615.0907	0.0000	124.1535	135.3517	0.0000	4945.5181	1402.8078	0.0000	0.0007	0.0016	0.0000	0.0016	0.0017	0.0000	0.0003	0.0013	0.0000			
31	87	0.1483	3	1	1	1	0	0	0	0	0	N	N	N	N	N	N	N	N	N	N	N	N	0.4275	0.1617	1742.3544	14.8812	10.1526	inf	0.5220	0.1902	1922.4444	2.6037	2.9307	0.1607	0.4310	0.4571	0.0109	3.3862	3.9054	0.1834	6.0911	18.1239	0.0001	0.0290	0.0450	0.0000	6.4872	20.5288	0.0001	0.0073	0.0000	-0.1767	-0.7448	2.9334	5.0272	4.9999	2.1572	0.9273	0.9205	0.0068	0.0406	0.0406	0.0001	0.8866	0.8799	0.0067	0.9944	0.9944	0.0000	0.0003	0.0003	0.0000	0.9941	0.9941	0.0000	0.3561	0.3141	0.0420	0.0943	0.0888	0.0055	0.2618	0.2253	0.0365	0.1633	0.0549	0.1084	0.0100	0.0064	0.0036	0.1532	0.0484	0.1048	0.4275	0.1617	1742.3544	14.8812	10.1526	inf	0.5220	0.1902	1922.4444	6.0911	18.1239	0.0001	0.0290	0.0450	0.0000	6.4872	20.5288	0.0001
31	88	0.2016	5	0	1	1	0	0	0	0	0	N	N	N	N	N	N	N	N	N	N	N	N	0.0000	0.0000	0.0000	0.0000	0.0000	0.0000	0.0000	0.0000	0.0000	0.0000	0.0000	0.0000	0.0000	10.2615	30.1386	0.0000	0.0000	0.0000	0.0000	11.0586	35.1601	0.0000	0.0000	0.0000	-0.7489	2.9334	0.0000	4.9999	4.0000	0.0000	0.0000	0.0000	0.0000	0.0000	0.0000	0.0000	0.0000	0.0000	1.0000	1.0000	0.0000	0.0000	0.0000	0.0000	1.0000	1.0000	0.0000	0.0000	0.0000	0.0000	0.0000	0.0000	0.0000	0.0000	0.0000	0.0000	0.0975	0.0332	0.0643	0.0070	0.0047	0.0023	0.0904	0.0284	0.0620	0.0000	0.0000	0.0000	0.0000	0.0000	0.0000	0.0000	0.0000	0.0000	10.2615	30.1386	0.0000	0.0000	0.0000	0.0000	11.0586	35.1601	0.0000						
31	89	0.1643	4	0	1	1	0	0	0	0	0	N	N	N	N	N	N	N	N	N	N	N	N	0.0000	0.0000	0.0000	0.0000	0.0000	0.0000	0.0000	0.0000	0.0000	0.0000	0.0000	0.0000	0.0000	0.0000	0.0000	0.0000	0.0000	0.0000	0.0000	0.0000	2.9334	3.0000	4.9999	2.0000	0.0000	0.0000	0.0000	0.0000	0.0000	0.0000	0.0000	0.0000	0.0000	0.0000	0.0000	0.0000	0.0000	0.0000	0.0000	0.0000	0.0000	0.0000	0.2080	0.1842	0.0238	0.0516	0.0486	0.0030	0.1564	0.1356	0.0208	0.1191	0.0399	0.0792	0.0064	0.0038	0.0025	0.1127	0.0360	0.0767	0.0000	0.0000	0.0000	0.0000	0.0000	0.0000	0.0000	0.0000	0.0000	0.0000	0.0000	0.0000	0.0000	0.0000	0.0000	0.0000	0.0000	0.0000											
31	90	0.1643	4	1	1	1	0	0	0	0	0	N	N	N	N	N	N	N	N	N	N	N	N	0.0000	0.0000	0.0000	0.0000	0.0000	0.0000	0.0000	0.0000	0.0000	0.0000	0.0000	0.0000	0.0000	0.0000	0.0000	0.0000	0.0000	0.0000	0.0000	0.0000	2.9334	2.0000	4.9999	3.0000	0.0000	0.0000	0.0000	0.0000	0.0000	0.0000	0.0000	0.0000	0.0000	0.0000	0.0000	0.0000	0.0000	0.0000	0.0000	0.0000	0.0000	0.0000	0.1417	0.1254	0.0163	0.0356	0.0334	0.0021	0.1062	0.0920	0.0142	0.1191	0.0399	0.0792	0.0064	0.0038	0.0025	0.1127	0.0360	0.0767	0.0000	0.0000	0.0000	0.0000	0.0000	0.0000	0.0000	0.0000	0.0000	0.0000	0.0000	0.0000	0.0000	0.0000	0.0000	0.0000	0.0000	0.0000											
31	91	0.1483	3	0	0	1	0	0	0	0	0	N	N	N	N	N	N	N	N	N	N	N	N	3.1666	1.1107	inf	0.6861	0.5285	inf	inf	inf	0.3501	0.3564	0.3070	1.0392	1.1039	0.0196	0.0556	0.0000	0.3537	0.1105	0.3209	0.0000	1.5146	2.0889	0.0000	0.0000	0.0000	0.0000	0.1264	0.0000	-0.0051	-0.0045	2.9334	2.0705	4.9999	0.0351	0.0601	0.0533	0.0067	0.0534	0.0533	0.0001	0.0067	0.0000	0.0067	0.0060	0.0060	0.0000	0.0060	0.0060	0.0000	0.0000	0.0000	0.0000	0.1716	0.1497	0.0220	0.0514	0.0483	0.0031	0.1202	0.1013	0.0189	0.0543	0.0187	0.0356	0.0040	0.0029	0.0011	0.0503	0.0158	0.0345	3.1666	1.1107	inf	0.6861	0.5285	inf	inf	0.0000	inf	0.1105	0.3209	0.0000	1.5146	2.0889	0.0000	0.0000	0.0000	0.0000	
31	92	0.1229	2	0	0	1	0	0	0	0	0	N	N	N	N	N	N	N	N	N	N	N	N	51.8969	1.7975	10500.1512	18.5966	16.5161	872.6585	72.9479	0.0480	12334.3934	3.2241	0.2655	25.9931	0.5196	0.5486	0.0073	4.9222	0.0668	31.6861	0.0621	0.1477	0.0025	0.0279	0.0332	0.0000	0.0675	1.3921	0.0026	12.7200	0.0240	0.8060	-0.0046	2.9334	3.4249	4.9999	0.1413	1.1052	0.0806	1.0247	0.0687	0.0686	0.0001	1.0365	0.0119	1.0246	0.0064	0.0062	0.0001	0.0004	0.0004	0.0000	0.0060	0.0058	0.0001	0.3428	0.3034	0.0394	0.1322	0.1251	0.0071	0.2106	0.1782	0.0323	0.1028	0.0422	0.0606	0.0139	0.0117	0.0022	0.0889	0.0305	0.0584	51.8969	1.7975	10500.1512	18.5966	16.5161	872.6585	72.9479	0.3486	12334.3934	0.0621	0.1477	0.0025	0.0279	0.0332	0.0000	0.0675	0.1916	0.0026
31	98	0.2598	7	0	0	1	0	0	0	0	0	N	N	N	N	N	N	N	N	N	N	N	N	15.6765	9.9001	11.8809	10.9519	inf	inf	1.0866	1.2122	0.0000	2.1867	2.4064	0.0000	0.0138	0.0156	0.0000	0.0693	0.1224	0.0000	0.1840	0.2197	0.0000	0.0000	0.0000	0.0000	0.0000	0.0000	-0.1194	-0.0181	2.9334	4.9999	4.9999	9.0821	0.6037	0.6037	0.0000	0.5998	0.5998	0.0000	0.0039	0.0039	0.0000	0.0241	0.0241	0.0000	0.0241	0.0241	0.0000	0.0000	0.0000	0.0000	0.5556	0.4980	0.0576	0.2743	0.2493	0.0250	0.2813	0.2488	0.0325	0.3481	0.1971	0.1511	0.1311	0.1098	0.0213	0.2170	0.0872	0.1298	15.6765	9.9001	0.0000	11.8809	10.9519	0.0000	inf	inf	0.0000	0.0693	0.1224	0.0000	0.1840	0.2197	0.0000	0.0000	0.0000	0.0000			
32	33	0.1373	4	1	1	1	0	0	0	0	0	N	N	N	N	N	N	N	N	N	N	N	N	0.0000	0.0000	0.0000	0.0000	0.0000	0.0000	0.0000	0.0000	0.0000	0.0000	0.0000	0.0000	0.0000	0.0000	0.0000	0.0000	0.0000	32.7792	0.0018	51.1964	0.0411	0.0047	4.1001	39.0333	0.0000	52.9374	49739.7543	0.0000	0.4995	3.0666	0.9991	3.9999	2.0219	0.0000	0.0000	0.0000	0.0000	0.0000	0.0000	0.0000	0.0000	0.0000	1.9896	0.0000	1.9896	0.0004	0.0000	0.0004	1.9892	0.0000	1.9892	0.0609	0.0540	0.0069	0.0187	0.0178	0.0009	0.0421	0.0362	0.0060	0.0607	0.0218	0.0389	0.0097	0.0085	0.0013	0.0510	0.0134	0.0376	0.0000	0.0000	0.0000	0.0000	0.0000	0.0000	0.0000	0.0000	0.0000	32.7792	0.0018	51.1964	0.0411	0.0047	0.2802	39.0333	0.0000	52.9374		
32	35	0.1373	4	1	1	1	0	0	0	0	0	N	N	N	N	N	N	N	N	N	N	N	N	0.0000	0.0000	0.0000	0.0000	0.0000	0.0000	0.0000	0.0000	0.0000	0.0000	0.0000	0.0000	0.0000	0.2447	0.6465	0.0000	1.3210	1.4761	0.0000	0.0000	0.0000	0.0000	0.0000	0.0000	-0.0080	3.0666	0.0009	3.9999	1.9867	0.0000	0.0000	0.0000	0.0000	0.0000	0.0000	0.0000	0.0000	0.0000	0.0107	0.0107	0.0000	0.0107	0.0107	0.0000	0.0000	0.0000	0.0000	0.0001	0.0001	0.0000	0.0000	0.0000	0.0000	0.0001	0.0000	0.0000	0.0438	0.0166	0.0272	0.0081	0.0073	0.0009	0.0357	0.0093	0.0263	0.0000	0.0000	0.0000	0.0000	0.0000	0.0000	0.0000	0.0000	0.0000	0.2447	0.6465	0.0000	1.3210	1.4761	0.0000	0.0000	0.0000	0.0000						
32	36	0.1194	3	1	1	1	0	0	0	0	0	N	N	N	N	N	N	N	N	N	N	N	N	0.0000	0.0000	0.0000	0.0000	0.0000	0.0000	0.0000	0.0000	0.0000	0.0000	0.0000	0.0000	0.0000	0.0000	0.0000	0.2180	0.0226	0.3159	0.0000	0.0000	0.0000	0.2571	0.7176	0.3423	27.9479	0.0000	0.0023	3.0666	1.0009	3.9999	2.0357	0.0000	0.0000	0.0000	0.0000	0.0000	0.0000	0.0000	0.0000	0.0000	0.0107	0.0004	0.0103	0.0000	0.0000	0.0000	0.0107	0.0004	0.0103	0.0610	0.0541	0.0069	0.0187	0.0178	0.0009	0.0423	0.0363	0.0060	0.0491	0.0164	0.0327	0.0075	0.0049	0.0025	0.0417	0.0115	0.0302	0.0000	0.0000	0.0000	0.0000	0.0000	0.0000	0.0000	0.0000	0.0000	0.2180	0.0226	0.3159	0.0000	0.0000	0.0000	0.2571	0.0323	0.3423				
32	37	0.1194	3	1	1	1	0	0	0	0	0	N	N	N	N	N	N	N	N	N	N	N	N	0.0000	0.0000	0.0000	0.0000	0.0000	0.0000	0.0000	0.0000	0.0000	0.0000	0.0000	0.0000	0.0000	31.3843	0.0000	47.1087	0.0000	0.0000	0.0000	37.0005	0.0000	51.0964	inf	0.0000	0.5021	3.0666	1.0000	3.9999	3.0000	0.0000	0.0000	0.0000	0.0000	0.0000	0.0000	0.0000	0.0000	0.0000	2.0000	0.0000	2.0000	0.0000	0.0000	0.0000	2.0000	0.0000	2.0000	0.0609	0.0540	0.0069	0.0187	0.0178	0.0009	0.0422	0.0363	0.0060	0.0637	0.0213	0.0425	0.0097	0.0064	0.0033	0.0541	0.0149	0.0391	0.0000	0.0000	0.0000	0.0000	0.0000	0.0000	0.0000	0.0000	0.0000	31.3843	0.0000	47.1087	0.0000	0.0000	0.0000	37.0005	0.0000	51.0964						
32	40	0.1532	6	1	2	1	0	0	0	0	0	N	Y	N	N	N	N	N	N	N	N	N	N	0.0000	0.0000	0.0000	0.0000	0.0000	0.0000	0.0000	0.0000	0.0000	0.0000	0.0000	0.0000	0.0000	0.0000	0.0000	0.0000	0.0000	0.0000	0.0000	0.0000	3.0666	0.0000	3.9999	0.0000	0.0000	0.0000	0.0000	0.0000	0.0000	0.0000	0.0000	0.0000	0.0000	0.0000	0.0000	0.0000	0.0000	0.0000	0.0000	0.0000	0.0000	0.0000	0.0000	0.0000	0.0000	0.0000	0.0000	0.0000	0.0000	0.0000	0.0000	0.0000	0.0000	0.0000	0.0000	0.0000	0.0000	0.0000	0.0000	0.0000	0.0000	0.0000	0.0000	0.0000	0.0000	0.0000	0.0000	0.0000	0.0000	0.0000	0.0000	0.0000	0.0000	0.0000	0.0000	0.0000	0.0000	0.0000											
32	41	0.1532	5	1	2	1	0	0	0	0	0	N	Y	N	N	N	N	N	N	N	N	N	N	0.0000	0.0000	0.0000	0.0000	0.0000	0.0000	0.0000	0.0000	0.0000	0.0000	0.0000	0.0000	0.0000	19.5310	0.0000	29.0988	0.0000	0.0000	0.0000	22.8520	0.0000	31.3840	inf	0.0000	0.2510	3.0666	1.0000	3.9999	1.9999	0.0000	0.0000	0.0000	0.0000	0.0000	0.0000	0.0000	0.0000	0.0000	0.9999	0.0000	0.9999	0.0000	0.0000	0.0000	0.9999	0.0000	0.9999	0.0674	0.0597	0.0077	0.0155	0.0147	0.0008	0.0519	0.0450	0.0069	0.0512	0.0168	0.0344	0.0074	0.0049	0.0025	0.0438	0.0119	0.0319	0.0000	0.0000	0.0000	0.0000	0.0000	0.0000	0.0000	0.0000	0.0000	19.5310	0.0000	29.0988	0.0000	0.0000	0.0000	22.8520	0.0000	31.3840						
32	42	0.1902	4	1	2	0	0	0	0	0	0	N	Y	N	N	N	N	N	N	N	N	N	N	0.0945	922.9780	0.0378	122.8227	61.7615	inf	0.1431	inf	0.0000	1.5963	1.6635	1.0611	0.4115	0.2260	1.7573	3.0767	3.4159	0.0000	16.8955	0.0018	28.0913	0.0034	0.0037	0.0000	21.5056	0.0000	28.9626	0.0800	23518.7500	-0.0000	0.2362	3.0666	0.0007	3.9999	2.0242	0.0003	0.0002	0.0000	0.0000	0.0000	0.0000	0.0002	0.0002	0.0000	0.9408	0.0000	0.9407	0.0000	0.0000	0.0000	0.9407	0.0000	0.9407	0.0002	0.0002	0.0000	0.0001	0.0001	0.0000	0.0001	0.0001	0.0000	0.0557	0.0222	0.0335	0.0119	0.0109	0.0010	0.0437	0.0113	0.0325	0.0945	922.9780	0.0378	122.8227	61.7615	inf	0.1431	inf	0.0000	16.8955	0.0018	28.0913	0.0034	0.0037	0.0000	21.5056	0.0000	28.9626
32	43	0.0933	2	0	2	0	1	0	0	0	0	N	Y	N	N	N	N	N	N	N	N	N	N	0.0000	0.0000	0.0000	0.0000	0.0000	0.0000	0.0000	0.0000	0.0000	0.0000	0.0000	0.0000	0.0000	0.0000	0.0000	0.0000	0.0000	0.0000	0.0000	0.0000	3.0666	0.0000	3.9999	0.0000	0.0000	0.0000	0.0000	0.0000	0.0000	0.0000	0.0000	0.0000	0.0000	0.0000	0.0000	0.0000	0.0000	0.0000	0.0000	0.0000	0.0000	0.0000	0.0000	0.0000	0.0000	0.0000	0.0000	0.0000	0.0000	0.0000	0.0000	0.0000	0.0000	0.0000	0.0000	0.0000	0.0000	0.0000	0.0000	0.0000	0.0000	0.0000	0.0000	0.0000	0.0000	0.0000	0.0000	0.0000	0.0000	0.0000	0.0000	0.0000	0.0000	0.0000	0.0000	0.0000	0.0000	0.0000											
32	44	0.0933	2	0	1	0	1	0	0	0	0	N	N	N	N	N	N	N	N	N	N	N	N	0.0000	0.0000	0.0000	0.0000	0.0000	0.0000	0.0000	0.0000	0.0000	0.0000	0.0000	0.0000	0.0000	0.0000	0.0000	0.0000	0.0000	0.0000	0.0000	0.0000	3.0666	0.0000	3.9999	0.0000	0.0000	0.0000	0.0000	0.0000	0.0000	0.0000	0.0000	0.0000	0.0000	0.0000	0.0000	0.0000	0.0000	0.0000	0.0000	0.0000	0.0000	0.0000	0.0000	0.0000	0.0000	0.0000	0.0000	0.0000	0.0000	0.0000	0.0000	0.0000	0.0000	0.0000	0.0000	0.0000	0.0000	0.0000	0.0000	0.0000	0.0000	0.0000	0.0000	0.0000	0.0000	0.0000	0.0000	0.0000	0.0000	0.0000	0.0000	0.0000	0.0000	0.0000	0.0000	0.0000	0.0000	0.0000											
32	46	0.1194	3	1	1	1	0	0	0	0	0	N	N	N	N	N	N	N	N	N	N	N	N	0.0000	0.0000	0.0000	0.0000	0.0000	0.0000	0.0000	0.0000	0.0000	0.0000	0.0000	0.0000	0.0000	30.3953	0.0000	45.6079	0.0000	0.0000	0.0000	35.8594	0.0000	49.3913	inf	0.0000	0.2511	3.0666	0.0000	3.9999	2.0000	0.0000	0.0000	0.0000	0.0000	0.0000	0.0000	0.0000	0.0000	0.0000	1.0000	0.0000	1.0000	0.0000	0.0000	0.0000	1.0000	0.0000	1.0000	0.0000	0.0000	0.0000	0.0000	0.0000	0.0000	0.0000	0.0000	0.0000	0.0329	0.0110	0.0219	0.0050	0.0033	0.0017	0.0279	0.0076	0.0202	0.0000	0.0000	0.0000	0.0000	0.0000	0.0000	0.0000	0.0000	0.0000	30.3953	0.0000	45.6079	0.0000	0.0000	0.0000	35.8594	0.0000	49.3913						
32	47	0.1343	4	1	2	0	0	0	0	0	0	N	Y	N	N	N	N	N	N	N	N	N	N	0.0002	0.0020	0.0000	0.0218	0.0179	0.0001	0.0000	0.0000	0.0000	0.0000	0.0000	0.0001	0.0001	0.0000	0.0000	0.0000	0.0000	0.1699	0.0226	0.2665	0.0057	0.0076	0.0000	0.2125	0.6781	0.2919	0.0000	17.9783	-0.0000	0.0017	3.0666	0.9991	3.9999	2.0273	0.0000	0.0000	0.0000	0.0000	0.0000	0.0000	0.0000	0.0000	0.0000	0.0087	0.0005	0.0083	0.0001	0.0001	0.0000	0.0087	0.0004	0.0083	0.0673	0.0591	0.0081	0.0161	0.0147	0.0015	0.0511	0.0445	0.0067	0.0514	0.0203	0.0310	0.0106	0.0079	0.0027	0.0408	0.0125	0.0283	0.0002	0.0020	0.0000	0.0218	0.0179	0.0000	0.0001	0.0005	0.0000	0.1699	0.0226	0.2665	0.0057	0.0076	0.0000	0.2125	0.0321	0.2919	
32	48	0.0967	3	1	2	0	0	0	0	0	0	N	Y	N	N	N	N	N	N	N	N	N	N	0.0041	0.0032	0.0000	1.3283	1.0595	0.0000	0.0005	0.0003	0.0000	0.0677	0.0749	0.0000	0.1497	0.1598	0.0000	0.0105	0.0119	0.0000	16.5247	23.6711	12.6184	0.1127	0.1508	0.0000	19.9589	37.2373	13.5342	0.0000	0.9752	-0.0046	-0.4998	3.0666	3.1828	3.9999	3.1571	0.0234	0.0234	0.0000	0.0212	0.0212	0.0000	0.0021	0.0021	0.0000	1.9584	0.9915	0.9669	0.0023	0.0023	0.0000	1.9561	0.9892	0.9669	0.3448	0.3118	0.0330	0.1418	0.1329	0.0090	0.2030	0.1790	0.0240	0.1185	0.0419	0.0766	0.0205	0.0153	0.0052	0.0980	0.0266	0.0714	0.0041	0.0032	0.0000	1.3283	1.0595	0.0000	0.0005	0.0003	0.0000	16.5247	23.6711	12.6184	0.1127	0.1508	0.0000	19.9589	37.2373	13.5342
32	49	0.0925	2	0	2	0	0	0	0	0	0	N	Y	N	N	N	N	N	N	N	N	N	N	0.2183	0.1747	0.4128	0.3275	0.2598	2398.1797	0.0486	0.0265	0.0282	0.1975	0.1853	0.3315	0.2908	0.2659	0.6346	0.0443	0.0468	0.0239	0.9045	1.0605	0.8031	0.8878	1.0235	0.0003	0.9100	1.7669	0.8485	0.1627	1.1648	-0.0022	-0.0098	3.0666	0.8922	3.9999	1.0748	0.0385	0.0331	0.0054	0.0352	0.0301	0.0052	0.0033	0.0031	0.0002	0.0464	0.0214	0.0249	0.0111	0.0111	0.0000	0.0352	0.0103	0.0249	0.1950	0.1787	0.0163	0.1212	0.1130	0.0082	0.0738	0.0657	0.0081	0.0513	0.0202	0.0311	0.0125	0.0109	0.0017	0.0387	0.0093	0.0294	0.2183	0.1747	0.4128	0.3275	0.2598	3948.9625	0.0486	0.0424	0.0282	0.9045	1.0605	0.8031	0.8878	1.0235	0.0002	0.9100	1.1038	0.8485
32	50	0.1194	3	0	2	0	0	0	0	0	0	N	Y	N	N	N	N	N	N	N	N	N	N	0.0000	0.0000	0.0000	0.0000	0.0000	0.0000	0.0000	0.0000	0.0000	0.0000	0.0000	0.0000	0.0000	0.0000	0.0000	0.0000	0.0000	0.0000	0.0000	0.0000	3.0666	0.0000	3.9999	0.0000	0.0000	0.0000	0.0000	0.0000	0.0000	0.0000	0.0000	0.0000	0.0000	0.0000	0.0000	0.0000	0.0000	0.0000	0.0000	0.0000	0.0000	0.0000	0.0000	0.0000	0.0000	0.0000	0.0000	0.0000	0.0000	0.0000	0.0000	0.0000	0.0000	0.0000	0.0000	0.0000	0.0000	0.0000	0.0000	0.0000	0.0000	0.0000	0.0000	0.0000	0.0000	0.0000	0.0000	0.0000	0.0000	0.0000	0.0000	0.0000	0.0000	0.0000	0.0000	0.0000	0.0000	0.0000											
32	51	0.1194	3	1	2	0	0	0	0	0	0	N	Y	N	N	N	N	N	N	N	N	N	N	0.0000	0.0000	0.0000	0.0000	0.0000	0.0000	0.0000	0.0000	0.0000	0.0000	0.0000	0.0000	0.0000	0.0000	0.0000	31.3843	47.0122	23.5543	0.0000	0.0000	0.0000	37.0005	67.0619	25.5482	1.0000	0.0000	-0.4979	3.0666	1.0000	3.9999	3.0000	0.0000	0.0000	0.0000	0.0000	0.0000	0.0000	0.0000	0.0000	0.0000	2.0000	1.0000	1.0000	0.0000	0.0000	0.0000	2.0000	1.0000	1.0000	0.0609	0.0540	0.0069	0.0187	0.0178	0.0009	0.0422	0.0363	0.0060	0.0637	0.0213	0.0425	0.0097	0.0064	0.0033	0.0541	0.0149	0.0391	0.0000	0.0000	0.0000	0.0000	0.0000	0.0000	0.0000	0.0000	0.0000	31.3843	47.0122	23.5543	0.0000	0.0000	0.0000	37.0005	67.0619	25.5482				
32	52	0.1055	2	0	1	0	0	0	0	0	0	N	N	N	N	N	N	N	N	N	N	N	N	2.0448	0.0026	inf	0.6816	0.0100	inf	2.9200	0.0000	inf	0.1400	0.0004	1.2085	0.0621	0.0011	0.7975	0.1787	0.0000	1.3247	0.0684	0.1523	0.0000	0.0911	0.1133	0.0000	0.0612	1.3734	0.0000	401.5472	0.0000	0.0249	-0.0046	3.0666	3.0179	3.9999	1.1627	0.0311	0.0001	0.0310	0.0046	0.0001	0.0045	0.0265	0.0000	0.0265	0.0061	0.0061	0.0000	0.0020	0.0020	0.0000	0.0042	0.0042	0.0000	0.2223	0.1966	0.0257	0.0739	0.0682	0.0057	0.1484	0.1284	0.0200	0.0897	0.0403	0.0494	0.0217	0.0175	0.0042	0.0680	0.0228	0.0452	2.0448	0.0026	inf	0.6816	0.0100	inf	2.9200	0.0000	inf	0.0684	0.1523	0.0000	0.0911	0.1133	0.0000	0.0612	0.1823	0.0000
32	53	0.1194	3	1	2	1	0	0	0	0	0	N	Y	N	N	N	N	N	N	N	N	N	N	0.0000	0.0000	0.0000	0.0000	0.0000	0.0000	0.0000	0.0000	0.0000	0.0000	0.0000	0.0000	0.0000	0.0000	0.0000	0.0000	0.0000	0.0000	0.0000	0.0000	3.0666	4.0000	3.9999	1.0000	0.0000	0.0000	0.0000	0.0000	0.0000	0.0000	0.0000	0.0000	0.0000	0.0000	0.0000	0.0000	0.0000	0.0000	0.0000	0.0000	0.0000	0.0000	0.2331	0.2070	0.0261	0.0702	0.0667	0.0035	0.1629	0.1403	0.0226	0.0784	0.0262	0.0522	0.0119	0.0078	0.0041	0.0665	0.0184	0.0481	0.0000	0.0000	0.0000	0.0000	0.0000	0.0000	0.0000	0.0000	0.0000	0.0000	0.0000	0.0000	0.0000	0.0000	0.0000	0.0000	0.0000	0.0000											
32	54	0.1055	2	0	2	0	0	0	0	0	0	N	Y	N	N	N	N	N	N	N	N	N	N	5.0283	0.0055	inf	1.3660	0.0182	inf	7.6639	0.0000	inf	0.1955	0.0005	1.6761	0.0842	0.0015	1.0823	0.2534	0.0000	1.8486	0.0389	0.1001	0.0000	0.0617	0.0846	0.0000	0.0331	1.0908	0.0000	401.5472	0.0000	0.0249	-0.0046	3.0666	2.0683	3.9999	6.9961	0.0311	0.0001	0.0310	0.0046	0.0001	0.0045	0.0265	0.0000	0.0265	0.0061	0.0061	0.0000	0.0020	0.0020	0.0000	0.0042	0.0042	0.0000	0.1591	0.1406	0.0185	0.0545	0.0503	0.0042	0.1047	0.0903	0.0143	0.1579	0.0614	0.0966	0.0321	0.0234	0.0087	0.1258	0.0380	0.0879	5.0283	0.0055	inf	1.3660	0.0182	inf	7.6639	0.0000	inf	0.0389	0.1001	0.0000	0.0617	0.0846	0.0000	0.0331	0.1096	0.0000
32	56	0.1194	3	1	1	1	0	0	0	0	0	N	N	N	N	N	N	N	N	N	N	N	N	0.0000	0.0000	0.0000	0.0000	0.0000	0.0000	0.0000	0.0000	0.0000	0.0000	0.0000	0.0000	0.0000	0.0000	0.0000	0.0000	0.0000	0.0000	0.0000	0.0000	3.0666	4.0000	3.9999	7.0000	0.0000	0.0000	0.0000	0.0000	0.0000	0.0000	0.0000	0.0000	0.0000	0.0000	0.0000	0.0000	0.0000	0.0000	0.0000	0.0000	0.0000	0.0000	0.2331	0.2070	0.0261	0.0702	0.0667	0.0035	0.1629	0.1403	0.0226	0.1572	0.0526	0.1046	0.0236	0.0149	0.0087	0.1336	0.0377	0.0959	0.0000	0.0000	0.0000	0.0000	0.0000	0.0000	0.0000	0.0000	0.0000	0.0000	0.0000	0.0000	0.0000	0.0000	0.0000	0.0000	0.0000	0.0000											
32	57	0.1840	6	0	2	0	0	0	0	0	0	N	Y	N	N	N	N	N	N	N	N	N	N	8.9821	466.7682	0.6593	19.7870	9.8725	inf	9.9743	557.0708	0.1761	2.6400	2.8995	0.3434	0.2029	0.1342	1.2064	3.9203	4.4465	0.1035	0.2939	0.0062	0.5208	0.0103	0.0136	0.0000	0.3930	0.0080	0.5876	0.0134	106.3195	-0.3612	0.0171	3.0666	9.7645	3.9999	7.4558	1.9567	1.9309	0.0258	0.0518	0.0321	0.0197	1.9049	1.8988	0.0061	0.0708	0.0007	0.0702	0.0006	0.0006	0.0000	0.0702	0.0000	0.0702	0.7412	0.6659	0.0752	0.2553	0.2389	0.0164	0.4859	0.4270	0.0589	0.2410	0.1062	0.1347	0.0624	0.0471	0.0153	0.1786	0.0592	0.1194	8.9821	466.7682	0.6593	19.7870	9.8725	inf	9.9743	13154.5516	0.1761	0.2939	0.0062	0.5208	0.0103	0.0136	0.0000	0.3930	0.0003	0.5876
32	58	0.2396	7	0	1	1	0	0	0	0	0	N	N	N	N	N	N	N	N	N	N	N	N	0.0000	0.0000	0.0000	0.0000	0.0000	0.0000	0.0000	0.0000	0.0000	0.0000	0.0000	0.0000	0.0000	0.0014	0.0000	0.0026	0.0000	0.0000	0.0000	0.0019	0.0000	0.0029	inf	0.0000	0.0000	3.0666	1.0009	3.9999	0.0163	0.0000	0.0000	0.0000	0.0000	0.0000	0.0000	0.0000	0.0000	0.0000	0.0000	0.0000	0.0000	0.0000	0.0000	0.0000	0.0000	0.0000	0.0000	0.0986	0.0883	0.0103	0.0468	0.0430	0.0038	0.0518	0.0453	0.0065	0.0145	0.0067	0.0078	0.0040	0.0030	0.0010	0.0105	0.0037	0.0068	0.0000	0.0000	0.0000	0.0000	0.0000	0.0000	0.0000	0.0000	0.0000	0.0014	0.0000	0.0026	0.0000	0.0000	0.0000	0.0019	0.0000	0.0029						
32	59	0.2242	6	0	1	0	0	0	0	0	0	N	N	N	N	N	N	N	N	N	N	N	N	0.0174	0.0000	0.1177	0.0480	0.0000	inf	0.0000	0.0000	0.0001	0.0000	0.0005	0.0001	0.0000	0.0015	0.0000	0.0000	0.0000	0.0031	0.0015	0.0043	0.0026	0.0035	0.0000	0.0033	0.0000	0.0049	inf	3.5002	0.0000	0.0000	3.0666	1.9961	3.9999	0.0521	0.0000	0.0000	0.0000	0.0000	0.0000	0.0000	0.0000	0.0000	0.0000	0.0001	0.0000	0.0001	0.0000	0.0000	0.0000	0.0001	0.0000	0.0001	0.1864	0.1667	0.0197	0.0812	0.0747	0.0065	0.1052	0.0920	0.0132	0.0292	0.0129	0.0162	0.0078	0.0058	0.0020	0.0214	0.0071	0.0142	0.0174	0.0000	0.1177	0.0480	0.0000	inf	0.0000	0.0000	0.0000	0.0031	0.0015	0.0043	0.0026	0.0035	0.0000	0.0033	0.0000	0.0049	
32	60	0.2165	5	0	1	0	0	0	0	0	0	N	N	N	N	N	N	N	N	N	N	N	N	2.3323	6.8314	2.2762	2.3302	0.9354	inf	2.7873	inf	0.0000	0.0714	0.0681	0.1078	0.0385	0.0204	0.3280	0.0999	0.1115	0.0000	0.0306	0.0100	0.0473	0.0165	0.0219	0.0000	0.0358	0.0000	0.0538	0.1429	5.8591	-0.0000	0.0001	3.0666	0.0081	3.9999	1.0507	0.0001	0.0001	0.0000	0.0000	0.0000	0.0000	0.0001	0.0001	0.0000	0.0005	0.0001	0.0004	0.0001	0.0001	0.0000	0.0004	0.0000	0.0004	0.0011	0.0010	0.0001	0.0005	0.0005	0.0000	0.0006	0.0005	0.0001	0.0157	0.0070	0.0087	0.0042	0.0032	0.0010	0.0114	0.0038	0.0076	2.3323	6.8314	2.2762	2.3302	0.9354	inf	2.7873	inf	0.0000	0.0306	0.0100	0.0473	0.0165	0.0219	0.0000	0.0358	0.0000	0.0538
32	61	0.1677	4	0	1	0	0	0	0	0	0	N	N	N	N	N	N	N	N	N	N	N	N	4.9951	148.2471	0.1877	3.1457	1.4855	inf	5.7145	8.5642	0.1476	3.6576	4.0642	0.2379	0.0517	0.0297	0.3464	5.6930	6.4920	0.2044	0.7322	0.0274	1.2676	0.0164	0.0200	0.0000	0.9962	0.7580	1.3846	0.0070	60.8749	-0.1884	0.0211	3.0666	3.0167	3.9999	3.2580	0.9868	0.9800	0.0068	0.0050	0.0027	0.0023	0.9818	0.9773	0.0045	0.0899	0.0015	0.0885	0.0005	0.0005	0.0000	0.0894	0.0009	0.0885	0.2698	0.2411	0.0287	0.0973	0.0906	0.0068	0.1725	0.1505	0.0219	0.1228	0.0530	0.0698	0.0331	0.0272	0.0059	0.0897	0.0258	0.0639	4.9951	148.2471	0.1877	3.1457	1.4855	inf	5.7145	184.2676	0.1476	0.7322	0.0274	1.2676	0.0164	0.0200	0.0000	0.9962	0.0352	1.3846
32	62	0.0929	3	0	2	0	0	0	0	0	0	N	Y	N	N	N	N	N	N	N	N	N	N	0.0144	0.2374	0.0008	0.1518	0.1624	inf	0.0024	inf	0.0003	0.0932	0.1048	0.0073	0.1827	0.1985	0.0157	0.0172	0.0196	0.0030	6.4642	0.4416	9.5476	1.2038	1.2218	0.0000	7.2103	0.0000	9.5742	0.0093	42.2355	-0.0073	0.2243	3.0666	3.3327	3.9999	4.3103	0.0389	0.0385	0.0004	0.0350	0.0347	0.0003	0.0039	0.0038	0.0001	0.9840	0.0228	0.9613	0.0228	0.0228	0.0000	0.9613	0.0000	0.9613	0.4170	0.3674	0.0496	0.1915	0.1750	0.0166	0.2255	0.1924	0.0331	0.1522	0.0515	0.1007	0.0189	0.0186	0.0003	0.1333	0.0329	0.1004	0.0144	0.2374	0.0008	0.1518	0.1624	inf	0.0024	inf	0.0003	6.4642	0.4416	9.5476	1.2038	1.2218	0.0000	7.2103	0.0000	9.5742
32	63	0.0689	2	0	1	0	0	0	0	0	0	N	N	N	N	N	N	N	N	N	N	N	N	2.3136	101.9772	0.2491	53.5398	56.8851	inf	1.9200	4.5153	0.2207	1.2639	1.4148	0.1967	1.4170	1.5471	0.2340	1.1327	1.2953	0.1748	0.5463	0.0139	0.7896	0.0265	0.0272	0.0000	0.5899	0.2869	0.7920	0.0197	124.5420	-0.0978	0.0150	3.0666	3.2669	3.9999	2.4507	0.5476	0.5370	0.0106	0.2834	0.2787	0.0046	0.2642	0.2583	0.0059	0.0617	0.0005	0.0612	0.0002	0.0002	0.0000	0.0615	0.0003	0.0612	0.4333	0.3796	0.0537	0.2000	0.1802	0.0198	0.2333	0.1994	0.0339	0.1129	0.0354	0.0775	0.0087	0.0085	0.0002	0.1042	0.0269	0.0773	2.3136	101.9772	0.2491	53.5398	56.8851	inf	1.9200	134.0727	0.2207	0.5463	0.0139	0.7896	0.0265	0.0272	0.0000	0.5899	0.0097	0.7920
32	64	0.1532	6	1	1	1	0	0	0	0	0	N	N	N	N	N	N	N	N	N	N	N	N	0.0000	0.0000	0.0000	0.0000	0.0000	0.0000	0.0000	0.0000	0.0000	0.0000	0.0000	0.0000	0.0000	0.0000	0.0000	0.0000	0.0000	0.0000	0.0000	0.0000	3.0666	0.0000	3.9999	1.0000	0.0000	0.0000	0.0000	0.0000	0.0000	0.0000	0.0000	0.0000	0.0000	0.0000	0.0000	0.0000	0.0000	0.0000	0.0000	0.0000	0.0000	0.0000	0.0000	0.0000	0.0000	0.0000	0.0000	0.0000	0.0000	0.0000	0.0000	0.0177	0.0058	0.0119	0.0026	0.0017	0.0008	0.0152	0.0041	0.0111	0.0000	0.0000	0.0000	0.0000	0.0000	0.0000	0.0000	0.0000	0.0000	0.0000	0.0000	0.0000	0.0000	0.0000	0.0000	0.0000	0.0000	0.0000											
32	65	0.1532	5	1	1	1	0	0	0	0	0	N	N	N	N	N	N	N	N	N	N	N	N	0.0000	0.0000	0.0000	0.0000	0.0000	0.0000	0.0000	0.0000	0.0000	0.0000	0.0000	0.0000	0.0000	4.2550	8.7416	0.0000	9.0031	9.0727	0.0000	0.0000	0.0000	0.0000	0.0000	0.0000	-0.0001	3.0666	0.0000	3.9999	0.0001	0.0000	0.0000	0.0000	0.0000	0.0000	0.0000	0.0000	0.0000	0.0000	0.0001	0.0001	0.0000	0.0001	0.0001	0.0000	0.0000	0.0000	0.0000	0.0000	0.0000	0.0000	0.0000	0.0000	0.0000	0.0000	0.0000	0.0000	0.0000	0.0000	0.0000	0.0000	0.0000	0.0000	0.0000	0.0000	0.0000	0.0000	0.0000	0.0000	0.0000	0.0000	0.0000	0.0000	0.0000	0.0000	4.2550	8.7416	0.0000	9.0031	9.0727	0.0000	0.0000	0.0000	0.0000						
32	66	0.1410	4	1	1	1	0	0	0	0	0	N	N	N	N	N	N	N	N	N	N	N	N	0.0000	0.0000	0.0000	0.0000	0.0000	0.0000	0.0000	0.0000	0.0000	0.0000	0.0000	0.0000	0.0000	0.0000	0.0000	0.0000	1.2981	3.4427	0.0032	5.4722	6.4667	0.0000	0.0026	0.0000	0.0034	0.0015	0.0000	-0.0462	3.0666	1.9720	3.9999	0.0923	0.0000	0.0000	0.0000	0.0000	0.0000	0.0000	0.0000	0.0000	0.0000	0.0618	0.0617	0.0001	0.0617	0.0617	0.0000	0.0001	0.0000	0.0001	0.1330	0.1180	0.0150	0.0310	0.0295	0.0015	0.1020	0.0885	0.0135	0.0476	0.0179	0.0297	0.0113	0.0095	0.0017	0.0363	0.0084	0.0279	0.0000	0.0000	0.0000	0.0000	0.0000	0.0000	0.0000	0.0000	0.0000	1.2981	3.4427	0.0032	5.4722	6.4667	0.0000	0.0026	0.0000	0.0034			
32	67	0.1194	3	1	1	1	0	0	0	0	0	N	N	N	N	N	N	N	N	N	N	N	N	0.0000	0.0000	0.0000	0.0000	0.0000	0.0000	0.0000	0.0000	0.0000	0.0000	0.0000	0.0000	0.0000	0.0000	0.0000	0.9395	0.0005	1.4100	0.0000	0.0000	0.0000	1.1076	0.0176	1.5295	6166.0000	0.0000	0.0155	3.0666	3.0650	3.9999	1.0636	0.0000	0.0000	0.0000	0.0000	0.0000	0.0000	0.0000	0.0000	0.0000	0.0617	0.0000	0.0617	0.0000	0.0000	0.0000	0.0617	0.0000	0.0617	0.1810	0.1607	0.0203	0.0548	0.0521	0.0027	0.1262	0.1086	0.0176	0.0656	0.0219	0.0437	0.0100	0.0065	0.0034	0.0557	0.0154	0.0403	0.0000	0.0000	0.0000	0.0000	0.0000	0.0000	0.0000	0.0000	0.0000	0.9395	0.0005	1.4100	0.0000	0.0000	0.0000	1.1076	0.0007	1.5295				
32	68	0.1264	3	0	2	0	1	0	0	0	0	N	Y	N	N	N	N	N	N	N	N	N	N	0.0391	0.0023	inf	0.0050	0.0021	inf	inf	inf	0.0194	0.0030	0.1535	0.0125	0.0070	0.0781	0.0241	0.0000	0.1848	0.4948	1.2852	0.0000	2.5160	3.2901	0.0000	0.0000	0.0000	0.0000	6.3256	0.0000	0.0036	-0.0506	3.0666	2.7513	3.9999	4.0954	0.0054	0.0007	0.0047	0.0014	0.0007	0.0007	0.0040	0.0000	0.0040	0.0676	0.0676	0.0000	0.0676	0.0676	0.0000	0.0000	0.0000	0.0000	0.2806	0.2500	0.0306	0.1151	0.1062	0.0090	0.1654	0.1439	0.0216	0.1367	0.0526	0.0840	0.0269	0.0206	0.0063	0.1098	0.0321	0.0777	0.0391	0.0023	inf	0.0050	0.0021	inf	inf	0.0000	inf	0.4948	1.2852	0.0000	2.5160	3.2901	0.0000	0.0000	0.0000	0.0000	
32	71	0.1194	3	0	2	0	0	0	0	0	0	N	Y	N	N	N	N	N	N	N	N	N	N	0.0000	0.0000	0.0000	0.0000	0.0000	0.0000	0.0000	0.0000	0.0000	0.0000	0.0000	0.0000	0.0000	12.7542	0.0000	19.1481	0.0000	0.0000	0.0000	15.0316	0.0000	20.7852	inf	0.0000	0.2511	3.0666	2.0000	3.9999	3.0000	0.0000	0.0000	0.0000	0.0000	0.0000	0.0000	0.0000	0.0000	0.0000	1.0000	0.0000	1.0000	0.0000	0.0000	0.0000	1.0000	0.0000	1.0000	0.1200	0.1065	0.0135	0.0366	0.0348	0.0018	0.0834	0.0717	0.0117	0.0784	0.0262	0.0522	0.0119	0.0078	0.0041	0.0665	0.0184	0.0481	0.0000	0.0000	0.0000	0.0000	0.0000	0.0000	0.0000	0.0000	0.0000	12.7542	0.0000	19.1481	0.0000	0.0000	0.0000	15.0316	0.0000	20.7852						
32	72	0.0925	2	0	1	0	0	0	0	0	0	N	N	N	N	N	N	N	N	N	N	N	N	1.1726	0.4713	0.5870	0.4867	inf	inf	0.1338	0.1496	0.0000	0.3672	0.3950	0.0000	0.0120	0.0137	0.0000	0.1141	0.3174	0.0000	0.6256	0.8115	0.0000	0.0000	0.0000	0.0000	0.0000	0.0000	-0.0109	-0.0085	3.0666	4.7932	3.9999	0.2507	0.0553	0.0553	0.0000	0.0521	0.0521	0.0000	0.0033	0.0033	0.0000	0.0114	0.0114	0.0000	0.0114	0.0114	0.0000	0.0000	0.0000	0.0000	0.4135	0.3698	0.0437	0.1418	0.1318	0.0100	0.2717	0.2380	0.0337	0.0997	0.0358	0.0638	0.0182	0.0140	0.0042	0.0815	0.0218	0.0597	1.1726	0.4713	0.0000	0.5870	0.4867	0.0000	inf	inf	0.0000	0.1141	0.3174	0.0000	0.6256	0.8115	0.0000	0.0000	0.0000	0.0000			
32	74	0.0689	2	0	2	0	0	0	0	0	0	N	Y	N	N	N	N	N	N	N	N	N	N	70.4266	24.0501	inf	3.1725	3.4066	inf	inf	inf	inf	0.1357	0.1502	0.0382	0.0872	0.0963	0.0103	0.1899	0.2141	0.0593	0.0019	0.0062	0.0000	0.0275	0.0283	0.0000	0.0000	0.0000	0.0000	0.0378	0.0000	-0.0076	-0.0002	3.0666	1.8678	3.9999	4.6278	0.0472	0.0455	0.0017	0.0160	0.0158	0.0002	0.0312	0.0297	0.0015	0.0002	0.0002	0.0000	0.0002	0.0002	0.0000	0.0000	0.0000	0.0000	0.3477	0.3027	0.0450	0.1833	0.1640	0.0193	0.1643	0.1387	0.0257	0.1245	0.0384	0.0861	0.0087	0.0085	0.0002	0.1158	0.0299	0.0859	70.4266	24.0501	inf	3.1725	3.4066	inf	inf	inf	inf	0.0019	0.0062	0.0000	0.0275	0.0283	0.0000	0.0000	0.0000	0.0000
32	78	0.1725	5	1	2	0	1	0	0	0	0	N	Y	N	N	N	N	N	N	N	N	N	N	0.1287	0.0000	inf	0.0295	0.0000	inf	0.0001	0.0000	0.0011	0.0005	0.0000	0.0087	0.0000	0.0000	0.0000	0.0010	0.0031	0.0000	0.0178	0.0281	0.0000	0.0000	0.0000	0.0000	inf	0.0000	0.0000	-0.0001	3.0666	1.0000	3.9999	2.0144	0.0000	0.0000	0.0000	0.0000	0.0000	0.0000	0.0000	0.0000	0.0000	0.0001	0.0001	0.0000	0.0001	0.0001	0.0000	0.0000	0.0000	0.0000	0.0754	0.0667	0.0087	0.0191	0.0179	0.0011	0.0563	0.0487	0.0076	0.0679	0.0228	0.0451	0.0039	0.0025	0.0014	0.0640	0.0203	0.0436	0.1287	0.0000	inf	0.0295	0.0000	inf	0.0000	0.0000	0.0000	0.0010	0.0031	0.0000	0.0178	0.0281	0.0000	0.0000	0.0000	0.0000			
32	79	0.1503	4	1	2	0	1	0	0	0	0	N	Y	N	N	N	N	N	N	N	N	N	N	1788.5934	2361.9922	0.0000	inf	inf	0.0000	0.0000	0.0000	1.8525	2.0963	0.0000	7.2404	7.7079	0.0000	0.0000	0.0000	0.0000	0.0010	0.0009	0.0011	0.0000	0.0000	0.0000	0.0011	0.0278	0.0011	0.0000	2.5000	-0.0000	-0.0000	3.0666	0.0001	3.9999	3.0180	0.0000	0.0000	0.0000	0.0000	0.0000	0.0000	0.0000	0.0000	0.0000	0.0001	0.0000	0.0001	0.0000	0.0000	0.0000	0.0001	0.0000	0.0001	0.0000	0.0000	0.0000	0.0000	0.0000	0.0000	0.0000	0.0000	0.0000	0.0676	0.0225	0.0451	0.0035	0.0021	0.0014	0.0641	0.0204	0.0437	1788.5934	2361.9922	0.0000	inf	inf	0.0000	0.0000	0.0000	0.0000	0.0010	0.0009	0.0011	0.0000	0.0000	0.0000	0.0011	0.0010	0.0011	
32	80	0.1723	6	0	2	0	1	0	0	0	0	N	Y	N	N	N	N	N	N	N	N	N	N	0.0000	0.0000	0.0000	0.0000	0.0000	0.0000	0.0000	0.0000	0.0000	0.0000	0.0000	0.0000	0.0000	0.0000	0.0000	0.0000	0.0000	0.0000	0.0000	0.0000	3.0666	0.0000	3.9999	0.0000	0.0000	0.0000	0.0000	0.0000	0.0000	0.0000	0.0000	0.0000	0.0000	0.0000	0.0000	0.0000	0.0000	0.0000	0.0000	0.0000	0.0000	0.0000	0.0000	0.0000	0.0000	0.0000	0.0000	0.0000	0.0000	0.0000	0.0000	0.0000	0.0000	0.0000	0.0000	0.0000	0.0000	0.0000	0.0000	0.0000	0.0000	0.0000	0.0000	0.0000	0.0000	0.0000	0.0000	0.0000	0.0000	0.0000	0.0000	0.0000	0.0000	0.0000	0.0000	0.0000	0.0000	0.0000											
32	81	0.1503	4	0	1	1	1	0	0	0	0	N	N	N	N	N	N	N	N	N	N	N	N	0.0000	0.0000	0.0000	0.0000	0.0000	0.0000	0.0000	0.0000	0.0000	0.0000	0.0000	0.0000	0.0000	0.0000	0.0000	0.0000	0.0000	0.0000	0.0000	0.0000	3.0666	2.0000	3.9999	0.0000	0.0000	0.0000	0.0000	0.0000	0.0000	0.0000	0.0000	0.0000	0.0000	0.0000	0.0000	0.0000	0.0000	0.0000	0.0000	0.0000	0.0000	0.0000	0.1474	0.1305	0.0170	0.0369	0.0347	0.0022	0.1105	0.0958	0.0148	0.0457	0.0152	0.0305	0.0024	0.0014	0.0009	0.0433	0.0138	0.0295	0.0000	0.0000	0.0000	0.0000	0.0000	0.0000	0.0000	0.0000	0.0000	0.0000	0.0000	0.0000	0.0000	0.0000	0.0000	0.0000	0.0000	0.0000											
32	82	0.1503	4	0	1	1	1	0	0	0	0	N	N	N	N	N	N	N	N	N	N	N	N	0.0000	0.0000	0.0000	0.0000	0.0000	0.0000	0.0000	0.0000	0.0000	0.0000	0.0000	0.0000	0.0000	0.0000	0.0000	0.0000	0.0000	0.0000	0.0000	0.0000	3.0666	0.0000	3.9999	4.0000	0.0000	0.0000	0.0000	0.0000	0.0000	0.0000	0.0000	0.0000	0.0000	0.0000	0.0000	0.0000	0.0000	0.0000	0.0000	0.0000	0.0000	0.0000	0.0000	0.0000	0.0000	0.0000	0.0000	0.0000	0.0000	0.0000	0.0000	0.0879	0.0293	0.0586	0.0046	0.0028	0.0018	0.0833	0.0265	0.0567	0.0000	0.0000	0.0000	0.0000	0.0000	0.0000	0.0000	0.0000	0.0000	0.0000	0.0000	0.0000	0.0000	0.0000	0.0000	0.0000	0.0000	0.0000											
32	83	0.1723	6	0	1	1	1	0	0	0	0	N	N	N	N	N	N	N	N	N	N	N	N	0.0000	0.0000	0.0000	0.0000	0.0000	0.0000	0.0000	0.0000	0.0000	0.0000	0.0000	0.0000	0.0000	0.0000	0.0000	0.0000	0.0000	0.0000	0.0000	0.0000	3.0666	0.0000	3.9999	2.0000	0.0000	0.0000	0.0000	0.0000	0.0000	0.0000	0.0000	0.0000	0.0000	0.0000	0.0000	0.0000	0.0000	0.0000	0.0000	0.0000	0.0000	0.0000	0.0000	0.0000	0.0000	0.0000	0.0000	0.0000	0.0000	0.0000	0.0000	0.0454	0.0148	0.0305	0.0021	0.0011	0.0010	0.0433	0.0138	0.0295	0.0000	0.0000	0.0000	0.0000	0.0000	0.0000	0.0000	0.0000	0.0000	0.0000	0.0000	0.0000	0.0000	0.0000	0.0000	0.0000	0.0000	0.0000											
32	84	0.1650	5	0	1	0	1	0	0	0	0	N	N	N	N	N	N	N	N	N	N	N	N	0.0000	0.0000	0.0000	0.0000	0.0000	0.0000	0.0000	0.0000	0.0000	0.0000	0.0000	0.0000	0.0000	0.0451	0.1362	0.0000	0.8274	1.4077	0.0000	0.0000	0.0000	0.0000	0.0000	0.0000	-0.0008	3.0666	1.0000	3.9999	0.0015	0.0000	0.0000	0.0000	0.0000	0.0000	0.0000	0.0000	0.0000	0.0000	0.0011	0.0011	0.0000	0.0011	0.0011	0.0000	0.0000	0.0000	0.0000	0.0754	0.0667	0.0087	0.0191	0.0179	0.0011	0.0563	0.0487	0.0076	0.0235	0.0078	0.0157	0.0013	0.0008	0.0005	0.0222	0.0070	0.0152	0.0000	0.0000	0.0000	0.0000	0.0000	0.0000	0.0000	0.0000	0.0000	0.0451	0.1362	0.0000	0.8274	1.4077	0.0000	0.0000	0.0000	0.0000						
32	85	0.1503	4	0	1	0	1	0	0	0	0	N	N	N	N	N	N	N	N	N	N	N	N	0.0000	0.0000	0.0000	0.0000	0.0000	0.0000	0.0000	0.0000	0.0000	0.0000	0.0000	0.0000	0.0000	0.0232	0.0000	0.0348	0.0000	0.0000	0.0000	0.0245	0.0000	0.0359	inf	0.0000	0.0003	3.0666	0.0000	3.9999	2.0013	0.0000	0.0000	0.0000	0.0000	0.0000	0.0000	0.0000	0.0000	0.0000	0.0011	0.0000	0.0011	0.0000	0.0000	0.0000	0.0011	0.0000	0.0011	0.0000	0.0000	0.0000	0.0000	0.0000	0.0000	0.0000	0.0000	0.0000	0.0457	0.0152	0.0305	0.0024	0.0014	0.0009	0.0433	0.0138	0.0296	0.0000	0.0000	0.0000	0.0000	0.0000	0.0000	0.0000	0.0000	0.0000	0.0232	0.0000	0.0348	0.0000	0.0000	0.0000	0.0245	0.0000	0.0359						
32	86	0.1902	4	1	2	0	0	0	0	0	0	N	Y	N	N	N	N	N	N	N	N	N	N	1.0163	0.4857	inf	0.0763	0.0400	inf	inf	inf	1.5963	1.6635	1.0611	0.4115	0.2260	1.7573	3.0767	3.4159	0.0000	1.5708	3.4248	0.0000	5.3916	5.6444	0.0000	0.0000	0.0000	0.0000	0.0800	0.0000	-0.0000	-0.0444	3.0666	0.0007	3.9999	0.9812	0.0003	0.0002	0.0000	0.0000	0.0000	0.0000	0.0002	0.0002	0.0000	0.0593	0.0593	0.0000	0.0593	0.0593	0.0000	0.0000	0.0000	0.0000	0.0002	0.0002	0.0000	0.0001	0.0001	0.0000	0.0001	0.0001	0.0000	0.0377	0.0173	0.0204	0.0110	0.0105	0.0005	0.0267	0.0068	0.0199	1.0163	0.4857	inf	0.0763	0.0400	inf	inf	inf	0.0000	1.5708	3.4248	0.0000	5.3916	5.6444	0.0000	0.0000	0.0000	0.0000	
32	87	0.1343	3	1	2	0	0	0	0	0	0	N	Y	N	N	N	N	N	N	N	N	N	N	6.8336	52.9492	0.0229	1.9401	1.3197	inf	8.6143	216.8382	0.0144	2.8731	3.2548	0.0138	0.6477	0.6853	0.0454	3.6704	4.2612	0.0090	0.4204	0.0615	0.6018	0.3339	0.5193	0.0000	0.4261	0.0197	0.6223	0.0006	19.3745	-0.2097	0.0125	3.0666	5.0272	3.9999	2.1572	1.0631	1.0625	0.0006	0.0632	0.0630	0.0003	0.9999	0.9996	0.0003	0.0621	0.0030	0.0591	0.0030	0.0030	0.0000	0.0591	0.0000	0.0591	0.3700	0.3265	0.0436	0.0976	0.0919	0.0057	0.2724	0.2346	0.0379	0.1478	0.0496	0.0982	0.0090	0.0058	0.0032	0.1387	0.0438	0.0949	6.8336	52.9492	0.0229	1.9401	1.3197	inf	8.6143	6221.9211	0.0144	0.4204	0.0615	0.6018	0.3339	0.5193	0.0000	0.4261	0.0007	0.6223
32	88	0.1876	5	0	2	0	0	0	0	0	0	N	Y	N	N	N	N	N	N	N	N	N	N	0.0000	0.0000	0.0000	0.0000	0.0000	0.0000	0.0000	0.0000	0.0000	0.0000	0.0000	0.0000	0.0000	0.0000	0.0000	0.0000	0.0000	0.0000	0.0000	0.0000	3.0666	0.0000	3.9999	4.0000	0.0000	0.0000	0.0000	0.0000	0.0000	0.0000	0.0000	0.0000	0.0000	0.0000	0.0000	0.0000	0.0000	0.0000	0.0000	0.0000	0.0000	0.0000	0.0000	0.0000	0.0000	0.0000	0.0000	0.0000	0.0000	0.0000	0.0000	0.0882	0.0300	0.0582	0.0063	0.0043	0.0021	0.0819	0.0257	0.0562	0.0000	0.0000	0.0000	0.0000	0.0000	0.0000	0.0000	0.0000	0.0000	0.0000	0.0000	0.0000	0.0000	0.0000	0.0000	0.0000	0.0000	0.0000											
32	89	0.1503	4	0	2	0	0	0	0	0	0	N	Y	N	N	N	N	N	N	N	N	N	N	0.0000	0.0000	0.0000	0.0000	0.0000	0.0000	0.0000	0.0000	0.0000	0.0000	0.0000	0.0000	0.0000	0.0000	0.0000	0.0000	0.0000	0.0000	0.0000	0.0000	3.0666	3.0000	3.9999	2.0000	0.0000	0.0000	0.0000	0.0000	0.0000	0.0000	0.0000	0.0000	0.0000	0.0000	0.0000	0.0000	0.0000	0.0000	0.0000	0.0000	0.0000	0.0000	0.2164	0.1916	0.0247	0.0535	0.0504	0.0032	0.1628	0.1412	0.0216	0.1078	0.0360	0.0718	0.0057	0.0035	0.0023	0.1021	0.0326	0.0695	0.0000	0.0000	0.0000	0.0000	0.0000	0.0000	0.0000	0.0000	0.0000	0.0000	0.0000	0.0000	0.0000	0.0000	0.0000	0.0000	0.0000	0.0000											
32	90	0.1503	4	1	2	0	0	0	0	0	0	N	Y	N	N	N	N	N	N	N	N	N	N	0.0000	0.0000	0.0000	0.0000	0.0000	0.0000	0.0000	0.0000	0.0000	0.0000	0.0000	0.0000	0.0000	9.2741	0.0000	13.9305	0.0000	0.0000	0.0000	9.7948	0.0000	14.3860	inf	0.0000	0.2511	3.0666	2.0000	3.9999	3.0000	0.0000	0.0000	0.0000	0.0000	0.0000	0.0000	0.0000	0.0000	0.0000	1.0000	0.0000	1.0000	0.0000	0.0000	0.0000	1.0000	0.0000	1.0000	0.1474	0.1305	0.0170	0.0369	0.0347	0.0022	0.1105	0.0958	0.0148	0.1078	0.0360	0.0718	0.0057	0.0035	0.0023	0.1021	0.0326	0.0695	0.0000	0.0000	0.0000	0.0000	0.0000	0.0000	0.0000	0.0000	0.0000	9.2741	0.0000	13.9305	0.0000	0.0000	0.0000	9.7948	0.0000	14.3860						
32	91	0.1343	3	0	1	0	0	0	0	0	0	N	N	N	N	N	N	N	N	N	N	N	N	0.6471	0.1048	inf	0.0898	0.0501	inf	inf	inf	0.0420	0.0198	0.1947	0.0800	0.0615	0.3719	0.0258	0.0000	0.1659	0.0649	0.1886	0.0000	0.8904	1.2278	0.0000	0.0000	0.0000	0.0000	1.4352	0.0000	0.0029	-0.0024	3.0666	2.0705	3.9999	0.0351	0.0075	0.0031	0.0044	0.0042	0.0031	0.0012	0.0032	0.0000	0.0032	0.0032	0.0032	0.0000	0.0032	0.0032	0.0000	0.0000	0.0000	0.0000	0.1780	0.1554	0.0226	0.0531	0.0499	0.0032	0.1250	0.1055	0.0195	0.0492	0.0169	0.0322	0.0036	0.0026	0.0010	0.0456	0.0143	0.0313	0.6471	0.1048	inf	0.0898	0.0501	inf	inf	0.0000	inf	0.0649	0.1886	0.0000	0.8904	1.2278	0.0000	0.0000	0.0000	0.0000	
32	92	0.1089	2	0	1	0	0	0	0	0	0	N	N	N	N	N	N	N	N	N	N	N	N	0.4543	0.0799	7.8915	0.0499	0.0315	inf	2.1372	0.0572	8.3588	0.0681	0.0231	0.4163	0.0428	0.0321	0.2298	0.0840	0.0169	0.4576	0.1500	0.2897	0.0528	0.8576	1.0195	0.0000	0.0393	0.2949	0.0547	2.3241	0.2617	0.0122	-0.0076	3.0666	3.4249	3.9999	0.1413	0.0243	0.0073	0.0170	0.0059	0.0042	0.0017	0.0184	0.0031	0.0153	0.0140	0.0111	0.0029	0.0108	0.0108	0.0000	0.0032	0.0003	0.0029	0.3562	0.3155	0.0408	0.1372	0.1298	0.0074	0.2190	0.1856	0.0334	0.0931	0.0382	0.0549	0.0126	0.0106	0.0020	0.0805	0.0276	0.0529	0.4543	0.0799	7.8915	0.0499	0.0315	inf	2.1372	1.7288	8.3588	0.1500	0.2897	0.0528	0.8576	1.0195	0.0000	0.0393	0.0098	0.0547
32	98	0.2458	7	0	1	0	0	0	0	0	0	N	N	N	N	N	N	N	N	N	N	N	N	4.0204	15.6976	0.0000	19.5537	18.0125	0.3141	0.3338	0.0000	1.4633	1.6322	0.0000	2.8110	3.0914	0.0000	0.1562	0.1767	0.0000	0.3640	0.1040	0.7030	0.1438	0.1716	0.0000	0.4974	0.5294	0.8184	0.0000	5.1849	-0.1667	0.0102	3.0666	4.9999	3.9999	9.0821	0.8426	0.8426	0.0000	0.7969	0.7969	0.0000	0.0457	0.0457	0.0000	0.1144	0.0185	0.0959	0.0170	0.0170	0.0000	0.0974	0.0015	0.0959	0.5758	0.5162	0.0596	0.2835	0.2578	0.0257	0.2923	0.2584	0.0339	0.3144	0.1779	0.1365	0.1186	0.0993	0.0193	0.1958	0.0786	0.1172	4.0204	15.6976	0.0000	19.5537	18.0125	0.0000	0.3141	9.5749	0.0000	0.3640	0.1040	0.7030	0.1438	0.1716	0.0000	0.4974	0.0185	0.8184	
33	34	0.1034	4	1	1	1	0	0	0	0	0	N	N	N	N	N	N	N	N	N	N	N	N	0.0000	0.0000	0.0000	0.0000	0.0000	0.0000	0.0000	0.0000	0.0000	0.0000	0.0000	0.0000	0.0000	0.0000	0.0000	0.0000	12.2487	0.1112	19.0716	0.2539	0.2932	0.0000	14.4928	0.0000	19.7227	305.1176	0.0000	0.2465	0.9991	4.9334	2.0219	5.0001	0.0000	0.0000	0.0000	0.0000	0.0000	0.0000	0.0000	0.0000	0.0000	0.9948	0.0032	0.9916	0.0032	0.0032	0.0000	0.9916	0.0000	0.9916	0.0922	0.0816	0.0106	0.0259	0.0246	0.0014	0.0663	0.0570	0.0093	0.0812	0.0292	0.0520	0.0128	0.0111	0.0017	0.0684	0.0181	0.0503	0.0000	0.0000	0.0000	0.0000	0.0000	0.0000	0.0000	0.0000	0.0000	12.2487	0.1112	19.0716	0.2539	0.2932	0.0000	14.4928	0.0000	19.7227			
33	37	0.0330	2	2	0	2	0	0	0	0	0	Y	N	Y	N	N	N	N	N	N	N	N	N	0.0000	0.0000	0.0000	0.0000	0.0000	0.0000	0.0000	0.0000	0.0000	0.0000	0.0000	0.0000	0.0000	0.0000	0.0000	0.0000	25.6382	0.0026	36.4624	0.0077	0.0096	0.0000	28.5177	0.0000	37.5219	33052.6667	0.0000	0.2489	0.9991	1.0000	2.0219	3.0000	0.0000	0.0000	0.0000	0.0000	0.0000	0.0000	0.0000	0.0000	0.0000	0.9916	0.0000	0.9916	0.0000	0.0000	0.0000	0.9916	0.0000	0.9916	0.0177	0.0150	0.0026	0.0000	0.0000	0.0000	0.0176	0.0150	0.0026	0.0387	0.0115	0.0272	0.0039	0.0031	0.0008	0.0348	0.0083	0.0264	0.0000	0.0000	0.0000	0.0000	0.0000	0.0000	0.0000	0.0000	0.0000	25.6382	0.0026	36.4624	0.0077	0.0096	0.0000	28.5177	0.0000	37.5219			
33	38	0.1034	4	1	0	2	0	0	0	0	0	N	N	Y	N	N	N	N	N	N	N	N	N	0.0000	0.0000	0.0000	0.0000	0.0000	0.0000	0.0000	0.0000	0.0000	0.0000	0.0000	0.0000	0.0000	0.0000	0.0000	0.0000	0.0000	18.8223	0.0005	29.3972	0.0432	0.0013	5.1461	22.4362	0.0000	30.3919	99801.0171	0.0000	0.2506	0.9991	3.0666	2.0219	2.9999	0.0000	0.0000	0.0000	0.0000	0.0000	0.0000	0.0000	0.0000	0.0000	0.9980	0.0000	0.9980	0.0004	0.0000	0.0004	0.9977	0.0000	0.9977	0.0609	0.0540	0.0069	0.0187	0.0178	0.0009	0.0421	0.0362	0.0060	0.0530	0.0191	0.0339	0.0086	0.0074	0.0011	0.0445	0.0116	0.0328	0.0000	0.0000	0.0000	0.0000	0.0000	0.0000	0.0000	0.0000	0.0000	18.8223	0.0005	29.3972	0.0432	0.0013	0.3206	22.4362	0.0000	30.3919		
33	39	0.1034	4	1	1	1	0	0	0	0	0	N	N	N	N	N	N	N	N	N	N	N	N	0.0000	0.0000	0.0000	0.0000	0.0000	0.0000	0.0000	0.0000	0.0000	0.0000	0.0000	0.0000	0.0000	0.0023	0.0064	0.0000	0.0143	0.0164	0.0000	0.0000	0.0000	0.0000	0.0000	0.0000	-0.0001	0.9991	3.9334	2.0219	2.0001	0.0000	0.0000	0.0000	0.0000	0.0000	0.0000	0.0000	0.0000	0.0000	0.0001	0.0001	0.0000	0.0001	0.0001	0.0000	0.0000	0.0000	0.0000	0.0757	0.0670	0.0086	0.0222	0.0210	0.0011	0.0535	0.0460	0.0075	0.0520	0.0187	0.0333	0.0084	0.0073	0.0011	0.0436	0.0114	0.0322	0.0000	0.0000	0.0000	0.0000	0.0000	0.0000	0.0000	0.0000	0.0000	0.0023	0.0064	0.0000	0.0143	0.0164	0.0000	0.0000	0.0000	0.0000						
33	40	0.0668	5	2	1	2	0	0	0	0	0	Y	N	Y	N	N	N	N	N	N	N	N	N	0.0000	0.0000	0.0000	0.0000	0.0000	0.0000	0.0000	0.0000	0.0000	0.0000	0.0000	0.0000	0.0000	0.0000	0.0000	0.0000	0.0000	0.0000	0.0000	0.0000	0.9991	0.0000	2.0219	0.0000	0.0000	0.0000	0.0000	0.0000	0.0000	0.0000	0.0000	0.0000	0.0000	0.0000	0.0000	0.0000	0.0000	0.0000	0.0000	0.0000	0.0000	0.0000	0.0000	0.0000	0.0000	0.0000	0.0000	0.0000	0.0000	0.0000	0.0000	0.0000	0.0000	0.0000	0.0000	0.0000	0.0000	0.0000	0.0000	0.0000	0.0000	0.0000	0.0000	0.0000	0.0000	0.0000	0.0000	0.0000	0.0000	0.0000	0.0000	0.0000	0.0000	0.0000	0.0000	0.0000	0.0000	0.0000											
33	41	0.0668	4	2	1	2	0	0	0	0	0	Y	N	Y	N	N	N	N	N	N	N	N	N	0.0000	0.0000	0.0000	0.0000	0.0000	0.0000	0.0000	0.0000	0.0000	0.0000	0.0000	0.0000	0.0000	0.0014	0.0048	0.0000	0.0133	0.0165	0.0000	0.0000	0.0000	0.0000	0.0000	0.0000	-0.0000	0.9991	1.0000	2.0219	1.9999	0.0000	0.0000	0.0000	0.0000	0.0000	0.0000	0.0000	0.0000	0.0000	0.0000	0.0000	0.0000	0.0000	0.0000	0.0000	0.0000	0.0000	0.0000	0.0184	0.0159	0.0026	0.0024	0.0023	0.0002	0.0160	0.0136	0.0024	0.0287	0.0084	0.0204	0.0030	0.0024	0.0006	0.0257	0.0059	0.0198	0.0000	0.0000	0.0000	0.0000	0.0000	0.0000	0.0000	0.0000	0.0000	0.0014	0.0048	0.0000	0.0133	0.0165	0.0000	0.0000	0.0000	0.0000						
33	42	0.2447	7	2	1	1	0	0	0	0	0	Y	N	N	N	N	N	N	N	N	N	N	N	0.0000	0.0000	0.0000	0.0000	0.0000	0.0000	0.0000	0.0000	0.0000	0.0000	0.0000	0.0000	0.0000	0.0000	0.0000	0.0000	0.0000	0.0015	0.0034	0.0000	0.0061	0.0062	0.0015	0.0000	0.0000	0.0000	0.0073	0.0000	-0.0000	0.9991	0.0007	2.0219	2.0242	0.0000	0.0000	0.0000	0.0000	0.0000	0.0000	0.0000	0.0000	0.0000	0.0000	0.0000	0.0000	0.0000	0.0000	0.0000	0.0000	0.0000	0.0000	0.0000	0.0000	0.0000	0.0000	0.0000	0.0000	0.0000	0.0000	0.0000	0.0258	0.0112	0.0146	0.0062	0.0062	0.0001	0.0196	0.0050	0.0146	0.0000	0.0000	0.0000	0.0000	0.0000	0.0000	0.0000	0.0000	0.0000	0.0015	0.0034	0.0000	0.0061	0.0062	0.0004	0.0000	0.0000	0.0000		
33	43	0.1478	5	1	1	1	1	0	0	0	0	N	N	N	N	N	N	N	N	N	N	N	N	0.0000	0.0000	0.0000	0.0000	0.0000	0.0000	0.0000	0.0000	0.0000	0.0000	0.0000	0.0000	0.0000	0.0000	0.0000	0.0000	0.0000	0.0000	0.0000	0.0000	0.9991	0.0000	2.0219	0.0000	0.0000	0.0000	0.0000	0.0000	0.0000	0.0000	0.0000	0.0000	0.0000	0.0000	0.0000	0.0000	0.0000	0.0000	0.0000	0.0000	0.0000	0.0000	0.0000	0.0000	0.0000	0.0000	0.0000	0.0000	0.0000	0.0000	0.0000	0.0000	0.0000	0.0000	0.0000	0.0000	0.0000	0.0000	0.0000	0.0000	0.0000	0.0000	0.0000	0.0000	0.0000	0.0000	0.0000	0.0000	0.0000	0.0000	0.0000	0.0000	0.0000	0.0000	0.0000	0.0000	0.0000	0.0000											
33	44	0.1478	5	1	0	1	1	0	0	0	0	N	N	N	N	N	N	N	N	N	N	N	N	0.0000	0.0000	0.0000	0.0000	0.0000	0.0000	0.0000	0.0000	0.0000	0.0000	0.0000	0.0000	0.0000	0.0000	0.0000	0.0000	0.0000	0.0000	0.0000	0.0000	0.9991	0.0000	2.0219	0.0000	0.0000	0.0000	0.0000	0.0000	0.0000	0.0000	0.0000	0.0000	0.0000	0.0000	0.0000	0.0000	0.0000	0.0000	0.0000	0.0000	0.0000	0.0000	0.0000	0.0000	0.0000	0.0000	0.0000	0.0000	0.0000	0.0000	0.0000	0.0000	0.0000	0.0000	0.0000	0.0000	0.0000	0.0000	0.0000	0.0000	0.0000	0.0000	0.0000	0.0000	0.0000	0.0000	0.0000	0.0000	0.0000	0.0000	0.0000	0.0000	0.0000	0.0000	0.0000	0.0000	0.0000	0.0000											
33	45	0.1034	4	1	0	1	1	0	0	0	0	N	N	N	N	N	N	N	N	N	N	N	N	0.0000	0.0000	0.0000	0.0000	0.0000	0.0000	0.0000	0.0000	0.0000	0.0000	0.0000	0.0000	0.0000	0.0000	0.0000	0.0000	0.0000	32.7790	0.0014	51.1964	0.0401	0.0035	4.1001	39.0333	0.0000	52.9374	66319.6724	0.0000	0.4995	0.9991	3.0666	2.0219	3.9999	0.0000	0.0000	0.0000	0.0000	0.0000	0.0000	0.0000	0.0000	0.0000	1.9896	0.0000	1.9896	0.0004	0.0000	0.0004	1.9892	0.0000	1.9892	0.0609	0.0540	0.0069	0.0187	0.0178	0.0009	0.0421	0.0362	0.0060	0.0607	0.0218	0.0389	0.0097	0.0085	0.0013	0.0510	0.0134	0.0376	0.0000	0.0000	0.0000	0.0000	0.0000	0.0000	0.0000	0.0000	0.0000	32.7790	0.0014	51.1964	0.0401	0.0035	0.2802	39.0333	0.0000	52.9374		
33	46	0.0330	2	2	0	2	0	0	0	0	0	Y	N	Y	N	N	N	N	N	N	N	N	N	0.0000	0.0000	0.0000	0.0000	0.0000	0.0000	0.0000	0.0000	0.0000	0.0000	0.0000	0.0000	0.0000	0.0015	0.0051	0.0000	0.0148	0.0184	0.0000	0.0000	0.0000	0.0000	0.0000	0.0000	-0.0000	0.9991	0.0000	2.0219	2.0000	0.0000	0.0000	0.0000	0.0000	0.0000	0.0000	0.0000	0.0000	0.0000	0.0000	0.0000	0.0000	0.0000	0.0000	0.0000	0.0000	0.0000	0.0000	0.0000	0.0000	0.0000	0.0000	0.0000	0.0000	0.0000	0.0000	0.0000	0.0201	0.0059	0.0142	0.0020	0.0016	0.0004	0.0181	0.0043	0.0138	0.0000	0.0000	0.0000	0.0000	0.0000	0.0000	0.0000	0.0000	0.0000	0.0015	0.0051	0.0000	0.0148	0.0184	0.0000	0.0000	0.0000	0.0000						
33	47	0.1016	5	2	1	1	0	0	0	0	0	Y	N	N	N	N	N	N	N	N	N	N	N	0.0000	0.0000	0.0000	0.0000	0.0000	0.0000	0.0000	0.0000	0.0000	0.0000	0.0000	0.0000	0.0000	0.0000	0.0000	0.0000	0.0000	0.0004	0.0010	0.0000	0.0017	0.0020	0.0000	0.0000	0.0000	0.0000	0.0249	0.0000	-0.0000	0.9991	0.9991	2.0219	2.0273	0.0000	0.0000	0.0000	0.0000	0.0000	0.0000	0.0000	0.0000	0.0000	0.0000	0.0000	0.0000	0.0000	0.0000	0.0000	0.0000	0.0000	0.0000	0.0189	0.0167	0.0023	0.0056	0.0052	0.0004	0.0134	0.0115	0.0019	0.0244	0.0106	0.0139	0.0059	0.0052	0.0007	0.0186	0.0054	0.0132	0.0000	0.0000	0.0000	0.0000	0.0000	0.0000	0.0000	0.0000	0.0000	0.0004	0.0010	0.0000	0.0017	0.0020	0.0000	0.0000	0.0000	0.0000		
33	48	0.0640	4	2	1	1	0	0	0	0	0	Y	N	N	N	N	N	N	N	N	N	N	N	0.1566	0.0694	0.0000	0.0971	0.0907	0.0000	0.0000	0.0000	0.0000	0.0002	0.0003	0.0000	0.0007	0.0007	0.0000	0.0000	0.0000	0.0000	0.0015	0.0036	0.0003	0.0069	0.0077	0.0013	0.0002	0.0000	0.0003	0.0000	0.1445	-0.0000	-0.0001	0.9991	3.1828	2.0219	3.1571	0.0000	0.0000	0.0000	0.0000	0.0000	0.0000	0.0000	0.0000	0.0000	0.0001	0.0001	0.0000	0.0001	0.0001	0.0000	0.0000	0.0000	0.0000	0.0877	0.0796	0.0081	0.0298	0.0287	0.0011	0.0579	0.0509	0.0070	0.0624	0.0219	0.0404	0.0115	0.0103	0.0012	0.0508	0.0116	0.0392	0.1566	0.0694	0.0000	0.0971	0.0907	0.0000	0.0000	0.0000	0.0000	0.0015	0.0036	0.0003	0.0069	0.0077	0.0004	0.0002	0.0000	0.0003
33	49	0.0598	3	1	1	1	0	0	0	0	0	N	N	N	N	N	N	N	N	N	N	N	N	0.2455	0.0000	4.0172	0.0000	0.0000	0.0000	0.4885	0.0000	4.9894	0.0005	0.0000	0.0070	0.0000	0.0000	0.0000	0.0009	0.0000	0.0088	0.0019	0.0022	0.0017	0.0019	0.0020	0.0031	0.0019	0.1186	0.0018	inf	1.2485	0.0000	-0.0000	0.9991	0.8922	2.0219	1.0748	0.0000	0.0000	0.0000	0.0000	0.0000	0.0000	0.0000	0.0000	0.0000	0.0001	0.0000	0.0000	0.0000	0.0000	0.0000	0.0000	0.0000	0.0000	0.0427	0.0399	0.0029	0.0212	0.0207	0.0006	0.0215	0.0192	0.0023	0.0304	0.0119	0.0184	0.0084	0.0080	0.0004	0.0220	0.0039	0.0180	0.2455	0.0000	4.0172	0.0000	0.0000	0.0000	0.4885	0.0000	4.9894	0.0019	0.0022	0.0017	0.0019	0.0020	0.0007	0.0019	0.0025	0.0018
33	50	0.0330	2	1	1	1	0	0	0	0	0	N	N	N	N	N	N	N	N	N	N	N	N	0.0000	0.0000	0.0000	0.0000	0.0000	0.0000	0.0000	0.0000	0.0000	0.0000	0.0000	0.0000	0.0000	0.0000	0.0000	0.0000	0.0000	0.0000	0.0000	0.0000	0.9991	0.0000	2.0219	0.0000	0.0000	0.0000	0.0000	0.0000	0.0000	0.0000	0.0000	0.0000	0.0000	0.0000	0.0000	0.0000	0.0000	0.0000	0.0000	0.0000	0.0000	0.0000	0.0000	0.0000	0.0000	0.0000	0.0000	0.0000	0.0000	0.0000	0.0000	0.0000	0.0000	0.0000	0.0000	0.0000	0.0000	0.0000	0.0000	0.0000	0.0000	0.0000	0.0000	0.0000	0.0000	0.0000	0.0000	0.0000	0.0000	0.0000	0.0000	0.0000	0.0000	0.0000	0.0000	0.0000	0.0000	0.0000											
33	51	0.0330	2	2	1	1	0	0	0	0	0	Y	N	N	N	N	N	N	N	N	N	N	N	0.0000	0.0000	0.0000	0.0000	0.0000	0.0000	0.0000	0.0000	0.0000	0.0000	0.0000	0.0000	0.0000	0.0000	0.0000	0.0000	25.6377	0.0009	36.4624	0.0026	0.0032	0.0000	28.5177	0.0000	37.5219	99158.0000	0.0000	0.2489	0.9991	1.0000	2.0219	3.0000	0.0000	0.0000	0.0000	0.0000	0.0000	0.0000	0.0000	0.0000	0.0000	0.9916	0.0000	0.9916	0.0000	0.0000	0.0000	0.9916	0.0000	0.9916	0.0177	0.0150	0.0026	0.0000	0.0000	0.0000	0.0176	0.0150	0.0026	0.0387	0.0115	0.0272	0.0039	0.0031	0.0008	0.0348	0.0083	0.0264	0.0000	0.0000	0.0000	0.0000	0.0000	0.0000	0.0000	0.0000	0.0000	25.6377	0.0009	36.4624	0.0026	0.0032	0.0000	28.5177	0.0000	37.5219			
33	52	0.1600	5	1	0	1	0	0	0	0	0	N	N	N	N	N	N	N	N	N	N	N	N	0.0000	0.0000	0.0000	0.0000	0.0000	0.0000	0.0000	0.0000	0.0000	0.0000	0.0000	0.0000	0.0000	0.0000	0.0000	0.0000	0.0000	0.0000	0.0297	0.0103	0.0450	0.1136	0.0213	8.5787	0.0008	0.0003	0.0011	5.5356	0.0000	0.0001	0.9991	3.0179	2.0219	1.1627	0.0000	0.0000	0.0000	0.0000	0.0000	0.0000	0.0000	0.0000	0.0000	0.0015	0.0002	0.0013	0.0015	0.0002	0.0012	0.0000	0.0000	0.0000	0.0620	0.0550	0.0070	0.0196	0.0187	0.0010	0.0424	0.0363	0.0061	0.0509	0.0225	0.0284	0.0130	0.0109	0.0022	0.0379	0.0116	0.0262	0.0000	0.0000	0.0000	0.0000	0.0000	0.0000	0.0000	0.0000	0.0000	0.0297	0.0103	0.0450	0.1136	0.0213	0.5735	0.0008	0.0000	0.0011	
33	53	0.0330	2	2	1	2	0	0	0	0	0	Y	N	Y	N	N	N	N	N	N	N	N	N	0.0000	0.0000	0.0000	0.0000	0.0000	0.0000	0.0000	0.0000	0.0000	0.0000	0.0000	0.0000	0.0000	0.0000	0.0000	0.0000	0.0000	0.0000	0.0000	0.0000	0.9991	4.0000	2.0219	1.0000	0.0000	0.0000	0.0000	0.0000	0.0000	0.0000	0.0000	0.0000	0.0000	0.0000	0.0000	0.0000	0.0000	0.0000	0.0000	0.0000	0.0000	0.0000	0.0678	0.0579	0.0099	0.0001	0.0001	0.0000	0.0677	0.0578	0.0099	0.0475	0.0141	0.0333	0.0048	0.0038	0.0010	0.0427	0.0103	0.0324	0.0000	0.0000	0.0000	0.0000	0.0000	0.0000	0.0000	0.0000	0.0000	0.0000	0.0000	0.0000	0.0000	0.0000	0.0000	0.0000	0.0000	0.0000											
33	54	0.1600	5	1	1	1	0	0	0	0	0	N	N	N	N	N	N	N	N	N	N	N	N	0.0000	0.0000	0.0000	0.0000	0.0000	0.0000	0.0000	0.0000	0.0000	0.0000	0.0000	0.0000	0.0000	0.0000	0.0000	0.0000	0.0000	0.0000	0.3191	0.8384	0.0000	1.6068	1.9967	0.0000	0.0004	0.0623	0.0000	0.0000	0.0000	-0.0204	0.9991	2.0683	2.0219	6.9961	0.0000	0.0000	0.0000	0.0000	0.0000	0.0000	0.0000	0.0000	0.0000	0.0273	0.0273	0.0000	0.0273	0.0273	0.0000	0.0000	0.0000	0.0000	0.0441	0.0391	0.0050	0.0147	0.0139	0.0008	0.0294	0.0252	0.0042	0.0855	0.0325	0.0530	0.0170	0.0136	0.0033	0.0685	0.0189	0.0497	0.0000	0.0000	0.0000	0.0000	0.0000	0.0000	0.0000	0.0000	0.0000	0.3191	0.8384	0.0000	1.6068	1.9967	0.0000	0.0004	0.0015	0.0000	
33	55	0.1034	4	1	0	1	0	0	0	0	0	N	N	N	N	N	N	N	N	N	N	N	N	0.0000	0.0000	0.0000	0.0000	0.0000	0.0000	0.0000	0.0000	0.0000	0.0000	0.0000	0.0000	0.0000	0.0000	0.0000	0.0000	0.0000	0.0633	0.1697	0.0035	0.3809	0.4396	0.0000	0.0035	0.1445	0.0036	0.0369	0.0000	-0.0034	0.9991	3.9265	2.0219	5.0808	0.0000	0.0000	0.0000	0.0000	0.0000	0.0000	0.0000	0.0000	0.0000	0.0047	0.0046	0.0002	0.0045	0.0045	0.0000	0.0002	0.0000	0.0002	0.0755	0.0669	0.0086	0.0221	0.0210	0.0011	0.0534	0.0459	0.0075	0.0748	0.0269	0.0479	0.0119	0.0103	0.0016	0.0630	0.0166	0.0463	0.0000	0.0000	0.0000	0.0000	0.0000	0.0000	0.0000	0.0000	0.0000	0.0633	0.1697	0.0035	0.3809	0.4396	0.0000	0.0035	0.0030	0.0036		
33	56	0.0330	2	2	0	2	0	0	0	0	0	Y	N	Y	N	N	N	N	N	N	N	N	N	0.0000	0.0000	0.0000	0.0000	0.0000	0.0000	0.0000	0.0000	0.0000	0.0000	0.0000	0.0000	0.0000	0.0007	0.0025	0.0000	0.0073	0.0093	0.0000	0.0000	0.0000	0.0000	0.0000	0.0000	-0.0001	0.9991	4.0000	2.0219	7.0000	0.0000	0.0000	0.0000	0.0000	0.0000	0.0000	0.0000	0.0000	0.0000	0.0001	0.0001	0.0000	0.0001	0.0001	0.0000	0.0000	0.0000	0.0000	0.0678	0.0579	0.0099	0.0001	0.0001	0.0000	0.0677	0.0578	0.0099	0.0936	0.0284	0.0652	0.0095	0.0075	0.0020	0.0840	0.0209	0.0632	0.0000	0.0000	0.0000	0.0000	0.0000	0.0000	0.0000	0.0000	0.0000	0.0007	0.0025	0.0000	0.0073	0.0093	0.0000	0.0000	0.0000	0.0000						
33	57	0.2385	9	1	1	1	0	0	0	0	0	N	N	N	N	N	N	N	N	N	N	N	N	0.0000	0.0000	0.0000	0.0000	0.0000	0.0000	0.0000	0.0000	0.0000	0.0000	0.0000	0.0000	0.0000	0.0000	0.0000	0.0000	0.0000	0.0000	0.0055	0.0118	0.0000	0.0197	0.0227	0.0000	0.0000	0.0000	0.0000	0.0001	-0.0000	-0.0005	0.9991	9.7645	2.0219	7.4558	0.0000	0.0000	0.0000	0.0000	0.0000	0.0000	0.0000	0.0000	0.0000	0.0006	0.0006	0.0000	0.0006	0.0006	0.0000	0.0000	0.0000	0.0000	0.2012	0.1814	0.0197	0.0858	0.0815	0.0043	0.1154	0.1000	0.0154	0.1113	0.0517	0.0596	0.0308	0.0268	0.0041	0.0804	0.0249	0.0555	0.0000	0.0000	0.0000	0.0000	0.0000	0.0000	0.0000	0.0000	0.0000	0.0055	0.0118	0.0000	0.0197	0.0227	0.0000	0.0000	0.0000	0.0000	
33	58	0.2941	10	1	0	2	0	0	0	0	0	N	N	Y	N	N	N	N	N	N	N	N	N	0.0000	0.0000	0.0000	0.0000	0.0000	0.0000	0.0000	0.0000	0.0000	0.0000	0.0000	0.0000	0.0000	0.0000	0.0000	0.0000	0.0000	0.0000	0.0000	-0.0000	0.9991	1.0009	2.0219	0.0163	0.0000	0.0000	0.0000	0.0000	0.0000	0.0000	0.0000	0.0000	0.0000	0.0000	0.0000	0.0000	0.0000	0.0000	0.0000	0.0000	0.0000	0.0000	0.0263	0.0238	0.0025	0.0159	0.0149	0.0010	0.0104	0.0089	0.0015	0.0057	0.0028	0.0029	0.0017	0.0014	0.0003	0.0040	0.0014	0.0026	0.0000	0.0000	0.0000	0.0000	0.0000	0.0000	0.0000	0.0000	0.0000	0.0000	0.0000	0.0000	0.0000	0.0000	0.0000	0.0000	0.0000	0.0000											
33	59	0.2787	9	1	0	1	0	0	0	0	0	N	N	N	N	N	N	N	N	N	N	N	N	0.0000	0.0000	0.0000	0.0000	0.0000	0.0000	0.0000	0.0000	0.0000	0.0000	0.0000	0.0000	0.0000	0.0000	0.0000	0.0000	0.0000	0.0000	0.0000	0.0000	0.0000	0.0000	0.4545	0.0000	-0.0000	0.9991	1.9961	2.0219	0.0521	0.0000	0.0000	0.0000	0.0000	0.0000	0.0000	0.0000	0.0000	0.0000	0.0000	0.0000	0.0000	0.0000	0.0000	0.0000	0.0000	0.0000	0.0000	0.0497	0.0448	0.0049	0.0277	0.0259	0.0017	0.0220	0.0189	0.0031	0.0116	0.0054	0.0062	0.0033	0.0028	0.0005	0.0083	0.0027	0.0056	0.0000	0.0000	0.0000	0.0000	0.0000	0.0000	0.0000	0.0000	0.0000	0.0000	0.0000	0.0000	0.0000	0.0000	0.0000	0.0000	0.0000	0.0000						
33	60	0.2710	8	1	0	1	0	0	0	0	0	N	N	N	N	N	N	N	N	N	N	N	N	0.0000	0.0000	0.0000	0.0000	0.0000	0.0000	0.0000	0.0000	0.0000	0.0000	0.0000	0.0000	0.0000	0.0000	0.0000	0.0000	0.0000	0.0000	0.0000	0.0000	0.0000	0.0000	0.0000	0.0000	0.0000	0.2125	0.0000	-0.0000	0.9991	0.0081	2.0219	1.0507	0.0000	0.0000	0.0000	0.0000	0.0000	0.0000	0.0000	0.0000	0.0000	0.0000	0.0000	0.0000	0.0000	0.0000	0.0000	0.0000	0.0000	0.0000	0.0003	0.0003	0.0000	0.0002	0.0002	0.0000	0.0001	0.0001	0.0000	0.0062	0.0029	0.0033	0.0018	0.0015	0.0003	0.0044	0.0014	0.0030	0.0000	0.0000	0.0000	0.0000	0.0000	0.0000	0.0000	0.0000	0.0000	0.0000	0.0000	0.0000	0.0000	0.0000	0.0000	0.0000	0.0000	0.0000			
33	61	0.2222	7	1	0	1	0	0	0	0	0	N	N	N	N	N	N	N	N	N	N	N	N	0.0000	0.0000	0.0000	0.0000	0.0000	0.0000	0.0000	0.0000	0.0000	0.0000	0.0000	0.0000	0.0000	0.0000	0.0000	0.0000	0.0000	0.0000	0.0007	0.0016	0.0000	0.0025	0.0028	0.0000	0.0000	0.0000	0.0000	0.0008	0.0000	-0.0000	0.9991	3.0167	2.0219	3.2580	0.0000	0.0000	0.0000	0.0000	0.0000	0.0000	0.0000	0.0000	0.0000	0.0000	0.0000	0.0000	0.0000	0.0000	0.0000	0.0000	0.0000	0.0000	0.0713	0.0644	0.0069	0.0331	0.0316	0.0016	0.0382	0.0328	0.0053	0.0570	0.0261	0.0309	0.0170	0.0155	0.0015	0.0401	0.0106	0.0294	0.0000	0.0000	0.0000	0.0000	0.0000	0.0000	0.0000	0.0000	0.0000	0.0007	0.0016	0.0000	0.0025	0.0028	0.0000	0.0000	0.0000	0.0000	
33	62	0.1474	6	1	1	1	0	0	0	0	0	N	N	N	N	N	N	N	N	N	N	N	N	0.0013	0.0000	880.4802	0.0001	0.0000	17.3099	1233.0249	0.0000	7677.0850	0.0005	0.0000	0.0049	0.0002	0.0000	0.0028	0.0009	0.0000	0.0060	0.3594	0.8993	0.0000	1.5220	1.6926	0.0002	0.0000	0.0000	0.0000	inf	0.0000	0.0000	-0.0168	0.9991	3.3327	2.0219	4.3103	0.0000	0.0000	0.0000	0.0000	0.0000	0.0000	0.0000	0.0000	0.0000	0.0224	0.0224	0.0000	0.0224	0.0224	0.0000	0.0000	0.0000	0.0000	0.1068	0.0966	0.0102	0.0622	0.0586	0.0036	0.0446	0.0379	0.0066	0.0623	0.0249	0.0374	0.0147	0.0132	0.0015	0.0476	0.0117	0.0359	0.0013	0.0000	880.4802	0.0001	0.0000	23.1172	1233.0249	0.0000	7677.0850	0.3594	0.8993	0.0000	1.5220	1.6926	0.0001	0.0000	0.0000	0.0000
33	63	0.1234	5	1	0	1	0	0	0	0	0	N	N	N	N	N	N	N	N	N	N	N	N	0.0017	0.1194	0.0051	0.3125	0.2889	0.0000	0.0014	0.0000	0.0071	0.0008	0.0005	0.0040	0.0008	0.0008	0.0000	0.0008	0.0000	0.0059	0.4854	0.0041	0.7986	0.0025	0.0029	0.0000	0.6160	0.2145	0.8344	0.8000	297.6303	0.0000	0.0055	0.9991	3.2669	2.0219	2.4507	0.0001	0.0000	0.0000	0.0000	0.0000	0.0000	0.0000	0.0000	0.0000	0.0224	0.0001	0.0223	0.0000	0.0000	0.0000	0.0224	0.0001	0.0223	0.1113	0.1015	0.0099	0.0635	0.0603	0.0031	0.0478	0.0411	0.0067	0.0461	0.0182	0.0279	0.0098	0.0086	0.0012	0.0363	0.0096	0.0267	0.0017	0.1194	0.0051	0.3125	0.2889	0.0000	0.0014	0.0000	0.0071	0.4854	0.0041	0.7986	0.0025	0.0029	0.0000	0.6160	0.0053	0.8344
33	64	0.0668	5	2	0	2	0	0	0	0	0	Y	N	Y	N	N	N	N	N	N	N	N	N	0.0000	0.0000	0.0000	0.0000	0.0000	0.0000	0.0000	0.0000	0.0000	0.0000	0.0000	0.0000	0.0000	0.0000	0.0000	0.0000	0.0000	0.0000	0.0000	0.0000	0.9991	0.0000	2.0219	1.0000	0.0000	0.0000	0.0000	0.0000	0.0000	0.0000	0.0000	0.0000	0.0000	0.0000	0.0000	0.0000	0.0000	0.0000	0.0000	0.0000	0.0000	0.0000	0.0000	0.0000	0.0000	0.0000	0.0000	0.0000	0.0000	0.0000	0.0000	0.0099	0.0029	0.0071	0.0010	0.0008	0.0002	0.0089	0.0020	0.0069	0.0000	0.0000	0.0000	0.0000	0.0000	0.0000	0.0000	0.0000	0.0000	0.0000	0.0000	0.0000	0.0000	0.0000	0.0000	0.0000	0.0000	0.0000											
33	65	0.0668	4	2	0	2	0	0	0	0	0	Y	N	Y	N	N	N	N	N	N	N	N	N	0.0000	0.0000	0.0000	0.0000	0.0000	0.0000	0.0000	0.0000	0.0000	0.0000	0.0000	0.0000	0.0000	0.0003	0.0000	0.0005	0.0000	0.0000	0.0000	0.0005	0.0000	0.0005	inf	0.0000	0.0000	0.9991	0.0000	2.0219	0.0001	0.0000	0.0000	0.0000	0.0000	0.0000	0.0000	0.0000	0.0000	0.0000	0.0000	0.0000	0.0000	0.0000	0.0000	0.0000	0.0000	0.0000	0.0000	0.0000	0.0000	0.0000	0.0000	0.0000	0.0000	0.0000	0.0000	0.0000	0.0000	0.0000	0.0000	0.0000	0.0000	0.0000	0.0000	0.0000	0.0000	0.0000	0.0000	0.0000	0.0000	0.0000	0.0000	0.0000	0.0000	0.0000	0.0003	0.0000	0.0005	0.0000	0.0000	0.0000	0.0005	0.0000	0.0005						
33	66	0.0545	3	2	0	2	0	0	0	0	0	Y	N	Y	N	N	N	N	N	N	N	N	N	0.0000	0.0000	0.0000	0.0000	0.0000	0.0000	0.0000	0.0000	0.0000	0.0000	0.0000	0.0000	0.0000	0.0000	0.0000	0.0000	0.0000	0.0001	0.0000	0.0001	0.0000	0.0000	0.0000	0.0001	0.0000	0.0001	745.8970	0.0000	0.0000	0.9991	1.9720	2.0219	0.0923	0.0000	0.0000	0.0000	0.0000	0.0000	0.0000	0.0000	0.0000	0.0000	0.0000	0.0000	0.0000	0.0000	0.0000	0.0000	0.0000	0.0000	0.0000	0.0365	0.0315	0.0050	0.0049	0.0047	0.0003	0.0315	0.0268	0.0047	0.0256	0.0087	0.0169	0.0049	0.0045	0.0004	0.0207	0.0042	0.0165	0.0000	0.0000	0.0000	0.0000	0.0000	0.0000	0.0000	0.0000	0.0000	0.0001	0.0000	0.0001	0.0000	0.0000	0.0000	0.0001	0.0000	0.0001		
33	67	0.0330	2	2	0	2	0	0	0	0	0	Y	N	Y	N	N	N	N	N	N	N	N	N	0.0000	0.0000	0.0000	0.0000	0.0000	0.0000	0.0000	0.0000	0.0000	0.0000	0.0000	0.0000	0.0000	0.0001	0.0002	0.0000	0.0005	0.0006	0.0000	0.0000	0.0000	0.0000	0.0000	0.0000	-0.0000	0.9991	3.0650	2.0219	1.0636	0.0000	0.0000	0.0000	0.0000	0.0000	0.0000	0.0000	0.0000	0.0000	0.0000	0.0000	0.0000	0.0000	0.0000	0.0000	0.0000	0.0000	0.0000	0.0526	0.0449	0.0077	0.0001	0.0001	0.0000	0.0525	0.0448	0.0077	0.0398	0.0118	0.0280	0.0040	0.0032	0.0008	0.0358	0.0086	0.0272	0.0000	0.0000	0.0000	0.0000	0.0000	0.0000	0.0000	0.0000	0.0000	0.0001	0.0002	0.0000	0.0005	0.0006	0.0000	0.0000	0.0000	0.0000						
33	68	0.1809	6	1	1	1	1	0	0	0	0	N	N	N	N	N	N	N	N	N	N	N	N	0.0000	0.0000	0.0000	0.0000	0.0000	0.0000	0.0000	0.0000	0.0000	0.0000	0.0000	0.0000	0.0000	0.0000	0.0000	0.0000	0.0000	0.0000	0.3969	0.9576	0.0000	1.8334	2.0735	0.0002	0.0000	0.0011	0.0000	0.0001	0.0000	-0.0183	0.9991	2.7513	2.0219	4.0954	0.0000	0.0000	0.0000	0.0000	0.0000	0.0000	0.0000	0.0000	0.0000	0.0245	0.0245	0.0000	0.0245	0.0245	0.0000	0.0000	0.0000	0.0000	0.0693	0.0627	0.0066	0.0349	0.0332	0.0018	0.0344	0.0295	0.0048	0.0616	0.0255	0.0361	0.0133	0.0118	0.0015	0.0483	0.0137	0.0345	0.0000	0.0000	0.0000	0.0000	0.0000	0.0000	0.0000	0.0000	0.0000	0.3969	0.9576	0.0000	1.8334	2.0735	0.0001	0.0000	0.0000	0.0000	
33	69	0.1034	4	1	1	1	0	0	0	0	0	N	N	N	N	N	N	N	N	N	N	N	N	0.0000	0.0000	0.0000	0.0000	0.0000	0.0000	0.0000	0.0000	0.0000	0.0000	0.0000	0.0000	0.0000	0.0000	0.0000	0.0000	0.0000	7.4852	0.0006	11.7046	0.0196	0.0018	1.6256	8.7943	0.0000	12.0968	33267.0057	0.0000	0.2505	0.9991	9.9334	2.0219	8.9999	0.0000	0.0000	0.0000	0.0000	0.0000	0.0000	0.0000	0.0000	0.0000	0.9980	0.0000	0.9980	0.0004	0.0000	0.0004	0.9977	0.0000	0.9977	0.1681	0.1486	0.0195	0.0421	0.0397	0.0024	0.1260	0.1089	0.0171	0.1333	0.0481	0.0853	0.0199	0.0171	0.0028	0.1134	0.0310	0.0825	0.0000	0.0000	0.0000	0.0000	0.0000	0.0000	0.0000	0.0000	0.0000	7.4852	0.0006	11.7046	0.0196	0.0018	0.1288	8.7943	0.0000	12.0968		
33	70	0.1034	4	1	1	1	0	0	0	0	0	N	N	N	N	N	N	N	N	N	N	N	N	0.0000	0.0000	0.0000	0.0000	0.0000	0.0000	0.0000	0.0000	0.0000	0.0000	0.0000	0.0000	0.0000	0.0000	0.0000	0.0000	26.9372	0.0090	42.0662	0.0199	0.0229	0.0000	32.1941	0.0000	43.5064	8274.9585	0.0000	0.2489	0.9991	0.0666	2.0219	4.0001	0.0000	0.0000	0.0000	0.0000	0.0000	0.0000	0.0000	0.0000	0.0000	0.9917	0.0001	0.9916	0.0001	0.0001	0.0000	0.9916	0.0000	0.9916	0.0066	0.0064	0.0002	0.0056	0.0056	0.0001	0.0009	0.0008	0.0001	0.0368	0.0132	0.0236	0.0060	0.0052	0.0008	0.0308	0.0080	0.0228	0.0000	0.0000	0.0000	0.0000	0.0000	0.0000	0.0000	0.0000	0.0000	26.9372	0.0090	42.0662	0.0199	0.0229	0.0000	32.1941	0.0000	43.5064			
33	71	0.0330	2	1	1	1	0	0	0	0	0	N	N	N	N	N	N	N	N	N	N	N	N	0.0000	0.0000	0.0000	0.0000	0.0000	0.0000	0.0000	0.0000	0.0000	0.0000	0.0000	0.0000	0.0000	0.0006	0.0021	0.0000	0.0063	0.0078	0.0000	0.0000	0.0000	0.0000	0.0000	0.0000	-0.0000	0.9991	2.0000	2.0219	3.0000	0.0000	0.0000	0.0000	0.0000	0.0000	0.0000	0.0000	0.0000	0.0000	0.0000	0.0000	0.0000	0.0000	0.0000	0.0000	0.0000	0.0000	0.0000	0.0348	0.0297	0.0052	0.0001	0.0001	0.0000	0.0348	0.0296	0.0052	0.0475	0.0141	0.0333	0.0048	0.0038	0.0010	0.0427	0.0103	0.0324	0.0000	0.0000	0.0000	0.0000	0.0000	0.0000	0.0000	0.0000	0.0000	0.0006	0.0021	0.0000	0.0063	0.0078	0.0000	0.0000	0.0000	0.0000						
33	74	0.1234	5	1	1	1	0	0	0	0	0	N	N	N	N	N	N	N	N	N	N	N	N	1.1659	0.0000	24722.9746	0.0000	0.0000	7307.1050	38087.1420	0.0005	0.0000	0.0057	0.0000	0.0000	0.0000	0.0013	0.0000	0.0091	0.0004	0.0010	0.0000	0.0019	0.0022	0.0000	0.0000	0.0000	0.0000	inf	0.0004	0.0000	-0.0000	0.9991	1.8678	2.0219	4.6278	0.0000	0.0000	0.0000	0.0000	0.0000	0.0000	0.0000	0.0000	0.0000	0.0000	0.0000	0.0000	0.0000	0.0000	0.0000	0.0000	0.0000	0.0000	0.0877	0.0806	0.0071	0.0566	0.0539	0.0027	0.0310	0.0267	0.0044	0.0508	0.0198	0.0310	0.0105	0.0091	0.0013	0.0403	0.0106	0.0297	1.1659	0.0000	24722.9746	0.0000	0.0000	0.0000	7307.1050	0.0000	38087.1420	0.0004	0.0010	0.0000	0.0019	0.0022	0.0000	0.0000	0.0000	0.0000		
33	75	0.1034	4	1	0	1	0	0	0	0	0	N	N	N	N	N	N	N	N	N	N	N	N	97.6055	0.0000	148860.2116	0.0000	0.0000	31298.7826	165161.8116	11.2989	0.0000	98.1403	0.0000	0.0000	0.0000	15.7686	0.0000	112.6138	0.1158	0.3206	0.0007	0.7114	0.8183	0.0000	0.0005	0.0000	0.0007	inf	0.0037	0.8014	-0.0041	0.9991	4.7010	2.0219	0.6064	0.9991	0.0000	0.9991	0.0000	0.0000	0.0000	0.9991	0.0000	0.9991	0.0054	0.0054	0.0000	0.0054	0.0054	0.0000	0.0000	0.0000	0.0000	0.0884	0.0782	0.0102	0.0251	0.0238	0.0013	0.0634	0.0545	0.0089	0.0470	0.0169	0.0301	0.0076	0.0066	0.0010	0.0394	0.0103	0.0291	97.6055	0.0000	148860.2116	0.0000	0.0000	0.0000	31298.7826	0.0000	165161.8116	0.1158	0.3206	0.0007	0.7114	0.8183	0.0000	0.0005	0.0000	0.0007		
33	78	0.2270	8	2	1	1	1	0	0	0	0	Y	N	N	N	N	N	N	N	N	N	N	N	0.0000	0.0000	0.0000	0.0000	0.0000	0.0000	0.0000	0.0000	0.0000	0.0000	0.0000	0.0000	0.0000	0.0000	0.0000	0.0000	0.0000	0.0004	0.0011	0.0000	0.0035	0.0036	0.0012	0.0000	0.0000	0.0000	0.0282	0.0000	-0.0000	0.9991	1.0000	2.0219	2.0144	0.0000	0.0000	0.0000	0.0000	0.0000	0.0000	0.0000	0.0000	0.0000	0.0000	0.0000	0.0000	0.0000	0.0000	0.0000	0.0000	0.0000	0.0000	0.0209	0.0186	0.0022	0.0081	0.0077	0.0004	0.0128	0.0109	0.0018	0.0257	0.0087	0.0170	0.0029	0.0028	0.0001	0.0229	0.0060	0.0169	0.0000	0.0000	0.0000	0.0000	0.0000	0.0000	0.0000	0.0000	0.0000	0.0004	0.0011	0.0000	0.0035	0.0036	0.0004	0.0000	0.0000	0.0000		
33	79	0.2048	7	2	1	1	1	0	0	0	0	Y	N	N	N	N	N	N	N	N	N	N	N	0.0000	0.0000	0.0000	0.0000	0.0000	0.0000	0.0000	0.0000	0.0000	0.0000	0.0000	0.0000	0.0000	0.0000	0.0000	0.0000	0.0004	0.0000	0.0006	0.0001	0.0001	0.0000	0.0004	0.0000	0.0006	35.4136	0.0000	0.0000	0.9991	0.0001	2.0219	3.0180	0.0000	0.0000	0.0000	0.0000	0.0000	0.0000	0.0000	0.0000	0.0000	0.0000	0.0000	0.0000	0.0000	0.0000	0.0000	0.0000	0.0000	0.0000	0.0000	0.0000	0.0000	0.0000	0.0000	0.0000	0.0000	0.0000	0.0000	0.0256	0.0086	0.0170	0.0027	0.0026	0.0001	0.0229	0.0060	0.0169	0.0000	0.0000	0.0000	0.0000	0.0000	0.0000	0.0000	0.0000	0.0000	0.0004	0.0000	0.0006	0.0001	0.0001	0.0000	0.0004	0.0000	0.0006			
33	80	0.2268	9	1	1	1	1	0	0	0	0	N	N	N	N	N	N	N	N	N	N	N	N	0.0000	0.0000	0.0000	0.0000	0.0000	0.0000	0.0000	0.0000	0.0000	0.0000	0.0000	0.0000	0.0000	0.0000	0.0000	0.0000	0.0000	0.0000	0.0000	0.0000	0.9991	0.0000	2.0219	0.0000	0.0000	0.0000	0.0000	0.0000	0.0000	0.0000	0.0000	0.0000	0.0000	0.0000	0.0000	0.0000	0.0000	0.0000	0.0000	0.0000	0.0000	0.0000	0.0000	0.0000	0.0000	0.0000	0.0000	0.0000	0.0000	0.0000	0.0000	0.0000	0.0000	0.0000	0.0000	0.0000	0.0000	0.0000	0.0000	0.0000	0.0000	0.0000	0.0000	0.0000	0.0000	0.0000	0.0000	0.0000	0.0000	0.0000	0.0000	0.0000	0.0000	0.0000	0.0000	0.0000	0.0000	0.0000											
33	81	0.2048	7	1	0	2	1	0	0	0	0	N	N	Y	N	N	N	N	N	N	N	N	N	0.0000	0.0000	0.0000	0.0000	0.0000	0.0000	0.0000	0.0000	0.0000	0.0000	0.0000	0.0000	0.0000	0.0000	0.0000	0.0000	0.0000	0.0000	0.0000	0.0000	0.9991	2.0000	2.0219	0.0000	0.0000	0.0000	0.0000	0.0000	0.0000	0.0000	0.0000	0.0000	0.0000	0.0000	0.0000	0.0000	0.0000	0.0000	0.0000	0.0000	0.0000	0.0000	0.0410	0.0366	0.0044	0.0157	0.0149	0.0008	0.0252	0.0217	0.0036	0.0173	0.0058	0.0115	0.0018	0.0018	0.0000	0.0155	0.0040	0.0114	0.0000	0.0000	0.0000	0.0000	0.0000	0.0000	0.0000	0.0000	0.0000	0.0000	0.0000	0.0000	0.0000	0.0000	0.0000	0.0000	0.0000	0.0000											
33	82	0.2048	7	1	0	2	1	0	0	0	0	N	N	Y	N	N	N	N	N	N	N	N	N	0.0000	0.0000	0.0000	0.0000	0.0000	0.0000	0.0000	0.0000	0.0000	0.0000	0.0000	0.0000	0.0000	0.0000	0.0000	0.0000	0.0000	0.0000	0.0000	0.0000	0.9991	0.0000	2.0219	4.0000	0.0000	0.0000	0.0000	0.0000	0.0000	0.0000	0.0000	0.0000	0.0000	0.0000	0.0000	0.0000	0.0000	0.0000	0.0000	0.0000	0.0000	0.0000	0.0000	0.0000	0.0000	0.0000	0.0000	0.0000	0.0000	0.0000	0.0000	0.0334	0.0113	0.0222	0.0035	0.0034	0.0001	0.0299	0.0078	0.0221	0.0000	0.0000	0.0000	0.0000	0.0000	0.0000	0.0000	0.0000	0.0000	0.0000	0.0000	0.0000	0.0000	0.0000	0.0000	0.0000	0.0000	0.0000											
33	83	0.2268	9	1	0	2	1	0	0	0	0	N	N	Y	N	N	N	N	N	N	N	N	N	0.0000	0.0000	0.0000	0.0000	0.0000	0.0000	0.0000	0.0000	0.0000	0.0000	0.0000	0.0000	0.0000	0.1844	0.5611	0.0000	1.8785	1.9658	0.0000	0.0000	0.0000	0.0000	0.0000	0.0000	-0.0024	0.9991	0.0000	2.0219	2.0000	0.0000	0.0000	0.0000	0.0000	0.0000	0.0000	0.0000	0.0000	0.0000	0.0032	0.0032	0.0000	0.0032	0.0032	0.0000	0.0000	0.0000	0.0000	0.0000	0.0000	0.0000	0.0000	0.0000	0.0000	0.0000	0.0000	0.0000	0.0171	0.0056	0.0115	0.0017	0.0016	0.0001	0.0155	0.0040	0.0114	0.0000	0.0000	0.0000	0.0000	0.0000	0.0000	0.0000	0.0000	0.0000	0.1844	0.5611	0.0000	1.8785	1.9658	0.0000	0.0000	0.0000	0.0000						
33	84	0.2195	8	1	0	1	1	0	0	0	0	N	N	N	N	N	N	N	N	N	N	N	N	0.0000	0.0000	0.0000	0.0000	0.0000	0.0000	0.0000	0.0000	0.0000	0.0000	0.0000	0.0000	0.0000	0.0000	0.0000	0.0000	0.0000	0.0000	0.0000	0.0000	0.0000	0.0000	inf	0.0000	0.0000	0.9991	1.0000	2.0219	0.0015	0.0000	0.0000	0.0000	0.0000	0.0000	0.0000	0.0000	0.0000	0.0000	0.0000	0.0000	0.0000	0.0000	0.0000	0.0000	0.0000	0.0000	0.0000	0.0209	0.0186	0.0022	0.0081	0.0077	0.0004	0.0128	0.0109	0.0018	0.0089	0.0030	0.0059	0.0010	0.0009	0.0001	0.0079	0.0020	0.0059	0.0000	0.0000	0.0000	0.0000	0.0000	0.0000	0.0000	0.0000	0.0000	0.0000	0.0000	0.0000	0.0000	0.0000	0.0000	0.0000	0.0000	0.0000						
33	85	0.2048	7	1	0	1	1	0	0	0	0	N	N	N	N	N	N	N	N	N	N	N	N	0.0000	0.0000	0.0000	0.0000	0.0000	0.0000	0.0000	0.0000	0.0000	0.0000	0.0000	0.0000	0.0000	0.0000	0.0000	0.0000	0.0000	0.0000	0.0000	0.0000	0.0000	0.0000	0.0000	0.0000	-0.0000	0.9991	0.0000	2.0219	2.0013	0.0000	0.0000	0.0000	0.0000	0.0000	0.0000	0.0000	0.0000	0.0000	0.0000	0.0000	0.0000	0.0000	0.0000	0.0000	0.0000	0.0000	0.0000	0.0000	0.0000	0.0000	0.0000	0.0000	0.0000	0.0000	0.0000	0.0000	0.0173	0.0058	0.0115	0.0018	0.0018	0.0000	0.0155	0.0040	0.0114	0.0000	0.0000	0.0000	0.0000	0.0000	0.0000	0.0000	0.0000	0.0000	0.0000	0.0000	0.0000	0.0000	0.0000	0.0000	0.0000	0.0000	0.0000						
33	86	0.2447	7	2	1	1	0	0	0	0	0	Y	N	N	N	N	N	N	N	N	N	N	N	0.0000	0.0000	0.0000	0.0000	0.0000	0.0000	0.0000	0.0000	0.0000	0.0000	0.0000	0.0000	0.0000	0.0000	0.0000	0.0000	0.0000	0.0007	0.0012	0.0002	0.0018	0.0018	0.0040	0.0002	0.0000	0.0002	0.2073	0.0000	-0.0000	0.9991	0.0007	2.0219	0.9812	0.0000	0.0000	0.0000	0.0000	0.0000	0.0000	0.0000	0.0000	0.0000	0.0000	0.0000	0.0000	0.0000	0.0000	0.0000	0.0000	0.0000	0.0000	0.0000	0.0000	0.0000	0.0000	0.0000	0.0000	0.0000	0.0000	0.0000	0.0174	0.0084	0.0090	0.0054	0.0054	0.0000	0.0120	0.0030	0.0090	0.0000	0.0000	0.0000	0.0000	0.0000	0.0000	0.0000	0.0000	0.0000	0.0007	0.0012	0.0002	0.0018	0.0018	0.0009	0.0002	0.0000	0.0002		
33	87	0.1889	6	2	1	1	0	0	0	0	0	Y	N	N	N	N	N	N	N	N	N	N	N	0.0000	0.0000	0.0000	0.0000	0.0000	0.0000	0.0000	0.0000	0.0000	0.0000	0.0000	0.0000	0.0000	0.0000	0.0000	0.0000	0.0000	0.0000	0.0012	0.0026	0.0004	0.0085	0.0085	0.0680	0.0003	0.0000	0.0004	0.2958	0.0000	-0.0000	0.9991	5.0272	2.0219	2.1572	0.0000	0.0000	0.0000	0.0000	0.0000	0.0000	0.0000	0.0000	0.0000	0.0001	0.0001	0.0000	0.0001	0.0001	0.0000	0.0000	0.0000	0.0000	0.1019	0.0913	0.0106	0.0402	0.0382	0.0019	0.0617	0.0531	0.0086	0.0576	0.0198	0.0379	0.0063	0.0061	0.0002	0.0514	0.0137	0.0377	0.0000	0.0000	0.0000	0.0000	0.0000	0.0000	0.0000	0.0000	0.0000	0.0012	0.0026	0.0004	0.0085	0.0085	0.0076	0.0003	0.0000	0.0004	
33	88	0.2421	8	1	1	1	0	0	0	0	0	N	N	N	N	N	N	N	N	N	N	N	N	0.0000	0.0000	0.0000	0.0000	0.0000	0.0000	0.0000	0.0000	0.0000	0.0000	0.0000	0.0000	0.0000	0.0003	0.0009	0.0000	0.0023	0.0025	0.0000	0.0000	0.0000	0.0000	0.0000	0.0000	-0.0000	0.9991	0.0000	2.0219	4.0000	0.0000	0.0000	0.0000	0.0000	0.0000	0.0000	0.0000	0.0000	0.0000	0.0000	0.0000	0.0000	0.0000	0.0000	0.0000	0.0000	0.0000	0.0000	0.0000	0.0000	0.0000	0.0000	0.0000	0.0000	0.0000	0.0000	0.0000	0.0336	0.0115	0.0220	0.0043	0.0041	0.0002	0.0293	0.0075	0.0218	0.0000	0.0000	0.0000	0.0000	0.0000	0.0000	0.0000	0.0000	0.0000	0.0003	0.0009	0.0000	0.0023	0.0025	0.0000	0.0000	0.0000	0.0000						
33	89	0.2048	7	1	1	1	0	0	0	0	0	N	N	N	N	N	N	N	N	N	N	N	N	0.0000	0.0000	0.0000	0.0000	0.0000	0.0000	0.0000	0.0000	0.0000	0.0000	0.0000	0.0000	0.0000	0.0000	0.0000	0.0000	0.0000	0.0000	0.0000	0.0000	0.9991	3.0000	2.0219	2.0000	0.0000	0.0000	0.0000	0.0000	0.0000	0.0000	0.0000	0.0000	0.0000	0.0000	0.0000	0.0000	0.0000	0.0000	0.0000	0.0000	0.0000	0.0000	0.0602	0.0538	0.0065	0.0228	0.0216	0.0012	0.0374	0.0322	0.0053	0.0411	0.0139	0.0272	0.0043	0.0042	0.0001	0.0368	0.0097	0.0271	0.0000	0.0000	0.0000	0.0000	0.0000	0.0000	0.0000	0.0000	0.0000	0.0000	0.0000	0.0000	0.0000	0.0000	0.0000	0.0000	0.0000	0.0000											
33	90	0.2048	7	2	1	1	0	0	0	0	0	Y	N	N	N	N	N	N	N	N	N	N	N	0.0000	0.0000	0.0000	0.0000	0.0000	0.0000	0.0000	0.0000	0.0000	0.0000	0.0000	0.0000	0.0000	0.0002	0.0007	0.0000	0.0023	0.0024	0.0000	0.0000	0.0000	0.0000	0.0000	0.0000	-0.0000	0.9991	2.0000	2.0219	3.0000	0.0000	0.0000	0.0000	0.0000	0.0000	0.0000	0.0000	0.0000	0.0000	0.0000	0.0000	0.0000	0.0000	0.0000	0.0000	0.0000	0.0000	0.0000	0.0410	0.0366	0.0044	0.0157	0.0149	0.0008	0.0252	0.0217	0.0036	0.0411	0.0139	0.0272	0.0043	0.0042	0.0001	0.0368	0.0097	0.0271	0.0000	0.0000	0.0000	0.0000	0.0000	0.0000	0.0000	0.0000	0.0000	0.0002	0.0007	0.0000	0.0023	0.0024	0.0000	0.0000	0.0000	0.0000						
33	91	0.1889	6	1	0	1	0	0	0	0	0	N	N	N	N	N	N	N	N	N	N	N	N	0.0000	0.0000	0.0000	0.0000	0.0000	0.0000	0.0000	0.0000	0.0000	0.0000	0.0000	0.0000	0.0000	0.0000	0.0000	0.0000	0.0000	0.0000	0.0029	0.0075	0.0004	0.0221	0.0221	0.2799	0.0002	0.0000	0.0003	0.1085	0.0000	-0.0000	0.9991	2.0705	2.0219	0.0351	0.0000	0.0000	0.0000	0.0000	0.0000	0.0000	0.0000	0.0000	0.0000	0.0001	0.0000	0.0000	0.0001	0.0000	0.0000	0.0000	0.0000	0.0000	0.0478	0.0431	0.0047	0.0213	0.0204	0.0009	0.0264	0.0227	0.0038	0.0189	0.0066	0.0123	0.0023	0.0022	0.0001	0.0166	0.0044	0.0123	0.0000	0.0000	0.0000	0.0000	0.0000	0.0000	0.0000	0.0000	0.0000	0.0029	0.0075	0.0004	0.0221	0.0221	0.0238	0.0002	0.0000	0.0003	
33	92	0.1635	5	1	0	1	0	0	0	0	0	N	N	N	N	N	N	N	N	N	N	N	N	0.0000	0.0000	0.0000	0.0000	0.0000	0.0000	0.0000	0.0000	0.0000	0.0000	0.0000	0.0000	0.0000	0.0000	0.0000	0.0000	0.0000	0.0000	0.0074	0.0050	0.0091	0.0129	0.0107	0.8607	0.0063	0.0392	0.0085	2.5633	0.0000	-0.0000	0.9991	3.4249	2.0219	0.1413	0.0000	0.0000	0.0000	0.0000	0.0000	0.0000	0.0000	0.0000	0.0000	0.0003	0.0001	0.0002	0.0001	0.0001	0.0000	0.0002	0.0000	0.0002	0.0927	0.0843	0.0085	0.0486	0.0462	0.0024	0.0441	0.0380	0.0061	0.0359	0.0149	0.0210	0.0062	0.0060	0.0002	0.0297	0.0089	0.0208	0.0000	0.0000	0.0000	0.0000	0.0000	0.0000	0.0000	0.0000	0.0000	0.0074	0.0050	0.0091	0.0129	0.0107	0.0808	0.0063	0.0011	0.0085	
33	98	0.3003	10	1	0	1	0	0	0	0	0	N	N	N	N	N	N	N	N	N	N	N	N	0.0208	0.0126	0.0000	0.0146	0.0139	0.0000	0.0000	0.0000	0.0000	0.0022	0.0024	0.0000	0.0041	0.0043	0.0000	0.0000	0.0000	0.0000	0.1060	0.1911	0.0000	0.2780	0.3098	0.0001	0.0000	0.0015	0.0000	0.0000	0.0001	-0.0001	-0.0107	0.9991	4.9999	2.0219	9.0821	0.0003	0.0003	0.0000	0.0003	0.0003	0.0000	0.0000	0.0000	0.0000	0.0143	0.0143	0.0000	0.0143	0.0143	0.0000	0.0000	0.0000	0.0000	0.1409	0.1282	0.0127	0.0764	0.0720	0.0044	0.0645	0.0562	0.0082	0.1349	0.0748	0.0601	0.0514	0.0461	0.0053	0.0835	0.0287	0.0548	0.0208	0.0126	0.0000	0.0146	0.0139	0.0000	0.0000	0.0000	0.0000	0.1060	0.1911	0.0000	0.2780	0.3098	0.0001	0.0000	0.0000	0.0000
34	35	0.1576	4	1	1	1	0	0	0	0	0	N	N	N	N	N	N	N	N	N	N	N	N	0.0000	0.0000	0.0000	0.0000	0.0000	0.0000	0.0000	0.0000	0.0000	0.0000	0.0000	0.0000	0.0000	0.0000	0.0000	0.0000	0.0000	0.1978	0.5226	0.0000	1.0845	1.2140	0.0000	0.0000	0.0000	0.0000	0.0000	0.0000	-0.0087	4.9334	0.0009	5.0001	1.9867	0.0000	0.0000	0.0000	0.0000	0.0000	0.0000	0.0000	0.0000	0.0000	0.0116	0.0116	0.0000	0.0116	0.0116	0.0000	0.0000	0.0000	0.0000	0.0002	0.0001	0.0000	0.0001	0.0001	0.0000	0.0001	0.0001	0.0000	0.0585	0.0221	0.0364	0.0107	0.0095	0.0011	0.0478	0.0126	0.0352	0.0000	0.0000	0.0000	0.0000	0.0000	0.0000	0.0000	0.0000	0.0000	0.1978	0.5226	0.0000	1.0845	1.2140	0.0000	0.0000	0.0000	0.0000		
34	36	0.1397	3	1	1	1	0	0	0	0	0	N	N	N	N	N	N	N	N	N	N	N	N	0.0000	0.0000	0.0000	0.0000	0.0000	0.0000	0.0000	0.0000	0.0000	0.0000	0.0000	0.0000	0.0000	0.0000	0.0000	0.0000	15.2622	45.2845	0.1917	101.2872	154.3165	0.0000	0.1501	0.0000	0.2078	0.0084	0.0000	-0.7446	4.9334	1.0009	5.0001	2.0357	0.0000	0.0000	0.0000	0.0000	0.0000	0.0000	0.0000	0.0000	0.0000	1.0054	0.9970	0.0084	0.9970	0.9970	0.0000	0.0084	0.0000	0.0084	0.0923	0.0817	0.0106	0.0258	0.0245	0.0014	0.0665	0.0572	0.0093	0.0659	0.0220	0.0439	0.0098	0.0065	0.0034	0.0560	0.0156	0.0405	0.0000	0.0000	0.0000	0.0000	0.0000	0.0000	0.0000	0.0000	0.0000	15.2622	45.2845	0.1917	101.2872	154.3165	0.0000	0.1501	0.0000	0.2078			
34	37	0.1397	3	1	1	1	0	0	0	0	0	N	N	N	N	N	N	N	N	N	N	N	N	0.0000	0.0000	0.0000	0.0000	0.0000	0.0000	0.0000	0.0000	0.0000	0.0000	0.0000	0.0000	0.0000	11.7002	0.0000	17.5771	0.0000	0.0000	0.0000	13.7512	0.0000	19.0600	inf	0.0000	0.2511	4.9334	1.0000	5.0001	3.0000	0.0000	0.0000	0.0000	0.0000	0.0000	0.0000	0.0000	0.0000	0.0000	1.0000	0.0000	1.0000	0.0000	0.0000	0.0000	1.0000	0.0000	1.0000	0.0922	0.0816	0.0106	0.0258	0.0244	0.0014	0.0664	0.0572	0.0093	0.0855	0.0286	0.0569	0.0127	0.0083	0.0044	0.0727	0.0203	0.0525	0.0000	0.0000	0.0000	0.0000	0.0000	0.0000	0.0000	0.0000	0.0000	11.7002	0.0000	17.5771	0.0000	0.0000	0.0000	13.7512	0.0000	19.0600						
34	40	0.1736	6	1	2	1	0	0	0	0	0	N	Y	N	N	N	N	N	N	N	N	N	N	0.0000	0.0000	0.0000	0.0000	0.0000	0.0000	0.0000	0.0000	0.0000	0.0000	0.0000	0.0000	0.0000	0.0000	0.0000	0.0000	0.0000	0.0000	0.0000	0.0000	4.9334	0.0000	5.0001	0.0000	0.0000	0.0000	0.0000	0.0000	0.0000	0.0000	0.0000	0.0000	0.0000	0.0000	0.0000	0.0000	0.0000	0.0000	0.0000	0.0000	0.0000	0.0000	0.0000	0.0000	0.0000	0.0000	0.0000	0.0000	0.0000	0.0000	0.0000	0.0000	0.0000	0.0000	0.0000	0.0000	0.0000	0.0000	0.0000	0.0000	0.0000	0.0000	0.0000	0.0000	0.0000	0.0000	0.0000	0.0000	0.0000	0.0000	0.0000	0.0000	0.0000	0.0000	0.0000	0.0000	0.0000	0.0000											
34	41	0.1736	5	1	2	1	0	0	0	0	0	N	Y	N	N	N	N	N	N	N	N	N	N	0.0000	0.0000	0.0000	0.0000	0.0000	0.0000	0.0000	0.0000	0.0000	0.0000	0.0000	0.0000	0.0000	0.0000	0.0000	0.0000	0.0000	0.0000	0.0000	0.0000	4.9334	1.0000	5.0001	1.9999	0.0000	0.0000	0.0000	0.0000	0.0000	0.0000	0.0000	0.0000	0.0000	0.0000	0.0000	0.0000	0.0000	0.0000	0.0000	0.0000	0.0000	0.0000	0.1019	0.0901	0.0118	0.0212	0.0200	0.0012	0.0807	0.0701	0.0106	0.0681	0.0224	0.0456	0.0098	0.0065	0.0033	0.0583	0.0160	0.0423	0.0000	0.0000	0.0000	0.0000	0.0000	0.0000	0.0000	0.0000	0.0000	0.0000	0.0000	0.0000	0.0000	0.0000	0.0000	0.0000	0.0000	0.0000											
34	42	0.2105	4	1	2	0	0	0	0	0	0	N	Y	N	N	N	N	N	N	N	N	N	N	2920.9869	1162.6925	inf	237.9852	116.1996	inf	inf	inf	0.7869	0.7811	0.8395	0.2987	0.1593	1.6256	1.3510	1.5058	0.0000	0.0003	0.0007	0.0000	0.0013	0.0014	0.0000	0.0000	0.0000	0.0000	0.1176	0.0000	-0.0000	-0.0000	4.9334	0.0007	5.0001	2.0242	0.0002	0.0002	0.0000	0.0000	0.0000	0.0000	0.0002	0.0002	0.0000	0.0000	0.0000	0.0000	0.0000	0.0000	0.0000	0.0000	0.0000	0.0000	0.0002	0.0002	0.0000	0.0001	0.0001	0.0000	0.0001	0.0001	0.0000	0.0742	0.0298	0.0445	0.0159	0.0146	0.0014	0.0583	0.0152	0.0431	2920.9869	1162.6925	inf	237.9852	116.1996	inf	inf	inf	0.0000	0.0003	0.0007	0.0000	0.0013	0.0014	0.0000	0.0000	0.0000	0.0000	
34	43	0.1137	2	0	2	0	1	0	0	0	0	N	Y	N	N	N	N	N	N	N	N	N	N	0.0000	0.0000	0.0000	0.0000	0.0000	0.0000	0.0000	0.0000	0.0000	0.0000	0.0000	0.0000	0.0000	0.0000	0.0000	0.0000	0.0000	0.0000	0.0000	0.0000	4.9334	0.0000	5.0001	0.0000	0.0000	0.0000	0.0000	0.0000	0.0000	0.0000	0.0000	0.0000	0.0000	0.0000	0.0000	0.0000	0.0000	0.0000	0.0000	0.0000	0.0000	0.0000	0.0000	0.0000	0.0000	0.0000	0.0000	0.0000	0.0000	0.0000	0.0000	0.0000	0.0000	0.0000	0.0000	0.0000	0.0000	0.0000	0.0000	0.0000	0.0000	0.0000	0.0000	0.0000	0.0000	0.0000	0.0000	0.0000	0.0000	0.0000	0.0000	0.0000	0.0000	0.0000	0.0000	0.0000	0.0000	0.0000											
34	44	0.1137	2	0	1	0	1	0	0	0	0	N	N	N	N	N	N	N	N	N	N	N	N	0.0000	0.0000	0.0000	0.0000	0.0000	0.0000	0.0000	0.0000	0.0000	0.0000	0.0000	0.0000	0.0000	0.0000	0.0000	0.0000	0.0000	0.0000	0.0000	0.0000	4.9334	0.0000	5.0001	0.0000	0.0000	0.0000	0.0000	0.0000	0.0000	0.0000	0.0000	0.0000	0.0000	0.0000	0.0000	0.0000	0.0000	0.0000	0.0000	0.0000	0.0000	0.0000	0.0000	0.0000	0.0000	0.0000	0.0000	0.0000	0.0000	0.0000	0.0000	0.0000	0.0000	0.0000	0.0000	0.0000	0.0000	0.0000	0.0000	0.0000	0.0000	0.0000	0.0000	0.0000	0.0000	0.0000	0.0000	0.0000	0.0000	0.0000	0.0000	0.0000	0.0000	0.0000	0.0000	0.0000	0.0000	0.0000											
34	46	0.1397	3	1	1	1	0	0	0	0	0	N	N	N	N	N	N	N	N	N	N	N	N	0.0000	0.0000	0.0000	0.0000	0.0000	0.0000	0.0000	0.0000	0.0000	0.0000	0.0000	0.0000	0.0000	0.0000	0.0000	0.0000	0.0000	0.0000	0.0000	0.0000	4.9334	0.0000	5.0001	2.0000	0.0000	0.0000	0.0000	0.0000	0.0000	0.0000	0.0000	0.0000	0.0000	0.0000	0.0000	0.0000	0.0000	0.0000	0.0000	0.0000	0.0000	0.0000	0.0000	0.0000	0.0000	0.0000	0.0000	0.0000	0.0000	0.0000	0.0000	0.0441	0.0147	0.0294	0.0066	0.0044	0.0022	0.0375	0.0104	0.0271	0.0000	0.0000	0.0000	0.0000	0.0000	0.0000	0.0000	0.0000	0.0000	0.0000	0.0000	0.0000	0.0000	0.0000	0.0000	0.0000	0.0000	0.0000											
34	47	0.1547	4	1	2	0	0	0	0	0	0	N	Y	N	N	N	N	N	N	N	N	N	N	2.4769	1.1176	2.2172	1.8084	0.0004	0.0004	0.0000	0.0016	0.0017	0.0000	0.0000	0.0000	0.0000	0.0001	0.0004	0.0000	0.0007	0.0010	0.0000	0.0000	0.0000	0.0000	0.0000	0.0000	-0.0000	-0.0000	4.9334	0.9991	5.0001	2.0273	0.0000	0.0000	0.0000	0.0000	0.0000	0.0000	0.0000	0.0000	0.0000	0.0000	0.0000	0.0000	0.0000	0.0000	0.0000	0.0000	0.0000	0.0000	0.1033	0.0909	0.0124	0.0237	0.0216	0.0021	0.0796	0.0693	0.0103	0.0685	0.0272	0.0413	0.0141	0.0105	0.0036	0.0545	0.0168	0.0377	2.4769	1.1176	0.0000	2.2172	1.8084	0.0000	0.0000	0.0000	0.0000	0.0001	0.0004	0.0000	0.0007	0.0010	0.0000	0.0000	0.0000	0.0000					
34	48	0.1171	3	1	2	0	0	0	0	0	0	N	Y	N	N	N	N	N	N	N	N	N	N	679.9226	1330.8266	0.1625	1156.7208	911.1552	inf	291.1037	inf	0.0178	0.6469	0.7150	0.0002	1.2865	1.3634	0.0008	0.2673	0.3031	0.0000	0.0010	0.0005	0.0012	0.0011	0.0015	0.0000	0.0009	0.0000	0.0013	0.0000	4.0001	-0.0636	0.0000	4.9334	3.1828	5.0001	3.1571	0.3218	0.3218	0.0000	0.2384	0.2384	0.0000	0.0834	0.0834	0.0000	0.0002	0.0000	0.0001	0.0000	0.0000	0.0000	0.0001	0.0000	0.0001	0.4974	0.4501	0.0474	0.1853	0.1748	0.0105	0.3121	0.2753	0.0369	0.1576	0.0558	0.1018	0.0270	0.0200	0.0069	0.1307	0.0358	0.0949	679.9226	1330.8266	0.1625	1156.7208	911.1552	inf	291.1037	inf	0.0178	0.0010	0.0005	0.0012	0.0011	0.0015	0.0000	0.0009	0.0000	0.0013
34	49	0.1129	2	0	2	0	0	0	0	0	0	N	Y	N	N	N	N	N	N	N	N	N	N	140.9807	450.0535	60.0828	287.4651	333.0753	11.5080	51.1800	inf	10.5487	1.9585	2.0245	1.2017	2.8128	2.8285	2.5592	0.7779	0.8483	0.2122	0.0139	0.0045	0.0200	0.0098	0.0085	0.2224	0.0152	0.0000	0.0201	0.0518	6.8371	-0.0765	0.0001	4.9334	0.8922	5.0001	1.0748	0.5148	0.4894	0.0254	0.4289	0.4062	0.0228	0.0858	0.0833	0.0026	0.0009	0.0001	0.0008	0.0002	0.0001	0.0000	0.0008	0.0000	0.0008	0.2628	0.2417	0.0211	0.1525	0.1436	0.0089	0.1104	0.0982	0.0122	0.0677	0.0267	0.0410	0.0163	0.0141	0.0022	0.0513	0.0125	0.0388	140.9807	450.0535	60.0828	287.4651	333.0753	142.1676	51.1800	inf	10.5487	0.0139	0.0045	0.0200	0.0098	0.0085	0.0180	0.0152	0.0000	0.0201
34	50	0.1397	3	0	2	0	0	0	0	0	0	N	Y	N	N	N	N	N	N	N	N	N	N	0.0000	0.0000	0.0000	0.0000	0.0000	0.0000	0.0000	0.0000	0.0000	0.0000	0.0000	0.0000	0.0000	0.0000	0.0000	0.0000	0.0000	0.0000	0.0000	0.0000	4.9334	0.0000	5.0001	0.0000	0.0000	0.0000	0.0000	0.0000	0.0000	0.0000	0.0000	0.0000	0.0000	0.0000	0.0000	0.0000	0.0000	0.0000	0.0000	0.0000	0.0000	0.0000	0.0000	0.0000	0.0000	0.0000	0.0000	0.0000	0.0000	0.0000	0.0000	0.0000	0.0000	0.0000	0.0000	0.0000	0.0000	0.0000	0.0000	0.0000	0.0000	0.0000	0.0000	0.0000	0.0000	0.0000	0.0000	0.0000	0.0000	0.0000	0.0000	0.0000	0.0000	0.0000	0.0000	0.0000	0.0000	0.0000											
34	51	0.1397	3	1	2	0	0	0	0	0	0	N	Y	N	N	N	N	N	N	N	N	N	N	0.0000	0.0000	0.0000	0.0000	0.0000	0.0000	0.0000	0.0000	0.0000	0.0000	0.0000	0.0000	0.0000	11.7002	0.0000	17.5771	0.0000	0.0000	0.0000	13.7512	0.0000	19.0600	inf	0.0000	0.2511	4.9334	1.0000	5.0001	3.0000	0.0000	0.0000	0.0000	0.0000	0.0000	0.0000	0.0000	0.0000	0.0000	1.0000	0.0000	1.0000	0.0000	0.0000	0.0000	1.0000	0.0000	1.0000	0.0922	0.0816	0.0106	0.0258	0.0244	0.0014	0.0664	0.0572	0.0093	0.0855	0.0286	0.0569	0.0127	0.0083	0.0044	0.0727	0.0203	0.0525	0.0000	0.0000	0.0000	0.0000	0.0000	0.0000	0.0000	0.0000	0.0000	11.7002	0.0000	17.5771	0.0000	0.0000	0.0000	13.7512	0.0000	19.0600						
34	52	0.1259	2	0	1	0	0	0	0	0	0	N	N	N	N	N	N	N	N	N	N	N	N	1.6045	0.0000	7.6405	2.1509	0.0000	0.7610	1.6714	8.1429	0.0975	0.0000	0.8202	0.0435	0.0000	0.5304	0.1228	0.0000	0.9021	0.0607	0.0033	0.1073	0.0202	0.0078	0.6969	0.0735	0.0000	0.1108	inf	39.5000	0.0256	0.0017	4.9334	3.0179	5.0001	1.1627	0.0320	0.0000	0.0320	0.0046	0.0000	0.0046	0.0274	0.0000	0.0274	0.0073	0.0002	0.0071	0.0006	0.0002	0.0004	0.0067	0.0000	0.0067	0.3281	0.2891	0.0390	0.1048	0.0962	0.0086	0.2233	0.1929	0.0304	0.1200	0.0538	0.0662	0.0287	0.0230	0.0057	0.0913	0.0308	0.0606	1.6045	0.0000	7.6405	2.1509	0.0000	7.5132	1.6714	0.0000	8.1429	0.0607	0.0033	0.1073	0.0202	0.0078	0.0706	0.0735	0.0000	0.1108	
34	53	0.1397	3	1	2	1	0	0	0	0	0	N	Y	N	N	N	N	N	N	N	N	N	N	inf	inf	inf	inf	2.8286	3.1941	0.0000	0.0000	0.0000	0.0000	3.9002	4.5209	0.0000	0.0000	0.0000	0.0000	0.0000	0.0000	0.0000	0.0000	0.0000	0.0000	0.0000	-0.1978	0.0000	4.9334	4.0000	5.0001	1.0000	1.0000	1.0000	0.0000	0.0000	0.0000	0.0000	1.0000	1.0000	0.0000	0.0000	0.0000	0.0000	0.0000	0.0000	0.0000	0.0000	0.0000	0.0000	0.3535	0.3131	0.0405	0.0971	0.0919	0.0053	0.2564	0.2212	0.0352	0.1052	0.0352	0.0700	0.0157	0.0102	0.0055	0.0895	0.0250	0.0645	inf	inf	0.0000	0.0000	0.0000	0.0000	inf	inf	0.0000	0.0000	0.0000	0.0000	0.0000	0.0000	0.0000	0.0000	0.0000	0.0000						
34	54	0.1259	2	0	2	0	0	0	0	0	0	N	Y	N	N	N	N	N	N	N	N	N	N	3.9609	0.0000	20.7773	4.3084	0.0000	2.0371	4.4039	22.1898	0.1363	0.0000	1.1395	0.0589	0.0000	0.7204	0.1744	0.0000	1.2615	0.0344	0.0022	0.0548	0.0137	0.0058	0.3537	0.0396	0.0000	0.0568	inf	39.5000	0.0256	0.0017	4.9334	2.0683	5.0001	6.9961	0.0320	0.0000	0.0320	0.0046	0.0000	0.0046	0.0274	0.0000	0.0274	0.0073	0.0002	0.0071	0.0006	0.0002	0.0004	0.0067	0.0000	0.0067	0.2346	0.2066	0.0281	0.0774	0.0711	0.0063	0.1572	0.1355	0.0217	0.2119	0.0822	0.1296	0.0425	0.0308	0.0116	0.1694	0.0514	0.1180	3.9609	0.0000	20.7773	4.3084	0.0000	20.9080	4.4039	0.0000	22.1898	0.0344	0.0022	0.0548	0.0137	0.0058	0.0345	0.0396	0.0000	0.0568	
34	56	0.1397	3	1	1	1	0	0	0	0	0	N	N	N	N	N	N	N	N	N	N	N	N	inf	inf	inf	inf	2.8286	3.1941	0.0000	0.0000	0.0000	0.0000	3.9002	4.5209	0.0000	0.0000	0.0000	0.0000	0.0000	0.0000	0.0000	0.0000	0.0000	0.0000	0.0000	-0.1978	0.0000	4.9334	4.0000	5.0001	7.0000	1.0000	1.0000	0.0000	0.0000	0.0000	0.0000	1.0000	1.0000	0.0000	0.0000	0.0000	0.0000	0.0000	0.0000	0.0000	0.0000	0.0000	0.0000	0.3535	0.3131	0.0405	0.0971	0.0919	0.0053	0.2564	0.2212	0.0352	0.2111	0.0708	0.1403	0.0311	0.0195	0.0116	0.1800	0.0513	0.1287	inf	inf	0.0000	0.0000	0.0000	0.0000	inf	inf	0.0000	0.0000	0.0000	0.0000	0.0000	0.0000	0.0000	0.0000	0.0000	0.0000						
34	57	0.2044	6	0	2	0	0	0	0	0	0	N	Y	N	N	N	N	N	N	N	N	N	N	443.5093	225.1011	1260.9285	17.0479	7.7367	165.0674	15124.6745	inf	925.2867	0.8777	0.9467	0.2791	0.1272	0.0742	0.8637	1.2587	1.4173	0.1155	0.0020	0.0042	0.0002	0.0075	0.0096	0.0052	0.0001	0.0000	0.0001	0.0340	0.0667	-0.1606	-0.0004	4.9334	9.7645	5.0001	7.4558	0.9738	0.9418	0.0320	0.0475	0.0259	0.0217	0.9263	0.9160	0.0104	0.0006	0.0006	0.0000	0.0006	0.0006	0.0000	0.0000	0.0000	0.0000	1.1096	0.9948	0.1148	0.3736	0.3486	0.0251	0.7359	0.6463	0.0897	0.3234	0.1427	0.1807	0.0831	0.0626	0.0205	0.2403	0.0801	0.1602	443.5093	225.1011	1260.9285	17.0479	7.7367	885.8748	15124.6745	inf	925.2867	0.0020	0.0042	0.0002	0.0075	0.0096	0.0010	0.0001	0.0000	0.0001
34	58	0.2600	7	0	1	1	0	0	0	0	0	N	N	N	N	N	N	N	N	N	N	N	N	0.0000	0.0000	0.0000	0.0000	0.0000	0.0000	0.0000	0.0000	0.0000	0.0000	0.0000	0.0000	0.0000	0.0010	0.0022	0.0000	0.0038	0.0051	0.0000	0.0000	0.0000	0.0000	0.0000	0.0000	-0.0000	4.9334	1.0009	5.0001	0.0163	0.0000	0.0000	0.0000	0.0000	0.0000	0.0000	0.0000	0.0000	0.0000	0.0000	0.0000	0.0000	0.0000	0.0000	0.0000	0.0000	0.0000	0.0000	0.1461	0.1305	0.0156	0.0691	0.0633	0.0058	0.0770	0.0672	0.0098	0.0194	0.0090	0.0104	0.0053	0.0039	0.0013	0.0141	0.0050	0.0091	0.0000	0.0000	0.0000	0.0000	0.0000	0.0000	0.0000	0.0000	0.0000	0.0010	0.0022	0.0000	0.0038	0.0051	0.0000	0.0000	0.0000	0.0000						
34	59	0.2446	6	0	1	0	0	0	0	0	0	N	N	N	N	N	N	N	N	N	N	N	N	0.0708	0.0000	inf	inf	inf	0.0000	0.0000	0.0000	0.0000	0.0003	0.0001	0.0000	0.0010	0.0000	0.0000	0.0000	0.0005	0.0011	0.0000	0.0000	0.0000	0.0000	0.0007	0.1006	0.0000	inf	0.0000	0.0000	-0.0000	4.9334	1.9961	5.0001	0.0521	0.0000	0.0000	0.0000	0.0000	0.0000	0.0000	0.0000	0.0000	0.0000	0.0000	0.0000	0.0000	0.0000	0.0000	0.0000	0.0000	0.0000	0.0000	0.2761	0.2462	0.0298	0.1191	0.1092	0.0099	0.1570	0.1371	0.0199	0.0391	0.0174	0.0217	0.0104	0.0077	0.0027	0.0287	0.0097	0.0190	0.0708	0.0000	inf	inf	0.0000	inf	0.0000	0.0000	0.0000	0.0005	0.0011	0.0000	0.0000	0.0000	0.0000	0.0007	0.0021	0.0000		
34	60	0.2368	5	0	1	0	0	0	0	0	0	N	N	N	N	N	N	N	N	N	N	N	N	inf	inf	inf	inf	inf	inf	0.0118	0.0065	0.0712	0.0256	0.0136	0.2159	0.0000	0.0000	0.0000	0.0000	0.0000	0.0000	0.0000	0.0000	0.0000	0.0000	0.0000	0.0000	1.0000	0.0000	0.0000	4.9334	0.0081	5.0001	1.0507	0.0000	0.0000	0.0000	0.0000	0.0000	0.0000	0.0000	0.0000	0.0000	0.0000	0.0000	0.0000	0.0000	0.0000	0.0000	0.0000	0.0000	0.0000	0.0017	0.0015	0.0001	0.0008	0.0007	0.0000	0.0009	0.0008	0.0001	0.0210	0.0094	0.0116	0.0057	0.0043	0.0014	0.0153	0.0052	0.0102	inf	inf	inf	inf	inf	inf	0.0000	0.0000	0.0000	0.0000	0.0000	0.0000	0.0000	0.0000	0.0000	0.0000	0.0000	0.0000				
34	61	0.1881	4	0	1	0	0	0	0	0	0	N	N	N	N	N	N	N	N	N	N	N	N	62.9031	0.0661	527.9006	24.6613	0.0913	inf	91.8152	inf	512.3795	0.0307	0.0000	0.2841	0.0169	0.0001	0.2291	0.0383	0.0000	0.3013	0.0005	0.0004	0.0005	0.0007	0.0008	0.0000	0.0004	0.0000	0.0006	1228.3131	1.6667	0.0098	-0.0000	4.9334	3.0167	5.0001	3.2580	0.0123	0.0000	0.0123	0.0024	0.0000	0.0024	0.0099	0.0000	0.0099	0.0001	0.0000	0.0001	0.0000	0.0000	0.0000	0.0001	0.0000	0.0001	0.3995	0.3563	0.0432	0.1410	0.1307	0.0103	0.2585	0.2256	0.0329	0.1637	0.0708	0.0929	0.0439	0.0360	0.0079	0.1198	0.0348	0.0850	62.9031	0.0661	527.9006	24.6613	0.0913	inf	91.8152	inf	512.3795	0.0005	0.0004	0.0005	0.0007	0.0008	0.0000	0.0004	0.0000	0.0006
34	62	0.1133	3	0	2	0	0	0	0	0	0	N	Y	N	N	N	N	N	N	N	N	N	N	5.0147	0.0000	374013784.7225	0.8830	0.0000	2173920.5503	inf	inf	0.5557	0.0000	5.0083	0.7886	0.0000	10.1147	0.3688	0.0000	2.6840	0.1108	0.3251	0.0000	0.8931	0.9070	0.0000	0.0000	0.0000	0.0000	inf	0.0000	0.2694	-0.0169	4.9334	3.3327	5.0001	4.3103	0.3359	0.0000	0.3359	0.2122	0.0000	0.2122	0.1237	0.0000	0.1237	0.0226	0.0226	0.0000	0.0226	0.0226	0.0000	0.0000	0.0000	0.0000	0.6044	0.5373	0.0671	0.2690	0.2481	0.0210	0.3354	0.2893	0.0461	0.2039	0.0695	0.1344	0.0253	0.0249	0.0004	0.1786	0.0446	0.1340	5.0147	0.0000	374013784.7225	0.8830	0.0000	2173920.5503	inf	0.0000	inf	0.1108	0.3251	0.0000	0.8931	0.9070	0.0000	0.0000	0.0000	0.0000	
34	63	0.0892	2	0	1	0	0	0	0	0	0	N	N	N	N	N	N	N	N	N	N	N	N	6.2751	199.1003	21.4227	914.7013	486.1578	inf	2.9758	1.2359	12.0350	0.9360	0.4541	4.6544	1.5063	0.8220	8.5781	0.4812	0.1444	2.6226	0.1492	0.0023	0.2173	0.0016	0.0017	0.0000	0.1617	0.1168	0.2179	1.3286	205.4710	0.2176	0.0056	4.9334	3.2669	5.0001	2.4507	0.5839	0.2507	0.3332	0.4169	0.2074	0.2095	0.1670	0.0433	0.1237	0.0226	0.0001	0.0225	0.0000	0.0000	0.0000	0.0226	0.0001	0.0225	0.6238	0.5522	0.0716	0.2768	0.2524	0.0244	0.3470	0.2999	0.0472	0.1516	0.0480	0.1036	0.0119	0.0116	0.0003	0.1398	0.0365	0.1033	6.2751	199.1003	21.4227	914.7013	486.1578	inf	2.9758	58.5181	12.0350	0.1492	0.0023	0.2173	0.0016	0.0017	0.0000	0.1617	0.0025	0.2179
34	64	0.1736	6	1	1	1	0	0	0	0	0	N	N	N	N	N	N	N	N	N	N	N	N	0.0000	0.0000	0.0000	0.0000	0.0000	0.0000	0.0000	0.0000	0.0000	0.0000	0.0000	0.0000	0.0000	0.0000	0.0000	0.0000	0.0000	0.0000	0.0000	0.0000	4.9334	0.0000	5.0001	1.0000	0.0000	0.0000	0.0000	0.0000	0.0000	0.0000	0.0000	0.0000	0.0000	0.0000	0.0000	0.0000	0.0000	0.0000	0.0000	0.0000	0.0000	0.0000	0.0000	0.0000	0.0000	0.0000	0.0000	0.0000	0.0000	0.0000	0.0000	0.0236	0.0078	0.0158	0.0034	0.0023	0.0011	0.0202	0.0055	0.0147	0.0000	0.0000	0.0000	0.0000	0.0000	0.0000	0.0000	0.0000	0.0000	0.0000	0.0000	0.0000	0.0000	0.0000	0.0000	0.0000	0.0000	0.0000											
34	65	0.1736	5	1	1	1	0	0	0	0	0	N	N	N	N	N	N	N	N	N	N	N	N	0.0000	0.0000	0.0000	0.0000	0.0000	0.0000	0.0000	0.0000	0.0000	0.0000	0.0000	0.0000	0.0000	0.0000	0.0000	0.0000	0.0000	0.0000	0.0000	0.0000	4.9334	0.0000	5.0001	0.0001	0.0000	0.0000	0.0000	0.0000	0.0000	0.0000	0.0000	0.0000	0.0000	0.0000	0.0000	0.0000	0.0000	0.0000	0.0000	0.0000	0.0000	0.0000	0.0000	0.0000	0.0000	0.0000	0.0000	0.0000	0.0000	0.0000	0.0000	0.0000	0.0000	0.0000	0.0000	0.0000	0.0000	0.0000	0.0000	0.0000	0.0000	0.0000	0.0000	0.0000	0.0000	0.0000	0.0000	0.0000	0.0000	0.0000	0.0000	0.0000	0.0000	0.0000	0.0000	0.0000	0.0000	0.0000											
34	66	0.1613	4	1	1	1	0	0	0	0	0	N	N	N	N	N	N	N	N	N	N	N	N	0.0000	0.0000	0.0000	0.0000	0.0000	0.0000	0.0000	0.0000	0.0000	0.0000	0.0000	0.0000	0.0000	0.0000	0.0000	0.0000	0.0000	0.0000	0.0000	0.0000	4.9334	1.9720	5.0001	0.0923	0.0000	0.0000	0.0000	0.0000	0.0000	0.0000	0.0000	0.0000	0.0000	0.0000	0.0000	0.0000	0.0000	0.0000	0.0000	0.0000	0.0000	0.0000	0.2013	0.1782	0.0230	0.0427	0.0403	0.0024	0.1586	0.1379	0.0207	0.0630	0.0237	0.0393	0.0148	0.0125	0.0023	0.0482	0.0112	0.0370	0.0000	0.0000	0.0000	0.0000	0.0000	0.0000	0.0000	0.0000	0.0000	0.0000	0.0000	0.0000	0.0000	0.0000	0.0000	0.0000	0.0000	0.0000											
34	67	0.1397	3	1	1	1	0	0	0	0	0	N	N	N	N	N	N	N	N	N	N	N	N	0.0000	0.0000	0.0000	0.0000	0.0000	0.0000	0.0000	0.0000	0.0000	0.0000	0.0000	0.0000	0.0000	0.0000	0.0000	0.0000	0.0000	0.0000	0.0000	0.0000	4.9334	3.0650	5.0001	1.0636	0.0000	0.0000	0.0000	0.0000	0.0000	0.0000	0.0000	0.0000	0.0000	0.0000	0.0000	0.0000	0.0000	0.0000	0.0000	0.0000	0.0000	0.0000	0.2745	0.2430	0.0315	0.0758	0.0717	0.0041	0.1986	0.1712	0.0274	0.0880	0.0294	0.0586	0.0131	0.0086	0.0046	0.0749	0.0209	0.0540	0.0000	0.0000	0.0000	0.0000	0.0000	0.0000	0.0000	0.0000	0.0000	0.0000	0.0000	0.0000	0.0000	0.0000	0.0000	0.0000	0.0000	0.0000											
34	68	0.1468	3	0	2	0	1	0	0	0	0	N	Y	N	N	N	N	N	N	N	N	N	N	0.2070	0.0000	1.1572	0.2608	0.0000	0.0867	0.2704	1.4712	0.0334	0.0000	0.3035	0.0045	0.0000	0.0555	0.0532	0.0000	0.4098	0.1614	0.0011	0.2623	0.0173	0.0029	0.6397	0.1965	0.0000	0.2785	inf	367.1250	0.0112	0.0073	4.9334	2.7513	5.0001	4.0954	0.0140	0.0000	0.0140	0.0008	0.0000	0.0008	0.0132	0.0000	0.0132	0.0295	0.0001	0.0294	0.0006	0.0001	0.0005	0.0288	0.0000	0.0288	0.4178	0.3719	0.0460	0.1696	0.1558	0.0138	0.2482	0.2160	0.0322	0.1825	0.0705	0.1120	0.0358	0.0274	0.0085	0.1467	0.0432	0.1035	0.2070	0.0000	1.1572	0.2608	0.0000	0.8697	0.2704	0.0000	1.4712	0.1614	0.0011	0.2623	0.0173	0.0029	0.0638	0.1965	0.0000	0.2785	
34	71	0.1397	3	0	2	0	0	0	0	0	0	N	Y	N	N	N	N	N	N	N	N	N	N	0.0000	0.0000	0.0000	0.0000	0.0000	0.0000	0.0000	0.0000	0.0000	0.0000	0.0000	0.0000	0.0000	0.0000	0.0000	0.0000	0.0000	0.0000	0.0000	0.0000	4.9334	2.0000	5.0001	3.0000	0.0000	0.0000	0.0000	0.0000	0.0000	0.0000	0.0000	0.0000	0.0000	0.0000	0.0000	0.0000	0.0000	0.0000	0.0000	0.0000	0.0000	0.0000	0.1818	0.1609	0.0209	0.0505	0.0479	0.0027	0.1313	0.1131	0.0182	0.1052	0.0352	0.0700	0.0157	0.0102	0.0055	0.0895	0.0250	0.0645	0.0000	0.0000	0.0000	0.0000	0.0000	0.0000	0.0000	0.0000	0.0000	0.0000	0.0000	0.0000	0.0000	0.0000	0.0000	0.0000	0.0000	0.0000											
34	72	0.1129	2	0	1	0	0	0	0	0	0	N	N	N	N	N	N	N	N	N	N	N	N	207.8890	6695.9539	0.0000	1729.0465	7086.4277	0.0000	32.3606	inf	0.0000	1.2567	1.4054	0.0000	3.6292	3.8812	0.0000	0.2236	0.2552	0.0000	0.0060	0.0002	0.0093	0.0021	0.0005	0.0562	0.0069	0.0000	0.0095	0.0000	79.0000	-0.1495	0.0002	4.9334	4.7932	5.0001	0.2507	0.7557	0.7557	0.0000	0.6620	0.6620	0.0000	0.0937	0.0937	0.0000	0.0008	0.0000	0.0008	0.0001	0.0000	0.0000	0.0008	0.0000	0.0008	0.6014	0.5377	0.0636	0.1824	0.1706	0.0118	0.4190	0.3672	0.0518	0.1323	0.0476	0.0847	0.0238	0.0183	0.0056	0.1085	0.0294	0.0791	207.8890	6695.9539	0.0000	1729.0465	7086.4277	0.0000	32.3606	inf	0.0000	0.0060	0.0002	0.0093	0.0021	0.0005	0.0072	0.0069	0.0000	0.0095
34	74	0.0892	2	0	2	0	0	0	0	0	0	N	Y	N	N	N	N	N	N	N	N	N	N	10853.8340	3816.2596	inf	1051.1679	1126.0906	inf	inf	inf	inf	1.2982	1.4649	0.0301	1.7734	1.9516	0.0087	0.8001	0.9249	0.0446	0.0001	0.0004	0.0000	0.0017	0.0017	0.0000	0.0000	0.0000	0.0000	0.0027	0.0000	-0.1247	-0.0000	4.9334	1.8678	5.0001	4.6278	0.6389	0.6372	0.0017	0.4467	0.4465	0.0002	0.1922	0.1907	0.0015	0.0000	0.0000	0.0000	0.0000	0.0000	0.0000	0.0000	0.0000	0.0000	0.4921	0.4350	0.0572	0.2519	0.2288	0.0231	0.2403	0.2062	0.0341	0.1672	0.0521	0.1151	0.0119	0.0115	0.0003	0.1554	0.0406	0.1148	10853.8340	3816.2596	inf	1051.1679	1126.0906	inf	inf	inf	inf	0.0001	0.0004	0.0000	0.0017	0.0017	0.0000	0.0000	0.0000	0.0000
34	78	0.1929	5	1	2	0	1	0	0	0	0	N	Y	N	N	N	N	N	N	N	N	N	N	0.3942	0.0000	inf	0.0938	0.0000	inf	0.0001	0.0000	0.0008	0.0004	0.0000	0.0056	0.0000	0.0000	0.0000	0.0002	0.0007	0.0000	0.0038	0.0059	0.0000	0.0000	0.0000	0.0000	inf	0.0000	0.0000	-0.0000	4.9334	1.0000	5.0001	2.0144	0.0000	0.0000	0.0000	0.0000	0.0000	0.0000	0.0000	0.0000	0.0000	0.0000	0.0000	0.0000	0.0000	0.0000	0.0000	0.0000	0.0000	0.0000	0.1147	0.1015	0.0132	0.0283	0.0266	0.0018	0.0864	0.0749	0.0114	0.0904	0.0305	0.0599	0.0053	0.0034	0.0019	0.0851	0.0272	0.0580	0.3942	0.0000	inf	0.0938	0.0000	inf	0.0000	0.0000	0.0000	0.0002	0.0007	0.0000	0.0038	0.0059	0.0000	0.0000	0.0000	0.0000			
34	79	0.1707	4	1	2	0	1	0	0	0	0	N	Y	N	N	N	N	N	N	N	N	N	N	5480.0370	4148.4635	0.0000	inf	inf	0.0000	0.0000	0.0000	1.2178	1.3771	0.0000	4.8704	5.1979	0.0000	0.0000	0.0000	0.0000	0.0002	0.0003	0.0002	0.0000	0.0000	0.0000	0.0002	0.0092	0.0002	0.0000	1.0000	-0.0000	-0.0000	4.9334	0.0001	5.0001	3.0180	0.0000	0.0000	0.0000	0.0000	0.0000	0.0000	0.0000	0.0000	0.0000	0.0000	0.0000	0.0000	0.0000	0.0000	0.0000	0.0000	0.0000	0.0000	0.0000	0.0000	0.0000	0.0000	0.0000	0.0000	0.0000	0.0000	0.0000	0.0900	0.0301	0.0599	0.0048	0.0029	0.0019	0.0852	0.0272	0.0580	5480.0370	4148.4635	0.0000	inf	inf	0.0000	0.0000	0.0000	0.0000	0.0002	0.0003	0.0002	0.0000	0.0000	0.0000	0.0002	0.0004	0.0002	
34	80	0.1927	6	0	2	0	1	0	0	0	0	N	Y	N	N	N	N	N	N	N	N	N	N	0.0000	0.0000	0.0000	0.0000	0.0000	0.0000	0.0000	0.0000	0.0000	0.0000	0.0000	0.0000	0.0000	0.0000	0.0000	0.0000	0.0000	0.0000	0.0000	0.0000	4.9334	0.0000	5.0001	0.0000	0.0000	0.0000	0.0000	0.0000	0.0000	0.0000	0.0000	0.0000	0.0000	0.0000	0.0000	0.0000	0.0000	0.0000	0.0000	0.0000	0.0000	0.0000	0.0000	0.0000	0.0000	0.0000	0.0000	0.0000	0.0000	0.0000	0.0000	0.0000	0.0000	0.0000	0.0000	0.0000	0.0000	0.0000	0.0000	0.0000	0.0000	0.0000	0.0000	0.0000	0.0000	0.0000	0.0000	0.0000	0.0000	0.0000	0.0000	0.0000	0.0000	0.0000	0.0000	0.0000	0.0000	0.0000											
34	81	0.1707	4	0	1	1	1	0	0	0	0	N	N	N	N	N	N	N	N	N	N	N	N	0.0000	0.0000	0.0000	0.0000	0.0000	0.0000	0.0000	0.0000	0.0000	0.0000	0.0000	0.0000	0.0000	0.0000	0.0000	0.0000	0.0000	0.0000	0.0000	0.0000	4.9334	2.0000	5.0001	0.0000	0.0000	0.0000	0.0000	0.0000	0.0000	0.0000	0.0000	0.0000	0.0000	0.0000	0.0000	0.0000	0.0000	0.0000	0.0000	0.0000	0.0000	0.0000	0.2244	0.1987	0.0257	0.0548	0.0514	0.0034	0.1696	0.1473	0.0223	0.0608	0.0203	0.0405	0.0032	0.0019	0.0012	0.0576	0.0184	0.0392	0.0000	0.0000	0.0000	0.0000	0.0000	0.0000	0.0000	0.0000	0.0000	0.0000	0.0000	0.0000	0.0000	0.0000	0.0000	0.0000	0.0000	0.0000											
34	82	0.1707	4	0	1	1	1	0	0	0	0	N	N	N	N	N	N	N	N	N	N	N	N	0.0000	0.0000	0.0000	0.0000	0.0000	0.0000	0.0000	0.0000	0.0000	0.0000	0.0000	0.0000	0.0000	0.0000	0.0000	0.0000	0.0000	0.0000	0.0000	0.0000	4.9334	0.0000	5.0001	4.0000	0.0000	0.0000	0.0000	0.0000	0.0000	0.0000	0.0000	0.0000	0.0000	0.0000	0.0000	0.0000	0.0000	0.0000	0.0000	0.0000	0.0000	0.0000	0.0000	0.0000	0.0000	0.0000	0.0000	0.0000	0.0000	0.0000	0.0000	0.1171	0.0392	0.0779	0.0062	0.0038	0.0025	0.1109	0.0355	0.0754	0.0000	0.0000	0.0000	0.0000	0.0000	0.0000	0.0000	0.0000	0.0000	0.0000	0.0000	0.0000	0.0000	0.0000	0.0000	0.0000	0.0000	0.0000											
34	83	0.1927	6	0	1	1	1	0	0	0	0	N	N	N	N	N	N	N	N	N	N	N	N	0.0000	0.0000	0.0000	0.0000	0.0000	0.0000	0.0000	0.0000	0.0000	0.0000	0.0000	0.0000	0.0000	16.5620	50.4417	0.0000	0.0000	0.0000	0.0000	17.3546	54.3760	0.0000	0.0000	0.0000	-0.7489	4.9334	0.0000	5.0001	2.0000	0.0000	0.0000	0.0000	0.0000	0.0000	0.0000	0.0000	0.0000	0.0000	1.0000	1.0000	0.0000	0.0000	0.0000	0.0000	1.0000	1.0000	0.0000	0.0000	0.0000	0.0000	0.0000	0.0000	0.0000	0.0000	0.0000	0.0000	0.0604	0.0198	0.0406	0.0028	0.0014	0.0013	0.0576	0.0184	0.0392	0.0000	0.0000	0.0000	0.0000	0.0000	0.0000	0.0000	0.0000	0.0000	16.5620	50.4417	0.0000	0.0000	0.0000	0.0000	17.3546	54.3760	0.0000						
34	84	0.1854	5	0	1	0	1	0	0	0	0	N	N	N	N	N	N	N	N	N	N	N	N	0.0000	0.0000	0.0000	0.0000	0.0000	0.0000	0.0000	0.0000	0.0000	0.0000	0.0000	0.0000	0.0000	0.0000	0.0000	0.0000	0.0000	0.0000	0.0000	0.0000	4.9334	1.0000	5.0001	0.0015	0.0000	0.0000	0.0000	0.0000	0.0000	0.0000	0.0000	0.0000	0.0000	0.0000	0.0000	0.0000	0.0000	0.0000	0.0000	0.0000	0.0000	0.0000	0.1147	0.1015	0.0132	0.0283	0.0266	0.0018	0.0864	0.0749	0.0114	0.0313	0.0104	0.0209	0.0017	0.0010	0.0007	0.0296	0.0094	0.0202	0.0000	0.0000	0.0000	0.0000	0.0000	0.0000	0.0000	0.0000	0.0000	0.0000	0.0000	0.0000	0.0000	0.0000	0.0000	0.0000	0.0000	0.0000											
34	85	0.1707	4	0	1	0	1	0	0	0	0	N	N	N	N	N	N	N	N	N	N	N	N	0.0000	0.0000	0.0000	0.0000	0.0000	0.0000	0.0000	0.0000	0.0000	0.0000	0.0000	0.0000	0.0000	0.0000	0.0000	0.0000	0.0000	0.0000	0.0000	0.0000	4.9334	0.0000	5.0001	2.0013	0.0000	0.0000	0.0000	0.0000	0.0000	0.0000	0.0000	0.0000	0.0000	0.0000	0.0000	0.0000	0.0000	0.0000	0.0000	0.0000	0.0000	0.0000	0.0000	0.0000	0.0000	0.0000	0.0000	0.0000	0.0000	0.0000	0.0000	0.0608	0.0203	0.0405	0.0032	0.0019	0.0012	0.0577	0.0184	0.0393	0.0000	0.0000	0.0000	0.0000	0.0000	0.0000	0.0000	0.0000	0.0000	0.0000	0.0000	0.0000	0.0000	0.0000	0.0000	0.0000	0.0000	0.0000											
34	86	0.2105	4	1	2	0	0	0	0	0	0	N	Y	N	N	N	N	N	N	N	N	N	N	1978.5845	905.9861	inf	218.9349	111.5380	inf	inf	inf	0.7869	0.7811	0.8395	0.2987	0.1593	1.6256	1.3510	1.5058	0.0000	0.0004	0.0009	0.0000	0.0014	0.0014	0.0000	0.0000	0.0000	0.0000	0.1176	0.0000	-0.0000	-0.0000	4.9334	0.0007	5.0001	0.9812	0.0002	0.0002	0.0000	0.0000	0.0000	0.0000	0.0002	0.0002	0.0000	0.0000	0.0000	0.0000	0.0000	0.0000	0.0000	0.0000	0.0000	0.0000	0.0002	0.0002	0.0000	0.0001	0.0001	0.0000	0.0001	0.0001	0.0000	0.0503	0.0232	0.0271	0.0147	0.0140	0.0007	0.0356	0.0092	0.0264	1978.5845	905.9861	inf	218.9349	111.5380	inf	inf	inf	0.0000	0.0004	0.0009	0.0000	0.0014	0.0014	0.0000	0.0000	0.0000	0.0000	
34	87	0.1547	3	1	2	0	0	0	0	0	0	N	Y	N	N	N	N	N	N	N	N	N	N	942.2182	363.6362	125.8190	4.9897	3.3955	inf	41813.2943	990.8291	81.1409	3.4419	3.8878	0.0096	0.2874	0.3037	0.0307	4.5200	5.2178	0.0064	0.0037	0.0107	0.0001	0.0576	0.0895	0.0000	0.0001	0.0053	0.0001	0.0003	0.0141	-0.3794	-0.0005	4.9334	5.0272	5.0001	2.1572	1.9209	1.9203	0.0006	0.0409	0.0406	0.0003	1.8801	1.8797	0.0004	0.0007	0.0007	0.0000	0.0007	0.0007	0.0000	0.0000	0.0000	0.0000	0.5581	0.4939	0.0642	0.1422	0.1337	0.0085	0.4159	0.3602	0.0557	0.1971	0.0664	0.1307	0.0122	0.0078	0.0043	0.1849	0.0586	0.1264	942.2182	363.6362	125.8190	4.9897	3.3955	inf	41813.2943	30587.2659	81.1409	0.0037	0.0107	0.0001	0.0576	0.0895	0.0000	0.0001	0.0002	0.0001
34	88	0.2080	5	0	2	0	0	0	0	0	0	N	Y	N	N	N	N	N	N	N	N	N	N	0.0000	0.0000	0.0000	0.0000	0.0000	0.0000	0.0000	0.0000	0.0000	0.0000	0.0000	0.0000	0.0000	0.0000	0.0000	0.0000	0.0000	0.0000	0.0000	0.0000	4.9334	0.0000	5.0001	4.0000	0.0000	0.0000	0.0000	0.0000	0.0000	0.0000	0.0000	0.0000	0.0000	0.0000	0.0000	0.0000	0.0000	0.0000	0.0000	0.0000	0.0000	0.0000	0.0000	0.0000	0.0000	0.0000	0.0000	0.0000	0.0000	0.0000	0.0000	0.1176	0.0401	0.0774	0.0086	0.0058	0.0028	0.1090	0.0344	0.0746	0.0000	0.0000	0.0000	0.0000	0.0000	0.0000	0.0000	0.0000	0.0000	0.0000	0.0000	0.0000	0.0000	0.0000	0.0000	0.0000	0.0000	0.0000											
34	89	0.1707	4	0	2	0	0	0	0	0	0	N	Y	N	N	N	N	N	N	N	N	N	N	0.0000	0.0000	0.0000	0.0000	0.0000	0.0000	0.0000	0.0000	0.0000	0.0000	0.0000	0.0000	0.0000	0.0000	0.0000	0.0000	0.0000	0.0000	0.0000	0.0000	4.9334	3.0000	5.0001	2.0000	0.0000	0.0000	0.0000	0.0000	0.0000	0.0000	0.0000	0.0000	0.0000	0.0000	0.0000	0.0000	0.0000	0.0000	0.0000	0.0000	0.0000	0.0000	0.3294	0.2918	0.0376	0.0795	0.0746	0.0049	0.2499	0.2172	0.0327	0.1437	0.0482	0.0955	0.0077	0.0047	0.0030	0.1360	0.0435	0.0924	0.0000	0.0000	0.0000	0.0000	0.0000	0.0000	0.0000	0.0000	0.0000	0.0000	0.0000	0.0000	0.0000	0.0000	0.0000	0.0000	0.0000	0.0000											
34	90	0.1707	4	1	2	0	0	0	0	0	0	N	Y	N	N	N	N	N	N	N	N	N	N	0.0000	0.0000	0.0000	0.0000	0.0000	0.0000	0.0000	0.0000	0.0000	0.0000	0.0000	0.0000	0.0000	0.0000	0.0000	0.0000	0.0000	0.0000	0.0000	0.0000	4.9334	2.0000	5.0001	3.0000	0.0000	0.0000	0.0000	0.0000	0.0000	0.0000	0.0000	0.0000	0.0000	0.0000	0.0000	0.0000	0.0000	0.0000	0.0000	0.0000	0.0000	0.0000	0.2244	0.1987	0.0257	0.0548	0.0514	0.0034	0.1696	0.1473	0.0223	0.1437	0.0482	0.0955	0.0077	0.0047	0.0030	0.1360	0.0435	0.0924	0.0000	0.0000	0.0000	0.0000	0.0000	0.0000	0.0000	0.0000	0.0000	0.0000	0.0000	0.0000	0.0000	0.0000	0.0000	0.0000	0.0000	0.0000											
34	91	0.1547	3	0	1	0	0	0	0	0	0	N	N	N	N	N	N	N	N	N	N	N	N	19.0890	7.4091	inf	4.8469	3.7145	inf	inf	inf	0.2042	0.2294	0.0189	0.7080	0.7486	0.0582	0.0018	0.0000	0.0125	0.0107	0.0310	0.0000	0.1461	0.2015	0.0000	0.0000	0.0000	0.0000	0.0112	0.0000	-0.0101	-0.0005	4.9334	2.0705	5.0001	0.0351	0.0541	0.0535	0.0006	0.0538	0.0535	0.0003	0.0003	0.0000	0.0003	0.0007	0.0007	0.0000	0.0007	0.0007	0.0000	0.0000	0.0000	0.0000	0.2649	0.2332	0.0317	0.0759	0.0715	0.0045	0.1890	0.1617	0.0273	0.0654	0.0226	0.0428	0.0048	0.0035	0.0013	0.0606	0.0191	0.0415	19.0890	7.4091	inf	4.8469	3.7145	inf	inf	0.0000	inf	0.0107	0.0310	0.0000	0.1461	0.2015	0.0000	0.0000	0.0000	0.0000	
34	92	0.1293	2	0	1	0	0	0	0	0	0	N	N	N	N	N	N	N	N	N	N	N	N	0.7832	0.2280	111.6587	0.1538	0.1338	124.5162	28.5805	0.2648	129.5320	0.2432	0.1696	0.8426	0.3461	0.3581	0.1456	0.1799	0.0421	1.0129	0.3105	0.7437	0.0075	2.2503	2.6763	0.0012	0.0063	0.1588	0.0078	0.6101	0.0145	0.0237	-0.0283	4.9334	3.4249	5.0001	0.1413	0.1308	0.0812	0.0496	0.0709	0.0692	0.0017	0.0599	0.0120	0.0479	0.0385	0.0380	0.0006	0.0379	0.0378	0.0000	0.0007	0.0001	0.0005	0.5377	0.4789	0.0588	0.2048	0.1933	0.0115	0.3329	0.2856	0.0473	0.1241	0.0511	0.0730	0.0168	0.0141	0.0027	0.1072	0.0369	0.0703	0.7832	0.2280	111.6587	0.1538	0.1338	401.4407	28.5805	12.4120	129.5320	0.3105	0.7437	0.0075	2.2503	2.6763	0.0004	0.0063	0.0034	0.0078
34	98	0.2662	7	0	1	0	0	0	0	0	0	N	N	N	N	N	N	N	N	N	N	N	N	36.0221	28.7571	0.0000	31.7831	32.4564	0.0000	2.1821	inf	0.0000	1.6463	1.8328	0.0000	3.4135	3.7288	0.0000	0.0189	0.0214	0.0000	0.0457	0.0637	0.0222	0.1074	0.1149	0.6744	0.0087	0.0000	0.0145	0.0000	0.2662	-0.2761	-0.0104	4.9334	4.9999	5.0001	9.0821	1.3958	1.3958	0.0000	1.3874	1.3874	0.0000	0.0084	0.0084	0.0000	0.0193	0.0152	0.0041	0.0170	0.0152	0.0018	0.0023	0.0000	0.0023	0.8478	0.7615	0.0863	0.4064	0.3721	0.0344	0.4414	0.3895	0.0519	0.4225	0.2393	0.1832	0.1585	0.1327	0.0257	0.2640	0.1065	0.1575	36.0221	28.7571	0.0000	31.7831	32.4564	0.0000	2.1821	inf	0.0000	0.0457	0.0637	0.0222	0.1074	0.1149	0.0688	0.0087	0.0000	0.0145
35	37	0.0272	2	2	0	2	0	0	0	0	0	Y	N	Y	N	N	N	N	N	N	N	N	N	0.0000	0.0000	0.0000	0.0000	0.0000	0.0000	0.0000	0.0000	0.0000	0.0000	0.0000	0.0000	0.0000	0.3041	0.9623	0.0000	2.3930	2.8033	0.0000	0.0000	0.0000	0.0000	0.0000	0.0000	-0.0063	0.0009	1.0000	1.9867	3.0000	0.0000	0.0000	0.0000	0.0000	0.0000	0.0000	0.0000	0.0000	0.0000	0.0084	0.0084	0.0000	0.0084	0.0084	0.0000	0.0000	0.0000	0.0000	0.0000	0.0000	0.0000	0.0000	0.0000	0.0000	0.0000	0.0000	0.0000	0.0278	0.0088	0.0190	0.0035	0.0030	0.0005	0.0242	0.0058	0.0185	0.0000	0.0000	0.0000	0.0000	0.0000	0.0000	0.0000	0.0000	0.0000	0.3041	0.9623	0.0000	2.3930	2.8033	0.0000	0.0000	0.0000	0.0000						
35	38	0.0977	4	1	0	2	0	0	0	0	0	N	N	Y	N	N	N	N	N	N	N	N	N	0.0000	0.0000	0.0000	0.0000	0.0000	0.0000	0.0000	0.0000	0.0000	0.0000	0.0000	0.0000	0.0000	0.0594	0.1568	0.0000	0.3186	0.3558	0.0000	0.0000	0.0000	0.0000	0.0000	0.0000	-0.0017	0.0009	3.0666	1.9867	2.9999	0.0000	0.0000	0.0000	0.0000	0.0000	0.0000	0.0000	0.0000	0.0000	0.0023	0.0023	0.0000	0.0023	0.0023	0.0000	0.0000	0.0000	0.0000	0.0001	0.0001	0.0000	0.0000	0.0000	0.0000	0.0001	0.0000	0.0000	0.0382	0.0145	0.0238	0.0071	0.0064	0.0007	0.0311	0.0081	0.0230	0.0000	0.0000	0.0000	0.0000	0.0000	0.0000	0.0000	0.0000	0.0000	0.0594	0.1568	0.0000	0.3186	0.3558	0.0000	0.0000	0.0000	0.0000						
35	39	0.0977	4	1	1	1	0	0	0	0	0	N	N	N	N	N	N	N	N	N	N	N	N	0.0000	0.0000	0.0000	0.0000	0.0000	0.0000	0.0000	0.0000	0.0000	0.0000	0.0000	0.0000	0.0000	0.0000	0.0000	0.0000	0.0000	0.0008	0.0021	0.0000	0.0043	0.0048	0.0000	0.0000	0.0000	0.0000	0.0068	0.0000	-0.0000	0.0009	3.9334	1.9867	2.0001	0.0000	0.0000	0.0000	0.0000	0.0000	0.0000	0.0000	0.0000	0.0000	0.0000	0.0000	0.0000	0.0000	0.0000	0.0000	0.0000	0.0000	0.0000	0.0001	0.0001	0.0000	0.0001	0.0000	0.0000	0.0001	0.0001	0.0000	0.0375	0.0142	0.0233	0.0070	0.0063	0.0007	0.0305	0.0079	0.0226	0.0000	0.0000	0.0000	0.0000	0.0000	0.0000	0.0000	0.0000	0.0000	0.0008	0.0021	0.0000	0.0043	0.0048	0.0000	0.0000	0.0000	0.0000		
35	40	0.0611	5	2	1	2	0	0	0	0	0	Y	N	Y	N	N	N	N	N	N	N	N	N	0.0000	0.0000	0.0000	0.0000	0.0000	0.0000	0.0000	0.0000	0.0000	0.0000	0.0000	0.0000	0.0000	0.0000	0.0000	0.0000	0.0000	0.0000	0.0000	0.0000	0.0009	0.0000	1.9867	0.0000	0.0000	0.0000	0.0000	0.0000	0.0000	0.0000	0.0000	0.0000	0.0000	0.0000	0.0000	0.0000	0.0000	0.0000	0.0000	0.0000	0.0000	0.0000	0.0000	0.0000	0.0000	0.0000	0.0000	0.0000	0.0000	0.0000	0.0000	0.0000	0.0000	0.0000	0.0000	0.0000	0.0000	0.0000	0.0000	0.0000	0.0000	0.0000	0.0000	0.0000	0.0000	0.0000	0.0000	0.0000	0.0000	0.0000	0.0000	0.0000	0.0000	0.0000	0.0000	0.0000	0.0000	0.0000											
35	41	0.0611	4	2	1	2	0	0	0	0	0	Y	N	Y	N	N	N	N	N	N	N	N	N	0.0000	0.0000	0.0000	0.0000	0.0000	0.0000	0.0000	0.0000	0.0000	0.0000	0.0000	0.0000	0.0000	0.0019	0.0062	0.0000	0.0148	0.0172	0.0000	0.0000	0.0000	0.0000	0.0000	0.0000	-0.0000	0.0009	1.0000	1.9867	1.9999	0.0000	0.0000	0.0000	0.0000	0.0000	0.0000	0.0000	0.0000	0.0000	0.0000	0.0000	0.0000	0.0000	0.0000	0.0000	0.0000	0.0000	0.0000	0.0000	0.0000	0.0000	0.0000	0.0000	0.0000	0.0000	0.0000	0.0000	0.0207	0.0064	0.0142	0.0027	0.0023	0.0004	0.0180	0.0041	0.0138	0.0000	0.0000	0.0000	0.0000	0.0000	0.0000	0.0000	0.0000	0.0000	0.0019	0.0062	0.0000	0.0148	0.0172	0.0000	0.0000	0.0000	0.0000						
35	42	0.2389	7	2	1	1	0	0	0	0	0	Y	N	N	N	N	N	N	N	N	N	N	N	0.0000	0.0000	0.0000	0.0000	0.0000	0.0000	0.0000	0.0000	0.0000	0.0000	0.0000	0.0000	0.0000	0.0000	0.0000	0.0000	0.0000	0.0021	0.0047	0.0000	0.0081	0.0082	0.0024	0.0000	0.0000	0.0000	0.0031	0.0000	-0.0000	0.0009	0.0007	1.9867	2.0242	0.0000	0.0000	0.0000	0.0000	0.0000	0.0000	0.0000	0.0000	0.0000	0.0000	0.0000	0.0000	0.0000	0.0000	0.0000	0.0000	0.0000	0.0000	0.0000	0.0000	0.0000	0.0000	0.0000	0.0000	0.0000	0.0000	0.0000	0.0183	0.0081	0.0102	0.0047	0.0046	0.0001	0.0136	0.0035	0.0101	0.0000	0.0000	0.0000	0.0000	0.0000	0.0000	0.0000	0.0000	0.0000	0.0021	0.0047	0.0000	0.0081	0.0082	0.0006	0.0000	0.0000	0.0000		
35	43	0.1421	5	1	1	1	1	0	0	0	0	N	N	N	N	N	N	N	N	N	N	N	N	0.0000	0.0000	0.0000	0.0000	0.0000	0.0000	0.0000	0.0000	0.0000	0.0000	0.0000	0.0000	0.0000	0.0000	0.0000	0.0000	0.0000	0.0000	0.0000	0.0000	0.0009	0.0000	1.9867	0.0000	0.0000	0.0000	0.0000	0.0000	0.0000	0.0000	0.0000	0.0000	0.0000	0.0000	0.0000	0.0000	0.0000	0.0000	0.0000	0.0000	0.0000	0.0000	0.0000	0.0000	0.0000	0.0000	0.0000	0.0000	0.0000	0.0000	0.0000	0.0000	0.0000	0.0000	0.0000	0.0000	0.0000	0.0000	0.0000	0.0000	0.0000	0.0000	0.0000	0.0000	0.0000	0.0000	0.0000	0.0000	0.0000	0.0000	0.0000	0.0000	0.0000	0.0000	0.0000	0.0000	0.0000	0.0000											
35	44	0.1421	5	1	0	1	1	0	0	0	0	N	N	N	N	N	N	N	N	N	N	N	N	0.0000	0.0000	0.0000	0.0000	0.0000	0.0000	0.0000	0.0000	0.0000	0.0000	0.0000	0.0000	0.0000	0.0000	0.0000	0.0000	0.0000	0.0000	0.0000	0.0000	0.0009	0.0000	1.9867	0.0000	0.0000	0.0000	0.0000	0.0000	0.0000	0.0000	0.0000	0.0000	0.0000	0.0000	0.0000	0.0000	0.0000	0.0000	0.0000	0.0000	0.0000	0.0000	0.0000	0.0000	0.0000	0.0000	0.0000	0.0000	0.0000	0.0000	0.0000	0.0000	0.0000	0.0000	0.0000	0.0000	0.0000	0.0000	0.0000	0.0000	0.0000	0.0000	0.0000	0.0000	0.0000	0.0000	0.0000	0.0000	0.0000	0.0000	0.0000	0.0000	0.0000	0.0000	0.0000	0.0000	0.0000	0.0000											
35	45	0.0977	4	1	0	1	1	0	0	0	0	N	N	N	N	N	N	N	N	N	N	N	N	0.0000	0.0000	0.0000	0.0000	0.0000	0.0000	0.0000	0.0000	0.0000	0.0000	0.0000	0.0000	0.0000	0.2445	0.6459	0.0000	1.3198	1.4747	0.0000	0.0000	0.0000	0.0000	0.0000	0.0000	-0.0080	0.0009	3.0666	1.9867	3.9999	0.0000	0.0000	0.0000	0.0000	0.0000	0.0000	0.0000	0.0000	0.0000	0.0107	0.0107	0.0000	0.0107	0.0107	0.0000	0.0000	0.0000	0.0000	0.0001	0.0001	0.0000	0.0000	0.0000	0.0000	0.0001	0.0000	0.0000	0.0438	0.0166	0.0272	0.0081	0.0073	0.0009	0.0357	0.0093	0.0263	0.0000	0.0000	0.0000	0.0000	0.0000	0.0000	0.0000	0.0000	0.0000	0.2445	0.6459	0.0000	1.3198	1.4747	0.0000	0.0000	0.0000	0.0000						
35	46	0.0272	2	2	0	2	0	0	0	0	0	Y	N	Y	N	N	N	N	N	N	N	N	N	0.0000	0.0000	0.0000	0.0000	0.0000	0.0000	0.0000	0.0000	0.0000	0.0000	0.0000	0.0000	0.0000	0.0021	0.0066	0.0000	0.0164	0.0191	0.0000	0.0000	0.0000	0.0000	0.0000	0.0000	-0.0000	0.0009	0.0000	1.9867	2.0000	0.0000	0.0000	0.0000	0.0000	0.0000	0.0000	0.0000	0.0000	0.0000	0.0000	0.0000	0.0000	0.0000	0.0000	0.0000	0.0000	0.0000	0.0000	0.0000	0.0000	0.0000	0.0000	0.0000	0.0000	0.0000	0.0000	0.0000	0.0144	0.0045	0.0099	0.0018	0.0016	0.0003	0.0126	0.0030	0.0096	0.0000	0.0000	0.0000	0.0000	0.0000	0.0000	0.0000	0.0000	0.0000	0.0021	0.0066	0.0000	0.0164	0.0191	0.0000	0.0000	0.0000	0.0000						
35	47	0.0958	5	2	1	1	0	0	0	0	0	Y	N	N	N	N	N	N	N	N	N	N	N	0.0000	0.0000	0.0000	0.0000	0.0000	0.0000	0.0000	0.0000	0.0000	0.0000	0.0000	0.0000	0.0000	0.0000	0.0000	0.0000	0.0006	0.0013	0.0000	0.0022	0.0024	0.0000	0.0000	0.0000	0.0000	0.0090	0.0000	-0.0000	0.0009	0.9991	1.9867	2.0273	0.0000	0.0000	0.0000	0.0000	0.0000	0.0000	0.0000	0.0000	0.0000	0.0000	0.0000	0.0000	0.0000	0.0000	0.0000	0.0000	0.0000	0.0000	0.0000	0.0000	0.0000	0.0000	0.0000	0.0000	0.0000	0.0000	0.0000	0.0177	0.0079	0.0098	0.0046	0.0042	0.0004	0.0131	0.0037	0.0094	0.0000	0.0000	0.0000	0.0000	0.0000	0.0000	0.0000	0.0000	0.0000	0.0006	0.0013	0.0000	0.0022	0.0024	0.0000	0.0000	0.0000	0.0000			
35	48	0.0582	4	2	1	1	0	0	0	0	0	Y	N	N	N	N	N	N	N	N	N	N	N	0.0575	0.0000	2.8940	0.0000	0.0000	0.0000	0.8161	0.0000	2.9857	0.0001	0.0000	0.0010	0.0000	0.0000	0.0000	0.0002	0.0000	0.0011	0.0024	0.0060	0.0004	0.0107	0.0117	0.0000	0.0003	0.0001	0.0004	inf	0.1031	0.0000	-0.0001	0.0009	3.1828	1.9867	3.1571	0.0000	0.0000	0.0000	0.0000	0.0000	0.0000	0.0000	0.0000	0.0000	0.0001	0.0001	0.0000	0.0001	0.0001	0.0000	0.0000	0.0000	0.0000	0.0001	0.0001	0.0000	0.0001	0.0001	0.0000	0.0001	0.0001	0.0000	0.0446	0.0163	0.0282	0.0091	0.0083	0.0008	0.0354	0.0080	0.0274	0.0575	0.0000	2.8940	0.0000	0.0000	0.0000	0.8161	0.0000	2.9857	0.0024	0.0060	0.0004	0.0107	0.0117	0.0000	0.0003	0.0000	0.0004
35	49	0.0540	3	1	1	1	0	0	0	0	0	N	N	N	N	N	N	N	N	N	N	N	N	0.0767	0.0606	0.0000	0.1225	0.1199	0.0000	0.0000	0.0000	0.0000	0.0003	0.0004	0.0000	0.0007	0.0007	0.0000	0.0000	0.0000	0.0000	0.0044	0.0062	0.0032	0.0055	0.0058	0.0003	0.0040	0.2548	0.0033	0.0000	0.7627	-0.0000	-0.0000	0.0009	0.8922	1.9867	1.0748	0.0000	0.0000	0.0000	0.0000	0.0000	0.0000	0.0000	0.0000	0.0000	0.0001	0.0001	0.0000	0.0000	0.0000	0.0000	0.0001	0.0000	0.0000	0.0001	0.0000	0.0000	0.0000	0.0000	0.0000	0.0000	0.0000	0.0000	0.0214	0.0086	0.0128	0.0061	0.0059	0.0003	0.0152	0.0027	0.0125	0.0767	0.0606	0.0000	0.1225	0.1199	0.0000	0.0000	0.0000	0.0000	0.0044	0.0062	0.0032	0.0055	0.0058	0.0002	0.0040	0.0072	0.0033
35	50	0.0272	2	1	1	1	0	0	0	0	0	N	N	N	N	N	N	N	N	N	N	N	N	0.0000	0.0000	0.0000	0.0000	0.0000	0.0000	0.0000	0.0000	0.0000	0.0000	0.0000	0.0000	0.0000	0.0000	0.0000	0.0000	0.0000	0.0000	0.0000	0.0000	0.0009	0.0000	1.9867	0.0000	0.0000	0.0000	0.0000	0.0000	0.0000	0.0000	0.0000	0.0000	0.0000	0.0000	0.0000	0.0000	0.0000	0.0000	0.0000	0.0000	0.0000	0.0000	0.0000	0.0000	0.0000	0.0000	0.0000	0.0000	0.0000	0.0000	0.0000	0.0000	0.0000	0.0000	0.0000	0.0000	0.0000	0.0000	0.0000	0.0000	0.0000	0.0000	0.0000	0.0000	0.0000	0.0000	0.0000	0.0000	0.0000	0.0000	0.0000	0.0000	0.0000	0.0000	0.0000	0.0000	0.0000	0.0000											
35	51	0.0272	2	2	1	1	0	0	0	0	0	Y	N	N	N	N	N	N	N	N	N	N	N	0.0000	0.0000	0.0000	0.0000	0.0000	0.0000	0.0000	0.0000	0.0000	0.0000	0.0000	0.0000	0.0000	0.3034	0.9600	0.0000	2.3874	2.7967	0.0000	0.0000	0.0000	0.0000	0.0000	0.0000	-0.0063	0.0009	1.0000	1.9867	3.0000	0.0000	0.0000	0.0000	0.0000	0.0000	0.0000	0.0000	0.0000	0.0000	0.0084	0.0084	0.0000	0.0084	0.0084	0.0000	0.0000	0.0000	0.0000	0.0000	0.0000	0.0000	0.0000	0.0000	0.0000	0.0000	0.0000	0.0000	0.0278	0.0088	0.0190	0.0035	0.0030	0.0005	0.0242	0.0058	0.0185	0.0000	0.0000	0.0000	0.0000	0.0000	0.0000	0.0000	0.0000	0.0000	0.3034	0.9600	0.0000	2.3874	2.7967	0.0000	0.0000	0.0000	0.0000						
35	52	0.1543	5	1	0	1	0	0	0	0	0	N	N	N	N	N	N	N	N	N	N	N	N	0.0000	0.0000	0.0000	0.0000	0.0000	0.0000	0.0000	0.0000	0.0000	0.0000	0.0000	0.0000	0.0000	0.0000	0.0000	0.0000	0.0000	0.0000	1.4661	3.1844	0.0001	5.0895	6.1345	0.0001	0.0001	0.0055	0.0001	0.0000	0.0000	-0.0411	0.0009	3.0179	1.9867	1.1627	0.0000	0.0000	0.0000	0.0000	0.0000	0.0000	0.0000	0.0000	0.0000	0.0549	0.0549	0.0000	0.0549	0.0549	0.0000	0.0000	0.0000	0.0000	0.0001	0.0001	0.0000	0.0000	0.0000	0.0000	0.0001	0.0000	0.0000	0.0374	0.0172	0.0202	0.0108	0.0089	0.0018	0.0266	0.0083	0.0184	0.0000	0.0000	0.0000	0.0000	0.0000	0.0000	0.0000	0.0000	0.0000	1.4661	3.1844	0.0001	5.0895	6.1345	0.0001	0.0001	0.0002	0.0001	
35	53	0.0272	2	2	1	2	0	0	0	0	0	Y	N	Y	N	N	N	N	N	N	N	N	N	0.0000	0.0000	0.0000	0.0000	0.0000	0.0000	0.0000	0.0000	0.0000	0.0000	0.0000	0.0000	0.0000	0.0000	0.0000	0.0000	0.0000	0.0000	0.0000	0.0000	0.0009	4.0000	1.9867	1.0000	0.0000	0.0000	0.0000	0.0000	0.0000	0.0000	0.0000	0.0000	0.0000	0.0000	0.0000	0.0000	0.0000	0.0000	0.0000	0.0000	0.0000	0.0000	0.0001	0.0001	0.0000	0.0000	0.0000	0.0000	0.0001	0.0001	0.0000	0.0340	0.0108	0.0233	0.0043	0.0037	0.0006	0.0297	0.0071	0.0226	0.0000	0.0000	0.0000	0.0000	0.0000	0.0000	0.0000	0.0000	0.0000	0.0000	0.0000	0.0000	0.0000	0.0000	0.0000	0.0000	0.0000	0.0000											
35	54	0.1543	5	1	1	1	0	0	0	0	0	N	N	N	N	N	N	N	N	N	N	N	N	0.0000	0.0000	0.0000	0.0000	0.0000	0.0000	0.0000	0.0000	0.0000	0.0000	0.0000	0.0000	0.0000	0.0000	0.0000	0.0000	0.0000	0.0000	30.8557	77.1447	0.0000	0.1323	0.1618	0.0000	39.9443	144.5552	0.0000	0.0000	0.0000	-1.4370	0.0009	2.0683	1.9867	6.9961	0.0000	0.0000	0.0000	0.0000	0.0000	0.0000	0.0000	0.0000	0.0000	1.9187	1.9187	0.0000	0.0019	0.0019	0.0000	1.9169	1.9169	0.0000	0.0001	0.0001	0.0000	0.0000	0.0000	0.0000	0.0000	0.0000	0.0000	0.0622	0.0249	0.0373	0.0142	0.0116	0.0026	0.0480	0.0133	0.0347	0.0000	0.0000	0.0000	0.0000	0.0000	0.0000	0.0000	0.0000	0.0000	30.8557	77.1447	0.0000	0.1323	0.1618	0.0000	39.9443	144.5552	0.0000	
35	55	0.0977	4	1	0	1	0	0	0	0	0	N	N	N	N	N	N	N	N	N	N	N	N	0.0000	0.0000	0.0000	0.0000	0.0000	0.0000	0.0000	0.0000	0.0000	0.0000	0.0000	0.0000	0.0000	0.0000	0.0000	0.0000	0.0000	0.0000	1.0759	2.7885	0.0329	0.3205	0.3585	0.0012	1.2454	4.6434	0.0340	0.0194	0.0000	-0.0423	0.0009	3.9265	1.9867	5.0808	0.0000	0.0000	0.0000	0.0000	0.0000	0.0000	0.0000	0.0000	0.0000	0.0580	0.0569	0.0011	0.0032	0.0032	0.0000	0.0548	0.0537	0.0011	0.0001	0.0001	0.0000	0.0000	0.0000	0.0000	0.0001	0.0001	0.0000	0.0539	0.0204	0.0335	0.0099	0.0088	0.0010	0.0440	0.0116	0.0325	0.0000	0.0000	0.0000	0.0000	0.0000	0.0000	0.0000	0.0000	0.0000	1.0759	2.7885	0.0329	0.3205	0.3585	0.0004	1.2454	4.6434	0.0340	
35	56	0.0272	2	2	0	2	0	0	0	0	0	Y	N	Y	N	N	N	N	N	N	N	N	N	0.0000	0.0000	0.0000	0.0000	0.0000	0.0000	0.0000	0.0000	0.0000	0.0000	0.0000	0.0000	0.0000	0.0010	0.0032	0.0000	0.0082	0.0097	0.0000	0.0000	0.0000	0.0000	0.0000	0.0000	-0.0001	0.0009	4.0000	1.9867	7.0000	0.0000	0.0000	0.0000	0.0000	0.0000	0.0000	0.0000	0.0000	0.0000	0.0001	0.0001	0.0000	0.0001	0.0001	0.0000	0.0000	0.0000	0.0000	0.0001	0.0001	0.0000	0.0000	0.0000	0.0000	0.0001	0.0001	0.0000	0.0670	0.0216	0.0455	0.0085	0.0072	0.0014	0.0585	0.0144	0.0441	0.0000	0.0000	0.0000	0.0000	0.0000	0.0000	0.0000	0.0000	0.0000	0.0010	0.0032	0.0000	0.0082	0.0097	0.0000	0.0000	0.0000	0.0000						
35	57	0.2328	9	1	1	1	0	0	0	0	0	N	N	N	N	N	N	N	N	N	N	N	N	0.0000	0.0000	0.0000	0.0000	0.0000	0.0000	0.0000	0.0000	0.0000	0.0000	0.0000	0.0000	0.0000	0.0000	0.0000	0.0000	0.0000	0.0000	0.0001	0.0001	0.0001	0.0001	0.0001	0.0001	0.0001	0.0000	0.0001	2.0701	-0.0000	-0.0000	0.0009	9.7645	1.9867	7.4558	0.0000	0.0000	0.0000	0.0000	0.0000	0.0000	0.0000	0.0000	0.0000	0.0000	0.0000	0.0000	0.0000	0.0000	0.0000	0.0000	0.0000	0.0000	0.0003	0.0003	0.0000	0.0002	0.0001	0.0000	0.0002	0.0001	0.0000	0.0797	0.0378	0.0419	0.0234	0.0206	0.0027	0.0563	0.0172	0.0391	0.0000	0.0000	0.0000	0.0000	0.0000	0.0000	0.0000	0.0000	0.0000	0.0001	0.0001	0.0001	0.0001	0.0001	0.0001	0.0001	0.0000	0.0001	
35	58	0.2884	10	1	0	2	0	0	0	0	0	N	N	Y	N	N	N	N	N	N	N	N	N	0.0000	0.0000	0.0000	0.0000	0.0000	0.0000	0.0000	0.0000	0.0000	0.0000	0.0000	0.0000	0.0000	0.0000	0.0000	0.0000	0.0000	0.0000	0.0000	-0.0000	0.0009	1.0009	1.9867	0.0163	0.0000	0.0000	0.0000	0.0000	0.0000	0.0000	0.0000	0.0000	0.0000	0.0000	0.0000	0.0000	0.0000	0.0000	0.0000	0.0000	0.0000	0.0000	0.0000	0.0000	0.0000	0.0000	0.0000	0.0000	0.0000	0.0000	0.0000	0.0039	0.0019	0.0020	0.0012	0.0010	0.0002	0.0027	0.0009	0.0018	0.0000	0.0000	0.0000	0.0000	0.0000	0.0000	0.0000	0.0000	0.0000	0.0000	0.0000	0.0000	0.0000	0.0000	0.0000	0.0000	0.0000	0.0000											
35	59	0.2730	9	1	0	1	0	0	0	0	0	N	N	N	N	N	N	N	N	N	N	N	N	0.0000	0.0000	0.0000	0.0000	0.0000	0.0000	0.0000	0.0000	0.0000	0.0000	0.0000	0.0000	0.0000	0.0000	0.0000	0.0000	0.0000	0.0000	0.0000	0.0000	0.0000	0.0000	0.4167	0.0000	-0.0000	0.0009	1.9961	1.9867	0.0521	0.0000	0.0000	0.0000	0.0000	0.0000	0.0000	0.0000	0.0000	0.0000	0.0000	0.0000	0.0000	0.0000	0.0000	0.0000	0.0000	0.0000	0.0000	0.0001	0.0001	0.0000	0.0000	0.0000	0.0000	0.0000	0.0000	0.0000	0.0080	0.0038	0.0042	0.0023	0.0020	0.0004	0.0056	0.0018	0.0038	0.0000	0.0000	0.0000	0.0000	0.0000	0.0000	0.0000	0.0000	0.0000	0.0000	0.0000	0.0000	0.0000	0.0000	0.0000	0.0000	0.0000	0.0000						
35	60	0.2652	8	1	0	1	0	0	0	0	0	N	N	N	N	N	N	N	N	N	N	N	N	0.0000	0.0000	0.0000	0.0000	0.0000	0.0000	0.0000	0.0000	0.0000	0.0000	0.0000	0.0000	0.0000	0.0000	0.0000	0.0000	0.0000	0.0000	0.0000	0.0000	0.0000	0.0000	0.0000	0.0000	0.0000	0.2125	0.0000	-0.0000	0.0009	0.0081	1.9867	1.0507	0.0000	0.0000	0.0000	0.0000	0.0000	0.0000	0.0000	0.0000	0.0000	0.0000	0.0000	0.0000	0.0000	0.0000	0.0000	0.0000	0.0000	0.0000	0.0000	0.0000	0.0000	0.0000	0.0000	0.0000	0.0000	0.0000	0.0000	0.0043	0.0020	0.0022	0.0013	0.0011	0.0002	0.0030	0.0010	0.0021	0.0000	0.0000	0.0000	0.0000	0.0000	0.0000	0.0000	0.0000	0.0000	0.0000	0.0000	0.0000	0.0000	0.0000	0.0000	0.0000	0.0000	0.0000			
35	61	0.2165	7	1	0	1	0	0	0	0	0	N	N	N	N	N	N	N	N	N	N	N	N	0.0000	0.0000	0.0000	0.0000	0.0000	0.0000	0.0000	0.0000	0.0000	0.0000	0.0000	0.0000	0.0000	0.0000	0.0000	0.0000	0.0000	0.0000	0.0001	0.0002	0.0000	0.0002	0.0003	0.0000	0.0000	0.0000	0.0000	0.1046	0.0000	-0.0000	0.0009	3.0167	1.9867	3.2580	0.0000	0.0000	0.0000	0.0000	0.0000	0.0000	0.0000	0.0000	0.0000	0.0000	0.0000	0.0000	0.0000	0.0000	0.0000	0.0000	0.0000	0.0000	0.0001	0.0001	0.0000	0.0001	0.0001	0.0000	0.0001	0.0000	0.0000	0.0409	0.0191	0.0218	0.0128	0.0117	0.0010	0.0281	0.0074	0.0207	0.0000	0.0000	0.0000	0.0000	0.0000	0.0000	0.0000	0.0000	0.0000	0.0001	0.0002	0.0000	0.0002	0.0003	0.0000	0.0000	0.0000	0.0000	
35	62	0.1417	6	1	1	1	0	0	0	0	0	N	N	N	N	N	N	N	N	N	N	N	N	0.0609	0.2012	0.0000	0.1956	0.1878	0.0000	0.0000	0.0000	0.0003	0.0003	0.0000	0.0006	0.0006	0.0000	0.0000	0.0000	0.0000	0.0051	0.0017	0.0075	0.0029	0.0031	0.0019	0.0058	0.0000	0.0077	0.0000	6.4385	-0.0000	0.0000	0.0009	3.3327	1.9867	4.3103	0.0000	0.0000	0.0000	0.0000	0.0000	0.0000	0.0000	0.0000	0.0000	0.0002	0.0000	0.0002	0.0000	0.0000	0.0000	0.0002	0.0000	0.0002	0.0001	0.0001	0.0000	0.0001	0.0001	0.0000	0.0001	0.0001	0.0000	0.0429	0.0175	0.0254	0.0105	0.0095	0.0010	0.0324	0.0080	0.0245	0.0609	0.2012	0.0000	0.1956	0.1878	0.0000	0.0000	0.0000	0.0000	0.0051	0.0017	0.0075	0.0029	0.0031	0.0005	0.0058	0.0000	0.0077	
35	63	0.1177	5	1	0	1	0	0	0	0	0	N	N	N	N	N	N	N	N	N	N	N	N	0.0442	0.0175	0.3863	0.0120	0.0122	0.0000	0.1277	0.0103	0.5900	0.0005	0.0003	0.0031	0.0004	0.0005	0.0000	0.0007	0.0002	0.0041	0.0124	0.0188	0.0080	0.0369	0.0377	0.3283	0.0053	0.0151	0.0070	0.8000	0.6274	0.0000	-0.0001	0.0009	3.2669	1.9867	2.4507	0.0000	0.0000	0.0000	0.0000	0.0000	0.0000	0.0000	0.0000	0.0000	0.0004	0.0002	0.0002	0.0003	0.0002	0.0000	0.0001	0.0000	0.0001	0.0001	0.0001	0.0000	0.0001	0.0001	0.0000	0.0001	0.0001	0.0000	0.0319	0.0129	0.0190	0.0072	0.0063	0.0008	0.0248	0.0065	0.0182	0.0442	0.0175	0.3863	0.0120	0.0122	0.0000	0.1277	0.2596	0.5900	0.0124	0.0188	0.0080	0.0369	0.0377	0.0308	0.0053	0.0006	0.0070
35	64	0.0611	5	2	0	2	0	0	0	0	0	Y	N	Y	N	N	N	N	N	N	N	N	N	0.0000	0.0000	0.0000	0.0000	0.0000	0.0000	0.0000	0.0000	0.0000	0.0000	0.0000	0.0000	0.0000	0.0000	0.0000	0.0000	0.0000	0.0000	0.0000	0.0000	0.0009	0.0000	1.9867	1.0000	0.0000	0.0000	0.0000	0.0000	0.0000	0.0000	0.0000	0.0000	0.0000	0.0000	0.0000	0.0000	0.0000	0.0000	0.0000	0.0000	0.0000	0.0000	0.0000	0.0000	0.0000	0.0000	0.0000	0.0000	0.0000	0.0000	0.0000	0.0072	0.0022	0.0049	0.0009	0.0008	0.0001	0.0062	0.0014	0.0048	0.0000	0.0000	0.0000	0.0000	0.0000	0.0000	0.0000	0.0000	0.0000	0.0000	0.0000	0.0000	0.0000	0.0000	0.0000	0.0000	0.0000	0.0000											
35	65	0.0611	4	2	0	2	0	0	0	0	0	Y	N	Y	N	N	N	N	N	N	N	N	N	0.0000	0.0000	0.0000	0.0000	0.0000	0.0000	0.0000	0.0000	0.0000	0.0000	0.0000	0.0000	0.0000	0.0004	0.0000	0.0008	0.0000	0.0000	0.0000	0.0007	0.0000	0.0008	inf	0.0000	0.0000	0.0009	0.0000	1.9867	0.0001	0.0000	0.0000	0.0000	0.0000	0.0000	0.0000	0.0000	0.0000	0.0000	0.0000	0.0000	0.0000	0.0000	0.0000	0.0000	0.0000	0.0000	0.0000	0.0000	0.0000	0.0000	0.0000	0.0000	0.0000	0.0000	0.0000	0.0000	0.0000	0.0000	0.0000	0.0000	0.0000	0.0000	0.0000	0.0000	0.0000	0.0000	0.0000	0.0000	0.0000	0.0000	0.0000	0.0000	0.0000	0.0000	0.0004	0.0000	0.0008	0.0000	0.0000	0.0000	0.0007	0.0000	0.0008						
35	66	0.0488	3	2	0	2	0	0	0	0	0	Y	N	Y	N	N	N	N	N	N	N	N	N	0.0000	0.0000	0.0000	0.0000	0.0000	0.0000	0.0000	0.0000	0.0000	0.0000	0.0000	0.0000	0.0000	0.0000	0.0000	0.0000	0.0006	0.0015	0.0002	0.0026	0.0028	0.0000	0.0001	0.0000	0.0002	0.1899	0.0000	-0.0000	0.0009	1.9720	1.9867	0.0923	0.0000	0.0000	0.0000	0.0000	0.0000	0.0000	0.0000	0.0000	0.0000	0.0000	0.0000	0.0000	0.0000	0.0000	0.0000	0.0000	0.0000	0.0000	0.0001	0.0001	0.0000	0.0000	0.0000	0.0000	0.0000	0.0000	0.0000	0.0182	0.0064	0.0118	0.0038	0.0035	0.0003	0.0144	0.0029	0.0115	0.0000	0.0000	0.0000	0.0000	0.0000	0.0000	0.0000	0.0000	0.0000	0.0006	0.0015	0.0002	0.0026	0.0028	0.0000	0.0001	0.0000	0.0002			
35	67	0.0272	2	2	0	2	0	0	0	0	0	Y	N	Y	N	N	N	N	N	N	N	N	N	0.0000	0.0000	0.0000	0.0000	0.0000	0.0000	0.0000	0.0000	0.0000	0.0000	0.0000	0.0000	0.0000	0.0000	0.0000	0.0000	0.0000	0.0004	0.0002	0.0005	0.0005	0.0006	0.0000	0.0004	0.0000	0.0005	5.2637	0.0000	0.0000	0.0009	3.0650	1.9867	1.0636	0.0000	0.0000	0.0000	0.0000	0.0000	0.0000	0.0000	0.0000	0.0000	0.0000	0.0000	0.0000	0.0000	0.0000	0.0000	0.0000	0.0000	0.0000	0.0001	0.0001	0.0000	0.0000	0.0000	0.0000	0.0001	0.0001	0.0000	0.0286	0.0090	0.0195	0.0036	0.0031	0.0005	0.0249	0.0059	0.0190	0.0000	0.0000	0.0000	0.0000	0.0000	0.0000	0.0000	0.0000	0.0000	0.0004	0.0002	0.0005	0.0005	0.0006	0.0000	0.0004	0.0000	0.0005		
35	68	0.1752	6	1	1	1	1	0	0	0	0	N	N	N	N	N	N	N	N	N	N	N	N	0.0000	0.0000	0.0000	0.0000	0.0000	0.0000	0.0000	0.0000	0.0000	0.0000	0.0000	0.0000	0.0000	0.0000	0.0000	0.0000	0.0000	0.0000	21.5548	0.0049	37.6608	0.1327	0.0097	10.7095	28.2663	0.0004	39.2183	10362.4425	0.0000	0.2414	0.0009	2.7513	1.9867	4.0954	0.0000	0.0000	0.0000	0.0000	0.0000	0.0000	0.0000	0.0000	0.0000	0.9618	0.0001	0.9617	0.0014	0.0001	0.0013	0.9604	0.0000	0.9604	0.0001	0.0001	0.0000	0.0001	0.0001	0.0000	0.0001	0.0000	0.0000	0.0446	0.0191	0.0255	0.0106	0.0096	0.0010	0.0340	0.0095	0.0245	0.0000	0.0000	0.0000	0.0000	0.0000	0.0000	0.0000	0.0000	0.0000	21.5548	0.0049	37.6608	0.1327	0.0097	1.2598	28.2663	0.0000	39.2183	
35	69	0.0977	4	1	1	1	0	0	0	0	0	N	N	N	N	N	N	N	N	N	N	N	N	0.0000	0.0000	0.0000	0.0000	0.0000	0.0000	0.0000	0.0000	0.0000	0.0000	0.0000	0.0000	0.0000	0.0239	0.0632	0.0000	0.1378	0.1551	0.0000	0.0000	0.0000	0.0000	0.0000	0.0000	-0.0017	0.0009	9.9334	1.9867	8.9999	0.0000	0.0000	0.0000	0.0000	0.0000	0.0000	0.0000	0.0000	0.0000	0.0023	0.0023	0.0000	0.0023	0.0023	0.0000	0.0000	0.0000	0.0000	0.0003	0.0003	0.0000	0.0001	0.0001	0.0000	0.0002	0.0001	0.0000	0.0957	0.0362	0.0595	0.0166	0.0148	0.0019	0.0791	0.0215	0.0576	0.0000	0.0000	0.0000	0.0000	0.0000	0.0000	0.0000	0.0000	0.0000	0.0239	0.0632	0.0000	0.1378	0.1551	0.0000	0.0000	0.0000	0.0000						
35	70	0.0977	4	1	1	1	0	0	0	0	0	N	N	N	N	N	N	N	N	N	N	N	N	0.0000	0.0000	0.0000	0.0000	0.0000	0.0000	0.0000	0.0000	0.0000	0.0000	0.0000	0.0000	0.0000	0.0000	0.0000	0.0000	0.0000	0.3176	0.8387	0.0000	1.6865	1.8810	0.0001	0.0000	0.0000	0.0000	0.0000	0.0000	-0.0063	0.0009	0.0666	1.9867	4.0001	0.0000	0.0000	0.0000	0.0000	0.0000	0.0000	0.0000	0.0000	0.0000	0.0084	0.0084	0.0000	0.0084	0.0084	0.0000	0.0000	0.0000	0.0000	0.0000	0.0000	0.0000	0.0000	0.0000	0.0000	0.0000	0.0000	0.0000	0.0266	0.0101	0.0165	0.0050	0.0045	0.0005	0.0216	0.0056	0.0160	0.0000	0.0000	0.0000	0.0000	0.0000	0.0000	0.0000	0.0000	0.0000	0.3176	0.8387	0.0000	1.6865	1.8810	0.0001	0.0000	0.0000	0.0000		
35	71	0.0272	2	1	1	1	0	0	0	0	0	N	N	N	N	N	N	N	N	N	N	N	N	0.0000	0.0000	0.0000	0.0000	0.0000	0.0000	0.0000	0.0000	0.0000	0.0000	0.0000	0.0000	0.0000	0.0009	0.0028	0.0000	0.0069	0.0081	0.0000	0.0000	0.0000	0.0000	0.0000	0.0000	-0.0000	0.0009	2.0000	1.9867	3.0000	0.0000	0.0000	0.0000	0.0000	0.0000	0.0000	0.0000	0.0000	0.0000	0.0000	0.0000	0.0000	0.0000	0.0000	0.0000	0.0000	0.0000	0.0000	0.0001	0.0001	0.0000	0.0000	0.0000	0.0000	0.0000	0.0000	0.0000	0.0340	0.0108	0.0233	0.0043	0.0037	0.0006	0.0297	0.0071	0.0226	0.0000	0.0000	0.0000	0.0000	0.0000	0.0000	0.0000	0.0000	0.0000	0.0009	0.0028	0.0000	0.0069	0.0081	0.0000	0.0000	0.0000	0.0000						
35	74	0.1177	5	1	1	1	0	0	0	0	0	N	N	N	N	N	N	N	N	N	N	N	N	62.9980	423.0347	0.0000	348.3085	319.4665	0.0000	0.0000	0.0003	0.0004	0.0000	0.0005	0.0006	0.0000	0.0000	0.0000	0.0000	0.0000	0.0000	0.0000	0.0000	0.0000	0.0000	0.0000	0.0000	0.0000	0.0000	14.5833	-0.0000	0.0000	0.0009	1.8678	1.9867	4.6278	0.0000	0.0000	0.0000	0.0000	0.0000	0.0000	0.0000	0.0000	0.0000	0.0000	0.0000	0.0000	0.0000	0.0000	0.0000	0.0000	0.0000	0.0000	0.0001	0.0001	0.0000	0.0001	0.0001	0.0000	0.0000	0.0000	0.0000	0.0351	0.0140	0.0211	0.0076	0.0067	0.0009	0.0275	0.0073	0.0202	62.9980	423.0347	0.0000	348.3085	319.4665	0.0000	0.0000	0.0000	0.0000	0.0000	0.0000	0.0000	0.0000	0.0000	0.0000	0.0000	0.0000	0.0000		
35	75	0.0977	4	1	0	1	0	0	0	0	0	N	N	N	N	N	N	N	N	N	N	N	N	0.9521	12.8568	0.0000	1408.6686	36083.2360	0.0000	0.0000	0.0000	0.0000	5.9299	7.0338	0.0000	15.4300	15.7554	0.0000	0.0000	0.0000	0.0000	6.2280	0.5471	9.6894	0.0110	0.0004	1.3358	7.6584	1.7216	9.9996	0.0000	29.0674	-0.0002	0.0460	0.0009	4.7010	1.9867	0.6064	0.0009	0.0009	0.0000	0.0009	0.0009	0.0000	0.0000	0.0000	0.0000	0.2112	0.0070	0.2042	0.0001	0.0000	0.0001	0.2112	0.0070	0.2041	0.0002	0.0001	0.0000	0.0001	0.0001	0.0000	0.0001	0.0001	0.0000	0.0339	0.0128	0.0211	0.0063	0.0057	0.0007	0.0276	0.0072	0.0204	0.9521	12.8568	0.0000	1408.6686	36083.2360	0.0000	0.0000	0.0000	0.0000	6.2280	0.5471	9.6894	0.0110	0.0004	0.1015	7.6584	0.9812	9.9996
35	78	0.2213	8	2	1	1	1	0	0	0	0	Y	N	N	N	N	N	N	N	N	N	N	N	0.0000	0.0000	0.0000	0.0000	0.0000	0.0000	0.0000	0.0000	0.0000	0.0000	0.0000	0.0000	0.0000	0.0000	0.0000	0.0000	0.0000	0.0005	0.0014	0.0000	0.0037	0.0038	0.0020	0.0000	0.0000	0.0000	0.0121	0.0000	-0.0000	0.0009	1.0000	1.9867	2.0144	0.0000	0.0000	0.0000	0.0000	0.0000	0.0000	0.0000	0.0000	0.0000	0.0000	0.0000	0.0000	0.0000	0.0000	0.0000	0.0000	0.0000	0.0000	0.0000	0.0000	0.0000	0.0000	0.0000	0.0000	0.0000	0.0000	0.0000	0.0187	0.0067	0.0119	0.0026	0.0026	0.0001	0.0160	0.0042	0.0119	0.0000	0.0000	0.0000	0.0000	0.0000	0.0000	0.0000	0.0000	0.0000	0.0005	0.0014	0.0000	0.0037	0.0038	0.0005	0.0000	0.0000	0.0000		
35	79	0.1991	7	2	1	1	1	0	0	0	0	Y	N	N	N	N	N	N	N	N	N	N	N	0.0000	0.0000	0.0000	0.0000	0.0000	0.0000	0.0000	0.0000	0.0000	0.0000	0.0000	0.0000	0.0000	0.0000	0.0000	0.0000	0.0000	0.0005	0.0000	0.0008	0.0000	0.0000	0.0001	0.0006	0.0000	0.0008	82.8251	0.0000	0.0000	0.0009	0.0001	1.9867	3.0180	0.0000	0.0000	0.0000	0.0000	0.0000	0.0000	0.0000	0.0000	0.0000	0.0000	0.0000	0.0000	0.0000	0.0000	0.0000	0.0000	0.0000	0.0000	0.0000	0.0000	0.0000	0.0000	0.0000	0.0000	0.0000	0.0000	0.0000	0.0186	0.0067	0.0119	0.0025	0.0025	0.0000	0.0161	0.0042	0.0119	0.0000	0.0000	0.0000	0.0000	0.0000	0.0000	0.0000	0.0000	0.0000	0.0005	0.0000	0.0008	0.0000	0.0000	0.0001	0.0006	0.0000	0.0008		
35	80	0.2211	9	1	1	1	1	0	0	0	0	N	N	N	N	N	N	N	N	N	N	N	N	0.0000	0.0000	0.0000	0.0000	0.0000	0.0000	0.0000	0.0000	0.0000	0.0000	0.0000	0.0000	0.0000	0.0000	0.0000	0.0000	0.0000	0.0000	0.0000	0.0000	0.0009	0.0000	1.9867	0.0000	0.0000	0.0000	0.0000	0.0000	0.0000	0.0000	0.0000	0.0000	0.0000	0.0000	0.0000	0.0000	0.0000	0.0000	0.0000	0.0000	0.0000	0.0000	0.0000	0.0000	0.0000	0.0000	0.0000	0.0000	0.0000	0.0000	0.0000	0.0000	0.0000	0.0000	0.0000	0.0000	0.0000	0.0000	0.0000	0.0000	0.0000	0.0000	0.0000	0.0000	0.0000	0.0000	0.0000	0.0000	0.0000	0.0000	0.0000	0.0000	0.0000	0.0000	0.0000	0.0000	0.0000	0.0000											
35	81	0.1991	7	1	0	2	1	0	0	0	0	N	N	Y	N	N	N	N	N	N	N	N	N	0.0000	0.0000	0.0000	0.0000	0.0000	0.0000	0.0000	0.0000	0.0000	0.0000	0.0000	0.0000	0.0000	0.0000	0.0000	0.0000	0.0000	0.0000	0.0000	0.0000	0.0009	2.0000	1.9867	0.0000	0.0000	0.0000	0.0000	0.0000	0.0000	0.0000	0.0000	0.0000	0.0000	0.0000	0.0000	0.0000	0.0000	0.0000	0.0000	0.0000	0.0000	0.0000	0.0001	0.0001	0.0000	0.0000	0.0000	0.0000	0.0000	0.0000	0.0000	0.0126	0.0045	0.0081	0.0017	0.0017	0.0000	0.0108	0.0028	0.0080	0.0000	0.0000	0.0000	0.0000	0.0000	0.0000	0.0000	0.0000	0.0000	0.0000	0.0000	0.0000	0.0000	0.0000	0.0000	0.0000	0.0000	0.0000											
35	82	0.1991	7	1	0	2	1	0	0	0	0	N	N	Y	N	N	N	N	N	N	N	N	N	0.0000	0.0000	0.0000	0.0000	0.0000	0.0000	0.0000	0.0000	0.0000	0.0000	0.0000	0.0000	0.0000	0.0000	0.0000	0.0000	0.0000	0.0000	0.0000	0.0000	0.0009	0.0000	1.9867	4.0000	0.0000	0.0000	0.0000	0.0000	0.0000	0.0000	0.0000	0.0000	0.0000	0.0000	0.0000	0.0000	0.0000	0.0000	0.0000	0.0000	0.0000	0.0000	0.0000	0.0000	0.0000	0.0000	0.0000	0.0000	0.0000	0.0000	0.0000	0.0242	0.0087	0.0156	0.0033	0.0032	0.0001	0.0210	0.0055	0.0155	0.0000	0.0000	0.0000	0.0000	0.0000	0.0000	0.0000	0.0000	0.0000	0.0000	0.0000	0.0000	0.0000	0.0000	0.0000	0.0000	0.0000	0.0000											
35	83	0.2211	9	1	0	2	1	0	0	0	0	N	N	Y	N	N	N	N	N	N	N	N	N	0.0000	0.0000	0.0000	0.0000	0.0000	0.0000	0.0000	0.0000	0.0000	0.0000	0.0000	0.0000	0.0000	0.2537	0.7220	0.0000	1.9482	2.0101	0.0000	0.0000	0.0000	0.0000	0.0000	0.0000	-0.0024	0.0009	0.0000	1.9867	2.0000	0.0000	0.0000	0.0000	0.0000	0.0000	0.0000	0.0000	0.0000	0.0000	0.0032	0.0032	0.0000	0.0032	0.0032	0.0000	0.0000	0.0000	0.0000	0.0000	0.0000	0.0000	0.0000	0.0000	0.0000	0.0000	0.0000	0.0000	0.0125	0.0044	0.0081	0.0016	0.0016	0.0000	0.0108	0.0028	0.0080	0.0000	0.0000	0.0000	0.0000	0.0000	0.0000	0.0000	0.0000	0.0000	0.2537	0.7220	0.0000	1.9482	2.0101	0.0000	0.0000	0.0000	0.0000						
35	84	0.2138	8	1	0	1	1	0	0	0	0	N	N	N	N	N	N	N	N	N	N	N	N	0.0000	0.0000	0.0000	0.0000	0.0000	0.0000	0.0000	0.0000	0.0000	0.0000	0.0000	0.0000	0.0000	0.0000	0.0000	0.0000	0.0000	0.0000	0.0000	0.0000	0.0000	0.0000	inf	0.0000	0.0000	0.0009	1.0000	1.9867	0.0015	0.0000	0.0000	0.0000	0.0000	0.0000	0.0000	0.0000	0.0000	0.0000	0.0000	0.0000	0.0000	0.0000	0.0000	0.0000	0.0000	0.0000	0.0000	0.0000	0.0000	0.0000	0.0000	0.0000	0.0000	0.0000	0.0000	0.0000	0.0065	0.0023	0.0042	0.0009	0.0009	0.0000	0.0056	0.0014	0.0041	0.0000	0.0000	0.0000	0.0000	0.0000	0.0000	0.0000	0.0000	0.0000	0.0000	0.0000	0.0000	0.0000	0.0000	0.0000	0.0000	0.0000	0.0000						
35	85	0.1991	7	1	0	1	1	0	0	0	0	N	N	N	N	N	N	N	N	N	N	N	N	0.0000	0.0000	0.0000	0.0000	0.0000	0.0000	0.0000	0.0000	0.0000	0.0000	0.0000	0.0000	0.0000	0.0000	0.0000	0.0000	0.0000	0.0000	0.0000	0.0000	0.0000	0.0000	0.0000	0.0000	-0.0000	0.0009	0.0000	1.9867	2.0013	0.0000	0.0000	0.0000	0.0000	0.0000	0.0000	0.0000	0.0000	0.0000	0.0000	0.0000	0.0000	0.0000	0.0000	0.0000	0.0000	0.0000	0.0000	0.0000	0.0000	0.0000	0.0000	0.0000	0.0000	0.0000	0.0000	0.0000	0.0126	0.0045	0.0081	0.0017	0.0017	0.0000	0.0108	0.0028	0.0080	0.0000	0.0000	0.0000	0.0000	0.0000	0.0000	0.0000	0.0000	0.0000	0.0000	0.0000	0.0000	0.0000	0.0000	0.0000	0.0000	0.0000	0.0000						
35	86	0.2389	7	2	1	1	0	0	0	0	0	Y	N	N	N	N	N	N	N	N	N	N	N	0.0000	0.0000	0.0000	0.0000	0.0000	0.0000	0.0000	0.0000	0.0000	0.0000	0.0000	0.0000	0.0000	0.0000	0.0000	0.0000	0.0000	0.0010	0.0016	0.0003	0.0025	0.0025	0.0064	0.0002	0.0000	0.0003	0.1941	0.0000	-0.0000	0.0009	0.0007	1.9867	0.9812	0.0000	0.0000	0.0000	0.0000	0.0000	0.0000	0.0000	0.0000	0.0000	0.0000	0.0000	0.0000	0.0000	0.0000	0.0000	0.0000	0.0000	0.0000	0.0000	0.0000	0.0000	0.0000	0.0000	0.0000	0.0000	0.0000	0.0000	0.0122	0.0059	0.0063	0.0039	0.0039	0.0000	0.0083	0.0021	0.0062	0.0000	0.0000	0.0000	0.0000	0.0000	0.0000	0.0000	0.0000	0.0000	0.0010	0.0016	0.0003	0.0025	0.0025	0.0012	0.0002	0.0000	0.0003		
35	87	0.1831	6	2	1	1	0	0	0	0	0	Y	N	N	N	N	N	N	N	N	N	N	N	0.0000	0.0000	0.0000	0.0000	0.0000	0.0000	0.0000	0.0000	0.0000	0.0000	0.0000	0.0000	0.0000	0.0000	0.0000	0.0000	0.0000	0.0000	0.0034	0.0085	0.0005	0.0223	0.0227	0.0307	0.0003	0.0000	0.0004	0.0955	0.0000	-0.0001	0.0009	5.0272	1.9867	2.1572	0.0000	0.0000	0.0000	0.0000	0.0000	0.0000	0.0000	0.0000	0.0000	0.0001	0.0001	0.0000	0.0001	0.0001	0.0000	0.0000	0.0000	0.0000	0.0002	0.0001	0.0000	0.0001	0.0001	0.0000	0.0001	0.0001	0.0000	0.0417	0.0152	0.0266	0.0058	0.0057	0.0001	0.0360	0.0095	0.0264	0.0000	0.0000	0.0000	0.0000	0.0000	0.0000	0.0000	0.0000	0.0000	0.0034	0.0085	0.0005	0.0223	0.0227	0.0045	0.0003	0.0000	0.0004	
35	88	0.2364	8	1	1	1	0	0	0	0	0	N	N	N	N	N	N	N	N	N	N	N	N	0.0000	0.0000	0.0000	0.0000	0.0000	0.0000	0.0000	0.0000	0.0000	0.0000	0.0000	0.0000	0.0000	0.0004	0.0011	0.0000	0.0026	0.0027	0.0000	0.0000	0.0000	0.0000	0.0000	0.0000	-0.0000	0.0009	0.0000	1.9867	4.0000	0.0000	0.0000	0.0000	0.0000	0.0000	0.0000	0.0000	0.0000	0.0000	0.0000	0.0000	0.0000	0.0000	0.0000	0.0000	0.0000	0.0000	0.0000	0.0000	0.0000	0.0000	0.0000	0.0000	0.0000	0.0000	0.0000	0.0000	0.0243	0.0089	0.0155	0.0038	0.0037	0.0001	0.0205	0.0052	0.0153	0.0000	0.0000	0.0000	0.0000	0.0000	0.0000	0.0000	0.0000	0.0000	0.0004	0.0011	0.0000	0.0026	0.0027	0.0000	0.0000	0.0000	0.0000						
35	89	0.1991	7	1	1	1	0	0	0	0	0	N	N	N	N	N	N	N	N	N	N	N	N	0.0000	0.0000	0.0000	0.0000	0.0000	0.0000	0.0000	0.0000	0.0000	0.0000	0.0000	0.0000	0.0000	0.0000	0.0000	0.0000	0.0000	0.0000	0.0000	0.0000	0.0009	3.0000	1.9867	2.0000	0.0000	0.0000	0.0000	0.0000	0.0000	0.0000	0.0000	0.0000	0.0000	0.0000	0.0000	0.0000	0.0000	0.0000	0.0000	0.0000	0.0000	0.0000	0.0001	0.0001	0.0000	0.0000	0.0000	0.0000	0.0001	0.0000	0.0000	0.0298	0.0107	0.0191	0.0040	0.0040	0.0001	0.0258	0.0067	0.0190	0.0000	0.0000	0.0000	0.0000	0.0000	0.0000	0.0000	0.0000	0.0000	0.0000	0.0000	0.0000	0.0000	0.0000	0.0000	0.0000	0.0000	0.0000											
35	90	0.1991	7	2	1	1	0	0	0	0	0	Y	N	N	N	N	N	N	N	N	N	N	N	0.0000	0.0000	0.0000	0.0000	0.0000	0.0000	0.0000	0.0000	0.0000	0.0000	0.0000	0.0000	0.0000	0.0003	0.0009	0.0000	0.0025	0.0025	0.0000	0.0000	0.0000	0.0000	0.0000	0.0000	-0.0000	0.0009	2.0000	1.9867	3.0000	0.0000	0.0000	0.0000	0.0000	0.0000	0.0000	0.0000	0.0000	0.0000	0.0000	0.0000	0.0000	0.0000	0.0000	0.0000	0.0000	0.0000	0.0000	0.0001	0.0001	0.0000	0.0000	0.0000	0.0000	0.0000	0.0000	0.0000	0.0298	0.0107	0.0191	0.0040	0.0040	0.0001	0.0258	0.0067	0.0190	0.0000	0.0000	0.0000	0.0000	0.0000	0.0000	0.0000	0.0000	0.0000	0.0003	0.0009	0.0000	0.0025	0.0025	0.0000	0.0000	0.0000	0.0000						
35	91	0.1831	6	1	0	1	0	0	0	0	0	N	N	N	N	N	N	N	N	N	N	N	N	0.0000	0.0000	0.0000	0.0000	0.0000	0.0000	0.0000	0.0000	0.0000	0.0000	0.0000	0.0000	0.0000	0.0000	0.0000	0.0000	0.0000	0.0000	0.0094	0.0250	0.0003	0.0617	0.0625	0.1616	0.0002	0.0000	0.0002	0.0200	0.0000	-0.0001	0.0009	2.0705	1.9867	0.0351	0.0000	0.0000	0.0000	0.0000	0.0000	0.0000	0.0000	0.0000	0.0000	0.0001	0.0001	0.0000	0.0001	0.0001	0.0000	0.0000	0.0000	0.0000	0.0001	0.0001	0.0000	0.0000	0.0000	0.0000	0.0000	0.0000	0.0000	0.0137	0.0051	0.0086	0.0021	0.0020	0.0000	0.0117	0.0030	0.0086	0.0000	0.0000	0.0000	0.0000	0.0000	0.0000	0.0000	0.0000	0.0000	0.0094	0.0250	0.0003	0.0617	0.0625	0.0141	0.0002	0.0000	0.0002	
35	92	0.1577	5	1	0	1	0	0	0	0	0	N	N	N	N	N	N	N	N	N	N	N	N	0.0000	0.0000	0.0000	0.0000	0.0000	0.0000	0.0000	0.0000	0.0000	0.0000	0.0000	0.0000	0.0000	0.0000	0.0000	0.0000	0.0000	0.0000	0.0593	0.1187	0.0147	0.2545	0.2589	0.9064	0.0113	0.2011	0.0140	0.1649	0.0000	-0.0009	0.0009	3.4249	1.9867	0.1413	0.0000	0.0000	0.0000	0.0000	0.0000	0.0000	0.0000	0.0000	0.0000	0.0015	0.0013	0.0002	0.0013	0.0013	0.0000	0.0002	0.0000	0.0002	0.0001	0.0001	0.0000	0.0001	0.0001	0.0000	0.0001	0.0001	0.0000	0.0259	0.0111	0.0148	0.0051	0.0050	0.0001	0.0208	0.0061	0.0147	0.0000	0.0000	0.0000	0.0000	0.0000	0.0000	0.0000	0.0000	0.0000	0.0593	0.1187	0.0147	0.2545	0.2589	0.0863	0.0113	0.0048	0.0140	
35	98	0.2946	10	1	0	1	0	0	0	0	0	N	N	N	N	N	N	N	N	N	N	N	N	0.6275	0.0524	4.0549	0.4522	0.0568	2.0470	0.8382	0.0000	2.3263	0.0014	0.0001	0.0100	0.0015	0.0002	0.0339	0.0014	0.0000	0.0057	0.0023	0.0022	0.0025	0.0033	0.0034	0.0166	0.0016	0.0007	0.0025	13.7438	0.9166	0.0000	-0.0001	0.0009	4.9999	1.9867	9.0821	0.0000	0.0000	0.0000	0.0000	0.0000	0.0000	0.0000	0.0000	0.0000	0.0002	0.0001	0.0001	0.0001	0.0001	0.0000	0.0001	0.0000	0.0001	0.0002	0.0002	0.0000	0.0001	0.0001	0.0000	0.0001	0.0001	0.0000	0.0964	0.0536	0.0427	0.0377	0.0340	0.0037	0.0586	0.0196	0.0390	0.6275	0.0524	4.0549	0.4522	0.0568	13.0909	0.8382	0.0000	2.3263	0.0023	0.0022	0.0025	0.0033	0.0034	0.0026	0.0016	0.0000	0.0025
36	38	0.0884	3	1	0	2	0	0	0	0	0	N	N	Y	N	N	N	N	N	N	N	N	N	0.0000	0.0000	0.0000	0.0000	0.0000	0.0000	0.0000	0.0000	0.0000	0.0000	0.0000	0.0000	0.0000	0.0000	0.0000	0.0529	0.0259	0.0665	0.0000	0.0000	0.0000	0.0625	0.7879	0.0720	5.1351	0.0000	0.0002	1.0009	3.0666	2.0357	2.9999	0.0000	0.0000	0.0000	0.0000	0.0000	0.0000	0.0000	0.0000	0.0000	0.0023	0.0004	0.0019	0.0000	0.0000	0.0000	0.0023	0.0004	0.0019	0.0610	0.0541	0.0069	0.0187	0.0178	0.0009	0.0423	0.0363	0.0060	0.0429	0.0143	0.0286	0.0066	0.0043	0.0022	0.0363	0.0100	0.0264	0.0000	0.0000	0.0000	0.0000	0.0000	0.0000	0.0000	0.0000	0.0000	0.0529	0.0259	0.0665	0.0000	0.0000	0.0000	0.0625	0.0372	0.0720				
36	39	0.0884	3	1	1	1	0	0	0	0	0	N	N	N	N	N	N	N	N	N	N	N	N	0.0000	0.0000	0.0000	0.0000	0.0000	0.0000	0.0000	0.0000	0.0000	0.0000	0.0000	0.0000	0.0000	0.0000	0.0000	0.0000	0.0007	0.0000	0.0011	0.0000	0.0000	0.0000	0.0008	0.0000	0.0012	147.4926	0.0000	0.0000	1.0009	3.9334	2.0357	2.0001	0.0000	0.0000	0.0000	0.0000	0.0000	0.0000	0.0000	0.0000	0.0000	0.0000	0.0000	0.0000	0.0000	0.0000	0.0000	0.0000	0.0000	0.0000	0.0757	0.0671	0.0087	0.0221	0.0210	0.0011	0.0537	0.0461	0.0075	0.0420	0.0140	0.0280	0.0064	0.0043	0.0022	0.0356	0.0098	0.0258	0.0000	0.0000	0.0000	0.0000	0.0000	0.0000	0.0000	0.0000	0.0000	0.0007	0.0000	0.0011	0.0000	0.0000	0.0000	0.0008	0.0000	0.0012			
36	40	0.0518	4	2	1	2	0	0	0	0	0	Y	N	Y	N	N	N	N	N	N	N	N	N	0.0000	0.0000	0.0000	0.0000	0.0000	0.0000	0.0000	0.0000	0.0000	0.0000	0.0000	0.0000	0.0000	0.0000	0.0000	0.0000	0.0000	0.0000	0.0000	0.0000	1.0009	0.0000	2.0357	0.0000	0.0000	0.0000	0.0000	0.0000	0.0000	0.0000	0.0000	0.0000	0.0000	0.0000	0.0000	0.0000	0.0000	0.0000	0.0000	0.0000	0.0000	0.0000	0.0000	0.0000	0.0000	0.0000	0.0000	0.0000	0.0000	0.0000	0.0000	0.0000	0.0000	0.0000	0.0000	0.0000	0.0000	0.0000	0.0000	0.0000	0.0000	0.0000	0.0000	0.0000	0.0000	0.0000	0.0000	0.0000	0.0000	0.0000	0.0000	0.0000	0.0000	0.0000	0.0000	0.0000	0.0000	0.0000											
36	41	0.0518	3	2	1	2	0	0	0	0	0	Y	N	Y	N	N	N	N	N	N	N	N	N	0.0000	0.0000	0.0000	0.0000	0.0000	0.0000	0.0000	0.0000	0.0000	0.0000	0.0000	0.0000	0.0000	0.0016	0.0000	0.0021	0.0000	0.0000	0.0000	0.0016	0.0000	0.0021	inf	0.0000	0.0000	1.0009	1.0000	2.0357	1.9999	0.0000	0.0000	0.0000	0.0000	0.0000	0.0000	0.0000	0.0000	0.0000	0.0000	0.0000	0.0000	0.0000	0.0000	0.0000	0.0000	0.0000	0.0000	0.0184	0.0159	0.0026	0.0024	0.0023	0.0002	0.0160	0.0136	0.0024	0.0245	0.0058	0.0187	0.0000	0.0000	0.0000	0.0245	0.0058	0.0187	0.0000	0.0000	0.0000	0.0000	0.0000	0.0000	0.0000	0.0000	0.0000	0.0016	0.0000	0.0021	0.0000	0.0000	0.0000	0.0016	0.0000	0.0021						
36	42	0.2296	6	2	1	1	0	0	0	0	0	Y	N	N	N	N	N	N	N	N	N	N	N	0.0000	0.0000	0.0000	0.0000	0.0000	0.0000	0.0000	0.0000	0.0000	0.0000	0.0000	0.0000	0.0000	0.0000	0.0000	0.0000	0.0000	0.0017	0.0000	0.0030	0.0019	0.0001	0.2339	0.0017	0.0000	0.0023	114.7563	0.0000	0.0000	1.0009	0.0007	2.0357	2.0242	0.0000	0.0000	0.0000	0.0000	0.0000	0.0000	0.0000	0.0000	0.0000	0.0000	0.0000	0.0000	0.0000	0.0000	0.0000	0.0000	0.0000	0.0000	0.0000	0.0000	0.0000	0.0000	0.0000	0.0000	0.0000	0.0000	0.0000	0.0221	0.0094	0.0127	0.0055	0.0050	0.0005	0.0166	0.0044	0.0122	0.0000	0.0000	0.0000	0.0000	0.0000	0.0000	0.0000	0.0000	0.0000	0.0017	0.0000	0.0030	0.0019	0.0001	0.0213	0.0017	0.0000	0.0023		
36	43	0.1328	4	1	1	1	1	0	0	0	0	N	N	N	N	N	N	N	N	N	N	N	N	0.0000	0.0000	0.0000	0.0000	0.0000	0.0000	0.0000	0.0000	0.0000	0.0000	0.0000	0.0000	0.0000	0.0000	0.0000	0.0000	0.0000	0.0000	0.0000	0.0000	1.0009	0.0000	2.0357	0.0000	0.0000	0.0000	0.0000	0.0000	0.0000	0.0000	0.0000	0.0000	0.0000	0.0000	0.0000	0.0000	0.0000	0.0000	0.0000	0.0000	0.0000	0.0000	0.0000	0.0000	0.0000	0.0000	0.0000	0.0000	0.0000	0.0000	0.0000	0.0000	0.0000	0.0000	0.0000	0.0000	0.0000	0.0000	0.0000	0.0000	0.0000	0.0000	0.0000	0.0000	0.0000	0.0000	0.0000	0.0000	0.0000	0.0000	0.0000	0.0000	0.0000	0.0000	0.0000	0.0000	0.0000	0.0000											
36	44	0.1328	4	1	0	1	1	0	0	0	0	N	N	N	N	N	N	N	N	N	N	N	N	0.0000	0.0000	0.0000	0.0000	0.0000	0.0000	0.0000	0.0000	0.0000	0.0000	0.0000	0.0000	0.0000	0.0000	0.0000	0.0000	0.0000	0.0000	0.0000	0.0000	1.0009	0.0000	2.0357	0.0000	0.0000	0.0000	0.0000	0.0000	0.0000	0.0000	0.0000	0.0000	0.0000	0.0000	0.0000	0.0000	0.0000	0.0000	0.0000	0.0000	0.0000	0.0000	0.0000	0.0000	0.0000	0.0000	0.0000	0.0000	0.0000	0.0000	0.0000	0.0000	0.0000	0.0000	0.0000	0.0000	0.0000	0.0000	0.0000	0.0000	0.0000	0.0000	0.0000	0.0000	0.0000	0.0000	0.0000	0.0000	0.0000	0.0000	0.0000	0.0000	0.0000	0.0000	0.0000	0.0000	0.0000	0.0000											
36	45	0.0884	3	1	0	1	1	0	0	0	0	N	N	N	N	N	N	N	N	N	N	N	N	0.0000	0.0000	0.0000	0.0000	0.0000	0.0000	0.0000	0.0000	0.0000	0.0000	0.0000	0.0000	0.0000	0.0000	0.0000	0.2178	0.0220	0.3159	0.0000	0.0000	0.0000	0.2569	0.6524	0.3423	28.7243	0.0000	0.0023	1.0009	3.0666	2.0357	3.9999	0.0000	0.0000	0.0000	0.0000	0.0000	0.0000	0.0000	0.0000	0.0000	0.0107	0.0004	0.0103	0.0000	0.0000	0.0000	0.0107	0.0004	0.0103	0.0610	0.0541	0.0069	0.0187	0.0178	0.0009	0.0423	0.0363	0.0060	0.0491	0.0164	0.0327	0.0075	0.0049	0.0025	0.0417	0.0115	0.0302	0.0000	0.0000	0.0000	0.0000	0.0000	0.0000	0.0000	0.0000	0.0000	0.2178	0.0220	0.3159	0.0000	0.0000	0.0000	0.2569	0.0314	0.3423				
36	47	0.0865	4	2	1	1	0	0	0	0	0	Y	N	N	N	N	N	N	N	N	N	N	N	0.0000	0.0000	0.0000	0.0000	0.0000	0.0000	0.0000	0.0000	0.0000	0.0000	0.0000	0.0000	0.0000	0.0000	0.0000	0.0000	0.0000	0.0000	0.0000	0.0000	0.0001	0.0001	0.0000	0.0000	0.0000	0.0000	0.7269	0.0000	-0.0000	1.0009	0.9991	2.0357	2.0273	0.0000	0.0000	0.0000	0.0000	0.0000	0.0000	0.0000	0.0000	0.0000	0.0000	0.0000	0.0000	0.0000	0.0000	0.0000	0.0000	0.0000	0.0000	0.0190	0.0167	0.0023	0.0055	0.0052	0.0004	0.0134	0.0115	0.0019	0.0202	0.0080	0.0122	0.0029	0.0028	0.0001	0.0173	0.0052	0.0121	0.0000	0.0000	0.0000	0.0000	0.0000	0.0000	0.0000	0.0000	0.0000	0.0000	0.0000	0.0000	0.0001	0.0001	0.0000	0.0000	0.0000	0.0000		
36	48	0.0489	3	2	1	1	0	0	0	0	0	Y	N	N	N	N	N	N	N	N	N	N	N	0.0001	0.0000	0.0000	0.0000	0.0000	0.0000	0.0000	0.0000	0.0000	0.0000	0.0000	0.0000	0.0000	0.0000	0.0000	0.0000	0.0000	0.0028	0.0072	0.0008	0.0199	0.0199	0.0000	0.0008	0.0228	0.0008	0.0000	0.2417	-0.0000	-0.0001	1.0009	3.1828	2.0357	3.1571	0.0000	0.0000	0.0000	0.0000	0.0000	0.0000	0.0000	0.0000	0.0000	0.0002	0.0001	0.0000	0.0001	0.0001	0.0000	0.0000	0.0000	0.0000	0.0878	0.0797	0.0081	0.0297	0.0287	0.0010	0.0581	0.0510	0.0071	0.0541	0.0169	0.0372	0.0056	0.0056	0.0000	0.0485	0.0113	0.0371	0.0001	0.0000	0.0000	0.0000	0.0000	0.0000	0.0000	0.0000	0.0000	0.0028	0.0072	0.0008	0.0199	0.0199	0.0000	0.0008	0.0009	0.0008	
36	49	0.0447	2	1	1	1	0	0	0	0	0	N	N	N	N	N	N	N	N	N	N	N	N	0.0000	0.0000	0.0010	0.0000	0.0000	0.0000	0.0002	0.0000	0.0012	0.0000	0.0000	0.0000	0.0000	0.0000	0.0000	0.0000	0.0000	0.0000	0.0328	0.0774	0.0065	0.1234	0.1234	0.0888	0.0054	0.0053	0.0065	inf	0.1424	0.0000	-0.0006	1.0009	0.8922	2.0357	1.0748	0.0000	0.0000	0.0000	0.0000	0.0000	0.0000	0.0000	0.0000	0.0000	0.0009	0.0008	0.0001	0.0008	0.0008	0.0000	0.0001	0.0000	0.0001	0.0428	0.0399	0.0029	0.0212	0.0207	0.0006	0.0216	0.0193	0.0023	0.0275	0.0102	0.0173	0.0064	0.0064	0.0000	0.0211	0.0038	0.0173	0.0000	0.0000	0.0010	0.0000	0.0000	0.0000	0.0002	0.0000	0.0012	0.0328	0.0774	0.0065	0.1234	0.1234	0.0093	0.0054	0.0002	0.0065
36	52	0.1450	4	1	0	1	0	0	0	0	0	N	N	N	N	N	N	N	N	N	N	N	N	0.0000	0.0000	0.0000	0.0000	0.0000	0.0000	0.0000	0.0000	0.0000	0.0000	0.0000	0.0000	0.0000	0.0000	0.0000	0.2036	0.5232	0.0000	1.4249	1.5054	0.0000	0.0000	0.0002	0.0000	0.0000	0.0000	-0.0063	1.0009	3.0179	2.0357	1.1627	0.0000	0.0000	0.0000	0.0000	0.0000	0.0000	0.0000	0.0000	0.0000	0.0084	0.0084	0.0000	0.0084	0.0084	0.0000	0.0000	0.0000	0.0000	0.0621	0.0550	0.0070	0.0196	0.0186	0.0010	0.0425	0.0364	0.0061	0.0411	0.0160	0.0251	0.0059	0.0056	0.0003	0.0352	0.0104	0.0248	0.0000	0.0000	0.0000	0.0000	0.0000	0.0000	0.0000	0.0000	0.0000	0.2036	0.5232	0.0000	1.4249	1.5054	0.0000	0.0000	0.0000	0.0000				
36	54	0.1450	4	1	1	1	0	0	0	0	0	N	N	N	N	N	N	N	N	N	N	N	N	0.0000	0.0000	0.0000	0.0000	0.0000	0.0000	0.0000	0.0000	0.0000	0.0000	0.0000	0.0000	0.0000	0.0000	0.0000	0.0000	0.0000	0.0000	0.4826	1.4714	0.0010	1.1711	1.3008	0.0001	0.4178	1.8214	0.0010	0.0014	0.0000	-0.0255	1.0009	2.0683	2.0357	6.9961	0.0000	0.0000	0.0000	0.0000	0.0000	0.0000	0.0000	0.0000	0.0000	0.0341	0.0341	0.0000	0.0071	0.0071	0.0000	0.0270	0.0270	0.0000	0.0442	0.0392	0.0050	0.0146	0.0139	0.0008	0.0295	0.0253	0.0042	0.0707	0.0232	0.0476	0.0061	0.0055	0.0006	0.0646	0.0177	0.0470	0.0000	0.0000	0.0000	0.0000	0.0000	0.0000	0.0000	0.0000	0.0000	0.4826	1.4714	0.0010	1.1711	1.3008	0.0001	0.4178	1.5242	0.0010	
36	55	0.0884	3	1	0	1	0	0	0	0	0	N	N	N	N	N	N	N	N	N	N	N	N	0.0000	0.0000	0.0000	0.0000	0.0000	0.0000	0.0000	0.0000	0.0000	0.0000	0.0000	0.0000	0.0000	0.0000	0.0000	0.0000	0.0000	0.0000	16.3511	48.9500	0.0008	108.6711	165.1882	0.0000	0.0250	1.0062	0.0008	0.0000	0.0000	-0.7426	1.0009	3.9265	2.0357	5.0808	0.0000	0.0000	0.0000	0.0000	0.0000	0.0000	0.0000	0.0000	0.0000	0.9916	0.9916	0.0000	0.9903	0.9903	0.0000	0.0013	0.0013	0.0000	0.0756	0.0670	0.0086	0.0221	0.0209	0.0011	0.0536	0.0460	0.0075	0.0606	0.0203	0.0404	0.0091	0.0060	0.0031	0.0515	0.0143	0.0373	0.0000	0.0000	0.0000	0.0000	0.0000	0.0000	0.0000	0.0000	0.0000	16.3511	48.9500	0.0008	108.6711	165.1882	0.0000	0.0250	0.0883	0.0008	
36	57	0.2235	8	1	1	1	0	0	0	0	0	N	N	N	N	N	N	N	N	N	N	N	N	0.0829	0.0422	0.0000	0.0392	0.0390	0.0000	0.0000	0.0000	0.0001	0.0000	0.0001	0.0001	0.0000	0.0000	0.0000	0.0000	0.0006	0.0013	0.0000	0.0030	0.0032	0.0000	0.0000	0.0000	0.0000	0.0000	0.0386	-0.0000	-0.0000	1.0009	9.7645	2.0357	7.4558	0.0000	0.0000	0.0000	0.0000	0.0000	0.0000	0.0000	0.0000	0.0000	0.0001	0.0001	0.0000	0.0001	0.0001	0.0000	0.0000	0.0000	0.0000	0.2014	0.1816	0.0197	0.0857	0.0813	0.0043	0.1157	0.1003	0.0154	0.0945	0.0418	0.0527	0.0183	0.0173	0.0010	0.0762	0.0245	0.0517	0.0829	0.0422	0.0000	0.0392	0.0390	0.0000	0.0000	0.0000	0.0000	0.0006	0.0013	0.0000	0.0030	0.0032	0.0000	0.0000	0.0000	0.0000		
36	58	0.2791	9	1	0	2	0	0	0	0	0	N	N	Y	N	N	N	N	N	N	N	N	N	0.0000	0.0000	0.0000	0.0000	0.0000	0.0000	0.0000	0.0000	0.0000	0.0000	0.0000	0.0000	0.0000	0.0000	0.0000	0.0000	0.0000	0.0000	0.0000	-0.0000	1.0009	1.0009	2.0357	0.0163	0.0000	0.0000	0.0000	0.0000	0.0000	0.0000	0.0000	0.0000	0.0000	0.0000	0.0000	0.0000	0.0000	0.0000	0.0000	0.0000	0.0000	0.0000	0.0263	0.0238	0.0025	0.0159	0.0149	0.0010	0.0105	0.0089	0.0015	0.0051	0.0025	0.0027	0.0011	0.0011	0.0001	0.0040	0.0014	0.0026	0.0000	0.0000	0.0000	0.0000	0.0000	0.0000	0.0000	0.0000	0.0000	0.0000	0.0000	0.0000	0.0000	0.0000	0.0000	0.0000	0.0000	0.0000											
36	59	0.2637	8	1	0	1	0	0	0	0	0	N	N	N	N	N	N	N	N	N	N	N	N	0.0000	0.0000	0.0000	0.0000	0.0000	0.0000	0.0000	0.0000	0.0000	0.0000	0.0000	0.0000	0.0000	0.0000	0.0000	0.0000	0.0000	0.0000	0.0000	0.0000	0.0000	0.0000	inf	0.0000	-0.0000	1.0009	1.9961	2.0357	0.0521	0.0000	0.0000	0.0000	0.0000	0.0000	0.0000	0.0000	0.0000	0.0000	0.0000	0.0000	0.0000	0.0000	0.0000	0.0000	0.0000	0.0000	0.0000	0.0497	0.0449	0.0049	0.0277	0.0259	0.0017	0.0221	0.0189	0.0032	0.0105	0.0048	0.0057	0.0022	0.0021	0.0001	0.0083	0.0027	0.0056	0.0000	0.0000	0.0000	0.0000	0.0000	0.0000	0.0000	0.0000	0.0000	0.0000	0.0000	0.0000	0.0000	0.0000	0.0000	0.0000	0.0000	0.0000						
36	60	0.2559	7	1	0	1	0	0	0	0	0	N	N	N	N	N	N	N	N	N	N	N	N	0.0000	0.0000	0.0000	0.0000	0.0000	0.0000	0.0000	0.0000	0.0000	0.0000	0.0000	0.0000	0.0000	0.0000	0.0000	0.0000	0.0000	0.0000	0.0000	0.0000	0.0000	0.0000	0.0000	0.0000	0.0000	4.7049	0.0000	0.0000	1.0009	0.0081	2.0357	1.0507	0.0000	0.0000	0.0000	0.0000	0.0000	0.0000	0.0000	0.0000	0.0000	0.0000	0.0000	0.0000	0.0000	0.0000	0.0000	0.0000	0.0000	0.0000	0.0003	0.0003	0.0000	0.0002	0.0002	0.0000	0.0001	0.0001	0.0000	0.0056	0.0026	0.0030	0.0012	0.0012	0.0001	0.0044	0.0014	0.0030	0.0000	0.0000	0.0000	0.0000	0.0000	0.0000	0.0000	0.0000	0.0000	0.0000	0.0000	0.0000	0.0000	0.0000	0.0000	0.0000	0.0000	0.0000			
36	61	0.2072	6	1	0	1	0	0	0	0	0	N	N	N	N	N	N	N	N	N	N	N	N	0.0000	0.0000	0.0000	0.0000	0.0000	0.0000	0.0000	0.0000	0.0000	0.0000	0.0000	0.0000	0.0000	0.0000	0.0000	0.0000	0.0000	0.0011	0.0024	0.0001	0.0045	0.0046	0.0000	0.0001	0.0000	0.0001	0.0529	0.0000	-0.0000	1.0009	3.0167	2.0357	3.2580	0.0000	0.0000	0.0000	0.0000	0.0000	0.0000	0.0000	0.0000	0.0000	0.0001	0.0001	0.0000	0.0001	0.0001	0.0000	0.0000	0.0000	0.0000	0.0714	0.0645	0.0069	0.0331	0.0315	0.0016	0.0383	0.0330	0.0054	0.0489	0.0212	0.0277	0.0112	0.0109	0.0003	0.0377	0.0104	0.0273	0.0000	0.0000	0.0000	0.0000	0.0000	0.0000	0.0000	0.0000	0.0000	0.0011	0.0024	0.0001	0.0045	0.0046	0.0000	0.0001	0.0000	0.0001		
36	62	0.1324	5	1	1	1	0	0	0	0	0	N	N	N	N	N	N	N	N	N	N	N	N	0.0001	0.0000	0.0016	0.0000	0.0000	0.0000	0.0011	0.0055	0.0000	0.0000	0.0000	0.0000	0.0000	0.0000	0.0000	0.0000	0.0000	0.0050	0.0084	0.0027	0.0162	0.0151	0.2299	0.0007	0.0000	0.0010	inf	0.4710	0.0000	-0.0001	1.0009	3.3327	2.0357	4.3103	0.0000	0.0000	0.0000	0.0000	0.0000	0.0000	0.0000	0.0000	0.0000	0.0003	0.0002	0.0001	0.0002	0.0002	0.0001	0.0000	0.0000	0.0000	0.1069	0.0967	0.0102	0.0622	0.0586	0.0036	0.0447	0.0381	0.0066	0.0555	0.0226	0.0329	0.0153	0.0125	0.0028	0.0402	0.0101	0.0301	0.0001	0.0000	0.0016	0.0000	0.0000	0.0001	0.0011	0.0000	0.0055	0.0050	0.0084	0.0027	0.0162	0.0151	0.0212	0.0007	0.0000	0.0010	
36	63	0.1083	4	1	0	1	0	0	0	0	0	N	N	N	N	N	N	N	N	N	N	N	N	0.0001	0.0001	0.0005	0.0001	0.0001	0.0000	0.0001	0.0000	0.0006	0.0000	0.0000	0.0000	0.0000	0.0000	0.0000	0.0000	0.0000	0.0000	0.0063	0.0039	0.0080	0.0062	0.0079	0.0009	0.0064	0.0022	0.0088	0.8000	3.1198	0.0000	0.0000	1.0009	3.2669	2.0357	2.4507	0.0000	0.0000	0.0000	0.0000	0.0000	0.0000	0.0000	0.0000	0.0000	0.0003	0.0001	0.0002	0.0001	0.0001	0.0000	0.0002	0.0000	0.0002	0.1115	0.1016	0.0099	0.0635	0.0604	0.0031	0.0480	0.0412	0.0067	0.0404	0.0161	0.0243	0.0101	0.0079	0.0022	0.0304	0.0083	0.0221	0.0001	0.0001	0.0005	0.0001	0.0001	0.0000	0.0001	0.0000	0.0006	0.0063	0.0039	0.0080	0.0062	0.0079	0.0003	0.0064	0.0001	0.0088
36	64	0.0518	4	2	0	2	0	0	0	0	0	Y	N	Y	N	N	N	N	N	N	N	N	N	0.0000	0.0000	0.0000	0.0000	0.0000	0.0000	0.0000	0.0000	0.0000	0.0000	0.0000	0.0000	0.0000	0.0000	0.0000	0.0000	0.0000	0.0000	0.0000	0.0000	1.0009	0.0000	2.0357	1.0000	0.0000	0.0000	0.0000	0.0000	0.0000	0.0000	0.0000	0.0000	0.0000	0.0000	0.0000	0.0000	0.0000	0.0000	0.0000	0.0000	0.0000	0.0000	0.0000	0.0000	0.0000	0.0000	0.0000	0.0000	0.0000	0.0000	0.0000	0.0085	0.0020	0.0065	0.0000	0.0000	0.0000	0.0085	0.0020	0.0065	0.0000	0.0000	0.0000	0.0000	0.0000	0.0000	0.0000	0.0000	0.0000	0.0000	0.0000	0.0000	0.0000	0.0000	0.0000	0.0000	0.0000	0.0000											
36	65	0.0518	3	2	0	2	0	0	0	0	0	Y	N	Y	N	N	N	N	N	N	N	N	N	0.0000	0.0000	0.0000	0.0000	0.0000	0.0000	0.0000	0.0000	0.0000	0.0000	0.0000	0.0000	0.0000	0.0003	0.0006	0.0000	0.0006	0.0006	0.0000	0.0000	0.0000	0.0000	0.0000	0.0000	-0.0000	1.0009	0.0000	2.0357	0.0001	0.0000	0.0000	0.0000	0.0000	0.0000	0.0000	0.0000	0.0000	0.0000	0.0000	0.0000	0.0000	0.0000	0.0000	0.0000	0.0000	0.0000	0.0000	0.0000	0.0000	0.0000	0.0000	0.0000	0.0000	0.0000	0.0000	0.0000	0.0000	0.0000	0.0000	0.0000	0.0000	0.0000	0.0000	0.0000	0.0000	0.0000	0.0000	0.0000	0.0000	0.0000	0.0000	0.0000	0.0000	0.0000	0.0003	0.0006	0.0000	0.0006	0.0006	0.0000	0.0000	0.0000	0.0000						
36	66	0.0395	2	2	0	2	0	0	0	0	0	Y	N	Y	N	N	N	N	N	N	N	N	N	0.0000	0.0000	0.0000	0.0000	0.0000	0.0000	0.0000	0.0000	0.0000	0.0000	0.0000	0.0000	0.0000	0.0000	0.0000	0.0000	0.0001	0.0003	0.0000	0.0007	0.0007	0.0000	0.0000	0.0000	0.0000	0.0013	0.0000	-0.0000	1.0009	1.9720	2.0357	0.0923	0.0000	0.0000	0.0000	0.0000	0.0000	0.0000	0.0000	0.0000	0.0000	0.0000	0.0000	0.0000	0.0000	0.0000	0.0000	0.0000	0.0000	0.0000	0.0365	0.0315	0.0050	0.0049	0.0046	0.0003	0.0316	0.0269	0.0047	0.0227	0.0069	0.0158	0.0029	0.0029	0.0000	0.0198	0.0041	0.0158	0.0000	0.0000	0.0000	0.0000	0.0000	0.0000	0.0000	0.0000	0.0000	0.0001	0.0003	0.0000	0.0007	0.0007	0.0000	0.0000	0.0000	0.0000			
36	68	0.1659	5	1	1	1	1	0	0	0	0	N	N	N	N	N	N	N	N	N	N	N	N	0.0000	0.0000	0.0000	0.0000	0.0000	0.0000	0.0000	0.0000	0.0000	0.0000	0.0000	0.0000	0.0000	0.0000	0.0000	0.0000	0.0000	0.0000	1.0732	1.6436	0.7512	5.1903	5.3426	1.6401	0.5479	0.6045	0.7543	0.8096	0.0000	-0.0162	1.0009	2.7513	2.0357	4.0954	0.0000	0.0000	0.0000	0.0000	0.0000	0.0000	0.0000	0.0000	0.0000	0.0536	0.0296	0.0240	0.0293	0.0293	0.0000	0.0243	0.0003	0.0239	0.0694	0.0628	0.0066	0.0349	0.0331	0.0018	0.0345	0.0296	0.0048	0.0499	0.0180	0.0319	0.0056	0.0055	0.0002	0.0443	0.0125	0.0317	0.0000	0.0000	0.0000	0.0000	0.0000	0.0000	0.0000	0.0000	0.0000	1.0732	1.6436	0.7512	5.1903	5.3426	0.1511	0.5479	0.0252	0.7543	
36	69	0.0884	3	1	1	1	0	0	0	0	0	N	N	N	N	N	N	N	N	N	N	N	N	0.0000	0.0000	0.0000	0.0000	0.0000	0.0000	0.0000	0.0000	0.0000	0.0000	0.0000	0.0000	0.0000	0.0000	0.0000	0.0210	0.0098	0.0267	0.0000	0.0000	0.0000	0.0245	0.4840	0.0289	5.3611	0.0000	0.0002	1.0009	9.9334	2.0357	8.9999	0.0000	0.0000	0.0000	0.0000	0.0000	0.0000	0.0000	0.0000	0.0000	0.0023	0.0004	0.0019	0.0000	0.0000	0.0000	0.0023	0.0004	0.0019	0.1683	0.1487	0.0195	0.0419	0.0395	0.0024	0.1264	0.1093	0.0172	0.1089	0.0366	0.0723	0.0154	0.0099	0.0055	0.0935	0.0267	0.0668	0.0000	0.0000	0.0000	0.0000	0.0000	0.0000	0.0000	0.0000	0.0000	0.0210	0.0098	0.0267	0.0000	0.0000	0.0000	0.0245	0.0135	0.0289				
36	70	0.0884	3	1	1	1	0	0	0	0	0	N	N	N	N	N	N	N	N	N	N	N	N	0.0000	0.0000	0.0000	0.0000	0.0000	0.0000	0.0000	0.0000	0.0000	0.0000	0.0000	0.0000	0.0000	0.0000	0.0000	0.0000	0.2839	0.0000	0.4257	0.0000	0.0001	0.0000	0.3359	0.0000	0.4615	41494.5919	0.0000	0.0021	1.0009	0.0666	2.0357	4.0001	0.0000	0.0000	0.0000	0.0000	0.0000	0.0000	0.0000	0.0000	0.0000	0.0084	0.0000	0.0084	0.0000	0.0000	0.0000	0.0084	0.0000	0.0084	0.0066	0.0064	0.0002	0.0056	0.0056	0.0001	0.0010	0.0008	0.0001	0.0297	0.0099	0.0198	0.0046	0.0031	0.0015	0.0251	0.0068	0.0183	0.0000	0.0000	0.0000	0.0000	0.0000	0.0000	0.0000	0.0000	0.0000	0.2839	0.0000	0.4257	0.0000	0.0001	0.0000	0.3359	0.0000	0.4615			
36	74	0.1083	4	1	1	1	0	0	0	0	0	N	N	N	N	N	N	N	N	N	N	N	N	0.0975	0.0000	11.4339	0.0000	0.0000	3.2467	16.7144	0.0000	0.0000	0.0000	0.0000	0.0000	0.0000	0.0000	0.0000	0.0000	0.0000	0.0000	0.0000	0.0000	0.0000	0.0000	0.0000	0.0000	0.0000	inf	0.0686	0.0000	-0.0000	1.0009	1.8678	2.0357	4.6278	0.0000	0.0000	0.0000	0.0000	0.0000	0.0000	0.0000	0.0000	0.0000	0.0000	0.0000	0.0000	0.0000	0.0000	0.0000	0.0000	0.0000	0.0000	0.0878	0.0807	0.0071	0.0567	0.0540	0.0027	0.0311	0.0267	0.0044	0.0445	0.0175	0.0270	0.0108	0.0083	0.0025	0.0337	0.0092	0.0245	0.0975	0.0000	11.4339	0.0000	0.0000	0.0000	3.2467	0.0000	16.7144	0.0000	0.0000	0.0000	0.0000	0.0000	0.0000	0.0000	0.0000	0.0000		
36	75	0.0884	3	1	0	1	0	0	0	0	0	N	N	N	N	N	N	N	N	N	N	N	N	0.0725	0.0000	0.4394	0.0000	0.0000	0.0854	0.0000	0.4650	0.0102	0.0000	0.0883	0.0000	0.0000	0.0000	0.0142	0.0000	0.1013	0.1403	0.0191	0.2009	0.0000	0.0001	0.0000	0.1658	0.6144	0.2178	inf	20.9947	0.0007	0.0011	1.0009	4.7010	2.0357	0.6064	0.0009	0.0000	0.0009	0.0000	0.0000	0.0000	0.0009	0.0000	0.0009	0.0053	0.0002	0.0051	0.0000	0.0000	0.0000	0.0053	0.0002	0.0051	0.0885	0.0783	0.0102	0.0250	0.0237	0.0013	0.0635	0.0547	0.0089	0.0380	0.0127	0.0253	0.0058	0.0039	0.0020	0.0322	0.0088	0.0234	0.0725	0.0000	0.4394	0.0000	0.0000	0.0000	0.0854	0.0000	0.4650	0.1403	0.0191	0.2009	0.0000	0.0001	0.0000	0.1658	0.0276	0.2178	
36	78	0.2120	7	2	1	1	1	0	0	0	0	Y	N	N	N	N	N	N	N	N	N	N	N	0.0000	0.0000	0.0000	0.0000	0.0000	0.0000	0.0000	0.0000	0.0000	0.0000	0.0000	0.0000	0.0000	0.0000	0.0000	0.0005	0.0001	0.0007	0.0058	0.0003	0.1805	0.0000	0.0000	0.0000	29.8366	0.0000	0.0000	1.0009	1.0000	2.0357	2.0144	0.0000	0.0000	0.0000	0.0000	0.0000	0.0000	0.0000	0.0000	0.0000	0.0000	0.0000	0.0000	0.0000	0.0000	0.0000	0.0000	0.0000	0.0000	0.0209	0.0187	0.0022	0.0081	0.0077	0.0004	0.0128	0.0110	0.0018	0.0204	0.0062	0.0142	0.0018	0.0011	0.0007	0.0186	0.0051	0.0135	0.0000	0.0000	0.0000	0.0000	0.0000	0.0000	0.0000	0.0000	0.0000	0.0005	0.0001	0.0007	0.0058	0.0003	0.0151	0.0000	0.0000	0.0000				
36	79	0.1898	6	2	1	1	1	0	0	0	0	Y	N	N	N	N	N	N	N	N	N	N	N	0.0000	0.0000	0.0000	0.0000	0.0000	0.0000	0.0000	0.0000	0.0000	0.0000	0.0000	0.0000	0.0000	0.0000	0.0000	0.0000	0.0000	0.0000	0.0005	0.0016	0.0000	0.0062	0.0103	0.0000	0.0000	0.0000	0.0000	0.0332	0.0000	-0.0000	1.0009	0.0001	2.0357	3.0180	0.0000	0.0000	0.0000	0.0000	0.0000	0.0000	0.0000	0.0000	0.0000	0.0000	0.0000	0.0000	0.0000	0.0000	0.0000	0.0000	0.0000	0.0000	0.0000	0.0000	0.0000	0.0000	0.0000	0.0000	0.0000	0.0000	0.0000	0.0202	0.0061	0.0142	0.0016	0.0010	0.0006	0.0186	0.0051	0.0135	0.0000	0.0000	0.0000	0.0000	0.0000	0.0000	0.0000	0.0000	0.0000	0.0005	0.0016	0.0000	0.0062	0.0103	0.0000	0.0000	0.0000	0.0000	
36	80	0.2118	8	1	1	1	1	0	0	0	0	N	N	N	N	N	N	N	N	N	N	N	N	0.0000	0.0000	0.0000	0.0000	0.0000	0.0000	0.0000	0.0000	0.0000	0.0000	0.0000	0.0000	0.0000	0.0000	0.0000	0.0000	0.0000	0.0000	0.0000	0.0000	1.0009	0.0000	2.0357	0.0000	0.0000	0.0000	0.0000	0.0000	0.0000	0.0000	0.0000	0.0000	0.0000	0.0000	0.0000	0.0000	0.0000	0.0000	0.0000	0.0000	0.0000	0.0000	0.0000	0.0000	0.0000	0.0000	0.0000	0.0000	0.0000	0.0000	0.0000	0.0000	0.0000	0.0000	0.0000	0.0000	0.0000	0.0000	0.0000	0.0000	0.0000	0.0000	0.0000	0.0000	0.0000	0.0000	0.0000	0.0000	0.0000	0.0000	0.0000	0.0000	0.0000	0.0000	0.0000	0.0000	0.0000	0.0000											
36	81	0.1898	6	1	0	2	1	0	0	0	0	N	N	Y	N	N	N	N	N	N	N	N	N	0.0000	0.0000	0.0000	0.0000	0.0000	0.0000	0.0000	0.0000	0.0000	0.0000	0.0000	0.0000	0.0000	0.0000	0.0000	0.0000	0.0000	0.0000	0.0000	0.0000	1.0009	2.0000	2.0357	0.0000	0.0000	0.0000	0.0000	0.0000	0.0000	0.0000	0.0000	0.0000	0.0000	0.0000	0.0000	0.0000	0.0000	0.0000	0.0000	0.0000	0.0000	0.0000	0.0410	0.0366	0.0044	0.0157	0.0149	0.0008	0.0253	0.0217	0.0036	0.0136	0.0041	0.0096	0.0011	0.0007	0.0004	0.0125	0.0034	0.0091	0.0000	0.0000	0.0000	0.0000	0.0000	0.0000	0.0000	0.0000	0.0000	0.0000	0.0000	0.0000	0.0000	0.0000	0.0000	0.0000	0.0000	0.0000											
36	82	0.1898	6	1	0	2	1	0	0	0	0	N	N	Y	N	N	N	N	N	N	N	N	N	0.0000	0.0000	0.0000	0.0000	0.0000	0.0000	0.0000	0.0000	0.0000	0.0000	0.0000	0.0000	0.0000	0.0000	0.0000	0.0000	0.0000	0.0000	0.0000	0.0000	1.0009	0.0000	2.0357	4.0000	0.0000	0.0000	0.0000	0.0000	0.0000	0.0000	0.0000	0.0000	0.0000	0.0000	0.0000	0.0000	0.0000	0.0000	0.0000	0.0000	0.0000	0.0000	0.0000	0.0000	0.0000	0.0000	0.0000	0.0000	0.0000	0.0000	0.0000	0.0264	0.0080	0.0185	0.0021	0.0013	0.0008	0.0243	0.0067	0.0176	0.0000	0.0000	0.0000	0.0000	0.0000	0.0000	0.0000	0.0000	0.0000	0.0000	0.0000	0.0000	0.0000	0.0000	0.0000	0.0000	0.0000	0.0000											
36	83	0.2118	8	1	0	2	1	0	0	0	0	N	N	Y	N	N	N	N	N	N	N	N	N	0.0000	0.0000	0.0000	0.0000	0.0000	0.0000	0.0000	0.0000	0.0000	0.0000	0.0000	0.0000	0.0000	0.0000	0.0000	73.8857	254.7498	0.0167	1055.7434	2056.3097	7.3899	0.0000	0.0000	0.0000	0.0002	0.0000	-0.7465	1.0009	0.0000	2.0357	2.0000	0.0000	0.0000	0.0000	0.0000	0.0000	0.0000	0.0000	0.0000	0.0000	0.9970	0.9968	0.0002	0.9970	0.9968	0.0002	0.0000	0.0000	0.0000	0.0000	0.0000	0.0000	0.0000	0.0000	0.0000	0.0000	0.0000	0.0000	0.0135	0.0039	0.0096	0.0009	0.0005	0.0005	0.0125	0.0034	0.0091	0.0000	0.0000	0.0000	0.0000	0.0000	0.0000	0.0000	0.0000	0.0000	73.8857	254.7498	0.0167	1055.7434	2056.3097	0.3481	0.0000	0.0000	0.0000				
36	84	0.2045	7	1	0	1	1	0	0	0	0	N	N	N	N	N	N	N	N	N	N	N	N	0.0000	0.0000	0.0000	0.0000	0.0000	0.0000	0.0000	0.0000	0.0000	0.0000	0.0000	0.0000	0.0000	0.0000	0.0000	0.0000	0.0001	0.0001	0.0000	0.0000	0.0000	0.0000	0.0000	0.0000	-0.0000	1.0009	1.0000	2.0357	0.0015	0.0000	0.0000	0.0000	0.0000	0.0000	0.0000	0.0000	0.0000	0.0000	0.0000	0.0000	0.0000	0.0000	0.0000	0.0000	0.0000	0.0000	0.0000	0.0209	0.0187	0.0022	0.0081	0.0077	0.0004	0.0128	0.0110	0.0018	0.0070	0.0021	0.0049	0.0006	0.0003	0.0002	0.0064	0.0017	0.0047	0.0000	0.0000	0.0000	0.0000	0.0000	0.0000	0.0000	0.0000	0.0000	0.0000	0.0000	0.0000	0.0001	0.0001	0.0000	0.0000	0.0000	0.0000						
36	85	0.1898	6	1	0	1	1	0	0	0	0	N	N	N	N	N	N	N	N	N	N	N	N	0.0000	0.0000	0.0000	0.0000	0.0000	0.0000	0.0000	0.0000	0.0000	0.0000	0.0000	0.0000	0.0000	0.0000	0.0000	0.0000	0.0000	0.0000	0.0000	0.0000	0.0000	0.0000	inf	0.0000	0.0000	1.0009	0.0000	2.0357	2.0013	0.0000	0.0000	0.0000	0.0000	0.0000	0.0000	0.0000	0.0000	0.0000	0.0000	0.0000	0.0000	0.0000	0.0000	0.0000	0.0000	0.0000	0.0000	0.0000	0.0000	0.0000	0.0000	0.0000	0.0000	0.0000	0.0000	0.0000	0.0136	0.0041	0.0096	0.0011	0.0007	0.0004	0.0126	0.0034	0.0091	0.0000	0.0000	0.0000	0.0000	0.0000	0.0000	0.0000	0.0000	0.0000	0.0000	0.0000	0.0000	0.0000	0.0000	0.0000	0.0000	0.0000	0.0000						
36	86	0.2296	6	2	1	1	0	0	0	0	0	Y	N	N	N	N	N	N	N	N	N	N	N	0.0000	0.0000	0.0000	0.0000	0.0000	0.0000	0.0000	0.0000	0.0000	0.0000	0.0000	0.0000	0.0000	0.0000	0.0000	0.0008	0.0003	0.0012	0.0024	0.0004	0.4031	0.0000	0.0000	0.0000	4.7244	0.0000	0.0000	1.0009	0.0007	2.0357	0.9812	0.0000	0.0000	0.0000	0.0000	0.0000	0.0000	0.0000	0.0000	0.0000	0.0000	0.0000	0.0000	0.0000	0.0000	0.0000	0.0000	0.0000	0.0000	0.0000	0.0000	0.0000	0.0000	0.0000	0.0000	0.0000	0.0000	0.0000	0.0156	0.0076	0.0081	0.0051	0.0049	0.0002	0.0106	0.0027	0.0078	0.0000	0.0000	0.0000	0.0000	0.0000	0.0000	0.0000	0.0000	0.0000	0.0008	0.0003	0.0012	0.0024	0.0004	0.0432	0.0000	0.0000	0.0000				
36	87	0.1738	5	2	1	1	0	0	0	0	0	Y	N	N	N	N	N	N	N	N	N	N	N	0.0000	0.0000	0.0000	0.0000	0.0000	0.0000	0.0000	0.0000	0.0000	0.0000	0.0000	0.0000	0.0000	0.0000	0.0000	0.0000	0.0000	0.0000	0.0147	0.0010	0.0209	0.0365	0.0055	1.0824	0.0127	0.0003	0.0176	48.0933	0.0000	0.0002	1.0009	5.0272	2.0357	2.1572	0.0000	0.0000	0.0000	0.0000	0.0000	0.0000	0.0000	0.0000	0.0000	0.0007	0.0000	0.0007	0.0001	0.0000	0.0001	0.0005	0.0000	0.0005	0.1020	0.0914	0.0106	0.0401	0.0381	0.0019	0.0619	0.0533	0.0087	0.0458	0.0142	0.0316	0.0039	0.0025	0.0014	0.0419	0.0117	0.0302	0.0000	0.0000	0.0000	0.0000	0.0000	0.0000	0.0000	0.0000	0.0000	0.0147	0.0010	0.0209	0.0365	0.0055	0.0912	0.0127	0.0000	0.0176	
36	88	0.2271	7	1	1	1	0	0	0	0	0	N	N	N	N	N	N	N	N	N	N	N	N	0.0000	0.0000	0.0000	0.0000	0.0000	0.0000	0.0000	0.0000	0.0000	0.0000	0.0000	0.0000	0.0000	0.0004	0.0012	0.0000	0.0000	0.0000	0.0000	0.0004	0.0650	0.0000	0.0000	0.0000	-0.0000	1.0009	0.0000	2.0357	4.0000	0.0000	0.0000	0.0000	0.0000	0.0000	0.0000	0.0000	0.0000	0.0000	0.0000	0.0000	0.0000	0.0000	0.0000	0.0000	0.0000	0.0000	0.0000	0.0000	0.0000	0.0000	0.0000	0.0000	0.0000	0.0000	0.0000	0.0000	0.0266	0.0083	0.0183	0.0029	0.0019	0.0009	0.0237	0.0063	0.0174	0.0000	0.0000	0.0000	0.0000	0.0000	0.0000	0.0000	0.0000	0.0000	0.0004	0.0012	0.0000	0.0000	0.0000	0.0000	0.0004	0.0016	0.0000						
36	89	0.1898	6	1	1	1	0	0	0	0	0	N	N	N	N	N	N	N	N	N	N	N	N	0.0000	0.0000	0.0000	0.0000	0.0000	0.0000	0.0000	0.0000	0.0000	0.0000	0.0000	0.0000	0.0000	0.0000	0.0000	0.0000	0.0000	0.0000	0.0000	0.0000	1.0009	3.0000	2.0357	2.0000	0.0000	0.0000	0.0000	0.0000	0.0000	0.0000	0.0000	0.0000	0.0000	0.0000	0.0000	0.0000	0.0000	0.0000	0.0000	0.0000	0.0000	0.0000	0.0603	0.0538	0.0065	0.0227	0.0216	0.0012	0.0376	0.0323	0.0053	0.0325	0.0098	0.0227	0.0026	0.0016	0.0010	0.0299	0.0083	0.0217	0.0000	0.0000	0.0000	0.0000	0.0000	0.0000	0.0000	0.0000	0.0000	0.0000	0.0000	0.0000	0.0000	0.0000	0.0000	0.0000	0.0000	0.0000											
36	90	0.1898	6	2	1	1	0	0	0	0	0	Y	N	N	N	N	N	N	N	N	N	N	N	0.0000	0.0000	0.0000	0.0000	0.0000	0.0000	0.0000	0.0000	0.0000	0.0000	0.0000	0.0000	0.0000	0.0003	0.0010	0.0000	0.0000	0.0000	0.0000	0.0003	0.0440	0.0000	0.0000	0.0000	-0.0000	1.0009	2.0000	2.0357	3.0000	0.0000	0.0000	0.0000	0.0000	0.0000	0.0000	0.0000	0.0000	0.0000	0.0000	0.0000	0.0000	0.0000	0.0000	0.0000	0.0000	0.0000	0.0000	0.0410	0.0366	0.0044	0.0157	0.0149	0.0008	0.0253	0.0217	0.0036	0.0325	0.0098	0.0227	0.0026	0.0016	0.0010	0.0299	0.0083	0.0217	0.0000	0.0000	0.0000	0.0000	0.0000	0.0000	0.0000	0.0000	0.0000	0.0003	0.0010	0.0000	0.0000	0.0000	0.0000	0.0003	0.0012	0.0000						
36	91	0.1738	5	1	0	1	0	0	0	0	0	N	N	N	N	N	N	N	N	N	N	N	N	0.0000	0.0000	0.0000	0.0000	0.0000	0.0000	0.0000	0.0000	0.0000	0.0000	0.0000	0.0000	0.0000	0.0000	0.0000	0.0000	0.0000	0.0000	0.0439	0.0008	0.0640	0.0889	0.0035	4.1820	0.0390	0.0010	0.0537	174.8052	0.0000	0.0002	1.0009	2.0705	2.0357	0.0351	0.0000	0.0000	0.0000	0.0000	0.0000	0.0000	0.0000	0.0000	0.0000	0.0007	0.0000	0.0007	0.0001	0.0000	0.0001	0.0005	0.0000	0.0005	0.0478	0.0431	0.0047	0.0213	0.0204	0.0009	0.0265	0.0227	0.0038	0.0151	0.0048	0.0103	0.0015	0.0010	0.0005	0.0136	0.0037	0.0098	0.0000	0.0000	0.0000	0.0000	0.0000	0.0000	0.0000	0.0000	0.0000	0.0439	0.0008	0.0640	0.0889	0.0035	0.2839	0.0390	0.0000	0.0537	
36	92	0.1484	4	1	0	1	0	0	0	0	0	N	N	N	N	N	N	N	N	N	N	N	N	0.0000	0.0000	0.0000	0.0000	0.0000	0.0000	0.0000	0.0000	0.0000	0.0000	0.0000	0.0000	0.0000	0.0000	0.0000	0.0000	0.0000	0.0000	1.4146	0.0708	2.1499	0.6981	0.2362	13.0623	1.5232	0.0670	2.1362	55.5070	0.0000	0.0090	1.0009	3.4249	2.0357	0.1413	0.0000	0.0000	0.0000	0.0000	0.0000	0.0000	0.0000	0.0000	0.0000	0.0384	0.0007	0.0377	0.0025	0.0007	0.0018	0.0359	0.0000	0.0359	0.0928	0.0844	0.0085	0.0486	0.0462	0.0024	0.0442	0.0382	0.0061	0.0271	0.0096	0.0175	0.0036	0.0028	0.0007	0.0235	0.0068	0.0168	0.0000	0.0000	0.0000	0.0000	0.0000	0.0000	0.0000	0.0000	0.0000	1.4146	0.0708	2.1499	0.6981	0.2362	2.4596	1.5232	0.0017	2.1362	
36	98	0.2853	9	1	0	1	0	0	0	0	0	N	N	N	N	N	N	N	N	N	N	N	N	0.3885	0.2355	0.0000	0.2350	0.2355	0.0000	0.0000	0.0000	0.0144	0.0158	0.0000	0.0266	0.0282	0.0000	0.0000	0.0000	0.0000	0.0371	0.0672	0.0001	0.1131	0.1198	0.0000	0.0000	0.0000	0.0001	0.0000	0.0007	-0.0004	-0.0032	1.0009	4.9999	2.0357	9.0821	0.0020	0.0020	0.0000	0.0020	0.0020	0.0000	0.0000	0.0000	0.0000	0.0043	0.0043	0.0000	0.0043	0.0043	0.0000	0.0000	0.0000	0.0000	0.1410	0.1284	0.0127	0.0764	0.0720	0.0044	0.0647	0.0564	0.0083	0.1160	0.0639	0.0520	0.0380	0.0358	0.0021	0.0780	0.0281	0.0499	0.3885	0.2355	0.0000	0.2350	0.2355	0.0000	0.0000	0.0000	0.0000	0.0371	0.0672	0.0001	0.1131	0.1198	0.0000	0.0000	0.0000	0.0001	
37	38	0.0932	3	1	0	2	0	0	0	0	0	N	N	Y	N	N	N	N	N	N	N	N	N	0.0000	0.0000	0.0000	0.0000	0.0000	0.0000	0.0000	0.0000	0.0000	0.0000	0.0000	0.0000	0.0000	0.0000	0.0000	0.0000	0.0000	0.0000	0.0000	0.0000	1.0000	3.0666	3.0000	2.9999	0.0000	0.0000	0.0000	0.0000	0.0000	0.0000	0.0000	0.0000	0.0000	0.0000	0.0000	0.0000	0.0000	0.0000	0.0000	0.0000	0.0000	0.0000	0.0609	0.0540	0.0069	0.0187	0.0178	0.0009	0.0422	0.0363	0.0060	0.0556	0.0186	0.0371	0.0085	0.0056	0.0029	0.0471	0.0130	0.0342	0.0000	0.0000	0.0000	0.0000	0.0000	0.0000	0.0000	0.0000	0.0000	0.0000	0.0000	0.0000	0.0000	0.0000	0.0000	0.0000	0.0000	0.0000											
37	39	0.0932	3	1	1	1	0	0	0	0	0	N	N	N	N	N	N	N	N	N	N	N	N	0.0000	0.0000	0.0000	0.0000	0.0000	0.0000	0.0000	0.0000	0.0000	0.0000	0.0000	0.0000	0.0000	18.3401	0.0000	27.5208	0.0000	0.0000	0.0000	21.6492	0.0000	29.8533	inf	0.0000	0.2511	1.0000	3.9334	3.0000	2.0001	0.0000	0.0000	0.0000	0.0000	0.0000	0.0000	0.0000	0.0000	0.0000	1.0000	0.0000	1.0000	0.0000	0.0000	0.0000	1.0000	0.0000	1.0000	0.0757	0.0670	0.0087	0.0221	0.0209	0.0011	0.0536	0.0461	0.0075	0.0545	0.0182	0.0363	0.0083	0.0055	0.0028	0.0462	0.0127	0.0335	0.0000	0.0000	0.0000	0.0000	0.0000	0.0000	0.0000	0.0000	0.0000	18.3401	0.0000	27.5208	0.0000	0.0000	0.0000	21.6492	0.0000	29.8533						
37	40	0.0566	4	2	1	2	0	0	0	0	0	Y	N	Y	N	N	N	N	N	N	N	N	N	0.0000	0.0000	0.0000	0.0000	0.0000	0.0000	0.0000	0.0000	0.0000	0.0000	0.0000	0.0000	0.0000	0.0000	0.0000	0.0000	0.0000	0.0000	0.0000	0.0000	1.0000	0.0000	3.0000	0.0000	0.0000	0.0000	0.0000	0.0000	0.0000	0.0000	0.0000	0.0000	0.0000	0.0000	0.0000	0.0000	0.0000	0.0000	0.0000	0.0000	0.0000	0.0000	0.0000	0.0000	0.0000	0.0000	0.0000	0.0000	0.0000	0.0000	0.0000	0.0000	0.0000	0.0000	0.0000	0.0000	0.0000	0.0000	0.0000	0.0000	0.0000	0.0000	0.0000	0.0000	0.0000	0.0000	0.0000	0.0000	0.0000	0.0000	0.0000	0.0000	0.0000	0.0000	0.0000	0.0000	0.0000	0.0000											
37	41	0.0566	3	2	1	2	0	0	0	0	0	Y	N	Y	N	N	N	N	N	N	N	N	N	1.7222	inf	0.0000	1.9795	inf	0.0000	54.2586	63.0462	0.0000	0.0000	0.0000	0.0000	62.4274	73.5264	0.0000	31.5052	0.0000	41.3546	0.0000	0.0000	0.0000	31.5368	0.0000	41.3546	0.0000	inf	-0.1978	0.2510	1.0000	1.0000	3.0000	1.9999	1.0000	1.0000	0.0000	0.0000	0.0000	0.0000	1.0000	1.0000	0.0000	0.9999	0.0000	0.9999	0.0000	0.0000	0.0000	0.9999	0.0000	0.9999	0.0184	0.0159	0.0026	0.0024	0.0023	0.0002	0.0160	0.0136	0.0024	0.0317	0.0076	0.0242	0.0000	0.0000	0.0000	0.0317	0.0075	0.0242	1.7222	inf	0.0000	0.0000	0.0000	0.0000	1.9795	inf	0.0000	31.5052	0.0000	41.3546	0.0000	0.0000	0.0000	31.5368	0.0000	41.3546			
37	42	0.2344	6	2	1	1	0	0	0	0	0	Y	N	N	N	N	N	N	N	N	N	N	N	0.0000	0.0000	0.0000	0.0000	0.0000	0.0000	0.0000	0.0000	0.0000	0.0000	0.0000	0.0000	0.0000	0.0000	0.0000	0.0000	32.7873	0.0008	57.2245	0.0014	0.0015	0.0000	43.6530	0.0000	59.4360	94075.0000	0.0000	0.2362	1.0000	0.0007	3.0000	2.0242	0.0000	0.0000	0.0000	0.0000	0.0000	0.0000	0.0000	0.0000	0.0000	0.9408	0.0000	0.9407	0.0000	0.0000	0.0000	0.9407	0.0000	0.9407	0.0000	0.0000	0.0000	0.0000	0.0000	0.0000	0.0000	0.0000	0.0000	0.0287	0.0123	0.0164	0.0071	0.0065	0.0006	0.0216	0.0057	0.0158	0.0000	0.0000	0.0000	0.0000	0.0000	0.0000	0.0000	0.0000	0.0000	32.7873	0.0008	57.2245	0.0014	0.0015	0.0000	43.6530	0.0000	59.4360			
37	43	0.1376	4	1	1	1	1	0	0	0	0	N	N	N	N	N	N	N	N	N	N	N	N	0.0000	0.0000	0.0000	0.0000	0.0000	0.0000	0.0000	0.0000	0.0000	0.0000	0.0000	0.0000	0.0000	0.0000	0.0000	0.0000	0.0000	0.0000	0.0000	0.0000	1.0000	0.0000	3.0000	0.0000	0.0000	0.0000	0.0000	0.0000	0.0000	0.0000	0.0000	0.0000	0.0000	0.0000	0.0000	0.0000	0.0000	0.0000	0.0000	0.0000	0.0000	0.0000	0.0000	0.0000	0.0000	0.0000	0.0000	0.0000	0.0000	0.0000	0.0000	0.0000	0.0000	0.0000	0.0000	0.0000	0.0000	0.0000	0.0000	0.0000	0.0000	0.0000	0.0000	0.0000	0.0000	0.0000	0.0000	0.0000	0.0000	0.0000	0.0000	0.0000	0.0000	0.0000	0.0000	0.0000	0.0000	0.0000											
37	44	0.1376	4	1	0	1	1	0	0	0	0	N	N	N	N	N	N	N	N	N	N	N	N	0.0000	0.0000	0.0000	0.0000	0.0000	0.0000	0.0000	0.0000	0.0000	0.0000	0.0000	0.0000	0.0000	0.0000	0.0000	0.0000	0.0000	0.0000	0.0000	0.0000	1.0000	0.0000	3.0000	0.0000	0.0000	0.0000	0.0000	0.0000	0.0000	0.0000	0.0000	0.0000	0.0000	0.0000	0.0000	0.0000	0.0000	0.0000	0.0000	0.0000	0.0000	0.0000	0.0000	0.0000	0.0000	0.0000	0.0000	0.0000	0.0000	0.0000	0.0000	0.0000	0.0000	0.0000	0.0000	0.0000	0.0000	0.0000	0.0000	0.0000	0.0000	0.0000	0.0000	0.0000	0.0000	0.0000	0.0000	0.0000	0.0000	0.0000	0.0000	0.0000	0.0000	0.0000	0.0000	0.0000	0.0000	0.0000											
37	45	0.0932	3	1	0	1	1	0	0	0	0	N	N	N	N	N	N	N	N	N	N	N	N	0.0000	0.0000	0.0000	0.0000	0.0000	0.0000	0.0000	0.0000	0.0000	0.0000	0.0000	0.0000	0.0000	31.3843	0.0000	47.1087	0.0000	0.0000	0.0000	37.0005	0.0000	51.0964	inf	0.0000	0.5021	1.0000	3.0666	3.0000	3.9999	0.0000	0.0000	0.0000	0.0000	0.0000	0.0000	0.0000	0.0000	0.0000	2.0000	0.0000	2.0000	0.0000	0.0000	0.0000	2.0000	0.0000	2.0000	0.0609	0.0540	0.0069	0.0187	0.0178	0.0009	0.0422	0.0363	0.0060	0.0637	0.0213	0.0425	0.0097	0.0064	0.0033	0.0541	0.0149	0.0391	0.0000	0.0000	0.0000	0.0000	0.0000	0.0000	0.0000	0.0000	0.0000	31.3843	0.0000	47.1087	0.0000	0.0000	0.0000	37.0005	0.0000	51.0964						
37	47	0.0913	4	2	1	1	0	0	0	0	0	Y	N	N	N	N	N	N	N	N	N	N	N	0.0000	0.0000	0.0000	0.0000	0.0000	0.0000	0.0000	0.0000	0.0000	0.0000	0.0000	0.0000	0.0000	0.0000	0.0000	0.0000	0.3161	0.0010	0.5237	0.0027	0.0028	0.0000	0.3679	0.0000	0.5271	827.0000	0.0000	0.0021	1.0000	0.9991	3.0000	2.0273	0.0000	0.0000	0.0000	0.0000	0.0000	0.0000	0.0000	0.0000	0.0000	0.0083	0.0000	0.0083	0.0000	0.0000	0.0000	0.0083	0.0000	0.0083	0.0189	0.0167	0.0023	0.0055	0.0052	0.0004	0.0134	0.0115	0.0019	0.0262	0.0104	0.0158	0.0037	0.0036	0.0001	0.0225	0.0068	0.0157	0.0000	0.0000	0.0000	0.0000	0.0000	0.0000	0.0000	0.0000	0.0000	0.3161	0.0010	0.5237	0.0027	0.0028	0.0000	0.3679	0.0000	0.5271			
37	48	0.0537	3	2	1	1	0	0	0	0	0	Y	N	N	N	N	N	N	N	N	N	N	N	0.0000	0.0697	0.0000	0.0613	0.0635	0.0000	0.0000	0.0007	0.0008	0.0000	0.0020	0.0021	0.0000	0.0000	0.0000	0.0000	13.8284	0.0108	20.1368	0.0329	0.0330	0.0000	15.4111	0.0000	20.1397	0.0000	4079.8153	-0.0000	0.2426	1.0000	3.1828	3.0000	3.1571	0.0001	0.0001	0.0000	0.0001	0.0001	0.0000	0.0000	0.0000	0.0000	0.9671	0.0002	0.9669	0.0002	0.0002	0.0000	0.9669	0.0000	0.9669	0.0877	0.0796	0.0081	0.0297	0.0287	0.0010	0.0580	0.0510	0.0071	0.0699	0.0219	0.0480	0.0072	0.0072	0.0000	0.0627	0.0147	0.0480	0.0000	0.0697	0.0000	0.0613	0.0635	0.0000	0.0000	0.0000	0.0000	13.8284	0.0108	20.1368	0.0329	0.0330	0.0000	15.4111	0.0000	20.1397		
37	49	0.0495	2	1	1	1	0	0	0	0	0	N	N	N	N	N	N	N	N	N	N	N	N	0.0015	0.0019	0.0031	0.0000	0.0000	0.0031	inf	0.0040	0.0014	0.0013	0.0035	0.0000	0.0000	0.0000	0.0028	0.0026	0.0044	0.9443	0.6593	1.1122	1.0587	1.0588	0.0000	0.9099	0.0000	1.1123	0.2000	2.8623	-0.0000	-0.0003	1.0000	0.8922	3.0000	1.0748	0.0001	0.0000	0.0000	0.0000	0.0000	0.0000	0.0001	0.0000	0.0000	0.0335	0.0087	0.0248	0.0087	0.0087	0.0000	0.0248	0.0000	0.0248	0.0428	0.0399	0.0029	0.0212	0.0206	0.0006	0.0215	0.0193	0.0023	0.0355	0.0132	0.0223	0.0082	0.0082	0.0000	0.0273	0.0050	0.0223	0.0015	0.0019	0.0031	0.0000	0.0000	0.0000	0.0031	inf	0.0040	0.9443	0.6593	1.1122	1.0587	1.0588	0.0000	0.9099	0.0000	1.1123	
37	52	0.1498	4	1	0	1	0	0	0	0	0	N	N	N	N	N	N	N	N	N	N	N	N	0.0069	0.0030	0.0031	0.0031	0.0002	0.0002	0.0000	0.0005	0.0005	0.0000	0.0000	0.0000	0.0000	0.0233	0.0599	0.0000	0.1638	0.1731	0.0000	0.0000	0.0000	0.0000	0.0000	0.0000	-0.0000	-0.0009	1.0000	3.0179	3.0000	1.1627	0.0000	0.0000	0.0000	0.0000	0.0000	0.0000	0.0000	0.0000	0.0000	0.0012	0.0012	0.0000	0.0012	0.0012	0.0000	0.0000	0.0000	0.0000	0.0620	0.0550	0.0070	0.0196	0.0186	0.0010	0.0425	0.0364	0.0061	0.0532	0.0207	0.0325	0.0076	0.0072	0.0004	0.0456	0.0136	0.0321	0.0069	0.0030	0.0000	0.0031	0.0031	0.0000	0.0000	0.0000	0.0000	0.0233	0.0599	0.0000	0.1638	0.1731	0.0000	0.0000	0.0000	0.0000					
37	54	0.1498	4	1	1	1	0	0	0	0	0	N	N	N	N	N	N	N	N	N	N	N	N	0.0167	0.0062	0.0043	0.0041	0.0002	0.0003	0.0000	0.0007	0.0007	0.0000	0.0000	0.0000	0.0000	0.0135	0.0412	0.0000	0.1579	0.1754	0.0000	0.0000	0.0000	0.0000	0.0000	0.0000	-0.0000	-0.0009	1.0000	2.0683	3.0000	6.9961	0.0000	0.0000	0.0000	0.0000	0.0000	0.0000	0.0000	0.0000	0.0000	0.0012	0.0012	0.0000	0.0012	0.0012	0.0000	0.0000	0.0000	0.0000	0.0441	0.0391	0.0050	0.0146	0.0139	0.0008	0.0295	0.0253	0.0042	0.0916	0.0301	0.0615	0.0079	0.0071	0.0008	0.0837	0.0230	0.0607	0.0167	0.0062	0.0000	0.0043	0.0041	0.0000	0.0000	0.0000	0.0000	0.0135	0.0412	0.0000	0.1579	0.1754	0.0000	0.0000	0.0000	0.0000					
37	55	0.0932	3	1	0	1	0	0	0	0	0	N	N	N	N	N	N	N	N	N	N	N	N	0.0084	inf	0.0000	0.0101	inf	0.0000	0.0001	0.0001	0.0000	0.0000	0.0000	0.0000	0.0002	0.0002	0.0000	0.0158	0.0000	0.0237	0.0000	0.0000	0.0000	0.0185	0.0000	0.0257	0.0000	inf	-0.0000	0.0003	1.0000	3.9265	3.0000	5.0808	0.0000	0.0000	0.0000	0.0000	0.0000	0.0000	0.0000	0.0000	0.0000	0.0012	0.0000	0.0012	0.0000	0.0000	0.0000	0.0012	0.0000	0.0012	0.0756	0.0669	0.0086	0.0220	0.0209	0.0011	0.0535	0.0460	0.0075	0.0787	0.0263	0.0524	0.0118	0.0077	0.0041	0.0669	0.0186	0.0483	0.0084	inf	0.0000	0.0000	0.0000	0.0000	0.0101	inf	0.0000	0.0158	0.0000	0.0237	0.0000	0.0000	0.0000	0.0185	0.0000	0.0257			
37	57	0.2283	8	1	1	1	0	0	0	0	0	N	N	N	N	N	N	N	N	N	N	N	N	0.0010	0.0665	0.0000	0.0563	0.0560	0.0001	inf	0.0000	0.0006	0.0007	0.0000	0.0013	0.0014	0.0000	0.0001	0.0001	0.0000	0.5759	0.0099	1.0243	0.0228	0.0242	0.0000	0.7078	0.0000	1.0443	0.0000	129.9444	-0.0000	0.0172	1.0000	9.7645	3.0000	7.4558	0.0001	0.0001	0.0000	0.0001	0.0001	0.0000	0.0000	0.0000	0.0000	0.0707	0.0005	0.0702	0.0005	0.0005	0.0000	0.0702	0.0000	0.0702	0.2012	0.1815	0.0197	0.0856	0.0812	0.0043	0.1156	0.1002	0.0154	0.1228	0.0543	0.0685	0.0236	0.0223	0.0013	0.0991	0.0319	0.0672	0.0010	0.0665	0.0000	0.0563	0.0560	0.0000	0.0001	inf	0.0000	0.5759	0.0099	1.0243	0.0228	0.0242	0.0000	0.7078	0.0000	1.0443	
37	58	0.2839	9	1	0	2	0	0	0	0	0	N	N	Y	N	N	N	N	N	N	N	N	N	0.0000	0.0000	0.0000	0.0000	0.0000	0.0000	0.0000	0.0000	0.0000	0.0000	0.0000	0.0000	0.0000	0.0030	0.0000	0.0057	0.0000	0.0000	0.0000	0.0038	0.0000	0.0059	inf	0.0000	0.0000	1.0000	1.0009	3.0000	0.0163	0.0000	0.0000	0.0000	0.0000	0.0000	0.0000	0.0000	0.0000	0.0000	0.0000	0.0000	0.0000	0.0000	0.0000	0.0000	0.0000	0.0000	0.0000	0.0263	0.0238	0.0025	0.0159	0.0149	0.0010	0.0105	0.0089	0.0015	0.0067	0.0032	0.0035	0.0015	0.0014	0.0001	0.0052	0.0018	0.0034	0.0000	0.0000	0.0000	0.0000	0.0000	0.0000	0.0000	0.0000	0.0000	0.0030	0.0000	0.0057	0.0000	0.0000	0.0000	0.0038	0.0000	0.0059						
37	59	0.2685	8	1	0	1	0	0	0	0	0	N	N	N	N	N	N	N	N	N	N	N	N	0.0000	0.0000	0.0000	0.0000	0.0000	0.0000	0.0000	0.0000	0.0000	0.0000	0.0000	0.0000	0.0000	0.0000	0.0000	0.0000	0.0066	0.0032	0.0095	0.0069	0.0074	0.0000	0.0065	0.0000	0.0097	3.5002	0.0000	0.0000	1.0000	1.9961	3.0000	0.0521	0.0000	0.0000	0.0000	0.0000	0.0000	0.0000	0.0000	0.0000	0.0000	0.0001	0.0000	0.0001	0.0000	0.0000	0.0000	0.0001	0.0000	0.0001	0.0497	0.0448	0.0049	0.0276	0.0259	0.0017	0.0221	0.0189	0.0031	0.0136	0.0062	0.0074	0.0029	0.0027	0.0002	0.0108	0.0035	0.0072	0.0000	0.0000	0.0000	0.0000	0.0000	0.0000	0.0000	0.0000	0.0000	0.0066	0.0032	0.0095	0.0069	0.0074	0.0000	0.0065	0.0000	0.0097			
37	60	0.2607	7	1	0	1	0	0	0	0	0	N	N	N	N	N	N	N	N	N	N	N	N	0.0000	0.0000	0.0000	0.0000	0.0000	0.0000	0.0000	0.0000	0.0000	0.0000	0.0000	0.0000	0.0000	0.0000	0.0000	0.0000	0.0656	0.0207	0.1042	0.0440	0.0463	0.0000	0.0716	0.0000	0.1064	5.8591	0.0000	0.0001	1.0000	0.0081	3.0000	1.0507	0.0000	0.0000	0.0000	0.0000	0.0000	0.0000	0.0000	0.0000	0.0000	0.0005	0.0001	0.0004	0.0001	0.0001	0.0000	0.0004	0.0000	0.0004	0.0003	0.0003	0.0000	0.0002	0.0002	0.0000	0.0001	0.0001	0.0000	0.0073	0.0034	0.0039	0.0016	0.0015	0.0001	0.0057	0.0019	0.0039	0.0000	0.0000	0.0000	0.0000	0.0000	0.0000	0.0000	0.0000	0.0000	0.0656	0.0207	0.1042	0.0440	0.0463	0.0000	0.0716	0.0000	0.1064			
37	61	0.2120	6	1	0	1	0	0	0	0	0	N	N	N	N	N	N	N	N	N	N	N	N	0.0000	0.0000	0.0000	0.0000	0.0000	0.0000	0.0000	0.0000	0.0000	0.0000	0.0000	0.0000	0.0000	0.0000	0.0000	0.0000	1.4015	0.0147	2.4649	0.0279	0.0288	0.0000	1.8074	0.0000	2.4966	219.2074	0.0000	0.0219	1.0000	3.0167	3.0000	3.2580	0.0000	0.0000	0.0000	0.0000	0.0000	0.0000	0.0000	0.0000	0.0000	0.0889	0.0004	0.0885	0.0004	0.0004	0.0000	0.0885	0.0000	0.0885	0.0714	0.0644	0.0069	0.0331	0.0315	0.0016	0.0383	0.0329	0.0054	0.0634	0.0275	0.0359	0.0145	0.0140	0.0005	0.0490	0.0135	0.0354	0.0000	0.0000	0.0000	0.0000	0.0000	0.0000	0.0000	0.0000	0.0000	1.4015	0.0147	2.4649	0.0279	0.0288	0.0000	1.8074	0.0000	2.4966			
37	62	0.1372	5	1	1	1	0	0	0	0	0	N	N	N	N	N	N	N	N	N	N	N	N	0.0000	0.0000	0.0000	0.0000	0.0000	0.0000	0.0000	0.0000	0.0000	0.0000	0.0000	0.0000	0.0000	0.0000	0.0000	0.0000	13.6632	0.7678	22.5326	1.1349	1.3949	0.0000	18.4320	0.0000	24.6724	42.6667	0.0000	0.2245	1.0000	3.3327	3.0000	4.3103	0.0000	0.0000	0.0000	0.0000	0.0000	0.0000	0.0000	0.0000	0.0000	0.9838	0.0225	0.9613	0.0225	0.0225	0.0000	0.9613	0.0000	0.9613	0.1068	0.0966	0.0102	0.0621	0.0586	0.0036	0.0447	0.0380	0.0066	0.0720	0.0293	0.0427	0.0199	0.0162	0.0037	0.0522	0.0132	0.0390	0.0000	0.0000	0.0000	0.0000	0.0000	0.0000	0.0000	0.0000	0.0000	13.6632	0.7678	22.5326	1.1349	1.3949	0.0000	18.4320	0.0000	24.6724			
37	63	0.1131	4	1	0	1	0	0	0	0	0	N	N	N	N	N	N	N	N	N	N	N	N	0.0000	0.0000	0.0000	0.0000	0.0000	0.0000	0.0000	0.0000	0.0000	0.0000	0.0000	0.0000	0.0000	0.0000	0.0000	0.0000	0.0000	1.1693	0.0120	1.9386	0.0170	0.0218	0.0000	1.5502	0.1255	2.1337	243.4250	0.0000	0.0152	1.0000	3.2669	3.0000	2.4507	0.0000	0.0000	0.0000	0.0000	0.0000	0.0000	0.0000	0.0000	0.0000	0.0615	0.0003	0.0612	0.0002	0.0002	0.0000	0.0612	0.0000	0.0612	0.1114	0.1015	0.0099	0.0634	0.0603	0.0031	0.0479	0.0412	0.0067	0.0526	0.0210	0.0316	0.0131	0.0102	0.0029	0.0395	0.0108	0.0287	0.0000	0.0000	0.0000	0.0000	0.0000	0.0000	0.0000	0.0000	0.0000	1.1693	0.0120	1.9386	0.0170	0.0218	0.0000	1.5502	0.0028	2.1337		
37	64	0.0566	4	2	0	2	0	0	0	0	0	Y	N	Y	N	N	N	N	N	N	N	N	N	0.0000	0.0000	0.0000	0.0000	0.0000	0.0000	0.0000	0.0000	0.0000	0.0000	0.0000	0.0000	0.0000	0.0000	0.0000	0.0000	0.0000	0.0000	0.0000	0.0000	1.0000	0.0000	3.0000	1.0000	0.0000	0.0000	0.0000	0.0000	0.0000	0.0000	0.0000	0.0000	0.0000	0.0000	0.0000	0.0000	0.0000	0.0000	0.0000	0.0000	0.0000	0.0000	0.0000	0.0000	0.0000	0.0000	0.0000	0.0000	0.0000	0.0000	0.0000	0.0110	0.0026	0.0084	0.0000	0.0000	0.0000	0.0110	0.0026	0.0084	0.0000	0.0000	0.0000	0.0000	0.0000	0.0000	0.0000	0.0000	0.0000	0.0000	0.0000	0.0000	0.0000	0.0000	0.0000	0.0000	0.0000	0.0000											
37	65	0.0566	3	2	0	2	0	0	0	0	0	Y	N	Y	N	N	N	N	N	N	N	N	N	0.0000	0.0000	0.0000	0.0000	0.0000	0.0000	0.0000	0.0000	0.0000	0.0000	0.0000	0.0000	0.0000	6.9628	14.5266	0.0000	15.1007	15.1007	0.0000	0.0000	0.0000	0.0000	0.0000	0.0000	-0.0001	1.0000	0.0000	3.0000	0.0001	0.0000	0.0000	0.0000	0.0000	0.0000	0.0000	0.0000	0.0000	0.0000	0.0001	0.0001	0.0000	0.0001	0.0001	0.0000	0.0000	0.0000	0.0000	0.0000	0.0000	0.0000	0.0000	0.0000	0.0000	0.0000	0.0000	0.0000	0.0000	0.0000	0.0000	0.0000	0.0000	0.0000	0.0000	0.0000	0.0000	0.0000	0.0000	0.0000	0.0000	0.0000	0.0000	0.0000	0.0000	0.0000	6.9628	14.5266	0.0000	15.1007	15.1007	0.0000	0.0000	0.0000	0.0000						
37	66	0.0443	2	2	0	2	0	0	0	0	0	Y	N	Y	N	N	N	N	N	N	N	N	N	0.0000	0.0000	0.0000	0.0000	0.0000	0.0000	0.0000	0.0000	0.0000	0.0000	0.0000	0.0000	0.0000	0.0000	0.0000	0.0000	2.1071	6.8774	0.0046	16.7213	16.7215	0.0000	0.0037	0.0000	0.0046	0.0015	0.0000	-0.0462	1.0000	1.9720	3.0000	0.0923	0.0000	0.0000	0.0000	0.0000	0.0000	0.0000	0.0000	0.0000	0.0000	0.0617	0.0617	0.0001	0.0617	0.0617	0.0000	0.0001	0.0000	0.0001	0.0365	0.0315	0.0050	0.0049	0.0046	0.0003	0.0316	0.0269	0.0047	0.0293	0.0090	0.0203	0.0037	0.0037	0.0000	0.0256	0.0053	0.0203	0.0000	0.0000	0.0000	0.0000	0.0000	0.0000	0.0000	0.0000	0.0000	2.1071	6.8774	0.0046	16.7213	16.7215	0.0000	0.0037	0.0000	0.0046			
37	68	0.1707	5	1	1	1	1	0	0	0	0	N	N	N	N	N	N	N	N	N	N	N	N	0.0000	0.0000	0.0000	0.0000	0.0000	0.0000	0.0000	0.0000	0.0000	0.0000	0.0000	0.0000	0.0000	0.6994	1.9345	0.0000	6.1931	6.3820	0.0000	0.0000	0.0000	0.0000	0.0000	0.0000	-0.0339	1.0000	2.7513	3.0000	4.0954	0.0000	0.0000	0.0000	0.0000	0.0000	0.0000	0.0000	0.0000	0.0000	0.0453	0.0453	0.0000	0.0453	0.0453	0.0000	0.0000	0.0000	0.0000	0.0693	0.0627	0.0066	0.0349	0.0331	0.0018	0.0344	0.0296	0.0048	0.0647	0.0234	0.0413	0.0073	0.0071	0.0002	0.0574	0.0163	0.0411	0.0000	0.0000	0.0000	0.0000	0.0000	0.0000	0.0000	0.0000	0.0000	0.6994	1.9345	0.0000	6.1931	6.3820	0.0000	0.0000	0.0000	0.0000						
37	69	0.0932	3	1	1	1	0	0	0	0	0	N	N	N	N	N	N	N	N	N	N	N	N	0.0000	0.0000	0.0000	0.0000	0.0000	0.0000	0.0000	0.0000	0.0000	0.0000	0.0000	0.0000	0.0000	7.0736	0.0000	10.6608	0.0000	0.0000	0.0000	8.2371	0.0000	11.5482	inf	0.0000	0.2511	1.0000	9.9334	3.0000	8.9999	0.0000	0.0000	0.0000	0.0000	0.0000	0.0000	0.0000	0.0000	0.0000	1.0000	0.0000	1.0000	0.0000	0.0000	0.0000	1.0000	0.0000	1.0000	0.1681	0.1486	0.0195	0.0418	0.0395	0.0024	0.1263	0.1092	0.0171	0.1414	0.0476	0.0938	0.0200	0.0128	0.0072	0.1214	0.0348	0.0866	0.0000	0.0000	0.0000	0.0000	0.0000	0.0000	0.0000	0.0000	0.0000	7.0736	0.0000	10.6608	0.0000	0.0000	0.0000	8.2371	0.0000	11.5482						
37	70	0.0932	3	1	1	1	0	0	0	0	0	N	N	N	N	N	N	N	N	N	N	N	N	0.0000	0.0000	0.0000	0.0000	0.0000	0.0000	0.0000	0.0000	0.0000	0.0000	0.0000	0.0000	0.0000	51.8663	0.0000	77.7956	0.0000	0.0000	0.0000	61.3530	0.0000	84.4009	inf	0.0000	0.5021	1.0000	0.0666	3.0000	4.0001	0.0000	0.0000	0.0000	0.0000	0.0000	0.0000	0.0000	0.0000	0.0000	2.0000	0.0000	2.0000	0.0000	0.0000	0.0000	2.0000	0.0000	2.0000	0.0066	0.0064	0.0002	0.0056	0.0056	0.0001	0.0010	0.0008	0.0001	0.0386	0.0129	0.0257	0.0060	0.0040	0.0020	0.0326	0.0089	0.0237	0.0000	0.0000	0.0000	0.0000	0.0000	0.0000	0.0000	0.0000	0.0000	51.8663	0.0000	77.7956	0.0000	0.0000	0.0000	61.3530	0.0000	84.4009						
37	74	0.1131	4	1	1	1	0	0	0	0	0	N	N	N	N	N	N	N	N	N	N	N	N	0.0000	0.0000	0.0000	0.0000	0.0000	0.0000	0.0000	0.0000	0.0000	0.0000	0.0000	0.0000	0.0000	0.0040	0.0101	0.0000	0.0164	0.0214	0.0000	0.0000	0.0000	0.0000	0.0000	0.0000	-0.0002	1.0000	1.8678	3.0000	4.6278	0.0000	0.0000	0.0000	0.0000	0.0000	0.0000	0.0000	0.0000	0.0000	0.0002	0.0002	0.0000	0.0002	0.0002	0.0000	0.0000	0.0000	0.0000	0.0877	0.0806	0.0071	0.0566	0.0539	0.0027	0.0311	0.0267	0.0044	0.0578	0.0228	0.0350	0.0140	0.0108	0.0032	0.0438	0.0120	0.0318	0.0000	0.0000	0.0000	0.0000	0.0000	0.0000	0.0000	0.0000	0.0000	0.0040	0.0101	0.0000	0.0164	0.0214	0.0000	0.0000	0.0000	0.0000						
37	75	0.0932	3	1	0	1	0	0	0	0	0	N	N	N	N	N	N	N	N	N	N	N	N	0.0000	0.0000	0.0000	0.0000	0.0000	0.0000	0.0000	0.0000	0.0000	0.0000	0.0000	0.0000	0.0000	0.0047	0.0000	0.0070	0.0000	0.0000	0.0000	0.0055	0.0000	0.0076	inf	0.0000	0.0001	1.0000	4.7010	3.0000	0.6064	0.0000	0.0000	0.0000	0.0000	0.0000	0.0000	0.0000	0.0000	0.0000	0.0002	0.0000	0.0002	0.0000	0.0000	0.0000	0.0002	0.0000	0.0002	0.0884	0.0782	0.0102	0.0249	0.0236	0.0013	0.0635	0.0546	0.0089	0.0493	0.0164	0.0328	0.0076	0.0050	0.0026	0.0417	0.0114	0.0303	0.0000	0.0000	0.0000	0.0000	0.0000	0.0000	0.0000	0.0000	0.0000	0.0047	0.0000	0.0070	0.0000	0.0000	0.0000	0.0055	0.0000	0.0076						
37	78	0.2168	7	2	1	1	1	0	0	0	0	Y	N	N	N	N	N	N	N	N	N	N	N	0.0000	0.0000	0.0000	0.0000	0.0000	0.0000	0.0000	0.0000	0.0000	0.0000	0.0000	0.0000	0.0000	0.0019	0.0062	0.0000	0.0215	0.0344	0.0000	0.0000	0.0000	0.0000	0.0000	0.0000	-0.0000	1.0000	1.0000	3.0000	2.0144	0.0000	0.0000	0.0000	0.0000	0.0000	0.0000	0.0000	0.0000	0.0000	0.0001	0.0001	0.0000	0.0001	0.0001	0.0000	0.0000	0.0000	0.0000	0.0209	0.0186	0.0022	0.0081	0.0077	0.0004	0.0128	0.0110	0.0018	0.0264	0.0081	0.0184	0.0023	0.0015	0.0009	0.0241	0.0066	0.0175	0.0000	0.0000	0.0000	0.0000	0.0000	0.0000	0.0000	0.0000	0.0000	0.0019	0.0062	0.0000	0.0215	0.0344	0.0000	0.0000	0.0000	0.0000						
37	79	0.1946	6	2	1	1	1	0	0	0	0	Y	N	N	N	N	N	N	N	N	N	N	N	0.0000	0.0000	0.0000	0.0000	0.0000	0.0000	0.0000	0.0000	0.0000	0.0000	0.0000	0.0000	0.0000	0.0019	0.0000	0.0027	0.0000	0.0000	0.0000	0.0021	0.0000	0.0029	inf	0.0000	0.0000	1.0000	0.0001	3.0000	3.0180	0.0000	0.0000	0.0000	0.0000	0.0000	0.0000	0.0000	0.0000	0.0000	0.0001	0.0000	0.0001	0.0000	0.0000	0.0000	0.0001	0.0000	0.0001	0.0000	0.0000	0.0000	0.0000	0.0000	0.0000	0.0000	0.0000	0.0000	0.0263	0.0079	0.0184	0.0021	0.0013	0.0008	0.0242	0.0066	0.0175	0.0000	0.0000	0.0000	0.0000	0.0000	0.0000	0.0000	0.0000	0.0000	0.0019	0.0000	0.0027	0.0000	0.0000	0.0000	0.0021	0.0000	0.0029						
37	80	0.2166	8	1	1	1	1	0	0	0	0	N	N	N	N	N	N	N	N	N	N	N	N	0.0000	0.0000	0.0000	0.0000	0.0000	0.0000	0.0000	0.0000	0.0000	0.0000	0.0000	0.0000	0.0000	0.0000	0.0000	0.0000	0.0000	0.0000	0.0000	0.0000	1.0000	0.0000	3.0000	0.0000	0.0000	0.0000	0.0000	0.0000	0.0000	0.0000	0.0000	0.0000	0.0000	0.0000	0.0000	0.0000	0.0000	0.0000	0.0000	0.0000	0.0000	0.0000	0.0000	0.0000	0.0000	0.0000	0.0000	0.0000	0.0000	0.0000	0.0000	0.0000	0.0000	0.0000	0.0000	0.0000	0.0000	0.0000	0.0000	0.0000	0.0000	0.0000	0.0000	0.0000	0.0000	0.0000	0.0000	0.0000	0.0000	0.0000	0.0000	0.0000	0.0000	0.0000	0.0000	0.0000	0.0000	0.0000											
37	81	0.1946	6	1	0	2	1	0	0	0	0	N	N	Y	N	N	N	N	N	N	N	N	N	0.0000	0.0000	0.0000	0.0000	0.0000	0.0000	0.0000	0.0000	0.0000	0.0000	0.0000	0.0000	0.0000	0.0000	0.0000	0.0000	0.0000	0.0000	0.0000	0.0000	1.0000	2.0000	3.0000	0.0000	0.0000	0.0000	0.0000	0.0000	0.0000	0.0000	0.0000	0.0000	0.0000	0.0000	0.0000	0.0000	0.0000	0.0000	0.0000	0.0000	0.0000	0.0000	0.0410	0.0366	0.0044	0.0157	0.0148	0.0008	0.0253	0.0217	0.0036	0.0177	0.0053	0.0124	0.0014	0.0008	0.0006	0.0163	0.0045	0.0118	0.0000	0.0000	0.0000	0.0000	0.0000	0.0000	0.0000	0.0000	0.0000	0.0000	0.0000	0.0000	0.0000	0.0000	0.0000	0.0000	0.0000	0.0000											
37	82	0.1946	6	1	0	2	1	0	0	0	0	N	N	Y	N	N	N	N	N	N	N	N	N	0.0000	0.0000	0.0000	0.0000	0.0000	0.0000	0.0000	0.0000	0.0000	0.0000	0.0000	0.0000	0.0000	0.0000	0.0000	0.0000	0.0000	0.0000	0.0000	0.0000	1.0000	0.0000	3.0000	4.0000	0.0000	0.0000	0.0000	0.0000	0.0000	0.0000	0.0000	0.0000	0.0000	0.0000	0.0000	0.0000	0.0000	0.0000	0.0000	0.0000	0.0000	0.0000	0.0000	0.0000	0.0000	0.0000	0.0000	0.0000	0.0000	0.0000	0.0000	0.0343	0.0104	0.0239	0.0027	0.0017	0.0011	0.0315	0.0087	0.0228	0.0000	0.0000	0.0000	0.0000	0.0000	0.0000	0.0000	0.0000	0.0000	0.0000	0.0000	0.0000	0.0000	0.0000	0.0000	0.0000	0.0000	0.0000											
37	83	0.2166	8	1	0	2	1	0	0	0	0	N	N	Y	N	N	N	N	N	N	N	N	N	0.0000	0.0000	0.0000	0.0000	0.0000	0.0000	0.0000	0.0000	0.0000	0.0000	0.0000	0.0000	0.0000	0.0000	0.0000	0.0000	0.0000	0.0000	0.0000	0.0000	1.0000	0.0000	3.0000	2.0000	0.0000	0.0000	0.0000	0.0000	0.0000	0.0000	0.0000	0.0000	0.0000	0.0000	0.0000	0.0000	0.0000	0.0000	0.0000	0.0000	0.0000	0.0000	0.0000	0.0000	0.0000	0.0000	0.0000	0.0000	0.0000	0.0000	0.0000	0.0175	0.0051	0.0124	0.0012	0.0006	0.0006	0.0163	0.0045	0.0118	0.0000	0.0000	0.0000	0.0000	0.0000	0.0000	0.0000	0.0000	0.0000	0.0000	0.0000	0.0000	0.0000	0.0000	0.0000	0.0000	0.0000	0.0000											
37	84	0.2093	7	1	0	1	1	0	0	0	0	N	N	N	N	N	N	N	N	N	N	N	N	0.0000	0.0000	0.0000	0.0000	0.0000	0.0000	0.0000	0.0000	0.0000	0.0000	0.0000	0.0000	0.0000	0.1162	0.3909	0.0000	1.3736	2.3648	0.0000	0.0000	0.0000	0.0000	0.0000	0.0000	-0.0008	1.0000	1.0000	3.0000	0.0015	0.0000	0.0000	0.0000	0.0000	0.0000	0.0000	0.0000	0.0000	0.0000	0.0011	0.0011	0.0000	0.0011	0.0011	0.0000	0.0000	0.0000	0.0000	0.0209	0.0186	0.0022	0.0081	0.0077	0.0004	0.0128	0.0110	0.0018	0.0091	0.0027	0.0064	0.0008	0.0004	0.0003	0.0084	0.0023	0.0061	0.0000	0.0000	0.0000	0.0000	0.0000	0.0000	0.0000	0.0000	0.0000	0.1162	0.3909	0.0000	1.3736	2.3648	0.0000	0.0000	0.0000	0.0000						
37	85	0.1946	6	1	0	1	1	0	0	0	0	N	N	N	N	N	N	N	N	N	N	N	N	0.0000	0.0000	0.0000	0.0000	0.0000	0.0000	0.0000	0.0000	0.0000	0.0000	0.0000	0.0000	0.0000	0.0599	0.0000	0.0855	0.0000	0.0000	0.0000	0.0651	0.0000	0.0896	inf	0.0000	0.0003	1.0000	0.0000	3.0000	2.0013	0.0000	0.0000	0.0000	0.0000	0.0000	0.0000	0.0000	0.0000	0.0000	0.0011	0.0000	0.0011	0.0000	0.0000	0.0000	0.0011	0.0000	0.0011	0.0000	0.0000	0.0000	0.0000	0.0000	0.0000	0.0000	0.0000	0.0000	0.0177	0.0053	0.0124	0.0014	0.0009	0.0006	0.0163	0.0045	0.0118	0.0000	0.0000	0.0000	0.0000	0.0000	0.0000	0.0000	0.0000	0.0000	0.0599	0.0000	0.0855	0.0000	0.0000	0.0000	0.0651	0.0000	0.0896						
37	86	0.2344	6	2	1	1	0	0	0	0	0	Y	N	N	N	N	N	N	N	N	N	N	N	0.0000	0.0000	0.0000	0.0000	0.0000	0.0000	0.0000	0.0000	0.0000	0.0000	0.0000	0.0000	0.0000	2.9236	6.0341	0.0000	9.0030	9.4361	0.0000	0.0000	0.0000	0.0000	0.0000	0.0000	-0.0444	1.0000	0.0007	3.0000	0.9812	0.0000	0.0000	0.0000	0.0000	0.0000	0.0000	0.0000	0.0000	0.0000	0.0593	0.0593	0.0000	0.0593	0.0593	0.0000	0.0000	0.0000	0.0000	0.0000	0.0000	0.0000	0.0000	0.0000	0.0000	0.0000	0.0000	0.0000	0.0203	0.0098	0.0104	0.0066	0.0063	0.0003	0.0137	0.0035	0.0101	0.0000	0.0000	0.0000	0.0000	0.0000	0.0000	0.0000	0.0000	0.0000	2.9236	6.0341	0.0000	9.0030	9.4361	0.0000	0.0000	0.0000	0.0000						
37	87	0.1786	5	2	1	1	0	0	0	0	0	Y	N	N	N	N	N	N	N	N	N	N	N	0.0000	0.0000	0.0000	0.0000	0.0000	0.0000	0.0000	0.0000	0.0000	0.0000	0.0000	0.0000	0.0000	0.0000	0.0000	0.0000	1.0389	0.1487	1.4402	0.5376	0.8445	0.0000	1.0861	0.0000	1.5086	21.4884	0.0000	0.0128	1.0000	5.0272	3.0000	2.1572	0.0000	0.0000	0.0000	0.0000	0.0000	0.0000	0.0000	0.0000	0.0000	0.0618	0.0027	0.0591	0.0027	0.0027	0.0000	0.0591	0.0000	0.0591	0.1019	0.0913	0.0106	0.0400	0.0381	0.0019	0.0619	0.0532	0.0086	0.0595	0.0185	0.0410	0.0051	0.0033	0.0019	0.0544	0.0152	0.0392	0.0000	0.0000	0.0000	0.0000	0.0000	0.0000	0.0000	0.0000	0.0000	1.0389	0.1487	1.4402	0.5376	0.8445	0.0000	1.0861	0.0000	1.5086			
37	88	0.2319	7	1	1	1	0	0	0	0	0	N	N	N	N	N	N	N	N	N	N	N	N	0.0000	0.0000	0.0000	0.0000	0.0000	0.0000	0.0000	0.0000	0.0000	0.0000	0.0000	0.0000	0.0000	0.0000	0.0000	0.0000	0.0000	0.0000	0.0000	0.0000	1.0000	0.0000	3.0000	4.0000	0.0000	0.0000	0.0000	0.0000	0.0000	0.0000	0.0000	0.0000	0.0000	0.0000	0.0000	0.0000	0.0000	0.0000	0.0000	0.0000	0.0000	0.0000	0.0000	0.0000	0.0000	0.0000	0.0000	0.0000	0.0000	0.0000	0.0000	0.0345	0.0107	0.0237	0.0037	0.0025	0.0012	0.0307	0.0082	0.0225	0.0000	0.0000	0.0000	0.0000	0.0000	0.0000	0.0000	0.0000	0.0000	0.0000	0.0000	0.0000	0.0000	0.0000	0.0000	0.0000	0.0000	0.0000											
37	89	0.1946	6	1	1	1	0	0	0	0	0	N	N	N	N	N	N	N	N	N	N	N	N	0.0000	0.0000	0.0000	0.0000	0.0000	0.0000	0.0000	0.0000	0.0000	0.0000	0.0000	0.0000	0.0000	0.0000	0.0000	0.0000	0.0000	0.0000	0.0000	0.0000	1.0000	3.0000	3.0000	2.0000	0.0000	0.0000	0.0000	0.0000	0.0000	0.0000	0.0000	0.0000	0.0000	0.0000	0.0000	0.0000	0.0000	0.0000	0.0000	0.0000	0.0000	0.0000	0.0602	0.0538	0.0065	0.0227	0.0215	0.0012	0.0375	0.0322	0.0053	0.0422	0.0128	0.0294	0.0034	0.0020	0.0013	0.0388	0.0107	0.0281	0.0000	0.0000	0.0000	0.0000	0.0000	0.0000	0.0000	0.0000	0.0000	0.0000	0.0000	0.0000	0.0000	0.0000	0.0000	0.0000	0.0000	0.0000											
37	90	0.1946	6	2	1	1	0	0	0	0	0	Y	N	N	N	N	N	N	N	N	N	N	N	0.0000	0.0000	0.0000	0.0000	0.0000	0.0000	0.0000	0.0000	0.0000	0.0000	0.0000	0.0000	0.0000	0.0000	0.0000	0.0000	0.0000	0.0000	0.0000	0.0000	1.0000	2.0000	3.0000	3.0000	0.0000	0.0000	0.0000	0.0000	0.0000	0.0000	0.0000	0.0000	0.0000	0.0000	0.0000	0.0000	0.0000	0.0000	0.0000	0.0000	0.0000	0.0000	0.0410	0.0366	0.0044	0.0157	0.0148	0.0008	0.0253	0.0217	0.0036	0.0422	0.0128	0.0294	0.0034	0.0020	0.0013	0.0388	0.0107	0.0281	0.0000	0.0000	0.0000	0.0000	0.0000	0.0000	0.0000	0.0000	0.0000	0.0000	0.0000	0.0000	0.0000	0.0000	0.0000	0.0000	0.0000	0.0000											
37	91	0.1786	5	1	0	1	0	0	0	0	0	N	N	N	N	N	N	N	N	N	N	N	N	0.0000	0.0000	0.0000	0.0000	0.0000	0.0000	0.0000	0.0000	0.0000	0.0000	0.0000	0.0000	0.0000	0.1494	0.4702	0.0000	1.4945	2.1523	0.0000	0.0000	0.0000	0.0000	0.0000	0.0000	-0.0022	1.0000	2.0705	3.0000	0.0351	0.0000	0.0000	0.0000	0.0000	0.0000	0.0000	0.0000	0.0000	0.0000	0.0029	0.0029	0.0000	0.0029	0.0029	0.0000	0.0000	0.0000	0.0000	0.0478	0.0431	0.0047	0.0213	0.0204	0.0009	0.0265	0.0227	0.0038	0.0195	0.0062	0.0133	0.0020	0.0014	0.0006	0.0176	0.0049	0.0127	0.0000	0.0000	0.0000	0.0000	0.0000	0.0000	0.0000	0.0000	0.0000	0.1494	0.4702	0.0000	1.4945	2.1523	0.0000	0.0000	0.0000	0.0000						
37	92	0.1532	4	1	0	1	0	0	0	0	0	N	N	N	N	N	N	N	N	N	N	N	N	0.0090	0.0047	0.0000	0.0011	0.0009	0.0406	inf	0.0000	0.0029	0.0032	0.0000	0.0021	0.0022	0.0000	0.0038	0.0045	0.0000	0.3227	0.6781	0.1275	1.8218	2.3022	0.0000	0.0948	0.0000	0.1331	0.0000	0.3421	-0.0001	-0.0056	1.0000	3.4249	3.0000	0.1413	0.0003	0.0003	0.0000	0.0001	0.0001	0.0000	0.0002	0.0002	0.0000	0.0114	0.0085	0.0029	0.0085	0.0085	0.0000	0.0029	0.0000	0.0029	0.0928	0.0843	0.0085	0.0486	0.0462	0.0024	0.0442	0.0381	0.0061	0.0352	0.0125	0.0227	0.0046	0.0037	0.0010	0.0306	0.0088	0.0217	0.0090	0.0047	0.0000	0.0011	0.0009	0.0000	0.0406	inf	0.0000	0.3227	0.6781	0.1275	1.8218	2.3022	0.0000	0.0948	0.0000	0.1331	
37	98	0.2901	9	1	0	1	0	0	0	0	0	N	N	N	N	N	N	N	N	N	N	N	N	0.0000	0.0000	0.0000	0.0000	0.0000	0.0000	0.0000	0.0000	0.0000	0.0000	0.0000	0.0000	0.0000	0.0000	0.0000	0.0000	0.7365	0.1816	1.4188	0.3066	0.3249	0.0000	0.9452	0.0000	1.4796	6.3523	0.0000	0.0128	1.0000	4.9999	3.0000	9.0821	0.0000	0.0000	0.0000	0.0000	0.0000	0.0000	0.0000	0.0000	0.0000	0.1110	0.0151	0.0959	0.0151	0.0151	0.0000	0.0959	0.0000	0.0959	0.1409	0.1282	0.0127	0.0763	0.0719	0.0044	0.0646	0.0564	0.0082	0.1507	0.0831	0.0676	0.0493	0.0465	0.0028	0.1015	0.0367	0.0648	0.0000	0.0000	0.0000	0.0000	0.0000	0.0000	0.0000	0.0000	0.0000	0.7365	0.1816	1.4188	0.3066	0.3249	0.0000	0.9452	0.0000	1.4796			
38	40	0.1472	6	1	1	2	0	0	0	0	0	N	N	Y	N	N	N	N	N	N	N	N	N	0.0000	0.0000	0.0000	0.0000	0.0000	0.0000	0.0000	0.0000	0.0000	0.0000	0.0000	0.0000	0.0000	0.0000	0.0000	0.0000	0.0000	0.0000	0.0000	0.0000	3.0666	0.0000	2.9999	0.0000	0.0000	0.0000	0.0000	0.0000	0.0000	0.0000	0.0000	0.0000	0.0000	0.0000	0.0000	0.0000	0.0000	0.0000	0.0000	0.0000	0.0000	0.0000	0.0000	0.0000	0.0000	0.0000	0.0000	0.0000	0.0000	0.0000	0.0000	0.0000	0.0000	0.0000	0.0000	0.0000	0.0000	0.0000	0.0000	0.0000	0.0000	0.0000	0.0000	0.0000	0.0000	0.0000	0.0000	0.0000	0.0000	0.0000	0.0000	0.0000	0.0000	0.0000	0.0000	0.0000	0.0000	0.0000											
38	41	0.1472	5	1	1	2	0	0	0	0	0	N	N	Y	N	N	N	N	N	N	N	N	N	0.0000	0.0000	0.0000	0.0000	0.0000	0.0000	0.0000	0.0000	0.0000	0.0000	0.0000	0.0000	0.0000	0.0000	0.0000	0.0000	0.0000	0.0000	0.0000	0.0000	3.0666	1.0000	2.9999	1.9999	0.0000	0.0000	0.0000	0.0000	0.0000	0.0000	0.0000	0.0000	0.0000	0.0000	0.0000	0.0000	0.0000	0.0000	0.0000	0.0000	0.0000	0.0000	0.0674	0.0597	0.0077	0.0155	0.0147	0.0008	0.0519	0.0450	0.0069	0.0448	0.0147	0.0301	0.0065	0.0043	0.0022	0.0383	0.0104	0.0279	0.0000	0.0000	0.0000	0.0000	0.0000	0.0000	0.0000	0.0000	0.0000	0.0000	0.0000	0.0000	0.0000	0.0000	0.0000	0.0000	0.0000	0.0000											
38	42	0.1841	4	1	1	1	0	0	0	0	0	N	N	N	N	N	N	N	N	N	N	N	N	2591.9704	1074.2043	inf	143.1806	72.0091	inf	inf	inf	1.5963	1.6635	1.0611	0.4115	0.2260	1.7573	3.0767	3.4159	0.0000	0.0006	0.0015	0.0000	0.0029	0.0031	0.0000	0.0000	0.0000	0.0000	0.0800	0.0000	-0.0000	-0.0000	3.0666	0.0007	2.9999	2.0242	0.0003	0.0002	0.0000	0.0000	0.0000	0.0000	0.0002	0.0002	0.0000	0.0000	0.0000	0.0000	0.0000	0.0000	0.0000	0.0000	0.0000	0.0000	0.0002	0.0002	0.0000	0.0001	0.0001	0.0000	0.0001	0.0001	0.0000	0.0487	0.0194	0.0293	0.0104	0.0096	0.0009	0.0383	0.0098	0.0285	2591.9704	1074.2043	inf	143.1806	72.0091	inf	inf	inf	0.0000	0.0006	0.0015	0.0000	0.0029	0.0031	0.0000	0.0000	0.0000	0.0000	
38	43	0.0872	2	0	1	1	1	0	0	0	0	N	N	N	N	N	N	N	N	N	N	N	N	0.0000	0.0000	0.0000	0.0000	0.0000	0.0000	0.0000	0.0000	0.0000	0.0000	0.0000	0.0000	0.0000	0.0000	0.0000	0.0000	0.0000	0.0000	0.0000	0.0000	3.0666	0.0000	2.9999	0.0000	0.0000	0.0000	0.0000	0.0000	0.0000	0.0000	0.0000	0.0000	0.0000	0.0000	0.0000	0.0000	0.0000	0.0000	0.0000	0.0000	0.0000	0.0000	0.0000	0.0000	0.0000	0.0000	0.0000	0.0000	0.0000	0.0000	0.0000	0.0000	0.0000	0.0000	0.0000	0.0000	0.0000	0.0000	0.0000	0.0000	0.0000	0.0000	0.0000	0.0000	0.0000	0.0000	0.0000	0.0000	0.0000	0.0000	0.0000	0.0000	0.0000	0.0000	0.0000	0.0000	0.0000	0.0000											
38	44	0.0872	2	0	0	1	1	0	0	0	0	N	N	N	N	N	N	N	N	N	N	N	N	0.0000	0.0000	0.0000	0.0000	0.0000	0.0000	0.0000	0.0000	0.0000	0.0000	0.0000	0.0000	0.0000	0.0000	0.0000	0.0000	0.0000	0.0000	0.0000	0.0000	3.0666	0.0000	2.9999	0.0000	0.0000	0.0000	0.0000	0.0000	0.0000	0.0000	0.0000	0.0000	0.0000	0.0000	0.0000	0.0000	0.0000	0.0000	0.0000	0.0000	0.0000	0.0000	0.0000	0.0000	0.0000	0.0000	0.0000	0.0000	0.0000	0.0000	0.0000	0.0000	0.0000	0.0000	0.0000	0.0000	0.0000	0.0000	0.0000	0.0000	0.0000	0.0000	0.0000	0.0000	0.0000	0.0000	0.0000	0.0000	0.0000	0.0000	0.0000	0.0000	0.0000	0.0000	0.0000	0.0000	0.0000	0.0000											
38	46	0.1133	3	1	0	2	0	0	0	0	0	N	N	Y	N	N	N	N	N	N	N	N	N	0.0000	0.0000	0.0000	0.0000	0.0000	0.0000	0.0000	0.0000	0.0000	0.0000	0.0000	0.0000	0.0000	0.0000	0.0000	0.0000	0.0000	0.0000	0.0000	0.0000	3.0666	0.0000	2.9999	2.0000	0.0000	0.0000	0.0000	0.0000	0.0000	0.0000	0.0000	0.0000	0.0000	0.0000	0.0000	0.0000	0.0000	0.0000	0.0000	0.0000	0.0000	0.0000	0.0000	0.0000	0.0000	0.0000	0.0000	0.0000	0.0000	0.0000	0.0000	0.0287	0.0096	0.0191	0.0044	0.0029	0.0015	0.0243	0.0066	0.0177	0.0000	0.0000	0.0000	0.0000	0.0000	0.0000	0.0000	0.0000	0.0000	0.0000	0.0000	0.0000	0.0000	0.0000	0.0000	0.0000	0.0000	0.0000											
38	47	0.1283	4	1	1	1	0	0	0	0	0	N	N	N	N	N	N	N	N	N	N	N	N	0.0040	0.0018	0.0229	0.0188	0.0012	0.0000	0.0000	0.0000	0.0000	0.0001	0.0001	0.0000	0.0000	0.0000	0.0000	0.0100	0.0253	0.0000	0.0054	0.0072	0.0000	0.0112	0.7876	0.0000	0.0000	0.0000	-0.0000	-0.0003	3.0666	0.9991	2.9999	2.0273	0.0000	0.0000	0.0000	0.0000	0.0000	0.0000	0.0000	0.0000	0.0000	0.0005	0.0005	0.0000	0.0001	0.0001	0.0000	0.0004	0.0004	0.0000	0.0673	0.0591	0.0081	0.0161	0.0147	0.0015	0.0511	0.0445	0.0067	0.0449	0.0178	0.0272	0.0093	0.0069	0.0024	0.0357	0.0109	0.0248	0.0040	0.0018	0.0000	0.0229	0.0188	0.0000	0.0012	0.0004	0.0000	0.0100	0.0253	0.0000	0.0054	0.0072	0.0000	0.0112	0.0368	0.0000			
38	48	0.0907	3	1	1	1	0	0	0	0	0	N	N	N	N	N	N	N	N	N	N	N	N	0.0071	0.0028	14.2405	1.2947	1.0346	0.0000	0.0009	0.0003	18.4205	0.0679	0.0749	0.0021	0.1497	0.1598	0.0000	0.0108	0.0119	0.0029	9.5528	27.0489	0.0001	0.1156	0.1544	0.0000	11.5366	42.7209	0.0002	0.0030	0.0000	-0.0046	-0.7424	3.0666	3.1828	2.9999	3.1571	0.0234	0.0234	0.0001	0.0212	0.0212	0.0000	0.0022	0.0021	0.0001	0.9913	0.9913	0.0000	0.0021	0.0021	0.0000	0.9892	0.9892	0.0000	0.3448	0.3118	0.0330	0.1418	0.1329	0.0090	0.2030	0.1790	0.0240	0.1038	0.0366	0.0671	0.0180	0.0135	0.0045	0.0857	0.0232	0.0626	0.0071	0.0028	14.2405	1.2947	1.0346	0.0000	0.0009	0.0003	18.4205	9.5528	27.0489	0.0001	0.1156	0.1544	0.0000	11.5366	42.7209	0.0002
38	49	0.0865	2	0	1	1	0	0	0	0	0	N	N	N	N	N	N	N	N	N	N	N	N	0.7021	0.2583	83.3342	1.3073	1.0384	2021.7197	0.1692	0.0257	20.1342	0.2008	0.1857	0.3666	0.2914	0.2665	0.6359	0.0518	0.0468	0.0934	0.2860	0.7191	0.0044	0.2229	0.2566	0.0003	0.3065	1.8193	0.0046	0.1795	0.0094	-0.0018	-0.0095	3.0666	0.8922	2.9999	1.0748	0.0392	0.0332	0.0060	0.0353	0.0301	0.0052	0.0038	0.0031	0.0008	0.0129	0.0127	0.0001	0.0025	0.0025	0.0000	0.0104	0.0103	0.0001	0.1950	0.1787	0.0163	0.1212	0.1130	0.0082	0.0738	0.0657	0.0081	0.0450	0.0177	0.0273	0.0111	0.0096	0.0015	0.0339	0.0081	0.0258	0.7021	0.2583	83.3342	1.3073	1.0384	3457.8937	0.1692	0.0369	20.1342	0.2860	0.7191	0.0044	0.2229	0.2566	0.0002	0.3065	1.2657	0.0046
38	50	0.1133	3	0	1	1	0	0	0	0	0	N	N	N	N	N	N	N	N	N	N	N	N	0.0000	0.0000	0.0000	0.0000	0.0000	0.0000	0.0000	0.0000	0.0000	0.0000	0.0000	0.0000	0.0000	0.0000	0.0000	0.0000	0.0000	0.0000	0.0000	0.0000	3.0666	0.0000	2.9999	0.0000	0.0000	0.0000	0.0000	0.0000	0.0000	0.0000	0.0000	0.0000	0.0000	0.0000	0.0000	0.0000	0.0000	0.0000	0.0000	0.0000	0.0000	0.0000	0.0000	0.0000	0.0000	0.0000	0.0000	0.0000	0.0000	0.0000	0.0000	0.0000	0.0000	0.0000	0.0000	0.0000	0.0000	0.0000	0.0000	0.0000	0.0000	0.0000	0.0000	0.0000	0.0000	0.0000	0.0000	0.0000	0.0000	0.0000	0.0000	0.0000	0.0000	0.0000	0.0000	0.0000	0.0000	0.0000											
38	51	0.1133	3	1	1	1	0	0	0	0	0	N	N	N	N	N	N	N	N	N	N	N	N	0.0000	0.0000	0.0000	0.0000	0.0000	0.0000	0.0000	0.0000	0.0000	0.0000	0.0000	0.0000	0.0000	17.9778	53.8881	0.0000	0.0000	0.0000	0.0000	21.2183	77.1750	0.0000	0.0000	0.0000	-0.7489	3.0666	1.0000	2.9999	3.0000	0.0000	0.0000	0.0000	0.0000	0.0000	0.0000	0.0000	0.0000	0.0000	1.0000	1.0000	0.0000	0.0000	0.0000	0.0000	1.0000	1.0000	0.0000	0.0609	0.0540	0.0069	0.0187	0.0178	0.0009	0.0422	0.0363	0.0060	0.0556	0.0186	0.0371	0.0085	0.0056	0.0029	0.0471	0.0130	0.0342	0.0000	0.0000	0.0000	0.0000	0.0000	0.0000	0.0000	0.0000	0.0000	17.9778	53.8881	0.0000	0.0000	0.0000	0.0000	21.2183	77.1750	0.0000						
38	52	0.0995	2	0	0	1	0	0	0	0	0	N	N	N	N	N	N	N	N	N	N	N	N	2.6080	0.0028	inf	1.5159	0.0217	inf	3.0728	0.0000	inf	0.1651	0.0004	1.4259	0.0636	0.0011	0.8169	0.2155	0.0000	1.5979	0.0633	0.1407	0.0000	0.0420	0.0521	0.0000	0.0701	1.4170	0.0000	473.7558	0.0000	0.0294	-0.0037	3.0666	3.0179	2.9999	1.1627	0.0367	0.0001	0.0366	0.0047	0.0001	0.0046	0.0320	0.0000	0.0320	0.0050	0.0050	0.0000	0.0008	0.0008	0.0000	0.0042	0.0042	0.0000	0.2223	0.1966	0.0257	0.0739	0.0682	0.0057	0.1484	0.1284	0.0200	0.0784	0.0352	0.0431	0.0191	0.0154	0.0037	0.0593	0.0199	0.0394	2.6080	0.0028	inf	1.5159	0.0217	inf	3.0728	0.0000	inf	0.0633	0.1407	0.0000	0.0420	0.0521	0.0000	0.0701	0.2091	0.0000
38	53	0.1133	3	1	1	2	0	0	0	0	0	N	N	Y	N	N	N	N	N	N	N	N	N	0.0000	0.0000	0.0000	0.0000	0.0000	0.0000	0.0000	0.0000	0.0000	0.0000	0.0000	0.0000	0.0000	0.0000	0.0000	0.0000	0.0000	0.0000	0.0000	0.0000	3.0666	4.0000	2.9999	1.0000	0.0000	0.0000	0.0000	0.0000	0.0000	0.0000	0.0000	0.0000	0.0000	0.0000	0.0000	0.0000	0.0000	0.0000	0.0000	0.0000	0.0000	0.0000	0.2331	0.2070	0.0261	0.0702	0.0667	0.0035	0.1629	0.1403	0.0226	0.0684	0.0228	0.0456	0.0104	0.0068	0.0036	0.0580	0.0160	0.0420	0.0000	0.0000	0.0000	0.0000	0.0000	0.0000	0.0000	0.0000	0.0000	0.0000	0.0000	0.0000	0.0000	0.0000	0.0000	0.0000	0.0000	0.0000											
38	54	0.0995	2	0	1	1	0	0	0	0	0	N	N	N	N	N	N	N	N	N	N	N	N	6.4073	0.0059	inf	3.0369	0.0395	inf	8.0580	0.0000	inf	0.2305	0.0005	1.9775	0.0862	0.0015	1.1087	0.3056	0.0000	2.2299	0.0360	0.0926	0.0000	0.0284	0.0389	0.0000	0.0379	1.1182	0.0000	473.7558	0.0000	0.0294	-0.0037	3.0666	2.0683	2.9999	6.9961	0.0367	0.0001	0.0366	0.0047	0.0001	0.0046	0.0320	0.0000	0.0320	0.0050	0.0050	0.0000	0.0008	0.0008	0.0000	0.0042	0.0042	0.0000	0.1591	0.1406	0.0185	0.0545	0.0503	0.0042	0.1047	0.0903	0.0143	0.1378	0.0536	0.0843	0.0282	0.0206	0.0076	0.1097	0.0330	0.0767	6.4073	0.0059	inf	3.0369	0.0395	inf	8.0580	0.0000	inf	0.0360	0.0926	0.0000	0.0284	0.0389	0.0000	0.0379	0.1260	0.0000
38	56	0.1133	3	1	0	2	0	0	0	0	0	N	N	Y	N	N	N	N	N	N	N	N	N	0.0000	0.0000	0.0000	0.0000	0.0000	0.0000	0.0000	0.0000	0.0000	0.0000	0.0000	0.0000	0.0000	0.0000	0.0000	0.0000	0.0000	0.0000	0.0000	0.0000	3.0666	4.0000	2.9999	7.0000	0.0000	0.0000	0.0000	0.0000	0.0000	0.0000	0.0000	0.0000	0.0000	0.0000	0.0000	0.0000	0.0000	0.0000	0.0000	0.0000	0.0000	0.0000	0.2331	0.2070	0.0261	0.0702	0.0667	0.0035	0.1629	0.1403	0.0226	0.1372	0.0459	0.0913	0.0207	0.0131	0.0076	0.1165	0.0328	0.0837	0.0000	0.0000	0.0000	0.0000	0.0000	0.0000	0.0000	0.0000	0.0000	0.0000	0.0000	0.0000	0.0000	0.0000	0.0000	0.0000	0.0000	0.0000											
38	57	0.1779	6	0	1	1	0	0	0	0	0	N	N	N	N	N	N	N	N	N	N	N	N	616.7285	294.9173	inf	9.8509	0.3767	inf	16035.0964	221.2983	inf	1.3781	1.4950	0.3434	0.0812	0.0041	1.2064	2.0595	2.3291	0.1035	0.0022	0.0051	0.0000	0.0082	0.0109	0.0000	0.0001	0.0105	0.0000	0.0259	0.0000	-0.1762	-0.0004	3.0666	9.7645	2.9999	7.4558	1.0214	0.9956	0.0258	0.0207	0.0010	0.0197	1.0007	0.9946	0.0061	0.0005	0.0005	0.0000	0.0004	0.0004	0.0000	0.0000	0.0000	0.0000	0.7412	0.6659	0.0752	0.2553	0.2389	0.0164	0.4859	0.4270	0.0589	0.2103	0.0927	0.1176	0.0546	0.0412	0.0134	0.1557	0.0515	0.1042	616.7285	294.9173	inf	9.8509	0.3767	inf	16035.0964	5995.9718	inf	0.0022	0.0051	0.0000	0.0082	0.0109	0.0000	0.0001	0.0004	0.0000
38	58	0.2335	7	0	0	2	0	0	0	0	0	N	N	Y	N	N	N	N	N	N	N	N	N	0.0000	0.0000	0.0000	0.0000	0.0000	0.0000	0.0000	0.0000	0.0000	0.0000	0.0000	0.0000	0.0000	0.0000	0.0000	0.0000	0.0000	0.0000	0.0000	0.0000	3.0666	1.0009	2.9999	0.0163	0.0000	0.0000	0.0000	0.0000	0.0000	0.0000	0.0000	0.0000	0.0000	0.0000	0.0000	0.0000	0.0000	0.0000	0.0000	0.0000	0.0000	0.0000	0.0986	0.0883	0.0103	0.0468	0.0430	0.0038	0.0518	0.0453	0.0065	0.0126	0.0058	0.0068	0.0035	0.0026	0.0009	0.0092	0.0032	0.0059	0.0000	0.0000	0.0000	0.0000	0.0000	0.0000	0.0000	0.0000	0.0000	0.0000	0.0000	0.0000	0.0000	0.0000	0.0000	0.0000	0.0000	0.0000											
38	59	0.2181	6	0	0	1	0	0	0	0	0	N	N	N	N	N	N	N	N	N	N	N	N	inf	inf	inf	inf	0.0001	0.0000	0.0005	0.0001	0.0000	0.0015	0.0000	0.0000	0.0000	0.0000	0.0000	0.0000	0.0000	0.0000	0.0000	0.0000	0.0000	0.0000	inf	0.0000	0.0000	3.0666	1.9961	2.9999	0.0521	0.0000	0.0000	0.0000	0.0000	0.0000	0.0000	0.0000	0.0000	0.0000	0.0000	0.0000	0.0000	0.0000	0.0000	0.0000	0.0000	0.0000	0.0000	0.1864	0.1667	0.0197	0.0812	0.0747	0.0065	0.1052	0.0920	0.0132	0.0255	0.0113	0.0142	0.0068	0.0051	0.0018	0.0187	0.0062	0.0124	inf	0.0000	inf	inf	0.0000	inf	0.0000	0.0000	0.0000	0.0000	0.0000	0.0000	0.0000	0.0000	0.0000	0.0000	0.0000	0.0000						
38	60	0.2104	5	0	0	1	0	0	0	0	0	N	N	N	N	N	N	N	N	N	N	N	N	inf	inf	inf	inf	inf	inf	0.0179	0.0097	0.1078	0.0385	0.0204	0.3280	0.0000	0.0000	0.0000	0.0000	0.0000	0.0000	0.0000	0.0000	0.0000	0.0000	0.0000	0.0000	1.0000	0.0000	0.0000	3.0666	0.0081	2.9999	1.0507	0.0000	0.0000	0.0000	0.0000	0.0000	0.0000	0.0000	0.0000	0.0000	0.0000	0.0000	0.0000	0.0000	0.0000	0.0000	0.0000	0.0000	0.0000	0.0011	0.0010	0.0001	0.0005	0.0005	0.0000	0.0006	0.0005	0.0001	0.0137	0.0061	0.0076	0.0037	0.0028	0.0009	0.0100	0.0033	0.0067	inf	inf	inf	inf	inf	inf	0.0000	0.0000	0.0000	0.0000	0.0000	0.0000	0.0000	0.0000	0.0000	0.0000	0.0000	0.0000				
38	61	0.1616	4	0	0	1	0	0	0	0	0	N	N	N	N	N	N	N	N	N	N	N	N	2.7168	0.0742	inf	5.4609	0.7179	inf	2.2402	0.0000	inf	0.0268	0.0017	0.2379	0.0282	0.0045	0.3464	0.0260	0.0000	0.2044	0.0099	0.0229	0.0000	0.0052	0.0063	0.0000	0.0116	0.8103	0.0000	16.6745	0.0000	0.0054	-0.0008	3.0666	3.0167	2.9999	3.2580	0.0072	0.0004	0.0068	0.0027	0.0004	0.0023	0.0045	0.0000	0.0045	0.0011	0.0011	0.0000	0.0001	0.0001	0.0000	0.0009	0.0009	0.0000	0.2698	0.2411	0.0287	0.0973	0.0906	0.0068	0.1725	0.1505	0.0219	0.1075	0.0464	0.0611	0.0290	0.0239	0.0052	0.0785	0.0225	0.0560	2.7168	0.0742	inf	5.4609	0.7179	inf	2.2402	0.0000	inf	0.0099	0.0229	0.0000	0.0052	0.0063	0.0000	0.0116	0.0404	0.0000
38	62	0.0868	3	0	1	1	0	0	0	0	0	N	N	N	N	N	N	N	N	N	N	N	N	30.9920	11.7079	inf	8.3485	8.9080	inf	inf	inf	0.0583	0.0652	0.0073	0.1263	0.1368	0.0157	0.0004	0.0000	0.0030	0.0019	0.0056	0.0000	0.0151	0.0154	0.0000	0.0000	0.0000	0.0000	0.0150	0.0000	-0.0044	-0.0002	3.0666	3.3327	2.9999	4.3103	0.0243	0.0239	0.0004	0.0242	0.0239	0.0003	0.0001	0.0000	0.0001	0.0002	0.0002	0.0000	0.0002	0.0002	0.0000	0.0000	0.0000	0.0000	0.4170	0.3674	0.0496	0.1915	0.1750	0.0166	0.2255	0.1924	0.0331	0.1329	0.0449	0.0880	0.0165	0.0163	0.0002	0.1164	0.0286	0.0878	30.9920	11.7079	inf	8.3485	8.9080	inf	inf	0.0000	inf	0.0019	0.0056	0.0000	0.0151	0.0154	0.0000	0.0000	0.0000	0.0000	
38	63	0.0628	2	0	0	1	0	0	0	0	0	N	N	N	N	N	N	N	N	N	N	N	N	38.1443	11.7874	551.3802	119.4044	115.4450	inf	19.0079	0.1144	543.4565	0.1006	0.0918	0.1628	0.1571	0.1561	0.1659	0.0522	0.0338	0.1609	0.0026	0.0078	0.0003	0.0013	0.0014	0.0000	0.0027	0.2955	0.0003	0.2506	0.0833	0.0001	-0.0002	3.0666	3.2669	2.9999	2.4507	0.0436	0.0349	0.0087	0.0314	0.0281	0.0033	0.0122	0.0067	0.0054	0.0003	0.0002	0.0000	0.0000	0.0000	0.0000	0.0002	0.0002	0.0000	0.4333	0.3796	0.0537	0.2000	0.1802	0.0198	0.2333	0.1994	0.0339	0.0986	0.0308	0.0677	0.0076	0.0074	0.0002	0.0910	0.0234	0.0675	38.1443	11.7874	551.3802	119.4044	115.4450	inf	19.0079	3.4392	543.4565	0.0026	0.0078	0.0003	0.0013	0.0014	0.0000	0.0027	0.0098	0.0003
38	64	0.1472	6	1	0	2	0	0	0	0	0	N	N	Y	N	N	N	N	N	N	N	N	N	0.0000	0.0000	0.0000	0.0000	0.0000	0.0000	0.0000	0.0000	0.0000	0.0000	0.0000	0.0000	0.0000	0.0000	0.0000	0.0000	0.0000	0.0000	0.0000	0.0000	3.0666	0.0000	2.9999	1.0000	0.0000	0.0000	0.0000	0.0000	0.0000	0.0000	0.0000	0.0000	0.0000	0.0000	0.0000	0.0000	0.0000	0.0000	0.0000	0.0000	0.0000	0.0000	0.0000	0.0000	0.0000	0.0000	0.0000	0.0000	0.0000	0.0000	0.0000	0.0155	0.0051	0.0104	0.0023	0.0015	0.0007	0.0133	0.0036	0.0097	0.0000	0.0000	0.0000	0.0000	0.0000	0.0000	0.0000	0.0000	0.0000	0.0000	0.0000	0.0000	0.0000	0.0000	0.0000	0.0000	0.0000	0.0000											
38	65	0.1472	5	1	0	2	0	0	0	0	0	N	N	Y	N	N	N	N	N	N	N	N	N	0.0000	0.0000	0.0000	0.0000	0.0000	0.0000	0.0000	0.0000	0.0000	0.0000	0.0000	0.0000	0.0000	0.0000	0.0000	0.0000	0.0000	0.0000	0.0000	0.0000	3.0666	0.0000	2.9999	0.0001	0.0000	0.0000	0.0000	0.0000	0.0000	0.0000	0.0000	0.0000	0.0000	0.0000	0.0000	0.0000	0.0000	0.0000	0.0000	0.0000	0.0000	0.0000	0.0000	0.0000	0.0000	0.0000	0.0000	0.0000	0.0000	0.0000	0.0000	0.0000	0.0000	0.0000	0.0000	0.0000	0.0000	0.0000	0.0000	0.0000	0.0000	0.0000	0.0000	0.0000	0.0000	0.0000	0.0000	0.0000	0.0000	0.0000	0.0000	0.0000	0.0000	0.0000	0.0000	0.0000	0.0000	0.0000											
38	66	0.1349	4	1	0	2	0	0	0	0	0	N	N	Y	N	N	N	N	N	N	N	N	N	0.0000	0.0000	0.0000	0.0000	0.0000	0.0000	0.0000	0.0000	0.0000	0.0000	0.0000	0.0000	0.0000	0.0002	0.0006	0.0000	0.0010	0.0012	0.0000	0.0000	0.0000	0.0000	0.0000	0.0000	-0.0000	3.0666	1.9720	2.9999	0.0923	0.0000	0.0000	0.0000	0.0000	0.0000	0.0000	0.0000	0.0000	0.0000	0.0000	0.0000	0.0000	0.0000	0.0000	0.0000	0.0000	0.0000	0.0000	0.1330	0.1180	0.0150	0.0310	0.0295	0.0015	0.1020	0.0885	0.0135	0.0417	0.0157	0.0260	0.0099	0.0084	0.0015	0.0318	0.0073	0.0245	0.0000	0.0000	0.0000	0.0000	0.0000	0.0000	0.0000	0.0000	0.0000	0.0002	0.0006	0.0000	0.0010	0.0012	0.0000	0.0000	0.0000	0.0000						
38	67	0.1133	3	1	0	2	0	0	0	0	0	N	N	Y	N	N	N	N	N	N	N	N	N	0.0000	0.0000	0.0000	0.0000	0.0000	0.0000	0.0000	0.0000	0.0000	0.0000	0.0000	0.0000	0.0000	0.0002	0.0005	0.0000	0.0000	0.0000	0.0000	0.0002	0.0199	0.0000	0.0000	0.0000	-0.0000	3.0666	3.0650	2.9999	1.0636	0.0000	0.0000	0.0000	0.0000	0.0000	0.0000	0.0000	0.0000	0.0000	0.0000	0.0000	0.0000	0.0000	0.0000	0.0000	0.0000	0.0000	0.0000	0.1810	0.1607	0.0203	0.0548	0.0521	0.0027	0.1262	0.1086	0.0176	0.0573	0.0191	0.0382	0.0087	0.0058	0.0030	0.0485	0.0134	0.0352	0.0000	0.0000	0.0000	0.0000	0.0000	0.0000	0.0000	0.0000	0.0000	0.0002	0.0005	0.0000	0.0000	0.0000	0.0000	0.0002	0.0007	0.0000						
38	68	0.1203	3	0	1	1	1	0	0	0	0	N	N	N	N	N	N	N	N	N	N	N	N	0.1042	0.0064	inf	0.0135	0.0059	inf	inf	inf	0.0195	0.0031	0.1535	0.0129	0.0074	0.0781	0.0241	0.0000	0.1848	0.1872	0.4870	0.0000	0.9517	1.2439	0.0000	0.0000	0.0000	0.0000	6.0018	0.0000	0.0036	-0.0168	3.0666	2.7513	2.9999	4.0954	0.0055	0.0008	0.0047	0.0015	0.0008	0.0007	0.0040	0.0000	0.0040	0.0224	0.0224	0.0000	0.0224	0.0224	0.0000	0.0000	0.0000	0.0000	0.2806	0.2500	0.0306	0.1151	0.1062	0.0090	0.1654	0.1439	0.0216	0.1195	0.0459	0.0735	0.0235	0.0180	0.0055	0.0960	0.0280	0.0680	0.1042	0.0064	inf	0.0135	0.0059	inf	inf	0.0000	inf	0.1872	0.4870	0.0000	0.9517	1.2439	0.0000	0.0000	0.0000	0.0000	
38	71	0.1133	3	0	1	1	0	0	0	0	0	N	N	N	N	N	N	N	N	N	N	N	N	0.0000	0.0000	0.0000	0.0000	0.0000	0.0000	0.0000	0.0000	0.0000	0.0000	0.0000	0.0000	0.0000	0.0000	0.0000	0.0000	0.0000	0.0000	0.0000	0.0000	3.0666	2.0000	2.9999	3.0000	0.0000	0.0000	0.0000	0.0000	0.0000	0.0000	0.0000	0.0000	0.0000	0.0000	0.0000	0.0000	0.0000	0.0000	0.0000	0.0000	0.0000	0.0000	0.1200	0.1065	0.0135	0.0366	0.0348	0.0018	0.0834	0.0717	0.0117	0.0684	0.0228	0.0456	0.0104	0.0068	0.0036	0.0580	0.0160	0.0420	0.0000	0.0000	0.0000	0.0000	0.0000	0.0000	0.0000	0.0000	0.0000	0.0000	0.0000	0.0000	0.0000	0.0000	0.0000	0.0000	0.0000	0.0000											
38	72	0.0865	2	0	0	1	0	0	0	0	0	N	N	N	N	N	N	N	N	N	N	N	N	4.7587	1.8923	inf	2.3687	1.9679	inf	inf	inf	inf	0.1352	0.1496	0.0130	0.3673	0.3950	0.0010	0.0140	0.0137	0.0166	0.0284	0.0790	0.0000	0.1550	0.2007	0.0000	0.0000	0.0000	0.0000	0.0103	0.0000	-0.0105	-0.0019	3.0666	4.7932	2.9999	0.2507	0.0559	0.0553	0.0006	0.0521	0.0521	0.0000	0.0038	0.0033	0.0006	0.0025	0.0025	0.0000	0.0025	0.0025	0.0000	0.0000	0.0000	0.0000	0.4135	0.3698	0.0437	0.1418	0.1318	0.0100	0.2717	0.2380	0.0337	0.0873	0.0314	0.0559	0.0160	0.0124	0.0036	0.0713	0.0190	0.0523	4.7587	1.8923	inf	2.3687	1.9679	inf	inf	inf	inf	0.0284	0.0790	0.0000	0.1550	0.2007	0.0000	0.0000	0.0000	0.0000
38	74	0.0628	2	0	1	1	0	0	0	0	0	N	N	N	N	N	N	N	N	N	N	N	N	1474.9771	501.9325	inf	66.1803	71.0442	inf	inf	inf	inf	0.1357	0.1502	0.0382	0.0872	0.0963	0.0103	0.1899	0.2141	0.0593	0.0001	0.0003	0.0000	0.0013	0.0014	0.0000	0.0000	0.0000	0.0000	0.0378	0.0000	-0.0076	-0.0000	3.0666	1.8678	2.9999	4.6278	0.0472	0.0455	0.0017	0.0160	0.0158	0.0002	0.0312	0.0297	0.0015	0.0000	0.0000	0.0000	0.0000	0.0000	0.0000	0.0000	0.0000	0.0000	0.3477	0.3027	0.0450	0.1833	0.1640	0.0193	0.1643	0.1387	0.0257	0.1087	0.0334	0.0753	0.0076	0.0074	0.0002	0.1011	0.0260	0.0750	1474.9771	501.9325	inf	66.1803	71.0442	inf	inf	inf	inf	0.0001	0.0003	0.0000	0.0013	0.0014	0.0000	0.0000	0.0000	0.0000
38	78	0.1665	5	1	1	1	1	0	0	0	0	N	N	N	N	N	N	N	N	N	N	N	N	0.3941	0.0000	inf	0.0898	0.0000	inf	0.0001	0.0000	0.0011	0.0005	0.0000	0.0087	0.0000	0.0000	0.0000	0.0003	0.0010	0.0000	0.0058	0.0092	0.0000	0.0000	0.0000	0.0000	inf	0.0000	0.0000	-0.0000	3.0666	1.0000	2.9999	2.0144	0.0000	0.0000	0.0000	0.0000	0.0000	0.0000	0.0000	0.0000	0.0000	0.0000	0.0000	0.0000	0.0000	0.0000	0.0000	0.0000	0.0000	0.0000	0.0754	0.0667	0.0087	0.0191	0.0179	0.0011	0.0563	0.0487	0.0076	0.0594	0.0200	0.0395	0.0034	0.0022	0.0013	0.0560	0.0178	0.0382	0.3941	0.0000	inf	0.0898	0.0000	inf	0.0000	0.0000	0.0000	0.0003	0.0010	0.0000	0.0058	0.0092	0.0000	0.0000	0.0000	0.0000			
38	79	0.1442	4	1	1	1	1	0	0	0	0	N	N	N	N	N	N	N	N	N	N	N	N	5478.7016	2064.2356	inf	inf	0.0000	0.0000	1.8525	2.0963	0.0000	7.2404	7.7079	0.0000	0.0000	0.0000	0.0000	0.0003	0.0010	0.0000	0.0000	0.0000	0.0000	0.0004	0.0389	0.0000	0.0000	0.0000	-0.0000	-0.0000	3.0666	0.0001	2.9999	3.0180	0.0000	0.0000	0.0000	0.0000	0.0000	0.0000	0.0000	0.0000	0.0000	0.0000	0.0000	0.0000	0.0000	0.0000	0.0000	0.0000	0.0000	0.0000	0.0000	0.0000	0.0000	0.0000	0.0000	0.0000	0.0000	0.0000	0.0000	0.0591	0.0197	0.0395	0.0031	0.0019	0.0012	0.0561	0.0178	0.0382	5478.7016	2064.2356	0.0000	inf	inf	0.0000	0.0000	0.0000	0.0000	0.0003	0.0010	0.0000	0.0000	0.0000	0.0000	0.0004	0.0011	0.0000			
38	80	0.1662	6	0	1	1	1	0	0	0	0	N	N	N	N	N	N	N	N	N	N	N	N	0.0000	0.0000	0.0000	0.0000	0.0000	0.0000	0.0000	0.0000	0.0000	0.0000	0.0000	0.0000	0.0000	0.0000	0.0000	0.0000	0.0000	0.0000	0.0000	0.0000	3.0666	0.0000	2.9999	0.0000	0.0000	0.0000	0.0000	0.0000	0.0000	0.0000	0.0000	0.0000	0.0000	0.0000	0.0000	0.0000	0.0000	0.0000	0.0000	0.0000	0.0000	0.0000	0.0000	0.0000	0.0000	0.0000	0.0000	0.0000	0.0000	0.0000	0.0000	0.0000	0.0000	0.0000	0.0000	0.0000	0.0000	0.0000	0.0000	0.0000	0.0000	0.0000	0.0000	0.0000	0.0000	0.0000	0.0000	0.0000	0.0000	0.0000	0.0000	0.0000	0.0000	0.0000	0.0000	0.0000	0.0000	0.0000											
38	81	0.1442	4	0	0	2	1	0	0	0	0	N	N	Y	N	N	N	N	N	N	N	N	N	0.0000	0.0000	0.0000	0.0000	0.0000	0.0000	0.0000	0.0000	0.0000	0.0000	0.0000	0.0000	0.0000	0.0000	0.0000	0.0000	0.0000	0.0000	0.0000	0.0000	3.0666	2.0000	2.9999	0.0000	0.0000	0.0000	0.0000	0.0000	0.0000	0.0000	0.0000	0.0000	0.0000	0.0000	0.0000	0.0000	0.0000	0.0000	0.0000	0.0000	0.0000	0.0000	0.1474	0.1305	0.0170	0.0369	0.0347	0.0022	0.1105	0.0958	0.0148	0.0400	0.0133	0.0267	0.0021	0.0012	0.0008	0.0379	0.0120	0.0259	0.0000	0.0000	0.0000	0.0000	0.0000	0.0000	0.0000	0.0000	0.0000	0.0000	0.0000	0.0000	0.0000	0.0000	0.0000	0.0000	0.0000	0.0000											
38	82	0.1442	4	0	0	2	1	0	0	0	0	N	N	Y	N	N	N	N	N	N	N	N	N	0.0000	0.0000	0.0000	0.0000	0.0000	0.0000	0.0000	0.0000	0.0000	0.0000	0.0000	0.0000	0.0000	0.0000	0.0000	0.0000	0.0000	0.0000	0.0000	0.0000	3.0666	0.0000	2.9999	4.0000	0.0000	0.0000	0.0000	0.0000	0.0000	0.0000	0.0000	0.0000	0.0000	0.0000	0.0000	0.0000	0.0000	0.0000	0.0000	0.0000	0.0000	0.0000	0.0000	0.0000	0.0000	0.0000	0.0000	0.0000	0.0000	0.0000	0.0000	0.0769	0.0256	0.0513	0.0040	0.0024	0.0016	0.0729	0.0232	0.0497	0.0000	0.0000	0.0000	0.0000	0.0000	0.0000	0.0000	0.0000	0.0000	0.0000	0.0000	0.0000	0.0000	0.0000	0.0000	0.0000	0.0000	0.0000											
38	83	0.1662	6	0	0	2	1	0	0	0	0	N	N	Y	N	N	N	N	N	N	N	N	N	0.0000	0.0000	0.0000	0.0000	0.0000	0.0000	0.0000	0.0000	0.0000	0.0000	0.0000	0.0000	0.0000	0.0000	0.0000	0.0000	0.0000	0.0000	0.0000	0.0000	3.0666	0.0000	2.9999	2.0000	0.0000	0.0000	0.0000	0.0000	0.0000	0.0000	0.0000	0.0000	0.0000	0.0000	0.0000	0.0000	0.0000	0.0000	0.0000	0.0000	0.0000	0.0000	0.0000	0.0000	0.0000	0.0000	0.0000	0.0000	0.0000	0.0000	0.0000	0.0397	0.0130	0.0267	0.0018	0.0009	0.0009	0.0379	0.0120	0.0259	0.0000	0.0000	0.0000	0.0000	0.0000	0.0000	0.0000	0.0000	0.0000	0.0000	0.0000	0.0000	0.0000	0.0000	0.0000	0.0000	0.0000	0.0000											
38	84	0.1589	5	0	0	1	1	0	0	0	0	N	N	N	N	N	N	N	N	N	N	N	N	0.0000	0.0000	0.0000	0.0000	0.0000	0.0000	0.0000	0.0000	0.0000	0.0000	0.0000	0.0000	0.0000	0.0000	0.0000	0.0000	0.0000	0.0000	0.0000	0.0000	3.0666	1.0000	2.9999	0.0015	0.0000	0.0000	0.0000	0.0000	0.0000	0.0000	0.0000	0.0000	0.0000	0.0000	0.0000	0.0000	0.0000	0.0000	0.0000	0.0000	0.0000	0.0000	0.0754	0.0667	0.0087	0.0191	0.0179	0.0011	0.0563	0.0487	0.0076	0.0206	0.0068	0.0138	0.0011	0.0007	0.0005	0.0195	0.0061	0.0133	0.0000	0.0000	0.0000	0.0000	0.0000	0.0000	0.0000	0.0000	0.0000	0.0000	0.0000	0.0000	0.0000	0.0000	0.0000	0.0000	0.0000	0.0000											
38	85	0.1442	4	0	0	1	1	0	0	0	0	N	N	N	N	N	N	N	N	N	N	N	N	0.0000	0.0000	0.0000	0.0000	0.0000	0.0000	0.0000	0.0000	0.0000	0.0000	0.0000	0.0000	0.0000	0.0000	0.0000	0.0000	0.0000	0.0000	0.0000	0.0000	3.0666	0.0000	2.9999	2.0013	0.0000	0.0000	0.0000	0.0000	0.0000	0.0000	0.0000	0.0000	0.0000	0.0000	0.0000	0.0000	0.0000	0.0000	0.0000	0.0000	0.0000	0.0000	0.0000	0.0000	0.0000	0.0000	0.0000	0.0000	0.0000	0.0000	0.0000	0.0400	0.0133	0.0267	0.0021	0.0012	0.0008	0.0379	0.0121	0.0259	0.0000	0.0000	0.0000	0.0000	0.0000	0.0000	0.0000	0.0000	0.0000	0.0000	0.0000	0.0000	0.0000	0.0000	0.0000	0.0000	0.0000	0.0000											
38	86	0.1841	4	1	1	1	0	0	0	0	0	N	N	N	N	N	N	N	N	N	N	N	N	1756.9958	837.9970	inf	131.9143	69.2091	inf	inf	inf	1.5963	1.6635	1.0611	0.4115	0.2260	1.7573	3.0767	3.4159	0.0000	0.0009	0.0020	0.0000	0.0031	0.0033	0.0000	0.0000	0.0000	0.0000	0.0800	0.0000	-0.0000	-0.0000	3.0666	0.0007	2.9999	0.9812	0.0003	0.0002	0.0000	0.0000	0.0000	0.0000	0.0002	0.0002	0.0000	0.0000	0.0000	0.0000	0.0000	0.0000	0.0000	0.0000	0.0000	0.0000	0.0002	0.0002	0.0000	0.0001	0.0001	0.0000	0.0001	0.0001	0.0000	0.0330	0.0151	0.0179	0.0096	0.0092	0.0004	0.0234	0.0059	0.0175	1756.9958	837.9970	inf	131.9143	69.2091	inf	inf	inf	0.0000	0.0009	0.0020	0.0000	0.0031	0.0033	0.0000	0.0000	0.0000	0.0000	
38	87	0.1283	3	1	1	1	0	0	0	0	0	N	N	N	N	N	N	N	N	N	N	N	N	1205.5680	454.9945	inf	18.2674	12.4073	inf	14951.4985	214.0156	inf	2.8913	3.2548	0.1684	0.6483	0.6853	0.0559	3.6949	4.2612	0.1855	0.0024	0.0072	0.0000	0.0355	0.0552	0.0000	0.0002	0.0199	0.0000	0.0069	0.0000	-0.2043	-0.0002	3.0666	5.0272	2.9999	2.1572	1.0699	1.0625	0.0073	0.0633	0.0630	0.0003	1.0066	0.9996	0.0070	0.0003	0.0003	0.0000	0.0003	0.0003	0.0000	0.0000	0.0000	0.0000	0.3700	0.3265	0.0436	0.0976	0.0919	0.0057	0.2724	0.2346	0.0379	0.1293	0.0433	0.0859	0.0079	0.0051	0.0028	0.1214	0.0383	0.0831	1205.5680	454.9945	inf	18.2674	12.4073	inf	14951.4985	5436.4589	inf	0.0024	0.0072	0.0000	0.0355	0.0552	0.0000	0.0002	0.0008	0.0000
38	88	0.1815	5	0	1	1	0	0	0	0	0	N	N	N	N	N	N	N	N	N	N	N	N	0.0000	0.0000	0.0000	0.0000	0.0000	0.0000	0.0000	0.0000	0.0000	0.0000	0.0000	0.0000	0.0000	0.0000	0.0000	0.0000	0.0000	0.0000	0.0000	0.0000	3.0666	0.0000	2.9999	4.0000	0.0000	0.0000	0.0000	0.0000	0.0000	0.0000	0.0000	0.0000	0.0000	0.0000	0.0000	0.0000	0.0000	0.0000	0.0000	0.0000	0.0000	0.0000	0.0000	0.0000	0.0000	0.0000	0.0000	0.0000	0.0000	0.0000	0.0000	0.0772	0.0262	0.0510	0.0055	0.0037	0.0018	0.0717	0.0225	0.0492	0.0000	0.0000	0.0000	0.0000	0.0000	0.0000	0.0000	0.0000	0.0000	0.0000	0.0000	0.0000	0.0000	0.0000	0.0000	0.0000	0.0000	0.0000											
38	89	0.1442	4	0	1	1	0	0	0	0	0	N	N	N	N	N	N	N	N	N	N	N	N	0.0000	0.0000	0.0000	0.0000	0.0000	0.0000	0.0000	0.0000	0.0000	0.0000	0.0000	0.0000	0.0000	0.0000	0.0000	0.0000	0.0000	0.0000	0.0000	0.0000	3.0666	3.0000	2.9999	2.0000	0.0000	0.0000	0.0000	0.0000	0.0000	0.0000	0.0000	0.0000	0.0000	0.0000	0.0000	0.0000	0.0000	0.0000	0.0000	0.0000	0.0000	0.0000	0.2164	0.1916	0.0247	0.0535	0.0504	0.0032	0.1628	0.1412	0.0216	0.0943	0.0315	0.0629	0.0050	0.0030	0.0020	0.0893	0.0285	0.0609	0.0000	0.0000	0.0000	0.0000	0.0000	0.0000	0.0000	0.0000	0.0000	0.0000	0.0000	0.0000	0.0000	0.0000	0.0000	0.0000	0.0000	0.0000											
38	90	0.1442	4	1	1	1	0	0	0	0	0	N	N	N	N	N	N	N	N	N	N	N	N	0.0000	0.0000	0.0000	0.0000	0.0000	0.0000	0.0000	0.0000	0.0000	0.0000	0.0000	0.0000	0.0000	10.5994	0.0000	15.9107	0.0000	0.0000	0.0000	11.1921	0.0000	16.4294	inf	0.0000	0.2511	3.0666	2.0000	2.9999	3.0000	0.0000	0.0000	0.0000	0.0000	0.0000	0.0000	0.0000	0.0000	0.0000	1.0000	0.0000	1.0000	0.0000	0.0000	0.0000	1.0000	0.0000	1.0000	0.1474	0.1305	0.0170	0.0369	0.0347	0.0022	0.1105	0.0958	0.0148	0.0943	0.0315	0.0629	0.0050	0.0030	0.0020	0.0893	0.0285	0.0609	0.0000	0.0000	0.0000	0.0000	0.0000	0.0000	0.0000	0.0000	0.0000	10.5994	0.0000	15.9107	0.0000	0.0000	0.0000	11.1921	0.0000	16.4294						
38	91	0.1283	3	0	0	1	0	0	0	0	0	N	N	N	N	N	N	N	N	N	N	N	N	12.2715	1.0432	inf	0.9070	0.4989	inf	inf	inf	0.0798	0.0198	0.4925	0.0811	0.0615	0.3908	0.0793	0.0000	0.5090	0.0065	0.0189	0.0000	0.0894	0.1233	0.0000	0.0000	0.0000	0.0000	3.6306	0.0000	0.0083	-0.0002	3.0666	2.0705	2.9999	0.0351	0.0142	0.0031	0.0111	0.0043	0.0031	0.0012	0.0099	0.0000	0.0099	0.0003	0.0003	0.0000	0.0003	0.0003	0.0000	0.0000	0.0000	0.0000	0.1780	0.1554	0.0226	0.0531	0.0499	0.0032	0.1250	0.1055	0.0195	0.0430	0.0148	0.0282	0.0031	0.0023	0.0009	0.0399	0.0125	0.0274	12.2715	1.0432	inf	0.9070	0.4989	inf	inf	0.0000	inf	0.0065	0.0189	0.0000	0.0894	0.1233	0.0000	0.0000	0.0000	0.0000	
38	92	0.1029	2	0	0	1	0	0	0	0	0	N	N	N	N	N	N	N	N	N	N	N	N	87.9634	0.2990	118412.0389	0.2022	0.1277	inf	1157.7337	0.0438	139146.6045	2.8399	0.0235	24.6362	0.0432	0.0324	0.2325	4.5924	0.0172	30.0403	0.0323	0.0785	0.0002	0.2136	0.2538	0.0000	0.0040	0.3927	0.0002	135.6742	0.0038	0.8041	-0.0020	3.0666	3.4249	2.9999	0.1413	1.0116	0.0074	1.0042	0.0059	0.0042	0.0017	1.0057	0.0032	1.0025	0.0026	0.0026	0.0000	0.0023	0.0023	0.0000	0.0003	0.0003	0.0000	0.3562	0.3155	0.0408	0.1372	0.1298	0.0074	0.2190	0.1856	0.0334	0.0814	0.0334	0.0481	0.0110	0.0093	0.0017	0.0704	0.0241	0.0463	87.9634	0.2990	118412.0389	0.2022	0.1277	inf	1157.7337	1.5393	139146.6045	0.0323	0.0785	0.0002	0.2136	0.2538	0.0000	0.0040	0.0112	0.0002
38	98	0.2397	7	0	0	1	0	0	0	0	0	N	N	N	N	N	N	N	N	N	N	N	N	20.6329	13.0223	16.1901	14.9146	18.3752	0.3117	1.4634	1.6324	0.0000	2.8113	3.0917	0.0000	0.1562	0.1767	0.0000	0.0709	0.1254	0.0000	0.1736	0.2073	0.0000	0.0085	0.5669	0.0000	0.0000	0.0000	-0.1667	-0.0146	3.0666	4.9999	2.9999	9.0821	0.8427	0.8427	0.0000	0.7970	0.7970	0.0000	0.0457	0.0457	0.0000	0.0194	0.0194	0.0000	0.0180	0.0180	0.0000	0.0014	0.0014	0.0000	0.5758	0.5162	0.0596	0.2835	0.2578	0.0257	0.2923	0.2584	0.0339	0.2742	0.1552	0.1191	0.1037	0.0868	0.0168	0.1706	0.0683	0.1022	20.6329	13.0223	0.0000	16.1901	14.9146	0.0000	18.3752	8.3263	0.0000	0.0709	0.1254	0.0000	0.1736	0.2073	0.0000	0.0085	0.0212	0.0000			
39	40	0.1395	6	1	2	1	0	0	0	0	0	N	Y	N	N	N	N	N	N	N	N	N	N	0.0000	0.0000	0.0000	0.0000	0.0000	0.0000	0.0000	0.0000	0.0000	0.0000	0.0000	0.0000	0.0000	0.0000	0.0000	0.0000	0.0000	0.0000	0.0000	0.0000	3.9334	0.0000	2.0001	0.0000	0.0000	0.0000	0.0000	0.0000	0.0000	0.0000	0.0000	0.0000	0.0000	0.0000	0.0000	0.0000	0.0000	0.0000	0.0000	0.0000	0.0000	0.0000	0.0000	0.0000	0.0000	0.0000	0.0000	0.0000	0.0000	0.0000	0.0000	0.0000	0.0000	0.0000	0.0000	0.0000	0.0000	0.0000	0.0000	0.0000	0.0000	0.0000	0.0000	0.0000	0.0000	0.0000	0.0000	0.0000	0.0000	0.0000	0.0000	0.0000	0.0000	0.0000	0.0000	0.0000	0.0000	0.0000											
39	41	0.1395	5	1	2	1	0	0	0	0	0	N	Y	N	N	N	N	N	N	N	N	N	N	0.0000	0.0000	0.0000	0.0000	0.0000	0.0000	0.0000	0.0000	0.0000	0.0000	0.0000	0.0000	0.0000	22.7414	0.0000	33.8636	0.0000	0.0000	0.0000	26.6226	0.0000	36.5147	inf	0.0000	0.2510	3.9334	1.0000	2.0001	1.9999	0.0000	0.0000	0.0000	0.0000	0.0000	0.0000	0.0000	0.0000	0.0000	0.9999	0.0000	0.9999	0.0000	0.0000	0.0000	0.9999	0.0000	0.9999	0.0837	0.0741	0.0096	0.0182	0.0172	0.0010	0.0655	0.0569	0.0086	0.0440	0.0144	0.0295	0.0064	0.0043	0.0021	0.0376	0.0102	0.0274	0.0000	0.0000	0.0000	0.0000	0.0000	0.0000	0.0000	0.0000	0.0000	22.7414	0.0000	33.8636	0.0000	0.0000	0.0000	26.6226	0.0000	36.5147						
39	42	0.1764	4	1	2	0	0	0	0	0	0	N	Y	N	N	N	N	N	N	N	N	N	N	0.0350	inf	0.0000	inf	inf	0.0523	inf	0.0000	0.6887	0.7689	0.0000	0.1686	0.1888	0.0000	1.3107	1.4587	0.0000	19.6964	0.0000	32.6962	0.0000	0.0000	0.0000	25.0675	0.0000	33.7061	0.0000	inf	-0.0000	0.2362	3.9334	0.0007	2.0001	2.0242	0.0001	0.0001	0.0000	0.0000	0.0000	0.0000	0.0001	0.0001	0.0000	0.9407	0.0000	0.9407	0.0000	0.0000	0.0000	0.9407	0.0000	0.9407	0.0002	0.0002	0.0000	0.0001	0.0001	0.0000	0.0001	0.0001	0.0000	0.0478	0.0190	0.0288	0.0102	0.0094	0.0009	0.0375	0.0096	0.0279	0.0350	inf	0.0000	inf	inf	0.0000	0.0523	inf	0.0000	19.6964	0.0000	32.6962	0.0000	0.0000	0.0000	25.0675	0.0000	33.7061	
39	43	0.0796	2	0	2	0	1	0	0	0	0	N	Y	N	N	N	N	N	N	N	N	N	N	0.0000	0.0000	0.0000	0.0000	0.0000	0.0000	0.0000	0.0000	0.0000	0.0000	0.0000	0.0000	0.0000	0.0000	0.0000	0.0000	0.0000	0.0000	0.0000	0.0000	3.9334	0.0000	2.0001	0.0000	0.0000	0.0000	0.0000	0.0000	0.0000	0.0000	0.0000	0.0000	0.0000	0.0000	0.0000	0.0000	0.0000	0.0000	0.0000	0.0000	0.0000	0.0000	0.0000	0.0000	0.0000	0.0000	0.0000	0.0000	0.0000	0.0000	0.0000	0.0000	0.0000	0.0000	0.0000	0.0000	0.0000	0.0000	0.0000	0.0000	0.0000	0.0000	0.0000	0.0000	0.0000	0.0000	0.0000	0.0000	0.0000	0.0000	0.0000	0.0000	0.0000	0.0000	0.0000	0.0000	0.0000	0.0000											
39	44	0.0796	2	0	1	0	1	0	0	0	0	N	N	N	N	N	N	N	N	N	N	N	N	0.0000	0.0000	0.0000	0.0000	0.0000	0.0000	0.0000	0.0000	0.0000	0.0000	0.0000	0.0000	0.0000	0.0000	0.0000	0.0000	0.0000	0.0000	0.0000	0.0000	3.9334	0.0000	2.0001	0.0000	0.0000	0.0000	0.0000	0.0000	0.0000	0.0000	0.0000	0.0000	0.0000	0.0000	0.0000	0.0000	0.0000	0.0000	0.0000	0.0000	0.0000	0.0000	0.0000	0.0000	0.0000	0.0000	0.0000	0.0000	0.0000	0.0000	0.0000	0.0000	0.0000	0.0000	0.0000	0.0000	0.0000	0.0000	0.0000	0.0000	0.0000	0.0000	0.0000	0.0000	0.0000	0.0000	0.0000	0.0000	0.0000	0.0000	0.0000	0.0000	0.0000	0.0000	0.0000	0.0000	0.0000	0.0000											
39	46	0.1056	3	1	1	1	0	0	0	0	0	N	N	N	N	N	N	N	N	N	N	N	N	0.0000	0.0000	0.0000	0.0000	0.0000	0.0000	0.0000	0.0000	0.0000	0.0000	0.0000	0.0000	0.0000	35.5192	0.0000	53.2815	0.0000	0.0000	0.0000	41.9572	0.0000	57.7062	inf	0.0000	0.2511	3.9334	0.0000	2.0001	2.0000	0.0000	0.0000	0.0000	0.0000	0.0000	0.0000	0.0000	0.0000	0.0000	1.0000	0.0000	1.0000	0.0000	0.0000	0.0000	1.0000	0.0000	1.0000	0.0000	0.0000	0.0000	0.0000	0.0000	0.0000	0.0000	0.0000	0.0000	0.0282	0.0094	0.0188	0.0043	0.0029	0.0014	0.0238	0.0065	0.0173	0.0000	0.0000	0.0000	0.0000	0.0000	0.0000	0.0000	0.0000	0.0000	35.5192	0.0000	53.2815	0.0000	0.0000	0.0000	41.9572	0.0000	57.7062						
39	47	0.1206	4	1	2	0	0	0	0	0	0	N	Y	N	N	N	N	N	N	N	N	N	N	0.0024	inf	0.0000	inf	inf	0.0000	0.0000	0.0004	0.0005	0.0000	0.0019	0.0021	0.0000	0.0000	0.0000	0.0000	0.1877	0.0000	0.3105	0.0000	0.0000	0.0000	0.2364	0.0000	0.3400	0.0000	inf	-0.0000	0.0021	3.9334	0.9991	2.0001	2.0273	0.0000	0.0000	0.0000	0.0000	0.0000	0.0000	0.0000	0.0000	0.0000	0.0083	0.0000	0.0083	0.0000	0.0000	0.0000	0.0083	0.0000	0.0083	0.0843	0.0742	0.0102	0.0197	0.0180	0.0018	0.0646	0.0562	0.0084	0.0441	0.0174	0.0266	0.0091	0.0068	0.0023	0.0350	0.0107	0.0243	0.0024	inf	0.0000	inf	inf	0.0000	0.0000	0.0000	0.0000	0.1877	0.0000	0.3105	0.0000	0.0000	0.0000	0.2364	0.0000	0.3400		
39	48	0.0830	3	1	2	0	0	0	0	0	0	N	Y	N	N	N	N	N	N	N	N	N	N	0.0810	147.7540	0.0001	125.1172	99.6177	inf	0.0284	inf	0.0001	0.7700	0.8511	0.0020	1.4645	1.5573	0.0009	0.3270	0.3706	0.0024	9.5037	0.0058	14.6887	0.0117	0.0156	0.0000	11.5002	0.0000	15.7518	0.0002	4671.0441	-0.0634	0.2426	3.9334	3.1828	2.0001	3.1571	0.3211	0.3210	0.0001	0.2379	0.2379	0.0000	0.0833	0.0832	0.0001	0.9671	0.0002	0.9669	0.0002	0.0002	0.0000	0.9669	0.0000	0.9669	0.4170	0.3772	0.0398	0.1624	0.1527	0.0097	0.2546	0.2245	0.0301	0.1018	0.0359	0.0658	0.0177	0.0132	0.0044	0.0841	0.0227	0.0614	0.0810	147.7540	0.0001	125.1172	99.6177	inf	0.0284	inf	0.0001	9.5037	0.0058	14.6887	0.0117	0.0156	0.0000	11.5002	0.0000	15.7518
39	49	0.0788	2	0	2	0	0	0	0	0	0	N	Y	N	N	N	N	N	N	N	N	N	N	2.9795	4.6875	1.5052	3.9426	3.4598	inf	1.2497	inf	0.3205	2.2590	2.3358	1.3955	3.1481	3.1801	2.6691	0.9311	1.0075	0.3139	0.7582	0.4983	0.9271	0.7985	0.9191	0.0000	0.7450	0.0000	0.9793	0.0531	2.8621	-0.0756	-0.0003	3.9334	0.8922	2.0001	1.0748	0.5131	0.4872	0.0259	0.4283	0.4056	0.0227	0.0848	0.0817	0.0031	0.0335	0.0087	0.0248	0.0087	0.0087	0.0000	0.0248	0.0000	0.0248	0.2271	0.2086	0.0186	0.1361	0.1275	0.0085	0.0911	0.0811	0.0100	0.0442	0.0174	0.0268	0.0109	0.0094	0.0014	0.0333	0.0080	0.0253	2.9795	4.6875	1.5052	3.9426	3.4598	inf	1.2497	inf	0.3205	0.7582	0.4983	0.9271	0.7985	0.9191	0.0000	0.7450	0.0000	0.9793
39	50	0.1056	3	0	2	0	0	0	0	0	0	N	Y	N	N	N	N	N	N	N	N	N	N	0.0000	0.0000	0.0000	0.0000	0.0000	0.0000	0.0000	0.0000	0.0000	0.0000	0.0000	0.0000	0.0000	0.0000	0.0000	0.0000	0.0000	0.0000	0.0000	0.0000	3.9334	0.0000	2.0001	0.0000	0.0000	0.0000	0.0000	0.0000	0.0000	0.0000	0.0000	0.0000	0.0000	0.0000	0.0000	0.0000	0.0000	0.0000	0.0000	0.0000	0.0000	0.0000	0.0000	0.0000	0.0000	0.0000	0.0000	0.0000	0.0000	0.0000	0.0000	0.0000	0.0000	0.0000	0.0000	0.0000	0.0000	0.0000	0.0000	0.0000	0.0000	0.0000	0.0000	0.0000	0.0000	0.0000	0.0000	0.0000	0.0000	0.0000	0.0000	0.0000	0.0000	0.0000	0.0000	0.0000	0.0000	0.0000											
39	51	0.1056	3	1	2	0	0	0	0	0	0	N	Y	N	N	N	N	N	N	N	N	N	N	0.0000	0.0000	0.0000	0.0000	0.0000	0.0000	0.0000	0.0000	0.0000	0.0000	0.0000	0.0000	0.0000	0.0000	0.0000	0.0000	0.0000	0.0000	0.0000	0.0000	3.9334	1.0000	2.0001	3.0000	0.0000	0.0000	0.0000	0.0000	0.0000	0.0000	0.0000	0.0000	0.0000	0.0000	0.0000	0.0000	0.0000	0.0000	0.0000	0.0000	0.0000	0.0000	0.0757	0.0670	0.0087	0.0221	0.0209	0.0011	0.0536	0.0461	0.0075	0.0545	0.0182	0.0363	0.0083	0.0055	0.0028	0.0462	0.0127	0.0335	0.0000	0.0000	0.0000	0.0000	0.0000	0.0000	0.0000	0.0000	0.0000	0.0000	0.0000	0.0000	0.0000	0.0000	0.0000	0.0000	0.0000	0.0000											
39	52	0.0918	2	0	1	0	0	0	0	0	0	N	N	N	N	N	N	N	N	N	N	N	N	1.7054	0.0000	1915923.0980	0.0307	0.0000	17959.3396	inf	inf	0.0240	0.0000	0.2039	0.0018	0.0000	0.0222	0.0347	0.0000	0.2554	0.0141	0.0313	0.0000	0.0577	0.0717	0.0000	0.0000	0.0000	0.0000	inf	0.0000	0.0052	-0.0008	3.9334	3.0179	2.0001	1.1627	0.0065	0.0000	0.0065	0.0002	0.0000	0.0002	0.0064	0.0000	0.0064	0.0011	0.0011	0.0000	0.0011	0.0011	0.0000	0.0000	0.0000	0.0000	0.2721	0.2401	0.0320	0.0885	0.0815	0.0071	0.1836	0.1587	0.0249	0.0768	0.0346	0.0423	0.0187	0.0151	0.0036	0.0581	0.0195	0.0386	1.7054	0.0000	1915923.0980	0.0307	0.0000	17959.3396	inf	0.0000	inf	0.0141	0.0313	0.0000	0.0577	0.0717	0.0000	0.0000	0.0000	0.0000	
39	53	0.1056	3	1	2	1	0	0	0	0	0	N	Y	N	N	N	N	N	N	N	N	N	N	0.0000	0.0000	0.0000	0.0000	0.0000	0.0000	0.0000	0.0000	0.0000	0.0000	0.0000	0.0000	0.0000	0.0000	0.0000	0.0000	0.0000	0.0000	0.0000	0.0000	3.9334	4.0000	2.0001	1.0000	0.0000	0.0000	0.0000	0.0000	0.0000	0.0000	0.0000	0.0000	0.0000	0.0000	0.0000	0.0000	0.0000	0.0000	0.0000	0.0000	0.0000	0.0000	0.2899	0.2570	0.0329	0.0830	0.0787	0.0043	0.2068	0.1783	0.0286	0.0671	0.0224	0.0447	0.0102	0.0067	0.0035	0.0568	0.0157	0.0412	0.0000	0.0000	0.0000	0.0000	0.0000	0.0000	0.0000	0.0000	0.0000	0.0000	0.0000	0.0000	0.0000	0.0000	0.0000	0.0000	0.0000	0.0000											
39	54	0.0918	2	0	2	0	0	0	0	0	0	N	Y	N	N	N	N	N	N	N	N	N	N	4.1920	0.0000	5195978.8167	0.0614	0.0000	49946.6274	inf	inf	0.0335	0.0000	0.2831	0.0024	0.0000	0.0301	0.0492	0.0000	0.3568	0.0080	0.0206	0.0000	0.0391	0.0535	0.0000	0.0000	0.0000	0.0000	inf	0.0000	0.0052	-0.0008	3.9334	2.0683	2.0001	6.9961	0.0065	0.0000	0.0065	0.0002	0.0000	0.0002	0.0064	0.0000	0.0064	0.0011	0.0011	0.0000	0.0011	0.0011	0.0000	0.0000	0.0000	0.0000	0.1947	0.1716	0.0230	0.0653	0.0601	0.0052	0.1293	0.1115	0.0178	0.1351	0.0525	0.0826	0.0276	0.0202	0.0075	0.1075	0.0323	0.0751	4.1920	0.0000	5195978.8167	0.0614	0.0000	49946.6274	inf	0.0000	inf	0.0080	0.0206	0.0000	0.0391	0.0535	0.0000	0.0000	0.0000	0.0000	
39	56	0.1056	3	1	1	1	0	0	0	0	0	N	N	N	N	N	N	N	N	N	N	N	N	0.0000	0.0000	0.0000	0.0000	0.0000	0.0000	0.0000	0.0000	0.0000	0.0000	0.0000	0.0000	0.0000	0.0000	0.0000	0.0000	0.0000	0.0000	0.0000	0.0000	3.9334	4.0000	2.0001	7.0000	0.0000	0.0000	0.0000	0.0000	0.0000	0.0000	0.0000	0.0000	0.0000	0.0000	0.0000	0.0000	0.0000	0.0000	0.0000	0.0000	0.0000	0.0000	0.2899	0.2570	0.0329	0.0830	0.0787	0.0043	0.2068	0.1783	0.0286	0.1344	0.0450	0.0895	0.0203	0.0129	0.0074	0.1141	0.0321	0.0820	0.0000	0.0000	0.0000	0.0000	0.0000	0.0000	0.0000	0.0000	0.0000	0.0000	0.0000	0.0000	0.0000	0.0000	0.0000	0.0000	0.0000	0.0000											
39	57	0.1703	6	0	2	0	0	0	0	0	0	N	Y	N	N	N	N	N	N	N	N	N	N	0.0199	0.1084	41023.9012	152470.8053	0.0154	0.0846	0.0068	0.0000	0.0660	0.0062	0.0000	0.0942	0.0071	0.0000	0.0581	0.3404	0.0000	0.6086	0.0000	0.0000	0.0000	0.4598	0.0000	0.6868	inf	inf	0.0050	0.0176	3.9334	9.7645	2.0001	7.4558	0.0062	0.0000	0.0062	0.0019	0.0000	0.0019	0.0043	0.0000	0.0043	0.0702	0.0000	0.0702	0.0000	0.0000	0.0000	0.0702	0.0000	0.0702	0.9152	0.8212	0.0940	0.3113	0.2908	0.0205	0.6039	0.5304	0.0734	0.2062	0.0909	0.1153	0.0535	0.0404	0.0131	0.1526	0.0504	0.1022	0.0199	0.0000	0.1084	41023.9012	0.0000	152470.8053	0.0154	0.0000	0.0846	0.3404	0.0000	0.6086	0.0000	0.0000	0.0000	0.4598	0.0000	0.6868			
39	58	0.2259	7	0	1	1	0	0	0	0	0	N	N	N	N	N	N	N	N	N	N	N	N	0.0000	0.0000	0.0000	0.0000	0.0000	0.0000	0.0000	0.0000	0.0000	0.0000	0.0000	0.0000	0.0000	0.0016	0.0000	0.0030	0.0000	0.0000	0.0000	0.0022	0.0000	0.0034	inf	0.0000	0.0000	3.9334	1.0009	2.0001	0.0163	0.0000	0.0000	0.0000	0.0000	0.0000	0.0000	0.0000	0.0000	0.0000	0.0000	0.0000	0.0000	0.0000	0.0000	0.0000	0.0000	0.0000	0.0000	0.1211	0.1082	0.0128	0.0574	0.0526	0.0048	0.0637	0.0556	0.0081	0.0124	0.0057	0.0067	0.0034	0.0025	0.0009	0.0090	0.0032	0.0058	0.0000	0.0000	0.0000	0.0000	0.0000	0.0000	0.0000	0.0000	0.0000	0.0016	0.0000	0.0030	0.0000	0.0000	0.0000	0.0022	0.0000	0.0034						
39	59	0.2105	6	0	1	0	0	0	0	0	0	N	N	N	N	N	N	N	N	N	N	N	N	0.0000	0.0000	0.0000	0.0000	0.0000	0.0000	0.0000	0.0000	0.0000	0.0000	0.0000	0.0000	0.0000	0.0000	0.0000	0.0000	0.0036	0.0018	0.0050	0.0030	0.0040	0.0000	0.0038	0.0000	0.0057	3.5002	0.0000	0.0000	3.9334	1.9961	2.0001	0.0521	0.0000	0.0000	0.0000	0.0000	0.0000	0.0000	0.0000	0.0000	0.0000	0.0001	0.0000	0.0001	0.0000	0.0000	0.0000	0.0001	0.0000	0.0001	0.2288	0.2043	0.0245	0.0992	0.0910	0.0082	0.1296	0.1133	0.0163	0.0250	0.0111	0.0139	0.0067	0.0050	0.0017	0.0183	0.0061	0.0122	0.0000	0.0000	0.0000	0.0000	0.0000	0.0000	0.0000	0.0000	0.0000	0.0036	0.0018	0.0050	0.0030	0.0040	0.0000	0.0038	0.0000	0.0057			
39	60	0.2027	5	0	1	0	0	0	0	0	0	N	N	N	N	N	N	N	N	N	N	N	N	0.0000	0.0000	0.0000	0.0000	0.0000	0.0000	0.0000	0.0000	0.0000	0.0000	0.0000	0.0000	0.0000	0.0000	0.0000	0.0000	0.0358	0.0117	0.0552	0.0193	0.0255	0.0000	0.0419	0.0000	0.0627	5.8591	0.0000	0.0001	3.9334	0.0081	2.0001	1.0507	0.0000	0.0000	0.0000	0.0000	0.0000	0.0000	0.0000	0.0000	0.0000	0.0005	0.0001	0.0004	0.0001	0.0001	0.0000	0.0004	0.0000	0.0004	0.0014	0.0013	0.0001	0.0006	0.0006	0.0000	0.0007	0.0007	0.0001	0.0134	0.0060	0.0074	0.0036	0.0027	0.0009	0.0098	0.0033	0.0065	0.0000	0.0000	0.0000	0.0000	0.0000	0.0000	0.0000	0.0000	0.0000	0.0358	0.0117	0.0552	0.0193	0.0255	0.0000	0.0419	0.0000	0.0627			
39	61	0.1540	4	0	1	0	0	0	0	0	0	N	N	N	N	N	N	N	N	N	N	N	N	0.0195	0.0000	0.1038	0.0181	0.0000	inf	0.0221	0.1240	0.0165	0.0000	0.1532	0.0002	0.0000	0.0033	0.0255	0.0000	0.2000	0.8432	0.0082	1.4766	0.0131	0.0160	0.0000	1.1501	0.0000	1.6125	inf	236.8050	0.0044	0.0219	3.9334	3.0167	2.0001	3.2580	0.0055	0.0000	0.0055	0.0000	0.0000	0.0000	0.0054	0.0000	0.0054	0.0889	0.0004	0.0885	0.0004	0.0004	0.0000	0.0885	0.0000	0.0885	0.3311	0.2955	0.0356	0.1180	0.1096	0.0085	0.2131	0.1860	0.0271	0.1054	0.0455	0.0599	0.0284	0.0234	0.0051	0.0769	0.0221	0.0549	0.0195	0.0000	0.1038	0.0181	0.0000	inf	0.0221	0.0000	0.1240	0.8432	0.0082	1.4766	0.0131	0.0160	0.0000	1.1501	0.0000	1.6125	
39	62	0.0792	3	0	2	0	0	0	0	0	0	N	Y	N	N	N	N	N	N	N	N	N	N	0.0900	0.5200	8355419.6719	1490957.5479	0.0529	0.2819	0.6637	0.0000	5.7911	0.9287	0.0000	11.3511	0.4456	0.0000	3.1476	7.3755	0.0000	11.1362	0.0000	0.0000	0.0000	8.4220	0.0000	11.1668	inf	inf	0.2691	0.2413	3.9334	3.3327	2.0001	4.3103	0.3355	0.0000	0.3355	0.2119	0.0000	0.2119	0.1236	0.0000	0.1236	0.9613	0.0000	0.9613	0.0000	0.0000	0.0000	0.9613	0.0000	0.9613	0.5055	0.4476	0.0579	0.2282	0.2095	0.0187	0.2773	0.2381	0.0393	0.1303	0.0440	0.0863	0.0162	0.0160	0.0002	0.1141	0.0281	0.0861	0.0900	0.0000	0.5200	8355419.6719	0.0000	1490957.5479	0.0529	0.0000	0.2819	7.3755	0.0000	11.1362	0.0000	0.0000	0.0000	8.4220	0.0000	11.1668			
39	63	0.0551	2	0	1	0	0	0	0	0	0	N	N	N	N	N	N	N	N	N	N	N	N	2.7604	81.1614	9.1464	64.9734	34.6672	inf	1.3280	inf	5.2023	1.1117	0.5429	5.3292	1.7616	0.9662	9.5068	0.5765	0.1754	3.0404	0.4027	0.0067	0.5827	0.0271	0.0279	0.0000	0.4341	0.0000	0.5844	1.3237	191.7162	0.2163	0.0096	3.9334	3.2669	2.0001	2.4507	0.5818	0.2504	0.3314	0.4164	0.2071	0.2093	0.1655	0.0433	0.1222	0.0389	0.0002	0.0387	0.0002	0.0002	0.0000	0.0387	0.0000	0.0387	0.5234	0.4612	0.0622	0.2364	0.2143	0.0220	0.2870	0.2468	0.0402	0.0966	0.0302	0.0664	0.0074	0.0072	0.0002	0.0892	0.0229	0.0662	2.7604	81.1614	9.1464	64.9734	34.6672	inf	1.3280	inf	5.2023	0.4027	0.0067	0.5827	0.0271	0.0279	0.0000	0.4341	0.0000	0.5844
39	64	0.1395	6	1	1	1	0	0	0	0	0	N	N	N	N	N	N	N	N	N	N	N	N	0.0000	0.0000	0.0000	0.0000	0.0000	0.0000	0.0000	0.0000	0.0000	0.0000	0.0000	0.0000	0.0000	0.0000	0.0000	0.0000	0.0000	0.0000	0.0000	0.0000	3.9334	0.0000	2.0001	1.0000	0.0000	0.0000	0.0000	0.0000	0.0000	0.0000	0.0000	0.0000	0.0000	0.0000	0.0000	0.0000	0.0000	0.0000	0.0000	0.0000	0.0000	0.0000	0.0000	0.0000	0.0000	0.0000	0.0000	0.0000	0.0000	0.0000	0.0000	0.0152	0.0050	0.0102	0.0022	0.0015	0.0007	0.0130	0.0035	0.0095	0.0000	0.0000	0.0000	0.0000	0.0000	0.0000	0.0000	0.0000	0.0000	0.0000	0.0000	0.0000	0.0000	0.0000	0.0000	0.0000	0.0000	0.0000											
39	65	0.1395	5	1	1	1	0	0	0	0	0	N	N	N	N	N	N	N	N	N	N	N	N	0.0000	0.0000	0.0000	0.0000	0.0000	0.0000	0.0000	0.0000	0.0000	0.0000	0.0000	0.0000	0.0000	4.9301	10.1282	0.0000	10.4284	10.5084	0.0000	0.0000	0.0000	0.0000	0.0000	0.0000	-0.0001	3.9334	0.0000	2.0001	0.0001	0.0000	0.0000	0.0000	0.0000	0.0000	0.0000	0.0000	0.0000	0.0000	0.0001	0.0001	0.0000	0.0001	0.0001	0.0000	0.0000	0.0000	0.0000	0.0000	0.0000	0.0000	0.0000	0.0000	0.0000	0.0000	0.0000	0.0000	0.0000	0.0000	0.0000	0.0000	0.0000	0.0000	0.0000	0.0000	0.0000	0.0000	0.0000	0.0000	0.0000	0.0000	0.0000	0.0000	0.0000	0.0000	4.9301	10.1282	0.0000	10.4284	10.5084	0.0000	0.0000	0.0000	0.0000						
39	66	0.1272	4	1	1	1	0	0	0	0	0	N	N	N	N	N	N	N	N	N	N	N	N	0.0000	0.0000	0.0000	0.0000	0.0000	0.0000	0.0000	0.0000	0.0000	0.0000	0.0000	0.0000	0.0000	0.0000	0.0000	0.0000	1.5091	4.0033	0.0037	6.3425	7.4859	0.0000	0.0030	0.0000	0.0039	0.0015	0.0000	-0.0462	3.9334	1.9720	2.0001	0.0923	0.0000	0.0000	0.0000	0.0000	0.0000	0.0000	0.0000	0.0000	0.0000	0.0617	0.0617	0.0001	0.0617	0.0617	0.0000	0.0001	0.0000	0.0001	0.1653	0.1464	0.0188	0.0365	0.0346	0.0019	0.1287	0.1118	0.0169	0.0409	0.0154	0.0255	0.0097	0.0082	0.0015	0.0312	0.0072	0.0240	0.0000	0.0000	0.0000	0.0000	0.0000	0.0000	0.0000	0.0000	0.0000	1.5091	4.0033	0.0037	6.3425	7.4859	0.0000	0.0030	0.0000	0.0039			
39	67	0.1056	3	1	1	1	0	0	0	0	0	N	N	N	N	N	N	N	N	N	N	N	N	0.0000	0.0000	0.0000	0.0000	0.0000	0.0000	0.0000	0.0000	0.0000	0.0000	0.0000	0.0000	0.0000	1.0979	0.0000	1.6475	0.0000	0.0000	0.0000	1.2959	0.0000	1.7873	inf	0.0000	0.0155	3.9334	3.0650	2.0001	1.0636	0.0000	0.0000	0.0000	0.0000	0.0000	0.0000	0.0000	0.0000	0.0000	0.0617	0.0000	0.0617	0.0000	0.0000	0.0000	0.0617	0.0000	0.0617	0.2251	0.1995	0.0256	0.0648	0.0615	0.0034	0.1603	0.1380	0.0222	0.0562	0.0187	0.0374	0.0086	0.0057	0.0029	0.0476	0.0131	0.0345	0.0000	0.0000	0.0000	0.0000	0.0000	0.0000	0.0000	0.0000	0.0000	1.0979	0.0000	1.6475	0.0000	0.0000	0.0000	1.2959	0.0000	1.7873						
39	68	0.1127	3	0	2	0	1	0	0	0	0	N	Y	N	N	N	N	N	N	N	N	N	N	0.0704	0.0004	9801011.9213	0.0007	0.0004	17452.8801	inf	inf	0.0272	0.0004	0.2446	0.0013	0.0009	0.0058	0.0450	0.0000	0.3457	0.3859	1.0040	0.0000	1.9615	2.5638	0.0000	0.0000	0.0000	0.0000	77.2380	0.0000	0.0074	-0.0339	3.9334	2.7513	2.0001	4.0954	0.0094	0.0001	0.0093	0.0002	0.0001	0.0001	0.0092	0.0000	0.0092	0.0452	0.0452	0.0000	0.0452	0.0452	0.0000	0.0000	0.0000	0.0000	0.3454	0.3075	0.0379	0.1409	0.1296	0.0113	0.2045	0.1779	0.0266	0.1171	0.0450	0.0721	0.0230	0.0176	0.0054	0.0941	0.0274	0.0667	0.0704	0.0004	9801011.9213	0.0007	0.0004	17452.8801	inf	0.0000	inf	0.3859	1.0040	0.0000	1.9615	2.5638	0.0000	0.0000	0.0000	0.0000	
39	71	0.1056	3	0	2	0	0	0	0	0	0	N	Y	N	N	N	N	N	N	N	N	N	N	0.0000	0.0000	0.0000	0.0000	0.0000	0.0000	0.0000	0.0000	0.0000	0.0000	0.0000	0.0000	0.0000	14.9075	0.0000	22.3739	0.0000	0.0000	0.0000	17.5913	0.0000	24.2893	inf	0.0000	0.2511	3.9334	2.0000	2.0001	3.0000	0.0000	0.0000	0.0000	0.0000	0.0000	0.0000	0.0000	0.0000	0.0000	1.0000	0.0000	1.0000	0.0000	0.0000	0.0000	1.0000	0.0000	1.0000	0.1491	0.1321	0.0170	0.0432	0.0410	0.0022	0.1059	0.0911	0.0148	0.0671	0.0224	0.0447	0.0102	0.0067	0.0035	0.0568	0.0157	0.0412	0.0000	0.0000	0.0000	0.0000	0.0000	0.0000	0.0000	0.0000	0.0000	14.9075	0.0000	22.3739	0.0000	0.0000	0.0000	17.5913	0.0000	24.2893						
39	72	0.0788	2	0	1	0	0	0	0	0	0	N	N	N	N	N	N	N	N	N	N	N	N	14.4732	5.8111	inf	7.2542	6.0106	inf	inf	inf	inf	1.5026	1.6791	0.0107	4.1086	4.4057	0.0009	0.2727	0.3094	0.0132	0.1038	0.2889	0.0000	0.5664	0.7330	0.0000	0.0000	0.0000	0.0000	0.0008	0.0000	-0.1487	-0.0067	3.9334	4.7932	2.0001	0.2507	0.7548	0.7542	0.0006	0.6617	0.6617	0.0000	0.0931	0.0925	0.0006	0.0089	0.0089	0.0000	0.0089	0.0089	0.0000	0.0000	0.0000	0.0000	0.5023	0.4492	0.0532	0.1611	0.1502	0.0109	0.3413	0.2990	0.0423	0.0856	0.0308	0.0549	0.0157	0.0121	0.0036	0.0699	0.0186	0.0513	14.4732	5.8111	inf	7.2542	6.0106	inf	inf	inf	inf	0.1038	0.2889	0.0000	0.5664	0.7330	0.0000	0.0000	0.0000	0.0000
39	74	0.0551	2	0	2	0	0	0	0	0	0	N	Y	N	N	N	N	N	N	N	N	N	N	776.8500	271.9370	73.2433	78.9523	inf	inf	1.5317	1.7447	0.0000	2.0690	2.2936	0.0000	0.9526	1.1182	0.0000	0.0020	0.0064	0.0000	0.0282	0.0291	0.0000	0.0000	0.0000	0.0000	0.0000	0.0000	-0.1260	-0.0002	3.9334	1.8678	2.0001	4.6278	0.6372	0.6372	0.0000	0.4465	0.4465	0.0000	0.1907	0.1907	0.0000	0.0002	0.0002	0.0000	0.0002	0.0002	0.0000	0.0000	0.0000	0.0000	0.4160	0.3652	0.0508	0.2158	0.1947	0.0211	0.2002	0.1706	0.0296	0.1065	0.0327	0.0738	0.0074	0.0072	0.0002	0.0991	0.0255	0.0736	776.8500	271.9370	0.0000	73.2433	78.9523	0.0000	inf	inf	0.0000	0.0020	0.0064	0.0000	0.0282	0.0291	0.0000	0.0000	0.0000	0.0000			
39	78	0.1588	5	1	2	0	1	0	0	0	0	N	Y	N	N	N	N	N	N	N	N	N	N	0.0000	0.0000	0.0000	0.0000	0.0000	0.0000	0.0000	0.0000	0.0000	0.0000	0.0000	0.0000	0.0000	0.0007	0.0020	0.0000	0.0119	0.0188	0.0000	0.0000	0.0000	0.0000	0.0000	0.0000	-0.0000	3.9334	1.0000	2.0001	2.0144	0.0000	0.0000	0.0000	0.0000	0.0000	0.0000	0.0000	0.0000	0.0000	0.0000	0.0000	0.0000	0.0000	0.0000	0.0000	0.0000	0.0000	0.0000	0.0940	0.0831	0.0108	0.0235	0.0220	0.0014	0.0705	0.0611	0.0094	0.0583	0.0196	0.0387	0.0034	0.0021	0.0012	0.0549	0.0174	0.0375	0.0000	0.0000	0.0000	0.0000	0.0000	0.0000	0.0000	0.0000	0.0000	0.0007	0.0020	0.0000	0.0119	0.0188	0.0000	0.0000	0.0000	0.0000						
39	79	0.1366	4	1	2	0	1	0	0	0	0	N	Y	N	N	N	N	N	N	N	N	N	N	0.0000	0.0000	0.0000	0.0000	0.0000	0.0000	0.0000	0.0000	0.0000	0.0000	0.0000	0.0000	0.0000	0.0007	0.0000	0.0010	0.0000	0.0000	0.0000	0.0007	0.0000	0.0011	inf	0.0000	0.0000	3.9334	0.0001	2.0001	3.0180	0.0000	0.0000	0.0000	0.0000	0.0000	0.0000	0.0000	0.0000	0.0000	0.0000	0.0000	0.0000	0.0000	0.0000	0.0000	0.0000	0.0000	0.0000	0.0000	0.0000	0.0000	0.0000	0.0000	0.0000	0.0000	0.0000	0.0000	0.0580	0.0193	0.0387	0.0030	0.0018	0.0012	0.0550	0.0175	0.0375	0.0000	0.0000	0.0000	0.0000	0.0000	0.0000	0.0000	0.0000	0.0000	0.0007	0.0000	0.0010	0.0000	0.0000	0.0000	0.0007	0.0000	0.0011						
39	80	0.1586	6	0	2	0	1	0	0	0	0	N	Y	N	N	N	N	N	N	N	N	N	N	0.0000	0.0000	0.0000	0.0000	0.0000	0.0000	0.0000	0.0000	0.0000	0.0000	0.0000	0.0000	0.0000	0.0000	0.0000	0.0000	0.0000	0.0000	0.0000	0.0000	3.9334	0.0000	2.0001	0.0000	0.0000	0.0000	0.0000	0.0000	0.0000	0.0000	0.0000	0.0000	0.0000	0.0000	0.0000	0.0000	0.0000	0.0000	0.0000	0.0000	0.0000	0.0000	0.0000	0.0000	0.0000	0.0000	0.0000	0.0000	0.0000	0.0000	0.0000	0.0000	0.0000	0.0000	0.0000	0.0000	0.0000	0.0000	0.0000	0.0000	0.0000	0.0000	0.0000	0.0000	0.0000	0.0000	0.0000	0.0000	0.0000	0.0000	0.0000	0.0000	0.0000	0.0000	0.0000	0.0000	0.0000	0.0000											
39	81	0.1366	4	0	1	1	1	0	0	0	0	N	N	N	N	N	N	N	N	N	N	N	N	0.0000	0.0000	0.0000	0.0000	0.0000	0.0000	0.0000	0.0000	0.0000	0.0000	0.0000	0.0000	0.0000	0.0000	0.0000	0.0000	0.0000	0.0000	0.0000	0.0000	3.9334	2.0000	2.0001	0.0000	0.0000	0.0000	0.0000	0.0000	0.0000	0.0000	0.0000	0.0000	0.0000	0.0000	0.0000	0.0000	0.0000	0.0000	0.0000	0.0000	0.0000	0.0000	0.1838	0.1627	0.0211	0.0454	0.0426	0.0028	0.1384	0.1201	0.0183	0.0392	0.0130	0.0262	0.0020	0.0012	0.0008	0.0372	0.0118	0.0254	0.0000	0.0000	0.0000	0.0000	0.0000	0.0000	0.0000	0.0000	0.0000	0.0000	0.0000	0.0000	0.0000	0.0000	0.0000	0.0000	0.0000	0.0000											
39	82	0.1366	4	0	1	1	1	0	0	0	0	N	N	N	N	N	N	N	N	N	N	N	N	0.0000	0.0000	0.0000	0.0000	0.0000	0.0000	0.0000	0.0000	0.0000	0.0000	0.0000	0.0000	0.0000	0.0000	0.0000	0.0000	0.0000	0.0000	0.0000	0.0000	3.9334	0.0000	2.0001	4.0000	0.0000	0.0000	0.0000	0.0000	0.0000	0.0000	0.0000	0.0000	0.0000	0.0000	0.0000	0.0000	0.0000	0.0000	0.0000	0.0000	0.0000	0.0000	0.0000	0.0000	0.0000	0.0000	0.0000	0.0000	0.0000	0.0000	0.0000	0.0754	0.0251	0.0503	0.0040	0.0024	0.0016	0.0715	0.0228	0.0487	0.0000	0.0000	0.0000	0.0000	0.0000	0.0000	0.0000	0.0000	0.0000	0.0000	0.0000	0.0000	0.0000	0.0000	0.0000	0.0000	0.0000	0.0000											
39	83	0.1586	6	0	1	1	1	0	0	0	0	N	N	N	N	N	N	N	N	N	N	N	N	0.0000	0.0000	0.0000	0.0000	0.0000	0.0000	0.0000	0.0000	0.0000	0.0000	0.0000	0.0000	0.0000	0.0000	0.0000	0.0000	0.0000	0.0000	0.0000	0.0000	3.9334	0.0000	2.0001	2.0000	0.0000	0.0000	0.0000	0.0000	0.0000	0.0000	0.0000	0.0000	0.0000	0.0000	0.0000	0.0000	0.0000	0.0000	0.0000	0.0000	0.0000	0.0000	0.0000	0.0000	0.0000	0.0000	0.0000	0.0000	0.0000	0.0000	0.0000	0.0389	0.0127	0.0262	0.0018	0.0009	0.0008	0.0372	0.0118	0.0254	0.0000	0.0000	0.0000	0.0000	0.0000	0.0000	0.0000	0.0000	0.0000	0.0000	0.0000	0.0000	0.0000	0.0000	0.0000	0.0000	0.0000	0.0000											
39	84	0.1513	5	0	1	0	1	0	0	0	0	N	N	N	N	N	N	N	N	N	N	N	N	0.0000	0.0000	0.0000	0.0000	0.0000	0.0000	0.0000	0.0000	0.0000	0.0000	0.0000	0.0000	0.0000	0.0525	0.1589	0.0000	0.9676	1.6472	0.0000	0.0000	0.0000	0.0000	0.0000	0.0000	-0.0008	3.9334	1.0000	2.0001	0.0015	0.0000	0.0000	0.0000	0.0000	0.0000	0.0000	0.0000	0.0000	0.0000	0.0011	0.0011	0.0000	0.0011	0.0011	0.0000	0.0000	0.0000	0.0000	0.0940	0.0831	0.0108	0.0235	0.0220	0.0014	0.0705	0.0611	0.0094	0.0202	0.0067	0.0135	0.0011	0.0006	0.0005	0.0191	0.0060	0.0131	0.0000	0.0000	0.0000	0.0000	0.0000	0.0000	0.0000	0.0000	0.0000	0.0525	0.1589	0.0000	0.9676	1.6472	0.0000	0.0000	0.0000	0.0000						
39	85	0.1366	4	0	1	0	1	0	0	0	0	N	N	N	N	N	N	N	N	N	N	N	N	0.0000	0.0000	0.0000	0.0000	0.0000	0.0000	0.0000	0.0000	0.0000	0.0000	0.0000	0.0000	0.0000	0.0270	0.0000	0.0405	0.0000	0.0000	0.0000	0.0285	0.0000	0.0417	inf	0.0000	0.0003	3.9334	0.0000	2.0001	2.0013	0.0000	0.0000	0.0000	0.0000	0.0000	0.0000	0.0000	0.0000	0.0000	0.0011	0.0000	0.0011	0.0000	0.0000	0.0000	0.0011	0.0000	0.0011	0.0000	0.0000	0.0000	0.0000	0.0000	0.0000	0.0000	0.0000	0.0000	0.0392	0.0130	0.0262	0.0020	0.0012	0.0008	0.0372	0.0118	0.0254	0.0000	0.0000	0.0000	0.0000	0.0000	0.0000	0.0000	0.0000	0.0000	0.0270	0.0000	0.0405	0.0000	0.0000	0.0000	0.0285	0.0000	0.0417						
39	86	0.1764	4	1	2	0	0	0	0	0	0	N	Y	N	N	N	N	N	N	N	N	N	N	0.3764	0.1923	0.0268	0.0287	inf	inf	0.6887	0.7689	0.0000	0.1686	0.1888	0.0000	1.3107	1.4587	0.0000	1.8297	3.9987	0.0000	6.2826	6.5764	0.0000	0.0000	0.0000	0.0000	0.0000	0.0000	-0.0000	-0.0444	3.9334	0.0007	2.0001	0.9812	0.0001	0.0001	0.0000	0.0000	0.0000	0.0000	0.0001	0.0001	0.0000	0.0592	0.0592	0.0000	0.0592	0.0592	0.0000	0.0000	0.0000	0.0000	0.0002	0.0002	0.0000	0.0001	0.0001	0.0000	0.0001	0.0001	0.0000	0.0324	0.0148	0.0176	0.0094	0.0090	0.0004	0.0229	0.0058	0.0171	0.3764	0.1923	0.0000	0.0268	0.0287	0.0000	inf	inf	0.0000	1.8297	3.9987	0.0000	6.2826	6.5764	0.0000	0.0000	0.0000	0.0000			
39	87	0.1206	3	1	2	0	0	0	0	0	0	N	Y	N	N	N	N	N	N	N	N	N	N	4.1451	35.5892	0.1807	0.9772	0.6665	inf	5.2504	inf	0.1995	2.0206	2.2698	0.1267	0.3424	0.3634	0.0086	2.6062	2.9941	0.1446	0.4875	0.0638	0.7011	0.3504	0.5453	0.0000	0.4964	0.0000	0.7249	0.0073	21.8020	-0.1767	0.0128	3.9334	5.0272	2.0001	2.1572	0.9273	0.9205	0.0068	0.0406	0.0406	0.0001	0.8866	0.8799	0.0067	0.0618	0.0027	0.0591	0.0027	0.0027	0.0000	0.0591	0.0000	0.0591	0.4589	0.4055	0.0534	0.1187	0.1117	0.0070	0.3402	0.2939	0.0463	0.1267	0.0425	0.0843	0.0077	0.0050	0.0028	0.1190	0.0375	0.0815	4.1451	35.5892	0.1807	0.9772	0.6665	inf	5.2504	inf	0.1995	0.4875	0.0638	0.7011	0.3504	0.5453	0.0000	0.4964	0.0000	0.7249
39	88	0.1739	5	0	2	0	0	0	0	0	0	N	Y	N	N	N	N	N	N	N	N	N	N	0.0000	0.0000	0.0000	0.0000	0.0000	0.0000	0.0000	0.0000	0.0000	0.0000	0.0000	0.0000	0.0000	0.0000	0.0000	0.0000	0.0000	0.0000	0.0000	0.0000	3.9334	0.0000	2.0001	4.0000	0.0000	0.0000	0.0000	0.0000	0.0000	0.0000	0.0000	0.0000	0.0000	0.0000	0.0000	0.0000	0.0000	0.0000	0.0000	0.0000	0.0000	0.0000	0.0000	0.0000	0.0000	0.0000	0.0000	0.0000	0.0000	0.0000	0.0000	0.0757	0.0257	0.0500	0.0054	0.0036	0.0018	0.0703	0.0221	0.0482	0.0000	0.0000	0.0000	0.0000	0.0000	0.0000	0.0000	0.0000	0.0000	0.0000	0.0000	0.0000	0.0000	0.0000	0.0000	0.0000	0.0000	0.0000											
39	89	0.1366	4	0	2	0	0	0	0	0	0	N	Y	N	N	N	N	N	N	N	N	N	N	0.0000	0.0000	0.0000	0.0000	0.0000	0.0000	0.0000	0.0000	0.0000	0.0000	0.0000	0.0000	0.0000	0.0000	0.0000	0.0000	0.0000	0.0000	0.0000	0.0000	3.9334	3.0000	2.0001	2.0000	0.0000	0.0000	0.0000	0.0000	0.0000	0.0000	0.0000	0.0000	0.0000	0.0000	0.0000	0.0000	0.0000	0.0000	0.0000	0.0000	0.0000	0.0000	0.2698	0.2389	0.0308	0.0658	0.0618	0.0040	0.2040	0.1771	0.0269	0.0925	0.0309	0.0616	0.0049	0.0030	0.0019	0.0876	0.0279	0.0597	0.0000	0.0000	0.0000	0.0000	0.0000	0.0000	0.0000	0.0000	0.0000	0.0000	0.0000	0.0000	0.0000	0.0000	0.0000	0.0000	0.0000	0.0000											
39	90	0.1366	4	1	2	0	0	0	0	0	0	N	Y	N	N	N	N	N	N	N	N	N	N	0.0000	0.0000	0.0000	0.0000	0.0000	0.0000	0.0000	0.0000	0.0000	0.0000	0.0000	0.0000	0.0000	0.0000	0.0000	0.0000	0.0000	0.0000	0.0000	0.0000	3.9334	2.0000	2.0001	3.0000	0.0000	0.0000	0.0000	0.0000	0.0000	0.0000	0.0000	0.0000	0.0000	0.0000	0.0000	0.0000	0.0000	0.0000	0.0000	0.0000	0.0000	0.0000	0.1838	0.1627	0.0211	0.0454	0.0426	0.0028	0.1384	0.1201	0.0183	0.0925	0.0309	0.0616	0.0049	0.0030	0.0019	0.0876	0.0279	0.0597	0.0000	0.0000	0.0000	0.0000	0.0000	0.0000	0.0000	0.0000	0.0000	0.0000	0.0000	0.0000	0.0000	0.0000	0.0000	0.0000	0.0000	0.0000											
39	91	0.1206	3	0	1	0	0	0	0	0	0	N	N	N	N	N	N	N	N	N	N	N	N	4.0175	1.3972	inf	0.8905	0.6859	inf	inf	inf	0.2742	0.2776	0.2501	0.8357	0.8873	0.0159	0.0430	0.0000	0.2883	0.0683	0.1987	0.0000	0.9384	1.2935	0.0000	0.0000	0.0000	0.0000	0.1264	0.0000	-0.0051	-0.0022	3.9334	2.0705	2.0001	0.0351	0.0601	0.0533	0.0067	0.0534	0.0533	0.0001	0.0067	0.0000	0.0067	0.0029	0.0029	0.0000	0.0029	0.0029	0.0000	0.0000	0.0000	0.0000	0.2191	0.1921	0.0269	0.0639	0.0601	0.0038	0.1552	0.1320	0.0232	0.0422	0.0145	0.0277	0.0031	0.0022	0.0008	0.0391	0.0123	0.0269	4.0175	1.3972	inf	0.8905	0.6859	inf	inf	0.0000	inf	0.0683	0.1987	0.0000	0.9384	1.2935	0.0000	0.0000	0.0000	0.0000	
39	92	0.0952	2	0	1	0	0	0	0	0	0	N	N	N	N	N	N	N	N	N	N	N	N	17.7160	0.7976	342.9745	0.5204	0.4631	inf	91.9052	inf	407.8432	2.5007	0.2052	20.7799	0.4060	0.4295	0.0055	3.8001	0.0511	25.6402	0.1412	0.2572	0.0606	0.7803	0.9273	0.0000	0.0413	0.0000	0.0629	12.7200	0.3393	0.8060	-0.0056	3.9334	3.4249	2.0001	0.1413	1.1052	0.0806	1.0247	0.0687	0.0686	0.0001	1.0365	0.0119	1.0246	0.0113	0.0084	0.0029	0.0084	0.0084	0.0000	0.0029	0.0000	0.0029	0.4420	0.3927	0.0493	0.1692	0.1599	0.0093	0.2728	0.2328	0.0400	0.0799	0.0327	0.0471	0.0108	0.0091	0.0017	0.0691	0.0236	0.0454	17.7160	0.7976	342.9745	0.5204	0.4631	inf	91.9052	inf	407.8432	0.1412	0.2572	0.0606	0.7803	0.9273	0.0000	0.0413	0.0000	0.0629
39	98	0.2321	7	0	1	0	0	0	0	0	0	N	N	N	N	N	N	N	N	N	N	N	N	2.4010	inf	0.0000	792538.6645	inf	0.0000	0.0187	inf	0.0000	0.8569	0.9548	0.0000	1.7546	1.9225	0.0000	0.0107	0.0121	0.0000	0.3569	0.0000	0.8219	0.0000	0.0000	0.0000	0.5739	0.0000	0.9572	0.0000	inf	-0.1194	0.0241	3.9334	4.9999	2.0001	9.0821	0.6037	0.6037	0.0000	0.5998	0.5998	0.0000	0.0039	0.0039	0.0000	0.0959	0.0000	0.0959	0.0000	0.0000	0.0000	0.0959	0.0000	0.0959	0.7046	0.6323	0.0723	0.3419	0.3120	0.0299	0.3627	0.3203	0.0424	0.2688	0.1521	0.1167	0.1016	0.0851	0.0165	0.1672	0.0669	0.1002	2.4010	inf	0.0000	792538.6645	inf	0.0000	0.0187	inf	0.0000	0.3569	0.0000	0.8219	0.0000	0.0000	0.0000	0.5739	0.0000	0.9572
40	41	0.0000	2	2	2	2	0	0	0	0	0	Y	Y	Y	N	N	N	N	N	N	N	N	N	0.0000	0.0000	0.0000	0.0000	0.0000	0.0000	0.0000	0.0000	0.0000	0.0000	0.0000	0.0000	0.0000	0.0000	0.0000	0.0000	0.0000	0.0000	0.0000	0.0000	0.0000	1.0000	0.0000	1.9999	0.0000	0.0000	0.0000	0.0000	0.0000	0.0000	0.0000	0.0000	0.0000	0.0000	0.0000	0.0000	0.0000	0.0000	0.0000	0.0000	0.0000	0.0000	0.0000	0.0000	0.0000	0.0000	0.0000	0.0000	0.0000	0.0000	0.0000	0.0000	0.0000	0.0000	0.0000	0.0000	0.0000	0.0000	0.0000	0.0000	0.0000	0.0000	0.0000	0.0000	0.0000	0.0000	0.0000	0.0000	0.0000	0.0000	0.0000	0.0000	0.0000	0.0000	0.0000	0.0000	0.0000	0.0000											
40	42	0.2456	9	2	2	1	0	0	0	0	0	Y	Y	N	N	N	N	N	N	N	N	N	N	0.0000	0.0000	0.0000	0.0000	0.0000	0.0000	0.0000	0.0000	0.0000	0.0000	0.0000	0.0000	0.0000	0.0000	0.0000	0.0000	0.0000	0.0000	0.0000	0.0000	0.0000	0.0007	0.0000	2.0242	0.0000	0.0000	0.0000	0.0000	0.0000	0.0000	0.0000	0.0000	0.0000	0.0000	0.0000	0.0000	0.0000	0.0000	0.0000	0.0000	0.0000	0.0000	0.0000	0.0000	0.0000	0.0000	0.0000	0.0000	0.0000	0.0000	0.0000	0.0000	0.0000	0.0000	0.0000	0.0000	0.0000	0.0000	0.0000	0.0000	0.0000	0.0000	0.0000	0.0000	0.0000	0.0000	0.0000	0.0000	0.0000	0.0000	0.0000	0.0000	0.0000	0.0000	0.0000	0.0000	0.0000	0.0000											
40	43	0.1488	7	1	2	1	1	0	0	0	0	N	Y	N	N	N	N	N	N	N	N	N	N	0.0000	0.0000	0.0000	0.0000	0.0000	0.0000	0.0000	0.0000	0.0000	0.0000	0.0000	0.0000	0.0000	0.0000	0.0000	0.0000	0.0000	0.0000	0.0000	0.0000	0.0000	0.0000	0.0000	0.0000	0.0000	0.0000	0.0000	0.0000	0.0000	0.0000	0.0000	0.0000	0.0000	0.0000	0.0000	0.0000	0.0000	0.0000	0.0000	0.0000	0.0000	0.0000	0.0000	0.0000	0.0000	0.0000	0.0000	0.0000	0.0000	0.0000	0.0000	0.0000	0.0000	0.0000	0.0000	0.0000	0.0000	0.0000	0.0000	0.0000	0.0000	0.0000	0.0000	0.0000	0.0000	0.0000	0.0000	0.0000	0.0000	0.0000	0.0000	0.0000	0.0000	0.0000	0.0000	0.0000	0.0000	0.0000											
40	44	0.1488	7	1	1	1	1	0	0	0	0	N	N	N	N	N	N	N	N	N	N	N	N	0.0000	0.0000	0.0000	0.0000	0.0000	0.0000	0.0000	0.0000	0.0000	0.0000	0.0000	0.0000	0.0000	0.0000	0.0000	0.0000	0.0000	0.0000	0.0000	0.0000	0.0000	0.0000	0.0000	0.0000	0.0000	0.0000	0.0000	0.0000	0.0000	0.0000	0.0000	0.0000	0.0000	0.0000	0.0000	0.0000	0.0000	0.0000	0.0000	0.0000	0.0000	0.0000	0.0000	0.0000	0.0000	0.0000	0.0000	0.0000	0.0000	0.0000	0.0000	0.0000	0.0000	0.0000	0.0000	0.0000	0.0000	0.0000	0.0000	0.0000	0.0000	0.0000	0.0000	0.0000	0.0000	0.0000	0.0000	0.0000	0.0000	0.0000	0.0000	0.0000	0.0000	0.0000	0.0000	0.0000	0.0000	0.0000											
40	45	0.1043	6	1	1	1	1	0	0	0	0	N	N	N	N	N	N	N	N	N	N	N	N	0.0000	0.0000	0.0000	0.0000	0.0000	0.0000	0.0000	0.0000	0.0000	0.0000	0.0000	0.0000	0.0000	0.0000	0.0000	0.0000	0.0000	0.0000	0.0000	0.0000	0.0000	3.0666	0.0000	3.9999	0.0000	0.0000	0.0000	0.0000	0.0000	0.0000	0.0000	0.0000	0.0000	0.0000	0.0000	0.0000	0.0000	0.0000	0.0000	0.0000	0.0000	0.0000	0.0000	0.0000	0.0000	0.0000	0.0000	0.0000	0.0000	0.0000	0.0000	0.0000	0.0000	0.0000	0.0000	0.0000	0.0000	0.0000	0.0000	0.0000	0.0000	0.0000	0.0000	0.0000	0.0000	0.0000	0.0000	0.0000	0.0000	0.0000	0.0000	0.0000	0.0000	0.0000	0.0000	0.0000	0.0000	0.0000											
40	46	0.0339	4	2	1	2	0	0	0	0	0	Y	N	Y	N	N	N	N	N	N	N	N	N	0.0000	0.0000	0.0000	0.0000	0.0000	0.0000	0.0000	0.0000	0.0000	0.0000	0.0000	0.0000	0.0000	0.0000	0.0000	0.0000	0.0000	0.0000	0.0000	0.0000	0.0000	0.0000	0.0000	2.0000	0.0000	0.0000	0.0000	0.0000	0.0000	0.0000	0.0000	0.0000	0.0000	0.0000	0.0000	0.0000	0.0000	0.0000	0.0000	0.0000	0.0000	0.0000	0.0000	0.0000	0.0000	0.0000	0.0000	0.0000	0.0000	0.0000	0.0000	0.0000	0.0000	0.0000	0.0000	0.0000	0.0000	0.0000	0.0000	0.0000	0.0000	0.0000	0.0000	0.0000	0.0000	0.0000	0.0000	0.0000	0.0000	0.0000	0.0000	0.0000	0.0000	0.0000	0.0000	0.0000	0.0000	0.0000											
40	47	0.1025	7	2	2	1	0	0	0	0	0	Y	Y	N	N	N	N	N	N	N	N	N	N	0.0000	0.0000	0.0000	0.0000	0.0000	0.0000	0.0000	0.0000	0.0000	0.0000	0.0000	0.0000	0.0000	0.0000	0.0000	0.0000	0.0000	0.0000	0.0000	0.0000	0.0000	0.9991	0.0000	2.0273	0.0000	0.0000	0.0000	0.0000	0.0000	0.0000	0.0000	0.0000	0.0000	0.0000	0.0000	0.0000	0.0000	0.0000	0.0000	0.0000	0.0000	0.0000	0.0000	0.0000	0.0000	0.0000	0.0000	0.0000	0.0000	0.0000	0.0000	0.0000	0.0000	0.0000	0.0000	0.0000	0.0000	0.0000	0.0000	0.0000	0.0000	0.0000	0.0000	0.0000	0.0000	0.0000	0.0000	0.0000	0.0000	0.0000	0.0000	0.0000	0.0000	0.0000	0.0000	0.0000	0.0000	0.0000											
40	48	0.0649	6	2	2	1	0	0	0	0	0	Y	Y	N	N	N	N	N	N	N	N	N	N	0.0000	0.0000	0.0000	0.0000	0.0000	0.0000	0.0000	0.0000	0.0000	0.0000	0.0000	0.0000	0.0000	0.0000	0.0000	0.0000	0.0000	0.0000	0.0000	0.0000	0.0000	3.1828	0.0000	3.1571	0.0000	0.0000	0.0000	0.0000	0.0000	0.0000	0.0000	0.0000	0.0000	0.0000	0.0000	0.0000	0.0000	0.0000	0.0000	0.0000	0.0000	0.0000	0.0000	0.0000	0.0000	0.0000	0.0000	0.0000	0.0000	0.0000	0.0000	0.0000	0.0000	0.0000	0.0000	0.0000	0.0000	0.0000	0.0000	0.0000	0.0000	0.0000	0.0000	0.0000	0.0000	0.0000	0.0000	0.0000	0.0000	0.0000	0.0000	0.0000	0.0000	0.0000	0.0000	0.0000	0.0000	0.0000											
40	49	0.0607	5	1	2	1	0	0	0	0	0	N	Y	N	N	N	N	N	N	N	N	N	N	0.0000	0.0000	0.0000	0.0000	0.0000	0.0000	0.0000	0.0000	0.0000	0.0000	0.0000	0.0000	0.0000	0.0000	0.0000	0.0000	0.0000	0.0000	0.0000	0.0000	0.0000	0.8922	0.0000	1.0748	0.0000	0.0000	0.0000	0.0000	0.0000	0.0000	0.0000	0.0000	0.0000	0.0000	0.0000	0.0000	0.0000	0.0000	0.0000	0.0000	0.0000	0.0000	0.0000	0.0000	0.0000	0.0000	0.0000	0.0000	0.0000	0.0000	0.0000	0.0000	0.0000	0.0000	0.0000	0.0000	0.0000	0.0000	0.0000	0.0000	0.0000	0.0000	0.0000	0.0000	0.0000	0.0000	0.0000	0.0000	0.0000	0.0000	0.0000	0.0000	0.0000	0.0000	0.0000	0.0000	0.0000	0.0000											
40	50	0.0339	4	1	2	1	0	0	0	0	0	N	Y	N	N	N	N	N	N	N	N	N	N	0.0000	0.0000	0.0000	0.0000	0.0000	0.0000	0.0000	0.0000	0.0000	0.0000	0.0000	0.0000	0.0000	0.0000	0.0000	0.0000	0.0000	0.0000	0.0000	0.0000	0.0000	0.0000	0.0000	0.0000	0.0000	0.0000	0.0000	0.0000	0.0000	0.0000	0.0000	0.0000	0.0000	0.0000	0.0000	0.0000	0.0000	0.0000	0.0000	0.0000	0.0000	0.0000	0.0000	0.0000	0.0000	0.0000	0.0000	0.0000	0.0000	0.0000	0.0000	0.0000	0.0000	0.0000	0.0000	0.0000	0.0000	0.0000	0.0000	0.0000	0.0000	0.0000	0.0000	0.0000	0.0000	0.0000	0.0000	0.0000	0.0000	0.0000	0.0000	0.0000	0.0000	0.0000	0.0000	0.0000	0.0000	0.0000											
40	51	0.0339	4	2	2	1	0	0	0	0	0	Y	Y	N	N	N	N	N	N	N	N	N	N	0.0000	0.0000	0.0000	0.0000	0.0000	0.0000	0.0000	0.0000	0.0000	0.0000	0.0000	0.0000	0.0000	0.0000	0.0000	0.0000	0.0000	0.0000	0.0000	0.0000	0.0000	1.0000	0.0000	3.0000	0.0000	0.0000	0.0000	0.0000	0.0000	0.0000	0.0000	0.0000	0.0000	0.0000	0.0000	0.0000	0.0000	0.0000	0.0000	0.0000	0.0000	0.0000	0.0000	0.0000	0.0000	0.0000	0.0000	0.0000	0.0000	0.0000	0.0000	0.0000	0.0000	0.0000	0.0000	0.0000	0.0000	0.0000	0.0000	0.0000	0.0000	0.0000	0.0000	0.0000	0.0000	0.0000	0.0000	0.0000	0.0000	0.0000	0.0000	0.0000	0.0000	0.0000	0.0000	0.0000	0.0000	0.0000											
40	52	0.1610	7	1	1	1	0	0	0	0	0	N	N	N	N	N	N	N	N	N	N	N	N	0.0000	0.0000	0.0000	0.0000	0.0000	0.0000	0.0000	0.0000	0.0000	0.0000	0.0000	0.0000	0.0000	0.0000	0.0000	0.0000	0.0000	0.0000	0.0000	0.0000	0.0000	3.0179	0.0000	1.1627	0.0000	0.0000	0.0000	0.0000	0.0000	0.0000	0.0000	0.0000	0.0000	0.0000	0.0000	0.0000	0.0000	0.0000	0.0000	0.0000	0.0000	0.0000	0.0000	0.0000	0.0000	0.0000	0.0000	0.0000	0.0000	0.0000	0.0000	0.0000	0.0000	0.0000	0.0000	0.0000	0.0000	0.0000	0.0000	0.0000	0.0000	0.0000	0.0000	0.0000	0.0000	0.0000	0.0000	0.0000	0.0000	0.0000	0.0000	0.0000	0.0000	0.0000	0.0000	0.0000	0.0000	0.0000											
40	53	0.0339	4	2	2	2	0	0	0	0	0	Y	Y	Y	N	N	N	N	N	N	N	N	N	0.0000	0.0000	0.0000	0.0000	0.0000	0.0000	0.0000	0.0000	0.0000	0.0000	0.0000	0.0000	0.0000	0.0000	0.0000	0.0000	0.0000	0.0000	0.0000	0.0000	0.0000	4.0000	0.0000	1.0000	0.0000	0.0000	0.0000	0.0000	0.0000	0.0000	0.0000	0.0000	0.0000	0.0000	0.0000	0.0000	0.0000	0.0000	0.0000	0.0000	0.0000	0.0000	0.0000	0.0000	0.0000	0.0000	0.0000	0.0000	0.0000	0.0000	0.0000	0.0000	0.0000	0.0000	0.0000	0.0000	0.0000	0.0000	0.0000	0.0000	0.0000	0.0000	0.0000	0.0000	0.0000	0.0000	0.0000	0.0000	0.0000	0.0000	0.0000	0.0000	0.0000	0.0000	0.0000	0.0000	0.0000	0.0000											
40	54	0.1610	7	1	2	1	0	0	0	0	0	N	Y	N	N	N	N	N	N	N	N	N	N	0.0000	0.0000	0.0000	0.0000	0.0000	0.0000	0.0000	0.0000	0.0000	0.0000	0.0000	0.0000	0.0000	0.0000	0.0000	0.0000	0.0000	0.0000	0.0000	0.0000	0.0000	2.0683	0.0000	6.9961	0.0000	0.0000	0.0000	0.0000	0.0000	0.0000	0.0000	0.0000	0.0000	0.0000	0.0000	0.0000	0.0000	0.0000	0.0000	0.0000	0.0000	0.0000	0.0000	0.0000	0.0000	0.0000	0.0000	0.0000	0.0000	0.0000	0.0000	0.0000	0.0000	0.0000	0.0000	0.0000	0.0000	0.0000	0.0000	0.0000	0.0000	0.0000	0.0000	0.0000	0.0000	0.0000	0.0000	0.0000	0.0000	0.0000	0.0000	0.0000	0.0000	0.0000	0.0000	0.0000	0.0000	0.0000											
40	55	0.1043	6	1	1	1	0	0	0	0	0	N	N	N	N	N	N	N	N	N	N	N	N	0.0000	0.0000	0.0000	0.0000	0.0000	0.0000	0.0000	0.0000	0.0000	0.0000	0.0000	0.0000	0.0000	0.0000	0.0000	0.0000	0.0000	0.0000	0.0000	0.0000	0.0000	3.9265	0.0000	5.0808	0.0000	0.0000	0.0000	0.0000	0.0000	0.0000	0.0000	0.0000	0.0000	0.0000	0.0000	0.0000	0.0000	0.0000	0.0000	0.0000	0.0000	0.0000	0.0000	0.0000	0.0000	0.0000	0.0000	0.0000	0.0000	0.0000	0.0000	0.0000	0.0000	0.0000	0.0000	0.0000	0.0000	0.0000	0.0000	0.0000	0.0000	0.0000	0.0000	0.0000	0.0000	0.0000	0.0000	0.0000	0.0000	0.0000	0.0000	0.0000	0.0000	0.0000	0.0000	0.0000	0.0000	0.0000											
40	56	0.0339	4	2	1	2	0	0	0	0	0	Y	N	Y	N	N	N	N	N	N	N	N	N	0.0000	0.0000	0.0000	0.0000	0.0000	0.0000	0.0000	0.0000	0.0000	0.0000	0.0000	0.0000	0.0000	0.0000	0.0000	0.0000	0.0000	0.0000	0.0000	0.0000	0.0000	4.0000	0.0000	7.0000	0.0000	0.0000	0.0000	0.0000	0.0000	0.0000	0.0000	0.0000	0.0000	0.0000	0.0000	0.0000	0.0000	0.0000	0.0000	0.0000	0.0000	0.0000	0.0000	0.0000	0.0000	0.0000	0.0000	0.0000	0.0000	0.0000	0.0000	0.0000	0.0000	0.0000	0.0000	0.0000	0.0000	0.0000	0.0000	0.0000	0.0000	0.0000	0.0000	0.0000	0.0000	0.0000	0.0000	0.0000	0.0000	0.0000	0.0000	0.0000	0.0000	0.0000	0.0000	0.0000	0.0000	0.0000											
40	57	0.2394	11	1	2	1	0	0	0	0	0	N	Y	N	N	N	N	N	N	N	N	N	N	0.0000	0.0000	0.0000	0.0000	0.0000	0.0000	0.0000	0.0000	0.0000	0.0000	0.0000	0.0000	0.0000	0.0000	0.0000	0.0000	0.0000	0.0000	0.0000	0.0000	0.0000	9.7645	0.0000	7.4558	0.0000	0.0000	0.0000	0.0000	0.0000	0.0000	0.0000	0.0000	0.0000	0.0000	0.0000	0.0000	0.0000	0.0000	0.0000	0.0000	0.0000	0.0000	0.0000	0.0000	0.0000	0.0000	0.0000	0.0000	0.0000	0.0000	0.0000	0.0000	0.0000	0.0000	0.0000	0.0000	0.0000	0.0000	0.0000	0.0000	0.0000	0.0000	0.0000	0.0000	0.0000	0.0000	0.0000	0.0000	0.0000	0.0000	0.0000	0.0000	0.0000	0.0000	0.0000	0.0000	0.0000	0.0000											
40	58	0.2950	12	1	1	2	0	0	0	0	0	N	N	Y	N	N	N	N	N	N	N	N	N	0.0000	0.0000	0.0000	0.0000	0.0000	0.0000	0.0000	0.0000	0.0000	0.0000	0.0000	0.0000	0.0000	0.0000	0.0000	0.0000	0.0000	0.0000	0.0000	0.0000	0.0000	1.0009	0.0000	0.0163	0.0000	0.0000	0.0000	0.0000	0.0000	0.0000	0.0000	0.0000	0.0000	0.0000	0.0000	0.0000	0.0000	0.0000	0.0000	0.0000	0.0000	0.0000	0.0000	0.0000	0.0000	0.0000	0.0000	0.0000	0.0000	0.0000	0.0000	0.0000	0.0000	0.0000	0.0000	0.0000	0.0000	0.0000	0.0000	0.0000	0.0000	0.0000	0.0000	0.0000	0.0000	0.0000	0.0000	0.0000	0.0000	0.0000	0.0000	0.0000	0.0000	0.0000	0.0000	0.0000	0.0000	0.0000											
40	59	0.2796	11	1	1	1	0	0	0	0	0	N	N	N	N	N	N	N	N	N	N	N	N	0.0000	0.0000	0.0000	0.0000	0.0000	0.0000	0.0000	0.0000	0.0000	0.0000	0.0000	0.0000	0.0000	0.0000	0.0000	0.0000	0.0000	0.0000	0.0000	0.0000	0.0000	1.9961	0.0000	0.0521	0.0000	0.0000	0.0000	0.0000	0.0000	0.0000	0.0000	0.0000	0.0000	0.0000	0.0000	0.0000	0.0000	0.0000	0.0000	0.0000	0.0000	0.0000	0.0000	0.0000	0.0000	0.0000	0.0000	0.0000	0.0000	0.0000	0.0000	0.0000	0.0000	0.0000	0.0000	0.0000	0.0000	0.0000	0.0000	0.0000	0.0000	0.0000	0.0000	0.0000	0.0000	0.0000	0.0000	0.0000	0.0000	0.0000	0.0000	0.0000	0.0000	0.0000	0.0000	0.0000	0.0000	0.0000											
40	60	0.2719	10	1	1	1	0	0	0	0	0	N	N	N	N	N	N	N	N	N	N	N	N	0.0000	0.0000	0.0000	0.0000	0.0000	0.0000	0.0000	0.0000	0.0000	0.0000	0.0000	0.0000	0.0000	0.0000	0.0000	0.0000	0.0000	0.0000	0.0000	0.0000	0.0000	0.0081	0.0000	1.0507	0.0000	0.0000	0.0000	0.0000	0.0000	0.0000	0.0000	0.0000	0.0000	0.0000	0.0000	0.0000	0.0000	0.0000	0.0000	0.0000	0.0000	0.0000	0.0000	0.0000	0.0000	0.0000	0.0000	0.0000	0.0000	0.0000	0.0000	0.0000	0.0000	0.0000	0.0000	0.0000	0.0000	0.0000	0.0000	0.0000	0.0000	0.0000	0.0000	0.0000	0.0000	0.0000	0.0000	0.0000	0.0000	0.0000	0.0000	0.0000	0.0000	0.0000	0.0000	0.0000	0.0000	0.0000											
40	61	0.2231	9	1	1	1	0	0	0	0	0	N	N	N	N	N	N	N	N	N	N	N	N	0.0000	0.0000	0.0000	0.0000	0.0000	0.0000	0.0000	0.0000	0.0000	0.0000	0.0000	0.0000	0.0000	0.0000	0.0000	0.0000	0.0000	0.0000	0.0000	0.0000	0.0000	3.0167	0.0000	3.2580	0.0000	0.0000	0.0000	0.0000	0.0000	0.0000	0.0000	0.0000	0.0000	0.0000	0.0000	0.0000	0.0000	0.0000	0.0000	0.0000	0.0000	0.0000	0.0000	0.0000	0.0000	0.0000	0.0000	0.0000	0.0000	0.0000	0.0000	0.0000	0.0000	0.0000	0.0000	0.0000	0.0000	0.0000	0.0000	0.0000	0.0000	0.0000	0.0000	0.0000	0.0000	0.0000	0.0000	0.0000	0.0000	0.0000	0.0000	0.0000	0.0000	0.0000	0.0000	0.0000	0.0000	0.0000											
40	62	0.1483	8	1	2	1	0	0	0	0	0	N	Y	N	N	N	N	N	N	N	N	N	N	0.0000	0.0000	0.0000	0.0000	0.0000	0.0000	0.0000	0.0000	0.0000	0.0000	0.0000	0.0000	0.0000	0.0000	0.0000	0.0000	0.0000	0.0000	0.0000	0.0000	0.0000	3.3327	0.0000	4.3103	0.0000	0.0000	0.0000	0.0000	0.0000	0.0000	0.0000	0.0000	0.0000	0.0000	0.0000	0.0000	0.0000	0.0000	0.0000	0.0000	0.0000	0.0000	0.0000	0.0000	0.0000	0.0000	0.0000	0.0000	0.0000	0.0000	0.0000	0.0000	0.0000	0.0000	0.0000	0.0000	0.0000	0.0000	0.0000	0.0000	0.0000	0.0000	0.0000	0.0000	0.0000	0.0000	0.0000	0.0000	0.0000	0.0000	0.0000	0.0000	0.0000	0.0000	0.0000	0.0000	0.0000	0.0000											
40	63	0.1243	7	1	1	1	0	0	0	0	0	N	N	N	N	N	N	N	N	N	N	N	N	0.0000	0.0000	0.0000	0.0000	0.0000	0.0000	0.0000	0.0000	0.0000	0.0000	0.0000	0.0000	0.0000	0.0000	0.0000	0.0000	0.0000	0.0000	0.0000	0.0000	0.0000	3.2669	0.0000	2.4507	0.0000	0.0000	0.0000	0.0000	0.0000	0.0000	0.0000	0.0000	0.0000	0.0000	0.0000	0.0000	0.0000	0.0000	0.0000	0.0000	0.0000	0.0000	0.0000	0.0000	0.0000	0.0000	0.0000	0.0000	0.0000	0.0000	0.0000	0.0000	0.0000	0.0000	0.0000	0.0000	0.0000	0.0000	0.0000	0.0000	0.0000	0.0000	0.0000	0.0000	0.0000	0.0000	0.0000	0.0000	0.0000	0.0000	0.0000	0.0000	0.0000	0.0000	0.0000	0.0000	0.0000	0.0000											
40	68	0.1819	8	1	2	1	1	0	0	0	0	N	Y	N	N	N	N	N	N	N	N	N	N	0.0000	0.0000	0.0000	0.0000	0.0000	0.0000	0.0000	0.0000	0.0000	0.0000	0.0000	0.0000	0.0000	0.0000	0.0000	0.0000	0.0000	0.0000	0.0000	0.0000	0.0000	2.7513	0.0000	4.0954	0.0000	0.0000	0.0000	0.0000	0.0000	0.0000	0.0000	0.0000	0.0000	0.0000	0.0000	0.0000	0.0000	0.0000	0.0000	0.0000	0.0000	0.0000	0.0000	0.0000	0.0000	0.0000	0.0000	0.0000	0.0000	0.0000	0.0000	0.0000	0.0000	0.0000	0.0000	0.0000	0.0000	0.0000	0.0000	0.0000	0.0000	0.0000	0.0000	0.0000	0.0000	0.0000	0.0000	0.0000	0.0000	0.0000	0.0000	0.0000	0.0000	0.0000	0.0000	0.0000	0.0000	0.0000											
40	69	0.1043	6	1	2	1	0	0	0	0	0	N	Y	N	N	N	N	N	N	N	N	N	N	0.0000	0.0000	0.0000	0.0000	0.0000	0.0000	0.0000	0.0000	0.0000	0.0000	0.0000	0.0000	0.0000	0.0000	0.0000	0.0000	0.0000	0.0000	0.0000	0.0000	0.0000	9.9334	0.0000	8.9999	0.0000	0.0000	0.0000	0.0000	0.0000	0.0000	0.0000	0.0000	0.0000	0.0000	0.0000	0.0000	0.0000	0.0000	0.0000	0.0000	0.0000	0.0000	0.0000	0.0000	0.0000	0.0000	0.0000	0.0000	0.0000	0.0000	0.0000	0.0000	0.0000	0.0000	0.0000	0.0000	0.0000	0.0000	0.0000	0.0000	0.0000	0.0000	0.0000	0.0000	0.0000	0.0000	0.0000	0.0000	0.0000	0.0000	0.0000	0.0000	0.0000	0.0000	0.0000	0.0000	0.0000	0.0000											
40	70	0.1043	6	1	2	1	0	0	0	0	0	N	Y	N	N	N	N	N	N	N	N	N	N	0.0000	0.0000	0.0000	0.0000	0.0000	0.0000	0.0000	0.0000	0.0000	0.0000	0.0000	0.0000	0.0000	0.0000	0.0000	0.0000	0.0000	0.0000	0.0000	0.0000	0.0000	0.0666	0.0000	4.0001	0.0000	0.0000	0.0000	0.0000	0.0000	0.0000	0.0000	0.0000	0.0000	0.0000	0.0000	0.0000	0.0000	0.0000	0.0000	0.0000	0.0000	0.0000	0.0000	0.0000	0.0000	0.0000	0.0000	0.0000	0.0000	0.0000	0.0000	0.0000	0.0000	0.0000	0.0000	0.0000	0.0000	0.0000	0.0000	0.0000	0.0000	0.0000	0.0000	0.0000	0.0000	0.0000	0.0000	0.0000	0.0000	0.0000	0.0000	0.0000	0.0000	0.0000	0.0000	0.0000	0.0000	0.0000											
40	71	0.0339	4	1	2	1	0	0	0	0	0	N	Y	N	N	N	N	N	N	N	N	N	N	0.0000	0.0000	0.0000	0.0000	0.0000	0.0000	0.0000	0.0000	0.0000	0.0000	0.0000	0.0000	0.0000	0.0000	0.0000	0.0000	0.0000	0.0000	0.0000	0.0000	0.0000	2.0000	0.0000	3.0000	0.0000	0.0000	0.0000	0.0000	0.0000	0.0000	0.0000	0.0000	0.0000	0.0000	0.0000	0.0000	0.0000	0.0000	0.0000	0.0000	0.0000	0.0000	0.0000	0.0000	0.0000	0.0000	0.0000	0.0000	0.0000	0.0000	0.0000	0.0000	0.0000	0.0000	0.0000	0.0000	0.0000	0.0000	0.0000	0.0000	0.0000	0.0000	0.0000	0.0000	0.0000	0.0000	0.0000	0.0000	0.0000	0.0000	0.0000	0.0000	0.0000	0.0000	0.0000	0.0000	0.0000	0.0000											
40	74	0.1243	7	1	2	1	0	0	0	0	0	N	Y	N	N	N	N	N	N	N	N	N	N	0.0000	0.0000	0.0000	0.0000	0.0000	0.0000	0.0000	0.0000	0.0000	0.0000	0.0000	0.0000	0.0000	0.0000	0.0000	0.0000	0.0000	0.0000	0.0000	0.0000	0.0000	1.8678	0.0000	4.6278	0.0000	0.0000	0.0000	0.0000	0.0000	0.0000	0.0000	0.0000	0.0000	0.0000	0.0000	0.0000	0.0000	0.0000	0.0000	0.0000	0.0000	0.0000	0.0000	0.0000	0.0000	0.0000	0.0000	0.0000	0.0000	0.0000	0.0000	0.0000	0.0000	0.0000	0.0000	0.0000	0.0000	0.0000	0.0000	0.0000	0.0000	0.0000	0.0000	0.0000	0.0000	0.0000	0.0000	0.0000	0.0000	0.0000	0.0000	0.0000	0.0000	0.0000	0.0000	0.0000	0.0000	0.0000											
40	75	0.1043	6	1	1	1	0	0	0	0	0	N	N	N	N	N	N	N	N	N	N	N	N	0.0000	0.0000	0.0000	0.0000	0.0000	0.0000	0.0000	0.0000	0.0000	0.0000	0.0000	0.0000	0.0000	0.0000	0.0000	0.0000	0.0000	0.0000	0.0000	0.0000	0.0000	4.7010	0.0000	0.6064	0.0000	0.0000	0.0000	0.0000	0.0000	0.0000	0.0000	0.0000	0.0000	0.0000	0.0000	0.0000	0.0000	0.0000	0.0000	0.0000	0.0000	0.0000	0.0000	0.0000	0.0000	0.0000	0.0000	0.0000	0.0000	0.0000	0.0000	0.0000	0.0000	0.0000	0.0000	0.0000	0.0000	0.0000	0.0000	0.0000	0.0000	0.0000	0.0000	0.0000	0.0000	0.0000	0.0000	0.0000	0.0000	0.0000	0.0000	0.0000	0.0000	0.0000	0.0000	0.0000	0.0000	0.0000											
40	78	0.2280	10	2	2	1	1	0	0	0	0	Y	Y	N	N	N	N	N	N	N	N	N	N	0.0000	0.0000	0.0000	0.0000	0.0000	0.0000	0.0000	0.0000	0.0000	0.0000	0.0000	0.0000	0.0000	0.0000	0.0000	0.0000	0.0000	0.0000	0.0000	0.0000	0.0000	1.0000	0.0000	2.0144	0.0000	0.0000	0.0000	0.0000	0.0000	0.0000	0.0000	0.0000	0.0000	0.0000	0.0000	0.0000	0.0000	0.0000	0.0000	0.0000	0.0000	0.0000	0.0000	0.0000	0.0000	0.0000	0.0000	0.0000	0.0000	0.0000	0.0000	0.0000	0.0000	0.0000	0.0000	0.0000	0.0000	0.0000	0.0000	0.0000	0.0000	0.0000	0.0000	0.0000	0.0000	0.0000	0.0000	0.0000	0.0000	0.0000	0.0000	0.0000	0.0000	0.0000	0.0000	0.0000	0.0000	0.0000											
40	79	0.2057	9	2	2	1	1	0	0	0	0	Y	Y	N	N	N	N	N	N	N	N	N	N	0.0000	0.0000	0.0000	0.0000	0.0000	0.0000	0.0000	0.0000	0.0000	0.0000	0.0000	0.0000	0.0000	0.0000	0.0000	0.0000	0.0000	0.0000	0.0000	0.0000	0.0000	0.0001	0.0000	3.0180	0.0000	0.0000	0.0000	0.0000	0.0000	0.0000	0.0000	0.0000	0.0000	0.0000	0.0000	0.0000	0.0000	0.0000	0.0000	0.0000	0.0000	0.0000	0.0000	0.0000	0.0000	0.0000	0.0000	0.0000	0.0000	0.0000	0.0000	0.0000	0.0000	0.0000	0.0000	0.0000	0.0000	0.0000	0.0000	0.0000	0.0000	0.0000	0.0000	0.0000	0.0000	0.0000	0.0000	0.0000	0.0000	0.0000	0.0000	0.0000	0.0000	0.0000	0.0000	0.0000	0.0000	0.0000											
40	80	0.2277	11	1	2	1	1	0	0	0	0	N	Y	N	N	N	N	N	N	N	N	N	N	0.0000	0.0000	0.0000	0.0000	0.0000	0.0000	0.0000	0.0000	0.0000	0.0000	0.0000	0.0000	0.0000	0.0000	0.0000	0.0000	0.0000	0.0000	0.0000	0.0000	0.0000	0.0000	0.0000	0.0000	0.0000	0.0000	0.0000	0.0000	0.0000	0.0000	0.0000	0.0000	0.0000	0.0000	0.0000	0.0000	0.0000	0.0000	0.0000	0.0000	0.0000	0.0000	0.0000	0.0000	0.0000	0.0000	0.0000	0.0000	0.0000	0.0000	0.0000	0.0000	0.0000	0.0000	0.0000	0.0000	0.0000	0.0000	0.0000	0.0000	0.0000	0.0000	0.0000	0.0000	0.0000	0.0000	0.0000	0.0000	0.0000	0.0000	0.0000	0.0000	0.0000	0.0000	0.0000	0.0000	0.0000	0.0000											
40	81	0.2057	9	1	1	2	1	0	0	0	0	N	N	Y	N	N	N	N	N	N	N	N	N	0.0000	0.0000	0.0000	0.0000	0.0000	0.0000	0.0000	0.0000	0.0000	0.0000	0.0000	0.0000	0.0000	0.0000	0.0000	0.0000	0.0000	0.0000	0.0000	0.0000	0.0000	2.0000	0.0000	0.0000	0.0000	0.0000	0.0000	0.0000	0.0000	0.0000	0.0000	0.0000	0.0000	0.0000	0.0000	0.0000	0.0000	0.0000	0.0000	0.0000	0.0000	0.0000	0.0000	0.0000	0.0000	0.0000	0.0000	0.0000	0.0000	0.0000	0.0000	0.0000	0.0000	0.0000	0.0000	0.0000	0.0000	0.0000	0.0000	0.0000	0.0000	0.0000	0.0000	0.0000	0.0000	0.0000	0.0000	0.0000	0.0000	0.0000	0.0000	0.0000	0.0000	0.0000	0.0000	0.0000	0.0000	0.0000											
40	82	0.2057	9	1	1	2	1	0	0	0	0	N	N	Y	N	N	N	N	N	N	N	N	N	0.0000	0.0000	0.0000	0.0000	0.0000	0.0000	0.0000	0.0000	0.0000	0.0000	0.0000	0.0000	0.0000	0.0000	0.0000	0.0000	0.0000	0.0000	0.0000	0.0000	0.0000	0.0000	0.0000	4.0000	0.0000	0.0000	0.0000	0.0000	0.0000	0.0000	0.0000	0.0000	0.0000	0.0000	0.0000	0.0000	0.0000	0.0000	0.0000	0.0000	0.0000	0.0000	0.0000	0.0000	0.0000	0.0000	0.0000	0.0000	0.0000	0.0000	0.0000	0.0000	0.0000	0.0000	0.0000	0.0000	0.0000	0.0000	0.0000	0.0000	0.0000	0.0000	0.0000	0.0000	0.0000	0.0000	0.0000	0.0000	0.0000	0.0000	0.0000	0.0000	0.0000	0.0000	0.0000	0.0000	0.0000	0.0000											
40	83	0.2277	11	1	1	2	1	0	0	0	0	N	N	Y	N	N	N	N	N	N	N	N	N	0.0000	0.0000	0.0000	0.0000	0.0000	0.0000	0.0000	0.0000	0.0000	0.0000	0.0000	0.0000	0.0000	0.0000	0.0000	0.0000	0.0000	0.0000	0.0000	0.0000	0.0000	0.0000	0.0000	2.0000	0.0000	0.0000	0.0000	0.0000	0.0000	0.0000	0.0000	0.0000	0.0000	0.0000	0.0000	0.0000	0.0000	0.0000	0.0000	0.0000	0.0000	0.0000	0.0000	0.0000	0.0000	0.0000	0.0000	0.0000	0.0000	0.0000	0.0000	0.0000	0.0000	0.0000	0.0000	0.0000	0.0000	0.0000	0.0000	0.0000	0.0000	0.0000	0.0000	0.0000	0.0000	0.0000	0.0000	0.0000	0.0000	0.0000	0.0000	0.0000	0.0000	0.0000	0.0000	0.0000	0.0000	0.0000											
40	84	0.2204	10	1	1	1	1	0	0	0	0	N	N	N	N	N	N	N	N	N	N	N	N	0.0000	0.0000	0.0000	0.0000	0.0000	0.0000	0.0000	0.0000	0.0000	0.0000	0.0000	0.0000	0.0000	0.0000	0.0000	0.0000	0.0000	0.0000	0.0000	0.0000	0.0000	1.0000	0.0000	0.0015	0.0000	0.0000	0.0000	0.0000	0.0000	0.0000	0.0000	0.0000	0.0000	0.0000	0.0000	0.0000	0.0000	0.0000	0.0000	0.0000	0.0000	0.0000	0.0000	0.0000	0.0000	0.0000	0.0000	0.0000	0.0000	0.0000	0.0000	0.0000	0.0000	0.0000	0.0000	0.0000	0.0000	0.0000	0.0000	0.0000	0.0000	0.0000	0.0000	0.0000	0.0000	0.0000	0.0000	0.0000	0.0000	0.0000	0.0000	0.0000	0.0000	0.0000	0.0000	0.0000	0.0000	0.0000											
40	85	0.2057	9	1	1	1	1	0	0	0	0	N	N	N	N	N	N	N	N	N	N	N	N	0.0000	0.0000	0.0000	0.0000	0.0000	0.0000	0.0000	0.0000	0.0000	0.0000	0.0000	0.0000	0.0000	0.0000	0.0000	0.0000	0.0000	0.0000	0.0000	0.0000	0.0000	0.0000	0.0000	2.0013	0.0000	0.0000	0.0000	0.0000	0.0000	0.0000	0.0000	0.0000	0.0000	0.0000	0.0000	0.0000	0.0000	0.0000	0.0000	0.0000	0.0000	0.0000	0.0000	0.0000	0.0000	0.0000	0.0000	0.0000	0.0000	0.0000	0.0000	0.0000	0.0000	0.0000	0.0000	0.0000	0.0000	0.0000	0.0000	0.0000	0.0000	0.0000	0.0000	0.0000	0.0000	0.0000	0.0000	0.0000	0.0000	0.0000	0.0000	0.0000	0.0000	0.0000	0.0000	0.0000	0.0000	0.0000											
40	86	0.2456	9	2	2	1	0	0	0	0	0	Y	Y	N	N	N	N	N	N	N	N	N	N	0.0000	0.0000	0.0000	0.0000	0.0000	0.0000	0.0000	0.0000	0.0000	0.0000	0.0000	0.0000	0.0000	0.0000	0.0000	0.0000	0.0000	0.0000	0.0000	0.0000	0.0000	0.0007	0.0000	0.9812	0.0000	0.0000	0.0000	0.0000	0.0000	0.0000	0.0000	0.0000	0.0000	0.0000	0.0000	0.0000	0.0000	0.0000	0.0000	0.0000	0.0000	0.0000	0.0000	0.0000	0.0000	0.0000	0.0000	0.0000	0.0000	0.0000	0.0000	0.0000	0.0000	0.0000	0.0000	0.0000	0.0000	0.0000	0.0000	0.0000	0.0000	0.0000	0.0000	0.0000	0.0000	0.0000	0.0000	0.0000	0.0000	0.0000	0.0000	0.0000	0.0000	0.0000	0.0000	0.0000	0.0000	0.0000											
40	87	0.1898	8	2	2	1	0	0	0	0	0	Y	Y	N	N	N	N	N	N	N	N	N	N	0.0000	0.0000	0.0000	0.0000	0.0000	0.0000	0.0000	0.0000	0.0000	0.0000	0.0000	0.0000	0.0000	0.0000	0.0000	0.0000	0.0000	0.0000	0.0000	0.0000	0.0000	5.0272	0.0000	2.1572	0.0000	0.0000	0.0000	0.0000	0.0000	0.0000	0.0000	0.0000	0.0000	0.0000	0.0000	0.0000	0.0000	0.0000	0.0000	0.0000	0.0000	0.0000	0.0000	0.0000	0.0000	0.0000	0.0000	0.0000	0.0000	0.0000	0.0000	0.0000	0.0000	0.0000	0.0000	0.0000	0.0000	0.0000	0.0000	0.0000	0.0000	0.0000	0.0000	0.0000	0.0000	0.0000	0.0000	0.0000	0.0000	0.0000	0.0000	0.0000	0.0000	0.0000	0.0000	0.0000	0.0000	0.0000											
40	88	0.2430	10	1	2	1	0	0	0	0	0	N	Y	N	N	N	N	N	N	N	N	N	N	0.0000	0.0000	0.0000	0.0000	0.0000	0.0000	0.0000	0.0000	0.0000	0.0000	0.0000	0.0000	0.0000	0.0000	0.0000	0.0000	0.0000	0.0000	0.0000	0.0000	0.0000	0.0000	0.0000	4.0000	0.0000	0.0000	0.0000	0.0000	0.0000	0.0000	0.0000	0.0000	0.0000	0.0000	0.0000	0.0000	0.0000	0.0000	0.0000	0.0000	0.0000	0.0000	0.0000	0.0000	0.0000	0.0000	0.0000	0.0000	0.0000	0.0000	0.0000	0.0000	0.0000	0.0000	0.0000	0.0000	0.0000	0.0000	0.0000	0.0000	0.0000	0.0000	0.0000	0.0000	0.0000	0.0000	0.0000	0.0000	0.0000	0.0000	0.0000	0.0000	0.0000	0.0000	0.0000	0.0000	0.0000	0.0000											
40	89	0.2057	9	1	2	1	0	0	0	0	0	N	Y	N	N	N	N	N	N	N	N	N	N	0.0000	0.0000	0.0000	0.0000	0.0000	0.0000	0.0000	0.0000	0.0000	0.0000	0.0000	0.0000	0.0000	0.0000	0.0000	0.0000	0.0000	0.0000	0.0000	0.0000	0.0000	3.0000	0.0000	2.0000	0.0000	0.0000	0.0000	0.0000	0.0000	0.0000	0.0000	0.0000	0.0000	0.0000	0.0000	0.0000	0.0000	0.0000	0.0000	0.0000	0.0000	0.0000	0.0000	0.0000	0.0000	0.0000	0.0000	0.0000	0.0000	0.0000	0.0000	0.0000	0.0000	0.0000	0.0000	0.0000	0.0000	0.0000	0.0000	0.0000	0.0000	0.0000	0.0000	0.0000	0.0000	0.0000	0.0000	0.0000	0.0000	0.0000	0.0000	0.0000	0.0000	0.0000	0.0000	0.0000	0.0000	0.0000											
40	90	0.2057	9	2	2	1	0	0	0	0	0	Y	Y	N	N	N	N	N	N	N	N	N	N	0.0000	0.0000	0.0000	0.0000	0.0000	0.0000	0.0000	0.0000	0.0000	0.0000	0.0000	0.0000	0.0000	0.0000	0.0000	0.0000	0.0000	0.0000	0.0000	0.0000	0.0000	2.0000	0.0000	3.0000	0.0000	0.0000	0.0000	0.0000	0.0000	0.0000	0.0000	0.0000	0.0000	0.0000	0.0000	0.0000	0.0000	0.0000	0.0000	0.0000	0.0000	0.0000	0.0000	0.0000	0.0000	0.0000	0.0000	0.0000	0.0000	0.0000	0.0000	0.0000	0.0000	0.0000	0.0000	0.0000	0.0000	0.0000	0.0000	0.0000	0.0000	0.0000	0.0000	0.0000	0.0000	0.0000	0.0000	0.0000	0.0000	0.0000	0.0000	0.0000	0.0000	0.0000	0.0000	0.0000	0.0000	0.0000											
40	91	0.1898	8	1	1	1	0	0	0	0	0	N	N	N	N	N	N	N	N	N	N	N	N	0.0000	0.0000	0.0000	0.0000	0.0000	0.0000	0.0000	0.0000	0.0000	0.0000	0.0000	0.0000	0.0000	0.0000	0.0000	0.0000	0.0000	0.0000	0.0000	0.0000	0.0000	2.0705	0.0000	0.0351	0.0000	0.0000	0.0000	0.0000	0.0000	0.0000	0.0000	0.0000	0.0000	0.0000	0.0000	0.0000	0.0000	0.0000	0.0000	0.0000	0.0000	0.0000	0.0000	0.0000	0.0000	0.0000	0.0000	0.0000	0.0000	0.0000	0.0000	0.0000	0.0000	0.0000	0.0000	0.0000	0.0000	0.0000	0.0000	0.0000	0.0000	0.0000	0.0000	0.0000	0.0000	0.0000	0.0000	0.0000	0.0000	0.0000	0.0000	0.0000	0.0000	0.0000	0.0000	0.0000	0.0000	0.0000											
40	92	0.1644	7	1	1	1	0	0	0	0	0	N	N	N	N	N	N	N	N	N	N	N	N	0.0000	0.0000	0.0000	0.0000	0.0000	0.0000	0.0000	0.0000	0.0000	0.0000	0.0000	0.0000	0.0000	0.0000	0.0000	0.0000	0.0000	0.0000	0.0000	0.0000	0.0000	3.4249	0.0000	0.1413	0.0000	0.0000	0.0000	0.0000	0.0000	0.0000	0.0000	0.0000	0.0000	0.0000	0.0000	0.0000	0.0000	0.0000	0.0000	0.0000	0.0000	0.0000	0.0000	0.0000	0.0000	0.0000	0.0000	0.0000	0.0000	0.0000	0.0000	0.0000	0.0000	0.0000	0.0000	0.0000	0.0000	0.0000	0.0000	0.0000	0.0000	0.0000	0.0000	0.0000	0.0000	0.0000	0.0000	0.0000	0.0000	0.0000	0.0000	0.0000	0.0000	0.0000	0.0000	0.0000	0.0000	0.0000											
40	98	0.3012	12	1	1	1	0	0	0	0	0	N	N	N	N	N	N	N	N	N	N	N	N	0.0000	0.0000	0.0000	0.0000	0.0000	0.0000	0.0000	0.0000	0.0000	0.0000	0.0000	0.0000	0.0000	0.0000	0.0000	0.0000	0.0000	0.0000	0.0000	0.0000	0.0000	4.9999	0.0000	9.0821	0.0000	0.0000	0.0000	0.0000	0.0000	0.0000	0.0000	0.0000	0.0000	0.0000	0.0000	0.0000	0.0000	0.0000	0.0000	0.0000	0.0000	0.0000	0.0000	0.0000	0.0000	0.0000	0.0000	0.0000	0.0000	0.0000	0.0000	0.0000	0.0000	0.0000	0.0000	0.0000	0.0000	0.0000	0.0000	0.0000	0.0000	0.0000	0.0000	0.0000	0.0000	0.0000	0.0000	0.0000	0.0000	0.0000	0.0000	0.0000	0.0000	0.0000	0.0000	0.0000	0.0000	0.0000											
41	42	0.2604	8	2	2	1	0	0	0	0	0	Y	Y	N	N	N	N	N	N	N	N	N	N	0.0000	0.0000	0.0000	0.0000	0.0000	0.0000	0.0000	0.0000	0.0000	0.0000	0.0000	0.0000	0.0000	40.8495	0.0000	70.0199	0.0000	0.0000	0.0000	53.3251	0.0000	72.3807	inf	0.0000	0.2362	1.0000	0.0007	1.9999	2.0242	0.0000	0.0000	0.0000	0.0000	0.0000	0.0000	0.0000	0.0000	0.0000	0.9407	0.0000	0.9407	0.0000	0.0000	0.0000	0.9407	0.0000	0.9407	0.0000	0.0000	0.0000	0.0000	0.0000	0.0000	0.0000	0.0000	0.0000	0.0230	0.0096	0.0134	0.0054	0.0049	0.0004	0.0176	0.0046	0.0130	0.0000	0.0000	0.0000	0.0000	0.0000	0.0000	0.0000	0.0000	0.0000	40.8495	0.0000	70.0199	0.0000	0.0000	0.0000	53.3251	0.0000	72.3807						
41	43	0.1635	6	1	2	1	1	0	0	0	0	N	Y	N	N	N	N	N	N	N	N	N	N	0.0000	0.0000	0.0000	0.0000	0.0000	0.0000	0.0000	0.0000	0.0000	0.0000	0.0000	0.0000	0.0000	0.0000	0.0000	0.0000	0.0000	0.0000	0.0000	0.0000	1.0000	0.0000	1.9999	0.0000	0.0000	0.0000	0.0000	0.0000	0.0000	0.0000	0.0000	0.0000	0.0000	0.0000	0.0000	0.0000	0.0000	0.0000	0.0000	0.0000	0.0000	0.0000	0.0000	0.0000	0.0000	0.0000	0.0000	0.0000	0.0000	0.0000	0.0000	0.0000	0.0000	0.0000	0.0000	0.0000	0.0000	0.0000	0.0000	0.0000	0.0000	0.0000	0.0000	0.0000	0.0000	0.0000	0.0000	0.0000	0.0000	0.0000	0.0000	0.0000	0.0000	0.0000	0.0000	0.0000	0.0000	0.0000											
41	44	0.1635	6	1	1	1	1	0	0	0	0	N	N	N	N	N	N	N	N	N	N	N	N	0.0000	0.0000	0.0000	0.0000	0.0000	0.0000	0.0000	0.0000	0.0000	0.0000	0.0000	0.0000	0.0000	0.0000	0.0000	0.0000	0.0000	0.0000	0.0000	0.0000	1.0000	0.0000	1.9999	0.0000	0.0000	0.0000	0.0000	0.0000	0.0000	0.0000	0.0000	0.0000	0.0000	0.0000	0.0000	0.0000	0.0000	0.0000	0.0000	0.0000	0.0000	0.0000	0.0000	0.0000	0.0000	0.0000	0.0000	0.0000	0.0000	0.0000	0.0000	0.0000	0.0000	0.0000	0.0000	0.0000	0.0000	0.0000	0.0000	0.0000	0.0000	0.0000	0.0000	0.0000	0.0000	0.0000	0.0000	0.0000	0.0000	0.0000	0.0000	0.0000	0.0000	0.0000	0.0000	0.0000	0.0000	0.0000											
41	45	0.1191	5	1	1	1	1	0	0	0	0	N	N	N	N	N	N	N	N	N	N	N	N	0.0000	0.0000	0.0000	0.0000	0.0000	0.0000	0.0000	0.0000	0.0000	0.0000	0.0000	0.0000	0.0000	19.5310	0.0000	29.0988	0.0000	0.0000	0.0000	22.8520	0.0000	31.3840	inf	0.0000	0.2510	1.0000	3.0666	1.9999	3.9999	0.0000	0.0000	0.0000	0.0000	0.0000	0.0000	0.0000	0.0000	0.0000	0.9999	0.0000	0.9999	0.0000	0.0000	0.0000	0.9999	0.0000	0.9999	0.0674	0.0597	0.0077	0.0155	0.0147	0.0008	0.0519	0.0450	0.0069	0.0512	0.0168	0.0344	0.0074	0.0049	0.0025	0.0438	0.0119	0.0319	0.0000	0.0000	0.0000	0.0000	0.0000	0.0000	0.0000	0.0000	0.0000	19.5310	0.0000	29.0988	0.0000	0.0000	0.0000	22.8520	0.0000	31.3840						
41	46	0.0486	3	2	1	2	0	0	0	0	0	Y	N	Y	N	N	N	N	N	N	N	N	N	0.0000	0.0000	0.0000	0.0000	0.0000	0.0000	0.0000	0.0000	0.0000	0.0000	0.0000	0.0000	0.0000	60.6805	0.0000	79.4096	0.0000	0.0000	0.0000	60.7399	0.0000	79.4096	inf	0.0000	0.2510	1.0000	0.0000	1.9999	2.0000	0.0000	0.0000	0.0000	0.0000	0.0000	0.0000	0.0000	0.0000	0.0000	0.9999	0.0000	0.9999	0.0000	0.0000	0.0000	0.9999	0.0000	0.9999	0.0000	0.0000	0.0000	0.0000	0.0000	0.0000	0.0000	0.0000	0.0000	0.0165	0.0039	0.0126	0.0000	0.0000	0.0000	0.0165	0.0039	0.0126	0.0000	0.0000	0.0000	0.0000	0.0000	0.0000	0.0000	0.0000	0.0000	60.6805	0.0000	79.4096	0.0000	0.0000	0.0000	60.7399	0.0000	79.4096						
41	47	0.1172	6	2	2	1	0	0	0	0	0	Y	Y	N	N	N	N	N	N	N	N	N	N	0.0000	0.0000	0.0000	0.0000	0.0000	0.0000	0.0000	0.0000	0.0000	0.0000	0.0000	0.0000	0.0000	0.0000	0.0000	0.0000	0.3763	0.0035	0.6174	0.0104	0.0107	0.0000	0.4315	0.0000	0.6210	275.6391	0.0000	0.0021	1.0000	0.9991	1.9999	2.0273	0.0000	0.0000	0.0000	0.0000	0.0000	0.0000	0.0000	0.0000	0.0000	0.0083	0.0000	0.0083	0.0000	0.0000	0.0000	0.0083	0.0000	0.0083	0.0213	0.0187	0.0026	0.0039	0.0036	0.0003	0.0174	0.0151	0.0023	0.0221	0.0087	0.0134	0.0029	0.0028	0.0001	0.0192	0.0058	0.0133	0.0000	0.0000	0.0000	0.0000	0.0000	0.0000	0.0000	0.0000	0.0000	0.3763	0.0035	0.6174	0.0104	0.0107	0.0000	0.4315	0.0000	0.6210			
41	48	0.0796	5	2	2	1	0	0	0	0	0	Y	Y	N	N	N	N	N	N	N	N	N	N	0.0000	0.0157	0.0000	0.0157	0.0163	0.0000	0.0000	0.0006	0.0007	0.0000	0.0021	0.0022	0.0000	0.0000	0.0000	0.0000	17.1191	0.0443	24.9560	0.1320	0.1321	0.0000	19.1229	0.0000	24.9607	0.0000	1228.5638	-0.0000	0.2421	1.0000	3.1828	1.9999	3.1571	0.0001	0.0001	0.0000	0.0001	0.0001	0.0000	0.0000	0.0000	0.0000	0.9676	0.0008	0.9668	0.0008	0.0008	0.0000	0.9668	0.0000	0.9668	0.0956	0.0866	0.0091	0.0290	0.0279	0.0011	0.0667	0.0587	0.0080	0.0565	0.0178	0.0387	0.0060	0.0060	0.0000	0.0506	0.0118	0.0387	0.0000	0.0157	0.0000	0.0157	0.0163	0.0000	0.0000	0.0000	0.0000	17.1191	0.0443	24.9560	0.1320	0.1321	0.0000	19.1229	0.0000	24.9607		
41	49	0.0754	4	1	2	1	0	0	0	0	0	N	Y	N	N	N	N	N	N	N	N	N	N	0.0011	0.0014	0.0023	0.0000	0.0000	0.0021	0.0085	0.0027	0.0013	0.0011	0.0032	0.0000	0.0000	0.0000	0.0023	0.0022	0.0038	1.1811	0.8245	1.3941	1.3150	1.3152	0.0000	1.1403	0.2552	1.3942	0.2000	2.8309	-0.0000	-0.0003	1.0000	0.8922	1.9999	1.0748	0.0001	0.0000	0.0000	0.0000	0.0000	0.0000	0.0001	0.0000	0.0000	0.0343	0.0090	0.0254	0.0089	0.0089	0.0000	0.0254	0.0000	0.0254	0.0471	0.0439	0.0032	0.0214	0.0209	0.0005	0.0256	0.0230	0.0026	0.0290	0.0109	0.0182	0.0068	0.0068	0.0000	0.0223	0.0041	0.0182	0.0011	0.0014	0.0023	0.0000	0.0000	0.0000	0.0021	0.2950	0.0027	1.1811	0.8245	1.3941	1.3150	1.3152	0.0000	1.1403	0.0074	1.3942	
41	50	0.0486	3	1	2	1	0	0	0	0	0	N	Y	N	N	N	N	N	N	N	N	N	N	0.0000	0.0000	0.0000	0.0000	0.0000	0.0000	0.0000	0.0000	0.0000	0.0000	0.0000	0.0000	0.0000	0.0000	0.0000	0.0000	0.0000	0.0000	0.0000	0.0000	1.0000	0.0000	1.9999	0.0000	0.0000	0.0000	0.0000	0.0000	0.0000	0.0000	0.0000	0.0000	0.0000	0.0000	0.0000	0.0000	0.0000	0.0000	0.0000	0.0000	0.0000	0.0000	0.0000	0.0000	0.0000	0.0000	0.0000	0.0000	0.0000	0.0000	0.0000	0.0000	0.0000	0.0000	0.0000	0.0000	0.0000	0.0000	0.0000	0.0000	0.0000	0.0000	0.0000	0.0000	0.0000	0.0000	0.0000	0.0000	0.0000	0.0000	0.0000	0.0000	0.0000	0.0000	0.0000	0.0000	0.0000	0.0000											
41	51	0.0486	3	2	2	1	0	0	0	0	0	Y	Y	N	N	N	N	N	N	N	N	N	N	0.0000	0.0000	0.0000	0.0000	0.0000	0.0000	0.0000	0.0000	0.0000	0.0000	0.0000	0.0000	0.0000	0.0000	0.0000	0.0000	0.0000	0.0000	0.0000	0.0000	1.0000	1.0000	1.9999	3.0000	0.0000	0.0000	0.0000	0.0000	0.0000	0.0000	0.0000	0.0000	0.0000	0.0000	0.0000	0.0000	0.0000	0.0000	0.0000	0.0000	0.0000	0.0000	0.0184	0.0159	0.0026	0.0024	0.0023	0.0002	0.0160	0.0136	0.0024	0.0317	0.0076	0.0242	0.0000	0.0000	0.0000	0.0317	0.0075	0.0242	0.0000	0.0000	0.0000	0.0000	0.0000	0.0000	0.0000	0.0000	0.0000	0.0000	0.0000	0.0000	0.0000	0.0000	0.0000	0.0000	0.0000	0.0000											
41	52	0.1757	6	1	1	1	0	0	0	0	0	N	N	N	N	N	N	N	N	N	N	N	N	0.0041	0.0018	0.0017	0.0017	0.0002	0.0002	0.0000	0.0005	0.0005	0.0000	0.0000	0.0000	0.0000	0.0396	0.1028	0.0000	0.2691	0.2842	0.0000	0.0000	0.0000	0.0000	0.0000	0.0000	-0.0000	-0.0012	1.0000	3.0179	1.9999	1.1627	0.0000	0.0000	0.0000	0.0000	0.0000	0.0000	0.0000	0.0000	0.0000	0.0016	0.0016	0.0000	0.0016	0.0016	0.0000	0.0000	0.0000	0.0000	0.0611	0.0543	0.0068	0.0214	0.0203	0.0011	0.0397	0.0340	0.0056	0.0397	0.0153	0.0244	0.0058	0.0055	0.0003	0.0339	0.0097	0.0241	0.0041	0.0018	0.0000	0.0017	0.0017	0.0000	0.0000	0.0000	0.0000	0.0396	0.1028	0.0000	0.2691	0.2842	0.0000	0.0000	0.0000	0.0000					
41	53	0.0486	3	2	2	2	0	0	0	0	0	Y	Y	Y	N	N	N	N	N	N	N	N	N	0.0000	0.0000	0.0000	0.0000	0.0000	0.0000	0.0000	0.0000	0.0000	0.0000	0.0000	0.0000	0.0000	0.0000	0.0000	0.0000	0.0000	0.0000	0.0000	0.0000	1.0000	4.0000	1.9999	1.0000	0.0000	0.0000	0.0000	0.0000	0.0000	0.0000	0.0000	0.0000	0.0000	0.0000	0.0000	0.0000	0.0000	0.0000	0.0000	0.0000	0.0000	0.0000	0.0707	0.0611	0.0096	0.0092	0.0086	0.0006	0.0615	0.0524	0.0090	0.0389	0.0093	0.0296	0.0000	0.0000	0.0000	0.0389	0.0093	0.0296	0.0000	0.0000	0.0000	0.0000	0.0000	0.0000	0.0000	0.0000	0.0000	0.0000	0.0000	0.0000	0.0000	0.0000	0.0000	0.0000	0.0000	0.0000											
41	54	0.1757	6	1	2	1	0	0	0	0	0	N	Y	N	N	N	N	N	N	N	N	N	N	0.0100	0.0036	0.0024	0.0023	0.0002	0.0003	0.0000	0.0006	0.0007	0.0000	0.0000	0.0000	0.0000	0.0231	0.0720	0.0000	0.2581	0.2864	0.0000	0.0000	0.0000	0.0000	0.0000	0.0000	-0.0000	-0.0012	1.0000	2.0683	1.9999	6.9961	0.0000	0.0000	0.0000	0.0000	0.0000	0.0000	0.0000	0.0000	0.0000	0.0016	0.0016	0.0000	0.0016	0.0016	0.0000	0.0000	0.0000	0.0000	0.0435	0.0387	0.0048	0.0159	0.0151	0.0009	0.0276	0.0236	0.0040	0.0680	0.0218	0.0462	0.0061	0.0055	0.0006	0.0619	0.0163	0.0456	0.0100	0.0036	0.0000	0.0024	0.0023	0.0000	0.0000	0.0000	0.0000	0.0231	0.0720	0.0000	0.2581	0.2864	0.0000	0.0000	0.0000	0.0000					
41	55	0.1191	5	1	1	1	0	0	0	0	0	N	N	N	N	N	N	N	N	N	N	N	N	0.0048	0.1399	0.0000	0.0052	0.0030	0.0000	0.0001	0.0001	0.0000	0.0000	0.0000	0.0000	0.0002	0.0002	0.0000	0.0250	0.0010	0.0368	0.0000	0.0000	0.0000	0.0292	0.0587	0.0397	0.0000	77.4946	-0.0000	0.0004	1.0000	3.9265	1.9999	5.0808	0.0000	0.0000	0.0000	0.0000	0.0000	0.0000	0.0000	0.0000	0.0000	0.0016	0.0000	0.0015	0.0000	0.0000	0.0000	0.0016	0.0000	0.0015	0.0836	0.0740	0.0096	0.0182	0.0172	0.0010	0.0654	0.0568	0.0086	0.0628	0.0207	0.0421	0.0091	0.0060	0.0031	0.0537	0.0147	0.0391	0.0048	0.1399	0.0000	0.0000	0.0000	0.0000	0.0052	0.1294	0.0000	0.0250	0.0010	0.0368	0.0000	0.0000	0.0000	0.0292	0.0014	0.0397			
41	56	0.0486	3	2	1	2	0	0	0	0	0	Y	N	Y	N	N	N	N	N	N	N	N	N	0.0000	0.0000	0.0000	0.0000	0.0000	0.0000	0.0000	0.0000	0.0000	0.0000	0.0000	0.0000	0.0000	0.0000	0.0000	0.0000	0.0000	0.0000	0.0000	0.0000	1.0000	4.0000	1.9999	7.0000	0.0000	0.0000	0.0000	0.0000	0.0000	0.0000	0.0000	0.0000	0.0000	0.0000	0.0000	0.0000	0.0000	0.0000	0.0000	0.0000	0.0000	0.0000	0.0707	0.0611	0.0096	0.0092	0.0086	0.0006	0.0615	0.0524	0.0090	0.0768	0.0189	0.0579	0.0001	0.0001	0.0000	0.0767	0.0188	0.0579	0.0000	0.0000	0.0000	0.0000	0.0000	0.0000	0.0000	0.0000	0.0000	0.0000	0.0000	0.0000	0.0000	0.0000	0.0000	0.0000	0.0000	0.0000											
41	57	0.2542	10	1	2	1	0	0	0	0	0	N	Y	N	N	N	N	N	N	N	N	N	N	0.0008	inf	0.0000	inf	inf	0.0001	inf	0.0000	0.0005	0.0006	0.0000	0.0014	0.0014	0.0000	0.0001	0.0001	0.0000	0.7311	0.0000	1.2932	0.0000	0.0000	0.0000	0.8981	0.0000	1.3131	0.0000	inf	-0.0000	0.0176	1.0000	9.7645	1.9999	7.4558	0.0001	0.0001	0.0000	0.0001	0.0001	0.0000	0.0000	0.0000	0.0000	0.0702	0.0000	0.0702	0.0000	0.0000	0.0000	0.0702	0.0000	0.0702	0.2186	0.1973	0.0213	0.0805	0.0764	0.0041	0.1381	0.1209	0.0172	0.0960	0.0417	0.0543	0.0178	0.0170	0.0008	0.0781	0.0247	0.0534	0.0008	inf	0.0000	inf	inf	0.0000	0.0001	inf	0.0000	0.7311	0.0000	1.2932	0.0000	0.0000	0.0000	0.8981	0.0000	1.3131	
41	58	0.3098	11	1	1	2	0	0	0	0	0	N	N	Y	N	N	N	N	N	N	N	N	N	0.0000	0.0000	0.0000	0.0000	0.0000	0.0000	0.0000	0.0000	0.0000	0.0000	0.0000	0.0000	0.0000	0.0000	0.0000	0.0000	0.0053	0.0039	0.0064	0.0092	0.0097	0.0000	0.0043	0.0000	0.0065	1.9998	0.0000	-0.0000	1.0000	1.0009	1.9999	0.0163	0.0000	0.0000	0.0000	0.0000	0.0000	0.0000	0.0000	0.0000	0.0000	0.0000	0.0000	0.0000	0.0000	0.0000	0.0000	0.0000	0.0000	0.0000	0.0287	0.0258	0.0028	0.0147	0.0137	0.0010	0.0139	0.0121	0.0019	0.0057	0.0026	0.0031	0.0011	0.0010	0.0001	0.0046	0.0015	0.0031	0.0000	0.0000	0.0000	0.0000	0.0000	0.0000	0.0000	0.0000	0.0000	0.0053	0.0039	0.0064	0.0092	0.0097	0.0000	0.0043	0.0000	0.0065			
41	59	0.2944	10	1	1	1	0	0	0	0	0	N	N	N	N	N	N	N	N	N	N	N	N	0.0000	0.0000	0.0000	0.0000	0.0000	0.0000	0.0000	0.0000	0.0000	0.0000	0.0000	0.0000	0.0000	0.0000	0.0000	0.0000	0.0096	0.0060	0.0123	0.0142	0.0149	0.0000	0.0085	0.0000	0.0125	2.6667	0.0000	-0.0000	1.0000	1.9961	1.9999	0.0521	0.0000	0.0000	0.0000	0.0000	0.0000	0.0000	0.0000	0.0000	0.0000	0.0001	0.0000	0.0001	0.0000	0.0000	0.0000	0.0001	0.0000	0.0001	0.0541	0.0487	0.0055	0.0255	0.0238	0.0017	0.0287	0.0249	0.0038	0.0115	0.0050	0.0065	0.0021	0.0020	0.0001	0.0094	0.0030	0.0064	0.0000	0.0000	0.0000	0.0000	0.0000	0.0000	0.0000	0.0000	0.0000	0.0096	0.0060	0.0123	0.0142	0.0149	0.0000	0.0085	0.0000	0.0125			
41	60	0.2866	9	1	1	1	0	0	0	0	0	N	N	N	N	N	N	N	N	N	N	N	N	0.0000	0.0000	0.0000	0.0000	0.0000	0.0000	0.0000	0.0000	0.0000	0.0000	0.0000	0.0000	0.0000	0.0000	0.0000	0.0000	0.0822	0.0330	0.1207	0.0760	0.0793	0.0000	0.0837	0.0000	0.1224	4.6678	0.0000	0.0000	1.0000	0.0081	1.9999	1.0507	0.0000	0.0000	0.0000	0.0000	0.0000	0.0000	0.0000	0.0000	0.0000	0.0005	0.0001	0.0004	0.0001	0.0001	0.0000	0.0004	0.0000	0.0004	0.0003	0.0003	0.0000	0.0002	0.0002	0.0000	0.0002	0.0002	0.0000	0.0062	0.0027	0.0035	0.0012	0.0011	0.0000	0.0050	0.0016	0.0034	0.0000	0.0000	0.0000	0.0000	0.0000	0.0000	0.0000	0.0000	0.0000	0.0822	0.0330	0.1207	0.0760	0.0793	0.0000	0.0837	0.0000	0.1224			
41	61	0.2379	8	1	1	1	0	0	0	0	0	N	N	N	N	N	N	N	N	N	N	N	N	0.0000	0.0000	0.0000	0.0000	0.0000	0.0000	0.0000	0.0000	0.0000	0.0000	0.0000	0.0000	0.0000	0.0000	0.0000	0.0000	1.7397	0.0323	3.0028	0.0633	0.0649	0.0000	2.2038	0.0000	3.0311	125.7788	0.0000	0.0217	1.0000	3.0167	1.9999	3.2580	0.0000	0.0000	0.0000	0.0000	0.0000	0.0000	0.0000	0.0000	0.0000	0.0892	0.0007	0.0885	0.0007	0.0007	0.0000	0.0885	0.0000	0.0885	0.0778	0.0701	0.0077	0.0300	0.0285	0.0015	0.0478	0.0416	0.0063	0.0513	0.0218	0.0295	0.0111	0.0108	0.0003	0.0402	0.0110	0.0292	0.0000	0.0000	0.0000	0.0000	0.0000	0.0000	0.0000	0.0000	0.0000	1.7397	0.0323	3.0028	0.0633	0.0649	0.0000	2.2038	0.0000	3.0311			
41	62	0.1631	7	1	2	1	0	0	0	0	0	N	Y	N	N	N	N	N	N	N	N	N	N	0.0000	0.0000	0.0000	0.0000	0.0000	0.0000	0.0000	0.0000	0.0000	0.0000	0.0000	0.0000	0.0000	16.5170	0.0000	27.6639	0.0000	0.0000	0.0000	22.5761	0.0000	30.0868	inf	0.0000	0.2413	1.0000	3.3327	1.9999	4.3103	0.0000	0.0000	0.0000	0.0000	0.0000	0.0000	0.0000	0.0000	0.0000	0.9612	0.0000	0.9612	0.0000	0.0000	0.0000	0.9612	0.0000	0.9612	0.1139	0.1028	0.0111	0.0587	0.0553	0.0034	0.0552	0.0476	0.0076	0.0582	0.0234	0.0347	0.0156	0.0128	0.0028	0.0426	0.0106	0.0319	0.0000	0.0000	0.0000	0.0000	0.0000	0.0000	0.0000	0.0000	0.0000	16.5170	0.0000	27.6639	0.0000	0.0000	0.0000	22.5761	0.0000	30.0868						
41	63	0.1391	6	1	1	1	0	0	0	0	0	N	N	N	N	N	N	N	N	N	N	N	N	0.0000	0.0000	0.0000	0.0000	0.0000	0.0000	0.0000	0.0000	0.0000	0.0000	0.0000	0.0000	0.0000	0.0000	0.0000	0.0000	0.9147	0.0121	1.4963	0.0200	0.0254	0.0000	1.1940	0.0000	1.6341	191.7179	0.0000	0.0096	1.0000	3.2669	1.9999	2.4507	0.0000	0.0000	0.0000	0.0000	0.0000	0.0000	0.0000	0.0000	0.0000	0.0389	0.0002	0.0387	0.0002	0.0002	0.0000	0.0387	0.0000	0.0387	0.1183	0.1075	0.0107	0.0601	0.0571	0.0030	0.0581	0.0504	0.0077	0.0425	0.0167	0.0259	0.0101	0.0079	0.0022	0.0324	0.0087	0.0237	0.0000	0.0000	0.0000	0.0000	0.0000	0.0000	0.0000	0.0000	0.0000	0.9147	0.0121	1.4963	0.0200	0.0254	0.0000	1.1940	0.0000	1.6341			
41	64	0.0148	2	2	1	2	0	0	0	0	0	Y	N	Y	N	N	N	N	N	N	N	N	N	0.0000	0.0000	0.0000	0.0000	0.0000	0.0000	0.0000	0.0000	0.0000	0.0000	0.0000	0.0000	0.0000	0.0000	0.0000	0.0000	0.0000	0.0000	0.0000	0.0000	1.0000	0.0000	1.9999	1.0000	0.0000	0.0000	0.0000	0.0000	0.0000	0.0000	0.0000	0.0000	0.0000	0.0000	0.0000	0.0000	0.0000	0.0000	0.0000	0.0000	0.0000	0.0000	0.0000	0.0000	0.0000	0.0000	0.0000	0.0000	0.0000	0.0000	0.0000	0.0094	0.0023	0.0071	0.0000	0.0000	0.0000	0.0094	0.0023	0.0071	0.0000	0.0000	0.0000	0.0000	0.0000	0.0000	0.0000	0.0000	0.0000	0.0000	0.0000	0.0000	0.0000	0.0000	0.0000	0.0000	0.0000	0.0000											
41	68	0.1966	7	1	2	1	1	0	0	0	0	N	Y	N	N	N	N	N	N	N	N	N	N	0.0000	0.0000	0.0000	0.0000	0.0000	0.0000	0.0000	0.0000	0.0000	0.0000	0.0000	0.0000	0.0000	0.8716	2.4573	0.0000	8.2736	8.4067	0.0000	0.0000	0.0000	0.0000	0.0000	0.0000	-0.0341	1.0000	2.7513	1.9999	4.0954	0.0000	0.0000	0.0000	0.0000	0.0000	0.0000	0.0000	0.0000	0.0000	0.0455	0.0455	0.0000	0.0455	0.0455	0.0000	0.0000	0.0000	0.0000	0.0752	0.0679	0.0073	0.0320	0.0303	0.0017	0.0432	0.0376	0.0057	0.0522	0.0185	0.0337	0.0055	0.0054	0.0001	0.0467	0.0131	0.0336	0.0000	0.0000	0.0000	0.0000	0.0000	0.0000	0.0000	0.0000	0.0000	0.8716	2.4573	0.0000	8.2736	8.4067	0.0000	0.0000	0.0000	0.0000						
41	69	0.1191	5	1	2	1	0	0	0	0	0	N	Y	N	N	N	N	N	N	N	N	N	N	0.0000	0.0000	0.0000	0.0000	0.0000	0.0000	0.0000	0.0000	0.0000	0.0000	0.0000	0.0000	0.0000	9.0729	0.0000	13.5885	0.0000	0.0000	0.0000	10.5435	0.0000	14.6739	inf	0.0000	0.2510	1.0000	9.9334	1.9999	8.9999	0.0000	0.0000	0.0000	0.0000	0.0000	0.0000	0.0000	0.0000	0.0000	0.9999	0.0000	0.9999	0.0000	0.0000	0.0000	0.9999	0.0000	0.9999	0.1841	0.1629	0.0211	0.0348	0.0327	0.0022	0.1492	0.1303	0.0190	0.1102	0.0366	0.0736	0.0154	0.0099	0.0054	0.0948	0.0267	0.0681	0.0000	0.0000	0.0000	0.0000	0.0000	0.0000	0.0000	0.0000	0.0000	9.0729	0.0000	13.5885	0.0000	0.0000	0.0000	10.5435	0.0000	14.6739						
41	70	0.1191	5	1	2	1	0	0	0	0	0	N	Y	N	N	N	N	N	N	N	N	N	N	0.0000	0.0000	0.0000	0.0000	0.0000	0.0000	0.0000	0.0000	0.0000	0.0000	0.0000	0.0000	0.0000	31.9451	0.0000	47.5255	0.0000	0.0000	0.0000	37.4283	0.0000	51.2246	inf	0.0000	0.2510	1.0000	0.0666	1.9999	4.0001	0.0000	0.0000	0.0000	0.0000	0.0000	0.0000	0.0000	0.0000	0.0000	0.9999	0.0000	0.9999	0.0000	0.0000	0.0000	0.9999	0.0000	0.9999	0.0067	0.0065	0.0002	0.0055	0.0055	0.0001	0.0012	0.0010	0.0002	0.0313	0.0103	0.0210	0.0046	0.0031	0.0015	0.0267	0.0072	0.0195	0.0000	0.0000	0.0000	0.0000	0.0000	0.0000	0.0000	0.0000	0.0000	31.9451	0.0000	47.5255	0.0000	0.0000	0.0000	37.4283	0.0000	51.2246						
41	71	0.0486	3	1	2	1	0	0	0	0	0	N	Y	N	N	N	N	N	N	N	N	N	N	0.0000	0.0000	0.0000	0.0000	0.0000	0.0000	0.0000	0.0000	0.0000	0.0000	0.0000	0.0000	0.0000	25.6783	0.0000	33.7572	0.0000	0.0000	0.0000	25.7044	0.0000	33.7572	inf	0.0000	0.2510	1.0000	2.0000	1.9999	3.0000	0.0000	0.0000	0.0000	0.0000	0.0000	0.0000	0.0000	0.0000	0.0000	0.9999	0.0000	0.9999	0.0000	0.0000	0.0000	0.9999	0.0000	0.9999	0.0363	0.0313	0.0050	0.0047	0.0045	0.0003	0.0316	0.0269	0.0047	0.0389	0.0093	0.0296	0.0000	0.0000	0.0000	0.0389	0.0093	0.0296	0.0000	0.0000	0.0000	0.0000	0.0000	0.0000	0.0000	0.0000	0.0000	25.6783	0.0000	33.7572	0.0000	0.0000	0.0000	25.7044	0.0000	33.7572						
41	74	0.1391	6	1	2	1	0	0	0	0	0	N	Y	N	N	N	N	N	N	N	N	N	N	0.0000	0.0000	0.0000	0.0000	0.0000	0.0000	0.0000	0.0000	0.0000	0.0000	0.0000	0.0000	0.0000	0.0045	0.0116	0.0000	0.0194	0.0250	0.0000	0.0000	0.0000	0.0000	0.0000	0.0000	-0.0002	1.0000	1.8678	1.9999	4.6278	0.0000	0.0000	0.0000	0.0000	0.0000	0.0000	0.0000	0.0000	0.0000	0.0002	0.0002	0.0000	0.0002	0.0002	0.0000	0.0000	0.0000	0.0000	0.0919	0.0843	0.0076	0.0546	0.0520	0.0026	0.0373	0.0323	0.0050	0.0467	0.0181	0.0286	0.0108	0.0084	0.0024	0.0358	0.0097	0.0262	0.0000	0.0000	0.0000	0.0000	0.0000	0.0000	0.0000	0.0000	0.0000	0.0045	0.0116	0.0000	0.0194	0.0250	0.0000	0.0000	0.0000	0.0000						
41	75	0.1191	5	1	1	1	0	0	0	0	0	N	N	N	N	N	N	N	N	N	N	N	N	0.0000	0.0000	0.0000	0.0000	0.0000	0.0000	0.0000	0.0000	0.0000	0.0000	0.0000	0.0000	0.0000	0.0118	0.0000	0.0176	0.0000	0.0000	0.0000	0.0138	0.0000	0.0189	inf	0.0000	0.0001	1.0000	4.7010	1.9999	0.6064	0.0000	0.0000	0.0000	0.0000	0.0000	0.0000	0.0000	0.0000	0.0000	0.0005	0.0000	0.0005	0.0000	0.0000	0.0000	0.0005	0.0000	0.0005	0.0977	0.0865	0.0113	0.0205	0.0194	0.0012	0.0772	0.0671	0.0101	0.0398	0.0131	0.0268	0.0058	0.0039	0.0019	0.0340	0.0092	0.0248	0.0000	0.0000	0.0000	0.0000	0.0000	0.0000	0.0000	0.0000	0.0000	0.0118	0.0000	0.0176	0.0000	0.0000	0.0000	0.0138	0.0000	0.0189						
41	78	0.2427	9	2	2	1	1	0	0	0	0	Y	Y	N	N	N	N	N	N	N	N	N	N	0.0000	0.0000	0.0000	0.0000	0.0000	0.0000	0.0000	0.0000	0.0000	0.0000	0.0000	0.0000	0.0000	0.0028	0.0093	0.0000	0.0366	0.0588	0.0000	0.0000	0.0000	0.0000	0.0000	0.0000	-0.0000	1.0000	1.0000	1.9999	2.0144	0.0000	0.0000	0.0000	0.0000	0.0000	0.0000	0.0000	0.0000	0.0000	0.0001	0.0001	0.0000	0.0001	0.0001	0.0000	0.0000	0.0000	0.0000	0.0232	0.0207	0.0026	0.0070	0.0066	0.0004	0.0163	0.0141	0.0022	0.0217	0.0065	0.0152	0.0016	0.0010	0.0006	0.0200	0.0054	0.0146	0.0000	0.0000	0.0000	0.0000	0.0000	0.0000	0.0000	0.0000	0.0000	0.0028	0.0093	0.0000	0.0366	0.0588	0.0000	0.0000	0.0000	0.0000						
41	79	0.2205	8	2	2	1	1	0	0	0	0	Y	Y	N	N	N	N	N	N	N	N	N	N	0.0000	0.0000	0.0000	0.0000	0.0000	0.0000	0.0000	0.0000	0.0000	0.0000	0.0000	0.0000	0.0000	0.0028	0.0000	0.0039	0.0000	0.0000	0.0000	0.0030	0.0000	0.0041	inf	0.0000	0.0000	1.0000	0.0001	1.9999	3.0180	0.0000	0.0000	0.0000	0.0000	0.0000	0.0000	0.0000	0.0000	0.0000	0.0001	0.0000	0.0001	0.0000	0.0000	0.0000	0.0001	0.0000	0.0001	0.0000	0.0000	0.0000	0.0000	0.0000	0.0000	0.0000	0.0000	0.0000	0.0215	0.0063	0.0152	0.0015	0.0009	0.0006	0.0201	0.0055	0.0146	0.0000	0.0000	0.0000	0.0000	0.0000	0.0000	0.0000	0.0000	0.0000	0.0028	0.0000	0.0039	0.0000	0.0000	0.0000	0.0030	0.0000	0.0041						
41	80	0.2425	10	1	2	1	1	0	0	0	0	N	Y	N	N	N	N	N	N	N	N	N	N	0.0000	0.0000	0.0000	0.0000	0.0000	0.0000	0.0000	0.0000	0.0000	0.0000	0.0000	0.0000	0.0000	0.0000	0.0000	0.0000	0.0000	0.0000	0.0000	0.0000	1.0000	0.0000	1.9999	0.0000	0.0000	0.0000	0.0000	0.0000	0.0000	0.0000	0.0000	0.0000	0.0000	0.0000	0.0000	0.0000	0.0000	0.0000	0.0000	0.0000	0.0000	0.0000	0.0000	0.0000	0.0000	0.0000	0.0000	0.0000	0.0000	0.0000	0.0000	0.0000	0.0000	0.0000	0.0000	0.0000	0.0000	0.0000	0.0000	0.0000	0.0000	0.0000	0.0000	0.0000	0.0000	0.0000	0.0000	0.0000	0.0000	0.0000	0.0000	0.0000	0.0000	0.0000	0.0000	0.0000	0.0000	0.0000											
41	81	0.2205	8	1	1	2	1	0	0	0	0	N	N	Y	N	N	N	N	N	N	N	N	N	0.0000	0.0000	0.0000	0.0000	0.0000	0.0000	0.0000	0.0000	0.0000	0.0000	0.0000	0.0000	0.0000	0.0000	0.0000	0.0000	0.0000	0.0000	0.0000	0.0000	1.0000	2.0000	1.9999	0.0000	0.0000	0.0000	0.0000	0.0000	0.0000	0.0000	0.0000	0.0000	0.0000	0.0000	0.0000	0.0000	0.0000	0.0000	0.0000	0.0000	0.0000	0.0000	0.0454	0.0404	0.0050	0.0135	0.0127	0.0007	0.0319	0.0277	0.0042	0.0146	0.0043	0.0103	0.0010	0.0006	0.0004	0.0136	0.0037	0.0099	0.0000	0.0000	0.0000	0.0000	0.0000	0.0000	0.0000	0.0000	0.0000	0.0000	0.0000	0.0000	0.0000	0.0000	0.0000	0.0000	0.0000	0.0000											
41	82	0.2205	8	1	1	2	1	0	0	0	0	N	N	Y	N	N	N	N	N	N	N	N	N	0.0000	0.0000	0.0000	0.0000	0.0000	0.0000	0.0000	0.0000	0.0000	0.0000	0.0000	0.0000	0.0000	0.0000	0.0000	0.0000	0.0000	0.0000	0.0000	0.0000	1.0000	0.0000	1.9999	4.0000	0.0000	0.0000	0.0000	0.0000	0.0000	0.0000	0.0000	0.0000	0.0000	0.0000	0.0000	0.0000	0.0000	0.0000	0.0000	0.0000	0.0000	0.0000	0.0000	0.0000	0.0000	0.0000	0.0000	0.0000	0.0000	0.0000	0.0000	0.0280	0.0082	0.0197	0.0019	0.0011	0.0008	0.0261	0.0071	0.0189	0.0000	0.0000	0.0000	0.0000	0.0000	0.0000	0.0000	0.0000	0.0000	0.0000	0.0000	0.0000	0.0000	0.0000	0.0000	0.0000	0.0000	0.0000											
41	83	0.2425	10	1	1	2	1	0	0	0	0	N	N	Y	N	N	N	N	N	N	N	N	N	0.0000	0.0000	0.0000	0.0000	0.0000	0.0000	0.0000	0.0000	0.0000	0.0000	0.0000	0.0000	0.0000	0.0000	0.0000	0.0000	0.0000	0.0000	0.0000	0.0000	1.0000	0.0000	1.9999	2.0000	0.0000	0.0000	0.0000	0.0000	0.0000	0.0000	0.0000	0.0000	0.0000	0.0000	0.0000	0.0000	0.0000	0.0000	0.0000	0.0000	0.0000	0.0000	0.0000	0.0000	0.0000	0.0000	0.0000	0.0000	0.0000	0.0000	0.0000	0.0145	0.0042	0.0103	0.0009	0.0005	0.0005	0.0136	0.0037	0.0099	0.0000	0.0000	0.0000	0.0000	0.0000	0.0000	0.0000	0.0000	0.0000	0.0000	0.0000	0.0000	0.0000	0.0000	0.0000	0.0000	0.0000	0.0000											
41	84	0.2352	9	1	1	1	1	0	0	0	0	N	N	N	N	N	N	N	N	N	N	N	N	0.0000	0.0000	0.0000	0.0000	0.0000	0.0000	0.0000	0.0000	0.0000	0.0000	0.0000	0.0000	0.0000	0.1406	0.4846	0.0000	1.9547	3.4224	0.0000	0.0000	0.0000	0.0000	0.0000	0.0000	-0.0008	1.0000	1.0000	1.9999	0.0015	0.0000	0.0000	0.0000	0.0000	0.0000	0.0000	0.0000	0.0000	0.0000	0.0011	0.0011	0.0000	0.0011	0.0011	0.0000	0.0000	0.0000	0.0000	0.0232	0.0207	0.0026	0.0070	0.0066	0.0004	0.0163	0.0141	0.0022	0.0075	0.0022	0.0054	0.0005	0.0003	0.0002	0.0070	0.0019	0.0051	0.0000	0.0000	0.0000	0.0000	0.0000	0.0000	0.0000	0.0000	0.0000	0.1406	0.4846	0.0000	1.9547	3.4224	0.0000	0.0000	0.0000	0.0000						
41	85	0.2205	8	1	1	1	1	0	0	0	0	N	N	N	N	N	N	N	N	N	N	N	N	0.0000	0.0000	0.0000	0.0000	0.0000	0.0000	0.0000	0.0000	0.0000	0.0000	0.0000	0.0000	0.0000	0.0728	0.0000	0.1029	0.0000	0.0000	0.0000	0.0780	0.0000	0.1071	inf	0.0000	0.0003	1.0000	0.0000	1.9999	2.0013	0.0000	0.0000	0.0000	0.0000	0.0000	0.0000	0.0000	0.0000	0.0000	0.0011	0.0000	0.0011	0.0000	0.0000	0.0000	0.0011	0.0000	0.0011	0.0000	0.0000	0.0000	0.0000	0.0000	0.0000	0.0000	0.0000	0.0000	0.0146	0.0043	0.0103	0.0010	0.0006	0.0004	0.0136	0.0037	0.0099	0.0000	0.0000	0.0000	0.0000	0.0000	0.0000	0.0000	0.0000	0.0000	0.0728	0.0000	0.1029	0.0000	0.0000	0.0000	0.0780	0.0000	0.1071						
41	86	0.2604	8	2	2	1	0	0	0	0	0	Y	Y	N	N	N	N	N	N	N	N	N	N	0.0000	0.0000	0.0000	0.0000	0.0000	0.0000	0.0000	0.0000	0.0000	0.0000	0.0000	0.0000	0.0000	3.6801	7.7542	0.0000	11.8232	12.3572	0.0000	0.0000	0.0000	0.0000	0.0000	0.0000	-0.0444	1.0000	0.0007	1.9999	0.9812	0.0000	0.0000	0.0000	0.0000	0.0000	0.0000	0.0000	0.0000	0.0000	0.0592	0.0592	0.0000	0.0592	0.0592	0.0000	0.0000	0.0000	0.0000	0.0000	0.0000	0.0000	0.0000	0.0000	0.0000	0.0000	0.0000	0.0000	0.0161	0.0076	0.0085	0.0050	0.0048	0.0002	0.0111	0.0028	0.0082	0.0000	0.0000	0.0000	0.0000	0.0000	0.0000	0.0000	0.0000	0.0000	3.6801	7.7542	0.0000	11.8232	12.3572	0.0000	0.0000	0.0000	0.0000						
41	87	0.2045	7	2	2	1	0	0	0	0	0	Y	Y	N	N	N	N	N	N	N	N	N	N	0.0000	0.0000	0.0000	0.0000	0.0000	0.0000	0.0000	0.0000	0.0000	0.0000	0.0000	0.0000	0.0000	0.0000	0.0000	0.0000	1.2861	0.1853	1.7677	0.7403	1.1594	0.0000	1.3311	0.0000	1.8406	21.8015	0.0000	0.0128	1.0000	5.0272	1.9999	2.1572	0.0000	0.0000	0.0000	0.0000	0.0000	0.0000	0.0000	0.0000	0.0000	0.0618	0.0027	0.0591	0.0027	0.0027	0.0000	0.0591	0.0000	0.0591	0.1117	0.1000	0.0117	0.0354	0.0336	0.0018	0.0763	0.0664	0.0100	0.0480	0.0146	0.0334	0.0037	0.0023	0.0013	0.0444	0.0123	0.0321	0.0000	0.0000	0.0000	0.0000	0.0000	0.0000	0.0000	0.0000	0.0000	1.2861	0.1853	1.7677	0.7403	1.1594	0.0000	1.3311	0.0000	1.8406			
41	88	0.2578	9	1	2	1	0	0	0	0	0	N	Y	N	N	N	N	N	N	N	N	N	N	0.0000	0.0000	0.0000	0.0000	0.0000	0.0000	0.0000	0.0000	0.0000	0.0000	0.0000	0.0000	0.0000	0.0000	0.0000	0.0000	0.0000	0.0000	0.0000	0.0000	1.0000	0.0000	1.9999	4.0000	0.0000	0.0000	0.0000	0.0000	0.0000	0.0000	0.0000	0.0000	0.0000	0.0000	0.0000	0.0000	0.0000	0.0000	0.0000	0.0000	0.0000	0.0000	0.0000	0.0000	0.0000	0.0000	0.0000	0.0000	0.0000	0.0000	0.0000	0.0281	0.0085	0.0196	0.0027	0.0018	0.0009	0.0255	0.0068	0.0187	0.0000	0.0000	0.0000	0.0000	0.0000	0.0000	0.0000	0.0000	0.0000	0.0000	0.0000	0.0000	0.0000	0.0000	0.0000	0.0000	0.0000	0.0000											
41	89	0.2205	8	1	2	1	0	0	0	0	0	N	Y	N	N	N	N	N	N	N	N	N	N	0.0000	0.0000	0.0000	0.0000	0.0000	0.0000	0.0000	0.0000	0.0000	0.0000	0.0000	0.0000	0.0000	0.0000	0.0000	0.0000	0.0000	0.0000	0.0000	0.0000	1.0000	3.0000	1.9999	2.0000	0.0000	0.0000	0.0000	0.0000	0.0000	0.0000	0.0000	0.0000	0.0000	0.0000	0.0000	0.0000	0.0000	0.0000	0.0000	0.0000	0.0000	0.0000	0.0666	0.0594	0.0073	0.0196	0.0185	0.0011	0.0470	0.0408	0.0062	0.0343	0.0101	0.0241	0.0023	0.0014	0.0010	0.0319	0.0087	0.0232	0.0000	0.0000	0.0000	0.0000	0.0000	0.0000	0.0000	0.0000	0.0000	0.0000	0.0000	0.0000	0.0000	0.0000	0.0000	0.0000	0.0000	0.0000											
41	90	0.2205	8	2	2	1	0	0	0	0	0	Y	Y	N	N	N	N	N	N	N	N	N	N	0.0000	0.0000	0.0000	0.0000	0.0000	0.0000	0.0000	0.0000	0.0000	0.0000	0.0000	0.0000	0.0000	0.0000	0.0000	0.0000	0.0000	0.0000	0.0000	0.0000	1.0000	2.0000	1.9999	3.0000	0.0000	0.0000	0.0000	0.0000	0.0000	0.0000	0.0000	0.0000	0.0000	0.0000	0.0000	0.0000	0.0000	0.0000	0.0000	0.0000	0.0000	0.0000	0.0454	0.0404	0.0050	0.0135	0.0127	0.0007	0.0319	0.0277	0.0042	0.0343	0.0101	0.0241	0.0023	0.0014	0.0010	0.0319	0.0087	0.0232	0.0000	0.0000	0.0000	0.0000	0.0000	0.0000	0.0000	0.0000	0.0000	0.0000	0.0000	0.0000	0.0000	0.0000	0.0000	0.0000	0.0000	0.0000											
41	91	0.2045	7	1	1	1	0	0	0	0	0	N	N	N	N	N	N	N	N	N	N	N	N	0.0000	0.0000	0.0000	0.0000	0.0000	0.0000	0.0000	0.0000	0.0000	0.0000	0.0000	0.0000	0.0000	0.1925	0.6143	0.0000	2.0904	2.9261	0.0000	0.0000	0.0000	0.0000	0.0000	0.0000	-0.0023	1.0000	2.0705	1.9999	0.0351	0.0000	0.0000	0.0000	0.0000	0.0000	0.0000	0.0000	0.0000	0.0000	0.0031	0.0031	0.0000	0.0031	0.0031	0.0000	0.0000	0.0000	0.0000	0.0524	0.0471	0.0053	0.0191	0.0182	0.0008	0.0333	0.0289	0.0044	0.0162	0.0051	0.0111	0.0015	0.0011	0.0004	0.0147	0.0040	0.0107	0.0000	0.0000	0.0000	0.0000	0.0000	0.0000	0.0000	0.0000	0.0000	0.1925	0.6143	0.0000	2.0904	2.9261	0.0000	0.0000	0.0000	0.0000						
41	92	0.1791	6	1	1	1	0	0	0	0	0	N	N	N	N	N	N	N	N	N	N	N	N	0.0066	0.0035	0.0000	0.0009	0.0008	0.0253	inf	0.0000	0.0027	0.0030	0.0000	0.0022	0.0023	0.0000	0.0031	0.0036	0.0000	0.4077	0.8631	0.1648	2.4451	3.0388	0.0000	0.1225	0.0000	0.1711	0.0000	0.3581	-0.0001	-0.0057	1.0000	3.4249	1.9999	0.1413	0.0003	0.0003	0.0000	0.0001	0.0001	0.0000	0.0002	0.0002	0.0000	0.0117	0.0086	0.0031	0.0086	0.0086	0.0000	0.0031	0.0000	0.0031	0.0999	0.0906	0.0093	0.0451	0.0428	0.0023	0.0548	0.0478	0.0071	0.0288	0.0100	0.0188	0.0035	0.0028	0.0007	0.0253	0.0072	0.0181	0.0066	0.0035	0.0000	0.0009	0.0008	0.0000	0.0253	inf	0.0000	0.4077	0.8631	0.1648	2.4451	3.0388	0.0000	0.1225	0.0000	0.1711	
41	98	0.3160	11	1	1	1	0	0	0	0	0	N	N	N	N	N	N	N	N	N	N	N	N	0.0000	0.0000	0.0000	0.0000	0.0000	0.0000	0.0000	0.0000	0.0000	0.0000	0.0000	0.0000	0.0000	0.0000	0.0000	0.0000	0.9929	0.2946	1.8186	0.4889	0.5184	0.0000	1.2372	0.0000	1.8953	5.2210	0.0000	0.0103	1.0000	4.9999	1.9999	9.0821	0.0000	0.0000	0.0000	0.0000	0.0000	0.0000	0.0000	0.0000	0.0000	0.1143	0.0184	0.0959	0.0184	0.0184	0.0000	0.0959	0.0000	0.0959	0.1630	0.1488	0.0142	0.0810	0.0769	0.0041	0.0820	0.0719	0.0101	0.1151	0.0624	0.0527	0.0376	0.0354	0.0021	0.0775	0.0269	0.0506	0.0000	0.0000	0.0000	0.0000	0.0000	0.0000	0.0000	0.0000	0.0000	0.9929	0.2946	1.8186	0.4889	0.5184	0.0000	1.2372	0.0000	1.8953			
42	43	0.1983	5	1	2	0	1	0	0	0	0	N	Y	N	N	N	N	N	N	N	N	N	N	0.0000	0.0000	0.0000	0.0000	0.0000	0.0000	0.0000	0.0000	0.0000	0.0000	0.0000	0.0000	0.0000	0.0000	0.0000	0.0000	0.0000	0.0000	0.0000	0.0000	0.0007	0.0000	2.0242	0.0000	0.0000	0.0000	0.0000	0.0000	0.0000	0.0000	0.0000	0.0000	0.0000	0.0000	0.0000	0.0000	0.0000	0.0000	0.0000	0.0000	0.0000	0.0000	0.0000	0.0000	0.0000	0.0000	0.0000	0.0000	0.0000	0.0000	0.0000	0.0000	0.0000	0.0000	0.0000	0.0000	0.0000	0.0000	0.0000	0.0000	0.0000	0.0000	0.0000	0.0000	0.0000	0.0000	0.0000	0.0000	0.0000	0.0000	0.0000	0.0000	0.0000	0.0000	0.0000	0.0000	0.0000	0.0000											
42	44	0.1983	5	1	1	0	1	0	0	0	0	N	N	N	N	N	N	N	N	N	N	N	N	0.0000	0.0000	0.0000	0.0000	0.0000	0.0000	0.0000	0.0000	0.0000	0.0000	0.0000	0.0000	0.0000	0.0000	0.0000	0.0000	0.0000	0.0000	0.0000	0.0000	0.0007	0.0000	2.0242	0.0000	0.0000	0.0000	0.0000	0.0000	0.0000	0.0000	0.0000	0.0000	0.0000	0.0000	0.0000	0.0000	0.0000	0.0000	0.0000	0.0000	0.0000	0.0000	0.0000	0.0000	0.0000	0.0000	0.0000	0.0000	0.0000	0.0000	0.0000	0.0000	0.0000	0.0000	0.0000	0.0000	0.0000	0.0000	0.0000	0.0000	0.0000	0.0000	0.0000	0.0000	0.0000	0.0000	0.0000	0.0000	0.0000	0.0000	0.0000	0.0000	0.0000	0.0000	0.0000	0.0000	0.0000	0.0000											
42	45	0.1538	4	1	1	0	1	0	0	0	0	N	N	N	N	N	N	N	N	N	N	N	N	0.0070	295.2375	0.0000	237.1265	247.0462	0.0008	inf	0.0000	0.1182	0.1330	0.0000	0.1986	0.2260	0.0000	0.0177	0.0197	0.0000	16.8949	0.0005	28.0913	0.0008	0.0009	0.0000	21.5056	0.0000	28.9626	0.0000	94075.0000	-0.0000	0.2362	0.0007	3.0666	2.0242	3.9999	0.0000	0.0000	0.0000	0.0000	0.0000	0.0000	0.0000	0.0000	0.0000	0.9408	0.0000	0.9407	0.0000	0.0000	0.0000	0.9407	0.0000	0.9407	0.0002	0.0002	0.0000	0.0001	0.0001	0.0000	0.0001	0.0001	0.0000	0.0557	0.0222	0.0335	0.0119	0.0109	0.0010	0.0437	0.0113	0.0325	0.0070	295.2375	0.0000	237.1265	247.0462	0.0000	0.0008	inf	0.0000	16.8949	0.0005	28.0913	0.0008	0.0009	0.0000	21.5056	0.0000	28.9626	
42	46	0.2243	6	2	1	1	0	0	0	0	0	Y	N	N	N	N	N	N	N	N	N	N	N	0.0000	0.0000	0.0000	0.0000	0.0000	0.0000	0.0000	0.0000	0.0000	0.0000	0.0000	0.0000	0.0000	63.3844	0.0000	110.3634	0.0000	0.0000	0.0000	84.4159	0.0000	114.5340	inf	0.0000	0.2362	0.0007	0.0000	2.0242	2.0000	0.0000	0.0000	0.0000	0.0000	0.0000	0.0000	0.0000	0.0000	0.0000	0.9407	0.0000	0.9407	0.0000	0.0000	0.0000	0.9407	0.0000	0.9407	0.0000	0.0000	0.0000	0.0000	0.0000	0.0000	0.0000	0.0000	0.0000	0.0148	0.0063	0.0085	0.0037	0.0034	0.0003	0.0111	0.0029	0.0082	0.0000	0.0000	0.0000	0.0000	0.0000	0.0000	0.0000	0.0000	0.0000	63.3844	0.0000	110.3634	0.0000	0.0000	0.0000	84.4159	0.0000	114.5340						
42	47	0.2393	7	2	2	0	0	0	0	0	0	Y	Y	N	N	N	N	N	N	N	N	N	N	0.0001	0.0000	0.0000	0.0000	0.0000	0.0000	0.0000	0.0000	0.0000	0.0002	0.0003	0.0000	0.0004	0.0004	0.0000	0.0000	0.0000	0.0000	3.4331	6.4963	0.5671	9.7104	10.3401	0.0000	0.4330	0.0000	0.5896	0.0612	0.0933	-0.0000	-0.0605	0.0007	0.9991	2.0242	2.0273	0.0000	0.0000	0.0000	0.0000	0.0000	0.0000	0.0000	0.0000	0.0000	0.0912	0.0834	0.0078	0.0834	0.0834	0.0000	0.0078	0.0000	0.0078	0.0000	0.0000	0.0000	0.0000	0.0000	0.0000	0.0000	0.0000	0.0000	0.0266	0.0128	0.0137	0.0086	0.0081	0.0005	0.0180	0.0048	0.0132	0.0001	0.0000	0.0000	0.0000	0.0000	0.0000	0.0000	0.0000	0.0000	3.4331	6.4963	0.5671	9.7104	10.3401	0.0000	0.4330	0.0000	0.5896
42	48	0.2017	6	2	2	0	0	0	0	0	0	Y	Y	N	N	N	N	N	N	N	N	N	N	0.0189	7.3258	0.0004	3.6743	3.6370	2.6146	0.0197	2184.2798	0.0000	0.3237	0.3469	0.0134	0.2826	0.2993	0.0197	0.4626	0.5156	0.0012	17.1139	0.0474	30.5184	0.0769	0.0823	0.0075	23.4520	0.0002	31.5319	0.0029	820.5543	-0.0000	0.2276	0.0007	3.1828	2.0242	3.1571	0.0001	0.0001	0.0000	0.0001	0.0001	0.0000	0.0000	0.0000	0.0000	0.9108	0.0011	0.9097	0.0011	0.0011	0.0000	0.9097	0.0000	0.9097	0.0003	0.0003	0.0000	0.0002	0.0002	0.0000	0.0001	0.0001	0.0000	0.0532	0.0234	0.0298	0.0144	0.0135	0.0010	0.0388	0.0099	0.0288	0.0189	7.3258	0.0004	3.6743	3.6370	15.6339	0.0197	86954.3606	0.0000	17.1139	0.0474	30.5184	0.0769	0.0823	0.0013	23.4520	0.0000	31.5319
42	49	0.1975	5	1	2	0	0	0	0	0	0	N	Y	N	N	N	N	N	N	N	N	N	N	0.2434	0.4536	0.0149	0.2711	0.2741	6.0720	0.2406	3484.0035	0.0056	0.3954	0.4235	0.0325	0.3935	0.4209	0.0358	0.4076	0.4395	0.0126	1.6246	0.9337	2.1828	1.4515	1.5354	0.0059	1.6944	0.0001	2.2467	0.0059	2.8934	-0.0000	-0.0002	0.0007	0.8922	2.0242	1.0748	0.0001	0.0001	0.0000	0.0001	0.0001	0.0000	0.0000	0.0000	0.0000	0.0318	0.0082	0.0236	0.0082	0.0082	0.0000	0.0236	0.0000	0.0236	0.0002	0.0002	0.0000	0.0002	0.0002	0.0000	0.0000	0.0000	0.0000	0.0196	0.0088	0.0108	0.0056	0.0053	0.0003	0.0140	0.0034	0.0105	0.2434	0.4536	0.0149	0.2711	0.2741	32.1121	0.2406	121524.0505	0.0056	1.6246	0.9337	2.1828	1.4515	1.5354	0.0011	1.6944	0.0000	2.2467
42	50	0.2243	6	1	2	0	0	0	0	0	0	N	Y	N	N	N	N	N	N	N	N	N	N	0.0000	0.0000	0.0000	0.0000	0.0000	0.0000	0.0000	0.0000	0.0000	0.0000	0.0000	0.0000	0.0000	0.0000	0.0000	0.0000	0.0000	0.0000	0.0000	0.0000	0.0007	0.0000	2.0242	0.0000	0.0000	0.0000	0.0000	0.0000	0.0000	0.0000	0.0000	0.0000	0.0000	0.0000	0.0000	0.0000	0.0000	0.0000	0.0000	0.0000	0.0000	0.0000	0.0000	0.0000	0.0000	0.0000	0.0000	0.0000	0.0000	0.0000	0.0000	0.0000	0.0000	0.0000	0.0000	0.0000	0.0000	0.0000	0.0000	0.0000	0.0000	0.0000	0.0000	0.0000	0.0000	0.0000	0.0000	0.0000	0.0000	0.0000	0.0000	0.0000	0.0000	0.0000	0.0000	0.0000	0.0000	0.0000											
42	51	0.2243	6	2	2	0	0	0	0	0	0	Y	Y	N	N	N	N	N	N	N	N	N	N	0.0000	0.0000	0.0000	0.0000	0.0000	0.0000	0.0000	0.0000	0.0000	0.0000	0.0000	0.0000	0.0000	0.0014	0.0033	0.0000	0.0056	0.0061	0.0000	0.0000	0.0000	0.0000	0.0000	0.0000	-0.0000	0.0007	1.0000	2.0242	3.0000	0.0000	0.0000	0.0000	0.0000	0.0000	0.0000	0.0000	0.0000	0.0000	0.0000	0.0000	0.0000	0.0000	0.0000	0.0000	0.0000	0.0000	0.0000	0.0000	0.0000	0.0000	0.0000	0.0000	0.0000	0.0000	0.0000	0.0000	0.0287	0.0123	0.0164	0.0071	0.0065	0.0006	0.0216	0.0057	0.0158	0.0000	0.0000	0.0000	0.0000	0.0000	0.0000	0.0000	0.0000	0.0000	0.0014	0.0033	0.0000	0.0056	0.0061	0.0000	0.0000	0.0000	0.0000						
42	52	0.2105	5	1	1	0	0	0	0	0	0	N	N	N	N	N	N	N	N	N	N	N	N	0.1547	0.0170	37.1518	0.0544	0.0027	1.9441	3.7833	40.7158	4.1128	0.0041	0.0009	0.0441	0.0049	0.0003	0.0884	0.0025	0.0023	0.0039	0.0265	0.0527	0.0012	0.0905	0.0976	0.0455	0.0006	0.0001	0.0010	3.9630	0.0232	0.0000	-0.0008	0.0007	3.0179	2.0242	1.1627	0.0000	0.0000	0.0000	0.0000	0.0000	0.0000	0.0000	0.0000	0.0000	0.0010	0.0010	0.0000	0.0010	0.0010	0.0000	0.0000	0.0000	0.0000	0.0002	0.0002	0.0000	0.0001	0.0001	0.0000	0.0001	0.0001	0.0000	0.0392	0.0193	0.0199	0.0113	0.0104	0.0009	0.0279	0.0089	0.0190	0.1547	0.0170	37.1518	0.0544	0.0027	14.1304	3.7833	1019.9251	4.1128	0.0265	0.0527	0.0012	0.0905	0.0976	0.0063	0.0006	0.0000	0.0010
42	53	0.2243	6	2	2	1	0	0	0	0	0	Y	Y	N	N	N	N	N	N	N	N	N	N	inf	inf	inf	inf	0.1808	0.1926	0.0000	0.0000	0.0000	0.0000	0.5375	0.6144	0.0000	0.0000	0.0000	0.0000	0.0000	0.0000	0.0000	0.0000	0.0000	0.0000	0.0000	-0.0000	0.0000	0.0007	4.0000	2.0242	1.0000	0.0000	0.0000	0.0000	0.0000	0.0000	0.0000	0.0000	0.0000	0.0000	0.0000	0.0000	0.0000	0.0000	0.0000	0.0000	0.0000	0.0000	0.0000	0.0002	0.0002	0.0000	0.0001	0.0001	0.0000	0.0001	0.0000	0.0000	0.0353	0.0151	0.0202	0.0088	0.0080	0.0008	0.0265	0.0071	0.0194	inf	inf	0.0000	0.0000	0.0000	0.0000	inf	inf	0.0000	0.0000	0.0000	0.0000	0.0000	0.0000	0.0000	0.0000	0.0000	0.0000						
42	54	0.2105	5	1	2	0	0	0	0	0	0	N	Y	N	N	N	N	N	N	N	N	N	N	0.3840	0.0392	100.2045	0.1246	0.0061	6.7288	9.8679	92.5753	11.1010	0.0057	0.0012	0.0605	0.0068	0.0004	0.1181	0.0035	0.0032	0.0055	0.0148	0.0317	0.0006	0.0545	0.0599	0.0176	0.0004	0.0000	0.0005	3.9630	0.0225	0.0000	-0.0008	0.0007	2.0683	2.0242	6.9961	0.0000	0.0000	0.0000	0.0000	0.0000	0.0000	0.0000	0.0000	0.0000	0.0010	0.0010	0.0000	0.0010	0.0010	0.0000	0.0000	0.0000	0.0000	0.0001	0.0001	0.0000	0.0001	0.0001	0.0000	0.0000	0.0000	0.0000	0.0707	0.0324	0.0383	0.0189	0.0171	0.0018	0.0517	0.0152	0.0365	0.3840	0.0392	100.2045	0.1246	0.0061	42.0607	9.8679	1568.7124	11.1010	0.0148	0.0317	0.0006	0.0545	0.0599	0.0028	0.0004	0.0000	0.0005
42	55	0.1538	4	1	1	0	0	0	0	0	0	N	N	N	N	N	N	N	N	N	N	N	N	50.5516	447.8541	36.9708	107.5502	54.2027	inf	69.4140	inf	0.0154	0.7849	0.7698	0.9147	0.3448	0.1898	1.6401	1.3114	1.4594	0.0004	0.0155	0.0017	0.0247	0.0032	0.0035	0.0000	0.0189	0.0000	0.0255	0.1385	21.5711	-0.0000	0.0002	0.0007	3.9265	2.0242	5.0808	0.0002	0.0001	0.0000	0.0000	0.0000	0.0000	0.0001	0.0001	0.0000	0.0011	0.0000	0.0010	0.0000	0.0000	0.0000	0.0010	0.0000	0.0010	0.0002	0.0002	0.0000	0.0001	0.0001	0.0000	0.0001	0.0001	0.0000	0.0685	0.0274	0.0411	0.0147	0.0134	0.0012	0.0538	0.0140	0.0398	50.5516	447.8541	36.9708	107.5502	54.2027	inf	69.4140	inf	0.0154	0.0155	0.0017	0.0247	0.0032	0.0035	0.0000	0.0189	0.0000	0.0255
42	56	0.2243	6	2	1	1	0	0	0	0	0	Y	N	N	N	N	N	N	N	N	N	N	N	635.4349	292.2242	0.0000	0.0000	inf	inf	0.1808	0.1926	0.0000	0.0000	0.0000	0.0000	0.5375	0.6144	0.0000	0.0003	0.0007	0.0000	0.0011	0.0013	0.0000	0.0000	0.0000	0.0000	0.0000	0.0000	-0.0000	-0.0000	0.0007	4.0000	2.0242	7.0000	0.0000	0.0000	0.0000	0.0000	0.0000	0.0000	0.0000	0.0000	0.0000	0.0000	0.0000	0.0000	0.0000	0.0000	0.0000	0.0000	0.0000	0.0000	0.0002	0.0002	0.0000	0.0001	0.0001	0.0000	0.0001	0.0000	0.0000	0.0703	0.0304	0.0399	0.0174	0.0158	0.0016	0.0529	0.0145	0.0383	635.4349	292.2242	0.0000	0.0000	0.0000	0.0000	inf	inf	0.0000	0.0003	0.0007	0.0000	0.0011	0.0013	0.0000	0.0000	0.0000	0.0000			
42	57	0.1688	7	1	2	0	0	0	0	0	0	N	Y	N	N	N	N	N	N	N	N	N	N	0.8579	2515.7835	0.0099	81.1191	172.7521	0.5325	1.3903	18377414.0750	0.0046	0.5026	0.5449	0.0118	0.0635	0.0660	0.0200	1.1816	1.3365	0.0057	0.5859	0.0002	1.1860	0.0008	0.0004	0.0375	0.8499	0.0000	1.2466	0.0019	5343.1761	-0.0001	0.0166	0.0007	9.7645	2.0242	7.4558	0.0003	0.0003	0.0000	0.0000	0.0000	0.0000	0.0003	0.0003	0.0000	0.0661	0.0000	0.0661	0.0000	0.0000	0.0000	0.0661	0.0000	0.0661	0.0006	0.0005	0.0000	0.0003	0.0003	0.0000	0.0002	0.0002	0.0000	0.1129	0.0571	0.0557	0.0351	0.0324	0.0027	0.0778	0.0248	0.0530	0.8579	2515.7835	0.0099	81.1191	172.7521	3.6058	1.3903	18377414.0750	0.0046	0.5859	0.0002	1.1860	0.0008	0.0004	0.0055	0.8499	0.0000	1.2466
42	58	0.2244	8	1	1	1	0	0	0	0	0	N	N	N	N	N	N	N	N	N	N	N	N	0.1756	inf	0.0000	4.5642	inf	0.0000	0.2348	inf	0.0000	0.0005	0.0005	0.0000	0.0003	0.0003	0.0000	0.0009	0.0010	0.0000	0.0027	0.0000	0.0054	0.0001	0.0000	0.0028	0.0038	0.0000	0.0057	0.0000	inf	-0.0000	0.0000	0.0007	1.0009	2.0242	0.0163	0.0000	0.0000	0.0000	0.0000	0.0000	0.0000	0.0000	0.0000	0.0000	0.0000	0.0000	0.0000	0.0000	0.0000	0.0000	0.0000	0.0000	0.0000	0.0001	0.0001	0.0000	0.0000	0.0000	0.0000	0.0000	0.0000	0.0000	0.0072	0.0037	0.0035	0.0022	0.0020	0.0002	0.0051	0.0017	0.0034	0.1756	inf	0.0000	4.5642	inf	0.0000	0.2348	inf	0.0000	0.0027	0.0000	0.0054	0.0001	0.0000	0.0007	0.0038	0.0000	0.0057
42	59	0.2090	7	1	1	0	0	0	0	0	0	N	N	N	N	N	N	N	N	N	N	N	N	34.9225	84.2138	0.0000	23.3629	22.5720	0.0000	61.2445	inf	0.0000	0.2077	0.2250	0.0000	0.1059	0.1115	0.0000	0.4006	0.4581	0.0000	0.0059	0.0027	0.0092	0.0045	0.0049	0.0002	0.0065	0.0000	0.0097	0.0000	3.4653	-0.0000	0.0000	0.0007	1.9961	2.0242	0.0521	0.0000	0.0000	0.0000	0.0000	0.0000	0.0000	0.0000	0.0000	0.0000	0.0001	0.0000	0.0001	0.0000	0.0000	0.0000	0.0001	0.0000	0.0001	0.0001	0.0001	0.0000	0.0001	0.0001	0.0000	0.0000	0.0000	0.0000	0.0144	0.0072	0.0072	0.0042	0.0039	0.0004	0.0102	0.0033	0.0069	34.9225	84.2138	0.0000	23.3629	22.5720	0.0000	61.2445	inf	0.0000	0.0059	0.0027	0.0092	0.0045	0.0049	0.0001	0.0065	0.0000	0.0097
42	60	0.2013	6	1	1	0	0	0	0	0	0	N	N	N	N	N	N	N	N	N	N	N	N	1.2099	4.3550	0.0000	1.3015	1.2379	0.0000	1.8620	inf	0.0000	0.0701	0.0740	0.0000	0.0371	0.0382	0.0000	0.1312	0.1455	0.0000	0.0579	0.0170	0.0988	0.0285	0.0309	0.0012	0.0704	0.0000	0.1037	0.0205	5.8198	-0.0000	0.0000	0.0007	0.0081	2.0242	1.0507	0.0000	0.0000	0.0000	0.0000	0.0000	0.0000	0.0000	0.0000	0.0000	0.0005	0.0001	0.0004	0.0001	0.0001	0.0000	0.0004	0.0000	0.0004	0.0000	0.0000	0.0000	0.0000	0.0000	0.0000	0.0000	0.0000	0.0000	0.0078	0.0039	0.0039	0.0023	0.0022	0.0002	0.0055	0.0018	0.0037	1.2099	4.3550	0.0000	1.3015	1.2379	0.0000	1.8620	inf	0.0000	0.0579	0.0170	0.0988	0.0285	0.0309	0.0004	0.0704	0.0000	0.1037
42	61	0.1525	5	1	1	0	0	0	0	0	0	N	N	N	N	N	N	N	N	N	N	N	N	0.0796	0.4198	0.5001	0.1194	0.0620	1.1083	0.1411	35095.2126	0.8316	0.0994	0.0045	1.2140	0.0019	0.0010	0.0174	0.2652	0.0110	2.0831	1.2487	0.0108	2.4275	0.0157	0.0163	0.0157	1.8797	0.0000	2.5050	22.7999	236.0825	0.0000	0.0206	0.0007	3.0167	2.0242	3.2580	0.0000	0.0000	0.0000	0.0000	0.0000	0.0000	0.0000	0.0000	0.0000	0.0836	0.0004	0.0833	0.0004	0.0004	0.0000	0.0833	0.0000	0.0833	0.0002	0.0002	0.0000	0.0001	0.0001	0.0000	0.0001	0.0001	0.0000	0.0670	0.0327	0.0343	0.0227	0.0216	0.0011	0.0443	0.0111	0.0332	0.0796	0.4198	0.5001	0.1194	0.0620	6.8823	0.1411	35095.2126	0.8316	1.2487	0.0108	2.4275	0.0157	0.0163	0.0025	1.8797	0.0000	2.5050
42	62	0.1978	6	1	2	0	0	0	0	0	0	N	Y	N	N	N	N	N	N	N	N	N	N	0.0135	629.0223	0.0000	1220.5138	390998.6130	0.0974	0.0113	10.9173	0.0000	0.1740	0.1931	0.0010	0.1608	0.1785	0.0010	0.2108	0.2341	0.0011	12.8986	0.0003	23.5002	0.0001	0.0000	0.0099	18.6133	0.0214	24.5121	0.0006	93124.4532	-0.0000	0.2270	0.0007	3.3327	2.0242	4.3103	0.0001	0.0001	0.0000	0.0000	0.0000	0.0000	0.0000	0.0000	0.0000	0.9044	0.0000	0.9043	0.0000	0.0000	0.0000	0.9043	0.0000	0.9043	0.0003	0.0003	0.0000	0.0002	0.0002	0.0000	0.0001	0.0001	0.0000	0.0701	0.0316	0.0385	0.0215	0.0199	0.0016	0.0486	0.0117	0.0369	0.0135	629.0223	0.0000	1220.5138	390998.6130	0.5423	0.0113	282.1838	0.0000	12.8986	0.0003	23.5002	0.0001	0.0000	0.0018	18.6133	0.0008	24.5121
42	63	0.1738	5	1	1	0	0	0	0	0	0	N	N	N	N	N	N	N	N	N	N	N	N	0.3490	28.4309	0.0071	15.7923	16.0711	9.5653	0.2577	216.4824	0.0059	0.2594	0.2885	0.0092	0.2590	0.2894	0.0096	0.2602	0.2863	0.0080	0.7432	0.0101	1.3043	0.0164	0.0180	0.0010	1.0097	0.0013	1.3627	0.0037	167.9393	-0.0000	0.0090	0.0007	3.2669	2.0242	2.4507	0.0001	0.0001	0.0000	0.0001	0.0001	0.0000	0.0000	0.0000	0.0000	0.0366	0.0002	0.0364	0.0002	0.0002	0.0000	0.0364	0.0000	0.0364	0.0004	0.0003	0.0000	0.0003	0.0002	0.0000	0.0001	0.0001	0.0000	0.0493	0.0214	0.0279	0.0132	0.0120	0.0012	0.0361	0.0093	0.0267	0.3490	28.4309	0.0071	15.7923	16.0711	30.8129	0.2577	9078.4467	0.0059	0.7432	0.0101	1.3043	0.0164	0.0180	0.0003	1.0097	0.0000	1.3627
42	64	0.2582	9	2	1	1	0	0	0	0	0	Y	N	N	N	N	N	N	N	N	N	N	N	0.0000	0.0000	0.0000	0.0000	0.0000	0.0000	0.0000	0.0000	0.0000	0.0000	0.0000	0.0000	0.0000	0.0000	0.0000	0.0000	0.0000	0.0000	0.0000	0.0000	0.0007	0.0000	2.0242	1.0000	0.0000	0.0000	0.0000	0.0000	0.0000	0.0000	0.0000	0.0000	0.0000	0.0000	0.0000	0.0000	0.0000	0.0000	0.0000	0.0000	0.0000	0.0000	0.0000	0.0000	0.0000	0.0000	0.0000	0.0000	0.0000	0.0000	0.0000	0.0080	0.0033	0.0047	0.0019	0.0017	0.0001	0.0061	0.0016	0.0045	0.0000	0.0000	0.0000	0.0000	0.0000	0.0000	0.0000	0.0000	0.0000	0.0000	0.0000	0.0000	0.0000	0.0000	0.0000	0.0000	0.0000	0.0000											
42	65	0.2582	8	2	1	1	0	0	0	0	0	Y	N	N	N	N	N	N	N	N	N	N	N	0.0000	0.0000	0.0000	0.0000	0.0000	0.0000	0.0000	0.0000	0.0000	0.0000	0.0000	0.0000	0.0000	3.3300	6.6935	0.0000	6.7646	6.7718	0.0000	0.0000	0.0000	0.0000	0.0000	0.0000	-0.0001	0.0007	0.0000	2.0242	0.0001	0.0000	0.0000	0.0000	0.0000	0.0000	0.0000	0.0000	0.0000	0.0000	0.0001	0.0001	0.0000	0.0001	0.0001	0.0000	0.0000	0.0000	0.0000	0.0000	0.0000	0.0000	0.0000	0.0000	0.0000	0.0000	0.0000	0.0000	0.0000	0.0000	0.0000	0.0000	0.0000	0.0000	0.0000	0.0000	0.0000	0.0000	0.0000	0.0000	0.0000	0.0000	0.0000	0.0000	0.0000	0.0000	3.3300	6.6935	0.0000	6.7646	6.7718	0.0000	0.0000	0.0000	0.0000						
42	66	0.2459	7	2	1	1	0	0	0	0	0	Y	N	N	N	N	N	N	N	N	N	N	N	0.0001	0.0000	0.5855	0.0001	0.0000	207.4786	0.0000	0.0000	0.0002	0.0000	0.0031	0.0003	0.0000	0.0124	0.0000	0.0000	0.0000	1.8917	4.1220	0.0053	5.2192	5.3658	0.0001	0.0045	0.0000	0.0054	inf	0.0015	0.0000	-0.0434	0.0007	1.9720	2.0242	0.0923	0.0000	0.0000	0.0000	0.0000	0.0000	0.0000	0.0000	0.0000	0.0000	0.0581	0.0580	0.0001	0.0580	0.0580	0.0000	0.0001	0.0000	0.0001	0.0001	0.0001	0.0000	0.0001	0.0001	0.0000	0.0000	0.0000	0.0000	0.0307	0.0141	0.0166	0.0111	0.0108	0.0003	0.0196	0.0033	0.0163	0.0001	0.0000	0.5855	0.0001	0.0000	207.4786	0.0000	0.0000	0.0000	1.8917	4.1220	0.0053	5.2192	5.3658	0.0001	0.0045	0.0000	0.0054	
42	67	0.2243	6	2	1	1	0	0	0	0	0	Y	N	N	N	N	N	N	N	N	N	N	N	0.0394	4.6993	0.3702	27550.2825	3.6359	inf	0.0000	0.0000	0.0773	0.0000	1.2684	0.1161	0.0000	4.0700	0.0000	0.0000	0.0000	1.9629	0.0000	3.4265	0.0000	0.0000	0.0000	2.6134	0.0000	3.5591	7129.9286	1871182.0965	0.0000	0.0146	0.0007	3.0650	2.0242	1.0636	0.0000	0.0000	0.0000	0.0000	0.0000	0.0000	0.0000	0.0000	0.0000	0.0580	0.0000	0.0580	0.0000	0.0000	0.0000	0.0580	0.0000	0.0580	0.0001	0.0001	0.0000	0.0001	0.0001	0.0000	0.0000	0.0000	0.0000	0.0296	0.0126	0.0169	0.0074	0.0067	0.0006	0.0222	0.0059	0.0163	0.0394	4.6993	0.3702	27550.2825	3.6359	inf	0.0000	0.0000	0.0000	1.9629	0.0000	3.4265	0.0000	0.0000	0.0000	2.6134	0.0000	3.5591	
42	68	0.1113	4	1	2	0	1	0	0	0	0	N	Y	N	N	N	N	N	N	N	N	N	N	0.0181	0.0086	9.6725	0.0034	0.0031	0.5628	47.8492	55405.8167	1.2168	0.0113	0.0118	0.0056	0.0078	0.0075	0.0121	0.0174	0.0199	0.0006	0.6226	1.3676	0.0006	2.2673	2.4012	0.0215	0.0004	0.0000	0.0005	0.0434	0.0005	-0.0000	-0.0319	0.0007	2.7513	2.0242	4.0954	0.0000	0.0000	0.0000	0.0000	0.0000	0.0000	0.0000	0.0000	0.0000	0.0426	0.0425	0.0000	0.0425	0.0425	0.0000	0.0000	0.0000	0.0000	0.0002	0.0002	0.0000	0.0001	0.0001	0.0000	0.0001	0.0001	0.0000	0.0684	0.0311	0.0373	0.0188	0.0177	0.0010	0.0496	0.0134	0.0362	0.0181	0.0086	9.6725	0.0034	0.0031	3.5385	47.8492	55405.8167	1.2168	0.6226	1.3676	0.0006	2.2673	2.4012	0.0034	0.0004	0.0000	0.0005
42	69	0.1538	4	1	2	0	0	0	0	0	0	N	Y	N	N	N	N	N	N	N	N	N	N	0.0589	inf	0.0431	inf	inf	inf	0.0612	inf	0.0000	0.4584	0.4483	0.5659	0.3207	0.2437	1.3895	0.6054	0.6761	0.0000	7.7759	0.0000	13.1327	0.0000	0.0000	0.0000	9.8997	0.0000	13.5533	0.1176	inf	-0.0000	0.2362	0.0007	9.9334	2.0242	8.9999	0.0002	0.0002	0.0000	0.0001	0.0000	0.0000	0.0001	0.0001	0.0000	0.9407	0.0000	0.9407	0.0000	0.0000	0.0000	0.9407	0.0000	0.9407	0.0004	0.0004	0.0000	0.0002	0.0002	0.0000	0.0002	0.0002	0.0000	0.1210	0.0493	0.0716	0.0260	0.0237	0.0022	0.0950	0.0256	0.0694	0.0589	inf	0.0431	inf	inf	inf	0.0612	inf	0.0000	7.7759	0.0000	13.1327	0.0000	0.0000	0.0000	9.8997	0.0000	13.5533
42	70	0.1538	4	1	2	0	0	0	0	0	0	N	Y	N	N	N	N	N	N	N	N	N	N	0.0085	411.0695	0.0000	198.2458	261.8613	0.0035	inf	0.0000	0.2349	0.3060	0.0000	0.2731	0.3938	0.0000	0.1230	0.1250	0.0000	27.7298	0.0007	45.9049	0.0014	0.0015	0.0000	35.2789	0.0000	47.3122	0.0000	94075.0000	-0.0000	0.2362	0.0007	0.0666	2.0242	4.0001	0.0000	0.0000	0.0000	0.0000	0.0000	0.0000	0.0000	0.0000	0.0000	0.9408	0.0000	0.9407	0.0000	0.0000	0.0000	0.9407	0.0000	0.9407	0.0000	0.0000	0.0000	0.0000	0.0000	0.0000	0.0000	0.0000	0.0000	0.0339	0.0134	0.0205	0.0073	0.0067	0.0006	0.0267	0.0068	0.0199	0.0085	411.0695	0.0000	198.2458	261.8613	0.0000	0.0035	inf	0.0000	27.7298	0.0007	45.9049	0.0014	0.0015	0.0000	35.2789	0.0000	47.3122	
42	71	0.2243	6	1	2	0	0	0	0	0	0	N	Y	N	N	N	N	N	N	N	N	N	N	0.0000	0.0000	0.0000	0.0000	0.0000	0.0000	0.0000	0.0000	0.0000	0.0000	0.0000	0.0000	0.0000	26.6745	0.0000	46.6116	0.0000	0.0000	0.0000	35.5095	0.0000	48.4330	inf	0.0000	0.2362	0.0007	2.0000	2.0242	3.0000	0.0000	0.0000	0.0000	0.0000	0.0000	0.0000	0.0000	0.0000	0.0000	0.9407	0.0000	0.9407	0.0000	0.0000	0.0000	0.9407	0.0000	0.9407	0.0001	0.0001	0.0000	0.0001	0.0001	0.0000	0.0000	0.0000	0.0000	0.0353	0.0151	0.0202	0.0088	0.0080	0.0008	0.0265	0.0071	0.0194	0.0000	0.0000	0.0000	0.0000	0.0000	0.0000	0.0000	0.0000	0.0000	26.6745	0.0000	46.6116	0.0000	0.0000	0.0000	35.5095	0.0000	48.4330						
42	72	0.1975	5	1	1	0	0	0	0	0	0	N	N	N	N	N	N	N	N	N	N	N	N	1.8655	0.8758	0.0000	0.5956	0.5874	0.0000	1702.7148	inf	0.0000	0.3790	0.4086	0.0000	0.4690	0.4984	0.0000	0.1416	0.1588	0.0000	0.2032	0.4666	0.0001	0.7874	0.8485	0.0001	0.0001	0.0000	0.0001	0.0000	0.0003	-0.0000	-0.0063	0.0007	4.7932	2.0242	0.2507	0.0001	0.0001	0.0000	0.0001	0.0001	0.0000	0.0000	0.0000	0.0000	0.0084	0.0084	0.0000	0.0084	0.0084	0.0000	0.0000	0.0000	0.0000	0.0003	0.0003	0.0000	0.0003	0.0002	0.0000	0.0001	0.0001	0.0000	0.0414	0.0180	0.0234	0.0107	0.0099	0.0008	0.0307	0.0081	0.0226	1.8655	0.8758	0.0000	0.5956	0.5874	0.0000	1702.7148	inf	0.0000	0.2032	0.4666	0.0001	0.7874	0.8485	0.0001	0.0001	0.0000	0.0001
42	73	0.1538	4	1	1	0	0	0	0	0	0	N	N	N	N	N	N	N	N	N	N	N	N	4.7248	1053.4889	0.0404	280.3240	283.2001	inf	5.6567	1753286.1656	0.0656	0.6444	0.7137	0.0092	0.3534	0.3900	0.0034	0.9802	1.0908	0.0153	0.1364	0.0007	0.2266	0.0013	0.0014	0.0000	0.1733	0.0000	0.2337	0.0014	503.0718	-0.0000	0.0021	0.0007	4.9764	2.0242	2.9948	0.0002	0.0002	0.0000	0.0000	0.0000	0.0000	0.0001	0.0001	0.0000	0.0084	0.0000	0.0084	0.0000	0.0000	0.0000	0.0084	0.0000	0.0084	0.0002	0.0002	0.0000	0.0001	0.0001	0.0000	0.0001	0.0001	0.0000	0.0618	0.0247	0.0371	0.0132	0.0121	0.0011	0.0485	0.0125	0.0360	4.7248	1053.4889	0.0404	280.3240	283.2001	inf	5.6567	1753286.1656	0.0656	0.1364	0.0007	0.2266	0.0013	0.0014	0.0000	0.1733	0.0000	0.2337
42	74	0.1738	5	1	2	0	0	0	0	0	0	N	Y	N	N	N	N	N	N	N	N	N	N	75.4279	37.4355	6.5441	18.1891	18.8560	1.2614	1360.2970	19.6820	2.6123	0.3337	0.3757	0.0010	0.2859	0.3251	0.0012	0.4878	0.5315	0.0004	0.0044	0.0100	0.0002	0.0157	0.0172	0.0009	0.0004	0.0270	0.0002	0.0003	0.0209	-0.0000	-0.0002	0.0007	1.8678	2.0242	4.6278	0.0001	0.0001	0.0000	0.0001	0.0001	0.0000	0.0000	0.0000	0.0000	0.0002	0.0002	0.0000	0.0002	0.0002	0.0000	0.0000	0.0000	0.0000	0.0003	0.0003	0.0000	0.0002	0.0002	0.0000	0.0001	0.0001	0.0000	0.0544	0.0235	0.0309	0.0144	0.0131	0.0013	0.0400	0.0104	0.0296	75.4279	37.4355	6.5441	18.1891	18.8560	4.0399	1360.2970	563.3473	2.6123	0.0044	0.0100	0.0002	0.0157	0.0172	0.0003	0.0004	0.0009	0.0002
42	75	0.1538	4	1	1	0	0	0	0	0	0	N	N	N	N	N	N	N	N	N	N	N	N	119.5888	1852.0795	109.0509	589.6726	296.4072	1161964.9186	147.9352	1000.0807	1.7885	0.5883	0.5573	0.8681	0.3166	0.1737	1.6404	0.9045	1.0062	0.0147	0.0049	0.0003	0.0080	0.0005	0.0006	0.0000	0.0061	0.0010	0.0082	0.1727	40.1772	-0.0000	0.0000	0.0007	4.7010	2.0242	0.6064	0.0001	0.0001	0.0000	0.0000	0.0000	0.0000	0.0001	0.0001	0.0000	0.0002	0.0000	0.0002	0.0000	0.0000	0.0000	0.0002	0.0000	0.0002	0.0002	0.0002	0.0000	0.0001	0.0001	0.0000	0.0001	0.0001	0.0000	0.0432	0.0172	0.0261	0.0093	0.0085	0.0008	0.0340	0.0087	0.0253	119.5888	1852.0795	109.0509	589.6726	296.4072	1161964.9186	147.9352	44975.0971	1.7885	0.0049	0.0003	0.0080	0.0005	0.0006	0.0000	0.0061	0.0000	0.0082
42	76	0.0938	3	1	1	0	0	0	0	0	0	N	N	N	N	N	N	N	N	N	N	N	N	1.9578	0.9448	0.0000	0.6342	0.6891	0.0000	1155.9714	inf	0.0000	0.2222	0.2517	0.0000	0.3547	0.3923	0.0000	0.1031	0.1194	0.0000	0.1135	0.2664	0.0002	0.5594	0.5693	0.0391	0.0001	0.0000	0.0001	0.0000	0.0008	-0.0000	-0.0059	0.0007	4.7970	2.0242	3.0436	0.0001	0.0001	0.0000	0.0001	0.0001	0.0000	0.0000	0.0000	0.0000	0.0079	0.0079	0.0000	0.0079	0.0079	0.0000	0.0000	0.0000	0.0000	0.0003	0.0003	0.0000	0.0001	0.0001	0.0000	0.0002	0.0001	0.0000	0.0700	0.0298	0.0402	0.0142	0.0139	0.0002	0.0558	0.0159	0.0400	1.9578	0.9448	0.0000	0.6342	0.6891	0.0000	1155.9714	inf	0.0000	0.1135	0.2664	0.0002	0.5594	0.5693	0.0056	0.0001	0.0000	0.0001
42	78	0.1066	4	2	2	0	1	0	0	0	0	Y	Y	N	N	N	N	N	N	N	N	N	N	0.0000	0.0000	0.0000	0.0000	0.0000	0.0000	0.0000	0.0000	0.0000	0.0000	0.0000	0.0000	0.0000	0.0000	0.0000	0.0000	0.0000	0.0013	0.0033	0.0001	0.0077	0.0077	0.0066	0.0000	0.0000	0.0001	0.0260	0.0000	-0.0000	0.0007	1.0000	2.0242	2.0144	0.0000	0.0000	0.0000	0.0000	0.0000	0.0000	0.0000	0.0000	0.0000	0.0000	0.0000	0.0000	0.0000	0.0000	0.0000	0.0000	0.0000	0.0000	0.0001	0.0000	0.0000	0.0000	0.0000	0.0000	0.0000	0.0000	0.0000	0.0289	0.0114	0.0176	0.0049	0.0049	0.0001	0.0240	0.0065	0.0175	0.0000	0.0000	0.0000	0.0000	0.0000	0.0000	0.0000	0.0000	0.0000	0.0013	0.0033	0.0001	0.0077	0.0077	0.0012	0.0000	0.0000	0.0001		
42	79	0.0843	3	2	2	0	1	0	0	0	0	Y	Y	N	N	N	N	N	N	N	N	N	N	0.0000	0.0000	0.0000	0.0000	0.0000	0.0000	0.0000	0.0000	0.0000	0.0000	0.0000	0.0000	0.0000	0.0000	0.0000	0.0000	0.0013	0.0001	0.0021	0.0002	0.0002	0.0000	0.0016	0.0000	0.0021	38.5119	-0.0000	0.0000	0.0007	0.0001	2.0242	3.0180	0.0000	0.0000	0.0000	0.0000	0.0000	0.0000	0.0000	0.0000	0.0000	0.0000	0.0000	0.0000	0.0000	0.0000	0.0000	0.0000	0.0000	0.0000	0.0000	0.0000	0.0000	0.0000	0.0000	0.0000	0.0000	0.0000	0.0000	0.0288	0.0112	0.0175	0.0048	0.0047	0.0000	0.0240	0.0065	0.0175	0.0000	0.0000	0.0000	0.0000	0.0000	0.0000	0.0000	0.0000	0.0000	0.0013	0.0001	0.0021	0.0002	0.0002	0.0000	0.0016	0.0000	0.0021			
42	80	0.1063	5	1	2	0	1	0	0	0	0	N	Y	N	N	N	N	N	N	N	N	N	N	0.0000	0.0000	0.0000	0.0000	0.0000	0.0000	0.0000	0.0000	0.0000	0.0000	0.0000	0.0000	0.0000	0.0000	0.0000	0.0000	0.0000	0.0000	0.0000	0.0000	0.0007	0.0000	2.0242	0.0000	0.0000	0.0000	0.0000	0.0000	0.0000	0.0000	0.0000	0.0000	0.0000	0.0000	0.0000	0.0000	0.0000	0.0000	0.0000	0.0000	0.0000	0.0000	0.0000	0.0000	0.0000	0.0000	0.0000	0.0000	0.0000	0.0000	0.0000	0.0000	0.0000	0.0000	0.0000	0.0000	0.0000	0.0000	0.0000	0.0000	0.0000	0.0000	0.0000	0.0000	0.0000	0.0000	0.0000	0.0000	0.0000	0.0000	0.0000	0.0000	0.0000	0.0000	0.0000	0.0000	0.0000	0.0000											
42	81	0.0843	3	1	1	1	1	0	0	0	0	N	N	N	N	N	N	N	N	N	N	N	N	0.0000	0.0000	0.0000	0.0000	0.0000	0.0000	0.0000	0.0000	0.0000	0.0000	0.0000	0.0000	0.0000	0.0000	0.0000	0.0000	0.0000	0.0000	0.0000	0.0000	0.0007	2.0000	2.0242	0.0000	0.0000	0.0000	0.0000	0.0000	0.0000	0.0000	0.0000	0.0000	0.0000	0.0000	0.0000	0.0000	0.0000	0.0000	0.0000	0.0000	0.0000	0.0000	0.0001	0.0001	0.0000	0.0000	0.0000	0.0000	0.0001	0.0001	0.0000	0.0195	0.0076	0.0119	0.0032	0.0032	0.0000	0.0163	0.0044	0.0119	0.0000	0.0000	0.0000	0.0000	0.0000	0.0000	0.0000	0.0000	0.0000	0.0000	0.0000	0.0000	0.0000	0.0000	0.0000	0.0000	0.0000	0.0000											
42	82	0.0843	3	1	1	1	1	0	0	0	0	N	N	N	N	N	N	N	N	N	N	N	N	0.0000	0.0000	0.0000	0.0000	0.0000	0.0000	0.0000	0.0000	0.0000	0.0000	0.0000	0.0000	0.0000	2.2598	5.7680	0.0000	13.5706	13.7039	0.0000	0.0000	0.0000	0.0000	0.0000	0.0000	-0.0631	0.0007	0.0000	2.0242	4.0000	0.0000	0.0000	0.0000	0.0000	0.0000	0.0000	0.0000	0.0000	0.0000	0.0843	0.0843	0.0000	0.0843	0.0843	0.0000	0.0000	0.0000	0.0000	0.0000	0.0000	0.0000	0.0000	0.0000	0.0000	0.0000	0.0000	0.0000	0.0373	0.0146	0.0227	0.0062	0.0061	0.0001	0.0311	0.0085	0.0226	0.0000	0.0000	0.0000	0.0000	0.0000	0.0000	0.0000	0.0000	0.0000	2.2598	5.7680	0.0000	13.5706	13.7039	0.0000	0.0000	0.0000	0.0000						
42	83	0.1063	5	1	1	1	1	0	0	0	0	N	N	N	N	N	N	N	N	N	N	N	N	0.0000	0.0000	0.0000	0.0000	0.0000	0.0000	0.0000	0.0000	0.0000	0.0000	0.0000	0.0000	0.0000	0.0005	0.0013	0.0000	0.0029	0.0030	0.0000	0.0000	0.0000	0.0000	0.0000	0.0000	-0.0000	0.0007	0.0000	2.0242	2.0000	0.0000	0.0000	0.0000	0.0000	0.0000	0.0000	0.0000	0.0000	0.0000	0.0000	0.0000	0.0000	0.0000	0.0000	0.0000	0.0000	0.0000	0.0000	0.0000	0.0000	0.0000	0.0000	0.0000	0.0000	0.0000	0.0000	0.0000	0.0195	0.0077	0.0118	0.0034	0.0034	0.0000	0.0161	0.0043	0.0118	0.0000	0.0000	0.0000	0.0000	0.0000	0.0000	0.0000	0.0000	0.0000	0.0005	0.0013	0.0000	0.0029	0.0030	0.0000	0.0000	0.0000	0.0000						
42	84	0.0990	4	1	1	0	1	0	0	0	0	N	N	N	N	N	N	N	N	N	N	N	N	0.0000	0.0000	0.0000	0.0000	0.0000	0.0000	0.0000	0.0000	0.0000	0.0000	0.0000	0.0000	0.0000	0.0000	0.0000	0.0000	0.0000	0.0965	0.2445	0.0000	0.5299	0.5346	0.0005	0.0000	0.0000	0.0000	0.0001	0.0000	-0.0007	0.0007	1.0000	2.0242	0.0015	0.0000	0.0000	0.0000	0.0000	0.0000	0.0000	0.0000	0.0000	0.0000	0.0010	0.0010	0.0000	0.0010	0.0010	0.0000	0.0000	0.0000	0.0000	0.0001	0.0000	0.0000	0.0000	0.0000	0.0000	0.0000	0.0000	0.0000	0.0103	0.0041	0.0063	0.0019	0.0019	0.0000	0.0085	0.0022	0.0062	0.0000	0.0000	0.0000	0.0000	0.0000	0.0000	0.0000	0.0000	0.0000	0.0965	0.2445	0.0000	0.5299	0.5346	0.0002	0.0000	0.0000	0.0000		
42	85	0.0843	3	1	1	0	1	0	0	0	0	N	N	N	N	N	N	N	N	N	N	N	N	0.0000	0.0000	0.0000	0.0000	0.0000	0.0000	0.0000	0.0000	0.0000	0.0000	0.0000	0.0000	0.0000	0.0000	0.0000	0.0000	0.0510	0.0000	0.0835	0.0000	0.0000	0.0000	0.0611	0.0000	0.0837	10886.4083	0.0000	0.0003	0.0007	0.0000	2.0242	2.0013	0.0000	0.0000	0.0000	0.0000	0.0000	0.0000	0.0000	0.0000	0.0000	0.0010	0.0000	0.0010	0.0000	0.0000	0.0000	0.0010	0.0000	0.0010	0.0000	0.0000	0.0000	0.0000	0.0000	0.0000	0.0000	0.0000	0.0000	0.0196	0.0076	0.0119	0.0032	0.0032	0.0000	0.0163	0.0044	0.0119	0.0000	0.0000	0.0000	0.0000	0.0000	0.0000	0.0000	0.0000	0.0000	0.0510	0.0000	0.0835	0.0000	0.0000	0.0000	0.0611	0.0000	0.0837			
42	88	0.1216	4	1	2	0	0	0	0	0	0	N	Y	N	N	N	N	N	N	N	N	N	N	0.0000	0.0000	0.0000	0.0000	0.0000	0.0000	0.0000	0.0000	0.0000	0.0000	0.0000	0.0000	0.0000	0.0003	0.0007	0.0000	0.0015	0.0015	0.0000	0.0000	0.0000	0.0000	0.0000	0.0000	-0.0000	0.0007	0.0000	2.0242	4.0000	0.0000	0.0000	0.0000	0.0000	0.0000	0.0000	0.0000	0.0000	0.0000	0.0000	0.0000	0.0000	0.0000	0.0000	0.0000	0.0000	0.0000	0.0000	0.0000	0.0000	0.0000	0.0000	0.0000	0.0000	0.0000	0.0000	0.0000	0.0357	0.0138	0.0219	0.0068	0.0067	0.0001	0.0289	0.0071	0.0218	0.0000	0.0000	0.0000	0.0000	0.0000	0.0000	0.0000	0.0000	0.0000	0.0003	0.0007	0.0000	0.0015	0.0015	0.0000	0.0000	0.0000	0.0000						
42	89	0.0843	3	1	2	0	0	0	0	0	0	N	Y	N	N	N	N	N	N	N	N	N	N	0.1089	0.0467	0.0000	0.0512	0.0516	0.0000	0.0000	0.2023	0.2199	0.0000	0.5668	0.5770	0.0000	0.0000	0.0000	0.0000	1.8583	4.7053	0.0141	11.0676	11.1774	0.0000	0.0103	0.0000	0.0141	0.0000	0.0046	-0.0000	-0.0630	0.0007	3.0000	2.0242	2.0000	0.0000	0.0000	0.0000	0.0000	0.0000	0.0000	0.0000	0.0000	0.0000	0.0847	0.0843	0.0004	0.0843	0.0843	0.0000	0.0004	0.0000	0.0004	0.0001	0.0001	0.0000	0.0001	0.0001	0.0000	0.0001	0.0001	0.0000	0.0456	0.0179	0.0276	0.0076	0.0075	0.0001	0.0379	0.0104	0.0276	0.1089	0.0467	0.0000	0.0512	0.0516	0.0000	0.0000	0.0000	0.0000	1.8583	4.7053	0.0141	11.0676	11.1774	0.0000	0.0103	0.0000	0.0141		
42	90	0.0843	3	2	2	0	0	0	0	0	0	Y	Y	N	N	N	N	N	N	N	N	N	N	0.0000	0.0000	0.0000	0.0000	0.0000	0.0000	0.0000	0.0000	0.0000	0.0000	0.0000	0.0000	0.0000	0.0009	0.0022	0.0000	0.0053	0.0053	0.0000	0.0000	0.0000	0.0000	0.0000	0.0000	-0.0000	0.0007	2.0000	2.0242	3.0000	0.0000	0.0000	0.0000	0.0000	0.0000	0.0000	0.0000	0.0000	0.0000	0.0000	0.0000	0.0000	0.0000	0.0000	0.0000	0.0000	0.0000	0.0000	0.0001	0.0001	0.0000	0.0000	0.0000	0.0000	0.0001	0.0001	0.0000	0.0456	0.0179	0.0276	0.0076	0.0075	0.0001	0.0379	0.0104	0.0276	0.0000	0.0000	0.0000	0.0000	0.0000	0.0000	0.0000	0.0000	0.0000	0.0009	0.0022	0.0000	0.0053	0.0053	0.0000	0.0000	0.0000	0.0000						
42	91	0.0684	2	1	1	0	0	0	0	0	0	N	N	N	N	N	N	N	N	N	N	N	N	0.5577	0.2600	4.0222	0.2244	0.2456	0.0361	4.1599	inf	3.6278	0.0686	0.0767	0.0187	0.1372	0.1513	0.0232	0.0137	0.0132	0.0162	0.1231	0.2951	0.0046	0.6114	0.6161	0.6423	0.0033	0.0000	0.0045	0.0393	0.0228	-0.0000	-0.0020	0.0007	2.0705	2.0242	0.0351	0.0000	0.0000	0.0000	0.0000	0.0000	0.0000	0.0000	0.0000	0.0000	0.0028	0.0027	0.0001	0.0027	0.0027	0.0000	0.0001	0.0000	0.0001	0.0001	0.0001	0.0000	0.0001	0.0001	0.0000	0.0001	0.0001	0.0000	0.0225	0.0092	0.0133	0.0044	0.0044	0.0000	0.0181	0.0048	0.0133	0.5577	0.2600	4.0222	0.2244	0.2456	0.3543	4.1599	inf	3.6278	0.1231	0.2951	0.0046	0.6114	0.6161	0.0655	0.0033	0.0000	0.0045
42	98	0.2306	8	1	1	0	0	0	0	0	0	N	N	N	N	N	N	N	N	N	N	N	N	0.3759	16.3327	0.9398	40.2672	17.5157	2.8283	0.0661	12.7288	0.2979	0.2694	0.0488	1.5683	0.3897	0.0782	2.2374	0.0800	0.0023	0.5319	0.7167	0.0030	1.6687	0.0097	0.0045	0.7911	1.2111	0.0002	1.7855	5.4589	418.7097	0.0001	0.0229	0.0007	4.9999	2.0242	9.0821	0.0001	0.0000	0.0001	0.0001	0.0000	0.0001	0.0000	0.0000	0.0000	0.0922	0.0002	0.0920	0.0005	0.0002	0.0003	0.0917	0.0000	0.0917	0.0004	0.0004	0.0001	0.0003	0.0002	0.0000	0.0002	0.0001	0.0000	0.1287	0.0735	0.0551	0.0530	0.0492	0.0038	0.0757	0.0244	0.0514	0.3759	16.3327	0.9398	40.2672	17.5157	28.8050	0.0661	537.0603	0.2979	0.7167	0.0030	1.6687	0.0097	0.0045	0.0777	1.2111	0.0000	1.7855
43	46	0.1149	4	1	1	1	1	0	0	0	0	N	N	N	N	N	N	N	N	N	N	N	N	0.0000	0.0000	0.0000	0.0000	0.0000	0.0000	0.0000	0.0000	0.0000	0.0000	0.0000	0.0000	0.0000	0.0000	0.0000	0.0000	0.0000	0.0000	0.0000	0.0000	0.0000	0.0000	0.0000	2.0000	0.0000	0.0000	0.0000	0.0000	0.0000	0.0000	0.0000	0.0000	0.0000	0.0000	0.0000	0.0000	0.0000	0.0000	0.0000	0.0000	0.0000	0.0000	0.0000	0.0000	0.0000	0.0000	0.0000	0.0000	0.0000	0.0000	0.0000	0.0000	0.0000	0.0000	0.0000	0.0000	0.0000	0.0000	0.0000	0.0000	0.0000	0.0000	0.0000	0.0000	0.0000	0.0000	0.0000	0.0000	0.0000	0.0000	0.0000	0.0000	0.0000	0.0000	0.0000	0.0000	0.0000	0.0000											
43	47	0.1299	5	1	2	0	1	0	0	0	0	N	Y	N	N	N	N	N	N	N	N	N	N	0.0000	0.0000	0.0000	0.0000	0.0000	0.0000	0.0000	0.0000	0.0000	0.0000	0.0000	0.0000	0.0000	0.0000	0.0000	0.0000	0.0000	0.0000	0.0000	0.0000	0.0000	0.9991	0.0000	2.0273	0.0000	0.0000	0.0000	0.0000	0.0000	0.0000	0.0000	0.0000	0.0000	0.0000	0.0000	0.0000	0.0000	0.0000	0.0000	0.0000	0.0000	0.0000	0.0000	0.0000	0.0000	0.0000	0.0000	0.0000	0.0000	0.0000	0.0000	0.0000	0.0000	0.0000	0.0000	0.0000	0.0000	0.0000	0.0000	0.0000	0.0000	0.0000	0.0000	0.0000	0.0000	0.0000	0.0000	0.0000	0.0000	0.0000	0.0000	0.0000	0.0000	0.0000	0.0000	0.0000	0.0000	0.0000											
43	48	0.0923	4	1	2	0	1	0	0	0	0	N	Y	N	N	N	N	N	N	N	N	N	N	0.0000	0.0000	0.0000	0.0000	0.0000	0.0000	0.0000	0.0000	0.0000	0.0000	0.0000	0.0000	0.0000	0.0000	0.0000	0.0000	0.0000	0.0000	0.0000	0.0000	0.0000	3.1828	0.0000	3.1571	0.0000	0.0000	0.0000	0.0000	0.0000	0.0000	0.0000	0.0000	0.0000	0.0000	0.0000	0.0000	0.0000	0.0000	0.0000	0.0000	0.0000	0.0000	0.0000	0.0000	0.0000	0.0000	0.0000	0.0000	0.0000	0.0000	0.0000	0.0000	0.0000	0.0000	0.0000	0.0000	0.0000	0.0000	0.0000	0.0000	0.0000	0.0000	0.0000	0.0000	0.0000	0.0000	0.0000	0.0000	0.0000	0.0000	0.0000	0.0000	0.0000	0.0000	0.0000	0.0000	0.0000	0.0000											
43	49	0.0881	3	0	2	0	1	0	0	0	0	N	Y	N	N	N	N	N	N	N	N	N	N	0.0000	0.0000	0.0000	0.0000	0.0000	0.0000	0.0000	0.0000	0.0000	0.0000	0.0000	0.0000	0.0000	0.0000	0.0000	0.0000	0.0000	0.0000	0.0000	0.0000	0.0000	0.8922	0.0000	1.0748	0.0000	0.0000	0.0000	0.0000	0.0000	0.0000	0.0000	0.0000	0.0000	0.0000	0.0000	0.0000	0.0000	0.0000	0.0000	0.0000	0.0000	0.0000	0.0000	0.0000	0.0000	0.0000	0.0000	0.0000	0.0000	0.0000	0.0000	0.0000	0.0000	0.0000	0.0000	0.0000	0.0000	0.0000	0.0000	0.0000	0.0000	0.0000	0.0000	0.0000	0.0000	0.0000	0.0000	0.0000	0.0000	0.0000	0.0000	0.0000	0.0000	0.0000	0.0000	0.0000	0.0000	0.0000											
43	50	0.1149	4	0	2	0	1	0	0	0	0	N	Y	N	N	N	N	N	N	N	N	N	N	0.0000	0.0000	0.0000	0.0000	0.0000	0.0000	0.0000	0.0000	0.0000	0.0000	0.0000	0.0000	0.0000	0.0000	0.0000	0.0000	0.0000	0.0000	0.0000	0.0000	0.0000	0.0000	0.0000	0.0000	0.0000	0.0000	0.0000	0.0000	0.0000	0.0000	0.0000	0.0000	0.0000	0.0000	0.0000	0.0000	0.0000	0.0000	0.0000	0.0000	0.0000	0.0000	0.0000	0.0000	0.0000	0.0000	0.0000	0.0000	0.0000	0.0000	0.0000	0.0000	0.0000	0.0000	0.0000	0.0000	0.0000	0.0000	0.0000	0.0000	0.0000	0.0000	0.0000	0.0000	0.0000	0.0000	0.0000	0.0000	0.0000	0.0000	0.0000	0.0000	0.0000	0.0000	0.0000	0.0000	0.0000	0.0000											
43	51	0.1149	4	1	2	0	1	0	0	0	0	N	Y	N	N	N	N	N	N	N	N	N	N	0.0000	0.0000	0.0000	0.0000	0.0000	0.0000	0.0000	0.0000	0.0000	0.0000	0.0000	0.0000	0.0000	0.0000	0.0000	0.0000	0.0000	0.0000	0.0000	0.0000	0.0000	1.0000	0.0000	3.0000	0.0000	0.0000	0.0000	0.0000	0.0000	0.0000	0.0000	0.0000	0.0000	0.0000	0.0000	0.0000	0.0000	0.0000	0.0000	0.0000	0.0000	0.0000	0.0000	0.0000	0.0000	0.0000	0.0000	0.0000	0.0000	0.0000	0.0000	0.0000	0.0000	0.0000	0.0000	0.0000	0.0000	0.0000	0.0000	0.0000	0.0000	0.0000	0.0000	0.0000	0.0000	0.0000	0.0000	0.0000	0.0000	0.0000	0.0000	0.0000	0.0000	0.0000	0.0000	0.0000	0.0000	0.0000											
43	52	0.1010	3	0	1	0	1	0	0	0	0	N	N	N	N	N	N	N	N	N	N	N	N	0.0000	0.0000	0.0000	0.0000	0.0000	0.0000	0.0000	0.0000	0.0000	0.0000	0.0000	0.0000	0.0000	0.0000	0.0000	0.0000	0.0000	0.0000	0.0000	0.0000	0.0000	3.0179	0.0000	1.1627	0.0000	0.0000	0.0000	0.0000	0.0000	0.0000	0.0000	0.0000	0.0000	0.0000	0.0000	0.0000	0.0000	0.0000	0.0000	0.0000	0.0000	0.0000	0.0000	0.0000	0.0000	0.0000	0.0000	0.0000	0.0000	0.0000	0.0000	0.0000	0.0000	0.0000	0.0000	0.0000	0.0000	0.0000	0.0000	0.0000	0.0000	0.0000	0.0000	0.0000	0.0000	0.0000	0.0000	0.0000	0.0000	0.0000	0.0000	0.0000	0.0000	0.0000	0.0000	0.0000	0.0000	0.0000											
43	53	0.1149	4	1	2	1	1	0	0	0	0	N	Y	N	N	N	N	N	N	N	N	N	N	0.0000	0.0000	0.0000	0.0000	0.0000	0.0000	0.0000	0.0000	0.0000	0.0000	0.0000	0.0000	0.0000	0.0000	0.0000	0.0000	0.0000	0.0000	0.0000	0.0000	0.0000	4.0000	0.0000	1.0000	0.0000	0.0000	0.0000	0.0000	0.0000	0.0000	0.0000	0.0000	0.0000	0.0000	0.0000	0.0000	0.0000	0.0000	0.0000	0.0000	0.0000	0.0000	0.0000	0.0000	0.0000	0.0000	0.0000	0.0000	0.0000	0.0000	0.0000	0.0000	0.0000	0.0000	0.0000	0.0000	0.0000	0.0000	0.0000	0.0000	0.0000	0.0000	0.0000	0.0000	0.0000	0.0000	0.0000	0.0000	0.0000	0.0000	0.0000	0.0000	0.0000	0.0000	0.0000	0.0000	0.0000	0.0000											
43	54	0.1010	3	0	2	0	1	0	0	0	0	N	Y	N	N	N	N	N	N	N	N	N	N	0.0000	0.0000	0.0000	0.0000	0.0000	0.0000	0.0000	0.0000	0.0000	0.0000	0.0000	0.0000	0.0000	0.0000	0.0000	0.0000	0.0000	0.0000	0.0000	0.0000	0.0000	2.0683	0.0000	6.9961	0.0000	0.0000	0.0000	0.0000	0.0000	0.0000	0.0000	0.0000	0.0000	0.0000	0.0000	0.0000	0.0000	0.0000	0.0000	0.0000	0.0000	0.0000	0.0000	0.0000	0.0000	0.0000	0.0000	0.0000	0.0000	0.0000	0.0000	0.0000	0.0000	0.0000	0.0000	0.0000	0.0000	0.0000	0.0000	0.0000	0.0000	0.0000	0.0000	0.0000	0.0000	0.0000	0.0000	0.0000	0.0000	0.0000	0.0000	0.0000	0.0000	0.0000	0.0000	0.0000	0.0000	0.0000											
43	55	0.0444	2	0	1	0	1	0	0	0	0	N	N	N	N	N	N	N	N	N	N	N	N	0.0000	0.0000	0.0000	0.0000	0.0000	0.0000	0.0000	0.0000	0.0000	0.0000	0.0000	0.0000	0.0000	0.0000	0.0000	0.0000	0.0000	0.0000	0.0000	0.0000	0.0000	3.9265	0.0000	5.0808	0.0000	0.0000	0.0000	0.0000	0.0000	0.0000	0.0000	0.0000	0.0000	0.0000	0.0000	0.0000	0.0000	0.0000	0.0000	0.0000	0.0000	0.0000	0.0000	0.0000	0.0000	0.0000	0.0000	0.0000	0.0000	0.0000	0.0000	0.0000	0.0000	0.0000	0.0000	0.0000	0.0000	0.0000	0.0000	0.0000	0.0000	0.0000	0.0000	0.0000	0.0000	0.0000	0.0000	0.0000	0.0000	0.0000	0.0000	0.0000	0.0000	0.0000	0.0000	0.0000	0.0000	0.0000											
43	56	0.1149	4	1	1	1	1	0	0	0	0	N	N	N	N	N	N	N	N	N	N	N	N	0.0000	0.0000	0.0000	0.0000	0.0000	0.0000	0.0000	0.0000	0.0000	0.0000	0.0000	0.0000	0.0000	0.0000	0.0000	0.0000	0.0000	0.0000	0.0000	0.0000	0.0000	4.0000	0.0000	7.0000	0.0000	0.0000	0.0000	0.0000	0.0000	0.0000	0.0000	0.0000	0.0000	0.0000	0.0000	0.0000	0.0000	0.0000	0.0000	0.0000	0.0000	0.0000	0.0000	0.0000	0.0000	0.0000	0.0000	0.0000	0.0000	0.0000	0.0000	0.0000	0.0000	0.0000	0.0000	0.0000	0.0000	0.0000	0.0000	0.0000	0.0000	0.0000	0.0000	0.0000	0.0000	0.0000	0.0000	0.0000	0.0000	0.0000	0.0000	0.0000	0.0000	0.0000	0.0000	0.0000	0.0000	0.0000											
43	57	0.1795	7	0	2	0	1	0	0	0	0	N	Y	N	N	N	N	N	N	N	N	N	N	0.0000	0.0000	0.0000	0.0000	0.0000	0.0000	0.0000	0.0000	0.0000	0.0000	0.0000	0.0000	0.0000	0.0000	0.0000	0.0000	0.0000	0.0000	0.0000	0.0000	0.0000	9.7645	0.0000	7.4558	0.0000	0.0000	0.0000	0.0000	0.0000	0.0000	0.0000	0.0000	0.0000	0.0000	0.0000	0.0000	0.0000	0.0000	0.0000	0.0000	0.0000	0.0000	0.0000	0.0000	0.0000	0.0000	0.0000	0.0000	0.0000	0.0000	0.0000	0.0000	0.0000	0.0000	0.0000	0.0000	0.0000	0.0000	0.0000	0.0000	0.0000	0.0000	0.0000	0.0000	0.0000	0.0000	0.0000	0.0000	0.0000	0.0000	0.0000	0.0000	0.0000	0.0000	0.0000	0.0000	0.0000	0.0000											
43	58	0.2351	8	0	1	1	1	0	0	0	0	N	N	N	N	N	N	N	N	N	N	N	N	0.0000	0.0000	0.0000	0.0000	0.0000	0.0000	0.0000	0.0000	0.0000	0.0000	0.0000	0.0000	0.0000	0.0000	0.0000	0.0000	0.0000	0.0000	0.0000	0.0000	0.0000	1.0009	0.0000	0.0163	0.0000	0.0000	0.0000	0.0000	0.0000	0.0000	0.0000	0.0000	0.0000	0.0000	0.0000	0.0000	0.0000	0.0000	0.0000	0.0000	0.0000	0.0000	0.0000	0.0000	0.0000	0.0000	0.0000	0.0000	0.0000	0.0000	0.0000	0.0000	0.0000	0.0000	0.0000	0.0000	0.0000	0.0000	0.0000	0.0000	0.0000	0.0000	0.0000	0.0000	0.0000	0.0000	0.0000	0.0000	0.0000	0.0000	0.0000	0.0000	0.0000	0.0000	0.0000	0.0000	0.0000	0.0000											
43	59	0.2197	7	0	1	0	1	0	0	0	0	N	N	N	N	N	N	N	N	N	N	N	N	0.0000	0.0000	0.0000	0.0000	0.0000	0.0000	0.0000	0.0000	0.0000	0.0000	0.0000	0.0000	0.0000	0.0000	0.0000	0.0000	0.0000	0.0000	0.0000	0.0000	0.0000	1.9961	0.0000	0.0521	0.0000	0.0000	0.0000	0.0000	0.0000	0.0000	0.0000	0.0000	0.0000	0.0000	0.0000	0.0000	0.0000	0.0000	0.0000	0.0000	0.0000	0.0000	0.0000	0.0000	0.0000	0.0000	0.0000	0.0000	0.0000	0.0000	0.0000	0.0000	0.0000	0.0000	0.0000	0.0000	0.0000	0.0000	0.0000	0.0000	0.0000	0.0000	0.0000	0.0000	0.0000	0.0000	0.0000	0.0000	0.0000	0.0000	0.0000	0.0000	0.0000	0.0000	0.0000	0.0000	0.0000	0.0000											
43	60	0.2120	6	0	1	0	1	0	0	0	0	N	N	N	N	N	N	N	N	N	N	N	N	0.0000	0.0000	0.0000	0.0000	0.0000	0.0000	0.0000	0.0000	0.0000	0.0000	0.0000	0.0000	0.0000	0.0000	0.0000	0.0000	0.0000	0.0000	0.0000	0.0000	0.0000	0.0081	0.0000	1.0507	0.0000	0.0000	0.0000	0.0000	0.0000	0.0000	0.0000	0.0000	0.0000	0.0000	0.0000	0.0000	0.0000	0.0000	0.0000	0.0000	0.0000	0.0000	0.0000	0.0000	0.0000	0.0000	0.0000	0.0000	0.0000	0.0000	0.0000	0.0000	0.0000	0.0000	0.0000	0.0000	0.0000	0.0000	0.0000	0.0000	0.0000	0.0000	0.0000	0.0000	0.0000	0.0000	0.0000	0.0000	0.0000	0.0000	0.0000	0.0000	0.0000	0.0000	0.0000	0.0000	0.0000	0.0000											
43	61	0.1632	5	0	1	0	1	0	0	0	0	N	N	N	N	N	N	N	N	N	N	N	N	0.0000	0.0000	0.0000	0.0000	0.0000	0.0000	0.0000	0.0000	0.0000	0.0000	0.0000	0.0000	0.0000	0.0000	0.0000	0.0000	0.0000	0.0000	0.0000	0.0000	0.0000	3.0167	0.0000	3.2580	0.0000	0.0000	0.0000	0.0000	0.0000	0.0000	0.0000	0.0000	0.0000	0.0000	0.0000	0.0000	0.0000	0.0000	0.0000	0.0000	0.0000	0.0000	0.0000	0.0000	0.0000	0.0000	0.0000	0.0000	0.0000	0.0000	0.0000	0.0000	0.0000	0.0000	0.0000	0.0000	0.0000	0.0000	0.0000	0.0000	0.0000	0.0000	0.0000	0.0000	0.0000	0.0000	0.0000	0.0000	0.0000	0.0000	0.0000	0.0000	0.0000	0.0000	0.0000	0.0000	0.0000	0.0000											
43	62	0.0884	4	0	2	0	1	0	0	0	0	N	Y	N	N	N	N	N	N	N	N	N	N	0.0000	0.0000	0.0000	0.0000	0.0000	0.0000	0.0000	0.0000	0.0000	0.0000	0.0000	0.0000	0.0000	0.0000	0.0000	0.0000	0.0000	0.0000	0.0000	0.0000	0.0000	3.3327	0.0000	4.3103	0.0000	0.0000	0.0000	0.0000	0.0000	0.0000	0.0000	0.0000	0.0000	0.0000	0.0000	0.0000	0.0000	0.0000	0.0000	0.0000	0.0000	0.0000	0.0000	0.0000	0.0000	0.0000	0.0000	0.0000	0.0000	0.0000	0.0000	0.0000	0.0000	0.0000	0.0000	0.0000	0.0000	0.0000	0.0000	0.0000	0.0000	0.0000	0.0000	0.0000	0.0000	0.0000	0.0000	0.0000	0.0000	0.0000	0.0000	0.0000	0.0000	0.0000	0.0000	0.0000	0.0000	0.0000											
43	63	0.0644	3	0	1	0	1	0	0	0	0	N	N	N	N	N	N	N	N	N	N	N	N	0.0000	0.0000	0.0000	0.0000	0.0000	0.0000	0.0000	0.0000	0.0000	0.0000	0.0000	0.0000	0.0000	0.0000	0.0000	0.0000	0.0000	0.0000	0.0000	0.0000	0.0000	3.2669	0.0000	2.4507	0.0000	0.0000	0.0000	0.0000	0.0000	0.0000	0.0000	0.0000	0.0000	0.0000	0.0000	0.0000	0.0000	0.0000	0.0000	0.0000	0.0000	0.0000	0.0000	0.0000	0.0000	0.0000	0.0000	0.0000	0.0000	0.0000	0.0000	0.0000	0.0000	0.0000	0.0000	0.0000	0.0000	0.0000	0.0000	0.0000	0.0000	0.0000	0.0000	0.0000	0.0000	0.0000	0.0000	0.0000	0.0000	0.0000	0.0000	0.0000	0.0000	0.0000	0.0000	0.0000	0.0000	0.0000											
43	64	0.1488	7	1	1	1	1	0	0	0	0	N	N	N	N	N	N	N	N	N	N	N	N	0.0000	0.0000	0.0000	0.0000	0.0000	0.0000	0.0000	0.0000	0.0000	0.0000	0.0000	0.0000	0.0000	0.0000	0.0000	0.0000	0.0000	0.0000	0.0000	0.0000	0.0000	0.0000	0.0000	1.0000	0.0000	0.0000	0.0000	0.0000	0.0000	0.0000	0.0000	0.0000	0.0000	0.0000	0.0000	0.0000	0.0000	0.0000	0.0000	0.0000	0.0000	0.0000	0.0000	0.0000	0.0000	0.0000	0.0000	0.0000	0.0000	0.0000	0.0000	0.0000	0.0000	0.0000	0.0000	0.0000	0.0000	0.0000	0.0000	0.0000	0.0000	0.0000	0.0000	0.0000	0.0000	0.0000	0.0000	0.0000	0.0000	0.0000	0.0000	0.0000	0.0000	0.0000	0.0000	0.0000	0.0000	0.0000											
43	65	0.1488	6	1	1	1	1	0	0	0	0	N	N	N	N	N	N	N	N	N	N	N	N	0.0000	0.0000	0.0000	0.0000	0.0000	0.0000	0.0000	0.0000	0.0000	0.0000	0.0000	0.0000	0.0000	0.0000	0.0000	0.0000	0.0000	0.0000	0.0000	0.0000	0.0000	0.0000	0.0000	0.0001	0.0000	0.0000	0.0000	0.0000	0.0000	0.0000	0.0000	0.0000	0.0000	0.0000	0.0000	0.0000	0.0000	0.0000	0.0000	0.0000	0.0000	0.0000	0.0000	0.0000	0.0000	0.0000	0.0000	0.0000	0.0000	0.0000	0.0000	0.0000	0.0000	0.0000	0.0000	0.0000	0.0000	0.0000	0.0000	0.0000	0.0000	0.0000	0.0000	0.0000	0.0000	0.0000	0.0000	0.0000	0.0000	0.0000	0.0000	0.0000	0.0000	0.0000	0.0000	0.0000	0.0000	0.0000											
43	66	0.1365	5	1	1	1	1	0	0	0	0	N	N	N	N	N	N	N	N	N	N	N	N	0.0000	0.0000	0.0000	0.0000	0.0000	0.0000	0.0000	0.0000	0.0000	0.0000	0.0000	0.0000	0.0000	0.0000	0.0000	0.0000	0.0000	0.0000	0.0000	0.0000	0.0000	1.9720	0.0000	0.0923	0.0000	0.0000	0.0000	0.0000	0.0000	0.0000	0.0000	0.0000	0.0000	0.0000	0.0000	0.0000	0.0000	0.0000	0.0000	0.0000	0.0000	0.0000	0.0000	0.0000	0.0000	0.0000	0.0000	0.0000	0.0000	0.0000	0.0000	0.0000	0.0000	0.0000	0.0000	0.0000	0.0000	0.0000	0.0000	0.0000	0.0000	0.0000	0.0000	0.0000	0.0000	0.0000	0.0000	0.0000	0.0000	0.0000	0.0000	0.0000	0.0000	0.0000	0.0000	0.0000	0.0000	0.0000											
43	67	0.1149	4	1	1	1	1	0	0	0	0	N	N	N	N	N	N	N	N	N	N	N	N	0.0000	0.0000	0.0000	0.0000	0.0000	0.0000	0.0000	0.0000	0.0000	0.0000	0.0000	0.0000	0.0000	0.0000	0.0000	0.0000	0.0000	0.0000	0.0000	0.0000	0.0000	3.0650	0.0000	1.0636	0.0000	0.0000	0.0000	0.0000	0.0000	0.0000	0.0000	0.0000	0.0000	0.0000	0.0000	0.0000	0.0000	0.0000	0.0000	0.0000	0.0000	0.0000	0.0000	0.0000	0.0000	0.0000	0.0000	0.0000	0.0000	0.0000	0.0000	0.0000	0.0000	0.0000	0.0000	0.0000	0.0000	0.0000	0.0000	0.0000	0.0000	0.0000	0.0000	0.0000	0.0000	0.0000	0.0000	0.0000	0.0000	0.0000	0.0000	0.0000	0.0000	0.0000	0.0000	0.0000	0.0000	0.0000											
43	68	0.1219	4	0	2	0	2	0	0	0	0	N	Y	N	Y	N	N	N	N	N	N	N	N	0.0000	0.0000	0.0000	0.0000	0.0000	0.0000	0.0000	0.0000	0.0000	0.0000	0.0000	0.0000	0.0000	0.0000	0.0000	0.0000	0.0000	0.0000	0.0000	0.0000	0.0000	2.7513	0.0000	4.0954	0.0000	0.0000	0.0000	0.0000	0.0000	0.0000	0.0000	0.0000	0.0000	0.0000	0.0000	0.0000	0.0000	0.0000	0.0000	0.0000	0.0000	0.0000	0.0000	0.0000	0.0000	0.0000	0.0000	0.0000	0.0000	0.0000	0.0000	0.0000	0.0000	0.0000	0.0000	0.0000	0.0000	0.0000	0.0000	0.0000	0.0000	0.0000	0.0000	0.0000	0.0000	0.0000	0.0000	0.0000	0.0000	0.0000	0.0000	0.0000	0.0000	0.0000	0.0000	0.0000	0.0000	0.0000											
43	69	0.0444	2	0	2	0	1	0	0	0	0	N	Y	N	N	N	N	N	N	N	N	N	N	0.0000	0.0000	0.0000	0.0000	0.0000	0.0000	0.0000	0.0000	0.0000	0.0000	0.0000	0.0000	0.0000	0.0000	0.0000	0.0000	0.0000	0.0000	0.0000	0.0000	0.0000	9.9334	0.0000	8.9999	0.0000	0.0000	0.0000	0.0000	0.0000	0.0000	0.0000	0.0000	0.0000	0.0000	0.0000	0.0000	0.0000	0.0000	0.0000	0.0000	0.0000	0.0000	0.0000	0.0000	0.0000	0.0000	0.0000	0.0000	0.0000	0.0000	0.0000	0.0000	0.0000	0.0000	0.0000	0.0000	0.0000	0.0000	0.0000	0.0000	0.0000	0.0000	0.0000	0.0000	0.0000	0.0000	0.0000	0.0000	0.0000	0.0000	0.0000	0.0000	0.0000	0.0000	0.0000	0.0000	0.0000	0.0000											
43	70	0.0444	2	0	2	0	1	0	0	0	0	N	Y	N	N	N	N	N	N	N	N	N	N	0.0000	0.0000	0.0000	0.0000	0.0000	0.0000	0.0000	0.0000	0.0000	0.0000	0.0000	0.0000	0.0000	0.0000	0.0000	0.0000	0.0000	0.0000	0.0000	0.0000	0.0000	0.0666	0.0000	4.0001	0.0000	0.0000	0.0000	0.0000	0.0000	0.0000	0.0000	0.0000	0.0000	0.0000	0.0000	0.0000	0.0000	0.0000	0.0000	0.0000	0.0000	0.0000	0.0000	0.0000	0.0000	0.0000	0.0000	0.0000	0.0000	0.0000	0.0000	0.0000	0.0000	0.0000	0.0000	0.0000	0.0000	0.0000	0.0000	0.0000	0.0000	0.0000	0.0000	0.0000	0.0000	0.0000	0.0000	0.0000	0.0000	0.0000	0.0000	0.0000	0.0000	0.0000	0.0000	0.0000	0.0000	0.0000											
43	71	0.1149	4	0	2	0	1	0	0	0	0	N	Y	N	N	N	N	N	N	N	N	N	N	0.0000	0.0000	0.0000	0.0000	0.0000	0.0000	0.0000	0.0000	0.0000	0.0000	0.0000	0.0000	0.0000	0.0000	0.0000	0.0000	0.0000	0.0000	0.0000	0.0000	0.0000	2.0000	0.0000	3.0000	0.0000	0.0000	0.0000	0.0000	0.0000	0.0000	0.0000	0.0000	0.0000	0.0000	0.0000	0.0000	0.0000	0.0000	0.0000	0.0000	0.0000	0.0000	0.0000	0.0000	0.0000	0.0000	0.0000	0.0000	0.0000	0.0000	0.0000	0.0000	0.0000	0.0000	0.0000	0.0000	0.0000	0.0000	0.0000	0.0000	0.0000	0.0000	0.0000	0.0000	0.0000	0.0000	0.0000	0.0000	0.0000	0.0000	0.0000	0.0000	0.0000	0.0000	0.0000	0.0000	0.0000	0.0000											
43	72	0.0881	3	0	1	0	1	0	0	0	0	N	N	N	N	N	N	N	N	N	N	N	N	0.0000	0.0000	0.0000	0.0000	0.0000	0.0000	0.0000	0.0000	0.0000	0.0000	0.0000	0.0000	0.0000	0.0000	0.0000	0.0000	0.0000	0.0000	0.0000	0.0000	0.0000	4.7932	0.0000	0.2507	0.0000	0.0000	0.0000	0.0000	0.0000	0.0000	0.0000	0.0000	0.0000	0.0000	0.0000	0.0000	0.0000	0.0000	0.0000	0.0000	0.0000	0.0000	0.0000	0.0000	0.0000	0.0000	0.0000	0.0000	0.0000	0.0000	0.0000	0.0000	0.0000	0.0000	0.0000	0.0000	0.0000	0.0000	0.0000	0.0000	0.0000	0.0000	0.0000	0.0000	0.0000	0.0000	0.0000	0.0000	0.0000	0.0000	0.0000	0.0000	0.0000	0.0000	0.0000	0.0000	0.0000	0.0000											
43	73	0.0444	2	0	1	0	1	0	0	0	0	N	N	N	N	N	N	N	N	N	N	N	N	0.0000	0.0000	0.0000	0.0000	0.0000	0.0000	0.0000	0.0000	0.0000	0.0000	0.0000	0.0000	0.0000	0.0000	0.0000	0.0000	0.0000	0.0000	0.0000	0.0000	0.0000	4.9764	0.0000	2.9948	0.0000	0.0000	0.0000	0.0000	0.0000	0.0000	0.0000	0.0000	0.0000	0.0000	0.0000	0.0000	0.0000	0.0000	0.0000	0.0000	0.0000	0.0000	0.0000	0.0000	0.0000	0.0000	0.0000	0.0000	0.0000	0.0000	0.0000	0.0000	0.0000	0.0000	0.0000	0.0000	0.0000	0.0000	0.0000	0.0000	0.0000	0.0000	0.0000	0.0000	0.0000	0.0000	0.0000	0.0000	0.0000	0.0000	0.0000	0.0000	0.0000	0.0000	0.0000	0.0000	0.0000	0.0000											
43	74	0.0644	3	0	2	0	1	0	0	0	0	N	Y	N	N	N	N	N	N	N	N	N	N	0.0000	0.0000	0.0000	0.0000	0.0000	0.0000	0.0000	0.0000	0.0000	0.0000	0.0000	0.0000	0.0000	0.0000	0.0000	0.0000	0.0000	0.0000	0.0000	0.0000	0.0000	1.8678	0.0000	4.6278	0.0000	0.0000	0.0000	0.0000	0.0000	0.0000	0.0000	0.0000	0.0000	0.0000	0.0000	0.0000	0.0000	0.0000	0.0000	0.0000	0.0000	0.0000	0.0000	0.0000	0.0000	0.0000	0.0000	0.0000	0.0000	0.0000	0.0000	0.0000	0.0000	0.0000	0.0000	0.0000	0.0000	0.0000	0.0000	0.0000	0.0000	0.0000	0.0000	0.0000	0.0000	0.0000	0.0000	0.0000	0.0000	0.0000	0.0000	0.0000	0.0000	0.0000	0.0000	0.0000	0.0000	0.0000											
43	75	0.0444	2	0	1	0	1	0	0	0	0	N	N	N	N	N	N	N	N	N	N	N	N	0.0000	0.0000	0.0000	0.0000	0.0000	0.0000	0.0000	0.0000	0.0000	0.0000	0.0000	0.0000	0.0000	0.0000	0.0000	0.0000	0.0000	0.0000	0.0000	0.0000	0.0000	4.7010	0.0000	0.6064	0.0000	0.0000	0.0000	0.0000	0.0000	0.0000	0.0000	0.0000	0.0000	0.0000	0.0000	0.0000	0.0000	0.0000	0.0000	0.0000	0.0000	0.0000	0.0000	0.0000	0.0000	0.0000	0.0000	0.0000	0.0000	0.0000	0.0000	0.0000	0.0000	0.0000	0.0000	0.0000	0.0000	0.0000	0.0000	0.0000	0.0000	0.0000	0.0000	0.0000	0.0000	0.0000	0.0000	0.0000	0.0000	0.0000	0.0000	0.0000	0.0000	0.0000	0.0000	0.0000	0.0000	0.0000											
43	78	0.1681	6	1	2	0	2	0	0	0	0	N	Y	N	Y	N	N	N	N	N	N	N	N	0.0000	0.0000	0.0000	0.0000	0.0000	0.0000	0.0000	0.0000	0.0000	0.0000	0.0000	0.0000	0.0000	0.0000	0.0000	0.0000	0.0000	0.0000	0.0000	0.0000	0.0000	1.0000	0.0000	2.0144	0.0000	0.0000	0.0000	0.0000	0.0000	0.0000	0.0000	0.0000	0.0000	0.0000	0.0000	0.0000	0.0000	0.0000	0.0000	0.0000	0.0000	0.0000	0.0000	0.0000	0.0000	0.0000	0.0000	0.0000	0.0000	0.0000	0.0000	0.0000	0.0000	0.0000	0.0000	0.0000	0.0000	0.0000	0.0000	0.0000	0.0000	0.0000	0.0000	0.0000	0.0000	0.0000	0.0000	0.0000	0.0000	0.0000	0.0000	0.0000	0.0000	0.0000	0.0000	0.0000	0.0000	0.0000											
43	79	0.1458	5	1	2	0	2	0	0	0	0	N	Y	N	Y	N	N	N	N	N	N	N	N	0.0000	0.0000	0.0000	0.0000	0.0000	0.0000	0.0000	0.0000	0.0000	0.0000	0.0000	0.0000	0.0000	0.0000	0.0000	0.0000	0.0000	0.0000	0.0000	0.0000	0.0000	0.0001	0.0000	3.0180	0.0000	0.0000	0.0000	0.0000	0.0000	0.0000	0.0000	0.0000	0.0000	0.0000	0.0000	0.0000	0.0000	0.0000	0.0000	0.0000	0.0000	0.0000	0.0000	0.0000	0.0000	0.0000	0.0000	0.0000	0.0000	0.0000	0.0000	0.0000	0.0000	0.0000	0.0000	0.0000	0.0000	0.0000	0.0000	0.0000	0.0000	0.0000	0.0000	0.0000	0.0000	0.0000	0.0000	0.0000	0.0000	0.0000	0.0000	0.0000	0.0000	0.0000	0.0000	0.0000	0.0000	0.0000											
43	80	0.1678	7	0	2	0	2	0	0	0	0	N	Y	N	Y	N	N	N	N	N	N	N	N	0.0000	0.0000	0.0000	0.0000	0.0000	0.0000	0.0000	0.0000	0.0000	0.0000	0.0000	0.0000	0.0000	0.0000	0.0000	0.0000	0.0000	0.0000	0.0000	0.0000	0.0000	0.0000	0.0000	0.0000	0.0000	0.0000	0.0000	0.0000	0.0000	0.0000	0.0000	0.0000	0.0000	0.0000	0.0000	0.0000	0.0000	0.0000	0.0000	0.0000	0.0000	0.0000	0.0000	0.0000	0.0000	0.0000	0.0000	0.0000	0.0000	0.0000	0.0000	0.0000	0.0000	0.0000	0.0000	0.0000	0.0000	0.0000	0.0000	0.0000	0.0000	0.0000	0.0000	0.0000	0.0000	0.0000	0.0000	0.0000	0.0000	0.0000	0.0000	0.0000	0.0000	0.0000	0.0000	0.0000	0.0000	0.0000											
43	81	0.1458	5	0	1	1	2	0	0	0	0	N	N	N	Y	N	N	N	N	N	N	N	N	0.0000	0.0000	0.0000	0.0000	0.0000	0.0000	0.0000	0.0000	0.0000	0.0000	0.0000	0.0000	0.0000	0.0000	0.0000	0.0000	0.0000	0.0000	0.0000	0.0000	0.0000	2.0000	0.0000	0.0000	0.0000	0.0000	0.0000	0.0000	0.0000	0.0000	0.0000	0.0000	0.0000	0.0000	0.0000	0.0000	0.0000	0.0000	0.0000	0.0000	0.0000	0.0000	0.0000	0.0000	0.0000	0.0000	0.0000	0.0000	0.0000	0.0000	0.0000	0.0000	0.0000	0.0000	0.0000	0.0000	0.0000	0.0000	0.0000	0.0000	0.0000	0.0000	0.0000	0.0000	0.0000	0.0000	0.0000	0.0000	0.0000	0.0000	0.0000	0.0000	0.0000	0.0000	0.0000	0.0000	0.0000	0.0000											
43	82	0.1458	5	0	1	1	2	0	0	0	0	N	N	N	Y	N	N	N	N	N	N	N	N	0.0000	0.0000	0.0000	0.0000	0.0000	0.0000	0.0000	0.0000	0.0000	0.0000	0.0000	0.0000	0.0000	0.0000	0.0000	0.0000	0.0000	0.0000	0.0000	0.0000	0.0000	0.0000	0.0000	4.0000	0.0000	0.0000	0.0000	0.0000	0.0000	0.0000	0.0000	0.0000	0.0000	0.0000	0.0000	0.0000	0.0000	0.0000	0.0000	0.0000	0.0000	0.0000	0.0000	0.0000	0.0000	0.0000	0.0000	0.0000	0.0000	0.0000	0.0000	0.0000	0.0000	0.0000	0.0000	0.0000	0.0000	0.0000	0.0000	0.0000	0.0000	0.0000	0.0000	0.0000	0.0000	0.0000	0.0000	0.0000	0.0000	0.0000	0.0000	0.0000	0.0000	0.0000	0.0000	0.0000	0.0000	0.0000											
43	83	0.1678	7	0	1	1	2	0	0	0	0	N	N	N	Y	N	N	N	N	N	N	N	N	0.0000	0.0000	0.0000	0.0000	0.0000	0.0000	0.0000	0.0000	0.0000	0.0000	0.0000	0.0000	0.0000	0.0000	0.0000	0.0000	0.0000	0.0000	0.0000	0.0000	0.0000	0.0000	0.0000	2.0000	0.0000	0.0000	0.0000	0.0000	0.0000	0.0000	0.0000	0.0000	0.0000	0.0000	0.0000	0.0000	0.0000	0.0000	0.0000	0.0000	0.0000	0.0000	0.0000	0.0000	0.0000	0.0000	0.0000	0.0000	0.0000	0.0000	0.0000	0.0000	0.0000	0.0000	0.0000	0.0000	0.0000	0.0000	0.0000	0.0000	0.0000	0.0000	0.0000	0.0000	0.0000	0.0000	0.0000	0.0000	0.0000	0.0000	0.0000	0.0000	0.0000	0.0000	0.0000	0.0000	0.0000	0.0000											
43	84	0.1605	6	0	1	0	2	0	0	0	0	N	N	N	Y	N	N	N	N	N	N	N	N	0.0000	0.0000	0.0000	0.0000	0.0000	0.0000	0.0000	0.0000	0.0000	0.0000	0.0000	0.0000	0.0000	0.0000	0.0000	0.0000	0.0000	0.0000	0.0000	0.0000	0.0000	1.0000	0.0000	0.0015	0.0000	0.0000	0.0000	0.0000	0.0000	0.0000	0.0000	0.0000	0.0000	0.0000	0.0000	0.0000	0.0000	0.0000	0.0000	0.0000	0.0000	0.0000	0.0000	0.0000	0.0000	0.0000	0.0000	0.0000	0.0000	0.0000	0.0000	0.0000	0.0000	0.0000	0.0000	0.0000	0.0000	0.0000	0.0000	0.0000	0.0000	0.0000	0.0000	0.0000	0.0000	0.0000	0.0000	0.0000	0.0000	0.0000	0.0000	0.0000	0.0000	0.0000	0.0000	0.0000	0.0000	0.0000											
43	85	0.1458	5	0	1	0	2	0	0	0	0	N	N	N	Y	N	N	N	N	N	N	N	N	0.0000	0.0000	0.0000	0.0000	0.0000	0.0000	0.0000	0.0000	0.0000	0.0000	0.0000	0.0000	0.0000	0.0000	0.0000	0.0000	0.0000	0.0000	0.0000	0.0000	0.0000	0.0000	0.0000	2.0013	0.0000	0.0000	0.0000	0.0000	0.0000	0.0000	0.0000	0.0000	0.0000	0.0000	0.0000	0.0000	0.0000	0.0000	0.0000	0.0000	0.0000	0.0000	0.0000	0.0000	0.0000	0.0000	0.0000	0.0000	0.0000	0.0000	0.0000	0.0000	0.0000	0.0000	0.0000	0.0000	0.0000	0.0000	0.0000	0.0000	0.0000	0.0000	0.0000	0.0000	0.0000	0.0000	0.0000	0.0000	0.0000	0.0000	0.0000	0.0000	0.0000	0.0000	0.0000	0.0000	0.0000	0.0000											
43	86	0.1857	5	1	2	0	1	0	0	0	0	N	Y	N	N	N	N	N	N	N	N	N	N	0.0000	0.0000	0.0000	0.0000	0.0000	0.0000	0.0000	0.0000	0.0000	0.0000	0.0000	0.0000	0.0000	0.0000	0.0000	0.0000	0.0000	0.0000	0.0000	0.0000	0.0000	0.0007	0.0000	0.9812	0.0000	0.0000	0.0000	0.0000	0.0000	0.0000	0.0000	0.0000	0.0000	0.0000	0.0000	0.0000	0.0000	0.0000	0.0000	0.0000	0.0000	0.0000	0.0000	0.0000	0.0000	0.0000	0.0000	0.0000	0.0000	0.0000	0.0000	0.0000	0.0000	0.0000	0.0000	0.0000	0.0000	0.0000	0.0000	0.0000	0.0000	0.0000	0.0000	0.0000	0.0000	0.0000	0.0000	0.0000	0.0000	0.0000	0.0000	0.0000	0.0000	0.0000	0.0000	0.0000	0.0000	0.0000											
43	87	0.1299	4	1	2	0	1	0	0	0	0	N	Y	N	N	N	N	N	N	N	N	N	N	0.0000	0.0000	0.0000	0.0000	0.0000	0.0000	0.0000	0.0000	0.0000	0.0000	0.0000	0.0000	0.0000	0.0000	0.0000	0.0000	0.0000	0.0000	0.0000	0.0000	0.0000	5.0272	0.0000	2.1572	0.0000	0.0000	0.0000	0.0000	0.0000	0.0000	0.0000	0.0000	0.0000	0.0000	0.0000	0.0000	0.0000	0.0000	0.0000	0.0000	0.0000	0.0000	0.0000	0.0000	0.0000	0.0000	0.0000	0.0000	0.0000	0.0000	0.0000	0.0000	0.0000	0.0000	0.0000	0.0000	0.0000	0.0000	0.0000	0.0000	0.0000	0.0000	0.0000	0.0000	0.0000	0.0000	0.0000	0.0000	0.0000	0.0000	0.0000	0.0000	0.0000	0.0000	0.0000	0.0000	0.0000	0.0000											
43	88	0.1831	6	0	2	0	1	0	0	0	0	N	Y	N	N	N	N	N	N	N	N	N	N	0.0000	0.0000	0.0000	0.0000	0.0000	0.0000	0.0000	0.0000	0.0000	0.0000	0.0000	0.0000	0.0000	0.0000	0.0000	0.0000	0.0000	0.0000	0.0000	0.0000	0.0000	0.0000	0.0000	4.0000	0.0000	0.0000	0.0000	0.0000	0.0000	0.0000	0.0000	0.0000	0.0000	0.0000	0.0000	0.0000	0.0000	0.0000	0.0000	0.0000	0.0000	0.0000	0.0000	0.0000	0.0000	0.0000	0.0000	0.0000	0.0000	0.0000	0.0000	0.0000	0.0000	0.0000	0.0000	0.0000	0.0000	0.0000	0.0000	0.0000	0.0000	0.0000	0.0000	0.0000	0.0000	0.0000	0.0000	0.0000	0.0000	0.0000	0.0000	0.0000	0.0000	0.0000	0.0000	0.0000	0.0000	0.0000											
43	89	0.1458	5	0	2	0	1	0	0	0	0	N	Y	N	N	N	N	N	N	N	N	N	N	0.0000	0.0000	0.0000	0.0000	0.0000	0.0000	0.0000	0.0000	0.0000	0.0000	0.0000	0.0000	0.0000	0.0000	0.0000	0.0000	0.0000	0.0000	0.0000	0.0000	0.0000	3.0000	0.0000	2.0000	0.0000	0.0000	0.0000	0.0000	0.0000	0.0000	0.0000	0.0000	0.0000	0.0000	0.0000	0.0000	0.0000	0.0000	0.0000	0.0000	0.0000	0.0000	0.0000	0.0000	0.0000	0.0000	0.0000	0.0000	0.0000	0.0000	0.0000	0.0000	0.0000	0.0000	0.0000	0.0000	0.0000	0.0000	0.0000	0.0000	0.0000	0.0000	0.0000	0.0000	0.0000	0.0000	0.0000	0.0000	0.0000	0.0000	0.0000	0.0000	0.0000	0.0000	0.0000	0.0000	0.0000	0.0000											
43	90	0.1458	5	1	2	0	1	0	0	0	0	N	Y	N	N	N	N	N	N	N	N	N	N	0.0000	0.0000	0.0000	0.0000	0.0000	0.0000	0.0000	0.0000	0.0000	0.0000	0.0000	0.0000	0.0000	0.0000	0.0000	0.0000	0.0000	0.0000	0.0000	0.0000	0.0000	2.0000	0.0000	3.0000	0.0000	0.0000	0.0000	0.0000	0.0000	0.0000	0.0000	0.0000	0.0000	0.0000	0.0000	0.0000	0.0000	0.0000	0.0000	0.0000	0.0000	0.0000	0.0000	0.0000	0.0000	0.0000	0.0000	0.0000	0.0000	0.0000	0.0000	0.0000	0.0000	0.0000	0.0000	0.0000	0.0000	0.0000	0.0000	0.0000	0.0000	0.0000	0.0000	0.0000	0.0000	0.0000	0.0000	0.0000	0.0000	0.0000	0.0000	0.0000	0.0000	0.0000	0.0000	0.0000	0.0000	0.0000											
43	91	0.1299	4	0	1	0	1	0	0	0	0	N	N	N	N	N	N	N	N	N	N	N	N	0.0000	0.0000	0.0000	0.0000	0.0000	0.0000	0.0000	0.0000	0.0000	0.0000	0.0000	0.0000	0.0000	0.0000	0.0000	0.0000	0.0000	0.0000	0.0000	0.0000	0.0000	2.0705	0.0000	0.0351	0.0000	0.0000	0.0000	0.0000	0.0000	0.0000	0.0000	0.0000	0.0000	0.0000	0.0000	0.0000	0.0000	0.0000	0.0000	0.0000	0.0000	0.0000	0.0000	0.0000	0.0000	0.0000	0.0000	0.0000	0.0000	0.0000	0.0000	0.0000	0.0000	0.0000	0.0000	0.0000	0.0000	0.0000	0.0000	0.0000	0.0000	0.0000	0.0000	0.0000	0.0000	0.0000	0.0000	0.0000	0.0000	0.0000	0.0000	0.0000	0.0000	0.0000	0.0000	0.0000	0.0000	0.0000											
43	92	0.1045	3	0	1	0	1	0	0	0	0	N	N	N	N	N	N	N	N	N	N	N	N	0.0000	0.0000	0.0000	0.0000	0.0000	0.0000	0.0000	0.0000	0.0000	0.0000	0.0000	0.0000	0.0000	0.0000	0.0000	0.0000	0.0000	0.0000	0.0000	0.0000	0.0000	3.4249	0.0000	0.1413	0.0000	0.0000	0.0000	0.0000	0.0000	0.0000	0.0000	0.0000	0.0000	0.0000	0.0000	0.0000	0.0000	0.0000	0.0000	0.0000	0.0000	0.0000	0.0000	0.0000	0.0000	0.0000	0.0000	0.0000	0.0000	0.0000	0.0000	0.0000	0.0000	0.0000	0.0000	0.0000	0.0000	0.0000	0.0000	0.0000	0.0000	0.0000	0.0000	0.0000	0.0000	0.0000	0.0000	0.0000	0.0000	0.0000	0.0000	0.0000	0.0000	0.0000	0.0000	0.0000	0.0000	0.0000											
43	98	0.2413	8	0	1	0	1	0	0	0	0	N	N	N	N	N	N	N	N	N	N	N	N	0.0000	0.0000	0.0000	0.0000	0.0000	0.0000	0.0000	0.0000	0.0000	0.0000	0.0000	0.0000	0.0000	0.0000	0.0000	0.0000	0.0000	0.0000	0.0000	0.0000	0.0000	4.9999	0.0000	9.0821	0.0000	0.0000	0.0000	0.0000	0.0000	0.0000	0.0000	0.0000	0.0000	0.0000	0.0000	0.0000	0.0000	0.0000	0.0000	0.0000	0.0000	0.0000	0.0000	0.0000	0.0000	0.0000	0.0000	0.0000	0.0000	0.0000	0.0000	0.0000	0.0000	0.0000	0.0000	0.0000	0.0000	0.0000	0.0000	0.0000	0.0000	0.0000	0.0000	0.0000	0.0000	0.0000	0.0000	0.0000	0.0000	0.0000	0.0000	0.0000	0.0000	0.0000	0.0000	0.0000	0.0000	0.0000											
44	46	0.1149	4	1	0	1	1	0	0	0	0	N	N	N	N	N	N	N	N	N	N	N	N	0.0000	0.0000	0.0000	0.0000	0.0000	0.0000	0.0000	0.0000	0.0000	0.0000	0.0000	0.0000	0.0000	0.0000	0.0000	0.0000	0.0000	0.0000	0.0000	0.0000	0.0000	0.0000	0.0000	2.0000	0.0000	0.0000	0.0000	0.0000	0.0000	0.0000	0.0000	0.0000	0.0000	0.0000	0.0000	0.0000	0.0000	0.0000	0.0000	0.0000	0.0000	0.0000	0.0000	0.0000	0.0000	0.0000	0.0000	0.0000	0.0000	0.0000	0.0000	0.0000	0.0000	0.0000	0.0000	0.0000	0.0000	0.0000	0.0000	0.0000	0.0000	0.0000	0.0000	0.0000	0.0000	0.0000	0.0000	0.0000	0.0000	0.0000	0.0000	0.0000	0.0000	0.0000	0.0000	0.0000	0.0000	0.0000											
44	47	0.1299	5	1	1	0	1	0	0	0	0	N	N	N	N	N	N	N	N	N	N	N	N	0.0000	0.0000	0.0000	0.0000	0.0000	0.0000	0.0000	0.0000	0.0000	0.0000	0.0000	0.0000	0.0000	0.0000	0.0000	0.0000	0.0000	0.0000	0.0000	0.0000	0.0000	0.9991	0.0000	2.0273	0.0000	0.0000	0.0000	0.0000	0.0000	0.0000	0.0000	0.0000	0.0000	0.0000	0.0000	0.0000	0.0000	0.0000	0.0000	0.0000	0.0000	0.0000	0.0000	0.0000	0.0000	0.0000	0.0000	0.0000	0.0000	0.0000	0.0000	0.0000	0.0000	0.0000	0.0000	0.0000	0.0000	0.0000	0.0000	0.0000	0.0000	0.0000	0.0000	0.0000	0.0000	0.0000	0.0000	0.0000	0.0000	0.0000	0.0000	0.0000	0.0000	0.0000	0.0000	0.0000	0.0000	0.0000											
44	48	0.0923	4	1	1	0	1	0	0	0	0	N	N	N	N	N	N	N	N	N	N	N	N	0.0000	0.0000	0.0000	0.0000	0.0000	0.0000	0.0000	0.0000	0.0000	0.0000	0.0000	0.0000	0.0000	0.0000	0.0000	0.0000	0.0000	0.0000	0.0000	0.0000	0.0000	3.1828	0.0000	3.1571	0.0000	0.0000	0.0000	0.0000	0.0000	0.0000	0.0000	0.0000	0.0000	0.0000	0.0000	0.0000	0.0000	0.0000	0.0000	0.0000	0.0000	0.0000	0.0000	0.0000	0.0000	0.0000	0.0000	0.0000	0.0000	0.0000	0.0000	0.0000	0.0000	0.0000	0.0000	0.0000	0.0000	0.0000	0.0000	0.0000	0.0000	0.0000	0.0000	0.0000	0.0000	0.0000	0.0000	0.0000	0.0000	0.0000	0.0000	0.0000	0.0000	0.0000	0.0000	0.0000	0.0000	0.0000											
44	49	0.0881	3	0	1	0	1	0	0	0	0	N	N	N	N	N	N	N	N	N	N	N	N	0.0000	0.0000	0.0000	0.0000	0.0000	0.0000	0.0000	0.0000	0.0000	0.0000	0.0000	0.0000	0.0000	0.0000	0.0000	0.0000	0.0000	0.0000	0.0000	0.0000	0.0000	0.8922	0.0000	1.0748	0.0000	0.0000	0.0000	0.0000	0.0000	0.0000	0.0000	0.0000	0.0000	0.0000	0.0000	0.0000	0.0000	0.0000	0.0000	0.0000	0.0000	0.0000	0.0000	0.0000	0.0000	0.0000	0.0000	0.0000	0.0000	0.0000	0.0000	0.0000	0.0000	0.0000	0.0000	0.0000	0.0000	0.0000	0.0000	0.0000	0.0000	0.0000	0.0000	0.0000	0.0000	0.0000	0.0000	0.0000	0.0000	0.0000	0.0000	0.0000	0.0000	0.0000	0.0000	0.0000	0.0000	0.0000											
44	50	0.1149	4	0	1	0	1	0	0	0	0	N	N	N	N	N	N	N	N	N	N	N	N	0.0000	0.0000	0.0000	0.0000	0.0000	0.0000	0.0000	0.0000	0.0000	0.0000	0.0000	0.0000	0.0000	0.0000	0.0000	0.0000	0.0000	0.0000	0.0000	0.0000	0.0000	0.0000	0.0000	0.0000	0.0000	0.0000	0.0000	0.0000	0.0000	0.0000	0.0000	0.0000	0.0000	0.0000	0.0000	0.0000	0.0000	0.0000	0.0000	0.0000	0.0000	0.0000	0.0000	0.0000	0.0000	0.0000	0.0000	0.0000	0.0000	0.0000	0.0000	0.0000	0.0000	0.0000	0.0000	0.0000	0.0000	0.0000	0.0000	0.0000	0.0000	0.0000	0.0000	0.0000	0.0000	0.0000	0.0000	0.0000	0.0000	0.0000	0.0000	0.0000	0.0000	0.0000	0.0000	0.0000	0.0000	0.0000											
44	51	0.1149	4	1	1	0	1	0	0	0	0	N	N	N	N	N	N	N	N	N	N	N	N	0.0000	0.0000	0.0000	0.0000	0.0000	0.0000	0.0000	0.0000	0.0000	0.0000	0.0000	0.0000	0.0000	0.0000	0.0000	0.0000	0.0000	0.0000	0.0000	0.0000	0.0000	1.0000	0.0000	3.0000	0.0000	0.0000	0.0000	0.0000	0.0000	0.0000	0.0000	0.0000	0.0000	0.0000	0.0000	0.0000	0.0000	0.0000	0.0000	0.0000	0.0000	0.0000	0.0000	0.0000	0.0000	0.0000	0.0000	0.0000	0.0000	0.0000	0.0000	0.0000	0.0000	0.0000	0.0000	0.0000	0.0000	0.0000	0.0000	0.0000	0.0000	0.0000	0.0000	0.0000	0.0000	0.0000	0.0000	0.0000	0.0000	0.0000	0.0000	0.0000	0.0000	0.0000	0.0000	0.0000	0.0000	0.0000											
44	52	0.1010	3	0	0	0	1	0	0	0	0	N	N	N	N	N	N	N	N	N	N	N	N	0.0000	0.0000	0.0000	0.0000	0.0000	0.0000	0.0000	0.0000	0.0000	0.0000	0.0000	0.0000	0.0000	0.0000	0.0000	0.0000	0.0000	0.0000	0.0000	0.0000	0.0000	3.0179	0.0000	1.1627	0.0000	0.0000	0.0000	0.0000	0.0000	0.0000	0.0000	0.0000	0.0000	0.0000	0.0000	0.0000	0.0000	0.0000	0.0000	0.0000	0.0000	0.0000	0.0000	0.0000	0.0000	0.0000	0.0000	0.0000	0.0000	0.0000	0.0000	0.0000	0.0000	0.0000	0.0000	0.0000	0.0000	0.0000	0.0000	0.0000	0.0000	0.0000	0.0000	0.0000	0.0000	0.0000	0.0000	0.0000	0.0000	0.0000	0.0000	0.0000	0.0000	0.0000	0.0000	0.0000	0.0000	0.0000											
44	53	0.1149	4	1	1	1	1	0	0	0	0	N	N	N	N	N	N	N	N	N	N	N	N	0.0000	0.0000	0.0000	0.0000	0.0000	0.0000	0.0000	0.0000	0.0000	0.0000	0.0000	0.0000	0.0000	0.0000	0.0000	0.0000	0.0000	0.0000	0.0000	0.0000	0.0000	4.0000	0.0000	1.0000	0.0000	0.0000	0.0000	0.0000	0.0000	0.0000	0.0000	0.0000	0.0000	0.0000	0.0000	0.0000	0.0000	0.0000	0.0000	0.0000	0.0000	0.0000	0.0000	0.0000	0.0000	0.0000	0.0000	0.0000	0.0000	0.0000	0.0000	0.0000	0.0000	0.0000	0.0000	0.0000	0.0000	0.0000	0.0000	0.0000	0.0000	0.0000	0.0000	0.0000	0.0000	0.0000	0.0000	0.0000	0.0000	0.0000	0.0000	0.0000	0.0000	0.0000	0.0000	0.0000	0.0000	0.0000											
44	54	0.1010	3	0	1	0	1	0	0	0	0	N	N	N	N	N	N	N	N	N	N	N	N	0.0000	0.0000	0.0000	0.0000	0.0000	0.0000	0.0000	0.0000	0.0000	0.0000	0.0000	0.0000	0.0000	0.0000	0.0000	0.0000	0.0000	0.0000	0.0000	0.0000	0.0000	2.0683	0.0000	6.9961	0.0000	0.0000	0.0000	0.0000	0.0000	0.0000	0.0000	0.0000	0.0000	0.0000	0.0000	0.0000	0.0000	0.0000	0.0000	0.0000	0.0000	0.0000	0.0000	0.0000	0.0000	0.0000	0.0000	0.0000	0.0000	0.0000	0.0000	0.0000	0.0000	0.0000	0.0000	0.0000	0.0000	0.0000	0.0000	0.0000	0.0000	0.0000	0.0000	0.0000	0.0000	0.0000	0.0000	0.0000	0.0000	0.0000	0.0000	0.0000	0.0000	0.0000	0.0000	0.0000	0.0000	0.0000											
44	55	0.0444	2	0	0	0	1	0	0	0	0	N	N	N	N	N	N	N	N	N	N	N	N	0.0000	0.0000	0.0000	0.0000	0.0000	0.0000	0.0000	0.0000	0.0000	0.0000	0.0000	0.0000	0.0000	0.0000	0.0000	0.0000	0.0000	0.0000	0.0000	0.0000	0.0000	3.9265	0.0000	5.0808	0.0000	0.0000	0.0000	0.0000	0.0000	0.0000	0.0000	0.0000	0.0000	0.0000	0.0000	0.0000	0.0000	0.0000	0.0000	0.0000	0.0000	0.0000	0.0000	0.0000	0.0000	0.0000	0.0000	0.0000	0.0000	0.0000	0.0000	0.0000	0.0000	0.0000	0.0000	0.0000	0.0000	0.0000	0.0000	0.0000	0.0000	0.0000	0.0000	0.0000	0.0000	0.0000	0.0000	0.0000	0.0000	0.0000	0.0000	0.0000	0.0000	0.0000	0.0000	0.0000	0.0000	0.0000											
44	56	0.1149	4	1	0	1	1	0	0	0	0	N	N	N	N	N	N	N	N	N	N	N	N	0.0000	0.0000	0.0000	0.0000	0.0000	0.0000	0.0000	0.0000	0.0000	0.0000	0.0000	0.0000	0.0000	0.0000	0.0000	0.0000	0.0000	0.0000	0.0000	0.0000	0.0000	4.0000	0.0000	7.0000	0.0000	0.0000	0.0000	0.0000	0.0000	0.0000	0.0000	0.0000	0.0000	0.0000	0.0000	0.0000	0.0000	0.0000	0.0000	0.0000	0.0000	0.0000	0.0000	0.0000	0.0000	0.0000	0.0000	0.0000	0.0000	0.0000	0.0000	0.0000	0.0000	0.0000	0.0000	0.0000	0.0000	0.0000	0.0000	0.0000	0.0000	0.0000	0.0000	0.0000	0.0000	0.0000	0.0000	0.0000	0.0000	0.0000	0.0000	0.0000	0.0000	0.0000	0.0000	0.0000	0.0000	0.0000											
44	57	0.1795	7	0	1	0	1	0	0	0	0	N	N	N	N	N	N	N	N	N	N	N	N	0.0000	0.0000	0.0000	0.0000	0.0000	0.0000	0.0000	0.0000	0.0000	0.0000	0.0000	0.0000	0.0000	0.0000	0.0000	0.0000	0.0000	0.0000	0.0000	0.0000	0.0000	9.7645	0.0000	7.4558	0.0000	0.0000	0.0000	0.0000	0.0000	0.0000	0.0000	0.0000	0.0000	0.0000	0.0000	0.0000	0.0000	0.0000	0.0000	0.0000	0.0000	0.0000	0.0000	0.0000	0.0000	0.0000	0.0000	0.0000	0.0000	0.0000	0.0000	0.0000	0.0000	0.0000	0.0000	0.0000	0.0000	0.0000	0.0000	0.0000	0.0000	0.0000	0.0000	0.0000	0.0000	0.0000	0.0000	0.0000	0.0000	0.0000	0.0000	0.0000	0.0000	0.0000	0.0000	0.0000	0.0000	0.0000											
44	58	0.2351	8	0	0	1	1	0	0	0	0	N	N	N	N	N	N	N	N	N	N	N	N	0.0000	0.0000	0.0000	0.0000	0.0000	0.0000	0.0000	0.0000	0.0000	0.0000	0.0000	0.0000	0.0000	0.0000	0.0000	0.0000	0.0000	0.0000	0.0000	0.0000	0.0000	1.0009	0.0000	0.0163	0.0000	0.0000	0.0000	0.0000	0.0000	0.0000	0.0000	0.0000	0.0000	0.0000	0.0000	0.0000	0.0000	0.0000	0.0000	0.0000	0.0000	0.0000	0.0000	0.0000	0.0000	0.0000	0.0000	0.0000	0.0000	0.0000	0.0000	0.0000	0.0000	0.0000	0.0000	0.0000	0.0000	0.0000	0.0000	0.0000	0.0000	0.0000	0.0000	0.0000	0.0000	0.0000	0.0000	0.0000	0.0000	0.0000	0.0000	0.0000	0.0000	0.0000	0.0000	0.0000	0.0000	0.0000											
44	59	0.2197	7	0	0	0	1	0	0	0	0	N	N	N	N	N	N	N	N	N	N	N	N	0.0000	0.0000	0.0000	0.0000	0.0000	0.0000	0.0000	0.0000	0.0000	0.0000	0.0000	0.0000	0.0000	0.0000	0.0000	0.0000	0.0000	0.0000	0.0000	0.0000	0.0000	1.9961	0.0000	0.0521	0.0000	0.0000	0.0000	0.0000	0.0000	0.0000	0.0000	0.0000	0.0000	0.0000	0.0000	0.0000	0.0000	0.0000	0.0000	0.0000	0.0000	0.0000	0.0000	0.0000	0.0000	0.0000	0.0000	0.0000	0.0000	0.0000	0.0000	0.0000	0.0000	0.0000	0.0000	0.0000	0.0000	0.0000	0.0000	0.0000	0.0000	0.0000	0.0000	0.0000	0.0000	0.0000	0.0000	0.0000	0.0000	0.0000	0.0000	0.0000	0.0000	0.0000	0.0000	0.0000	0.0000	0.0000											
44	60	0.2120	6	0	0	0	1	0	0	0	0	N	N	N	N	N	N	N	N	N	N	N	N	0.0000	0.0000	0.0000	0.0000	0.0000	0.0000	0.0000	0.0000	0.0000	0.0000	0.0000	0.0000	0.0000	0.0000	0.0000	0.0000	0.0000	0.0000	0.0000	0.0000	0.0000	0.0081	0.0000	1.0507	0.0000	0.0000	0.0000	0.0000	0.0000	0.0000	0.0000	0.0000	0.0000	0.0000	0.0000	0.0000	0.0000	0.0000	0.0000	0.0000	0.0000	0.0000	0.0000	0.0000	0.0000	0.0000	0.0000	0.0000	0.0000	0.0000	0.0000	0.0000	0.0000	0.0000	0.0000	0.0000	0.0000	0.0000	0.0000	0.0000	0.0000	0.0000	0.0000	0.0000	0.0000	0.0000	0.0000	0.0000	0.0000	0.0000	0.0000	0.0000	0.0000	0.0000	0.0000	0.0000	0.0000	0.0000											
44	61	0.1632	5	0	0	0	1	0	0	0	0	N	N	N	N	N	N	N	N	N	N	N	N	0.0000	0.0000	0.0000	0.0000	0.0000	0.0000	0.0000	0.0000	0.0000	0.0000	0.0000	0.0000	0.0000	0.0000	0.0000	0.0000	0.0000	0.0000	0.0000	0.0000	0.0000	3.0167	0.0000	3.2580	0.0000	0.0000	0.0000	0.0000	0.0000	0.0000	0.0000	0.0000	0.0000	0.0000	0.0000	0.0000	0.0000	0.0000	0.0000	0.0000	0.0000	0.0000	0.0000	0.0000	0.0000	0.0000	0.0000	0.0000	0.0000	0.0000	0.0000	0.0000	0.0000	0.0000	0.0000	0.0000	0.0000	0.0000	0.0000	0.0000	0.0000	0.0000	0.0000	0.0000	0.0000	0.0000	0.0000	0.0000	0.0000	0.0000	0.0000	0.0000	0.0000	0.0000	0.0000	0.0000	0.0000	0.0000											
44	62	0.0884	4	0	1	0	1	0	0	0	0	N	N	N	N	N	N	N	N	N	N	N	N	0.0000	0.0000	0.0000	0.0000	0.0000	0.0000	0.0000	0.0000	0.0000	0.0000	0.0000	0.0000	0.0000	0.0000	0.0000	0.0000	0.0000	0.0000	0.0000	0.0000	0.0000	3.3327	0.0000	4.3103	0.0000	0.0000	0.0000	0.0000	0.0000	0.0000	0.0000	0.0000	0.0000	0.0000	0.0000	0.0000	0.0000	0.0000	0.0000	0.0000	0.0000	0.0000	0.0000	0.0000	0.0000	0.0000	0.0000	0.0000	0.0000	0.0000	0.0000	0.0000	0.0000	0.0000	0.0000	0.0000	0.0000	0.0000	0.0000	0.0000	0.0000	0.0000	0.0000	0.0000	0.0000	0.0000	0.0000	0.0000	0.0000	0.0000	0.0000	0.0000	0.0000	0.0000	0.0000	0.0000	0.0000	0.0000											
44	63	0.0644	3	0	0	0	1	0	0	0	0	N	N	N	N	N	N	N	N	N	N	N	N	0.0000	0.0000	0.0000	0.0000	0.0000	0.0000	0.0000	0.0000	0.0000	0.0000	0.0000	0.0000	0.0000	0.0000	0.0000	0.0000	0.0000	0.0000	0.0000	0.0000	0.0000	3.2669	0.0000	2.4507	0.0000	0.0000	0.0000	0.0000	0.0000	0.0000	0.0000	0.0000	0.0000	0.0000	0.0000	0.0000	0.0000	0.0000	0.0000	0.0000	0.0000	0.0000	0.0000	0.0000	0.0000	0.0000	0.0000	0.0000	0.0000	0.0000	0.0000	0.0000	0.0000	0.0000	0.0000	0.0000	0.0000	0.0000	0.0000	0.0000	0.0000	0.0000	0.0000	0.0000	0.0000	0.0000	0.0000	0.0000	0.0000	0.0000	0.0000	0.0000	0.0000	0.0000	0.0000	0.0000	0.0000	0.0000											
44	64	0.1488	7	1	0	1	1	0	0	0	0	N	N	N	N	N	N	N	N	N	N	N	N	0.0000	0.0000	0.0000	0.0000	0.0000	0.0000	0.0000	0.0000	0.0000	0.0000	0.0000	0.0000	0.0000	0.0000	0.0000	0.0000	0.0000	0.0000	0.0000	0.0000	0.0000	0.0000	0.0000	1.0000	0.0000	0.0000	0.0000	0.0000	0.0000	0.0000	0.0000	0.0000	0.0000	0.0000	0.0000	0.0000	0.0000	0.0000	0.0000	0.0000	0.0000	0.0000	0.0000	0.0000	0.0000	0.0000	0.0000	0.0000	0.0000	0.0000	0.0000	0.0000	0.0000	0.0000	0.0000	0.0000	0.0000	0.0000	0.0000	0.0000	0.0000	0.0000	0.0000	0.0000	0.0000	0.0000	0.0000	0.0000	0.0000	0.0000	0.0000	0.0000	0.0000	0.0000	0.0000	0.0000	0.0000	0.0000											
44	65	0.1488	6	1	0	1	1	0	0	0	0	N	N	N	N	N	N	N	N	N	N	N	N	0.0000	0.0000	0.0000	0.0000	0.0000	0.0000	0.0000	0.0000	0.0000	0.0000	0.0000	0.0000	0.0000	0.0000	0.0000	0.0000	0.0000	0.0000	0.0000	0.0000	0.0000	0.0000	0.0000	0.0001	0.0000	0.0000	0.0000	0.0000	0.0000	0.0000	0.0000	0.0000	0.0000	0.0000	0.0000	0.0000	0.0000	0.0000	0.0000	0.0000	0.0000	0.0000	0.0000	0.0000	0.0000	0.0000	0.0000	0.0000	0.0000	0.0000	0.0000	0.0000	0.0000	0.0000	0.0000	0.0000	0.0000	0.0000	0.0000	0.0000	0.0000	0.0000	0.0000	0.0000	0.0000	0.0000	0.0000	0.0000	0.0000	0.0000	0.0000	0.0000	0.0000	0.0000	0.0000	0.0000	0.0000	0.0000											
44	66	0.1365	5	1	0	1	1	0	0	0	0	N	N	N	N	N	N	N	N	N	N	N	N	0.0000	0.0000	0.0000	0.0000	0.0000	0.0000	0.0000	0.0000	0.0000	0.0000	0.0000	0.0000	0.0000	0.0000	0.0000	0.0000	0.0000	0.0000	0.0000	0.0000	0.0000	1.9720	0.0000	0.0923	0.0000	0.0000	0.0000	0.0000	0.0000	0.0000	0.0000	0.0000	0.0000	0.0000	0.0000	0.0000	0.0000	0.0000	0.0000	0.0000	0.0000	0.0000	0.0000	0.0000	0.0000	0.0000	0.0000	0.0000	0.0000	0.0000	0.0000	0.0000	0.0000	0.0000	0.0000	0.0000	0.0000	0.0000	0.0000	0.0000	0.0000	0.0000	0.0000	0.0000	0.0000	0.0000	0.0000	0.0000	0.0000	0.0000	0.0000	0.0000	0.0000	0.0000	0.0000	0.0000	0.0000	0.0000											
44	67	0.1149	4	1	0	1	1	0	0	0	0	N	N	N	N	N	N	N	N	N	N	N	N	0.0000	0.0000	0.0000	0.0000	0.0000	0.0000	0.0000	0.0000	0.0000	0.0000	0.0000	0.0000	0.0000	0.0000	0.0000	0.0000	0.0000	0.0000	0.0000	0.0000	0.0000	3.0650	0.0000	1.0636	0.0000	0.0000	0.0000	0.0000	0.0000	0.0000	0.0000	0.0000	0.0000	0.0000	0.0000	0.0000	0.0000	0.0000	0.0000	0.0000	0.0000	0.0000	0.0000	0.0000	0.0000	0.0000	0.0000	0.0000	0.0000	0.0000	0.0000	0.0000	0.0000	0.0000	0.0000	0.0000	0.0000	0.0000	0.0000	0.0000	0.0000	0.0000	0.0000	0.0000	0.0000	0.0000	0.0000	0.0000	0.0000	0.0000	0.0000	0.0000	0.0000	0.0000	0.0000	0.0000	0.0000	0.0000											
44	68	0.1219	4	0	1	0	2	0	0	0	0	N	N	N	Y	N	N	N	N	N	N	N	N	0.0000	0.0000	0.0000	0.0000	0.0000	0.0000	0.0000	0.0000	0.0000	0.0000	0.0000	0.0000	0.0000	0.0000	0.0000	0.0000	0.0000	0.0000	0.0000	0.0000	0.0000	2.7513	0.0000	4.0954	0.0000	0.0000	0.0000	0.0000	0.0000	0.0000	0.0000	0.0000	0.0000	0.0000	0.0000	0.0000	0.0000	0.0000	0.0000	0.0000	0.0000	0.0000	0.0000	0.0000	0.0000	0.0000	0.0000	0.0000	0.0000	0.0000	0.0000	0.0000	0.0000	0.0000	0.0000	0.0000	0.0000	0.0000	0.0000	0.0000	0.0000	0.0000	0.0000	0.0000	0.0000	0.0000	0.0000	0.0000	0.0000	0.0000	0.0000	0.0000	0.0000	0.0000	0.0000	0.0000	0.0000	0.0000											
44	69	0.0444	2	0	1	0	1	0	0	0	0	N	N	N	N	N	N	N	N	N	N	N	N	0.0000	0.0000	0.0000	0.0000	0.0000	0.0000	0.0000	0.0000	0.0000	0.0000	0.0000	0.0000	0.0000	0.0000	0.0000	0.0000	0.0000	0.0000	0.0000	0.0000	0.0000	9.9334	0.0000	8.9999	0.0000	0.0000	0.0000	0.0000	0.0000	0.0000	0.0000	0.0000	0.0000	0.0000	0.0000	0.0000	0.0000	0.0000	0.0000	0.0000	0.0000	0.0000	0.0000	0.0000	0.0000	0.0000	0.0000	0.0000	0.0000	0.0000	0.0000	0.0000	0.0000	0.0000	0.0000	0.0000	0.0000	0.0000	0.0000	0.0000	0.0000	0.0000	0.0000	0.0000	0.0000	0.0000	0.0000	0.0000	0.0000	0.0000	0.0000	0.0000	0.0000	0.0000	0.0000	0.0000	0.0000	0.0000											
44	70	0.0444	2	0	1	0	1	0	0	0	0	N	N	N	N	N	N	N	N	N	N	N	N	0.0000	0.0000	0.0000	0.0000	0.0000	0.0000	0.0000	0.0000	0.0000	0.0000	0.0000	0.0000	0.0000	0.0000	0.0000	0.0000	0.0000	0.0000	0.0000	0.0000	0.0000	0.0666	0.0000	4.0001	0.0000	0.0000	0.0000	0.0000	0.0000	0.0000	0.0000	0.0000	0.0000	0.0000	0.0000	0.0000	0.0000	0.0000	0.0000	0.0000	0.0000	0.0000	0.0000	0.0000	0.0000	0.0000	0.0000	0.0000	0.0000	0.0000	0.0000	0.0000	0.0000	0.0000	0.0000	0.0000	0.0000	0.0000	0.0000	0.0000	0.0000	0.0000	0.0000	0.0000	0.0000	0.0000	0.0000	0.0000	0.0000	0.0000	0.0000	0.0000	0.0000	0.0000	0.0000	0.0000	0.0000	0.0000											
44	71	0.1149	4	0	1	0	1	0	0	0	0	N	N	N	N	N	N	N	N	N	N	N	N	0.0000	0.0000	0.0000	0.0000	0.0000	0.0000	0.0000	0.0000	0.0000	0.0000	0.0000	0.0000	0.0000	0.0000	0.0000	0.0000	0.0000	0.0000	0.0000	0.0000	0.0000	2.0000	0.0000	3.0000	0.0000	0.0000	0.0000	0.0000	0.0000	0.0000	0.0000	0.0000	0.0000	0.0000	0.0000	0.0000	0.0000	0.0000	0.0000	0.0000	0.0000	0.0000	0.0000	0.0000	0.0000	0.0000	0.0000	0.0000	0.0000	0.0000	0.0000	0.0000	0.0000	0.0000	0.0000	0.0000	0.0000	0.0000	0.0000	0.0000	0.0000	0.0000	0.0000	0.0000	0.0000	0.0000	0.0000	0.0000	0.0000	0.0000	0.0000	0.0000	0.0000	0.0000	0.0000	0.0000	0.0000	0.0000											
44	72	0.0881	3	0	0	0	1	0	0	0	0	N	N	N	N	N	N	N	N	N	N	N	N	0.0000	0.0000	0.0000	0.0000	0.0000	0.0000	0.0000	0.0000	0.0000	0.0000	0.0000	0.0000	0.0000	0.0000	0.0000	0.0000	0.0000	0.0000	0.0000	0.0000	0.0000	4.7932	0.0000	0.2507	0.0000	0.0000	0.0000	0.0000	0.0000	0.0000	0.0000	0.0000	0.0000	0.0000	0.0000	0.0000	0.0000	0.0000	0.0000	0.0000	0.0000	0.0000	0.0000	0.0000	0.0000	0.0000	0.0000	0.0000	0.0000	0.0000	0.0000	0.0000	0.0000	0.0000	0.0000	0.0000	0.0000	0.0000	0.0000	0.0000	0.0000	0.0000	0.0000	0.0000	0.0000	0.0000	0.0000	0.0000	0.0000	0.0000	0.0000	0.0000	0.0000	0.0000	0.0000	0.0000	0.0000	0.0000											
44	73	0.0444	2	0	0	0	1	0	0	0	0	N	N	N	N	N	N	N	N	N	N	N	N	0.0000	0.0000	0.0000	0.0000	0.0000	0.0000	0.0000	0.0000	0.0000	0.0000	0.0000	0.0000	0.0000	0.0000	0.0000	0.0000	0.0000	0.0000	0.0000	0.0000	0.0000	4.9764	0.0000	2.9948	0.0000	0.0000	0.0000	0.0000	0.0000	0.0000	0.0000	0.0000	0.0000	0.0000	0.0000	0.0000	0.0000	0.0000	0.0000	0.0000	0.0000	0.0000	0.0000	0.0000	0.0000	0.0000	0.0000	0.0000	0.0000	0.0000	0.0000	0.0000	0.0000	0.0000	0.0000	0.0000	0.0000	0.0000	0.0000	0.0000	0.0000	0.0000	0.0000	0.0000	0.0000	0.0000	0.0000	0.0000	0.0000	0.0000	0.0000	0.0000	0.0000	0.0000	0.0000	0.0000	0.0000	0.0000											
44	74	0.0644	3	0	1	0	1	0	0	0	0	N	N	N	N	N	N	N	N	N	N	N	N	0.0000	0.0000	0.0000	0.0000	0.0000	0.0000	0.0000	0.0000	0.0000	0.0000	0.0000	0.0000	0.0000	0.0000	0.0000	0.0000	0.0000	0.0000	0.0000	0.0000	0.0000	1.8678	0.0000	4.6278	0.0000	0.0000	0.0000	0.0000	0.0000	0.0000	0.0000	0.0000	0.0000	0.0000	0.0000	0.0000	0.0000	0.0000	0.0000	0.0000	0.0000	0.0000	0.0000	0.0000	0.0000	0.0000	0.0000	0.0000	0.0000	0.0000	0.0000	0.0000	0.0000	0.0000	0.0000	0.0000	0.0000	0.0000	0.0000	0.0000	0.0000	0.0000	0.0000	0.0000	0.0000	0.0000	0.0000	0.0000	0.0000	0.0000	0.0000	0.0000	0.0000	0.0000	0.0000	0.0000	0.0000	0.0000											
44	75	0.0444	2	0	0	0	1	0	0	0	0	N	N	N	N	N	N	N	N	N	N	N	N	0.0000	0.0000	0.0000	0.0000	0.0000	0.0000	0.0000	0.0000	0.0000	0.0000	0.0000	0.0000	0.0000	0.0000	0.0000	0.0000	0.0000	0.0000	0.0000	0.0000	0.0000	4.7010	0.0000	0.6064	0.0000	0.0000	0.0000	0.0000	0.0000	0.0000	0.0000	0.0000	0.0000	0.0000	0.0000	0.0000	0.0000	0.0000	0.0000	0.0000	0.0000	0.0000	0.0000	0.0000	0.0000	0.0000	0.0000	0.0000	0.0000	0.0000	0.0000	0.0000	0.0000	0.0000	0.0000	0.0000	0.0000	0.0000	0.0000	0.0000	0.0000	0.0000	0.0000	0.0000	0.0000	0.0000	0.0000	0.0000	0.0000	0.0000	0.0000	0.0000	0.0000	0.0000	0.0000	0.0000	0.0000	0.0000											
44	78	0.1681	6	1	1	0	2	0	0	0	0	N	N	N	Y	N	N	N	N	N	N	N	N	0.0000	0.0000	0.0000	0.0000	0.0000	0.0000	0.0000	0.0000	0.0000	0.0000	0.0000	0.0000	0.0000	0.0000	0.0000	0.0000	0.0000	0.0000	0.0000	0.0000	0.0000	1.0000	0.0000	2.0144	0.0000	0.0000	0.0000	0.0000	0.0000	0.0000	0.0000	0.0000	0.0000	0.0000	0.0000	0.0000	0.0000	0.0000	0.0000	0.0000	0.0000	0.0000	0.0000	0.0000	0.0000	0.0000	0.0000	0.0000	0.0000	0.0000	0.0000	0.0000	0.0000	0.0000	0.0000	0.0000	0.0000	0.0000	0.0000	0.0000	0.0000	0.0000	0.0000	0.0000	0.0000	0.0000	0.0000	0.0000	0.0000	0.0000	0.0000	0.0000	0.0000	0.0000	0.0000	0.0000	0.0000	0.0000											
44	79	0.1458	5	1	1	0	2	0	0	0	0	N	N	N	Y	N	N	N	N	N	N	N	N	0.0000	0.0000	0.0000	0.0000	0.0000	0.0000	0.0000	0.0000	0.0000	0.0000	0.0000	0.0000	0.0000	0.0000	0.0000	0.0000	0.0000	0.0000	0.0000	0.0000	0.0000	0.0001	0.0000	3.0180	0.0000	0.0000	0.0000	0.0000	0.0000	0.0000	0.0000	0.0000	0.0000	0.0000	0.0000	0.0000	0.0000	0.0000	0.0000	0.0000	0.0000	0.0000	0.0000	0.0000	0.0000	0.0000	0.0000	0.0000	0.0000	0.0000	0.0000	0.0000	0.0000	0.0000	0.0000	0.0000	0.0000	0.0000	0.0000	0.0000	0.0000	0.0000	0.0000	0.0000	0.0000	0.0000	0.0000	0.0000	0.0000	0.0000	0.0000	0.0000	0.0000	0.0000	0.0000	0.0000	0.0000	0.0000											
44	80	0.1678	7	0	1	0	2	0	0	0	0	N	N	N	Y	N	N	N	N	N	N	N	N	0.0000	0.0000	0.0000	0.0000	0.0000	0.0000	0.0000	0.0000	0.0000	0.0000	0.0000	0.0000	0.0000	0.0000	0.0000	0.0000	0.0000	0.0000	0.0000	0.0000	0.0000	0.0000	0.0000	0.0000	0.0000	0.0000	0.0000	0.0000	0.0000	0.0000	0.0000	0.0000	0.0000	0.0000	0.0000	0.0000	0.0000	0.0000	0.0000	0.0000	0.0000	0.0000	0.0000	0.0000	0.0000	0.0000	0.0000	0.0000	0.0000	0.0000	0.0000	0.0000	0.0000	0.0000	0.0000	0.0000	0.0000	0.0000	0.0000	0.0000	0.0000	0.0000	0.0000	0.0000	0.0000	0.0000	0.0000	0.0000	0.0000	0.0000	0.0000	0.0000	0.0000	0.0000	0.0000	0.0000	0.0000	0.0000											
44	81	0.1458	5	0	0	1	2	0	0	0	0	N	N	N	Y	N	N	N	N	N	N	N	N	0.0000	0.0000	0.0000	0.0000	0.0000	0.0000	0.0000	0.0000	0.0000	0.0000	0.0000	0.0000	0.0000	0.0000	0.0000	0.0000	0.0000	0.0000	0.0000	0.0000	0.0000	2.0000	0.0000	0.0000	0.0000	0.0000	0.0000	0.0000	0.0000	0.0000	0.0000	0.0000	0.0000	0.0000	0.0000	0.0000	0.0000	0.0000	0.0000	0.0000	0.0000	0.0000	0.0000	0.0000	0.0000	0.0000	0.0000	0.0000	0.0000	0.0000	0.0000	0.0000	0.0000	0.0000	0.0000	0.0000	0.0000	0.0000	0.0000	0.0000	0.0000	0.0000	0.0000	0.0000	0.0000	0.0000	0.0000	0.0000	0.0000	0.0000	0.0000	0.0000	0.0000	0.0000	0.0000	0.0000	0.0000	0.0000											
44	82	0.1458	5	0	0	1	2	0	0	0	0	N	N	N	Y	N	N	N	N	N	N	N	N	0.0000	0.0000	0.0000	0.0000	0.0000	0.0000	0.0000	0.0000	0.0000	0.0000	0.0000	0.0000	0.0000	0.0000	0.0000	0.0000	0.0000	0.0000	0.0000	0.0000	0.0000	0.0000	0.0000	4.0000	0.0000	0.0000	0.0000	0.0000	0.0000	0.0000	0.0000	0.0000	0.0000	0.0000	0.0000	0.0000	0.0000	0.0000	0.0000	0.0000	0.0000	0.0000	0.0000	0.0000	0.0000	0.0000	0.0000	0.0000	0.0000	0.0000	0.0000	0.0000	0.0000	0.0000	0.0000	0.0000	0.0000	0.0000	0.0000	0.0000	0.0000	0.0000	0.0000	0.0000	0.0000	0.0000	0.0000	0.0000	0.0000	0.0000	0.0000	0.0000	0.0000	0.0000	0.0000	0.0000	0.0000	0.0000											
44	83	0.1678	7	0	0	1	2	0	0	0	0	N	N	N	Y	N	N	N	N	N	N	N	N	0.0000	0.0000	0.0000	0.0000	0.0000	0.0000	0.0000	0.0000	0.0000	0.0000	0.0000	0.0000	0.0000	0.0000	0.0000	0.0000	0.0000	0.0000	0.0000	0.0000	0.0000	0.0000	0.0000	2.0000	0.0000	0.0000	0.0000	0.0000	0.0000	0.0000	0.0000	0.0000	0.0000	0.0000	0.0000	0.0000	0.0000	0.0000	0.0000	0.0000	0.0000	0.0000	0.0000	0.0000	0.0000	0.0000	0.0000	0.0000	0.0000	0.0000	0.0000	0.0000	0.0000	0.0000	0.0000	0.0000	0.0000	0.0000	0.0000	0.0000	0.0000	0.0000	0.0000	0.0000	0.0000	0.0000	0.0000	0.0000	0.0000	0.0000	0.0000	0.0000	0.0000	0.0000	0.0000	0.0000	0.0000	0.0000											
44	84	0.1605	6	0	0	0	2	0	0	0	0	N	N	N	Y	N	N	N	N	N	N	N	N	0.0000	0.0000	0.0000	0.0000	0.0000	0.0000	0.0000	0.0000	0.0000	0.0000	0.0000	0.0000	0.0000	0.0000	0.0000	0.0000	0.0000	0.0000	0.0000	0.0000	0.0000	1.0000	0.0000	0.0015	0.0000	0.0000	0.0000	0.0000	0.0000	0.0000	0.0000	0.0000	0.0000	0.0000	0.0000	0.0000	0.0000	0.0000	0.0000	0.0000	0.0000	0.0000	0.0000	0.0000	0.0000	0.0000	0.0000	0.0000	0.0000	0.0000	0.0000	0.0000	0.0000	0.0000	0.0000	0.0000	0.0000	0.0000	0.0000	0.0000	0.0000	0.0000	0.0000	0.0000	0.0000	0.0000	0.0000	0.0000	0.0000	0.0000	0.0000	0.0000	0.0000	0.0000	0.0000	0.0000	0.0000	0.0000											
44	85	0.1458	5	0	0	0	2	0	0	0	0	N	N	N	Y	N	N	N	N	N	N	N	N	0.0000	0.0000	0.0000	0.0000	0.0000	0.0000	0.0000	0.0000	0.0000	0.0000	0.0000	0.0000	0.0000	0.0000	0.0000	0.0000	0.0000	0.0000	0.0000	0.0000	0.0000	0.0000	0.0000	2.0013	0.0000	0.0000	0.0000	0.0000	0.0000	0.0000	0.0000	0.0000	0.0000	0.0000	0.0000	0.0000	0.0000	0.0000	0.0000	0.0000	0.0000	0.0000	0.0000	0.0000	0.0000	0.0000	0.0000	0.0000	0.0000	0.0000	0.0000	0.0000	0.0000	0.0000	0.0000	0.0000	0.0000	0.0000	0.0000	0.0000	0.0000	0.0000	0.0000	0.0000	0.0000	0.0000	0.0000	0.0000	0.0000	0.0000	0.0000	0.0000	0.0000	0.0000	0.0000	0.0000	0.0000	0.0000											
44	86	0.1857	5	1	1	0	1	0	0	0	0	N	N	N	N	N	N	N	N	N	N	N	N	0.0000	0.0000	0.0000	0.0000	0.0000	0.0000	0.0000	0.0000	0.0000	0.0000	0.0000	0.0000	0.0000	0.0000	0.0000	0.0000	0.0000	0.0000	0.0000	0.0000	0.0000	0.0007	0.0000	0.9812	0.0000	0.0000	0.0000	0.0000	0.0000	0.0000	0.0000	0.0000	0.0000	0.0000	0.0000	0.0000	0.0000	0.0000	0.0000	0.0000	0.0000	0.0000	0.0000	0.0000	0.0000	0.0000	0.0000	0.0000	0.0000	0.0000	0.0000	0.0000	0.0000	0.0000	0.0000	0.0000	0.0000	0.0000	0.0000	0.0000	0.0000	0.0000	0.0000	0.0000	0.0000	0.0000	0.0000	0.0000	0.0000	0.0000	0.0000	0.0000	0.0000	0.0000	0.0000	0.0000	0.0000	0.0000											
44	87	0.1299	4	1	1	0	1	0	0	0	0	N	N	N	N	N	N	N	N	N	N	N	N	0.0000	0.0000	0.0000	0.0000	0.0000	0.0000	0.0000	0.0000	0.0000	0.0000	0.0000	0.0000	0.0000	0.0000	0.0000	0.0000	0.0000	0.0000	0.0000	0.0000	0.0000	5.0272	0.0000	2.1572	0.0000	0.0000	0.0000	0.0000	0.0000	0.0000	0.0000	0.0000	0.0000	0.0000	0.0000	0.0000	0.0000	0.0000	0.0000	0.0000	0.0000	0.0000	0.0000	0.0000	0.0000	0.0000	0.0000	0.0000	0.0000	0.0000	0.0000	0.0000	0.0000	0.0000	0.0000	0.0000	0.0000	0.0000	0.0000	0.0000	0.0000	0.0000	0.0000	0.0000	0.0000	0.0000	0.0000	0.0000	0.0000	0.0000	0.0000	0.0000	0.0000	0.0000	0.0000	0.0000	0.0000	0.0000											
44	88	0.1831	6	0	1	0	1	0	0	0	0	N	N	N	N	N	N	N	N	N	N	N	N	0.0000	0.0000	0.0000	0.0000	0.0000	0.0000	0.0000	0.0000	0.0000	0.0000	0.0000	0.0000	0.0000	0.0000	0.0000	0.0000	0.0000	0.0000	0.0000	0.0000	0.0000	0.0000	0.0000	4.0000	0.0000	0.0000	0.0000	0.0000	0.0000	0.0000	0.0000	0.0000	0.0000	0.0000	0.0000	0.0000	0.0000	0.0000	0.0000	0.0000	0.0000	0.0000	0.0000	0.0000	0.0000	0.0000	0.0000	0.0000	0.0000	0.0000	0.0000	0.0000	0.0000	0.0000	0.0000	0.0000	0.0000	0.0000	0.0000	0.0000	0.0000	0.0000	0.0000	0.0000	0.0000	0.0000	0.0000	0.0000	0.0000	0.0000	0.0000	0.0000	0.0000	0.0000	0.0000	0.0000	0.0000	0.0000											
44	89	0.1458	5	0	1	0	1	0	0	0	0	N	N	N	N	N	N	N	N	N	N	N	N	0.0000	0.0000	0.0000	0.0000	0.0000	0.0000	0.0000	0.0000	0.0000	0.0000	0.0000	0.0000	0.0000	0.0000	0.0000	0.0000	0.0000	0.0000	0.0000	0.0000	0.0000	3.0000	0.0000	2.0000	0.0000	0.0000	0.0000	0.0000	0.0000	0.0000	0.0000	0.0000	0.0000	0.0000	0.0000	0.0000	0.0000	0.0000	0.0000	0.0000	0.0000	0.0000	0.0000	0.0000	0.0000	0.0000	0.0000	0.0000	0.0000	0.0000	0.0000	0.0000	0.0000	0.0000	0.0000	0.0000	0.0000	0.0000	0.0000	0.0000	0.0000	0.0000	0.0000	0.0000	0.0000	0.0000	0.0000	0.0000	0.0000	0.0000	0.0000	0.0000	0.0000	0.0000	0.0000	0.0000	0.0000	0.0000											
44	90	0.1458	5	1	1	0	1	0	0	0	0	N	N	N	N	N	N	N	N	N	N	N	N	0.0000	0.0000	0.0000	0.0000	0.0000	0.0000	0.0000	0.0000	0.0000	0.0000	0.0000	0.0000	0.0000	0.0000	0.0000	0.0000	0.0000	0.0000	0.0000	0.0000	0.0000	2.0000	0.0000	3.0000	0.0000	0.0000	0.0000	0.0000	0.0000	0.0000	0.0000	0.0000	0.0000	0.0000	0.0000	0.0000	0.0000	0.0000	0.0000	0.0000	0.0000	0.0000	0.0000	0.0000	0.0000	0.0000	0.0000	0.0000	0.0000	0.0000	0.0000	0.0000	0.0000	0.0000	0.0000	0.0000	0.0000	0.0000	0.0000	0.0000	0.0000	0.0000	0.0000	0.0000	0.0000	0.0000	0.0000	0.0000	0.0000	0.0000	0.0000	0.0000	0.0000	0.0000	0.0000	0.0000	0.0000	0.0000											
44	91	0.1299	4	0	0	0	1	0	0	0	0	N	N	N	N	N	N	N	N	N	N	N	N	0.0000	0.0000	0.0000	0.0000	0.0000	0.0000	0.0000	0.0000	0.0000	0.0000	0.0000	0.0000	0.0000	0.0000	0.0000	0.0000	0.0000	0.0000	0.0000	0.0000	0.0000	2.0705	0.0000	0.0351	0.0000	0.0000	0.0000	0.0000	0.0000	0.0000	0.0000	0.0000	0.0000	0.0000	0.0000	0.0000	0.0000	0.0000	0.0000	0.0000	0.0000	0.0000	0.0000	0.0000	0.0000	0.0000	0.0000	0.0000	0.0000	0.0000	0.0000	0.0000	0.0000	0.0000	0.0000	0.0000	0.0000	0.0000	0.0000	0.0000	0.0000	0.0000	0.0000	0.0000	0.0000	0.0000	0.0000	0.0000	0.0000	0.0000	0.0000	0.0000	0.0000	0.0000	0.0000	0.0000	0.0000	0.0000											
44	92	0.1045	3	0	0	0	1	0	0	0	0	N	N	N	N	N	N	N	N	N	N	N	N	0.0000	0.0000	0.0000	0.0000	0.0000	0.0000	0.0000	0.0000	0.0000	0.0000	0.0000	0.0000	0.0000	0.0000	0.0000	0.0000	0.0000	0.0000	0.0000	0.0000	0.0000	3.4249	0.0000	0.1413	0.0000	0.0000	0.0000	0.0000	0.0000	0.0000	0.0000	0.0000	0.0000	0.0000	0.0000	0.0000	0.0000	0.0000	0.0000	0.0000	0.0000	0.0000	0.0000	0.0000	0.0000	0.0000	0.0000	0.0000	0.0000	0.0000	0.0000	0.0000	0.0000	0.0000	0.0000	0.0000	0.0000	0.0000	0.0000	0.0000	0.0000	0.0000	0.0000	0.0000	0.0000	0.0000	0.0000	0.0000	0.0000	0.0000	0.0000	0.0000	0.0000	0.0000	0.0000	0.0000	0.0000	0.0000											
44	98	0.2413	8	0	0	0	1	0	0	0	0	N	N	N	N	N	N	N	N	N	N	N	N	0.0000	0.0000	0.0000	0.0000	0.0000	0.0000	0.0000	0.0000	0.0000	0.0000	0.0000	0.0000	0.0000	0.0000	0.0000	0.0000	0.0000	0.0000	0.0000	0.0000	0.0000	4.9999	0.0000	9.0821	0.0000	0.0000	0.0000	0.0000	0.0000	0.0000	0.0000	0.0000	0.0000	0.0000	0.0000	0.0000	0.0000	0.0000	0.0000	0.0000	0.0000	0.0000	0.0000	0.0000	0.0000	0.0000	0.0000	0.0000	0.0000	0.0000	0.0000	0.0000	0.0000	0.0000	0.0000	0.0000	0.0000	0.0000	0.0000	0.0000	0.0000	0.0000	0.0000	0.0000	0.0000	0.0000	0.0000	0.0000	0.0000	0.0000	0.0000	0.0000	0.0000	0.0000	0.0000	0.0000	0.0000	0.0000											
45	46	0.1149	3	1	0	1	1	0	0	0	0	N	N	N	N	N	N	N	N	N	N	N	N	0.0000	0.0000	0.0000	0.0000	0.0000	0.0000	0.0000	0.0000	0.0000	0.0000	0.0000	0.0000	0.0000	30.3953	0.0000	45.6079	0.0000	0.0000	0.0000	35.8594	0.0000	49.3913	inf	0.0000	0.2511	3.0666	0.0000	3.9999	2.0000	0.0000	0.0000	0.0000	0.0000	0.0000	0.0000	0.0000	0.0000	0.0000	1.0000	0.0000	1.0000	0.0000	0.0000	0.0000	1.0000	0.0000	1.0000	0.0000	0.0000	0.0000	0.0000	0.0000	0.0000	0.0000	0.0000	0.0000	0.0329	0.0110	0.0219	0.0050	0.0033	0.0017	0.0279	0.0076	0.0202	0.0000	0.0000	0.0000	0.0000	0.0000	0.0000	0.0000	0.0000	0.0000	30.3953	0.0000	45.6079	0.0000	0.0000	0.0000	35.8594	0.0000	49.3913						
45	47	0.1299	4	1	1	0	1	0	0	0	0	N	N	N	N	N	N	N	N	N	N	N	N	0.0058	2.1560	0.0000	4.0666	3.3307	0.0001	inf	0.0000	0.0009	0.0011	0.0000	0.0038	0.0042	0.0000	0.0000	0.0000	0.0000	0.1612	0.0005	0.2665	0.0009	0.0013	0.0000	0.2027	0.0000	0.2919	0.0000	827.0000	-0.0000	0.0021	3.0666	0.9991	3.9999	2.0273	0.0001	0.0001	0.0000	0.0001	0.0001	0.0000	0.0000	0.0000	0.0000	0.0083	0.0000	0.0083	0.0000	0.0000	0.0000	0.0083	0.0000	0.0083	0.0673	0.0591	0.0081	0.0161	0.0147	0.0015	0.0511	0.0445	0.0067	0.0514	0.0203	0.0310	0.0106	0.0079	0.0027	0.0408	0.0125	0.0283	0.0058	2.1560	0.0000	4.0666	3.3307	0.0000	0.0001	inf	0.0000	0.1612	0.0005	0.2665	0.0009	0.0013	0.0000	0.2027	0.0000	0.2919	
45	48	0.0923	3	1	1	0	1	0	0	0	0	N	N	N	N	N	N	N	N	N	N	N	N	0.0183	27.9509	0.0001	28.9884	23.1198	inf	0.0010	inf	0.0001	0.1492	0.1648	0.0012	0.3491	0.3727	0.0000	0.0095	0.0105	0.0016	8.1607	0.0059	12.6183	0.0120	0.0161	0.0000	9.8657	0.0000	13.5341	0.0008	3914.6534	-0.0101	0.2426	3.0666	3.1828	3.9999	3.1571	0.0514	0.0514	0.0000	0.0495	0.0495	0.0000	0.0019	0.0019	0.0000	0.9672	0.0002	0.9669	0.0002	0.0002	0.0000	0.9669	0.0000	0.9669	0.3448	0.3118	0.0330	0.1418	0.1329	0.0090	0.2030	0.1790	0.0240	0.1185	0.0419	0.0766	0.0205	0.0153	0.0052	0.0980	0.0266	0.0714	0.0183	27.9509	0.0001	28.9884	23.1198	inf	0.0010	inf	0.0001	8.1607	0.0059	12.6183	0.0120	0.0161	0.0000	9.8657	0.0000	13.5341
45	49	0.0881	2	0	1	0	1	0	0	0	0	N	N	N	N	N	N	N	N	N	N	N	N	0.7413	0.8385	2.3133	0.7744	0.6623	inf	0.6247	2.1427	3.6430	0.4848	0.3607	1.8496	0.5359	0.5284	0.6397	0.4009	0.0724	3.0776	0.6540	0.4302	0.7996	0.6920	0.7978	0.0000	0.6418	0.0338	0.8448	0.4662	2.8590	0.0114	-0.0003	3.0666	0.8922	3.9999	1.0748	0.0945	0.0645	0.0301	0.0650	0.0597	0.0052	0.0296	0.0048	0.0248	0.0335	0.0087	0.0248	0.0087	0.0087	0.0000	0.0248	0.0000	0.0248	0.1950	0.1787	0.0163	0.1212	0.1130	0.0082	0.0738	0.0657	0.0081	0.0513	0.0202	0.0311	0.0125	0.0109	0.0017	0.0387	0.0093	0.0294	0.7413	0.8385	2.3133	0.7744	0.6623	inf	0.6247	67.4687	3.6430	0.6540	0.4302	0.7996	0.6920	0.7978	0.0000	0.6418	0.0011	0.8448
45	50	0.1149	3	0	1	0	1	0	0	0	0	N	N	N	N	N	N	N	N	N	N	N	N	0.0000	0.0000	0.0000	0.0000	0.0000	0.0000	0.0000	0.0000	0.0000	0.0000	0.0000	0.0000	0.0000	0.0000	0.0000	0.0000	0.0000	0.0000	0.0000	0.0000	3.0666	0.0000	3.9999	0.0000	0.0000	0.0000	0.0000	0.0000	0.0000	0.0000	0.0000	0.0000	0.0000	0.0000	0.0000	0.0000	0.0000	0.0000	0.0000	0.0000	0.0000	0.0000	0.0000	0.0000	0.0000	0.0000	0.0000	0.0000	0.0000	0.0000	0.0000	0.0000	0.0000	0.0000	0.0000	0.0000	0.0000	0.0000	0.0000	0.0000	0.0000	0.0000	0.0000	0.0000	0.0000	0.0000	0.0000	0.0000	0.0000	0.0000	0.0000	0.0000	0.0000	0.0000	0.0000	0.0000	0.0000	0.0000											
45	51	0.1149	3	1	1	0	1	0	0	0	0	N	N	N	N	N	N	N	N	N	N	N	N	0.0000	0.0000	0.0000	0.0000	0.0000	0.0000	0.0000	0.0000	0.0000	0.0000	0.0000	0.0000	0.0000	15.6922	0.0000	23.5543	0.0000	0.0000	0.0000	18.5003	0.0000	25.5482	inf	0.0000	0.2511	3.0666	1.0000	3.9999	3.0000	0.0000	0.0000	0.0000	0.0000	0.0000	0.0000	0.0000	0.0000	0.0000	1.0000	0.0000	1.0000	0.0000	0.0000	0.0000	1.0000	0.0000	1.0000	0.0609	0.0540	0.0069	0.0187	0.0178	0.0009	0.0422	0.0363	0.0060	0.0637	0.0213	0.0425	0.0097	0.0064	0.0033	0.0541	0.0149	0.0391	0.0000	0.0000	0.0000	0.0000	0.0000	0.0000	0.0000	0.0000	0.0000	15.6922	0.0000	23.5543	0.0000	0.0000	0.0000	18.5003	0.0000	25.5482						
45	52	0.1010	2	0	0	0	1	0	0	0	0	N	N	N	N	N	N	N	N	N	N	N	N	0.0209	0.0106	0.0152	0.0133	0.0003	0.0003	0.0000	0.0009	0.0010	0.0000	0.0000	0.0000	0.0000	0.0145	0.0323	0.0000	0.0598	0.0744	0.0000	0.0000	0.0000	0.0000	0.0000	0.0000	-0.0000	-0.0010	3.0666	3.0179	3.9999	1.1627	0.0001	0.0001	0.0000	0.0001	0.0001	0.0000	0.0000	0.0000	0.0000	0.0013	0.0013	0.0000	0.0013	0.0013	0.0000	0.0000	0.0000	0.0000	0.2223	0.1966	0.0257	0.0739	0.0682	0.0057	0.1484	0.1284	0.0200	0.0897	0.0403	0.0494	0.0217	0.0175	0.0042	0.0680	0.0228	0.0452	0.0209	0.0106	0.0000	0.0152	0.0133	0.0000	0.0000	0.0000	0.0000	0.0145	0.0323	0.0000	0.0598	0.0744	0.0000	0.0000	0.0000	0.0000					
45	53	0.1149	3	1	1	1	1	0	0	0	0	N	N	N	N	N	N	N	N	N	N	N	N	0.0000	0.0000	0.0000	0.0000	0.0000	0.0000	0.0000	0.0000	0.0000	0.0000	0.0000	0.0000	0.0000	0.0000	0.0000	0.0000	0.0000	0.0000	0.0000	0.0000	3.0666	4.0000	3.9999	1.0000	0.0000	0.0000	0.0000	0.0000	0.0000	0.0000	0.0000	0.0000	0.0000	0.0000	0.0000	0.0000	0.0000	0.0000	0.0000	0.0000	0.0000	0.0000	0.2331	0.2070	0.0261	0.0702	0.0667	0.0035	0.1629	0.1403	0.0226	0.0784	0.0262	0.0522	0.0119	0.0078	0.0041	0.0665	0.0184	0.0481	0.0000	0.0000	0.0000	0.0000	0.0000	0.0000	0.0000	0.0000	0.0000	0.0000	0.0000	0.0000	0.0000	0.0000	0.0000	0.0000	0.0000	0.0000											
45	54	0.1010	2	0	1	0	1	0	0	0	0	N	N	N	N	N	N	N	N	N	N	N	N	0.0514	0.0226	0.0305	0.0241	0.0004	0.0005	0.0000	0.0012	0.0013	0.0000	0.0000	0.0000	0.0000	0.0082	0.0212	0.0000	0.0405	0.0555	0.0000	0.0000	0.0000	0.0000	0.0000	0.0000	-0.0000	-0.0010	3.0666	2.0683	3.9999	6.9961	0.0001	0.0001	0.0000	0.0001	0.0001	0.0000	0.0000	0.0000	0.0000	0.0013	0.0013	0.0000	0.0013	0.0013	0.0000	0.0000	0.0000	0.0000	0.1591	0.1406	0.0185	0.0545	0.0503	0.0042	0.1047	0.0903	0.0143	0.1579	0.0614	0.0966	0.0321	0.0234	0.0087	0.1258	0.0380	0.0879	0.0514	0.0226	0.0000	0.0305	0.0241	0.0000	0.0000	0.0000	0.0000	0.0082	0.0212	0.0000	0.0405	0.0555	0.0000	0.0000	0.0000	0.0000					
45	56	0.1149	3	1	0	1	1	0	0	0	0	N	N	N	N	N	N	N	N	N	N	N	N	0.0000	0.0000	0.0000	0.0000	0.0000	0.0000	0.0000	0.0000	0.0000	0.0000	0.0000	0.0000	0.0000	0.0000	0.0000	0.0000	0.0000	0.0000	0.0000	0.0000	3.0666	4.0000	3.9999	7.0000	0.0000	0.0000	0.0000	0.0000	0.0000	0.0000	0.0000	0.0000	0.0000	0.0000	0.0000	0.0000	0.0000	0.0000	0.0000	0.0000	0.0000	0.0000	0.2331	0.2070	0.0261	0.0702	0.0667	0.0035	0.1629	0.1403	0.0226	0.1572	0.0526	0.1046	0.0236	0.0149	0.0087	0.1336	0.0377	0.0959	0.0000	0.0000	0.0000	0.0000	0.0000	0.0000	0.0000	0.0000	0.0000	0.0000	0.0000	0.0000	0.0000	0.0000	0.0000	0.0000	0.0000	0.0000											
45	57	0.1795	6	0	1	0	1	0	0	0	0	N	N	N	N	N	N	N	N	N	N	N	N	4.4628	250.0371	0.0000	7.4333	5.9922	4.9903	inf	0.0000	1.3110	1.4591	0.0000	0.0739	0.0789	0.0000	1.9609	2.2312	0.0000	0.2938	0.0058	0.5208	0.0099	0.0132	0.0000	0.3929	0.0000	0.5876	0.0000	113.1789	-0.1922	0.0172	3.0666	9.7645	3.9999	7.4558	0.9717	0.9717	0.0000	0.0189	0.0189	0.0000	0.9528	0.9528	0.0000	0.0708	0.0006	0.0702	0.0006	0.0006	0.0000	0.0702	0.0000	0.0702	0.7412	0.6659	0.0752	0.2553	0.2389	0.0164	0.4859	0.4270	0.0589	0.2410	0.1062	0.1347	0.0624	0.0471	0.0153	0.1786	0.0592	0.1194	4.4628	250.0371	0.0000	7.4333	5.9922	0.0000	4.9903	inf	0.0000	0.2938	0.0058	0.5208	0.0099	0.0132	0.0000	0.3929	0.0000	0.5876	
45	58	0.2351	7	0	0	1	1	0	0	0	0	N	N	N	N	N	N	N	N	N	N	N	N	0.0000	0.0000	0.0000	0.0000	0.0000	0.0000	0.0000	0.0000	0.0000	0.0000	0.0000	0.0000	0.0000	0.0014	0.0000	0.0026	0.0000	0.0000	0.0000	0.0019	0.0000	0.0029	inf	0.0000	0.0000	3.0666	1.0009	3.9999	0.0163	0.0000	0.0000	0.0000	0.0000	0.0000	0.0000	0.0000	0.0000	0.0000	0.0000	0.0000	0.0000	0.0000	0.0000	0.0000	0.0000	0.0000	0.0000	0.0986	0.0883	0.0103	0.0468	0.0430	0.0038	0.0518	0.0453	0.0065	0.0145	0.0067	0.0078	0.0040	0.0030	0.0010	0.0105	0.0037	0.0068	0.0000	0.0000	0.0000	0.0000	0.0000	0.0000	0.0000	0.0000	0.0000	0.0014	0.0000	0.0026	0.0000	0.0000	0.0000	0.0019	0.0000	0.0029						
45	59	0.2197	6	0	0	0	1	0	0	0	0	N	N	N	N	N	N	N	N	N	N	N	N	0.0000	0.0000	0.0000	0.0000	0.0000	0.0000	0.0000	0.0000	0.0000	0.0000	0.0000	0.0000	0.0000	0.0000	0.0000	0.0000	0.0031	0.0015	0.0043	0.0026	0.0035	0.0000	0.0033	0.0000	0.0049	3.5002	0.0000	0.0000	3.0666	1.9961	3.9999	0.0521	0.0000	0.0000	0.0000	0.0000	0.0000	0.0000	0.0000	0.0000	0.0000	0.0001	0.0000	0.0001	0.0000	0.0000	0.0000	0.0001	0.0000	0.0001	0.1864	0.1667	0.0197	0.0812	0.0747	0.0065	0.1052	0.0920	0.0132	0.0292	0.0129	0.0162	0.0078	0.0058	0.0020	0.0214	0.0071	0.0142	0.0000	0.0000	0.0000	0.0000	0.0000	0.0000	0.0000	0.0000	0.0000	0.0031	0.0015	0.0043	0.0026	0.0035	0.0000	0.0033	0.0000	0.0049			
45	60	0.2120	5	0	0	0	1	0	0	0	0	N	N	N	N	N	N	N	N	N	N	N	N	0.0000	0.0000	0.0000	0.0000	0.0000	0.0000	0.0000	0.0000	0.0000	0.0000	0.0000	0.0000	0.0000	0.0000	0.0000	0.0000	0.0306	0.0100	0.0473	0.0165	0.0219	0.0000	0.0358	0.0000	0.0538	5.8591	0.0000	0.0001	3.0666	0.0081	3.9999	1.0507	0.0000	0.0000	0.0000	0.0000	0.0000	0.0000	0.0000	0.0000	0.0000	0.0005	0.0001	0.0004	0.0001	0.0001	0.0000	0.0004	0.0000	0.0004	0.0011	0.0010	0.0001	0.0005	0.0005	0.0000	0.0006	0.0005	0.0001	0.0157	0.0070	0.0087	0.0042	0.0032	0.0010	0.0114	0.0038	0.0076	0.0000	0.0000	0.0000	0.0000	0.0000	0.0000	0.0000	0.0000	0.0000	0.0306	0.0100	0.0473	0.0165	0.0219	0.0000	0.0358	0.0000	0.0538			
45	61	0.1632	4	0	0	0	1	0	0	0	0	N	N	N	N	N	N	N	N	N	N	N	N	0.0056	0.5789	0.0000	0.8950	0.7903	0.0000	0.0000	0.0040	0.0045	0.0000	0.0112	0.0120	0.0000	0.0000	0.0000	0.0000	0.7238	0.0078	1.2676	0.0125	0.0152	0.0000	0.9861	0.0000	1.3846	0.0000	213.9091	-0.0002	0.0219	3.0666	3.0167	3.9999	3.2580	0.0011	0.0011	0.0000	0.0011	0.0011	0.0000	0.0000	0.0000	0.0000	0.0889	0.0004	0.0885	0.0004	0.0004	0.0000	0.0885	0.0000	0.0885	0.2698	0.2411	0.0287	0.0973	0.0906	0.0068	0.1725	0.1505	0.0219	0.1228	0.0530	0.0698	0.0331	0.0272	0.0059	0.0897	0.0258	0.0639	0.0056	0.5789	0.0000	0.8950	0.7903	0.0000	0.0000	0.0000	0.0000	0.7238	0.0078	1.2676	0.0125	0.0152	0.0000	0.9861	0.0000	1.3846		
45	62	0.0884	3	0	1	0	1	0	0	0	0	N	N	N	N	N	N	N	N	N	N	N	N	0.0098	0.1637	0.0000	0.1151	0.1242	0.0000	0.0000	0.0631	0.0716	0.0000	0.1373	0.1503	0.0000	0.0000	0.0000	0.0000	6.4629	0.4375	9.5476	1.1927	1.2106	0.0000	7.2103	0.0000	9.5742	0.0000	42.6288	-0.0052	0.2245	3.0666	3.3327	3.9999	4.3103	0.0263	0.0263	0.0000	0.0263	0.0263	0.0000	0.0000	0.0000	0.0000	0.9838	0.0225	0.9613	0.0225	0.0225	0.0000	0.9613	0.0000	0.9613	0.4170	0.3674	0.0496	0.1915	0.1750	0.0166	0.2255	0.1924	0.0331	0.1522	0.0515	0.1007	0.0189	0.0186	0.0003	0.1333	0.0329	0.1004	0.0098	0.1637	0.0000	0.1151	0.1242	0.0000	0.0000	0.0000	0.0000	6.4629	0.4375	9.5476	1.1927	1.2106	0.0000	7.2103	0.0000	9.5742		
45	63	0.0644	2	0	0	0	1	0	0	0	0	N	N	N	N	N	N	N	N	N	N	N	N	0.1867	12.6561	0.1701	6.1202	5.9522	inf	0.0950	0.5545	0.1536	0.1016	0.0970	0.1343	0.1550	0.1549	0.1558	0.0558	0.0447	0.1217	0.5443	0.0077	0.7896	0.0253	0.0260	0.0000	0.5879	0.0806	0.7920	0.1958	225.4892	-0.0015	0.0152	3.0666	3.2669	3.9999	2.4507	0.0440	0.0368	0.0072	0.0310	0.0279	0.0031	0.0130	0.0089	0.0041	0.0615	0.0003	0.0612	0.0002	0.0002	0.0000	0.0613	0.0000	0.0612	0.4333	0.3796	0.0537	0.2000	0.1802	0.0198	0.2333	0.1994	0.0339	0.1129	0.0354	0.0775	0.0087	0.0085	0.0002	0.1042	0.0269	0.0773	0.1867	12.6561	0.1701	6.1202	5.9522	inf	0.0950	24.0435	0.1536	0.5443	0.0077	0.7896	0.0253	0.0260	0.0000	0.5879	0.0019	0.7920
45	64	0.1488	6	1	0	1	1	0	0	0	0	N	N	N	N	N	N	N	N	N	N	N	N	0.0000	0.0000	0.0000	0.0000	0.0000	0.0000	0.0000	0.0000	0.0000	0.0000	0.0000	0.0000	0.0000	0.0000	0.0000	0.0000	0.0000	0.0000	0.0000	0.0000	3.0666	0.0000	3.9999	1.0000	0.0000	0.0000	0.0000	0.0000	0.0000	0.0000	0.0000	0.0000	0.0000	0.0000	0.0000	0.0000	0.0000	0.0000	0.0000	0.0000	0.0000	0.0000	0.0000	0.0000	0.0000	0.0000	0.0000	0.0000	0.0000	0.0000	0.0000	0.0177	0.0058	0.0119	0.0026	0.0017	0.0008	0.0152	0.0041	0.0111	0.0000	0.0000	0.0000	0.0000	0.0000	0.0000	0.0000	0.0000	0.0000	0.0000	0.0000	0.0000	0.0000	0.0000	0.0000	0.0000	0.0000	0.0000											
45	65	0.1488	5	1	0	1	1	0	0	0	0	N	N	N	N	N	N	N	N	N	N	N	N	0.0000	0.0000	0.0000	0.0000	0.0000	0.0000	0.0000	0.0000	0.0000	0.0000	0.0000	0.0000	0.0000	4.2550	8.7416	0.0000	9.0031	9.0727	0.0000	0.0000	0.0000	0.0000	0.0000	0.0000	-0.0001	3.0666	0.0000	3.9999	0.0001	0.0000	0.0000	0.0000	0.0000	0.0000	0.0000	0.0000	0.0000	0.0000	0.0001	0.0001	0.0000	0.0001	0.0001	0.0000	0.0000	0.0000	0.0000	0.0000	0.0000	0.0000	0.0000	0.0000	0.0000	0.0000	0.0000	0.0000	0.0000	0.0000	0.0000	0.0000	0.0000	0.0000	0.0000	0.0000	0.0000	0.0000	0.0000	0.0000	0.0000	0.0000	0.0000	0.0000	0.0000	0.0000	4.2550	8.7416	0.0000	9.0031	9.0727	0.0000	0.0000	0.0000	0.0000						
45	66	0.1365	4	1	0	1	1	0	0	0	0	N	N	N	N	N	N	N	N	N	N	N	N	0.0104	0.0044	0.0000	0.0105	0.0094	0.0000	0.0000	0.0135	0.0152	0.0000	0.0577	0.0607	0.0000	0.0000	0.0000	0.0000	1.2979	3.4422	0.0032	5.4713	6.4657	0.0000	0.0026	0.0000	0.0034	0.0000	0.0015	-0.0004	-0.0462	3.0666	1.9720	3.9999	0.0923	0.0018	0.0018	0.0000	0.0018	0.0018	0.0000	0.0000	0.0000	0.0000	0.0617	0.0617	0.0001	0.0617	0.0617	0.0000	0.0001	0.0000	0.0001	0.1330	0.1180	0.0150	0.0310	0.0295	0.0015	0.1020	0.0885	0.0135	0.0476	0.0179	0.0297	0.0113	0.0095	0.0017	0.0363	0.0084	0.0279	0.0104	0.0044	0.0000	0.0105	0.0094	0.0000	0.0000	0.0000	0.0000	1.2979	3.4422	0.0032	5.4713	6.4657	0.0000	0.0026	0.0000	0.0034		
45	67	0.1149	3	1	0	1	1	0	0	0	0	N	N	N	N	N	N	N	N	N	N	N	N	5.8702	inf	0.0000	inf	inf	0.0000	0.0000	5.5141	6.2111	0.0000	18.2156	19.1620	0.0000	0.0000	0.0000	0.0000	0.9393	0.0000	1.4100	0.0000	0.0000	0.0000	1.1074	0.0000	1.5295	0.0000	inf	-0.1975	0.0155	3.0666	3.0650	3.9999	1.0636	0.9983	0.9983	0.0000	0.9983	0.9983	0.0000	0.0000	0.0000	0.0000	0.0617	0.0000	0.0617	0.0000	0.0000	0.0000	0.0617	0.0000	0.0617	0.1810	0.1607	0.0203	0.0548	0.0521	0.0027	0.1262	0.1086	0.0176	0.0656	0.0219	0.0437	0.0100	0.0065	0.0034	0.0557	0.0154	0.0403	5.8702	inf	0.0000	inf	inf	0.0000	0.0000	0.0000	0.0000	0.9393	0.0000	1.4100	0.0000	0.0000	0.0000	1.1074	0.0000	1.5295		
45	68	0.1219	3	0	1	0	2	0	0	0	0	N	N	N	Y	N	N	N	N	N	N	N	N	0.0085	0.0037	0.0041	0.0034	0.0028	0.0032	0.0000	0.0069	0.0075	0.0000	0.0000	0.0000	0.0000	0.3315	0.8610	0.0000	1.6855	2.2041	0.0000	0.0000	0.0000	0.0000	0.0000	0.0000	-0.0002	-0.0339	3.0666	2.7513	3.9999	4.0954	0.0008	0.0008	0.0000	0.0008	0.0008	0.0000	0.0000	0.0000	0.0000	0.0453	0.0453	0.0000	0.0453	0.0453	0.0000	0.0000	0.0000	0.0000	0.2806	0.2500	0.0306	0.1151	0.1062	0.0090	0.1654	0.1439	0.0216	0.1367	0.0526	0.0840	0.0269	0.0206	0.0063	0.1098	0.0321	0.0777	0.0085	0.0037	0.0000	0.0041	0.0034	0.0000	0.0000	0.0000	0.0000	0.3315	0.8610	0.0000	1.6855	2.2041	0.0000	0.0000	0.0000	0.0000					
45	71	0.1149	3	0	1	0	1	0	0	0	0	N	N	N	N	N	N	N	N	N	N	N	N	0.0000	0.0000	0.0000	0.0000	0.0000	0.0000	0.0000	0.0000	0.0000	0.0000	0.0000	0.0000	0.0000	12.7542	0.0000	19.1481	0.0000	0.0000	0.0000	15.0316	0.0000	20.7852	inf	0.0000	0.2511	3.0666	2.0000	3.9999	3.0000	0.0000	0.0000	0.0000	0.0000	0.0000	0.0000	0.0000	0.0000	0.0000	1.0000	0.0000	1.0000	0.0000	0.0000	0.0000	1.0000	0.0000	1.0000	0.1200	0.1065	0.0135	0.0366	0.0348	0.0018	0.0834	0.0717	0.0117	0.0784	0.0262	0.0522	0.0119	0.0078	0.0041	0.0665	0.0184	0.0481	0.0000	0.0000	0.0000	0.0000	0.0000	0.0000	0.0000	0.0000	0.0000	12.7542	0.0000	19.1481	0.0000	0.0000	0.0000	15.0316	0.0000	20.7852						
45	72	0.0881	2	0	0	0	1	0	0	0	0	N	N	N	N	N	N	N	N	N	N	N	N	27.7701	0.5858	inf	0.7860	0.6182	inf	inf	inf	inf	2.4800	0.1455	22.2460	0.3849	0.3927	0.2816	3.5733	0.0086	28.7486	0.0893	0.2484	0.0000	0.4897	0.6352	0.0000	0.0000	0.0000	0.0000	18.0537	0.0000	0.7688	-0.0067	3.0666	4.7932	3.9999	0.2507	1.0255	0.0538	0.9717	0.0546	0.0518	0.0028	0.9709	0.0021	0.9689	0.0089	0.0089	0.0000	0.0089	0.0089	0.0000	0.0000	0.0000	0.0000	0.4135	0.3698	0.0437	0.1418	0.1318	0.0100	0.2717	0.2380	0.0337	0.0997	0.0358	0.0638	0.0182	0.0140	0.0042	0.0815	0.0218	0.0597	27.7701	0.5858	inf	0.7860	0.6182	inf	inf	inf	inf	0.0893	0.2484	0.0000	0.4897	0.6352	0.0000	0.0000	0.0000	0.0000
45	74	0.0644	2	0	1	0	1	0	0	0	0	N	N	N	N	N	N	N	N	N	N	N	N	71.0282	25.1730	3.2980	3.5863	inf	inf	0.1312	0.1507	0.0000	0.0869	0.0971	0.0000	0.1806	0.2141	0.0000	0.0018	0.0060	0.0000	0.0263	0.0271	0.0000	0.0000	0.0000	0.0000	0.0000	0.0000	-0.0090	-0.0002	3.0666	1.8678	3.9999	4.6278	0.0456	0.0456	0.0000	0.0159	0.0159	0.0000	0.0297	0.0297	0.0000	0.0002	0.0002	0.0000	0.0002	0.0002	0.0000	0.0000	0.0000	0.0000	0.3477	0.3027	0.0450	0.1833	0.1640	0.0193	0.1643	0.1387	0.0257	0.1245	0.0384	0.0861	0.0087	0.0085	0.0002	0.1158	0.0299	0.0859	71.0282	25.1730	0.0000	3.2980	3.5863	0.0000	inf	inf	0.0000	0.0018	0.0060	0.0000	0.0263	0.0271	0.0000	0.0000	0.0000	0.0000			
45	78	0.1681	5	1	1	0	2	0	0	0	0	N	N	N	Y	N	N	N	N	N	N	N	N	0.0000	0.0000	0.0000	0.0000	0.0000	0.0000	0.0000	0.0000	0.0000	0.0000	0.0000	0.0000	0.0000	0.0007	0.0022	0.0000	0.0127	0.0200	0.0000	0.0000	0.0000	0.0000	0.0000	0.0000	-0.0000	3.0666	1.0000	3.9999	2.0144	0.0000	0.0000	0.0000	0.0000	0.0000	0.0000	0.0000	0.0000	0.0000	0.0001	0.0001	0.0000	0.0001	0.0001	0.0000	0.0000	0.0000	0.0000	0.0754	0.0667	0.0087	0.0191	0.0179	0.0011	0.0563	0.0487	0.0076	0.0679	0.0228	0.0451	0.0039	0.0025	0.0014	0.0640	0.0203	0.0436	0.0000	0.0000	0.0000	0.0000	0.0000	0.0000	0.0000	0.0000	0.0000	0.0007	0.0022	0.0000	0.0127	0.0200	0.0000	0.0000	0.0000	0.0000						
45	79	0.1458	4	1	1	0	2	0	0	0	0	N	N	N	Y	N	N	N	N	N	N	N	N	0.0000	0.0000	0.0000	0.0000	0.0000	0.0000	0.0000	0.0000	0.0000	0.0000	0.0000	0.0000	0.0000	0.0007	0.0000	0.0011	0.0000	0.0000	0.0000	0.0008	0.0000	0.0011	inf	0.0000	0.0000	3.0666	0.0001	3.9999	3.0180	0.0000	0.0000	0.0000	0.0000	0.0000	0.0000	0.0000	0.0000	0.0000	0.0001	0.0000	0.0001	0.0000	0.0000	0.0000	0.0001	0.0000	0.0001	0.0000	0.0000	0.0000	0.0000	0.0000	0.0000	0.0000	0.0000	0.0000	0.0676	0.0225	0.0451	0.0035	0.0021	0.0014	0.0641	0.0204	0.0437	0.0000	0.0000	0.0000	0.0000	0.0000	0.0000	0.0000	0.0000	0.0000	0.0007	0.0000	0.0011	0.0000	0.0000	0.0000	0.0008	0.0000	0.0011						
45	80	0.1678	6	0	1	0	2	0	0	0	0	N	N	N	Y	N	N	N	N	N	N	N	N	0.0000	0.0000	0.0000	0.0000	0.0000	0.0000	0.0000	0.0000	0.0000	0.0000	0.0000	0.0000	0.0000	0.0000	0.0000	0.0000	0.0000	0.0000	0.0000	0.0000	3.0666	0.0000	3.9999	0.0000	0.0000	0.0000	0.0000	0.0000	0.0000	0.0000	0.0000	0.0000	0.0000	0.0000	0.0000	0.0000	0.0000	0.0000	0.0000	0.0000	0.0000	0.0000	0.0000	0.0000	0.0000	0.0000	0.0000	0.0000	0.0000	0.0000	0.0000	0.0000	0.0000	0.0000	0.0000	0.0000	0.0000	0.0000	0.0000	0.0000	0.0000	0.0000	0.0000	0.0000	0.0000	0.0000	0.0000	0.0000	0.0000	0.0000	0.0000	0.0000	0.0000	0.0000	0.0000	0.0000	0.0000	0.0000											
45	81	0.1458	4	0	0	1	2	0	0	0	0	N	N	N	Y	N	N	N	N	N	N	N	N	0.0000	0.0000	0.0000	0.0000	0.0000	0.0000	0.0000	0.0000	0.0000	0.0000	0.0000	0.0000	0.0000	0.0000	0.0000	0.0000	0.0000	0.0000	0.0000	0.0000	3.0666	2.0000	3.9999	0.0000	0.0000	0.0000	0.0000	0.0000	0.0000	0.0000	0.0000	0.0000	0.0000	0.0000	0.0000	0.0000	0.0000	0.0000	0.0000	0.0000	0.0000	0.0000	0.1474	0.1305	0.0170	0.0369	0.0347	0.0022	0.1105	0.0958	0.0148	0.0457	0.0152	0.0305	0.0024	0.0014	0.0009	0.0433	0.0138	0.0295	0.0000	0.0000	0.0000	0.0000	0.0000	0.0000	0.0000	0.0000	0.0000	0.0000	0.0000	0.0000	0.0000	0.0000	0.0000	0.0000	0.0000	0.0000											
45	82	0.1458	4	0	0	1	2	0	0	0	0	N	N	N	Y	N	N	N	N	N	N	N	N	0.0000	0.0000	0.0000	0.0000	0.0000	0.0000	0.0000	0.0000	0.0000	0.0000	0.0000	0.0000	0.0000	0.0000	0.0000	0.0000	0.0000	0.0000	0.0000	0.0000	3.0666	0.0000	3.9999	4.0000	0.0000	0.0000	0.0000	0.0000	0.0000	0.0000	0.0000	0.0000	0.0000	0.0000	0.0000	0.0000	0.0000	0.0000	0.0000	0.0000	0.0000	0.0000	0.0000	0.0000	0.0000	0.0000	0.0000	0.0000	0.0000	0.0000	0.0000	0.0879	0.0293	0.0586	0.0046	0.0028	0.0018	0.0833	0.0265	0.0567	0.0000	0.0000	0.0000	0.0000	0.0000	0.0000	0.0000	0.0000	0.0000	0.0000	0.0000	0.0000	0.0000	0.0000	0.0000	0.0000	0.0000	0.0000											
45	83	0.1678	6	0	0	1	2	0	0	0	0	N	N	N	Y	N	N	N	N	N	N	N	N	0.0000	0.0000	0.0000	0.0000	0.0000	0.0000	0.0000	0.0000	0.0000	0.0000	0.0000	0.0000	0.0000	0.0000	0.0000	0.0000	0.0000	0.0000	0.0000	0.0000	3.0666	0.0000	3.9999	2.0000	0.0000	0.0000	0.0000	0.0000	0.0000	0.0000	0.0000	0.0000	0.0000	0.0000	0.0000	0.0000	0.0000	0.0000	0.0000	0.0000	0.0000	0.0000	0.0000	0.0000	0.0000	0.0000	0.0000	0.0000	0.0000	0.0000	0.0000	0.0454	0.0148	0.0305	0.0021	0.0011	0.0010	0.0433	0.0138	0.0295	0.0000	0.0000	0.0000	0.0000	0.0000	0.0000	0.0000	0.0000	0.0000	0.0000	0.0000	0.0000	0.0000	0.0000	0.0000	0.0000	0.0000	0.0000											
45	84	0.1605	5	0	0	0	2	0	0	0	0	N	N	N	Y	N	N	N	N	N	N	N	N	0.0000	0.0000	0.0000	0.0000	0.0000	0.0000	0.0000	0.0000	0.0000	0.0000	0.0000	0.0000	0.0000	0.0451	0.1362	0.0000	0.8274	1.4077	0.0000	0.0000	0.0000	0.0000	0.0000	0.0000	-0.0008	3.0666	1.0000	3.9999	0.0015	0.0000	0.0000	0.0000	0.0000	0.0000	0.0000	0.0000	0.0000	0.0000	0.0011	0.0011	0.0000	0.0011	0.0011	0.0000	0.0000	0.0000	0.0000	0.0754	0.0667	0.0087	0.0191	0.0179	0.0011	0.0563	0.0487	0.0076	0.0235	0.0078	0.0157	0.0013	0.0008	0.0005	0.0222	0.0070	0.0152	0.0000	0.0000	0.0000	0.0000	0.0000	0.0000	0.0000	0.0000	0.0000	0.0451	0.1362	0.0000	0.8274	1.4077	0.0000	0.0000	0.0000	0.0000						
45	85	0.1458	4	0	0	0	2	0	0	0	0	N	N	N	Y	N	N	N	N	N	N	N	N	0.0000	0.0000	0.0000	0.0000	0.0000	0.0000	0.0000	0.0000	0.0000	0.0000	0.0000	0.0000	0.0000	0.0232	0.0000	0.0348	0.0000	0.0000	0.0000	0.0245	0.0000	0.0359	inf	0.0000	0.0003	3.0666	0.0000	3.9999	2.0013	0.0000	0.0000	0.0000	0.0000	0.0000	0.0000	0.0000	0.0000	0.0000	0.0011	0.0000	0.0011	0.0000	0.0000	0.0000	0.0011	0.0000	0.0011	0.0000	0.0000	0.0000	0.0000	0.0000	0.0000	0.0000	0.0000	0.0000	0.0457	0.0152	0.0305	0.0024	0.0014	0.0009	0.0433	0.0138	0.0296	0.0000	0.0000	0.0000	0.0000	0.0000	0.0000	0.0000	0.0000	0.0000	0.0232	0.0000	0.0348	0.0000	0.0000	0.0000	0.0245	0.0000	0.0359						
45	86	0.1857	4	1	1	0	1	0	0	0	0	N	N	N	N	N	N	N	N	N	N	N	N	0.0753	0.0389	0.0369	0.0401	inf	inf	0.1182	0.1330	0.0000	0.1986	0.2260	0.0000	0.0177	0.0197	0.0000	1.5700	3.4231	0.0000	5.3889	5.6415	0.0000	0.0000	0.0000	0.0000	0.0000	0.0000	-0.0000	-0.0444	3.0666	0.0007	3.9999	0.9812	0.0000	0.0000	0.0000	0.0000	0.0000	0.0000	0.0000	0.0000	0.0000	0.0593	0.0593	0.0000	0.0593	0.0593	0.0000	0.0000	0.0000	0.0000	0.0002	0.0002	0.0000	0.0001	0.0001	0.0000	0.0001	0.0001	0.0000	0.0377	0.0173	0.0204	0.0110	0.0105	0.0005	0.0267	0.0068	0.0199	0.0753	0.0389	0.0000	0.0369	0.0401	0.0000	inf	inf	0.0000	1.5700	3.4231	0.0000	5.3889	5.6415	0.0000	0.0000	0.0000	0.0000			
45	87	0.1299	3	1	1	0	1	0	0	0	0	N	N	N	N	N	N	N	N	N	N	N	N	0.4247	3.6215	0.0000	2.1108	1.4417	inf	0.0250	inf	0.0000	0.1777	0.2014	0.0000	0.6440	0.6842	0.0000	0.0106	0.0124	0.0000	0.4185	0.0556	0.6018	0.3051	0.4746	0.0000	0.4259	0.0000	0.6223	0.0000	21.4106	-0.0130	0.0128	3.0666	5.0272	3.9999	2.1572	0.0658	0.0658	0.0000	0.0629	0.0629	0.0000	0.0029	0.0029	0.0000	0.0618	0.0028	0.0591	0.0028	0.0028	0.0000	0.0591	0.0000	0.0591	0.3700	0.3265	0.0436	0.0976	0.0919	0.0057	0.2724	0.2346	0.0379	0.1478	0.0496	0.0982	0.0090	0.0058	0.0032	0.1387	0.0438	0.0949	0.4247	3.6215	0.0000	2.1108	1.4417	inf	0.0250	inf	0.0000	0.4185	0.0556	0.6018	0.3051	0.4746	0.0000	0.4259	0.0000	0.6223
45	88	0.1831	5	0	1	0	1	0	0	0	0	N	N	N	N	N	N	N	N	N	N	N	N	0.0000	0.0000	0.0000	0.0000	0.0000	0.0000	0.0000	0.0000	0.0000	0.0000	0.0000	0.0000	0.0000	0.0000	0.0000	0.0000	0.0000	0.0000	0.0000	0.0000	3.0666	0.0000	3.9999	4.0000	0.0000	0.0000	0.0000	0.0000	0.0000	0.0000	0.0000	0.0000	0.0000	0.0000	0.0000	0.0000	0.0000	0.0000	0.0000	0.0000	0.0000	0.0000	0.0000	0.0000	0.0000	0.0000	0.0000	0.0000	0.0000	0.0000	0.0000	0.0882	0.0300	0.0582	0.0063	0.0043	0.0021	0.0819	0.0257	0.0562	0.0000	0.0000	0.0000	0.0000	0.0000	0.0000	0.0000	0.0000	0.0000	0.0000	0.0000	0.0000	0.0000	0.0000	0.0000	0.0000	0.0000	0.0000											
45	89	0.1458	4	0	1	0	1	0	0	0	0	N	N	N	N	N	N	N	N	N	N	N	N	0.0000	0.0000	0.0000	0.0000	0.0000	0.0000	0.0000	0.0000	0.0000	0.0000	0.0000	0.0000	0.0000	0.0000	0.0000	0.0000	0.0000	0.0000	0.0000	0.0000	3.0666	3.0000	3.9999	2.0000	0.0000	0.0000	0.0000	0.0000	0.0000	0.0000	0.0000	0.0000	0.0000	0.0000	0.0000	0.0000	0.0000	0.0000	0.0000	0.0000	0.0000	0.0000	0.2164	0.1916	0.0247	0.0535	0.0504	0.0032	0.1628	0.1412	0.0216	0.1078	0.0360	0.0718	0.0057	0.0035	0.0023	0.1021	0.0326	0.0695	0.0000	0.0000	0.0000	0.0000	0.0000	0.0000	0.0000	0.0000	0.0000	0.0000	0.0000	0.0000	0.0000	0.0000	0.0000	0.0000	0.0000	0.0000											
45	90	0.1458	4	1	1	0	1	0	0	0	0	N	N	N	N	N	N	N	N	N	N	N	N	0.0000	0.0000	0.0000	0.0000	0.0000	0.0000	0.0000	0.0000	0.0000	0.0000	0.0000	0.0000	0.0000	0.0000	0.0000	0.0000	0.0000	0.0000	0.0000	0.0000	3.0666	2.0000	3.9999	3.0000	0.0000	0.0000	0.0000	0.0000	0.0000	0.0000	0.0000	0.0000	0.0000	0.0000	0.0000	0.0000	0.0000	0.0000	0.0000	0.0000	0.0000	0.0000	0.1474	0.1305	0.0170	0.0369	0.0347	0.0022	0.1105	0.0958	0.0148	0.1078	0.0360	0.0718	0.0057	0.0035	0.0023	0.1021	0.0326	0.0695	0.0000	0.0000	0.0000	0.0000	0.0000	0.0000	0.0000	0.0000	0.0000	0.0000	0.0000	0.0000	0.0000	0.0000	0.0000	0.0000	0.0000	0.0000											
45	91	0.1299	3	0	0	0	1	0	0	0	0	N	N	N	N	N	N	N	N	N	N	N	N	0.3643	0.0022	inf	0.0225	0.0011	inf	inf	inf	0.0217	0.0004	0.1682	0.0184	0.0012	0.2896	0.0231	0.0000	0.1485	0.0596	0.1732	0.0000	0.8179	1.1277	0.0000	0.0000	0.0000	0.0000	63.4349	0.0000	0.0030	-0.0022	3.0666	2.0705	3.9999	0.0351	0.0039	0.0001	0.0038	0.0010	0.0001	0.0009	0.0029	0.0000	0.0029	0.0029	0.0029	0.0000	0.0029	0.0029	0.0000	0.0000	0.0000	0.0000	0.1780	0.1554	0.0226	0.0531	0.0499	0.0032	0.1250	0.1055	0.0195	0.0492	0.0169	0.0322	0.0036	0.0026	0.0010	0.0456	0.0143	0.0313	0.3643	0.0022	inf	0.0225	0.0011	inf	inf	0.0000	inf	0.0596	0.1732	0.0000	0.8179	1.1277	0.0000	0.0000	0.0000	0.0000	
45	92	0.1045	2	0	0	0	1	0	0	0	0	N	N	N	N	N	N	N	N	N	N	N	N	0.1966	0.0533	2.2445	0.0396	0.0347	inf	0.6207	0.0804	2.6150	0.0240	0.0118	0.1184	0.0266	0.0278	0.0066	0.0224	0.0007	0.1432	0.1223	0.2222	0.0528	0.6733	0.8004	0.0000	0.0361	0.0087	0.0547	1.2921	0.3412	0.0031	-0.0056	3.0666	3.4249	3.9999	0.1413	0.0086	0.0037	0.0048	0.0037	0.0036	0.0000	0.0049	0.0001	0.0048	0.0114	0.0085	0.0029	0.0085	0.0085	0.0000	0.0029	0.0000	0.0029	0.3562	0.3155	0.0408	0.1372	0.1298	0.0074	0.2190	0.1856	0.0334	0.0931	0.0382	0.0549	0.0126	0.0106	0.0020	0.0805	0.0276	0.0529	0.1966	0.0533	2.2445	0.0396	0.0347	inf	0.6207	1.9282	2.6150	0.1223	0.2222	0.0528	0.6733	0.8004	0.0000	0.0361	0.0004	0.0547
45	98	0.2413	7	0	0	0	1	0	0	0	0	N	N	N	N	N	N	N	N	N	N	N	N	0.2126	1.0093	0.0000	0.0536	0.0494	0.2876	inf	0.0000	0.0748	0.0835	0.0000	0.0066	0.0073	0.0000	0.1409	0.1594	0.0000	0.3519	0.0827	0.7030	0.1240	0.1481	0.0000	0.4900	0.0000	0.8184	0.0000	6.5208	-0.0085	0.0131	3.0666	4.9999	3.9999	9.0821	0.0431	0.0431	0.0000	0.0019	0.0019	0.0000	0.0412	0.0412	0.0000	0.1106	0.0147	0.0959	0.0147	0.0147	0.0000	0.0959	0.0000	0.0959	0.5758	0.5162	0.0596	0.2835	0.2578	0.0257	0.2923	0.2584	0.0339	0.3144	0.1779	0.1365	0.1186	0.0993	0.0193	0.1958	0.0786	0.1172	0.2126	1.0093	0.0000	0.0536	0.0494	0.0000	0.2876	inf	0.0000	0.3519	0.0827	0.7030	0.1240	0.1481	0.0000	0.4900	0.0000	0.8184	
46	47	0.0775	4	2	1	1	0	0	0	0	0	Y	N	N	N	N	N	N	N	N	N	N	N	0.0000	0.0000	0.0000	0.0000	0.0000	0.0000	0.0000	0.0000	0.0000	0.0000	0.0000	0.0000	0.0000	0.6122	0.0000	1.0153	0.0000	0.0000	0.0000	0.7145	0.0000	1.0220	inf	0.0000	0.0021	0.0000	0.9991	2.0000	2.0273	0.0000	0.0000	0.0000	0.0000	0.0000	0.0000	0.0000	0.0000	0.0000	0.0083	0.0000	0.0083	0.0000	0.0000	0.0000	0.0083	0.0000	0.0083	0.0000	0.0000	0.0000	0.0000	0.0000	0.0000	0.0000	0.0000	0.0000	0.0135	0.0054	0.0081	0.0019	0.0019	0.0001	0.0116	0.0035	0.0081	0.0000	0.0000	0.0000	0.0000	0.0000	0.0000	0.0000	0.0000	0.0000	0.6122	0.0000	1.0153	0.0000	0.0000	0.0000	0.7145	0.0000	1.0220						
46	48	0.0399	3	2	1	1	0	0	0	0	0	Y	N	N	N	N	N	N	N	N	N	N	N	0.0000	0.0000	0.0000	0.0000	0.0000	0.0000	0.0000	0.0000	0.0000	0.0000	0.0000	0.0000	0.0000	0.0000	0.0000	0.0000	26.6248	0.0182	38.7075	0.0544	0.0545	0.0000	29.7308	0.0000	38.7130	4671.0441	0.0000	0.2426	0.0000	3.1828	2.0000	3.1571	0.0000	0.0000	0.0000	0.0000	0.0000	0.0000	0.0000	0.0000	0.0000	0.9671	0.0002	0.9669	0.0002	0.0002	0.0000	0.9669	0.0000	0.9669	0.0000	0.0000	0.0000	0.0000	0.0000	0.0000	0.0000	0.0000	0.0000	0.0363	0.0113	0.0250	0.0038	0.0038	0.0000	0.0325	0.0075	0.0250	0.0000	0.0000	0.0000	0.0000	0.0000	0.0000	0.0000	0.0000	0.0000	26.6248	0.0182	38.7075	0.0544	0.0545	0.0000	29.7308	0.0000	38.7130			
46	49	0.0357	2	1	1	1	0	0	0	0	0	N	N	N	N	N	N	N	N	N	N	N	N	0.0000	0.0000	0.0000	0.0000	0.0000	0.0000	0.0000	0.0000	0.0000	0.0000	0.0000	0.0000	0.0000	0.0000	0.0000	0.0000	1.8022	1.2585	2.1225	1.9955	1.9957	0.0000	1.7431	0.0000	2.1225	2.8621	0.0000	-0.0003	0.0000	0.8922	2.0000	1.0748	0.0000	0.0000	0.0000	0.0000	0.0000	0.0000	0.0000	0.0000	0.0000	0.0335	0.0087	0.0248	0.0087	0.0087	0.0000	0.0248	0.0000	0.0248	0.0000	0.0000	0.0000	0.0000	0.0000	0.0000	0.0000	0.0000	0.0000	0.0186	0.0069	0.0117	0.0043	0.0043	0.0000	0.0142	0.0025	0.0117	0.0000	0.0000	0.0000	0.0000	0.0000	0.0000	0.0000	0.0000	0.0000	1.8022	1.2585	2.1225	1.9955	1.9957	0.0000	1.7431	0.0000	2.1225			
46	52	0.1360	4	1	0	1	0	0	0	0	0	N	N	N	N	N	N	N	N	N	N	N	N	0.0000	0.0000	0.0000	0.0000	0.0000	0.0000	0.0000	0.0000	0.0000	0.0000	0.0000	0.0000	0.0000	0.0395	0.1016	0.0000	0.2751	0.2907	0.0000	0.0000	0.0000	0.0000	0.0000	0.0000	-0.0008	0.0000	3.0179	2.0000	1.1627	0.0000	0.0000	0.0000	0.0000	0.0000	0.0000	0.0000	0.0000	0.0000	0.0011	0.0011	0.0000	0.0011	0.0011	0.0000	0.0000	0.0000	0.0000	0.0000	0.0000	0.0000	0.0000	0.0000	0.0000	0.0000	0.0000	0.0000	0.0276	0.0107	0.0169	0.0040	0.0037	0.0002	0.0237	0.0070	0.0167	0.0000	0.0000	0.0000	0.0000	0.0000	0.0000	0.0000	0.0000	0.0000	0.0395	0.1016	0.0000	0.2751	0.2907	0.0000	0.0000	0.0000	0.0000						
46	54	0.1360	4	1	1	1	0	0	0	0	0	N	N	N	N	N	N	N	N	N	N	N	N	0.0000	0.0000	0.0000	0.0000	0.0000	0.0000	0.0000	0.0000	0.0000	0.0000	0.0000	0.0000	0.0000	0.0230	0.0703	0.0000	0.2657	0.2952	0.0000	0.0000	0.0000	0.0000	0.0000	0.0000	-0.0008	0.0000	2.0683	2.0000	6.9961	0.0000	0.0000	0.0000	0.0000	0.0000	0.0000	0.0000	0.0000	0.0000	0.0011	0.0011	0.0000	0.0011	0.0011	0.0000	0.0000	0.0000	0.0000	0.0000	0.0000	0.0000	0.0000	0.0000	0.0000	0.0000	0.0000	0.0000	0.0475	0.0155	0.0320	0.0041	0.0037	0.0004	0.0434	0.0118	0.0315	0.0000	0.0000	0.0000	0.0000	0.0000	0.0000	0.0000	0.0000	0.0000	0.0230	0.0703	0.0000	0.2657	0.2952	0.0000	0.0000	0.0000	0.0000						
46	55	0.0794	3	1	0	1	0	0	0	0	0	N	N	N	N	N	N	N	N	N	N	N	N	0.0000	0.0000	0.0000	0.0000	0.0000	0.0000	0.0000	0.0000	0.0000	0.0000	0.0000	0.0000	0.0000	0.0268	0.0000	0.0403	0.0000	0.0000	0.0000	0.0316	0.0000	0.0436	inf	0.0000	0.0003	0.0000	3.9265	2.0000	5.0808	0.0000	0.0000	0.0000	0.0000	0.0000	0.0000	0.0000	0.0000	0.0000	0.0011	0.0000	0.0011	0.0000	0.0000	0.0000	0.0011	0.0000	0.0011	0.0000	0.0000	0.0000	0.0000	0.0000	0.0000	0.0000	0.0000	0.0000	0.0406	0.0136	0.0270	0.0061	0.0040	0.0021	0.0345	0.0095	0.0250	0.0000	0.0000	0.0000	0.0000	0.0000	0.0000	0.0000	0.0000	0.0000	0.0268	0.0000	0.0403	0.0000	0.0000	0.0000	0.0316	0.0000	0.0436						
46	57	0.2145	8	1	1	1	0	0	0	0	0	N	N	N	N	N	N	N	N	N	N	N	N	0.0000	0.0000	0.0000	0.0000	0.0000	0.0000	0.0000	0.0000	0.0000	0.0000	0.0000	0.0000	0.0000	0.0000	0.0000	0.0000	1.1122	0.0050	1.9904	0.0114	0.0120	0.0000	1.3781	0.0000	2.0291	501.2143	0.0000	0.0175	0.0000	9.7645	2.0000	7.4558	0.0000	0.0000	0.0000	0.0000	0.0000	0.0000	0.0000	0.0000	0.0000	0.0703	0.0001	0.0702	0.0001	0.0001	0.0000	0.0702	0.0000	0.0702	0.0000	0.0000	0.0000	0.0000	0.0000	0.0000	0.0000	0.0000	0.0000	0.0632	0.0280	0.0353	0.0123	0.0116	0.0007	0.0509	0.0163	0.0346	0.0000	0.0000	0.0000	0.0000	0.0000	0.0000	0.0000	0.0000	0.0000	1.1122	0.0050	1.9904	0.0114	0.0120	0.0000	1.3781	0.0000	2.0291			
46	58	0.2701	9	1	0	2	0	0	0	0	0	N	N	Y	N	N	N	N	N	N	N	N	N	0.0000	0.0000	0.0000	0.0000	0.0000	0.0000	0.0000	0.0000	0.0000	0.0000	0.0000	0.0000	0.0000	0.0000	0.0000	0.0000	0.0175	0.0242	0.0112	0.0523	0.0554	0.0000	0.0075	0.0000	0.0115	0.5000	0.0000	-0.0000	0.0000	1.0009	2.0000	0.0163	0.0000	0.0000	0.0000	0.0000	0.0000	0.0000	0.0000	0.0000	0.0000	0.0001	0.0000	0.0000	0.0000	0.0000	0.0000	0.0000	0.0000	0.0000	0.0000	0.0000	0.0000	0.0000	0.0000	0.0000	0.0000	0.0000	0.0000	0.0034	0.0017	0.0018	0.0008	0.0007	0.0000	0.0027	0.0009	0.0017	0.0000	0.0000	0.0000	0.0000	0.0000	0.0000	0.0000	0.0000	0.0000	0.0175	0.0242	0.0112	0.0523	0.0554	0.0000	0.0075	0.0000	0.0115			
46	59	0.2547	8	1	0	1	0	0	0	0	0	N	N	N	N	N	N	N	N	N	N	N	N	0.0000	0.0000	0.0000	0.0000	0.0000	0.0000	0.0000	0.0000	0.0000	0.0000	0.0000	0.0000	0.0000	0.0000	0.0000	0.0000	0.0000	0.0186	0.0125	0.0238	0.0134	0.0142	0.0000	0.0200	0.3852	0.0243	2.2500	0.0000	-0.0000	0.0000	1.9961	2.0000	0.0521	0.0000	0.0000	0.0000	0.0000	0.0000	0.0000	0.0000	0.0000	0.0000	0.0001	0.0000	0.0001	0.0000	0.0000	0.0000	0.0001	0.0000	0.0001	0.0000	0.0000	0.0000	0.0000	0.0000	0.0000	0.0000	0.0000	0.0000	0.0070	0.0032	0.0038	0.0015	0.0014	0.0001	0.0055	0.0018	0.0037	0.0000	0.0000	0.0000	0.0000	0.0000	0.0000	0.0000	0.0000	0.0000	0.0186	0.0125	0.0238	0.0134	0.0142	0.0000	0.0200	0.0111	0.0243		
46	60	0.2469	7	1	0	1	0	0	0	0	0	N	N	N	N	N	N	N	N	N	N	N	N	0.0000	0.0000	0.0000	0.0000	0.0000	0.0000	0.0000	0.0000	0.0000	0.0000	0.0000	0.0000	0.0000	0.0000	0.0000	0.0000	0.1279	0.0403	0.2034	0.0848	0.0893	0.0000	0.1400	0.0000	0.2077	5.8591	0.0000	0.0001	0.0000	0.0081	2.0000	1.0507	0.0000	0.0000	0.0000	0.0000	0.0000	0.0000	0.0000	0.0000	0.0000	0.0005	0.0001	0.0004	0.0001	0.0001	0.0000	0.0004	0.0000	0.0004	0.0000	0.0000	0.0000	0.0000	0.0000	0.0000	0.0000	0.0000	0.0000	0.0038	0.0017	0.0020	0.0008	0.0008	0.0000	0.0029	0.0010	0.0020	0.0000	0.0000	0.0000	0.0000	0.0000	0.0000	0.0000	0.0000	0.0000	0.1279	0.0403	0.2034	0.0848	0.0893	0.0000	0.1400	0.0000	0.2077			
46	61	0.1981	6	1	0	1	0	0	0	0	0	N	N	N	N	N	N	N	N	N	N	N	N	0.0000	0.0000	0.0000	0.0000	0.0000	0.0000	0.0000	0.0000	0.0000	0.0000	0.0000	0.0000	0.0000	0.0000	0.0000	0.0000	2.7096	0.0262	4.7685	0.0495	0.0511	0.0000	3.5051	0.0000	4.8292	236.8050	0.0000	0.0219	0.0000	3.0167	2.0000	3.2580	0.0000	0.0000	0.0000	0.0000	0.0000	0.0000	0.0000	0.0000	0.0000	0.0889	0.0004	0.0885	0.0004	0.0004	0.0000	0.0885	0.0000	0.0885	0.0000	0.0000	0.0000	0.0000	0.0000	0.0000	0.0000	0.0000	0.0000	0.0328	0.0142	0.0186	0.0075	0.0073	0.0002	0.0252	0.0069	0.0183	0.0000	0.0000	0.0000	0.0000	0.0000	0.0000	0.0000	0.0000	0.0000	2.7096	0.0262	4.7685	0.0495	0.0511	0.0000	3.5051	0.0000	4.8292			
46	62	0.1233	5	1	1	1	0	0	0	0	0	N	N	N	N	N	N	N	N	N	N	N	N	0.0000	0.0000	0.0000	0.0000	0.0000	0.0000	0.0000	0.0000	0.0000	0.0000	0.0000	0.0000	0.0000	25.8657	0.0000	43.6612	0.0000	0.0000	0.0000	35.7973	0.0000	47.7257	inf	0.0000	0.2413	0.0000	3.3327	2.0000	4.3103	0.0000	0.0000	0.0000	0.0000	0.0000	0.0000	0.0000	0.0000	0.0000	0.9613	0.0000	0.9613	0.0000	0.0000	0.0000	0.9613	0.0000	0.9613	0.0000	0.0000	0.0000	0.0000	0.0000	0.0000	0.0000	0.0000	0.0000	0.0372	0.0151	0.0220	0.0103	0.0084	0.0019	0.0269	0.0067	0.0201	0.0000	0.0000	0.0000	0.0000	0.0000	0.0000	0.0000	0.0000	0.0000	25.8657	0.0000	43.6612	0.0000	0.0000	0.0000	35.7973	0.0000	47.7257						
46	63	0.0993	4	1	0	1	0	0	0	0	0	N	N	N	N	N	N	N	N	N	N	N	N	0.0000	0.0000	0.0000	0.0000	0.0000	0.0000	0.0000	0.0000	0.0000	0.0000	0.0000	0.0000	0.0000	0.0000	0.0000	0.0000	1.4405	0.0187	2.3837	0.0300	0.0383	0.0000	1.9090	0.0000	2.6202	191.7179	0.0000	0.0096	0.0000	3.2669	2.0000	2.4507	0.0000	0.0000	0.0000	0.0000	0.0000	0.0000	0.0000	0.0000	0.0000	0.0389	0.0002	0.0387	0.0002	0.0002	0.0000	0.0387	0.0000	0.0387	0.0000	0.0000	0.0000	0.0000	0.0000	0.0000	0.0000	0.0000	0.0000	0.0270	0.0108	0.0162	0.0067	0.0053	0.0015	0.0203	0.0055	0.0148	0.0000	0.0000	0.0000	0.0000	0.0000	0.0000	0.0000	0.0000	0.0000	1.4405	0.0187	2.3837	0.0300	0.0383	0.0000	1.9090	0.0000	2.6202			
46	64	0.0428	4	2	0	2	0	0	0	0	0	Y	N	Y	N	N	N	N	N	N	N	N	N	0.0000	0.0000	0.0000	0.0000	0.0000	0.0000	0.0000	0.0000	0.0000	0.0000	0.0000	0.0000	0.0000	0.0000	0.0000	0.0000	0.0000	0.0000	0.0000	0.0000	0.0000	0.0000	2.0000	1.0000	0.0000	0.0000	0.0000	0.0000	0.0000	0.0000	0.0000	0.0000	0.0000	0.0000	0.0000	0.0000	0.0000	0.0000	0.0000	0.0000	0.0000	0.0000	0.0000	0.0000	0.0000	0.0000	0.0000	0.0000	0.0000	0.0000	0.0000	0.0057	0.0013	0.0044	0.0000	0.0000	0.0000	0.0057	0.0013	0.0044	0.0000	0.0000	0.0000	0.0000	0.0000	0.0000	0.0000	0.0000	0.0000	0.0000	0.0000	0.0000	0.0000	0.0000	0.0000	0.0000	0.0000	0.0000											
46	65	0.0428	3	2	0	2	0	0	0	0	0	Y	N	Y	N	N	N	N	N	N	N	N	N	0.0000	0.0000	0.0000	0.0000	0.0000	0.0000	0.0000	0.0000	0.0000	0.0000	0.0000	0.0000	0.0000	13.2617	27.6658	0.0000	28.7361	28.7361	0.0000	0.0000	0.0000	0.0000	0.0000	0.0000	-0.0001	0.0000	0.0000	2.0000	0.0001	0.0000	0.0000	0.0000	0.0000	0.0000	0.0000	0.0000	0.0000	0.0000	0.0001	0.0001	0.0000	0.0001	0.0001	0.0000	0.0000	0.0000	0.0000	0.0000	0.0000	0.0000	0.0000	0.0000	0.0000	0.0000	0.0000	0.0000	0.0000	0.0000	0.0000	0.0000	0.0000	0.0000	0.0000	0.0000	0.0000	0.0000	0.0000	0.0000	0.0000	0.0000	0.0000	0.0000	0.0000	0.0000	13.2617	27.6658	0.0000	28.7361	28.7361	0.0000	0.0000	0.0000	0.0000						
46	66	0.0305	2	2	0	2	0	0	0	0	0	Y	N	Y	N	N	N	N	N	N	N	N	N	0.0000	0.0000	0.0000	0.0000	0.0000	0.0000	0.0000	0.0000	0.0000	0.0000	0.0000	0.0000	0.0000	0.0000	0.0000	0.0000	4.0464	13.2578	0.0088	31.8332	31.8334	0.0000	0.0070	0.0000	0.0088	0.0015	0.0000	-0.0462	0.0000	1.9720	2.0000	0.0923	0.0000	0.0000	0.0000	0.0000	0.0000	0.0000	0.0000	0.0000	0.0000	0.0617	0.0617	0.0001	0.0617	0.0617	0.0000	0.0001	0.0000	0.0001	0.0000	0.0000	0.0000	0.0000	0.0000	0.0000	0.0000	0.0000	0.0000	0.0153	0.0047	0.0106	0.0019	0.0019	0.0000	0.0133	0.0027	0.0106	0.0000	0.0000	0.0000	0.0000	0.0000	0.0000	0.0000	0.0000	0.0000	4.0464	13.2578	0.0088	31.8332	31.8334	0.0000	0.0070	0.0000	0.0088			
46	68	0.1569	5	1	1	1	1	0	0	0	0	N	N	N	N	N	N	N	N	N	N	N	N	0.0000	0.0000	0.0000	0.0000	0.0000	0.0000	0.0000	0.0000	0.0000	0.0000	0.0000	0.0000	0.0000	1.3526	3.7565	0.0000	11.9306	12.2878	0.0000	0.0000	0.0000	0.0000	0.0000	0.0000	-0.0339	0.0000	2.7513	2.0000	4.0954	0.0000	0.0000	0.0000	0.0000	0.0000	0.0000	0.0000	0.0000	0.0000	0.0452	0.0452	0.0000	0.0452	0.0452	0.0000	0.0000	0.0000	0.0000	0.0000	0.0000	0.0000	0.0000	0.0000	0.0000	0.0000	0.0000	0.0000	0.0334	0.0120	0.0214	0.0038	0.0037	0.0001	0.0296	0.0084	0.0213	0.0000	0.0000	0.0000	0.0000	0.0000	0.0000	0.0000	0.0000	0.0000	1.3526	3.7565	0.0000	11.9306	12.2878	0.0000	0.0000	0.0000	0.0000						
46	69	0.0794	3	1	1	1	0	0	0	0	0	N	N	N	N	N	N	N	N	N	N	N	N	0.0000	0.0000	0.0000	0.0000	0.0000	0.0000	0.0000	0.0000	0.0000	0.0000	0.0000	0.0000	0.0000	13.7223	0.0000	20.6694	0.0000	0.0000	0.0000	15.9895	0.0000	22.3578	inf	0.0000	0.2511	0.0000	9.9334	2.0000	8.9999	0.0000	0.0000	0.0000	0.0000	0.0000	0.0000	0.0000	0.0000	0.0000	1.0000	0.0000	1.0000	0.0000	0.0000	0.0000	1.0000	0.0000	1.0000	0.0000	0.0000	0.0000	0.0000	0.0000	0.0000	0.0000	0.0000	0.0000	0.0729	0.0245	0.0484	0.0103	0.0067	0.0037	0.0625	0.0178	0.0447	0.0000	0.0000	0.0000	0.0000	0.0000	0.0000	0.0000	0.0000	0.0000	13.7223	0.0000	20.6694	0.0000	0.0000	0.0000	15.9895	0.0000	22.3578						
46	70	0.0794	3	1	1	1	0	0	0	0	0	N	N	N	N	N	N	N	N	N	N	N	N	0.0000	0.0000	0.0000	0.0000	0.0000	0.0000	0.0000	0.0000	0.0000	0.0000	0.0000	0.0000	0.0000	50.2121	0.0000	75.2923	0.0000	0.0000	0.0000	59.4388	0.0000	81.5547	inf	0.0000	0.2511	0.0000	0.0666	2.0000	4.0001	0.0000	0.0000	0.0000	0.0000	0.0000	0.0000	0.0000	0.0000	0.0000	1.0000	0.0000	1.0000	0.0000	0.0000	0.0000	1.0000	0.0000	1.0000	0.0000	0.0000	0.0000	0.0000	0.0000	0.0000	0.0000	0.0000	0.0000	0.0199	0.0066	0.0133	0.0031	0.0021	0.0010	0.0168	0.0046	0.0123	0.0000	0.0000	0.0000	0.0000	0.0000	0.0000	0.0000	0.0000	0.0000	50.2121	0.0000	75.2923	0.0000	0.0000	0.0000	59.4388	0.0000	81.5547						
46	74	0.0993	4	1	1	1	0	0	0	0	0	N	N	N	N	N	N	N	N	N	N	N	N	0.0000	0.0000	0.0000	0.0000	0.0000	0.0000	0.0000	0.0000	0.0000	0.0000	0.0000	0.0000	0.0000	0.0071	0.0180	0.0000	0.0291	0.0376	0.0000	0.0000	0.0000	0.0000	0.0000	0.0000	-0.0002	0.0000	1.8678	2.0000	4.6278	0.0000	0.0000	0.0000	0.0000	0.0000	0.0000	0.0000	0.0000	0.0000	0.0002	0.0002	0.0000	0.0002	0.0002	0.0000	0.0000	0.0000	0.0000	0.0000	0.0000	0.0000	0.0000	0.0000	0.0000	0.0000	0.0000	0.0000	0.0297	0.0117	0.0180	0.0072	0.0056	0.0016	0.0225	0.0061	0.0164	0.0000	0.0000	0.0000	0.0000	0.0000	0.0000	0.0000	0.0000	0.0000	0.0071	0.0180	0.0000	0.0291	0.0376	0.0000	0.0000	0.0000	0.0000						
46	75	0.0794	3	1	0	1	0	0	0	0	0	N	N	N	N	N	N	N	N	N	N	N	N	0.0000	0.0000	0.0000	0.0000	0.0000	0.0000	0.0000	0.0000	0.0000	0.0000	0.0000	0.0000	0.0000	0.0083	0.0000	0.0124	0.0000	0.0000	0.0000	0.0098	0.0000	0.0134	inf	0.0000	0.0001	0.0000	4.7010	2.0000	0.6064	0.0000	0.0000	0.0000	0.0000	0.0000	0.0000	0.0000	0.0000	0.0000	0.0002	0.0000	0.0002	0.0000	0.0000	0.0000	0.0002	0.0000	0.0002	0.0000	0.0000	0.0000	0.0000	0.0000	0.0000	0.0000	0.0000	0.0000	0.0255	0.0085	0.0170	0.0039	0.0026	0.0013	0.0215	0.0059	0.0157	0.0000	0.0000	0.0000	0.0000	0.0000	0.0000	0.0000	0.0000	0.0000	0.0083	0.0000	0.0124	0.0000	0.0000	0.0000	0.0098	0.0000	0.0134						
46	78	0.2030	7	2	1	1	1	0	0	0	0	Y	N	N	N	N	N	N	N	N	N	N	N	0.0000	0.0000	0.0000	0.0000	0.0000	0.0000	0.0000	0.0000	0.0000	0.0000	0.0000	0.0000	0.0000	0.0029	0.0097	0.0000	0.0338	0.0538	0.0000	0.0000	0.0000	0.0000	0.0000	0.0000	-0.0000	0.0000	1.0000	2.0000	2.0144	0.0000	0.0000	0.0000	0.0000	0.0000	0.0000	0.0000	0.0000	0.0000	0.0000	0.0000	0.0000	0.0000	0.0000	0.0000	0.0000	0.0000	0.0000	0.0000	0.0000	0.0000	0.0000	0.0000	0.0000	0.0000	0.0000	0.0000	0.0136	0.0041	0.0095	0.0012	0.0007	0.0004	0.0125	0.0034	0.0091	0.0000	0.0000	0.0000	0.0000	0.0000	0.0000	0.0000	0.0000	0.0000	0.0029	0.0097	0.0000	0.0338	0.0538	0.0000	0.0000	0.0000	0.0000						
46	79	0.1807	6	2	1	1	1	0	0	0	0	Y	N	N	N	N	N	N	N	N	N	N	N	0.0000	0.0000	0.0000	0.0000	0.0000	0.0000	0.0000	0.0000	0.0000	0.0000	0.0000	0.0000	0.0000	0.0030	0.0000	0.0042	0.0000	0.0000	0.0000	0.0032	0.0000	0.0044	inf	0.0000	0.0000	0.0000	0.0001	2.0000	3.0180	0.0000	0.0000	0.0000	0.0000	0.0000	0.0000	0.0000	0.0000	0.0000	0.0000	0.0000	0.0000	0.0000	0.0000	0.0000	0.0000	0.0000	0.0000	0.0000	0.0000	0.0000	0.0000	0.0000	0.0000	0.0000	0.0000	0.0000	0.0135	0.0041	0.0095	0.0011	0.0006	0.0004	0.0125	0.0034	0.0091	0.0000	0.0000	0.0000	0.0000	0.0000	0.0000	0.0000	0.0000	0.0000	0.0030	0.0000	0.0042	0.0000	0.0000	0.0000	0.0032	0.0000	0.0044						
46	80	0.2028	8	1	1	1	1	0	0	0	0	N	N	N	N	N	N	N	N	N	N	N	N	0.0000	0.0000	0.0000	0.0000	0.0000	0.0000	0.0000	0.0000	0.0000	0.0000	0.0000	0.0000	0.0000	0.0000	0.0000	0.0000	0.0000	0.0000	0.0000	0.0000	0.0000	0.0000	2.0000	0.0000	0.0000	0.0000	0.0000	0.0000	0.0000	0.0000	0.0000	0.0000	0.0000	0.0000	0.0000	0.0000	0.0000	0.0000	0.0000	0.0000	0.0000	0.0000	0.0000	0.0000	0.0000	0.0000	0.0000	0.0000	0.0000	0.0000	0.0000	0.0000	0.0000	0.0000	0.0000	0.0000	0.0000	0.0000	0.0000	0.0000	0.0000	0.0000	0.0000	0.0000	0.0000	0.0000	0.0000	0.0000	0.0000	0.0000	0.0000	0.0000	0.0000	0.0000	0.0000	0.0000	0.0000	0.0000											
46	81	0.1807	6	1	0	2	1	0	0	0	0	N	N	Y	N	N	N	N	N	N	N	N	N	0.0000	0.0000	0.0000	0.0000	0.0000	0.0000	0.0000	0.0000	0.0000	0.0000	0.0000	0.0000	0.0000	0.0000	0.0000	0.0000	0.0000	0.0000	0.0000	0.0000	0.0000	2.0000	2.0000	0.0000	0.0000	0.0000	0.0000	0.0000	0.0000	0.0000	0.0000	0.0000	0.0000	0.0000	0.0000	0.0000	0.0000	0.0000	0.0000	0.0000	0.0000	0.0000	0.0000	0.0000	0.0000	0.0000	0.0000	0.0000	0.0000	0.0000	0.0000	0.0091	0.0027	0.0064	0.0007	0.0004	0.0003	0.0084	0.0023	0.0061	0.0000	0.0000	0.0000	0.0000	0.0000	0.0000	0.0000	0.0000	0.0000	0.0000	0.0000	0.0000	0.0000	0.0000	0.0000	0.0000	0.0000	0.0000											
46	82	0.1807	6	1	0	2	1	0	0	0	0	N	N	Y	N	N	N	N	N	N	N	N	N	0.0000	0.0000	0.0000	0.0000	0.0000	0.0000	0.0000	0.0000	0.0000	0.0000	0.0000	0.0000	0.0000	0.0000	0.0000	0.0000	0.0000	0.0000	0.0000	0.0000	0.0000	0.0000	2.0000	4.0000	0.0000	0.0000	0.0000	0.0000	0.0000	0.0000	0.0000	0.0000	0.0000	0.0000	0.0000	0.0000	0.0000	0.0000	0.0000	0.0000	0.0000	0.0000	0.0000	0.0000	0.0000	0.0000	0.0000	0.0000	0.0000	0.0000	0.0000	0.0177	0.0053	0.0124	0.0014	0.0008	0.0006	0.0163	0.0045	0.0118	0.0000	0.0000	0.0000	0.0000	0.0000	0.0000	0.0000	0.0000	0.0000	0.0000	0.0000	0.0000	0.0000	0.0000	0.0000	0.0000	0.0000	0.0000											
46	83	0.2028	8	1	0	2	1	0	0	0	0	N	N	Y	N	N	N	N	N	N	N	N	N	0.0000	0.0000	0.0000	0.0000	0.0000	0.0000	0.0000	0.0000	0.0000	0.0000	0.0000	0.0000	0.0000	0.0000	0.0000	0.0000	0.0000	0.0000	0.0000	0.0000	0.0000	0.0000	2.0000	2.0000	0.0000	0.0000	0.0000	0.0000	0.0000	0.0000	0.0000	0.0000	0.0000	0.0000	0.0000	0.0000	0.0000	0.0000	0.0000	0.0000	0.0000	0.0000	0.0000	0.0000	0.0000	0.0000	0.0000	0.0000	0.0000	0.0000	0.0000	0.0090	0.0026	0.0064	0.0006	0.0003	0.0003	0.0084	0.0023	0.0061	0.0000	0.0000	0.0000	0.0000	0.0000	0.0000	0.0000	0.0000	0.0000	0.0000	0.0000	0.0000	0.0000	0.0000	0.0000	0.0000	0.0000	0.0000											
46	84	0.1954	7	1	0	1	1	0	0	0	0	N	N	N	N	N	N	N	N	N	N	N	N	0.0000	0.0000	0.0000	0.0000	0.0000	0.0000	0.0000	0.0000	0.0000	0.0000	0.0000	0.0000	0.0000	0.2252	0.7623	0.0000	2.6870	4.6052	0.0000	0.0000	0.0000	0.0000	0.0000	0.0000	-0.0008	0.0000	1.0000	2.0000	0.0015	0.0000	0.0000	0.0000	0.0000	0.0000	0.0000	0.0000	0.0000	0.0000	0.0011	0.0011	0.0000	0.0011	0.0011	0.0000	0.0000	0.0000	0.0000	0.0000	0.0000	0.0000	0.0000	0.0000	0.0000	0.0000	0.0000	0.0000	0.0047	0.0014	0.0033	0.0004	0.0002	0.0002	0.0043	0.0012	0.0032	0.0000	0.0000	0.0000	0.0000	0.0000	0.0000	0.0000	0.0000	0.0000	0.2252	0.7623	0.0000	2.6870	4.6052	0.0000	0.0000	0.0000	0.0000						
46	85	0.1807	6	1	0	1	1	0	0	0	0	N	N	N	N	N	N	N	N	N	N	N	N	0.0000	0.0000	0.0000	0.0000	0.0000	0.0000	0.0000	0.0000	0.0000	0.0000	0.0000	0.0000	0.0000	0.1161	0.0000	0.1654	0.0000	0.0000	0.0000	0.1260	0.0000	0.1732	inf	0.0000	0.0003	0.0000	0.0000	2.0000	2.0013	0.0000	0.0000	0.0000	0.0000	0.0000	0.0000	0.0000	0.0000	0.0000	0.0011	0.0000	0.0011	0.0000	0.0000	0.0000	0.0011	0.0000	0.0011	0.0000	0.0000	0.0000	0.0000	0.0000	0.0000	0.0000	0.0000	0.0000	0.0091	0.0027	0.0064	0.0007	0.0004	0.0003	0.0084	0.0023	0.0061	0.0000	0.0000	0.0000	0.0000	0.0000	0.0000	0.0000	0.0000	0.0000	0.1161	0.0000	0.1654	0.0000	0.0000	0.0000	0.1260	0.0000	0.1732						
46	86	0.2206	6	2	1	1	0	0	0	0	0	Y	N	N	N	N	N	N	N	N	N	N	N	0.0000	0.0000	0.0000	0.0000	0.0000	0.0000	0.0000	0.0000	0.0000	0.0000	0.0000	0.0000	0.0000	5.6425	11.6809	0.0000	17.3550	18.1709	0.0000	0.0000	0.0000	0.0000	0.0000	0.0000	-0.0444	0.0000	0.0007	2.0000	0.9812	0.0000	0.0000	0.0000	0.0000	0.0000	0.0000	0.0000	0.0000	0.0000	0.0592	0.0592	0.0000	0.0592	0.0592	0.0000	0.0000	0.0000	0.0000	0.0000	0.0000	0.0000	0.0000	0.0000	0.0000	0.0000	0.0000	0.0000	0.0105	0.0051	0.0054	0.0034	0.0033	0.0002	0.0071	0.0018	0.0053	0.0000	0.0000	0.0000	0.0000	0.0000	0.0000	0.0000	0.0000	0.0000	5.6425	11.6809	0.0000	17.3550	18.1709	0.0000	0.0000	0.0000	0.0000						
46	87	0.1648	5	2	1	1	0	0	0	0	0	Y	N	N	N	N	N	N	N	N	N	N	N	0.0000	0.0000	0.0000	0.0000	0.0000	0.0000	0.0000	0.0000	0.0000	0.0000	0.0000	0.0000	0.0000	0.0000	0.0000	0.0000	2.0141	0.2860	2.7864	1.0378	1.6241	0.0000	2.1050	0.0000	2.9161	21.8020	0.0000	0.0128	0.0000	5.0272	2.0000	2.1572	0.0000	0.0000	0.0000	0.0000	0.0000	0.0000	0.0000	0.0000	0.0000	0.0618	0.0027	0.0591	0.0027	0.0027	0.0000	0.0591	0.0000	0.0591	0.0000	0.0000	0.0000	0.0000	0.0000	0.0000	0.0000	0.0000	0.0000	0.0307	0.0095	0.0212	0.0026	0.0017	0.0009	0.0281	0.0078	0.0203	0.0000	0.0000	0.0000	0.0000	0.0000	0.0000	0.0000	0.0000	0.0000	2.0141	0.2860	2.7864	1.0378	1.6241	0.0000	2.1050	0.0000	2.9161			
46	88	0.2181	7	1	1	1	0	0	0	0	0	N	N	N	N	N	N	N	N	N	N	N	N	0.0000	0.0000	0.0000	0.0000	0.0000	0.0000	0.0000	0.0000	0.0000	0.0000	0.0000	0.0000	0.0000	0.0000	0.0000	0.0000	0.0000	0.0000	0.0000	0.0000	0.0000	0.0000	2.0000	4.0000	0.0000	0.0000	0.0000	0.0000	0.0000	0.0000	0.0000	0.0000	0.0000	0.0000	0.0000	0.0000	0.0000	0.0000	0.0000	0.0000	0.0000	0.0000	0.0000	0.0000	0.0000	0.0000	0.0000	0.0000	0.0000	0.0000	0.0000	0.0178	0.0055	0.0123	0.0019	0.0013	0.0006	0.0159	0.0042	0.0116	0.0000	0.0000	0.0000	0.0000	0.0000	0.0000	0.0000	0.0000	0.0000	0.0000	0.0000	0.0000	0.0000	0.0000	0.0000	0.0000	0.0000	0.0000											
46	89	0.1807	6	1	1	1	0	0	0	0	0	N	N	N	N	N	N	N	N	N	N	N	N	0.0000	0.0000	0.0000	0.0000	0.0000	0.0000	0.0000	0.0000	0.0000	0.0000	0.0000	0.0000	0.0000	0.0000	0.0000	0.0000	0.0000	0.0000	0.0000	0.0000	0.0000	3.0000	2.0000	2.0000	0.0000	0.0000	0.0000	0.0000	0.0000	0.0000	0.0000	0.0000	0.0000	0.0000	0.0000	0.0000	0.0000	0.0000	0.0000	0.0000	0.0000	0.0000	0.0000	0.0000	0.0000	0.0000	0.0000	0.0000	0.0000	0.0000	0.0000	0.0218	0.0066	0.0152	0.0017	0.0010	0.0007	0.0200	0.0055	0.0145	0.0000	0.0000	0.0000	0.0000	0.0000	0.0000	0.0000	0.0000	0.0000	0.0000	0.0000	0.0000	0.0000	0.0000	0.0000	0.0000	0.0000	0.0000											
46	90	0.1807	6	2	1	1	0	0	0	0	0	Y	N	N	N	N	N	N	N	N	N	N	N	0.0000	0.0000	0.0000	0.0000	0.0000	0.0000	0.0000	0.0000	0.0000	0.0000	0.0000	0.0000	0.0000	0.0000	0.0000	0.0000	0.0000	0.0000	0.0000	0.0000	0.0000	2.0000	2.0000	3.0000	0.0000	0.0000	0.0000	0.0000	0.0000	0.0000	0.0000	0.0000	0.0000	0.0000	0.0000	0.0000	0.0000	0.0000	0.0000	0.0000	0.0000	0.0000	0.0000	0.0000	0.0000	0.0000	0.0000	0.0000	0.0000	0.0000	0.0000	0.0218	0.0066	0.0152	0.0017	0.0010	0.0007	0.0200	0.0055	0.0145	0.0000	0.0000	0.0000	0.0000	0.0000	0.0000	0.0000	0.0000	0.0000	0.0000	0.0000	0.0000	0.0000	0.0000	0.0000	0.0000	0.0000	0.0000											
46	91	0.1648	5	1	0	1	0	0	0	0	0	N	N	N	N	N	N	N	N	N	N	N	N	0.0000	0.0000	0.0000	0.0000	0.0000	0.0000	0.0000	0.0000	0.0000	0.0000	0.0000	0.0000	0.0000	0.2857	0.9046	0.0000	2.8817	4.1341	0.0000	0.0000	0.0000	0.0000	0.0000	0.0000	-0.0022	0.0000	2.0705	2.0000	0.0351	0.0000	0.0000	0.0000	0.0000	0.0000	0.0000	0.0000	0.0000	0.0000	0.0029	0.0029	0.0000	0.0029	0.0029	0.0000	0.0000	0.0000	0.0000	0.0000	0.0000	0.0000	0.0000	0.0000	0.0000	0.0000	0.0000	0.0000	0.0101	0.0032	0.0069	0.0010	0.0007	0.0003	0.0091	0.0025	0.0066	0.0000	0.0000	0.0000	0.0000	0.0000	0.0000	0.0000	0.0000	0.0000	0.2857	0.9046	0.0000	2.8817	4.1341	0.0000	0.0000	0.0000	0.0000						
46	92	0.1394	4	1	0	1	0	0	0	0	0	N	N	N	N	N	N	N	N	N	N	N	N	0.0000	0.0000	0.0000	0.0000	0.0000	0.0000	0.0000	0.0000	0.0000	0.0000	0.0000	0.0000	0.0000	0.0000	0.0000	0.0000	0.6213	1.3156	0.2431	3.5378	4.4597	0.0000	0.1812	0.0000	0.2537	0.3393	0.0000	-0.0056	0.0000	3.4249	2.0000	0.1413	0.0000	0.0000	0.0000	0.0000	0.0000	0.0000	0.0000	0.0000	0.0000	0.0113	0.0084	0.0029	0.0084	0.0084	0.0000	0.0029	0.0000	0.0029	0.0000	0.0000	0.0000	0.0000	0.0000	0.0000	0.0000	0.0000	0.0000	0.0181	0.0064	0.0117	0.0024	0.0019	0.0005	0.0158	0.0045	0.0113	0.0000	0.0000	0.0000	0.0000	0.0000	0.0000	0.0000	0.0000	0.0000	0.6213	1.3156	0.2431	3.5378	4.4597	0.0000	0.1812	0.0000	0.2537			
46	98	0.2763	9	1	0	1	0	0	0	0	0	N	N	N	N	N	N	N	N	N	N	N	N	0.0000	0.0000	0.0000	0.0000	0.0000	0.0000	0.0000	0.0000	0.0000	0.0000	0.0000	0.0000	0.0000	1.2379	0.0000	2.7569	0.0000	0.0000	0.0000	1.8425	0.0000	2.8747	inf	0.0000	0.0241	0.0000	4.9999	2.0000	9.0821	0.0000	0.0000	0.0000	0.0000	0.0000	0.0000	0.0000	0.0000	0.0000	0.0959	0.0000	0.0959	0.0000	0.0000	0.0000	0.0959	0.0000	0.0959	0.0000	0.0000	0.0000	0.0000	0.0000	0.0000	0.0000	0.0000	0.0000	0.0775	0.0427	0.0348	0.0254	0.0240	0.0014	0.0521	0.0187	0.0334	0.0000	0.0000	0.0000	0.0000	0.0000	0.0000	0.0000	0.0000	0.0000	1.2379	0.0000	2.7569	0.0000	0.0000	0.0000	1.8425	0.0000	2.8747						
47	50	0.0871	4	1	2	0	0	0	0	0	0	N	Y	N	N	N	N	N	N	N	N	N	N	0.0000	0.0000	0.0000	0.0000	0.0000	0.0000	0.0000	0.0000	0.0000	0.0000	0.0000	0.0000	0.0000	0.0000	0.0000	0.0000	0.0000	0.0000	0.0000	0.0000	0.9991	0.0000	2.0273	0.0000	0.0000	0.0000	0.0000	0.0000	0.0000	0.0000	0.0000	0.0000	0.0000	0.0000	0.0000	0.0000	0.0000	0.0000	0.0000	0.0000	0.0000	0.0000	0.0000	0.0000	0.0000	0.0000	0.0000	0.0000	0.0000	0.0000	0.0000	0.0000	0.0000	0.0000	0.0000	0.0000	0.0000	0.0000	0.0000	0.0000	0.0000	0.0000	0.0000	0.0000	0.0000	0.0000	0.0000	0.0000	0.0000	0.0000	0.0000	0.0000	0.0000	0.0000	0.0000	0.0000	0.0000	0.0000											
47	51	0.0871	4	2	2	0	0	0	0	0	0	Y	Y	N	N	N	N	N	N	N	N	N	N	0.0000	0.0000	0.0000	0.0000	0.0000	0.0000	0.0000	0.0000	0.0000	0.0000	0.0000	0.0000	0.0000	0.0000	0.0000	0.0176	0.0442	0.0000	0.0162	0.0166	0.0000	0.0178	0.9081	0.0000	0.0000	0.0000	-0.0003	0.9991	1.0000	2.0273	3.0000	0.0000	0.0000	0.0000	0.0000	0.0000	0.0000	0.0000	0.0000	0.0000	0.0005	0.0005	0.0000	0.0001	0.0001	0.0000	0.0004	0.0004	0.0000	0.0189	0.0167	0.0023	0.0055	0.0052	0.0004	0.0134	0.0115	0.0019	0.0262	0.0104	0.0158	0.0037	0.0036	0.0001	0.0225	0.0068	0.0157	0.0000	0.0000	0.0000	0.0000	0.0000	0.0000	0.0000	0.0000	0.0000	0.0176	0.0442	0.0000	0.0162	0.0166	0.0000	0.0178	0.0589	0.0000				
47	52	0.1605	5	1	1	0	0	0	0	0	0	N	N	N	N	N	N	N	N	N	N	N	N	0.0007	0.0004	0.0000	0.0004	0.0004	0.0000	0.0000	0.0000	0.0000	0.0000	0.0000	0.0000	0.0000	0.0000	0.0000	0.0000	0.0000	0.0000	0.0038	0.0072	0.0002	0.0171	0.0175	0.0309	0.0001	0.0000	0.0001	0.0000	0.0214	-0.0000	-0.0001	0.9991	3.0179	2.0273	1.1627	0.0000	0.0000	0.0000	0.0000	0.0000	0.0000	0.0000	0.0000	0.0000	0.0001	0.0001	0.0000	0.0001	0.0001	0.0000	0.0000	0.0000	0.0000	0.0595	0.0526	0.0069	0.0215	0.0199	0.0016	0.0379	0.0326	0.0053	0.0347	0.0177	0.0170	0.0075	0.0073	0.0002	0.0272	0.0104	0.0168	0.0007	0.0004	0.0000	0.0004	0.0004	0.0000	0.0000	0.0000	0.0000	0.0038	0.0072	0.0002	0.0171	0.0175	0.0047	0.0001	0.0000	0.0001
47	53	0.0871	4	2	2	1	0	0	0	0	0	Y	Y	N	N	N	N	N	N	N	N	N	N	0.0000	0.0000	0.0000	0.0000	0.0000	0.0000	0.0000	0.0000	0.0000	0.0000	0.0000	0.0000	0.0000	0.0000	0.0000	0.0000	0.0000	0.0000	0.0000	0.0000	0.9991	4.0000	2.0273	1.0000	0.0000	0.0000	0.0000	0.0000	0.0000	0.0000	0.0000	0.0000	0.0000	0.0000	0.0000	0.0000	0.0000	0.0000	0.0000	0.0000	0.0000	0.0000	0.0726	0.0640	0.0086	0.0208	0.0194	0.0014	0.0518	0.0446	0.0072	0.0322	0.0128	0.0194	0.0045	0.0044	0.0001	0.0277	0.0084	0.0193	0.0000	0.0000	0.0000	0.0000	0.0000	0.0000	0.0000	0.0000	0.0000	0.0000	0.0000	0.0000	0.0000	0.0000	0.0000	0.0000	0.0000	0.0000											
47	54	0.1605	5	1	2	0	0	0	0	0	0	N	Y	N	N	N	N	N	N	N	N	N	N	0.0016	0.0008	0.0000	0.0008	0.0008	0.0000	0.0000	0.0000	0.0000	0.0000	0.0000	0.0000	0.0000	0.0000	0.0000	0.0000	0.0000	0.0000	0.0023	0.0049	0.0001	0.0128	0.0132	0.0070	0.0000	0.0000	0.0001	0.0000	0.0162	-0.0000	-0.0001	0.9991	2.0683	2.0273	6.9961	0.0000	0.0000	0.0000	0.0000	0.0000	0.0000	0.0000	0.0000	0.0000	0.0001	0.0001	0.0000	0.0001	0.0001	0.0000	0.0000	0.0000	0.0000	0.0422	0.0373	0.0049	0.0158	0.0146	0.0012	0.0264	0.0226	0.0037	0.0618	0.0280	0.0338	0.0108	0.0104	0.0004	0.0510	0.0176	0.0334	0.0016	0.0008	0.0000	0.0008	0.0008	0.0000	0.0000	0.0000	0.0000	0.0023	0.0049	0.0001	0.0128	0.0132	0.0012	0.0000	0.0000	0.0001
47	55	0.1039	4	1	1	0	0	0	0	0	0	N	N	N	N	N	N	N	N	N	N	N	N	0.0745	0.4791	0.0000	0.7496	51.8350	0.0000	0.0000	0.0000	0.0000	0.0007	0.0008	0.0000	0.0029	0.0032	0.0000	0.0000	0.0000	0.0000	0.0091	0.0016	0.0141	0.0039	0.0001	0.1802	0.0105	0.1230	0.0140	0.0000	13.2523	-0.0000	0.0001	0.9991	3.9265	2.0273	5.0808	0.0001	0.0001	0.0000	0.0001	0.0001	0.0000	0.0000	0.0000	0.0000	0.0006	0.0000	0.0005	0.0001	0.0000	0.0000	0.0005	0.0000	0.0005	0.0842	0.0740	0.0101	0.0197	0.0179	0.0017	0.0645	0.0561	0.0084	0.0632	0.0251	0.0381	0.0130	0.0097	0.0033	0.0502	0.0154	0.0348	0.0745	0.4791	0.0000	0.7496	51.8350	0.0000	0.0000	0.0001	0.0000	0.0091	0.0016	0.0141	0.0039	0.0001	0.0150	0.0105	0.0026	0.0140
47	56	0.0871	4	2	1	1	0	0	0	0	0	Y	N	N	N	N	N	N	N	N	N	N	N	0.0000	0.0000	0.0000	0.0000	0.0000	0.0000	0.0000	0.0000	0.0000	0.0000	0.0000	0.0000	0.0000	0.0017	0.0043	0.0000	0.0124	0.0128	0.0000	0.0000	0.0000	0.0000	0.0000	0.0000	-0.0001	0.9991	4.0000	2.0273	7.0000	0.0000	0.0000	0.0000	0.0000	0.0000	0.0000	0.0000	0.0000	0.0000	0.0001	0.0001	0.0000	0.0001	0.0001	0.0000	0.0000	0.0000	0.0000	0.0726	0.0640	0.0086	0.0208	0.0194	0.0014	0.0518	0.0446	0.0072	0.0648	0.0258	0.0391	0.0088	0.0086	0.0002	0.0560	0.0172	0.0388	0.0000	0.0000	0.0000	0.0000	0.0000	0.0000	0.0000	0.0000	0.0000	0.0017	0.0043	0.0000	0.0124	0.0128	0.0000	0.0000	0.0000	0.0000						
47	57	0.2390	9	1	2	0	0	0	0	0	0	N	Y	N	N	N	N	N	N	N	N	N	N	0.0000	0.0239	0.0000	0.0155	0.0158	0.0000	0.0000	816.9007	0.0000	0.0003	0.0004	0.0000	0.0007	0.0007	0.0000	0.0001	0.0002	0.0000	9.6513	0.0161	15.9702	0.0445	0.0467	0.0001	11.2587	0.0000	16.1489	0.0000	1511.6469	-0.0000	0.2474	0.9991	9.7645	2.0273	7.4558	0.0001	0.0001	0.0000	0.0001	0.0001	0.0000	0.0000	0.0000	0.0000	0.9882	0.0007	0.9875	0.0007	0.0007	0.0000	0.9875	0.0000	0.9875	0.2272	0.2038	0.0234	0.0853	0.0797	0.0056	0.1419	0.1241	0.0178	0.1024	0.0406	0.0618	0.0147	0.0140	0.0007	0.0877	0.0266	0.0612	0.0000	0.0239	0.0000	0.0155	0.0158	0.0000	0.0000	816.9007	0.0000	9.6513	0.0161	15.9702	0.0445	0.0467	0.0001	11.2587	0.0000	16.1489
47	58	0.2946	10	1	1	1	0	0	0	0	0	N	N	N	N	N	N	N	N	N	N	N	N	0.0922	inf	0.0000	0.0636	inf	0.0000	0.0000	0.0000	0.0000	0.0000	0.0000	0.0000	0.0000	0.0000	0.0000	0.0000	0.0000	0.0001	0.0000	0.0001	0.0002	0.0000	0.0180	0.0000	0.0000	0.0001	0.0000	inf	-0.0000	0.0000	0.9991	1.0009	2.0273	0.0163	0.0000	0.0000	0.0000	0.0000	0.0000	0.0000	0.0000	0.0000	0.0000	0.0000	0.0000	0.0000	0.0000	0.0000	0.0000	0.0000	0.0000	0.0000	0.0275	0.0246	0.0030	0.0131	0.0121	0.0010	0.0144	0.0125	0.0019	0.0061	0.0024	0.0038	0.0007	0.0007	0.0000	0.0054	0.0017	0.0038	0.0922	inf	0.0000	0.0636	inf	0.0000	0.0000	0.0000	0.0000	0.0001	0.0000	0.0001	0.0002	0.0000	0.0028	0.0000	0.0000	0.0001	
47	59	0.2792	9	1	1	0	0	0	0	0	0	N	N	N	N	N	N	N	N	N	N	N	N	2.4294	33.6154	0.0002	19.0065	19.7704	0.0091	0.0000	0.0000	0.0021	0.0024	0.0000	0.0046	0.0050	0.0000	0.0000	0.0000	0.0000	0.0009	0.0001	0.0014	0.0002	0.0003	0.0001	0.0010	0.0000	0.0014	0.0000	32.5591	-0.0000	0.0000	0.9991	1.9961	2.0273	0.0521	0.0001	0.0001	0.0000	0.0001	0.0001	0.0000	0.0000	0.0000	0.0000	0.0000	0.0000	0.0000	0.0000	0.0000	0.0000	0.0000	0.0000	0.0000	0.0558	0.0497	0.0061	0.0262	0.0240	0.0021	0.0296	0.0257	0.0039	0.0124	0.0046	0.0078	0.0014	0.0013	0.0001	0.0110	0.0033	0.0078	2.4294	33.6154	0.0002	19.0065	19.7704	0.0091	0.0000	0.0000	0.0000	0.0009	0.0001	0.0014	0.0002	0.0003	0.0001	0.0010	0.0000	0.0014	
47	60	0.2714	8	1	1	0	0	0	0	0	0	N	N	N	N	N	N	N	N	N	N	N	N	0.8956	2.2227	0.0982	1.3002	1.3309	0.1385	0.0000	0.0000	0.0006	0.0006	0.0001	0.0012	0.0012	0.0002	0.0000	0.0000	0.0000	0.0006	0.0003	0.0009	0.0009	0.0009	0.0018	0.0006	0.0000	0.0009	0.0123	5.1800	-0.0000	0.0000	0.9991	0.0081	2.0273	1.0507	0.0000	0.0000	0.0000	0.0000	0.0000	0.0000	0.0000	0.0000	0.0000	0.0000	0.0000	0.0000	0.0000	0.0000	0.0000	0.0000	0.0000	0.0000	0.0003	0.0003	0.0000	0.0002	0.0002	0.0000	0.0002	0.0002	0.0000	0.0067	0.0025	0.0042	0.0008	0.0008	0.0000	0.0059	0.0017	0.0042	0.8956	2.2227	0.0982	1.3002	1.3309	0.5402	0.0000	0.0000	0.0000	0.0006	0.0003	0.0009	0.0009	0.0009	0.0005	0.0006	0.0000	0.0009	
47	61	0.2227	7	1	1	0	0	0	0	0	0	N	N	N	N	N	N	N	N	N	N	N	N	0.0087	0.0420	0.0002	0.0020	0.0020	0.0015	0.0122	inf	0.0000	0.0001	0.0001	0.0000	0.0000	0.0000	0.0000	0.0002	0.0002	0.0000	0.0151	0.0035	0.0226	0.0078	0.0079	0.0106	0.0167	0.0000	0.0227	0.0040	10.1198	-0.0000	0.0001	0.9991	3.0167	2.0273	3.2580	0.0000	0.0000	0.0000	0.0000	0.0000	0.0000	0.0000	0.0000	0.0000	0.0008	0.0001	0.0007	0.0001	0.0001	0.0000	0.0007	0.0000	0.0007	0.0802	0.0716	0.0086	0.0311	0.0290	0.0022	0.0491	0.0426	0.0065	0.0535	0.0209	0.0326	0.0094	0.0092	0.0002	0.0441	0.0117	0.0324	0.0087	0.0420	0.0002	0.0020	0.0020	0.0083	0.0122	inf	0.0000	0.0151	0.0035	0.0226	0.0078	0.0079	0.0020	0.0167	0.0000	0.0227
47	62	0.1479	6	1	2	0	0	0	0	0	0	N	Y	N	N	N	N	N	N	N	N	N	N	0.0009	0.0624	0.0000	0.0804	0.0718	0.0511	0.0000	1.7122	0.0000	0.0001	0.0002	0.0000	0.0003	0.0003	0.0000	0.0000	0.0000	0.0000	0.1495	0.0024	0.2721	0.0037	0.0044	0.0006	0.2140	0.0000	0.3033	0.0098	133.6555	-0.0000	0.0020	0.9991	3.3327	2.0273	4.3103	0.0000	0.0000	0.0000	0.0000	0.0000	0.0000	0.0000	0.0000	0.0000	0.0080	0.0001	0.0080	0.0001	0.0001	0.0000	0.0080	0.0000	0.0080	0.1063	0.0946	0.0118	0.0491	0.0450	0.0041	0.0573	0.0496	0.0077	0.0536	0.0244	0.0292	0.0164	0.0134	0.0030	0.0372	0.0110	0.0262	0.0009	0.0624	0.0000	0.0804	0.0718	0.1250	0.0000	1.7122	0.0000	0.1495	0.0024	0.2721	0.0037	0.0044	0.0002	0.2140	0.0000	0.3033
47	63	0.1239	5	1	1	0	0	0	0	0	0	N	N	N	N	N	N	N	N	N	N	N	N	0.0260	0.1339	0.0319	0.6441	0.4652	19.6849	0.0023	0.0001	0.0070	0.0002	0.0002	0.0005	0.0005	0.0004	0.0013	0.0000	0.0000	0.0001	0.0090	0.0015	0.0150	0.0008	0.0009	0.0001	0.0124	0.1133	0.0166	0.2780	12.2515	0.0000	0.0001	0.9991	3.2669	2.0273	2.4507	0.0000	0.0000	0.0000	0.0000	0.0000	0.0000	0.0000	0.0000	0.0000	0.0004	0.0000	0.0004	0.0000	0.0000	0.0000	0.0004	0.0000	0.0004	0.1082	0.0967	0.0115	0.0470	0.0434	0.0036	0.0612	0.0532	0.0079	0.0436	0.0194	0.0242	0.0127	0.0103	0.0023	0.0309	0.0090	0.0219	0.0260	0.1339	0.0319	0.6441	0.4652	19.6849	0.0023	0.0068	0.0070	0.0090	0.0015	0.0150	0.0008	0.0009	0.0001	0.0124	0.0022	0.0166
47	64	0.1209	7	2	1	1	0	0	0	0	0	Y	N	N	N	N	N	N	N	N	N	N	N	0.0000	0.0000	0.0000	0.0000	0.0000	0.0000	0.0000	0.0000	0.0000	0.0000	0.0000	0.0000	0.0000	0.0000	0.0000	0.0000	0.0000	0.0000	0.0000	0.0000	0.9991	0.0000	2.0273	1.0000	0.0000	0.0000	0.0000	0.0000	0.0000	0.0000	0.0000	0.0000	0.0000	0.0000	0.0000	0.0000	0.0000	0.0000	0.0000	0.0000	0.0000	0.0000	0.0000	0.0000	0.0000	0.0000	0.0000	0.0000	0.0000	0.0000	0.0000	0.0076	0.0030	0.0047	0.0010	0.0010	0.0000	0.0066	0.0020	0.0046	0.0000	0.0000	0.0000	0.0000	0.0000	0.0000	0.0000	0.0000	0.0000	0.0000	0.0000	0.0000	0.0000	0.0000	0.0000	0.0000	0.0000	0.0000											
47	65	0.1209	6	2	1	1	0	0	0	0	0	Y	N	N	N	N	N	N	N	N	N	N	N	0.0000	0.0000	0.0000	0.0000	0.0000	0.0000	0.0000	0.0000	0.0000	0.0000	0.0000	0.0000	0.0000	0.0799	0.1624	0.0000	0.1691	0.1692	0.0000	0.0000	0.0000	0.0000	0.0000	0.0000	-0.0000	0.9991	0.0000	2.0273	0.0001	0.0000	0.0000	0.0000	0.0000	0.0000	0.0000	0.0000	0.0000	0.0000	0.0000	0.0000	0.0000	0.0000	0.0000	0.0000	0.0000	0.0000	0.0000	0.0000	0.0000	0.0000	0.0000	0.0000	0.0000	0.0000	0.0000	0.0000	0.0000	0.0000	0.0000	0.0000	0.0000	0.0000	0.0000	0.0000	0.0000	0.0000	0.0000	0.0000	0.0000	0.0000	0.0000	0.0000	0.0000	0.0000	0.0799	0.1624	0.0000	0.1691	0.1692	0.0000	0.0000	0.0000	0.0000						
47	66	0.1086	5	2	1	1	0	0	0	0	0	Y	N	N	N	N	N	N	N	N	N	N	N	0.0001	0.0000	0.2185	0.0000	0.0000	0.0632	0.0397	inf	0.1547	0.0000	0.0000	0.0000	0.0000	0.0000	0.0001	0.0000	0.0000	0.0000	0.0248	0.0593	0.0001	0.1126	0.1139	0.0011	0.0001	0.0000	0.0001	3.5800	0.0023	0.0000	-0.0004	0.9991	1.9720	2.0273	0.0923	0.0000	0.0000	0.0000	0.0000	0.0000	0.0000	0.0000	0.0000	0.0000	0.0005	0.0005	0.0000	0.0005	0.0005	0.0000	0.0000	0.0000	0.0000	0.0421	0.0370	0.0051	0.0079	0.0074	0.0006	0.0341	0.0296	0.0045	0.0206	0.0086	0.0120	0.0045	0.0045	0.0001	0.0161	0.0041	0.0120	0.0001	0.0000	0.2185	0.0000	0.0000	0.2022	0.0397	inf	0.1547	0.0248	0.0593	0.0001	0.1126	0.1139	0.0004	0.0001	0.0000	0.0001
47	67	0.0871	4	2	1	1	0	0	0	0	0	Y	N	N	N	N	N	N	N	N	N	N	N	0.1500	2134.8750	0.2854	769.1329	0.1126	inf	0.1584	5065.7375	0.2267	0.0028	0.0020	0.0089	0.0012	0.0000	0.0179	0.0035	0.0029	0.0072	0.0189	0.0000	0.0313	0.0000	0.0000	0.0000	0.0220	0.0000	0.0316	0.5990	50487.9406	0.0000	0.0001	0.9991	3.0650	2.0273	1.0636	0.0002	0.0001	0.0001	0.0000	0.0000	0.0000	0.0001	0.0001	0.0000	0.0005	0.0000	0.0005	0.0000	0.0000	0.0000	0.0005	0.0000	0.0005	0.0564	0.0497	0.0067	0.0163	0.0151	0.0011	0.0401	0.0345	0.0056	0.0270	0.0107	0.0163	0.0038	0.0037	0.0001	0.0232	0.0070	0.0162	0.1500	2134.8750	0.2854	769.1329	0.1126	inf	0.1584	5065.7375	0.2267	0.0189	0.0000	0.0313	0.0000	0.0000	0.0000	0.0220	0.0000	0.0316
47	68	0.1814	6	1	2	0	1	0	0	0	0	N	Y	N	N	N	N	N	N	N	N	N	N	0.0246	0.0124	0.0085	0.0045	0.0047	0.0009	3.4307	0.4115	0.0023	0.0002	0.0002	0.0000	0.0002	0.0002	0.0000	0.0002	0.0003	0.0000	0.0083	0.0186	0.0001	0.0394	0.0408	0.0022	0.0001	0.0006	0.0001	0.0004	0.0065	-0.0000	-0.0003	0.9991	2.7513	2.0273	4.0954	0.0000	0.0000	0.0000	0.0000	0.0000	0.0000	0.0000	0.0000	0.0000	0.0005	0.0005	0.0000	0.0005	0.0005	0.0000	0.0000	0.0000	0.0000	0.0858	0.0763	0.0095	0.0390	0.0357	0.0033	0.0468	0.0406	0.0062	0.0549	0.0244	0.0305	0.0115	0.0111	0.0004	0.0434	0.0133	0.0301	0.0246	0.0124	0.0085	0.0045	0.0047	0.0038	3.4307	22.0161	0.0023	0.0083	0.0186	0.0001	0.0394	0.0408	0.0005	0.0001	0.0000	0.0001
47	69	0.1039	4	1	2	0	0	0	0	0	0	N	Y	N	N	N	N	N	N	N	N	N	N	0.0002	0.9224	0.0004	0.5113	0.4140	0.0001	inf	0.0004	0.0014	0.0008	0.0054	0.0009	0.0010	0.0000	0.0015	0.0008	0.0064	8.9287	0.0009	14.8768	0.0018	0.0024	0.0000	11.1912	0.0000	16.2971	0.8738	25034.7500	0.0001	0.2514	0.9991	9.9334	2.0273	8.9999	0.0003	0.0001	0.0001	0.0000	0.0000	0.0000	0.0002	0.0001	0.0001	1.0014	0.0000	1.0014	0.0000	0.0000	0.0000	1.0014	0.0000	1.0014	0.1891	0.1669	0.0221	0.0414	0.0379	0.0035	0.1477	0.1290	0.0186	0.1122	0.0448	0.0673	0.0227	0.0168	0.0059	0.0895	0.0280	0.0614	0.0002	0.9224	0.0004	0.5113	0.4140	0.0000	0.0001	inf	0.0004	8.9287	0.0009	14.8768	0.0018	0.0024	0.0000	11.1912	0.0000	16.2971	
47	70	0.1039	4	1	2	0	0	0	0	0	0	N	Y	N	N	N	N	N	N	N	N	N	N	0.0026	0.9822	0.0000	0.4853	0.4129	0.0017	inf	0.0000	0.0007	0.0008	0.0000	0.0008	0.0009	0.0000	0.0006	0.0007	0.0000	0.2646	0.0008	0.4366	0.0015	0.0021	0.0000	0.3330	0.0000	0.4779	0.0000	827.0000	-0.0000	0.0021	0.9991	0.0666	2.0273	4.0001	0.0000	0.0000	0.0000	0.0000	0.0000	0.0000	0.0000	0.0000	0.0000	0.0083	0.0000	0.0083	0.0000	0.0000	0.0000	0.0083	0.0000	0.0083	0.0038	0.0034	0.0005	0.0027	0.0023	0.0003	0.0012	0.0010	0.0002	0.0313	0.0124	0.0189	0.0065	0.0048	0.0016	0.0248	0.0075	0.0173	0.0026	0.9822	0.0000	0.4853	0.4129	0.0000	0.0017	inf	0.0000	0.2646	0.0008	0.4366	0.0015	0.0021	0.0000	0.3330	0.0000	0.4779	
47	71	0.0871	4	1	2	0	0	0	0	0	0	N	Y	N	N	N	N	N	N	N	N	N	N	0.0104	inf	0.0000	0.0126	inf	0.0000	0.0027	0.0030	0.0000	0.0000	0.0000	0.0000	0.0038	0.0044	0.0000	0.2565	0.0000	0.4255	0.0000	0.0000	0.0000	0.2986	0.0000	0.4283	0.0000	inf	-0.0000	0.0021	0.9991	2.0000	2.0273	3.0000	0.0001	0.0001	0.0000	0.0000	0.0000	0.0000	0.0001	0.0001	0.0000	0.0083	0.0000	0.0083	0.0000	0.0000	0.0000	0.0083	0.0000	0.0083	0.0373	0.0329	0.0044	0.0108	0.0101	0.0007	0.0265	0.0228	0.0037	0.0322	0.0128	0.0194	0.0045	0.0044	0.0001	0.0277	0.0084	0.0193	0.0104	inf	0.0000	0.0000	0.0000	0.0000	0.0126	inf	0.0000	0.2565	0.0000	0.4255	0.0000	0.0000	0.0000	0.2986	0.0000	0.4283			
47	72	0.0602	3	1	1	0	0	0	0	0	0	N	N	N	N	N	N	N	N	N	N	N	N	0.4138	0.1677	0.0000	0.2872	0.2964	1.0479	0.1092	0.0000	0.0012	0.0013	0.0000	0.0059	0.0063	0.0000	0.0000	0.0000	0.0000	0.0029	0.0080	0.0000	0.0207	0.0212	0.0000	0.0000	0.0001	0.0000	0.0000	0.0031	-0.0000	-0.0001	0.9991	4.7932	2.0273	0.2507	0.0001	0.0001	0.0000	0.0001	0.0001	0.0000	0.0000	0.0000	0.0000	0.0001	0.0001	0.0000	0.0001	0.0001	0.0000	0.0000	0.0000	0.0000	0.1114	0.0990	0.0124	0.0221	0.0209	0.0012	0.0893	0.0781	0.0112	0.0446	0.0160	0.0286	0.0062	0.0060	0.0001	0.0384	0.0100	0.0284	0.4138	0.1677	0.0000	0.2872	0.2964	0.0000	1.0479	3.7547	0.0000	0.0029	0.0080	0.0000	0.0207	0.0212	0.0000	0.0000	0.0000	0.0000	
47	74	0.1239	5	1	2	0	0	0	0	0	0	N	Y	N	N	N	N	N	N	N	N	N	N	1.3399	0.0004	45.9013	0.7677	0.0004	128.0988	2.1609	11.7055	0.0003	0.0000	0.0032	0.0006	0.0000	0.0075	0.0001	0.0000	0.0008	0.0003	0.0005	0.0001	0.0008	0.0009	0.0001	0.0001	0.0000	0.0001	2069.3333	0.1843	0.0000	-0.0000	0.9991	1.8678	2.0273	4.6278	0.0000	0.0000	0.0000	0.0000	0.0000	0.0000	0.0000	0.0000	0.0000	0.0000	0.0000	0.0000	0.0000	0.0000	0.0000	0.0000	0.0000	0.0000	0.0801	0.0717	0.0084	0.0390	0.0360	0.0030	0.0411	0.0358	0.0054	0.0479	0.0211	0.0268	0.0137	0.0111	0.0026	0.0342	0.0100	0.0242	1.3399	0.0004	45.9013	0.7677	0.0004	128.0988	2.1609	0.0000	11.7055	0.0003	0.0005	0.0001	0.0008	0.0009	0.0001	0.0001	0.0000	0.0001	
47	75	0.1039	4	1	1	0	0	0	0	0	0	N	N	N	N	N	N	N	N	N	N	N	N	2.8699	1.2783	14.8449	3.3681	2.0760	inf	0.0913	6.2129	0.2716	0.0005	0.0004	0.0011	0.0022	0.0018	0.0062	0.0000	0.0000	0.0000	0.0002	0.0003	0.0001	0.0007	0.0009	0.0000	0.0001	0.0000	0.0001	0.3309	0.3197	0.0000	-0.0000	0.9991	4.7010	2.0273	0.6064	0.0001	0.0000	0.0000	0.0001	0.0000	0.0000	0.0000	0.0000	0.0000	0.0000	0.0000	0.0000	0.0000	0.0000	0.0000	0.0000	0.0000	0.0000	0.0990	0.0871	0.0119	0.0228	0.0208	0.0020	0.0762	0.0663	0.0099	0.0399	0.0158	0.0241	0.0082	0.0061	0.0021	0.0317	0.0096	0.0220	2.8699	1.2783	14.8449	3.3681	2.0760	inf	0.0913	6.2129	0.2716	0.0002	0.0003	0.0001	0.0007	0.0009	0.0000	0.0001	0.0000	0.0001
47	78	0.2275	8	2	2	0	1	0	0	0	0	Y	Y	N	N	N	N	N	N	N	N	N	N	0.0021	0.0013	0.0000	0.0018	0.0017	0.0000	0.0000	0.0000	0.0000	0.0000	0.0000	0.0000	0.0000	0.0000	0.0000	0.0000	0.0000	0.0000	0.0000	0.0000	0.0000	0.0001	0.0001	0.0000	0.0000	0.0003	0.0000	0.0000	0.3805	-0.0000	-0.0000	0.9991	1.0000	2.0273	2.0144	0.0000	0.0000	0.0000	0.0000	0.0000	0.0000	0.0000	0.0000	0.0000	0.0000	0.0000	0.0000	0.0000	0.0000	0.0000	0.0000	0.0000	0.0000	0.0254	0.0224	0.0030	0.0087	0.0080	0.0007	0.0166	0.0144	0.0022	0.0229	0.0095	0.0134	0.0047	0.0039	0.0007	0.0182	0.0056	0.0127	0.0021	0.0013	0.0000	0.0018	0.0017	0.0000	0.0000	0.0000	0.0000	0.0000	0.0000	0.0000	0.0001	0.0001	0.0000	0.0000	0.0000	0.0000
47	79	0.2053	7	2	2	0	1	0	0	0	0	Y	Y	N	N	N	N	N	N	N	N	N	N	0.0185	0.0086	0.0000	58.3248	53.5803	0.0000	0.0000	0.0000	0.0007	0.0007	0.0000	0.0019	0.0021	0.0000	0.0000	0.0000	0.0000	0.0357	0.0867	0.0000	0.0000	0.0000	0.0000	0.0444	1.2112	0.0000	0.0000	0.0004	-0.0000	-0.0006	0.9991	0.0001	2.0273	3.0180	0.0000	0.0000	0.0000	0.0000	0.0000	0.0000	0.0000	0.0000	0.0000	0.0008	0.0008	0.0000	0.0000	0.0000	0.0000	0.0008	0.0008	0.0000	0.0000	0.0000	0.0000	0.0000	0.0000	0.0000	0.0000	0.0000	0.0000	0.0227	0.0093	0.0134	0.0045	0.0038	0.0007	0.0182	0.0056	0.0127	0.0185	0.0086	0.0000	58.3248	53.5803	0.0000	0.0000	0.0000	0.0000	0.0357	0.0867	0.0000	0.0000	0.0000	0.0000	0.0444	0.1453	0.0000	
47	80	0.2273	9	1	2	0	1	0	0	0	0	N	Y	N	N	N	N	N	N	N	N	N	N	0.0000	0.0000	0.0000	0.0000	0.0000	0.0000	0.0000	0.0000	0.0000	0.0000	0.0000	0.0000	0.0000	0.0000	0.0000	0.0000	0.0000	0.0000	0.0000	0.0000	0.9991	0.0000	2.0273	0.0000	0.0000	0.0000	0.0000	0.0000	0.0000	0.0000	0.0000	0.0000	0.0000	0.0000	0.0000	0.0000	0.0000	0.0000	0.0000	0.0000	0.0000	0.0000	0.0000	0.0000	0.0000	0.0000	0.0000	0.0000	0.0000	0.0000	0.0000	0.0000	0.0000	0.0000	0.0000	0.0000	0.0000	0.0000	0.0000	0.0000	0.0000	0.0000	0.0000	0.0000	0.0000	0.0000	0.0000	0.0000	0.0000	0.0000	0.0000	0.0000	0.0000	0.0000	0.0000	0.0000	0.0000	0.0000											
47	81	0.2053	7	1	1	1	1	0	0	0	0	N	N	N	N	N	N	N	N	N	N	N	N	0.0000	0.0000	0.0000	0.0000	0.0000	0.0000	0.0000	0.0000	0.0000	0.0000	0.0000	0.0000	0.0000	0.0000	0.0000	0.0000	0.0000	0.0000	0.0000	0.0000	0.9991	2.0000	2.0273	0.0000	0.0000	0.0000	0.0000	0.0000	0.0000	0.0000	0.0000	0.0000	0.0000	0.0000	0.0000	0.0000	0.0000	0.0000	0.0000	0.0000	0.0000	0.0000	0.0495	0.0438	0.0057	0.0168	0.0155	0.0014	0.0327	0.0283	0.0044	0.0154	0.0063	0.0091	0.0030	0.0025	0.0005	0.0123	0.0038	0.0086	0.0000	0.0000	0.0000	0.0000	0.0000	0.0000	0.0000	0.0000	0.0000	0.0000	0.0000	0.0000	0.0000	0.0000	0.0000	0.0000	0.0000	0.0000											
47	82	0.2053	7	1	1	1	1	0	0	0	0	N	N	N	N	N	N	N	N	N	N	N	N	0.0000	0.0000	0.0000	0.0000	0.0000	0.0000	0.0000	0.0000	0.0000	0.0000	0.0000	0.0000	0.0000	0.0000	0.0000	33.4942	0.0000	56.9392	0.0069	0.0000	0.3932	41.7340	0.0000	60.1701	inf	0.0000	0.2484	0.9991	0.0000	2.0273	4.0000	0.0000	0.0000	0.0000	0.0000	0.0000	0.0000	0.0000	0.0000	0.0000	0.9895	0.0000	0.9895	0.0000	0.0000	0.0000	0.9895	0.0000	0.9895	0.0000	0.0000	0.0000	0.0000	0.0000	0.0000	0.0000	0.0000	0.0000	0.0295	0.0122	0.0174	0.0058	0.0049	0.0009	0.0237	0.0073	0.0164	0.0000	0.0000	0.0000	0.0000	0.0000	0.0000	0.0000	0.0000	0.0000	33.4942	0.0000	56.9392	0.0069	0.0000	0.0428	41.7340	0.0000	60.1701				
47	83	0.2273	9	1	1	1	1	0	0	0	0	N	N	N	N	N	N	N	N	N	N	N	N	0.0000	0.0000	0.0000	0.0000	0.0000	0.0000	0.0000	0.0000	0.0000	0.0000	0.0000	0.0000	0.0000	0.0000	0.0000	0.0000	0.0000	0.0000	0.0000	0.0000	0.9991	0.0000	2.0273	2.0000	0.0000	0.0000	0.0000	0.0000	0.0000	0.0000	0.0000	0.0000	0.0000	0.0000	0.0000	0.0000	0.0000	0.0000	0.0000	0.0000	0.0000	0.0000	0.0000	0.0000	0.0000	0.0000	0.0000	0.0000	0.0000	0.0000	0.0000	0.0152	0.0061	0.0091	0.0029	0.0024	0.0005	0.0123	0.0038	0.0086	0.0000	0.0000	0.0000	0.0000	0.0000	0.0000	0.0000	0.0000	0.0000	0.0000	0.0000	0.0000	0.0000	0.0000	0.0000	0.0000	0.0000	0.0000											
47	84	0.2200	8	1	1	0	1	0	0	0	0	N	N	N	N	N	N	N	N	N	N	N	N	0.0000	0.0000	0.0000	0.0000	0.0000	0.0000	0.0000	0.0000	0.0000	0.0000	0.0000	0.0000	0.0000	0.0000	0.0000	0.0000	0.0011	0.0027	0.0000	0.0055	0.0067	0.0000	0.0000	0.0000	0.0000	0.0017	0.0000	-0.0000	0.9991	1.0000	2.0273	0.0015	0.0000	0.0000	0.0000	0.0000	0.0000	0.0000	0.0000	0.0000	0.0000	0.0000	0.0000	0.0000	0.0000	0.0000	0.0000	0.0000	0.0000	0.0000	0.0254	0.0224	0.0030	0.0087	0.0080	0.0007	0.0166	0.0144	0.0022	0.0079	0.0032	0.0047	0.0016	0.0013	0.0003	0.0064	0.0019	0.0044	0.0000	0.0000	0.0000	0.0000	0.0000	0.0000	0.0000	0.0000	0.0000	0.0011	0.0027	0.0000	0.0055	0.0067	0.0000	0.0000	0.0000	0.0000			
47	85	0.2053	7	1	1	0	1	0	0	0	0	N	N	N	N	N	N	N	N	N	N	N	N	0.0000	0.0000	0.0000	0.0000	0.0000	0.0000	0.0000	0.0000	0.0000	0.0000	0.0000	0.0000	0.0000	0.0000	0.0000	0.0000	0.0000	0.0012	0.0016	0.0010	0.0000	0.0000	0.0000	0.0015	0.1246	0.0010	0.8754	0.0000	-0.0000	0.9991	0.0000	2.0273	2.0013	0.0000	0.0000	0.0000	0.0000	0.0000	0.0000	0.0000	0.0000	0.0000	0.0000	0.0000	0.0000	0.0000	0.0000	0.0000	0.0000	0.0000	0.0000	0.0000	0.0000	0.0000	0.0000	0.0000	0.0000	0.0000	0.0000	0.0000	0.0154	0.0063	0.0091	0.0030	0.0025	0.0005	0.0123	0.0038	0.0086	0.0000	0.0000	0.0000	0.0000	0.0000	0.0000	0.0000	0.0000	0.0000	0.0012	0.0016	0.0010	0.0000	0.0000	0.0000	0.0015	0.0027	0.0010		
47	86	0.2451	7	2	2	0	0	0	0	0	0	Y	Y	N	N	N	N	N	N	N	N	N	N	0.0000	0.0051	0.0000	0.0042	0.0059	0.0000	0.0000	0.0000	0.0000	0.0002	0.0003	0.0000	0.0004	0.0004	0.0000	0.0000	0.0000	0.0000	47.1968	0.0493	97.7081	0.0913	0.0697	9.5159	75.9678	0.0000	100.5153	0.0612	1849.8224	-0.0000	0.2272	0.9991	0.0007	2.0273	0.9812	0.0000	0.0000	0.0000	0.0000	0.0000	0.0000	0.0000	0.0000	0.0000	0.9068	0.0005	0.9063	0.0007	0.0005	0.0002	0.9061	0.0000	0.9061	0.0000	0.0000	0.0000	0.0000	0.0000	0.0000	0.0000	0.0000	0.0000	0.0192	0.0099	0.0093	0.0073	0.0070	0.0003	0.0119	0.0029	0.0090	0.0000	0.0051	0.0000	0.0042	0.0059	0.0000	0.0000	0.0000	0.0000	47.1968	0.0493	97.7081	0.0913	0.0697	0.6717	75.9678	0.0000	100.5153
47	87	0.1893	6	2	2	0	0	0	0	0	0	Y	Y	N	N	N	N	N	N	N	N	N	N	0.0003	0.0139	0.0000	0.0168	0.0155	0.0000	0.0001	0.0004	0.0000	0.0004	0.0005	0.0000	0.0010	0.0011	0.0000	0.0001	0.0002	0.0000	1.6633	0.0346	2.8301	0.0584	0.0686	0.0200	2.0696	0.3728	2.9910	0.0001	114.3355	-0.0000	0.0205	0.9991	5.0272	2.0273	2.1572	0.0001	0.0001	0.0000	0.0000	0.0000	0.0000	0.0000	0.0000	0.0000	0.0845	0.0007	0.0838	0.0006	0.0006	0.0000	0.0839	0.0001	0.0838	0.1193	0.1058	0.0135	0.0412	0.0379	0.0033	0.0781	0.0679	0.0102	0.0508	0.0212	0.0296	0.0103	0.0087	0.0016	0.0406	0.0125	0.0280	0.0003	0.0139	0.0000	0.0168	0.0155	0.0003	0.0001	0.0140	0.0000	1.6633	0.0346	2.8301	0.0584	0.0686	0.0032	2.0696	0.0110	2.9910
47	88	0.2426	8	1	2	0	0	0	0	0	0	N	Y	N	N	N	N	N	N	N	N	N	N	0.0000	0.0000	0.0000	0.0000	0.0000	0.0000	0.0000	0.0000	0.0000	0.0000	0.0000	0.0000	0.0000	0.0003	0.0008	0.0000	0.0015	0.0018	0.0000	0.0000	0.0000	0.0000	0.0000	0.0000	-0.0000	0.9991	0.0000	2.0273	4.0000	0.0000	0.0000	0.0000	0.0000	0.0000	0.0000	0.0000	0.0000	0.0000	0.0000	0.0000	0.0000	0.0000	0.0000	0.0000	0.0000	0.0000	0.0000	0.0000	0.0000	0.0000	0.0000	0.0000	0.0000	0.0000	0.0000	0.0000	0.0298	0.0124	0.0174	0.0066	0.0055	0.0010	0.0232	0.0069	0.0163	0.0000	0.0000	0.0000	0.0000	0.0000	0.0000	0.0000	0.0000	0.0000	0.0003	0.0008	0.0000	0.0015	0.0018	0.0000	0.0000	0.0000	0.0000						
47	89	0.2053	7	1	2	0	0	0	0	0	0	N	Y	N	N	N	N	N	N	N	N	N	N	0.0001	inf	0.0000	0.8794	inf	0.0000	0.0000	0.0000	0.0017	0.0019	0.0000	0.0049	0.0053	0.0000	0.0000	0.0000	0.0000	27.3177	0.0000	46.4845	0.0056	0.0000	0.3539	34.0390	0.0000	49.1302	0.0000	inf	-0.0000	0.2485	0.9991	3.0000	2.0273	2.0000	0.0001	0.0001	0.0000	0.0001	0.0001	0.0000	0.0000	0.0000	0.0000	0.9897	0.0000	0.9897	0.0000	0.0000	0.0000	0.9896	0.0000	0.9896	0.0725	0.0642	0.0083	0.0244	0.0224	0.0020	0.0481	0.0417	0.0064	0.0362	0.0149	0.0213	0.0072	0.0060	0.0011	0.0291	0.0089	0.0201	0.0001	inf	0.0000	0.8794	inf	0.0000	0.0000	0.0000	0.0000	27.3177	0.0000	46.4845	0.0056	0.0000	0.0349	34.0390	0.0000	49.1302	
47	90	0.2053	7	2	2	0	0	0	0	0	0	Y	Y	N	N	N	N	N	N	N	N	N	N	0.0000	0.0000	0.0000	0.0000	0.0000	0.0000	0.0000	0.0000	0.0000	0.0000	0.0000	0.0000	0.0000	0.0000	0.0000	0.0127	0.0308	0.0000	0.0084	0.0100	0.0000	0.0138	0.8207	0.0000	0.0000	0.0000	-0.0003	0.9991	2.0000	2.0273	3.0000	0.0000	0.0000	0.0000	0.0000	0.0000	0.0000	0.0000	0.0000	0.0000	0.0005	0.0005	0.0000	0.0001	0.0001	0.0000	0.0004	0.0004	0.0000	0.0495	0.0438	0.0057	0.0168	0.0155	0.0014	0.0327	0.0283	0.0044	0.0362	0.0149	0.0213	0.0072	0.0060	0.0011	0.0291	0.0089	0.0201	0.0000	0.0000	0.0000	0.0000	0.0000	0.0000	0.0000	0.0000	0.0000	0.0127	0.0308	0.0000	0.0084	0.0100	0.0000	0.0138	0.0448	0.0000				
47	91	0.1893	6	1	1	0	0	0	0	0	0	N	N	N	N	N	N	N	N	N	N	N	N	0.0018	0.0009	0.0044	0.0009	0.0008	0.0058	0.1680	0.2959	0.0000	0.0001	0.0001	0.0000	0.0002	0.0002	0.0000	0.0000	0.0000	0.0000	0.0380	0.0895	0.0001	0.1771	0.2061	0.0003	0.0001	0.0001	0.0001	0.0010	0.0020	-0.0000	-0.0005	0.9991	2.0705	2.0273	0.0351	0.0000	0.0000	0.0000	0.0000	0.0000	0.0000	0.0000	0.0000	0.0000	0.0006	0.0006	0.0000	0.0006	0.0006	0.0000	0.0000	0.0000	0.0000	0.0552	0.0488	0.0064	0.0210	0.0192	0.0018	0.0341	0.0296	0.0046	0.0171	0.0072	0.0099	0.0037	0.0031	0.0005	0.0134	0.0041	0.0093	0.0018	0.0009	0.0044	0.0009	0.0008	0.0099	0.1680	7.3018	0.0000	0.0380	0.0895	0.0001	0.1771	0.2061	0.0002	0.0001	0.0000	0.0001
47	92	0.1639	5	1	1	0	0	0	0	0	0	N	N	N	N	N	N	N	N	N	N	N	N	0.0219	0.0570	0.0002	0.0463	0.0452	0.0208	0.0075	0.0019	0.0000	0.0006	0.0006	0.0000	0.0009	0.0010	0.0000	0.0002	0.0002	0.0000	0.0258	0.0112	0.0376	0.0186	0.0211	0.0006	0.0280	0.1250	0.0396	0.0012	4.1645	-0.0000	0.0000	0.9991	3.4249	2.0273	0.1413	0.0001	0.0001	0.0000	0.0001	0.0001	0.0000	0.0000	0.0000	0.0000	0.0008	0.0002	0.0006	0.0001	0.0001	0.0000	0.0006	0.0000	0.0006	0.1304	0.1156	0.0148	0.0711	0.0641	0.0070	0.0593	0.0515	0.0078	0.0303	0.0135	0.0167	0.0071	0.0062	0.0009	0.0232	0.0073	0.0159	0.0219	0.0570	0.0002	0.0463	0.0452	0.0504	0.0075	0.0888	0.0000	0.0258	0.0112	0.0376	0.0186	0.0211	0.0002	0.0280	0.0027	0.0396
47	98	0.3008	10	1	1	0	0	0	0	0	0	N	N	N	N	N	N	N	N	N	N	N	N	0.0020	0.0012	0.0000	0.0013	0.0013	0.0000	0.0068	0.4702	0.0000	0.0004	0.0005	0.0000	0.0009	0.0010	0.0000	0.0001	0.0001	0.0000	0.2298	0.4288	0.0159	0.7555	0.7982	0.0027	0.0108	0.0002	0.0164	0.0000	0.0344	-0.0000	-0.0203	0.9991	4.9999	2.0273	9.0821	0.0001	0.0001	0.0000	0.0001	0.0001	0.0000	0.0000	0.0000	0.0000	0.0283	0.0274	0.0009	0.0274	0.0274	0.0000	0.0009	0.0000	0.0009	0.1470	0.1322	0.0148	0.0633	0.0590	0.0043	0.0837	0.0732	0.0105	0.1233	0.0639	0.0594	0.0363	0.0343	0.0019	0.0870	0.0296	0.0575	0.0020	0.0012	0.0000	0.0013	0.0013	0.0000	0.0068	19.5053	0.0000	0.2298	0.4288	0.0159	0.7555	0.7982	0.0007	0.0108	0.0000	0.0164
48	50	0.0686	3	1	2	0	0	0	0	0	0	N	Y	N	N	N	N	N	N	N	N	N	N	0.0000	0.0000	0.0000	0.0000	0.0000	0.0000	0.0000	0.0000	0.0000	0.0000	0.0000	0.0000	0.0000	0.0000	0.0000	0.0000	0.0000	0.0000	0.0000	0.0000	3.1828	0.0000	3.1571	0.0000	0.0000	0.0000	0.0000	0.0000	0.0000	0.0000	0.0000	0.0000	0.0000	0.0000	0.0000	0.0000	0.0000	0.0000	0.0000	0.0000	0.0000	0.0000	0.0000	0.0000	0.0000	0.0000	0.0000	0.0000	0.0000	0.0000	0.0000	0.0000	0.0000	0.0000	0.0000	0.0000	0.0000	0.0000	0.0000	0.0000	0.0000	0.0000	0.0000	0.0000	0.0000	0.0000	0.0000	0.0000	0.0000	0.0000	0.0000	0.0000	0.0000	0.0000	0.0000	0.0000	0.0000	0.0000											
48	51	0.0686	3	2	2	0	0	0	0	0	0	Y	Y	N	N	N	N	N	N	N	N	N	N	0.0000	0.0000	0.0000	0.0000	0.0000	0.0000	0.0000	0.0000	0.0000	0.0000	0.0000	0.0000	0.0000	0.0000	0.0000	0.0000	0.0000	0.0000	14.1738	45.2170	0.0010	0.2909	0.2911	0.4852	15.7665	67.1487	0.0010	0.0001	0.0000	-0.7424	3.1828	1.0000	3.1571	3.0000	0.0000	0.0000	0.0000	0.0000	0.0000	0.0000	0.0000	0.0000	0.0000	0.9913	0.9912	0.0000	0.0021	0.0021	0.0000	0.9892	0.9892	0.0000	0.0877	0.0796	0.0081	0.0297	0.0287	0.0010	0.0580	0.0510	0.0071	0.0699	0.0219	0.0480	0.0072	0.0072	0.0000	0.0627	0.0147	0.0480	0.0000	0.0000	0.0000	0.0000	0.0000	0.0000	0.0000	0.0000	0.0000	14.1738	45.2170	0.0010	0.2909	0.2911	0.0490	15.7665	67.1487	0.0010	
48	52	0.1421	4	1	1	0	0	0	0	0	0	N	N	N	N	N	N	N	N	N	N	N	N	0.0303	0.0786	0.0002	0.0341	0.0573	0.0000	0.0111	1.4033	0.0003	0.0018	0.0020	0.0000	0.0028	0.0029	0.0000	0.0006	0.0007	0.0000	0.0606	0.0255	0.0871	0.0825	0.0515	10.1158	0.0545	0.0005	0.0755	0.0008	4.5474	-0.0001	0.0004	3.1828	3.0179	3.1571	1.1627	0.0006	0.0006	0.0000	0.0006	0.0006	0.0000	0.0001	0.0001	0.0000	0.0059	0.0011	0.0048	0.0018	0.0011	0.0007	0.0041	0.0000	0.0041	0.3506	0.3217	0.0289	0.1959	0.1869	0.0090	0.1547	0.1349	0.0199	0.0968	0.0416	0.0553	0.0212	0.0206	0.0007	0.0756	0.0210	0.0546	0.0303	0.0786	0.0002	0.0341	0.0573	0.0000	0.0111	70.3094	0.0003	0.0606	0.0255	0.0871	0.0825	0.0515	1.0299	0.0545	0.0000	0.0755
48	53	0.0686	3	2	2	1	0	0	0	0	0	Y	Y	N	N	N	N	N	N	N	N	N	N	0.0000	0.0000	0.0000	0.0000	0.0000	0.0000	0.0000	0.0000	0.0000	0.0000	0.0000	0.0000	0.0000	0.0003	0.0011	0.0000	0.0034	0.0034	0.0000	0.0000	0.0000	0.0000	0.0000	0.0000	-0.0000	3.1828	4.0000	3.1571	1.0000	0.0000	0.0000	0.0000	0.0000	0.0000	0.0000	0.0000	0.0000	0.0000	0.0000	0.0000	0.0000	0.0000	0.0000	0.0000	0.0000	0.0000	0.0000	0.3334	0.3028	0.0306	0.1110	0.1071	0.0039	0.2224	0.1957	0.0267	0.0858	0.0269	0.0589	0.0088	0.0087	0.0000	0.0770	0.0182	0.0588	0.0000	0.0000	0.0000	0.0000	0.0000	0.0000	0.0000	0.0000	0.0000	0.0003	0.0011	0.0000	0.0034	0.0034	0.0000	0.0000	0.0000	0.0000						
48	54	0.1421	4	1	2	0	0	0	0	0	0	N	Y	N	N	N	N	N	N	N	N	N	N	0.0601	0.1280	0.0011	0.0481	0.0770	0.0000	0.0288	0.1631	0.0008	0.0022	0.0024	0.0001	0.0032	0.0033	0.0001	0.0009	0.0010	0.0000	0.0362	0.0185	0.0470	0.0657	0.0429	7.9862	0.0301	0.0061	0.0407	0.0020	4.1676	-0.0001	0.0003	3.1828	2.0683	3.1571	6.9961	0.0005	0.0005	0.0000	0.0005	0.0005	0.0000	0.0001	0.0001	0.0000	0.0060	0.0012	0.0048	0.0018	0.0011	0.0007	0.0041	0.0000	0.0041	0.2511	0.2304	0.0207	0.1431	0.1365	0.0067	0.1079	0.0940	0.0140	0.1649	0.0625	0.1024	0.0280	0.0267	0.0013	0.1370	0.0359	0.1011	0.0601	0.1280	0.0011	0.0481	0.0770	0.0002	0.0288	3.6433	0.0008	0.0362	0.0185	0.0470	0.0657	0.0429	0.5341	0.0301	0.0003	0.0407
48	55	0.0854	3	1	1	0	0	0	0	0	0	N	N	N	N	N	N	N	N	N	N	N	N	0.1208	62.8497	0.0002	19.3104	2995.4618	0.0001	0.0401	0.6517	0.0003	0.8208	0.9071	0.0025	1.5918	1.6926	0.0009	0.3286	0.3723	0.0030	6.7937	0.0144	10.5079	0.0824	0.0006	6.0678	8.1853	0.5714	11.2503	0.0003	1328.8192	-0.0675	0.2474	3.1828	3.9265	3.1571	5.0808	0.3418	0.3417	0.0001	0.2583	0.2583	0.0000	0.0835	0.0834	0.0001	0.9884	0.0007	0.9877	0.0021	0.0000	0.0020	0.9864	0.0007	0.9856	0.4164	0.3767	0.0398	0.1623	0.1526	0.0097	0.2542	0.2241	0.0301	0.1455	0.0515	0.0940	0.0250	0.0186	0.0064	0.1205	0.0329	0.0876	0.1208	62.8497	0.0002	19.3104	2995.4618	0.0027	0.0401	16.7147	0.0003	6.7937	0.0144	10.5079	0.0824	0.0006	0.3209	8.1853	0.0223	11.2503
48	56	0.0686	3	2	1	1	0	0	0	0	0	Y	N	N	N	N	N	N	N	N	N	N	N	0.0000	0.0000	0.0000	0.0000	0.0000	0.0000	0.0000	0.0000	0.0000	0.0000	0.0000	0.0000	0.0000	0.0000	0.0000	0.0000	0.0000	0.0051	0.0143	0.0008	0.0444	0.0445	0.0000	0.0009	0.0320	0.0008	0.1168	0.0000	-0.0006	3.1828	4.0000	3.1571	7.0000	0.0000	0.0000	0.0000	0.0000	0.0000	0.0000	0.0000	0.0000	0.0000	0.0009	0.0008	0.0001	0.0007	0.0007	0.0000	0.0001	0.0000	0.0001	0.3334	0.3028	0.0306	0.1110	0.1071	0.0039	0.2224	0.1957	0.0267	0.1692	0.0537	0.1154	0.0164	0.0164	0.0000	0.1527	0.0373	0.1154	0.0000	0.0000	0.0000	0.0000	0.0000	0.0000	0.0000	0.0000	0.0000	0.0051	0.0143	0.0008	0.0444	0.0445	0.0000	0.0009	0.0011	0.0008		
48	57	0.2205	8	1	2	0	0	0	0	0	0	N	Y	N	N	N	N	N	N	N	N	N	N	0.1346	15.8265	0.0002	7.6790	8.4136	0.0002	0.0734	6393.1742	0.0002	0.0471	0.0512	0.0001	0.0589	0.0619	0.0000	0.0323	0.0367	0.0002	0.3502	0.0032	0.6351	0.0077	0.0074	0.1511	0.4405	0.0000	0.6472	0.0002	238.9317	-0.0104	0.0185	3.1828	9.7645	3.1571	7.4558	0.0527	0.0527	0.0000	0.0367	0.0367	0.0000	0.0160	0.0160	0.0000	0.0751	0.0003	0.0747	0.0003	0.0003	0.0000	0.0747	0.0000	0.0747	1.1185	1.0290	0.0895	0.6237	0.5929	0.0308	0.4947	0.4361	0.0587	0.2143	0.0967	0.1177	0.0447	0.0425	0.0022	0.1696	0.0542	0.1154	0.1346	15.8265	0.0002	7.6790	8.4136	0.0027	0.0734	30358.8794	0.0002	0.3502	0.0032	0.6351	0.0077	0.0074	0.0135	0.4405	0.0000	0.6472
48	58	0.2761	9	1	1	1	0	0	0	0	0	N	N	N	N	N	N	N	N	N	N	N	N	4.0430	237.9841	0.0002	52.5004	156.8579	0.0000	0.0003	inf	0.0003	0.0067	0.0073	0.0000	0.0104	0.0110	0.0000	0.0000	0.0000	0.0000	0.0017	0.0000	0.0031	0.0002	0.0001	0.0160	0.0021	0.0000	0.0031	0.0000	113.4843	-0.0002	0.0000	3.1828	1.0009	3.1571	0.0163	0.0010	0.0010	0.0000	0.0010	0.0010	0.0000	0.0000	0.0000	0.0000	0.0000	0.0000	0.0000	0.0000	0.0000	0.0000	0.0000	0.0000	0.0000	0.1477	0.1360	0.0117	0.0959	0.0907	0.0052	0.0518	0.0454	0.0064	0.0128	0.0061	0.0067	0.0028	0.0027	0.0001	0.0100	0.0034	0.0066	4.0430	237.9841	0.0002	52.5004	156.8579	0.0000	0.0003	inf	0.0003	0.0017	0.0000	0.0031	0.0002	0.0001	0.0026	0.0021	0.0000	0.0031
48	59	0.2607	8	1	1	0	0	0	0	0	0	N	N	N	N	N	N	N	N	N	N	N	N	832.4077	1794.5137	0.0769	1205.4825	1211.9142	1.0456	0.0544	0.3052	0.0023	3.0045	3.2603	0.0004	4.6799	4.9447	0.0009	0.0002	0.0002	0.0000	0.0036	0.0018	0.0051	0.0039	0.0041	0.0008	0.0035	0.0007	0.0052	0.0000	3.3576	-0.1751	0.0000	3.1828	1.9961	3.1571	0.0521	0.8850	0.8850	0.0000	0.8850	0.8850	0.0000	0.0000	0.0000	0.0000	0.0001	0.0000	0.0001	0.0000	0.0000	0.0000	0.0001	0.0000	0.0001	0.2946	0.2715	0.0231	0.1891	0.1790	0.0101	0.1055	0.0925	0.0130	0.0258	0.0118	0.0140	0.0055	0.0052	0.0003	0.0203	0.0066	0.0138	832.4077	1794.5137	0.0769	1205.4825	1211.9142	3.2992	0.0544	12.5145	0.0023	0.0036	0.0018	0.0051	0.0039	0.0041	0.0003	0.0035	0.0000	0.0052
48	60	0.2530	7	1	1	0	0	0	0	0	0	N	N	N	N	N	N	N	N	N	N	N	N	26.5575	84.3852	3.0997	59.8354	59.3242	26.7170	0.4505	1210.0151	0.0000	0.9026	0.9549	0.1652	1.4292	1.4785	0.3861	0.0166	0.0185	0.0000	0.0340	0.0113	0.0533	0.0239	0.0249	0.0145	0.0368	0.0000	0.0543	0.0123	5.5324	-0.0003	0.0000	3.1828	0.0081	3.1571	1.0507	0.0015	0.0014	0.0000	0.0015	0.0014	0.0000	0.0000	0.0000	0.0000	0.0005	0.0001	0.0004	0.0001	0.0001	0.0000	0.0004	0.0000	0.0004	0.0016	0.0015	0.0001	0.0010	0.0010	0.0000	0.0006	0.0005	0.0001	0.0139	0.0064	0.0075	0.0030	0.0029	0.0001	0.0109	0.0035	0.0074	26.5575	84.3852	3.0997	59.8354	59.3242	159.5357	0.4505	13146.9227	0.0000	0.0340	0.0113	0.0533	0.0239	0.0249	0.0024	0.0368	0.0000	0.0543
48	61	0.2042	6	1	1	0	0	0	0	0	0	N	N	N	N	N	N	N	N	N	N	N	N	3.0211	48.9952	0.0005	0.0737	0.0784	0.0009	5.8194	77456.1335	0.0001	2.3426	2.5434	0.0006	0.0073	0.0076	0.0015	5.7818	6.5893	0.0001	0.7754	0.0519	1.3498	0.0991	0.0969	1.7573	0.9935	0.0001	1.3645	0.0000	32.7525	-0.1982	0.0198	3.1828	3.0167	3.1571	3.2580	1.0020	1.0020	0.0000	0.0019	0.0018	0.0000	1.0002	1.0002	0.0000	0.0893	0.0026	0.0867	0.0028	0.0026	0.0001	0.0866	0.0000	0.0866	0.4277	0.3940	0.0338	0.2548	0.2422	0.0126	0.1730	0.1518	0.0212	0.1152	0.0510	0.0642	0.0281	0.0273	0.0008	0.0871	0.0237	0.0634	3.0211	48.9952	0.0005	0.0737	0.0784	0.0090	5.8194	2406769.0581	0.0001	0.7754	0.0519	1.3498	0.0991	0.0969	0.1727	0.9935	0.0000	1.3645
48	62	0.1294	5	1	2	0	0	0	0	0	0	N	Y	N	N	N	N	N	N	N	N	N	N	0.0278	29.1083	0.0001	25.2360	25.5573	0.0790	0.0050	69.1676	0.0000	0.1809	0.2062	0.0008	0.2631	0.2985	0.0012	0.0464	0.0532	0.0002	6.5020	0.0071	11.2376	0.0104	0.0117	0.0157	9.2325	0.0008	12.0862	0.0006	2175.8711	-0.0246	0.2331	3.1828	3.3327	3.1571	4.3103	0.1247	0.1246	0.0001	0.1126	0.1125	0.0001	0.0121	0.0121	0.0000	0.9300	0.0004	0.9296	0.0004	0.0004	0.0000	0.9296	0.0000	0.9296	0.6892	0.6044	0.0848	0.4279	0.3769	0.0510	0.2613	0.2275	0.0338	0.1430	0.0603	0.0827	0.0423	0.0365	0.0058	0.1007	0.0238	0.0769	0.0278	29.1083	0.0001	25.2360	25.5573	0.4907	0.0050	3035.5270	0.0000	6.5020	0.0071	11.2376	0.0104	0.0117	0.0025	9.2325	0.0000	12.0862
48	63	0.1054	4	1	1	0	0	0	0	0	0	N	N	N	N	N	N	N	N	N	N	N	N	0.7772	19.0874	0.7697	31.1943	23.5553	239.1243	0.1437	0.1580	0.2409	0.2971	0.2678	0.4859	0.4432	0.4041	0.6965	0.0728	0.0586	0.1646	0.3822	0.0140	0.6314	0.0142	0.0172	0.0029	0.5070	0.3707	0.6832	0.2810	66.4972	0.0046	0.0090	3.1828	3.2669	3.1571	2.4507	0.2157	0.1684	0.0473	0.1949	0.1539	0.0410	0.0209	0.0145	0.0063	0.0380	0.0006	0.0375	0.0004	0.0004	0.0000	0.0377	0.0002	0.0375	0.7261	0.6287	0.0974	0.4396	0.3808	0.0588	0.2865	0.2479	0.0385	0.0995	0.0402	0.0594	0.0252	0.0207	0.0045	0.0743	0.0195	0.0548	0.7772	19.0874	0.7697	31.1943	23.5553	994.5320	0.1437	5.4663	0.2409	0.3822	0.0140	0.6314	0.0142	0.0172	0.0007	0.5070	0.0107	0.6832
48	64	0.1025	6	2	1	1	0	0	0	0	0	Y	N	N	N	N	N	N	N	N	N	N	N	0.0000	0.0000	0.0000	0.0000	0.0000	0.0000	0.0000	0.0000	0.0000	0.0000	0.0000	0.0000	0.0000	0.0000	0.0000	0.0000	0.0000	0.0000	0.0000	0.0000	3.1828	0.0000	3.1571	1.0000	0.0000	0.0000	0.0000	0.0000	0.0000	0.0000	0.0000	0.0000	0.0000	0.0000	0.0000	0.0000	0.0000	0.0000	0.0000	0.0000	0.0000	0.0000	0.0000	0.0000	0.0000	0.0000	0.0000	0.0000	0.0000	0.0000	0.0000	0.0197	0.0062	0.0135	0.0021	0.0021	0.0000	0.0176	0.0041	0.0135	0.0000	0.0000	0.0000	0.0000	0.0000	0.0000	0.0000	0.0000	0.0000	0.0000	0.0000	0.0000	0.0000	0.0000	0.0000	0.0000	0.0000	0.0000											
48	65	0.1025	5	2	1	1	0	0	0	0	0	Y	N	N	N	N	N	N	N	N	N	N	N	0.0000	0.0000	0.0000	0.0000	0.0000	0.0000	0.0000	0.0000	0.0000	0.0000	0.0000	0.0000	0.0000	0.0000	0.0000	0.0000	3.3109	6.7955	0.0014	6.9991	6.9993	0.0000	0.0013	0.0000	0.0014	0.0002	0.0000	-0.0001	3.1828	0.0000	3.1571	0.0001	0.0000	0.0000	0.0000	0.0000	0.0000	0.0000	0.0000	0.0000	0.0000	0.0001	0.0001	0.0000	0.0001	0.0001	0.0000	0.0000	0.0000	0.0000	0.0000	0.0000	0.0000	0.0000	0.0000	0.0000	0.0000	0.0000	0.0000	0.0000	0.0000	0.0000	0.0000	0.0000	0.0000	0.0000	0.0000	0.0000	0.0000	0.0000	0.0000	0.0000	0.0000	0.0000	0.0000	0.0000	0.0000	3.3109	6.7955	0.0014	6.9991	6.9993	0.0000	0.0013	0.0000	0.0014			
48	66	0.0902	4	2	1	1	0	0	0	0	0	Y	N	N	N	N	N	N	N	N	N	N	N	0.0016	0.0006	0.8788	0.0001	0.0000	0.0064	0.9113	38.0755	0.8294	0.0018	0.0016	0.0029	0.0003	0.0002	0.0041	0.0024	0.0023	0.0027	1.1000	2.9794	0.0033	5.0953	5.0977	0.6360	0.0026	0.0001	0.0032	0.1826	0.0019	-0.0000	-0.0446	3.1828	1.9720	3.1571	0.0923	0.0003	0.0003	0.0001	0.0000	0.0000	0.0000	0.0003	0.0003	0.0000	0.0597	0.0596	0.0001	0.0596	0.0596	0.0000	0.0001	0.0000	0.0001	0.1876	0.1698	0.0178	0.0571	0.0549	0.0022	0.1306	0.1149	0.0156	0.0543	0.0200	0.0343	0.0117	0.0117	0.0000	0.0426	0.0083	0.0343	0.0016	0.0006	0.8788	0.0001	0.0000	0.0647	0.9113	990.1944	0.8294	1.1000	2.9794	0.0033	5.0953	5.0977	0.0628	0.0026	0.0000	0.0032
48	67	0.0686	3	2	1	1	0	0	0	0	0	Y	N	N	N	N	N	N	N	N	N	N	N	4.3057	2599.4410	0.9863	15.1633	4.1479	inf	5.7826	333.7477	1.0102	3.5666	3.8075	1.1895	0.0475	0.0130	0.9925	5.3368	5.9018	1.2184	0.8283	0.0015	1.2060	0.0031	0.0031	0.0000	0.9229	0.0177	1.2062	0.0317	1802.7760	-0.1547	0.0149	3.1828	3.0650	3.1571	1.0636	0.9257	0.8973	0.0284	0.0041	0.0011	0.0030	0.9216	0.8962	0.0254	0.0597	0.0000	0.0596	0.0000	0.0000	0.0000	0.0596	0.0000	0.0596	0.2595	0.2357	0.0239	0.0869	0.0838	0.0031	0.1727	0.1518	0.0208	0.0720	0.0226	0.0494	0.0074	0.0074	0.0000	0.0646	0.0152	0.0494	4.3057	2599.4410	0.9863	15.1633	4.1479	inf	5.7826	9057.7792	1.0102	0.8283	0.0015	1.2060	0.0031	0.0031	0.0000	0.9229	0.0007	1.2062
48	68	0.1630	5	1	2	0	1	0	0	0	0	N	Y	N	N	N	N	N	N	N	N	N	N	0.1504	0.0640	0.0847	0.0268	0.0279	0.0019	63.7139	10.4357	0.0252	0.0850	0.0934	0.0001	0.1020	0.1091	0.0002	0.0563	0.0649	0.0000	0.5652	1.4603	0.0012	3.8094	3.9050	0.0960	0.0009	0.0062	0.0011	0.0001	0.0013	-0.0077	-0.0494	3.1828	2.7513	3.1571	4.0954	0.0389	0.0389	0.0000	0.0293	0.0293	0.0000	0.0096	0.0096	0.0000	0.0661	0.0660	0.0001	0.0660	0.0660	0.0000	0.0001	0.0000	0.0001	0.4574	0.4163	0.0411	0.2872	0.2687	0.0185	0.1701	0.1476	0.0226	0.1169	0.0452	0.0717	0.0173	0.0169	0.0004	0.0996	0.0283	0.0713	0.1504	0.0640	0.0847	0.0268	0.0279	0.0195	63.7139	237.0031	0.0252	0.5652	1.4603	0.0012	3.8094	3.9050	0.0096	0.0009	0.0003	0.0011
48	69	0.0854	3	1	2	0	0	0	0	0	0	N	Y	N	N	N	N	N	N	N	N	N	N	0.6429	186.4165	1.8602	49.4514	37.2837	inf	0.7128	112.3466	2.0823	2.4524	1.5663	11.0221	0.8530	0.8783	0.3561	3.2535	1.9373	13.2466	3.8145	0.0084	5.9251	0.0172	0.0236	0.0000	4.5642	0.0172	6.3617	0.7276	1271.7584	0.4706	0.2439	3.1828	9.9334	3.1571	8.9999	2.1069	1.2195	0.8874	0.2446	0.2396	0.0049	1.8623	0.9799	0.8824	0.9747	0.0008	0.9739	0.0007	0.0007	0.0000	0.9739	0.0000	0.9739	0.8591	0.7786	0.0805	0.2867	0.2728	0.0139	0.5724	0.5058	0.0666	0.2555	0.0911	0.1644	0.0421	0.0308	0.0113	0.2134	0.0603	0.1531	0.6429	186.4165	1.8602	49.4514	37.2837	inf	0.7128	2983.3644	2.0823	3.8145	0.0084	5.9251	0.0172	0.0236	0.0000	4.5642	0.0006	6.3617
48	70	0.0854	3	1	2	0	0	0	0	0	0	N	Y	N	N	N	N	N	N	N	N	N	N	0.0226	33.1576	0.0000	16.0972	13.3923	0.0102	inf	0.0000	0.3024	0.3337	0.0000	0.3265	0.3614	0.0000	0.1652	0.1789	0.0000	13.3562	0.0101	20.6265	0.0203	0.0270	0.0000	16.1851	0.0000	22.1117	0.0000	3762.3172	-0.0045	0.2426	3.1828	0.0666	3.1571	4.0001	0.0229	0.0229	0.0000	0.0210	0.0210	0.0000	0.0019	0.0019	0.0000	0.9672	0.0003	0.9669	0.0003	0.0003	0.0000	0.9669	0.0000	0.9669	0.0758	0.0687	0.0071	0.0645	0.0582	0.0062	0.0113	0.0104	0.0009	0.0724	0.0255	0.0469	0.0127	0.0095	0.0031	0.0597	0.0160	0.0437	0.0226	33.1576	0.0000	16.0972	13.3923	0.0000	0.0102	inf	0.0000	13.3562	0.0101	20.6265	0.0203	0.0270	0.0000	16.1851	0.0000	22.1117	
48	71	0.0686	3	1	2	0	0	0	0	0	0	N	Y	N	N	N	N	N	N	N	N	N	N	0.4616	746.0779	0.0000	0.7360	0.7621	0.6244	inf	0.0000	5.2036	5.7321	0.0000	0.0174	0.0180	0.0000	7.8360	8.9158	0.0000	11.2719	0.0077	16.4284	0.0236	0.0237	0.0000	12.5504	0.0000	16.4308	0.0000	4671.0441	-0.1775	0.2426	3.1828	2.0000	3.1571	3.0000	0.8975	0.8975	0.0000	0.0010	0.0010	0.0000	0.8965	0.8965	0.0000	0.9671	0.0002	0.9669	0.0002	0.0002	0.0000	0.9669	0.0000	0.9669	0.1725	0.1566	0.0159	0.0581	0.0560	0.0020	0.1144	0.1005	0.0139	0.0858	0.0269	0.0589	0.0088	0.0087	0.0000	0.0770	0.0182	0.0588	0.4616	746.0779	0.0000	0.7360	0.7621	0.0000	0.6244	inf	0.0000	11.2719	0.0077	16.4284	0.0236	0.0237	0.0000	12.5504	0.0000	16.4308	
48	72	0.0418	2	1	1	0	0	0	0	0	0	N	N	N	N	N	N	N	N	N	N	N	N	3.5258	1.6911	2.1339	2.3245	2.7270	0.0163	159.3990	10.1375	3.1797	0.4962	0.5935	0.0004	1.1640	1.3666	0.0001	0.0270	0.0326	0.0006	0.1407	0.3510	0.0002	0.5008	0.5011	0.0043	0.0002	0.0032	0.0002	0.0001	0.0008	-0.0681	-0.0185	3.1828	4.7932	3.1571	0.2507	0.3445	0.3444	0.0000	0.3334	0.3334	0.0000	0.0110	0.0110	0.0000	0.0247	0.0247	0.0000	0.0247	0.0247	0.0000	0.0000	0.0000	0.0000	0.6942	0.5803	0.1140	0.2864	0.2440	0.0425	0.4078	0.3363	0.0715	0.1756	0.0703	0.1052	0.0493	0.0493	0.0000	0.1263	0.0211	0.1052	3.5258	1.6911	2.1339	2.3245	2.7270	0.0782	159.3990	395.3829	3.1797	0.1407	0.3510	0.0002	0.5008	0.5011	0.0009	0.0002	0.0001	0.0002
48	74	0.1054	4	1	2	0	0	0	0	0	0	N	Y	N	N	N	N	N	N	N	N	N	N	131.2763	0.0381	3588.9276	50.1187	0.0289	1312.4750	266.4686	8.9649	1394.2873	0.3825	0.0002	2.6651	0.5041	0.0004	3.4809	0.1484	0.0000	1.0521	0.0029	0.0062	0.0007	0.0101	0.0122	0.0027	0.0006	0.0000	0.0008	1897.0358	0.1807	0.1885	-0.0002	3.1828	1.8678	3.1571	4.6278	0.2352	0.0001	0.2350	0.2040	0.0001	0.2039	0.0312	0.0000	0.0312	0.0003	0.0003	0.0000	0.0003	0.0003	0.0000	0.0000	0.0000	0.0000	0.6147	0.5265	0.0882	0.4046	0.3461	0.0586	0.2101	0.1805	0.0296	0.1095	0.0437	0.0657	0.0272	0.0221	0.0050	0.0823	0.0216	0.0607	131.2763	0.0381	3588.9276	50.1187	0.0289	5822.3897	266.4686	9.5853	1394.2873	0.0029	0.0062	0.0007	0.0101	0.0122	0.0006	0.0006	0.0000	0.0008
48	75	0.0854	3	1	1	0	0	0	0	0	0	N	N	N	N	N	N	N	N	N	N	N	N	202.8156	203.9683	685.1207	351.7800	176.0981	20781585.5234	78.8320	12.4504	204.0892	0.6041	0.4158	2.3919	1.2317	0.8224	7.9858	0.2261	0.1540	0.7640	0.0030	0.0020	0.0035	0.0035	0.0047	0.0000	0.0029	0.0124	0.0037	0.6057	3.1392	0.0519	0.0000	3.1828	4.7010	3.1571	0.6064	0.2894	0.1802	0.1092	0.2218	0.1396	0.0821	0.0676	0.0406	0.0270	0.0003	0.0001	0.0002	0.0001	0.0001	0.0000	0.0002	0.0000	0.0002	0.4790	0.4334	0.0456	0.1801	0.1698	0.0103	0.2990	0.2636	0.0353	0.0922	0.0325	0.0596	0.0161	0.0120	0.0040	0.0761	0.0205	0.0556	202.8156	203.9683	685.1207	351.7800	176.0981	20781585.5234	78.8320	312.1338	204.0892	0.0030	0.0020	0.0035	0.0035	0.0047	0.0000	0.0029	0.0005	0.0037
48	78	0.2091	7	2	2	0	1	0	0	0	0	Y	Y	N	N	N	N	N	N	N	N	N	N	0.0355	0.0135	0.0000	0.0176	0.0142	0.0000	0.0001	0.0000	0.0000	0.0001	0.0001	0.0000	0.0002	0.0002	0.0000	0.0000	0.0000	0.0000	0.0023	0.0067	0.0001	0.0103	0.0135	0.0002	0.0012	0.1793	0.0001	0.0000	0.0281	-0.0000	-0.0001	3.1828	1.0000	3.1571	2.0144	0.0000	0.0000	0.0000	0.0000	0.0000	0.0000	0.0000	0.0000	0.0000	0.0001	0.0001	0.0000	0.0001	0.0001	0.0000	0.0001	0.0000	0.0000	0.1075	0.0977	0.0098	0.0489	0.0464	0.0026	0.0585	0.0513	0.0072	0.0479	0.0162	0.0318	0.0057	0.0043	0.0014	0.0422	0.0118	0.0304	0.0355	0.0135	0.0000	0.0176	0.0142	0.0000	0.0001	0.0000	0.0000	0.0023	0.0067	0.0001	0.0103	0.0135	0.0001	0.0012	0.0042	0.0001
48	79	0.1868	6	2	2	0	1	0	0	0	0	Y	Y	N	N	N	N	N	N	N	N	N	N	0.0550	0.0202	0.0000	858.2963	681.3355	0.0000	0.0000	0.0000	1.1514	1.2670	0.0000	2.5120	2.6520	0.0000	0.0004	0.0004	0.0000	20.9386	62.8743	0.0012	0.0029	0.0039	0.0000	23.5657	84.0271	0.0013	0.0000	0.0000	-0.0000	-0.7461	3.1828	0.0001	3.1571	3.0180	0.0000	0.0000	0.0000	0.0000	0.0000	0.0000	0.0000	0.0000	0.0000	0.9962	0.9962	0.0000	0.0000	0.0000	0.0000	0.9962	0.9962	0.0000	0.0000	0.0000	0.0000	0.0000	0.0000	0.0000	0.0000	0.0000	0.0000	0.0476	0.0158	0.0317	0.0053	0.0040	0.0013	0.0423	0.0119	0.0304	0.0550	0.0202	0.0000	858.2963	681.3355	0.0000	0.0000	0.0000	0.0000	20.9386	62.8743	0.0012	0.0029	0.0039	0.0000	23.5657	84.0271	0.0013	
48	80	0.2088	8	1	2	0	1	0	0	0	0	N	Y	N	N	N	N	N	N	N	N	N	N	0.0000	0.0000	0.0000	0.0000	0.0000	0.0000	0.0000	0.0000	0.0000	0.0000	0.0000	0.0000	0.0000	0.0000	0.0000	0.0000	0.0000	0.0000	0.0000	0.0000	3.1828	0.0000	3.1571	0.0000	0.0000	0.0000	0.0000	0.0000	0.0000	0.0000	0.0000	0.0000	0.0000	0.0000	0.0000	0.0000	0.0000	0.0000	0.0000	0.0000	0.0000	0.0000	0.0000	0.0000	0.0000	0.0000	0.0000	0.0000	0.0000	0.0000	0.0000	0.0000	0.0000	0.0000	0.0000	0.0000	0.0000	0.0000	0.0000	0.0000	0.0000	0.0000	0.0000	0.0000	0.0000	0.0000	0.0000	0.0000	0.0000	0.0000	0.0000	0.0000	0.0000	0.0000	0.0000	0.0000	0.0000	0.0000											
48	81	0.1868	6	1	1	1	1	0	0	0	0	N	N	N	N	N	N	N	N	N	N	N	N	0.0000	0.0000	0.0000	0.0000	0.0000	0.0000	0.0000	0.0000	0.0000	0.0000	0.0000	0.0000	0.0000	0.0000	0.0000	0.0000	0.0000	0.0000	0.0000	0.0000	3.1828	2.0000	3.1571	0.0000	0.0000	0.0000	0.0000	0.0000	0.0000	0.0000	0.0000	0.0000	0.0000	0.0000	0.0000	0.0000	0.0000	0.0000	0.0000	0.0000	0.0000	0.0000	0.2098	0.1908	0.0191	0.0949	0.0899	0.0050	0.1149	0.1008	0.0141	0.0322	0.0107	0.0215	0.0036	0.0027	0.0009	0.0286	0.0080	0.0206	0.0000	0.0000	0.0000	0.0000	0.0000	0.0000	0.0000	0.0000	0.0000	0.0000	0.0000	0.0000	0.0000	0.0000	0.0000	0.0000	0.0000	0.0000											
48	82	0.1868	6	1	1	1	1	0	0	0	0	N	N	N	N	N	N	N	N	N	N	N	N	0.0000	0.0000	0.0000	0.0000	0.0000	0.0000	0.0000	0.0000	0.0000	0.0000	0.0000	0.0000	0.0000	0.0000	0.0000	0.0000	0.0000	0.0000	0.1723	0.0101	0.2535	0.0245	0.0326	0.0001	0.1908	0.1197	0.2645	50.0569	0.0000	0.0025	3.1828	0.0000	3.1571	4.0000	0.0000	0.0000	0.0000	0.0000	0.0000	0.0000	0.0000	0.0000	0.0000	0.0107	0.0002	0.0104	0.0002	0.0002	0.0000	0.0105	0.0000	0.0104	0.0000	0.0000	0.0000	0.0000	0.0000	0.0000	0.0000	0.0000	0.0000	0.0619	0.0207	0.0412	0.0069	0.0052	0.0017	0.0550	0.0155	0.0395	0.0000	0.0000	0.0000	0.0000	0.0000	0.0000	0.0000	0.0000	0.0000	0.1723	0.0101	0.2535	0.0245	0.0326	0.0001	0.1908	0.0026	0.2645	
48	83	0.2088	8	1	1	1	1	0	0	0	0	N	N	N	N	N	N	N	N	N	N	N	N	0.0000	0.0000	0.0000	0.0000	0.0000	0.0000	0.0000	0.0000	0.0000	0.0000	0.0000	0.0000	0.0000	0.0035	0.0106	0.0000	0.0000	0.0000	0.0000	0.0038	0.4847	0.0000	0.0000	0.0000	-0.0001	3.1828	0.0000	3.1571	2.0000	0.0000	0.0000	0.0000	0.0000	0.0000	0.0000	0.0000	0.0000	0.0000	0.0001	0.0001	0.0000	0.0000	0.0000	0.0000	0.0001	0.0001	0.0000	0.0000	0.0000	0.0000	0.0000	0.0000	0.0000	0.0000	0.0000	0.0000	0.0319	0.0103	0.0215	0.0033	0.0024	0.0009	0.0286	0.0080	0.0206	0.0000	0.0000	0.0000	0.0000	0.0000	0.0000	0.0000	0.0000	0.0000	0.0035	0.0106	0.0000	0.0000	0.0000	0.0000	0.0038	0.0138	0.0000						
48	84	0.2015	7	1	1	0	1	0	0	0	0	N	N	N	N	N	N	N	N	N	N	N	N	0.0030	0.0011	0.0000	0.0008	0.0006	0.0000	0.0000	0.0000	0.0000	0.0002	0.0002	0.0000	0.0004	0.0004	0.0000	0.0000	0.0000	0.0000	0.0614	0.1860	0.0000	0.5258	0.7107	0.0000	0.0000	0.0001	0.0000	0.0000	0.0004	-0.0000	-0.0008	3.1828	1.0000	3.1571	0.0015	0.0000	0.0000	0.0000	0.0000	0.0000	0.0000	0.0000	0.0000	0.0000	0.0010	0.0010	0.0000	0.0010	0.0010	0.0000	0.0000	0.0000	0.0000	0.1075	0.0977	0.0098	0.0489	0.0463	0.0026	0.0585	0.0513	0.0072	0.0167	0.0055	0.0112	0.0019	0.0014	0.0005	0.0147	0.0041	0.0107	0.0030	0.0011	0.0000	0.0008	0.0006	0.0000	0.0000	0.0000	0.0000	0.0614	0.1860	0.0000	0.5258	0.7107	0.0000	0.0000	0.0000	0.0000
48	85	0.1868	6	1	1	0	1	0	0	0	0	N	N	N	N	N	N	N	N	N	N	N	N	0.0000	0.0000	0.0000	0.0000	0.0000	0.0000	0.0000	0.0000	0.0000	0.0000	0.0000	0.0000	0.0000	0.0000	0.0000	0.0000	0.0000	0.0381	0.0187	0.0477	0.0029	0.0039	0.0000	0.0425	0.5976	0.0497	5.1134	-0.0000	0.0001	3.1828	0.0000	3.1571	2.0013	0.0000	0.0000	0.0000	0.0000	0.0000	0.0000	0.0000	0.0000	0.0000	0.0012	0.0002	0.0010	0.0000	0.0000	0.0000	0.0012	0.0002	0.0010	0.0000	0.0000	0.0000	0.0000	0.0000	0.0000	0.0000	0.0000	0.0000	0.0322	0.0107	0.0215	0.0036	0.0027	0.0009	0.0286	0.0080	0.0206	0.0000	0.0000	0.0000	0.0000	0.0000	0.0000	0.0000	0.0000	0.0000	0.0381	0.0187	0.0477	0.0029	0.0039	0.0000	0.0425	0.0238	0.0497		
48	86	0.2267	6	2	2	0	0	0	0	0	0	Y	Y	N	N	N	N	N	N	N	N	N	N	0.1824	0.1113	0.0270	0.0633	0.0646	0.7627	1.1928	2.2233	0.0024	0.3237	0.3469	0.0134	0.2826	0.2993	0.0197	0.4626	0.5156	0.0012	1.7749	3.1176	0.4973	4.4615	4.6318	0.0258	0.3878	0.2319	0.5097	0.0029	0.1677	-0.0000	-0.0406	3.1828	0.0007	3.1571	0.9812	0.0001	0.0001	0.0000	0.0001	0.0001	0.0000	0.0000	0.0000	0.0000	0.0671	0.0575	0.0096	0.0574	0.0574	0.0000	0.0097	0.0000	0.0096	0.0003	0.0003	0.0000	0.0002	0.0002	0.0000	0.0001	0.0001	0.0000	0.0378	0.0184	0.0194	0.0129	0.0124	0.0005	0.0249	0.0060	0.0189	0.1824	0.1113	0.0270	0.0633	0.0646	4.8642	1.1928	84.7906	0.0024	1.7749	3.1176	0.4973	4.4615	4.6318	0.0040	0.3878	0.0061	0.5097
48	87	0.1709	5	2	2	0	0	0	0	0	0	Y	Y	N	N	N	N	N	N	N	N	N	N	1.4804	32.9616	0.0000	4.3184	3.6276	0.0009	2.0834	83.8161	0.0000	2.4637	2.7071	0.0000	0.9831	1.0442	0.0001	3.8913	4.4225	0.0000	1.6642	0.0821	2.4951	0.2277	0.2879	0.1243	1.8678	0.0528	2.6019	0.0000	57.8458	-0.2669	0.0422	3.1828	5.0272	3.1571	2.1572	1.3495	1.3495	0.0000	0.2643	0.2643	0.0000	1.0851	1.0851	0.0000	0.1801	0.0031	0.1771	0.0031	0.0030	0.0000	0.1771	0.0000	0.1770	0.5477	0.4985	0.0492	0.2689	0.2531	0.0157	0.2789	0.2454	0.0335	0.1082	0.0373	0.0710	0.0134	0.0105	0.0029	0.0948	0.0268	0.0680	1.4804	32.9616	0.0000	4.3184	3.6276	0.0094	2.0834	3386.9481	0.0000	1.6642	0.0821	2.4951	0.2277	0.2879	0.0112	1.8678	0.0013	2.6019
48	88	0.2241	7	1	2	0	0	0	0	0	0	N	Y	N	N	N	N	N	N	N	N	N	N	0.0000	0.0000	0.0000	0.0000	0.0000	0.0000	0.0000	0.0000	0.0000	0.0000	0.0000	0.0000	0.0000	0.0000	0.0000	0.0013	0.0037	0.0000	0.0080	0.0102	0.0000	0.0002	0.0185	0.0000	0.0000	0.0000	-0.0001	3.1828	0.0000	3.1571	4.0000	0.0000	0.0000	0.0000	0.0000	0.0000	0.0000	0.0000	0.0000	0.0000	0.0001	0.0001	0.0000	0.0001	0.0001	0.0000	0.0000	0.0000	0.0000	0.0000	0.0000	0.0000	0.0000	0.0000	0.0000	0.0000	0.0000	0.0000	0.0630	0.0216	0.0414	0.0088	0.0068	0.0019	0.0542	0.0148	0.0394	0.0000	0.0000	0.0000	0.0000	0.0000	0.0000	0.0000	0.0000	0.0000	0.0013	0.0037	0.0000	0.0080	0.0102	0.0000	0.0002	0.0007	0.0000				
48	89	0.1868	6	1	2	0	0	0	0	0	0	N	Y	N	N	N	N	N	N	N	N	N	N	1.6814	304.7798	0.0088	213.3628	191.8144	0.0000	0.0023	0.0083	0.0113	2.8880	3.1744	0.0225	6.4195	6.7762	0.0000	0.0045	0.0009	0.0305	1.7176	0.0104	2.5758	0.0301	0.0353	0.1666	1.9293	0.1056	2.6873	0.0007	491.9485	-0.1750	0.0325	3.1828	3.0000	3.1571	2.0000	0.8879	0.8873	0.0006	0.8872	0.8872	0.0000	0.0008	0.0001	0.0006	0.1303	0.0003	0.1301	0.0003	0.0002	0.0000	0.1301	0.0000	0.1300	0.3075	0.2795	0.0279	0.1382	0.1309	0.0073	0.1693	0.1486	0.0207	0.0759	0.0254	0.0505	0.0085	0.0064	0.0021	0.0674	0.0190	0.0484	1.6814	304.7798	0.0088	213.3628	191.8144	0.0000	0.0023	0.4163	0.0113	1.7176	0.0104	2.5758	0.0301	0.0353	0.0143	1.9293	0.0021	2.6873
48	90	0.1868	6	2	2	0	0	0	0	0	0	Y	Y	N	N	N	N	N	N	N	N	N	N	0.0000	0.0000	0.0000	0.0000	0.0000	0.0000	0.0000	0.0000	0.0000	0.0000	0.0000	0.0000	0.0000	0.0000	0.0000	0.0000	0.0000	0.0000	13.0642	39.0509	0.0004	0.2475	0.3296	0.0000	14.6722	51.9737	0.0004	0.0000	0.0000	-0.7424	3.1828	2.0000	3.1571	3.0000	0.0000	0.0000	0.0000	0.0000	0.0000	0.0000	0.0000	0.0000	0.0000	0.9913	0.9913	0.0000	0.0021	0.0021	0.0000	0.9892	0.9892	0.0000	0.2098	0.1908	0.0191	0.0949	0.0899	0.0050	0.1149	0.1008	0.0141	0.0759	0.0254	0.0505	0.0085	0.0064	0.0021	0.0674	0.0190	0.0484	0.0000	0.0000	0.0000	0.0000	0.0000	0.0000	0.0000	0.0000	0.0000	13.0642	39.0509	0.0004	0.2475	0.3296	0.0000	14.6722	51.9737	0.0004	
48	91	0.1709	5	1	1	0	0	0	0	0	0	N	N	N	N	N	N	N	N	N	N	N	N	1.1323	0.4473	0.0828	0.2947	0.2630	0.0169	15.2115	7.8050	0.0321	0.1084	0.1190	0.0001	0.1851	0.1979	0.0002	0.0126	0.0143	0.0000	0.0957	0.2660	0.0012	0.6282	0.7526	0.0109	0.0008	0.0018	0.0011	0.0001	0.0078	-0.0060	-0.0027	3.1828	2.0705	3.1571	0.0351	0.0304	0.0304	0.0000	0.0288	0.0288	0.0000	0.0016	0.0016	0.0000	0.0036	0.0036	0.0000	0.0036	0.0036	0.0000	0.0000	0.0000	0.0000	0.2803	0.2553	0.0250	0.1556	0.1455	0.0101	0.1247	0.1098	0.0149	0.0376	0.0134	0.0242	0.0057	0.0047	0.0009	0.0319	0.0087	0.0232	1.1323	0.4473	0.0828	0.2947	0.2630	0.0918	15.2115	289.9462	0.0321	0.0957	0.2660	0.0012	0.6282	0.7526	0.0020	0.0008	0.0000	0.0011
48	92	0.1455	4	1	1	0	0	0	0	0	0	N	N	N	N	N	N	N	N	N	N	N	N	3.3039	1.8173	0.1339	1.0268	0.9377	1.1130	2.8580	0.4481	0.0361	0.7299	0.8026	0.0114	1.0493	1.1264	0.0205	0.1921	0.2200	0.0032	0.2209	0.4416	0.0855	1.0219	1.2012	0.0184	0.0672	0.4909	0.0888	0.0014	0.3155	-0.0867	-0.0072	3.1828	3.4249	3.1571	0.1413	0.4417	0.4411	0.0006	0.3984	0.3979	0.0005	0.0433	0.0432	0.0001	0.0141	0.0107	0.0034	0.0105	0.0105	0.0000	0.0036	0.0002	0.0034	0.6051	0.5496	0.0556	0.3797	0.3532	0.0265	0.2254	0.1964	0.0291	0.0638	0.0243	0.0395	0.0103	0.0087	0.0015	0.0535	0.0155	0.0380	3.3039	1.8173	0.1339	1.0268	0.9377	6.9686	2.8580	15.4807	0.0361	0.2209	0.4416	0.0855	1.0219	1.2012	0.0029	0.0672	0.0142	0.0888
48	98	0.2823	9	1	1	0	0	0	0	0	0	N	N	N	N	N	N	N	N	N	N	N	N	0.6307	6.1899	0.0000	3.4464	4.9209	0.0000	0.1039	164.3831	0.0000	0.2547	0.2769	0.0000	0.3595	0.3829	0.0000	0.0577	0.0653	0.0000	0.4038	0.0447	0.8482	0.1043	0.0778	8.0429	0.5556	0.0004	0.8607	0.0000	15.3222	-0.0447	0.0196	3.1828	4.9999	3.1571	9.0821	0.2261	0.2261	0.0000	0.2083	0.2083	0.0000	0.0178	0.0178	0.0000	0.1032	0.0063	0.0969	0.0090	0.0063	0.0026	0.0942	0.0000	0.0942	0.8879	0.8167	0.0712	0.5794	0.5440	0.0353	0.3085	0.2726	0.0359	0.2555	0.1413	0.1142	0.0860	0.0812	0.0047	0.1696	0.0601	0.1095	0.6307	6.1899	0.0000	3.4464	4.9209	0.0000	0.1039	7665.7254	0.0000	0.4038	0.0447	0.8482	0.1043	0.0778	0.5592	0.5556	0.0000	0.8607
49	50	0.0310	2	0	2	0	0	0	0	0	0	N	Y	N	N	N	N	N	N	N	N	N	N	0.0000	0.0000	0.0000	0.0000	0.0000	0.0000	0.0000	0.0000	0.0000	0.0000	0.0000	0.0000	0.0000	0.0000	0.0000	0.0000	0.0000	0.0000	0.0000	0.0000	0.8922	0.0000	1.0748	0.0000	0.0000	0.0000	0.0000	0.0000	0.0000	0.0000	0.0000	0.0000	0.0000	0.0000	0.0000	0.0000	0.0000	0.0000	0.0000	0.0000	0.0000	0.0000	0.0000	0.0000	0.0000	0.0000	0.0000	0.0000	0.0000	0.0000	0.0000	0.0000	0.0000	0.0000	0.0000	0.0000	0.0000	0.0000	0.0000	0.0000	0.0000	0.0000	0.0000	0.0000	0.0000	0.0000	0.0000	0.0000	0.0000	0.0000	0.0000	0.0000	0.0000	0.0000	0.0000	0.0000	0.0000	0.0000											
49	51	0.0310	2	1	2	0	0	0	0	0	0	N	Y	N	N	N	N	N	N	N	N	N	N	0.0000	0.0000	0.0000	0.0000	0.0000	0.0000	0.0000	0.0000	0.0000	0.0000	0.0000	0.0000	0.0000	0.0000	0.0000	0.0000	0.0000	0.0000	0.3629	0.8283	0.0886	0.3008	0.3004	23.0104	0.3815	1.8580	0.0885	0.1815	0.0000	-0.0077	0.8922	1.0000	1.0748	3.0000	0.0000	0.0000	0.0000	0.0000	0.0000	0.0000	0.0000	0.0000	0.0000	0.0129	0.0109	0.0020	0.0025	0.0025	0.0000	0.0104	0.0084	0.0020	0.0428	0.0399	0.0029	0.0212	0.0206	0.0006	0.0215	0.0193	0.0023	0.0355	0.0132	0.0223	0.0082	0.0082	0.0000	0.0273	0.0050	0.0223	0.0000	0.0000	0.0000	0.0000	0.0000	0.0000	0.0000	0.0000	0.0000	0.3629	0.8283	0.0886	0.3008	0.3004	4.9735	0.3815	1.6993	0.0885	
49	52	0.1045	3	0	1	0	0	0	0	0	0	N	N	N	N	N	N	N	N	N	N	N	N	0.0396	0.0339	0.0835	0.0219	0.0215	0.0126	0.0797	0.1094	0.1281	0.0043	0.0040	0.0083	0.0037	0.0036	0.0044	0.0064	0.0055	0.0129	0.1085	0.1188	0.0999	0.1672	0.1691	0.3503	0.0806	0.0503	0.1004	0.1362	1.0134	-0.0001	-0.0014	0.8922	3.0179	1.0748	1.1627	0.0009	0.0008	0.0001	0.0006	0.0006	0.0000	0.0003	0.0002	0.0001	0.0057	0.0028	0.0029	0.0028	0.0028	0.0000	0.0029	0.0000	0.0028	0.2178	0.2043	0.0134	0.1680	0.1608	0.0072	0.0497	0.0435	0.0062	0.0523	0.0237	0.0286	0.0169	0.0166	0.0002	0.0355	0.0071	0.0284	0.0396	0.0339	0.0835	0.0219	0.0215	0.1301	0.0797	4.3297	0.1281	0.1085	0.1188	0.0999	0.1672	0.1691	0.0340	0.0806	0.0013	0.1004
49	53	0.0310	2	1	2	1	0	0	0	0	0	N	Y	N	N	N	N	N	N	N	N	N	N	0.0000	0.0000	0.0000	0.0000	0.0000	0.0000	0.0000	0.0000	0.0000	0.0000	0.0000	0.0000	0.0000	0.0000	0.0000	0.0007	0.0006	0.0007	0.0000	0.0000	0.0000	0.0009	0.0654	0.0007	2.0000	0.0000	-0.0000	0.8922	4.0000	1.0748	1.0000	0.0000	0.0000	0.0000	0.0000	0.0000	0.0000	0.0000	0.0000	0.0000	0.0000	0.0000	0.0000	0.0000	0.0000	0.0000	0.0000	0.0000	0.0000	0.1606	0.1499	0.0108	0.0788	0.0766	0.0022	0.0818	0.0733	0.0086	0.0434	0.0161	0.0273	0.0100	0.0100	0.0000	0.0334	0.0061	0.0273	0.0000	0.0000	0.0000	0.0000	0.0000	0.0000	0.0000	0.0000	0.0000	0.0007	0.0006	0.0007	0.0000	0.0000	0.0000	0.0009	0.0016	0.0007				
49	54	0.1045	3	0	2	0	0	0	0	0	0	N	Y	N	N	N	N	N	N	N	N	N	N	0.0774	0.0591	0.1976	0.0416	0.0405	0.0314	0.1301	0.0196	0.3085	0.0053	0.0049	0.0116	0.0050	0.0050	0.0060	0.0063	0.0046	0.0182	0.0687	0.0829	0.0585	0.1210	0.1231	0.1922	0.0484	0.2340	0.0589	0.1548	0.9840	-0.0001	-0.0015	0.8922	2.0683	1.0748	6.9961	0.0008	0.0007	0.0001	0.0006	0.0006	0.0000	0.0002	0.0001	0.0001	0.0058	0.0029	0.0029	0.0029	0.0028	0.0000	0.0029	0.0001	0.0029	0.1574	0.1477	0.0097	0.1225	0.1172	0.0053	0.0350	0.0305	0.0044	0.0844	0.0352	0.0492	0.0236	0.0231	0.0005	0.0608	0.0121	0.0487	0.0774	0.0591	0.1976	0.0416	0.0405	0.3929	0.1301	0.7286	0.3085	0.0687	0.0829	0.0585	0.1210	0.1231	0.0154	0.0484	0.0063	0.0589
49	55	0.0478	2	0	1	0	0	0	0	0	0	N	N	N	N	N	N	N	N	N	N	N	N	0.7777	0.6393	0.8304	0.5384	0.4721	6.8643	0.5327	0.8095	0.6495	2.4458	2.4652	2.2275	3.3026	3.3440	2.6833	1.1654	1.0819	1.8400	3.1448	3.8560	2.6824	6.1339	7.0837	0.3909	2.1875	1.3365	2.8331	0.0804	1.0699	-0.0685	-0.0457	0.8922	3.9265	1.0748	5.0808	0.5549	0.5136	0.0413	0.4489	0.4261	0.0229	0.1060	0.0876	0.0184	0.1968	0.0951	0.1017	0.0931	0.0930	0.0001	0.1037	0.0021	0.1017	0.2269	0.2084	0.0185	0.1359	0.1274	0.0085	0.0910	0.0809	0.0100	0.0626	0.0247	0.0379	0.0152	0.0131	0.0020	0.0474	0.0115	0.0359	0.7777	0.6393	0.8304	0.5384	0.4721	63.0509	0.5327	6.0700	0.6495	3.1448	3.8560	2.6824	6.1339	7.0837	0.0426	2.1875	0.1782	2.8331
49	56	0.0310	2	1	1	1	0	0	0	0	0	N	N	N	N	N	N	N	N	N	N	N	N	0.0000	0.0000	0.0000	0.0000	0.0000	0.0000	0.0000	0.0000	0.0000	0.0000	0.0000	0.0000	0.0000	0.0000	0.0000	0.0000	0.0000	0.0156	0.0219	0.0120	0.0314	0.0314	0.0000	0.0112	0.2795	0.0120	0.9254	0.0000	-0.0004	0.8922	4.0000	1.0748	7.0000	0.0000	0.0000	0.0000	0.0000	0.0000	0.0000	0.0000	0.0000	0.0000	0.0013	0.0007	0.0006	0.0006	0.0006	0.0000	0.0007	0.0001	0.0006	0.1606	0.1499	0.0108	0.0788	0.0766	0.0022	0.0818	0.0733	0.0086	0.0836	0.0311	0.0526	0.0185	0.0185	0.0000	0.0652	0.0126	0.0526	0.0000	0.0000	0.0000	0.0000	0.0000	0.0000	0.0000	0.0000	0.0000	0.0156	0.0219	0.0120	0.0314	0.0314	0.0000	0.0112	0.0079	0.0120		
49	57	0.1829	7	0	2	0	0	0	0	0	0	N	Y	N	N	N	N	N	N	N	N	N	N	3.9049	4.3749	0.6228	1.7118	1.7036	2.2618	7.7452	8.6780	0.7165	0.1668	0.1764	0.0279	0.1373	0.1427	0.0233	0.2440	0.2715	0.0327	0.0427	0.0403	0.0448	0.0802	0.0838	0.0103	0.0315	0.0313	0.0456	0.0110	1.2854	-0.0188	-0.0006	0.8922	9.7645	1.0748	7.4558	0.1005	0.0994	0.0011	0.0599	0.0594	0.0005	0.0406	0.0400	0.0006	0.0033	0.0014	0.0018	0.0014	0.0014	0.0000	0.0019	0.0000	0.0018	0.6028	0.5637	0.0391	0.4364	0.4165	0.0199	0.1664	0.1472	0.0192	0.0768	0.0356	0.0412	0.0177	0.0169	0.0008	0.0591	0.0187	0.0404	3.9049	4.3749	0.6228	1.7118	1.7036	12.5784	7.7452	255.5190	0.7165	0.0427	0.0403	0.0448	0.0802	0.0838	0.0018	0.0315	0.0011	0.0456
49	58	0.2385	8	0	1	1	0	0	0	0	0	N	N	N	N	N	N	N	N	N	N	N	N	2.0878	2.0759	0.1457	1.1094	1.2482	0.0040	0.0421	inf	0.1082	0.0017	0.0018	0.0001	0.0021	0.0022	0.0001	0.0000	0.0000	0.0001	0.0008	0.0008	0.0007	0.0019	0.0018	0.0339	0.0004	0.0000	0.0007	0.0039	0.9324	-0.0000	-0.0000	0.8922	1.0009	1.0748	0.0163	0.0001	0.0001	0.0000	0.0001	0.0001	0.0000	0.0000	0.0000	0.0000	0.0000	0.0000	0.0000	0.0000	0.0000	0.0000	0.0000	0.0000	0.0000	0.0891	0.0838	0.0053	0.0704	0.0673	0.0032	0.0186	0.0165	0.0022	0.0047	0.0023	0.0024	0.0012	0.0011	0.0000	0.0036	0.0012	0.0024	2.0878	2.0759	0.1457	1.1094	1.2482	0.0268	0.0421	inf	0.1082	0.0008	0.0008	0.0007	0.0019	0.0018	0.0050	0.0004	0.0000	0.0007
49	59	0.2231	7	0	1	0	0	0	0	0	0	N	N	N	N	N	N	N	N	N	N	N	N	581.8884	548.8085	19.9428	353.3669	356.1631	20.2717	0.0176	0.0027	0.0282	0.7682	0.8160	0.0234	0.9840	1.0280	0.0405	0.0000	0.0000	0.0000	0.0013	0.0015	0.0012	0.0028	0.0029	0.0020	0.0009	0.0047	0.0012	0.0018	0.8912	-0.0257	-0.0000	0.8922	1.9961	1.0748	0.0521	0.1312	0.1309	0.0002	0.1312	0.1309	0.0002	0.0000	0.0000	0.0000	0.0000	0.0000	0.0000	0.0000	0.0000	0.0000	0.0000	0.0000	0.0000	0.1707	0.1604	0.0103	0.1333	0.1273	0.0059	0.0374	0.0331	0.0043	0.0095	0.0045	0.0050	0.0023	0.0022	0.0001	0.0072	0.0023	0.0049	581.8884	548.8085	19.9428	353.3669	356.1631	81.1144	0.0176	0.0797	0.0282	0.0013	0.0015	0.0012	0.0028	0.0029	0.0005	0.0009	0.0002	0.0012
49	60	0.2154	6	0	1	0	0	0	0	0	0	N	N	N	N	N	N	N	N	N	N	N	N	41.0383	50.9856	7.8294	32.5929	33.0329	2.3699	0.0043	0.0098	0.0000	0.2506	0.2620	0.0546	0.3295	0.3395	0.0960	0.0000	0.0000	0.0000	0.0061	0.0051	0.0070	0.0101	0.0103	0.0405	0.0048	0.0024	0.0070	0.0121	1.5148	-0.0000	-0.0000	0.8922	0.0081	1.0748	1.0507	0.0002	0.0002	0.0000	0.0002	0.0002	0.0000	0.0000	0.0000	0.0000	0.0000	0.0000	0.0000	0.0000	0.0000	0.0000	0.0000	0.0000	0.0000	0.0009	0.0008	0.0000	0.0007	0.0006	0.0000	0.0002	0.0002	0.0000	0.0051	0.0024	0.0027	0.0013	0.0012	0.0000	0.0039	0.0012	0.0027	41.0383	50.9856	7.8294	32.5929	33.0329	16.3752	0.0043	0.3801	0.0000	0.0061	0.0051	0.0070	0.0101	0.0103	0.0059	0.0048	0.0001	0.0070
49	61	0.1666	5	0	1	0	0	0	0	0	0	N	N	N	N	N	N	N	N	N	N	N	N	0.0918	0.1073	0.1119	0.0676	0.0622	0.1423	0.0899	2.1603	0.0175	0.0158	0.0154	0.0220	0.0167	0.0157	0.0375	0.0131	0.0144	0.0035	0.1723	0.1436	0.1961	0.2470	0.2527	0.2632	0.1455	0.0066	0.1982	0.0940	1.6461	-0.0004	-0.0009	0.8922	3.0167	1.0748	3.2580	0.0039	0.0036	0.0003	0.0032	0.0028	0.0003	0.0008	0.0008	0.0000	0.0072	0.0027	0.0045	0.0027	0.0027	0.0000	0.0045	0.0000	0.0045	0.2495	0.2340	0.0154	0.1889	0.1805	0.0084	0.0606	0.0535	0.0070	0.0420	0.0190	0.0230	0.0111	0.0108	0.0003	0.0309	0.0082	0.0227	0.0918	0.1073	0.1119	0.0676	0.0622	1.6806	0.0899	51.0371	0.0175	0.1723	0.1436	0.1961	0.2470	0.2527	0.0223	0.1455	0.0003	0.1982
49	62	0.0918	4	0	2	0	0	0	0	0	0	N	Y	N	N	N	N	N	N	N	N	N	N	0.6978	1.0686	0.2184	0.7605	0.7861	2.0543	0.7179	11.7982	0.3466	0.4173	0.4577	0.1615	0.4034	0.4474	0.1236	0.4574	0.4879	0.2687	0.5980	0.4284	0.7396	0.5305	0.5691	0.0602	0.6372	0.0414	0.7752	0.0558	2.0670	-0.0289	-0.0033	0.8922	3.3327	1.0748	4.3103	0.1993	0.1888	0.0105	0.1433	0.1374	0.0060	0.0560	0.0514	0.0046	0.0442	0.0144	0.0298	0.0144	0.0144	0.0000	0.0298	0.0000	0.0298	0.4777	0.4125	0.0652	0.3552	0.3070	0.0482	0.1225	0.1054	0.0170	0.0740	0.0337	0.0403	0.0272	0.0253	0.0019	0.0468	0.0083	0.0384	0.6978	1.0686	0.2184	0.7605	0.7861	16.8707	0.7179	416.5208	0.3466	0.5980	0.4284	0.7396	0.5305	0.5691	0.0073	0.6372	0.0012	0.7752
49	63	0.0678	3	0	1	0	0	0	0	0	0	N	N	N	N	N	N	N	N	N	N	N	N	2.1148	1.9305	2.2799	1.4838	1.3241	71.7998	2.2321	4.5844	1.7490	0.6680	0.6681	0.6676	0.7176	0.7183	0.7138	0.5375	0.5363	0.5443	0.3159	0.3461	0.2928	0.4836	0.5425	0.0099	0.2408	0.1170	0.3112	0.1833	1.1076	-0.0148	-0.0030	0.8922	3.2669	1.0748	2.4507	0.3444	0.2911	0.0533	0.2681	0.2266	0.0415	0.0763	0.0644	0.0118	0.0136	0.0065	0.0072	0.0065	0.0065	0.0000	0.0072	0.0000	0.0072	0.5156	0.4356	0.0799	0.3736	0.3155	0.0581	0.1419	0.1202	0.0218	0.0432	0.0187	0.0245	0.0134	0.0119	0.0015	0.0298	0.0068	0.0230	2.1148	1.9305	2.2799	1.4838	1.3241	395.3804	2.2321	213.3373	1.7490	0.3159	0.3461	0.2928	0.4836	0.5425	0.0018	0.2408	0.0025	0.3112
49	64	0.0649	5	1	1	1	0	0	0	0	0	N	N	N	N	N	N	N	N	N	N	N	N	0.0000	0.0000	0.0000	0.0000	0.0000	0.0000	0.0000	0.0000	0.0000	0.0000	0.0000	0.0000	0.0000	0.0000	0.0000	0.0000	0.0000	0.0000	0.0000	0.0000	0.8922	0.0000	1.0748	1.0000	0.0000	0.0000	0.0000	0.0000	0.0000	0.0000	0.0000	0.0000	0.0000	0.0000	0.0000	0.0000	0.0000	0.0000	0.0000	0.0000	0.0000	0.0000	0.0000	0.0000	0.0000	0.0000	0.0000	0.0000	0.0000	0.0000	0.0000	0.0102	0.0038	0.0064	0.0024	0.0024	0.0000	0.0078	0.0014	0.0064	0.0000	0.0000	0.0000	0.0000	0.0000	0.0000	0.0000	0.0000	0.0000	0.0000	0.0000	0.0000	0.0000	0.0000	0.0000	0.0000	0.0000	0.0000											
49	65	0.0649	4	1	1	1	0	0	0	0	0	N	N	N	N	N	N	N	N	N	N	N	N	0.0000	0.0000	0.0000	0.0000	0.0000	0.0000	0.0000	0.0000	0.0000	0.0000	0.0000	0.0000	0.0000	0.0000	0.0000	0.0000	0.3008	0.4566	0.1521	0.4689	0.4689	0.0000	0.1484	0.0000	0.1521	0.3494	0.0000	-0.0000	0.8922	0.0000	1.0748	0.0001	0.0000	0.0000	0.0000	0.0000	0.0000	0.0000	0.0000	0.0000	0.0000	0.0000	0.0000	0.0000	0.0000	0.0000	0.0000	0.0000	0.0000	0.0000	0.0000	0.0000	0.0000	0.0000	0.0000	0.0000	0.0000	0.0000	0.0000	0.0000	0.0000	0.0000	0.0000	0.0000	0.0000	0.0000	0.0000	0.0000	0.0000	0.0000	0.0000	0.0000	0.0000	0.0000	0.0000	0.0000	0.0000	0.3008	0.4566	0.1521	0.4689	0.4689	0.0000	0.1484	0.0000	0.1521			
49	66	0.0526	3	1	1	1	0	0	0	0	0	N	N	N	N	N	N	N	N	N	N	N	N	0.0196	0.0064	0.2897	0.0070	0.0061	0.0033	0.0577	637.3456	0.2995	0.0016	0.0009	0.0102	0.0014	0.0012	0.0085	0.0017	0.0007	0.0106	0.0805	0.1473	0.0353	0.2029	0.2029	2.6250	0.0298	0.0000	0.0353	0.7883	0.3543	0.0000	-0.0010	0.8922	1.9720	1.0748	0.0923	0.0001	0.0001	0.0001	0.0001	0.0000	0.0000	0.0001	0.0000	0.0001	0.0021	0.0015	0.0005	0.0015	0.0015	0.0000	0.0005	0.0000	0.0005	0.0916	0.0853	0.0062	0.0416	0.0405	0.0011	0.0500	0.0448	0.0052	0.0259	0.0105	0.0154	0.0076	0.0076	0.0000	0.0183	0.0029	0.0154	0.0196	0.0064	0.2897	0.0070	0.0061	0.0389	0.0577	722.0843	0.2995	0.0805	0.1473	0.0353	0.2029	0.2029	0.2197	0.0298	0.0000	0.0353
49	67	0.0310	2	1	1	1	0	0	0	0	0	N	N	N	N	N	N	N	N	N	N	N	N	22.7286	28.4747	53.7182	7.9794	7.4916	inf	37.4463	730.9344	61.3353	1.2921	1.1266	3.6013	0.5071	0.4761	1.5977	2.0537	1.8121	4.1121	0.0569	0.0396	0.0670	0.0635	0.0636	0.0000	0.0548	0.0025	0.0670	0.2292	2.8750	-0.0018	-0.0000	0.8922	3.0650	1.0748	1.0636	0.1621	0.1319	0.0302	0.0313	0.0286	0.0027	0.1308	0.1033	0.0275	0.0021	0.0005	0.0015	0.0005	0.0005	0.0000	0.0015	0.0000	0.0015	0.1255	0.1171	0.0084	0.0618	0.0601	0.0017	0.0637	0.0570	0.0067	0.0365	0.0135	0.0230	0.0084	0.0084	0.0000	0.0281	0.0051	0.0230	22.7286	28.4747	53.7182	7.9794	7.4916	inf	37.4463	28694.2692	61.3353	0.0569	0.0396	0.0670	0.0635	0.0636	0.0000	0.0548	0.0001	0.0670
49	68	0.1254	4	0	2	0	1	0	0	0	0	N	Y	N	N	N	N	N	N	N	N	N	N	2.0326	1.0760	0.9766	0.4043	0.4207	0.0140	9.7548	0.4819	0.3781	0.1412	0.1517	0.0217	0.1276	0.1339	0.0314	0.1853	0.2144	0.0080	0.0695	0.1410	0.0222	0.3155	0.3183	2.2402	0.0190	0.4449	0.0213	0.0126	0.2389	-0.0070	-0.0016	0.8922	2.7513	1.0748	4.0954	0.0377	0.0372	0.0005	0.0260	0.0256	0.0004	0.0117	0.0116	0.0001	0.0029	0.0024	0.0006	0.0023	0.0022	0.0000	0.0007	0.0001	0.0005	0.2666	0.2451	0.0215	0.2035	0.1909	0.0126	0.0631	0.0542	0.0089	0.0424	0.0168	0.0255	0.0072	0.0071	0.0002	0.0351	0.0098	0.0254	2.0326	1.0760	0.9766	0.4043	0.4207	0.1692	9.7548	16.3535	0.3781	0.0695	0.1410	0.0222	0.3155	0.3183	0.1855	0.0190	0.0131	0.0213
49	69	0.0478	2	0	2	0	0	0	0	0	0	N	Y	N	N	N	N	N	N	N	N	N	N	5.4104	6.8912	10.7773	5.3140	4.5388	18.3421	4.9101	1.9317	12.6307	1.7829	1.5777	4.2572	1.9837	1.9744	2.1716	1.5532	1.0917	5.2755	0.3295	0.2289	0.3950	0.3733	0.4350	0.1184	0.3163	0.5652	0.4177	0.2237	2.6499	-0.0113	-0.0008	0.8922	9.9334	1.0748	8.9999	0.7515	0.6141	0.1374	0.4461	0.4231	0.0230	0.3054	0.1910	0.1144	0.0353	0.0097	0.0256	0.0093	0.0092	0.0000	0.0260	0.0004	0.0256	0.4215	0.3892	0.0323	0.2249	0.2143	0.0106	0.1966	0.1749	0.0217	0.1072	0.0423	0.0649	0.0249	0.0212	0.0036	0.0823	0.0210	0.0613	5.4104	6.8912	10.7773	5.3140	4.5388	196.3787	4.9101	52.1161	12.6307	0.3295	0.2289	0.3950	0.3733	0.4350	0.0111	0.3163	0.0209	0.4177
49	70	0.0478	2	0	2	0	0	0	0	0	0	N	Y	N	N	N	N	N	N	N	N	N	N	0.4641	0.6705	0.5488	0.4776	0.3960	inf	0.2130	inf	0.2391	0.4929	0.4682	0.7126	0.5300	0.5045	0.7436	0.2228	0.2158	0.3278	1.0620	0.6982	1.2985	1.1098	1.2742	0.0000	1.0463	0.0000	1.3708	0.1713	2.8613	-0.0019	-0.0003	0.8922	0.0666	1.0748	4.0001	0.0366	0.0312	0.0053	0.0346	0.0294	0.0052	0.0020	0.0018	0.0002	0.0335	0.0087	0.0249	0.0087	0.0087	0.0000	0.0249	0.0000	0.0249	0.0742	0.0667	0.0075	0.0652	0.0583	0.0069	0.0090	0.0084	0.0006	0.0316	0.0124	0.0191	0.0078	0.0068	0.0010	0.0238	0.0056	0.0181	0.4641	0.6705	0.5488	0.4776	0.3960	inf	0.2130	inf	0.2391	1.0620	0.6982	1.2985	1.1098	1.2742	0.0000	1.0463	0.0000	1.3708
49	71	0.0310	2	0	2	0	0	0	0	0	0	N	Y	N	N	N	N	N	N	N	N	N	N	1.6141	2.4756	0.0157	0.0274	0.0282	inf	3.2882	inf	0.0197	1.2456	1.3338	0.0143	0.0239	0.0245	0.0001	2.4407	2.7257	0.0179	0.7717	0.5388	0.9091	0.8708	0.8708	0.0000	0.7422	0.0000	0.9091	0.0008	2.8621	-0.0206	-0.0003	0.8922	2.0000	1.0748	3.0000	0.1043	0.1042	0.0001	0.0010	0.0010	0.0000	0.1033	0.1032	0.0001	0.0335	0.0087	0.0248	0.0087	0.0087	0.0000	0.0248	0.0000	0.0248	0.0837	0.0781	0.0056	0.0414	0.0403	0.0011	0.0423	0.0379	0.0045	0.0434	0.0161	0.0273	0.0100	0.0100	0.0000	0.0334	0.0061	0.0273	1.6141	2.4756	0.0157	0.0274	0.0282	inf	3.2882	inf	0.0197	0.7717	0.5388	0.9091	0.8708	0.8708	0.0000	0.7422	0.0000	0.9091
49	74	0.0678	3	0	2	0	0	0	0	0	0	N	Y	N	N	N	N	N	N	N	N	N	N	97.4122	55.1757	302.1764	75.7271	46.6573	274.5035	44.7065	1.8625	156.2454	0.7974	0.5225	2.1803	0.9717	0.6649	2.5055	0.2746	0.0973	1.1839	0.0082	0.0095	0.0072	0.0128	0.0143	0.0091	0.0061	0.0522	0.0076	0.8293	1.0088	0.0959	-0.0001	0.8922	1.8678	1.0748	4.6278	0.3754	0.2052	0.1702	0.3431	0.1956	0.1474	0.0323	0.0096	0.0227	0.0004	0.0002	0.0002	0.0002	0.0002	0.0000	0.0002	0.0000	0.0002	0.4708	0.3927	0.0781	0.3531	0.2942	0.0588	0.1177	0.0985	0.0192	0.0475	0.0205	0.0271	0.0145	0.0129	0.0016	0.0330	0.0075	0.0255	97.4122	55.1757	302.1764	75.7271	46.6573	1638.9502	44.7065	74.8047	156.2454	0.0082	0.0095	0.0072	0.0128	0.0143	0.0015	0.0061	0.0013	0.0076
49	75	0.0478	2	0	1	0	0	0	0	0	0	N	N	N	N	N	N	N	N	N	N	N	N	222.7458	147.1127	764.8373	159.3629	119.9287	1020576.3278	147.0981	15.6149	431.0441	1.8487	1.5527	5.2265	2.5626	2.2179	8.0390	0.8463	0.5651	3.1105	0.0083	0.0106	0.0068	0.0161	0.0185	0.0000	0.0058	0.0362	0.0072	0.2949	0.9960	0.0141	-0.0001	0.8922	4.7010	1.0748	0.6064	0.4708	0.3636	0.1072	0.3811	0.3103	0.0708	0.0897	0.0532	0.0364	0.0003	0.0002	0.0002	0.0002	0.0002	0.0000	0.0002	0.0000	0.0002	0.2547	0.2342	0.0205	0.1487	0.1399	0.0088	0.1059	0.0942	0.0117	0.0401	0.0158	0.0243	0.0099	0.0086	0.0013	0.0302	0.0072	0.0230	222.7458	147.1127	764.8373	159.3629	119.9287	1020576.3278	147.0981	523.1463	431.0441	0.0083	0.0106	0.0068	0.0161	0.0185	0.0000	0.0058	0.0011	0.0072
49	78	0.1715	6	1	2	0	1	0	0	0	0	N	Y	N	N	N	N	N	N	N	N	N	N	0.0654	0.0434	0.0016	0.0281	0.0252	0.0009	0.0000	0.0000	0.0000	0.0000	0.0000	0.0000	0.0000	0.0001	0.0000	0.0000	0.0000	0.0000	0.0004	0.0007	0.0003	0.0018	0.0021	0.0017	0.0002	0.0017	0.0003	0.0012	0.7452	-0.0000	-0.0000	0.8922	1.0000	1.0748	2.0144	0.0000	0.0000	0.0000	0.0000	0.0000	0.0000	0.0000	0.0000	0.0000	0.0000	0.0000	0.0000	0.0000	0.0000	0.0000	0.0000	0.0000	0.0000	0.0473	0.0439	0.0034	0.0268	0.0258	0.0011	0.0205	0.0182	0.0023	0.0175	0.0062	0.0113	0.0025	0.0020	0.0004	0.0150	0.0041	0.0109	0.0654	0.0434	0.0016	0.0281	0.0252	0.0034	0.0000	0.0000	0.0000	0.0004	0.0007	0.0003	0.0018	0.0021	0.0004	0.0002	0.0000	0.0003
49	79	0.1492	5	1	2	0	1	0	0	0	0	N	Y	N	N	N	N	N	N	N	N	N	N	2.0069	0.7546	56.2647	4.3401	3.6952	inf	0.0000	0.0000	0.0000	0.3928	0.4220	0.0187	0.6911	0.7178	0.0597	0.0000	0.0000	0.0000	0.1957	0.5591	0.0003	0.1592	0.1943	0.0000	0.2014	1.5662	0.0003	0.0035	0.0011	-0.0000	-0.0025	0.8922	0.0001	1.0748	3.0180	0.0000	0.0000	0.0000	0.0000	0.0000	0.0000	0.0000	0.0000	0.0000	0.0034	0.0034	0.0000	0.0004	0.0004	0.0000	0.0030	0.0030	0.0000	0.0000	0.0000	0.0000	0.0000	0.0000	0.0000	0.0000	0.0000	0.0000	0.0173	0.0061	0.0113	0.0023	0.0019	0.0004	0.0150	0.0041	0.0109	2.0069	0.7546	56.2647	4.3401	3.6952	inf	0.0000	0.0000	0.0000	0.1957	0.5591	0.0003	0.1592	0.1943	0.0000	0.2014	0.7276	0.0003
49	80	0.1712	7	0	2	0	1	0	0	0	0	N	Y	N	N	N	N	N	N	N	N	N	N	0.0000	0.0000	0.0000	0.0000	0.0000	0.0000	0.0000	0.0000	0.0000	0.0000	0.0000	0.0000	0.0000	0.0000	0.0000	0.0000	0.0000	0.0000	0.0000	0.0000	0.8922	0.0000	1.0748	0.0000	0.0000	0.0000	0.0000	0.0000	0.0000	0.0000	0.0000	0.0000	0.0000	0.0000	0.0000	0.0000	0.0000	0.0000	0.0000	0.0000	0.0000	0.0000	0.0000	0.0000	0.0000	0.0000	0.0000	0.0000	0.0000	0.0000	0.0000	0.0000	0.0000	0.0000	0.0000	0.0000	0.0000	0.0000	0.0000	0.0000	0.0000	0.0000	0.0000	0.0000	0.0000	0.0000	0.0000	0.0000	0.0000	0.0000	0.0000	0.0000	0.0000	0.0000	0.0000	0.0000	0.0000	0.0000											
49	81	0.1492	5	0	1	1	1	0	0	0	0	N	N	N	N	N	N	N	N	N	N	N	N	0.0000	0.0000	0.0000	0.0000	0.0000	0.0000	0.0000	0.0000	0.0000	0.0000	0.0000	0.0000	0.0000	0.0000	0.0000	0.0000	0.0000	0.0000	0.0000	0.0000	0.8922	2.0000	1.0748	0.0000	0.0000	0.0000	0.0000	0.0000	0.0000	0.0000	0.0000	0.0000	0.0000	0.0000	0.0000	0.0000	0.0000	0.0000	0.0000	0.0000	0.0000	0.0000	0.0925	0.0858	0.0067	0.0523	0.0502	0.0021	0.0402	0.0356	0.0046	0.0117	0.0041	0.0076	0.0016	0.0013	0.0003	0.0102	0.0028	0.0074	0.0000	0.0000	0.0000	0.0000	0.0000	0.0000	0.0000	0.0000	0.0000	0.0000	0.0000	0.0000	0.0000	0.0000	0.0000	0.0000	0.0000	0.0000											
49	82	0.1492	5	0	1	1	1	0	0	0	0	N	N	N	N	N	N	N	N	N	N	N	N	0.0000	0.0000	0.0000	0.0000	0.0000	0.0000	0.0000	0.0000	0.0000	0.0000	0.0000	0.0000	0.0000	0.0000	0.0000	0.0000	0.0000	0.0093	0.0127	0.0075	0.0132	0.0161	0.0000	0.0087	0.3806	0.0078	1.1000	0.0000	-0.0000	0.8922	0.0000	1.0748	4.0000	0.0000	0.0000	0.0000	0.0000	0.0000	0.0000	0.0000	0.0000	0.0000	0.0002	0.0001	0.0001	0.0000	0.0000	0.0000	0.0002	0.0001	0.0001	0.0000	0.0000	0.0000	0.0000	0.0000	0.0000	0.0000	0.0000	0.0000	0.0225	0.0079	0.0146	0.0030	0.0025	0.0005	0.0195	0.0054	0.0141	0.0000	0.0000	0.0000	0.0000	0.0000	0.0000	0.0000	0.0000	0.0000	0.0093	0.0127	0.0075	0.0132	0.0161	0.0000	0.0087	0.0111	0.0078		
49	83	0.1712	7	0	1	1	1	0	0	0	0	N	N	N	N	N	N	N	N	N	N	N	N	0.0000	0.0000	0.0000	0.0000	0.0000	0.0000	0.0000	0.0000	0.0000	0.0000	0.0000	0.0000	0.0000	0.0000	0.0000	0.0772	0.2256	0.0000	0.1003	0.1258	0.0000	0.0738	1.4587	0.0000	0.0000	0.0000	-0.0007	0.8922	0.0000	1.0748	2.0000	0.0000	0.0000	0.0000	0.0000	0.0000	0.0000	0.0000	0.0000	0.0000	0.0009	0.0009	0.0000	0.0001	0.0001	0.0000	0.0007	0.0007	0.0000	0.0000	0.0000	0.0000	0.0000	0.0000	0.0000	0.0000	0.0000	0.0000	0.0117	0.0040	0.0077	0.0015	0.0012	0.0003	0.0102	0.0028	0.0074	0.0000	0.0000	0.0000	0.0000	0.0000	0.0000	0.0000	0.0000	0.0000	0.0772	0.2256	0.0000	0.1003	0.1258	0.0000	0.0738	0.2682	0.0000				
49	84	0.1639	6	0	1	0	1	0	0	0	0	N	N	N	N	N	N	N	N	N	N	N	N	0.0718	0.0182	1.2411	0.0000	0.0000	0.0000	0.5442	6.8673	1.7343	0.0004	0.0002	0.0029	0.0000	0.0000	0.0000	0.0010	0.0006	0.0043	0.0059	0.0125	0.0024	0.0309	0.0382	0.0000	0.0018	0.0001	0.0025	1.0000	0.3544	0.0000	-0.0000	0.8922	1.0000	1.0748	0.0015	0.0000	0.0000	0.0000	0.0000	0.0000	0.0000	0.0000	0.0000	0.0000	0.0000	0.0000	0.0000	0.0000	0.0000	0.0000	0.0000	0.0000	0.0000	0.0473	0.0439	0.0034	0.0268	0.0258	0.0011	0.0205	0.0182	0.0023	0.0061	0.0021	0.0040	0.0009	0.0007	0.0002	0.0052	0.0014	0.0038	0.0718	0.0182	1.2411	0.0000	0.0000	0.0000	0.5442	219.4975	1.7343	0.0059	0.0125	0.0024	0.0309	0.0382	0.0000	0.0018	0.0000	0.0025
49	85	0.1492	5	0	1	0	1	0	0	0	0	N	N	N	N	N	N	N	N	N	N	N	N	0.0000	0.0000	0.0000	0.0000	0.0000	0.0000	0.0000	0.0000	0.0000	0.0000	0.0000	0.0000	0.0000	0.0000	0.0000	0.0000	0.0000	0.0235	0.0608	0.0035	0.1256	0.1530	0.0000	0.0075	0.5158	0.0036	0.1063	0.0000	-0.0002	0.8922	0.0000	1.0748	2.0013	0.0000	0.0000	0.0000	0.0000	0.0000	0.0000	0.0000	0.0000	0.0000	0.0003	0.0002	0.0000	0.0002	0.0002	0.0000	0.0001	0.0000	0.0000	0.0000	0.0000	0.0000	0.0000	0.0000	0.0000	0.0000	0.0000	0.0000	0.0118	0.0041	0.0077	0.0016	0.0013	0.0003	0.0102	0.0028	0.0074	0.0000	0.0000	0.0000	0.0000	0.0000	0.0000	0.0000	0.0000	0.0000	0.0235	0.0608	0.0035	0.1256	0.1530	0.0000	0.0075	0.0179	0.0036		
49	86	0.1891	5	1	2	0	0	0	0	0	0	N	Y	N	N	N	N	N	N	N	N	N	N	2.2427	1.8888	0.2490	1.2675	1.3136	2.6788	3.9268	2.2561	0.0945	0.3954	0.4235	0.0325	0.3935	0.4209	0.0358	0.4076	0.4395	0.0126	0.1763	0.2242	0.1305	0.3104	0.3204	0.0134	0.1038	0.1948	0.1334	0.0059	0.6092	-0.0000	-0.0009	0.8922	0.0007	1.0748	0.9812	0.0001	0.0001	0.0000	0.0001	0.0001	0.0000	0.0000	0.0000	0.0000	0.0024	0.0015	0.0009	0.0015	0.0015	0.0000	0.0009	0.0000	0.0009	0.0002	0.0002	0.0000	0.0002	0.0002	0.0000	0.0000	0.0000	0.0000	0.0138	0.0068	0.0071	0.0049	0.0047	0.0002	0.0090	0.0021	0.0069	2.2427	1.8888	0.2490	1.2675	1.3136	15.3736	3.9268	98.6911	0.0945	0.1763	0.2242	0.1305	0.3104	0.3204	0.0023	0.1038	0.0045	0.1334
49	87	0.1333	4	1	2	0	0	0	0	0	0	N	Y	N	N	N	N	N	N	N	N	N	N	0.1023	2.2968	0.0022	1.2096	1.0875	0.4063	0.0379	5.7819	0.0004	2.0188	2.1795	0.0670	2.6948	2.8471	0.1288	0.8703	0.9764	0.0136	19.7407	0.9489	30.4735	2.2278	2.6179	0.3170	22.9462	0.1689	31.6310	0.0025	56.2274	-0.1061	0.1855	0.8922	5.0272	1.0748	2.1572	0.5435	0.5421	0.0014	0.4567	0.4554	0.0012	0.0868	0.0867	0.0001	0.7943	0.0139	0.7804	0.0139	0.0138	0.0000	0.7804	0.0000	0.7804	0.2692	0.2487	0.0205	0.1695	0.1600	0.0095	0.0998	0.0888	0.0110	0.0402	0.0146	0.0256	0.0062	0.0053	0.0009	0.0340	0.0093	0.0247	0.1023	2.2968	0.0022	1.2096	1.0875	4.4198	0.0379	240.3022	0.0004	19.7407	0.9489	30.4735	2.2278	2.6179	0.0291	22.9462	0.0041	31.6310
49	88	0.1866	6	0	2	0	0	0	0	0	0	N	Y	N	N	N	N	N	N	N	N	N	N	0.0000	0.0000	0.0000	0.0000	0.0000	0.0000	0.0000	0.0000	0.0000	0.0000	0.0000	0.0000	0.0000	0.0000	0.0000	0.0000	0.0000	0.0043	0.0106	0.0007	0.0077	0.0091	0.0000	0.0036	0.4008	0.0007	0.1111	0.0000	-0.0001	0.8922	0.0000	1.0748	4.0000	0.0000	0.0000	0.0000	0.0000	0.0000	0.0000	0.0000	0.0000	0.0000	0.0001	0.0001	0.0000	0.0000	0.0000	0.0000	0.0001	0.0001	0.0000	0.0000	0.0000	0.0000	0.0000	0.0000	0.0000	0.0000	0.0000	0.0000	0.0234	0.0085	0.0149	0.0039	0.0033	0.0006	0.0195	0.0052	0.0143	0.0000	0.0000	0.0000	0.0000	0.0000	0.0000	0.0000	0.0000	0.0000	0.0043	0.0106	0.0007	0.0077	0.0091	0.0000	0.0036	0.0115	0.0007		
49	89	0.1492	5	0	2	0	0	0	0	0	0	N	Y	N	N	N	N	N	N	N	N	N	N	0.0338	0.7616	0.0002	0.4796	0.4089	0.0227	0.0000	0.0000	0.0002	0.9756	1.0507	0.0072	1.7288	1.8001	0.0066	0.0008	0.0000	0.0075	28.8650	1.3795	43.7325	3.6045	4.4025	0.2896	32.7791	0.2172	45.4446	0.0005	58.6057	-0.0261	0.1865	0.8922	3.0000	1.0748	2.0000	0.1322	0.1321	0.0001	0.1321	0.1321	0.0000	0.0000	0.0000	0.0000	0.7960	0.0134	0.7827	0.0133	0.0133	0.0000	0.7827	0.0000	0.7827	0.1355	0.1257	0.0097	0.0764	0.0734	0.0030	0.0591	0.0523	0.0067	0.0276	0.0097	0.0179	0.0037	0.0030	0.0007	0.0239	0.0067	0.0172	0.0338	0.7616	0.0002	0.4796	0.4089	0.2521	0.0000	0.0000	0.0002	28.8650	1.3795	43.7325	3.6045	4.4025	0.0261	32.7791	0.0055	45.4446
49	90	0.1492	5	1	2	0	0	0	0	0	0	N	Y	N	N	N	N	N	N	N	N	N	N	0.0000	0.0000	0.0000	0.0000	0.0000	0.0000	0.0000	0.0000	0.0000	0.0000	0.0000	0.0000	0.0000	0.0000	0.0000	0.0000	0.0000	0.0000	0.5318	1.3725	0.0770	0.7199	0.8803	0.0016	0.5026	1.8375	0.0800	0.1037	0.0000	-0.0096	0.8922	2.0000	1.0748	3.0000	0.0000	0.0000	0.0000	0.0000	0.0000	0.0000	0.0000	0.0000	0.0000	0.0147	0.0133	0.0014	0.0027	0.0027	0.0000	0.0120	0.0106	0.0014	0.0925	0.0858	0.0067	0.0523	0.0502	0.0021	0.0402	0.0356	0.0046	0.0276	0.0097	0.0179	0.0037	0.0030	0.0007	0.0239	0.0067	0.0172	0.0000	0.0000	0.0000	0.0000	0.0000	0.0000	0.0000	0.0000	0.0000	0.5318	1.3725	0.0770	0.7199	0.8803	0.0004	0.5026	1.5962	0.0800	
49	91	0.1333	4	0	1	0	0	0	0	0	0	N	N	N	N	N	N	N	N	N	N	N	N	0.8729	0.3206	30.9289	0.2425	0.2003	10.3105	3.3239	59.8498	2.1653	0.2134	0.1997	0.3695	0.2937	0.2709	0.6005	0.0300	0.0304	0.0262	0.2445	0.6230	0.0119	1.2113	1.3522	0.0582	0.0090	0.0005	0.0121	0.1621	0.0312	-0.0019	-0.0026	0.8922	2.0705	1.0748	0.0351	0.0330	0.0284	0.0046	0.0316	0.0272	0.0045	0.0014	0.0013	0.0001	0.0036	0.0035	0.0001	0.0035	0.0035	0.0000	0.0001	0.0000	0.0001	0.1549	0.1424	0.0125	0.1077	0.1002	0.0075	0.0472	0.0421	0.0050	0.0148	0.0056	0.0092	0.0029	0.0026	0.0003	0.0119	0.0030	0.0089	0.8729	0.3206	30.9289	0.2425	0.2003	83.1384	3.3239	3075.5549	2.1653	0.2445	0.6230	0.0119	1.2113	1.3522	0.0072	0.0090	0.0000	0.0121
49	92	0.1079	3	0	1	0	0	0	0	0	0	N	N	N	N	N	N	N	N	N	N	N	N	3.0789	8.9920	1.6508	4.9601	4.5439	1.9385	1.4335	2.3919	0.8907	0.5570	0.5713	0.4240	0.6781	0.6882	0.5622	0.2735	0.2794	0.2363	0.1809	0.0635	0.2568	0.1367	0.1515	0.2900	0.1908	0.1168	0.2653	0.0799	6.2494	-0.0201	0.0005	0.8922	3.4249	1.0748	0.1413	0.1621	0.1501	0.0120	0.1383	0.1291	0.0092	0.0238	0.0210	0.0028	0.0042	0.0006	0.0036	0.0006	0.0006	0.0000	0.0036	0.0000	0.0036	0.2911	0.2628	0.0283	0.2039	0.1876	0.0163	0.0871	0.0751	0.0120	0.0233	0.0092	0.0142	0.0043	0.0038	0.0005	0.0191	0.0054	0.0137	3.0789	8.9920	1.6508	4.9601	4.5439	21.2205	1.4335	123.0368	0.8907	0.1809	0.0635	0.2568	0.1367	0.1515	0.0265	0.1908	0.0023	0.2653
49	98	0.2447	8	0	1	0	0	0	0	0	0	N	N	N	N	N	N	N	N	N	N	N	N	10.6707	11.6248	0.5521	9.1063	9.1310	0.1843	3.9206	0.4080	0.0840	0.6572	0.6946	0.0353	0.7657	0.7990	0.0523	0.1941	0.2171	0.0055	0.0616	0.0598	0.0639	0.0841	0.0875	0.2837	0.0495	0.5320	0.0656	0.0031	0.8533	-0.0699	-0.0016	0.8922	4.9999	1.0748	9.0821	0.3591	0.3580	0.0011	0.3390	0.3379	0.0010	0.0201	0.0201	0.0001	0.0056	0.0030	0.0026	0.0026	0.0026	0.0000	0.0029	0.0004	0.0025	0.5464	0.5154	0.0310	0.4427	0.4230	0.0197	0.1037	0.0924	0.0113	0.0901	0.0501	0.0400	0.0315	0.0298	0.0017	0.0586	0.0203	0.0383	10.6707	11.6248	0.5521	9.1063	9.1310	2.0964	3.9206	11.3545	0.0840	0.0616	0.0598	0.0639	0.0841	0.0875	0.0249	0.0495	0.0191	0.0656
50	52	0.1271	4	0	1	0	0	0	0	0	0	N	N	N	N	N	N	N	N	N	N	N	N	0.0000	0.0000	0.0000	0.0000	0.0000	0.0000	0.0000	0.0000	0.0000	0.0000	0.0000	0.0000	0.0000	0.0000	0.0000	0.0000	0.0000	0.0000	0.0000	0.0000	0.0000	3.0179	0.0000	1.1627	0.0000	0.0000	0.0000	0.0000	0.0000	0.0000	0.0000	0.0000	0.0000	0.0000	0.0000	0.0000	0.0000	0.0000	0.0000	0.0000	0.0000	0.0000	0.0000	0.0000	0.0000	0.0000	0.0000	0.0000	0.0000	0.0000	0.0000	0.0000	0.0000	0.0000	0.0000	0.0000	0.0000	0.0000	0.0000	0.0000	0.0000	0.0000	0.0000	0.0000	0.0000	0.0000	0.0000	0.0000	0.0000	0.0000	0.0000	0.0000	0.0000	0.0000	0.0000	0.0000	0.0000	0.0000											
50	54	0.1271	4	0	2	0	0	0	0	0	0	N	Y	N	N	N	N	N	N	N	N	N	N	0.0000	0.0000	0.0000	0.0000	0.0000	0.0000	0.0000	0.0000	0.0000	0.0000	0.0000	0.0000	0.0000	0.0000	0.0000	0.0000	0.0000	0.0000	0.0000	0.0000	0.0000	2.0683	0.0000	6.9961	0.0000	0.0000	0.0000	0.0000	0.0000	0.0000	0.0000	0.0000	0.0000	0.0000	0.0000	0.0000	0.0000	0.0000	0.0000	0.0000	0.0000	0.0000	0.0000	0.0000	0.0000	0.0000	0.0000	0.0000	0.0000	0.0000	0.0000	0.0000	0.0000	0.0000	0.0000	0.0000	0.0000	0.0000	0.0000	0.0000	0.0000	0.0000	0.0000	0.0000	0.0000	0.0000	0.0000	0.0000	0.0000	0.0000	0.0000	0.0000	0.0000	0.0000	0.0000	0.0000	0.0000	0.0000											
50	55	0.0705	3	0	1	0	0	0	0	0	0	N	N	N	N	N	N	N	N	N	N	N	N	0.0000	0.0000	0.0000	0.0000	0.0000	0.0000	0.0000	0.0000	0.0000	0.0000	0.0000	0.0000	0.0000	0.0000	0.0000	0.0000	0.0000	0.0000	0.0000	0.0000	0.0000	3.9265	0.0000	5.0808	0.0000	0.0000	0.0000	0.0000	0.0000	0.0000	0.0000	0.0000	0.0000	0.0000	0.0000	0.0000	0.0000	0.0000	0.0000	0.0000	0.0000	0.0000	0.0000	0.0000	0.0000	0.0000	0.0000	0.0000	0.0000	0.0000	0.0000	0.0000	0.0000	0.0000	0.0000	0.0000	0.0000	0.0000	0.0000	0.0000	0.0000	0.0000	0.0000	0.0000	0.0000	0.0000	0.0000	0.0000	0.0000	0.0000	0.0000	0.0000	0.0000	0.0000	0.0000	0.0000	0.0000	0.0000											
50	57	0.2056	8	0	2	0	0	0	0	0	0	N	Y	N	N	N	N	N	N	N	N	N	N	0.0000	0.0000	0.0000	0.0000	0.0000	0.0000	0.0000	0.0000	0.0000	0.0000	0.0000	0.0000	0.0000	0.0000	0.0000	0.0000	0.0000	0.0000	0.0000	0.0000	0.0000	9.7645	0.0000	7.4558	0.0000	0.0000	0.0000	0.0000	0.0000	0.0000	0.0000	0.0000	0.0000	0.0000	0.0000	0.0000	0.0000	0.0000	0.0000	0.0000	0.0000	0.0000	0.0000	0.0000	0.0000	0.0000	0.0000	0.0000	0.0000	0.0000	0.0000	0.0000	0.0000	0.0000	0.0000	0.0000	0.0000	0.0000	0.0000	0.0000	0.0000	0.0000	0.0000	0.0000	0.0000	0.0000	0.0000	0.0000	0.0000	0.0000	0.0000	0.0000	0.0000	0.0000	0.0000	0.0000	0.0000	0.0000											
50	58	0.2612	9	0	1	1	0	0	0	0	0	N	N	N	N	N	N	N	N	N	N	N	N	0.0000	0.0000	0.0000	0.0000	0.0000	0.0000	0.0000	0.0000	0.0000	0.0000	0.0000	0.0000	0.0000	0.0000	0.0000	0.0000	0.0000	0.0000	0.0000	0.0000	0.0000	1.0009	0.0000	0.0163	0.0000	0.0000	0.0000	0.0000	0.0000	0.0000	0.0000	0.0000	0.0000	0.0000	0.0000	0.0000	0.0000	0.0000	0.0000	0.0000	0.0000	0.0000	0.0000	0.0000	0.0000	0.0000	0.0000	0.0000	0.0000	0.0000	0.0000	0.0000	0.0000	0.0000	0.0000	0.0000	0.0000	0.0000	0.0000	0.0000	0.0000	0.0000	0.0000	0.0000	0.0000	0.0000	0.0000	0.0000	0.0000	0.0000	0.0000	0.0000	0.0000	0.0000	0.0000	0.0000	0.0000	0.0000											
50	59	0.2458	8	0	1	0	0	0	0	0	0	N	N	N	N	N	N	N	N	N	N	N	N	0.0000	0.0000	0.0000	0.0000	0.0000	0.0000	0.0000	0.0000	0.0000	0.0000	0.0000	0.0000	0.0000	0.0000	0.0000	0.0000	0.0000	0.0000	0.0000	0.0000	0.0000	1.9961	0.0000	0.0521	0.0000	0.0000	0.0000	0.0000	0.0000	0.0000	0.0000	0.0000	0.0000	0.0000	0.0000	0.0000	0.0000	0.0000	0.0000	0.0000	0.0000	0.0000	0.0000	0.0000	0.0000	0.0000	0.0000	0.0000	0.0000	0.0000	0.0000	0.0000	0.0000	0.0000	0.0000	0.0000	0.0000	0.0000	0.0000	0.0000	0.0000	0.0000	0.0000	0.0000	0.0000	0.0000	0.0000	0.0000	0.0000	0.0000	0.0000	0.0000	0.0000	0.0000	0.0000	0.0000	0.0000	0.0000											
50	60	0.2380	7	0	1	0	0	0	0	0	0	N	N	N	N	N	N	N	N	N	N	N	N	0.0000	0.0000	0.0000	0.0000	0.0000	0.0000	0.0000	0.0000	0.0000	0.0000	0.0000	0.0000	0.0000	0.0000	0.0000	0.0000	0.0000	0.0000	0.0000	0.0000	0.0000	0.0081	0.0000	1.0507	0.0000	0.0000	0.0000	0.0000	0.0000	0.0000	0.0000	0.0000	0.0000	0.0000	0.0000	0.0000	0.0000	0.0000	0.0000	0.0000	0.0000	0.0000	0.0000	0.0000	0.0000	0.0000	0.0000	0.0000	0.0000	0.0000	0.0000	0.0000	0.0000	0.0000	0.0000	0.0000	0.0000	0.0000	0.0000	0.0000	0.0000	0.0000	0.0000	0.0000	0.0000	0.0000	0.0000	0.0000	0.0000	0.0000	0.0000	0.0000	0.0000	0.0000	0.0000	0.0000	0.0000	0.0000											
50	61	0.1893	6	0	1	0	0	0	0	0	0	N	N	N	N	N	N	N	N	N	N	N	N	0.0000	0.0000	0.0000	0.0000	0.0000	0.0000	0.0000	0.0000	0.0000	0.0000	0.0000	0.0000	0.0000	0.0000	0.0000	0.0000	0.0000	0.0000	0.0000	0.0000	0.0000	3.0167	0.0000	3.2580	0.0000	0.0000	0.0000	0.0000	0.0000	0.0000	0.0000	0.0000	0.0000	0.0000	0.0000	0.0000	0.0000	0.0000	0.0000	0.0000	0.0000	0.0000	0.0000	0.0000	0.0000	0.0000	0.0000	0.0000	0.0000	0.0000	0.0000	0.0000	0.0000	0.0000	0.0000	0.0000	0.0000	0.0000	0.0000	0.0000	0.0000	0.0000	0.0000	0.0000	0.0000	0.0000	0.0000	0.0000	0.0000	0.0000	0.0000	0.0000	0.0000	0.0000	0.0000	0.0000	0.0000	0.0000											
50	62	0.1145	5	0	2	0	0	0	0	0	0	N	Y	N	N	N	N	N	N	N	N	N	N	0.0000	0.0000	0.0000	0.0000	0.0000	0.0000	0.0000	0.0000	0.0000	0.0000	0.0000	0.0000	0.0000	0.0000	0.0000	0.0000	0.0000	0.0000	0.0000	0.0000	0.0000	3.3327	0.0000	4.3103	0.0000	0.0000	0.0000	0.0000	0.0000	0.0000	0.0000	0.0000	0.0000	0.0000	0.0000	0.0000	0.0000	0.0000	0.0000	0.0000	0.0000	0.0000	0.0000	0.0000	0.0000	0.0000	0.0000	0.0000	0.0000	0.0000	0.0000	0.0000	0.0000	0.0000	0.0000	0.0000	0.0000	0.0000	0.0000	0.0000	0.0000	0.0000	0.0000	0.0000	0.0000	0.0000	0.0000	0.0000	0.0000	0.0000	0.0000	0.0000	0.0000	0.0000	0.0000	0.0000	0.0000	0.0000											
50	63	0.0904	4	0	1	0	0	0	0	0	0	N	N	N	N	N	N	N	N	N	N	N	N	0.0000	0.0000	0.0000	0.0000	0.0000	0.0000	0.0000	0.0000	0.0000	0.0000	0.0000	0.0000	0.0000	0.0000	0.0000	0.0000	0.0000	0.0000	0.0000	0.0000	0.0000	3.2669	0.0000	2.4507	0.0000	0.0000	0.0000	0.0000	0.0000	0.0000	0.0000	0.0000	0.0000	0.0000	0.0000	0.0000	0.0000	0.0000	0.0000	0.0000	0.0000	0.0000	0.0000	0.0000	0.0000	0.0000	0.0000	0.0000	0.0000	0.0000	0.0000	0.0000	0.0000	0.0000	0.0000	0.0000	0.0000	0.0000	0.0000	0.0000	0.0000	0.0000	0.0000	0.0000	0.0000	0.0000	0.0000	0.0000	0.0000	0.0000	0.0000	0.0000	0.0000	0.0000	0.0000	0.0000	0.0000	0.0000											
50	64	0.0339	4	1	1	1	0	0	0	0	0	N	N	N	N	N	N	N	N	N	N	N	N	0.0000	0.0000	0.0000	0.0000	0.0000	0.0000	0.0000	0.0000	0.0000	0.0000	0.0000	0.0000	0.0000	0.0000	0.0000	0.0000	0.0000	0.0000	0.0000	0.0000	0.0000	0.0000	0.0000	1.0000	0.0000	0.0000	0.0000	0.0000	0.0000	0.0000	0.0000	0.0000	0.0000	0.0000	0.0000	0.0000	0.0000	0.0000	0.0000	0.0000	0.0000	0.0000	0.0000	0.0000	0.0000	0.0000	0.0000	0.0000	0.0000	0.0000	0.0000	0.0000	0.0000	0.0000	0.0000	0.0000	0.0000	0.0000	0.0000	0.0000	0.0000	0.0000	0.0000	0.0000	0.0000	0.0000	0.0000	0.0000	0.0000	0.0000	0.0000	0.0000	0.0000	0.0000	0.0000	0.0000	0.0000	0.0000											
50	65	0.0339	3	1	1	1	0	0	0	0	0	N	N	N	N	N	N	N	N	N	N	N	N	0.0000	0.0000	0.0000	0.0000	0.0000	0.0000	0.0000	0.0000	0.0000	0.0000	0.0000	0.0000	0.0000	0.0000	0.0000	0.0000	0.0000	0.0000	0.0000	0.0000	0.0000	0.0000	0.0000	0.0001	0.0000	0.0000	0.0000	0.0000	0.0000	0.0000	0.0000	0.0000	0.0000	0.0000	0.0000	0.0000	0.0000	0.0000	0.0000	0.0000	0.0000	0.0000	0.0000	0.0000	0.0000	0.0000	0.0000	0.0000	0.0000	0.0000	0.0000	0.0000	0.0000	0.0000	0.0000	0.0000	0.0000	0.0000	0.0000	0.0000	0.0000	0.0000	0.0000	0.0000	0.0000	0.0000	0.0000	0.0000	0.0000	0.0000	0.0000	0.0000	0.0000	0.0000	0.0000	0.0000	0.0000	0.0000											
50	66	0.0216	2	1	1	1	0	0	0	0	0	N	N	N	N	N	N	N	N	N	N	N	N	0.0000	0.0000	0.0000	0.0000	0.0000	0.0000	0.0000	0.0000	0.0000	0.0000	0.0000	0.0000	0.0000	0.0000	0.0000	0.0000	0.0000	0.0000	0.0000	0.0000	0.0000	1.9720	0.0000	0.0923	0.0000	0.0000	0.0000	0.0000	0.0000	0.0000	0.0000	0.0000	0.0000	0.0000	0.0000	0.0000	0.0000	0.0000	0.0000	0.0000	0.0000	0.0000	0.0000	0.0000	0.0000	0.0000	0.0000	0.0000	0.0000	0.0000	0.0000	0.0000	0.0000	0.0000	0.0000	0.0000	0.0000	0.0000	0.0000	0.0000	0.0000	0.0000	0.0000	0.0000	0.0000	0.0000	0.0000	0.0000	0.0000	0.0000	0.0000	0.0000	0.0000	0.0000	0.0000	0.0000	0.0000	0.0000											
50	68	0.1480	5	0	2	0	1	0	0	0	0	N	Y	N	N	N	N	N	N	N	N	N	N	0.0000	0.0000	0.0000	0.0000	0.0000	0.0000	0.0000	0.0000	0.0000	0.0000	0.0000	0.0000	0.0000	0.0000	0.0000	0.0000	0.0000	0.0000	0.0000	0.0000	0.0000	2.7513	0.0000	4.0954	0.0000	0.0000	0.0000	0.0000	0.0000	0.0000	0.0000	0.0000	0.0000	0.0000	0.0000	0.0000	0.0000	0.0000	0.0000	0.0000	0.0000	0.0000	0.0000	0.0000	0.0000	0.0000	0.0000	0.0000	0.0000	0.0000	0.0000	0.0000	0.0000	0.0000	0.0000	0.0000	0.0000	0.0000	0.0000	0.0000	0.0000	0.0000	0.0000	0.0000	0.0000	0.0000	0.0000	0.0000	0.0000	0.0000	0.0000	0.0000	0.0000	0.0000	0.0000	0.0000	0.0000	0.0000											
50	69	0.0705	3	0	2	0	0	0	0	0	0	N	Y	N	N	N	N	N	N	N	N	N	N	0.0000	0.0000	0.0000	0.0000	0.0000	0.0000	0.0000	0.0000	0.0000	0.0000	0.0000	0.0000	0.0000	0.0000	0.0000	0.0000	0.0000	0.0000	0.0000	0.0000	0.0000	9.9334	0.0000	8.9999	0.0000	0.0000	0.0000	0.0000	0.0000	0.0000	0.0000	0.0000	0.0000	0.0000	0.0000	0.0000	0.0000	0.0000	0.0000	0.0000	0.0000	0.0000	0.0000	0.0000	0.0000	0.0000	0.0000	0.0000	0.0000	0.0000	0.0000	0.0000	0.0000	0.0000	0.0000	0.0000	0.0000	0.0000	0.0000	0.0000	0.0000	0.0000	0.0000	0.0000	0.0000	0.0000	0.0000	0.0000	0.0000	0.0000	0.0000	0.0000	0.0000	0.0000	0.0000	0.0000	0.0000	0.0000											
50	70	0.0705	3	0	2	0	0	0	0	0	0	N	Y	N	N	N	N	N	N	N	N	N	N	0.0000	0.0000	0.0000	0.0000	0.0000	0.0000	0.0000	0.0000	0.0000	0.0000	0.0000	0.0000	0.0000	0.0000	0.0000	0.0000	0.0000	0.0000	0.0000	0.0000	0.0000	0.0666	0.0000	4.0001	0.0000	0.0000	0.0000	0.0000	0.0000	0.0000	0.0000	0.0000	0.0000	0.0000	0.0000	0.0000	0.0000	0.0000	0.0000	0.0000	0.0000	0.0000	0.0000	0.0000	0.0000	0.0000	0.0000	0.0000	0.0000	0.0000	0.0000	0.0000	0.0000	0.0000	0.0000	0.0000	0.0000	0.0000	0.0000	0.0000	0.0000	0.0000	0.0000	0.0000	0.0000	0.0000	0.0000	0.0000	0.0000	0.0000	0.0000	0.0000	0.0000	0.0000	0.0000	0.0000	0.0000	0.0000											
50	74	0.0904	4	0	2	0	0	0	0	0	0	N	Y	N	N	N	N	N	N	N	N	N	N	0.0000	0.0000	0.0000	0.0000	0.0000	0.0000	0.0000	0.0000	0.0000	0.0000	0.0000	0.0000	0.0000	0.0000	0.0000	0.0000	0.0000	0.0000	0.0000	0.0000	0.0000	1.8678	0.0000	4.6278	0.0000	0.0000	0.0000	0.0000	0.0000	0.0000	0.0000	0.0000	0.0000	0.0000	0.0000	0.0000	0.0000	0.0000	0.0000	0.0000	0.0000	0.0000	0.0000	0.0000	0.0000	0.0000	0.0000	0.0000	0.0000	0.0000	0.0000	0.0000	0.0000	0.0000	0.0000	0.0000	0.0000	0.0000	0.0000	0.0000	0.0000	0.0000	0.0000	0.0000	0.0000	0.0000	0.0000	0.0000	0.0000	0.0000	0.0000	0.0000	0.0000	0.0000	0.0000	0.0000	0.0000	0.0000											
50	75	0.0705	3	0	1	0	0	0	0	0	0	N	N	N	N	N	N	N	N	N	N	N	N	0.0000	0.0000	0.0000	0.0000	0.0000	0.0000	0.0000	0.0000	0.0000	0.0000	0.0000	0.0000	0.0000	0.0000	0.0000	0.0000	0.0000	0.0000	0.0000	0.0000	0.0000	4.7010	0.0000	0.6064	0.0000	0.0000	0.0000	0.0000	0.0000	0.0000	0.0000	0.0000	0.0000	0.0000	0.0000	0.0000	0.0000	0.0000	0.0000	0.0000	0.0000	0.0000	0.0000	0.0000	0.0000	0.0000	0.0000	0.0000	0.0000	0.0000	0.0000	0.0000	0.0000	0.0000	0.0000	0.0000	0.0000	0.0000	0.0000	0.0000	0.0000	0.0000	0.0000	0.0000	0.0000	0.0000	0.0000	0.0000	0.0000	0.0000	0.0000	0.0000	0.0000	0.0000	0.0000	0.0000	0.0000	0.0000											
50	78	0.1941	7	1	2	0	1	0	0	0	0	N	Y	N	N	N	N	N	N	N	N	N	N	0.0000	0.0000	0.0000	0.0000	0.0000	0.0000	0.0000	0.0000	0.0000	0.0000	0.0000	0.0000	0.0000	0.0000	0.0000	0.0000	0.0000	0.0000	0.0000	0.0000	0.0000	1.0000	0.0000	2.0144	0.0000	0.0000	0.0000	0.0000	0.0000	0.0000	0.0000	0.0000	0.0000	0.0000	0.0000	0.0000	0.0000	0.0000	0.0000	0.0000	0.0000	0.0000	0.0000	0.0000	0.0000	0.0000	0.0000	0.0000	0.0000	0.0000	0.0000	0.0000	0.0000	0.0000	0.0000	0.0000	0.0000	0.0000	0.0000	0.0000	0.0000	0.0000	0.0000	0.0000	0.0000	0.0000	0.0000	0.0000	0.0000	0.0000	0.0000	0.0000	0.0000	0.0000	0.0000	0.0000	0.0000	0.0000											
50	79	0.1719	6	1	2	0	1	0	0	0	0	N	Y	N	N	N	N	N	N	N	N	N	N	0.0000	0.0000	0.0000	0.0000	0.0000	0.0000	0.0000	0.0000	0.0000	0.0000	0.0000	0.0000	0.0000	0.0000	0.0000	0.0000	0.0000	0.0000	0.0000	0.0000	0.0000	0.0001	0.0000	3.0180	0.0000	0.0000	0.0000	0.0000	0.0000	0.0000	0.0000	0.0000	0.0000	0.0000	0.0000	0.0000	0.0000	0.0000	0.0000	0.0000	0.0000	0.0000	0.0000	0.0000	0.0000	0.0000	0.0000	0.0000	0.0000	0.0000	0.0000	0.0000	0.0000	0.0000	0.0000	0.0000	0.0000	0.0000	0.0000	0.0000	0.0000	0.0000	0.0000	0.0000	0.0000	0.0000	0.0000	0.0000	0.0000	0.0000	0.0000	0.0000	0.0000	0.0000	0.0000	0.0000	0.0000	0.0000											
50	80	0.1939	8	0	2	0	1	0	0	0	0	N	Y	N	N	N	N	N	N	N	N	N	N	0.0000	0.0000	0.0000	0.0000	0.0000	0.0000	0.0000	0.0000	0.0000	0.0000	0.0000	0.0000	0.0000	0.0000	0.0000	0.0000	0.0000	0.0000	0.0000	0.0000	0.0000	0.0000	0.0000	0.0000	0.0000	0.0000	0.0000	0.0000	0.0000	0.0000	0.0000	0.0000	0.0000	0.0000	0.0000	0.0000	0.0000	0.0000	0.0000	0.0000	0.0000	0.0000	0.0000	0.0000	0.0000	0.0000	0.0000	0.0000	0.0000	0.0000	0.0000	0.0000	0.0000	0.0000	0.0000	0.0000	0.0000	0.0000	0.0000	0.0000	0.0000	0.0000	0.0000	0.0000	0.0000	0.0000	0.0000	0.0000	0.0000	0.0000	0.0000	0.0000	0.0000	0.0000	0.0000	0.0000	0.0000	0.0000											
50	81	0.1719	6	0	1	1	1	0	0	0	0	N	N	N	N	N	N	N	N	N	N	N	N	0.0000	0.0000	0.0000	0.0000	0.0000	0.0000	0.0000	0.0000	0.0000	0.0000	0.0000	0.0000	0.0000	0.0000	0.0000	0.0000	0.0000	0.0000	0.0000	0.0000	0.0000	2.0000	0.0000	0.0000	0.0000	0.0000	0.0000	0.0000	0.0000	0.0000	0.0000	0.0000	0.0000	0.0000	0.0000	0.0000	0.0000	0.0000	0.0000	0.0000	0.0000	0.0000	0.0000	0.0000	0.0000	0.0000	0.0000	0.0000	0.0000	0.0000	0.0000	0.0000	0.0000	0.0000	0.0000	0.0000	0.0000	0.0000	0.0000	0.0000	0.0000	0.0000	0.0000	0.0000	0.0000	0.0000	0.0000	0.0000	0.0000	0.0000	0.0000	0.0000	0.0000	0.0000	0.0000	0.0000	0.0000	0.0000											
50	82	0.1719	6	0	1	1	1	0	0	0	0	N	N	N	N	N	N	N	N	N	N	N	N	0.0000	0.0000	0.0000	0.0000	0.0000	0.0000	0.0000	0.0000	0.0000	0.0000	0.0000	0.0000	0.0000	0.0000	0.0000	0.0000	0.0000	0.0000	0.0000	0.0000	0.0000	0.0000	0.0000	4.0000	0.0000	0.0000	0.0000	0.0000	0.0000	0.0000	0.0000	0.0000	0.0000	0.0000	0.0000	0.0000	0.0000	0.0000	0.0000	0.0000	0.0000	0.0000	0.0000	0.0000	0.0000	0.0000	0.0000	0.0000	0.0000	0.0000	0.0000	0.0000	0.0000	0.0000	0.0000	0.0000	0.0000	0.0000	0.0000	0.0000	0.0000	0.0000	0.0000	0.0000	0.0000	0.0000	0.0000	0.0000	0.0000	0.0000	0.0000	0.0000	0.0000	0.0000	0.0000	0.0000	0.0000	0.0000											
50	83	0.1939	8	0	1	1	1	0	0	0	0	N	N	N	N	N	N	N	N	N	N	N	N	0.0000	0.0000	0.0000	0.0000	0.0000	0.0000	0.0000	0.0000	0.0000	0.0000	0.0000	0.0000	0.0000	0.0000	0.0000	0.0000	0.0000	0.0000	0.0000	0.0000	0.0000	0.0000	0.0000	2.0000	0.0000	0.0000	0.0000	0.0000	0.0000	0.0000	0.0000	0.0000	0.0000	0.0000	0.0000	0.0000	0.0000	0.0000	0.0000	0.0000	0.0000	0.0000	0.0000	0.0000	0.0000	0.0000	0.0000	0.0000	0.0000	0.0000	0.0000	0.0000	0.0000	0.0000	0.0000	0.0000	0.0000	0.0000	0.0000	0.0000	0.0000	0.0000	0.0000	0.0000	0.0000	0.0000	0.0000	0.0000	0.0000	0.0000	0.0000	0.0000	0.0000	0.0000	0.0000	0.0000	0.0000	0.0000											
50	84	0.1865	7	0	1	0	1	0	0	0	0	N	N	N	N	N	N	N	N	N	N	N	N	0.0000	0.0000	0.0000	0.0000	0.0000	0.0000	0.0000	0.0000	0.0000	0.0000	0.0000	0.0000	0.0000	0.0000	0.0000	0.0000	0.0000	0.0000	0.0000	0.0000	0.0000	1.0000	0.0000	0.0015	0.0000	0.0000	0.0000	0.0000	0.0000	0.0000	0.0000	0.0000	0.0000	0.0000	0.0000	0.0000	0.0000	0.0000	0.0000	0.0000	0.0000	0.0000	0.0000	0.0000	0.0000	0.0000	0.0000	0.0000	0.0000	0.0000	0.0000	0.0000	0.0000	0.0000	0.0000	0.0000	0.0000	0.0000	0.0000	0.0000	0.0000	0.0000	0.0000	0.0000	0.0000	0.0000	0.0000	0.0000	0.0000	0.0000	0.0000	0.0000	0.0000	0.0000	0.0000	0.0000	0.0000	0.0000											
50	85	0.1719	6	0	1	0	1	0	0	0	0	N	N	N	N	N	N	N	N	N	N	N	N	0.0000	0.0000	0.0000	0.0000	0.0000	0.0000	0.0000	0.0000	0.0000	0.0000	0.0000	0.0000	0.0000	0.0000	0.0000	0.0000	0.0000	0.0000	0.0000	0.0000	0.0000	0.0000	0.0000	2.0013	0.0000	0.0000	0.0000	0.0000	0.0000	0.0000	0.0000	0.0000	0.0000	0.0000	0.0000	0.0000	0.0000	0.0000	0.0000	0.0000	0.0000	0.0000	0.0000	0.0000	0.0000	0.0000	0.0000	0.0000	0.0000	0.0000	0.0000	0.0000	0.0000	0.0000	0.0000	0.0000	0.0000	0.0000	0.0000	0.0000	0.0000	0.0000	0.0000	0.0000	0.0000	0.0000	0.0000	0.0000	0.0000	0.0000	0.0000	0.0000	0.0000	0.0000	0.0000	0.0000	0.0000	0.0000											
50	86	0.2117	6	1	2	0	0	0	0	0	0	N	Y	N	N	N	N	N	N	N	N	N	N	0.0000	0.0000	0.0000	0.0000	0.0000	0.0000	0.0000	0.0000	0.0000	0.0000	0.0000	0.0000	0.0000	0.0000	0.0000	0.0000	0.0000	0.0000	0.0000	0.0000	0.0000	0.0007	0.0000	0.9812	0.0000	0.0000	0.0000	0.0000	0.0000	0.0000	0.0000	0.0000	0.0000	0.0000	0.0000	0.0000	0.0000	0.0000	0.0000	0.0000	0.0000	0.0000	0.0000	0.0000	0.0000	0.0000	0.0000	0.0000	0.0000	0.0000	0.0000	0.0000	0.0000	0.0000	0.0000	0.0000	0.0000	0.0000	0.0000	0.0000	0.0000	0.0000	0.0000	0.0000	0.0000	0.0000	0.0000	0.0000	0.0000	0.0000	0.0000	0.0000	0.0000	0.0000	0.0000	0.0000	0.0000	0.0000											
50	87	0.1559	5	1	2	0	0	0	0	0	0	N	Y	N	N	N	N	N	N	N	N	N	N	0.0000	0.0000	0.0000	0.0000	0.0000	0.0000	0.0000	0.0000	0.0000	0.0000	0.0000	0.0000	0.0000	0.0000	0.0000	0.0000	0.0000	0.0000	0.0000	0.0000	0.0000	5.0272	0.0000	2.1572	0.0000	0.0000	0.0000	0.0000	0.0000	0.0000	0.0000	0.0000	0.0000	0.0000	0.0000	0.0000	0.0000	0.0000	0.0000	0.0000	0.0000	0.0000	0.0000	0.0000	0.0000	0.0000	0.0000	0.0000	0.0000	0.0000	0.0000	0.0000	0.0000	0.0000	0.0000	0.0000	0.0000	0.0000	0.0000	0.0000	0.0000	0.0000	0.0000	0.0000	0.0000	0.0000	0.0000	0.0000	0.0000	0.0000	0.0000	0.0000	0.0000	0.0000	0.0000	0.0000	0.0000	0.0000											
50	88	0.2092	7	0	2	0	0	0	0	0	0	N	Y	N	N	N	N	N	N	N	N	N	N	0.0000	0.0000	0.0000	0.0000	0.0000	0.0000	0.0000	0.0000	0.0000	0.0000	0.0000	0.0000	0.0000	0.0000	0.0000	0.0000	0.0000	0.0000	0.0000	0.0000	0.0000	0.0000	0.0000	4.0000	0.0000	0.0000	0.0000	0.0000	0.0000	0.0000	0.0000	0.0000	0.0000	0.0000	0.0000	0.0000	0.0000	0.0000	0.0000	0.0000	0.0000	0.0000	0.0000	0.0000	0.0000	0.0000	0.0000	0.0000	0.0000	0.0000	0.0000	0.0000	0.0000	0.0000	0.0000	0.0000	0.0000	0.0000	0.0000	0.0000	0.0000	0.0000	0.0000	0.0000	0.0000	0.0000	0.0000	0.0000	0.0000	0.0000	0.0000	0.0000	0.0000	0.0000	0.0000	0.0000	0.0000	0.0000											
50	89	0.1719	6	0	2	0	0	0	0	0	0	N	Y	N	N	N	N	N	N	N	N	N	N	0.0000	0.0000	0.0000	0.0000	0.0000	0.0000	0.0000	0.0000	0.0000	0.0000	0.0000	0.0000	0.0000	0.0000	0.0000	0.0000	0.0000	0.0000	0.0000	0.0000	0.0000	3.0000	0.0000	2.0000	0.0000	0.0000	0.0000	0.0000	0.0000	0.0000	0.0000	0.0000	0.0000	0.0000	0.0000	0.0000	0.0000	0.0000	0.0000	0.0000	0.0000	0.0000	0.0000	0.0000	0.0000	0.0000	0.0000	0.0000	0.0000	0.0000	0.0000	0.0000	0.0000	0.0000	0.0000	0.0000	0.0000	0.0000	0.0000	0.0000	0.0000	0.0000	0.0000	0.0000	0.0000	0.0000	0.0000	0.0000	0.0000	0.0000	0.0000	0.0000	0.0000	0.0000	0.0000	0.0000	0.0000	0.0000											
50	90	0.1719	6	1	2	0	0	0	0	0	0	N	Y	N	N	N	N	N	N	N	N	N	N	0.0000	0.0000	0.0000	0.0000	0.0000	0.0000	0.0000	0.0000	0.0000	0.0000	0.0000	0.0000	0.0000	0.0000	0.0000	0.0000	0.0000	0.0000	0.0000	0.0000	0.0000	2.0000	0.0000	3.0000	0.0000	0.0000	0.0000	0.0000	0.0000	0.0000	0.0000	0.0000	0.0000	0.0000	0.0000	0.0000	0.0000	0.0000	0.0000	0.0000	0.0000	0.0000	0.0000	0.0000	0.0000	0.0000	0.0000	0.0000	0.0000	0.0000	0.0000	0.0000	0.0000	0.0000	0.0000	0.0000	0.0000	0.0000	0.0000	0.0000	0.0000	0.0000	0.0000	0.0000	0.0000	0.0000	0.0000	0.0000	0.0000	0.0000	0.0000	0.0000	0.0000	0.0000	0.0000	0.0000	0.0000	0.0000											
50	91	0.1559	5	0	1	0	0	0	0	0	0	N	N	N	N	N	N	N	N	N	N	N	N	0.0000	0.0000	0.0000	0.0000	0.0000	0.0000	0.0000	0.0000	0.0000	0.0000	0.0000	0.0000	0.0000	0.0000	0.0000	0.0000	0.0000	0.0000	0.0000	0.0000	0.0000	2.0705	0.0000	0.0351	0.0000	0.0000	0.0000	0.0000	0.0000	0.0000	0.0000	0.0000	0.0000	0.0000	0.0000	0.0000	0.0000	0.0000	0.0000	0.0000	0.0000	0.0000	0.0000	0.0000	0.0000	0.0000	0.0000	0.0000	0.0000	0.0000	0.0000	0.0000	0.0000	0.0000	0.0000	0.0000	0.0000	0.0000	0.0000	0.0000	0.0000	0.0000	0.0000	0.0000	0.0000	0.0000	0.0000	0.0000	0.0000	0.0000	0.0000	0.0000	0.0000	0.0000	0.0000	0.0000	0.0000	0.0000											
50	92	0.1305	4	0	1	0	0	0	0	0	0	N	N	N	N	N	N	N	N	N	N	N	N	0.0000	0.0000	0.0000	0.0000	0.0000	0.0000	0.0000	0.0000	0.0000	0.0000	0.0000	0.0000	0.0000	0.0000	0.0000	0.0000	0.0000	0.0000	0.0000	0.0000	0.0000	3.4249	0.0000	0.1413	0.0000	0.0000	0.0000	0.0000	0.0000	0.0000	0.0000	0.0000	0.0000	0.0000	0.0000	0.0000	0.0000	0.0000	0.0000	0.0000	0.0000	0.0000	0.0000	0.0000	0.0000	0.0000	0.0000	0.0000	0.0000	0.0000	0.0000	0.0000	0.0000	0.0000	0.0000	0.0000	0.0000	0.0000	0.0000	0.0000	0.0000	0.0000	0.0000	0.0000	0.0000	0.0000	0.0000	0.0000	0.0000	0.0000	0.0000	0.0000	0.0000	0.0000	0.0000	0.0000	0.0000	0.0000											
50	98	0.2674	9	0	1	0	0	0	0	0	0	N	N	N	N	N	N	N	N	N	N	N	N	0.0000	0.0000	0.0000	0.0000	0.0000	0.0000	0.0000	0.0000	0.0000	0.0000	0.0000	0.0000	0.0000	0.0000	0.0000	0.0000	0.0000	0.0000	0.0000	0.0000	0.0000	4.9999	0.0000	9.0821	0.0000	0.0000	0.0000	0.0000	0.0000	0.0000	0.0000	0.0000	0.0000	0.0000	0.0000	0.0000	0.0000	0.0000	0.0000	0.0000	0.0000	0.0000	0.0000	0.0000	0.0000	0.0000	0.0000	0.0000	0.0000	0.0000	0.0000	0.0000	0.0000	0.0000	0.0000	0.0000	0.0000	0.0000	0.0000	0.0000	0.0000	0.0000	0.0000	0.0000	0.0000	0.0000	0.0000	0.0000	0.0000	0.0000	0.0000	0.0000	0.0000	0.0000	0.0000	0.0000	0.0000	0.0000											
51	52	0.1519	4	1	1	0	0	0	0	0	0	N	N	N	N	N	N	N	N	N	N	N	N	0.0000	0.0000	0.0000	0.0000	0.0000	0.0000	0.0000	0.0000	0.0000	0.0000	0.0000	0.0000	0.0000	0.0000	0.0000	0.0980	0.2515	0.0000	0.1387	0.1466	0.0000	0.0912	1.4934	0.0000	0.0000	0.0000	-0.0039	1.0000	3.0179	3.0000	1.1627	0.0000	0.0000	0.0000	0.0000	0.0000	0.0000	0.0000	0.0000	0.0000	0.0052	0.0052	0.0000	0.0010	0.0010	0.0000	0.0042	0.0042	0.0000	0.0620	0.0550	0.0070	0.0196	0.0186	0.0010	0.0425	0.0364	0.0061	0.0532	0.0207	0.0325	0.0076	0.0072	0.0004	0.0456	0.0136	0.0321	0.0000	0.0000	0.0000	0.0000	0.0000	0.0000	0.0000	0.0000	0.0000	0.0980	0.2515	0.0000	0.1387	0.1466	0.0000	0.0912	0.3070	0.0000				
51	54	0.1519	4	1	2	0	0	0	0	0	0	N	Y	N	N	N	N	N	N	N	N	N	N	0.0000	0.0000	0.0000	0.0000	0.0000	0.0000	0.0000	0.0000	0.0000	0.0000	0.0000	0.0000	0.0000	0.0000	0.0000	0.0547	0.1666	0.0000	0.1083	0.1203	0.0000	0.0497	1.3378	0.0000	0.0000	0.0000	-0.0038	1.0000	2.0683	3.0000	6.9961	0.0000	0.0000	0.0000	0.0000	0.0000	0.0000	0.0000	0.0000	0.0000	0.0050	0.0050	0.0000	0.0009	0.0009	0.0000	0.0042	0.0042	0.0000	0.0441	0.0391	0.0050	0.0146	0.0139	0.0008	0.0295	0.0253	0.0042	0.0916	0.0301	0.0615	0.0079	0.0071	0.0008	0.0837	0.0230	0.0607	0.0000	0.0000	0.0000	0.0000	0.0000	0.0000	0.0000	0.0000	0.0000	0.0547	0.1666	0.0000	0.1083	0.1203	0.0000	0.0497	0.1808	0.0000				
51	55	0.0953	3	1	1	0	0	0	0	0	0	N	N	N	N	N	N	N	N	N	N	N	N	0.0000	0.0000	0.0000	0.0000	0.0000	0.0000	0.0000	0.0000	0.0000	0.0000	0.0000	0.0000	0.0000	0.0000	0.0000	12.6619	37.8586	0.0168	0.0000	0.0000	0.0000	14.8963	53.6001	0.0182	0.0009	0.0000	-0.7452	1.0000	3.9265	3.0000	5.0808	0.0000	0.0000	0.0000	0.0000	0.0000	0.0000	0.0000	0.0000	0.0000	0.9962	0.9953	0.0009	0.0000	0.0000	0.0000	0.9962	0.9953	0.0009	0.0756	0.0669	0.0086	0.0220	0.0209	0.0011	0.0535	0.0460	0.0075	0.0787	0.0263	0.0524	0.0118	0.0077	0.0041	0.0669	0.0186	0.0483	0.0000	0.0000	0.0000	0.0000	0.0000	0.0000	0.0000	0.0000	0.0000	12.6619	37.8586	0.0168	0.0000	0.0000	0.0000	14.8963	53.6001	0.0182				
51	57	0.2304	8	1	2	0	0	0	0	0	0	N	Y	N	N	N	N	N	N	N	N	N	N	0.0000	0.0000	0.0000	0.0000	0.0000	0.0000	0.0000	0.0000	0.0000	0.0000	0.0000	0.0000	0.0000	0.0000	0.0000	0.0050	0.0112	0.0000	0.0250	0.0264	0.0000	0.0002	0.0166	0.0000	0.0000	0.0000	-0.0005	1.0000	9.7645	3.0000	7.4558	0.0000	0.0000	0.0000	0.0000	0.0000	0.0000	0.0000	0.0000	0.0000	0.0006	0.0006	0.0000	0.0006	0.0006	0.0000	0.0000	0.0000	0.0000	0.2012	0.1815	0.0197	0.0856	0.0812	0.0043	0.1156	0.1002	0.0154	0.1228	0.0543	0.0685	0.0236	0.0223	0.0013	0.0991	0.0319	0.0672	0.0000	0.0000	0.0000	0.0000	0.0000	0.0000	0.0000	0.0000	0.0000	0.0050	0.0112	0.0000	0.0250	0.0264	0.0000	0.0002	0.0006	0.0000				
51	58	0.2860	9	1	1	1	0	0	0	0	0	N	N	N	N	N	N	N	N	N	N	N	N	0.0000	0.0000	0.0000	0.0000	0.0000	0.0000	0.0000	0.0000	0.0000	0.0000	0.0000	0.0000	0.0000	0.0000	0.0000	0.0000	0.0000	0.0000	0.0000	0.0000	1.0000	1.0009	3.0000	0.0163	0.0000	0.0000	0.0000	0.0000	0.0000	0.0000	0.0000	0.0000	0.0000	0.0000	0.0000	0.0000	0.0000	0.0000	0.0000	0.0000	0.0000	0.0000	0.0263	0.0238	0.0025	0.0159	0.0149	0.0010	0.0105	0.0089	0.0015	0.0067	0.0032	0.0035	0.0015	0.0014	0.0001	0.0052	0.0018	0.0034	0.0000	0.0000	0.0000	0.0000	0.0000	0.0000	0.0000	0.0000	0.0000	0.0000	0.0000	0.0000	0.0000	0.0000	0.0000	0.0000	0.0000	0.0000											
51	59	0.2706	8	1	1	0	0	0	0	0	0	N	N	N	N	N	N	N	N	N	N	N	N	0.0000	0.0000	0.0000	0.0000	0.0000	0.0000	0.0000	0.0000	0.0000	0.0000	0.0000	0.0000	0.0000	0.0000	0.0000	0.0000	0.0000	0.0000	0.0000	0.0000	1.0000	1.9961	3.0000	0.0521	0.0000	0.0000	0.0000	0.0000	0.0000	0.0000	0.0000	0.0000	0.0000	0.0000	0.0000	0.0000	0.0000	0.0000	0.0000	0.0000	0.0000	0.0000	0.0497	0.0448	0.0049	0.0276	0.0259	0.0017	0.0221	0.0189	0.0031	0.0136	0.0062	0.0074	0.0029	0.0027	0.0002	0.0108	0.0035	0.0072	0.0000	0.0000	0.0000	0.0000	0.0000	0.0000	0.0000	0.0000	0.0000	0.0000	0.0000	0.0000	0.0000	0.0000	0.0000	0.0000	0.0000	0.0000											
51	60	0.2629	7	1	1	0	0	0	0	0	0	N	N	N	N	N	N	N	N	N	N	N	N	0.0000	0.0000	0.0000	0.0000	0.0000	0.0000	0.0000	0.0000	0.0000	0.0000	0.0000	0.0000	0.0000	0.0000	0.0000	0.0000	0.0000	0.0000	0.0000	0.0000	1.0000	0.0081	3.0000	1.0507	0.0000	0.0000	0.0000	0.0000	0.0000	0.0000	0.0000	0.0000	0.0000	0.0000	0.0000	0.0000	0.0000	0.0000	0.0000	0.0000	0.0000	0.0000	0.0003	0.0003	0.0000	0.0002	0.0002	0.0000	0.0001	0.0001	0.0000	0.0073	0.0034	0.0039	0.0016	0.0015	0.0001	0.0057	0.0019	0.0039	0.0000	0.0000	0.0000	0.0000	0.0000	0.0000	0.0000	0.0000	0.0000	0.0000	0.0000	0.0000	0.0000	0.0000	0.0000	0.0000	0.0000	0.0000											
51	61	0.2141	6	1	1	0	0	0	0	0	0	N	N	N	N	N	N	N	N	N	N	N	N	0.0000	0.0000	0.0000	0.0000	0.0000	0.0000	0.0000	0.0000	0.0000	0.0000	0.0000	0.0000	0.0000	0.0000	0.0000	0.0169	0.0389	0.0000	0.0111	0.0114	0.0000	0.0186	0.9252	0.0000	0.0000	0.0000	-0.0008	1.0000	3.0167	3.0000	3.2580	0.0000	0.0000	0.0000	0.0000	0.0000	0.0000	0.0000	0.0000	0.0000	0.0011	0.0011	0.0000	0.0002	0.0002	0.0000	0.0009	0.0009	0.0000	0.0714	0.0644	0.0069	0.0331	0.0315	0.0016	0.0383	0.0329	0.0054	0.0634	0.0275	0.0359	0.0145	0.0140	0.0005	0.0490	0.0135	0.0354	0.0000	0.0000	0.0000	0.0000	0.0000	0.0000	0.0000	0.0000	0.0000	0.0169	0.0389	0.0000	0.0111	0.0114	0.0000	0.0186	0.0673	0.0000				
51	62	0.1393	5	1	2	0	0	0	0	0	0	N	Y	N	N	N	N	N	N	N	N	N	N	0.0000	0.0000	0.0000	0.0000	0.0000	0.0000	0.0000	0.0000	0.0000	0.0000	0.0000	0.0000	0.0000	0.3160	0.7753	0.0000	1.1460	1.4085	0.0000	0.0000	0.0000	0.0000	0.0000	0.0000	-0.0170	1.0000	3.3327	3.0000	4.3103	0.0000	0.0000	0.0000	0.0000	0.0000	0.0000	0.0000	0.0000	0.0000	0.0227	0.0227	0.0000	0.0227	0.0227	0.0000	0.0000	0.0000	0.0000	0.1068	0.0966	0.0102	0.0621	0.0586	0.0036	0.0447	0.0380	0.0066	0.0720	0.0293	0.0427	0.0199	0.0162	0.0037	0.0522	0.0132	0.0390	0.0000	0.0000	0.0000	0.0000	0.0000	0.0000	0.0000	0.0000	0.0000	0.3160	0.7753	0.0000	1.1460	1.4085	0.0000	0.0000	0.0000	0.0000						
51	63	0.1153	4	1	1	0	0	0	0	0	0	N	N	N	N	N	N	N	N	N	N	N	N	0.0000	0.0000	0.0000	0.0000	0.0000	0.0000	0.0000	0.0000	0.0000	0.0000	0.0000	0.0000	0.0000	0.0000	0.0000	0.0000	0.0000	0.4334	0.0028	0.7197	0.0023	0.0029	0.0000	0.5759	0.1255	0.7921	381.5398	0.0000	0.0057	1.0000	3.2669	3.0000	2.4507	0.0000	0.0000	0.0000	0.0000	0.0000	0.0000	0.0000	0.0000	0.0000	0.0228	0.0001	0.0227	0.0000	0.0000	0.0000	0.0227	0.0000	0.0227	0.1114	0.1015	0.0099	0.0634	0.0603	0.0031	0.0479	0.0412	0.0067	0.0526	0.0210	0.0316	0.0131	0.0102	0.0029	0.0395	0.0108	0.0287	0.0000	0.0000	0.0000	0.0000	0.0000	0.0000	0.0000	0.0000	0.0000	0.4334	0.0028	0.7197	0.0023	0.0029	0.0000	0.5759	0.0028	0.7921		
51	64	0.0587	4	2	1	1	0	0	0	0	0	Y	N	N	N	N	N	N	N	N	N	N	N	0.0000	0.0000	0.0000	0.0000	0.0000	0.0000	0.0000	0.0000	0.0000	0.0000	0.0000	0.0000	0.0000	0.0000	0.0000	0.0000	0.0000	0.0000	0.0000	0.0000	1.0000	0.0000	3.0000	1.0000	0.0000	0.0000	0.0000	0.0000	0.0000	0.0000	0.0000	0.0000	0.0000	0.0000	0.0000	0.0000	0.0000	0.0000	0.0000	0.0000	0.0000	0.0000	0.0000	0.0000	0.0000	0.0000	0.0000	0.0000	0.0000	0.0000	0.0000	0.0110	0.0026	0.0084	0.0000	0.0000	0.0000	0.0110	0.0026	0.0084	0.0000	0.0000	0.0000	0.0000	0.0000	0.0000	0.0000	0.0000	0.0000	0.0000	0.0000	0.0000	0.0000	0.0000	0.0000	0.0000	0.0000	0.0000											
51	65	0.0587	3	2	1	1	0	0	0	0	0	Y	N	N	N	N	N	N	N	N	N	N	N	0.0000	0.0000	0.0000	0.0000	0.0000	0.0000	0.0000	0.0000	0.0000	0.0000	0.0000	0.0000	0.0000	0.0000	0.0000	0.0000	0.0000	0.0000	0.0000	0.0000	1.0000	0.0000	3.0000	0.0001	0.0000	0.0000	0.0000	0.0000	0.0000	0.0000	0.0000	0.0000	0.0000	0.0000	0.0000	0.0000	0.0000	0.0000	0.0000	0.0000	0.0000	0.0000	0.0000	0.0000	0.0000	0.0000	0.0000	0.0000	0.0000	0.0000	0.0000	0.0000	0.0000	0.0000	0.0000	0.0000	0.0000	0.0000	0.0000	0.0000	0.0000	0.0000	0.0000	0.0000	0.0000	0.0000	0.0000	0.0000	0.0000	0.0000	0.0000	0.0000	0.0000	0.0000	0.0000	0.0000	0.0000	0.0000											
51	66	0.0464	2	2	1	1	0	0	0	0	0	Y	N	N	N	N	N	N	N	N	N	N	N	0.0000	0.0000	0.0000	0.0000	0.0000	0.0000	0.0000	0.0000	0.0000	0.0000	0.0000	0.0000	0.0000	0.0003	0.0011	0.0000	0.0027	0.0027	0.0000	0.0000	0.0000	0.0000	0.0000	0.0000	-0.0000	1.0000	1.9720	3.0000	0.0923	0.0000	0.0000	0.0000	0.0000	0.0000	0.0000	0.0000	0.0000	0.0000	0.0000	0.0000	0.0000	0.0000	0.0000	0.0000	0.0000	0.0000	0.0000	0.0365	0.0315	0.0050	0.0049	0.0046	0.0003	0.0316	0.0269	0.0047	0.0293	0.0090	0.0203	0.0037	0.0037	0.0000	0.0256	0.0053	0.0203	0.0000	0.0000	0.0000	0.0000	0.0000	0.0000	0.0000	0.0000	0.0000	0.0003	0.0011	0.0000	0.0027	0.0027	0.0000	0.0000	0.0000	0.0000						
51	68	0.1728	5	1	2	0	1	0	0	0	0	N	Y	N	N	N	N	N	N	N	N	N	N	0.0000	0.0000	0.0000	0.0000	0.0000	0.0000	0.0000	0.0000	0.0000	0.0000	0.0000	0.0000	0.0000	0.3460	0.9570	0.0000	3.0637	3.1572	0.0000	0.0000	0.0000	0.0000	0.0000	0.0000	-0.0168	1.0000	2.7513	3.0000	4.0954	0.0000	0.0000	0.0000	0.0000	0.0000	0.0000	0.0000	0.0000	0.0000	0.0224	0.0224	0.0000	0.0224	0.0224	0.0000	0.0000	0.0000	0.0000	0.0693	0.0627	0.0066	0.0349	0.0331	0.0018	0.0344	0.0296	0.0048	0.0647	0.0234	0.0413	0.0073	0.0071	0.0002	0.0574	0.0163	0.0411	0.0000	0.0000	0.0000	0.0000	0.0000	0.0000	0.0000	0.0000	0.0000	0.3460	0.9570	0.0000	3.0637	3.1572	0.0000	0.0000	0.0000	0.0000						
51	69	0.0953	3	1	2	0	0	0	0	0	0	N	Y	N	N	N	N	N	N	N	N	N	N	0.0000	0.0000	0.0000	0.0000	0.0000	0.0000	0.0000	0.0000	0.0000	0.0000	0.0000	0.0000	0.0000	0.0000	0.0000	0.0000	0.0000	0.0000	0.0000	0.0000	1.0000	9.9334	3.0000	8.9999	0.0000	0.0000	0.0000	0.0000	0.0000	0.0000	0.0000	0.0000	0.0000	0.0000	0.0000	0.0000	0.0000	0.0000	0.0000	0.0000	0.0000	0.0000	0.1681	0.1486	0.0195	0.0418	0.0395	0.0024	0.1263	0.1092	0.0171	0.1414	0.0476	0.0938	0.0200	0.0128	0.0072	0.1214	0.0348	0.0866	0.0000	0.0000	0.0000	0.0000	0.0000	0.0000	0.0000	0.0000	0.0000	0.0000	0.0000	0.0000	0.0000	0.0000	0.0000	0.0000	0.0000	0.0000											
51	70	0.0953	3	1	2	0	0	0	0	0	0	N	Y	N	N	N	N	N	N	N	N	N	N	0.0000	0.0000	0.0000	0.0000	0.0000	0.0000	0.0000	0.0000	0.0000	0.0000	0.0000	0.0000	0.0000	25.9331	0.0000	38.8978	0.0000	0.0000	0.0000	30.6765	0.0000	42.2004	inf	0.0000	0.2511	1.0000	0.0666	3.0000	4.0001	0.0000	0.0000	0.0000	0.0000	0.0000	0.0000	0.0000	0.0000	0.0000	1.0000	0.0000	1.0000	0.0000	0.0000	0.0000	1.0000	0.0000	1.0000	0.0066	0.0064	0.0002	0.0056	0.0056	0.0001	0.0010	0.0008	0.0001	0.0386	0.0129	0.0257	0.0060	0.0040	0.0020	0.0326	0.0089	0.0237	0.0000	0.0000	0.0000	0.0000	0.0000	0.0000	0.0000	0.0000	0.0000	25.9331	0.0000	38.8978	0.0000	0.0000	0.0000	30.6765	0.0000	42.2004						
51	74	0.1153	4	1	2	0	0	0	0	0	0	N	Y	N	N	N	N	N	N	N	N	N	N	0.0000	0.0000	0.0000	0.0000	0.0000	0.0000	0.0000	0.0000	0.0000	0.0000	0.0000	0.0000	0.0000	0.0005	0.0013	0.0000	0.0021	0.0028	0.0000	0.0000	0.0000	0.0000	0.0000	0.0000	-0.0000	1.0000	1.8678	3.0000	4.6278	0.0000	0.0000	0.0000	0.0000	0.0000	0.0000	0.0000	0.0000	0.0000	0.0000	0.0000	0.0000	0.0000	0.0000	0.0000	0.0000	0.0000	0.0000	0.0877	0.0806	0.0071	0.0566	0.0539	0.0027	0.0311	0.0267	0.0044	0.0578	0.0228	0.0350	0.0140	0.0108	0.0032	0.0438	0.0120	0.0318	0.0000	0.0000	0.0000	0.0000	0.0000	0.0000	0.0000	0.0000	0.0000	0.0005	0.0013	0.0000	0.0021	0.0028	0.0000	0.0000	0.0000	0.0000						
51	75	0.0953	3	1	1	0	0	0	0	0	0	N	N	N	N	N	N	N	N	N	N	N	N	0.0000	0.0000	0.0000	0.0000	0.0000	0.0000	0.0000	0.0000	0.0000	0.0000	0.0000	0.0000	0.0000	0.0006	0.0000	0.0009	0.0000	0.0000	0.0000	0.0007	0.0000	0.0010	inf	0.0000	0.0000	1.0000	4.7010	3.0000	0.6064	0.0000	0.0000	0.0000	0.0000	0.0000	0.0000	0.0000	0.0000	0.0000	0.0000	0.0000	0.0000	0.0000	0.0000	0.0000	0.0000	0.0000	0.0000	0.0884	0.0782	0.0102	0.0249	0.0236	0.0013	0.0635	0.0546	0.0089	0.0493	0.0164	0.0328	0.0076	0.0050	0.0026	0.0417	0.0114	0.0303	0.0000	0.0000	0.0000	0.0000	0.0000	0.0000	0.0000	0.0000	0.0000	0.0006	0.0000	0.0009	0.0000	0.0000	0.0000	0.0007	0.0000	0.0010						
51	78	0.2189	7	2	2	0	1	0	0	0	0	Y	Y	N	N	N	N	N	N	N	N	N	N	0.0000	0.0000	0.0000	0.0000	0.0000	0.0000	0.0000	0.0000	0.0000	0.0000	0.0000	0.0000	0.0000	0.0011	0.0037	0.0000	0.0129	0.0206	0.0000	0.0000	0.0000	0.0000	0.0000	0.0000	-0.0000	1.0000	1.0000	3.0000	2.0144	0.0000	0.0000	0.0000	0.0000	0.0000	0.0000	0.0000	0.0000	0.0000	0.0000	0.0000	0.0000	0.0000	0.0000	0.0000	0.0000	0.0000	0.0000	0.0209	0.0186	0.0022	0.0081	0.0077	0.0004	0.0128	0.0110	0.0018	0.0264	0.0081	0.0184	0.0023	0.0015	0.0009	0.0241	0.0066	0.0175	0.0000	0.0000	0.0000	0.0000	0.0000	0.0000	0.0000	0.0000	0.0000	0.0011	0.0037	0.0000	0.0129	0.0206	0.0000	0.0000	0.0000	0.0000						
51	79	0.1967	6	2	2	0	1	0	0	0	0	Y	Y	N	N	N	N	N	N	N	N	N	N	0.0000	0.0000	0.0000	0.0000	0.0000	0.0000	0.0000	0.0000	0.0000	0.0000	0.0000	0.0000	0.0000	0.0011	0.0000	0.0016	0.0000	0.0000	0.0000	0.0012	0.0000	0.0017	inf	0.0000	0.0000	1.0000	0.0001	3.0000	3.0180	0.0000	0.0000	0.0000	0.0000	0.0000	0.0000	0.0000	0.0000	0.0000	0.0000	0.0000	0.0000	0.0000	0.0000	0.0000	0.0000	0.0000	0.0000	0.0000	0.0000	0.0000	0.0000	0.0000	0.0000	0.0000	0.0000	0.0000	0.0263	0.0079	0.0184	0.0021	0.0013	0.0008	0.0242	0.0066	0.0175	0.0000	0.0000	0.0000	0.0000	0.0000	0.0000	0.0000	0.0000	0.0000	0.0011	0.0000	0.0016	0.0000	0.0000	0.0000	0.0012	0.0000	0.0017						
51	80	0.2187	8	1	2	0	1	0	0	0	0	N	Y	N	N	N	N	N	N	N	N	N	N	0.0000	0.0000	0.0000	0.0000	0.0000	0.0000	0.0000	0.0000	0.0000	0.0000	0.0000	0.0000	0.0000	0.0000	0.0000	0.0000	0.0000	0.0000	0.0000	0.0000	1.0000	0.0000	3.0000	0.0000	0.0000	0.0000	0.0000	0.0000	0.0000	0.0000	0.0000	0.0000	0.0000	0.0000	0.0000	0.0000	0.0000	0.0000	0.0000	0.0000	0.0000	0.0000	0.0000	0.0000	0.0000	0.0000	0.0000	0.0000	0.0000	0.0000	0.0000	0.0000	0.0000	0.0000	0.0000	0.0000	0.0000	0.0000	0.0000	0.0000	0.0000	0.0000	0.0000	0.0000	0.0000	0.0000	0.0000	0.0000	0.0000	0.0000	0.0000	0.0000	0.0000	0.0000	0.0000	0.0000	0.0000	0.0000											
51	81	0.1967	6	1	1	1	1	0	0	0	0	N	N	N	N	N	N	N	N	N	N	N	N	0.0000	0.0000	0.0000	0.0000	0.0000	0.0000	0.0000	0.0000	0.0000	0.0000	0.0000	0.0000	0.0000	0.0000	0.0000	0.0000	0.0000	0.0000	0.0000	0.0000	1.0000	2.0000	3.0000	0.0000	0.0000	0.0000	0.0000	0.0000	0.0000	0.0000	0.0000	0.0000	0.0000	0.0000	0.0000	0.0000	0.0000	0.0000	0.0000	0.0000	0.0000	0.0000	0.0410	0.0366	0.0044	0.0157	0.0148	0.0008	0.0253	0.0217	0.0036	0.0177	0.0053	0.0124	0.0014	0.0008	0.0006	0.0163	0.0045	0.0118	0.0000	0.0000	0.0000	0.0000	0.0000	0.0000	0.0000	0.0000	0.0000	0.0000	0.0000	0.0000	0.0000	0.0000	0.0000	0.0000	0.0000	0.0000											
51	82	0.1967	6	1	1	1	1	0	0	0	0	N	N	N	N	N	N	N	N	N	N	N	N	0.0000	0.0000	0.0000	0.0000	0.0000	0.0000	0.0000	0.0000	0.0000	0.0000	0.0000	0.0000	0.0000	0.0000	0.0000	0.0000	0.0000	0.0000	0.0000	0.0000	1.0000	0.0000	3.0000	4.0000	0.0000	0.0000	0.0000	0.0000	0.0000	0.0000	0.0000	0.0000	0.0000	0.0000	0.0000	0.0000	0.0000	0.0000	0.0000	0.0000	0.0000	0.0000	0.0000	0.0000	0.0000	0.0000	0.0000	0.0000	0.0000	0.0000	0.0000	0.0343	0.0104	0.0239	0.0027	0.0017	0.0011	0.0315	0.0087	0.0228	0.0000	0.0000	0.0000	0.0000	0.0000	0.0000	0.0000	0.0000	0.0000	0.0000	0.0000	0.0000	0.0000	0.0000	0.0000	0.0000	0.0000	0.0000											
51	83	0.2187	8	1	1	1	1	0	0	0	0	N	N	N	N	N	N	N	N	N	N	N	N	0.0000	0.0000	0.0000	0.0000	0.0000	0.0000	0.0000	0.0000	0.0000	0.0000	0.0000	0.0000	0.0000	0.0000	0.0000	0.0000	0.0000	0.0000	0.0000	0.0000	1.0000	0.0000	3.0000	2.0000	0.0000	0.0000	0.0000	0.0000	0.0000	0.0000	0.0000	0.0000	0.0000	0.0000	0.0000	0.0000	0.0000	0.0000	0.0000	0.0000	0.0000	0.0000	0.0000	0.0000	0.0000	0.0000	0.0000	0.0000	0.0000	0.0000	0.0000	0.0175	0.0051	0.0124	0.0012	0.0006	0.0006	0.0163	0.0045	0.0118	0.0000	0.0000	0.0000	0.0000	0.0000	0.0000	0.0000	0.0000	0.0000	0.0000	0.0000	0.0000	0.0000	0.0000	0.0000	0.0000	0.0000	0.0000											
51	84	0.2114	7	1	1	0	1	0	0	0	0	N	N	N	N	N	N	N	N	N	N	N	N	0.0000	0.0000	0.0000	0.0000	0.0000	0.0000	0.0000	0.0000	0.0000	0.0000	0.0000	0.0000	0.0000	0.0000	0.0000	0.0000	0.0000	0.0000	0.0000	0.0000	1.0000	1.0000	3.0000	0.0015	0.0000	0.0000	0.0000	0.0000	0.0000	0.0000	0.0000	0.0000	0.0000	0.0000	0.0000	0.0000	0.0000	0.0000	0.0000	0.0000	0.0000	0.0000	0.0209	0.0186	0.0022	0.0081	0.0077	0.0004	0.0128	0.0110	0.0018	0.0091	0.0027	0.0064	0.0008	0.0004	0.0003	0.0084	0.0023	0.0061	0.0000	0.0000	0.0000	0.0000	0.0000	0.0000	0.0000	0.0000	0.0000	0.0000	0.0000	0.0000	0.0000	0.0000	0.0000	0.0000	0.0000	0.0000											
51	85	0.1967	6	1	1	0	1	0	0	0	0	N	N	N	N	N	N	N	N	N	N	N	N	0.0000	0.0000	0.0000	0.0000	0.0000	0.0000	0.0000	0.0000	0.0000	0.0000	0.0000	0.0000	0.0000	0.0000	0.0000	0.0000	0.0000	0.0000	0.0000	0.0000	1.0000	0.0000	3.0000	2.0013	0.0000	0.0000	0.0000	0.0000	0.0000	0.0000	0.0000	0.0000	0.0000	0.0000	0.0000	0.0000	0.0000	0.0000	0.0000	0.0000	0.0000	0.0000	0.0000	0.0000	0.0000	0.0000	0.0000	0.0000	0.0000	0.0000	0.0000	0.0177	0.0053	0.0124	0.0014	0.0009	0.0006	0.0163	0.0045	0.0118	0.0000	0.0000	0.0000	0.0000	0.0000	0.0000	0.0000	0.0000	0.0000	0.0000	0.0000	0.0000	0.0000	0.0000	0.0000	0.0000	0.0000	0.0000											
51	86	0.2366	6	2	2	0	0	0	0	0	0	Y	Y	N	N	N	N	N	N	N	N	N	N	0.0000	0.0000	0.0000	0.0000	0.0000	0.0000	0.0000	0.0000	0.0000	0.0000	0.0000	0.0000	0.0000	0.0020	0.0041	0.0000	0.0061	0.0064	0.0000	0.0000	0.0000	0.0000	0.0000	0.0000	-0.0000	1.0000	0.0007	3.0000	0.9812	0.0000	0.0000	0.0000	0.0000	0.0000	0.0000	0.0000	0.0000	0.0000	0.0000	0.0000	0.0000	0.0000	0.0000	0.0000	0.0000	0.0000	0.0000	0.0000	0.0000	0.0000	0.0000	0.0000	0.0000	0.0000	0.0000	0.0000	0.0203	0.0098	0.0104	0.0066	0.0063	0.0003	0.0137	0.0035	0.0101	0.0000	0.0000	0.0000	0.0000	0.0000	0.0000	0.0000	0.0000	0.0000	0.0020	0.0041	0.0000	0.0061	0.0064	0.0000	0.0000	0.0000	0.0000						
51	87	0.1808	5	2	2	0	0	0	0	0	0	Y	Y	N	N	N	N	N	N	N	N	N	N	0.0000	0.0000	0.0000	0.0000	0.0000	0.0000	0.0000	0.0000	0.0000	0.0000	0.0000	0.0000	0.0000	0.0000	0.0000	0.0000	0.0000	0.0084	0.0249	0.0010	0.0899	0.1413	0.0000	0.0007	0.0000	0.0010	0.0869	0.0000	-0.0003	1.0000	5.0272	3.0000	2.1572	0.0000	0.0000	0.0000	0.0000	0.0000	0.0000	0.0000	0.0000	0.0000	0.0005	0.0005	0.0000	0.0005	0.0005	0.0000	0.0000	0.0000	0.0000	0.1019	0.0913	0.0106	0.0400	0.0381	0.0019	0.0619	0.0532	0.0086	0.0595	0.0185	0.0410	0.0051	0.0033	0.0019	0.0544	0.0152	0.0392	0.0000	0.0000	0.0000	0.0000	0.0000	0.0000	0.0000	0.0000	0.0000	0.0084	0.0249	0.0010	0.0899	0.1413	0.0000	0.0007	0.0000	0.0010		
51	88	0.2340	7	1	2	0	0	0	0	0	0	N	Y	N	N	N	N	N	N	N	N	N	N	0.0000	0.0000	0.0000	0.0000	0.0000	0.0000	0.0000	0.0000	0.0000	0.0000	0.0000	0.0000	0.0000	0.0000	0.0000	0.0000	0.0000	0.0000	0.0000	0.0000	1.0000	0.0000	3.0000	4.0000	0.0000	0.0000	0.0000	0.0000	0.0000	0.0000	0.0000	0.0000	0.0000	0.0000	0.0000	0.0000	0.0000	0.0000	0.0000	0.0000	0.0000	0.0000	0.0000	0.0000	0.0000	0.0000	0.0000	0.0000	0.0000	0.0000	0.0000	0.0345	0.0107	0.0237	0.0037	0.0025	0.0012	0.0307	0.0082	0.0225	0.0000	0.0000	0.0000	0.0000	0.0000	0.0000	0.0000	0.0000	0.0000	0.0000	0.0000	0.0000	0.0000	0.0000	0.0000	0.0000	0.0000	0.0000											
51	89	0.1967	6	1	2	0	0	0	0	0	0	N	Y	N	N	N	N	N	N	N	N	N	N	0.0000	0.0000	0.0000	0.0000	0.0000	0.0000	0.0000	0.0000	0.0000	0.0000	0.0000	0.0000	0.0000	0.0000	0.0000	0.0000	0.0000	0.0000	0.0000	0.0000	1.0000	3.0000	3.0000	2.0000	0.0000	0.0000	0.0000	0.0000	0.0000	0.0000	0.0000	0.0000	0.0000	0.0000	0.0000	0.0000	0.0000	0.0000	0.0000	0.0000	0.0000	0.0000	0.0602	0.0538	0.0065	0.0227	0.0215	0.0012	0.0375	0.0322	0.0053	0.0422	0.0128	0.0294	0.0034	0.0020	0.0013	0.0388	0.0107	0.0281	0.0000	0.0000	0.0000	0.0000	0.0000	0.0000	0.0000	0.0000	0.0000	0.0000	0.0000	0.0000	0.0000	0.0000	0.0000	0.0000	0.0000	0.0000											
51	90	0.1967	6	2	2	0	0	0	0	0	0	Y	Y	N	N	N	N	N	N	N	N	N	N	1.0300	0.0000	inf	1.5346	0.0000	inf	24.4129	0.0000	226.9247	0.0000	0.0000	0.0000	39.5378	0.0000	279.1108	23.7013	78.2173	0.0000	0.0000	0.0000	0.0000	25.7637	93.0331	0.0000	inf	0.0000	0.8022	-0.7489	1.0000	2.0000	3.0000	3.0000	1.0000	0.0000	1.0000	0.0000	0.0000	0.0000	1.0000	0.0000	1.0000	1.0000	1.0000	0.0000	0.0000	0.0000	0.0000	1.0000	1.0000	0.0000	0.0410	0.0366	0.0044	0.0157	0.0148	0.0008	0.0253	0.0217	0.0036	0.0422	0.0128	0.0294	0.0034	0.0020	0.0013	0.0388	0.0107	0.0281	1.0300	0.0000	inf	0.0000	0.0000	0.0000	1.5346	0.0000	inf	23.7013	78.2173	0.0000	0.0000	0.0000	0.0000	25.7637	93.0331	0.0000			
51	91	0.1808	5	1	1	0	0	0	0	0	0	N	N	N	N	N	N	N	N	N	N	N	N	0.0000	0.0000	0.0000	0.0000	0.0000	0.0000	0.0000	0.0000	0.0000	0.0000	0.0000	0.0000	0.0000	0.0154	0.0483	0.0000	0.1535	0.2211	0.0000	0.0000	0.0000	0.0000	0.0000	0.0000	-0.0002	1.0000	2.0705	3.0000	0.0351	0.0000	0.0000	0.0000	0.0000	0.0000	0.0000	0.0000	0.0000	0.0000	0.0003	0.0003	0.0000	0.0003	0.0003	0.0000	0.0000	0.0000	0.0000	0.0478	0.0431	0.0047	0.0213	0.0204	0.0009	0.0265	0.0227	0.0038	0.0195	0.0062	0.0133	0.0020	0.0014	0.0006	0.0176	0.0049	0.0127	0.0000	0.0000	0.0000	0.0000	0.0000	0.0000	0.0000	0.0000	0.0000	0.0154	0.0483	0.0000	0.1535	0.2211	0.0000	0.0000	0.0000	0.0000						
51	92	0.1554	4	1	1	0	0	0	0	0	0	N	N	N	N	N	N	N	N	N	N	N	N	0.0000	0.0000	0.0000	0.0000	0.0000	0.0000	0.0000	0.0000	0.0000	0.0000	0.0000	0.0000	0.0000	0.0000	0.0000	0.0000	0.0000	0.0000	0.0807	0.1938	0.0185	0.5121	0.6471	0.0009	0.0150	0.1983	0.0193	0.1735	0.0000	-0.0017	1.0000	3.4249	3.0000	0.1413	0.0000	0.0000	0.0000	0.0000	0.0000	0.0000	0.0000	0.0000	0.0000	0.0028	0.0024	0.0004	0.0024	0.0024	0.0000	0.0005	0.0000	0.0004	0.0928	0.0843	0.0085	0.0486	0.0462	0.0024	0.0442	0.0381	0.0061	0.0352	0.0125	0.0227	0.0046	0.0037	0.0010	0.0306	0.0088	0.0217	0.0000	0.0000	0.0000	0.0000	0.0000	0.0000	0.0000	0.0000	0.0000	0.0807	0.1938	0.0185	0.5121	0.6471	0.0003	0.0150	0.0045	0.0193	
51	98	0.2922	9	1	1	0	0	0	0	0	0	N	N	N	N	N	N	N	N	N	N	N	N	0.0528	0.0320	0.0349	0.0349	0.0000	0.0000	0.0059	0.0065	0.0000	0.0109	0.0115	0.0000	0.0000	0.0000	0.0000	0.1115	0.2022	0.0000	0.3118	0.3305	0.0000	0.0143	0.7947	0.0000	0.0000	0.0000	-0.0002	-0.0126	1.0000	4.9999	3.0000	9.0821	0.0008	0.0008	0.0000	0.0008	0.0008	0.0000	0.0000	0.0000	0.0000	0.0168	0.0168	0.0000	0.0154	0.0154	0.0000	0.0014	0.0014	0.0000	0.1409	0.1282	0.0127	0.0763	0.0719	0.0044	0.0646	0.0564	0.0082	0.1507	0.0831	0.0676	0.0493	0.0465	0.0028	0.1015	0.0367	0.0648	0.0528	0.0320	0.0000	0.0349	0.0349	0.0000	0.0000	0.0000	0.0000	0.1115	0.2022	0.0000	0.3118	0.3305	0.0000	0.0143	0.0396	0.0000			
52	53	0.1544	4	1	1	1	0	0	0	0	0	N	N	N	N	N	N	N	N	N	N	N	N	0.0000	0.0000	0.0000	0.0000	0.0000	0.0000	0.0000	0.0000	0.0000	0.0000	0.0000	0.0000	0.0000	0.0000	0.0000	0.0000	0.0000	0.0000	0.0000	0.0000	3.0179	4.0000	1.1627	1.0000	0.0000	0.0000	0.0000	0.0000	0.0000	0.0000	0.0000	0.0000	0.0000	0.0000	0.0000	0.0000	0.0000	0.0000	0.0000	0.0000	0.0000	0.0000	0.2371	0.2103	0.0267	0.0732	0.0694	0.0038	0.1639	0.1409	0.0230	0.0652	0.0254	0.0398	0.0092	0.0088	0.0005	0.0560	0.0167	0.0393	0.0000	0.0000	0.0000	0.0000	0.0000	0.0000	0.0000	0.0000	0.0000	0.0000	0.0000	0.0000	0.0000	0.0000	0.0000	0.0000	0.0000	0.0000											
52	56	0.1544	4	1	0	1	0	0	0	0	0	N	N	N	N	N	N	N	N	N	N	N	N	0.0000	0.0000	0.0000	0.0000	0.0000	0.0000	0.0000	0.0000	0.0000	0.0000	0.0000	0.0000	0.0000	0.0035	0.0089	0.0000	0.0253	0.0267	0.0000	0.0000	0.0000	0.0000	0.0000	0.0000	-0.0003	3.0179	4.0000	1.1627	7.0000	0.0000	0.0000	0.0000	0.0000	0.0000	0.0000	0.0000	0.0000	0.0000	0.0005	0.0005	0.0000	0.0005	0.0005	0.0000	0.0000	0.0000	0.0000	0.2371	0.2103	0.0267	0.0732	0.0694	0.0038	0.1639	0.1409	0.0230	0.1286	0.0505	0.0780	0.0178	0.0169	0.0010	0.1108	0.0337	0.0771	0.0000	0.0000	0.0000	0.0000	0.0000	0.0000	0.0000	0.0000	0.0000	0.0035	0.0089	0.0000	0.0253	0.0267	0.0000	0.0000	0.0000	0.0000						
52	57	0.2191	7	0	1	0	0	0	0	0	0	N	N	N	N	N	N	N	N	N	N	N	N	0.1353	0.0727	1.2965	0.1946	0.1747	0.2380	0.0729	0.0009	0.3550	0.0078	0.0076	0.0096	0.0497	0.0465	0.1151	0.0003	0.0000	0.0023	0.0577	0.1041	0.0074	0.2555	0.2660	0.4836	0.0040	0.0035	0.0066	0.1596	0.0661	-0.0004	-0.0079	3.0179	9.7645	1.1627	7.4558	0.0059	0.0051	0.0008	0.0057	0.0051	0.0006	0.0002	0.0000	0.0002	0.0115	0.0108	0.0007	0.0109	0.0108	0.0001	0.0006	0.0000	0.0006	0.7526	0.6688	0.0838	0.1144	0.1089	0.0054	0.6382	0.5599	0.0783	0.1995	0.1037	0.0958	0.0426	0.0406	0.0020	0.1569	0.0631	0.0938	0.1353	0.0727	1.2965	0.1946	0.1747	2.4410	0.0729	0.0354	0.3550	0.0577	0.1041	0.0074	0.2555	0.2660	0.0472	0.0040	0.0001	0.0066
52	58	0.2747	8	0	0	1	0	0	0	0	0	N	N	N	N	N	N	N	N	N	N	N	N	0.0042	0.2936	0.0094	0.0075	0.3953	0.0001	0.0016	0.0075	0.0000	0.0000	0.0000	0.0000	0.0000	0.0000	0.0000	0.0000	0.0000	0.0005	0.0000	0.0009	0.0008	0.0000	0.3118	0.0004	0.0000	0.0006	1.0159	263.1667	0.0000	0.0000	3.0179	1.0009	1.1627	0.0163	0.0000	0.0000	0.0000	0.0000	0.0000	0.0000	0.0000	0.0000	0.0000	0.0000	0.0000	0.0000	0.0000	0.0000	0.0000	0.0000	0.0000	0.0000	0.1019	0.0897	0.0122	0.0248	0.0229	0.0019	0.0771	0.0668	0.0103	0.0120	0.0056	0.0063	0.0020	0.0019	0.0001	0.0100	0.0037	0.0063	0.0042	0.2936	0.0094	0.0075	0.3953	0.0010	0.0016	0.0000	0.0075	0.0005	0.0000	0.0009	0.0008	0.0000	0.0274	0.0004	0.0000	0.0006	
52	59	0.2593	7	0	0	0	0	0	0	0	0	N	N	N	N	N	N	N	N	N	N	N	N	0.6782	1.0130	0.0161	1.3236	1.6046	0.0013	0.0003	0.0015	0.0005	0.0005	0.0000	0.0023	0.0024	0.0001	0.0000	0.0000	0.0000	0.0007	0.0005	0.0008	0.0017	0.0015	0.0730	0.0005	0.0000	0.0008	0.0035	1.8678	-0.0000	-0.0000	3.0179	1.9961	1.1627	0.0521	0.0001	0.0001	0.0000	0.0001	0.0001	0.0000	0.0000	0.0000	0.0000	0.0000	0.0000	0.0000	0.0000	0.0000	0.0000	0.0000	0.0000	0.0000	0.1924	0.1693	0.0231	0.0398	0.0368	0.0030	0.1526	0.1325	0.0201	0.0239	0.0110	0.0129	0.0039	0.0038	0.0001	0.0200	0.0072	0.0128	0.6782	1.0130	0.0161	1.3236	1.6046	0.0122	0.0003	0.0000	0.0015	0.0007	0.0005	0.0008	0.0017	0.0015	0.0079	0.0005	0.0000	0.0008	
52	60	0.2515	6	0	0	0	0	0	0	0	0	N	N	N	N	N	N	N	N	N	N	N	N	0.3148	0.2346	1.2174	0.3959	0.2758	0.0763	0.0205	0.1131	0.0007	0.0004	0.0028	0.0023	0.0014	0.0209	0.0000	0.0000	0.0002	0.0021	0.0019	0.0023	0.0057	0.0052	0.2740	0.0014	0.0000	0.0022	0.6777	1.4501	0.0000	-0.0000	3.0179	0.0081	1.1627	1.0507	0.0000	0.0000	0.0000	0.0000	0.0000	0.0000	0.0000	0.0000	0.0000	0.0000	0.0000	0.0000	0.0000	0.0000	0.0000	0.0000	0.0000	0.0000	0.0011	0.0010	0.0001	0.0003	0.0003	0.0000	0.0008	0.0007	0.0001	0.0129	0.0060	0.0069	0.0022	0.0021	0.0001	0.0107	0.0038	0.0069	0.3148	0.2346	1.2174	0.3959	0.2758	0.9061	0.0205	0.0000	0.1131	0.0021	0.0019	0.0023	0.0057	0.0052	0.0231	0.0014	0.0000	0.0022	
52	61	0.2028	5	0	0	0	0	0	0	0	0	N	N	N	N	N	N	N	N	N	N	N	N	0.1769	0.0004	1.0367	0.4275	0.0013	0.1471	0.1184	0.0172	0.5810	0.0010	0.0000	0.0081	0.0035	0.0000	0.0792	0.0005	0.0000	0.0042	0.0054	0.0031	0.0079	0.0082	0.0068	0.5385	0.0046	0.0000	0.0072	830.2712	2.5063	0.0002	-0.0000	3.0179	3.0167	1.1627	3.2580	0.0003	0.0000	0.0003	0.0001	0.0000	0.0001	0.0001	0.0000	0.0001	0.0006	0.0002	0.0004	0.0002	0.0002	0.0000	0.0004	0.0000	0.0004	0.2802	0.2471	0.0331	0.0397	0.0379	0.0018	0.2405	0.2092	0.0313	0.1038	0.0524	0.0514	0.0246	0.0238	0.0008	0.0792	0.0286	0.0506	0.1769	0.0004	1.0367	0.4275	0.0013	1.4871	0.1184	0.0172	0.5810	0.0054	0.0031	0.0079	0.0082	0.0068	0.0533	0.0046	0.0000	0.0072
52	62	0.1280	4	0	1	0	0	0	0	0	0	N	N	N	N	N	N	N	N	N	N	N	N	12.2724	43.6542	0.0315	0.0198	0.0020	0.2480	15.4981	11014.5326	0.0128	2.2282	2.4526	0.0091	0.0017	0.0002	0.0292	3.4466	3.8863	0.0040	0.1816	0.0562	0.2885	0.0871	0.0983	0.1177	0.2224	0.0004	0.3100	0.0004	6.0204	-0.1977	0.0023	3.0179	3.3327	1.1627	4.3103	1.0013	1.0009	0.0004	0.0003	0.0000	0.0002	1.0010	1.0009	0.0001	0.0207	0.0030	0.0178	0.0030	0.0030	0.0000	0.0177	0.0000	0.0177	0.4494	0.4081	0.0413	0.1589	0.1506	0.0084	0.2904	0.2575	0.0329	0.1141	0.0525	0.0616	0.0344	0.0300	0.0044	0.0797	0.0225	0.0572	12.2724	43.6542	0.0315	0.0198	0.0020	2.7372	15.4981	485510.4517	0.0128	0.1816	0.0562	0.2885	0.0871	0.0983	0.0107	0.2224	0.0000	0.3100
52	63	0.1040	3	0	0	0	0	0	0	0	0	N	N	N	N	N	N	N	N	N	N	N	N	0.2416	23.2374	0.0007	0.0172	0.0079	0.4245	0.2854	140.3959	0.0004	2.1027	2.3093	0.0109	0.0026	0.0014	0.0218	3.5434	3.9844	0.0068	8.7023	0.0994	15.9234	0.1501	0.1739	0.0514	12.4146	0.0284	17.2911	0.0005	190.8957	-0.1957	0.1886	3.0179	3.2669	1.1627	2.4507	0.9917	0.9912	0.0005	0.0005	0.0002	0.0002	0.9912	0.9910	0.0002	0.7670	0.0040	0.7630	0.0040	0.0040	0.0000	0.7630	0.0000	0.7629	0.4716	0.4292	0.0424	0.1919	0.1805	0.0114	0.2797	0.2487	0.0310	0.0881	0.0402	0.0479	0.0267	0.0229	0.0038	0.0615	0.0173	0.0441	0.2416	23.2374	0.0007	0.0172	0.0079	3.3113	0.2854	4003.2928	0.0004	8.7023	0.0994	15.9234	0.1501	0.1739	0.0066	12.4146	0.0010	17.2911
52	64	0.1883	7	1	0	1	0	0	0	0	0	N	N	N	N	N	N	N	N	N	N	N	N	0.0000	0.0000	0.0000	0.0000	0.0000	0.0000	0.0000	0.0000	0.0000	0.0000	0.0000	0.0000	0.0000	0.0000	0.0000	0.0000	0.0000	0.0000	0.0000	0.0000	3.0179	0.0000	1.1627	1.0000	0.0000	0.0000	0.0000	0.0000	0.0000	0.0000	0.0000	0.0000	0.0000	0.0000	0.0000	0.0000	0.0000	0.0000	0.0000	0.0000	0.0000	0.0000	0.0000	0.0000	0.0000	0.0000	0.0000	0.0000	0.0000	0.0000	0.0000	0.0137	0.0053	0.0085	0.0020	0.0019	0.0001	0.0117	0.0034	0.0084	0.0000	0.0000	0.0000	0.0000	0.0000	0.0000	0.0000	0.0000	0.0000	0.0000	0.0000	0.0000	0.0000	0.0000	0.0000	0.0000	0.0000	0.0000											
52	65	0.1883	6	1	0	1	0	0	0	0	0	N	N	N	N	N	N	N	N	N	N	N	N	0.0000	0.0000	0.0000	0.0000	0.0000	0.0000	0.0000	0.0000	0.0000	0.0000	0.0000	0.0000	0.0000	0.0069	0.0000	0.0135	0.0000	0.0000	0.0000	0.0130	0.0000	0.0136	inf	0.0000	0.0000	3.0179	0.0000	1.1627	0.0001	0.0000	0.0000	0.0000	0.0000	0.0000	0.0000	0.0000	0.0000	0.0000	0.0000	0.0000	0.0000	0.0000	0.0000	0.0000	0.0000	0.0000	0.0000	0.0000	0.0000	0.0000	0.0000	0.0000	0.0000	0.0000	0.0000	0.0000	0.0000	0.0000	0.0000	0.0000	0.0000	0.0000	0.0000	0.0000	0.0000	0.0000	0.0000	0.0000	0.0000	0.0000	0.0000	0.0000	0.0000	0.0000	0.0069	0.0000	0.0135	0.0000	0.0000	0.0000	0.0130	0.0000	0.0136						
52	66	0.1760	5	1	0	1	0	0	0	0	0	N	N	N	N	N	N	N	N	N	N	N	N	0.0000	0.0000	0.0000	0.0000	0.0000	0.0000	0.0000	0.0000	0.0000	0.0000	0.0000	0.0000	0.0000	0.0000	0.0000	0.0000	0.0000	0.0000	0.0019	0.0000	0.0032	0.0001	0.0000	0.0121	0.0024	0.0000	0.0033	342.8188	0.0000	0.0000	3.0179	1.9720	1.1627	0.0923	0.0000	0.0000	0.0000	0.0000	0.0000	0.0000	0.0000	0.0000	0.0000	0.0001	0.0000	0.0001	0.0000	0.0000	0.0000	0.0001	0.0000	0.0001	0.1208	0.1074	0.0134	0.0421	0.0399	0.0022	0.0786	0.0675	0.0111	0.0354	0.0147	0.0208	0.0080	0.0078	0.0002	0.0274	0.0068	0.0205	0.0000	0.0000	0.0000	0.0000	0.0000	0.0000	0.0000	0.0000	0.0000	0.0019	0.0000	0.0032	0.0001	0.0000	0.0023	0.0024	0.0000	0.0033	
52	67	0.1544	4	1	0	1	0	0	0	0	0	N	N	N	N	N	N	N	N	N	N	N	N	0.0000	0.0000	0.0000	0.0000	0.0000	0.0000	0.0000	0.0000	0.0000	0.0000	0.0000	0.0000	0.0000	0.0000	0.0000	0.0020	0.0050	0.0000	0.0138	0.0146	0.0000	0.0000	0.0001	0.0000	0.0000	0.0000	-0.0001	3.0179	3.0650	1.1627	1.0636	0.0000	0.0000	0.0000	0.0000	0.0000	0.0000	0.0000	0.0000	0.0000	0.0001	0.0001	0.0000	0.0001	0.0001	0.0000	0.0000	0.0000	0.0000	0.1842	0.1634	0.0208	0.0572	0.0543	0.0029	0.1270	0.1091	0.0179	0.0547	0.0213	0.0334	0.0078	0.0074	0.0004	0.0470	0.0140	0.0330	0.0000	0.0000	0.0000	0.0000	0.0000	0.0000	0.0000	0.0000	0.0000	0.0020	0.0050	0.0000	0.0138	0.0146	0.0000	0.0000	0.0000	0.0000				
52	68	0.1615	4	0	1	0	1	0	0	0	0	N	N	N	N	N	N	N	N	N	N	N	N	0.0248	0.0127	0.4796	0.0172	0.0167	0.0325	0.6667	0.2608	0.4282	0.0127	0.0139	0.0042	0.0450	0.0475	0.0092	0.0037	0.0038	0.0036	0.5136	1.0998	0.0088	2.6192	2.8390	0.2817	0.0056	0.0144	0.0083	0.0424	0.0093	-0.0006	-0.0429	3.0179	2.7513	1.1627	4.0954	0.0038	0.0037	0.0002	0.0029	0.0029	0.0000	0.0009	0.0008	0.0001	0.0579	0.0574	0.0005	0.0574	0.0574	0.0000	0.0005	0.0000	0.0005	0.3006	0.2637	0.0369	0.0655	0.0612	0.0043	0.2351	0.2024	0.0326	0.1128	0.0522	0.0606	0.0219	0.0202	0.0017	0.0909	0.0320	0.0589	0.0248	0.0127	0.4796	0.0172	0.0167	0.3714	0.6667	6.3199	0.4282	0.5136	1.0998	0.0088	2.6192	2.8390	0.0246	0.0056	0.0006	0.0083
52	69	0.0840	2	0	1	0	0	0	0	0	0	N	N	N	N	N	N	N	N	N	N	N	N	1.0439	0.2331	5.1422	1.0007	0.3041	0.7341	1.1095	5.4388	0.0669	0.0032	0.5369	0.0356	0.0102	0.3118	0.0806	0.0000	0.5982	0.0641	0.0138	0.1044	0.0356	0.0335	0.4247	0.0726	0.0000	0.1100	22.6221	9.4381	0.0298	0.0020	3.0179	9.9334	1.1627	8.9999	0.0392	0.0017	0.0376	0.0063	0.0017	0.0047	0.0329	0.0000	0.0329	0.0126	0.0012	0.0114	0.0016	0.0012	0.0004	0.0110	0.0000	0.0110	0.5860	0.5161	0.0699	0.1778	0.1628	0.0150	0.4083	0.3533	0.0550	0.1971	0.0877	0.1094	0.0453	0.0361	0.0092	0.1518	0.0516	0.1002	1.0439	0.2331	5.1422	1.0007	0.3041	7.1573	1.1095	0.0000	5.4388	0.0641	0.0138	0.1044	0.0356	0.0335	0.0436	0.0726	0.0000	0.1100	
52	70	0.0840	2	0	1	0	0	0	0	0	0	N	N	N	N	N	N	N	N	N	N	N	N	0.0678	0.0320	0.0000	0.0347	0.0282	0.0000	0.0017	0.0018	0.0000	0.0035	0.0035	0.0000	0.0000	0.0000	0.0000	0.0248	0.0551	0.0000	0.1011	0.1253	0.0000	0.0000	0.0000	0.0000	0.0000	0.0000	-0.0000	-0.0010	3.0179	0.0666	1.1627	4.0001	0.0001	0.0001	0.0000	0.0001	0.0001	0.0000	0.0000	0.0000	0.0000	0.0014	0.0013	0.0000	0.0014	0.0013	0.0000	0.0000	0.0000	0.0000	0.0400	0.0381	0.0019	0.0192	0.0190	0.0001	0.0208	0.0191	0.0017	0.0544	0.0245	0.0299	0.0134	0.0108	0.0026	0.0411	0.0137	0.0273	0.0678	0.0320	0.0000	0.0347	0.0282	0.0000	0.0000	0.0000	0.0000	0.0248	0.0551	0.0000	0.1011	0.1253	0.0000	0.0000	0.0000	0.0000			
52	71	0.1544	4	0	1	0	0	0	0	0	0	N	N	N	N	N	N	N	N	N	N	N	N	0.0000	0.0000	0.0000	0.0000	0.0000	0.0000	0.0000	0.0000	0.0000	0.0000	0.0000	0.0000	0.0000	0.0166	0.0424	0.0000	0.1168	0.1234	0.0000	0.0000	0.0000	0.0000	0.0000	0.0000	-0.0008	3.0179	2.0000	1.1627	3.0000	0.0000	0.0000	0.0000	0.0000	0.0000	0.0000	0.0000	0.0000	0.0000	0.0011	0.0011	0.0000	0.0011	0.0011	0.0000	0.0000	0.0000	0.0000	0.1222	0.1083	0.0138	0.0382	0.0363	0.0019	0.0839	0.0720	0.0119	0.0652	0.0254	0.0398	0.0092	0.0088	0.0005	0.0560	0.0167	0.0393	0.0000	0.0000	0.0000	0.0000	0.0000	0.0000	0.0000	0.0000	0.0000	0.0166	0.0424	0.0000	0.1168	0.1234	0.0000	0.0000	0.0000	0.0000						
52	72	0.1276	3	0	0	0	0	0	0	0	0	N	N	N	N	N	N	N	N	N	N	N	N	0.3449	49.7357	0.0017	7.9852	9.8308	0.0052	0.4294	22.2222	0.0016	0.0144	0.0159	0.0001	0.0053	0.0056	0.0001	0.0235	0.0272	0.0001	0.0418	0.0003	0.0731	0.0007	0.0006	0.0289	0.0548	0.0012	0.0738	0.0008	303.3715	-0.0012	0.0009	3.0179	4.7932	1.1627	0.2507	0.0060	0.0060	0.0000	0.0011	0.0011	0.0000	0.0049	0.0049	0.0000	0.0036	0.0000	0.0036	0.0000	0.0000	0.0000	0.0036	0.0000	0.0036	0.4131	0.3744	0.0387	0.2059	0.1953	0.0106	0.2072	0.1791	0.0281	0.0872	0.0375	0.0497	0.0209	0.0203	0.0005	0.0663	0.0171	0.0492	0.3449	49.7357	0.0017	7.9852	9.8308	0.0343	0.4294	957.1522	0.0016	0.0418	0.0003	0.0731	0.0007	0.0006	0.0043	0.0548	0.0000	0.0738
52	73	0.0840	2	0	0	0	0	0	0	0	0	N	N	N	N	N	N	N	N	N	N	N	N	0.2871	257.0670	0.2013	1.3377	62.7371	0.0079	0.2856	26.6102	0.2359	0.1138	0.1096	0.1446	0.0448	0.0476	0.0134	0.1461	0.1405	0.1817	0.3962	0.0004	0.7185	0.0335	0.0008	1.6992	0.5115	0.0053	0.7703	0.1780	2069.1169	-0.0018	0.0099	3.0179	4.9764	1.1627	2.9948	0.0376	0.0319	0.0057	0.0047	0.0046	0.0001	0.0329	0.0273	0.0056	0.0395	0.0000	0.0394	0.0008	0.0000	0.0008	0.0387	0.0000	0.0387	0.3305	0.2912	0.0393	0.1055	0.0969	0.0087	0.2249	0.1943	0.0306	0.0996	0.0447	0.0549	0.0240	0.0193	0.0047	0.0756	0.0254	0.0502	0.2871	257.0670	0.2013	1.3377	62.7371	0.0797	0.2856	811.0609	0.2359	0.3962	0.0004	0.7185	0.0335	0.0008	0.1677	0.5115	0.0002	0.7703
52	74	0.1040	3	0	1	0	0	0	0	0	0	N	N	N	N	N	N	N	N	N	N	N	N	0.0002	0.2650	0.0001	0.2364	0.2164	0.0643	0.0001	2767.0791	0.0001	0.0019	0.0019	0.0017	0.0027	0.0028	0.0013	0.0012	0.0011	0.0019	8.1085	0.0073	14.7782	0.0116	0.0130	0.0200	11.4986	0.0000	16.0595	0.0774	2471.0832	-0.0001	0.1943	3.0179	1.8678	1.1627	4.6278	0.0007	0.0007	0.0001	0.0005	0.0005	0.0000	0.0002	0.0002	0.0000	0.7753	0.0003	0.7749	0.0003	0.0003	0.0000	0.7749	0.0000	0.7749	0.3892	0.3582	0.0311	0.1846	0.1747	0.0099	0.2047	0.1835	0.0212	0.0956	0.0432	0.0524	0.0282	0.0240	0.0042	0.0674	0.0191	0.0483	0.0002	0.2650	0.0001	0.2364	0.2164	0.3956	0.0001	2767.0791	0.0001	8.1085	0.0073	14.7782	0.0116	0.0130	0.0033	11.4986	0.0000	16.0595
52	75	0.0840	2	0	0	0	0	0	0	0	0	N	N	N	N	N	N	N	N	N	N	N	N	0.0370	0.0038	0.1788	0.0733	0.0007	219.5492	0.0376	25.6958	0.1820	0.1169	0.0013	0.9757	0.0480	0.0006	0.5823	0.1494	0.0017	1.0871	3.1619	0.3552	5.4580	0.6548	0.8126	0.0027	3.9715	0.0001	5.9732	97.4755	18.7844	0.0292	0.0441	3.0179	4.7010	1.1627	0.6064	0.0369	0.0004	0.0365	0.0049	0.0001	0.0048	0.0320	0.0003	0.0317	0.2197	0.0111	0.2086	0.0111	0.0111	0.0000	0.2086	0.0000	0.2086	0.3152	0.2778	0.0374	0.1011	0.0929	0.0082	0.2141	0.1850	0.0291	0.0695	0.0313	0.0382	0.0170	0.0137	0.0033	0.0525	0.0176	0.0349	0.0370	0.0038	0.1788	0.0733	0.0007	903.1495	0.0376	731.1220	0.1820	3.1619	0.3552	5.4580	0.6548	0.8126	0.0006	3.9715	0.0000	5.9732
52	78	0.2076	6	1	1	0	1	0	0	0	0	N	N	N	N	N	N	N	N	N	N	N	N	0.0077	0.0000	0.0676	0.0089	0.0000	0.0221	0.0014	0.0000	0.0070	0.0000	0.0000	0.0000	0.0000	0.0000	0.0002	0.0000	0.0000	0.0000	0.0006	0.0006	0.0005	0.0015	0.0016	0.0073	0.0003	0.0000	0.0005	inf	1.1960	0.0000	-0.0000	3.0179	1.0000	1.1627	2.0144	0.0000	0.0000	0.0000	0.0000	0.0000	0.0000	0.0000	0.0000	0.0000	0.0000	0.0000	0.0000	0.0000	0.0000	0.0000	0.0000	0.0000	0.0000	0.0736	0.0649	0.0086	0.0216	0.0198	0.0018	0.0520	0.0451	0.0069	0.0405	0.0176	0.0229	0.0078	0.0065	0.0013	0.0328	0.0111	0.0216	0.0077	0.0000	0.0676	0.0089	0.0000	0.1313	0.0014	0.0000	0.0070	0.0006	0.0006	0.0005	0.0015	0.0016	0.0012	0.0003	0.0000	0.0005
52	79	0.1854	5	1	1	0	1	0	0	0	0	N	N	N	N	N	N	N	N	N	N	N	N	38.1917	18.7270	24.1085	21.9974	0.0000	0.0000	0.0591	0.0670	0.0000	0.2002	0.2182	0.0000	0.0000	0.0000	0.0000	0.0015	0.0036	0.0000	0.0083	0.0099	0.0000	0.0000	0.0007	0.0000	0.0000	0.0000	-0.0000	-0.0000	3.0179	0.0001	1.1627	3.0180	0.0000	0.0000	0.0000	0.0000	0.0000	0.0000	0.0000	0.0000	0.0000	0.0001	0.0001	0.0000	0.0001	0.0001	0.0000	0.0000	0.0000	0.0000	0.0000	0.0000	0.0000	0.0000	0.0000	0.0000	0.0000	0.0000	0.0000	0.0403	0.0174	0.0228	0.0075	0.0063	0.0012	0.0328	0.0111	0.0216	38.1917	18.7270	0.0000	24.1085	21.9974	0.0000	0.0000	0.0000	0.0000	0.0015	0.0036	0.0000	0.0083	0.0099	0.0000	0.0000	0.0000	0.0000			
52	80	0.2074	7	0	1	0	1	0	0	0	0	N	N	N	N	N	N	N	N	N	N	N	N	0.0000	0.0000	0.0000	0.0000	0.0000	0.0000	0.0000	0.0000	0.0000	0.0000	0.0000	0.0000	0.0000	0.0000	0.0000	0.0000	0.0000	0.0000	0.0000	0.0000	3.0179	0.0000	1.1627	0.0000	0.0000	0.0000	0.0000	0.0000	0.0000	0.0000	0.0000	0.0000	0.0000	0.0000	0.0000	0.0000	0.0000	0.0000	0.0000	0.0000	0.0000	0.0000	0.0000	0.0000	0.0000	0.0000	0.0000	0.0000	0.0000	0.0000	0.0000	0.0000	0.0000	0.0000	0.0000	0.0000	0.0000	0.0000	0.0000	0.0000	0.0000	0.0000	0.0000	0.0000	0.0000	0.0000	0.0000	0.0000	0.0000	0.0000	0.0000	0.0000	0.0000	0.0000	0.0000	0.0000	0.0000	0.0000											
52	81	0.1854	5	0	0	1	1	0	0	0	0	N	N	N	N	N	N	N	N	N	N	N	N	0.0000	0.0000	0.0000	0.0000	0.0000	0.0000	0.0000	0.0000	0.0000	0.0000	0.0000	0.0000	0.0000	0.0000	0.0000	0.0000	0.0000	0.0000	0.0000	0.0000	3.0179	2.0000	1.1627	0.0000	0.0000	0.0000	0.0000	0.0000	0.0000	0.0000	0.0000	0.0000	0.0000	0.0000	0.0000	0.0000	0.0000	0.0000	0.0000	0.0000	0.0000	0.0000	0.1441	0.1272	0.0169	0.0420	0.0386	0.0034	0.1020	0.0886	0.0134	0.0272	0.0118	0.0155	0.0051	0.0043	0.0008	0.0222	0.0075	0.0146	0.0000	0.0000	0.0000	0.0000	0.0000	0.0000	0.0000	0.0000	0.0000	0.0000	0.0000	0.0000	0.0000	0.0000	0.0000	0.0000	0.0000	0.0000											
52	82	0.1854	5	0	0	1	1	0	0	0	0	N	N	N	N	N	N	N	N	N	N	N	N	0.0000	0.0000	0.0000	0.0000	0.0000	0.0000	0.0000	0.0000	0.0000	0.0000	0.0000	0.0000	0.0000	0.0893	0.2063	0.0000	0.4807	0.5746	0.0000	0.0000	0.0000	0.0000	0.0000	0.0000	-0.0035	3.0179	0.0000	1.1627	4.0000	0.0000	0.0000	0.0000	0.0000	0.0000	0.0000	0.0000	0.0000	0.0000	0.0047	0.0047	0.0000	0.0047	0.0047	0.0000	0.0000	0.0000	0.0000	0.0000	0.0000	0.0000	0.0000	0.0000	0.0000	0.0000	0.0000	0.0000	0.0523	0.0226	0.0297	0.0097	0.0081	0.0016	0.0426	0.0145	0.0281	0.0000	0.0000	0.0000	0.0000	0.0000	0.0000	0.0000	0.0000	0.0000	0.0893	0.2063	0.0000	0.4807	0.5746	0.0000	0.0000	0.0000	0.0000						
52	83	0.2074	7	0	0	1	1	0	0	0	0	N	N	N	N	N	N	N	N	N	N	N	N	0.0000	0.0000	0.0000	0.0000	0.0000	0.0000	0.0000	0.0000	0.0000	0.0000	0.0000	0.0000	0.0000	0.0000	0.0000	0.2632	0.6166	0.0000	0.0839	0.1019	0.0000	0.3027	1.5726	0.0000	0.0000	0.0000	-0.0053	3.0179	0.0000	1.1627	2.0000	0.0000	0.0000	0.0000	0.0000	0.0000	0.0000	0.0000	0.0000	0.0000	0.0071	0.0071	0.0000	0.0004	0.0004	0.0000	0.0067	0.0067	0.0000	0.0000	0.0000	0.0000	0.0000	0.0000	0.0000	0.0000	0.0000	0.0000	0.0270	0.0115	0.0155	0.0049	0.0040	0.0009	0.0222	0.0075	0.0146	0.0000	0.0000	0.0000	0.0000	0.0000	0.0000	0.0000	0.0000	0.0000	0.2632	0.6166	0.0000	0.0839	0.1019	0.0000	0.3027	0.8919	0.0000				
52	84	0.2001	6	0	0	0	1	0	0	0	0	N	N	N	N	N	N	N	N	N	N	N	N	0.0000	0.0000	0.0000	0.0000	0.0000	0.0000	0.0000	0.0000	0.0000	0.0000	0.0000	0.0000	0.0000	0.0000	0.0000	0.0000	0.0000	0.0002	0.0000	0.0003	0.0000	0.0000	0.0002	0.0002	0.0000	0.0003	320.0000	0.0000	0.0000	3.0179	1.0000	1.1627	0.0015	0.0000	0.0000	0.0000	0.0000	0.0000	0.0000	0.0000	0.0000	0.0000	0.0000	0.0000	0.0000	0.0000	0.0000	0.0000	0.0000	0.0000	0.0000	0.0736	0.0649	0.0086	0.0216	0.0198	0.0018	0.0520	0.0451	0.0069	0.0141	0.0060	0.0080	0.0027	0.0022	0.0005	0.0114	0.0038	0.0076	0.0000	0.0000	0.0000	0.0000	0.0000	0.0000	0.0000	0.0000	0.0000	0.0002	0.0000	0.0003	0.0000	0.0000	0.0002	0.0002	0.0000	0.0003		
52	85	0.1854	5	0	0	0	1	0	0	0	0	N	N	N	N	N	N	N	N	N	N	N	N	0.0000	0.0000	0.0000	0.0000	0.0000	0.0000	0.0000	0.0000	0.0000	0.0000	0.0000	0.0000	0.0000	0.0000	0.0000	0.0038	0.0087	0.0000	0.0004	0.0005	0.0000	0.0045	0.4706	0.0000	0.0000	0.0000	-0.0001	3.0179	0.0000	1.1627	2.0013	0.0000	0.0000	0.0000	0.0000	0.0000	0.0000	0.0000	0.0000	0.0000	0.0001	0.0001	0.0000	0.0000	0.0000	0.0000	0.0001	0.0001	0.0000	0.0000	0.0000	0.0000	0.0000	0.0000	0.0000	0.0000	0.0000	0.0000	0.0273	0.0118	0.0155	0.0051	0.0043	0.0008	0.0222	0.0075	0.0147	0.0000	0.0000	0.0000	0.0000	0.0000	0.0000	0.0000	0.0000	0.0000	0.0038	0.0087	0.0000	0.0004	0.0005	0.0000	0.0045	0.0133	0.0000				
52	86	0.2252	5	1	1	0	0	0	0	0	0	N	N	N	N	N	N	N	N	N	N	N	N	0.6913	0.1655	6.7492	0.5784	0.0304	2.8287	0.5333	11.4631	0.5936	0.0041	0.0009	0.0441	0.0049	0.0003	0.0884	0.0025	0.0023	0.0039	0.0059	0.0054	0.0065	0.0085	0.0087	0.0313	0.0046	0.0002	0.0066	3.9630	1.0999	0.0000	-0.0000	3.0179	0.0007	1.1627	0.9812	0.0000	0.0000	0.0000	0.0000	0.0000	0.0000	0.0000	0.0000	0.0000	0.0002	0.0001	0.0001	0.0001	0.0001	0.0000	0.0001	0.0000	0.0001	0.0002	0.0002	0.0000	0.0001	0.0001	0.0000	0.0001	0.0001	0.0000	0.0260	0.0136	0.0124	0.0089	0.0084	0.0004	0.0171	0.0052	0.0119	0.6913	0.1655	6.7492	0.5784	0.0304	18.0868	0.5333	468.7240	0.5936	0.0059	0.0054	0.0065	0.0085	0.0087	0.0049	0.0046	0.0000	0.0066
52	87	0.1694	4	1	1	0	0	0	0	0	0	N	N	N	N	N	N	N	N	N	N	N	N	0.8865	0.7080	0.6339	0.0969	0.0894	0.0226	2.5666	5.8220	0.7433	0.0029	0.0031	0.0016	0.0011	0.0011	0.0013	0.0038	0.0041	0.0016	0.0033	0.0044	0.0025	0.0112	0.0119	0.0555	0.0015	0.0007	0.0022	0.0634	0.7233	-0.0001	-0.0001	3.0179	5.0272	1.1627	2.1572	0.0011	0.0010	0.0001	0.0001	0.0001	0.0000	0.0010	0.0009	0.0001	0.0003	0.0002	0.0001	0.0002	0.0002	0.0000	0.0001	0.0000	0.0001	0.3694	0.3282	0.0412	0.1133	0.1048	0.0085	0.2561	0.2234	0.0327	0.0900	0.0394	0.0506	0.0172	0.0145	0.0027	0.0728	0.0249	0.0479	0.8865	0.7080	0.6339	0.0969	0.0894	0.1803	2.5666	277.3068	0.7433	0.0033	0.0044	0.0025	0.0112	0.0119	0.0070	0.0015	0.0000	0.0022
52	88	0.2227	6	0	1	0	0	0	0	0	0	N	N	N	N	N	N	N	N	N	N	N	N	0.0000	0.0000	0.0000	0.0000	0.0000	0.0000	0.0000	0.0000	0.0000	0.0000	0.0000	0.0000	0.0000	0.3591	0.8184	0.0000	1.7528	2.0890	0.0000	0.0000	0.0000	0.0000	0.0000	0.0000	-0.0141	3.0179	0.0000	1.1627	4.0000	0.0000	0.0000	0.0000	0.0000	0.0000	0.0000	0.0000	0.0000	0.0000	0.0189	0.0189	0.0000	0.0189	0.0189	0.0000	0.0000	0.0000	0.0000	0.0000	0.0000	0.0000	0.0000	0.0000	0.0000	0.0000	0.0000	0.0000	0.0525	0.0230	0.0295	0.0108	0.0090	0.0017	0.0418	0.0140	0.0277	0.0000	0.0000	0.0000	0.0000	0.0000	0.0000	0.0000	0.0000	0.0000	0.3591	0.8184	0.0000	1.7528	2.0890	0.0000	0.0000	0.0000	0.0000						
52	89	0.1854	5	0	1	0	0	0	0	0	0	N	N	N	N	N	N	N	N	N	N	N	N	0.2726	0.1336	0.1742	0.1586	0.0004	0.0005	0.0000	0.0015	0.0016	0.0000	0.0000	0.0000	0.0000	0.0016	0.0036	0.0000	0.0084	0.0101	0.0000	0.0000	0.0000	0.0000	0.0000	0.0000	-0.0000	-0.0001	3.0179	3.0000	1.1627	2.0000	0.0001	0.0001	0.0000	0.0001	0.0001	0.0000	0.0000	0.0000	0.0000	0.0001	0.0001	0.0000	0.0001	0.0001	0.0000	0.0000	0.0000	0.0000	0.2117	0.1870	0.0247	0.0614	0.0564	0.0050	0.1503	0.1306	0.0197	0.0641	0.0278	0.0364	0.0119	0.0099	0.0019	0.0522	0.0178	0.0344	0.2726	0.1336	0.0000	0.1742	0.1586	0.0000	0.0000	0.0000	0.0000	0.0016	0.0036	0.0000	0.0084	0.0101	0.0000	0.0000	0.0000	0.0000					
52	90	0.1854	5	1	1	0	0	0	0	0	0	N	N	N	N	N	N	N	N	N	N	N	N	0.0009	0.0004	0.0033	0.0030	0.0000	0.0000	0.0001	0.0001	0.0000	0.0002	0.0003	0.0000	0.0000	0.0000	0.0000	0.0783	0.1808	0.0000	0.0724	0.0866	0.0000	0.0796	1.4446	0.0000	0.0000	0.0000	-0.0000	-0.0038	3.0179	2.0000	1.1627	3.0000	0.0000	0.0000	0.0000	0.0000	0.0000	0.0000	0.0000	0.0000	0.0000	0.0050	0.0050	0.0000	0.0009	0.0009	0.0000	0.0042	0.0042	0.0000	0.1441	0.1272	0.0169	0.0420	0.0386	0.0034	0.1020	0.0886	0.0134	0.0641	0.0278	0.0364	0.0119	0.0099	0.0019	0.0522	0.0178	0.0344	0.0009	0.0004	0.0000	0.0033	0.0030	0.0000	0.0000	0.0000	0.0000	0.0783	0.1808	0.0000	0.0724	0.0866	0.0000	0.0796	0.2334	0.0000			
52	91	0.1694	4	0	0	0	0	0	0	0	0	N	N	N	N	N	N	N	N	N	N	N	N	2.1485	21.2276	0.3933	6.4641	24.0249	0.0104	0.0956	0.0493	0.4602	0.0093	0.0101	0.0029	0.0260	0.0277	0.0024	0.0004	0.0000	0.0031	0.0043	0.0005	0.0074	0.0040	0.0012	0.2351	0.0044	0.0008	0.0066	0.0344	19.5052	-0.0003	0.0000	3.0179	2.0705	1.1627	0.0351	0.0017	0.0016	0.0001	0.0016	0.0016	0.0000	0.0000	0.0000	0.0000	0.0001	0.0000	0.0001	0.0000	0.0000	0.0000	0.0001	0.0000	0.0001	0.1817	0.1624	0.0193	0.0631	0.0589	0.0042	0.1186	0.1035	0.0150	0.0306	0.0136	0.0170	0.0064	0.0055	0.0009	0.0242	0.0082	0.0161	2.1485	21.2276	0.3933	6.4641	24.0249	0.1131	0.0956	1.9492	0.4602	0.0043	0.0005	0.0074	0.0040	0.0012	0.0216	0.0044	0.0000	0.0066
52	92	0.1440	3	0	0	0	0	0	0	0	0	N	N	N	N	N	N	N	N	N	N	N	N	1.8709	0.8691	10.3211	0.4677	0.5756	0.0148	5.3871	1.5151	21.3315	0.0281	0.0137	0.1482	0.0203	0.0205	0.0178	0.0340	0.0083	0.2023	0.0150	0.0158	0.0144	0.0434	0.0356	1.2068	0.0063	0.0055	0.0095	1.2945	1.0346	0.0039	-0.0002	3.0179	3.4249	1.1627	0.1413	0.0105	0.0046	0.0059	0.0033	0.0030	0.0002	0.0073	0.0015	0.0057	0.0008	0.0004	0.0004	0.0006	0.0004	0.0002	0.0003	0.0000	0.0003	0.3739	0.3339	0.0400	0.1604	0.1487	0.0117	0.2135	0.1852	0.0283	0.0550	0.0257	0.0293	0.0129	0.0113	0.0016	0.0421	0.0144	0.0277	1.8709	0.8691	10.3211	0.4677	0.5756	0.1809	5.3871	39.6057	21.3315	0.0150	0.0158	0.0144	0.0434	0.0356	0.0984	0.0063	0.0002	0.0095
52	98	0.2809	8	0	0	0	0	0	0	0	0	N	N	N	N	N	N	N	N	N	N	N	N	1.8047	1.1989	1.1041	1.9138	1.8479	0.1440	0.8747	0.0380	0.2773	0.0426	0.0469	0.0011	0.1208	0.1284	0.0043	0.0006	0.0006	0.0002	0.0236	0.0392	0.0010	0.0631	0.0695	0.0301	0.0007	0.0169	0.0007	0.0025	0.0181	-0.0049	-0.0038	3.0179	4.9999	1.1627	9.0821	0.0253	0.0252	0.0001	0.0251	0.0250	0.0001	0.0002	0.0002	0.0000	0.0052	0.0051	0.0001	0.0051	0.0050	0.0000	0.0001	0.0000	0.0001	0.5934	0.5372	0.0562	0.2075	0.1947	0.0128	0.3859	0.3425	0.0434	0.2193	0.1299	0.0895	0.0806	0.0727	0.0079	0.1388	0.0572	0.0815	1.8047	1.1989	1.1041	1.9138	1.8479	0.9745	0.8747	0.9981	0.2773	0.0236	0.0392	0.0010	0.0631	0.0695	0.0045	0.0007	0.0006	0.0007
53	54	0.1563	4	1	2	1	0	0	0	0	0	N	Y	N	N	N	N	N	N	N	N	N	N	0.0000	0.0000	0.0000	0.0000	0.0000	0.0000	0.0000	0.0000	0.0000	0.0000	0.0000	0.0000	0.0000	0.0000	0.0000	0.0000	0.0000	0.0000	0.0000	0.0000	4.0000	2.0683	1.0000	6.9961	0.0000	0.0000	0.0000	0.0000	0.0000	0.0000	0.0000	0.0000	0.0000	0.0000	0.0000	0.0000	0.0000	0.0000	0.0000	0.0000	0.0000	0.0000	0.1686	0.1496	0.0190	0.0548	0.0519	0.0029	0.1138	0.0978	0.0161	0.1125	0.0370	0.0755	0.0096	0.0086	0.0010	0.1029	0.0284	0.0745	0.0000	0.0000	0.0000	0.0000	0.0000	0.0000	0.0000	0.0000	0.0000	0.0000	0.0000	0.0000	0.0000	0.0000	0.0000	0.0000	0.0000	0.0000											
53	55	0.0996	3	1	1	1	0	0	0	0	0	N	N	N	N	N	N	N	N	N	N	N	N	0.0000	0.0000	0.0000	0.0000	0.0000	0.0000	0.0000	0.0000	0.0000	0.0000	0.0000	0.0000	0.0000	0.0000	0.0000	0.0000	0.0000	0.0000	0.0000	0.0000	4.0000	3.9265	1.0000	5.0808	0.0000	0.0000	0.0000	0.0000	0.0000	0.0000	0.0000	0.0000	0.0000	0.0000	0.0000	0.0000	0.0000	0.0000	0.0000	0.0000	0.0000	0.0000	0.2894	0.2566	0.0328	0.0829	0.0786	0.0043	0.2065	0.1780	0.0285	0.0968	0.0324	0.0644	0.0145	0.0094	0.0051	0.0823	0.0229	0.0594	0.0000	0.0000	0.0000	0.0000	0.0000	0.0000	0.0000	0.0000	0.0000	0.0000	0.0000	0.0000	0.0000	0.0000	0.0000	0.0000	0.0000	0.0000											
53	57	0.2347	8	1	2	1	0	0	0	0	0	N	Y	N	N	N	N	N	N	N	N	N	N	2384.5635	1168.8005	14.7028	14.6413	inf	inf	2.5222	2.7972	0.0000	0.0812	0.0856	0.0000	4.2792	4.9280	0.0000	0.0011	0.0024	0.0000	0.0055	0.0058	0.0000	0.0000	0.0000	0.0000	0.0000	0.0000	-0.3839	-0.0001	4.0000	9.7645	1.0000	7.4558	1.9409	1.9409	0.0000	0.0261	0.0261	0.0000	1.9148	1.9148	0.0000	0.0002	0.0002	0.0000	0.0002	0.0002	0.0000	0.0000	0.0000	0.0000	0.7695	0.6939	0.0757	0.3221	0.3053	0.0167	0.4475	0.3886	0.0589	0.1513	0.0669	0.0844	0.0290	0.0274	0.0016	0.1223	0.0395	0.0828	2384.5635	1168.8005	0.0000	14.7028	14.6413	0.0000	inf	inf	0.0000	0.0011	0.0024	0.0000	0.0055	0.0058	0.0000	0.0000	0.0000	0.0000			
53	58	0.2903	9	1	1	2	0	0	0	0	0	N	N	Y	N	N	N	N	N	N	N	N	N	0.0000	0.0000	0.0000	0.0000	0.0000	0.0000	0.0000	0.0000	0.0000	0.0000	0.0000	0.0000	0.0000	0.0012	0.0025	0.0000	0.0055	0.0059	0.0000	0.0000	0.0000	0.0000	0.0000	0.0000	-0.0000	4.0000	1.0009	1.0000	0.0163	0.0000	0.0000	0.0000	0.0000	0.0000	0.0000	0.0000	0.0000	0.0000	0.0000	0.0000	0.0000	0.0000	0.0000	0.0000	0.0000	0.0000	0.0000	0.1005	0.0908	0.0097	0.0598	0.0560	0.0039	0.0406	0.0348	0.0058	0.0083	0.0040	0.0043	0.0018	0.0017	0.0001	0.0065	0.0023	0.0042	0.0000	0.0000	0.0000	0.0000	0.0000	0.0000	0.0000	0.0000	0.0000	0.0012	0.0025	0.0000	0.0055	0.0059	0.0000	0.0000	0.0000	0.0000						
53	59	0.2749	8	1	1	1	0	0	0	0	0	N	N	N	N	N	N	N	N	N	N	N	N	0.0000	0.0000	0.0000	0.0000	0.0000	0.0000	0.0000	0.0000	0.0000	0.0000	0.0000	0.0000	0.0000	0.0006	0.0000	0.0011	0.0000	0.0000	0.0000	0.0008	0.0000	0.0011	inf	0.0000	0.0000	4.0000	1.9961	1.0000	0.0521	0.0000	0.0000	0.0000	0.0000	0.0000	0.0000	0.0000	0.0000	0.0000	0.0000	0.0000	0.0000	0.0000	0.0000	0.0000	0.0000	0.0000	0.0000	0.1895	0.1709	0.0186	0.1038	0.0973	0.0065	0.0857	0.0736	0.0121	0.0168	0.0077	0.0091	0.0035	0.0033	0.0002	0.0133	0.0044	0.0089	0.0000	0.0000	0.0000	0.0000	0.0000	0.0000	0.0000	0.0000	0.0000	0.0006	0.0000	0.0011	0.0000	0.0000	0.0000	0.0008	0.0000	0.0011						
53	60	0.2672	7	1	1	1	0	0	0	0	0	N	N	N	N	N	N	N	N	N	N	N	N	0.0000	0.0000	0.0000	0.0000	0.0000	0.0000	0.0000	0.0000	0.0000	0.0000	0.0000	0.0000	0.0000	0.0000	0.0000	0.0000	0.0000	0.0000	0.0000	0.0000	4.0000	0.0081	1.0000	1.0507	0.0000	0.0000	0.0000	0.0000	0.0000	0.0000	0.0000	0.0000	0.0000	0.0000	0.0000	0.0000	0.0000	0.0000	0.0000	0.0000	0.0000	0.0000	0.0012	0.0011	0.0001	0.0007	0.0006	0.0000	0.0006	0.0005	0.0001	0.0090	0.0042	0.0049	0.0020	0.0019	0.0001	0.0071	0.0023	0.0048	0.0000	0.0000	0.0000	0.0000	0.0000	0.0000	0.0000	0.0000	0.0000	0.0000	0.0000	0.0000	0.0000	0.0000	0.0000	0.0000	0.0000	0.0000											
53	61	0.2184	6	1	1	1	0	0	0	0	0	N	N	N	N	N	N	N	N	N	N	N	N	0.0000	0.0000	0.0000	0.0000	0.0000	0.0000	0.0000	0.0000	0.0000	0.0000	0.0000	0.0000	0.0000	0.0004	0.0009	0.0000	0.0017	0.0017	0.0000	0.0000	0.0000	0.0000	0.0000	0.0000	-0.0000	4.0000	3.0167	1.0000	3.2580	0.0000	0.0000	0.0000	0.0000	0.0000	0.0000	0.0000	0.0000	0.0000	0.0000	0.0000	0.0000	0.0000	0.0000	0.0000	0.0000	0.0000	0.0000	0.2723	0.2457	0.0266	0.1243	0.1181	0.0061	0.1480	0.1276	0.0204	0.0780	0.0338	0.0441	0.0177	0.0171	0.0006	0.0603	0.0167	0.0436	0.0000	0.0000	0.0000	0.0000	0.0000	0.0000	0.0000	0.0000	0.0000	0.0004	0.0009	0.0000	0.0017	0.0017	0.0000	0.0000	0.0000	0.0000						
53	62	0.1436	5	1	2	1	0	0	0	0	0	N	Y	N	N	N	N	N	N	N	N	N	N	inf	inf	inf	inf	0.0015	0.0017	0.0000	0.0026	0.0028	0.0000	0.0000	0.0000	0.0000	0.0000	0.0000	0.0000	0.0000	0.0000	0.0000	0.0000	0.0000	0.0000	0.0000	-0.0001	0.0000	4.0000	3.3327	1.0000	4.3103	0.0006	0.0006	0.0000	0.0006	0.0006	0.0000	0.0000	0.0000	0.0000	0.0000	0.0000	0.0000	0.0000	0.0000	0.0000	0.0000	0.0000	0.0000	0.4066	0.3680	0.0386	0.2338	0.2203	0.0136	0.1727	0.1477	0.0250	0.0886	0.0361	0.0525	0.0244	0.0198	0.0046	0.0643	0.0163	0.0479	inf	inf	0.0000	inf	inf	0.0000	0.0000	0.0000	0.0000	0.0000	0.0000	0.0000	0.0000	0.0000	0.0000	0.0000	0.0000	0.0000						
53	63	0.1196	4	1	1	1	0	0	0	0	0	N	N	N	N	N	N	N	N	N	N	N	N	inf	inf	inf	inf	0.0014	0.0000	0.0163	0.0000	0.0000	0.0000	0.0033	0.0000	0.0239	0.0000	0.0000	0.0000	0.0000	0.0000	0.0000	0.0000	0.0000	0.0000	inf	0.0005	0.0000	4.0000	3.2669	1.0000	2.4507	0.0006	0.0000	0.0006	0.0000	0.0000	0.0000	0.0006	0.0000	0.0006	0.0000	0.0000	0.0000	0.0000	0.0000	0.0000	0.0000	0.0000	0.0000	0.4220	0.3846	0.0374	0.2373	0.2254	0.0119	0.1847	0.1592	0.0255	0.0648	0.0259	0.0389	0.0161	0.0125	0.0036	0.0487	0.0134	0.0353	inf	0.0000	inf	0.0000	0.0000	0.0000	inf	0.0000	inf	0.0000	0.0000	0.0000	0.0000	0.0000	0.0000	0.0000	0.0000	0.0000						
53	64	0.0631	4	2	1	2	0	0	0	0	0	Y	N	Y	N	N	N	N	N	N	N	N	N	0.0000	0.0000	0.0000	0.0000	0.0000	0.0000	0.0000	0.0000	0.0000	0.0000	0.0000	0.0000	0.0000	0.0000	0.0000	0.0000	0.0000	0.0000	0.0000	0.0000	4.0000	0.0000	1.0000	1.0000	0.0000	0.0000	0.0000	0.0000	0.0000	0.0000	0.0000	0.0000	0.0000	0.0000	0.0000	0.0000	0.0000	0.0000	0.0000	0.0000	0.0000	0.0000	0.0000	0.0000	0.0000	0.0000	0.0000	0.0000	0.0000	0.0000	0.0000	0.0135	0.0032	0.0103	0.0000	0.0000	0.0000	0.0135	0.0032	0.0103	0.0000	0.0000	0.0000	0.0000	0.0000	0.0000	0.0000	0.0000	0.0000	0.0000	0.0000	0.0000	0.0000	0.0000	0.0000	0.0000	0.0000	0.0000											
53	65	0.0631	3	2	1	2	0	0	0	0	0	Y	N	Y	N	N	N	N	N	N	N	N	N	0.0000	0.0000	0.0000	0.0000	0.0000	0.0000	0.0000	0.0000	0.0000	0.0000	0.0000	0.0000	0.0000	0.0000	0.0000	0.0000	0.0000	0.0000	0.0000	0.0000	4.0000	0.0000	1.0000	0.0001	0.0000	0.0000	0.0000	0.0000	0.0000	0.0000	0.0000	0.0000	0.0000	0.0000	0.0000	0.0000	0.0000	0.0000	0.0000	0.0000	0.0000	0.0000	0.0000	0.0000	0.0000	0.0000	0.0000	0.0000	0.0000	0.0000	0.0000	0.0000	0.0000	0.0000	0.0000	0.0000	0.0000	0.0000	0.0000	0.0000	0.0000	0.0000	0.0000	0.0000	0.0000	0.0000	0.0000	0.0000	0.0000	0.0000	0.0000	0.0000	0.0000	0.0000	0.0000	0.0000	0.0000	0.0000											
53	66	0.0508	2	2	1	2	0	0	0	0	0	Y	N	Y	N	N	N	N	N	N	N	N	N	0.0000	0.0000	0.0000	0.0000	0.0000	0.0000	0.0000	0.0000	0.0000	0.0000	0.0000	0.0000	0.0000	0.0000	0.0000	0.0000	0.0000	0.0000	0.0000	0.0000	4.0000	1.9720	1.0000	0.0923	0.0000	0.0000	0.0000	0.0000	0.0000	0.0000	0.0000	0.0000	0.0000	0.0000	0.0000	0.0000	0.0000	0.0000	0.0000	0.0000	0.0000	0.0000	0.1400	0.1212	0.0188	0.0187	0.0176	0.0011	0.1213	0.1036	0.0177	0.0359	0.0110	0.0249	0.0045	0.0045	0.0000	0.0314	0.0065	0.0249	0.0000	0.0000	0.0000	0.0000	0.0000	0.0000	0.0000	0.0000	0.0000	0.0000	0.0000	0.0000	0.0000	0.0000	0.0000	0.0000	0.0000	0.0000											
53	68	0.1772	5	1	2	1	1	0	0	0	0	N	Y	N	N	N	N	N	N	N	N	N	N	0.0000	0.0000	0.0000	0.0000	0.0000	0.0000	0.0000	0.0000	0.0000	0.0000	0.0000	0.0000	0.0000	0.0000	0.0000	0.0000	0.0000	0.0000	0.0000	0.0000	4.0000	2.7513	1.0000	4.0954	0.0000	0.0000	0.0000	0.0000	0.0000	0.0000	0.0000	0.0000	0.0000	0.0000	0.0000	0.0000	0.0000	0.0000	0.0000	0.0000	0.0000	0.0000	0.2648	0.2396	0.0253	0.1316	0.1247	0.0069	0.1332	0.1148	0.0184	0.0797	0.0289	0.0508	0.0090	0.0087	0.0003	0.0707	0.0201	0.0505	0.0000	0.0000	0.0000	0.0000	0.0000	0.0000	0.0000	0.0000	0.0000	0.0000	0.0000	0.0000	0.0000	0.0000	0.0000	0.0000	0.0000	0.0000											
53	69	0.0996	3	1	2	1	0	0	0	0	0	N	Y	N	N	N	N	N	N	N	N	N	N	0.0000	0.0000	0.0000	0.0000	0.0000	0.0000	0.0000	0.0000	0.0000	0.0000	0.0000	0.0000	0.0000	0.0000	0.0000	0.0000	0.0000	0.0000	0.0000	0.0000	4.0000	9.9334	1.0000	8.9999	0.0000	0.0000	0.0000	0.0000	0.0000	0.0000	0.0000	0.0000	0.0000	0.0000	0.0000	0.0000	0.0000	0.0000	0.0000	0.0000	0.0000	0.0000	0.6455	0.5711	0.0745	0.1579	0.1487	0.0092	0.4876	0.4224	0.0653	0.1741	0.0586	0.1155	0.0245	0.0156	0.0089	0.1495	0.0430	0.1065	0.0000	0.0000	0.0000	0.0000	0.0000	0.0000	0.0000	0.0000	0.0000	0.0000	0.0000	0.0000	0.0000	0.0000	0.0000	0.0000	0.0000	0.0000											
53	70	0.0996	3	1	2	1	0	0	0	0	0	N	Y	N	N	N	N	N	N	N	N	N	N	0.0000	0.0000	0.0000	0.0000	0.0000	0.0000	0.0000	0.0000	0.0000	0.0000	0.0000	0.0000	0.0000	0.0000	0.0000	0.0000	0.0000	0.0000	0.0000	0.0000	4.0000	0.0666	1.0000	4.0001	0.0000	0.0000	0.0000	0.0000	0.0000	0.0000	0.0000	0.0000	0.0000	0.0000	0.0000	0.0000	0.0000	0.0000	0.0000	0.0000	0.0000	0.0000	0.0245	0.0237	0.0008	0.0208	0.0205	0.0003	0.0037	0.0032	0.0005	0.0474	0.0158	0.0316	0.0073	0.0048	0.0025	0.0401	0.0110	0.0291	0.0000	0.0000	0.0000	0.0000	0.0000	0.0000	0.0000	0.0000	0.0000	0.0000	0.0000	0.0000	0.0000	0.0000	0.0000	0.0000	0.0000	0.0000											
53	74	0.1196	4	1	2	1	0	0	0	0	0	N	Y	N	N	N	N	N	N	N	N	N	N	0.0000	0.0000	0.0000	0.0000	0.0000	0.0000	0.0000	0.0000	0.0000	0.0000	0.0000	0.0000	0.0000	0.0000	0.0000	0.0000	0.0000	0.0000	0.0000	0.0000	4.0000	1.8678	1.0000	4.6278	0.0000	0.0000	0.0000	0.0000	0.0000	0.0000	0.0000	0.0000	0.0000	0.0000	0.0000	0.0000	0.0000	0.0000	0.0000	0.0000	0.0000	0.0000	0.3308	0.3042	0.0267	0.2113	0.2012	0.0101	0.1195	0.1029	0.0166	0.0713	0.0281	0.0432	0.0172	0.0132	0.0040	0.0541	0.0149	0.0392	0.0000	0.0000	0.0000	0.0000	0.0000	0.0000	0.0000	0.0000	0.0000	0.0000	0.0000	0.0000	0.0000	0.0000	0.0000	0.0000	0.0000	0.0000											
53	75	0.0996	3	1	1	1	0	0	0	0	0	N	N	N	N	N	N	N	N	N	N	N	N	0.0000	0.0000	0.0000	0.0000	0.0000	0.0000	0.0000	0.0000	0.0000	0.0000	0.0000	0.0000	0.0000	0.0000	0.0000	0.0000	0.0000	0.0000	0.0000	0.0000	4.0000	4.7010	1.0000	0.6064	0.0000	0.0000	0.0000	0.0000	0.0000	0.0000	0.0000	0.0000	0.0000	0.0000	0.0000	0.0000	0.0000	0.0000	0.0000	0.0000	0.0000	0.0000	0.3389	0.3002	0.0387	0.0939	0.0889	0.0050	0.2450	0.2113	0.0337	0.0606	0.0202	0.0404	0.0093	0.0061	0.0032	0.0513	0.0141	0.0372	0.0000	0.0000	0.0000	0.0000	0.0000	0.0000	0.0000	0.0000	0.0000	0.0000	0.0000	0.0000	0.0000	0.0000	0.0000	0.0000	0.0000	0.0000											
53	78	0.2233	7	2	2	1	1	0	0	0	0	Y	Y	N	N	N	N	N	N	N	N	N	N	0.0000	0.0000	0.0000	0.0000	0.0000	0.0000	0.0000	0.0000	0.0000	0.0000	0.0000	0.0000	0.0000	0.0000	0.0000	0.0000	0.0000	0.0000	0.0000	0.0000	4.0000	1.0000	1.0000	2.0144	0.0000	0.0000	0.0000	0.0000	0.0000	0.0000	0.0000	0.0000	0.0000	0.0000	0.0000	0.0000	0.0000	0.0000	0.0000	0.0000	0.0000	0.0000	0.0800	0.0715	0.0086	0.0306	0.0289	0.0016	0.0495	0.0425	0.0069	0.0326	0.0100	0.0226	0.0029	0.0018	0.0011	0.0297	0.0082	0.0215	0.0000	0.0000	0.0000	0.0000	0.0000	0.0000	0.0000	0.0000	0.0000	0.0000	0.0000	0.0000	0.0000	0.0000	0.0000	0.0000	0.0000	0.0000											
53	79	0.2010	6	2	2	1	1	0	0	0	0	Y	Y	N	N	N	N	N	N	N	N	N	N	0.0000	0.0000	0.0000	0.0000	0.0000	0.0000	0.0000	0.0000	0.0000	0.0000	0.0000	0.0000	0.0000	0.0000	0.0000	0.0000	0.0000	0.0000	0.0000	0.0000	4.0000	0.0001	1.0000	3.0180	0.0000	0.0000	0.0000	0.0000	0.0000	0.0000	0.0000	0.0000	0.0000	0.0000	0.0000	0.0000	0.0000	0.0000	0.0000	0.0000	0.0000	0.0000	0.0000	0.0000	0.0000	0.0000	0.0000	0.0000	0.0000	0.0000	0.0000	0.0323	0.0098	0.0226	0.0026	0.0016	0.0010	0.0297	0.0082	0.0215	0.0000	0.0000	0.0000	0.0000	0.0000	0.0000	0.0000	0.0000	0.0000	0.0000	0.0000	0.0000	0.0000	0.0000	0.0000	0.0000	0.0000	0.0000											
53	80	0.2230	8	1	2	1	1	0	0	0	0	N	Y	N	N	N	N	N	N	N	N	N	N	0.0000	0.0000	0.0000	0.0000	0.0000	0.0000	0.0000	0.0000	0.0000	0.0000	0.0000	0.0000	0.0000	0.0000	0.0000	0.0000	0.0000	0.0000	0.0000	0.0000	4.0000	0.0000	1.0000	0.0000	0.0000	0.0000	0.0000	0.0000	0.0000	0.0000	0.0000	0.0000	0.0000	0.0000	0.0000	0.0000	0.0000	0.0000	0.0000	0.0000	0.0000	0.0000	0.0000	0.0000	0.0000	0.0000	0.0000	0.0000	0.0000	0.0000	0.0000	0.0000	0.0000	0.0000	0.0000	0.0000	0.0000	0.0000	0.0000	0.0000	0.0000	0.0000	0.0000	0.0000	0.0000	0.0000	0.0000	0.0000	0.0000	0.0000	0.0000	0.0000	0.0000	0.0000	0.0000	0.0000	0.0000	0.0000											
53	81	0.2010	6	1	1	2	1	0	0	0	0	N	N	Y	N	N	N	N	N	N	N	N	N	0.0000	0.0000	0.0000	0.0000	0.0000	0.0000	0.0000	0.0000	0.0000	0.0000	0.0000	0.0000	0.0000	0.0000	0.0000	0.0000	0.0000	0.0000	0.0000	0.0000	4.0000	2.0000	1.0000	0.0000	0.0000	0.0000	0.0000	0.0000	0.0000	0.0000	0.0000	0.0000	0.0000	0.0000	0.0000	0.0000	0.0000	0.0000	0.0000	0.0000	0.0000	0.0000	0.1569	0.1401	0.0168	0.0591	0.0559	0.0032	0.0979	0.0842	0.0137	0.0218	0.0066	0.0152	0.0018	0.0011	0.0007	0.0200	0.0055	0.0145	0.0000	0.0000	0.0000	0.0000	0.0000	0.0000	0.0000	0.0000	0.0000	0.0000	0.0000	0.0000	0.0000	0.0000	0.0000	0.0000	0.0000	0.0000											
53	82	0.2010	6	1	1	2	1	0	0	0	0	N	N	Y	N	N	N	N	N	N	N	N	N	0.0000	0.0000	0.0000	0.0000	0.0000	0.0000	0.0000	0.0000	0.0000	0.0000	0.0000	0.0000	0.0000	0.0000	0.0000	0.0000	0.0000	0.0000	0.0000	0.0000	4.0000	0.0000	1.0000	4.0000	0.0000	0.0000	0.0000	0.0000	0.0000	0.0000	0.0000	0.0000	0.0000	0.0000	0.0000	0.0000	0.0000	0.0000	0.0000	0.0000	0.0000	0.0000	0.0000	0.0000	0.0000	0.0000	0.0000	0.0000	0.0000	0.0000	0.0000	0.0422	0.0128	0.0294	0.0034	0.0020	0.0014	0.0388	0.0107	0.0281	0.0000	0.0000	0.0000	0.0000	0.0000	0.0000	0.0000	0.0000	0.0000	0.0000	0.0000	0.0000	0.0000	0.0000	0.0000	0.0000	0.0000	0.0000											
53	83	0.2230	8	1	1	2	1	0	0	0	0	N	N	Y	N	N	N	N	N	N	N	N	N	0.0000	0.0000	0.0000	0.0000	0.0000	0.0000	0.0000	0.0000	0.0000	0.0000	0.0000	0.0000	0.0000	0.0000	0.0000	0.0000	0.0000	0.0000	0.0000	0.0000	4.0000	0.0000	1.0000	2.0000	0.0000	0.0000	0.0000	0.0000	0.0000	0.0000	0.0000	0.0000	0.0000	0.0000	0.0000	0.0000	0.0000	0.0000	0.0000	0.0000	0.0000	0.0000	0.0000	0.0000	0.0000	0.0000	0.0000	0.0000	0.0000	0.0000	0.0000	0.0216	0.0063	0.0153	0.0015	0.0008	0.0007	0.0200	0.0055	0.0145	0.0000	0.0000	0.0000	0.0000	0.0000	0.0000	0.0000	0.0000	0.0000	0.0000	0.0000	0.0000	0.0000	0.0000	0.0000	0.0000	0.0000	0.0000											
53	84	0.2157	7	1	1	1	1	0	0	0	0	N	N	N	N	N	N	N	N	N	N	N	N	0.0000	0.0000	0.0000	0.0000	0.0000	0.0000	0.0000	0.0000	0.0000	0.0000	0.0000	0.0000	0.0000	0.0000	0.0000	0.0000	0.0000	0.0000	0.0000	0.0000	4.0000	1.0000	1.0000	0.0015	0.0000	0.0000	0.0000	0.0000	0.0000	0.0000	0.0000	0.0000	0.0000	0.0000	0.0000	0.0000	0.0000	0.0000	0.0000	0.0000	0.0000	0.0000	0.0800	0.0715	0.0086	0.0306	0.0289	0.0016	0.0495	0.0425	0.0069	0.0112	0.0033	0.0079	0.0010	0.0006	0.0004	0.0103	0.0028	0.0075	0.0000	0.0000	0.0000	0.0000	0.0000	0.0000	0.0000	0.0000	0.0000	0.0000	0.0000	0.0000	0.0000	0.0000	0.0000	0.0000	0.0000	0.0000											
53	85	0.2010	6	1	1	1	1	0	0	0	0	N	N	N	N	N	N	N	N	N	N	N	N	0.0000	0.0000	0.0000	0.0000	0.0000	0.0000	0.0000	0.0000	0.0000	0.0000	0.0000	0.0000	0.0000	0.0000	0.0000	0.0000	0.0000	0.0000	0.0000	0.0000	4.0000	0.0000	1.0000	2.0013	0.0000	0.0000	0.0000	0.0000	0.0000	0.0000	0.0000	0.0000	0.0000	0.0000	0.0000	0.0000	0.0000	0.0000	0.0000	0.0000	0.0000	0.0000	0.0000	0.0000	0.0000	0.0000	0.0000	0.0000	0.0000	0.0000	0.0000	0.0218	0.0066	0.0152	0.0018	0.0011	0.0007	0.0200	0.0055	0.0145	0.0000	0.0000	0.0000	0.0000	0.0000	0.0000	0.0000	0.0000	0.0000	0.0000	0.0000	0.0000	0.0000	0.0000	0.0000	0.0000	0.0000	0.0000											
53	86	0.2409	6	2	2	1	0	0	0	0	0	Y	Y	N	N	N	N	N	N	N	N	N	N	inf	inf	inf	inf	0.1808	0.1926	0.0000	0.0000	0.0000	0.0000	0.5375	0.6144	0.0000	0.0000	0.0000	0.0000	0.0000	0.0000	0.0000	0.0000	0.0000	0.0000	0.0000	-0.0000	0.0000	4.0000	0.0007	1.0000	0.9812	0.0000	0.0000	0.0000	0.0000	0.0000	0.0000	0.0000	0.0000	0.0000	0.0000	0.0000	0.0000	0.0000	0.0000	0.0000	0.0000	0.0000	0.0000	0.0002	0.0002	0.0000	0.0001	0.0001	0.0000	0.0001	0.0000	0.0000	0.0249	0.0121	0.0128	0.0081	0.0077	0.0004	0.0168	0.0044	0.0124	inf	inf	0.0000	0.0000	0.0000	0.0000	inf	inf	0.0000	0.0000	0.0000	0.0000	0.0000	0.0000	0.0000	0.0000	0.0000	0.0000						
53	87	0.1851	5	2	2	1	0	0	0	0	0	Y	Y	N	N	N	N	N	N	N	N	N	N	inf	inf	inf	inf	inf	inf	2.5632	2.8599	0.0000	0.0000	0.0000	0.0000	4.1763	4.8449	0.0000	0.0000	0.0000	0.0000	0.0000	0.0000	0.0000	0.0000	0.0000	0.0000	0.0000	-0.1978	0.0000	4.0000	5.0272	1.0000	2.1572	0.9998	0.9998	0.0000	0.0000	0.0000	0.0000	0.9998	0.9998	0.0000	0.0000	0.0000	0.0000	0.0000	0.0000	0.0000	0.0000	0.0000	0.0000	0.3900	0.3496	0.0405	0.1507	0.1432	0.0074	0.2394	0.2064	0.0330	0.0733	0.0228	0.0504	0.0063	0.0040	0.0023	0.0670	0.0188	0.0481	inf	inf	0.0000	inf	inf	0.0000	inf	inf	0.0000	0.0000	0.0000	0.0000	0.0000	0.0000	0.0000	0.0000	0.0000	0.0000				
53	88	0.2384	7	1	2	1	0	0	0	0	0	N	Y	N	N	N	N	N	N	N	N	N	N	0.0000	0.0000	0.0000	0.0000	0.0000	0.0000	0.0000	0.0000	0.0000	0.0000	0.0000	0.0000	0.0000	0.0000	0.0000	0.0000	0.0000	0.0000	0.0000	0.0000	4.0000	0.0000	1.0000	4.0000	0.0000	0.0000	0.0000	0.0000	0.0000	0.0000	0.0000	0.0000	0.0000	0.0000	0.0000	0.0000	0.0000	0.0000	0.0000	0.0000	0.0000	0.0000	0.0000	0.0000	0.0000	0.0000	0.0000	0.0000	0.0000	0.0000	0.0000	0.0424	0.0133	0.0292	0.0046	0.0031	0.0015	0.0378	0.0102	0.0277	0.0000	0.0000	0.0000	0.0000	0.0000	0.0000	0.0000	0.0000	0.0000	0.0000	0.0000	0.0000	0.0000	0.0000	0.0000	0.0000	0.0000	0.0000											
53	89	0.2010	6	1	2	1	0	0	0	0	0	N	Y	N	N	N	N	N	N	N	N	N	N	0.0000	0.0000	0.0000	0.0000	0.0000	0.0000	0.0000	0.0000	0.0000	0.0000	0.0000	0.0000	0.0000	0.0000	0.0000	0.0000	0.0000	0.0000	0.0000	0.0000	4.0000	3.0000	1.0000	2.0000	0.0000	0.0000	0.0000	0.0000	0.0000	0.0000	0.0000	0.0000	0.0000	0.0000	0.0000	0.0000	0.0000	0.0000	0.0000	0.0000	0.0000	0.0000	0.2309	0.2061	0.0248	0.0857	0.0811	0.0046	0.1452	0.1250	0.0202	0.0519	0.0158	0.0362	0.0042	0.0025	0.0017	0.0478	0.0133	0.0345	0.0000	0.0000	0.0000	0.0000	0.0000	0.0000	0.0000	0.0000	0.0000	0.0000	0.0000	0.0000	0.0000	0.0000	0.0000	0.0000	0.0000	0.0000											
53	90	0.2010	6	2	2	1	0	0	0	0	0	Y	Y	N	N	N	N	N	N	N	N	N	N	0.0000	0.0000	0.0000	0.0000	0.0000	0.0000	0.0000	0.0000	0.0000	0.0000	0.0000	0.0000	0.0000	0.0000	0.0000	0.0000	0.0000	0.0000	0.0000	0.0000	4.0000	2.0000	1.0000	3.0000	0.0000	0.0000	0.0000	0.0000	0.0000	0.0000	0.0000	0.0000	0.0000	0.0000	0.0000	0.0000	0.0000	0.0000	0.0000	0.0000	0.0000	0.0000	0.1569	0.1401	0.0168	0.0591	0.0559	0.0032	0.0979	0.0842	0.0137	0.0519	0.0158	0.0362	0.0042	0.0025	0.0017	0.0478	0.0133	0.0345	0.0000	0.0000	0.0000	0.0000	0.0000	0.0000	0.0000	0.0000	0.0000	0.0000	0.0000	0.0000	0.0000	0.0000	0.0000	0.0000	0.0000	0.0000											
53	91	0.1851	5	1	1	1	0	0	0	0	0	N	N	N	N	N	N	N	N	N	N	N	N	inf	inf	inf	inf	0.0009	0.0010	0.0000	0.0020	0.0021	0.0000	0.0000	0.0000	0.0000	0.0000	0.0000	0.0000	0.0000	0.0000	0.0000	0.0000	0.0000	0.0000	0.0000	-0.0000	0.0000	4.0000	2.0705	1.0000	0.0351	0.0002	0.0002	0.0000	0.0002	0.0002	0.0000	0.0000	0.0000	0.0000	0.0000	0.0000	0.0000	0.0000	0.0000	0.0000	0.0000	0.0000	0.0000	0.1824	0.1645	0.0179	0.0800	0.0764	0.0036	0.1024	0.0881	0.0143	0.0241	0.0077	0.0164	0.0024	0.0017	0.0007	0.0216	0.0060	0.0156	inf	inf	0.0000	inf	inf	0.0000	0.0000	0.0000	0.0000	0.0000	0.0000	0.0000	0.0000	0.0000	0.0000	0.0000	0.0000	0.0000						
53	92	0.1597	4	1	1	1	0	0	0	0	0	N	N	N	N	N	N	N	N	N	N	N	N	inf	inf	inf	inf	0.0005	0.0005	0.0000	0.0000	0.0000	0.0000	0.0009	0.0011	0.0000	0.0000	0.0000	0.0000	0.0000	0.0000	0.0000	0.0000	0.0000	0.0000	0.0000	-0.0000	0.0000	4.0000	3.4249	1.0000	0.1413	0.0002	0.0002	0.0000	0.0000	0.0000	0.0000	0.0002	0.0002	0.0000	0.0000	0.0000	0.0000	0.0000	0.0000	0.0000	0.0000	0.0000	0.0000	0.3539	0.3213	0.0326	0.1830	0.1736	0.0094	0.1709	0.1478	0.0232	0.0433	0.0154	0.0279	0.0057	0.0045	0.0012	0.0376	0.0109	0.0267	inf	inf	0.0000	0.0000	0.0000	0.0000	inf	inf	0.0000	0.0000	0.0000	0.0000	0.0000	0.0000	0.0000	0.0000	0.0000	0.0000						
53	98	0.2965	9	1	1	1	0	0	0	0	0	N	N	N	N	N	N	N	N	N	N	N	N	0.0000	0.0000	0.0000	0.0000	0.0000	0.0000	0.0000	0.0000	0.0000	0.0000	0.0000	0.0000	0.0000	0.0077	0.0140	0.0000	0.0238	0.0252	0.0000	0.0000	0.0000	0.0000	0.0000	0.0000	-0.0011	4.0000	4.9999	1.0000	9.0821	0.0000	0.0000	0.0000	0.0000	0.0000	0.0000	0.0000	0.0000	0.0000	0.0014	0.0014	0.0000	0.0014	0.0014	0.0000	0.0000	0.0000	0.0000	0.5377	0.4894	0.0484	0.2879	0.2711	0.0168	0.2498	0.2183	0.0315	0.1859	0.1025	0.0833	0.0606	0.0572	0.0034	0.1253	0.0454	0.0799	0.0000	0.0000	0.0000	0.0000	0.0000	0.0000	0.0000	0.0000	0.0000	0.0077	0.0140	0.0000	0.0238	0.0252	0.0000	0.0000	0.0000	0.0000						
54	56	0.1868	4	1	1	1	0	0	0	0	0	N	N	N	N	N	N	N	N	N	N	N	N	0.0000	0.0000	0.0000	0.0000	0.0000	0.0000	0.0000	0.0000	0.0000	0.0000	0.0000	0.0000	0.0000	0.0020	0.0060	0.0000	0.0242	0.0269	0.0000	0.0000	0.0000	0.0000	0.0000	0.0000	-0.0003	2.0683	4.0000	6.9961	7.0000	0.0000	0.0000	0.0000	0.0000	0.0000	0.0000	0.0000	0.0000	0.0000	0.0005	0.0005	0.0000	0.0005	0.0005	0.0000	0.0000	0.0000	0.0000	0.1686	0.1496	0.0190	0.0548	0.0519	0.0029	0.1138	0.0978	0.0161	0.2232	0.0746	0.1486	0.0186	0.0167	0.0019	0.2046	0.0578	0.1468	0.0000	0.0000	0.0000	0.0000	0.0000	0.0000	0.0000	0.0000	0.0000	0.0020	0.0060	0.0000	0.0242	0.0269	0.0000	0.0000	0.0000	0.0000						
54	57	0.2515	7	0	2	0	0	0	0	0	0	N	Y	N	N	N	N	N	N	N	N	N	N	0.0042	3.6556	0.0025	0.5696	7.5372	0.0141	0.0001	0.1117	0.0006	0.0115	0.0113	0.0135	0.0704	0.0661	0.1599	0.0004	0.0000	0.0033	2.7280	0.0031	5.3153	0.1236	0.0088	11.3632	3.3040	0.0000	5.3811	0.1493	1817.3187	-0.0004	0.2451	2.0683	9.7645	6.9961	7.4558	0.0062	0.0054	0.0008	0.0060	0.0054	0.0006	0.0002	0.0000	0.0002	0.9786	0.0005	0.9781	0.0080	0.0005	0.0075	0.9706	0.0000	0.9706	0.5407	0.4807	0.0600	0.0858	0.0818	0.0039	0.4550	0.3989	0.0561	0.3587	0.1747	0.1840	0.0650	0.0613	0.0036	0.2938	0.1134	0.1804	0.0042	3.6556	0.0025	0.5696	7.5372	0.0777	0.0001	1.9785	0.0006	2.7280	0.0031	5.3153	0.1236	0.0088	2.0576	3.3040	0.0000	5.3811
54	58	0.3071	8	0	1	1	0	0	0	0	0	N	N	N	N	N	N	N	N	N	N	N	N	0.0108	0.7562	0.0244	0.0172	0.9025	0.0003	0.0042	0.0196	0.0000	0.0000	0.0000	0.0000	0.0000	0.0000	0.0000	0.0000	0.0000	0.0003	0.0000	0.0005	0.0005	0.0000	0.1469	0.0002	0.0000	0.0003	1.0159	263.3935	0.0000	0.0000	2.0683	1.0009	6.9961	0.0163	0.0000	0.0000	0.0000	0.0000	0.0000	0.0000	0.0000	0.0000	0.0000	0.0000	0.0000	0.0000	0.0000	0.0000	0.0000	0.0000	0.0000	0.0000	0.0734	0.0646	0.0087	0.0181	0.0167	0.0013	0.0553	0.0479	0.0074	0.0223	0.0105	0.0119	0.0034	0.0032	0.0001	0.0190	0.0072	0.0118	0.0108	0.7562	0.0244	0.0172	0.9025	0.0029	0.0042	0.0000	0.0196	0.0003	0.0000	0.0005	0.0005	0.0000	0.0133	0.0002	0.0000	0.0003	
54	59	0.2917	7	0	1	0	0	0	0	0	0	N	N	N	N	N	N	N	N	N	N	N	N	1.7608	2.6042	0.0423	3.0203	3.6220	0.0056	0.0008	0.0040	0.0007	0.0007	0.0000	0.0031	0.0033	0.0001	0.0000	0.0000	0.0000	0.0004	0.0003	0.0004	0.0010	0.0009	0.0245	0.0003	0.0000	0.0004	0.0035	1.8662	-0.0000	-0.0000	2.0683	1.9961	6.9961	0.0521	0.0001	0.0001	0.0000	0.0001	0.0001	0.0000	0.0000	0.0000	0.0000	0.0000	0.0000	0.0000	0.0000	0.0000	0.0000	0.0000	0.0000	0.0000	0.1386	0.1220	0.0166	0.0292	0.0271	0.0021	0.1094	0.0949	0.0145	0.0447	0.0204	0.0243	0.0065	0.0063	0.0002	0.0382	0.0141	0.0241	1.7608	2.6042	0.0423	3.0203	3.6220	0.0359	0.0008	0.0000	0.0040	0.0004	0.0003	0.0004	0.0010	0.0009	0.0038	0.0003	0.0000	0.0004	
54	60	0.2839	6	0	1	0	0	0	0	0	0	N	N	N	N	N	N	N	N	N	N	N	N	0.8243	0.6102	3.1780	0.9309	0.6447	0.2391	0.0548	0.2945	0.0009	0.0006	0.0039	0.0032	0.0020	0.0294	0.0000	0.0000	0.0003	0.0011	0.0010	0.0012	0.0034	0.0031	0.1230	0.0007	0.0000	0.0012	0.6777	1.4501	0.0000	-0.0000	2.0683	0.0081	6.9961	1.0507	0.0000	0.0000	0.0000	0.0000	0.0000	0.0000	0.0000	0.0000	0.0000	0.0000	0.0000	0.0000	0.0000	0.0000	0.0000	0.0000	0.0000	0.0000	0.0008	0.0007	0.0001	0.0002	0.0002	0.0000	0.0006	0.0005	0.0001	0.0241	0.0110	0.0130	0.0037	0.0036	0.0001	0.0204	0.0075	0.0129	0.8243	0.6102	3.1780	0.9309	0.6447	2.6233	0.0548	0.0000	0.2945	0.0011	0.0010	0.0012	0.0034	0.0031	0.0112	0.0007	0.0000	0.0012	
54	61	0.2352	5	0	1	0	0	0	0	0	0	N	N	N	N	N	N	N	N	N	N	N	N	0.3042	0.0004	2.7388	0.3972	0.0010	0.3560	0.3060	0.0001	1.5275	0.0013	0.0000	0.0113	0.0046	0.0000	0.1104	0.0008	0.0000	0.0058	0.0044	0.0047	0.0041	0.0117	0.0111	0.3102	0.0025	0.0002	0.0038	830.2712	0.9807	0.0002	-0.0002	2.0683	3.0167	6.9961	3.2580	0.0003	0.0000	0.0003	0.0001	0.0000	0.0001	0.0001	0.0000	0.0001	0.0008	0.0004	0.0004	0.0004	0.0004	0.0000	0.0004	0.0000	0.0004	0.2021	0.1783	0.0239	0.0300	0.0288	0.0013	0.1721	0.1495	0.0226	0.1847	0.0873	0.0973	0.0383	0.0369	0.0014	0.1463	0.0504	0.0959	0.3042	0.0004	2.7388	0.3972	0.0010	4.0541	0.3060	0.0020	1.5275	0.0044	0.0047	0.0041	0.0117	0.0111	0.0272	0.0025	0.0000	0.0038
54	62	0.1604	4	0	2	0	0	0	0	0	0	N	Y	N	N	N	N	N	N	N	N	N	N	0.5420	0.2440	8.6357	0.4277	0.3517	2.2118	0.6611	0.0014	4.1441	0.0092	0.0088	0.0126	0.0244	0.0236	0.0402	0.0006	0.0000	0.0055	0.0169	0.0361	0.0015	0.0571	0.0670	0.0182	0.0010	0.0002	0.0013	0.1452	0.0504	-0.0002	-0.0025	2.0683	3.3327	6.9961	4.3103	0.0030	0.0026	0.0004	0.0028	0.0026	0.0002	0.0001	0.0000	0.0001	0.0035	0.0033	0.0002	0.0034	0.0033	0.0000	0.0001	0.0000	0.0001	0.3230	0.2933	0.0297	0.1156	0.1095	0.0061	0.2074	0.1838	0.0236	0.2077	0.0926	0.1151	0.0589	0.0498	0.0091	0.1488	0.0428	0.1060	0.5420	0.2440	8.6357	0.4277	0.3517	13.7008	0.6611	0.0576	4.1441	0.0169	0.0361	0.0015	0.0571	0.0670	0.0029	0.0010	0.0000	0.0013
54	63	0.1363	3	0	1	0	0	0	0	0	0	N	N	N	N	N	N	N	N	N	N	N	N	0.1853	0.0947	0.6282	0.1361	0.1142	2.5449	0.0628	0.0012	0.3565	0.0185	0.0189	0.0148	0.0433	0.0441	0.0302	0.0012	0.0003	0.0091	0.1001	0.1996	0.0236	0.3180	0.3862	0.0119	0.0197	0.2159	0.0256	0.0772	0.1537	-0.0008	-0.0094	2.0683	3.2669	6.9961	2.4507	0.0063	0.0058	0.0005	0.0060	0.0058	0.0002	0.0002	0.0000	0.0002	0.0153	0.0133	0.0020	0.0131	0.0131	0.0000	0.0022	0.0002	0.0020	0.3394	0.3089	0.0304	0.1397	0.1315	0.0082	0.1997	0.1775	0.0222	0.1533	0.0666	0.0867	0.0413	0.0340	0.0073	0.1120	0.0326	0.0794	0.1853	0.0947	0.6282	0.1361	0.1142	13.9557	0.0628	0.0461	0.3565	0.1001	0.1996	0.0236	0.3180	0.3862	0.0022	0.0197	0.0055	0.0256
54	64	0.2207	7	1	1	1	0	0	0	0	0	N	N	N	N	N	N	N	N	N	N	N	N	0.0000	0.0000	0.0000	0.0000	0.0000	0.0000	0.0000	0.0000	0.0000	0.0000	0.0000	0.0000	0.0000	0.0000	0.0000	0.0000	0.0000	0.0000	0.0000	0.0000	2.0683	0.0000	6.9961	1.0000	0.0000	0.0000	0.0000	0.0000	0.0000	0.0000	0.0000	0.0000	0.0000	0.0000	0.0000	0.0000	0.0000	0.0000	0.0000	0.0000	0.0000	0.0000	0.0000	0.0000	0.0000	0.0000	0.0000	0.0000	0.0000	0.0000	0.0000	0.0235	0.0075	0.0160	0.0021	0.0019	0.0002	0.0214	0.0056	0.0158	0.0000	0.0000	0.0000	0.0000	0.0000	0.0000	0.0000	0.0000	0.0000	0.0000	0.0000	0.0000	0.0000	0.0000	0.0000	0.0000	0.0000	0.0000											
54	65	0.2207	6	1	1	1	0	0	0	0	0	N	N	N	N	N	N	N	N	N	N	N	N	0.0000	0.0000	0.0000	0.0000	0.0000	0.0000	0.0000	0.0000	0.0000	0.0000	0.0000	0.0000	0.0000	0.0037	0.0000	0.0072	0.0000	0.0000	0.0000	0.0069	0.0000	0.0072	inf	0.0000	0.0000	2.0683	0.0000	6.9961	0.0001	0.0000	0.0000	0.0000	0.0000	0.0000	0.0000	0.0000	0.0000	0.0000	0.0000	0.0000	0.0000	0.0000	0.0000	0.0000	0.0000	0.0000	0.0000	0.0000	0.0000	0.0000	0.0000	0.0000	0.0000	0.0000	0.0000	0.0000	0.0000	0.0000	0.0000	0.0000	0.0000	0.0000	0.0000	0.0000	0.0000	0.0000	0.0000	0.0000	0.0000	0.0000	0.0000	0.0000	0.0000	0.0000	0.0037	0.0000	0.0072	0.0000	0.0000	0.0000	0.0069	0.0000	0.0072						
54	66	0.2084	5	1	1	1	0	0	0	0	0	N	N	N	N	N	N	N	N	N	N	N	N	3.1988	10.4196	0.0000	13.0988	13.3468	0.0164	1.4817	0.0000	0.0040	0.0044	0.0000	0.0108	0.0114	0.0000	0.0000	0.0000	0.0000	0.0012	0.0004	0.0017	0.0008	0.0009	0.0000	0.0013	0.0000	0.0017	0.0000	6.8969	-0.0001	0.0000	2.0683	1.9720	6.9961	0.0923	0.0003	0.0003	0.0000	0.0003	0.0003	0.0000	0.0000	0.0000	0.0000	0.0001	0.0000	0.0001	0.0000	0.0000	0.0000	0.0001	0.0000	0.0001	0.0859	0.0764	0.0095	0.0313	0.0296	0.0017	0.0546	0.0468	0.0078	0.0620	0.0227	0.0393	0.0117	0.0113	0.0004	0.0503	0.0114	0.0388	3.1988	10.4196	0.0000	13.0988	13.3468	0.0000	0.0164	17.5925	0.0000	0.0012	0.0004	0.0017	0.0008	0.0009	0.0000	0.0013	0.0000	0.0017	
54	67	0.1868	4	1	1	1	0	0	0	0	0	N	N	N	N	N	N	N	N	N	N	N	N	0.1386	0.0513	0.0394	0.0375	0.0000	0.0000	0.0002	0.0002	0.0000	0.0005	0.0006	0.0000	0.0000	0.0000	0.0000	0.0013	0.0039	0.0000	0.0138	0.0154	0.0000	0.0001	0.0109	0.0000	0.0000	0.0000	-0.0000	-0.0001	2.0683	3.0650	6.9961	1.0636	0.0000	0.0000	0.0000	0.0000	0.0000	0.0000	0.0000	0.0000	0.0000	0.0001	0.0001	0.0000	0.0001	0.0001	0.0000	0.0000	0.0000	0.0000	0.1310	0.1163	0.0148	0.0428	0.0406	0.0023	0.0882	0.0757	0.0125	0.0943	0.0310	0.0633	0.0081	0.0073	0.0008	0.0862	0.0237	0.0625	0.1386	0.0513	0.0000	0.0394	0.0375	0.0000	0.0000	0.0000	0.0000	0.0013	0.0039	0.0000	0.0138	0.0154	0.0000	0.0001	0.0004	0.0000			
54	68	0.1939	4	0	2	0	1	0	0	0	0	N	Y	N	N	N	N	N	N	N	N	N	N	0.0037	0.0017	1.2392	0.1935	0.1881	0.0576	0.0009	0.0003	1.1194	0.0176	0.0193	0.0058	0.0602	0.0637	0.0118	0.0052	0.0053	0.0049	4.7590	11.2511	0.0046	0.3113	0.3388	0.2056	5.5706	16.7200	0.0044	0.0424	0.0006	-0.0006	-0.7067	2.0683	2.7513	6.9961	4.0954	0.0038	0.0037	0.0002	0.0029	0.0029	0.0000	0.0009	0.0008	0.0001	0.9443	0.9438	0.0005	0.0095	0.0095	0.0000	0.9348	0.9343	0.0005	0.2174	0.1904	0.0270	0.0490	0.0456	0.0033	0.1684	0.1447	0.0237	0.1984	0.0839	0.1145	0.0306	0.0280	0.0026	0.1678	0.0559	0.1119	0.0037	0.0017	1.2392	0.1935	0.1881	0.7464	0.0009	0.0003	1.1194	4.7590	11.2511	0.0046	0.3113	0.3388	0.0159	5.5706	16.7200	0.0044
54	69	0.1164	2	0	2	0	0	0	0	0	0	N	Y	N	N	N	N	N	N	N	N	N	N	68.7701	0.0274	388.6429	1.5281	0.0298	1.8543	92.4944	468.4664	2.4763	0.0002	20.6524	0.0366	0.0007	0.4300	3.5941	0.0000	26.3273	0.0360	0.0089	0.0531	0.0240	0.0250	0.2319	0.0389	0.0000	0.0562	11511.5858	9.4381	0.8311	0.0020	2.0683	9.9334	6.9961	8.9999	1.0361	0.0001	1.0360	0.0048	0.0001	0.0047	1.0313	0.0000	1.0313	0.0126	0.0012	0.0114	0.0016	0.0012	0.0004	0.0110	0.0000	0.0110	0.4184	0.3683	0.0502	0.1315	0.1205	0.0110	0.2869	0.2478	0.0392	0.3508	0.1359	0.2149	0.0672	0.0483	0.0188	0.2836	0.0875	0.1961	68.7701	0.0274	388.6429	1.5281	0.0298	20.2260	92.4944	0.0000	468.4664	0.0360	0.0089	0.0531	0.0240	0.0250	0.0213	0.0389	0.0000	0.0562	
54	70	0.1164	2	0	2	0	0	0	0	0	0	N	Y	N	N	N	N	N	N	N	N	N	N	0.1640	0.0670	0.0000	0.0704	0.0519	0.0000	0.0023	0.0024	0.0000	0.0048	0.0049	0.0000	0.0000	0.0000	0.0000	0.0141	0.0363	0.0000	0.0684	0.0935	0.0000	0.0000	0.0000	0.0000	0.0000	0.0000	-0.0000	-0.0010	2.0683	0.0666	6.9961	4.0001	0.0001	0.0001	0.0000	0.0001	0.0001	0.0000	0.0000	0.0000	0.0000	0.0014	0.0013	0.0000	0.0014	0.0013	0.0000	0.0000	0.0000	0.0000	0.0290	0.0276	0.0014	0.0140	0.0139	0.0001	0.0151	0.0138	0.0013	0.0955	0.0372	0.0584	0.0197	0.0144	0.0053	0.0758	0.0227	0.0531	0.1640	0.0670	0.0000	0.0704	0.0519	0.0000	0.0000	0.0000	0.0000	0.0141	0.0363	0.0000	0.0684	0.0935	0.0000	0.0000	0.0000	0.0000			
54	71	0.1868	4	0	2	0	0	0	0	0	0	N	Y	N	N	N	N	N	N	N	N	N	N	0.0000	0.0000	0.0000	0.0000	0.0000	0.0000	0.0000	0.0000	0.0000	0.0000	0.0000	0.0000	0.0000	0.0096	0.0292	0.0000	0.1125	0.1249	0.0000	0.0000	0.0000	0.0000	0.0000	0.0000	-0.0008	2.0683	2.0000	6.9961	3.0000	0.0000	0.0000	0.0000	0.0000	0.0000	0.0000	0.0000	0.0000	0.0000	0.0011	0.0011	0.0000	0.0011	0.0011	0.0000	0.0000	0.0000	0.0000	0.0869	0.0771	0.0098	0.0286	0.0271	0.0015	0.0583	0.0500	0.0083	0.1125	0.0370	0.0755	0.0096	0.0086	0.0010	0.1029	0.0284	0.0745	0.0000	0.0000	0.0000	0.0000	0.0000	0.0000	0.0000	0.0000	0.0000	0.0096	0.0292	0.0000	0.1125	0.1249	0.0000	0.0000	0.0000	0.0000						
54	72	0.1600	3	0	1	0	0	0	0	0	0	N	N	N	N	N	N	N	N	N	N	N	N	0.7969	24.4839	0.0043	3.8434	3.9920	0.0312	1.0997	50.3402	0.0040	0.0201	0.0222	0.0002	0.0072	0.0076	0.0002	0.0337	0.0390	0.0002	0.0253	0.0009	0.0403	0.0019	0.0019	0.0064	0.0307	0.0008	0.0407	0.0008	72.0755	-0.0012	0.0009	2.0683	4.7932	6.9961	0.2507	0.0060	0.0060	0.0000	0.0011	0.0011	0.0000	0.0049	0.0049	0.0000	0.0037	0.0001	0.0036	0.0001	0.0000	0.0000	0.0036	0.0000	0.0036	0.2958	0.2682	0.0276	0.1515	0.1435	0.0079	0.1444	0.1247	0.0197	0.1458	0.0556	0.0902	0.0274	0.0263	0.0010	0.1184	0.0293	0.0891	0.7969	24.4839	0.0043	3.8434	3.9920	0.1706	1.0997	2197.1664	0.0040	0.0253	0.0009	0.0403	0.0019	0.0019	0.0012	0.0307	0.0000	0.0407
54	73	0.1164	2	0	1	0	0	0	0	0	0	N	N	N	N	N	N	N	N	N	N	N	N	0.7069	225.2936	0.5468	2.6828	126.8333	0.0210	0.7507	9.8226	0.6422	0.1591	0.1534	0.2010	0.0607	0.0645	0.0182	0.2075	0.2000	0.2542	0.2250	0.0007	0.3675	0.0226	0.0005	0.8640	0.2764	0.0204	0.3958	0.1780	850.0076	-0.0018	0.0099	2.0683	4.9764	6.9961	2.9948	0.0376	0.0319	0.0057	0.0047	0.0046	0.0001	0.0329	0.0273	0.0056	0.0395	0.0000	0.0395	0.0008	0.0000	0.0008	0.0387	0.0000	0.0387	0.2363	0.2080	0.0283	0.0779	0.0716	0.0064	0.1584	0.1365	0.0219	0.1755	0.0682	0.1074	0.0355	0.0259	0.0097	0.1400	0.0423	0.0977	0.7069	225.2936	0.5468	2.6828	126.8333	0.2219	0.7507	254.3550	0.6422	0.2250	0.0007	0.3675	0.0226	0.0005	0.0819	0.2764	0.0008	0.3958
54	74	0.1363	3	0	2	0	0	0	0	0	0	N	Y	N	N	N	N	N	N	N	N	N	N	0.0331	0.0144	3.5445	0.0124	0.0104	0.5902	3.4086	7295.1707	3.9819	0.0027	0.0027	0.0024	0.0038	0.0039	0.0018	0.0016	0.0015	0.0027	0.0802	0.1860	0.0007	0.3046	0.3740	0.0030	0.0005	0.0000	0.0007	0.0774	0.0048	-0.0001	-0.0100	2.0683	1.8678	6.9961	4.6278	0.0007	0.0007	0.0001	0.0005	0.0005	0.0000	0.0002	0.0002	0.0000	0.0134	0.0134	0.0001	0.0134	0.0134	0.0000	0.0001	0.0000	0.0001	0.2801	0.2577	0.0224	0.1337	0.1266	0.0071	0.1464	0.1312	0.0152	0.1673	0.0718	0.0955	0.0439	0.0357	0.0082	0.1234	0.0361	0.0873	0.0331	0.0144	3.5445	0.0124	0.0104	2.5341	3.4086	7295.1707	3.9819	0.0802	0.1860	0.0007	0.3046	0.3740	0.0007	0.0005	0.0000	0.0007
54	75	0.1164	2	0	1	0	0	0	0	0	0	N	N	N	N	N	N	N	N	N	N	N	N	0.0954	0.0004	1377.6764	0.4214	0.0038	80789.0197	0.1003	0.0003	1406.3259	0.1635	0.0019	1.3554	0.0650	0.0008	0.7909	0.2122	0.0025	1.5198	1.7139	4.4068	0.0010	0.1543	0.2113	0.0000	2.1164	7.0388	0.0011	97.4646	0.0004	0.0292	-0.1567	2.0683	4.7010	6.9961	0.6064	0.0369	0.0004	0.0365	0.0049	0.0001	0.0048	0.0320	0.0003	0.0317	0.2093	0.2092	0.0001	0.0039	0.0039	0.0000	0.2055	0.2054	0.0001	0.2254	0.1985	0.0269	0.0747	0.0686	0.0061	0.1508	0.1299	0.0208	0.1221	0.0475	0.0746	0.0251	0.0183	0.0068	0.0971	0.0292	0.0679	0.0954	0.0004	1377.6764	0.4214	0.0038	80789.0197	0.1003	0.0003	1406.3259	1.7139	4.4068	0.0010	0.1543	0.2113	0.0000	2.1164	7.0388	0.0011
54	78	0.2400	6	1	2	0	1	0	0	0	0	N	Y	N	N	N	N	N	N	N	N	N	N	0.0133	0.0000	0.1909	0.0092	0.0000	0.1732	0.0036	0.0000	0.0188	0.0000	0.0000	0.0001	0.0000	0.0000	0.0002	0.0000	0.0000	0.0000	0.0004	0.0007	0.0003	0.0019	0.0024	0.0013	0.0002	0.0000	0.0003	inf	0.5918	0.0000	-0.0000	2.0683	1.0000	6.9961	2.0144	0.0000	0.0000	0.0000	0.0000	0.0000	0.0000	0.0000	0.0000	0.0000	0.0000	0.0000	0.0000	0.0000	0.0000	0.0000	0.0000	0.0000	0.0000	0.0530	0.0468	0.0062	0.0161	0.0148	0.0013	0.0369	0.0320	0.0049	0.0707	0.0265	0.0442	0.0107	0.0081	0.0025	0.0601	0.0184	0.0416	0.0133	0.0000	0.1909	0.0092	0.0000	0.5476	0.0036	0.0000	0.0188	0.0004	0.0007	0.0003	0.0019	0.0024	0.0004	0.0002	0.0000	0.0003
54	79	0.2178	5	1	2	0	1	0	0	0	0	N	Y	N	N	N	N	N	N	N	N	N	N	80.8247	34.0172	44.0955	36.1752	0.0000	0.0000	0.0821	0.0930	0.0000	0.2691	0.2926	0.0000	0.0000	0.0000	0.0000	0.0010	0.0027	0.0000	0.0061	0.0081	0.0000	0.0002	0.0137	0.0000	0.0000	0.0000	-0.0000	-0.0001	2.0683	0.0001	6.9961	3.0180	0.0000	0.0000	0.0000	0.0000	0.0000	0.0000	0.0000	0.0000	0.0000	0.0001	0.0001	0.0000	0.0001	0.0001	0.0000	0.0000	0.0000	0.0000	0.0000	0.0000	0.0000	0.0000	0.0000	0.0000	0.0000	0.0000	0.0000	0.0702	0.0261	0.0441	0.0101	0.0076	0.0025	0.0601	0.0185	0.0416	80.8247	34.0172	0.0000	44.0955	36.1752	0.0000	0.0000	0.0000	0.0000	0.0010	0.0027	0.0000	0.0061	0.0081	0.0000	0.0002	0.0005	0.0000			
54	80	0.2398	7	0	2	0	1	0	0	0	0	N	Y	N	N	N	N	N	N	N	N	N	N	0.0000	0.0000	0.0000	0.0000	0.0000	0.0000	0.0000	0.0000	0.0000	0.0000	0.0000	0.0000	0.0000	0.0000	0.0000	0.0000	0.0000	0.0000	0.0000	0.0000	2.0683	0.0000	6.9961	0.0000	0.0000	0.0000	0.0000	0.0000	0.0000	0.0000	0.0000	0.0000	0.0000	0.0000	0.0000	0.0000	0.0000	0.0000	0.0000	0.0000	0.0000	0.0000	0.0000	0.0000	0.0000	0.0000	0.0000	0.0000	0.0000	0.0000	0.0000	0.0000	0.0000	0.0000	0.0000	0.0000	0.0000	0.0000	0.0000	0.0000	0.0000	0.0000	0.0000	0.0000	0.0000	0.0000	0.0000	0.0000	0.0000	0.0000	0.0000	0.0000	0.0000	0.0000	0.0000	0.0000	0.0000	0.0000											
54	81	0.2178	5	0	1	1	1	0	0	0	0	N	N	N	N	N	N	N	N	N	N	N	N	0.0000	0.0000	0.0000	0.0000	0.0000	0.0000	0.0000	0.0000	0.0000	0.0000	0.0000	0.0000	0.0000	0.0000	0.0000	0.0000	0.0000	0.0000	0.0000	0.0000	2.0683	2.0000	6.9961	0.0000	0.0000	0.0000	0.0000	0.0000	0.0000	0.0000	0.0000	0.0000	0.0000	0.0000	0.0000	0.0000	0.0000	0.0000	0.0000	0.0000	0.0000	0.0000	0.1037	0.0916	0.0120	0.0313	0.0288	0.0025	0.0724	0.0629	0.0095	0.0474	0.0176	0.0298	0.0068	0.0052	0.0017	0.0406	0.0125	0.0282	0.0000	0.0000	0.0000	0.0000	0.0000	0.0000	0.0000	0.0000	0.0000	0.0000	0.0000	0.0000	0.0000	0.0000	0.0000	0.0000	0.0000	0.0000											
54	82	0.2178	5	0	1	1	1	0	0	0	0	N	N	N	N	N	N	N	N	N	N	N	N	0.0000	0.0000	0.0000	0.0000	0.0000	0.0000	0.0000	0.0000	0.0000	0.0000	0.0000	0.0000	0.0000	0.0000	0.0000	10.8936	29.2824	0.0000	0.0107	0.0141	0.0000	12.7211	41.3240	0.0000	0.0000	0.0000	-0.7456	2.0683	0.0000	6.9961	4.0000	0.0000	0.0000	0.0000	0.0000	0.0000	0.0000	0.0000	0.0000	0.0000	0.9956	0.9956	0.0000	0.0001	0.0001	0.0000	0.9954	0.9954	0.0000	0.0000	0.0000	0.0000	0.0000	0.0000	0.0000	0.0000	0.0000	0.0000	0.0914	0.0340	0.0574	0.0131	0.0099	0.0032	0.0782	0.0241	0.0542	0.0000	0.0000	0.0000	0.0000	0.0000	0.0000	0.0000	0.0000	0.0000	10.8936	29.2824	0.0000	0.0107	0.0141	0.0000	12.7211	41.3240	0.0000				
54	83	0.2398	7	0	1	1	1	0	0	0	0	N	N	N	N	N	N	N	N	N	N	N	N	0.0000	0.0000	0.0000	0.0000	0.0000	0.0000	0.0000	0.0000	0.0000	0.0000	0.0000	0.0000	0.0000	0.0000	0.0000	0.1513	0.4153	0.0000	0.0636	0.0874	0.0000	0.1653	1.5058	0.0000	0.0000	0.0000	-0.0053	2.0683	0.0000	6.9961	2.0000	0.0000	0.0000	0.0000	0.0000	0.0000	0.0000	0.0000	0.0000	0.0000	0.0071	0.0071	0.0000	0.0004	0.0004	0.0000	0.0067	0.0067	0.0000	0.0000	0.0000	0.0000	0.0000	0.0000	0.0000	0.0000	0.0000	0.0000	0.0470	0.0171	0.0299	0.0064	0.0047	0.0017	0.0406	0.0124	0.0282	0.0000	0.0000	0.0000	0.0000	0.0000	0.0000	0.0000	0.0000	0.0000	0.1513	0.4153	0.0000	0.0636	0.0874	0.0000	0.1653	0.5390	0.0000				
54	84	0.2324	6	0	1	0	1	0	0	0	0	N	N	N	N	N	N	N	N	N	N	N	N	0.0000	0.0000	0.0000	0.0000	0.0000	0.0000	0.0000	0.0000	0.0000	0.0000	0.0000	0.0000	0.0000	0.0000	0.0000	0.0000	0.0000	0.0001	0.0000	0.0001	0.0000	0.0000	0.0001	0.0001	0.0000	0.0001	320.0000	0.0000	0.0000	2.0683	1.0000	6.9961	0.0015	0.0000	0.0000	0.0000	0.0000	0.0000	0.0000	0.0000	0.0000	0.0000	0.0000	0.0000	0.0000	0.0000	0.0000	0.0000	0.0000	0.0000	0.0000	0.0530	0.0468	0.0062	0.0161	0.0148	0.0013	0.0369	0.0320	0.0049	0.0245	0.0090	0.0155	0.0036	0.0027	0.0009	0.0209	0.0063	0.0145	0.0000	0.0000	0.0000	0.0000	0.0000	0.0000	0.0000	0.0000	0.0000	0.0001	0.0000	0.0001	0.0000	0.0000	0.0001	0.0001	0.0000	0.0001		
54	85	0.2178	5	0	1	0	1	0	0	0	0	N	N	N	N	N	N	N	N	N	N	N	N	0.0000	0.0000	0.0000	0.0000	0.0000	0.0000	0.0000	0.0000	0.0000	0.0000	0.0000	0.0000	0.0000	0.0000	0.0000	0.0022	0.0058	0.0000	0.0003	0.0004	0.0000	0.0025	0.2801	0.0000	0.0000	0.0000	-0.0001	2.0683	0.0000	6.9961	2.0013	0.0000	0.0000	0.0000	0.0000	0.0000	0.0000	0.0000	0.0000	0.0000	0.0001	0.0001	0.0000	0.0000	0.0000	0.0000	0.0001	0.0001	0.0000	0.0000	0.0000	0.0000	0.0000	0.0000	0.0000	0.0000	0.0000	0.0000	0.0475	0.0176	0.0299	0.0068	0.0052	0.0017	0.0406	0.0125	0.0282	0.0000	0.0000	0.0000	0.0000	0.0000	0.0000	0.0000	0.0000	0.0000	0.0022	0.0058	0.0000	0.0003	0.0004	0.0000	0.0025	0.0080	0.0000				
54	86	0.2576	5	1	2	0	0	0	0	0	0	N	Y	N	N	N	N	N	N	N	N	N	N	1.6672	0.3591	17.8941	1.2657	0.0655	11.4205	1.4043	22.4421	1.5999	0.0057	0.0012	0.0605	0.0068	0.0004	0.1181	0.0035	0.0032	0.0055	0.0034	0.0035	0.0034	0.0054	0.0056	0.0103	0.0025	0.0001	0.0034	3.9630	0.9680	0.0000	-0.0000	2.0683	0.0007	6.9961	0.9812	0.0000	0.0000	0.0000	0.0000	0.0000	0.0000	0.0000	0.0000	0.0000	0.0002	0.0001	0.0001	0.0001	0.0001	0.0000	0.0001	0.0000	0.0001	0.0001	0.0001	0.0000	0.0001	0.0001	0.0000	0.0000	0.0000	0.0000	0.0478	0.0240	0.0238	0.0158	0.0149	0.0009	0.0320	0.0091	0.0229	1.6672	0.3591	17.8941	1.2657	0.0655	63.6214	1.4043	802.7261	1.5999	0.0034	0.0035	0.0034	0.0054	0.0056	0.0019	0.0025	0.0000	0.0034
54	87	0.2018	4	1	2	0	0	0	0	0	0	N	Y	N	N	N	N	N	N	N	N	N	N	8.4293	4.8169	1.5852	4.5744	3.9277	0.1350	6.0970	1.0127	1.7288	0.0242	0.0270	0.0019	0.0652	0.0703	0.0017	0.0053	0.0057	0.0020	0.0029	0.0056	0.0012	0.0143	0.0179	0.0124	0.0009	0.0057	0.0011	0.0088	0.3523	-0.0012	-0.0002	2.0683	5.0272	6.9961	2.1572	0.0064	0.0064	0.0001	0.0055	0.0055	0.0000	0.0010	0.0009	0.0000	0.0005	0.0003	0.0001	0.0003	0.0003	0.0000	0.0001	0.0000	0.0001	0.2657	0.2362	0.0295	0.0839	0.0777	0.0062	0.1817	0.1585	0.0233	0.1579	0.0598	0.0980	0.0237	0.0182	0.0055	0.1342	0.0417	0.0925	8.4293	4.8169	1.5852	4.5744	3.9277	0.7363	6.0970	23.8957	1.7288	0.0029	0.0056	0.0012	0.0143	0.0179	0.0023	0.0009	0.0002	0.0011
54	88	0.2551	6	0	2	0	0	0	0	0	0	N	Y	N	N	N	N	N	N	N	N	N	N	0.0000	0.0000	0.0000	0.0000	0.0000	0.0000	0.0000	0.0000	0.0000	0.0000	0.0000	0.0000	0.0000	0.0000	0.0000	10.6995	28.2037	0.0000	0.0595	0.0774	0.0000	12.8254	42.5497	0.0000	0.0000	0.0000	-0.7357	2.0683	0.0000	6.9961	4.0000	0.0000	0.0000	0.0000	0.0000	0.0000	0.0000	0.0000	0.0000	0.0000	0.9823	0.9823	0.0000	0.0009	0.0009	0.0000	0.9814	0.9814	0.0000	0.0000	0.0000	0.0000	0.0000	0.0000	0.0000	0.0000	0.0000	0.0000	0.0918	0.0348	0.0570	0.0153	0.0118	0.0035	0.0765	0.0231	0.0535	0.0000	0.0000	0.0000	0.0000	0.0000	0.0000	0.0000	0.0000	0.0000	10.6995	28.2037	0.0000	0.0595	0.0774	0.0000	12.8254	42.5497	0.0000				
54	89	0.2178	5	0	2	0	0	0	0	0	0	N	Y	N	N	N	N	N	N	N	N	N	N	0.6630	0.2792	0.3177	0.2602	0.0006	0.0007	0.0000	0.0020	0.0021	0.0000	0.0000	0.0000	0.0000	0.0009	0.0024	0.0000	0.0062	0.0082	0.0000	0.0000	0.0000	0.0000	0.0000	0.0000	-0.0000	-0.0001	2.0683	3.0000	6.9961	2.0000	0.0001	0.0001	0.0000	0.0001	0.0001	0.0000	0.0000	0.0000	0.0000	0.0001	0.0001	0.0000	0.0001	0.0001	0.0000	0.0000	0.0000	0.0000	0.1522	0.1346	0.0176	0.0456	0.0420	0.0036	0.1066	0.0926	0.0140	0.1122	0.0418	0.0704	0.0161	0.0121	0.0040	0.0960	0.0296	0.0664	0.6630	0.2792	0.0000	0.3177	0.2602	0.0000	0.0000	0.0000	0.0000	0.0009	0.0024	0.0000	0.0062	0.0082	0.0000	0.0000	0.0000	0.0000					
54	90	0.2178	5	1	2	0	0	0	0	0	0	N	Y	N	N	N	N	N	N	N	N	N	N	0.0022	0.0009	0.0060	0.0049	0.0000	0.0000	0.0001	0.0001	0.0000	0.0003	0.0003	0.0000	0.0000	0.0000	0.0000	0.0448	0.1202	0.0000	0.0534	0.0708	0.0000	0.0433	1.1190	0.0000	0.0000	0.0000	-0.0000	-0.0038	2.0683	2.0000	6.9961	3.0000	0.0000	0.0000	0.0000	0.0000	0.0000	0.0000	0.0000	0.0000	0.0000	0.0050	0.0050	0.0000	0.0009	0.0009	0.0000	0.0042	0.0042	0.0000	0.1037	0.0916	0.0120	0.0313	0.0288	0.0025	0.0724	0.0629	0.0095	0.1122	0.0418	0.0704	0.0161	0.0121	0.0040	0.0960	0.0296	0.0664	0.0022	0.0009	0.0000	0.0060	0.0049	0.0000	0.0000	0.0000	0.0000	0.0448	0.1202	0.0000	0.0534	0.0708	0.0000	0.0433	0.1404	0.0000			
54	91	0.2018	4	0	1	0	0	0	0	0	0	N	N	N	N	N	N	N	N	N	N	N	N	1448.6539	0.0792	19631.7801	0.2080	0.0692	0.6976	4899.2346	0.0528	26721.9060	7.5868	0.0006	71.8884	0.0040	0.0016	0.0391	11.7734	0.0001	92.3852	0.0052	0.0077	0.0037	0.0193	0.0224	0.0561	0.0024	0.0010	0.0035	13885.7142	0.7455	0.7967	-0.0001	2.0683	2.0705	6.9961	0.0351	0.9933	0.0001	0.9932	0.0002	0.0001	0.0001	0.9931	0.0000	0.9931	0.0003	0.0002	0.0001	0.0002	0.0002	0.0000	0.0001	0.0000	0.0001	0.1309	0.1171	0.0138	0.0466	0.0435	0.0031	0.0844	0.0736	0.0107	0.0532	0.0207	0.0325	0.0089	0.0071	0.0018	0.0443	0.0136	0.0307	1448.6539	0.0792	19631.7801	0.2080	0.0692	5.4624	4899.2346	2.3974	26721.9060	0.0052	0.0077	0.0037	0.0193	0.0224	0.0072	0.0024	0.0000	0.0035
54	92	0.1764	3	0	1	0	0	0	0	0	0	N	N	N	N	N	N	N	N	N	N	N	N	2.5721	0.4225	59.0641	0.2947	0.2627	0.0738	15.2937	0.0525	104.9891	0.0589	0.0193	0.3843	0.0279	0.0281	0.0242	0.0828	0.0120	0.5357	0.0229	0.0457	0.0065	0.0945	0.1071	0.3280	0.0054	0.2290	0.0051	2.4194	0.1982	0.0081	-0.0013	2.0683	3.4249	6.9961	0.1413	0.0159	0.0046	0.0112	0.0033	0.0031	0.0002	0.0126	0.0016	0.0110	0.0022	0.0018	0.0004	0.0018	0.0017	0.0001	0.0004	0.0001	0.0003	0.2696	0.2404	0.0292	0.1173	0.1086	0.0087	0.1524	0.1318	0.0206	0.0956	0.0400	0.0557	0.0188	0.0157	0.0031	0.0769	0.0243	0.0526	2.5721	0.4225	59.0641	0.2947	0.2627	0.7954	15.2937	1.9792	104.9891	0.0229	0.0457	0.0065	0.0945	0.1071	0.0304	0.0054	0.0061	0.0051
54	98	0.3133	8	0	1	0	0	0	0	0	0	N	N	N	N	N	N	N	N	N	N	N	N	3.9672	2.5537	2.7276	3.6901	3.6546	0.2490	2.2432	0.1038	0.7202	0.0585	0.0645	0.0015	0.1598	0.1712	0.0052	0.0008	0.0009	0.0003	0.0147	0.0253	0.0006	0.0433	0.0469	0.0210	0.0004	0.0086	0.0004	0.0026	0.0167	-0.0049	-0.0043	2.0683	4.9999	6.9961	9.0821	0.0253	0.0252	0.0001	0.0251	0.0250	0.0001	0.0002	0.0002	0.0000	0.0058	0.0057	0.0001	0.0057	0.0057	0.0000	0.0001	0.0000	0.0001	0.4328	0.3910	0.0418	0.1569	0.1461	0.0108	0.2759	0.2449	0.0310	0.3941	0.2260	0.1681	0.1319	0.1211	0.0107	0.2623	0.1049	0.1574	3.9672	2.5537	2.7276	3.6901	3.6546	1.5701	2.2432	2.5580	0.7202	0.0147	0.0253	0.0006	0.0433	0.0469	0.0033	0.0004	0.0003	0.0004
55	56	0.1271	3	1	0	1	0	0	0	0	0	N	N	N	N	N	N	N	N	N	N	N	N	0.0000	0.0000	0.0000	0.0000	0.0000	0.0000	0.0000	0.0000	0.0000	0.0000	0.0000	0.0000	0.0000	0.0000	0.0000	0.0023	0.0066	0.0002	0.0000	0.0000	0.0000	0.0027	0.2839	0.0002	0.0465	0.0000	-0.0003	3.9265	4.0000	5.0808	7.0000	0.0000	0.0000	0.0000	0.0000	0.0000	0.0000	0.0000	0.0000	0.0000	0.0005	0.0004	0.0000	0.0000	0.0000	0.0000	0.0005	0.0004	0.0000	0.2894	0.2566	0.0328	0.0829	0.0786	0.0043	0.2065	0.1780	0.0285	0.1943	0.0651	0.1291	0.0288	0.0181	0.0107	0.1655	0.0470	0.1184	0.0000	0.0000	0.0000	0.0000	0.0000	0.0000	0.0000	0.0000	0.0000	0.0023	0.0066	0.0002	0.0000	0.0000	0.0000	0.0027	0.0091	0.0002				
55	57	0.1917	6	0	1	0	0	0	0	0	0	N	N	N	N	N	N	N	N	N	N	N	N	24.1345	85.3203	4.7057	276.9744	4077.3958	2.3372	0.3120	0.0022	1.8643	1.1095	1.1981	0.3349	3.2263	3.3808	1.0360	0.0181	0.0013	0.1390	0.0460	0.0140	0.0712	0.0116	0.0008	0.4433	0.0579	0.6038	0.0746	0.0320	6.4226	-0.1692	0.0016	3.9265	9.7645	5.0808	7.4558	1.0139	0.9825	0.0314	1.0030	0.9818	0.0212	0.0109	0.0007	0.0102	0.0137	0.0018	0.0118	0.0009	0.0000	0.0008	0.0128	0.0018	0.0110	0.9138	0.8200	0.0938	0.3109	0.2904	0.0205	0.6029	0.5296	0.0733	0.2976	0.1313	0.1664	0.0767	0.0578	0.0189	0.2210	0.0735	0.1475	24.1345	85.3203	4.7057	276.9744	4077.3958	23.1691	0.3120	0.0537	1.8643	0.0460	0.0140	0.0712	0.0116	0.0008	0.0447	0.0579	0.0244	0.0746
55	58	0.2473	7	0	0	1	0	0	0	0	0	N	N	N	N	N	N	N	N	N	N	N	N	1.7444	0.0049	689.9752	0.5119	0.0043	inf	93.9447	inf	477.3398	0.0002	0.0000	0.0016	0.0002	0.0000	0.0021	0.0002	0.0000	0.0012	0.0001	0.0002	0.0000	0.0003	0.0005	0.0000	0.0000	0.0000	0.0000	187.0075	0.0129	0.0000	-0.0000	3.9265	1.0009	5.0808	0.0163	0.0000	0.0000	0.0000	0.0000	0.0000	0.0000	0.0000	0.0000	0.0000	0.0000	0.0000	0.0000	0.0000	0.0000	0.0000	0.0000	0.0000	0.0000	0.1209	0.1081	0.0128	0.0573	0.0525	0.0048	0.0636	0.0556	0.0081	0.0178	0.0082	0.0096	0.0049	0.0036	0.0012	0.0130	0.0046	0.0084	1.7444	0.0049	689.9752	0.5119	0.0043	inf	93.9447	inf	477.3398	0.0001	0.0002	0.0000	0.0003	0.0005	0.0000	0.0000	0.0000	0.0000
55	59	0.2319	6	0	0	0	0	0	0	0	0	N	N	N	N	N	N	N	N	N	N	N	N	6.3190	3.3400	19.8158	9.4140	6.9978	inf	0.0000	0.0000	0.0000	0.0005	0.0005	0.0004	0.0012	0.0012	0.0012	0.0000	0.0000	0.0000	0.0001	0.0002	0.0000	0.0001	0.0002	0.0000	0.0001	0.0046	0.0000	0.0883	0.1550	-0.0000	-0.0000	3.9265	1.9961	5.0808	0.0521	0.0001	0.0001	0.0000	0.0001	0.0001	0.0000	0.0000	0.0000	0.0000	0.0000	0.0000	0.0000	0.0000	0.0000	0.0000	0.0000	0.0000	0.0000	0.2285	0.2040	0.0245	0.0990	0.0909	0.0081	0.1294	0.1131	0.0163	0.0360	0.0160	0.0200	0.0096	0.0071	0.0025	0.0264	0.0089	0.0175	6.3190	3.3400	19.8158	9.4140	6.9978	inf	0.0000	0.0000	0.0000	0.0001	0.0002	0.0000	0.0001	0.0002	0.0000	0.0001	0.0002	0.0000
55	60	0.2242	5	0	0	0	0	0	0	0	0	N	N	N	N	N	N	N	N	N	N	N	N	113.3191	88.4027	544.1148	212.8972	86.3086	inf	0.0000	0.0000	0.0000	0.0142	0.0078	0.0842	0.0306	0.0164	0.2556	0.0000	0.0000	0.0000	0.0001	0.0001	0.0002	0.0001	0.0002	0.0000	0.0001	0.0001	0.0002	0.9807	2.1563	0.0000	-0.0000	3.9265	0.0081	5.0808	1.0507	0.0000	0.0000	0.0000	0.0000	0.0000	0.0000	0.0000	0.0000	0.0000	0.0000	0.0000	0.0000	0.0000	0.0000	0.0000	0.0000	0.0000	0.0000	0.0014	0.0013	0.0001	0.0006	0.0006	0.0000	0.0007	0.0007	0.0001	0.0193	0.0087	0.0107	0.0052	0.0039	0.0013	0.0141	0.0047	0.0094	113.3191	88.4027	544.1148	212.8972	86.3086	inf	0.0000	0.0000	0.0000	0.0001	0.0001	0.0002	0.0001	0.0002	0.0000	0.0001	0.0000	0.0002
55	61	0.1754	4	0	0	0	0	0	0	0	0	N	N	N	N	N	N	N	N	N	N	N	N	6.8453	0.3277	36.8481	11.6386	0.3726	3.0155	4.6679	0.0151	26.2569	0.0670	0.0001	0.6228	0.1025	0.0002	1.4267	0.0474	0.0001	0.3719	0.0098	0.0005	0.0169	0.0088	0.0006	0.4731	0.0102	0.0073	0.0142	503.0846	48.8429	0.0177	0.0003	3.9265	3.0167	5.0808	3.2580	0.0222	0.0000	0.0221	0.0121	0.0000	0.0121	0.0101	0.0000	0.0101	0.0015	0.0000	0.0014	0.0004	0.0000	0.0003	0.0011	0.0000	0.0011	0.3306	0.2951	0.0355	0.1179	0.1094	0.0084	0.2128	0.1857	0.0271	0.1510	0.0652	0.0857	0.0405	0.0333	0.0073	0.1104	0.0320	0.0785	6.8453	0.3277	36.8481	11.6386	0.3726	30.7315	4.6679	0.3347	26.2569	0.0098	0.0005	0.0169	0.0088	0.0006	0.0464	0.0102	0.0003	0.0142
55	62	0.1006	3	0	1	0	0	0	0	0	0	N	N	N	N	N	N	N	N	N	N	N	N	2.0070	0.0061	534.6859	0.3537	0.0001	2417.1251	53.8547	0.2577	289.9507	0.6700	0.0059	5.7993	0.9302	0.0002	11.3632	0.4559	0.0109	3.1530	0.3338	0.9604	0.0108	2.6299	2.6703	0.0047	0.0085	0.0422	0.0109	127.9237	0.0219	0.2687	-0.0456	3.9265	3.3327	5.0808	4.3103	0.3382	0.0026	0.3356	0.2120	0.0000	0.2119	0.1262	0.0026	0.1237	0.0627	0.0613	0.0013	0.0613	0.0613	0.0000	0.0014	0.0000	0.0013	0.5048	0.4469	0.0579	0.2279	0.2092	0.0187	0.2769	0.2377	0.0392	0.1878	0.0639	0.1239	0.0233	0.0230	0.0004	0.1645	0.0409	0.1236	2.0070	0.0061	534.6859	0.3537	0.0001	11861.4820	53.8547	9.1489	289.9507	0.3338	0.9604	0.0108	2.6299	2.6703	0.0010	0.0085	0.0012	0.0109
55	63	0.0766	2	0	0	0	0	0	0	0	0	N	N	N	N	N	N	N	N	N	N	N	N	2.1158	15.9680	7.0933	16.1966	8.6533	38540.9690	1.0892	0.6299	4.2119	1.1413	0.5563	5.4780	1.7655	0.9687	9.5199	0.6272	0.1981	3.2625	0.5394	0.0348	0.7723	0.1090	0.1119	0.0002	0.5758	0.3145	0.7746	1.3284	48.0331	0.2223	0.0174	3.9265	3.2669	5.0808	2.4507	0.5965	0.2562	0.3403	0.4168	0.2074	0.2094	0.1798	0.0488	0.1309	0.0753	0.0015	0.0737	0.0012	0.0012	0.0000	0.0741	0.0003	0.0737	0.5227	0.4605	0.0621	0.2361	0.2141	0.0220	0.2866	0.2465	0.0401	0.1395	0.0441	0.0955	0.0109	0.0106	0.0003	0.1286	0.0335	0.0952	2.1158	15.9680	7.0933	16.1966	8.6533	63046.5941	1.0892	19.0250	4.2119	0.5394	0.0348	0.7723	0.1090	0.1119	0.0002	0.5758	0.0104	0.7746
55	64	0.1610	6	1	0	1	0	0	0	0	0	N	N	N	N	N	N	N	N	N	N	N	N	0.0000	0.0000	0.0000	0.0000	0.0000	0.0000	0.0000	0.0000	0.0000	0.0000	0.0000	0.0000	0.0000	0.0000	0.0000	0.0000	0.0000	0.0000	0.0000	0.0000	3.9265	0.0000	5.0808	1.0000	0.0000	0.0000	0.0000	0.0000	0.0000	0.0000	0.0000	0.0000	0.0000	0.0000	0.0000	0.0000	0.0000	0.0000	0.0000	0.0000	0.0000	0.0000	0.0000	0.0000	0.0000	0.0000	0.0000	0.0000	0.0000	0.0000	0.0000	0.0218	0.0072	0.0146	0.0031	0.0021	0.0010	0.0186	0.0051	0.0136	0.0000	0.0000	0.0000	0.0000	0.0000	0.0000	0.0000	0.0000	0.0000	0.0000	0.0000	0.0000	0.0000	0.0000	0.0000	0.0000	0.0000	0.0000											
55	65	0.1610	5	1	0	1	0	0	0	0	0	N	N	N	N	N	N	N	N	N	N	N	N	0.0000	0.0000	0.0000	0.0000	0.0000	0.0000	0.0000	0.0000	0.0000	0.0000	0.0000	0.0000	0.0000	0.0038	0.0078	0.0000	0.0080	0.0081	0.0000	0.0000	0.0000	0.0000	0.0000	0.0000	-0.0000	3.9265	0.0000	5.0808	0.0001	0.0000	0.0000	0.0000	0.0000	0.0000	0.0000	0.0000	0.0000	0.0000	0.0000	0.0000	0.0000	0.0000	0.0000	0.0000	0.0000	0.0000	0.0000	0.0000	0.0000	0.0000	0.0000	0.0000	0.0000	0.0000	0.0000	0.0000	0.0000	0.0000	0.0000	0.0000	0.0000	0.0000	0.0000	0.0000	0.0000	0.0000	0.0000	0.0000	0.0000	0.0000	0.0000	0.0000	0.0000	0.0000	0.0038	0.0078	0.0000	0.0080	0.0081	0.0000	0.0000	0.0000	0.0000						
55	66	0.1487	4	1	0	1	0	0	0	0	0	N	N	N	N	N	N	N	N	N	N	N	N	1.3788	0.4721	19.0168	0.0630	0.0401	inf	11.4859	inf	19.1803	0.0021	0.0017	0.0052	0.0004	0.0003	0.0019	0.0025	0.0021	0.0055	0.0015	0.0035	0.0003	0.0056	0.0067	0.0000	0.0002	0.0000	0.0003	0.4000	0.1278	0.0000	-0.0001	3.9265	1.9720	5.0808	0.0923	0.0003	0.0002	0.0001	0.0000	0.0000	0.0000	0.0003	0.0002	0.0001	0.0001	0.0001	0.0000	0.0001	0.0001	0.0000	0.0000	0.0000	0.0000	0.1650	0.1462	0.0188	0.0365	0.0346	0.0019	0.1285	0.1116	0.0169	0.0582	0.0219	0.0363	0.0137	0.0116	0.0021	0.0445	0.0103	0.0342	1.3788	0.4721	19.0168	0.0630	0.0401	inf	11.4859	inf	19.1803	0.0015	0.0035	0.0003	0.0056	0.0067	0.0000	0.0002	0.0000	0.0003
55	67	0.1271	3	1	0	1	0	0	0	0	0	N	N	N	N	N	N	N	N	N	N	N	N	0.0640	0.1118	0.0814	0.0000	0.0000	0.0825	0.0071	0.0864	0.0001	0.0001	0.0002	0.0000	0.0000	0.0000	0.0001	0.0001	0.0002	0.0016	0.0009	0.0020	0.0008	0.0012	0.0000	0.0018	0.0197	0.0022	0.2178	4.6406	-0.0000	0.0000	3.9265	3.0650	5.0808	1.0636	0.0000	0.0000	0.0000	0.0000	0.0000	0.0000	0.0000	0.0000	0.0000	0.0001	0.0000	0.0001	0.0000	0.0000	0.0000	0.0001	0.0000	0.0001	0.2247	0.1992	0.0256	0.0647	0.0614	0.0034	0.1600	0.1378	0.0222	0.0810	0.0271	0.0540	0.0122	0.0079	0.0042	0.0689	0.0191	0.0498	0.0640	0.1118	0.0814	0.0000	0.0000	0.0000	0.0825	0.1955	0.0864	0.0016	0.0009	0.0020	0.0008	0.0012	0.0000	0.0018	0.0007	0.0022	
55	68	0.1341	3	0	1	0	1	0	0	0	0	N	N	N	N	N	N	N	N	N	N	N	N	0.3295	0.1442	1.2539	0.1314	0.1091	0.1003	1.4007	0.4846	1.5807	2.1077	2.3221	0.3681	3.9613	4.2989	0.0746	0.8310	0.8817	0.4923	6.3973	16.1053	0.2936	30.1360	39.4169	0.7436	0.5932	1.8193	0.3114	0.0195	0.0290	-0.1299	-0.7757	3.9265	2.7513	5.0808	4.0954	0.7269	0.7130	0.0139	0.5572	0.5564	0.0008	0.1697	0.1566	0.0131	1.0762	1.0459	0.0303	0.9960	0.9954	0.0006	0.0802	0.0505	0.0297	0.3449	0.3071	0.0378	0.1407	0.1294	0.0112	0.2042	0.1776	0.0266	0.1682	0.0649	0.1033	0.0331	0.0253	0.0078	0.1352	0.0397	0.0955	0.3295	0.1442	1.2539	0.1314	0.1091	0.9919	1.4007	0.6935	1.5807	6.3973	16.1053	0.2936	30.1360	39.4169	0.0752	0.5932	1.2714	0.3114
55	71	0.1271	3	0	1	0	0	0	0	0	0	N	N	N	N	N	N	N	N	N	N	N	N	0.0000	0.0000	0.0000	0.0000	0.0000	0.0000	0.0000	0.0000	0.0000	0.0000	0.0000	0.0000	0.0000	0.0112	0.0000	0.0168	0.0000	0.0000	0.0000	0.0131	0.0000	0.0182	inf	0.0000	0.0003	3.9265	2.0000	5.0808	3.0000	0.0000	0.0000	0.0000	0.0000	0.0000	0.0000	0.0000	0.0000	0.0000	0.0011	0.0000	0.0011	0.0000	0.0000	0.0000	0.0011	0.0000	0.0011	0.1489	0.1319	0.0170	0.0432	0.0410	0.0022	0.1057	0.0910	0.0148	0.0968	0.0324	0.0644	0.0145	0.0094	0.0051	0.0823	0.0229	0.0594	0.0000	0.0000	0.0000	0.0000	0.0000	0.0000	0.0000	0.0000	0.0000	0.0112	0.0000	0.0168	0.0000	0.0000	0.0000	0.0131	0.0000	0.0182						
55	72	0.1003	2	0	0	0	0	0	0	0	0	N	N	N	N	N	N	N	N	N	N	N	N	3.4650	69.1092	0.0071	36.3555	30.8975	0.0046	2.6142	3605.4476	0.0082	3.4782	3.8886	0.0109	4.2018	4.5058	0.0009	3.1365	3.5783	0.0134	1.0038	0.0563	1.5364	0.1156	0.1458	0.2036	1.1998	0.0010	1.6431	0.0003	48.5789	-0.3446	0.0283	3.9265	4.7932	5.0808	0.2507	1.7448	1.7442	0.0006	0.6761	0.6761	0.0000	1.0687	1.0681	0.0006	0.1227	0.0025	0.1202	0.0026	0.0025	0.0001	0.1201	0.0000	0.1201	0.5016	0.4485	0.0531	0.1609	0.1500	0.0109	0.3407	0.2985	0.0422	0.1222	0.0440	0.0782	0.0221	0.0170	0.0051	0.1001	0.0270	0.0731	3.4650	69.1092	0.0071	36.3555	30.8975	0.0608	2.6142	165304.4247	0.0082	1.0038	0.0563	1.5364	0.1156	0.1458	0.0155	1.1998	0.0000	1.6431
55	74	0.0766	2	0	1	0	0	0	0	0	0	N	N	N	N	N	N	N	N	N	N	N	N	16.3089	66.8009	0.2630	19.1565	20.6599	inf	10.3124	11.4721	0.3971	1.5363	1.7455	0.0328	2.0704	2.2943	0.0092	0.9606	1.1190	0.0497	0.0942	0.0261	0.1249	0.1081	0.1111	0.0000	0.0931	0.0975	0.1252	0.0026	10.6063	-0.1246	0.0024	3.9265	1.8678	5.0808	4.6278	0.6383	0.6366	0.0017	0.4463	0.4461	0.0002	0.1920	0.1906	0.0015	0.0145	0.0012	0.0132	0.0012	0.0012	0.0000	0.0133	0.0001	0.0132	0.4155	0.3647	0.0507	0.2155	0.1944	0.0211	0.1999	0.1703	0.0296	0.1538	0.0478	0.1061	0.0109	0.0106	0.0003	0.1430	0.0372	0.1058	16.3089	66.8009	0.2630	19.1565	20.6599	inf	10.3124	562.4662	0.3971	0.0942	0.0261	0.1249	0.1081	0.1111	0.0000	0.0931	0.0020	0.1252
55	78	0.1803	5	1	1	0	1	0	0	0	0	N	N	N	N	N	N	N	N	N	N	N	N	0.2142	0.0005	4.9538	0.0667	0.0002	inf	0.0000	0.0000	0.0000	0.0001	0.0000	0.0009	0.0004	0.0000	0.0067	0.0000	0.0000	0.0000	0.0005	0.0011	0.0002	0.0062	0.0098	0.0000	0.0001	0.0000	0.0002	210.6413	0.3280	0.0000	-0.0000	3.9265	1.0000	5.0808	2.0144	0.0000	0.0000	0.0000	0.0000	0.0000	0.0000	0.0000	0.0000	0.0000	0.0000	0.0000	0.0000	0.0000	0.0000	0.0000	0.0000	0.0000	0.0000	0.0938	0.0830	0.0108	0.0234	0.0220	0.0014	0.0704	0.0610	0.0094	0.0834	0.0281	0.0553	0.0049	0.0031	0.0018	0.0785	0.0250	0.0535	0.2142	0.0005	4.9538	0.0667	0.0002	inf	0.0000	0.0000	0.0000	0.0005	0.0011	0.0002	0.0062	0.0098	0.0000	0.0001	0.0000	0.0002
55	79	0.1580	4	1	1	0	1	0	0	0	0	N	N	N	N	N	N	N	N	N	N	N	N	1495.7469	565.1522	14614.9126	inf	inf	inf	0.0000	0.0000	0.0000	1.4492	1.6355	0.0300	5.7375	6.1022	0.2224	0.0000	0.0000	0.0000	0.0010	0.0029	0.0000	0.0000	0.0000	0.0000	0.0010	0.1458	0.0000	0.0024	0.0014	-0.0000	-0.0001	3.9265	0.0001	5.0808	3.0180	0.0000	0.0000	0.0000	0.0000	0.0000	0.0000	0.0000	0.0000	0.0000	0.0001	0.0001	0.0000	0.0000	0.0000	0.0000	0.0001	0.0001	0.0000	0.0000	0.0000	0.0000	0.0000	0.0000	0.0000	0.0000	0.0000	0.0000	0.0830	0.0278	0.0553	0.0044	0.0027	0.0017	0.0787	0.0251	0.0536	1495.7469	565.1522	14614.9126	inf	inf	inf	0.0000	0.0000	0.0000	0.0010	0.0029	0.0000	0.0000	0.0000	0.0000	0.0010	0.0032	0.0000
55	80	0.1800	6	0	1	0	1	0	0	0	0	N	N	N	N	N	N	N	N	N	N	N	N	0.0000	0.0000	0.0000	0.0000	0.0000	0.0000	0.0000	0.0000	0.0000	0.0000	0.0000	0.0000	0.0000	0.0000	0.0000	0.0000	0.0000	0.0000	0.0000	0.0000	3.9265	0.0000	5.0808	0.0000	0.0000	0.0000	0.0000	0.0000	0.0000	0.0000	0.0000	0.0000	0.0000	0.0000	0.0000	0.0000	0.0000	0.0000	0.0000	0.0000	0.0000	0.0000	0.0000	0.0000	0.0000	0.0000	0.0000	0.0000	0.0000	0.0000	0.0000	0.0000	0.0000	0.0000	0.0000	0.0000	0.0000	0.0000	0.0000	0.0000	0.0000	0.0000	0.0000	0.0000	0.0000	0.0000	0.0000	0.0000	0.0000	0.0000	0.0000	0.0000	0.0000	0.0000	0.0000	0.0000	0.0000	0.0000											
55	81	0.1580	4	0	0	1	1	0	0	0	0	N	N	N	N	N	N	N	N	N	N	N	N	0.0000	0.0000	0.0000	0.0000	0.0000	0.0000	0.0000	0.0000	0.0000	0.0000	0.0000	0.0000	0.0000	0.0000	0.0000	0.0000	0.0000	0.0000	0.0000	0.0000	3.9265	2.0000	5.0808	0.0000	0.0000	0.0000	0.0000	0.0000	0.0000	0.0000	0.0000	0.0000	0.0000	0.0000	0.0000	0.0000	0.0000	0.0000	0.0000	0.0000	0.0000	0.0000	0.1835	0.1624	0.0211	0.0453	0.0425	0.0028	0.1382	0.1199	0.0183	0.0561	0.0187	0.0374	0.0029	0.0018	0.0011	0.0532	0.0170	0.0362	0.0000	0.0000	0.0000	0.0000	0.0000	0.0000	0.0000	0.0000	0.0000	0.0000	0.0000	0.0000	0.0000	0.0000	0.0000	0.0000	0.0000	0.0000											
55	82	0.1580	4	0	0	1	1	0	0	0	0	N	N	N	N	N	N	N	N	N	N	N	N	0.0000	0.0000	0.0000	0.0000	0.0000	0.0000	0.0000	0.0000	0.0000	0.0000	0.0000	0.0000	0.0000	0.0000	0.0000	0.0432	0.1275	0.0008	0.0000	0.0000	0.0000	0.0457	1.1247	0.0009	0.0130	0.0000	-0.0034	3.9265	0.0000	5.0808	4.0000	0.0000	0.0000	0.0000	0.0000	0.0000	0.0000	0.0000	0.0000	0.0000	0.0047	0.0046	0.0001	0.0000	0.0000	0.0000	0.0047	0.0046	0.0001	0.0000	0.0000	0.0000	0.0000	0.0000	0.0000	0.0000	0.0000	0.0000	0.1080	0.0362	0.0719	0.0057	0.0035	0.0023	0.1023	0.0327	0.0696	0.0000	0.0000	0.0000	0.0000	0.0000	0.0000	0.0000	0.0000	0.0000	0.0432	0.1275	0.0008	0.0000	0.0000	0.0000	0.0457	0.1411	0.0009				
55	83	0.1800	6	0	0	1	1	0	0	0	0	N	N	N	N	N	N	N	N	N	N	N	N	0.0000	0.0000	0.0000	0.0000	0.0000	0.0000	0.0000	0.0000	0.0000	0.0000	0.0000	0.0000	0.0000	0.0000	0.0000	17.8284	54.3450	0.0093	0.0000	0.0000	0.0000	18.6789	58.5697	0.0097	0.0004	0.0000	-0.7436	3.9265	0.0000	5.0808	2.0000	0.0000	0.0000	0.0000	0.0000	0.0000	0.0000	0.0000	0.0000	0.0000	0.9933	0.9929	0.0003	0.0000	0.0000	0.0000	0.9933	0.9929	0.0003	0.0000	0.0000	0.0000	0.0000	0.0000	0.0000	0.0000	0.0000	0.0000	0.0557	0.0183	0.0374	0.0025	0.0013	0.0012	0.0532	0.0170	0.0362	0.0000	0.0000	0.0000	0.0000	0.0000	0.0000	0.0000	0.0000	0.0000	17.8284	54.3450	0.0093	0.0000	0.0000	0.0000	18.6789	58.5697	0.0097				
55	84	0.1727	5	0	0	0	1	0	0	0	0	N	N	N	N	N	N	N	N	N	N	N	N	0.0000	0.0000	0.0000	0.0000	0.0000	0.0000	0.0000	0.0000	0.0000	0.0000	0.0000	0.0000	0.0000	0.0000	0.0001	0.0000	0.0008	0.0013	0.0000	0.0000	0.0000	0.0000	0.0000	0.0000	-0.0000	3.9265	1.0000	5.0808	0.0015	0.0000	0.0000	0.0000	0.0000	0.0000	0.0000	0.0000	0.0000	0.0000	0.0000	0.0000	0.0000	0.0000	0.0000	0.0000	0.0000	0.0000	0.0000	0.0938	0.0830	0.0108	0.0234	0.0220	0.0014	0.0704	0.0610	0.0094	0.0289	0.0096	0.0193	0.0016	0.0009	0.0007	0.0273	0.0087	0.0186	0.0000	0.0000	0.0000	0.0000	0.0000	0.0000	0.0000	0.0000	0.0000	0.0000	0.0001	0.0000	0.0008	0.0013	0.0000	0.0000	0.0000	0.0000						
55	85	0.1580	4	0	0	0	1	0	0	0	0	N	N	N	N	N	N	N	N	N	N	N	N	0.0000	0.0000	0.0000	0.0000	0.0000	0.0000	0.0000	0.0000	0.0000	0.0000	0.0000	0.0000	0.0000	0.0000	0.0000	0.0000	0.0000	0.0018	0.0053	0.0000	0.0341	0.0561	0.0000	0.0000	0.0000	0.0000	0.0122	0.0000	-0.0001	3.9265	0.0000	5.0808	2.0013	0.0000	0.0000	0.0000	0.0000	0.0000	0.0000	0.0000	0.0000	0.0000	0.0001	0.0001	0.0000	0.0001	0.0001	0.0000	0.0000	0.0000	0.0000	0.0000	0.0000	0.0000	0.0000	0.0000	0.0000	0.0000	0.0000	0.0000	0.0561	0.0187	0.0374	0.0029	0.0018	0.0011	0.0532	0.0170	0.0362	0.0000	0.0000	0.0000	0.0000	0.0000	0.0000	0.0000	0.0000	0.0000	0.0018	0.0053	0.0000	0.0341	0.0561	0.0000	0.0000	0.0000	0.0000		
55	86	0.1979	4	1	1	0	0	0	0	0	0	N	N	N	N	N	N	N	N	N	N	N	N	204.9974	116.6313	624.7969	44.6748	23.4929	177967.7159	588.3229	7.7096	0.2617	0.7849	0.7698	0.9147	0.3448	0.1898	1.6401	1.3114	1.4594	0.0004	0.0038	0.0066	0.0015	0.0077	0.0081	0.0000	0.0022	0.1893	0.0015	0.1385	0.2599	-0.0000	-0.0001	3.9265	0.0007	5.0808	0.9812	0.0002	0.0001	0.0000	0.0000	0.0000	0.0000	0.0001	0.0001	0.0000	0.0002	0.0001	0.0000	0.0001	0.0001	0.0000	0.0001	0.0000	0.0000	0.0002	0.0002	0.0000	0.0001	0.0001	0.0000	0.0001	0.0001	0.0000	0.0464	0.0214	0.0250	0.0135	0.0129	0.0006	0.0329	0.0084	0.0244	204.9974	116.6313	624.7969	44.6748	23.4929	177967.7159	588.3229	336.5223	0.2617	0.0038	0.0066	0.0015	0.0077	0.0081	0.0000	0.0022	0.0043	0.0015
55	87	0.1421	3	1	1	0	0	0	0	0	0	N	N	N	N	N	N	N	N	N	N	N	N	272.3864	135.4867	50.9855	3.5527	2.9568	0.0845	2022.0891	34.0209	151.2741	2.0286	2.2774	0.1376	0.3602	0.3800	0.0449	2.6108	2.9985	0.1517	0.0074	0.0168	0.0027	0.1014	0.1285	0.5306	0.0013	0.0881	0.0010	0.0079	0.3166	-0.1765	-0.0007	3.9265	5.0272	5.0808	2.1572	0.9295	0.9222	0.0073	0.0427	0.0424	0.0003	0.8868	0.8798	0.0070	0.0014	0.0010	0.0003	0.0011	0.0009	0.0002	0.0002	0.0001	0.0001	0.4582	0.4049	0.0533	0.1185	0.1115	0.0070	0.3397	0.2934	0.0463	0.1817	0.0612	0.1206	0.0112	0.0072	0.0040	0.1706	0.0540	0.1166	272.3864	135.4867	50.9855	3.5527	2.9568	0.8569	2022.0891	1566.4720	151.2741	0.0074	0.0168	0.0027	0.1014	0.1285	0.0523	0.0013	0.0019	0.0010
55	88	0.1953	5	0	1	0	0	0	0	0	0	N	N	N	N	N	N	N	N	N	N	N	N	0.0000	0.0000	0.0000	0.0000	0.0000	0.0000	0.0000	0.0000	0.0000	0.0000	0.0000	0.0000	0.0000	0.0000	0.0000	0.1739	0.5076	0.0013	0.0000	0.0000	0.0000	0.1875	1.5356	0.0013	0.0048	0.0000	-0.0140	3.9265	0.0000	5.0808	4.0000	0.0000	0.0000	0.0000	0.0000	0.0000	0.0000	0.0000	0.0000	0.0000	0.0189	0.0188	0.0001	0.0000	0.0000	0.0000	0.0189	0.0188	0.0001	0.0000	0.0000	0.0000	0.0000	0.0000	0.0000	0.0000	0.0000	0.0000	0.1084	0.0370	0.0715	0.0079	0.0053	0.0026	0.1006	0.0317	0.0689	0.0000	0.0000	0.0000	0.0000	0.0000	0.0000	0.0000	0.0000	0.0000	0.1739	0.5076	0.0013	0.0000	0.0000	0.0000	0.1875	0.5927	0.0013				
55	89	0.1580	4	0	1	0	0	0	0	0	0	N	N	N	N	N	N	N	N	N	N	N	N	0.4429	0.4189	0.0000	inf	inf	0.0000	0.0000	0.0000	0.0003	0.0004	0.0000	0.0014	0.0015	0.0000	0.0000	0.0000	0.0000	0.0008	0.0009	0.0007	0.0000	0.0000	0.0000	0.0008	0.0284	0.0007	0.0000	1.5000	-0.0000	-0.0000	3.9265	3.0000	5.0808	2.0000	0.0001	0.0001	0.0000	0.0001	0.0001	0.0000	0.0000	0.0000	0.0000	0.0001	0.0000	0.0001	0.0000	0.0000	0.0000	0.0001	0.0000	0.0001	0.2694	0.2386	0.0308	0.0657	0.0617	0.0040	0.2036	0.1768	0.0268	0.1325	0.0444	0.0881	0.0071	0.0043	0.0028	0.1254	0.0401	0.0853	0.4429	0.4189	0.0000	inf	inf	0.0000	0.0000	0.0000	0.0000	0.0008	0.0009	0.0007	0.0000	0.0000	0.0000	0.0008	0.0010	0.0007	
55	90	0.1580	4	1	1	0	0	0	0	0	0	N	N	N	N	N	N	N	N	N	N	N	N	0.0000	0.0000	0.0000	0.0000	0.0000	0.0000	0.0001	0.0001	0.0000	0.0000	0.0000	0.0000	0.0001	0.0001	0.0000	7.5150	22.4193	0.0035	0.0000	0.0000	0.0000	7.9402	24.8182	0.0036	0.0000	0.0003	-0.0000	-0.7456	3.9265	2.0000	5.0808	3.0000	0.0000	0.0000	0.0000	0.0000	0.0000	0.0000	0.0000	0.0000	0.0000	0.9960	0.9957	0.0003	0.0000	0.0000	0.0000	0.9960	0.9957	0.0003	0.1835	0.1624	0.0211	0.0453	0.0425	0.0028	0.1382	0.1199	0.0183	0.1325	0.0444	0.0881	0.0071	0.0043	0.0028	0.1254	0.0401	0.0853	0.0000	0.0000	0.0000	0.0000	0.0000	0.0000	0.0000	0.0000	0.0000	7.5150	22.4193	0.0035	0.0000	0.0000	0.0000	7.9402	24.8182	0.0036			
55	91	0.1421	3	0	0	0	0	0	0	0	0	N	N	N	N	N	N	N	N	N	N	N	N	15.3139	6.5489	54.0684	3.3762	3.1694	0.0471	110.5135	8754.6660	463.4540	0.2954	0.2910	0.3266	0.8673	0.9166	0.0828	0.0599	0.0061	0.3663	0.0193	0.0444	0.0060	0.2569	0.2892	1.7573	0.0005	0.0000	0.0008	0.1574	0.2580	-0.0040	-0.0006	3.9265	2.0705	5.0808	0.0351	0.0646	0.0558	0.0088	0.0553	0.0550	0.0003	0.0093	0.0008	0.0085	0.0012	0.0009	0.0002	0.0011	0.0009	0.0002	0.0000	0.0000	0.0000	0.2188	0.1919	0.0269	0.0638	0.0600	0.0038	0.1550	0.1318	0.0231	0.0604	0.0208	0.0395	0.0044	0.0032	0.0012	0.0560	0.0176	0.0383	15.3139	6.5489	54.0684	3.3762	3.1694	0.4823	110.5135	8754.6660	463.4540	0.0193	0.0444	0.0060	0.2569	0.2892	0.1717	0.0005	0.0000	0.0008
55	92	0.1167	2	0	0	0	0	0	0	0	0	N	N	N	N	N	N	N	N	N	N	N	N	9.3685	2.7894	100.0958	1.1477	1.2663	0.0149	104.9903	4.3792	388.1919	4.4726	2.4026	20.9525	3.6992	3.9023	0.2249	4.9524	1.3727	25.8001	0.4774	0.8613	0.2093	3.2230	3.0816	15.1276	0.0472	0.3135	0.0665	1.0954	0.3480	0.6413	-0.0268	3.9265	3.4249	5.0808	0.1413	1.9737	0.9419	1.0318	0.6250	0.6229	0.0021	1.3487	0.3191	1.0297	0.0546	0.0405	0.0141	0.0500	0.0402	0.0098	0.0047	0.0004	0.0043	0.4413	0.3921	0.0492	0.1690	0.1596	0.0093	0.2723	0.2324	0.0399	0.1144	0.0471	0.0674	0.0155	0.0130	0.0025	0.0989	0.0340	0.0649	9.3685	2.7894	100.0958	1.1477	1.2663	0.0566	104.9903	132.6247	388.1919	0.4774	0.8613	0.2093	3.2230	3.0816	3.9707	0.0472	0.0104	0.0665
55	98	0.2535	7	0	0	0	0	0	0	0	0	N	N	N	N	N	N	N	N	N	N	N	N	1.1223	0.7102	3.5833	0.8682	0.7954	0.1584	1.5981	0.9573	1.1907	1.9702	2.1751	0.1779	4.0320	4.3810	0.3845	0.0266	0.0259	0.0325	1.7555	3.0624	0.0497	4.6438	5.5080	2.4278	0.0167	0.0270	0.0273	0.0094	0.0124	-0.2614	-0.5026	3.9265	4.9999	5.0808	9.0821	1.3862	1.3733	0.0128	1.3765	1.3651	0.0115	0.0096	0.0083	0.0014	0.6823	0.6739	0.0084	0.6782	0.6738	0.0044	0.0040	0.0001	0.0040	0.7036	0.6314	0.0722	0.3414	0.3116	0.0298	0.3622	0.3198	0.0424	0.3887	0.2201	0.1686	0.1461	0.1223	0.0237	0.2426	0.0977	0.1449	1.1223	0.7102	3.5833	0.8682	0.7954	2.0646	1.5981	28.8245	1.1907	1.7555	3.0624	0.0497	4.6438	5.5080	0.1862	0.0167	0.0009	0.0273
56	57	0.2718	8	1	1	1	0	0	0	0	0	N	N	N	N	N	N	N	N	N	N	N	N	193.5346	46.0027	inf	1.1462	1.1382	inf	inf	inf	2.5199	1.3573	13.1833	0.0803	0.0847	0.0000	4.2760	2.3574	16.9298	0.0130	0.0295	0.0000	0.0701	0.0744	0.0000	0.0000	0.0000	0.0000	1.0590	0.0000	0.6138	-0.0030	4.0000	9.7645	7.0000	7.4558	1.9392	0.9418	0.9974	0.0259	0.0259	0.0000	1.9133	0.9160	0.9974	0.0040	0.0040	0.0000	0.0040	0.0040	0.0000	0.0000	0.0000	0.0000	0.7695	0.6939	0.0757	0.3221	0.3053	0.0167	0.4475	0.3886	0.0589	0.3057	0.1349	0.1708	0.0568	0.0535	0.0033	0.2489	0.0814	0.1674	193.5346	46.0027	inf	1.1462	1.1382	0.0000	inf	inf	inf	0.0130	0.0295	0.0000	0.0701	0.0744	0.0000	0.0000	0.0000	0.0000	
56	58	0.3274	9	1	0	2	0	0	0	0	0	N	N	Y	N	N	N	N	N	N	N	N	N	0.0000	0.0000	0.0000	0.0000	0.0000	0.0000	0.0000	0.0000	0.0000	0.0000	0.0000	0.0000	0.0000	0.0024	0.0049	0.0000	0.0112	0.0119	0.0000	0.0000	0.0000	0.0000	0.0000	0.0000	-0.0000	4.0000	1.0009	7.0000	0.0163	0.0000	0.0000	0.0000	0.0000	0.0000	0.0000	0.0000	0.0000	0.0000	0.0000	0.0000	0.0000	0.0000	0.0000	0.0000	0.0000	0.0000	0.0000	0.1005	0.0908	0.0097	0.0598	0.0560	0.0039	0.0406	0.0348	0.0058	0.0169	0.0081	0.0088	0.0036	0.0034	0.0002	0.0134	0.0047	0.0086	0.0000	0.0000	0.0000	0.0000	0.0000	0.0000	0.0000	0.0000	0.0000	0.0024	0.0049	0.0000	0.0112	0.0119	0.0000	0.0000	0.0000	0.0000						
56	59	0.3120	8	1	0	1	0	0	0	0	0	N	N	N	N	N	N	N	N	N	N	N	N	0.0000	0.0000	0.0000	0.0000	0.0000	0.0000	0.0000	0.0000	0.0000	0.0000	0.0000	0.0000	0.0000	0.0000	0.0000	0.0000	0.0000	0.0015	0.0019	0.0011	0.0014	0.0015	0.0000	0.0015	0.1116	0.0011	0.6667	0.0000	-0.0000	4.0000	1.9961	7.0000	0.0521	0.0000	0.0000	0.0000	0.0000	0.0000	0.0000	0.0000	0.0000	0.0000	0.0000	0.0000	0.0000	0.0000	0.0000	0.0000	0.0000	0.0000	0.0000	0.1895	0.1709	0.0186	0.1038	0.0973	0.0065	0.0857	0.0736	0.0121	0.0345	0.0157	0.0188	0.0070	0.0066	0.0004	0.0275	0.0091	0.0183	0.0000	0.0000	0.0000	0.0000	0.0000	0.0000	0.0000	0.0000	0.0000	0.0015	0.0019	0.0011	0.0014	0.0015	0.0000	0.0015	0.0022	0.0011		
56	60	0.3042	7	1	0	1	0	0	0	0	0	N	N	N	N	N	N	N	N	N	N	N	N	0.0000	0.0000	0.0000	0.0000	0.0000	0.0000	0.0000	0.0000	0.0000	0.0000	0.0000	0.0000	0.0000	0.0000	0.0000	0.0000	0.0000	0.0249	0.0035	0.0431	0.0052	0.0055	0.0000	0.0301	0.1005	0.0441	14.3335	0.0000	0.0001	4.0000	0.0081	7.0000	1.0507	0.0000	0.0000	0.0000	0.0000	0.0000	0.0000	0.0000	0.0000	0.0000	0.0005	0.0000	0.0004	0.0000	0.0000	0.0000	0.0004	0.0000	0.0004	0.0012	0.0011	0.0001	0.0007	0.0006	0.0000	0.0006	0.0005	0.0001	0.0185	0.0085	0.0100	0.0039	0.0037	0.0002	0.0146	0.0049	0.0098	0.0000	0.0000	0.0000	0.0000	0.0000	0.0000	0.0000	0.0000	0.0000	0.0249	0.0035	0.0431	0.0052	0.0055	0.0000	0.0301	0.0021	0.0441		
56	61	0.2555	6	1	0	1	0	0	0	0	0	N	N	N	N	N	N	N	N	N	N	N	N	0.0000	0.0000	0.0000	0.0000	0.0000	0.0000	0.0000	0.0000	0.0000	0.0000	0.0000	0.0000	0.0000	0.0000	0.0000	0.0000	0.0000	6.4224	0.0225	11.3192	0.0436	0.0452	0.0000	8.2316	0.0142	11.4700	656.1836	0.0000	0.2494	4.0000	3.0167	7.0000	3.2580	0.0000	0.0000	0.0000	0.0000	0.0000	0.0000	0.0000	0.0000	0.0000	0.9994	0.0015	0.9979	0.0015	0.0015	0.0000	0.9979	0.0000	0.9979	0.2723	0.2457	0.0266	0.1243	0.1181	0.0061	0.1480	0.1276	0.0204	0.1556	0.0675	0.0882	0.0344	0.0332	0.0012	0.1212	0.0342	0.0870	0.0000	0.0000	0.0000	0.0000	0.0000	0.0000	0.0000	0.0000	0.0000	6.4224	0.0225	11.3192	0.0436	0.0452	0.0000	8.2316	0.0006	11.4700		
56	62	0.1807	5	1	1	1	0	0	0	0	0	N	N	N	N	N	N	N	N	N	N	N	N	0.0000	0.0000	0.0000	0.0000	0.0000	0.0000	0.0000	0.0000	0.0000	0.0000	0.0000	0.0000	0.0000	0.0010	0.0023	0.0000	0.0035	0.0044	0.0000	0.0000	0.0000	0.0000	0.0000	0.0000	-0.0001	4.0000	3.3327	7.0000	4.3103	0.0000	0.0000	0.0000	0.0000	0.0000	0.0000	0.0000	0.0000	0.0000	0.0002	0.0002	0.0000	0.0002	0.0002	0.0000	0.0000	0.0000	0.0000	0.4066	0.3680	0.0386	0.2338	0.2203	0.0136	0.1727	0.1477	0.0250	0.1779	0.0725	0.1054	0.0480	0.0383	0.0097	0.1298	0.0342	0.0957	0.0000	0.0000	0.0000	0.0000	0.0000	0.0000	0.0000	0.0000	0.0000	0.0010	0.0023	0.0000	0.0035	0.0044	0.0000	0.0000	0.0000	0.0000						
56	63	0.1566	4	1	0	1	0	0	0	0	0	N	N	N	N	N	N	N	N	N	N	N	N	0.0000	0.0000	0.0000	0.0000	0.0000	0.0000	0.0000	0.0000	0.0000	0.0000	0.0000	0.0000	0.0000	0.0000	0.0000	0.0014	0.0034	0.0000	0.0003	0.0004	0.0000	0.0017	0.2257	0.0000	0.0000	0.0000	-0.0001	4.0000	3.2669	7.0000	2.4507	0.0000	0.0000	0.0000	0.0000	0.0000	0.0000	0.0000	0.0000	0.0000	0.0002	0.0002	0.0000	0.0000	0.0000	0.0000	0.0002	0.0002	0.0000	0.4220	0.3846	0.0374	0.2373	0.2254	0.0119	0.1847	0.1592	0.0255	0.1317	0.0528	0.0789	0.0323	0.0248	0.0075	0.0994	0.0280	0.0714	0.0000	0.0000	0.0000	0.0000	0.0000	0.0000	0.0000	0.0000	0.0000	0.0014	0.0034	0.0000	0.0003	0.0004	0.0000	0.0017	0.0061	0.0000				
56	64	0.1001	4	2	0	2	0	0	0	0	0	Y	N	Y	N	N	N	N	N	N	N	N	N	0.0000	0.0000	0.0000	0.0000	0.0000	0.0000	0.0000	0.0000	0.0000	0.0000	0.0000	0.0000	0.0000	0.0000	0.0000	0.0000	0.0000	0.0000	0.0000	0.0000	4.0000	0.0000	7.0000	1.0000	0.0000	0.0000	0.0000	0.0000	0.0000	0.0000	0.0000	0.0000	0.0000	0.0000	0.0000	0.0000	0.0000	0.0000	0.0000	0.0000	0.0000	0.0000	0.0000	0.0000	0.0000	0.0000	0.0000	0.0000	0.0000	0.0000	0.0000	0.0266	0.0065	0.0201	0.0000	0.0000	0.0000	0.0265	0.0064	0.0201	0.0000	0.0000	0.0000	0.0000	0.0000	0.0000	0.0000	0.0000	0.0000	0.0000	0.0000	0.0000	0.0000	0.0000	0.0000	0.0000	0.0000	0.0000											
56	65	0.1001	3	2	0	2	0	0	0	0	0	Y	N	Y	N	N	N	N	N	N	N	N	N	0.0000	0.0000	0.0000	0.0000	0.0000	0.0000	0.0000	0.0000	0.0000	0.0000	0.0000	0.0000	0.0000	0.0000	0.0000	0.0000	0.0000	0.0000	0.0000	0.0000	4.0000	0.0000	7.0000	0.0001	0.0000	0.0000	0.0000	0.0000	0.0000	0.0000	0.0000	0.0000	0.0000	0.0000	0.0000	0.0000	0.0000	0.0000	0.0000	0.0000	0.0000	0.0000	0.0000	0.0000	0.0000	0.0000	0.0000	0.0000	0.0000	0.0000	0.0000	0.0000	0.0000	0.0000	0.0000	0.0000	0.0000	0.0000	0.0000	0.0000	0.0000	0.0000	0.0000	0.0000	0.0000	0.0000	0.0000	0.0000	0.0000	0.0000	0.0000	0.0000	0.0000	0.0000	0.0000	0.0000	0.0000	0.0000											
56	66	0.0878	2	2	0	2	0	0	0	0	0	Y	N	Y	N	N	N	N	N	N	N	N	N	0.0000	0.0000	0.0000	0.0000	0.0000	0.0000	0.0000	0.0000	0.0000	0.0000	0.0000	0.0000	0.0000	0.0009	0.0028	0.0000	0.0070	0.0070	0.0000	0.0000	0.0000	0.0000	0.0000	0.0000	-0.0000	4.0000	1.9720	7.0000	0.0923	0.0000	0.0000	0.0000	0.0000	0.0000	0.0000	0.0000	0.0000	0.0000	0.0001	0.0001	0.0000	0.0001	0.0001	0.0000	0.0000	0.0000	0.0000	0.1400	0.1212	0.0188	0.0187	0.0176	0.0011	0.1213	0.1036	0.0177	0.0702	0.0218	0.0484	0.0086	0.0086	0.0000	0.0616	0.0132	0.0484	0.0000	0.0000	0.0000	0.0000	0.0000	0.0000	0.0000	0.0000	0.0000	0.0009	0.0028	0.0000	0.0070	0.0070	0.0000	0.0000	0.0000	0.0000						
56	68	0.2142	5	1	1	1	1	0	0	0	0	N	N	N	N	N	N	N	N	N	N	N	N	0.0000	0.0000	0.0000	0.0000	0.0000	0.0000	0.0000	0.0000	0.0000	0.0000	0.0000	0.0000	0.0000	0.0020	0.0055	0.0000	0.0180	0.0186	0.0000	0.0000	0.0000	0.0000	0.0000	0.0000	-0.0002	4.0000	2.7513	7.0000	4.0954	0.0000	0.0000	0.0000	0.0000	0.0000	0.0000	0.0000	0.0000	0.0000	0.0003	0.0003	0.0000	0.0003	0.0003	0.0000	0.0000	0.0000	0.0000	0.2648	0.2396	0.0253	0.1316	0.1247	0.0069	0.1332	0.1148	0.0184	0.1597	0.0585	0.1011	0.0178	0.0172	0.0006	0.1419	0.0413	0.1006	0.0000	0.0000	0.0000	0.0000	0.0000	0.0000	0.0000	0.0000	0.0000	0.0020	0.0055	0.0000	0.0180	0.0186	0.0000	0.0000	0.0000	0.0000						
56	69	0.1367	3	1	1	1	0	0	0	0	0	N	N	N	N	N	N	N	N	N	N	N	N	0.0000	0.0000	0.0000	0.0000	0.0000	0.0000	0.0000	0.0000	0.0000	0.0000	0.0000	0.0000	0.0000	0.0000	0.0000	0.0000	0.0000	0.0000	0.0000	0.0000	4.0000	9.9334	7.0000	8.9999	0.0000	0.0000	0.0000	0.0000	0.0000	0.0000	0.0000	0.0000	0.0000	0.0000	0.0000	0.0000	0.0000	0.0000	0.0000	0.0000	0.0000	0.0000	0.6455	0.5711	0.0745	0.1579	0.1487	0.0092	0.4876	0.4224	0.0653	0.3506	0.1185	0.2321	0.0490	0.0301	0.0189	0.3017	0.0884	0.2132	0.0000	0.0000	0.0000	0.0000	0.0000	0.0000	0.0000	0.0000	0.0000	0.0000	0.0000	0.0000	0.0000	0.0000	0.0000	0.0000	0.0000	0.0000											
56	70	0.1367	3	1	1	1	0	0	0	0	0	N	N	N	N	N	N	N	N	N	N	N	N	0.0000	0.0000	0.0000	0.0000	0.0000	0.0000	0.0000	0.0000	0.0000	0.0000	0.0000	0.0000	0.0000	0.0000	0.0000	0.0000	0.0000	0.0000	0.0000	0.0000	4.0000	0.0666	7.0000	4.0001	0.0000	0.0000	0.0000	0.0000	0.0000	0.0000	0.0000	0.0000	0.0000	0.0000	0.0000	0.0000	0.0000	0.0000	0.0000	0.0000	0.0000	0.0000	0.0245	0.0237	0.0008	0.0208	0.0205	0.0003	0.0037	0.0032	0.0005	0.0950	0.0318	0.0633	0.0145	0.0092	0.0053	0.0805	0.0225	0.0580	0.0000	0.0000	0.0000	0.0000	0.0000	0.0000	0.0000	0.0000	0.0000	0.0000	0.0000	0.0000	0.0000	0.0000	0.0000	0.0000	0.0000	0.0000											
56	74	0.1566	4	1	1	1	0	0	0	0	0	N	N	N	N	N	N	N	N	N	N	N	N	0.0000	0.0000	0.0000	0.0000	0.0000	0.0000	0.0000	0.0000	0.0000	0.0000	0.0000	0.0000	0.0000	0.0001	0.0002	0.0000	0.0003	0.0004	0.0000	0.0000	0.0000	0.0000	0.0000	0.0000	-0.0000	4.0000	1.8678	7.0000	4.6278	0.0000	0.0000	0.0000	0.0000	0.0000	0.0000	0.0000	0.0000	0.0000	0.0000	0.0000	0.0000	0.0000	0.0000	0.0000	0.0000	0.0000	0.0000	0.3308	0.3042	0.0267	0.2113	0.2012	0.0101	0.1195	0.1029	0.0166	0.1449	0.0574	0.0875	0.0346	0.0262	0.0084	0.1103	0.0311	0.0791	0.0000	0.0000	0.0000	0.0000	0.0000	0.0000	0.0000	0.0000	0.0000	0.0001	0.0002	0.0000	0.0003	0.0004	0.0000	0.0000	0.0000	0.0000						
56	75	0.1367	3	1	0	1	0	0	0	0	0	N	N	N	N	N	N	N	N	N	N	N	N	0.0000	0.0000	0.0000	0.0000	0.0000	0.0000	0.0000	0.0000	0.0000	0.0000	0.0000	0.0000	0.0000	0.0001	0.0002	0.0000	0.0000	0.0000	0.0000	0.0001	0.0085	0.0000	0.0000	0.0000	-0.0000	4.0000	4.7010	7.0000	0.6064	0.0000	0.0000	0.0000	0.0000	0.0000	0.0000	0.0000	0.0000	0.0000	0.0000	0.0000	0.0000	0.0000	0.0000	0.0000	0.0000	0.0000	0.0000	0.3389	0.3002	0.0387	0.0939	0.0889	0.0050	0.2450	0.2113	0.0337	0.1215	0.0406	0.0809	0.0184	0.0117	0.0067	0.1031	0.0289	0.0741	0.0000	0.0000	0.0000	0.0000	0.0000	0.0000	0.0000	0.0000	0.0000	0.0001	0.0002	0.0000	0.0000	0.0000	0.0000	0.0001	0.0003	0.0000						
56	78	0.2603	7	2	1	1	1	0	0	0	0	Y	N	N	N	N	N	N	N	N	N	N	N	0.0000	0.0000	0.0000	0.0000	0.0000	0.0000	0.0000	0.0000	0.0000	0.0000	0.0000	0.0000	0.0000	0.0003	0.0010	0.0000	0.0033	0.0054	0.0000	0.0000	0.0000	0.0000	0.0000	0.0000	-0.0000	4.0000	1.0000	7.0000	2.0144	0.0000	0.0000	0.0000	0.0000	0.0000	0.0000	0.0000	0.0000	0.0000	0.0000	0.0000	0.0000	0.0000	0.0000	0.0000	0.0000	0.0000	0.0000	0.0800	0.0715	0.0086	0.0306	0.0289	0.0016	0.0495	0.0425	0.0069	0.0655	0.0204	0.0451	0.0060	0.0037	0.0023	0.0595	0.0167	0.0428	0.0000	0.0000	0.0000	0.0000	0.0000	0.0000	0.0000	0.0000	0.0000	0.0003	0.0010	0.0000	0.0033	0.0054	0.0000	0.0000	0.0000	0.0000						
56	79	0.2381	6	2	1	1	1	0	0	0	0	Y	N	N	N	N	N	N	N	N	N	N	N	0.0000	0.0000	0.0000	0.0000	0.0000	0.0000	0.0000	0.0000	0.0000	0.0000	0.0000	0.0000	0.0000	0.0003	0.0010	0.0000	0.0000	0.0000	0.0000	0.0003	0.0439	0.0000	0.0000	0.0000	-0.0000	4.0000	0.0001	7.0000	3.0180	0.0000	0.0000	0.0000	0.0000	0.0000	0.0000	0.0000	0.0000	0.0000	0.0000	0.0000	0.0000	0.0000	0.0000	0.0000	0.0000	0.0000	0.0000	0.0000	0.0000	0.0000	0.0000	0.0000	0.0000	0.0000	0.0000	0.0000	0.0651	0.0200	0.0451	0.0054	0.0032	0.0022	0.0597	0.0168	0.0429	0.0000	0.0000	0.0000	0.0000	0.0000	0.0000	0.0000	0.0000	0.0000	0.0003	0.0010	0.0000	0.0000	0.0000	0.0000	0.0003	0.0012	0.0000						
56	80	0.2601	8	1	1	1	1	0	0	0	0	N	N	N	N	N	N	N	N	N	N	N	N	0.0000	0.0000	0.0000	0.0000	0.0000	0.0000	0.0000	0.0000	0.0000	0.0000	0.0000	0.0000	0.0000	0.0000	0.0000	0.0000	0.0000	0.0000	0.0000	0.0000	4.0000	0.0000	7.0000	0.0000	0.0000	0.0000	0.0000	0.0000	0.0000	0.0000	0.0000	0.0000	0.0000	0.0000	0.0000	0.0000	0.0000	0.0000	0.0000	0.0000	0.0000	0.0000	0.0000	0.0000	0.0000	0.0000	0.0000	0.0000	0.0000	0.0000	0.0000	0.0000	0.0000	0.0000	0.0000	0.0000	0.0000	0.0000	0.0000	0.0000	0.0000	0.0000	0.0000	0.0000	0.0000	0.0000	0.0000	0.0000	0.0000	0.0000	0.0000	0.0000	0.0000	0.0000	0.0000	0.0000	0.0000	0.0000											
56	81	0.2381	6	1	0	2	1	0	0	0	0	N	N	Y	N	N	N	N	N	N	N	N	N	0.0000	0.0000	0.0000	0.0000	0.0000	0.0000	0.0000	0.0000	0.0000	0.0000	0.0000	0.0000	0.0000	0.0000	0.0000	0.0000	0.0000	0.0000	0.0000	0.0000	4.0000	2.0000	7.0000	0.0000	0.0000	0.0000	0.0000	0.0000	0.0000	0.0000	0.0000	0.0000	0.0000	0.0000	0.0000	0.0000	0.0000	0.0000	0.0000	0.0000	0.0000	0.0000	0.1569	0.1401	0.0168	0.0591	0.0559	0.0032	0.0979	0.0842	0.0137	0.0438	0.0134	0.0304	0.0036	0.0022	0.0015	0.0402	0.0113	0.0289	0.0000	0.0000	0.0000	0.0000	0.0000	0.0000	0.0000	0.0000	0.0000	0.0000	0.0000	0.0000	0.0000	0.0000	0.0000	0.0000	0.0000	0.0000											
56	82	0.2381	6	1	0	2	1	0	0	0	0	N	N	Y	N	N	N	N	N	N	N	N	N	0.0000	0.0000	0.0000	0.0000	0.0000	0.0000	0.0000	0.0000	0.0000	0.0000	0.0000	0.0000	0.0000	0.0000	0.0000	0.0000	0.0000	0.0000	0.0000	0.0000	4.0000	0.0000	7.0000	4.0000	0.0000	0.0000	0.0000	0.0000	0.0000	0.0000	0.0000	0.0000	0.0000	0.0000	0.0000	0.0000	0.0000	0.0000	0.0000	0.0000	0.0000	0.0000	0.0000	0.0000	0.0000	0.0000	0.0000	0.0000	0.0000	0.0000	0.0000	0.0849	0.0262	0.0587	0.0071	0.0042	0.0029	0.0779	0.0220	0.0559	0.0000	0.0000	0.0000	0.0000	0.0000	0.0000	0.0000	0.0000	0.0000	0.0000	0.0000	0.0000	0.0000	0.0000	0.0000	0.0000	0.0000	0.0000											
56	83	0.2601	8	1	0	2	1	0	0	0	0	N	N	Y	N	N	N	N	N	N	N	N	N	0.0000	0.0000	0.0000	0.0000	0.0000	0.0000	0.0000	0.0000	0.0000	0.0000	0.0000	0.0000	0.0000	0.0000	0.0000	0.0000	0.0000	0.0000	0.0000	0.0000	4.0000	0.0000	7.0000	2.0000	0.0000	0.0000	0.0000	0.0000	0.0000	0.0000	0.0000	0.0000	0.0000	0.0000	0.0000	0.0000	0.0000	0.0000	0.0000	0.0000	0.0000	0.0000	0.0000	0.0000	0.0000	0.0000	0.0000	0.0000	0.0000	0.0000	0.0000	0.0433	0.0129	0.0305	0.0032	0.0016	0.0016	0.0402	0.0113	0.0289	0.0000	0.0000	0.0000	0.0000	0.0000	0.0000	0.0000	0.0000	0.0000	0.0000	0.0000	0.0000	0.0000	0.0000	0.0000	0.0000	0.0000	0.0000											
56	84	0.2528	7	1	0	1	1	0	0	0	0	N	N	N	N	N	N	N	N	N	N	N	N	0.0000	0.0000	0.0000	0.0000	0.0000	0.0000	0.0000	0.0000	0.0000	0.0000	0.0000	0.0000	0.0000	0.0000	0.0000	0.0000	0.0000	0.0000	0.0000	0.0000	4.0000	1.0000	7.0000	0.0015	0.0000	0.0000	0.0000	0.0000	0.0000	0.0000	0.0000	0.0000	0.0000	0.0000	0.0000	0.0000	0.0000	0.0000	0.0000	0.0000	0.0000	0.0000	0.0800	0.0715	0.0086	0.0306	0.0289	0.0016	0.0495	0.0425	0.0069	0.0226	0.0068	0.0157	0.0020	0.0011	0.0008	0.0206	0.0057	0.0149	0.0000	0.0000	0.0000	0.0000	0.0000	0.0000	0.0000	0.0000	0.0000	0.0000	0.0000	0.0000	0.0000	0.0000	0.0000	0.0000	0.0000	0.0000											
56	85	0.2381	6	1	0	1	1	0	0	0	0	N	N	N	N	N	N	N	N	N	N	N	N	0.0000	0.0000	0.0000	0.0000	0.0000	0.0000	0.0000	0.0000	0.0000	0.0000	0.0000	0.0000	0.0000	0.0000	0.0000	0.0000	0.0000	0.0000	0.0000	0.0000	4.0000	0.0000	7.0000	2.0013	0.0000	0.0000	0.0000	0.0000	0.0000	0.0000	0.0000	0.0000	0.0000	0.0000	0.0000	0.0000	0.0000	0.0000	0.0000	0.0000	0.0000	0.0000	0.0000	0.0000	0.0000	0.0000	0.0000	0.0000	0.0000	0.0000	0.0000	0.0438	0.0134	0.0304	0.0036	0.0022	0.0015	0.0402	0.0113	0.0289	0.0000	0.0000	0.0000	0.0000	0.0000	0.0000	0.0000	0.0000	0.0000	0.0000	0.0000	0.0000	0.0000	0.0000	0.0000	0.0000	0.0000	0.0000											
56	86	0.2779	6	2	1	1	0	0	0	0	0	Y	N	N	N	N	N	N	N	N	N	N	N	446.5139	232.8093	0.0000	0.0000	inf	inf	0.1808	0.1926	0.0000	0.0000	0.0000	0.0000	0.5375	0.6144	0.0000	0.0004	0.0008	0.0000	0.0013	0.0013	0.0000	0.0000	0.0000	0.0000	0.0000	0.0000	-0.0000	-0.0000	4.0000	0.0007	7.0000	0.9812	0.0000	0.0000	0.0000	0.0000	0.0000	0.0000	0.0000	0.0000	0.0000	0.0000	0.0000	0.0000	0.0000	0.0000	0.0000	0.0000	0.0000	0.0000	0.0002	0.0002	0.0000	0.0001	0.0001	0.0000	0.0001	0.0000	0.0000	0.0494	0.0242	0.0252	0.0160	0.0152	0.0008	0.0334	0.0090	0.0244	446.5139	232.8093	0.0000	0.0000	0.0000	0.0000	inf	inf	0.0000	0.0004	0.0008	0.0000	0.0013	0.0013	0.0000	0.0000	0.0000	0.0000			
56	87	0.2221	5	2	1	1	0	0	0	0	0	Y	N	N	N	N	N	N	N	N	N	N	N	2522.7331	892.2236	0.0000	0.0000	28095.0360	367.8797	2.5632	2.8599	0.0000	0.0000	0.0000	0.0000	4.1763	4.8449	0.0000	0.0010	0.0032	0.0000	0.0099	0.0158	0.0000	0.0001	0.0132	0.0000	0.0000	0.0000	-0.1978	-0.0001	4.0000	5.0272	7.0000	2.1572	0.9998	0.9998	0.0000	0.0000	0.0000	0.0000	0.9998	0.9998	0.0000	0.0001	0.0001	0.0000	0.0001	0.0001	0.0000	0.0000	0.0000	0.0000	0.3900	0.3496	0.0405	0.1507	0.1432	0.0074	0.2394	0.2064	0.0330	0.1476	0.0468	0.1008	0.0131	0.0082	0.0049	0.1345	0.0386	0.0960	2522.7331	892.2236	0.0000	0.0000	0.0000	0.0000	28095.0360	9343.9058	0.0000	0.0010	0.0032	0.0000	0.0099	0.0158	0.0000	0.0001	0.0005	0.0000			
56	88	0.2754	7	1	1	1	0	0	0	0	0	N	N	N	N	N	N	N	N	N	N	N	N	0.0000	0.0000	0.0000	0.0000	0.0000	0.0000	0.0000	0.0000	0.0000	0.0000	0.0000	0.0000	0.0000	0.0000	0.0000	0.0000	0.0000	0.0000	0.0000	0.0000	4.0000	0.0000	7.0000	4.0000	0.0000	0.0000	0.0000	0.0000	0.0000	0.0000	0.0000	0.0000	0.0000	0.0000	0.0000	0.0000	0.0000	0.0000	0.0000	0.0000	0.0000	0.0000	0.0000	0.0000	0.0000	0.0000	0.0000	0.0000	0.0000	0.0000	0.0000	0.0854	0.0272	0.0583	0.0096	0.0064	0.0032	0.0758	0.0208	0.0550	0.0000	0.0000	0.0000	0.0000	0.0000	0.0000	0.0000	0.0000	0.0000	0.0000	0.0000	0.0000	0.0000	0.0000	0.0000	0.0000	0.0000	0.0000											
56	89	0.2381	6	1	1	1	0	0	0	0	0	N	N	N	N	N	N	N	N	N	N	N	N	0.0000	0.0000	0.0000	0.0000	0.0000	0.0000	0.0000	0.0000	0.0000	0.0000	0.0000	0.0000	0.0000	0.0000	0.0000	0.0000	0.0000	0.0000	0.0000	0.0000	4.0000	3.0000	7.0000	2.0000	0.0000	0.0000	0.0000	0.0000	0.0000	0.0000	0.0000	0.0000	0.0000	0.0000	0.0000	0.0000	0.0000	0.0000	0.0000	0.0000	0.0000	0.0000	0.2309	0.2061	0.0248	0.0857	0.0811	0.0046	0.1452	0.1250	0.0202	0.1046	0.0323	0.0722	0.0087	0.0052	0.0035	0.0959	0.0272	0.0687	0.0000	0.0000	0.0000	0.0000	0.0000	0.0000	0.0000	0.0000	0.0000	0.0000	0.0000	0.0000	0.0000	0.0000	0.0000	0.0000	0.0000	0.0000											
56	90	0.2381	6	2	1	1	0	0	0	0	0	Y	N	N	N	N	N	N	N	N	N	N	N	0.0000	0.0000	0.0000	0.0000	0.0000	0.0000	0.0000	0.0000	0.0000	0.0000	0.0000	0.0000	0.0000	0.0000	0.0000	0.0000	0.0000	0.0000	0.0000	0.0000	4.0000	2.0000	7.0000	3.0000	0.0000	0.0000	0.0000	0.0000	0.0000	0.0000	0.0000	0.0000	0.0000	0.0000	0.0000	0.0000	0.0000	0.0000	0.0000	0.0000	0.0000	0.0000	0.1569	0.1401	0.0168	0.0591	0.0559	0.0032	0.0979	0.0842	0.0137	0.1046	0.0323	0.0722	0.0087	0.0052	0.0035	0.0959	0.0272	0.0687	0.0000	0.0000	0.0000	0.0000	0.0000	0.0000	0.0000	0.0000	0.0000	0.0000	0.0000	0.0000	0.0000	0.0000	0.0000	0.0000	0.0000	0.0000											
56	91	0.2221	5	1	0	1	0	0	0	0	0	N	N	N	N	N	N	N	N	N	N	N	N	0.3264	0.1173	0.0765	0.0548	0.0009	0.0010	0.0000	0.0020	0.0021	0.0000	0.0000	0.0000	0.0000	0.0027	0.0083	0.0000	0.0262	0.0382	0.0000	0.0000	0.0000	0.0000	0.0000	0.0000	-0.0000	-0.0001	4.0000	2.0705	7.0000	0.0351	0.0002	0.0002	0.0000	0.0002	0.0002	0.0000	0.0000	0.0000	0.0000	0.0001	0.0001	0.0000	0.0001	0.0001	0.0000	0.0000	0.0000	0.0000	0.1824	0.1645	0.0179	0.0800	0.0764	0.0036	0.1024	0.0881	0.0143	0.0484	0.0157	0.0327	0.0050	0.0034	0.0016	0.0434	0.0123	0.0311	0.3264	0.1173	0.0000	0.0765	0.0548	0.0000	0.0000	0.0000	0.0000	0.0027	0.0083	0.0000	0.0262	0.0382	0.0000	0.0000	0.0000	0.0000					
56	92	0.1967	4	1	0	1	0	0	0	0	0	N	N	N	N	N	N	N	N	N	N	N	N	0.1234	0.0492	0.0000	0.0000	0.5440	0.0049	0.0005	0.0005	0.0000	0.0000	0.0000	0.0000	0.0009	0.0011	0.0000	0.0037	0.0101	0.0000	0.0161	0.0205	0.0000	0.0017	0.2232	0.0000	0.0000	0.0000	-0.0000	-0.0002	4.0000	3.4249	7.0000	0.1413	0.0002	0.0002	0.0000	0.0000	0.0000	0.0000	0.0002	0.0002	0.0000	0.0003	0.0003	0.0000	0.0002	0.0002	0.0000	0.0001	0.0001	0.0000	0.3539	0.3213	0.0326	0.1830	0.1736	0.0094	0.1709	0.1478	0.0232	0.0873	0.0316	0.0557	0.0118	0.0093	0.0025	0.0755	0.0223	0.0532	0.1234	0.0492	0.0000	0.0000	0.0000	0.0000	0.5440	0.1860	0.0000	0.0037	0.0101	0.0000	0.0161	0.0205	0.0000	0.0017	0.0058	0.0000			
56	98	0.3336	9	1	0	1	0	0	0	0	0	N	N	N	N	N	N	N	N	N	N	N	N	0.1121	0.0682	0.0674	0.0675	0.0038	0.0041	0.0000	0.0070	0.0075	0.0000	0.0000	0.0000	0.0000	0.0335	0.0605	0.0000	0.1040	0.1104	0.0000	0.0000	0.0000	0.0000	0.0000	0.0000	-0.0004	-0.0095	4.0000	4.9999	7.0000	9.0821	0.0020	0.0020	0.0000	0.0020	0.0020	0.0000	0.0000	0.0000	0.0000	0.0126	0.0126	0.0000	0.0126	0.0126	0.0000	0.0000	0.0000	0.0000	0.5377	0.4894	0.0484	0.2879	0.2711	0.0168	0.2498	0.2183	0.0315	0.3773	0.2088	0.1685	0.1215	0.1145	0.0070	0.2558	0.0943	0.1615	0.1121	0.0682	0.0000	0.0674	0.0675	0.0000	0.0000	0.0000	0.0000	0.0335	0.0605	0.0000	0.1040	0.1104	0.0000	0.0000	0.0000	0.0000					
57	58	0.2443	6	0	1	1	0	0	0	0	0	N	N	N	N	N	N	N	N	N	N	N	N	0.0296	0.0169	0.0000	0.0092	0.0103	0.0000	0.0005	inf	0.0000	0.0001	0.0001	0.0000	0.0003	0.0003	0.0000	0.0000	0.0000	0.0000	0.0024	0.0046	0.0007	0.0315	0.0305	0.7102	0.0003	0.0000	0.0005	0.0000	0.1985	-0.0000	-0.0001	9.7645	1.0009	7.4558	0.0163	0.0000	0.0000	0.0000	0.0000	0.0000	0.0000	0.0000	0.0000	0.0000	0.0001	0.0001	0.0000	0.0001	0.0001	0.0000	0.0000	0.0000	0.0000	0.3222	0.2862	0.0360	0.0773	0.0714	0.0060	0.2448	0.2148	0.0300	0.0404	0.0171	0.0233	0.0027	0.0026	0.0001	0.0377	0.0145	0.0232	0.0296	0.0169	0.0000	0.0092	0.0103	0.0000	0.0005	inf	0.0000	0.0024	0.0046	0.0007	0.0315	0.0305	0.0714	0.0003	0.0000	0.0005
57	59	0.2289	5	0	1	0	0	0	0	0	0	N	N	N	N	N	N	N	N	N	N	N	N	2.2944	6.4717	0.0552	13.0751	16.1185	0.0002	0.0220	0.0026	0.0598	0.0039	0.0044	0.0001	0.0304	0.0329	0.0000	0.0000	0.0000	0.0001	0.0017	0.0007	0.0025	0.0023	0.0020	0.2251	0.0017	0.0080	0.0024	0.0041	4.8053	-0.0005	0.0000	9.7645	1.9961	7.4558	0.0521	0.0025	0.0025	0.0000	0.0024	0.0024	0.0000	0.0000	0.0000	0.0000	0.0001	0.0000	0.0001	0.0000	0.0000	0.0000	0.0001	0.0000	0.0001	0.6268	0.5531	0.0737	0.0803	0.0744	0.0059	0.5465	0.4788	0.0678	0.0871	0.0375	0.0496	0.0079	0.0077	0.0001	0.0792	0.0298	0.0495	2.2944	6.4717	0.0552	13.0751	16.1185	0.0019	0.0220	0.0620	0.0598	0.0017	0.0007	0.0025	0.0023	0.0020	0.0198	0.0017	0.0003	0.0024
57	60	0.2211	4	0	1	0	0	0	0	0	0	N	N	N	N	N	N	N	N	N	N	N	N	1.4173	0.7663	0.4382	0.3751	0.3745	0.0191	1.7608	0.0384	0.0496	0.0213	0.0234	0.0014	0.0081	0.0079	0.0137	0.0253	0.0284	0.0002	0.0150	0.0306	0.0032	0.0216	0.0210	0.7204	0.0143	0.7399	0.0030	0.0062	0.1349	-0.0000	-0.0004	9.7645	0.0081	7.4558	1.0507	0.0001	0.0001	0.0000	0.0000	0.0000	0.0000	0.0001	0.0001	0.0000	0.0007	0.0006	0.0001	0.0001	0.0001	0.0000	0.0006	0.0005	0.0001	0.0037	0.0034	0.0003	0.0008	0.0008	0.0000	0.0029	0.0025	0.0003	0.0470	0.0204	0.0266	0.0046	0.0045	0.0000	0.0424	0.0158	0.0265	1.4173	0.7663	0.4382	0.3751	0.3745	0.1850	1.7608	0.8531	0.0496	0.0150	0.0306	0.0032	0.0216	0.0210	0.0742	0.0143	0.0333	0.0030
57	61	0.1724	3	0	1	0	0	0	0	0	0	N	N	N	N	N	N	N	N	N	N	N	N	0.7165	0.3623	0.0570	1.9606	2.0501	0.0092	0.6224	0.2249	0.0189	2.0268	2.2999	0.0020	1.0803	1.1315	0.0558	2.0885	2.3826	0.0007	2.8288	6.3480	0.0352	0.5510	0.5519	6.0742	3.3555	10.5918	0.0348	0.0001	0.0070	-0.3621	-0.7673	9.7645	3.0167	7.4558	3.2580	1.8316	1.8314	0.0002	0.0597	0.0596	0.0001	1.7718	1.7718	0.0001	1.0342	1.0270	0.0072	0.0378	0.0377	0.0001	0.9963	0.9892	0.0071	0.9037	0.7963	0.1074	0.0553	0.0527	0.0026	0.8484	0.7436	0.1047	0.3656	0.1618	0.2038	0.0687	0.0684	0.0003	0.2969	0.0934	0.2035	0.7165	0.3623	0.0570	1.9606	2.0501	0.1681	0.6224	0.2249	0.0189	2.8288	6.3480	0.0352	0.5510	0.5519	0.3319	3.3555	10.5918	0.0348
57	62	0.3351	8	0	2	0	0	0	0	0	0	N	Y	N	N	N	N	N	N	N	N	N	N	0.0606	1.7278	0.0437	2.1440	1.7083	2.6108	0.0151	35.3278	0.0134	0.0140	0.0134	0.0198	0.0284	0.0266	0.0561	0.0049	0.0047	0.0068	0.2306	0.0077	0.4528	0.0133	0.0156	0.0215	0.3266	0.0001	0.5118	0.1474	58.5930	-0.0013	0.0162	9.7645	3.3327	7.4558	4.3103	0.0187	0.0163	0.0024	0.0146	0.0128	0.0018	0.0041	0.0034	0.0006	0.0690	0.0012	0.0679	0.0012	0.0012	0.0001	0.0678	0.0000	0.0678	1.3357	1.2145	0.1212	0.5135	0.4817	0.0318	0.8222	0.7328	0.0894	0.2993	0.1495	0.1499	0.0918	0.0743	0.0174	0.2076	0.0751	0.1325	0.0606	1.7278	0.0437	2.1440	1.7083	16.5896	0.0151	1263.3438	0.0134	0.2306	0.0077	0.4528	0.0133	0.0156	0.0034	0.3266	0.0000	0.5118
57	63	0.3111	7	0	1	0	0	0	0	0	0	N	N	N	N	N	N	N	N	N	N	N	N	14.0345	34.9767	0.5793	24.9653	22.4849	2.6562	10.1964	14.6861	0.2569	0.3408	0.3725	0.0221	0.4179	0.4445	0.0462	0.2834	0.3164	0.0110	0.0243	0.0107	0.0382	0.0167	0.0198	0.0174	0.0278	0.0215	0.0427	0.0059	3.5220	-0.0933	0.0002	9.7645	3.2669	7.4558	2.4507	0.4858	0.4830	0.0028	0.2544	0.2526	0.0019	0.2314	0.2304	0.0010	0.0057	0.0013	0.0045	0.0013	0.0012	0.0000	0.0045	0.0000	0.0044	1.4253	1.2964	0.1289	0.6089	0.5682	0.0407	0.8164	0.7282	0.0882	0.2361	0.1191	0.1171	0.0749	0.0616	0.0133	0.1612	0.0574	0.1038	14.0345	34.9767	0.5793	24.9653	22.4849	17.4092	10.1964	366.7246	0.2569	0.0243	0.0107	0.0382	0.0167	0.0198	0.0027	0.0278	0.0009	0.0427
57	64	0.3955	11	1	1	1	0	0	0	0	0	N	N	N	N	N	N	N	N	N	N	N	N	0.0000	0.0000	0.0000	0.0000	0.0000	0.0000	0.0000	0.0000	0.0000	0.0000	0.0000	0.0000	0.0000	0.0000	0.0000	0.0000	0.0000	0.0000	0.0000	0.0000	9.7645	0.0000	7.4558	1.0000	0.0000	0.0000	0.0000	0.0000	0.0000	0.0000	0.0000	0.0000	0.0000	0.0000	0.0000	0.0000	0.0000	0.0000	0.0000	0.0000	0.0000	0.0000	0.0000	0.0000	0.0000	0.0000	0.0000	0.0000	0.0000	0.0000	0.0000	0.0331	0.0144	0.0187	0.0062	0.0059	0.0003	0.0269	0.0085	0.0184	0.0000	0.0000	0.0000	0.0000	0.0000	0.0000	0.0000	0.0000	0.0000	0.0000	0.0000	0.0000	0.0000	0.0000	0.0000	0.0000	0.0000	0.0000											
57	65	0.3955	10	1	1	1	0	0	0	0	0	N	N	N	N	N	N	N	N	N	N	N	N	0.0000	0.0000	0.0000	0.0000	0.0000	0.0000	0.0000	0.0000	0.0000	0.0000	0.0000	0.0000	0.0000	0.1587	0.3206	0.0000	0.3333	0.3338	0.0000	0.0000	0.0000	0.0000	0.0000	0.0000	-0.0000	9.7645	0.0000	7.4558	0.0001	0.0000	0.0000	0.0000	0.0000	0.0000	0.0000	0.0000	0.0000	0.0000	0.0000	0.0000	0.0000	0.0000	0.0000	0.0000	0.0000	0.0000	0.0000	0.0000	0.0000	0.0000	0.0000	0.0000	0.0000	0.0000	0.0000	0.0000	0.0000	0.0000	0.0000	0.0000	0.0000	0.0000	0.0000	0.0000	0.0000	0.0000	0.0000	0.0000	0.0000	0.0000	0.0000	0.0000	0.0000	0.0000	0.1587	0.3206	0.0000	0.3333	0.3338	0.0000	0.0000	0.0000	0.0000						
57	66	0.3832	9	1	1	1	0	0	0	0	0	N	N	N	N	N	N	N	N	N	N	N	N	46.2887	23.0468	0.0000	1.3050	1.3408	0.0000	34090.3976	inf	0.0000	2.2490	2.4919	0.0000	0.2431	0.2562	0.0000	3.4199	3.9070	0.0000	0.0486	0.1081	0.0001	0.1863	0.1911	0.0000	0.0001	0.0000	0.0001	0.0000	0.0015	-0.1919	-0.0032	9.7645	1.9720	7.4558	0.0923	0.9701	0.9701	0.0000	0.0387	0.0387	0.0000	0.9314	0.9314	0.0000	0.0043	0.0043	0.0000	0.0043	0.0043	0.0000	0.0000	0.0000	0.0000	0.4314	0.3893	0.0421	0.1590	0.1509	0.0081	0.2724	0.2384	0.0340	0.0892	0.0400	0.0492	0.0232	0.0226	0.0006	0.0660	0.0174	0.0486	46.2887	23.0468	0.0000	1.3050	1.3408	0.0000	34090.3976	inf	0.0000	0.0486	0.1081	0.0001	0.1863	0.1911	0.0000	0.0001	0.0000	0.0001
57	67	0.3616	8	1	1	1	0	0	0	0	0	N	N	N	N	N	N	N	N	N	N	N	N	47.3953	347.9112	8.6194	312.7893	311.4751	inf	4.6373	inf	10.8417	1.7334	1.8647	0.5284	3.8506	4.0600	0.0025	0.1964	0.1232	0.6776	0.0366	0.0054	0.0613	0.0123	0.0130	0.0000	0.0424	0.0000	0.0625	0.0309	14.4364	-0.1740	0.0009	9.7645	3.0650	7.4558	1.0636	1.0363	1.0053	0.0310	0.9683	0.9682	0.0000	0.0680	0.0370	0.0310	0.0046	0.0003	0.0043	0.0003	0.0003	0.0000	0.0043	0.0000	0.0043	0.5978	0.5391	0.0587	0.2515	0.2385	0.0130	0.3464	0.3006	0.0457	0.1265	0.0559	0.0706	0.0243	0.0230	0.0014	0.1021	0.0329	0.0692	47.3953	347.9112	8.6194	312.7893	311.4751	inf	4.6373	inf	10.8417	0.0366	0.0054	0.0613	0.0123	0.0130	0.0000	0.0424	0.0000	0.0625
57	68	0.2136	4	0	2	0	1	0	0	0	0	N	Y	N	N	N	N	N	N	N	N	N	N	35.1073	0.0063	1573.7671	12.4915	0.0150	61.8839	286.4351	0.0022	1391.7566	0.7411	0.0003	6.1531	1.3697	0.0017	23.0090	0.6399	0.0000	4.9148	0.0211	0.0401	0.0039	0.1096	0.1122	0.3718	0.0022	0.0013	0.0035	3351.7768	0.1077	0.5674	-0.0046	9.7645	2.7513	7.4558	4.0954	0.7076	0.0002	0.7074	0.1813	0.0002	0.1810	0.5264	0.0000	0.5264	0.0070	0.0063	0.0007	0.0064	0.0063	0.0001	0.0006	0.0000	0.0006	0.9549	0.8399	0.1150	0.1323	0.1245	0.0079	0.8225	0.7154	0.1071	0.3321	0.1577	0.1744	0.0584	0.0564	0.0020	0.2737	0.1014	0.1724	35.1073	0.0063	1573.7671	12.4915	0.0150	630.1081	286.4351	0.0994	1391.7566	0.0211	0.0401	0.0039	0.1096	0.1122	0.0365	0.0022	0.0000	0.0035
57	69	0.2911	6	0	2	0	0	0	0	0	0	N	Y	N	N	N	N	N	N	N	N	N	N	0.0088	1.8290	0.0435	5.3249	2.2702	1.8896	0.0029	inf	0.0159	0.0174	0.0015	0.1545	0.0373	0.0043	0.4836	0.0077	0.0000	0.0638	1.9848	0.0008	3.5538	0.0070	0.0019	0.2559	2.6434	0.0000	4.0003	12.2712	5614.5551	0.0252	0.2677	9.7645	9.9334	7.4558	8.9999	0.0346	0.0026	0.0320	0.0243	0.0026	0.0217	0.0104	0.0000	0.0104	1.0669	0.0002	1.0667	0.0009	0.0002	0.0008	1.0660	0.0000	1.0660	1.9900	1.7828	0.2072	0.6511	0.6063	0.0448	1.3389	1.1765	0.1624	0.5375	0.2374	0.3002	0.1343	0.1006	0.0337	0.4033	0.1368	0.2665	0.0088	1.8290	0.0435	5.3249	2.2702	21.7235	0.0029	inf	0.0159	1.9848	0.0008	3.5538	0.0070	0.0019	0.0223	2.6434	0.0000	4.0003
57	70	0.2911	6	0	2	0	0	0	0	0	0	N	Y	N	N	N	N	N	N	N	N	N	N	0.0006	0.0003	0.0000	0.1277	0.0975	0.0000	0.0000	0.0000	0.0000	0.0046	0.0049	0.0000	0.0098	0.0099	0.0000	0.0000	0.0000	0.0000	7.3222	15.5257	0.8603	0.0765	0.1012	0.0000	9.8801	28.0292	0.9708	0.0000	0.0703	-0.0001	-0.7295	9.7645	0.0666	7.4558	4.0001	0.0004	0.0004	0.0000	0.0004	0.0004	0.0000	0.0000	0.0000	0.0000	1.0677	0.9975	0.0702	0.0029	0.0029	0.0000	1.0648	0.9946	0.0702	0.0955	0.0907	0.0048	0.0453	0.0448	0.0004	0.0502	0.0459	0.0043	0.1458	0.0642	0.0816	0.0380	0.0288	0.0093	0.1078	0.0355	0.0723	0.0006	0.0003	0.0000	0.1277	0.0975	0.0000	0.0000	0.0000	0.0000	7.3222	15.5257	0.8603	0.0765	0.1012	0.0000	9.8801	28.0292	0.9708
57	71	0.3616	8	0	2	0	0	0	0	0	0	N	Y	N	N	N	N	N	N	N	N	N	N	0.0006	0.2286	0.0000	0.2113	0.2102	0.0000	0.0000	0.0003	0.0003	0.0000	0.0007	0.0007	0.0000	0.0000	0.0000	0.0000	0.4645	0.0013	0.8313	0.0031	0.0033	0.0000	0.5738	0.0000	0.8475	0.0000	779.6667	-0.0000	0.0175	9.7645	2.0000	7.4558	3.0000	0.0001	0.0001	0.0000	0.0001	0.0001	0.0000	0.0000	0.0000	0.0000	0.0703	0.0001	0.0702	0.0001	0.0001	0.0000	0.0702	0.0000	0.0702	0.3963	0.3575	0.0389	0.1677	0.1591	0.0086	0.2287	0.1984	0.0303	0.1513	0.0669	0.0844	0.0290	0.0274	0.0016	0.1223	0.0395	0.0828	0.0006	0.2286	0.0000	0.2113	0.2102	0.0000	0.0000	0.0000	0.0000	0.4645	0.0013	0.8313	0.0031	0.0033	0.0000	0.5738	0.0000	0.8475		
57	72	0.3348	7	0	1	0	0	0	0	0	0	N	N	N	N	N	N	N	N	N	N	N	N	324.9439	188.8562	0.0009	82.8695	83.2348	0.0005	1647.8151	314492.8964	0.0002	1.4619	1.6036	0.0000	1.5729	1.6587	0.0000	1.3603	1.5491	0.0000	0.0045	0.0085	0.0012	0.0190	0.0199	0.0067	0.0008	0.0000	0.0012	0.0000	0.1751	-0.3819	-0.0005	9.7645	4.7932	7.4558	0.2507	1.9307	1.9307	0.0000	0.9928	0.9928	0.0000	0.9379	0.9379	0.0000	0.0008	0.0007	0.0001	0.0007	0.0007	0.0000	0.0001	0.0000	0.0001	1.3207	1.2040	0.1167	0.6312	0.5985	0.0326	0.6895	0.6055	0.0841	0.1713	0.0772	0.0940	0.0347	0.0329	0.0018	0.1366	0.0443	0.0923	324.9439	188.8562	0.0009	82.8695	83.2348	0.0028	1647.8151	1315240.8764	0.0002	0.0045	0.0085	0.0012	0.0190	0.0199	0.0012	0.0008	0.0000	0.0012
57	73	0.2911	6	0	1	0	0	0	0	0	0	N	N	N	N	N	N	N	N	N	N	N	N	5.5181	80.0951	0.4008	8.9779	57.6160	0.0284	3.9219	13.3286	0.4102	0.0738	0.0813	0.0093	0.1141	0.1214	0.0126	0.0534	0.0596	0.0083	0.0134	0.0010	0.0231	0.0127	0.0021	0.4444	0.0136	0.0045	0.0203	0.0132	28.8997	-0.0153	0.0008	9.7645	4.9764	7.4558	2.9948	0.0825	0.0814	0.0011	0.0429	0.0426	0.0003	0.0396	0.0388	0.0008	0.0036	0.0001	0.0035	0.0009	0.0001	0.0008	0.0027	0.0000	0.0027	1.1178	1.0022	0.1156	0.3763	0.3510	0.0253	0.7415	0.6512	0.0903	0.2678	0.1181	0.1497	0.0692	0.0522	0.0170	0.1987	0.0659	0.1327	5.5181	80.0951	0.4008	8.9779	57.6160	0.2796	3.9219	396.8099	0.4102	0.0134	0.0010	0.0231	0.0127	0.0021	0.0452	0.0136	0.0002	0.0203
57	74	0.3111	7	0	2	0	0	0	0	0	0	N	Y	N	N	N	N	N	N	N	N	N	N	0.0054	0.5674	0.0008	0.5379	0.4624	0.6447	0.0014	13260.8814	0.0001	0.0042	0.0045	0.0013	0.0069	0.0071	0.0032	0.0016	0.0018	0.0002	0.7780	0.0079	1.5501	0.0128	0.0154	0.0049	1.1265	0.0000	1.7506	0.0268	196.2847	-0.0008	0.0496	9.7645	1.8678	7.4558	4.6278	0.0048	0.0047	0.0001	0.0038	0.0037	0.0001	0.0009	0.0009	0.0000	0.2015	0.0010	0.2005	0.0010	0.0010	0.0000	0.2005	0.0000	0.2005	1.1412	1.0446	0.0966	0.5595	0.5231	0.0364	0.5816	0.5215	0.0601	0.2590	0.1297	0.1294	0.0810	0.0662	0.0148	0.1780	0.0635	0.1145	0.0054	0.5674	0.0008	0.5379	0.4624	3.2849	0.0014	13260.8814	0.0001	0.7780	0.0079	1.5501	0.0128	0.0154	0.0010	1.1265	0.0000	1.7506
57	75	0.2911	6	0	1	0	0	0	0	0	0	N	N	N	N	N	N	N	N	N	N	N	N	232.6229	1711.9459	23.5916	1851.9884	1469.1428	1259896.3644	110.5751	198.3622	8.2468	1.6052	1.7588	0.2720	2.8496	2.9922	0.8606	0.9715	1.0914	0.1073	0.0069	0.0010	0.0115	0.0015	0.0020	0.0000	0.0088	0.0055	0.0130	0.0178	14.2398	-0.3083	0.0002	9.7645	4.7010	7.4558	0.6064	1.7096	1.6797	0.0299	1.0241	1.0034	0.0207	0.6855	0.6763	0.0092	0.0013	0.0001	0.0012	0.0001	0.0001	0.0000	0.0012	0.0000	0.0012	1.0650	0.9550	0.1100	0.3594	0.3353	0.0240	0.7056	0.6197	0.0859	0.1864	0.0821	0.1042	0.0485	0.0366	0.0119	0.1379	0.0455	0.0924	232.6229	1711.9459	23.5916	1851.9884	1469.1428	1259896.3644	110.5751	5066.6725	8.2468	0.0069	0.0010	0.0115	0.0015	0.0020	0.0000	0.0088	0.0002	0.0130
57	76	0.2311	5	0	1	0	0	0	0	0	0	N	N	N	N	N	N	N	N	N	N	N	N	33.6416	17.3472	273.9636	10.5861	9.7467	76.3706	25445.8251	361.2064	320.5737	0.4588	0.5127	0.0025	0.6981	0.7480	0.0040	0.3518	0.4007	0.0021	0.0136	0.0296	0.0000	0.0659	0.0767	0.0001	0.0000	0.0011	0.0000	0.0006	0.0004	-0.1402	-0.0030	9.7645	4.7970	7.4558	3.0436	0.7109	0.7105	0.0004	0.3343	0.3342	0.0001	0.3765	0.3763	0.0003	0.0041	0.0041	0.0000	0.0041	0.0041	0.0000	0.0000	0.0000	0.0000	1.5493	1.3858	0.1636	0.4790	0.4468	0.0321	1.0704	0.9389	0.1314	0.2986	0.1377	0.1609	0.0617	0.0530	0.0087	0.2369	0.0847	0.1522	33.6416	17.3472	273.9636	10.5861	9.7467	76.3706	25445.8251	15024.5672	320.5737	0.0136	0.0296	0.0000	0.0659	0.0767	0.0001	0.0000	0.0000	0.0000
57	78	0.2947	8	1	2	0	1	0	0	0	0	N	Y	N	N	N	N	N	N	N	N	N	N	0.0018	0.0001	0.0220	0.0017	0.0002	0.0165	0.0009	0.0046	0.0000	0.0000	0.0000	0.0000	0.0000	0.0000	0.0000	0.0000	0.0000	0.0006	0.0008	0.0004	0.0020	0.0022	0.0028	0.0003	0.0000	0.0004	10.5861	0.6428	0.0000	-0.0000	9.7645	1.0000	7.4558	2.0144	0.0000	0.0000	0.0000	0.0000	0.0000	0.0000	0.0000	0.0000	0.0000	0.0001	0.0000	0.0000	0.0000	0.0000	0.0000	0.0000	0.0000	0.0000	0.2565	0.2295	0.0270	0.0712	0.0665	0.0046	0.1853	0.1629	0.0224	0.1139	0.0505	0.0634	0.0231	0.0194	0.0038	0.0907	0.0311	0.0596	0.0018	0.0001	0.0220	0.0017	0.0002	0.0675	0.0009	0.0000	0.0046	0.0006	0.0008	0.0004	0.0020	0.0022	0.0007	0.0003	0.0000	0.0004	
57	79	0.2724	7	1	2	0	1	0	0	0	0	N	Y	N	N	N	N	N	N	N	N	N	N	1.6691	0.8234	0.0000	1.1447	1.0226	16.8442	inf	0.0000	0.0154	0.0172	0.0000	0.0537	0.0575	0.0000	0.0005	0.0006	0.0000	0.0092	0.0209	0.0000	0.0469	0.0562	0.0000	0.0000	0.0000	0.0000	0.0000	0.0027	-0.0000	-0.0008	9.7645	0.0001	7.4558	3.0180	0.0000	0.0000	0.0000	0.0000	0.0000	0.0000	0.0000	0.0000	0.0000	0.0010	0.0010	0.0000	0.0010	0.0010	0.0000	0.0000	0.0000	0.0000	0.0000	0.0000	0.0000	0.0000	0.0000	0.0000	0.0000	0.0000	0.0000	0.1130	0.0497	0.0632	0.0221	0.0185	0.0036	0.0909	0.0312	0.0596	1.6691	0.8234	0.0000	1.1447	1.0226	0.0000	16.8442	inf	0.0000	0.0092	0.0209	0.0000	0.0469	0.0562	0.0000	0.0000	0.0000	0.0000	
57	80	0.2944	9	0	2	0	1	0	0	0	0	N	Y	N	N	N	N	N	N	N	N	N	N	0.0000	0.0000	0.0000	0.0000	0.0000	0.0000	0.0000	0.0000	0.0000	0.0000	0.0000	0.0000	0.0000	0.0000	0.0000	0.0000	0.0000	0.0000	0.0000	0.0000	9.7645	0.0000	7.4558	0.0000	0.0000	0.0000	0.0000	0.0000	0.0000	0.0000	0.0000	0.0000	0.0000	0.0000	0.0000	0.0000	0.0000	0.0000	0.0000	0.0000	0.0000	0.0000	0.0000	0.0000	0.0000	0.0000	0.0000	0.0000	0.0000	0.0000	0.0000	0.0000	0.0000	0.0000	0.0000	0.0000	0.0000	0.0000	0.0000	0.0000	0.0000	0.0000	0.0000	0.0000	0.0000	0.0000	0.0000	0.0000	0.0000	0.0000	0.0000	0.0000	0.0000	0.0000	0.0000	0.0000	0.0000	0.0000											
57	81	0.2724	7	0	1	1	1	0	0	0	0	N	N	N	N	N	N	N	N	N	N	N	N	inf	inf	inf	inf	0.0036	0.0041	0.0000	0.0132	0.0141	0.0000	0.0000	0.0000	0.0000	0.0000	0.0000	0.0000	0.0000	0.0000	0.0000	0.0000	0.0000	0.0000	0.0000	-0.0004	0.0000	9.7645	2.0000	7.4558	0.0000	0.0018	0.0018	0.0000	0.0018	0.0018	0.0000	0.0000	0.0000	0.0000	0.0000	0.0000	0.0000	0.0000	0.0000	0.0000	0.0000	0.0000	0.0000	0.5011	0.4484	0.0527	0.1382	0.1292	0.0090	0.3629	0.3192	0.0437	0.0764	0.0336	0.0428	0.0150	0.0125	0.0025	0.0614	0.0211	0.0403	inf	inf	0.0000	inf	inf	0.0000	0.0000	0.0000	0.0000	0.0000	0.0000	0.0000	0.0000	0.0000	0.0000	0.0000	0.0000	0.0000						
57	82	0.2724	7	0	1	1	1	0	0	0	0	N	N	N	N	N	N	N	N	N	N	N	N	0.0000	0.0000	0.0000	0.0000	0.0000	0.0000	0.0000	0.0000	0.0000	0.0000	0.0000	0.0000	0.0000	0.0348	0.0790	0.0000	0.1783	0.2137	0.0000	0.0000	0.0000	0.0000	0.0000	0.0000	-0.0038	9.7645	0.0000	7.4558	4.0000	0.0000	0.0000	0.0000	0.0000	0.0000	0.0000	0.0000	0.0000	0.0000	0.0051	0.0051	0.0000	0.0051	0.0051	0.0000	0.0000	0.0000	0.0000	0.0000	0.0000	0.0000	0.0000	0.0000	0.0000	0.0000	0.0000	0.0000	0.1469	0.0647	0.0822	0.0287	0.0239	0.0047	0.1182	0.0407	0.0775	0.0000	0.0000	0.0000	0.0000	0.0000	0.0000	0.0000	0.0000	0.0000	0.0348	0.0790	0.0000	0.1783	0.2137	0.0000	0.0000	0.0000	0.0000						
57	83	0.2944	9	0	1	1	1	0	0	0	0	N	N	N	N	N	N	N	N	N	N	N	N	0.0000	0.0000	0.0000	0.0000	0.0000	0.0000	0.0000	0.0000	0.0000	0.0000	0.0000	0.0000	0.0000	0.0000	0.0000	0.0009	0.0020	0.0000	0.0028	0.0033	0.0000	0.0003	0.0305	0.0000	0.0000	0.0000	-0.0001	9.7645	0.0000	7.4558	2.0000	0.0000	0.0000	0.0000	0.0000	0.0000	0.0000	0.0000	0.0000	0.0000	0.0001	0.0001	0.0000	0.0001	0.0001	0.0000	0.0000	0.0000	0.0000	0.0000	0.0000	0.0000	0.0000	0.0000	0.0000	0.0000	0.0000	0.0000	0.0757	0.0344	0.0413	0.0179	0.0153	0.0026	0.0578	0.0191	0.0387	0.0000	0.0000	0.0000	0.0000	0.0000	0.0000	0.0000	0.0000	0.0000	0.0009	0.0020	0.0000	0.0028	0.0033	0.0000	0.0003	0.0010	0.0000				
57	84	0.2871	8	0	1	0	1	0	0	0	0	N	N	N	N	N	N	N	N	N	N	N	N	0.1203	0.0632	0.0000	0.1064	0.0980	0.0000	0.0000	0.0000	0.0002	0.0003	0.0000	0.0008	0.0009	0.0000	0.0000	0.0000	0.0000	0.0019	0.0041	0.0001	0.0079	0.0092	0.0002	0.0001	0.0000	0.0001	0.0000	0.0327	-0.0000	-0.0001	9.7645	1.0000	7.4558	0.0015	0.0001	0.0001	0.0000	0.0001	0.0001	0.0000	0.0000	0.0000	0.0000	0.0001	0.0001	0.0000	0.0001	0.0001	0.0000	0.0000	0.0000	0.0000	0.2565	0.2295	0.0270	0.0712	0.0665	0.0046	0.1853	0.1629	0.0224	0.0395	0.0180	0.0215	0.0094	0.0081	0.0013	0.0301	0.0099	0.0202	0.1203	0.0632	0.0000	0.1064	0.0980	0.0000	0.0000	0.0000	0.0000	0.0019	0.0041	0.0001	0.0079	0.0092	0.0001	0.0001	0.0000	0.0001	
57	85	0.2724	7	0	1	0	1	0	0	0	0	N	N	N	N	N	N	N	N	N	N	N	N	0.0216	0.0117	0.0000	0.0168	0.0150	0.0000	0.0000	0.0002	0.0003	0.0000	0.0008	0.0009	0.0000	0.0000	0.0000	0.0000	0.0106	0.0218	0.0017	0.0488	0.0584	0.0000	0.0012	0.0000	0.0018	0.0000	0.1016	-0.0000	-0.0005	9.7645	0.0000	7.4558	2.0013	0.0000	0.0000	0.0000	0.0000	0.0000	0.0000	0.0000	0.0000	0.0000	0.0008	0.0007	0.0001	0.0007	0.0007	0.0000	0.0001	0.0000	0.0001	0.0000	0.0000	0.0000	0.0000	0.0000	0.0000	0.0000	0.0000	0.0000	0.0764	0.0336	0.0428	0.0150	0.0125	0.0025	0.0614	0.0211	0.0403	0.0216	0.0117	0.0000	0.0168	0.0150	0.0000	0.0000	0.0000	0.0000	0.0106	0.0218	0.0017	0.0488	0.0584	0.0000	0.0012	0.0000	0.0018		
57	86	0.3123	7	1	2	0	0	0	0	0	0	N	Y	N	N	N	N	N	N	N	N	N	N	8.0107	4.7329	10.6422	0.3691	0.3655	1.0448	1660.2794	351577.2474	5.5504	0.5026	0.5449	0.0118	0.0635	0.0660	0.0200	1.1816	1.3365	0.0057	0.0627	0.1151	0.0011	0.1720	0.1806	0.0191	0.0007	0.0000	0.0010	0.0019	0.0082	-0.0001	-0.0036	9.7645	0.0007	7.4558	0.9812	0.0003	0.0003	0.0000	0.0000	0.0000	0.0000	0.0003	0.0003	0.0000	0.0048	0.0048	0.0000	0.0048	0.0048	0.0000	0.0000	0.0000	0.0000	0.0006	0.0005	0.0000	0.0003	0.0003	0.0000	0.0002	0.0002	0.0000	0.0765	0.0414	0.0352	0.0277	0.0264	0.0014	0.0488	0.0150	0.0338	8.0107	4.7329	10.6422	0.3691	0.3655	6.5737	1660.2794	1139101.4894	5.5504	0.0627	0.1151	0.0011	0.1720	0.1806	0.0030	0.0007	0.0000	0.0010
57	87	0.2565	6	1	2	0	0	0	0	0	0	N	Y	N	N	N	N	N	N	N	N	N	N	62.0120	100.2737	0.0049	2.1537	1.9542	0.0337	99.1393	55183.1296	0.0010	1.5570	1.7348	0.0002	0.0845	0.0901	0.0007	2.1407	2.4279	0.0000	0.0251	0.0173	0.0314	0.0392	0.0461	0.0217	0.0216	0.0000	0.0331	0.0000	2.2564	-0.3843	-0.0004	9.7645	5.0272	7.4558	2.1572	1.9428	1.9427	0.0000	0.0299	0.0299	0.0000	1.9128	1.9128	0.0000	0.0064	0.0020	0.0044	0.0020	0.0020	0.0000	0.0044	0.0000	0.0044	1.2478	1.1198	0.1279	0.3542	0.3320	0.0222	0.8936	0.7879	0.1057	0.2539	0.1132	0.1407	0.0506	0.0425	0.0082	0.2033	0.0707	0.1326	62.0120	100.2737	0.0049	2.1537	1.9542	0.2130	99.1393	1127317.0400	0.0010	0.0251	0.0173	0.0314	0.0392	0.0461	0.0034	0.0216	0.0000	0.0331
57	88	0.3098	8	0	2	0	0	0	0	0	0	N	Y	N	N	N	N	N	N	N	N	N	N	0.0000	0.0000	0.0000	0.0000	0.0000	0.0000	0.0000	0.0000	0.0000	0.0000	0.0000	0.0000	0.0000	0.0077	0.0170	0.0000	0.0360	0.0429	0.0000	0.0000	0.0000	0.0000	0.0000	0.0000	-0.0009	9.7645	0.0000	7.4558	4.0000	0.0000	0.0000	0.0000	0.0000	0.0000	0.0000	0.0000	0.0000	0.0000	0.0012	0.0012	0.0000	0.0012	0.0012	0.0000	0.0000	0.0000	0.0000	0.0000	0.0000	0.0000	0.0000	0.0000	0.0000	0.0000	0.0000	0.0000	0.1542	0.0693	0.0849	0.0327	0.0275	0.0053	0.1215	0.0418	0.0797	0.0000	0.0000	0.0000	0.0000	0.0000	0.0000	0.0000	0.0000	0.0000	0.0077	0.0170	0.0000	0.0360	0.0429	0.0000	0.0000	0.0000	0.0000						
57	89	0.2724	7	0	2	0	0	0	0	0	0	N	Y	N	N	N	N	N	N	N	N	N	N	0.3648	0.0000	inf	0.1856	0.0000	inf	inf	inf	0.0033	0.0000	0.0316	0.0087	0.0000	0.1330	0.0013	0.0000	0.0108	0.0091	0.0207	0.0000	0.0468	0.0562	0.0000	0.0000	0.0000	0.0000	inf	0.0000	0.0020	-0.0012	9.7645	3.0000	7.4558	2.0000	0.0024	0.0000	0.0024	0.0017	0.0000	0.0018	0.0007	0.0000	0.0007	0.0016	0.0016	0.0000	0.0016	0.0016	0.0000	0.0000	0.0000	0.0000	0.7346	0.6575	0.0771	0.2014	0.1882	0.0132	0.5332	0.4693	0.0640	0.1801	0.0793	0.1008	0.0350	0.0292	0.0058	0.1451	0.0501	0.0950	0.3648	0.0000	inf	0.1856	0.0000	inf	inf	0.0000	inf	0.0091	0.0207	0.0000	0.0468	0.0562	0.0000	0.0000	0.0000	0.0000	
57	90	0.2724	7	1	2	0	0	0	0	0	0	N	Y	N	N	N	N	N	N	N	N	N	N	0.1284	0.0632	0.0975	0.0870	0.0000	0.0000	0.0002	0.0002	0.0000	0.0007	0.0008	0.0000	0.0000	0.0000	0.0000	0.0016	0.0035	0.0000	0.0074	0.0089	0.0000	0.0001	0.0107	0.0000	0.0000	0.0000	-0.0000	-0.0002	9.7645	2.0000	7.4558	3.0000	0.0001	0.0001	0.0000	0.0001	0.0001	0.0000	0.0000	0.0000	0.0000	0.0003	0.0003	0.0000	0.0003	0.0003	0.0000	0.0000	0.0000	0.0000	0.5011	0.4484	0.0527	0.1382	0.1292	0.0090	0.3629	0.3192	0.0437	0.1801	0.0793	0.1008	0.0350	0.0292	0.0058	0.1451	0.0501	0.0950	0.1284	0.0632	0.0000	0.0975	0.0870	0.0000	0.0000	0.0000	0.0000	0.0016	0.0035	0.0000	0.0074	0.0089	0.0000	0.0001	0.0004	0.0000			
57	91	0.2565	6	0	1	0	0	0	0	0	0	N	N	N	N	N	N	N	N	N	N	N	N	1.7491	1.8567	0.0439	1.7558	1.7941	0.0086	0.9664	29.9296	0.0117	0.0108	0.0120	0.0003	0.0266	0.0281	0.0011	0.0035	0.0040	0.0001	0.0062	0.0064	0.0059	0.0151	0.0157	0.1335	0.0037	0.0001	0.0056	0.0024	1.0990	-0.0013	-0.0001	9.7645	2.0705	7.4558	0.0351	0.0065	0.0064	0.0000	0.0050	0.0050	0.0000	0.0015	0.0014	0.0000	0.0005	0.0003	0.0003	0.0003	0.0003	0.0000	0.0002	0.0000	0.0002	0.5986	0.5393	0.0593	0.1884	0.1776	0.0108	0.4102	0.3616	0.0485	0.0863	0.0394	0.0469	0.0189	0.0162	0.0027	0.0675	0.0232	0.0442	1.7491	1.8567	0.0439	1.7558	1.7941	0.0961	0.9664	1070.6069	0.0117	0.0062	0.0064	0.0059	0.0151	0.0157	0.0119	0.0037	0.0000	0.0056
57	92	0.2311	5	0	1	0	0	0	0	0	0	N	N	N	N	N	N	N	N	N	N	N	N	53.3485	49.1391	0.5996	33.5844	33.9801	0.0701	70.2494	27.0072	0.3628	0.6745	0.7523	0.0061	1.1115	1.1865	0.0160	0.4499	0.5137	0.0035	0.0126	0.0153	0.0102	0.0331	0.0349	0.2283	0.0064	0.0190	0.0096	0.0009	0.7164	-0.1693	-0.0007	9.7645	3.4249	7.4558	0.1413	0.8601	0.8593	0.0008	0.4811	0.4807	0.0004	0.3790	0.3786	0.0004	0.0020	0.0012	0.0008	0.0012	0.0011	0.0001	0.0008	0.0000	0.0008	1.2752	1.1422	0.1330	0.4329	0.4051	0.0277	0.8423	0.7371	0.1052	0.1594	0.0767	0.0827	0.0373	0.0328	0.0045	0.1221	0.0439	0.0782	53.3485	49.1391	0.5996	33.5844	33.9801	0.8085	70.2494	755.6478	0.3628	0.0126	0.0153	0.0102	0.0331	0.0349	0.0198	0.0064	0.0007	0.0096
57	93	0.2136	4	0	1	0	0	0	0	0	0	N	N	N	N	N	N	N	N	N	N	N	N	20.4931	11.6758	79.0820	18.9955	18.2569	4.0318	48.2398	14.8652	67.7374	0.8367	0.7844	1.2173	2.9043	2.8265	4.1290	0.4632	0.3847	0.9792	0.0408	0.0672	0.0154	0.1529	0.1548	1.0241	0.0096	0.0259	0.0145	0.2136	0.2373	-0.0152	-0.0047	9.7645	2.2814	7.4558	1.1633	0.6952	0.5729	0.1223	0.3692	0.3379	0.0314	0.3260	0.2350	0.0910	0.0083	0.0067	0.0016	0.0068	0.0067	0.0001	0.0015	0.0001	0.0015	0.8309	0.7304	0.1005	0.1271	0.1195	0.0076	0.7037	0.6108	0.0929	0.2045	0.1004	0.1040	0.0446	0.0433	0.0013	0.1599	0.0572	0.1027	20.4931	11.6758	79.0820	18.9955	18.2569	46.3350	48.2398	437.1668	67.7374	0.0408	0.0672	0.0154	0.1529	0.1548	0.0891	0.0096	0.0009	0.0145
57	94	0.1724	3	0	1	0	0	0	0	0	0	N	N	N	N	N	N	N	N	N	N	N	N	3.2547	0.7309	256.5480	0.5223	0.5411	0.0267	77.0702	4.3492	271.7424	0.9702	0.4738	4.6384	0.7629	0.7927	0.1848	0.9880	0.4440	4.7884	0.2981	0.6483	0.0181	1.4605	1.4649	6.9100	0.0128	0.1021	0.0176	1.3245	0.0349	0.1810	-0.0739	9.7645	1.5401	7.4558	4.1671	0.4867	0.2094	0.2773	0.0303	0.0300	0.0004	0.4564	0.1794	0.2770	0.1033	0.0998	0.0035	0.0997	0.0996	0.0001	0.0036	0.0002	0.0034	0.5017	0.4419	0.0598	0.0397	0.0378	0.0019	0.4620	0.4041	0.0578	0.3464	0.1539	0.1925	0.0683	0.0680	0.0003	0.2782	0.0859	0.1922	3.2547	0.7309	256.5480	0.5223	0.5411	0.5380	77.0702	213.9056	271.7424	0.2981	0.6483	0.0181	1.4605	1.4649	0.3434	0.0128	0.0021	0.0176
57	95	0.1671	2	0	1	0	0	0	0	0	0	N	N	N	N	N	N	N	N	N	N	N	N	1.0467	0.5040	10.5432	0.7395	0.7666	0.0313	3.6127	0.2771	12.0939	0.8060	0.7210	1.5348	1.2692	1.3171	0.3163	0.5806	0.4026	1.7492	0.7701	1.4305	0.1456	1.7164	1.7182	10.1147	0.1607	1.4527	0.1446	0.2485	0.1076	0.0001	-0.1015	9.7645	0.1115	7.4558	0.9631	0.0665	0.0533	0.0132	0.0343	0.0339	0.0004	0.0322	0.0194	0.0128	0.1557	0.1406	0.0151	0.1359	0.1358	0.0001	0.0198	0.0048	0.0150	0.0826	0.0739	0.0086	0.0270	0.0257	0.0013	0.0555	0.0482	0.0073	0.2022	0.0983	0.1039	0.0792	0.0791	0.0002	0.1230	0.0192	0.1038	1.0467	0.5040	10.5432	0.7395	0.7666	0.4013	3.6127	1.6272	12.0939	0.7701	1.4305	0.1456	1.7164	1.7182	0.7882	0.1607	0.2474	0.1446
57	98	0.2179	2	0	1	0	0	0	0	0	0	N	N	N	N	N	N	N	N	N	N	N	N	0.2856	0.3659	0.0001	0.5006	0.5104	0.0007	0.0041	0.0330	0.0000	0.0288	0.0321	0.0000	0.0804	0.0860	0.0000	0.0003	0.0004	0.0000	0.1010	0.0877	0.1156	0.1605	0.1684	0.0174	0.0770	0.0110	0.1190	0.0000	1.1889	-0.0110	-0.0147	9.7645	4.9999	7.4558	9.0821	0.0554	0.0554	0.0000	0.0551	0.0551	0.0000	0.0004	0.0004	0.0000	0.0712	0.0325	0.0387	0.0325	0.0325	0.0000	0.0387	0.0001	0.0387	1.9230	1.7272	0.1958	0.6850	0.6403	0.0447	1.2380	1.0869	0.1511	0.7056	0.3709	0.3347	0.2024	0.1928	0.0097	0.5032	0.1781	0.3250	0.2856	0.3659	0.0001	0.5006	0.5104	0.0045	0.0041	0.8901	0.0000	0.1010	0.0877	0.1156	0.1605	0.1684	0.0027	0.0770	0.0004	0.1190
58	62	0.2423	9	0	1	1	0	0	0	0	0	N	N	N	N	N	N	N	N	N	N	N	N	0.0100	0.0031	0.0475	0.0011	0.0055	0.0003	0.4200	0.0000	2.3522	0.0006	0.0000	0.0071	0.0001	0.0000	0.0026	0.0009	0.0000	0.0084	0.0628	0.0003	0.1501	0.1349	0.0005	8.8242	0.0021	0.0023	0.0036	649.0531	310.6720	0.0001	0.0005	1.0009	3.3327	0.0163	4.3103	0.0001	0.0000	0.0001	0.0000	0.0000	0.0000	0.0001	0.0000	0.0001	0.0021	0.0000	0.0021	0.0020	0.0000	0.0020	0.0000	0.0000	0.0000	0.2213	0.2019	0.0194	0.0776	0.0734	0.0042	0.1437	0.1285	0.0151	0.0333	0.0194	0.0139	0.0152	0.0119	0.0033	0.0181	0.0075	0.0105	0.0100	0.0031	0.0475	0.0011	0.0055	0.0042	0.4200	0.0000	2.3522	0.0628	0.0003	0.1501	0.1349	0.0005	0.6156	0.0021	0.0001	0.0036
58	63	0.2182	8	0	0	1	0	0	0	0	0	N	N	N	N	N	N	N	N	N	N	N	N	0.0022	0.0004	0.0223	0.0000	0.0000	0.0000	0.5180	0.0151	2.6102	0.0003	0.0001	0.0030	0.0000	0.0000	0.0000	0.0005	0.0001	0.0040	0.1353	0.1375	0.1326	0.3239	0.2457	8.5781	0.0010	0.0069	0.0016	4.5489	0.7501	0.0000	-0.0010	1.0009	3.2669	0.0163	2.4507	0.0001	0.0000	0.0001	0.0000	0.0000	0.0000	0.0001	0.0000	0.0001	0.0031	0.0018	0.0013	0.0031	0.0018	0.0013	0.0000	0.0000	0.0000	0.2103	0.1927	0.0176	0.0906	0.0859	0.0047	0.1196	0.1068	0.0128	0.0230	0.0129	0.0101	0.0096	0.0072	0.0023	0.0134	0.0057	0.0077	0.0022	0.0004	0.0223	0.0000	0.0000	0.0000	0.5180	0.3519	2.6102	0.1353	0.1375	0.1326	0.3239	0.2457	0.5658	0.0010	0.0003	0.0016
58	64	0.3026	12	1	0	2	0	0	0	0	0	N	N	Y	N	N	N	N	N	N	N	N	N	0.0000	0.0000	0.0000	0.0000	0.0000	0.0000	0.0000	0.0000	0.0000	0.0000	0.0000	0.0000	0.0000	0.0000	0.0000	0.0000	0.0000	0.0000	0.0000	0.0000	1.0009	0.0000	0.0163	1.0000	0.0000	0.0000	0.0000	0.0000	0.0000	0.0000	0.0000	0.0000	0.0000	0.0000	0.0000	0.0000	0.0000	0.0000	0.0000	0.0000	0.0000	0.0000	0.0000	0.0000	0.0000	0.0000	0.0000	0.0000	0.0000	0.0000	0.0000	0.0020	0.0009	0.0011	0.0004	0.0004	0.0000	0.0016	0.0005	0.0011	0.0000	0.0000	0.0000	0.0000	0.0000	0.0000	0.0000	0.0000	0.0000	0.0000	0.0000	0.0000	0.0000	0.0000	0.0000	0.0000	0.0000	0.0000											
58	65	0.3026	11	1	0	2	0	0	0	0	0	N	N	Y	N	N	N	N	N	N	N	N	N	0.0000	0.0000	0.0000	0.0000	0.0000	0.0000	0.0000	0.0000	0.0000	0.0000	0.0000	0.0000	0.0000	0.0008	0.0016	0.0000	0.0016	0.0016	0.0000	0.0000	0.0000	0.0000	0.0000	0.0000	-0.0000	1.0009	0.0000	0.0163	0.0001	0.0000	0.0000	0.0000	0.0000	0.0000	0.0000	0.0000	0.0000	0.0000	0.0000	0.0000	0.0000	0.0000	0.0000	0.0000	0.0000	0.0000	0.0000	0.0000	0.0000	0.0000	0.0000	0.0000	0.0000	0.0000	0.0000	0.0000	0.0000	0.0000	0.0000	0.0000	0.0000	0.0000	0.0000	0.0000	0.0000	0.0000	0.0000	0.0000	0.0000	0.0000	0.0000	0.0000	0.0000	0.0000	0.0008	0.0016	0.0000	0.0016	0.0016	0.0000	0.0000	0.0000	0.0000						
58	66	0.2903	10	1	0	2	0	0	0	0	0	N	N	Y	N	N	N	N	N	N	N	N	N	0.0000	0.0000	0.0000	0.0000	0.0000	0.0000	0.0000	0.0000	0.0000	0.0000	0.0000	0.0000	0.0000	0.0000	0.0000	0.0000	0.0002	0.0005	0.0000	0.0009	0.0009	0.0000	0.0000	0.0000	0.0000	0.0549	0.0000	-0.0000	1.0009	1.9720	0.0163	0.0923	0.0000	0.0000	0.0000	0.0000	0.0000	0.0000	0.0000	0.0000	0.0000	0.0000	0.0000	0.0000	0.0000	0.0000	0.0000	0.0000	0.0000	0.0000	0.0563	0.0507	0.0056	0.0288	0.0269	0.0019	0.0275	0.0238	0.0037	0.0053	0.0024	0.0028	0.0014	0.0013	0.0000	0.0039	0.0011	0.0028	0.0000	0.0000	0.0000	0.0000	0.0000	0.0000	0.0000	0.0000	0.0000	0.0002	0.0005	0.0000	0.0009	0.0009	0.0000	0.0000	0.0000	0.0000			
58	67	0.2687	9	1	0	2	0	0	0	0	0	N	N	Y	N	N	N	N	N	N	N	N	N	0.0000	0.0000	0.0000	0.0000	0.0000	0.0000	0.0000	0.0000	0.0000	0.0000	0.0000	0.0000	0.0000	0.0002	0.0000	0.0003	0.0000	0.0000	0.0000	0.0002	0.0000	0.0004	inf	0.0000	0.0000	1.0009	3.0650	0.0163	1.0636	0.0000	0.0000	0.0000	0.0000	0.0000	0.0000	0.0000	0.0000	0.0000	0.0000	0.0000	0.0000	0.0000	0.0000	0.0000	0.0000	0.0000	0.0000	0.0781	0.0706	0.0075	0.0467	0.0437	0.0030	0.0314	0.0269	0.0045	0.0069	0.0033	0.0036	0.0015	0.0014	0.0001	0.0054	0.0019	0.0035	0.0000	0.0000	0.0000	0.0000	0.0000	0.0000	0.0000	0.0000	0.0000	0.0002	0.0000	0.0003	0.0000	0.0000	0.0000	0.0002	0.0000	0.0004						
58	68	0.1208	5	0	1	1	1	0	0	0	0	N	N	N	N	N	N	N	N	N	N	N	N	6.7957	4.1341	29.1239	2.2502	4.5055	0.0000	9.1432	inf	41.8104	0.0019	0.0004	0.0128	0.0012	0.0014	0.0000	0.0021	0.0000	0.0155	0.0003	0.0001	0.0004	0.0006	0.0003	0.0495	0.0002	0.0000	0.0004	4.6747	5.5646	0.0001	0.0000	1.0009	2.7513	0.0163	4.0954	0.0002	0.0000	0.0002	0.0000	0.0000	0.0000	0.0002	0.0000	0.0002	0.0000	0.0000	0.0000	0.0000	0.0000	0.0000	0.0000	0.0000	0.0000	0.1211	0.1063	0.0148	0.0310	0.0284	0.0026	0.0902	0.0780	0.0122	0.0213	0.0098	0.0115	0.0031	0.0030	0.0001	0.0182	0.0068	0.0113	6.7957	4.1341	29.1239	2.2502	4.5055	0.0003	9.1432	inf	41.8104	0.0003	0.0001	0.0004	0.0006	0.0003	0.0065	0.0002	0.0000	0.0004
58	69	0.1983	7	0	1	1	0	0	0	0	0	N	N	N	N	N	N	N	N	N	N	N	N	3.5112	3.6615	0.0000	4.0128	3.2620	0.0000	0.0000	0.0044	0.0049	0.0000	0.0093	0.0101	0.0000	0.0000	0.0000	0.0000	0.0012	0.0013	0.0012	0.0023	0.0031	0.0000	0.0008	0.0000	0.0013	0.0000	1.0000	-0.0002	-0.0000	1.0009	9.9334	0.0163	8.9999	0.0011	0.0011	0.0000	0.0011	0.0011	0.0000	0.0000	0.0000	0.0000	0.0000	0.0000	0.0000	0.0000	0.0000	0.0000	0.0000	0.0000	0.0000	0.2592	0.2314	0.0278	0.1218	0.1115	0.0103	0.1374	0.1198	0.0175	0.0322	0.0150	0.0172	0.0087	0.0064	0.0022	0.0236	0.0086	0.0150	3.5112	3.6615	0.0000	4.0128	3.2620	0.0000	0.0000	0.0000	0.0000	0.0012	0.0013	0.0012	0.0023	0.0031	0.0000	0.0008	0.0000	0.0013		
58	70	0.1983	7	0	1	1	0	0	0	0	0	N	N	N	N	N	N	N	N	N	N	N	N	0.0000	0.0000	0.0000	0.0000	0.0000	0.0000	0.0000	0.0000	0.0000	0.0000	0.0000	0.0000	0.0000	0.0023	0.0000	0.0042	0.0000	0.0000	0.0000	0.0031	0.0000	0.0048	inf	0.0000	0.0000	1.0009	0.0666	0.0163	4.0001	0.0000	0.0000	0.0000	0.0000	0.0000	0.0000	0.0000	0.0000	0.0000	0.0000	0.0000	0.0000	0.0000	0.0000	0.0000	0.0000	0.0000	0.0000	0.0152	0.0145	0.0007	0.0075	0.0075	0.0001	0.0077	0.0071	0.0006	0.0088	0.0040	0.0048	0.0024	0.0018	0.0006	0.0064	0.0022	0.0041	0.0000	0.0000	0.0000	0.0000	0.0000	0.0000	0.0000	0.0000	0.0000	0.0023	0.0000	0.0042	0.0000	0.0000	0.0000	0.0031	0.0000	0.0048						
58	71	0.2687	9	0	1	1	0	0	0	0	0	N	N	N	N	N	N	N	N	N	N	N	N	0.0000	0.0000	0.0000	0.0000	0.0000	0.0000	0.0000	0.0000	0.0000	0.0000	0.0000	0.0000	0.0000	0.0024	0.0000	0.0047	0.0000	0.0000	0.0000	0.0031	0.0000	0.0048	inf	0.0000	0.0000	1.0009	2.0000	0.0163	3.0000	0.0000	0.0000	0.0000	0.0000	0.0000	0.0000	0.0000	0.0000	0.0000	0.0000	0.0000	0.0000	0.0000	0.0000	0.0000	0.0000	0.0000	0.0000	0.0518	0.0468	0.0050	0.0311	0.0291	0.0020	0.0207	0.0177	0.0030	0.0083	0.0040	0.0043	0.0018	0.0017	0.0001	0.0065	0.0023	0.0042	0.0000	0.0000	0.0000	0.0000	0.0000	0.0000	0.0000	0.0000	0.0000	0.0024	0.0000	0.0047	0.0000	0.0000	0.0000	0.0031	0.0000	0.0048						
58	72	0.2419	8	0	0	1	0	0	0	0	0	N	N	N	N	N	N	N	N	N	N	N	N	4.0778	6.1081	0.0000	1.4482	3.1521	0.0000	8.0030	inf	0.0000	0.0002	0.0002	0.0000	0.0003	0.0003	0.0000	0.0001	0.0002	0.0000	0.0001	0.0000	0.0001	0.0002	0.0001	0.0111	0.0000	0.0000	0.0000	0.0000	1.8854	-0.0000	-0.0000	1.0009	4.7932	0.0163	0.2507	0.0000	0.0000	0.0000	0.0000	0.0000	0.0000	0.0000	0.0000	0.0000	0.0000	0.0000	0.0000	0.0000	0.0000	0.0000	0.0000	0.0000	0.0000	0.1800	0.1644	0.0156	0.1088	0.1024	0.0065	0.0712	0.0621	0.0091	0.0103	0.0049	0.0054	0.0022	0.0021	0.0001	0.0081	0.0028	0.0053	4.0778	6.1081	0.0000	1.4482	3.1521	0.0000	8.0030	inf	0.0000	0.0001	0.0000	0.0001	0.0002	0.0001	0.0020	0.0000	0.0000	0.0000
58	73	0.1983	7	0	0	1	0	0	0	0	0	N	N	N	N	N	N	N	N	N	N	N	N	1.4754	0.8498	0.9803	0.9564	0.7724	inf	0.1754	inf	0.6076	0.0001	0.0002	0.0000	0.0003	0.0003	0.0000	0.0000	0.0000	0.0000	0.0001	0.0002	0.0000	0.0003	0.0004	0.0000	0.0000	0.0000	0.0000	0.0157	0.1329	-0.0000	-0.0000	1.0009	4.9764	0.0163	2.9948	0.0000	0.0000	0.0000	0.0000	0.0000	0.0000	0.0000	0.0000	0.0000	0.0000	0.0000	0.0000	0.0000	0.0000	0.0000	0.0000	0.0000	0.0000	0.1472	0.1314	0.0158	0.0696	0.0638	0.0059	0.0776	0.0677	0.0099	0.0161	0.0074	0.0087	0.0044	0.0033	0.0011	0.0117	0.0041	0.0075	1.4754	0.8498	0.9803	0.9564	0.7724	inf	0.1754	inf	0.6076	0.0001	0.0002	0.0000	0.0003	0.0004	0.0000	0.0000	0.0000	0.0000
58	74	0.2182	8	0	1	1	0	0	0	0	0	N	N	N	N	N	N	N	N	N	N	N	N	0.0000	0.0000	0.0000	0.0000	0.0000	0.0000	0.0000	0.0000	0.0000	0.0000	0.0000	0.0000	0.0000	0.0000	0.0000	0.0000	0.0000	0.3923	0.7057	0.0001	0.9673	1.2802	0.0000	0.0001	0.0000	0.0001	0.0000	0.0001	-0.0000	-0.0072	1.0009	1.8678	0.0163	4.6278	0.0000	0.0000	0.0000	0.0000	0.0000	0.0000	0.0000	0.0000	0.0000	0.0097	0.0097	0.0000	0.0097	0.0097	0.0000	0.0000	0.0000	0.0000	0.1744	0.1616	0.0128	0.0842	0.0805	0.0037	0.0902	0.0811	0.0091	0.0246	0.0137	0.0109	0.0100	0.0075	0.0024	0.0146	0.0061	0.0085	0.0000	0.0000	0.0000	0.0000	0.0000	0.0000	0.0000	0.0000	0.0000	0.3923	0.7057	0.0001	0.9673	1.2802	0.0000	0.0001	0.0000	0.0001	
58	75	0.1983	7	0	0	1	0	0	0	0	0	N	N	N	N	N	N	N	N	N	N	N	N	0.0010	0.0000	1910.0040	0.0003	0.0000	inf	260.4290	inf	1325.7686	0.0001	0.0000	0.0013	0.0002	0.0000	0.0018	0.0001	0.0000	0.0011	0.1452	0.3161	0.0000	0.5306	0.7104	0.0000	0.0000	0.0000	0.0000	157.6611	0.0000	0.0000	-0.0012	1.0009	4.7010	0.0163	0.6064	0.0000	0.0000	0.0000	0.0000	0.0000	0.0000	0.0000	0.0000	0.0000	0.0016	0.0016	0.0000	0.0016	0.0016	0.0000	0.0000	0.0000	0.0000	0.1404	0.1254	0.0150	0.0664	0.0609	0.0056	0.0740	0.0645	0.0094	0.0112	0.0051	0.0061	0.0031	0.0023	0.0008	0.0081	0.0029	0.0053	0.0010	0.0000	1910.0040	0.0003	0.0000	inf	260.4290	inf	1325.7686	0.1452	0.3161	0.0000	0.5306	0.7104	0.0000	0.0000	0.0000	0.0000
58	76	0.1382	6	0	0	1	0	0	0	0	0	N	N	N	N	N	N	N	N	N	N	N	N	88.5735	356.3879	0.0528	46.1329	189.5951	0.0000	104.5362	inf	0.1563	0.0060	0.0068	0.0000	0.0091	0.0100	0.0000	0.0038	0.0043	0.0000	0.0001	0.0000	0.0001	0.0002	0.0001	0.0054	0.0000	0.0000	0.0001	0.0001	6.6404	-0.0002	0.0000	1.0009	4.7970	0.0163	3.0436	0.0011	0.0011	0.0000	0.0007	0.0007	0.0000	0.0004	0.0004	0.0000	0.0000	0.0000	0.0000	0.0000	0.0000	0.0000	0.0000	0.0000	0.0000	0.1819	0.1617	0.0202	0.0767	0.0698	0.0070	0.1052	0.0920	0.0132	0.0190	0.0089	0.0101	0.0038	0.0032	0.0006	0.0152	0.0057	0.0095	88.5735	356.3879	0.0528	46.1329	189.5951	0.0000	104.5362	inf	0.1563	0.0001	0.0000	0.0001	0.0002	0.0001	0.0010	0.0000	0.0000	0.0001
58	78	0.2018	9	1	1	1	1	0	0	0	0	N	N	N	N	N	N	N	N	N	N	N	N	0.0140	inf	0.0000	0.1994	inf	0.0000	0.0000	0.0000	0.0000	0.0000	0.0000	0.0000	0.0000	0.0000	0.0000	0.0000	0.0000	0.0000	0.0000	0.0000	0.0000	0.0000	0.0000	0.0000	0.0000	0.0000	0.0000	inf	-0.0000	0.0000	1.0009	1.0000	0.0163	2.0144	0.0000	0.0000	0.0000	0.0000	0.0000	0.0000	0.0000	0.0000	0.0000	0.0000	0.0000	0.0000	0.0000	0.0000	0.0000	0.0000	0.0000	0.0000	0.0322	0.0285	0.0037	0.0120	0.0109	0.0011	0.0202	0.0176	0.0026	0.0073	0.0032	0.0041	0.0013	0.0011	0.0002	0.0060	0.0021	0.0038	0.0140	inf	0.0000	0.1994	inf	0.0000	0.0000	0.0000	0.0000	0.0000	0.0000	0.0000	0.0000	0.0000	0.0000	0.0000	0.0000	0.0000	
58	79	0.1796	8	1	1	1	1	0	0	0	0	N	N	N	N	N	N	N	N	N	N	N	N	193.0424	96.2695	91.1870	82.3808	0.0049	0.0055	0.0000	0.0129	0.0144	0.0000	0.0000	0.0000	0.0000	0.0000	0.0001	0.0000	0.0001	0.0002	0.0000	0.0000	0.0000	0.0000	0.0000	0.0044	-0.0000	-0.0000	1.0009	0.0001	0.0163	3.0180	0.0000	0.0000	0.0000	0.0000	0.0000	0.0000	0.0000	0.0000	0.0000	0.0000	0.0000	0.0000	0.0000	0.0000	0.0000	0.0000	0.0000	0.0000	0.0000	0.0000	0.0000	0.0000	0.0000	0.0000	0.0000	0.0000	0.0000	0.0072	0.0032	0.0041	0.0013	0.0010	0.0002	0.0060	0.0021	0.0038	193.0424	96.2695	0.0000	91.1870	82.3808	0.0000	0.0000	0.0000	0.0000	0.0000	0.0001	0.0000	0.0001	0.0002	0.0000	0.0000	0.0000	0.0000					
58	80	0.2016	10	0	1	1	1	0	0	0	0	N	N	N	N	N	N	N	N	N	N	N	N	0.0000	0.0000	0.0000	0.0000	0.0000	0.0000	0.0000	0.0000	0.0000	0.0000	0.0000	0.0000	0.0000	0.0000	0.0000	0.0000	0.0000	0.0000	0.0000	0.0000	1.0009	0.0000	0.0163	0.0000	0.0000	0.0000	0.0000	0.0000	0.0000	0.0000	0.0000	0.0000	0.0000	0.0000	0.0000	0.0000	0.0000	0.0000	0.0000	0.0000	0.0000	0.0000	0.0000	0.0000	0.0000	0.0000	0.0000	0.0000	0.0000	0.0000	0.0000	0.0000	0.0000	0.0000	0.0000	0.0000	0.0000	0.0000	0.0000	0.0000	0.0000	0.0000	0.0000	0.0000	0.0000	0.0000	0.0000	0.0000	0.0000	0.0000	0.0000	0.0000	0.0000	0.0000	0.0000	0.0000	0.0000	0.0000											
58	81	0.1796	8	0	0	2	1	0	0	0	0	N	N	Y	N	N	N	N	N	N	N	N	N	0.0000	0.0000	0.0000	0.0000	0.0000	0.0000	0.0000	0.0000	0.0000	0.0000	0.0000	0.0000	0.0000	0.0000	0.0000	0.0000	0.0000	0.0000	0.0000	0.0000	1.0009	2.0000	0.0163	0.0000	0.0000	0.0000	0.0000	0.0000	0.0000	0.0000	0.0000	0.0000	0.0000	0.0000	0.0000	0.0000	0.0000	0.0000	0.0000	0.0000	0.0000	0.0000	0.0630	0.0557	0.0073	0.0235	0.0213	0.0022	0.0395	0.0344	0.0051	0.0049	0.0021	0.0028	0.0009	0.0007	0.0002	0.0040	0.0014	0.0026	0.0000	0.0000	0.0000	0.0000	0.0000	0.0000	0.0000	0.0000	0.0000	0.0000	0.0000	0.0000	0.0000	0.0000	0.0000	0.0000	0.0000	0.0000											
58	82	0.1796	8	0	0	2	1	0	0	0	0	N	N	Y	N	N	N	N	N	N	N	N	N	0.0000	0.0000	0.0000	0.0000	0.0000	0.0000	0.0000	0.0000	0.0000	0.0000	0.0000	0.0000	0.0000	0.0021	0.0048	0.0000	0.0121	0.0149	0.0000	0.0000	0.0000	0.0000	0.0000	0.0000	-0.0000	1.0009	0.0000	0.0163	4.0000	0.0000	0.0000	0.0000	0.0000	0.0000	0.0000	0.0000	0.0000	0.0000	0.0000	0.0000	0.0000	0.0000	0.0000	0.0000	0.0000	0.0000	0.0000	0.0000	0.0000	0.0000	0.0000	0.0000	0.0000	0.0000	0.0000	0.0000	0.0094	0.0041	0.0053	0.0017	0.0013	0.0003	0.0077	0.0028	0.0049	0.0000	0.0000	0.0000	0.0000	0.0000	0.0000	0.0000	0.0000	0.0000	0.0021	0.0048	0.0000	0.0121	0.0149	0.0000	0.0000	0.0000	0.0000						
58	83	0.2016	10	0	0	2	1	0	0	0	0	N	N	Y	N	N	N	N	N	N	N	N	N	0.0000	0.0000	0.0000	0.0000	0.0000	0.0000	0.0000	0.0000	0.0000	0.0000	0.0000	0.0000	0.0000	0.0000	0.0000	0.0000	0.0000	0.0000	0.0000	0.0000	1.0009	0.0000	0.0163	2.0000	0.0000	0.0000	0.0000	0.0000	0.0000	0.0000	0.0000	0.0000	0.0000	0.0000	0.0000	0.0000	0.0000	0.0000	0.0000	0.0000	0.0000	0.0000	0.0000	0.0000	0.0000	0.0000	0.0000	0.0000	0.0000	0.0000	0.0000	0.0049	0.0022	0.0026	0.0011	0.0009	0.0002	0.0038	0.0013	0.0025	0.0000	0.0000	0.0000	0.0000	0.0000	0.0000	0.0000	0.0000	0.0000	0.0000	0.0000	0.0000	0.0000	0.0000	0.0000	0.0000	0.0000	0.0000											
58	84	0.1943	9	0	0	1	1	0	0	0	0	N	N	N	N	N	N	N	N	N	N	N	N	0.0000	0.0000	0.0000	0.0000	0.0000	0.0000	0.0000	0.0000	0.0000	0.0000	0.0000	0.0000	0.0000	0.0000	0.0000	0.0000	0.0000	0.0000	0.0000	0.0000	0.0000	0.0000	0.0000	0.0000	0.0000	0.7358	0.0000	-0.0000	1.0009	1.0000	0.0163	0.0015	0.0000	0.0000	0.0000	0.0000	0.0000	0.0000	0.0000	0.0000	0.0000	0.0000	0.0000	0.0000	0.0000	0.0000	0.0000	0.0000	0.0000	0.0000	0.0322	0.0285	0.0037	0.0120	0.0109	0.0011	0.0202	0.0176	0.0026	0.0025	0.0012	0.0014	0.0006	0.0005	0.0001	0.0020	0.0007	0.0013	0.0000	0.0000	0.0000	0.0000	0.0000	0.0000	0.0000	0.0000	0.0000	0.0000	0.0000	0.0000	0.0000	0.0000	0.0000	0.0000	0.0000	0.0000			
58	85	0.1796	8	0	0	1	1	0	0	0	0	N	N	N	N	N	N	N	N	N	N	N	N	0.0000	0.0000	0.0000	0.0000	0.0000	0.0000	0.0000	0.0000	0.0000	0.0000	0.0000	0.0000	0.0000	0.0000	0.0000	0.0000	0.0000	0.0000	0.0000	0.0000	0.0000	0.0000	0.0000	0.0000	0.0000	1.3590	0.0000	-0.0000	1.0009	0.0000	0.0163	2.0013	0.0000	0.0000	0.0000	0.0000	0.0000	0.0000	0.0000	0.0000	0.0000	0.0000	0.0000	0.0000	0.0000	0.0000	0.0000	0.0000	0.0000	0.0000	0.0000	0.0000	0.0000	0.0000	0.0000	0.0000	0.0000	0.0000	0.0000	0.0049	0.0021	0.0028	0.0009	0.0007	0.0002	0.0040	0.0014	0.0026	0.0000	0.0000	0.0000	0.0000	0.0000	0.0000	0.0000	0.0000	0.0000	0.0000	0.0000	0.0000	0.0000	0.0000	0.0000	0.0000	0.0000	0.0000			
58	86	0.2194	8	1	1	1	0	0	0	0	0	N	N	N	N	N	N	N	N	N	N	N	N	1.4703	1.1355	0.0000	0.3433	0.3796	0.0000	11.4504	inf	0.0000	0.0005	0.0005	0.0000	0.0003	0.0003	0.0000	0.0009	0.0010	0.0000	0.0003	0.0004	0.0002	0.0008	0.0007	0.0085	0.0001	0.0000	0.0001	0.0000	0.3105	-0.0000	-0.0000	1.0009	0.0007	0.0163	0.9812	0.0000	0.0000	0.0000	0.0000	0.0000	0.0000	0.0000	0.0000	0.0000	0.0000	0.0000	0.0000	0.0000	0.0000	0.0000	0.0000	0.0000	0.0000	0.0001	0.0001	0.0000	0.0000	0.0000	0.0000	0.0000	0.0000	0.0000	0.0049	0.0027	0.0022	0.0017	0.0016	0.0001	0.0032	0.0010	0.0021	1.4703	1.1355	0.0000	0.3433	0.3796	0.0000	11.4504	inf	0.0000	0.0003	0.0004	0.0002	0.0008	0.0007	0.0014	0.0001	0.0000	0.0001
58	87	0.1636	7	1	1	1	0	0	0	0	0	N	N	N	N	N	N	N	N	N	N	N	N	0.3567	1.6489	0.0000	0.1663	0.2934	0.0000	0.4765	inf	0.0000	0.0001	0.0001	0.0000	0.0000	0.0000	0.0000	0.0001	0.0001	0.0000	0.0002	0.0001	0.0004	0.0003	0.0002	0.0031	0.0002	0.0000	0.0004	0.0000	8.1181	-0.0000	0.0000	1.0009	5.0272	0.0163	2.1572	0.0000	0.0000	0.0000	0.0000	0.0000	0.0000	0.0000	0.0000	0.0000	0.0000	0.0000	0.0000	0.0000	0.0000	0.0000	0.0000	0.0000	0.0000	0.1588	0.1413	0.0175	0.0611	0.0557	0.0053	0.0977	0.0856	0.0122	0.0162	0.0073	0.0089	0.0030	0.0025	0.0005	0.0131	0.0048	0.0083	0.3567	1.6489	0.0000	0.1663	0.2934	0.0000	0.4765	inf	0.0000	0.0002	0.0001	0.0004	0.0003	0.0002	0.0007	0.0002	0.0000	0.0004
58	88	0.2169	9	0	1	1	0	0	0	0	0	N	N	N	N	N	N	N	N	N	N	N	N	0.0000	0.0000	0.0000	0.0000	0.0000	0.0000	0.0000	0.0000	0.0000	0.0000	0.0000	0.0000	0.0000	0.0011	0.0024	0.0000	0.0053	0.0064	0.0000	0.0000	0.0000	0.0000	0.0000	0.0000	-0.0000	1.0009	0.0000	0.0163	4.0000	0.0000	0.0000	0.0000	0.0000	0.0000	0.0000	0.0000	0.0000	0.0000	0.0000	0.0000	0.0000	0.0000	0.0000	0.0000	0.0000	0.0000	0.0000	0.0000	0.0000	0.0000	0.0000	0.0000	0.0000	0.0000	0.0000	0.0000	0.0094	0.0042	0.0052	0.0019	0.0016	0.0004	0.0075	0.0027	0.0049	0.0000	0.0000	0.0000	0.0000	0.0000	0.0000	0.0000	0.0000	0.0000	0.0011	0.0024	0.0000	0.0053	0.0064	0.0000	0.0000	0.0000	0.0000						
58	89	0.1796	8	0	1	1	0	0	0	0	0	N	N	N	N	N	N	N	N	N	N	N	N	inf	inf	inf	inf	inf	inf	inf	inf	0.0122	0.0137	0.0009	0.0322	0.0355	0.0000	0.0003	0.0002	0.0013	0.0000	0.0000	0.0000	0.0000	0.0000	0.0000	0.0000	0.0000	0.0000	0.0089	-0.0002	0.0000	1.0009	3.0000	0.0163	2.0000	0.0011	0.0011	0.0000	0.0011	0.0011	0.0000	0.0000	0.0000	0.0000	0.0000	0.0000	0.0000	0.0000	0.0000	0.0000	0.0000	0.0000	0.0000	0.0925	0.0818	0.0106	0.0345	0.0313	0.0032	0.0580	0.0506	0.0074	0.0115	0.0051	0.0064	0.0020	0.0016	0.0004	0.0094	0.0034	0.0060	inf	inf	inf	inf	inf	0.0000	inf	inf	inf	0.0000	0.0000	0.0000	0.0000	0.0000	0.0000	0.0000	0.0000	0.0000		
58	90	0.1796	8	1	1	1	0	0	0	0	0	N	N	N	N	N	N	N	N	N	N	N	N	0.0000	0.0000	0.0000	0.0000	0.0000	0.0000	0.0000	0.0000	0.0000	0.0000	0.0000	0.0000	0.0000	0.0000	0.0000	0.0000	0.0000	0.0000	0.0000	0.0000	1.0009	2.0000	0.0163	3.0000	0.0000	0.0000	0.0000	0.0000	0.0000	0.0000	0.0000	0.0000	0.0000	0.0000	0.0000	0.0000	0.0000	0.0000	0.0000	0.0000	0.0000	0.0000	0.0630	0.0557	0.0073	0.0235	0.0213	0.0022	0.0395	0.0344	0.0051	0.0115	0.0051	0.0064	0.0020	0.0016	0.0004	0.0094	0.0034	0.0060	0.0000	0.0000	0.0000	0.0000	0.0000	0.0000	0.0000	0.0000	0.0000	0.0000	0.0000	0.0000	0.0000	0.0000	0.0000	0.0000	0.0000	0.0000											
58	91	0.1636	7	0	0	1	0	0	0	0	0	N	N	N	N	N	N	N	N	N	N	N	N	0.4311	8.8037	0.0000	0.2224	1.6480	0.0000	0.5743	inf	0.0000	0.0002	0.0002	0.0000	0.0001	0.0001	0.0000	0.0002	0.0003	0.0000	0.0004	0.0000	0.0007	0.0004	0.0001	0.0124	0.0004	0.0000	0.0006	0.0000	38.8264	-0.0000	0.0000	1.0009	2.0705	0.0163	0.0351	0.0000	0.0000	0.0000	0.0000	0.0000	0.0000	0.0000	0.0000	0.0000	0.0000	0.0000	0.0000	0.0000	0.0000	0.0000	0.0000	0.0000	0.0000	0.0770	0.0688	0.0082	0.0313	0.0288	0.0025	0.0457	0.0400	0.0056	0.0057	0.0026	0.0031	0.0012	0.0010	0.0002	0.0045	0.0016	0.0029	0.4311	8.8037	0.0000	0.2224	1.6480	0.0000	0.5743	inf	0.0000	0.0004	0.0000	0.0007	0.0004	0.0001	0.0023	0.0004	0.0000	0.0006
58	92	0.1382	6	0	0	1	0	0	0	0	0	N	N	N	N	N	N	N	N	N	N	N	N	5.2592	8.2765	0.0039	1.3855	1.7305	0.0004	10.2120	inf	0.0026	0.0035	0.0039	0.0000	0.0018	0.0020	0.0000	0.0048	0.0055	0.0000	0.0007	0.0005	0.0008	0.0013	0.0012	0.0152	0.0005	0.0000	0.0007	0.0001	1.8880	-0.0001	-0.0000	1.0009	3.4249	0.0163	0.1413	0.0005	0.0005	0.0000	0.0001	0.0001	0.0000	0.0004	0.0004	0.0000	0.0000	0.0000	0.0000	0.0000	0.0000	0.0000	0.0000	0.0000	0.0000	0.1460	0.1300	0.0160	0.0649	0.0591	0.0058	0.0811	0.0709	0.0102	0.0104	0.0050	0.0053	0.0023	0.0020	0.0003	0.0080	0.0030	0.0050	5.2592	8.2765	0.0039	1.3855	1.7305	0.0023	10.2120	inf	0.0026	0.0007	0.0005	0.0008	0.0013	0.0012	0.0024	0.0005	0.0000	0.0007
58	93	0.1208	5	0	0	1	0	0	0	0	0	N	N	N	N	N	N	N	N	N	N	N	N	8.3341	8.7810	0.4858	0.9070	1.0760	0.0073	20.4861	17430.9612	0.4111	0.0068	0.0077	0.0004	0.0024	0.0025	0.0009	0.0084	0.0097	0.0003	0.0008	0.0009	0.0008	0.0027	0.0024	0.1181	0.0004	0.0000	0.0006	0.0067	0.9657	-0.0001	-0.0000	1.0009	2.2814	0.0163	1.1633	0.0007	0.0007	0.0000	0.0001	0.0001	0.0000	0.0007	0.0006	0.0000	0.0000	0.0000	0.0000	0.0000	0.0000	0.0000	0.0000	0.0000	0.0000	0.1049	0.0921	0.0128	0.0278	0.0255	0.0023	0.0772	0.0666	0.0105	0.0129	0.0061	0.0068	0.0024	0.0023	0.0001	0.0105	0.0038	0.0067	8.3341	8.7810	0.4858	0.9070	1.0760	0.0787	20.4861	17430.9612	0.4111	0.0008	0.0009	0.0008	0.0027	0.0024	0.0109	0.0004	0.0000	0.0006
58	94	0.0795	4	0	0	1	0	0	0	0	0	N	N	N	N	N	N	N	N	N	N	N	N	0.3533	0.2032	0.2477	0.0585	0.0644	0.0001	1.4369	1046.5563	0.3051	0.0005	0.0006	0.0001	0.0008	0.0008	0.0001	0.0005	0.0005	0.0002	0.0016	0.0030	0.0006	0.0131	0.0128	0.4620	0.0003	0.0000	0.0005	0.0319	0.2837	-0.0000	-0.0000	1.0009	1.5401	0.0163	4.1671	0.0000	0.0000	0.0000	0.0000	0.0000	0.0000	0.0000	0.0000	0.0000	0.0000	0.0000	0.0000	0.0000	0.0000	0.0000	0.0000	0.0000	0.0000	0.0666	0.0587	0.0079	0.0145	0.0134	0.0011	0.0520	0.0453	0.0067	0.0187	0.0076	0.0110	0.0018	0.0018	0.0000	0.0169	0.0058	0.0110	0.3533	0.2032	0.2477	0.0585	0.0644	0.0012	1.4369	1046.5563	0.3051	0.0016	0.0030	0.0006	0.0131	0.0128	0.0458	0.0003	0.0000	0.0005
58	98	0.1576	7	0	0	1	0	0	0	0	0	N	N	N	N	N	N	N	N	N	N	N	N	1.0901	2127.5005	0.0031	0.8548	1990.8283	0.0000	0.0011	0.0061	0.0018	0.0020	0.0000	0.0041	0.0043	0.0000	0.0000	0.0000	0.0000	0.0017	0.0000	0.0035	0.0048	0.0000	0.8768	0.0007	0.0000	0.0011	0.0005	3383.3827	-0.0001	0.0000	1.0009	4.9999	0.0163	9.0821	0.0005	0.0005	0.0000	0.0005	0.0005	0.0000	0.0000	0.0000	0.0000	0.0001	0.0000	0.0001	0.0000	0.0000	0.0000	0.0000	0.0000	0.0000	0.2645	0.2417	0.0228	0.1176	0.1111	0.0065	0.1469	0.1305	0.0163	0.0398	0.0210	0.0188	0.0096	0.0090	0.0005	0.0302	0.0120	0.0183	1.0901	2127.5005	0.0031	0.8548	1990.8283	0.0003	0.0011	0.0000	0.0061	0.0017	0.0000	0.0035	0.0048	0.0000	0.0837	0.0007	0.0000	0.0011	
59	62	0.2347	8	0	1	0	0	0	0	0	0	N	N	N	N	N	N	N	N	N	N	N	N	49.7924	0.0082	5435.7208	5.2897	0.0153	290.4957	1121.6379	0.0000	6333.2848	2.0521	0.0006	21.1077	0.5397	0.0019	9.8353	2.7194	0.0000	23.4542	0.0412	0.0726	0.0039	0.1020	0.1212	0.0339	0.0024	0.0044	0.0037	3823.4394	0.0450	0.5820	-0.0015	1.9961	3.3327	0.0521	4.3103	0.7257	0.0002	0.7255	0.0584	0.0002	0.0582	0.6673	0.0000	0.6673	0.0022	0.0021	0.0001	0.0021	0.0021	0.0000	0.0001	0.0000	0.0001	0.3536	0.3193	0.0344	0.1083	0.1023	0.0059	0.2454	0.2169	0.0284	0.0529	0.0287	0.0242	0.0206	0.0172	0.0034	0.0323	0.0115	0.0208	49.7924	0.0082	5435.7208	5.2897	0.0153	1974.3472	1121.6379	0.0000	6333.2848	0.0412	0.0726	0.0039	0.1020	0.1212	0.0050	0.0024	0.0001	0.0037
59	63	0.2107	7	0	0	0	0	0	0	0	0	N	N	N	N	N	N	N	N	N	N	N	N	9.4869	0.9305	3886.5967	0.0184	0.0161	0.0000	19.5129	0.1989	6712.1981	0.8320	0.1607	8.1593	0.0022	0.0023	0.0000	1.4104	0.2782	10.8304	0.0877	0.1728	0.0021	0.1212	0.1463	0.0407	0.0723	1.3987	0.0016	4.6498	0.0121	0.2070	-0.0023	1.9961	3.2669	0.0521	2.4507	0.3311	0.0586	0.2725	0.0004	0.0004	0.0000	0.3307	0.0582	0.2725	0.0031	0.0031	0.0000	0.0014	0.0014	0.0000	0.0018	0.0018	0.0000	0.3980	0.3646	0.0334	0.1635	0.1553	0.0082	0.2345	0.2093	0.0252	0.0359	0.0180	0.0179	0.0113	0.0093	0.0020	0.0246	0.0087	0.0159	9.4869	0.9305	3886.5967	0.0184	0.0161	0.0003	19.5129	1.3843	6712.1981	0.0877	0.1728	0.0021	0.1212	0.1463	0.0059	0.0723	0.2010	0.0016
59	64	0.2950	11	1	0	1	0	0	0	0	0	N	N	N	N	N	N	N	N	N	N	N	N	0.0000	0.0000	0.0000	0.0000	0.0000	0.0000	0.0000	0.0000	0.0000	0.0000	0.0000	0.0000	0.0000	0.0000	0.0000	0.0000	0.0000	0.0000	0.0000	0.0000	1.9961	0.0000	0.0521	1.0000	0.0000	0.0000	0.0000	0.0000	0.0000	0.0000	0.0000	0.0000	0.0000	0.0000	0.0000	0.0000	0.0000	0.0000	0.0000	0.0000	0.0000	0.0000	0.0000	0.0000	0.0000	0.0000	0.0000	0.0000	0.0000	0.0000	0.0000	0.0040	0.0017	0.0023	0.0007	0.0007	0.0000	0.0032	0.0010	0.0022	0.0000	0.0000	0.0000	0.0000	0.0000	0.0000	0.0000	0.0000	0.0000	0.0000	0.0000	0.0000	0.0000	0.0000	0.0000	0.0000	0.0000	0.0000											
59	65	0.2950	10	1	0	1	0	0	0	0	0	N	N	N	N	N	N	N	N	N	N	N	N	0.0000	0.0000	0.0000	0.0000	0.0000	0.0000	0.0000	0.0000	0.0000	0.0000	0.0000	0.0000	0.0000	0.0000	0.0000	0.0000	0.0018	0.0028	0.0008	0.0029	0.0029	0.0000	0.0008	0.0000	0.0008	0.2857	0.0000	-0.0000	1.9961	0.0000	0.0521	0.0001	0.0000	0.0000	0.0000	0.0000	0.0000	0.0000	0.0000	0.0000	0.0000	0.0000	0.0000	0.0000	0.0000	0.0000	0.0000	0.0000	0.0000	0.0000	0.0000	0.0000	0.0000	0.0000	0.0000	0.0000	0.0000	0.0000	0.0000	0.0000	0.0000	0.0000	0.0000	0.0000	0.0000	0.0000	0.0000	0.0000	0.0000	0.0000	0.0000	0.0000	0.0000	0.0000	0.0000	0.0000	0.0000	0.0018	0.0028	0.0008	0.0029	0.0029	0.0000	0.0008	0.0000	0.0008			
59	66	0.2828	9	1	0	1	0	0	0	0	0	N	N	N	N	N	N	N	N	N	N	N	N	0.0000	0.0000	0.0000	0.0000	0.0000	0.0000	0.0000	0.0000	0.0000	0.0000	0.0000	0.0000	0.0000	0.0000	0.0000	0.0000	0.0000	0.0005	0.0009	0.0002	0.0016	0.0017	0.0000	0.0002	0.0000	0.0002	0.3178	0.0000	-0.0000	1.9961	1.9720	0.0521	0.0923	0.0000	0.0000	0.0000	0.0000	0.0000	0.0000	0.0000	0.0000	0.0000	0.0000	0.0000	0.0000	0.0000	0.0000	0.0000	0.0000	0.0000	0.0000	0.1064	0.0957	0.0107	0.0499	0.0467	0.0032	0.0565	0.0491	0.0075	0.0106	0.0047	0.0059	0.0027	0.0026	0.0001	0.0079	0.0021	0.0058	0.0000	0.0000	0.0000	0.0000	0.0000	0.0000	0.0000	0.0000	0.0000	0.0005	0.0009	0.0002	0.0016	0.0017	0.0000	0.0002	0.0000	0.0002		
59	67	0.2612	8	1	0	1	0	0	0	0	0	N	N	N	N	N	N	N	N	N	N	N	N	0.0000	0.0000	0.0000	0.0000	0.0000	0.0000	0.0000	0.0000	0.0000	0.0000	0.0000	0.0000	0.0000	0.0000	0.0000	0.0000	0.0004	0.0002	0.0006	0.0004	0.0004	0.0000	0.0004	0.0000	0.0006	3.4991	0.0000	0.0000	1.9961	3.0650	0.0521	1.0636	0.0000	0.0000	0.0000	0.0000	0.0000	0.0000	0.0000	0.0000	0.0000	0.0000	0.0000	0.0000	0.0000	0.0000	0.0000	0.0000	0.0000	0.0000	0.1473	0.1329	0.0145	0.0811	0.0760	0.0051	0.0663	0.0569	0.0094	0.0141	0.0064	0.0076	0.0030	0.0028	0.0002	0.0111	0.0036	0.0075	0.0000	0.0000	0.0000	0.0000	0.0000	0.0000	0.0000	0.0000	0.0000	0.0004	0.0002	0.0006	0.0004	0.0004	0.0000	0.0004	0.0000	0.0006			
59	68	0.1132	4	0	1	0	1	0	0	0	0	N	N	N	N	N	N	N	N	N	N	N	N	9562.1580	275.8650	67899.0540	437.5483	493.5525	0.5988	17224.6506	inf	79172.2568	4.2544	0.1117	32.4652	0.6129	0.6652	0.0105	4.9431	0.0000	36.0400	0.0004	0.0004	0.0005	0.0014	0.0013	0.0175	0.0003	0.0000	0.0005	42.6863	1.4242	0.7921	-0.0000	1.9961	2.7513	0.0521	4.0954	1.0165	0.0233	0.9932	0.0233	0.0233	0.0000	0.9932	0.0000	0.9932	0.0000	0.0000	0.0000	0.0000	0.0000	0.0000	0.0000	0.0000	0.0000	0.2389	0.2083	0.0306	0.0380	0.0350	0.0030	0.2009	0.1734	0.0276	0.0446	0.0202	0.0244	0.0063	0.0061	0.0003	0.0383	0.0142	0.0242	9562.1580	275.8650	67899.0540	437.5483	493.5525	3.9095	17224.6506	inf	79172.2568	0.0004	0.0004	0.0005	0.0014	0.0013	0.0027	0.0003	0.0000	0.0005
59	69	0.1907	6	0	1	0	0	0	0	0	0	N	N	N	N	N	N	N	N	N	N	N	N	1105.3846	3336.8457	0.2033	4096.8590	3312.8718	inf	0.0171	0.0885	2.0400	2.2873	0.0006	4.8007	5.2389	0.0012	0.0000	0.0000	0.0003	0.0018	0.0007	0.0028	0.0012	0.0016	0.0000	0.0021	0.0000	0.0032	0.0000	5.0003	-0.1973	0.0000	1.9961	9.9334	0.0521	8.9999	0.9974	0.9974	0.0000	0.9974	0.9974	0.0000	0.0000	0.0000	0.0000	0.0001	0.0000	0.0001	0.0000	0.0000	0.0000	0.0001	0.0000	0.0001	0.4890	0.4361	0.0529	0.2078	0.1904	0.0174	0.2812	0.2457	0.0355	0.0650	0.0292	0.0358	0.0171	0.0126	0.0044	0.0480	0.0165	0.0314	1105.3846	3336.8457	0.2033	4096.8590	3312.8718	inf	0.0171	0.0000	0.0885	0.0018	0.0007	0.0028	0.0012	0.0016	0.0000	0.0021	0.0000	0.0032	
59	70	0.1907	6	0	1	0	0	0	0	0	0	N	N	N	N	N	N	N	N	N	N	N	N	0.0000	0.0000	0.0000	0.0000	0.0000	0.0000	0.0000	0.0000	0.0000	0.0000	0.0000	0.0000	0.0000	0.0000	0.0000	0.0000	0.0057	0.0026	0.0081	0.0042	0.0057	0.0000	0.0062	0.0000	0.0092	4.0002	0.0000	0.0000	1.9961	0.0666	0.0521	4.0001	0.0000	0.0000	0.0000	0.0000	0.0000	0.0000	0.0000	0.0000	0.0000	0.0001	0.0000	0.0001	0.0000	0.0000	0.0000	0.0001	0.0000	0.0001	0.0286	0.0273	0.0013	0.0140	0.0139	0.0002	0.0146	0.0134	0.0011	0.0177	0.0078	0.0099	0.0047	0.0035	0.0012	0.0130	0.0043	0.0087	0.0000	0.0000	0.0000	0.0000	0.0000	0.0000	0.0000	0.0000	0.0000	0.0057	0.0026	0.0081	0.0042	0.0057	0.0000	0.0062	0.0000	0.0092			
59	71	0.2612	8	0	1	0	0	0	0	0	0	N	N	N	N	N	N	N	N	N	N	N	N	0.0000	0.0000	0.0000	0.0000	0.0000	0.0000	0.0000	0.0000	0.0000	0.0000	0.0000	0.0000	0.0000	0.0000	0.0000	0.0000	0.0053	0.0026	0.0077	0.0057	0.0060	0.0000	0.0053	0.0000	0.0078	3.5002	0.0000	0.0000	1.9961	2.0000	0.0521	3.0000	0.0000	0.0000	0.0000	0.0000	0.0000	0.0000	0.0000	0.0000	0.0000	0.0001	0.0000	0.0001	0.0000	0.0000	0.0000	0.0001	0.0000	0.0001	0.0978	0.0882	0.0096	0.0541	0.0507	0.0034	0.0437	0.0375	0.0062	0.0168	0.0077	0.0091	0.0035	0.0033	0.0002	0.0133	0.0044	0.0089	0.0000	0.0000	0.0000	0.0000	0.0000	0.0000	0.0000	0.0000	0.0000	0.0053	0.0026	0.0077	0.0057	0.0060	0.0000	0.0053	0.0000	0.0078			
59	72	0.2343	7	0	0	0	0	0	0	0	0	N	N	N	N	N	N	N	N	N	N	N	N	678.7466	548.5631	0.0000	395.5052	398.7935	0.0000	0.1120	inf	0.0000	0.0523	0.0573	0.0000	0.0910	0.0966	0.0000	0.0000	0.0000	0.0000	0.0001	0.0001	0.0001	0.0002	0.0002	0.0000	0.0000	0.0000	0.0001	0.0000	0.6166	-0.0035	-0.0000	1.9961	4.7932	0.0521	0.2507	0.0179	0.0179	0.0000	0.0179	0.0179	0.0000	0.0000	0.0000	0.0000	0.0000	0.0000	0.0000	0.0000	0.0000	0.0000	0.0000	0.0000	0.0000	0.3421	0.3122	0.0299	0.1965	0.1852	0.0114	0.1456	0.1271	0.0185	0.0207	0.0094	0.0113	0.0043	0.0041	0.0002	0.0164	0.0054	0.0110	678.7466	548.5631	0.0000	395.5052	398.7935	0.0000	0.1120	inf	0.0000	0.0001	0.0001	0.0001	0.0002	0.0002	0.0000	0.0000	0.0000	0.0001
59	73	0.1907	6	0	0	0	0	0	0	0	0	N	N	N	N	N	N	N	N	N	N	N	N	432.4437	333.5770	10.5346	451.2225	364.9963	inf	0.0000	0.0000	0.0000	0.0643	0.0719	0.0010	0.1490	0.1623	0.0030	0.0000	0.0000	0.0000	0.0001	0.0002	0.0001	0.0003	0.0004	0.0000	0.0001	0.0013	0.0001	0.0017	0.5518	-0.0035	-0.0000	1.9961	4.9764	0.0521	2.9948	0.0179	0.0178	0.0000	0.0179	0.0178	0.0000	0.0000	0.0000	0.0000	0.0000	0.0000	0.0000	0.0000	0.0000	0.0000	0.0000	0.0000	0.0000	0.2780	0.2480	0.0300	0.1199	0.1099	0.0100	0.1581	0.1381	0.0200	0.0324	0.0144	0.0180	0.0087	0.0064	0.0022	0.0238	0.0080	0.0158	432.4437	333.5770	10.5346	451.2225	364.9963	inf	0.0000	0.0000	0.0000	0.0001	0.0002	0.0001	0.0003	0.0004	0.0000	0.0001	0.0000	0.0001
59	74	0.2107	7	0	1	0	0	0	0	0	0	N	N	N	N	N	N	N	N	N	N	N	N	0.0024	0.0013	0.0002	0.2026	0.1733	0.0301	0.0000	0.0000	0.0000	0.0006	0.0007	0.0000	0.0013	0.0013	0.0000	0.0000	0.0000	0.0000	0.2479	0.4941	0.0036	0.0064	0.0078	0.0001	0.3567	1.7419	0.0041	0.0001	0.0074	-0.0000	-0.0072	1.9961	1.8678	0.0521	4.6278	0.0002	0.0002	0.0000	0.0002	0.0002	0.0000	0.0000	0.0000	0.0000	0.0097	0.0097	0.0001	0.0001	0.0001	0.0000	0.0097	0.0096	0.0001	0.3302	0.3057	0.0244	0.1548	0.1481	0.0067	0.1754	0.1576	0.0178	0.0393	0.0196	0.0197	0.0122	0.0100	0.0022	0.0271	0.0096	0.0175	0.0024	0.0013	0.0002	0.2026	0.1733	0.0301	0.0000	0.0000	0.0000	0.2479	0.4941	0.0036	0.0064	0.0078	0.0001	0.3567	0.9980	0.0041
59	75	0.1907	6	0	0	0	0	0	0	0	0	N	N	N	N	N	N	N	N	N	N	N	N	0.0119	0.0034	3.7116	0.5428	0.4086	inf	0.0061	0.0000	4.3931	0.0009	0.0005	0.0035	0.0012	0.0012	0.0010	0.0006	0.0000	0.0047	0.0726	0.1630	0.0009	0.0022	0.0030	0.0000	0.0984	1.4605	0.0011	0.7703	0.0073	0.0001	-0.0012	1.9961	4.7010	0.0521	0.6064	0.0002	0.0001	0.0001	0.0001	0.0001	0.0000	0.0001	0.0000	0.0001	0.0016	0.0016	0.0000	0.0000	0.0000	0.0000	0.0016	0.0016	0.0000	0.2652	0.2366	0.0286	0.1145	0.1050	0.0095	0.1507	0.1316	0.0191	0.0226	0.0100	0.0126	0.0060	0.0045	0.0016	0.0165	0.0055	0.0110	0.0119	0.0034	3.7116	0.5428	0.4086	inf	0.0061	0.0000	4.3931	0.0726	0.1630	0.0009	0.0022	0.0030	0.0000	0.0984	0.2936	0.0011
59	76	0.1307	5	0	0	0	0	0	0	0	0	N	N	N	N	N	N	N	N	N	N	N	N	28045.1641	28542.3426	1.9950	17813.4632	16711.9061	8.8360	27972.4363	inf	1.4413	2.4918	2.8012	0.0002	4.2078	4.5699	0.0003	1.5003	1.7215	0.0001	0.0001	0.0001	0.0001	0.0002	0.0003	0.0000	0.0001	0.0000	0.0001	0.0000	0.9907	-0.1905	-0.0000	1.9961	4.7970	0.0521	3.0436	0.9632	0.9632	0.0000	0.5957	0.5957	0.0000	0.3676	0.3676	0.0000	0.0000	0.0000	0.0000	0.0000	0.0000	0.0000	0.0000	0.0000	0.0000	0.3866	0.3439	0.0427	0.1416	0.1303	0.0112	0.2450	0.2135	0.0315	0.0383	0.0174	0.0209	0.0074	0.0063	0.0011	0.0310	0.0112	0.0198	28045.1641	28542.3426	1.9950	17813.4632	16711.9061	8.8360	27972.4363	inf	1.4413	0.0001	0.0001	0.0001	0.0002	0.0003	0.0000	0.0001	0.0000	0.0001
59	78	0.1942	8	1	1	0	1	0	0	0	0	N	N	N	N	N	N	N	N	N	N	N	N	3.6716	6.0061	0.0000	5.4688	5.5506	0.0000	0.0000	0.0000	0.0002	0.0002	0.0000	0.0004	0.0005	0.0000	0.0000	0.0000	0.0000	0.0000	0.0000	0.0001	0.0001	0.0001	0.0001	0.0000	0.0000	0.0001	0.0000	2.3899	-0.0000	-0.0000	1.9961	1.0000	0.0521	2.0144	0.0000	0.0000	0.0000	0.0000	0.0000	0.0000	0.0000	0.0000	0.0000	0.0000	0.0000	0.0000	0.0000	0.0000	0.0000	0.0000	0.0000	0.0000	0.0638	0.0566	0.0072	0.0230	0.0210	0.0020	0.0408	0.0356	0.0052	0.0146	0.0063	0.0084	0.0026	0.0021	0.0005	0.0120	0.0041	0.0079	3.6716	6.0061	0.0000	5.4688	5.5506	0.0000	0.0000	0.0000	0.0000	0.0000	0.0000	0.0001	0.0001	0.0001	0.0001	0.0000	0.0000	0.0001	
59	79	0.1720	7	1	1	0	1	0	0	0	0	N	N	N	N	N	N	N	N	N	N	N	N	50672.6783	33967.5107	0.0000	34419.2320	30392.6294	0.0000	0.0000	0.0000	2.1770	2.4554	0.0000	6.0275	6.5905	0.0000	0.0000	0.0000	0.0000	0.0000	0.0001	0.0000	0.0002	0.0002	0.0000	0.0000	0.0000	0.0000	0.0000	0.4009	-0.0000	-0.0000	1.9961	0.0001	0.0521	3.0180	0.0000	0.0000	0.0000	0.0000	0.0000	0.0000	0.0000	0.0000	0.0000	0.0000	0.0000	0.0000	0.0000	0.0000	0.0000	0.0000	0.0000	0.0000	0.0000	0.0000	0.0000	0.0000	0.0000	0.0000	0.0000	0.0000	0.0000	0.0145	0.0061	0.0083	0.0025	0.0020	0.0005	0.0120	0.0041	0.0079	50672.6783	33967.5107	0.0000	34419.2320	30392.6294	0.0000	0.0000	0.0000	0.0000	0.0000	0.0001	0.0000	0.0002	0.0002	0.0000	0.0000	0.0000	0.0000	
59	80	0.1940	9	0	1	0	1	0	0	0	0	N	N	N	N	N	N	N	N	N	N	N	N	0.0000	0.0000	0.0000	0.0000	0.0000	0.0000	0.0000	0.0000	0.0000	0.0000	0.0000	0.0000	0.0000	0.0000	0.0000	0.0000	0.0000	0.0000	0.0000	0.0000	1.9961	0.0000	0.0521	0.0000	0.0000	0.0000	0.0000	0.0000	0.0000	0.0000	0.0000	0.0000	0.0000	0.0000	0.0000	0.0000	0.0000	0.0000	0.0000	0.0000	0.0000	0.0000	0.0000	0.0000	0.0000	0.0000	0.0000	0.0000	0.0000	0.0000	0.0000	0.0000	0.0000	0.0000	0.0000	0.0000	0.0000	0.0000	0.0000	0.0000	0.0000	0.0000	0.0000	0.0000	0.0000	0.0000	0.0000	0.0000	0.0000	0.0000	0.0000	0.0000	0.0000	0.0000	0.0000	0.0000	0.0000	0.0000											
59	81	0.1720	7	0	0	1	1	0	0	0	0	N	N	N	N	N	N	N	N	N	N	N	N	0.0000	0.0000	0.0000	0.0000	0.0000	0.0000	0.0000	0.0000	0.0000	0.0000	0.0000	0.0000	0.0000	0.0000	0.0000	0.0000	0.0000	0.0000	0.0000	0.0000	1.9961	2.0000	0.0521	0.0000	0.0000	0.0000	0.0000	0.0000	0.0000	0.0000	0.0000	0.0000	0.0000	0.0000	0.0000	0.0000	0.0000	0.0000	0.0000	0.0000	0.0000	0.0000	0.1246	0.1106	0.0140	0.0447	0.0409	0.0038	0.0798	0.0697	0.0102	0.0098	0.0042	0.0057	0.0017	0.0014	0.0003	0.0081	0.0028	0.0053	0.0000	0.0000	0.0000	0.0000	0.0000	0.0000	0.0000	0.0000	0.0000	0.0000	0.0000	0.0000	0.0000	0.0000	0.0000	0.0000	0.0000	0.0000											
59	82	0.1720	7	0	0	1	1	0	0	0	0	N	N	N	N	N	N	N	N	N	N	N	N	0.0000	0.0000	0.0000	0.0000	0.0000	0.0000	0.0000	0.0000	0.0000	0.0000	0.0000	0.0000	0.0000	0.0011	0.0000	0.0019	0.0000	0.0000	0.0000	0.0013	0.0000	0.0020	inf	0.0000	0.0000	1.9961	0.0000	0.0521	4.0000	0.0000	0.0000	0.0000	0.0000	0.0000	0.0000	0.0000	0.0000	0.0000	0.0000	0.0000	0.0000	0.0000	0.0000	0.0000	0.0000	0.0000	0.0000	0.0000	0.0000	0.0000	0.0000	0.0000	0.0000	0.0000	0.0000	0.0000	0.0188	0.0080	0.0108	0.0033	0.0026	0.0006	0.0155	0.0054	0.0102	0.0000	0.0000	0.0000	0.0000	0.0000	0.0000	0.0000	0.0000	0.0000	0.0011	0.0000	0.0019	0.0000	0.0000	0.0000	0.0013	0.0000	0.0020						
59	83	0.1940	9	0	0	1	1	0	0	0	0	N	N	N	N	N	N	N	N	N	N	N	N	0.0000	0.0000	0.0000	0.0000	0.0000	0.0000	0.0000	0.0000	0.0000	0.0000	0.0000	0.0000	0.0000	0.0000	0.0000	0.0000	0.0000	0.0000	0.0000	0.0000	1.9961	0.0000	0.0521	2.0000	0.0000	0.0000	0.0000	0.0000	0.0000	0.0000	0.0000	0.0000	0.0000	0.0000	0.0000	0.0000	0.0000	0.0000	0.0000	0.0000	0.0000	0.0000	0.0000	0.0000	0.0000	0.0000	0.0000	0.0000	0.0000	0.0000	0.0000	0.0097	0.0043	0.0054	0.0022	0.0018	0.0003	0.0076	0.0025	0.0051	0.0000	0.0000	0.0000	0.0000	0.0000	0.0000	0.0000	0.0000	0.0000	0.0000	0.0000	0.0000	0.0000	0.0000	0.0000	0.0000	0.0000	0.0000											
59	84	0.1867	8	0	0	0	1	0	0	0	0	N	N	N	N	N	N	N	N	N	N	N	N	0.0000	0.0000	0.0000	0.0000	0.0000	0.0000	0.0000	0.0000	0.0000	0.0000	0.0000	0.0000	0.0000	0.0000	0.0000	0.0000	0.0000	0.0000	0.0000	0.0000	0.0001	0.0001	0.0000	0.0000	0.0000	0.0000	0.6815	0.0000	-0.0000	1.9961	1.0000	0.0521	0.0015	0.0000	0.0000	0.0000	0.0000	0.0000	0.0000	0.0000	0.0000	0.0000	0.0000	0.0000	0.0000	0.0000	0.0000	0.0000	0.0000	0.0000	0.0000	0.0638	0.0566	0.0072	0.0230	0.0210	0.0020	0.0408	0.0356	0.0052	0.0051	0.0022	0.0028	0.0011	0.0010	0.0002	0.0040	0.0013	0.0027	0.0000	0.0000	0.0000	0.0000	0.0000	0.0000	0.0000	0.0000	0.0000	0.0000	0.0000	0.0000	0.0001	0.0001	0.0000	0.0000	0.0000	0.0000		
59	85	0.1720	7	0	0	0	1	0	0	0	0	N	N	N	N	N	N	N	N	N	N	N	N	0.0000	0.0000	0.0000	0.0000	0.0000	0.0000	0.0000	0.0000	0.0000	0.0000	0.0000	0.0000	0.0000	0.0000	0.0000	0.0000	0.0000	0.0000	0.0000	0.0000	0.0000	0.0000	0.0000	0.0000	0.0000	1.4674	0.0000	-0.0000	1.9961	0.0000	0.0521	2.0013	0.0000	0.0000	0.0000	0.0000	0.0000	0.0000	0.0000	0.0000	0.0000	0.0000	0.0000	0.0000	0.0000	0.0000	0.0000	0.0000	0.0000	0.0000	0.0000	0.0000	0.0000	0.0000	0.0000	0.0000	0.0000	0.0000	0.0000	0.0098	0.0042	0.0057	0.0017	0.0014	0.0003	0.0081	0.0028	0.0053	0.0000	0.0000	0.0000	0.0000	0.0000	0.0000	0.0000	0.0000	0.0000	0.0000	0.0000	0.0000	0.0000	0.0000	0.0000	0.0000	0.0000	0.0000			
59	86	0.2119	7	1	1	0	0	0	0	0	0	N	N	N	N	N	N	N	N	N	N	N	N	320.0932	260.7018	0.0000	78.7987	79.4418	0.0000	1444.8088	inf	0.0000	0.2077	0.2250	0.0000	0.1059	0.1115	0.0000	0.4006	0.4581	0.0000	0.0006	0.0009	0.0004	0.0013	0.0014	0.0006	0.0003	0.0000	0.0004	0.0000	0.3995	-0.0000	-0.0000	1.9961	0.0007	0.0521	0.9812	0.0000	0.0000	0.0000	0.0000	0.0000	0.0000	0.0000	0.0000	0.0000	0.0000	0.0000	0.0000	0.0000	0.0000	0.0000	0.0000	0.0000	0.0000	0.0001	0.0001	0.0000	0.0001	0.0001	0.0000	0.0000	0.0000	0.0000	0.0097	0.0052	0.0045	0.0034	0.0032	0.0002	0.0063	0.0020	0.0043	320.0932	260.7018	0.0000	78.7987	79.4418	0.0000	1444.8088	inf	0.0000	0.0006	0.0009	0.0004	0.0013	0.0014	0.0003	0.0003	0.0000	0.0004
59	87	0.1561	6	1	1	0	0	0	0	0	0	N	N	N	N	N	N	N	N	N	N	N	N	92.1577	138.7055	0.0109	20.1768	19.1871	0.0030	152.6765	84.2914	0.0127	0.0380	0.0425	0.0000	0.0153	0.0166	0.0000	0.0511	0.0583	0.0000	0.0004	0.0003	0.0005	0.0008	0.0009	0.0008	0.0003	0.0007	0.0005	0.0000	2.0767	-0.0023	-0.0000	1.9961	5.0272	0.0521	2.1572	0.0119	0.0119	0.0000	0.0017	0.0017	0.0000	0.0101	0.0101	0.0000	0.0000	0.0000	0.0000	0.0000	0.0000	0.0000	0.0000	0.0000	0.0000	0.3127	0.2790	0.0337	0.1144	0.1052	0.0091	0.1983	0.1738	0.0245	0.0324	0.0142	0.0183	0.0060	0.0049	0.0011	0.0265	0.0093	0.0172	92.1577	138.7055	0.0109	20.1768	19.1871	0.0090	152.6765	4386.9435	0.0127	0.0004	0.0003	0.0005	0.0008	0.0009	0.0003	0.0003	0.0000	0.0005
59	88	0.2093	8	0	1	0	0	0	0	0	0	N	N	N	N	N	N	N	N	N	N	N	N	0.0000	0.0000	0.0000	0.0000	0.0000	0.0000	0.0000	0.0000	0.0000	0.0000	0.0000	0.0000	0.0000	0.0000	0.0000	0.0000	0.0010	0.0011	0.0009	0.0027	0.0033	0.0000	0.0006	0.0000	0.0009	1.0000	0.0000	-0.0000	1.9961	0.0000	0.0521	4.0000	0.0000	0.0000	0.0000	0.0000	0.0000	0.0000	0.0000	0.0000	0.0000	0.0000	0.0000	0.0000	0.0000	0.0000	0.0000	0.0000	0.0000	0.0000	0.0000	0.0000	0.0000	0.0000	0.0000	0.0000	0.0000	0.0000	0.0000	0.0201	0.0087	0.0114	0.0037	0.0030	0.0007	0.0164	0.0057	0.0107	0.0000	0.0000	0.0000	0.0000	0.0000	0.0000	0.0000	0.0000	0.0000	0.0010	0.0011	0.0009	0.0027	0.0033	0.0000	0.0006	0.0000	0.0009			
59	89	0.1720	7	0	1	0	0	0	0	0	0	N	N	N	N	N	N	N	N	N	N	N	N	inf	inf	inf	inf	inf	inf	inf	inf	inf	5.4686	6.1563	0.0001	15.2780	16.6935	0.0003	0.0002	0.0002	0.0000	0.0000	0.0000	0.0000	0.0000	0.0000	0.0000	0.0000	0.0000	0.0000	0.0000	-0.1973	0.0000	1.9961	3.0000	0.0521	2.0000	0.9974	0.9974	0.0000	0.9974	0.9974	0.0000	0.0000	0.0000	0.0000	0.0000	0.0000	0.0000	0.0000	0.0000	0.0000	0.0000	0.0000	0.0000	0.1824	0.1620	0.0204	0.0653	0.0597	0.0055	0.1171	0.1023	0.0148	0.0230	0.0098	0.0132	0.0040	0.0032	0.0008	0.0190	0.0066	0.0124	inf	inf	inf	inf	inf	inf	inf	inf	inf	0.0000	0.0000	0.0000	0.0000	0.0000	0.0000	0.0000	0.0000	0.0000	
59	90	0.1720	7	1	1	0	0	0	0	0	0	N	N	N	N	N	N	N	N	N	N	N	N	0.0000	0.0000	0.0000	0.0000	0.0000	0.0000	0.0000	0.0000	0.0000	0.0000	0.0000	0.0000	0.0000	0.0000	0.0000	0.0000	0.0000	0.0000	0.0000	0.0000	1.9961	2.0000	0.0521	3.0000	0.0000	0.0000	0.0000	0.0000	0.0000	0.0000	0.0000	0.0000	0.0000	0.0000	0.0000	0.0000	0.0000	0.0000	0.0000	0.0000	0.0000	0.0000	0.1246	0.1106	0.0140	0.0447	0.0409	0.0038	0.0798	0.0697	0.0102	0.0230	0.0098	0.0132	0.0040	0.0032	0.0008	0.0190	0.0066	0.0124	0.0000	0.0000	0.0000	0.0000	0.0000	0.0000	0.0000	0.0000	0.0000	0.0000	0.0000	0.0000	0.0000	0.0000	0.0000	0.0000	0.0000	0.0000											
59	91	0.1561	6	0	0	0	0	0	0	0	0	N	N	N	N	N	N	N	N	N	N	N	N	124.1976	179.3128	0.0155	24.2722	24.8629	0.0014	226.1604	inf	0.0189	0.0775	0.0865	0.0000	0.0287	0.0309	0.0000	0.1090	0.1244	0.0000	0.0006	0.0005	0.0007	0.0012	0.0012	0.0036	0.0005	0.0000	0.0007	0.0000	1.9061	-0.0023	-0.0000	1.9961	2.0705	0.0521	0.0351	0.0118	0.0118	0.0000	0.0017	0.0017	0.0000	0.0101	0.0101	0.0000	0.0000	0.0000	0.0000	0.0000	0.0000	0.0000	0.0000	0.0000	0.0000	0.1528	0.1369	0.0158	0.0599	0.0555	0.0044	0.0929	0.0814	0.0115	0.0113	0.0051	0.0063	0.0023	0.0020	0.0003	0.0090	0.0031	0.0059	124.1976	179.3128	0.0155	24.2722	24.8629	0.0061	226.1604	inf	0.0189	0.0006	0.0005	0.0007	0.0012	0.0012	0.0008	0.0005	0.0000	0.0007
59	92	0.1307	5	0	0	0	0	0	0	0	0	N	N	N	N	N	N	N	N	N	N	N	N	1288.5905	1489.7754	1.1906	229.3152	230.9016	0.3645	2643.3217	729.8846	0.9022	1.3348	1.4977	0.0013	0.5054	0.5457	0.0021	1.8642	2.1451	0.0010	0.0010	0.0010	0.0011	0.0022	0.0024	0.0058	0.0007	0.0029	0.0011	0.0001	1.1776	-0.0844	-0.0000	1.9961	3.4249	0.0521	0.1413	0.4268	0.4268	0.0000	0.0630	0.0630	0.0000	0.3638	0.3638	0.0000	0.0000	0.0000	0.0000	0.0000	0.0000	0.0000	0.0000	0.0000	0.0000	0.3198	0.2850	0.0348	0.1246	0.1154	0.0092	0.1952	0.1696	0.0256	0.0209	0.0099	0.0110	0.0046	0.0040	0.0006	0.0163	0.0059	0.0104	1288.5905	1489.7754	1.1906	229.3152	230.9016	1.9534	2643.3217	31123.8566	0.9022	0.0010	0.0010	0.0011	0.0022	0.0024	0.0011	0.0007	0.0001	0.0011
59	93	0.1132	4	0	0	0	0	0	0	0	0	N	N	N	N	N	N	N	N	N	N	N	N	2409.4871	2378.4329	40.7322	117.4444	127.5231	0.3430	5037.8884	1089.4496	45.8269	3.0429	3.4838	0.0442	0.4460	0.4825	0.0096	3.5772	4.1455	0.0482	0.0013	0.0015	0.0011	0.0038	0.0038	0.0280	0.0007	0.0038	0.0011	0.0019	0.8481	-0.1236	-0.0000	1.9961	2.2814	0.0521	1.1633	0.6309	0.6297	0.0012	0.0158	0.0158	0.0000	0.6151	0.6140	0.0011	0.0000	0.0000	0.0000	0.0000	0.0000	0.0000	0.0000	0.0000	0.0000	0.2073	0.1808	0.0266	0.0354	0.0327	0.0027	0.1720	0.1481	0.0238	0.0271	0.0127	0.0145	0.0049	0.0047	0.0002	0.0223	0.0080	0.0143	2409.4871	2378.4329	40.7322	117.4444	127.5231	2.2812	5037.8884	43888.0498	45.8269	0.0013	0.0015	0.0011	0.0038	0.0038	0.0042	0.0007	0.0001	0.0011
59	94	0.0719	3	0	0	0	0	0	0	0	0	N	N	N	N	N	N	N	N	N	N	N	N	77.5607	45.3665	189.5469	1.0720	1.1634	0.0003	226.6878	73.7813	207.7117	0.2178	0.2056	0.3033	0.0159	0.0172	0.0001	0.2441	0.2318	0.3252	0.0028	0.0045	0.0016	0.0149	0.0148	0.3335	0.0011	0.0031	0.0016	0.2110	0.5037	-0.0007	-0.0000	1.9961	1.5401	0.0521	4.1671	0.0284	0.0234	0.0049	0.0002	0.0002	0.0000	0.0281	0.0232	0.0049	0.0001	0.0001	0.0000	0.0001	0.0001	0.0000	0.0000	0.0000	0.0000	0.1303	0.1140	0.0163	0.0150	0.0139	0.0011	0.1153	0.1001	0.0152	0.0422	0.0174	0.0248	0.0053	0.0053	0.0000	0.0369	0.0121	0.0248	77.5607	45.3665	189.5469	1.0720	1.1634	0.0028	226.6878	3005.0137	207.7117	0.0028	0.0045	0.0016	0.0149	0.0148	0.0317	0.0011	0.0001	0.0016
59	98	0.1500	6	0	0	0	0	0	0	0	0	N	N	N	N	N	N	N	N	N	N	N	N	3.9599	2.9769	0.0000	3.2253	3.2638	0.0000	0.0034	inf	0.0000	0.0042	0.0046	0.0000	0.0102	0.0108	0.0000	0.0000	0.0000	0.0000	0.0011	0.0015	0.0005	0.0032	0.0033	0.0013	0.0003	0.0000	0.0005	0.0000	0.3010	-0.0004	-0.0000	1.9961	4.9999	0.0521	9.0821	0.0020	0.0020	0.0000	0.0020	0.0020	0.0000	0.0000	0.0000	0.0000	0.0001	0.0001	0.0000	0.0001	0.0001	0.0000	0.0000	0.0000	0.0000	0.4882	0.4455	0.0427	0.1983	0.1878	0.0105	0.2899	0.2577	0.0322	0.0822	0.0433	0.0388	0.0210	0.0200	0.0010	0.0611	0.0233	0.0378	3.9599	2.9769	0.0000	3.2253	3.2638	0.0000	0.0034	inf	0.0000	0.0011	0.0015	0.0005	0.0032	0.0033	0.0004	0.0003	0.0000	0.0005
60	62	0.2193	7	0	1	0	0	0	0	0	0	N	N	N	N	N	N	N	N	N	N	N	N	38.6558	4.8400	225.0140	26.7533	7.8993	1379.0094	39.4529	0.0000	214.3880	0.6742	0.0287	7.0237	0.2229	0.0774	3.4438	0.9189	0.0000	7.7295	0.0174	0.0059	0.0312	0.0083	0.0098	0.0025	0.0233	0.0009	0.0361	24.9048	4.4061	0.0010	0.0000	0.0081	3.3327	1.0507	4.3103	0.0013	0.0001	0.0013	0.0002	0.0001	0.0001	0.0012	0.0000	0.0012	0.0005	0.0001	0.0004	0.0001	0.0001	0.0000	0.0004	0.0000	0.0004	0.0020	0.0018	0.0002	0.0007	0.0007	0.0000	0.0013	0.0011	0.0002	0.0285	0.0155	0.0130	0.0111	0.0094	0.0018	0.0174	0.0061	0.0112	38.6558	4.8400	225.0140	26.7533	7.8993	5938.0768	39.4529	0.0000	214.3880	0.0174	0.0059	0.0312	0.0083	0.0098	0.0006	0.0233	0.0000	0.0361
60	63	0.1953	6	0	0	0	0	0	0	0	0	N	N	N	N	N	N	N	N	N	N	N	N	75.6053	13.9103	909.2769	7.9255	4.3912	162.9903	149.6584	0.6714	1089.9664	0.2930	0.0637	2.8744	0.0410	0.0269	0.3108	0.4903	0.0943	3.8032	0.0039	0.0046	0.0032	0.0052	0.0061	0.0019	0.0033	0.1405	0.0035	4.0072	0.6810	0.0004	-0.0000	0.0081	3.2669	1.0507	2.4507	0.0006	0.0001	0.0005	0.0000	0.0000	0.0000	0.0006	0.0001	0.0005	0.0001	0.0000	0.0000	0.0000	0.0000	0.0000	0.0000	0.0000	0.0000	0.0022	0.0020	0.0002	0.0009	0.0009	0.0000	0.0012	0.0011	0.0001	0.0193	0.0097	0.0096	0.0061	0.0051	0.0010	0.0132	0.0047	0.0086	75.6053	13.9103	909.2769	7.9255	4.3912	659.7395	149.6584	32.7187	1089.9664	0.0039	0.0046	0.0032	0.0052	0.0061	0.0005	0.0033	0.0029	0.0035
60	64	0.2796	10	1	0	1	0	0	0	0	0	N	N	N	N	N	N	N	N	N	N	N	N	0.0000	0.0000	0.0000	0.0000	0.0000	0.0000	0.0000	0.0000	0.0000	0.0000	0.0000	0.0000	0.0000	0.0000	0.0000	0.0000	0.0000	0.0000	0.0000	0.0000	0.0081	0.0000	1.0507	1.0000	0.0000	0.0000	0.0000	0.0000	0.0000	0.0000	0.0000	0.0000	0.0000	0.0000	0.0000	0.0000	0.0000	0.0000	0.0000	0.0000	0.0000	0.0000	0.0000	0.0000	0.0000	0.0000	0.0000	0.0000	0.0000	0.0000	0.0000	0.0021	0.0009	0.0012	0.0004	0.0004	0.0000	0.0017	0.0005	0.0012	0.0000	0.0000	0.0000	0.0000	0.0000	0.0000	0.0000	0.0000	0.0000	0.0000	0.0000	0.0000	0.0000	0.0000	0.0000	0.0000	0.0000	0.0000											
60	65	0.2796	9	1	0	1	0	0	0	0	0	N	N	N	N	N	N	N	N	N	N	N	N	0.0000	0.0000	0.0000	0.0000	0.0000	0.0000	0.0000	0.0000	0.0000	0.0000	0.0000	0.0000	0.0000	0.0000	0.0000	0.0000	0.0170	0.0294	0.0049	0.0306	0.0306	0.0000	0.0047	0.0000	0.0049	0.1707	0.0000	-0.0000	0.0081	0.0000	1.0507	0.0001	0.0000	0.0000	0.0000	0.0000	0.0000	0.0000	0.0000	0.0000	0.0000	0.0000	0.0000	0.0000	0.0000	0.0000	0.0000	0.0000	0.0000	0.0000	0.0000	0.0000	0.0000	0.0000	0.0000	0.0000	0.0000	0.0000	0.0000	0.0000	0.0000	0.0000	0.0000	0.0000	0.0000	0.0000	0.0000	0.0000	0.0000	0.0000	0.0000	0.0000	0.0000	0.0000	0.0000	0.0000	0.0000	0.0170	0.0294	0.0049	0.0306	0.0306	0.0000	0.0047	0.0000	0.0049			
60	66	0.2674	8	1	0	1	0	0	0	0	0	N	N	N	N	N	N	N	N	N	N	N	N	0.0000	0.0000	0.0000	0.0000	0.0000	0.0000	0.0000	0.0000	0.0000	0.0000	0.0000	0.0000	0.0000	0.0000	0.0000	0.0000	0.0000	0.0052	0.0098	0.0015	0.0169	0.0173	0.0022	0.0011	0.0000	0.0015	0.1815	0.0000	-0.0000	0.0081	1.9720	1.0507	0.0923	0.0000	0.0000	0.0000	0.0000	0.0000	0.0000	0.0000	0.0000	0.0000	0.0000	0.0000	0.0000	0.0000	0.0000	0.0000	0.0000	0.0000	0.0000	0.0007	0.0006	0.0001	0.0003	0.0003	0.0000	0.0003	0.0003	0.0000	0.0058	0.0026	0.0032	0.0015	0.0015	0.0000	0.0043	0.0011	0.0031	0.0000	0.0000	0.0000	0.0000	0.0000	0.0000	0.0000	0.0000	0.0000	0.0052	0.0098	0.0015	0.0169	0.0173	0.0005	0.0011	0.0000	0.0015		
60	67	0.2458	7	1	0	1	0	0	0	0	0	N	N	N	N	N	N	N	N	N	N	N	N	0.0000	0.0000	0.0000	0.0000	0.0000	0.0000	0.0000	0.0000	0.0000	0.0000	0.0000	0.0000	0.0000	0.0000	0.0000	0.0000	0.0039	0.0012	0.0062	0.0026	0.0028	0.0000	0.0043	0.0000	0.0064	5.8584	0.0000	0.0000	0.0081	3.0650	1.0507	1.0636	0.0000	0.0000	0.0000	0.0000	0.0000	0.0000	0.0000	0.0000	0.0000	0.0000	0.0000	0.0000	0.0000	0.0000	0.0000	0.0000	0.0000	0.0000	0.0009	0.0009	0.0001	0.0005	0.0005	0.0000	0.0004	0.0004	0.0000	0.0075	0.0035	0.0041	0.0016	0.0016	0.0001	0.0059	0.0019	0.0040	0.0000	0.0000	0.0000	0.0000	0.0000	0.0000	0.0000	0.0000	0.0000	0.0039	0.0012	0.0062	0.0026	0.0028	0.0000	0.0043	0.0000	0.0064			
60	68	0.0978	3	0	1	0	1	0	0	0	0	N	N	N	N	N	N	N	N	N	N	N	N	670.9185	33.3554	7914.4624	40.7006	42.3747	0.4922	1824.2917	9146.7064	1.3962	0.0908	12.2263	0.3522	0.3669	0.0406	1.7104	0.0000	13.5301	0.0021	0.0027	0.0015	0.0087	0.0087	0.0825	0.0009	0.0000	0.0015	16.2236	0.6794	0.0014	-0.0000	0.0081	2.7513	1.0507	4.0954	0.0018	0.0001	0.0017	0.0001	0.0001	0.0000	0.0017	0.0000	0.0017	0.0001	0.0000	0.0000	0.0000	0.0000	0.0000	0.0000	0.0000	0.0000	0.0013	0.0012	0.0001	0.0003	0.0003	0.0000	0.0010	0.0009	0.0001	0.0241	0.0110	0.0132	0.0036	0.0035	0.0001	0.0206	0.0075	0.0130	670.9185	33.3554	7914.4624	40.7006	42.3747	4.7557	1824.2917	0.0000	9146.7064	0.0021	0.0027	0.0015	0.0087	0.0087	0.0085	0.0009	0.0000	0.0015	
60	69	0.1753	5	0	1	0	0	0	0	0	0	N	N	N	N	N	N	N	N	N	N	N	N	39.3134	130.6435	5.6020	155.9962	122.5527	inf	0.0000	0.0000	0.5410	0.5782	0.1205	1.1781	1.2271	0.3718	0.0000	0.0000	0.0000	0.0138	0.0044	0.0215	0.0076	0.0100	0.0000	0.0160	0.0000	0.0244	0.0184	5.8591	-0.0003	0.0001	0.0081	9.9334	1.0507	8.9999	0.0017	0.0016	0.0000	0.0017	0.0016	0.0000	0.0000	0.0000	0.0000	0.0005	0.0001	0.0004	0.0001	0.0001	0.0000	0.0004	0.0000	0.0004	0.0031	0.0028	0.0002	0.0014	0.0013	0.0001	0.0017	0.0015	0.0002	0.0349	0.0158	0.0191	0.0093	0.0070	0.0023	0.0256	0.0088	0.0168	39.3134	130.6435	5.6020	155.9962	122.5527	inf	0.0000	0.0000	0.0000	0.0138	0.0044	0.0215	0.0076	0.0100	0.0000	0.0160	0.0000	0.0244	
60	70	0.1753	5	0	1	0	0	0	0	0	0	N	N	N	N	N	N	N	N	N	N	N	N	0.0000	0.0000	0.0000	0.0000	0.0000	0.0000	0.0000	0.0000	0.0000	0.0000	0.0000	0.0000	0.0000	0.0000	0.0000	0.0000	0.1072	0.0189	0.1782	0.0311	0.0411	0.0000	0.1355	0.0000	0.2022	11.7546	0.0000	0.0002	0.0081	0.0666	1.0507	4.0001	0.0000	0.0000	0.0000	0.0000	0.0000	0.0000	0.0000	0.0000	0.0000	0.0010	0.0001	0.0009	0.0001	0.0001	0.0000	0.0009	0.0000	0.0009	0.0001	0.0001	0.0000	0.0001	0.0001	0.0000	0.0001	0.0001	0.0000	0.0095	0.0042	0.0053	0.0026	0.0019	0.0006	0.0069	0.0023	0.0046	0.0000	0.0000	0.0000	0.0000	0.0000	0.0000	0.0000	0.0000	0.0000	0.1072	0.0189	0.1782	0.0311	0.0411	0.0000	0.1355	0.0000	0.2022			
60	71	0.2458	7	0	1	0	0	0	0	0	0	N	N	N	N	N	N	N	N	N	N	N	N	0.0000	0.0000	0.0000	0.0000	0.0000	0.0000	0.0000	0.0000	0.0000	0.0000	0.0000	0.0000	0.0000	0.0000	0.0000	0.0000	0.1007	0.0168	0.1728	0.0358	0.0378	0.0000	0.1186	0.0000	0.1765	12.0045	0.0000	0.0002	0.0081	2.0000	1.0507	3.0000	0.0000	0.0000	0.0000	0.0000	0.0000	0.0000	0.0000	0.0000	0.0000	0.0009	0.0001	0.0008	0.0001	0.0001	0.0000	0.0008	0.0000	0.0008	0.0006	0.0006	0.0000	0.0003	0.0003	0.0000	0.0003	0.0003	0.0000	0.0090	0.0042	0.0049	0.0020	0.0019	0.0001	0.0071	0.0023	0.0048	0.0000	0.0000	0.0000	0.0000	0.0000	0.0000	0.0000	0.0000	0.0000	0.1007	0.0168	0.1728	0.0358	0.0378	0.0000	0.1186	0.0000	0.1765			
60	72	0.2189	6	0	0	0	0	0	0	0	0	N	N	N	N	N	N	N	N	N	N	N	N	32.4358	18.4119	0.0000	13.9232	13.9262	0.0284	inf	0.0000	0.0149	0.0160	0.0000	0.0261	0.0273	0.0000	0.0000	0.0000	0.0000	0.0005	0.0009	0.0001	0.0019	0.0020	0.0000	0.0001	0.0000	0.0001	0.0000	0.1468	-0.0000	-0.0000	0.0081	4.7932	1.0507	0.2507	0.0000	0.0000	0.0000	0.0000	0.0000	0.0000	0.0000	0.0000	0.0000	0.0000	0.0000	0.0000	0.0000	0.0000	0.0000	0.0000	0.0000	0.0000	0.0020	0.0018	0.0001	0.0011	0.0011	0.0001	0.0009	0.0008	0.0001	0.0112	0.0051	0.0060	0.0024	0.0023	0.0001	0.0088	0.0029	0.0059	32.4358	18.4119	0.0000	13.9232	13.9262	0.0000	0.0284	inf	0.0000	0.0005	0.0009	0.0001	0.0019	0.0020	0.0000	0.0001	0.0000	0.0001	
60	73	0.1753	5	0	0	0	0	0	0	0	0	N	N	N	N	N	N	N	N	N	N	N	N	46.4732	53.3834	3.9567	65.0225	51.8456	inf	0.0000	0.0000	0.0000	0.0290	0.0314	0.0026	0.0628	0.0663	0.0078	0.0000	0.0000	0.0000	0.0006	0.0006	0.0007	0.0010	0.0013	0.0000	0.0005	0.0006	0.0007	0.0075	1.3673	-0.0000	-0.0000	0.0081	4.9764	1.0507	2.9948	0.0000	0.0000	0.0000	0.0000	0.0000	0.0000	0.0000	0.0000	0.0000	0.0000	0.0000	0.0000	0.0000	0.0000	0.0000	0.0000	0.0000	0.0000	0.0017	0.0016	0.0001	0.0008	0.0007	0.0000	0.0009	0.0008	0.0001	0.0174	0.0078	0.0096	0.0047	0.0036	0.0011	0.0127	0.0043	0.0085	46.4732	53.3834	3.9567	65.0225	51.8456	inf	0.0000	0.0000	0.0000	0.0006	0.0006	0.0007	0.0010	0.0013	0.0000	0.0005	0.0000	0.0007
60	74	0.1953	6	0	1	0	0	0	0	0	0	N	N	N	N	N	N	N	N	N	N	N	N	0.0118	0.0076	0.0220	0.0120	0.0100	0.5828	0.0008	0.0000	0.0093	0.0002	0.0002	0.0002	0.0004	0.0004	0.0004	0.0000	0.0000	0.0001	0.0185	0.0292	0.0078	0.0365	0.0442	0.0007	0.0104	0.4726	0.0088	0.0662	0.2675	-0.0000	-0.0002	0.0081	1.8678	1.0507	4.6278	0.0000	0.0000	0.0000	0.0000	0.0000	0.0000	0.0000	0.0000	0.0000	0.0004	0.0003	0.0001	0.0002	0.0002	0.0000	0.0002	0.0001	0.0001	0.0017	0.0016	0.0001	0.0008	0.0008	0.0000	0.0009	0.0008	0.0001	0.0212	0.0106	0.0106	0.0066	0.0055	0.0012	0.0146	0.0051	0.0094	0.0118	0.0076	0.0220	0.0120	0.0100	1.5156	0.0008	0.0000	0.0093	0.0185	0.0292	0.0078	0.0365	0.0442	0.0003	0.0104	0.0133	0.0088
60	75	0.1753	5	0	0	0	0	0	0	0	0	N	N	N	N	N	N	N	N	N	N	N	N	29.0332	6.4159	765.5287	33.5141	13.5962	inf	32.2593	0.1154	756.1069	0.0402	0.0168	0.2981	0.0269	0.0144	0.2247	0.0517	0.0190	0.3343	0.0014	0.0026	0.0004	0.0008	0.0011	0.0000	0.0016	0.1642	0.0004	1.6093	0.1843	0.0000	-0.0000	0.0081	4.7010	1.0507	0.6064	0.0001	0.0000	0.0000	0.0000	0.0000	0.0000	0.0000	0.0000	0.0000	0.0000	0.0000	0.0000	0.0000	0.0000	0.0000	0.0000	0.0000	0.0000	0.0016	0.0015	0.0001	0.0007	0.0007	0.0000	0.0009	0.0008	0.0001	0.0121	0.0054	0.0067	0.0033	0.0025	0.0008	0.0089	0.0029	0.0059	29.0332	6.4159	765.5287	33.5141	13.5962	inf	32.2593	4.8116	756.1069	0.0014	0.0026	0.0004	0.0008	0.0011	0.0000	0.0016	0.0039	0.0004
60	76	0.1152	4	0	0	0	0	0	0	0	0	N	N	N	N	N	N	N	N	N	N	N	N	1956.4459	1525.3537	0.1424	898.4927	843.9077	0.0000	2974.7812	inf	0.1939	0.7383	0.8131	0.0000	1.1342	1.2075	0.0000	0.4694	0.5293	0.0000	0.0004	0.0005	0.0002	0.0013	0.0014	0.0006	0.0002	0.0000	0.0002	0.0000	0.5445	-0.0003	-0.0000	0.0081	4.7970	1.0507	3.0436	0.0016	0.0016	0.0000	0.0010	0.0010	0.0000	0.0006	0.0006	0.0000	0.0000	0.0000	0.0000	0.0000	0.0000	0.0000	0.0000	0.0000	0.0000	0.0022	0.0020	0.0002	0.0009	0.0008	0.0001	0.0013	0.0011	0.0001	0.0207	0.0095	0.0112	0.0041	0.0035	0.0006	0.0166	0.0060	0.0107	1956.4459	1525.3537	0.1424	898.4927	843.9077	0.0000	2974.7812	inf	0.1939	0.0004	0.0005	0.0002	0.0013	0.0014	0.0002	0.0002	0.0000	0.0002
60	78	0.1788	7	1	1	0	1	0	0	0	0	N	N	N	N	N	N	N	N	N	N	N	N	0.2953	0.3557	0.0000	0.3199	0.3026	0.0000	0.0000	0.0000	0.0000	0.0000	0.0000	0.0001	0.0001	0.0000	0.0000	0.0000	0.0000	0.0001	0.0001	0.0002	0.0003	0.0004	0.0003	0.0001	0.0000	0.0002	0.0184	1.5844	-0.0000	-0.0000	0.0081	1.0000	1.0507	2.0144	0.0000	0.0000	0.0000	0.0000	0.0000	0.0000	0.0000	0.0000	0.0000	0.0000	0.0000	0.0000	0.0000	0.0000	0.0000	0.0000	0.0000	0.0000	0.0004	0.0003	0.0000	0.0002	0.0001	0.0000	0.0002	0.0002	0.0000	0.0079	0.0034	0.0045	0.0015	0.0012	0.0003	0.0065	0.0022	0.0043	0.2953	0.3557	0.0000	0.3199	0.3026	0.0000	0.0000	0.0000	0.0000	0.0001	0.0001	0.0002	0.0003	0.0004	0.0002	0.0001	0.0000	0.0002	
60	79	0.1566	6	1	1	0	1	0	0	0	0	N	N	N	N	N	N	N	N	N	N	N	N	4094.1304	3016.2014	0.0000	2918.4043	2559.3994	0.0000	0.0000	0.0000	0.6106	0.6669	0.0000	1.4859	1.5790	0.0000	0.0000	0.0000	0.0000	0.0001	0.0002	0.0001	0.0005	0.0006	0.0000	0.0001	0.0006	0.0001	0.0061	0.5737	-0.0000	-0.0000	0.0081	0.0001	1.0507	3.0180	0.0000	0.0000	0.0000	0.0000	0.0000	0.0000	0.0000	0.0000	0.0000	0.0000	0.0000	0.0000	0.0000	0.0000	0.0000	0.0000	0.0000	0.0000	0.0000	0.0000	0.0000	0.0000	0.0000	0.0000	0.0000	0.0000	0.0000	0.0079	0.0034	0.0045	0.0014	0.0012	0.0002	0.0065	0.0022	0.0042	4094.1304	3016.2014	0.0000	2918.4043	2559.3994	0.0000	0.0000	0.0000	0.0000	0.0001	0.0002	0.0001	0.0005	0.0006	0.0000	0.0001	0.0000	0.0001	
60	80	0.1786	8	0	1	0	1	0	0	0	0	N	N	N	N	N	N	N	N	N	N	N	N	0.0000	0.0000	0.0000	0.0000	0.0000	0.0000	0.0000	0.0000	0.0000	0.0000	0.0000	0.0000	0.0000	0.0000	0.0000	0.0000	0.0000	0.0000	0.0000	0.0000	0.0081	0.0000	1.0507	0.0000	0.0000	0.0000	0.0000	0.0000	0.0000	0.0000	0.0000	0.0000	0.0000	0.0000	0.0000	0.0000	0.0000	0.0000	0.0000	0.0000	0.0000	0.0000	0.0000	0.0000	0.0000	0.0000	0.0000	0.0000	0.0000	0.0000	0.0000	0.0000	0.0000	0.0000	0.0000	0.0000	0.0000	0.0000	0.0000	0.0000	0.0000	0.0000	0.0000	0.0000	0.0000	0.0000	0.0000	0.0000	0.0000	0.0000	0.0000	0.0000	0.0000	0.0000	0.0000	0.0000	0.0000	0.0000											
60	81	0.1566	6	0	0	1	1	0	0	0	0	N	N	N	N	N	N	N	N	N	N	N	N	0.0000	0.0000	0.0000	0.0000	0.0000	0.0000	0.0000	0.0000	0.0000	0.0000	0.0000	0.0000	0.0000	0.0000	0.0000	0.0000	0.0000	0.0000	0.0000	0.0000	0.0081	2.0000	1.0507	0.0000	0.0000	0.0000	0.0000	0.0000	0.0000	0.0000	0.0000	0.0000	0.0000	0.0000	0.0000	0.0000	0.0000	0.0000	0.0000	0.0000	0.0000	0.0000	0.0007	0.0007	0.0001	0.0003	0.0003	0.0000	0.0004	0.0004	0.0000	0.0053	0.0023	0.0031	0.0010	0.0008	0.0002	0.0044	0.0015	0.0029	0.0000	0.0000	0.0000	0.0000	0.0000	0.0000	0.0000	0.0000	0.0000	0.0000	0.0000	0.0000	0.0000	0.0000	0.0000	0.0000	0.0000	0.0000											
60	82	0.1566	6	0	0	1	1	0	0	0	0	N	N	N	N	N	N	N	N	N	N	N	N	0.0000	0.0000	0.0000	0.0000	0.0000	0.0000	0.0000	0.0000	0.0000	0.0000	0.0000	0.0000	0.0000	0.0000	0.0000	0.0000	0.0000	0.0000	0.0000	0.0000	0.0081	0.0000	1.0507	4.0000	0.0000	0.0000	0.0000	0.0000	0.0000	0.0000	0.0000	0.0000	0.0000	0.0000	0.0000	0.0000	0.0000	0.0000	0.0000	0.0000	0.0000	0.0000	0.0000	0.0000	0.0000	0.0000	0.0000	0.0000	0.0000	0.0000	0.0000	0.0102	0.0044	0.0058	0.0018	0.0015	0.0003	0.0084	0.0029	0.0055	0.0000	0.0000	0.0000	0.0000	0.0000	0.0000	0.0000	0.0000	0.0000	0.0000	0.0000	0.0000	0.0000	0.0000	0.0000	0.0000	0.0000	0.0000											
60	83	0.1786	8	0	0	1	1	0	0	0	0	N	N	N	N	N	N	N	N	N	N	N	N	0.0000	0.0000	0.0000	0.0000	0.0000	0.0000	0.0000	0.0000	0.0000	0.0000	0.0000	0.0000	0.0000	0.0000	0.0000	0.0000	0.0000	0.0000	0.0000	0.0000	0.0081	0.0000	1.0507	2.0000	0.0000	0.0000	0.0000	0.0000	0.0000	0.0000	0.0000	0.0000	0.0000	0.0000	0.0000	0.0000	0.0000	0.0000	0.0000	0.0000	0.0000	0.0000	0.0000	0.0000	0.0000	0.0000	0.0000	0.0000	0.0000	0.0000	0.0000	0.0053	0.0024	0.0029	0.0012	0.0010	0.0002	0.0041	0.0013	0.0028	0.0000	0.0000	0.0000	0.0000	0.0000	0.0000	0.0000	0.0000	0.0000	0.0000	0.0000	0.0000	0.0000	0.0000	0.0000	0.0000	0.0000	0.0000											
60	84	0.1713	7	0	0	0	1	0	0	0	0	N	N	N	N	N	N	N	N	N	N	N	N	0.0000	0.0000	0.0000	0.0000	0.0000	0.0000	0.0000	0.0000	0.0000	0.0000	0.0000	0.0000	0.0000	0.0000	0.0000	0.0000	0.0000	0.0002	0.0004	0.0001	0.0008	0.0009	0.0000	0.0001	0.0000	0.0001	0.2911	0.0000	-0.0000	0.0081	1.0000	1.0507	0.0015	0.0000	0.0000	0.0000	0.0000	0.0000	0.0000	0.0000	0.0000	0.0000	0.0000	0.0000	0.0000	0.0000	0.0000	0.0000	0.0000	0.0000	0.0000	0.0004	0.0003	0.0000	0.0002	0.0001	0.0000	0.0002	0.0002	0.0000	0.0028	0.0012	0.0015	0.0006	0.0005	0.0001	0.0021	0.0007	0.0014	0.0000	0.0000	0.0000	0.0000	0.0000	0.0000	0.0000	0.0000	0.0000	0.0002	0.0004	0.0001	0.0008	0.0009	0.0000	0.0001	0.0000	0.0001		
60	85	0.1566	6	0	0	0	1	0	0	0	0	N	N	N	N	N	N	N	N	N	N	N	N	0.0000	0.0000	0.0000	0.0000	0.0000	0.0000	0.0000	0.0000	0.0000	0.0000	0.0000	0.0000	0.0000	0.0000	0.0000	0.0000	0.0000	0.0001	0.0001	0.0002	0.0001	0.0002	0.0000	0.0001	0.0000	0.0002	3.3971	0.0000	0.0000	0.0081	0.0000	1.0507	2.0013	0.0000	0.0000	0.0000	0.0000	0.0000	0.0000	0.0000	0.0000	0.0000	0.0000	0.0000	0.0000	0.0000	0.0000	0.0000	0.0000	0.0000	0.0000	0.0000	0.0000	0.0000	0.0000	0.0000	0.0000	0.0000	0.0000	0.0000	0.0053	0.0023	0.0031	0.0010	0.0008	0.0002	0.0044	0.0015	0.0029	0.0000	0.0000	0.0000	0.0000	0.0000	0.0000	0.0000	0.0000	0.0000	0.0001	0.0001	0.0002	0.0001	0.0002	0.0000	0.0001	0.0000	0.0002		
60	86	0.1965	6	1	1	0	0	0	0	0	0	N	N	N	N	N	N	N	N	N	N	N	N	12.3287	8.4348	0.0000	2.7586	2.7138	0.0000	88.4139	inf	0.0000	0.0701	0.0740	0.0000	0.0371	0.0382	0.0000	0.1312	0.1455	0.0000	0.0057	0.0088	0.0021	0.0134	0.0141	0.0032	0.0015	0.0000	0.0022	0.0205	0.2071	-0.0000	-0.0000	0.0081	0.0007	1.0507	0.9812	0.0000	0.0000	0.0000	0.0000	0.0000	0.0000	0.0000	0.0000	0.0000	0.0000	0.0000	0.0000	0.0000	0.0000	0.0000	0.0000	0.0000	0.0000	0.0000	0.0000	0.0000	0.0000	0.0000	0.0000	0.0000	0.0000	0.0000	0.0053	0.0028	0.0025	0.0019	0.0018	0.0001	0.0034	0.0011	0.0024	12.3287	8.4348	0.0000	2.7586	2.7138	0.0000	88.4139	inf	0.0000	0.0057	0.0088	0.0021	0.0134	0.0141	0.0007	0.0015	0.0000	0.0022
60	87	0.1407	5	1	1	0	0	0	0	0	0	N	N	N	N	N	N	N	N	N	N	N	N	6.4835	8.0538	19.8618	1.1903	1.0798	0.2767	10.8434	37.6787	25.8604	0.0158	0.0113	0.0648	0.0040	0.0042	0.0009	0.0241	0.0166	0.0882	0.0024	0.0014	0.0033	0.0034	0.0039	0.0034	0.0022	0.0004	0.0034	0.5312	2.9476	0.0000	-0.0000	0.0081	5.0272	1.0507	2.1572	0.0000	0.0000	0.0000	0.0000	0.0000	0.0000	0.0000	0.0000	0.0000	0.0000	0.0000	0.0000	0.0000	0.0000	0.0000	0.0000	0.0000	0.0000	0.0019	0.0017	0.0002	0.0008	0.0007	0.0000	0.0011	0.0010	0.0001	0.0176	0.0078	0.0098	0.0033	0.0028	0.0006	0.0142	0.0050	0.0093	6.4835	8.0538	19.8618	1.1903	1.0798	1.1920	10.8434	1809.8982	25.8604	0.0024	0.0014	0.0033	0.0034	0.0039	0.0008	0.0022	0.0000	0.0034
60	88	0.1939	7	0	1	0	0	0	0	0	0	N	N	N	N	N	N	N	N	N	N	N	N	0.0000	0.0000	0.0000	0.0000	0.0000	0.0000	0.0000	0.0000	0.0000	0.0000	0.0000	0.0000	0.0000	0.0000	0.0000	0.0018	0.0042	0.0000	0.0048	0.0058	0.0000	0.0011	0.1489	0.0000	0.0000	0.0000	-0.0000	0.0081	0.0000	1.0507	4.0000	0.0000	0.0000	0.0000	0.0000	0.0000	0.0000	0.0000	0.0000	0.0000	0.0000	0.0000	0.0000	0.0000	0.0000	0.0000	0.0000	0.0000	0.0000	0.0000	0.0000	0.0000	0.0000	0.0000	0.0000	0.0000	0.0000	0.0000	0.0109	0.0048	0.0062	0.0021	0.0017	0.0004	0.0088	0.0030	0.0058	0.0000	0.0000	0.0000	0.0000	0.0000	0.0000	0.0000	0.0000	0.0000	0.0018	0.0042	0.0000	0.0048	0.0058	0.0000	0.0011	0.0033	0.0000				
60	89	0.1566	6	0	1	0	0	0	0	0	0	N	N	N	N	N	N	N	N	N	N	N	N	inf	inf	inf	inf	inf	inf	1.4957	1.6189	0.2085	3.6702	3.8458	0.7801	0.0000	0.0000	0.0000	0.0000	0.0000	0.0000	0.0000	0.0000	0.0000	0.0000	0.0000	0.0000	0.0123	-0.0003	0.0000	0.0081	3.0000	1.0507	2.0000	0.0016	0.0016	0.0000	0.0016	0.0016	0.0000	0.0000	0.0000	0.0000	0.0000	0.0000	0.0000	0.0000	0.0000	0.0000	0.0000	0.0000	0.0000	0.0011	0.0010	0.0001	0.0004	0.0004	0.0000	0.0006	0.0006	0.0001	0.0125	0.0054	0.0071	0.0022	0.0019	0.0004	0.0102	0.0035	0.0067	inf	inf	inf	inf	inf	inf	0.0000	0.0000	0.0000	0.0000	0.0000	0.0000	0.0000	0.0000	0.0000	0.0000	0.0000	0.0000				
60	90	0.1566	6	1	1	0	0	0	0	0	0	N	N	N	N	N	N	N	N	N	N	N	N	0.0000	0.0000	0.0000	0.0000	0.0000	0.0000	0.0000	0.0000	0.0000	0.0000	0.0000	0.0000	0.0000	0.0008	0.0019	0.0000	0.0044	0.0054	0.0000	0.0000	0.0000	0.0000	0.0000	0.0000	-0.0000	0.0081	2.0000	1.0507	3.0000	0.0000	0.0000	0.0000	0.0000	0.0000	0.0000	0.0000	0.0000	0.0000	0.0000	0.0000	0.0000	0.0000	0.0000	0.0000	0.0000	0.0000	0.0000	0.0007	0.0007	0.0001	0.0003	0.0003	0.0000	0.0004	0.0004	0.0000	0.0125	0.0054	0.0071	0.0022	0.0019	0.0004	0.0102	0.0035	0.0067	0.0000	0.0000	0.0000	0.0000	0.0000	0.0000	0.0000	0.0000	0.0000	0.0008	0.0019	0.0000	0.0044	0.0054	0.0000	0.0000	0.0000	0.0000						
60	91	0.1407	5	0	0	0	0	0	0	0	0	N	N	N	N	N	N	N	N	N	N	N	N	10.4515	11.4667	1.5256	1.6830	1.6277	0.1370	23.1903	inf	1.7744	0.0221	0.0239	0.0033	0.0080	0.0084	0.0019	0.0327	0.0361	0.0038	0.0021	0.0021	0.0021	0.0048	0.0052	0.0140	0.0014	0.0000	0.0021	0.0127	1.2658	-0.0000	-0.0000	0.0081	2.0705	1.0507	0.0351	0.0000	0.0000	0.0000	0.0000	0.0000	0.0000	0.0000	0.0000	0.0000	0.0000	0.0000	0.0000	0.0000	0.0000	0.0000	0.0000	0.0000	0.0000	0.0009	0.0008	0.0001	0.0004	0.0004	0.0000	0.0005	0.0004	0.0001	0.0062	0.0028	0.0034	0.0013	0.0011	0.0002	0.0049	0.0017	0.0032	10.4515	11.4667	1.5256	1.6830	1.6277	0.7952	23.1903	inf	1.7744	0.0021	0.0021	0.0021	0.0048	0.0052	0.0024	0.0014	0.0000	0.0021
60	92	0.1152	4	0	0	0	0	0	0	0	0	N	N	N	N	N	N	N	N	N	N	N	N	109.0472	114.8049	14.9965	18.2924	17.7918	1.5873	248.6751	181.4876	17.2205	0.4011	0.4368	0.0534	0.1509	0.1586	0.0312	0.5823	0.6512	0.0617	0.0037	0.0038	0.0036	0.0082	0.0089	0.0197	0.0023	0.0036	0.0036	0.0126	1.0326	-0.0001	-0.0000	0.0081	3.4249	1.0507	0.1413	0.0007	0.0007	0.0000	0.0001	0.0001	0.0000	0.0006	0.0006	0.0000	0.0000	0.0000	0.0000	0.0000	0.0000	0.0000	0.0000	0.0000	0.0000	0.0018	0.0016	0.0002	0.0007	0.0007	0.0000	0.0010	0.0009	0.0001	0.0113	0.0054	0.0059	0.0026	0.0023	0.0003	0.0088	0.0031	0.0056	109.0472	114.8049	14.9965	18.2924	17.7918	9.9684	248.6751	7140.5203	17.2205	0.0037	0.0038	0.0036	0.0082	0.0089	0.0031	0.0023	0.0001	0.0036
60	93	0.0978	3	0	0	0	0	0	0	0	0	N	N	N	N	N	N	N	N	N	N	N	N	163.9651	149.2724	24.8636	8.3538	8.6289	0.1587	394.5153	259.9045	27.5939	0.9115	1.0088	0.1120	0.1434	0.1492	0.0224	1.1515	1.3029	0.1220	0.0056	0.0068	0.0045	0.0172	0.0173	0.1414	0.0029	0.0050	0.0044	0.0135	0.7596	-0.0002	-0.0000	0.0081	2.2814	1.0507	1.1633	0.0010	0.0010	0.0000	0.0000	0.0000	0.0000	0.0010	0.0010	0.0000	0.0001	0.0000	0.0000	0.0000	0.0000	0.0000	0.0000	0.0000	0.0000	0.0011	0.0010	0.0001	0.0003	0.0003	0.0000	0.0009	0.0008	0.0001	0.0147	0.0069	0.0078	0.0027	0.0026	0.0001	0.0120	0.0042	0.0078	163.9651	149.2724	24.8636	8.3538	8.6289	1.7369	394.5153	8108.9377	27.5939	0.0056	0.0068	0.0045	0.0172	0.0173	0.0129	0.0029	0.0002	0.0044
60	94	0.0565	2	0	0	0	0	0	0	0	0	N	N	N	N	N	N	N	N	N	N	N	N	2.8100	1.4183	11.4548	0.1406	0.1426	0.0066	11.5130	16.5160	12.3047	0.0668	0.0609	0.1169	0.0186	0.0188	0.0116	0.0791	0.0726	0.1244	0.0238	0.0429	0.0102	0.1321	0.1320	1.7635	0.0069	0.0044	0.0101	0.2297	0.3349	-0.0000	-0.0003	0.0081	1.5401	1.0507	4.1671	0.0000	0.0000	0.0000	0.0000	0.0000	0.0000	0.0000	0.0000	0.0000	0.0005	0.0004	0.0001	0.0004	0.0004	0.0000	0.0001	0.0000	0.0001	0.0007	0.0007	0.0001	0.0001	0.0001	0.0000	0.0006	0.0005	0.0001	0.0230	0.0095	0.0134	0.0031	0.0031	0.0000	0.0199	0.0064	0.0134	2.8100	1.4183	11.4548	0.1406	0.1426	0.0672	11.5130	596.6865	12.3047	0.0238	0.0429	0.0102	0.1321	0.1320	0.1730	0.0069	0.0001	0.0101
60	98	0.1346	5	0	0	0	0	0	0	0	0	N	N	N	N	N	N	N	N	N	N	N	N	397.0217	333.6266	0.1903	310.1314	326.0699	0.7103	57.4088	618962.3723	0.1403	1.5204	1.6786	0.0005	3.1760	3.4927	0.0006	0.0906	0.1003	0.0004	0.0038	0.0050	0.0025	0.0102	0.0107	0.0009	0.0016	0.0000	0.0025	0.0000	0.4405	-0.0009	-0.0001	0.0081	4.9999	1.0507	9.0821	0.0045	0.0045	0.0000	0.0044	0.0044	0.0000	0.0001	0.0001	0.0000	0.0002	0.0001	0.0001	0.0001	0.0001	0.0000	0.0001	0.0000	0.0001	0.0030	0.0027	0.0003	0.0014	0.0012	0.0001	0.0016	0.0014	0.0002	0.0440	0.0233	0.0208	0.0114	0.0109	0.0005	0.0326	0.0123	0.0203	397.0217	333.6266	0.1903	310.1314	326.0699	2.1710	57.4088	618962.3723	0.1403	0.0038	0.0050	0.0025	0.0102	0.0107	0.0003	0.0016	0.0000	0.0025
61	62	0.2115	6	0	1	0	0	0	0	0	0	N	N	N	N	N	N	N	N	N	N	N	N	0.0803	1.7733	0.3060	4.9301	0.0738	38.4832	0.0420	95.1667	0.1075	0.0446	0.0139	0.3306	0.0615	0.0010	0.8411	0.0341	0.0223	0.1270	0.5550	0.0079	1.0802	0.0125	0.0139	0.0219	0.8111	0.0002	1.1811	2.5418	143.1768	0.0119	0.0210	3.0167	3.3327	3.2580	4.3103	0.0229	0.0065	0.0164	0.0121	0.0002	0.0119	0.0108	0.0063	0.0045	0.0859	0.0006	0.0853	0.0006	0.0006	0.0000	0.0853	0.0000	0.0853	0.5133	0.4636	0.0497	0.1968	0.1827	0.0142	0.3165	0.2810	0.0355	0.1548	0.0758	0.0790	0.0496	0.0429	0.0068	0.1052	0.0329	0.0722	0.0803	1.7733	0.3060	4.9301	0.0738	243.8918	0.0420	3810.1569	0.1075	0.5550	0.0079	1.0802	0.0125	0.0139	0.0034	0.8111	0.0000	1.1811
61	63	0.1875	5	0	0	0	0	0	0	0	0	N	N	N	N	N	N	N	N	N	N	N	N	19.4782	1.2829	134.1998	28.2302	1.0778	1559.6040	15.5365	7.1821	88.8108	0.9204	0.0325	9.1703	1.0819	0.0474	15.1206	0.8009	0.0208	6.6157	0.0473	0.0253	0.0683	0.0383	0.0439	0.0097	0.0515	0.0029	0.0745	30.4159	2.8139	0.3854	-0.0001	3.0167	3.2669	3.2580	2.4507	0.5003	0.0159	0.4844	0.2501	0.0102	0.2399	0.2502	0.0057	0.2445	0.0057	0.0015	0.0042	0.0015	0.0015	0.0000	0.0042	0.0000	0.0042	0.5436	0.4907	0.0528	0.2312	0.2153	0.0159	0.3124	0.2755	0.0370	0.1205	0.0590	0.0615	0.0391	0.0339	0.0052	0.0813	0.0251	0.0563	19.4782	1.2829	134.1998	28.2302	1.0778	8827.6997	15.5365	311.2723	88.8108	0.0473	0.0253	0.0683	0.0383	0.0439	0.0017	0.0515	0.0001	0.0745
61	64	0.2719	9	1	0	1	0	0	0	0	0	N	N	N	N	N	N	N	N	N	N	N	N	0.0000	0.0000	0.0000	0.0000	0.0000	0.0000	0.0000	0.0000	0.0000	0.0000	0.0000	0.0000	0.0000	0.0000	0.0000	0.0000	0.0000	0.0000	0.0000	0.0000	3.0167	0.0000	3.2580	1.0000	0.0000	0.0000	0.0000	0.0000	0.0000	0.0000	0.0000	0.0000	0.0000	0.0000	0.0000	0.0000	0.0000	0.0000	0.0000	0.0000	0.0000	0.0000	0.0000	0.0000	0.0000	0.0000	0.0000	0.0000	0.0000	0.0000	0.0000	0.0178	0.0076	0.0102	0.0039	0.0038	0.0001	0.0139	0.0038	0.0101	0.0000	0.0000	0.0000	0.0000	0.0000	0.0000	0.0000	0.0000	0.0000	0.0000	0.0000	0.0000	0.0000	0.0000	0.0000	0.0000	0.0000	0.0000											
61	65	0.2719	8	1	0	1	0	0	0	0	0	N	N	N	N	N	N	N	N	N	N	N	N	0.0000	0.0000	0.0000	0.0000	0.0000	0.0000	0.0000	0.0000	0.0000	0.0000	0.0000	0.0000	0.0000	0.0000	0.0000	0.0000	0.2211	0.4433	0.0018	0.4518	0.4520	0.0000	0.0018	0.0000	0.0018	0.0042	0.0000	-0.0000	3.0167	0.0000	3.2580	0.0001	0.0000	0.0000	0.0000	0.0000	0.0000	0.0000	0.0000	0.0000	0.0000	0.0000	0.0000	0.0000	0.0000	0.0000	0.0000	0.0000	0.0000	0.0000	0.0000	0.0000	0.0000	0.0000	0.0000	0.0000	0.0000	0.0000	0.0000	0.0000	0.0000	0.0000	0.0000	0.0000	0.0000	0.0000	0.0000	0.0000	0.0000	0.0000	0.0000	0.0000	0.0000	0.0000	0.0000	0.0000	0.0000	0.2211	0.4433	0.0018	0.4518	0.4520	0.0000	0.0018	0.0000	0.0018			
61	66	0.2596	7	1	0	1	0	0	0	0	0	N	N	N	N	N	N	N	N	N	N	N	N	0.0001	0.0000	0.0691	0.0001	0.0000	0.0462	0.0004	0.0000	0.0027	0.0000	0.0000	0.0001	0.0000	0.0000	0.0004	0.0000	0.0000	0.0000	0.0973	0.2144	0.0012	0.3045	0.3078	0.0092	0.0010	0.0000	0.0012	inf	0.0068	0.0000	-0.0041	3.0167	1.9720	3.2580	0.0923	0.0000	0.0000	0.0000	0.0000	0.0000	0.0000	0.0000	0.0000	0.0000	0.0055	0.0055	0.0000	0.0055	0.0055	0.0000	0.0000	0.0000	0.0000	0.1530	0.1379	0.0151	0.0590	0.0561	0.0029	0.0941	0.0818	0.0123	0.0565	0.0254	0.0310	0.0179	0.0177	0.0002	0.0385	0.0077	0.0308	0.0001	0.0000	0.0691	0.0001	0.0000	0.2743	0.0004	0.0000	0.0027	0.0973	0.2144	0.0012	0.3045	0.3078	0.0015	0.0010	0.0000	0.0012
61	67	0.2380	6	1	0	1	0	0	0	0	0	N	N	N	N	N	N	N	N	N	N	N	N	0.0392	0.0003	0.2297	2.4474	0.0003	inf	0.0008	0.0217	0.0042	0.0033	0.0000	0.0339	0.0071	0.0000	0.1454	0.0001	0.0000	0.0006	0.0842	0.0015	0.1476	0.0029	0.0030	0.0000	0.1082	0.0000	0.1495	7129.9286	126.3062	0.0006	0.0013	3.0167	3.0650	3.2580	1.0636	0.0007	0.0000	0.0007	0.0007	0.0000	0.0007	0.0000	0.0000	0.0000	0.0055	0.0000	0.0055	0.0000	0.0000	0.0000	0.0055	0.0000	0.0055	0.2117	0.1911	0.0206	0.0971	0.0923	0.0047	0.1146	0.0987	0.0159	0.0653	0.0284	0.0370	0.0149	0.0144	0.0005	0.0504	0.0139	0.0365	0.0392	0.0003	0.2297	2.4474	0.0003	inf	0.0008	0.0217	0.0042	0.0842	0.0015	0.1476	0.0029	0.0030	0.0000	0.1082	0.0000	0.1495
61	68	0.0900	2	0	1	0	1	0	0	0	0	N	N	N	N	N	N	N	N	N	N	N	N	0.7759	0.4389	0.7867	1.3587	1.4418	0.0119	0.2261	0.3901	0.8156	0.0212	0.0239	0.0034	0.1631	0.1754	0.0046	0.0006	0.0002	0.0033	0.0273	0.0545	0.0044	0.1200	0.1216	0.3845	0.0028	0.0005	0.0041	0.0219	0.0944	-0.0013	-0.0033	3.0167	2.7513	3.2580	4.0954	0.0076	0.0074	0.0002	0.0074	0.0074	0.0000	0.0002	0.0000	0.0001	0.0049	0.0045	0.0004	0.0045	0.0045	0.0000	0.0004	0.0000	0.0004	0.3584	0.3108	0.0476	0.0454	0.0421	0.0033	0.3129	0.2686	0.0443	0.1806	0.0827	0.0979	0.0378	0.0371	0.0007	0.1428	0.0456	0.0971	0.7759	0.4389	0.7867	1.3587	1.4418	0.1185	0.2261	19.5092	0.8156	0.0273	0.0545	0.0044	0.1200	0.1216	0.0387	0.0028	0.0000	0.0041
61	69	0.1676	4	0	1	0	0	0	0	0	0	N	N	N	N	N	N	N	N	N	N	N	N	0.0525	0.0718	0.2724	1.1321	0.0991	0.5987	0.0473	inf	0.2647	0.0176	0.0003	0.1602	0.0104	0.0008	0.1293	0.0213	0.0000	0.1699	0.3346	0.0038	0.5881	0.0092	0.0076	0.2159	0.4504	0.0000	0.6419	72.1870	204.5750	0.0098	0.0220	3.0167	9.9334	3.2580	8.9999	0.0124	0.0002	0.0123	0.0025	0.0002	0.0024	0.0099	0.0000	0.0099	0.0892	0.0004	0.0887	0.0006	0.0004	0.0002	0.0885	0.0000	0.0885	0.7081	0.6315	0.0766	0.2436	0.2253	0.0183	0.4645	0.4062	0.0583	0.2665	0.1156	0.1509	0.0699	0.0570	0.0130	0.1965	0.0586	0.1379	0.0525	0.0718	0.2724	1.1321	0.0991	7.9874	0.0473	inf	0.2647	0.3346	0.0038	0.5881	0.0092	0.0076	0.0162	0.4504	0.0000	0.6419
61	70	0.1676	4	0	1	0	0	0	0	0	0	N	N	N	N	N	N	N	N	N	N	N	N	0.0006	0.7657	0.0000	0.6091	0.7851	0.0000	0.0000	0.0000	0.0093	0.0099	0.0000	0.0194	0.0196	0.0000	0.0000	0.0000	0.0000	14.4697	0.0129	25.4127	0.0319	0.0249	0.6398	19.8279	0.0000	27.7325	0.0000	2602.5471	-0.0001	0.2717	3.0167	0.0666	3.2580	4.0001	0.0004	0.0004	0.0000	0.0004	0.0004	0.0000	0.0000	0.0000	0.0000	1.0838	0.0004	1.0833	0.0006	0.0004	0.0002	1.0831	0.0000	1.0831	0.0418	0.0394	0.0024	0.0200	0.0199	0.0002	0.0217	0.0195	0.0022	0.0749	0.0323	0.0426	0.0203	0.0167	0.0036	0.0546	0.0156	0.0391	0.0006	0.7657	0.0000	0.6091	0.7851	0.0000	0.0000	0.0000	0.0000	14.4697	0.0129	25.4127	0.0319	0.0249	0.0643	19.8279	0.0000	27.7325	
61	71	0.2380	6	0	1	0	0	0	0	0	0	N	N	N	N	N	N	N	N	N	N	N	N	0.0000	0.0000	0.0000	0.0000	0.0000	0.0000	0.0000	0.0000	0.0000	0.0000	0.0000	0.0000	0.0000	0.0000	0.0000	0.0000	13.9354	0.0111	24.6088	0.0211	0.0218	0.0000	18.0238	0.0000	24.9270	2901.2650	0.0000	0.2725	3.0167	2.0000	3.2580	3.0000	0.0000	0.0000	0.0000	0.0000	0.0000	0.0000	0.0000	0.0000	0.0000	1.0867	0.0004	1.0863	0.0004	0.0004	0.0000	1.0863	0.0000	1.0863	0.1405	0.1268	0.0137	0.0648	0.0616	0.0031	0.0757	0.0652	0.0105	0.0780	0.0338	0.0441	0.0177	0.0171	0.0006	0.0603	0.0167	0.0436	0.0000	0.0000	0.0000	0.0000	0.0000	0.0000	0.0000	0.0000	0.0000	13.9354	0.0111	24.6088	0.0211	0.0218	0.0000	18.0238	0.0000	24.9270			
61	72	0.2112	5	0	0	0	0	0	0	0	0	N	N	N	N	N	N	N	N	N	N	N	N	1.2004	0.5940	0.0606	0.5263	0.5392	0.0000	4.7746	21.5604	0.0865	0.0312	0.0342	0.0001	0.0569	0.0600	0.0000	0.0037	0.0042	0.0001	0.0260	0.0575	0.0011	0.1080	0.1112	0.0011	0.0008	0.0002	0.0011	0.0002	0.0235	-0.0031	-0.0017	3.0167	4.7932	3.2580	0.2507	0.0155	0.0155	0.0000	0.0146	0.0146	0.0000	0.0009	0.0009	0.0000	0.0024	0.0023	0.0001	0.0023	0.0023	0.0000	0.0001	0.0000	0.0001	0.4965	0.4530	0.0435	0.2565	0.2432	0.0133	0.2400	0.2097	0.0302	0.0911	0.0402	0.0509	0.0214	0.0208	0.0006	0.0697	0.0194	0.0503	1.2004	0.5940	0.0606	0.5263	0.5392	0.0000	4.7746	910.6181	0.0865	0.0260	0.0575	0.0011	0.1080	0.1112	0.0003	0.0008	0.0000	0.0011
61	73	0.1676	4	0	0	0	0	0	0	0	0	N	N	N	N	N	N	N	N	N	N	N	N	5.9806	13.9981	15.5800	2.1966	4.6420	0.0396	8.1749	22.7141	22.9671	0.0532	0.0335	0.2158	0.0210	0.0216	0.0135	0.0708	0.0405	0.2794	0.0089	0.0024	0.0138	0.0095	0.0046	0.3401	0.0087	0.0018	0.0122	0.7804	7.6051	0.0052	0.0002	3.0167	4.9764	3.2580	2.9948	0.0214	0.0120	0.0094	0.0030	0.0028	0.0001	0.0184	0.0092	0.0092	0.0012	0.0001	0.0011	0.0003	0.0001	0.0002	0.0009	0.0000	0.0009	0.4024	0.3589	0.0435	0.1420	0.1316	0.0104	0.2604	0.2273	0.0331	0.1362	0.0588	0.0774	0.0366	0.0301	0.0066	0.0996	0.0287	0.0708	5.9806	13.9981	15.5800	2.1966	4.6420	0.4199	8.1749	1021.3658	22.9671	0.0089	0.0024	0.0138	0.0095	0.0046	0.0320	0.0087	0.0000	0.0122
61	74	0.1875	5	0	1	0	0	0	0	0	0	N	N	N	N	N	N	N	N	N	N	N	N	0.0073	0.0039	0.0631	0.0034	0.0031	0.0432	1.5480	31898.7972	0.0537	0.0090	0.0099	0.0003	0.0130	0.0139	0.0003	0.0052	0.0059	0.0003	1.2315	2.5248	0.0046	3.8273	4.4341	0.0078	0.0034	0.0000	0.0049	0.0030	0.0019	-0.0008	-0.1215	3.0167	1.8678	3.2580	4.6278	0.0040	0.0040	0.0000	0.0028	0.0028	0.0000	0.0012	0.0012	0.0000	0.1626	0.1623	0.0003	0.1623	0.1623	0.0000	0.0003	0.0000	0.0003	0.4436	0.4026	0.0409	0.2155	0.2012	0.0142	0.2281	0.2014	0.0267	0.1320	0.0643	0.0678	0.0424	0.0366	0.0058	0.0896	0.0277	0.0620	0.0073	0.0039	0.0631	0.0034	0.0031	0.2630	1.5480	31898.7972	0.0537	1.2315	2.5248	0.0046	3.8273	4.4341	0.0013	0.0034	0.0000	0.0049
61	75	0.1676	4	0	0	0	0	0	0	0	0	N	N	N	N	N	N	N	N	N	N	N	N	186.8681	29.8387	31992.4897	2.7152	0.1375	4896688.0574	9889.0002	4249.1959	37505.5776	1.9623	0.7116	12.2904	0.1033	0.0064	1.3347	2.9796	1.1214	15.7313	0.0105	0.0238	0.0004	0.0381	0.0462	0.0000	0.0003	0.0003	0.0004	2.0917	0.0213	0.3606	-0.0007	3.0167	4.7010	3.2580	0.6064	0.7531	0.2436	0.5095	0.0140	0.0008	0.0132	0.7391	0.2428	0.4963	0.0010	0.0010	0.0000	0.0010	0.0010	0.0000	0.0000	0.0000	0.0000	0.3838	0.3424	0.0415	0.1357	0.1258	0.0099	0.2481	0.2165	0.0315	0.0954	0.0411	0.0543	0.0258	0.0212	0.0046	0.0696	0.0199	0.0497	186.8681	29.8387	31992.4897	2.7152	0.1375	4896688.0574	9889.0002	168639.9937	37505.5776	0.0105	0.0238	0.0004	0.0381	0.0462	0.0000	0.0003	0.0000	0.0004
61	76	0.1075	3	0	0	0	0	0	0	0	0	N	N	N	N	N	N	N	N	N	N	N	N	2.5199	1.4373	2.2134	1.7695	1.7358	0.0480	3.0607	2.2450	2.7211	0.0256	0.0282	0.0056	0.0686	0.0742	0.0002	0.0055	0.0053	0.0070	0.0102	0.0196	0.0025	0.0388	0.0428	0.0033	0.0018	0.0023	0.0026	0.0251	0.1581	-0.0025	-0.0010	3.0167	4.7970	3.2580	3.0436	0.0147	0.0143	0.0004	0.0125	0.0125	0.0000	0.0021	0.0018	0.0004	0.0016	0.0014	0.0002	0.0014	0.0014	0.0000	0.0002	0.0000	0.0002	0.5726	0.5081	0.0645	0.1827	0.1689	0.0138	0.3899	0.3391	0.0508	0.1557	0.0697	0.0860	0.0353	0.0319	0.0033	0.1204	0.0378	0.0826	2.5199	1.4373	2.2134	1.7695	1.7358	0.2066	3.0607	94.3403	2.7211	0.0102	0.0196	0.0025	0.0388	0.0428	0.0008	0.0018	0.0001	0.0026
61	78	0.1711	6	1	1	0	1	0	0	0	0	N	N	N	N	N	N	N	N	N	N	N	N	0.0021	0.0001	0.0134	0.0057	0.0002	0.0097	0.0005	0.0000	0.0025	0.0000	0.0000	0.0000	0.0000	0.0000	0.0000	0.0000	0.0000	0.0000	0.0004	0.0002	0.0005	0.0004	0.0004	0.0033	0.0003	0.0000	0.0005	40.1195	4.0586	0.0000	0.0000	3.0167	1.0000	3.2580	2.0144	0.0000	0.0000	0.0000	0.0000	0.0000	0.0000	0.0000	0.0000	0.0000	0.0000	0.0000	0.0000	0.0000	0.0000	0.0000	0.0000	0.0000	0.0000	0.0922	0.0820	0.0102	0.0261	0.0243	0.0018	0.0661	0.0577	0.0084	0.0607	0.0261	0.0346	0.0134	0.0119	0.0015	0.0473	0.0142	0.0331	0.0021	0.0001	0.0134	0.0057	0.0002	0.0422	0.0005	0.0000	0.0025	0.0004	0.0002	0.0005	0.0004	0.0004	0.0008	0.0003	0.0000	0.0005
61	79	0.1489	5	1	1	0	1	0	0	0	0	N	N	N	N	N	N	N	N	N	N	N	N	10.3393	5.3259	0.0000	8.2237	7.8725	3.0511	1.7823	0.0000	0.0106	0.0119	0.0000	0.0364	0.0391	0.0000	0.0003	0.0003	0.0000	0.0010	0.0022	0.0001	0.0044	0.0050	0.0000	0.0001	0.0002	0.0001	0.0014	0.0732	-0.0000	-0.0000	3.0167	0.0001	3.2580	3.0180	0.0000	0.0000	0.0000	0.0000	0.0000	0.0000	0.0000	0.0000	0.0000	0.0001	0.0001	0.0000	0.0001	0.0001	0.0000	0.0000	0.0000	0.0000	0.0000	0.0000	0.0000	0.0000	0.0000	0.0000	0.0000	0.0000	0.0000	0.0603	0.0257	0.0345	0.0129	0.0115	0.0014	0.0473	0.0142	0.0331	10.3393	5.3259	0.0000	8.2237	7.8725	0.0000	3.0511	71.7012	0.0000	0.0010	0.0022	0.0001	0.0044	0.0050	0.0000	0.0001	0.0000	0.0001	
61	80	0.1709	7	0	1	0	1	0	0	0	0	N	N	N	N	N	N	N	N	N	N	N	N	0.0000	0.0000	0.0000	0.0000	0.0000	0.0000	0.0000	0.0000	0.0000	0.0000	0.0000	0.0000	0.0000	0.0000	0.0000	0.0000	0.0000	0.0000	0.0000	0.0000	3.0167	0.0000	3.2580	0.0000	0.0000	0.0000	0.0000	0.0000	0.0000	0.0000	0.0000	0.0000	0.0000	0.0000	0.0000	0.0000	0.0000	0.0000	0.0000	0.0000	0.0000	0.0000	0.0000	0.0000	0.0000	0.0000	0.0000	0.0000	0.0000	0.0000	0.0000	0.0000	0.0000	0.0000	0.0000	0.0000	0.0000	0.0000	0.0000	0.0000	0.0000	0.0000	0.0000	0.0000	0.0000	0.0000	0.0000	0.0000	0.0000	0.0000	0.0000	0.0000	0.0000	0.0000	0.0000	0.0000	0.0000	0.0000											
61	81	0.1489	5	0	0	1	1	0	0	0	0	N	N	N	N	N	N	N	N	N	N	N	N	0.0000	0.0000	0.0000	0.0000	0.0000	0.0000	0.0000	0.0000	0.0000	0.0000	0.0000	0.0000	0.0000	0.0000	0.0000	0.0000	0.0000	0.0000	0.0000	0.0000	3.0167	2.0000	3.2580	0.0000	0.0000	0.0000	0.0000	0.0000	0.0000	0.0000	0.0000	0.0000	0.0000	0.0000	0.0000	0.0000	0.0000	0.0000	0.0000	0.0000	0.0000	0.0000	0.1799	0.1601	0.0198	0.0507	0.0472	0.0035	0.1292	0.1129	0.0163	0.0409	0.0174	0.0234	0.0088	0.0078	0.0010	0.0321	0.0096	0.0225	0.0000	0.0000	0.0000	0.0000	0.0000	0.0000	0.0000	0.0000	0.0000	0.0000	0.0000	0.0000	0.0000	0.0000	0.0000	0.0000	0.0000	0.0000											
61	82	0.1489	5	0	0	1	1	0	0	0	0	N	N	N	N	N	N	N	N	N	N	N	N	0.0000	0.0000	0.0000	0.0000	0.0000	0.0000	0.0000	0.0000	0.0000	0.0000	0.0000	0.0000	0.0000	0.0009	0.0021	0.0000	0.0042	0.0047	0.0000	0.0000	0.0000	0.0000	0.0000	0.0000	-0.0001	3.0167	0.0000	3.2580	4.0000	0.0000	0.0000	0.0000	0.0000	0.0000	0.0000	0.0000	0.0000	0.0000	0.0001	0.0001	0.0000	0.0001	0.0001	0.0000	0.0000	0.0000	0.0000	0.0000	0.0000	0.0000	0.0000	0.0000	0.0000	0.0000	0.0000	0.0000	0.0781	0.0334	0.0447	0.0167	0.0149	0.0018	0.0614	0.0185	0.0429	0.0000	0.0000	0.0000	0.0000	0.0000	0.0000	0.0000	0.0000	0.0000	0.0009	0.0021	0.0000	0.0042	0.0047	0.0000	0.0000	0.0000	0.0000						
61	83	0.1709	7	0	0	1	1	0	0	0	0	N	N	N	N	N	N	N	N	N	N	N	N	0.0000	0.0000	0.0000	0.0000	0.0000	0.0000	0.0000	0.0000	0.0000	0.0000	0.0000	0.0000	0.0000	0.0012	0.0028	0.0000	0.0000	0.0000	0.0000	0.0016	0.2230	0.0000	0.0000	0.0000	-0.0000	3.0167	0.0000	3.2580	2.0000	0.0000	0.0000	0.0000	0.0000	0.0000	0.0000	0.0000	0.0000	0.0000	0.0001	0.0001	0.0000	0.0000	0.0000	0.0000	0.0001	0.0001	0.0000	0.0000	0.0000	0.0000	0.0000	0.0000	0.0000	0.0000	0.0000	0.0000	0.0406	0.0179	0.0227	0.0102	0.0092	0.0010	0.0305	0.0087	0.0217	0.0000	0.0000	0.0000	0.0000	0.0000	0.0000	0.0000	0.0000	0.0000	0.0012	0.0028	0.0000	0.0000	0.0000	0.0000	0.0016	0.0057	0.0000						
61	84	0.1635	6	0	0	0	1	0	0	0	0	N	N	N	N	N	N	N	N	N	N	N	N	0.0000	0.0000	0.0000	0.0000	0.0000	0.0000	0.0000	0.0000	0.0000	0.0000	0.0000	0.0000	0.0000	0.0000	0.0000	0.0000	0.0000	0.0045	0.0100	0.0002	0.0173	0.0191	0.0001	0.0001	0.0000	0.0002	0.0205	0.0000	-0.0001	3.0167	1.0000	3.2580	0.0015	0.0000	0.0000	0.0000	0.0000	0.0000	0.0000	0.0000	0.0000	0.0000	0.0001	0.0001	0.0000	0.0001	0.0001	0.0000	0.0000	0.0000	0.0000	0.0922	0.0820	0.0102	0.0261	0.0243	0.0018	0.0661	0.0577	0.0084	0.0214	0.0094	0.0120	0.0054	0.0049	0.0005	0.0160	0.0045	0.0114	0.0000	0.0000	0.0000	0.0000	0.0000	0.0000	0.0000	0.0000	0.0000	0.0045	0.0100	0.0002	0.0173	0.0191	0.0001	0.0001	0.0000	0.0002		
61	85	0.1489	5	0	0	0	1	0	0	0	0	N	N	N	N	N	N	N	N	N	N	N	N	0.0000	0.0000	0.0000	0.0000	0.0000	0.0000	0.0000	0.0000	0.0000	0.0000	0.0000	0.0000	0.0000	0.0000	0.0000	0.0000	0.0000	0.0111	0.0207	0.0040	0.0411	0.0461	0.0000	0.0029	0.0000	0.0042	0.2594	0.0000	-0.0002	3.0167	0.0000	3.2580	2.0013	0.0000	0.0000	0.0000	0.0000	0.0000	0.0000	0.0000	0.0000	0.0000	0.0005	0.0004	0.0001	0.0004	0.0004	0.0000	0.0001	0.0000	0.0001	0.0000	0.0000	0.0000	0.0000	0.0000	0.0000	0.0000	0.0000	0.0000	0.0409	0.0175	0.0235	0.0088	0.0078	0.0010	0.0321	0.0096	0.0225	0.0000	0.0000	0.0000	0.0000	0.0000	0.0000	0.0000	0.0000	0.0000	0.0111	0.0207	0.0040	0.0411	0.0461	0.0000	0.0029	0.0000	0.0042		
61	86	0.1887	5	1	1	0	0	0	0	0	0	N	N	N	N	N	N	N	N	N	N	N	N	0.8951	0.0212	585.1581	0.0066	0.0035	0.7881	167.7035	15230.9434	1020.4278	0.0994	0.0045	1.2140	0.0019	0.0010	0.0174	0.2652	0.0110	2.0831	0.1111	0.2138	0.0021	0.2840	0.2922	0.0221	0.0016	0.0000	0.0020	22.7999	0.0091	0.0000	-0.0039	3.0167	0.0007	3.2580	0.9812	0.0000	0.0000	0.0000	0.0000	0.0000	0.0000	0.0000	0.0000	0.0000	0.0053	0.0053	0.0000	0.0053	0.0053	0.0000	0.0000	0.0000	0.0000	0.0002	0.0002	0.0000	0.0001	0.0001	0.0000	0.0001	0.0001	0.0000	0.0478	0.0246	0.0232	0.0185	0.0180	0.0005	0.0293	0.0066	0.0227	0.8951	0.0212	585.1581	0.0066	0.0035	4.9673	167.7035	15230.9434	1020.4278	0.1111	0.2138	0.0021	0.2840	0.2922	0.0035	0.0016	0.0000	0.0020
61	87	0.1329	4	1	1	0	0	0	0	0	0	N	N	N	N	N	N	N	N	N	N	N	N	46.8365	0.8753	290.5004	0.0734	0.0705	0.0117	60.9465	104.2252	341.7823	2.2233	0.0143	20.7159	0.0024	0.0026	0.0003	3.1456	0.0196	25.3752	0.0475	0.0164	0.0713	0.0328	0.0362	0.0233	0.0516	0.0002	0.0742	172.4700	5.6705	0.8008	0.0006	3.0167	5.0272	3.2580	2.1572	1.0055	0.0058	0.9997	0.0003	0.0003	0.0000	1.0052	0.0055	0.9997	0.0064	0.0010	0.0054	0.0010	0.0010	0.0000	0.0054	0.0000	0.0054	0.4523	0.4040	0.0483	0.1327	0.1238	0.0089	0.3196	0.2802	0.0394	0.1340	0.0582	0.0758	0.0295	0.0263	0.0032	0.1045	0.0319	0.0727	46.8365	0.8753	290.5004	0.0734	0.0705	0.0730	60.9465	4366.2152	341.7823	0.0475	0.0164	0.0713	0.0328	0.0362	0.0037	0.0516	0.0000	0.0742
61	88	0.1862	6	0	1	0	0	0	0	0	0	N	N	N	N	N	N	N	N	N	N	N	N	0.0000	0.0000	0.0000	0.0000	0.0000	0.0000	0.0000	0.0000	0.0000	0.0000	0.0000	0.0000	0.0000	0.0000	0.0000	0.0017	0.0039	0.0000	0.0071	0.0080	0.0000	0.0002	0.0132	0.0000	0.0000	0.0000	-0.0001	3.0167	0.0000	3.2580	4.0000	0.0000	0.0000	0.0000	0.0000	0.0000	0.0000	0.0000	0.0000	0.0000	0.0001	0.0001	0.0000	0.0001	0.0001	0.0000	0.0000	0.0000	0.0000	0.0000	0.0000	0.0000	0.0000	0.0000	0.0000	0.0000	0.0000	0.0000	0.0818	0.0355	0.0462	0.0183	0.0163	0.0020	0.0634	0.0193	0.0442	0.0000	0.0000	0.0000	0.0000	0.0000	0.0000	0.0000	0.0000	0.0000	0.0017	0.0039	0.0000	0.0071	0.0080	0.0000	0.0002	0.0005	0.0000				
61	89	0.1489	5	0	1	0	0	0	0	0	0	N	N	N	N	N	N	N	N	N	N	N	N	0.1260	0.0076	inf	0.0240	0.0115	inf	inf	inf	inf	0.0006	0.0001	0.0048	0.0005	0.0003	0.0039	0.0006	0.0000	0.0050	0.0048	0.0113	0.0000	0.0225	0.0253	0.0000	0.0000	0.0000	0.0000	6.9999	0.0000	0.0001	-0.0003	3.0167	3.0000	3.2580	2.0000	0.0002	0.0000	0.0001	0.0000	0.0000	0.0000	0.0001	0.0000	0.0001	0.0005	0.0005	0.0000	0.0005	0.0005	0.0000	0.0000	0.0000	0.0000	0.2635	0.2346	0.0290	0.0739	0.0687	0.0052	0.1896	0.1658	0.0238	0.0955	0.0409	0.0546	0.0204	0.0182	0.0023	0.0750	0.0227	0.0523	0.1260	0.0076	inf	0.0240	0.0115	inf	inf	inf	inf	0.0048	0.0113	0.0000	0.0225	0.0253	0.0000	0.0000	0.0000	0.0000
61	90	0.1489	5	1	1	0	0	0	0	0	0	N	N	N	N	N	N	N	N	N	N	N	N	0.0000	0.0000	0.0000	0.0000	0.0000	0.0000	0.0000	0.0000	0.0000	0.0000	0.0000	0.0000	0.0000	0.0000	0.0000	0.0000	0.0000	0.0142	0.0330	0.0002	0.0215	0.0242	0.0000	0.0123	0.8026	0.0002	0.0074	0.0000	-0.0010	3.0167	2.0000	3.2580	3.0000	0.0000	0.0000	0.0000	0.0000	0.0000	0.0000	0.0000	0.0000	0.0000	0.0014	0.0013	0.0000	0.0004	0.0004	0.0000	0.0009	0.0009	0.0000	0.1799	0.1601	0.0198	0.0507	0.0472	0.0035	0.1292	0.1129	0.0163	0.0955	0.0409	0.0546	0.0204	0.0182	0.0023	0.0750	0.0227	0.0523	0.0000	0.0000	0.0000	0.0000	0.0000	0.0000	0.0000	0.0000	0.0000	0.0142	0.0330	0.0002	0.0215	0.0242	0.0000	0.0123	0.0401	0.0002		
61	91	0.1329	4	0	0	0	0	0	0	0	0	N	N	N	N	N	N	N	N	N	N	N	N	0.2297	0.1885	0.0259	0.2645	0.2668	0.0039	0.0069	0.3487	0.0137	0.0022	0.0025	0.0002	0.0068	0.0072	0.0006	0.0000	0.0000	0.0001	0.0097	0.0131	0.0070	0.0256	0.0268	0.1456	0.0048	0.0001	0.0068	0.0085	0.6731	-0.0001	-0.0002	3.0167	2.0705	3.2580	0.0351	0.0005	0.0005	0.0000	0.0005	0.0005	0.0000	0.0000	0.0000	0.0000	0.0005	0.0003	0.0002	0.0003	0.0003	0.0000	0.0002	0.0000	0.0002	0.2212	0.1983	0.0229	0.0724	0.0681	0.0043	0.1488	0.1302	0.0185	0.0467	0.0207	0.0260	0.0112	0.0101	0.0010	0.0356	0.0106	0.0250	0.2297	0.1885	0.0259	0.2645	0.2668	0.0432	0.0069	10.3154	0.0137	0.0097	0.0131	0.0070	0.0256	0.0268	0.0130	0.0048	0.0000	0.0068
61	92	0.1075	3	0	0	0	0	0	0	0	0	N	N	N	N	N	N	N	N	N	N	N	N	0.9742	0.8903	0.4784	0.9596	0.9728	0.0166	0.5942	3.8697	0.5575	0.0206	0.0221	0.0086	0.0450	0.0483	0.0036	0.0074	0.0070	0.0100	0.0211	0.0248	0.0179	0.0469	0.0496	0.2135	0.0124	0.0018	0.0180	0.0490	0.8331	-0.0015	-0.0005	3.0167	3.4249	3.2580	0.1413	0.0098	0.0093	0.0005	0.0075	0.0075	0.0000	0.0023	0.0019	0.0004	0.0018	0.0010	0.0008	0.0010	0.0010	0.0000	0.0008	0.0000	0.0008	0.4760	0.4227	0.0533	0.1666	0.1546	0.0120	0.3094	0.2681	0.0413	0.0846	0.0393	0.0453	0.0213	0.0196	0.0017	0.0633	0.0197	0.0436	0.9742	0.8903	0.4784	0.9596	0.9728	0.2209	0.5942	169.7850	0.5575	0.0211	0.0248	0.0179	0.0469	0.0496	0.0161	0.0124	0.0000	0.0180
61	93	0.0900	2	0	0	0	0	0	0	0	0	N	N	N	N	N	N	N	N	N	N	N	N	0.5849	0.4618	0.8146	1.4336	1.4207	0.3916	0.2339	1.4291	0.5291	0.0406	0.0401	0.0438	0.2322	0.2325	0.2283	0.0088	0.0055	0.0284	0.0694	0.0868	0.0538	0.1620	0.1637	0.5829	0.0377	0.0039	0.0537	0.1692	0.6899	-0.0007	-0.0027	3.0167	2.2814	3.2580	1.1633	0.0127	0.0109	0.0018	0.0103	0.0096	0.0007	0.0024	0.0013	0.0011	0.0080	0.0048	0.0033	0.0048	0.0048	0.0000	0.0033	0.0000	0.0033	0.3126	0.2707	0.0419	0.0445	0.0412	0.0032	0.2682	0.2295	0.0387	0.1159	0.0548	0.0611	0.0296	0.0291	0.0005	0.0864	0.0258	0.0606	0.5849	0.4618	0.8146	1.4336	1.4207	3.8564	0.2339	57.2386	0.5291	0.0694	0.0868	0.0538	0.1620	0.1637	0.0592	0.0377	0.0001	0.0537
61	98	0.1269	4	0	0	0	0	0	0	0	0	N	N	N	N	N	N	N	N	N	N	N	N	0.2001	0.1447	0.0422	0.1669	0.1700	0.1057	0.2816	12.5097	0.0400	0.0226	0.0247	0.0021	0.0462	0.0487	0.0024	0.0100	0.0110	0.0021	0.1129	0.1707	0.0502	0.2770	0.2866	0.0224	0.0354	0.0009	0.0513	0.0088	0.2705	-0.0030	-0.0216	3.0167	4.9999	3.2580	9.0821	0.0158	0.0157	0.0001	0.0113	0.0112	0.0000	0.0045	0.0044	0.0001	0.0403	0.0317	0.0086	0.0317	0.0317	0.0000	0.0086	0.0000	0.0086	0.6993	0.6343	0.0651	0.2435	0.2305	0.0131	0.4558	0.4038	0.0520	0.3564	0.1856	0.1708	0.1144	0.1105	0.0039	0.2420	0.0751	0.1669	0.2001	0.1447	0.0422	0.1669	0.1700	0.6691	0.2816	542.8396	0.0400	0.1129	0.1707	0.0502	0.2770	0.2866	0.0035	0.0354	0.0000	0.0513
62	64	0.1911	8	1	1	1	0	0	0	0	0	N	N	N	N	N	N	N	N	N	N	N	N	0.0000	0.0000	0.0000	0.0000	0.0000	0.0000	0.0000	0.0000	0.0000	0.0000	0.0000	0.0000	0.0000	0.0000	0.0000	0.0000	0.0000	0.0000	0.0000	0.0000	3.3327	0.0000	4.3103	1.0000	0.0000	0.0000	0.0000	0.0000	0.0000	0.0000	0.0000	0.0000	0.0000	0.0000	0.0000	0.0000	0.0000	0.0000	0.0000	0.0000	0.0000	0.0000	0.0000	0.0000	0.0000	0.0000	0.0000	0.0000	0.0000	0.0000	0.0000	0.0202	0.0081	0.0121	0.0054	0.0045	0.0009	0.0148	0.0036	0.0111	0.0000	0.0000	0.0000	0.0000	0.0000	0.0000	0.0000	0.0000	0.0000	0.0000	0.0000	0.0000	0.0000	0.0000	0.0000	0.0000	0.0000	0.0000											
62	65	0.1911	7	1	1	1	0	0	0	0	0	N	N	N	N	N	N	N	N	N	N	N	N	0.0000	0.0000	0.0000	0.0000	0.0000	0.0000	0.0000	0.0000	0.0000	0.0000	0.0000	0.0000	0.0000	2.6844	5.4298	0.0000	5.5155	5.5458	0.0000	0.0000	0.0000	0.0000	0.0000	0.0000	-0.0001	3.3327	0.0000	4.3103	0.0001	0.0000	0.0000	0.0000	0.0000	0.0000	0.0000	0.0000	0.0000	0.0000	0.0001	0.0001	0.0000	0.0001	0.0001	0.0000	0.0000	0.0000	0.0000	0.0000	0.0000	0.0000	0.0000	0.0000	0.0000	0.0000	0.0000	0.0000	0.0000	0.0000	0.0000	0.0000	0.0000	0.0000	0.0000	0.0000	0.0000	0.0000	0.0000	0.0000	0.0000	0.0000	0.0000	0.0000	0.0000	0.0000	2.6844	5.4298	0.0000	5.5155	5.5458	0.0000	0.0000	0.0000	0.0000						
62	66	0.1788	6	1	1	1	0	0	0	0	0	N	N	N	N	N	N	N	N	N	N	N	N	0.0000	0.0000	0.0664	0.0000	0.0000	0.3780	0.0014	0.0080	0.0000	0.0000	0.0002	0.0000	0.0000	0.0006	0.0000	0.0000	0.0000	1.0096	2.3067	0.0030	2.9373	3.2495	0.0015	0.0025	0.0000	0.0031	1408.1333	0.0017	0.0000	-0.0444	3.3327	1.9720	4.3103	0.0923	0.0000	0.0000	0.0000	0.0000	0.0000	0.0000	0.0000	0.0000	0.0000	0.0594	0.0593	0.0001	0.0593	0.0593	0.0000	0.0001	0.0000	0.0001	0.2212	0.1998	0.0214	0.1138	0.1071	0.0067	0.1074	0.0927	0.0147	0.0588	0.0257	0.0331	0.0202	0.0182	0.0019	0.0386	0.0075	0.0312	0.0000	0.0000	0.0664	0.0000	0.0000	1.3485	0.0014	0.0000	0.0080	1.0096	2.3067	0.0030	2.9373	3.2495	0.0004	0.0025	0.0000	0.0031	
62	67	0.1572	5	1	1	1	0	0	0	0	0	N	N	N	N	N	N	N	N	N	N	N	N	0.0094	0.0546	0.0581	12.1930	0.0498	inf	0.0013	inf	0.0066	0.0075	0.0000	0.0783	0.0119	0.0001	0.2052	0.0014	0.0000	0.0097	0.7994	0.0007	1.3488	0.0010	0.0012	0.0000	1.1032	0.0000	1.4771	228.1069	2965.8375	0.0019	0.0149	3.3327	3.0650	4.3103	1.0636	0.0024	0.0000	0.0024	0.0022	0.0000	0.0022	0.0002	0.0000	0.0002	0.0593	0.0000	0.0593	0.0000	0.0000	0.0000	0.0593	0.0000	0.0593	0.3163	0.2862	0.0301	0.1826	0.1720	0.0106	0.1338	0.1142	0.0195	0.0742	0.0302	0.0439	0.0204	0.0166	0.0038	0.0537	0.0136	0.0401	0.0094	0.0546	0.0581	12.1930	0.0498	inf	0.0013	inf	0.0066	0.7994	0.0007	1.3488	0.0010	0.0012	0.0000	1.1032	0.0000	1.4771
62	68	0.1642	5	0	2	0	1	0	0	0	0	N	Y	N	N	N	N	N	N	N	N	N	N	5.6636	0.0035	6420.1466	0.3347	0.0043	173.2842	1488.3606	4.3622	8387.4766	1.4311	0.0019	14.6884	0.3040	0.0046	5.0992	2.1701	0.0001	17.7028	0.2527	0.5478	0.0023	0.9083	1.0685	0.0294	0.0015	0.0000	0.0021	826.6640	0.0049	0.5830	-0.0326	3.3327	2.7513	4.3103	4.0954	0.7278	0.0009	0.7270	0.0612	0.0009	0.0604	0.6666	0.0000	0.6666	0.0438	0.0436	0.0002	0.0436	0.0436	0.0000	0.0002	0.0000	0.0002	0.5086	0.4591	0.0495	0.2014	0.1896	0.0118	0.3072	0.2695	0.0377	0.1733	0.0795	0.0937	0.0480	0.0408	0.0072	0.1253	0.0388	0.0865	5.6636	0.0035	6420.1466	0.3347	0.0043	1156.3758	1488.3606	46.6725	8387.4766	0.2527	0.5478	0.0023	0.9083	1.0685	0.0044	0.0015	0.0000	0.0021
62	69	0.0867	3	0	2	0	0	0	0	0	0	N	Y	N	N	N	N	N	N	N	N	N	N	0.1121	0.2483	0.7210	195.6061	0.1943	inf	0.0635	0.3718	0.3192	0.0002	3.1492	0.4688	0.0005	6.9062	0.2062	0.0000	1.6291	2.8482	0.0009	4.3678	0.0024	0.0024	0.0000	3.2497	0.0000	4.3818	1679.2885	9612.9730	0.2694	0.2413	3.3327	9.9334	4.3103	8.9999	0.3361	0.0002	0.3359	0.2124	0.0002	0.2122	0.1237	0.0000	0.1237	0.9614	0.0001	0.9613	0.0001	0.0001	0.0000	0.9613	0.0000	0.9613	1.0529	0.9462	0.1066	0.4530	0.4223	0.0307	0.5999	0.5239	0.0759	0.3375	0.1175	0.2201	0.0417	0.0410	0.0007	0.2958	0.0764	0.2194	0.1121	0.2483	0.7210	195.6061	0.1943	inf	0.0635	0.0000	0.3718	2.8482	0.0009	4.3678	0.0024	0.0024	0.0000	3.2497	0.0000	4.3818	
62	70	0.0867	3	0	2	0	0	0	0	0	0	N	Y	N	N	N	N	N	N	N	N	N	N	0.0252	0.4614	0.0000	0.2191	0.2542	0.0000	0.0000	0.0000	0.2684	0.3356	0.0000	0.4308	0.5073	0.0000	0.0000	0.0000	0.0000	10.6594	0.7273	15.6898	1.9668	1.9953	0.0000	11.8935	0.0000	15.7318	0.0000	42.5911	-0.0047	0.2244	3.3327	0.0666	4.3103	4.0001	0.0239	0.0239	0.0000	0.0239	0.0239	0.0000	0.0000	0.0000	0.0000	0.9839	0.0226	0.9613	0.0226	0.0226	0.0000	0.9613	0.0000	0.9613	0.0892	0.0713	0.0179	0.0556	0.0472	0.0084	0.0336	0.0241	0.0095	0.0923	0.0310	0.0613	0.0115	0.0113	0.0002	0.0808	0.0197	0.0611	0.0252	0.4614	0.0000	0.2191	0.2542	0.0000	0.0000	0.0000	0.0000	10.6594	0.7273	15.6898	1.9668	1.9953	0.0000	11.8935	0.0000	15.7318	
62	71	0.1572	5	0	2	0	0	0	0	0	0	N	Y	N	N	N	N	N	N	N	N	N	N	0.0000	inf	0.0000	inf	inf	0.0000	0.0000	0.0000	0.0001	0.0000	0.0001	0.0001	0.0000	0.0000	0.0000	0.0000	10.8491	0.0000	18.3105	0.0000	0.0000	0.0000	14.9613	0.0000	20.0664	0.0000	inf	-0.0000	0.2413	3.3327	2.0000	4.3103	3.0000	0.0000	0.0000	0.0000	0.0000	0.0000	0.0000	0.0000	0.0000	0.0000	0.9613	0.0000	0.9613	0.0000	0.0000	0.0000	0.9613	0.0000	0.9613	0.2101	0.1900	0.0200	0.1217	0.1147	0.0070	0.0883	0.0753	0.0130	0.0886	0.0361	0.0525	0.0244	0.0198	0.0046	0.0643	0.0163	0.0479	0.0000	inf	0.0000	inf	inf	0.0000	0.0000	0.0000	0.0000	10.8491	0.0000	18.3105	0.0000	0.0000	0.0000	14.9613	0.0000	20.0664		
62	72	0.1304	4	0	1	0	0	0	0	0	0	N	N	N	N	N	N	N	N	N	N	N	N	7.6713	1.3519	64901.8245	0.7862	0.7681	657.7417	31667.0621	2556469.7714	147394.7477	0.9901	0.4068	5.1558	0.3264	0.3621	0.0561	1.9410	0.4720	11.6493	0.1291	0.3009	0.0001	0.4152	0.4714	0.0001	0.0001	0.0000	0.0001	1.7744	0.0004	0.3592	-0.0121	3.3327	4.7932	4.3103	0.2507	0.8130	0.2930	0.5200	0.1578	0.1547	0.0032	0.6552	0.1384	0.5168	0.0162	0.0162	0.0000	0.0162	0.0162	0.0000	0.0000	0.0000	0.0000	0.8211	0.7203	0.1009	0.4836	0.4271	0.0565	0.3376	0.2932	0.0444	0.1257	0.0539	0.0718	0.0391	0.0344	0.0047	0.0867	0.0195	0.0672	7.6713	1.3519	64901.8245	0.7862	0.7681	657.7417	31667.0621	2556469.7714	147394.7477	0.1291	0.3009	0.0001	0.4152	0.4714	0.0001	0.0001	0.0000	0.0001
62	73	0.0867	3	0	1	0	0	0	0	0	0	N	N	N	N	N	N	N	N	N	N	N	N	4.5586	1.9920	2.1570	0.3246	0.3367	54086.9385	41.2040	inf	1.2910	1.6928	1.8833	0.1650	0.8386	0.8832	0.3102	2.3775	2.7400	0.0990	0.3713	0.9454	0.0765	2.5837	2.6230	0.0000	0.0577	0.0000	0.0767	0.0109	0.1575	-0.1927	-0.0385	3.3327	4.9764	4.3103	2.9948	1.0302	1.0191	0.0111	0.2271	0.2205	0.0065	0.8032	0.7986	0.0046	0.0628	0.0542	0.0085	0.0542	0.0542	0.0000	0.0085	0.0000	0.0085	0.6086	0.5411	0.0674	0.2708	0.2497	0.0211	0.3378	0.2914	0.0464	0.1691	0.0574	0.1117	0.0210	0.0207	0.0003	0.1481	0.0367	0.1114	4.5586	1.9920	2.1570	0.3246	0.3367	54086.9385	41.2040	inf	1.2910	0.3713	0.9454	0.0765	2.5837	2.6230	0.0000	0.0577	0.0000	0.0767
62	74	0.0667	2	0	2	0	0	0	0	0	0	N	Y	N	N	N	N	N	N	N	N	N	N	0.0800	0.2999	0.0000	0.2508	0.2780	0.0000	0.0119	inf	0.0000	0.3610	0.4549	0.0000	0.6247	0.6950	0.0000	0.0620	0.0919	0.0000	4.5130	1.5169	6.6323	2.4906	2.4999	10.3939	5.1988	0.0000	6.6495	0.0000	6.1814	-0.0674	0.1255	3.3327	1.8678	4.3103	4.6278	0.3408	0.3408	0.0000	0.3133	0.3133	0.0000	0.0274	0.0274	0.0000	1.1225	0.1563	0.9662	0.1569	0.1563	0.0006	0.9656	0.0000	0.9656	0.9439	0.7491	0.1948	0.5016	0.4508	0.0507	0.4423	0.2982	0.1441	0.2487	0.1030	0.1457	0.0630	0.0625	0.0005	0.1857	0.0405	0.1452	0.0800	0.2999	0.0000	0.2508	0.2780	0.0000	0.0119	inf	0.0000	4.5130	1.5169	6.6323	2.4906	2.4999	1.2370	5.1988	0.0000	6.6495
62	78	0.2103	7	1	2	0	1	0	0	0	0	N	Y	N	N	N	N	N	N	N	N	N	N	0.0001	0.0000	0.0014	0.0000	0.0000	0.0005	0.0001	0.0007	0.0000	0.0000	0.0000	0.0000	0.0000	0.0000	0.0000	0.0000	0.0000	0.0007	0.0016	0.0002	0.0033	0.0037	0.0014	0.0001	0.0000	0.0002	1.8947	0.2143	0.0000	-0.0000	3.3327	1.0000	4.3103	2.0144	0.0000	0.0000	0.0000	0.0000	0.0000	0.0000	0.0000	0.0000	0.0000	0.0000	0.0000	0.0000	0.0000	0.0000	0.0000	0.0000	0.0000	0.0000	0.1256	0.1126	0.0130	0.0516	0.0479	0.0037	0.0740	0.0647	0.0094	0.0656	0.0243	0.0413	0.0120	0.0103	0.0017	0.0536	0.0140	0.0396	0.0001	0.0000	0.0014	0.0000	0.0000	0.0015	0.0001	0.0000	0.0007	0.0007	0.0016	0.0002	0.0033	0.0037	0.0004	0.0001	0.0000	0.0002	
62	79	0.1881	6	1	2	0	1	0	0	0	0	N	Y	N	N	N	N	N	N	N	N	N	N	0.5981	0.5790	0.0000	0.6065	0.5616	0.0000	0.0000	0.0006	0.0007	0.0000	0.0015	0.0016	0.0000	0.0000	0.0000	0.0000	0.0010	0.0012	0.0009	0.0025	0.0029	0.0000	0.0007	0.0000	0.0010	0.0000	1.3617	-0.0000	-0.0000	3.3327	0.0001	4.3103	3.0180	0.0000	0.0000	0.0000	0.0000	0.0000	0.0000	0.0000	0.0000	0.0000	0.0001	0.0000	0.0000	0.0000	0.0000	0.0000	0.0000	0.0000	0.0000	0.0000	0.0000	0.0000	0.0000	0.0000	0.0000	0.0000	0.0000	0.0000	0.0652	0.0239	0.0412	0.0115	0.0099	0.0016	0.0537	0.0140	0.0396	0.5981	0.5790	0.0000	0.6065	0.5616	0.0000	0.0000	0.0000	0.0000	0.0010	0.0012	0.0009	0.0025	0.0029	0.0000	0.0007	0.0000	0.0010		
62	80	0.2101	8	0	2	0	1	0	0	0	0	N	Y	N	N	N	N	N	N	N	N	N	N	0.0000	0.0000	0.0000	0.0000	0.0000	0.0000	0.0000	0.0000	0.0000	0.0000	0.0000	0.0000	0.0000	0.0000	0.0000	0.0000	0.0000	0.0000	0.0000	0.0000	3.3327	0.0000	4.3103	0.0000	0.0000	0.0000	0.0000	0.0000	0.0000	0.0000	0.0000	0.0000	0.0000	0.0000	0.0000	0.0000	0.0000	0.0000	0.0000	0.0000	0.0000	0.0000	0.0000	0.0000	0.0000	0.0000	0.0000	0.0000	0.0000	0.0000	0.0000	0.0000	0.0000	0.0000	0.0000	0.0000	0.0000	0.0000	0.0000	0.0000	0.0000	0.0000	0.0000	0.0000	0.0000	0.0000	0.0000	0.0000	0.0000	0.0000	0.0000	0.0000	0.0000	0.0000	0.0000	0.0000	0.0000	0.0000											
62	81	0.1881	6	0	1	1	1	0	0	0	0	N	N	N	N	N	N	N	N	N	N	N	N	0.0000	0.0000	0.0000	0.0000	0.0000	0.0000	0.0000	0.0000	0.0000	0.0000	0.0000	0.0000	0.0000	0.0000	0.0000	0.0000	0.0000	0.0000	0.0000	0.0000	3.3327	2.0000	4.3103	0.0000	0.0000	0.0000	0.0000	0.0000	0.0000	0.0000	0.0000	0.0000	0.0000	0.0000	0.0000	0.0000	0.0000	0.0000	0.0000	0.0000	0.0000	0.0000	0.2459	0.2207	0.0252	0.1010	0.0939	0.0071	0.1449	0.1267	0.0181	0.0441	0.0161	0.0279	0.0077	0.0066	0.0011	0.0363	0.0095	0.0269	0.0000	0.0000	0.0000	0.0000	0.0000	0.0000	0.0000	0.0000	0.0000	0.0000	0.0000	0.0000	0.0000	0.0000	0.0000	0.0000	0.0000	0.0000											
62	82	0.1881	6	0	1	1	1	0	0	0	0	N	N	N	N	N	N	N	N	N	N	N	N	0.0000	0.0000	0.0000	0.0000	0.0000	0.0000	0.0000	0.0000	0.0000	0.0000	0.0000	0.0000	0.0000	0.0033	0.0090	0.0000	0.0187	0.0218	0.0000	0.0000	0.0000	0.0000	0.0000	0.0000	-0.0002	3.3327	0.0000	4.3103	4.0000	0.0000	0.0000	0.0000	0.0000	0.0000	0.0000	0.0000	0.0000	0.0000	0.0003	0.0003	0.0000	0.0003	0.0003	0.0000	0.0000	0.0000	0.0000	0.0000	0.0000	0.0000	0.0000	0.0000	0.0000	0.0000	0.0000	0.0000	0.0847	0.0312	0.0535	0.0150	0.0129	0.0021	0.0697	0.0183	0.0514	0.0000	0.0000	0.0000	0.0000	0.0000	0.0000	0.0000	0.0000	0.0000	0.0033	0.0090	0.0000	0.0187	0.0218	0.0000	0.0000	0.0000	0.0000						
62	83	0.2101	8	0	1	1	1	0	0	0	0	N	N	N	N	N	N	N	N	N	N	N	N	0.0000	0.0000	0.0000	0.0000	0.0000	0.0000	0.0000	0.0000	0.0000	0.0000	0.0000	0.0000	0.0000	0.0014	0.0038	0.0000	0.0081	0.0096	0.0000	0.0000	0.0000	0.0000	0.0000	0.0000	-0.0000	3.3327	0.0000	4.3103	2.0000	0.0000	0.0000	0.0000	0.0000	0.0000	0.0000	0.0000	0.0000	0.0000	0.0001	0.0001	0.0000	0.0001	0.0001	0.0000	0.0000	0.0000	0.0000	0.0000	0.0000	0.0000	0.0000	0.0000	0.0000	0.0000	0.0000	0.0000	0.0437	0.0157	0.0280	0.0074	0.0062	0.0011	0.0363	0.0095	0.0269	0.0000	0.0000	0.0000	0.0000	0.0000	0.0000	0.0000	0.0000	0.0000	0.0014	0.0038	0.0000	0.0081	0.0096	0.0000	0.0000	0.0000	0.0000						
62	84	0.2028	7	0	1	0	1	0	0	0	0	N	N	N	N	N	N	N	N	N	N	N	N	0.0000	0.0000	0.0000	0.0000	0.0000	0.0000	0.0000	0.0000	0.0000	0.0000	0.0000	0.0000	0.0000	0.0000	0.0000	0.0000	0.0000	0.0000	0.0446	0.1226	0.0000	0.2498	0.2936	0.0001	0.0000	0.0000	0.0000	0.0007	0.0000	-0.0008	3.3327	1.0000	4.3103	0.0015	0.0000	0.0000	0.0000	0.0000	0.0000	0.0000	0.0000	0.0000	0.0000	0.0010	0.0010	0.0000	0.0010	0.0010	0.0000	0.0000	0.0000	0.0000	0.1256	0.1126	0.0130	0.0516	0.0479	0.0037	0.0740	0.0647	0.0094	0.0229	0.0083	0.0145	0.0041	0.0035	0.0006	0.0188	0.0048	0.0139	0.0000	0.0000	0.0000	0.0000	0.0000	0.0000	0.0000	0.0000	0.0000	0.0446	0.1226	0.0000	0.2498	0.2936	0.0001	0.0000	0.0000	0.0000	
62	85	0.1881	6	0	1	0	1	0	0	0	0	N	N	N	N	N	N	N	N	N	N	N	N	0.0000	0.0000	0.0000	0.0000	0.0000	0.0000	0.0000	0.0000	0.0000	0.0000	0.0000	0.0000	0.0000	0.0000	0.0000	0.0000	0.0000	0.0240	0.0025	0.0364	0.0001	0.0001	0.0000	0.0291	0.1769	0.0379	25.0428	0.0000	0.0002	3.3327	0.0000	4.3103	2.0013	0.0000	0.0000	0.0000	0.0000	0.0000	0.0000	0.0000	0.0000	0.0000	0.0011	0.0000	0.0010	0.0000	0.0000	0.0000	0.0011	0.0000	0.0010	0.0000	0.0000	0.0000	0.0000	0.0000	0.0000	0.0000	0.0000	0.0000	0.0441	0.0161	0.0280	0.0077	0.0067	0.0011	0.0364	0.0095	0.0269	0.0000	0.0000	0.0000	0.0000	0.0000	0.0000	0.0000	0.0000	0.0000	0.0240	0.0025	0.0364	0.0001	0.0001	0.0000	0.0291	0.0042	0.0379		
62	86	0.2280	6	1	2	0	0	0	0	0	0	N	Y	N	N	N	N	N	N	N	N	N	N	0.1487	0.0813	1.8482	0.0498	0.0528	0.1106	299.0980	4.0172	2.1331	0.1740	0.1931	0.0010	0.1608	0.1785	0.0010	0.2108	0.2341	0.0011	1.1699	2.3753	0.0005	3.2310	3.3800	0.0087	0.0007	0.0583	0.0005	0.0006	0.0002	-0.0000	-0.0427	3.3327	0.0007	4.3103	0.9812	0.0001	0.0001	0.0000	0.0000	0.0000	0.0000	0.0000	0.0000	0.0000	0.0570	0.0570	0.0000	0.0570	0.0570	0.0000	0.0000	0.0000	0.0000	0.0003	0.0003	0.0000	0.0002	0.0002	0.0000	0.0001	0.0001	0.0000	0.0487	0.0240	0.0247	0.0176	0.0169	0.0008	0.0311	0.0071	0.0240	0.1487	0.0813	1.8482	0.0498	0.0528	0.6577	299.0980	172.1592	2.1331	1.1699	2.3753	0.0005	3.2310	3.3800	0.0015	0.0007	0.0014	0.0005
62	87	0.1722	5	1	2	0	0	0	0	0	0	N	Y	N	N	N	N	N	N	N	N	N	N	0.0790	0.0354	0.0002	6.8445	6.3778	0.0179	0.0402	0.0130	0.0001	0.5517	0.6163	0.0001	0.8188	0.8851	0.0002	0.3448	0.3953	0.0001	6.9815	17.4133	0.6236	0.1196	0.1388	0.0124	8.5829	30.4206	0.6513	0.0000	0.0588	-0.0701	-0.7105	3.3327	5.0272	4.3103	2.1572	0.3545	0.3545	0.0000	0.2297	0.2297	0.0000	0.1248	0.1248	0.0000	1.0247	0.9678	0.0569	0.0033	0.0033	0.0000	1.0213	0.9645	0.0569	0.6425	0.5752	0.0673	0.2805	0.2595	0.0210	0.3620	0.3157	0.0462	0.1468	0.0556	0.0912	0.0278	0.0239	0.0039	0.1190	0.0317	0.0873	0.0790	0.0354	0.0002	6.8445	6.3778	0.0974	0.0402	0.0130	0.0001	6.9815	17.4133	0.6236	0.1196	0.1388	0.0023	8.5829	30.4206	0.6513
62	88	0.2254	7	0	2	0	0	0	0	0	0	N	Y	N	N	N	N	N	N	N	N	N	N	0.0000	0.0000	0.0000	0.0000	0.0000	0.0000	0.0000	0.0000	0.0000	0.0000	0.0000	0.0000	0.0000	0.0015	0.0041	0.0000	0.0077	0.0090	0.0000	0.0000	0.0000	0.0000	0.0000	0.0000	-0.0001	3.3327	0.0000	4.3103	4.0000	0.0000	0.0000	0.0000	0.0000	0.0000	0.0000	0.0000	0.0000	0.0000	0.0001	0.0001	0.0000	0.0001	0.0001	0.0000	0.0000	0.0000	0.0000	0.0000	0.0000	0.0000	0.0000	0.0000	0.0000	0.0000	0.0000	0.0000	0.0850	0.0319	0.0532	0.0168	0.0144	0.0024	0.0682	0.0174	0.0508	0.0000	0.0000	0.0000	0.0000	0.0000	0.0000	0.0000	0.0000	0.0000	0.0015	0.0041	0.0000	0.0077	0.0090	0.0000	0.0000	0.0000	0.0000						
62	89	0.1881	6	0	2	0	0	0	0	0	0	N	Y	N	N	N	N	N	N	N	N	N	N	1.0922	0.4484	0.4727	0.4353	0.0005	0.0006	0.0000	0.0013	0.0014	0.0000	0.0000	0.0000	0.0000	0.0005	0.0013	0.0000	0.0027	0.0032	0.0000	0.0000	0.0000	0.0000	0.0000	0.0000	-0.0000	-0.0000	3.3327	3.0000	4.3103	2.0000	0.0002	0.0002	0.0000	0.0002	0.0002	0.0000	0.0000	0.0000	0.0000	0.0001	0.0001	0.0000	0.0001	0.0001	0.0000	0.0000	0.0000	0.0000	0.3612	0.3245	0.0367	0.1485	0.1382	0.0103	0.2128	0.1864	0.0264	0.1038	0.0383	0.0655	0.0185	0.0158	0.0026	0.0854	0.0225	0.0629	1.0922	0.4484	0.0000	0.4727	0.4353	0.0000	0.0000	0.0000	0.0000	0.0005	0.0013	0.0000	0.0027	0.0032	0.0000	0.0000	0.0000	0.0000					
62	90	0.1881	6	1	2	0	0	0	0	0	0	N	Y	N	N	N	N	N	N	N	N	N	N	0.0000	0.0000	0.0000	0.0000	0.0000	0.0000	0.0000	0.0000	0.0000	0.0000	0.0000	0.0000	0.0000	0.0073	0.0198	0.0000	0.0412	0.0480	0.0000	0.0000	0.0000	0.0000	0.0000	0.0000	-0.0006	3.3327	2.0000	4.3103	3.0000	0.0000	0.0000	0.0000	0.0000	0.0000	0.0000	0.0000	0.0000	0.0000	0.0008	0.0008	0.0000	0.0008	0.0008	0.0000	0.0000	0.0000	0.0000	0.2459	0.2207	0.0252	0.1010	0.0939	0.0071	0.1449	0.1267	0.0181	0.1038	0.0383	0.0655	0.0185	0.0158	0.0026	0.0854	0.0225	0.0629	0.0000	0.0000	0.0000	0.0000	0.0000	0.0000	0.0000	0.0000	0.0000	0.0073	0.0198	0.0000	0.0412	0.0480	0.0000	0.0000	0.0000	0.0000						
62	91	0.1722	5	0	1	0	0	0	0	0	0	N	N	N	N	N	N	N	N	N	N	N	N	0.3746	0.1674	0.0035	0.1654	0.1590	0.0004	0.0903	0.4010	0.0014	0.0635	0.0718	0.0000	0.1341	0.1470	0.0000	0.0002	0.0002	0.0000	0.1694	0.4288	0.0027	0.8107	0.9246	0.0525	0.0019	0.0005	0.0025	0.0000	0.0099	-0.0041	-0.0063	3.3327	2.0705	4.3103	0.0351	0.0205	0.0205	0.0000	0.0205	0.0205	0.0000	0.0000	0.0000	0.0000	0.0086	0.0085	0.0001	0.0085	0.0085	0.0000	0.0001	0.0000	0.0001	0.3237	0.2862	0.0376	0.1530	0.1395	0.0135	0.1707	0.1467	0.0241	0.0505	0.0198	0.0308	0.0105	0.0092	0.0013	0.0401	0.0106	0.0295	0.3746	0.1674	0.0035	0.1654	0.1590	0.0030	0.0903	20.1946	0.0014	0.1694	0.4288	0.0027	0.8107	0.9246	0.0068	0.0019	0.0000	0.0025
62	92	0.1468	4	0	1	0	0	0	0	0	0	N	N	N	N	N	N	N	N	N	N	N	N	0.4362	0.1844	3.8712	0.3781	0.2843	5.0277	0.1960	0.0046	2.1241	0.0773	0.0595	0.2205	0.1331	0.1105	0.3928	0.0234	0.0066	0.1258	0.1772	0.3226	0.0570	0.3520	0.3888	0.0781	0.1193	1.4538	0.0592	0.4617	0.2133	0.0054	-0.0098	3.3327	3.4249	4.3103	0.1413	0.0456	0.0312	0.0144	0.0386	0.0295	0.0091	0.0070	0.0017	0.0053	0.0170	0.0140	0.0030	0.0084	0.0084	0.0000	0.0086	0.0056	0.0030	0.5902	0.5249	0.0654	0.2902	0.2670	0.0232	0.3001	0.2579	0.0422	0.0960	0.0435	0.0525	0.0239	0.0216	0.0023	0.0721	0.0219	0.0502	0.4362	0.1844	3.8712	0.3781	0.2843	49.2354	0.1960	0.0258	2.1241	0.1772	0.3226	0.0570	0.3520	0.3888	0.0080	0.1193	0.2572	0.0592
62	98	0.2836	9	0	1	0	0	0	0	0	0	N	N	N	N	N	N	N	N	N	N	N	N	0.1537	0.1115	0.0000	7.6325	7.7967	0.0001	0.1327	0.0663	0.0000	0.4600	0.5204	0.0000	0.3188	0.3679	0.0000	0.6506	0.7171	0.0000	2.9916	4.6664	0.6402	0.0418	0.0472	0.1293	4.9045	10.8083	0.7462	0.0000	0.0977	-0.1182	-0.6927	3.3327	4.9999	4.3103	9.0821	0.5976	0.5976	0.0000	0.2380	0.2380	0.0000	0.3596	0.3596	0.0000	1.0497	0.9563	0.0934	0.0058	0.0055	0.0002	1.0439	0.9508	0.0932	1.2992	1.1484	0.1508	0.7465	0.6469	0.0996	0.5527	0.5015	0.0512	0.3509	0.2049	0.1460	0.1380	0.1170	0.0211	0.2129	0.0880	0.1249	0.1537	0.1115	0.0000	7.6325	7.7967	0.0009	0.1327	0.0663	0.0000	2.9916	4.6664	0.6402	0.0418	0.0472	0.0117	4.9045	10.8083	0.7462
63	64	0.1483	7	1	0	1	0	0	0	0	0	N	N	N	N	N	N	N	N	N	N	N	N	0.0000	0.0000	0.0000	0.0000	0.0000	0.0000	0.0000	0.0000	0.0000	0.0000	0.0000	0.0000	0.0000	0.0000	0.0000	0.0000	0.0000	0.0000	0.0000	0.0000	3.2669	0.0000	2.4507	1.0000	0.0000	0.0000	0.0000	0.0000	0.0000	0.0000	0.0000	0.0000	0.0000	0.0000	0.0000	0.0000	0.0000	0.0000	0.0000	0.0000	0.0000	0.0000	0.0000	0.0000	0.0000	0.0000	0.0000	0.0000	0.0000	0.0000	0.0000	0.0147	0.0057	0.0089	0.0035	0.0027	0.0007	0.0112	0.0030	0.0082	0.0000	0.0000	0.0000	0.0000	0.0000	0.0000	0.0000	0.0000	0.0000	0.0000	0.0000	0.0000	0.0000	0.0000	0.0000	0.0000	0.0000	0.0000											
63	65	0.1483	6	1	0	1	0	0	0	0	0	N	N	N	N	N	N	N	N	N	N	N	N	0.0000	0.0000	0.0000	0.0000	0.0000	0.0000	0.0000	0.0000	0.0000	0.0000	0.0000	0.0000	0.0000	0.0000	0.0000	0.0000	0.1974	0.3995	0.0020	0.4092	0.4125	0.0000	0.0020	0.0000	0.0020	0.0052	0.0000	-0.0000	3.2669	0.0000	2.4507	0.0001	0.0000	0.0000	0.0000	0.0000	0.0000	0.0000	0.0000	0.0000	0.0000	0.0000	0.0000	0.0000	0.0000	0.0000	0.0000	0.0000	0.0000	0.0000	0.0000	0.0000	0.0000	0.0000	0.0000	0.0000	0.0000	0.0000	0.0000	0.0000	0.0000	0.0000	0.0000	0.0000	0.0000	0.0000	0.0000	0.0000	0.0000	0.0000	0.0000	0.0000	0.0000	0.0000	0.0000	0.0000	0.0000	0.1974	0.3995	0.0020	0.4092	0.4125	0.0000	0.0020	0.0000	0.0020			
63	66	0.1360	5	1	0	1	0	0	0	0	0	N	N	N	N	N	N	N	N	N	N	N	N	0.0003	0.0001	0.0142	0.0002	0.0002	0.2855	0.0003	0.0724	0.0016	0.0000	0.0000	0.0000	0.0000	0.0000	0.0000	0.0000	0.0000	0.0000	0.0610	0.1426	0.0008	0.1969	0.2249	0.0001	0.0007	0.0000	0.0009	0.0591	0.0080	-0.0000	-0.0018	3.2669	1.9720	2.4507	0.0923	0.0000	0.0000	0.0000	0.0000	0.0000	0.0000	0.0000	0.0000	0.0000	0.0024	0.0024	0.0000	0.0024	0.0024	0.0000	0.0000	0.0000	0.0000	0.2313	0.2103	0.0209	0.1171	0.1112	0.0059	0.1142	0.0991	0.0151	0.0396	0.0168	0.0228	0.0122	0.0106	0.0015	0.0274	0.0061	0.0213	0.0003	0.0001	0.0142	0.0002	0.0002	0.3852	0.0003	0.0724	0.0016	0.0610	0.1426	0.0008	0.1969	0.2249	0.0001	0.0007	0.0000	0.0009
63	67	0.1145	4	1	0	1	0	0	0	0	0	N	N	N	N	N	N	N	N	N	N	N	N	0.1705	13.0581	0.0646	13.7711	10.6983	inf	0.0024	inf	0.0061	0.0076	0.0079	0.0048	0.0134	0.0134	0.0140	0.0001	0.0001	0.0005	0.0447	0.0006	0.0740	0.0010	0.0012	0.0000	0.0591	0.0000	0.0814	0.0590	184.0292	-0.0004	0.0006	3.2669	3.0650	2.4507	1.0636	0.0025	0.0024	0.0001	0.0025	0.0024	0.0001	0.0000	0.0000	0.0000	0.0024	0.0000	0.0024	0.0000	0.0000	0.0000	0.0024	0.0000	0.0024	0.3288	0.2996	0.0292	0.1856	0.1764	0.0093	0.1432	0.1233	0.0199	0.0542	0.0216	0.0325	0.0134	0.0105	0.0030	0.0407	0.0112	0.0296	0.1705	13.0581	0.0646	13.7711	10.6983	inf	0.0024	inf	0.0061	0.0447	0.0006	0.0740	0.0010	0.0012	0.0000	0.0591	0.0000	0.0814
63	68	0.1215	4	0	1	0	1	0	0	0	0	N	N	N	N	N	N	N	N	N	N	N	N	34.5924	3.7321	1410.1179	0.5949	0.4062	2.5299	452.4163	41.8090	2179.9207	0.6444	0.1392	5.3396	0.0393	0.0319	0.1411	1.1210	0.2287	7.6608	0.0186	0.0373	0.0038	0.0661	0.0786	0.0558	0.0025	0.0055	0.0035	4.1267	0.1277	0.2076	-0.0015	3.2669	2.7513	2.4507	4.0954	0.3419	0.0667	0.2752	0.0092	0.0070	0.0022	0.3327	0.0597	0.2730	0.0024	0.0021	0.0003	0.0021	0.0021	0.0000	0.0002	0.0000	0.0002	0.5306	0.4791	0.0515	0.2338	0.2179	0.0159	0.2968	0.2612	0.0356	0.1270	0.0562	0.0707	0.0322	0.0266	0.0056	0.0947	0.0296	0.0651	34.5924	3.7321	1410.1179	0.5949	0.4062	20.2700	452.4163	1165.1330	2179.9207	0.0186	0.0373	0.0038	0.0661	0.0786	0.0070	0.0025	0.0002	0.0035
63	69	0.0440	2	0	1	0	0	0	0	0	0	N	N	N	N	N	N	N	N	N	N	N	N	0.8066	73.3589	2.9717	87.6186	46.0581	inf	0.3692	1.5687	1.5881	0.5432	0.2606	2.9654	0.9132	0.4917	6.0678	0.2701	0.0804	1.5892	0.6734	0.0036	0.9979	0.0104	0.0107	0.0000	0.7317	0.0512	1.0007	1.3270	579.7976	0.2176	0.0424	3.2669	9.9334	2.4507	8.9999	0.5842	0.2511	0.3332	0.4170	0.2076	0.2095	0.1672	0.0435	0.1237	0.1702	0.0003	0.1699	0.0002	0.0002	0.0000	0.1700	0.0001	0.1699	1.0756	0.9632	0.1123	0.4567	0.4222	0.0345	0.6189	0.5411	0.0778	0.2528	0.0825	0.1703	0.0204	0.0200	0.0005	0.2323	0.0625	0.1698	0.8066	73.3589	2.9717	87.6186	46.0581	inf	0.3692	62.8345	1.5881	0.6734	0.0036	0.9979	0.0104	0.0107	0.0000	0.7317	0.0013	1.0007
63	70	0.0440	2	0	1	0	0	0	0	0	0	N	N	N	N	N	N	N	N	N	N	N	N	0.4723	38.0447	0.2546	11.4081	12.1282	inf	0.3245	3.4161	0.3042	0.4251	0.4512	0.3310	0.4834	0.5286	0.2734	0.3152	0.2815	0.3966	0.9002	0.0119	1.2999	0.0424	0.0436	0.0000	0.9712	0.0824	1.3039	0.2034	243.5823	-0.0012	0.0152	3.2669	0.0666	2.4507	4.0001	0.0415	0.0345	0.0070	0.0309	0.0278	0.0031	0.0107	0.0067	0.0039	0.0615	0.0003	0.0612	0.0002	0.0002	0.0000	0.0613	0.0000	0.0612	0.0977	0.0765	0.0212	0.0638	0.0525	0.0113	0.0338	0.0239	0.0099	0.0683	0.0212	0.0471	0.0052	0.0051	0.0001	0.0631	0.0161	0.0470	0.4723	38.0447	0.2546	11.4081	12.1282	inf	0.3245	151.2509	0.3042	0.9002	0.0119	1.2999	0.0424	0.0436	0.0000	0.9712	0.0019	1.3039
63	71	0.1145	4	0	1	0	0	0	0	0	0	N	N	N	N	N	N	N	N	N	N	N	N	0.0001	0.0064	0.0000	0.0000	0.0000	0.0001	inf	0.0000	0.0000	0.0001	0.0000	0.0000	0.0000	0.0000	0.0001	0.0001	0.0000	0.6003	0.0078	0.9945	0.0126	0.0162	0.0000	0.7941	0.0000	1.0953	0.0000	191.7179	-0.0000	0.0096	3.2669	2.0000	2.4507	3.0000	0.0000	0.0000	0.0000	0.0000	0.0000	0.0000	0.0000	0.0000	0.0000	0.0389	0.0002	0.0387	0.0002	0.0002	0.0000	0.0387	0.0000	0.0387	0.2187	0.1993	0.0194	0.1240	0.1179	0.0062	0.0947	0.0814	0.0132	0.0648	0.0259	0.0389	0.0161	0.0125	0.0036	0.0487	0.0134	0.0353	0.0001	0.0064	0.0000	0.0000	0.0000	0.0000	0.0001	inf	0.0000	0.6003	0.0078	0.9945	0.0126	0.0162	0.0000	0.7941	0.0000	1.0953	
63	72	0.0876	3	0	0	0	0	0	0	0	0	N	N	N	N	N	N	N	N	N	N	N	N	11.9255	57.3017	22.2774	38.0679	36.4367	298.5617	12.7684	2770.7176	47.2453	1.1645	0.8175	3.4575	0.8500	0.9759	0.0013	1.5862	0.6037	7.9132	0.0976	0.0143	0.1552	0.0223	0.0268	0.0000	0.1242	0.0002	0.1675	0.6399	15.7586	0.1929	0.0016	3.2669	4.7932	2.4507	0.2507	1.0025	0.6113	0.3912	0.4192	0.4191	0.0001	0.5833	0.1922	0.3911	0.0082	0.0005	0.0077	0.0005	0.0005	0.0000	0.0077	0.0000	0.0077	0.8609	0.7478	0.1131	0.4932	0.4295	0.0637	0.3677	0.3183	0.0494	0.0836	0.0341	0.0494	0.0218	0.0182	0.0036	0.0618	0.0160	0.0458	11.9255	57.3017	22.2774	38.0679	36.4367	298.5617	12.7684	107552.4033	47.2453	0.0976	0.0143	0.1552	0.0223	0.0268	0.0000	0.1242	0.0000	0.1675
63	73	0.0440	2	0	0	0	0	0	0	0	0	N	N	N	N	N	N	N	N	N	N	N	N	3.1540	48.2070	2.1715	14.0530	12.6114	29567.9381	2.8586	7.3596	1.1361	1.3952	1.3981	1.3726	1.4568	1.3431	2.6349	1.3461	1.4443	0.7203	0.4423	0.0290	0.6321	0.1037	0.1065	0.0001	0.4709	0.1963	0.6340	0.1271	47.4757	-0.0746	0.0128	3.2669	4.9764	2.4507	2.9948	0.8763	0.7775	0.0988	0.4057	0.3411	0.0646	0.4705	0.4364	0.0342	0.0555	0.0011	0.0544	0.0010	0.0010	0.0000	0.0545	0.0001	0.0544	0.6281	0.5561	0.0720	0.2785	0.2540	0.0245	0.3496	0.3021	0.0475	0.1255	0.0395	0.0860	0.0098	0.0095	0.0003	0.1158	0.0300	0.0858	3.1540	48.2070	2.1715	14.0530	12.6114	29567.9381	2.8586	322.5636	1.1361	0.4423	0.0290	0.6321	0.1037	0.1065	0.0001	0.4709	0.0045	0.6340
63	78	0.1676	6	1	1	0	1	0	0	0	0	N	N	N	N	N	N	N	N	N	N	N	N	0.0007	0.0001	0.0121	0.0003	0.0001	0.0142	0.0003	0.0000	0.0015	0.0000	0.0000	0.0000	0.0000	0.0000	0.0000	0.0000	0.0000	0.0000	0.0003	0.0006	0.0001	0.0014	0.0016	0.0003	0.0001	0.0000	0.0001	2.6059	0.3551	0.0000	-0.0000	3.2669	1.0000	2.4507	2.0144	0.0000	0.0000	0.0000	0.0000	0.0000	0.0000	0.0000	0.0000	0.0000	0.0000	0.0000	0.0000	0.0000	0.0000	0.0000	0.0000	0.0000	0.0000	0.1287	0.1152	0.0134	0.0519	0.0479	0.0040	0.0768	0.0673	0.0095	0.0503	0.0176	0.0327	0.0073	0.0060	0.0013	0.0430	0.0116	0.0314	0.0007	0.0001	0.0121	0.0003	0.0001	0.0233	0.0003	0.0000	0.0015	0.0003	0.0006	0.0001	0.0014	0.0016	0.0002	0.0001	0.0000	0.0001
63	79	0.1454	5	1	1	0	1	0	0	0	0	N	N	N	N	N	N	N	N	N	N	N	N	3.8820	1.9528	4.8355	10.8994	9.6673	0.0000	0.9443	0.0066	6.5856	0.0026	0.0027	0.0013	0.0054	0.0059	0.0000	0.0007	0.0005	0.0019	0.0007	0.0014	0.0003	0.0005	0.0006	0.0000	0.0007	0.0724	0.0003	0.0578	0.3742	-0.0000	-0.0000	3.2669	0.0001	2.4507	3.0180	0.0000	0.0000	0.0000	0.0000	0.0000	0.0000	0.0000	0.0000	0.0000	0.0000	0.0000	0.0000	0.0000	0.0000	0.0000	0.0000	0.0000	0.0000	0.0000	0.0000	0.0000	0.0000	0.0000	0.0000	0.0000	0.0000	0.0000	0.0499	0.0173	0.0326	0.0070	0.0057	0.0013	0.0430	0.0116	0.0314	3.8820	1.9528	4.8355	10.8994	9.6673	0.0000	0.9443	0.2674	6.5856	0.0007	0.0014	0.0003	0.0005	0.0006	0.0000	0.0007	0.0018	0.0003
63	80	0.1674	7	0	1	0	1	0	0	0	0	N	N	N	N	N	N	N	N	N	N	N	N	0.0000	0.0000	0.0000	0.0000	0.0000	0.0000	0.0000	0.0000	0.0000	0.0000	0.0000	0.0000	0.0000	0.0000	0.0000	0.0000	0.0000	0.0000	0.0000	0.0000	3.2669	0.0000	2.4507	0.0000	0.0000	0.0000	0.0000	0.0000	0.0000	0.0000	0.0000	0.0000	0.0000	0.0000	0.0000	0.0000	0.0000	0.0000	0.0000	0.0000	0.0000	0.0000	0.0000	0.0000	0.0000	0.0000	0.0000	0.0000	0.0000	0.0000	0.0000	0.0000	0.0000	0.0000	0.0000	0.0000	0.0000	0.0000	0.0000	0.0000	0.0000	0.0000	0.0000	0.0000	0.0000	0.0000	0.0000	0.0000	0.0000	0.0000	0.0000	0.0000	0.0000	0.0000	0.0000	0.0000	0.0000	0.0000											
63	81	0.1454	5	0	0	1	1	0	0	0	0	N	N	N	N	N	N	N	N	N	N	N	N	0.0000	0.0000	0.0000	0.0000	0.0000	0.0000	0.0000	0.0000	0.0000	0.0000	0.0000	0.0000	0.0000	0.0000	0.0000	0.0000	0.0000	0.0000	0.0000	0.0000	3.2669	2.0000	2.4507	0.0000	0.0000	0.0000	0.0000	0.0000	0.0000	0.0000	0.0000	0.0000	0.0000	0.0000	0.0000	0.0000	0.0000	0.0000	0.0000	0.0000	0.0000	0.0000	0.2517	0.2256	0.0261	0.1015	0.0938	0.0076	0.1502	0.1318	0.0184	0.0338	0.0117	0.0221	0.0047	0.0038	0.0008	0.0291	0.0078	0.0213	0.0000	0.0000	0.0000	0.0000	0.0000	0.0000	0.0000	0.0000	0.0000	0.0000	0.0000	0.0000	0.0000	0.0000	0.0000	0.0000	0.0000	0.0000											
63	82	0.1454	5	0	0	1	1	0	0	0	0	N	N	N	N	N	N	N	N	N	N	N	N	0.0000	0.0000	0.0000	0.0000	0.0000	0.0000	0.0000	0.0000	0.0000	0.0000	0.0000	0.0000	0.0000	0.0000	0.0000	0.0043	0.0115	0.0005	0.0000	0.0000	0.0000	0.0050	0.5156	0.0005	0.0769	0.0000	-0.0002	3.2669	0.0000	2.4507	4.0000	0.0000	0.0000	0.0000	0.0000	0.0000	0.0000	0.0000	0.0000	0.0000	0.0003	0.0003	0.0000	0.0000	0.0000	0.0000	0.0003	0.0003	0.0000	0.0000	0.0000	0.0000	0.0000	0.0000	0.0000	0.0000	0.0000	0.0000	0.0649	0.0226	0.0424	0.0091	0.0074	0.0017	0.0558	0.0151	0.0407	0.0000	0.0000	0.0000	0.0000	0.0000	0.0000	0.0000	0.0000	0.0000	0.0043	0.0115	0.0005	0.0000	0.0000	0.0000	0.0050	0.0172	0.0005				
63	83	0.1674	7	0	0	1	1	0	0	0	0	N	N	N	N	N	N	N	N	N	N	N	N	0.0000	0.0000	0.0000	0.0000	0.0000	0.0000	0.0000	0.0000	0.0000	0.0000	0.0000	0.0000	0.0000	0.0000	0.0000	0.0000	0.0036	0.0053	0.0027	0.0136	0.0171	0.0000	0.0021	0.0000	0.0028	1.0000	0.0000	-0.0000	3.2669	0.0000	2.4507	2.0000	0.0000	0.0000	0.0000	0.0000	0.0000	0.0000	0.0000	0.0000	0.0000	0.0001	0.0001	0.0001	0.0001	0.0001	0.0000	0.0001	0.0000	0.0001	0.0000	0.0000	0.0000	0.0000	0.0000	0.0000	0.0000	0.0000	0.0000	0.0335	0.0114	0.0222	0.0044	0.0035	0.0009	0.0291	0.0078	0.0213	0.0000	0.0000	0.0000	0.0000	0.0000	0.0000	0.0000	0.0000	0.0000	0.0036	0.0053	0.0027	0.0136	0.0171	0.0000	0.0021	0.0000	0.0028			
63	84	0.1601	6	0	0	0	1	0	0	0	0	N	N	N	N	N	N	N	N	N	N	N	N	0.0000	0.0000	0.0000	0.0000	0.0000	0.0000	0.0000	0.0000	0.0000	0.0000	0.0000	0.0000	0.0000	0.0000	0.0000	0.0000	0.0000	0.0024	0.0070	0.0000	0.0171	0.0212	0.0000	0.0000	0.0000	0.0000	0.0122	0.0000	-0.0000	3.2669	1.0000	2.4507	0.0015	0.0000	0.0000	0.0000	0.0000	0.0000	0.0000	0.0000	0.0000	0.0000	0.0000	0.0000	0.0000	0.0000	0.0000	0.0000	0.0000	0.0000	0.0000	0.1287	0.1152	0.0134	0.0519	0.0479	0.0040	0.0768	0.0673	0.0095	0.0174	0.0060	0.0115	0.0024	0.0020	0.0005	0.0150	0.0040	0.0110	0.0000	0.0000	0.0000	0.0000	0.0000	0.0000	0.0000	0.0000	0.0000	0.0024	0.0070	0.0000	0.0171	0.0212	0.0000	0.0000	0.0000	0.0000		
63	85	0.1454	5	0	0	0	1	0	0	0	0	N	N	N	N	N	N	N	N	N	N	N	N	0.0000	0.0000	0.0000	0.0000	0.0000	0.0000	0.0000	0.0000	0.0000	0.0000	0.0000	0.0000	0.0000	0.0000	0.0000	0.0000	0.0000	0.0024	0.0035	0.0019	0.0087	0.0106	0.0000	0.0014	0.0002	0.0020	1.0279	0.0000	-0.0000	3.2669	0.0000	2.4507	2.0013	0.0000	0.0000	0.0000	0.0000	0.0000	0.0000	0.0000	0.0000	0.0000	0.0001	0.0000	0.0000	0.0000	0.0000	0.0000	0.0000	0.0000	0.0000	0.0000	0.0000	0.0000	0.0000	0.0000	0.0000	0.0000	0.0000	0.0000	0.0338	0.0117	0.0221	0.0047	0.0038	0.0008	0.0291	0.0078	0.0213	0.0000	0.0000	0.0000	0.0000	0.0000	0.0000	0.0000	0.0000	0.0000	0.0024	0.0035	0.0019	0.0087	0.0106	0.0000	0.0014	0.0000	0.0020		
63	86	0.1853	5	1	1	0	0	0	0	0	0	N	N	N	N	N	N	N	N	N	N	N	N	3.6219	1.9698	4.3353	1.2140	1.2827	3.6302	105.5428	1.9061	3.6890	0.2594	0.2885	0.0092	0.2590	0.2894	0.0096	0.2602	0.2863	0.0080	0.0716	0.1465	0.0021	0.2134	0.2256	0.0027	0.0025	0.1502	0.0022	0.0037	0.0157	-0.0000	-0.0017	3.2669	0.0007	2.4507	0.9812	0.0001	0.0001	0.0000	0.0001	0.0001	0.0000	0.0000	0.0000	0.0000	0.0024	0.0023	0.0000	0.0023	0.0023	0.0000	0.0001	0.0000	0.0000	0.0004	0.0003	0.0000	0.0003	0.0002	0.0000	0.0001	0.0001	0.0000	0.0330	0.0159	0.0171	0.0108	0.0102	0.0006	0.0222	0.0057	0.0165	3.6219	1.9698	4.3353	1.2140	1.2827	14.9315	105.5428	86.9286	3.6890	0.0716	0.1465	0.0021	0.2134	0.2256	0.0006	0.0025	0.0033	0.0022
63	87	0.1294	4	1	1	0	0	0	0	0	0	N	N	N	N	N	N	N	N	N	N	N	N	2.0774	0.8747	0.8807	1.3958	1.2534	9.6687	1.4121	0.2934	0.2760	0.9309	1.0402	0.0288	1.5371	1.6724	0.0667	0.4659	0.5318	0.0094	0.4481	1.1891	0.0327	1.1013	1.3343	0.0069	0.3299	1.8123	0.0341	0.0034	0.0491	-0.1196	-0.0354	3.2669	5.0272	2.4507	2.1572	0.6148	0.6127	0.0021	0.4407	0.4391	0.0016	0.1741	0.1736	0.0004	0.0504	0.0480	0.0024	0.0190	0.0190	0.0000	0.0314	0.0290	0.0024	0.6604	0.5890	0.0713	0.2867	0.2625	0.0242	0.3737	0.3265	0.0472	0.1124	0.0404	0.0720	0.0172	0.0142	0.0030	0.0951	0.0262	0.0690	2.0774	0.8747	0.8807	1.3958	1.2534	54.6391	1.4121	0.4790	0.2760	0.4481	1.1891	0.0327	1.1013	1.3343	0.0012	0.3299	1.1102	0.0341
63	88	0.1827	6	0	1	0	0	0	0	0	0	N	N	N	N	N	N	N	N	N	N	N	N	0.0000	0.0000	0.0000	0.0000	0.0000	0.0000	0.0000	0.0000	0.0000	0.0000	0.0000	0.0000	0.0000	0.0000	0.0000	0.0000	0.0000	0.0021	0.0052	0.0005	0.0010	0.0012	0.0000	0.0024	0.2738	0.0005	0.1667	0.0000	-0.0001	3.2669	0.0000	2.4507	4.0000	0.0000	0.0000	0.0000	0.0000	0.0000	0.0000	0.0000	0.0000	0.0000	0.0001	0.0001	0.0000	0.0000	0.0000	0.0000	0.0001	0.0001	0.0000	0.0000	0.0000	0.0000	0.0000	0.0000	0.0000	0.0000	0.0000	0.0000	0.0652	0.0231	0.0421	0.0105	0.0086	0.0019	0.0547	0.0145	0.0402	0.0000	0.0000	0.0000	0.0000	0.0000	0.0000	0.0000	0.0000	0.0000	0.0021	0.0052	0.0005	0.0010	0.0012	0.0000	0.0024	0.0076	0.0005		
63	89	0.1454	5	0	1	0	0	0	0	0	0	N	N	N	N	N	N	N	N	N	N	N	N	1.2935	1.2567	0.0000	inf	inf	0.0000	0.0000	0.0000	0.0008	0.0009	0.0000	0.0020	0.0022	0.0000	0.0000	0.0000	0.0000	0.0006	0.0007	0.0006	0.0000	0.0000	0.0000	0.0007	0.0340	0.0006	0.0000	1.5000	-0.0001	-0.0000	3.2669	3.0000	2.4507	2.0000	0.0003	0.0003	0.0000	0.0003	0.0003	0.0000	0.0000	0.0000	0.0000	0.0001	0.0000	0.0000	0.0000	0.0000	0.0000	0.0001	0.0000	0.0000	0.3693	0.3314	0.0379	0.1488	0.1378	0.0111	0.2205	0.1936	0.0268	0.0796	0.0278	0.0519	0.0112	0.0092	0.0021	0.0684	0.0186	0.0498	1.2935	1.2567	0.0000	inf	inf	0.0000	0.0000	0.0000	0.0000	0.0006	0.0007	0.0006	0.0000	0.0000	0.0000	0.0007	0.0011	0.0006	
63	90	0.1454	5	1	1	0	0	0	0	0	0	N	N	N	N	N	N	N	N	N	N	N	N	0.0000	0.0000	0.0000	0.0000	0.0000	0.0000	0.0000	0.0000	0.0000	0.0000	0.0000	0.0000	0.0000	0.0000	0.0000	0.0000	0.0000	0.0097	0.0155	0.0066	0.0009	0.0011	0.0000	0.0111	0.5970	0.0068	0.7907	0.0000	-0.0002	3.2669	2.0000	2.4507	3.0000	0.0000	0.0000	0.0000	0.0000	0.0000	0.0000	0.0000	0.0000	0.0000	0.0008	0.0004	0.0003	0.0000	0.0000	0.0000	0.0008	0.0004	0.0003	0.2517	0.2256	0.0261	0.1015	0.0938	0.0076	0.1502	0.1318	0.0184	0.0796	0.0278	0.0519	0.0112	0.0092	0.0021	0.0684	0.0186	0.0498	0.0000	0.0000	0.0000	0.0000	0.0000	0.0000	0.0000	0.0000	0.0000	0.0097	0.0155	0.0066	0.0009	0.0011	0.0000	0.0111	0.0226	0.0068		
63	91	0.1294	4	0	0	0	0	0	0	0	0	N	N	N	N	N	N	N	N	N	N	N	N	7.9013	3.9081	23.9033	2.4666	2.6793	0.1536	34.2871	372.3351	65.9273	0.1059	0.1001	0.1477	0.1791	0.1752	0.2134	0.0395	0.0290	0.1044	0.0134	0.0256	0.0062	0.0726	0.0654	1.3895	0.0012	0.0001	0.0016	0.2033	0.4082	-0.0010	-0.0002	3.2669	2.0705	2.4507	0.0351	0.0356	0.0296	0.0060	0.0287	0.0252	0.0035	0.0070	0.0044	0.0026	0.0005	0.0004	0.0001	0.0005	0.0004	0.0001	0.0000	0.0000	0.0000	0.3367	0.2959	0.0408	0.1601	0.1439	0.0162	0.1766	0.1520	0.0246	0.0385	0.0143	0.0242	0.0066	0.0056	0.0010	0.0319	0.0087	0.0232	7.9013	3.9081	23.9033	2.4666	2.6793	1.8877	34.2871	11885.0012	65.9273	0.0134	0.0256	0.0062	0.0726	0.0654	0.1131	0.0012	0.0000	0.0016
63	92	0.1040	3	0	0	0	0	0	0	0	0	N	N	N	N	N	N	N	N	N	N	N	N	9.1812	4.4867	45.7355	4.8981	3.8955	11.2655	9.7776	0.1685	32.1890	0.1391	0.1173	0.3024	0.2041	0.1799	0.4418	0.0753	0.0522	0.2140	0.0152	0.0261	0.0066	0.0417	0.0462	0.0392	0.0077	0.3096	0.0066	0.3446	0.3255	0.0050	-0.0006	3.2669	3.4249	2.4507	0.1413	0.0856	0.0636	0.0219	0.0622	0.0497	0.0124	0.0234	0.0139	0.0095	0.0011	0.0008	0.0003	0.0007	0.0007	0.0000	0.0004	0.0002	0.0003	0.6150	0.5425	0.0725	0.3046	0.2765	0.0281	0.3104	0.2660	0.0444	0.0732	0.0320	0.0412	0.0161	0.0143	0.0018	0.0572	0.0178	0.0394	9.1812	4.4867	45.7355	4.8981	3.8955	76.4500	9.7776	5.1950	32.1890	0.0152	0.0261	0.0066	0.0417	0.0462	0.0058	0.0077	0.0100	0.0066
63	98	0.2409	8	0	0	0	0	0	0	0	0	N	N	N	N	N	N	N	N	N	N	N	N	12.4275	14.9294	0.4063	24.8881	26.2681	0.1012	11.2315	0.7899	0.6141	0.5460	0.6130	0.0195	0.4552	0.5155	0.0117	0.6822	0.7563	0.0332	0.0439	0.0411	0.0480	0.0183	0.0196	0.1153	0.0607	0.9574	0.0541	0.0040	0.8258	-0.1448	-0.0036	3.2669	4.9999	2.4507	9.0821	0.7470	0.7440	0.0030	0.3735	0.3724	0.0011	0.3735	0.3716	0.0019	0.0122	0.0067	0.0055	0.0020	0.0018	0.0002	0.0102	0.0048	0.0053	1.3680	1.2136	0.1544	0.8206	0.7223	0.0983	0.5474	0.4913	0.0561	0.2770	0.1624	0.1147	0.1097	0.0936	0.0161	0.1674	0.0688	0.0986	12.4275	14.9294	0.4063	24.8881	26.2681	1.1107	11.2315	10.7700	0.6141	0.0439	0.0411	0.0480	0.0183	0.0196	0.0105	0.0607	0.0702	0.0541
64	68	0.1874	8	1	1	1	1	0	0	0	0	N	N	N	N	N	N	N	N	N	N	N	N	0.0000	0.0000	0.0000	0.0000	0.0000	0.0000	0.0000	0.0000	0.0000	0.0000	0.0000	0.0000	0.0000	0.0000	0.0000	55.2291	0.0000	85.3525	0.0053	0.0000	6.9062	61.7158	0.0000	85.5665	inf	0.0000	0.2508	0.0000	2.7513	1.0000	4.0954	0.0000	0.0000	0.0000	0.0000	0.0000	0.0000	0.0000	0.0000	0.0000	0.9990	0.0000	0.9990	0.0000	0.0000	0.0000	0.9990	0.0000	0.9990	0.0000	0.0000	0.0000	0.0000	0.0000	0.0000	0.0000	0.0000	0.0000	0.0181	0.0064	0.0117	0.0019	0.0019	0.0000	0.0162	0.0045	0.0117	0.0000	0.0000	0.0000	0.0000	0.0000	0.0000	0.0000	0.0000	0.0000	55.2291	0.0000	85.3525	0.0053	0.0000	0.3402	61.7158	0.0000	85.5665				
64	69	0.1099	6	1	1	1	0	0	0	0	0	N	N	N	N	N	N	N	N	N	N	N	N	0.0000	0.0000	0.0000	0.0000	0.0000	0.0000	0.0000	0.0000	0.0000	0.0000	0.0000	0.0000	0.0000	0.0000	0.0000	0.0000	0.0000	0.0000	0.0000	0.0000	0.0000	9.9334	1.0000	8.9999	0.0000	0.0000	0.0000	0.0000	0.0000	0.0000	0.0000	0.0000	0.0000	0.0000	0.0000	0.0000	0.0000	0.0000	0.0000	0.0000	0.0000	0.0000	0.0000	0.0000	0.0000	0.0000	0.0000	0.0000	0.0000	0.0000	0.0000	0.0381	0.0126	0.0254	0.0053	0.0035	0.0018	0.0328	0.0092	0.0236	0.0000	0.0000	0.0000	0.0000	0.0000	0.0000	0.0000	0.0000	0.0000	0.0000	0.0000	0.0000	0.0000	0.0000	0.0000	0.0000	0.0000	0.0000											
64	70	0.1099	6	1	1	1	0	0	0	0	0	N	N	N	N	N	N	N	N	N	N	N	N	0.0000	0.0000	0.0000	0.0000	0.0000	0.0000	0.0000	0.0000	0.0000	0.0000	0.0000	0.0000	0.0000	0.0000	0.0000	0.0000	0.0000	0.0000	0.0000	0.0000	0.0000	0.0666	1.0000	4.0001	0.0000	0.0000	0.0000	0.0000	0.0000	0.0000	0.0000	0.0000	0.0000	0.0000	0.0000	0.0000	0.0000	0.0000	0.0000	0.0000	0.0000	0.0000	0.0000	0.0000	0.0000	0.0000	0.0000	0.0000	0.0000	0.0000	0.0000	0.0109	0.0036	0.0073	0.0016	0.0011	0.0005	0.0093	0.0025	0.0068	0.0000	0.0000	0.0000	0.0000	0.0000	0.0000	0.0000	0.0000	0.0000	0.0000	0.0000	0.0000	0.0000	0.0000	0.0000	0.0000	0.0000	0.0000											
64	71	0.0394	4	1	1	1	0	0	0	0	0	N	N	N	N	N	N	N	N	N	N	N	N	0.0000	0.0000	0.0000	0.0000	0.0000	0.0000	0.0000	0.0000	0.0000	0.0000	0.0000	0.0000	0.0000	0.0000	0.0000	0.0000	0.0000	0.0000	0.0000	0.0000	0.0000	2.0000	1.0000	3.0000	0.0000	0.0000	0.0000	0.0000	0.0000	0.0000	0.0000	0.0000	0.0000	0.0000	0.0000	0.0000	0.0000	0.0000	0.0000	0.0000	0.0000	0.0000	0.0000	0.0000	0.0000	0.0000	0.0000	0.0000	0.0000	0.0000	0.0000	0.0135	0.0032	0.0103	0.0000	0.0000	0.0000	0.0135	0.0032	0.0103	0.0000	0.0000	0.0000	0.0000	0.0000	0.0000	0.0000	0.0000	0.0000	0.0000	0.0000	0.0000	0.0000	0.0000	0.0000	0.0000	0.0000	0.0000											
64	74	0.1299	7	1	1	1	0	0	0	0	0	N	N	N	N	N	N	N	N	N	N	N	N	0.0000	0.0000	0.0000	0.0000	0.0000	0.0000	0.0000	0.0000	0.0000	0.0000	0.0000	0.0000	0.0000	0.0000	0.0000	0.0000	0.0000	0.0000	0.0000	0.0000	0.0000	1.8678	1.0000	4.6278	0.0000	0.0000	0.0000	0.0000	0.0000	0.0000	0.0000	0.0000	0.0000	0.0000	0.0000	0.0000	0.0000	0.0000	0.0000	0.0000	0.0000	0.0000	0.0000	0.0000	0.0000	0.0000	0.0000	0.0000	0.0000	0.0000	0.0000	0.0161	0.0062	0.0099	0.0037	0.0029	0.0008	0.0124	0.0033	0.0091	0.0000	0.0000	0.0000	0.0000	0.0000	0.0000	0.0000	0.0000	0.0000	0.0000	0.0000	0.0000	0.0000	0.0000	0.0000	0.0000	0.0000	0.0000											
64	75	0.1099	6	1	0	1	0	0	0	0	0	N	N	N	N	N	N	N	N	N	N	N	N	0.0000	0.0000	0.0000	0.0000	0.0000	0.0000	0.0000	0.0000	0.0000	0.0000	0.0000	0.0000	0.0000	0.0000	0.0000	0.0000	0.0000	0.0000	0.0000	0.0000	0.0000	4.7010	1.0000	0.6064	0.0000	0.0000	0.0000	0.0000	0.0000	0.0000	0.0000	0.0000	0.0000	0.0000	0.0000	0.0000	0.0000	0.0000	0.0000	0.0000	0.0000	0.0000	0.0000	0.0000	0.0000	0.0000	0.0000	0.0000	0.0000	0.0000	0.0000	0.0138	0.0045	0.0093	0.0020	0.0014	0.0007	0.0118	0.0032	0.0086	0.0000	0.0000	0.0000	0.0000	0.0000	0.0000	0.0000	0.0000	0.0000	0.0000	0.0000	0.0000	0.0000	0.0000	0.0000	0.0000	0.0000	0.0000											
64	78	0.2335	10	2	1	1	1	0	0	0	0	Y	N	N	N	N	N	N	N	N	N	N	N	0.0000	0.0000	0.0000	0.0000	0.0000	0.0000	0.0000	0.0000	0.0000	0.0000	0.0000	0.0000	0.0000	0.0000	0.0000	0.0000	0.0000	0.0000	0.0000	0.0000	0.0000	1.0000	1.0000	2.0144	0.0000	0.0000	0.0000	0.0000	0.0000	0.0000	0.0000	0.0000	0.0000	0.0000	0.0000	0.0000	0.0000	0.0000	0.0000	0.0000	0.0000	0.0000	0.0000	0.0000	0.0000	0.0000	0.0000	0.0000	0.0000	0.0000	0.0000	0.0075	0.0022	0.0053	0.0006	0.0003	0.0002	0.0070	0.0019	0.0051	0.0000	0.0000	0.0000	0.0000	0.0000	0.0000	0.0000	0.0000	0.0000	0.0000	0.0000	0.0000	0.0000	0.0000	0.0000	0.0000	0.0000	0.0000											
64	79	0.2113	9	2	1	1	1	0	0	0	0	Y	N	N	N	N	N	N	N	N	N	N	N	0.0000	0.0000	0.0000	0.0000	0.0000	0.0000	0.0000	0.0000	0.0000	0.0000	0.0000	0.0000	0.0000	0.0000	0.0000	0.0000	0.0000	0.0000	0.0000	0.0000	0.0000	0.0001	1.0000	3.0180	0.0000	0.0000	0.0000	0.0000	0.0000	0.0000	0.0000	0.0000	0.0000	0.0000	0.0000	0.0000	0.0000	0.0000	0.0000	0.0000	0.0000	0.0000	0.0000	0.0000	0.0000	0.0000	0.0000	0.0000	0.0000	0.0000	0.0000	0.0075	0.0022	0.0053	0.0005	0.0003	0.0002	0.0070	0.0019	0.0051	0.0000	0.0000	0.0000	0.0000	0.0000	0.0000	0.0000	0.0000	0.0000	0.0000	0.0000	0.0000	0.0000	0.0000	0.0000	0.0000	0.0000	0.0000											
64	80	0.2333	11	1	1	1	1	0	0	0	0	N	N	N	N	N	N	N	N	N	N	N	N	0.0000	0.0000	0.0000	0.0000	0.0000	0.0000	0.0000	0.0000	0.0000	0.0000	0.0000	0.0000	0.0000	0.0000	0.0000	0.0000	0.0000	0.0000	0.0000	0.0000	0.0000	0.0000	1.0000	0.0000	0.0000	0.0000	0.0000	0.0000	0.0000	0.0000	0.0000	0.0000	0.0000	0.0000	0.0000	0.0000	0.0000	0.0000	0.0000	0.0000	0.0000	0.0000	0.0000	0.0000	0.0000	0.0000	0.0000	0.0000	0.0000	0.0000	0.0000	0.0000	0.0000	0.0000	0.0000	0.0000	0.0000	0.0000	0.0000	0.0000	0.0000	0.0000	0.0000	0.0000	0.0000	0.0000	0.0000	0.0000	0.0000	0.0000	0.0000	0.0000	0.0000	0.0000	0.0000	0.0000	0.0000	0.0000											
64	81	0.2113	9	1	0	2	1	0	0	0	0	N	N	Y	N	N	N	N	N	N	N	N	N	0.0000	0.0000	0.0000	0.0000	0.0000	0.0000	0.0000	0.0000	0.0000	0.0000	0.0000	0.0000	0.0000	0.0000	0.0000	0.0000	0.0000	0.0000	0.0000	0.0000	0.0000	2.0000	1.0000	0.0000	0.0000	0.0000	0.0000	0.0000	0.0000	0.0000	0.0000	0.0000	0.0000	0.0000	0.0000	0.0000	0.0000	0.0000	0.0000	0.0000	0.0000	0.0000	0.0000	0.0000	0.0000	0.0000	0.0000	0.0000	0.0000	0.0000	0.0000	0.0051	0.0015	0.0036	0.0003	0.0002	0.0001	0.0047	0.0013	0.0034	0.0000	0.0000	0.0000	0.0000	0.0000	0.0000	0.0000	0.0000	0.0000	0.0000	0.0000	0.0000	0.0000	0.0000	0.0000	0.0000	0.0000	0.0000											
64	82	0.2113	9	1	0	2	1	0	0	0	0	N	N	Y	N	N	N	N	N	N	N	N	N	0.0000	0.0000	0.0000	0.0000	0.0000	0.0000	0.0000	0.0000	0.0000	0.0000	0.0000	0.0000	0.0000	0.0000	0.0000	0.0000	0.0000	0.0000	0.0000	0.0000	0.0000	0.0000	1.0000	4.0000	0.0000	0.0000	0.0000	0.0000	0.0000	0.0000	0.0000	0.0000	0.0000	0.0000	0.0000	0.0000	0.0000	0.0000	0.0000	0.0000	0.0000	0.0000	0.0000	0.0000	0.0000	0.0000	0.0000	0.0000	0.0000	0.0000	0.0000	0.0097	0.0028	0.0069	0.0006	0.0004	0.0003	0.0090	0.0025	0.0066	0.0000	0.0000	0.0000	0.0000	0.0000	0.0000	0.0000	0.0000	0.0000	0.0000	0.0000	0.0000	0.0000	0.0000	0.0000	0.0000	0.0000	0.0000											
64	83	0.2333	11	1	0	2	1	0	0	0	0	N	N	Y	N	N	N	N	N	N	N	N	N	0.0000	0.0000	0.0000	0.0000	0.0000	0.0000	0.0000	0.0000	0.0000	0.0000	0.0000	0.0000	0.0000	0.0000	0.0000	0.0000	0.0000	0.0000	0.0000	0.0000	0.0000	0.0000	1.0000	2.0000	0.0000	0.0000	0.0000	0.0000	0.0000	0.0000	0.0000	0.0000	0.0000	0.0000	0.0000	0.0000	0.0000	0.0000	0.0000	0.0000	0.0000	0.0000	0.0000	0.0000	0.0000	0.0000	0.0000	0.0000	0.0000	0.0000	0.0000	0.0050	0.0014	0.0036	0.0003	0.0002	0.0002	0.0047	0.0013	0.0034	0.0000	0.0000	0.0000	0.0000	0.0000	0.0000	0.0000	0.0000	0.0000	0.0000	0.0000	0.0000	0.0000	0.0000	0.0000	0.0000	0.0000	0.0000											
64	84	0.2260	10	1	0	1	1	0	0	0	0	N	N	N	N	N	N	N	N	N	N	N	N	0.0000	0.0000	0.0000	0.0000	0.0000	0.0000	0.0000	0.0000	0.0000	0.0000	0.0000	0.0000	0.0000	0.0000	0.0000	0.0000	0.0000	0.0000	0.0000	0.0000	0.0000	1.0000	1.0000	0.0015	0.0000	0.0000	0.0000	0.0000	0.0000	0.0000	0.0000	0.0000	0.0000	0.0000	0.0000	0.0000	0.0000	0.0000	0.0000	0.0000	0.0000	0.0000	0.0000	0.0000	0.0000	0.0000	0.0000	0.0000	0.0000	0.0000	0.0000	0.0026	0.0008	0.0019	0.0002	0.0001	0.0001	0.0024	0.0006	0.0018	0.0000	0.0000	0.0000	0.0000	0.0000	0.0000	0.0000	0.0000	0.0000	0.0000	0.0000	0.0000	0.0000	0.0000	0.0000	0.0000	0.0000	0.0000											
64	85	0.2113	9	1	0	1	1	0	0	0	0	N	N	N	N	N	N	N	N	N	N	N	N	0.0000	0.0000	0.0000	0.0000	0.0000	0.0000	0.0000	0.0000	0.0000	0.0000	0.0000	0.0000	0.0000	0.0000	0.0000	0.0000	0.0000	0.0000	0.0000	0.0000	0.0000	0.0000	1.0000	2.0013	0.0000	0.0000	0.0000	0.0000	0.0000	0.0000	0.0000	0.0000	0.0000	0.0000	0.0000	0.0000	0.0000	0.0000	0.0000	0.0000	0.0000	0.0000	0.0000	0.0000	0.0000	0.0000	0.0000	0.0000	0.0000	0.0000	0.0000	0.0051	0.0015	0.0036	0.0003	0.0002	0.0001	0.0047	0.0013	0.0034	0.0000	0.0000	0.0000	0.0000	0.0000	0.0000	0.0000	0.0000	0.0000	0.0000	0.0000	0.0000	0.0000	0.0000	0.0000	0.0000	0.0000	0.0000											
64	86	0.2512	9	2	1	1	0	0	0	0	0	Y	N	N	N	N	N	N	N	N	N	N	N	0.0000	0.0000	0.0000	0.0000	0.0000	0.0000	0.0000	0.0000	0.0000	0.0000	0.0000	0.0000	0.0000	0.0000	0.0000	0.0000	0.0000	0.0000	0.0000	0.0000	0.0000	0.0007	1.0000	0.9812	0.0000	0.0000	0.0000	0.0000	0.0000	0.0000	0.0000	0.0000	0.0000	0.0000	0.0000	0.0000	0.0000	0.0000	0.0000	0.0000	0.0000	0.0000	0.0000	0.0000	0.0000	0.0000	0.0000	0.0000	0.0000	0.0000	0.0000	0.0056	0.0026	0.0029	0.0017	0.0017	0.0001	0.0038	0.0010	0.0029	0.0000	0.0000	0.0000	0.0000	0.0000	0.0000	0.0000	0.0000	0.0000	0.0000	0.0000	0.0000	0.0000	0.0000	0.0000	0.0000	0.0000	0.0000											
64	87	0.1954	8	2	1	1	0	0	0	0	0	Y	N	N	N	N	N	N	N	N	N	N	N	0.0000	0.0000	0.0000	0.0000	0.0000	0.0000	0.0000	0.0000	0.0000	0.0000	0.0000	0.0000	0.0000	0.0000	0.0000	0.0000	0.0000	0.0000	0.0000	0.0000	0.0000	5.0272	1.0000	2.1572	0.0000	0.0000	0.0000	0.0000	0.0000	0.0000	0.0000	0.0000	0.0000	0.0000	0.0000	0.0000	0.0000	0.0000	0.0000	0.0000	0.0000	0.0000	0.0000	0.0000	0.0000	0.0000	0.0000	0.0000	0.0000	0.0000	0.0000	0.0166	0.0050	0.0116	0.0012	0.0008	0.0004	0.0154	0.0042	0.0112	0.0000	0.0000	0.0000	0.0000	0.0000	0.0000	0.0000	0.0000	0.0000	0.0000	0.0000	0.0000	0.0000	0.0000	0.0000	0.0000	0.0000	0.0000											
64	88	0.2486	10	1	1	1	0	0	0	0	0	N	N	N	N	N	N	N	N	N	N	N	N	0.0000	0.0000	0.0000	0.0000	0.0000	0.0000	0.0000	0.0000	0.0000	0.0000	0.0000	0.0000	0.0000	0.0000	0.0000	0.0000	0.0000	0.0000	0.0000	0.0000	0.0000	0.0000	1.0000	4.0000	0.0000	0.0000	0.0000	0.0000	0.0000	0.0000	0.0000	0.0000	0.0000	0.0000	0.0000	0.0000	0.0000	0.0000	0.0000	0.0000	0.0000	0.0000	0.0000	0.0000	0.0000	0.0000	0.0000	0.0000	0.0000	0.0000	0.0000	0.0097	0.0029	0.0068	0.0009	0.0006	0.0003	0.0088	0.0023	0.0065	0.0000	0.0000	0.0000	0.0000	0.0000	0.0000	0.0000	0.0000	0.0000	0.0000	0.0000	0.0000	0.0000	0.0000	0.0000	0.0000	0.0000	0.0000											
64	89	0.2113	9	1	1	1	0	0	0	0	0	N	N	N	N	N	N	N	N	N	N	N	N	0.0000	0.0000	0.0000	0.0000	0.0000	0.0000	0.0000	0.0000	0.0000	0.0000	0.0000	0.0000	0.0000	0.0000	0.0000	0.0000	0.0000	0.0000	0.0000	0.0000	0.0000	3.0000	1.0000	2.0000	0.0000	0.0000	0.0000	0.0000	0.0000	0.0000	0.0000	0.0000	0.0000	0.0000	0.0000	0.0000	0.0000	0.0000	0.0000	0.0000	0.0000	0.0000	0.0000	0.0000	0.0000	0.0000	0.0000	0.0000	0.0000	0.0000	0.0000	0.0119	0.0035	0.0084	0.0008	0.0005	0.0003	0.0111	0.0030	0.0081	0.0000	0.0000	0.0000	0.0000	0.0000	0.0000	0.0000	0.0000	0.0000	0.0000	0.0000	0.0000	0.0000	0.0000	0.0000	0.0000	0.0000	0.0000											
64	90	0.2113	9	2	1	1	0	0	0	0	0	Y	N	N	N	N	N	N	N	N	N	N	N	0.0000	0.0000	0.0000	0.0000	0.0000	0.0000	0.0000	0.0000	0.0000	0.0000	0.0000	0.0000	0.0000	0.0000	0.0000	0.0000	0.0000	0.0000	0.0000	0.0000	0.0000	2.0000	1.0000	3.0000	0.0000	0.0000	0.0000	0.0000	0.0000	0.0000	0.0000	0.0000	0.0000	0.0000	0.0000	0.0000	0.0000	0.0000	0.0000	0.0000	0.0000	0.0000	0.0000	0.0000	0.0000	0.0000	0.0000	0.0000	0.0000	0.0000	0.0000	0.0119	0.0035	0.0084	0.0008	0.0005	0.0003	0.0111	0.0030	0.0081	0.0000	0.0000	0.0000	0.0000	0.0000	0.0000	0.0000	0.0000	0.0000	0.0000	0.0000	0.0000	0.0000	0.0000	0.0000	0.0000	0.0000	0.0000											
64	91	0.1954	8	1	0	1	0	0	0	0	0	N	N	N	N	N	N	N	N	N	N	N	N	0.0000	0.0000	0.0000	0.0000	0.0000	0.0000	0.0000	0.0000	0.0000	0.0000	0.0000	0.0000	0.0000	0.0000	0.0000	0.0000	0.0000	0.0000	0.0000	0.0000	0.0000	2.0705	1.0000	0.0351	0.0000	0.0000	0.0000	0.0000	0.0000	0.0000	0.0000	0.0000	0.0000	0.0000	0.0000	0.0000	0.0000	0.0000	0.0000	0.0000	0.0000	0.0000	0.0000	0.0000	0.0000	0.0000	0.0000	0.0000	0.0000	0.0000	0.0000	0.0056	0.0018	0.0039	0.0005	0.0004	0.0001	0.0051	0.0014	0.0037	0.0000	0.0000	0.0000	0.0000	0.0000	0.0000	0.0000	0.0000	0.0000	0.0000	0.0000	0.0000	0.0000	0.0000	0.0000	0.0000	0.0000	0.0000											
64	92	0.1700	7	1	0	1	0	0	0	0	0	N	N	N	N	N	N	N	N	N	N	N	N	0.0000	0.0000	0.0000	0.0000	0.0000	0.0000	0.0000	0.0000	0.0000	0.0000	0.0000	0.0000	0.0000	0.0010	0.0029	0.0000	0.0083	0.0102	0.0000	0.0000	0.0000	0.0000	0.0000	0.0000	-0.0000	0.0000	3.4249	1.0000	0.1413	0.0000	0.0000	0.0000	0.0000	0.0000	0.0000	0.0000	0.0000	0.0000	0.0000	0.0000	0.0000	0.0000	0.0000	0.0000	0.0000	0.0000	0.0000	0.0000	0.0000	0.0000	0.0000	0.0000	0.0000	0.0000	0.0000	0.0000	0.0100	0.0034	0.0065	0.0012	0.0010	0.0002	0.0088	0.0025	0.0063	0.0000	0.0000	0.0000	0.0000	0.0000	0.0000	0.0000	0.0000	0.0000	0.0010	0.0029	0.0000	0.0083	0.0102	0.0000	0.0000	0.0000	0.0000						
64	98	0.3068	12	1	0	1	0	0	0	0	0	N	N	N	N	N	N	N	N	N	N	N	N	0.0000	0.0000	0.0000	0.0000	0.0000	0.0000	0.0000	0.0000	0.0000	0.0000	0.0000	0.0000	0.0000	0.0008	0.0014	0.0000	0.0023	0.0024	0.0000	0.0000	0.0000	0.0000	0.0000	0.0000	-0.0000	0.0000	4.9999	1.0000	9.0821	0.0000	0.0000	0.0000	0.0000	0.0000	0.0000	0.0000	0.0000	0.0000	0.0000	0.0000	0.0000	0.0000	0.0000	0.0000	0.0000	0.0000	0.0000	0.0000	0.0000	0.0000	0.0000	0.0000	0.0000	0.0000	0.0000	0.0000	0.0396	0.0214	0.0182	0.0130	0.0122	0.0007	0.0266	0.0092	0.0174	0.0000	0.0000	0.0000	0.0000	0.0000	0.0000	0.0000	0.0000	0.0000	0.0008	0.0014	0.0000	0.0023	0.0024	0.0000	0.0000	0.0000	0.0000						
65	68	0.1819	7	1	1	1	1	0	0	0	0	N	N	N	N	N	N	N	N	N	N	N	N	0.0000	0.0000	0.0000	0.0000	0.0000	0.0000	0.0000	0.0000	0.0000	0.0000	0.0000	0.0000	0.0000	0.1265	0.0000	0.2492	0.0000	0.0000	0.0000	0.2431	0.0000	0.2492	inf	0.0000	0.0000	0.0000	2.7513	0.0001	4.0954	0.0000	0.0000	0.0000	0.0000	0.0000	0.0000	0.0000	0.0000	0.0000	0.0000	0.0000	0.0000	0.0000	0.0000	0.0000	0.0000	0.0000	0.0000	0.0000	0.0000	0.0000	0.0000	0.0000	0.0000	0.0000	0.0000	0.0000	0.0000	0.0000	0.0000	0.0000	0.0000	0.0000	0.0000	0.0000	0.0000	0.0000	0.0000	0.0000	0.0000	0.0000	0.0000	0.0000	0.0000	0.0000	0.1265	0.0000	0.2492	0.0000	0.0000	0.0000	0.2431	0.0000	0.2492						
65	69	0.1043	5	1	1	1	0	0	0	0	0	N	N	N	N	N	N	N	N	N	N	N	N	0.0000	0.0000	0.0000	0.0000	0.0000	0.0000	0.0000	0.0000	0.0000	0.0000	0.0000	0.0000	0.0000	2.1013	4.3211	0.0000	4.4653	4.5025	0.0000	0.0000	0.0000	0.0000	0.0000	0.0000	-0.0001	0.0000	9.9334	0.0001	8.9999	0.0000	0.0000	0.0000	0.0000	0.0000	0.0000	0.0000	0.0000	0.0000	0.0001	0.0001	0.0000	0.0001	0.0001	0.0000	0.0000	0.0000	0.0000	0.0000	0.0000	0.0000	0.0000	0.0000	0.0000	0.0000	0.0000	0.0000	0.0000	0.0000	0.0000	0.0000	0.0000	0.0000	0.0000	0.0000	0.0000	0.0000	0.0000	0.0000	0.0000	0.0000	0.0000	0.0000	0.0000	0.0000	2.1013	4.3211	0.0000	4.4653	4.5025	0.0000	0.0000	0.0000	0.0000						
65	70	0.1043	5	1	1	1	0	0	0	0	0	N	N	N	N	N	N	N	N	N	N	N	N	0.0000	0.0000	0.0000	0.0000	0.0000	0.0000	0.0000	0.0000	0.0000	0.0000	0.0000	0.0000	0.0000	6.8729	14.1183	0.0000	14.5309	14.6408	0.0000	0.0000	0.0000	0.0000	0.0000	0.0000	-0.0001	0.0000	0.0666	0.0001	4.0001	0.0000	0.0000	0.0000	0.0000	0.0000	0.0000	0.0000	0.0000	0.0000	0.0001	0.0001	0.0000	0.0001	0.0001	0.0000	0.0000	0.0000	0.0000	0.0000	0.0000	0.0000	0.0000	0.0000	0.0000	0.0000	0.0000	0.0000	0.0000	0.0000	0.0000	0.0000	0.0000	0.0000	0.0000	0.0000	0.0000	0.0000	0.0000	0.0000	0.0000	0.0000	0.0000	0.0000	0.0000	0.0000	6.8729	14.1183	0.0000	14.5309	14.6408	0.0000	0.0000	0.0000	0.0000						
65	71	0.0339	3	1	1	1	0	0	0	0	0	N	N	N	N	N	N	N	N	N	N	N	N	0.0000	0.0000	0.0000	0.0000	0.0000	0.0000	0.0000	0.0000	0.0000	0.0000	0.0000	0.0000	0.0000	5.7071	11.9075	0.0000	12.3832	12.3832	0.0000	0.0000	0.0000	0.0000	0.0000	0.0000	-0.0001	0.0000	2.0000	0.0001	3.0000	0.0000	0.0000	0.0000	0.0000	0.0000	0.0000	0.0000	0.0000	0.0000	0.0001	0.0001	0.0000	0.0001	0.0001	0.0000	0.0000	0.0000	0.0000	0.0000	0.0000	0.0000	0.0000	0.0000	0.0000	0.0000	0.0000	0.0000	0.0000	0.0000	0.0000	0.0000	0.0000	0.0000	0.0000	0.0000	0.0000	0.0000	0.0000	0.0000	0.0000	0.0000	0.0000	0.0000	0.0000	0.0000	5.7071	11.9075	0.0000	12.3832	12.3832	0.0000	0.0000	0.0000	0.0000						
65	74	0.1243	6	1	1	1	0	0	0	0	0	N	N	N	N	N	N	N	N	N	N	N	N	0.0000	0.0000	0.0000	0.0000	0.0000	0.0000	0.0000	0.0000	0.0000	0.0000	0.0000	0.0000	0.0000	0.0010	0.0000	0.0019	0.0000	0.0000	0.0000	0.0018	0.0000	0.0019	inf	0.0000	0.0000	0.0000	1.8678	0.0001	4.6278	0.0000	0.0000	0.0000	0.0000	0.0000	0.0000	0.0000	0.0000	0.0000	0.0000	0.0000	0.0000	0.0000	0.0000	0.0000	0.0000	0.0000	0.0000	0.0000	0.0000	0.0000	0.0000	0.0000	0.0000	0.0000	0.0000	0.0000	0.0000	0.0000	0.0000	0.0000	0.0000	0.0000	0.0000	0.0000	0.0000	0.0000	0.0000	0.0000	0.0000	0.0000	0.0000	0.0000	0.0000	0.0000	0.0010	0.0000	0.0019	0.0000	0.0000	0.0000	0.0018	0.0000	0.0019						
65	75	0.1043	5	1	0	1	0	0	0	0	0	N	N	N	N	N	N	N	N	N	N	N	N	0.0000	0.0000	0.0000	0.0000	0.0000	0.0000	0.0000	0.0000	0.0000	0.0000	0.0000	0.0000	0.0000	0.0011	0.0023	0.0000	0.0024	0.0024	0.0000	0.0000	0.0000	0.0000	0.0000	0.0000	-0.0000	0.0000	4.7010	0.0001	0.6064	0.0000	0.0000	0.0000	0.0000	0.0000	0.0000	0.0000	0.0000	0.0000	0.0000	0.0000	0.0000	0.0000	0.0000	0.0000	0.0000	0.0000	0.0000	0.0000	0.0000	0.0000	0.0000	0.0000	0.0000	0.0000	0.0000	0.0000	0.0000	0.0000	0.0000	0.0000	0.0000	0.0000	0.0000	0.0000	0.0000	0.0000	0.0000	0.0000	0.0000	0.0000	0.0000	0.0000	0.0000	0.0000	0.0011	0.0023	0.0000	0.0024	0.0024	0.0000	0.0000	0.0000	0.0000						
65	78	0.2280	9	2	1	1	1	0	0	0	0	Y	N	N	N	N	N	N	N	N	N	N	N	0.0000	0.0000	0.0000	0.0000	0.0000	0.0000	0.0000	0.0000	0.0000	0.0000	0.0000	0.0000	0.0000	0.0004	0.0000	0.0007	0.0000	0.0000	0.0000	0.0007	0.0000	0.0007	inf	0.0000	0.0000	0.0000	1.0000	0.0001	2.0144	0.0000	0.0000	0.0000	0.0000	0.0000	0.0000	0.0000	0.0000	0.0000	0.0000	0.0000	0.0000	0.0000	0.0000	0.0000	0.0000	0.0000	0.0000	0.0000	0.0000	0.0000	0.0000	0.0000	0.0000	0.0000	0.0000	0.0000	0.0000	0.0000	0.0000	0.0000	0.0000	0.0000	0.0000	0.0000	0.0000	0.0000	0.0000	0.0000	0.0000	0.0000	0.0000	0.0000	0.0000	0.0000	0.0004	0.0000	0.0007	0.0000	0.0000	0.0000	0.0007	0.0000	0.0007						
65	79	0.2057	8	2	1	1	1	0	0	0	0	Y	N	N	N	N	N	N	N	N	N	N	N	0.0000	0.0000	0.0000	0.0000	0.0000	0.0000	0.0000	0.0000	0.0000	0.0000	0.0000	0.0000	0.0000	0.0004	0.0007	0.0000	0.0008	0.0008	0.0000	0.0000	0.0000	0.0000	0.0000	0.0000	-0.0000	0.0000	0.0001	0.0001	3.0180	0.0000	0.0000	0.0000	0.0000	0.0000	0.0000	0.0000	0.0000	0.0000	0.0000	0.0000	0.0000	0.0000	0.0000	0.0000	0.0000	0.0000	0.0000	0.0000	0.0000	0.0000	0.0000	0.0000	0.0000	0.0000	0.0000	0.0000	0.0000	0.0000	0.0000	0.0000	0.0000	0.0000	0.0000	0.0000	0.0000	0.0000	0.0000	0.0000	0.0000	0.0000	0.0000	0.0000	0.0000	0.0000	0.0004	0.0007	0.0000	0.0008	0.0008	0.0000	0.0000	0.0000	0.0000						
65	80	0.2277	10	1	1	1	1	0	0	0	0	N	N	N	N	N	N	N	N	N	N	N	N	0.0000	0.0000	0.0000	0.0000	0.0000	0.0000	0.0000	0.0000	0.0000	0.0000	0.0000	0.0000	0.0000	0.0000	0.0000	0.0000	0.0000	0.0000	0.0000	0.0000	0.0000	0.0000	0.0001	0.0000	0.0000	0.0000	0.0000	0.0000	0.0000	0.0000	0.0000	0.0000	0.0000	0.0000	0.0000	0.0000	0.0000	0.0000	0.0000	0.0000	0.0000	0.0000	0.0000	0.0000	0.0000	0.0000	0.0000	0.0000	0.0000	0.0000	0.0000	0.0000	0.0000	0.0000	0.0000	0.0000	0.0000	0.0000	0.0000	0.0000	0.0000	0.0000	0.0000	0.0000	0.0000	0.0000	0.0000	0.0000	0.0000	0.0000	0.0000	0.0000	0.0000	0.0000	0.0000	0.0000	0.0000	0.0000											
65	81	0.2057	8	1	0	2	1	0	0	0	0	N	N	Y	N	N	N	N	N	N	N	N	N	0.0000	0.0000	0.0000	0.0000	0.0000	0.0000	0.0000	0.0000	0.0000	0.0000	0.0000	0.0000	0.0000	0.0000	0.0000	0.0000	0.0000	0.0000	0.0000	0.0000	0.0000	2.0000	0.0001	0.0000	0.0000	0.0000	0.0000	0.0000	0.0000	0.0000	0.0000	0.0000	0.0000	0.0000	0.0000	0.0000	0.0000	0.0000	0.0000	0.0000	0.0000	0.0000	0.0000	0.0000	0.0000	0.0000	0.0000	0.0000	0.0000	0.0000	0.0000	0.0000	0.0000	0.0000	0.0000	0.0000	0.0000	0.0000	0.0000	0.0000	0.0000	0.0000	0.0000	0.0000	0.0000	0.0000	0.0000	0.0000	0.0000	0.0000	0.0000	0.0000	0.0000	0.0000	0.0000	0.0000	0.0000	0.0000											
65	82	0.2057	8	1	0	2	1	0	0	0	0	N	N	Y	N	N	N	N	N	N	N	N	N	0.0000	0.0000	0.0000	0.0000	0.0000	0.0000	0.0000	0.0000	0.0000	0.0000	0.0000	0.0000	0.0000	0.0000	0.0000	0.0000	0.0000	0.0000	0.0000	0.0000	0.0000	0.0000	0.0001	4.0000	0.0000	0.0000	0.0000	0.0000	0.0000	0.0000	0.0000	0.0000	0.0000	0.0000	0.0000	0.0000	0.0000	0.0000	0.0000	0.0000	0.0000	0.0000	0.0000	0.0000	0.0000	0.0000	0.0000	0.0000	0.0000	0.0000	0.0000	0.0000	0.0000	0.0000	0.0000	0.0000	0.0000	0.0000	0.0000	0.0000	0.0000	0.0000	0.0000	0.0000	0.0000	0.0000	0.0000	0.0000	0.0000	0.0000	0.0000	0.0000	0.0000	0.0000	0.0000	0.0000	0.0000	0.0000											
65	83	0.2277	10	1	0	2	1	0	0	0	0	N	N	Y	N	N	N	N	N	N	N	N	N	0.0000	0.0000	0.0000	0.0000	0.0000	0.0000	0.0000	0.0000	0.0000	0.0000	0.0000	0.0000	0.0000	0.0000	0.0000	0.0000	0.0000	0.0000	0.0000	0.0000	0.0000	0.0000	0.0001	2.0000	0.0000	0.0000	0.0000	0.0000	0.0000	0.0000	0.0000	0.0000	0.0000	0.0000	0.0000	0.0000	0.0000	0.0000	0.0000	0.0000	0.0000	0.0000	0.0000	0.0000	0.0000	0.0000	0.0000	0.0000	0.0000	0.0000	0.0000	0.0000	0.0000	0.0000	0.0000	0.0000	0.0000	0.0000	0.0000	0.0000	0.0000	0.0000	0.0000	0.0000	0.0000	0.0000	0.0000	0.0000	0.0000	0.0000	0.0000	0.0000	0.0000	0.0000	0.0000	0.0000	0.0000	0.0000											
65	84	0.2204	9	1	0	1	1	0	0	0	0	N	N	N	N	N	N	N	N	N	N	N	N	0.0000	0.0000	0.0000	0.0000	0.0000	0.0000	0.0000	0.0000	0.0000	0.0000	0.0000	0.0000	0.0000	0.0250	0.0000	0.0486	0.0000	0.0000	0.0000	0.0474	0.0000	0.0488	inf	0.0000	0.0000	0.0000	1.0000	0.0001	0.0015	0.0000	0.0000	0.0000	0.0000	0.0000	0.0000	0.0000	0.0000	0.0000	0.0000	0.0000	0.0000	0.0000	0.0000	0.0000	0.0000	0.0000	0.0000	0.0000	0.0000	0.0000	0.0000	0.0000	0.0000	0.0000	0.0000	0.0000	0.0000	0.0000	0.0000	0.0000	0.0000	0.0000	0.0000	0.0000	0.0000	0.0000	0.0000	0.0000	0.0000	0.0000	0.0000	0.0000	0.0000	0.0000	0.0250	0.0000	0.0486	0.0000	0.0000	0.0000	0.0474	0.0000	0.0488						
65	85	0.2057	8	1	0	1	1	0	0	0	0	N	N	N	N	N	N	N	N	N	N	N	N	0.0000	0.0000	0.0000	0.0000	0.0000	0.0000	0.0000	0.0000	0.0000	0.0000	0.0000	0.0000	0.0000	0.0142	0.0292	0.0000	0.0302	0.0303	0.0000	0.0000	0.0000	0.0000	0.0000	0.0000	-0.0000	0.0000	0.0000	0.0001	2.0013	0.0000	0.0000	0.0000	0.0000	0.0000	0.0000	0.0000	0.0000	0.0000	0.0000	0.0000	0.0000	0.0000	0.0000	0.0000	0.0000	0.0000	0.0000	0.0000	0.0000	0.0000	0.0000	0.0000	0.0000	0.0000	0.0000	0.0000	0.0000	0.0000	0.0000	0.0000	0.0000	0.0000	0.0000	0.0000	0.0000	0.0000	0.0000	0.0000	0.0000	0.0000	0.0000	0.0000	0.0000	0.0000	0.0142	0.0292	0.0000	0.0302	0.0303	0.0000	0.0000	0.0000	0.0000						
65	86	0.2456	8	2	1	1	0	0	0	0	0	Y	N	N	N	N	N	N	N	N	N	N	N	0.0000	0.0000	0.0000	0.0000	0.0000	0.0000	0.0000	0.0000	0.0000	0.0000	0.0000	0.0000	0.0000	0.2330	0.0000	0.4654	0.0000	0.0000	0.0000	0.4621	0.0000	0.4657	inf	0.0000	0.0000	0.0000	0.0007	0.0001	0.9812	0.0000	0.0000	0.0000	0.0000	0.0000	0.0000	0.0000	0.0000	0.0000	0.0000	0.0000	0.0000	0.0000	0.0000	0.0000	0.0000	0.0000	0.0000	0.0000	0.0000	0.0000	0.0000	0.0000	0.0000	0.0000	0.0000	0.0000	0.0000	0.0000	0.0000	0.0000	0.0000	0.0000	0.0000	0.0000	0.0000	0.0000	0.0000	0.0000	0.0000	0.0000	0.0000	0.0000	0.0000	0.0000	0.2330	0.0000	0.4654	0.0000	0.0000	0.0000	0.4621	0.0000	0.4657						
65	87	0.1898	7	2	1	1	0	0	0	0	0	Y	N	N	N	N	N	N	N	N	N	N	N	0.0000	0.0000	0.0000	0.0000	0.0000	0.0000	0.0000	0.0000	0.0000	0.0000	0.0000	0.0000	0.0000	0.0000	0.0000	0.0000	0.2519	0.4953	0.0215	0.5119	0.5139	0.0000	0.0209	0.0000	0.0216	0.0459	0.0000	-0.0000	0.0000	5.0272	0.0001	2.1572	0.0000	0.0000	0.0000	0.0000	0.0000	0.0000	0.0000	0.0000	0.0000	0.0000	0.0000	0.0000	0.0000	0.0000	0.0000	0.0000	0.0000	0.0000	0.0000	0.0000	0.0000	0.0000	0.0000	0.0000	0.0000	0.0000	0.0000	0.0000	0.0000	0.0000	0.0000	0.0000	0.0000	0.0000	0.0000	0.0000	0.0000	0.0000	0.0000	0.0000	0.0000	0.0000	0.0000	0.0000	0.0000	0.2519	0.4953	0.0215	0.5119	0.5139	0.0000	0.0209	0.0000	0.0216			
65	88	0.2430	9	1	1	1	0	0	0	0	0	N	N	N	N	N	N	N	N	N	N	N	N	0.0000	0.0000	0.0000	0.0000	0.0000	0.0000	0.0000	0.0000	0.0000	0.0000	0.0000	0.0000	0.0000	0.0000	0.0000	0.0000	0.0000	0.0000	0.0000	0.0000	0.0000	0.0000	0.0001	4.0000	0.0000	0.0000	0.0000	0.0000	0.0000	0.0000	0.0000	0.0000	0.0000	0.0000	0.0000	0.0000	0.0000	0.0000	0.0000	0.0000	0.0000	0.0000	0.0000	0.0000	0.0000	0.0000	0.0000	0.0000	0.0000	0.0000	0.0000	0.0000	0.0000	0.0000	0.0000	0.0000	0.0000	0.0000	0.0000	0.0000	0.0000	0.0000	0.0000	0.0000	0.0000	0.0000	0.0000	0.0000	0.0000	0.0000	0.0000	0.0000	0.0000	0.0000	0.0000	0.0000	0.0000	0.0000											
65	89	0.2057	8	1	1	1	0	0	0	0	0	N	N	N	N	N	N	N	N	N	N	N	N	0.0000	0.0000	0.0000	0.0000	0.0000	0.0000	0.0000	0.0000	0.0000	0.0000	0.0000	0.0000	0.0000	0.0000	0.0000	0.0000	0.0000	0.0000	0.0000	0.0000	0.0000	3.0000	0.0001	2.0000	0.0000	0.0000	0.0000	0.0000	0.0000	0.0000	0.0000	0.0000	0.0000	0.0000	0.0000	0.0000	0.0000	0.0000	0.0000	0.0000	0.0000	0.0000	0.0000	0.0000	0.0000	0.0000	0.0000	0.0000	0.0000	0.0000	0.0000	0.0000	0.0000	0.0000	0.0000	0.0000	0.0000	0.0000	0.0000	0.0000	0.0000	0.0000	0.0000	0.0000	0.0000	0.0000	0.0000	0.0000	0.0000	0.0000	0.0000	0.0000	0.0000	0.0000	0.0000	0.0000	0.0000	0.0000											
65	90	0.2057	8	2	1	1	0	0	0	0	0	Y	N	N	N	N	N	N	N	N	N	N	N	0.0000	0.0000	0.0000	0.0000	0.0000	0.0000	0.0000	0.0000	0.0000	0.0000	0.0000	0.0000	0.0000	0.0000	0.0000	0.0000	0.0000	0.0000	0.0000	0.0000	0.0000	2.0000	0.0001	3.0000	0.0000	0.0000	0.0000	0.0000	0.0000	0.0000	0.0000	0.0000	0.0000	0.0000	0.0000	0.0000	0.0000	0.0000	0.0000	0.0000	0.0000	0.0000	0.0000	0.0000	0.0000	0.0000	0.0000	0.0000	0.0000	0.0000	0.0000	0.0000	0.0000	0.0000	0.0000	0.0000	0.0000	0.0000	0.0000	0.0000	0.0000	0.0000	0.0000	0.0000	0.0000	0.0000	0.0000	0.0000	0.0000	0.0000	0.0000	0.0000	0.0000	0.0000	0.0000	0.0000	0.0000	0.0000											
65	91	0.1898	7	1	0	1	0	0	0	0	0	N	N	N	N	N	N	N	N	N	N	N	N	0.0000	0.0000	0.0000	0.0000	0.0000	0.0000	0.0000	0.0000	0.0000	0.0000	0.0000	0.0000	0.0000	0.0323	0.0000	0.0630	0.0000	0.0000	0.0000	0.0613	0.0000	0.0632	inf	0.0000	0.0000	0.0000	2.0705	0.0001	0.0351	0.0000	0.0000	0.0000	0.0000	0.0000	0.0000	0.0000	0.0000	0.0000	0.0000	0.0000	0.0000	0.0000	0.0000	0.0000	0.0000	0.0000	0.0000	0.0000	0.0000	0.0000	0.0000	0.0000	0.0000	0.0000	0.0000	0.0000	0.0000	0.0000	0.0000	0.0000	0.0000	0.0000	0.0000	0.0000	0.0000	0.0000	0.0000	0.0000	0.0000	0.0000	0.0000	0.0000	0.0000	0.0000	0.0323	0.0000	0.0630	0.0000	0.0000	0.0000	0.0613	0.0000	0.0632						
65	92	0.1644	6	1	0	1	0	0	0	0	0	N	N	N	N	N	N	N	N	N	N	N	N	0.0000	0.0000	0.0000	0.0000	0.0000	0.0000	0.0000	0.0000	0.0000	0.0000	0.0000	0.0000	0.0000	0.0000	0.0000	0.0000	0.0713	0.0369	0.1043	0.0380	0.0381	0.0000	0.1015	0.0000	0.1046	2.9470	0.0000	-0.0000	0.0000	3.4249	0.0001	0.1413	0.0000	0.0000	0.0000	0.0000	0.0000	0.0000	0.0000	0.0000	0.0000	0.0000	0.0000	0.0000	0.0000	0.0000	0.0000	0.0000	0.0000	0.0000	0.0000	0.0000	0.0000	0.0000	0.0000	0.0000	0.0000	0.0000	0.0000	0.0000	0.0000	0.0000	0.0000	0.0000	0.0000	0.0000	0.0000	0.0000	0.0000	0.0000	0.0000	0.0000	0.0000	0.0000	0.0000	0.0000	0.0000	0.0713	0.0369	0.1043	0.0380	0.0381	0.0000	0.1015	0.0000	0.1046			
65	98	0.3012	11	1	0	1	0	0	0	0	0	N	N	N	N	N	N	N	N	N	N	N	N	0.0000	0.0000	0.0000	0.0000	0.0000	0.0000	0.0000	0.0000	0.0000	0.0000	0.0000	0.0000	0.0000	0.1979	0.3932	0.0000	0.4075	0.4088	0.0000	0.0000	0.0000	0.0000	0.0000	0.0000	-0.0000	0.0000	4.9999	0.0001	9.0821	0.0000	0.0000	0.0000	0.0000	0.0000	0.0000	0.0000	0.0000	0.0000	0.0000	0.0000	0.0000	0.0000	0.0000	0.0000	0.0000	0.0000	0.0000	0.0000	0.0000	0.0000	0.0000	0.0000	0.0000	0.0000	0.0000	0.0000	0.0000	0.0000	0.0000	0.0000	0.0000	0.0000	0.0000	0.0000	0.0000	0.0000	0.0000	0.0000	0.0000	0.0000	0.0000	0.0000	0.0000	0.0000	0.1979	0.3932	0.0000	0.4075	0.4088	0.0000	0.0000	0.0000	0.0000						
66	68	0.1819	6	1	1	1	1	0	0	0	0	N	N	N	N	N	N	N	N	N	N	N	N	0.0000	0.0000	0.0002	0.0030	0.0000	0.0015	0.0000	0.0000	0.0000	0.0000	0.0000	0.0000	0.0000	0.0001	0.0000	0.0000	0.0000	0.0513	0.0006	0.0860	0.0011	0.0011	0.0436	0.0671	0.0000	0.0862	inf	197.6697	0.0000	0.0007	1.9720	2.7513	0.0923	4.0954	0.0000	0.0000	0.0000	0.0000	0.0000	0.0000	0.0000	0.0000	0.0000	0.0028	0.0000	0.0028	0.0000	0.0000	0.0000	0.0028	0.0000	0.0028	0.1479	0.1335	0.0144	0.0628	0.0596	0.0032	0.0851	0.0739	0.0111	0.0547	0.0223	0.0325	0.0131	0.0130	0.0001	0.0416	0.0092	0.0324	0.0000	0.0000	0.0002	0.0030	0.0000	0.0106	0.0000	0.0000	0.0000	0.0513	0.0006	0.0860	0.0011	0.0011	0.0062	0.0671	0.0000	0.0862	
66	69	0.1043	4	1	1	1	0	0	0	0	0	N	N	N	N	N	N	N	N	N	N	N	N	0.0024	0.0004	4.8316	0.0002	0.0001	1.4108	inf	5.0595	0.0015	0.0007	0.0072	0.0004	0.0005	0.0000	0.0017	0.0008	0.0081	0.6131	1.6238	0.0015	2.6862	3.2141	0.0000	0.0012	0.0000	0.0016	1.3043	0.0015	0.0002	-0.0462	1.9720	9.9334	0.0923	8.9999	0.0005	0.0002	0.0003	0.0000	0.0000	0.0000	0.0005	0.0002	0.0003	0.0617	0.0617	0.0001	0.0617	0.0617	0.0000	0.0001	0.0000	0.0001	0.3642	0.3227	0.0415	0.0706	0.0663	0.0043	0.2937	0.2564	0.0373	0.1007	0.0380	0.0627	0.0230	0.0192	0.0038	0.0778	0.0188	0.0590	0.0024	0.0004	4.8316	0.0002	0.0001	0.0000	1.4108	inf	5.0595	0.6131	1.6238	0.0015	2.6862	3.2141	0.0000	0.0012	0.0000	0.0016	
66	70	0.1043	4	1	1	1	0	0	0	0	0	N	N	N	N	N	N	N	N	N	N	N	N	0.0000	0.0000	0.0000	0.0000	0.0000	0.0000	0.0000	0.0000	0.0000	0.0000	0.0000	0.0000	0.0000	0.0000	0.0000	0.0000	2.1150	5.6137	0.0052	8.8481	10.4220	0.0000	0.0042	0.0000	0.0055	0.0015	0.0000	-0.0462	1.9720	0.0666	0.0923	4.0001	0.0000	0.0000	0.0000	0.0000	0.0000	0.0000	0.0000	0.0000	0.0000	0.0617	0.0617	0.0001	0.0617	0.0617	0.0000	0.0001	0.0000	0.0001	0.0130	0.0126	0.0004	0.0107	0.0106	0.0001	0.0023	0.0020	0.0003	0.0292	0.0110	0.0182	0.0070	0.0059	0.0011	0.0222	0.0051	0.0172	0.0000	0.0000	0.0000	0.0000	0.0000	0.0000	0.0000	0.0000	0.0000	2.1150	5.6137	0.0052	8.8481	10.4220	0.0000	0.0042	0.0000	0.0055			
66	71	0.0339	2	1	1	1	0	0	0	0	0	N	N	N	N	N	N	N	N	N	N	N	N	0.0024	0.0000	8.1031	0.0000	0.0000	1.6105	8.5949	0.0042	0.0000	0.0305	0.0000	0.0000	0.0000	0.0048	0.0000	0.0324	1.7199	5.6031	0.0038	13.7092	13.7093	0.0000	0.0030	0.0000	0.0038	inf	0.0015	0.0002	-0.0462	1.9720	2.0000	0.0923	3.0000	0.0003	0.0000	0.0003	0.0000	0.0000	0.0000	0.0003	0.0000	0.0003	0.0617	0.0617	0.0001	0.0617	0.0617	0.0000	0.0001	0.0000	0.0001	0.0720	0.0621	0.0098	0.0096	0.0091	0.0006	0.0623	0.0531	0.0093	0.0359	0.0110	0.0249	0.0045	0.0045	0.0000	0.0314	0.0065	0.0249	0.0024	0.0000	8.1031	0.0000	0.0000	0.0000	1.6105	0.0000	8.5949	1.7199	5.6031	0.0038	13.7092	13.7093	0.0000	0.0030	0.0000	0.0038		
66	74	0.1243	5	1	1	1	0	0	0	0	0	N	N	N	N	N	N	N	N	N	N	N	N	0.0039	0.0000	0.0277	0.1533	0.0000	0.4776	0.0006	0.0033	0.0000	0.0000	0.0000	0.0000	0.0000	0.0000	0.0000	0.0000	0.0000	0.0004	0.0000	0.0006	0.0000	0.0000	0.0001	0.0005	0.0000	0.0006	inf	487.1262	0.0000	0.0000	1.9720	1.8678	0.0923	4.6278	0.0000	0.0000	0.0000	0.0000	0.0000	0.0000	0.0000	0.0000	0.0000	0.0000	0.0000	0.0000	0.0000	0.0000	0.0000	0.0000	0.0000	0.0000	0.1790	0.1642	0.0148	0.1058	0.1008	0.0050	0.0732	0.0634	0.0098	0.0436	0.0184	0.0253	0.0132	0.0116	0.0017	0.0304	0.0068	0.0236	0.0039	0.0000	0.0277	0.1533	0.0000	0.4945	0.0006	0.0000	0.0033	0.0004	0.0000	0.0006	0.0000	0.0000	0.0001	0.0005	0.0000	0.0006	
66	75	0.1043	4	1	0	1	0	0	0	0	0	N	N	N	N	N	N	N	N	N	N	N	N	1.2709	0.3611	1282.2255	0.0568	0.0349	inf	658.0235	inf	1293.9402	0.0006	0.0005	0.0018	0.0001	0.0001	0.0007	0.0007	0.0006	0.0019	0.0005	0.0013	0.0000	0.0020	0.0024	0.0000	0.0000	0.0000	0.0000	0.4984	0.0018	0.0000	-0.0000	1.9720	4.7010	0.0923	0.6064	0.0001	0.0001	0.0000	0.0000	0.0000	0.0000	0.0001	0.0001	0.0000	0.0000	0.0000	0.0000	0.0000	0.0000	0.0000	0.0000	0.0000	0.0000	0.1930	0.1709	0.0221	0.0413	0.0390	0.0023	0.1517	0.1319	0.0198	0.0371	0.0140	0.0231	0.0088	0.0075	0.0013	0.0283	0.0065	0.0218	1.2709	0.3611	1282.2255	0.0568	0.0349	inf	658.0235	inf	1293.9402	0.0005	0.0013	0.0000	0.0020	0.0024	0.0000	0.0000	0.0000	0.0000
66	78	0.2280	8	2	1	1	1	0	0	0	0	Y	N	N	N	N	N	N	N	N	N	N	N	0.0000	0.0000	0.0000	0.0000	0.0000	0.0000	0.0000	0.0000	0.0000	0.0000	0.0000	0.0000	0.0000	0.0000	0.0000	0.0000	0.0000	0.0001	0.0000	0.0002	0.0000	0.0000	0.0000	0.0002	0.0000	0.0002	709.8049	0.0000	0.0000	1.9720	1.0000	0.0923	2.0144	0.0000	0.0000	0.0000	0.0000	0.0000	0.0000	0.0000	0.0000	0.0000	0.0000	0.0000	0.0000	0.0000	0.0000	0.0000	0.0000	0.0000	0.0000	0.0458	0.0408	0.0050	0.0138	0.0131	0.0007	0.0320	0.0277	0.0042	0.0207	0.0074	0.0133	0.0040	0.0036	0.0004	0.0167	0.0038	0.0129	0.0000	0.0000	0.0000	0.0000	0.0000	0.0000	0.0000	0.0000	0.0000	0.0001	0.0000	0.0002	0.0000	0.0000	0.0000	0.0002	0.0000	0.0002		
66	79	0.2057	7	2	1	1	1	0	0	0	0	Y	N	N	N	N	N	N	N	N	N	N	N	0.0000	0.0000	0.0000	0.0000	0.0000	0.0000	0.0000	0.0000	0.0000	0.0000	0.0000	0.0000	0.0000	0.0000	0.0000	0.0000	0.0001	0.0004	0.0000	0.0007	0.0008	0.0000	0.0000	0.0000	0.0000	0.0058	0.0000	-0.0000	1.9720	0.0001	0.0923	3.0180	0.0000	0.0000	0.0000	0.0000	0.0000	0.0000	0.0000	0.0000	0.0000	0.0000	0.0000	0.0000	0.0000	0.0000	0.0000	0.0000	0.0000	0.0000	0.0000	0.0000	0.0000	0.0000	0.0000	0.0000	0.0000	0.0000	0.0000	0.0206	0.0073	0.0133	0.0039	0.0035	0.0004	0.0167	0.0038	0.0129	0.0000	0.0000	0.0000	0.0000	0.0000	0.0000	0.0000	0.0000	0.0000	0.0001	0.0004	0.0000	0.0007	0.0008	0.0000	0.0000	0.0000	0.0000			
66	80	0.2277	9	1	1	1	1	0	0	0	0	N	N	N	N	N	N	N	N	N	N	N	N	0.0000	0.0000	0.0000	0.0000	0.0000	0.0000	0.0000	0.0000	0.0000	0.0000	0.0000	0.0000	0.0000	0.0000	0.0000	0.0000	0.0000	0.0000	0.0000	0.0000	1.9720	0.0000	0.0923	0.0000	0.0000	0.0000	0.0000	0.0000	0.0000	0.0000	0.0000	0.0000	0.0000	0.0000	0.0000	0.0000	0.0000	0.0000	0.0000	0.0000	0.0000	0.0000	0.0000	0.0000	0.0000	0.0000	0.0000	0.0000	0.0000	0.0000	0.0000	0.0000	0.0000	0.0000	0.0000	0.0000	0.0000	0.0000	0.0000	0.0000	0.0000	0.0000	0.0000	0.0000	0.0000	0.0000	0.0000	0.0000	0.0000	0.0000	0.0000	0.0000	0.0000	0.0000	0.0000	0.0000	0.0000	0.0000											
66	81	0.2057	7	1	0	2	1	0	0	0	0	N	N	Y	N	N	N	N	N	N	N	N	N	0.0000	0.0000	0.0000	0.0000	0.0000	0.0000	0.0000	0.0000	0.0000	0.0000	0.0000	0.0000	0.0000	0.0000	0.0000	0.0000	0.0000	0.0000	0.0000	0.0000	1.9720	2.0000	0.0923	0.0000	0.0000	0.0000	0.0000	0.0000	0.0000	0.0000	0.0000	0.0000	0.0000	0.0000	0.0000	0.0000	0.0000	0.0000	0.0000	0.0000	0.0000	0.0000	0.0896	0.0798	0.0097	0.0268	0.0253	0.0014	0.0628	0.0545	0.0083	0.0140	0.0049	0.0090	0.0026	0.0024	0.0003	0.0113	0.0026	0.0087	0.0000	0.0000	0.0000	0.0000	0.0000	0.0000	0.0000	0.0000	0.0000	0.0000	0.0000	0.0000	0.0000	0.0000	0.0000	0.0000	0.0000	0.0000											
66	82	0.2057	7	1	0	2	1	0	0	0	0	N	N	Y	N	N	N	N	N	N	N	N	N	0.0000	0.0000	0.0000	0.0000	0.0000	0.0000	0.0000	0.0000	0.0000	0.0000	0.0000	0.0000	0.0000	0.0000	0.0000	0.0000	0.0000	0.0000	0.0000	0.0000	1.9720	0.0000	0.0923	4.0000	0.0000	0.0000	0.0000	0.0000	0.0000	0.0000	0.0000	0.0000	0.0000	0.0000	0.0000	0.0000	0.0000	0.0000	0.0000	0.0000	0.0000	0.0000	0.0000	0.0000	0.0000	0.0000	0.0000	0.0000	0.0000	0.0000	0.0000	0.0267	0.0095	0.0172	0.0050	0.0045	0.0005	0.0217	0.0050	0.0167	0.0000	0.0000	0.0000	0.0000	0.0000	0.0000	0.0000	0.0000	0.0000	0.0000	0.0000	0.0000	0.0000	0.0000	0.0000	0.0000	0.0000	0.0000											
66	83	0.2277	9	1	0	2	1	0	0	0	0	N	N	Y	N	N	N	N	N	N	N	N	N	0.0000	0.0000	0.0000	0.0000	0.0000	0.0000	0.0000	0.0000	0.0000	0.0000	0.0000	0.0000	0.0000	0.0000	0.0000	0.0000	0.0000	0.0000	0.0000	0.0000	1.9720	0.0000	0.0923	2.0000	0.0000	0.0000	0.0000	0.0000	0.0000	0.0000	0.0000	0.0000	0.0000	0.0000	0.0000	0.0000	0.0000	0.0000	0.0000	0.0000	0.0000	0.0000	0.0000	0.0000	0.0000	0.0000	0.0000	0.0000	0.0000	0.0000	0.0000	0.0139	0.0049	0.0091	0.0026	0.0023	0.0003	0.0113	0.0026	0.0087	0.0000	0.0000	0.0000	0.0000	0.0000	0.0000	0.0000	0.0000	0.0000	0.0000	0.0000	0.0000	0.0000	0.0000	0.0000	0.0000	0.0000	0.0000											
66	84	0.2204	8	1	0	1	1	0	0	0	0	N	N	N	N	N	N	N	N	N	N	N	N	0.5698	149.9209	0.0000	32.3614	30.5590	0.5685	inf	0.0000	0.0050	0.0056	0.0000	0.0022	0.0023	0.0000	0.0063	0.0072	0.0000	0.0088	0.0000	0.0137	0.0001	0.0001	0.0000	0.0110	0.0000	0.0141	0.0000	657.2211	-0.0000	0.0000	1.9720	1.0000	0.0923	0.0015	0.0002	0.0002	0.0000	0.0000	0.0000	0.0000	0.0002	0.0002	0.0000	0.0001	0.0000	0.0001	0.0000	0.0000	0.0000	0.0001	0.0000	0.0001	0.0458	0.0408	0.0050	0.0138	0.0131	0.0007	0.0320	0.0277	0.0042	0.0074	0.0026	0.0048	0.0015	0.0013	0.0002	0.0059	0.0013	0.0046	0.5698	149.9209	0.0000	32.3614	30.5590	0.0000	0.5685	inf	0.0000	0.0088	0.0000	0.0137	0.0001	0.0001	0.0000	0.0110	0.0000	0.0141	
66	85	0.2057	7	1	0	1	1	0	0	0	0	N	N	N	N	N	N	N	N	N	N	N	N	1.0477	0.4173	0.0000	0.0000	0.0000	699.0718	inf	0.0000	0.0049	0.0055	0.0000	0.0000	0.0000	0.0000	0.0061	0.0071	0.0000	0.0047	0.0132	0.0000	0.0248	0.0278	0.0000	0.0000	0.0000	0.0000	0.0000	0.0015	-0.0000	-0.0000	1.9720	0.0000	0.0923	2.0013	0.0000	0.0000	0.0000	0.0000	0.0000	0.0000	0.0000	0.0000	0.0000	0.0001	0.0001	0.0000	0.0001	0.0001	0.0000	0.0000	0.0000	0.0000	0.0000	0.0000	0.0000	0.0000	0.0000	0.0000	0.0000	0.0000	0.0000	0.0140	0.0049	0.0090	0.0026	0.0024	0.0003	0.0113	0.0026	0.0087	1.0477	0.4173	0.0000	0.0000	0.0000	0.0000	699.0718	inf	0.0000	0.0047	0.0132	0.0000	0.0248	0.0278	0.0000	0.0000	0.0000	0.0000	
66	86	0.2456	7	2	1	1	0	0	0	0	0	Y	N	N	N	N	N	N	N	N	N	N	N	0.0013	0.0000	0.0106	0.5693	0.0000	77.5590	0.0000	0.0000	0.0002	0.0000	0.0031	0.0003	0.0000	0.0124	0.0000	0.0000	0.0000	0.1496	0.0005	0.2926	0.0006	0.0006	0.0002	0.2550	0.0000	0.2962	inf	657.1022	0.0000	0.0009	1.9720	0.0007	0.0923	0.9812	0.0000	0.0000	0.0000	0.0000	0.0000	0.0000	0.0000	0.0000	0.0000	0.0037	0.0000	0.0037	0.0000	0.0000	0.0000	0.0037	0.0000	0.0037	0.0001	0.0001	0.0000	0.0001	0.0001	0.0000	0.0000	0.0000	0.0000	0.0244	0.0120	0.0125	0.0101	0.0100	0.0002	0.0143	0.0020	0.0123	0.0013	0.0000	0.0106	0.5693	0.0000	102.5149	0.0000	0.0000	0.0000	0.1496	0.0005	0.2926	0.0006	0.0006	0.0001	0.2550	0.0000	0.2962	
66	87	0.1898	6	2	1	1	0	0	0	0	0	Y	N	N	N	N	N	N	N	N	N	N	N	0.0000	0.0000	0.0008	0.0000	0.0000	0.2367	0.0000	0.0000	0.0000	0.0000	0.0000	0.0000	0.0000	0.0000	0.0000	0.0000	0.0000	0.0831	0.2189	0.0059	0.4088	0.4556	0.0001	0.0047	0.0000	0.0061	6.0001	0.0479	0.0000	-0.0027	1.9720	5.0272	0.0923	2.1572	0.0000	0.0000	0.0000	0.0000	0.0000	0.0000	0.0000	0.0000	0.0000	0.0038	0.0036	0.0002	0.0036	0.0036	0.0000	0.0002	0.0000	0.0002	0.2203	0.1973	0.0230	0.0701	0.0667	0.0034	0.1502	0.1307	0.0195	0.0459	0.0166	0.0293	0.0089	0.0080	0.0009	0.0370	0.0086	0.0284	0.0000	0.0000	0.0008	0.0000	0.0000	0.3155	0.0000	0.0000	0.0000	0.0831	0.2189	0.0059	0.4088	0.4556	0.0001	0.0047	0.0000	0.0061	
66	88	0.2430	8	1	1	1	0	0	0	0	0	N	N	N	N	N	N	N	N	N	N	N	N	0.0000	0.0000	0.0000	0.0000	0.0000	0.0000	0.0000	0.0000	0.0000	0.0000	0.0000	0.0000	0.0000	0.0004	0.0010	0.0000	0.0018	0.0020	0.0000	0.0000	0.0000	0.0000	0.0000	0.0000	-0.0000	1.9720	0.0000	0.0923	4.0000	0.0000	0.0000	0.0000	0.0000	0.0000	0.0000	0.0000	0.0000	0.0000	0.0000	0.0000	0.0000	0.0000	0.0000	0.0000	0.0000	0.0000	0.0000	0.0000	0.0000	0.0000	0.0000	0.0000	0.0000	0.0000	0.0000	0.0000	0.0268	0.0097	0.0171	0.0055	0.0049	0.0006	0.0213	0.0048	0.0165	0.0000	0.0000	0.0000	0.0000	0.0000	0.0000	0.0000	0.0000	0.0000	0.0004	0.0010	0.0000	0.0018	0.0020	0.0000	0.0000	0.0000	0.0000						
66	89	0.2057	7	1	1	1	0	0	0	0	0	N	N	N	N	N	N	N	N	N	N	N	N	0.0000	0.0000	0.0000	0.0000	0.0000	0.0000	0.0000	0.0000	0.0000	0.0000	0.0000	0.0000	0.0000	0.0000	0.0000	0.0000	0.0000	0.0000	0.0000	0.0000	1.9720	3.0000	0.0923	2.0000	0.0000	0.0000	0.0000	0.0000	0.0000	0.0000	0.0000	0.0000	0.0000	0.0000	0.0000	0.0000	0.0000	0.0000	0.0000	0.0000	0.0000	0.0000	0.1315	0.1172	0.0143	0.0390	0.0369	0.0021	0.0925	0.0803	0.0121	0.0327	0.0116	0.0211	0.0061	0.0055	0.0007	0.0266	0.0062	0.0204	0.0000	0.0000	0.0000	0.0000	0.0000	0.0000	0.0000	0.0000	0.0000	0.0000	0.0000	0.0000	0.0000	0.0000	0.0000	0.0000	0.0000	0.0000											
66	90	0.2057	7	2	1	1	0	0	0	0	0	Y	N	N	N	N	N	N	N	N	N	N	N	0.0000	0.0000	0.0000	0.0000	0.0000	0.0000	0.0000	0.0000	0.0000	0.0000	0.0000	0.0000	0.0000	0.0003	0.0009	0.0000	0.0016	0.0018	0.0000	0.0000	0.0000	0.0000	0.0000	0.0000	-0.0000	1.9720	2.0000	0.0923	3.0000	0.0000	0.0000	0.0000	0.0000	0.0000	0.0000	0.0000	0.0000	0.0000	0.0000	0.0000	0.0000	0.0000	0.0000	0.0000	0.0000	0.0000	0.0000	0.0896	0.0798	0.0097	0.0268	0.0253	0.0014	0.0628	0.0545	0.0083	0.0327	0.0116	0.0211	0.0061	0.0055	0.0007	0.0266	0.0062	0.0204	0.0000	0.0000	0.0000	0.0000	0.0000	0.0000	0.0000	0.0000	0.0000	0.0003	0.0009	0.0000	0.0016	0.0018	0.0000	0.0000	0.0000	0.0000						
66	91	0.1898	6	1	0	1	0	0	0	0	0	N	N	N	N	N	N	N	N	N	N	N	N	0.0001	0.0000	0.0006	0.0255	0.0000	0.0657	0.0000	0.0000	0.0000	0.0000	0.0000	0.0000	0.0000	0.0001	0.0000	0.0000	0.0000	0.0113	0.0000	0.0180	0.0001	0.0001	0.0010	0.0143	0.0000	0.0185	inf	635.9545	0.0000	0.0000	1.9720	2.0705	0.0923	0.0351	0.0000	0.0000	0.0000	0.0000	0.0000	0.0000	0.0000	0.0000	0.0000	0.0002	0.0000	0.0002	0.0000	0.0000	0.0000	0.0002	0.0000	0.0002	0.1030	0.0927	0.0103	0.0375	0.0359	0.0016	0.0655	0.0568	0.0087	0.0159	0.0059	0.0100	0.0034	0.0031	0.0003	0.0125	0.0028	0.0097	0.0001	0.0000	0.0006	0.0255	0.0000	0.2136	0.0000	0.0000	0.0000	0.0113	0.0000	0.0180	0.0001	0.0001	0.0003	0.0143	0.0000	0.0185	
66	92	0.1644	5	1	0	1	0	0	0	0	0	N	N	N	N	N	N	N	N	N	N	N	N	0.0001	0.0000	0.0003	0.0001	0.0000	0.0315	0.0000	0.0000	0.0000	0.0000	0.0000	0.0000	0.0000	0.0000	0.0000	0.0000	0.0000	0.0249	0.0161	0.0307	0.0273	0.0294	0.0011	0.0242	0.0000	0.0316	1.5000	2.9249	0.0000	-0.0000	1.9720	3.4249	0.0923	0.1413	0.0000	0.0000	0.0000	0.0000	0.0000	0.0000	0.0000	0.0000	0.0000	0.0007	0.0002	0.0005	0.0002	0.0002	0.0000	0.0005	0.0000	0.0005	0.1962	0.1779	0.0183	0.0884	0.0839	0.0045	0.1078	0.0939	0.0139	0.0281	0.0111	0.0170	0.0066	0.0061	0.0005	0.0216	0.0050	0.0165	0.0001	0.0000	0.0003	0.0001	0.0000	0.1022	0.0000	0.0000	0.0000	0.0249	0.0161	0.0307	0.0273	0.0294	0.0003	0.0242	0.0000	0.0316	
66	98	0.3012	10	1	0	1	0	0	0	0	0	N	N	N	N	N	N	N	N	N	N	N	N	0.1592	0.0940	0.0000	0.1159	0.1176	0.0000	2.0061	89.2192	0.0000	0.0089	0.0098	0.0000	0.0176	0.0186	0.0000	0.0003	0.0003	0.0000	0.0559	0.1038	0.0002	0.1520	0.1582	0.0000	0.0001	0.0000	0.0002	0.0000	0.0016	-0.0006	-0.0044	1.9720	4.9999	0.0923	9.0821	0.0028	0.0028	0.0000	0.0028	0.0028	0.0000	0.0000	0.0000	0.0000	0.0059	0.0059	0.0000	0.0059	0.0059	0.0000	0.0000	0.0000	0.0000	0.3204	0.2921	0.0283	0.1591	0.1507	0.0084	0.1613	0.1414	0.0199	0.1060	0.0570	0.0490	0.0389	0.0374	0.0015	0.0671	0.0196	0.0475	0.1592	0.0940	0.0000	0.1159	0.1176	0.0000	2.0061	275.4264	0.0000	0.0559	0.1038	0.0002	0.1520	0.1582	0.0000	0.0001	0.0000	0.0002
67	68	0.1696	5	1	1	1	1	0	0	0	0	N	N	N	N	N	N	N	N	N	N	N	N	0.0149	0.0000	28.5740	0.0031	0.0000	489.4855	0.5815	inf	2.9995	0.0006	0.0000	0.0066	0.0012	0.0000	0.0226	0.0001	0.0000	0.0007	0.0423	0.1164	0.0002	0.3730	0.3843	0.0000	0.0002	0.0000	0.0002	7129.9286	0.0035	0.0001	-0.0021	3.0650	2.7513	1.0636	4.0954	0.0001	0.0000	0.0001	0.0001	0.0000	0.0001	0.0000	0.0000	0.0000	0.0028	0.0028	0.0000	0.0028	0.0028	0.0000	0.0000	0.0000	0.0000	0.2058	0.1862	0.0196	0.1026	0.0973	0.0053	0.1031	0.0888	0.0143	0.0667	0.0241	0.0426	0.0075	0.0073	0.0002	0.0592	0.0168	0.0423	0.0149	0.0000	28.5740	0.0031	0.0000	489.4855	0.5815	inf	2.9995	0.0423	0.1164	0.0002	0.3730	0.3843	0.0000	0.0002	0.0000	0.0002
67	69	0.0921	3	1	1	1	0	0	0	0	0	N	N	N	N	N	N	N	N	N	N	N	N	9.4277	inf	27.0576	10.7365	inf	28.4846	3.9916	2.2567	17.2663	0.0000	0.0000	0.0000	5.2932	3.0576	19.6916	0.4234	0.0000	0.6381	0.0000	0.0000	0.0000	0.4930	0.0000	0.6913	0.9999	inf	0.6042	0.0155	3.0650	9.9334	1.0636	8.9999	1.9995	0.9998	0.9997	0.0000	0.0000	0.0000	1.9995	0.9998	0.9997	0.0617	0.0000	0.0617	0.0000	0.0000	0.0000	0.0617	0.0000	0.0617	0.5009	0.4430	0.0579	0.1232	0.1160	0.0071	0.3777	0.3270	0.0508	0.1456	0.0490	0.0966	0.0206	0.0131	0.0074	0.1251	0.0359	0.0892	9.4277	inf	27.0576	0.0000	0.0000	0.0000	10.7365	inf	28.4846	0.4234	0.0000	0.6381	0.0000	0.0000	0.0000	0.4930	0.0000	0.6913			
67	70	0.0921	3	1	1	1	0	0	0	0	0	N	N	N	N	N	N	N	N	N	N	N	N	0.0000	0.0000	0.0000	0.0000	0.0000	0.0000	0.0000	0.0000	0.0000	0.0000	0.0000	0.0000	0.0000	1.5524	0.0000	2.3286	0.0000	0.0000	0.0000	1.8363	0.0000	2.5265	inf	0.0000	0.0155	3.0650	0.0666	1.0636	4.0001	0.0000	0.0000	0.0000	0.0000	0.0000	0.0000	0.0000	0.0000	0.0000	0.0617	0.0000	0.0617	0.0000	0.0000	0.0000	0.0617	0.0000	0.0617	0.0192	0.0186	0.0006	0.0163	0.0161	0.0002	0.0028	0.0024	0.0004	0.0397	0.0132	0.0265	0.0061	0.0041	0.0021	0.0336	0.0092	0.0244	0.0000	0.0000	0.0000	0.0000	0.0000	0.0000	0.0000	0.0000	0.0000	1.5524	0.0000	2.3286	0.0000	0.0000	0.0000	1.8363	0.0000	2.5265						
67	74	0.1120	4	1	1	1	0	0	0	0	0	N	N	N	N	N	N	N	N	N	N	N	N	2.4884	0.0001	20190.7585	0.8730	0.0001	inf	405.1511	inf	2106.5567	0.0005	0.0000	0.0067	0.0008	0.0000	0.0165	0.0001	0.0000	0.0008	0.0002	0.0006	0.0000	0.0009	0.0012	0.0000	0.0000	0.0000	0.0000	7129.9286	0.0009	0.0001	-0.0000	3.0650	1.8678	1.0636	4.6278	0.0001	0.0000	0.0001	0.0001	0.0000	0.0001	0.0000	0.0000	0.0000	0.0000	0.0000	0.0000	0.0000	0.0000	0.0000	0.0000	0.0000	0.0000	0.2581	0.2373	0.0208	0.1654	0.1575	0.0079	0.0927	0.0798	0.0129	0.0596	0.0235	0.0361	0.0144	0.0111	0.0033	0.0452	0.0124	0.0328	2.4884	0.0001	20190.7585	0.8730	0.0001	inf	405.1511	inf	2106.5567	0.0002	0.0006	0.0000	0.0009	0.0012	0.0000	0.0000	0.0000	0.0000
67	75	0.0921	3	1	0	1	0	0	0	0	0	N	N	N	N	N	N	N	N	N	N	N	N	1.6687	7.7197	0.1151	1237.1978	862.4370	inf	0.1061	0.0091	0.1215	0.0006	0.0006	0.0001	0.0019	0.0020	0.0000	0.0000	0.0000	0.0001	0.0003	0.0001	0.0005	0.0000	0.0000	0.0000	0.0004	0.0043	0.0005	0.0110	11.4183	-0.0000	0.0000	3.0650	4.7010	1.0636	0.6064	0.0001	0.0001	0.0000	0.0001	0.0001	0.0000	0.0000	0.0000	0.0000	0.0000	0.0000	0.0000	0.0000	0.0000	0.0000	0.0000	0.0000	0.0000	0.2631	0.2330	0.0301	0.0733	0.0694	0.0039	0.1898	0.1636	0.0262	0.0508	0.0169	0.0338	0.0078	0.0051	0.0026	0.0430	0.0118	0.0312	1.6687	7.7197	0.1151	1237.1978	862.4370	inf	0.1061	0.3380	0.1215	0.0003	0.0001	0.0005	0.0000	0.0000	0.0000	0.0004	0.0001	0.0005
67	78	0.2157	7	2	1	1	1	0	0	0	0	Y	N	N	N	N	N	N	N	N	N	N	N	0.0000	0.0000	0.0000	0.0000	0.0000	0.0000	0.0000	0.0000	0.0000	0.0000	0.0000	0.0000	0.0000	0.0001	0.0003	0.0000	0.0010	0.0016	0.0000	0.0000	0.0000	0.0000	0.0000	0.0000	-0.0000	3.0650	1.0000	1.0636	2.0144	0.0000	0.0000	0.0000	0.0000	0.0000	0.0000	0.0000	0.0000	0.0000	0.0000	0.0000	0.0000	0.0000	0.0000	0.0000	0.0000	0.0000	0.0000	0.0622	0.0555	0.0067	0.0239	0.0226	0.0013	0.0383	0.0329	0.0054	0.0272	0.0083	0.0189	0.0024	0.0015	0.0009	0.0248	0.0068	0.0180	0.0000	0.0000	0.0000	0.0000	0.0000	0.0000	0.0000	0.0000	0.0000	0.0001	0.0003	0.0000	0.0010	0.0016	0.0000	0.0000	0.0000	0.0000						
67	79	0.1934	6	2	1	1	1	0	0	0	0	Y	N	N	N	N	N	N	N	N	N	N	N	0.0000	0.0000	0.0000	0.0000	0.0000	0.0000	0.0000	0.0000	0.0000	0.0000	0.0000	0.0000	0.0000	0.0005	0.0000	0.0007	0.0000	0.0000	0.0000	0.0005	0.0000	0.0007	inf	0.0000	0.0000	3.0650	0.0001	1.0636	3.0180	0.0000	0.0000	0.0000	0.0000	0.0000	0.0000	0.0000	0.0000	0.0000	0.0000	0.0000	0.0000	0.0000	0.0000	0.0000	0.0000	0.0000	0.0000	0.0000	0.0000	0.0000	0.0000	0.0000	0.0000	0.0000	0.0000	0.0000	0.0271	0.0082	0.0189	0.0022	0.0013	0.0009	0.0249	0.0069	0.0180	0.0000	0.0000	0.0000	0.0000	0.0000	0.0000	0.0000	0.0000	0.0000	0.0005	0.0000	0.0007	0.0000	0.0000	0.0000	0.0005	0.0000	0.0007						
67	80	0.2154	8	1	1	1	1	0	0	0	0	N	N	N	N	N	N	N	N	N	N	N	N	0.0000	0.0000	0.0000	0.0000	0.0000	0.0000	0.0000	0.0000	0.0000	0.0000	0.0000	0.0000	0.0000	0.0000	0.0000	0.0000	0.0000	0.0000	0.0000	0.0000	3.0650	0.0000	1.0636	0.0000	0.0000	0.0000	0.0000	0.0000	0.0000	0.0000	0.0000	0.0000	0.0000	0.0000	0.0000	0.0000	0.0000	0.0000	0.0000	0.0000	0.0000	0.0000	0.0000	0.0000	0.0000	0.0000	0.0000	0.0000	0.0000	0.0000	0.0000	0.0000	0.0000	0.0000	0.0000	0.0000	0.0000	0.0000	0.0000	0.0000	0.0000	0.0000	0.0000	0.0000	0.0000	0.0000	0.0000	0.0000	0.0000	0.0000	0.0000	0.0000	0.0000	0.0000	0.0000	0.0000	0.0000	0.0000											
67	81	0.1934	6	1	0	2	1	0	0	0	0	N	N	Y	N	N	N	N	N	N	N	N	N	0.0000	0.0000	0.0000	0.0000	0.0000	0.0000	0.0000	0.0000	0.0000	0.0000	0.0000	0.0000	0.0000	0.0000	0.0000	0.0000	0.0000	0.0000	0.0000	0.0000	3.0650	2.0000	1.0636	0.0000	0.0000	0.0000	0.0000	0.0000	0.0000	0.0000	0.0000	0.0000	0.0000	0.0000	0.0000	0.0000	0.0000	0.0000	0.0000	0.0000	0.0000	0.0000	0.1219	0.1088	0.0131	0.0461	0.0436	0.0025	0.0758	0.0651	0.0106	0.0182	0.0055	0.0128	0.0015	0.0009	0.0006	0.0168	0.0046	0.0122	0.0000	0.0000	0.0000	0.0000	0.0000	0.0000	0.0000	0.0000	0.0000	0.0000	0.0000	0.0000	0.0000	0.0000	0.0000	0.0000	0.0000	0.0000											
67	82	0.1934	6	1	0	2	1	0	0	0	0	N	N	Y	N	N	N	N	N	N	N	N	N	0.0000	0.0000	0.0000	0.0000	0.0000	0.0000	0.0000	0.0000	0.0000	0.0000	0.0000	0.0000	0.0000	0.0000	0.0000	0.0000	0.0000	0.0000	0.0000	0.0000	3.0650	0.0000	1.0636	4.0000	0.0000	0.0000	0.0000	0.0000	0.0000	0.0000	0.0000	0.0000	0.0000	0.0000	0.0000	0.0000	0.0000	0.0000	0.0000	0.0000	0.0000	0.0000	0.0000	0.0000	0.0000	0.0000	0.0000	0.0000	0.0000	0.0000	0.0000	0.0353	0.0107	0.0246	0.0028	0.0017	0.0011	0.0325	0.0090	0.0235	0.0000	0.0000	0.0000	0.0000	0.0000	0.0000	0.0000	0.0000	0.0000	0.0000	0.0000	0.0000	0.0000	0.0000	0.0000	0.0000	0.0000	0.0000											
67	83	0.2154	8	1	0	2	1	0	0	0	0	N	N	Y	N	N	N	N	N	N	N	N	N	0.0000	0.0000	0.0000	0.0000	0.0000	0.0000	0.0000	0.0000	0.0000	0.0000	0.0000	0.0000	0.0000	0.0000	0.0000	0.0000	0.0000	0.0000	0.0000	0.0000	3.0650	0.0000	1.0636	2.0000	0.0000	0.0000	0.0000	0.0000	0.0000	0.0000	0.0000	0.0000	0.0000	0.0000	0.0000	0.0000	0.0000	0.0000	0.0000	0.0000	0.0000	0.0000	0.0000	0.0000	0.0000	0.0000	0.0000	0.0000	0.0000	0.0000	0.0000	0.0180	0.0052	0.0128	0.0013	0.0007	0.0006	0.0168	0.0046	0.0122	0.0000	0.0000	0.0000	0.0000	0.0000	0.0000	0.0000	0.0000	0.0000	0.0000	0.0000	0.0000	0.0000	0.0000	0.0000	0.0000	0.0000	0.0000											
67	84	0.2081	7	1	0	1	1	0	0	0	0	N	N	N	N	N	N	N	N	N	N	N	N	2313.0621	770.3037	0.0000	0.0000	inf	inf	16.0850	18.0192	0.0000	0.0000	0.0000	0.0000	26.1011	30.3829	0.0000	0.0070	0.0234	0.0000	0.0822	0.1415	0.0000	0.0000	0.0000	0.0000	0.0000	0.0000	-0.1978	-0.0000	3.0650	1.0000	1.0636	0.0015	0.9998	0.9998	0.0000	0.0000	0.0000	0.0000	0.9998	0.9998	0.0000	0.0001	0.0001	0.0000	0.0001	0.0001	0.0000	0.0000	0.0000	0.0000	0.0622	0.0555	0.0067	0.0239	0.0226	0.0013	0.0383	0.0329	0.0054	0.0094	0.0028	0.0066	0.0008	0.0005	0.0003	0.0086	0.0023	0.0063	2313.0621	770.3037	0.0000	0.0000	0.0000	0.0000	inf	inf	0.0000	0.0070	0.0234	0.0000	0.0822	0.1415	0.0000	0.0000	0.0000	0.0000			
67	85	0.1934	6	1	0	1	1	0	0	0	0	N	N	N	N	N	N	N	N	N	N	N	N	4398.0467	inf	0.0000	6625.7441	inf	0.0000	15.7606	17.6550	0.0000	0.0000	0.0000	0.0000	25.8094	30.0668	0.0000	0.0036	0.0000	0.0051	0.0000	0.0000	0.0000	0.0039	0.0000	0.0054	0.0000	inf	-0.0000	0.0000	3.0650	0.0000	1.0636	2.0013	0.0000	0.0000	0.0000	0.0000	0.0000	0.0000	0.0000	0.0000	0.0000	0.0001	0.0000	0.0001	0.0000	0.0000	0.0000	0.0001	0.0000	0.0001	0.0000	0.0000	0.0000	0.0000	0.0000	0.0000	0.0000	0.0000	0.0000	0.0182	0.0055	0.0128	0.0015	0.0009	0.0006	0.0168	0.0046	0.0122	4398.0467	inf	0.0000	0.0000	0.0000	0.0000	6625.7441	inf	0.0000	0.0036	0.0000	0.0051	0.0000	0.0000	0.0000	0.0039	0.0000	0.0054			
67	86	0.2333	6	2	1	1	0	0	0	0	0	Y	N	N	N	N	N	N	N	N	N	N	N	0.4416	0.0000	inf	0.2154	0.0000	inf	0.0773	0.0000	1.2684	0.1161	0.0000	4.0700	0.0000	0.0000	0.0000	0.1750	0.3612	0.0000	0.5390	0.5650	0.0000	0.0000	0.0000	0.0000	7129.9286	0.0000	0.0000	-0.0027	3.0650	0.0007	1.0636	0.9812	0.0000	0.0000	0.0000	0.0000	0.0000	0.0000	0.0000	0.0000	0.0000	0.0037	0.0037	0.0000	0.0037	0.0037	0.0000	0.0000	0.0000	0.0000	0.0001	0.0001	0.0000	0.0001	0.0001	0.0000	0.0000	0.0000	0.0000	0.0209	0.0101	0.0108	0.0068	0.0065	0.0003	0.0141	0.0036	0.0104	0.4416	0.0000	inf	0.2154	0.0000	inf	0.0000	0.0000	0.0000	0.1750	0.3612	0.0000	0.5390	0.5650	0.0000	0.0000	0.0000	0.0000			
67	87	0.1775	5	2	1	1	0	0	0	0	0	Y	N	N	N	N	N	N	N	N	N	N	N	0.0037	0.0040	0.0221	0.0177	0.0017	inf	0.0000	0.0000	0.0000	0.0002	0.0000	0.0019	0.0006	0.0001	0.0104	0.0000	0.0000	0.0000	0.0623	0.0093	0.0862	0.0336	0.0528	0.0000	0.0650	0.0000	0.0903	5.9946	20.5585	0.0000	0.0008	3.0650	5.0272	1.0636	2.1572	0.0001	0.0000	0.0001	0.0001	0.0000	0.0001	0.0000	0.0000	0.0000	0.0038	0.0002	0.0036	0.0002	0.0002	0.0000	0.0036	0.0000	0.0036	0.3029	0.2715	0.0314	0.1176	0.1119	0.0058	0.1853	0.1596	0.0257	0.0613	0.0191	0.0423	0.0053	0.0034	0.0019	0.0560	0.0157	0.0403	0.0037	0.0040	0.0221	0.0177	0.0017	inf	0.0000	0.0000	0.0000	0.0623	0.0093	0.0862	0.0336	0.0528	0.0000	0.0650	0.0000	0.0903
67	88	0.2308	7	1	1	1	0	0	0	0	0	N	N	N	N	N	N	N	N	N	N	N	N	0.0000	0.0000	0.0000	0.0000	0.0000	0.0000	0.0000	0.0000	0.0000	0.0000	0.0000	0.0000	0.0000	0.0003	0.0009	0.0000	0.0000	0.0000	0.0000	0.0003	0.0421	0.0000	0.0000	0.0000	-0.0000	3.0650	0.0000	1.0636	4.0000	0.0000	0.0000	0.0000	0.0000	0.0000	0.0000	0.0000	0.0000	0.0000	0.0000	0.0000	0.0000	0.0000	0.0000	0.0000	0.0000	0.0000	0.0000	0.0000	0.0000	0.0000	0.0000	0.0000	0.0000	0.0000	0.0000	0.0000	0.0355	0.0111	0.0244	0.0039	0.0026	0.0013	0.0317	0.0085	0.0232	0.0000	0.0000	0.0000	0.0000	0.0000	0.0000	0.0000	0.0000	0.0000	0.0003	0.0009	0.0000	0.0000	0.0000	0.0000	0.0003	0.0012	0.0000						
67	89	0.1934	6	1	1	1	0	0	0	0	0	N	N	N	N	N	N	N	N	N	N	N	N	0.0000	0.0000	0.0000	0.0000	0.0000	0.0000	0.0000	0.0000	0.0000	0.0000	0.0000	0.0000	0.0000	0.0000	0.0000	0.0000	0.0000	0.0000	0.0000	0.0000	3.0650	3.0000	1.0636	2.0000	0.0000	0.0000	0.0000	0.0000	0.0000	0.0000	0.0000	0.0000	0.0000	0.0000	0.0000	0.0000	0.0000	0.0000	0.0000	0.0000	0.0000	0.0000	0.1792	0.1600	0.0193	0.0669	0.0633	0.0036	0.1124	0.0967	0.0157	0.0435	0.0132	0.0303	0.0035	0.0021	0.0014	0.0400	0.0111	0.0289	0.0000	0.0000	0.0000	0.0000	0.0000	0.0000	0.0000	0.0000	0.0000	0.0000	0.0000	0.0000	0.0000	0.0000	0.0000	0.0000	0.0000	0.0000											
67	90	0.1934	6	2	1	1	0	0	0	0	0	Y	N	N	N	N	N	N	N	N	N	N	N	0.0000	0.0000	0.0000	0.0000	0.0000	0.0000	0.0000	0.0000	0.0000	0.0000	0.0000	0.0000	0.0000	0.0002	0.0008	0.0000	0.0000	0.0000	0.0000	0.0003	0.0270	0.0000	0.0000	0.0000	-0.0000	3.0650	2.0000	1.0636	3.0000	0.0000	0.0000	0.0000	0.0000	0.0000	0.0000	0.0000	0.0000	0.0000	0.0000	0.0000	0.0000	0.0000	0.0000	0.0000	0.0000	0.0000	0.0000	0.1219	0.1088	0.0131	0.0461	0.0436	0.0025	0.0758	0.0651	0.0106	0.0435	0.0132	0.0303	0.0035	0.0021	0.0014	0.0400	0.0111	0.0289	0.0000	0.0000	0.0000	0.0000	0.0000	0.0000	0.0000	0.0000	0.0000	0.0002	0.0008	0.0000	0.0000	0.0000	0.0000	0.0003	0.0009	0.0000						
67	91	0.1775	5	1	0	1	0	0	0	0	0	N	N	N	N	N	N	N	N	N	N	N	N	0.0453	0.0000	inf	0.0103	0.0000	inf	0.0004	0.0000	0.0043	0.0010	0.0000	0.0217	0.0000	0.0000	0.0000	0.0093	0.0293	0.0000	0.0932	0.1342	0.0000	0.0000	0.0000	0.0000	7129.9286	0.0000	0.0000	-0.0001	3.0650	2.0705	1.0636	0.0351	0.0001	0.0000	0.0001	0.0001	0.0000	0.0001	0.0000	0.0000	0.0000	0.0002	0.0002	0.0000	0.0002	0.0002	0.0000	0.0000	0.0000	0.0000	0.1418	0.1279	0.0139	0.0625	0.0597	0.0028	0.0793	0.0681	0.0111	0.0201	0.0064	0.0137	0.0020	0.0014	0.0006	0.0181	0.0050	0.0131	0.0453	0.0000	inf	0.0103	0.0000	inf	0.0000	0.0000	0.0000	0.0093	0.0293	0.0000	0.0932	0.1342	0.0000	0.0000	0.0000	0.0000			
67	92	0.1521	4	1	0	1	0	0	0	0	0	N	N	N	N	N	N	N	N	N	N	N	N	0.0276	0.0058	0.4471	0.0095	0.0032	inf	0.0000	0.0000	0.0000	0.0005	0.0002	0.0036	0.0010	0.0004	0.0124	0.0000	0.0000	0.0000	0.0197	0.0411	0.0080	0.1105	0.1396	0.0000	0.0059	0.0003	0.0083	1.4995	0.3517	0.0001	-0.0003	3.0650	3.4249	1.0636	0.1413	0.0001	0.0001	0.0001	0.0001	0.0001	0.0001	0.0000	0.0000	0.0000	0.0007	0.0005	0.0002	0.0005	0.0005	0.0000	0.0002	0.0000	0.0002	0.2751	0.2499	0.0253	0.1428	0.1355	0.0073	0.1323	0.1143	0.0180	0.0363	0.0129	0.0234	0.0048	0.0038	0.0010	0.0315	0.0091	0.0224	0.0276	0.0058	0.4471	0.0095	0.0032	inf	0.0000	0.0000	0.0000	0.0197	0.0411	0.0080	0.1105	0.1396	0.0000	0.0059	0.0000	0.0083
67	98	0.2890	9	1	0	1	0	0	0	0	0	N	N	N	N	N	N	N	N	N	N	N	N	0.0099	1.7145	0.0000	2.5863	2.5916	0.0000	0.0000	0.0000	0.0004	0.0004	0.0000	0.0007	0.0007	0.0000	0.0000	0.0000	0.0000	0.0382	0.0002	0.0849	0.0003	0.0003	0.0000	0.0566	0.0055	0.0886	0.0000	285.6618	-0.0000	0.0015	3.0650	4.9999	1.0636	9.0821	0.0002	0.0002	0.0000	0.0002	0.0002	0.0000	0.0000	0.0000	0.0000	0.0059	0.0000	0.0059	0.0000	0.0000	0.0000	0.0059	0.0000	0.0059	0.4180	0.3804	0.0376	0.2246	0.2115	0.0131	0.1934	0.1689	0.0245	0.1553	0.0857	0.0697	0.0507	0.0479	0.0029	0.1046	0.0378	0.0668	0.0099	1.7145	0.0000	2.5863	2.5916	0.0000	0.0000	0.0000	0.0000	0.0382	0.0002	0.0849	0.0003	0.0003	0.0000	0.0566	0.0002	0.0886	
68	69	0.1292	3	0	2	0	1	0	0	0	0	N	Y	N	N	N	N	N	N	N	N	N	N	0.0148	0.0041	inf	0.0046	0.0037	inf	6.3027	0.0013	inf	0.0508	0.0360	0.1710	0.0816	0.0862	0.0309	0.0301	0.0006	0.2321	3.4311	8.7865	0.0000	17.6330	23.1554	0.0000	0.0048	0.4969	0.0000	0.5838	0.0000	0.0065	-0.7686	2.7513	9.9334	4.0954	8.9999	0.0379	0.0239	0.0140	0.0244	0.0237	0.0008	0.0134	0.0003	0.0132	1.0262	1.0262	0.0000	1.0251	1.0251	0.0000	0.0011	0.0011	0.0000	0.7461	0.6645	0.0816	0.2992	0.2744	0.0248	0.4469	0.3901	0.0568	0.2991	0.1168	0.1823	0.0581	0.0443	0.0139	0.2410	0.0725	0.1684	0.0148	0.0041	inf	0.0046	0.0037	inf	6.3027	0.0404	inf	3.4311	8.7865	0.0000	17.6330	23.1554	0.0000	0.0048	0.0159	0.0000
68	70	0.1292	3	0	2	0	1	0	0	0	0	N	Y	N	N	N	N	N	N	N	N	N	N	0.0301	0.0124	0.0000	0.0122	0.0094	0.0000	0.0165	0.0177	0.0000	0.0339	0.0342	0.0000	0.0000	0.0000	0.0000	0.5468	1.4263	0.0000	2.7780	3.6279	0.0000	0.0000	0.0000	0.0000	0.0000	0.0000	-0.0001	-0.0340	2.7513	0.0666	4.0954	4.0001	0.0007	0.0007	0.0000	0.0007	0.0007	0.0000	0.0000	0.0000	0.0000	0.0455	0.0455	0.0000	0.0455	0.0455	0.0000	0.0000	0.0000	0.0000	0.0402	0.0374	0.0028	0.0195	0.0193	0.0002	0.0207	0.0181	0.0025	0.0831	0.0319	0.0513	0.0164	0.0125	0.0038	0.0668	0.0193	0.0474	0.0301	0.0124	0.0000	0.0122	0.0094	0.0000	0.0000	0.0000	0.0000	0.5468	1.4263	0.0000	2.7780	3.6279	0.0000	0.0000	0.0000	0.0000			
68	71	0.1997	5	0	2	0	1	0	0	0	0	N	Y	N	N	N	N	N	N	N	N	N	N	0.0000	0.0000	0.0000	0.0000	0.0000	0.0000	0.0000	0.0000	0.0000	0.0000	0.0000	0.0000	0.0000	0.5678	1.5674	0.0000	5.0380	5.1931	0.0000	0.0000	0.0000	0.0000	0.0000	0.0000	-0.0339	2.7513	2.0000	4.0954	3.0000	0.0000	0.0000	0.0000	0.0000	0.0000	0.0000	0.0000	0.0000	0.0000	0.0452	0.0452	0.0000	0.0452	0.0452	0.0000	0.0000	0.0000	0.0000	0.1365	0.1235	0.0130	0.0684	0.0649	0.0035	0.0681	0.0586	0.0095	0.0797	0.0289	0.0508	0.0090	0.0087	0.0003	0.0707	0.0201	0.0505	0.0000	0.0000	0.0000	0.0000	0.0000	0.0000	0.0000	0.0000	0.0000	0.5678	1.5674	0.0000	5.0380	5.1931	0.0000	0.0000	0.0000	0.0000						
68	72	0.1729	4	0	1	0	1	0	0	0	0	N	N	N	N	N	N	N	N	N	N	N	N	99.0431	67.5496	0.0001	28.9467	31.2468	0.0000	120.6065	480.7341	0.0001	1.3603	1.5057	0.0000	1.8847	2.0227	0.0000	0.6960	0.8022	0.0000	0.0137	0.0223	0.0085	0.0651	0.0647	0.8176	0.0058	0.0017	0.0081	0.0000	0.6206	-0.1426	-0.0005	2.7513	4.7932	4.0954	0.2507	0.7208	0.7208	0.0000	0.5581	0.5581	0.0000	0.1627	0.1627	0.0000	0.0013	0.0008	0.0005	0.0008	0.0008	0.0000	0.0005	0.0000	0.0005	0.5299	0.4787	0.0512	0.2961	0.2759	0.0202	0.2338	0.2028	0.0310	0.0926	0.0352	0.0574	0.0124	0.0121	0.0003	0.0802	0.0231	0.0571	99.0431	67.5496	0.0001	28.9467	31.2468	0.0000	120.6065	21886.3305	0.0001	0.0137	0.0223	0.0085	0.0651	0.0647	0.0795	0.0058	0.0000	0.0081
68	73	0.1292	3	0	1	0	1	0	0	0	0	N	N	N	N	N	N	N	N	N	N	N	N	0.0108	0.0047	0.0319	0.0026	0.0022	0.0128	0.2525	0.0959	0.0298	0.0718	0.0794	0.0100	0.0858	0.0925	0.0102	0.0621	0.0699	0.0100	6.6594	16.7723	0.3152	32.8696	42.9757	0.7980	0.2461	0.7291	0.3345	0.0156	0.0300	-0.0055	-0.7270	2.7513	4.9764	4.0954	2.9948	0.0302	0.0297	0.0005	0.0147	0.0145	0.0001	0.0155	0.0152	0.0003	1.0099	0.9806	0.0294	0.9800	0.9794	0.0005	0.0300	0.0012	0.0288	0.4209	0.3746	0.0463	0.1708	0.1569	0.0139	0.2501	0.2176	0.0324	0.1517	0.0585	0.0932	0.0298	0.0228	0.0070	0.1218	0.0357	0.0862	0.0108	0.0047	0.0319	0.0026	0.0022	0.1305	0.2525	2.1499	0.0298	6.6594	16.7723	0.3152	32.8696	42.9757	0.0782	0.2461	0.0325	0.3345
68	74	0.1492	4	0	2	0	1	0	0	0	0	N	Y	N	N	N	N	N	N	N	N	N	N	12.0744	11.0597	0.1855	7.7471	7.1797	0.0334	11.8387	inf	0.2138	0.0163	0.0179	0.0002	0.0233	0.0250	0.0001	0.0094	0.0107	0.0002	0.0014	0.0016	0.0011	0.0030	0.0035	0.0043	0.0008	0.0000	0.0012	0.0012	0.8994	-0.0014	-0.0001	2.7513	1.8678	4.0954	4.6278	0.0069	0.0069	0.0000	0.0049	0.0049	0.0000	0.0020	0.0020	0.0000	0.0002	0.0001	0.0001	0.0001	0.0001	0.0000	0.0001	0.0000	0.0001	0.4220	0.3837	0.0383	0.2081	0.1946	0.0135	0.2139	0.1892	0.0247	0.1395	0.0612	0.0782	0.0348	0.0285	0.0062	0.1047	0.0327	0.0720	12.0744	11.0597	0.1855	7.7471	7.1797	0.1610	11.8387	inf	0.2138	0.0014	0.0016	0.0011	0.0030	0.0035	0.0009	0.0008	0.0000	0.0012
68	75	0.1292	3	0	1	0	1	0	0	0	0	N	N	N	N	N	N	N	N	N	N	N	N	0.8958	11.4168	0.0643	270.1860	1238.6121	0.1368	0.2810	0.5273	0.0776	1.8037	2.0016	0.2031	3.4110	3.7067	0.0589	0.7037	0.7691	0.2648	2.0135	0.1753	3.1597	0.0126	0.0030	0.4304	2.5037	1.4587	3.4123	0.0125	28.9037	-0.1342	0.0464	2.7513	4.7010	4.0954	0.6064	0.7237	0.7147	0.0090	0.5561	0.5553	0.0008	0.1676	0.1594	0.0082	0.2134	0.0071	0.2063	0.0003	0.0000	0.0002	0.2132	0.0071	0.2061	0.4012	0.3571	0.0441	0.1630	0.1498	0.0132	0.2382	0.2073	0.0309	0.1060	0.0407	0.0653	0.0209	0.0160	0.0049	0.0851	0.0247	0.0604	0.8958	11.4168	0.0643	270.1860	1238.6121	1.3374	0.2810	2.6848	0.0776	2.0135	0.1753	3.1597	0.0126	0.0030	0.0440	2.5037	0.2865	3.4123
68	76	0.0692	2	0	1	0	1	0	0	0	0	N	N	N	N	N	N	N	N	N	N	N	N	0.0970	0.0472	0.8297	1.0940	1.1387	0.0008	0.0695	0.0271	1.5393	0.5538	0.6715	0.0037	0.6472	0.7704	0.0001	0.4615	0.5699	0.0067	5.7115	14.2165	0.0045	0.5916	0.6765	0.0781	6.6406	21.0030	0.0043	0.0012	0.0005	-0.1029	-0.7351	2.7513	4.7970	4.0954	3.0436	0.5235	0.5229	0.0006	0.3040	0.3040	0.0000	0.2195	0.2189	0.0006	0.9821	0.9817	0.0005	0.0156	0.0156	0.0000	0.9665	0.9661	0.0004	0.9454	0.7787	0.1667	0.4697	0.3946	0.0751	0.4756	0.3841	0.0915	0.1720	0.0691	0.1029	0.0264	0.0231	0.0034	0.1455	0.0460	0.0995	0.0970	0.0472	0.8297	1.0940	1.1387	0.0081	0.0695	0.0271	1.5393	5.7115	14.2165	0.0045	0.5916	0.6765	0.0079	6.6406	21.0030	0.0043
68	78	0.1327	5	1	2	0	2	0	0	0	0	N	Y	N	Y	N	N	N	N	N	N	N	N	0.0082	0.0071	0.0134	0.0075	0.0063	0.0065	0.0003	0.0000	0.0015	0.0000	0.0000	0.0000	0.0000	0.0000	0.0000	0.0000	0.0000	0.0000	0.0004	0.0004	0.0004	0.0013	0.0014	0.0034	0.0002	0.0000	0.0003	0.2011	1.4471	-0.0000	-0.0000	2.7513	1.0000	4.0954	2.0144	0.0000	0.0000	0.0000	0.0000	0.0000	0.0000	0.0000	0.0000	0.0000	0.0000	0.0000	0.0000	0.0000	0.0000	0.0000	0.0000	0.0000	0.0000	0.0896	0.0798	0.0098	0.0277	0.0258	0.0019	0.0618	0.0540	0.0079	0.0655	0.0245	0.0410	0.0085	0.0071	0.0014	0.0570	0.0174	0.0395	0.0082	0.0071	0.0134	0.0075	0.0063	0.0272	0.0003	0.0000	0.0015	0.0004	0.0004	0.0004	0.0013	0.0014	0.0008	0.0002	0.0000	0.0003
68	79	0.1105	4	1	2	0	2	0	0	0	0	N	Y	N	Y	N	N	N	N	N	N	N	N	63.2240	33.7710	0.0000	7.4042	6.5890	0.0000	274.5222	80.0647	0.0000	0.0436	0.0490	0.0000	0.0320	0.0344	0.0000	0.0488	0.0560	0.0000	0.0007	0.0015	0.0002	0.0043	0.0052	0.0000	0.0002	0.0007	0.0002	0.0000	0.2818	-0.0000	-0.0000	2.7513	0.0001	4.0954	3.0180	0.0000	0.0000	0.0000	0.0000	0.0000	0.0000	0.0000	0.0000	0.0000	0.0000	0.0000	0.0000	0.0000	0.0000	0.0000	0.0000	0.0000	0.0000	0.0000	0.0000	0.0000	0.0000	0.0000	0.0000	0.0000	0.0000	0.0000	0.0650	0.0241	0.0409	0.0080	0.0066	0.0014	0.0570	0.0175	0.0395	63.2240	33.7710	0.0000	7.4042	6.5890	0.0000	274.5222	3393.2395	0.0000	0.0007	0.0015	0.0002	0.0043	0.0052	0.0000	0.0002	0.0000	0.0002
68	80	0.1325	6	0	2	0	2	0	0	0	0	N	Y	N	Y	N	N	N	N	N	N	N	N	0.0000	0.0000	0.0000	0.0000	0.0000	0.0000	0.0000	0.0000	0.0000	0.0000	0.0000	0.0000	0.0000	0.0000	0.0000	0.0000	0.0000	0.0000	0.0000	0.0000	2.7513	0.0000	4.0954	0.0000	0.0000	0.0000	0.0000	0.0000	0.0000	0.0000	0.0000	0.0000	0.0000	0.0000	0.0000	0.0000	0.0000	0.0000	0.0000	0.0000	0.0000	0.0000	0.0000	0.0000	0.0000	0.0000	0.0000	0.0000	0.0000	0.0000	0.0000	0.0000	0.0000	0.0000	0.0000	0.0000	0.0000	0.0000	0.0000	0.0000	0.0000	0.0000	0.0000	0.0000	0.0000	0.0000	0.0000	0.0000	0.0000	0.0000	0.0000	0.0000	0.0000	0.0000	0.0000	0.0000	0.0000	0.0000											
68	81	0.1105	4	0	1	1	2	0	0	0	0	N	N	N	Y	N	N	N	N	N	N	N	N	0.0000	0.0000	0.0000	0.0000	0.0000	0.0000	0.0000	0.0000	0.0000	0.0000	0.0000	0.0000	0.0000	0.0000	0.0000	0.0000	0.0000	0.0000	0.0000	0.0000	2.7513	2.0000	4.0954	0.0000	0.0000	0.0000	0.0000	0.0000	0.0000	0.0000	0.0000	0.0000	0.0000	0.0000	0.0000	0.0000	0.0000	0.0000	0.0000	0.0000	0.0000	0.0000	0.1748	0.1558	0.0190	0.0539	0.0502	0.0038	0.1209	0.1056	0.0153	0.0441	0.0163	0.0278	0.0054	0.0045	0.0009	0.0386	0.0118	0.0268	0.0000	0.0000	0.0000	0.0000	0.0000	0.0000	0.0000	0.0000	0.0000	0.0000	0.0000	0.0000	0.0000	0.0000	0.0000	0.0000	0.0000	0.0000											
68	82	0.1105	4	0	1	1	2	0	0	0	0	N	N	N	Y	N	N	N	N	N	N	N	N	0.0000	0.0000	0.0000	0.0000	0.0000	0.0000	0.0000	0.0000	0.0000	0.0000	0.0000	0.0000	0.0000	0.0006	0.0016	0.0000	0.0048	0.0058	0.0000	0.0000	0.0000	0.0000	0.0000	0.0000	-0.0000	2.7513	0.0000	4.0954	4.0000	0.0000	0.0000	0.0000	0.0000	0.0000	0.0000	0.0000	0.0000	0.0000	0.0001	0.0001	0.0000	0.0001	0.0001	0.0000	0.0000	0.0000	0.0000	0.0000	0.0000	0.0000	0.0000	0.0000	0.0000	0.0000	0.0000	0.0000	0.0844	0.0314	0.0530	0.0104	0.0086	0.0018	0.0740	0.0228	0.0512	0.0000	0.0000	0.0000	0.0000	0.0000	0.0000	0.0000	0.0000	0.0000	0.0006	0.0016	0.0000	0.0048	0.0058	0.0000	0.0000	0.0000	0.0000						
68	83	0.1325	6	0	1	1	2	0	0	0	0	N	N	N	Y	N	N	N	N	N	N	N	N	0.0000	0.0000	0.0000	0.0000	0.0000	0.0000	0.0000	0.0000	0.0000	0.0000	0.0000	0.0000	0.0000	0.0000	0.0000	0.6708	1.7500	0.0000	0.0777	0.0909	0.0000	0.7827	2.6594	0.0000	0.0000	0.0000	-0.0220	2.7513	0.0000	4.0954	2.0000	0.0000	0.0000	0.0000	0.0000	0.0000	0.0000	0.0000	0.0000	0.0000	0.0294	0.0294	0.0000	0.0005	0.0005	0.0000	0.0288	0.0288	0.0000	0.0000	0.0000	0.0000	0.0000	0.0000	0.0000	0.0000	0.0000	0.0000	0.0438	0.0168	0.0270	0.0070	0.0059	0.0010	0.0368	0.0108	0.0260	0.0000	0.0000	0.0000	0.0000	0.0000	0.0000	0.0000	0.0000	0.0000	0.6708	1.7500	0.0000	0.0777	0.0909	0.0000	0.7827	2.6594	0.0000				
68	84	0.1252	5	0	1	0	2	0	0	0	0	N	N	N	Y	N	N	N	N	N	N	N	N	0.0000	0.0000	0.0000	0.0000	0.0000	0.0000	0.0000	0.0000	0.0000	0.0000	0.0000	0.0000	0.0000	0.0000	0.0000	0.0000	0.0000	0.0021	0.0000	0.0035	0.0000	0.0000	0.0001	0.0026	0.0000	0.0036	398.0292	0.0000	0.0000	2.7513	1.0000	4.0954	0.0015	0.0000	0.0000	0.0000	0.0000	0.0000	0.0000	0.0000	0.0000	0.0000	0.0000	0.0000	0.0000	0.0000	0.0000	0.0000	0.0000	0.0000	0.0000	0.0896	0.0798	0.0098	0.0277	0.0258	0.0019	0.0618	0.0540	0.0079	0.0229	0.0088	0.0141	0.0037	0.0032	0.0005	0.0192	0.0056	0.0136	0.0000	0.0000	0.0000	0.0000	0.0000	0.0000	0.0000	0.0000	0.0000	0.0021	0.0000	0.0035	0.0000	0.0000	0.0001	0.0026	0.0000	0.0036		
68	85	0.1105	4	0	1	0	2	0	0	0	0	N	N	N	Y	N	N	N	N	N	N	N	N	0.0000	0.0000	0.0000	0.0000	0.0000	0.0000	0.0000	0.0000	0.0000	0.0000	0.0000	0.0000	0.0000	0.0422	0.1138	0.0000	0.3409	0.4113	0.0000	0.0000	0.0000	0.0000	0.0000	0.0000	-0.0014	2.7513	0.0000	4.0954	2.0013	0.0000	0.0000	0.0000	0.0000	0.0000	0.0000	0.0000	0.0000	0.0000	0.0019	0.0019	0.0000	0.0019	0.0019	0.0000	0.0000	0.0000	0.0000	0.0000	0.0000	0.0000	0.0000	0.0000	0.0000	0.0000	0.0000	0.0000	0.0441	0.0163	0.0278	0.0055	0.0045	0.0009	0.0386	0.0118	0.0268	0.0000	0.0000	0.0000	0.0000	0.0000	0.0000	0.0000	0.0000	0.0000	0.0422	0.1138	0.0000	0.3409	0.4113	0.0000	0.0000	0.0000	0.0000						
68	86	0.1504	4	1	2	0	1	0	0	0	0	N	Y	N	N	N	N	N	N	N	N	N	N	0.1957	5.9172	0.0500	2.5735	2.5035	0.5212	0.2025	20367.5589	0.0053	0.0113	0.0118	0.0056	0.0078	0.0075	0.0121	0.0174	0.0199	0.0006	0.0577	0.0020	0.1120	0.0030	0.0030	0.0232	0.0858	0.0000	0.1143	0.0434	57.6055	-0.0000	0.0006	2.7513	0.0007	4.0954	0.9812	0.0000	0.0000	0.0000	0.0000	0.0000	0.0000	0.0000	0.0000	0.0000	0.0027	0.0000	0.0027	0.0000	0.0000	0.0000	0.0027	0.0000	0.0027	0.0002	0.0002	0.0000	0.0001	0.0001	0.0000	0.0001	0.0001	0.0000	0.0475	0.0234	0.0241	0.0161	0.0156	0.0005	0.0314	0.0078	0.0236	0.1957	5.9172	0.0500	2.5735	2.5035	3.3138	0.2025	21061.6130	0.0053	0.0577	0.0020	0.1120	0.0030	0.0030	0.0036	0.0858	0.0000	0.1143
68	87	0.0946	3	1	2	0	1	0	0	0	0	N	Y	N	N	N	N	N	N	N	N	N	N	1.1268	0.5184	0.0256	0.0700	0.0633	0.0056	17.4087	70.4056	0.0193	0.0268	0.0300	0.0001	0.0118	0.0126	0.0001	0.0340	0.0388	0.0001	0.0238	0.0579	0.0029	0.1680	0.1995	0.0260	0.0020	0.0006	0.0028	0.0003	0.0809	-0.0023	-0.0023	2.7513	5.0272	4.0954	2.1572	0.0119	0.0119	0.0000	0.0017	0.0017	0.0000	0.0102	0.0102	0.0000	0.0035	0.0032	0.0003	0.0032	0.0032	0.0000	0.0002	0.0000	0.0002	0.4422	0.3950	0.0472	0.1428	0.1329	0.0099	0.2995	0.2622	0.0373	0.1451	0.0552	0.0899	0.0191	0.0160	0.0031	0.1260	0.0392	0.0868	1.1268	0.5184	0.0256	0.0700	0.0633	0.0348	17.4087	3709.2429	0.0193	0.0238	0.0579	0.0029	0.1680	0.1995	0.0042	0.0020	0.0000	0.0028
68	88	0.1478	5	0	2	0	1	0	0	0	0	N	Y	N	N	N	N	N	N	N	N	N	N	0.0000	0.0000	0.0000	0.0000	0.0000	0.0000	0.0000	0.0000	0.0000	0.0000	0.0000	0.0000	0.0000	0.0019	0.0051	0.0000	0.0140	0.0167	0.0000	0.0000	0.0000	0.0000	0.0000	0.0000	-0.0001	2.7513	0.0000	4.0954	4.0000	0.0000	0.0000	0.0000	0.0000	0.0000	0.0000	0.0000	0.0000	0.0000	0.0002	0.0002	0.0000	0.0002	0.0002	0.0000	0.0000	0.0000	0.0000	0.0000	0.0000	0.0000	0.0000	0.0000	0.0000	0.0000	0.0000	0.0000	0.0882	0.0336	0.0546	0.0122	0.0102	0.0020	0.0761	0.0235	0.0526	0.0000	0.0000	0.0000	0.0000	0.0000	0.0000	0.0000	0.0000	0.0000	0.0019	0.0051	0.0000	0.0140	0.0167	0.0000	0.0000	0.0000	0.0000						
68	89	0.1105	4	0	2	0	1	0	0	0	0	N	Y	N	N	N	N	N	N	N	N	N	N	95.9228	0.0000	inf	2.7273	0.0000	inf	inf	inf	0.0929	0.0000	0.8564	0.0214	0.0000	0.3066	0.1246	0.0000	0.9926	0.0010	0.0026	0.0000	0.0079	0.0095	0.0000	0.0000	0.0000	0.0000	inf	0.0000	0.0191	-0.0001	2.7513	3.0000	4.0954	2.0000	0.0238	0.0000	0.0238	0.0017	0.0000	0.0017	0.0221	0.0000	0.0221	0.0001	0.0001	0.0000	0.0001	0.0001	0.0000	0.0000	0.0000	0.0000	0.2561	0.2283	0.0278	0.0788	0.0733	0.0055	0.1773	0.1551	0.0223	0.1033	0.0384	0.0648	0.0127	0.0105	0.0022	0.0906	0.0279	0.0626	95.9228	0.0000	inf	2.7273	0.0000	inf	inf	0.0000	inf	0.0010	0.0026	0.0000	0.0079	0.0095	0.0000	0.0000	0.0000	0.0000	
68	90	0.1105	4	1	2	0	1	0	0	0	0	N	Y	N	N	N	N	N	N	N	N	N	N	0.0000	0.0000	0.0000	0.0000	0.0000	0.0000	0.0000	0.0000	0.0000	0.0000	0.0000	0.0000	0.0000	0.2171	0.5832	0.0000	1.7629	2.1334	0.0000	0.0000	0.0000	0.0000	0.0000	0.0000	-0.0168	2.7513	2.0000	4.0954	3.0000	0.0000	0.0000	0.0000	0.0000	0.0000	0.0000	0.0000	0.0000	0.0000	0.0224	0.0224	0.0000	0.0224	0.0224	0.0000	0.0000	0.0000	0.0000	0.1748	0.1558	0.0190	0.0539	0.0502	0.0038	0.1209	0.1056	0.0153	0.1033	0.0384	0.0648	0.0127	0.0105	0.0022	0.0906	0.0279	0.0626	0.0000	0.0000	0.0000	0.0000	0.0000	0.0000	0.0000	0.0000	0.0000	0.2171	0.5832	0.0000	1.7629	2.1334	0.0000	0.0000	0.0000	0.0000						
68	91	0.0946	3	0	1	0	1	0	0	0	0	N	N	N	N	N	N	N	N	N	N	N	N	0.9083	0.6595	0.0141	0.4178	0.4011	0.0019	1.0623	17.2768	0.0093	0.0121	0.0135	0.0001	0.0226	0.0242	0.0003	0.0063	0.0073	0.0001	0.0133	0.0205	0.0087	0.0541	0.0603	0.1454	0.0060	0.0004	0.0086	0.0011	0.6604	-0.0005	-0.0002	2.7513	2.0705	4.0954	0.0351	0.0026	0.0026	0.0000	0.0017	0.0017	0.0000	0.0009	0.0009	0.0000	0.0007	0.0004	0.0003	0.0004	0.0004	0.0000	0.0003	0.0000	0.0003	0.2174	0.1944	0.0230	0.0773	0.0722	0.0051	0.1401	0.1222	0.0179	0.0501	0.0196	0.0305	0.0077	0.0067	0.0010	0.0424	0.0129	0.0295	0.9083	0.6595	0.0141	0.4178	0.4011	0.0212	1.0623	811.0603	0.0093	0.0133	0.0205	0.0087	0.0541	0.0603	0.0130	0.0060	0.0000	0.0086
68	92	0.0692	2	0	1	0	1	0	0	0	0	N	N	N	N	N	N	N	N	N	N	N	N	3.9827	2.2005	0.2449	0.9129	0.9871	0.0056	45.0864	5.7356	0.3915	0.7399	0.9076	0.0047	0.8375	1.0023	0.0016	0.6294	0.7944	0.0074	0.1858	0.4125	0.0192	0.9174	1.0154	0.2896	0.0140	0.1385	0.0190	0.0012	0.0634	-0.1243	-0.0121	2.7513	3.4249	4.0954	0.1413	0.6323	0.6315	0.0007	0.3800	0.3799	0.0001	0.2523	0.2516	0.0006	0.0176	0.0165	0.0010	0.0165	0.0165	0.0000	0.0011	0.0001	0.0010	0.8546	0.6958	0.1588	0.4537	0.3790	0.0747	0.4008	0.3168	0.0841	0.0947	0.0401	0.0546	0.0180	0.0162	0.0018	0.0767	0.0239	0.0528	3.9827	2.2005	0.2449	0.9129	0.9871	0.0641	45.0864	280.9873	0.3915	0.1858	0.4125	0.0192	0.9174	1.0154	0.0254	0.0140	0.0028	0.0190
68	98	0.1711	5	0	1	0	1	0	0	0	0	N	N	N	N	N	N	N	N	N	N	N	N	0.0155	0.0098	0.0012	0.0870	0.0849	0.0000	0.0003	0.0001	0.0020	0.0298	0.0330	0.0000	0.0783	0.0830	0.0000	0.0007	0.0008	0.0000	1.9184	3.3630	0.0009	0.8993	0.9773	0.0370	2.4823	6.5843	0.0006	0.0000	0.0002	-0.0041	-0.5012	2.7513	4.9999	4.0954	9.0821	0.0209	0.0209	0.0000	0.0206	0.0206	0.0000	0.0003	0.0003	0.0000	0.6695	0.6693	0.0001	0.1118	0.1117	0.0001	0.5577	0.5576	0.0001	0.7023	0.6340	0.0683	0.2638	0.2487	0.0150	0.4386	0.3853	0.0533	0.3490	0.1990	0.1500	0.1243	0.1143	0.0100	0.2247	0.0847	0.1400	0.0155	0.0098	0.0012	0.0870	0.0849	0.0002	0.0003	0.0001	0.0020	1.9184	3.3630	0.0009	0.8993	0.9773	0.0055	2.4823	6.5843	0.0006
69	71	0.2258	3	0	2	0	0	0	0	0	0	N	Y	N	N	N	N	N	N	N	N	N	N	0.5248	3.0044	0.5990	3.1593	3.0151	0.0000	26.0209	0.0000	0.0000	0.0000	4.0063	0.0000	29.6608	5.7449	0.0000	8.6609	0.0000	0.0000	0.0000	6.6879	0.0000	9.3885	inf	inf	0.8022	0.2511	9.9334	2.0000	8.9999	3.0000	1.0000	0.0000	1.0000	0.0000	0.0000	0.0000	1.0000	0.0000	1.0000	1.0000	0.0000	1.0000	0.0000	0.0000	0.0000	1.0000	0.0000	1.0000	0.3317	0.2932	0.0384	0.0821	0.0773	0.0047	0.2496	0.2159	0.0337	0.1741	0.0586	0.1155	0.0245	0.0156	0.0089	0.1495	0.0430	0.1065	0.5248	0.0000	3.0044	0.0000	0.0000	0.0000	0.5990	0.0000	3.1593	5.7449	0.0000	8.6609	0.0000	0.0000	0.0000	6.6879	0.0000	9.3885					
69	72	0.1989	2	0	1	0	0	0	0	0	0	N	N	N	N	N	N	N	N	N	N	N	N	16.3274	7.1634	0.9180	10.1215	8.1371	0.0210	29.5765	inf	1.0404	0.7397	0.8257	0.0052	2.4587	2.6102	0.0006	0.1222	0.1383	0.0060	0.0453	0.1153	0.0057	0.2429	0.3208	0.0295	0.0041	0.0000	0.0057	0.0007	0.0865	-0.1528	-0.0065	9.9334	4.7932	8.9999	0.2507	0.7753	0.7748	0.0006	0.6811	0.6811	0.0000	0.0943	0.0937	0.0006	0.0097	0.0089	0.0008	0.0089	0.0089	0.0000	0.0007	0.0000	0.0007	1.0482	0.9383	0.1099	0.2770	0.2609	0.0161	0.7712	0.6774	0.0938	0.2135	0.0772	0.1362	0.0368	0.0277	0.0091	0.1766	0.0495	0.1272	16.3274	7.1634	0.9180	10.1215	8.1371	0.1408	29.5765	inf	1.0404	0.0453	0.1153	0.0057	0.2429	0.3208	0.0044	0.0041	0.0000	0.0057
69	74	0.1753	2	0	2	0	0	0	0	0	0	N	Y	N	N	N	N	N	N	N	N	N	N	929.0946	331.0329	inf	96.1747	101.5275	inf	inf	inf	inf	0.7667	0.8511	0.0203	1.0838	1.1724	0.0064	0.4563	0.5184	0.0285	0.0008	0.0026	0.0000	0.0113	0.0115	0.0000	0.0000	0.0000	0.0000	0.0027	0.0000	-0.1247	-0.0002	9.9334	1.8678	8.9999	4.6278	0.6390	0.6373	0.0017	0.4468	0.4466	0.0002	0.1922	0.1907	0.0015	0.0002	0.0002	0.0000	0.0002	0.0002	0.0000	0.0000	0.0000	0.0000	0.8335	0.7488	0.0847	0.4122	0.3809	0.0313	0.4213	0.3679	0.0534	0.2787	0.0895	0.1893	0.0204	0.0199	0.0005	0.2583	0.0695	0.1888	929.0946	331.0329	inf	96.1747	101.5275	inf	inf	inf	inf	0.0008	0.0026	0.0000	0.0113	0.0115	0.0000	0.0000	0.0000	0.0000
69	78	0.2789	5	1	2	0	1	0	0	0	0	N	Y	N	N	N	N	N	N	N	N	N	N	0.3528	0.0680	inf	0.0894	0.0308	inf	0.0001	0.0001	0.0004	0.0004	0.0002	0.0031	0.0000	0.0000	0.0000	0.0003	0.0008	0.0000	0.0045	0.0069	0.0000	0.0000	0.0000	0.0000	1.0000	0.0000	0.0000	-0.0000	9.9334	1.0000	8.9999	2.0144	0.0000	0.0000	0.0000	0.0000	0.0000	0.0000	0.0000	0.0000	0.0000	0.0000	0.0000	0.0000	0.0000	0.0000	0.0000	0.0000	0.0000	0.0000	0.2082	0.1847	0.0235	0.0501	0.0469	0.0032	0.1580	0.1378	0.0203	0.1469	0.0502	0.0967	0.0090	0.0058	0.0032	0.1379	0.0444	0.0935	0.3528	0.0680	inf	0.0894	0.0308	inf	0.0000	0.0000	0.0000	0.0003	0.0008	0.0000	0.0045	0.0069	0.0000	0.0000	0.0000	0.0000			
69	79	0.2567	4	1	2	0	1	0	0	0	0	N	Y	N	N	N	N	N	N	N	N	N	N	4903.9459	inf	0.0000	inf	inf	0.0000	0.0000	1.3426	1.5141	0.0000	5.5047	5.8851	0.0000	0.0000	0.0000	0.0000	0.0003	0.0000	0.0004	0.0000	0.0000	0.0000	0.0003	0.0000	0.0004	0.0000	inf	-0.0000	0.0000	9.9334	0.0001	8.9999	3.0180	0.0000	0.0000	0.0000	0.0000	0.0000	0.0000	0.0000	0.0000	0.0000	0.0000	0.0000	0.0000	0.0000	0.0000	0.0000	0.0000	0.0000	0.0000	0.0000	0.0000	0.0000	0.0000	0.0000	0.0000	0.0000	0.0000	0.0000	0.1461	0.0494	0.0967	0.0079	0.0049	0.0031	0.1382	0.0446	0.0936	4903.9459	inf	0.0000	inf	inf	0.0000	0.0000	0.0000	0.0000	0.0003	0.0000	0.0004	0.0000	0.0000	0.0000	0.0003	0.0000	0.0004		
69	80	0.2787	6	0	2	0	1	0	0	0	0	N	Y	N	N	N	N	N	N	N	N	N	N	0.0000	0.0000	0.0000	0.0000	0.0000	0.0000	0.0000	0.0000	0.0000	0.0000	0.0000	0.0000	0.0000	0.0000	0.0000	0.0000	0.0000	0.0000	0.0000	0.0000	9.9334	0.0000	8.9999	0.0000	0.0000	0.0000	0.0000	0.0000	0.0000	0.0000	0.0000	0.0000	0.0000	0.0000	0.0000	0.0000	0.0000	0.0000	0.0000	0.0000	0.0000	0.0000	0.0000	0.0000	0.0000	0.0000	0.0000	0.0000	0.0000	0.0000	0.0000	0.0000	0.0000	0.0000	0.0000	0.0000	0.0000	0.0000	0.0000	0.0000	0.0000	0.0000	0.0000	0.0000	0.0000	0.0000	0.0000	0.0000	0.0000	0.0000	0.0000	0.0000	0.0000	0.0000	0.0000	0.0000	0.0000	0.0000											
69	81	0.2567	4	0	1	1	1	0	0	0	0	N	N	N	N	N	N	N	N	N	N	N	N	0.0000	0.0000	0.0000	0.0000	0.0000	0.0000	0.0000	0.0000	0.0000	0.0000	0.0000	0.0000	0.0000	0.0000	0.0000	0.0000	0.0000	0.0000	0.0000	0.0000	9.9334	2.0000	8.9999	0.0000	0.0000	0.0000	0.0000	0.0000	0.0000	0.0000	0.0000	0.0000	0.0000	0.0000	0.0000	0.0000	0.0000	0.0000	0.0000	0.0000	0.0000	0.0000	0.4075	0.3616	0.0459	0.0969	0.0907	0.0062	0.3106	0.2709	0.0397	0.0986	0.0333	0.0653	0.0053	0.0033	0.0020	0.0933	0.0301	0.0632	0.0000	0.0000	0.0000	0.0000	0.0000	0.0000	0.0000	0.0000	0.0000	0.0000	0.0000	0.0000	0.0000	0.0000	0.0000	0.0000	0.0000	0.0000											
69	82	0.2567	4	0	1	1	1	0	0	0	0	N	N	N	N	N	N	N	N	N	N	N	N	0.0000	0.0000	0.0000	0.0000	0.0000	0.0000	0.0000	0.0000	0.0000	0.0000	0.0000	0.0000	0.0000	5.2555	0.0000	7.9468	0.0000	0.0000	0.0000	5.5600	0.0000	8.2098	inf	0.0000	0.2511	9.9334	0.0000	8.9999	4.0000	0.0000	0.0000	0.0000	0.0000	0.0000	0.0000	0.0000	0.0000	0.0000	1.0000	0.0000	1.0000	0.0000	0.0000	0.0000	1.0000	0.0000	1.0000	0.0000	0.0000	0.0000	0.0000	0.0000	0.0000	0.0000	0.0000	0.0000	0.1903	0.0644	0.1258	0.0104	0.0064	0.0040	0.1799	0.0581	0.1218	0.0000	0.0000	0.0000	0.0000	0.0000	0.0000	0.0000	0.0000	0.0000	5.2555	0.0000	7.9468	0.0000	0.0000	0.0000	5.5600	0.0000	8.2098						
69	83	0.2787	6	0	1	1	1	0	0	0	0	N	N	N	N	N	N	N	N	N	N	N	N	0.0000	0.0000	0.0000	0.0000	0.0000	0.0000	0.0000	0.0000	0.0000	0.0000	0.0000	0.0000	0.0000	0.0000	0.0000	0.0000	0.0000	0.0000	0.0000	0.0000	9.9334	0.0000	8.9999	2.0000	0.0000	0.0000	0.0000	0.0000	0.0000	0.0000	0.0000	0.0000	0.0000	0.0000	0.0000	0.0000	0.0000	0.0000	0.0000	0.0000	0.0000	0.0000	0.0000	0.0000	0.0000	0.0000	0.0000	0.0000	0.0000	0.0000	0.0000	0.0979	0.0325	0.0654	0.0046	0.0024	0.0022	0.0933	0.0301	0.0632	0.0000	0.0000	0.0000	0.0000	0.0000	0.0000	0.0000	0.0000	0.0000	0.0000	0.0000	0.0000	0.0000	0.0000	0.0000	0.0000	0.0000	0.0000											
69	84	0.2714	5	0	1	0	1	0	0	0	0	N	N	N	N	N	N	N	N	N	N	N	N	229.6600	86.9299	0.0000	0.0000	inf	inf	4.8036	5.4150	0.0000	0.0000	0.0000	0.0000	6.3269	7.2585	0.0000	0.0209	0.0623	0.0000	0.3717	0.6280	0.0000	0.0000	0.0000	0.0000	0.0000	0.0000	-0.1978	-0.0008	9.9334	1.0000	8.9999	0.0015	1.0000	1.0000	0.0000	0.0000	0.0000	0.0000	1.0000	1.0000	0.0000	0.0011	0.0011	0.0000	0.0011	0.0011	0.0000	0.0000	0.0000	0.0000	0.2082	0.1847	0.0235	0.0501	0.0469	0.0032	0.1581	0.1378	0.0203	0.0507	0.0170	0.0337	0.0029	0.0017	0.0012	0.0478	0.0153	0.0325	229.6600	86.9299	0.0000	0.0000	0.0000	0.0000	inf	inf	0.0000	0.0209	0.0623	0.0000	0.3717	0.6280	0.0000	0.0000	0.0000	0.0000			
69	85	0.2567	4	0	1	0	1	0	0	0	0	N	N	N	N	N	N	N	N	N	N	N	N	437.4331	inf	0.0000	547.3467	inf	0.0000	4.6992	5.2992	0.0000	0.0000	0.0000	0.0000	6.2150	7.1348	0.0000	0.0107	0.0000	0.0162	0.0000	0.0000	0.0000	0.0114	0.0000	0.0168	0.0000	inf	-0.0000	0.0003	9.9334	0.0000	8.9999	2.0013	0.0000	0.0000	0.0000	0.0000	0.0000	0.0000	0.0000	0.0000	0.0000	0.0011	0.0000	0.0011	0.0000	0.0000	0.0000	0.0011	0.0000	0.0011	0.0000	0.0000	0.0000	0.0000	0.0000	0.0000	0.0000	0.0000	0.0000	0.0987	0.0334	0.0653	0.0053	0.0033	0.0020	0.0934	0.0301	0.0633	437.4331	inf	0.0000	0.0000	0.0000	0.0000	547.3467	inf	0.0000	0.0107	0.0000	0.0162	0.0000	0.0000	0.0000	0.0114	0.0000	0.0168			
69	86	0.2966	4	1	2	0	0	0	0	0	0	N	Y	N	N	N	N	N	N	N	N	N	N	0.6324	0.2900	inf	0.1288	0.0934	inf	inf	inf	0.4584	0.4483	0.5659	0.3207	0.2437	1.3895	0.6054	0.6761	0.0000	0.7247	1.5458	0.0000	2.4890	2.6080	0.0000	0.0000	0.0000	0.0000	0.1176	0.0000	-0.0000	-0.0444	9.9334	0.0007	8.9999	0.9812	0.0002	0.0002	0.0000	0.0001	0.0000	0.0000	0.0001	0.0001	0.0000	0.0592	0.0592	0.0000	0.0592	0.0592	0.0000	0.0000	0.0000	0.0000	0.0004	0.0004	0.0000	0.0002	0.0002	0.0000	0.0002	0.0002	0.0000	0.0817	0.0383	0.0434	0.0238	0.0227	0.0011	0.0579	0.0156	0.0423	0.6324	0.2900	inf	0.1288	0.0934	inf	inf	inf	0.0000	0.7247	1.5458	0.0000	2.4890	2.6080	0.0000	0.0000	0.0000	0.0000	
69	87	0.2407	3	1	2	0	0	0	0	0	0	N	Y	N	N	N	N	N	N	N	N	N	N	4.8931	42.0310	0.4131	1.6077	1.1874	0.0667	5.9910	inf	0.4508	0.9443	1.0481	0.1156	0.2341	0.2478	0.0215	1.1752	1.3284	0.1300	0.1930	0.0249	0.2798	0.1456	0.2087	0.3219	0.1962	0.0000	0.2884	0.0138	21.7302	-0.1751	0.0128	9.9334	5.0272	8.9999	2.1572	0.9507	0.9378	0.0129	0.0578	0.0575	0.0003	0.8929	0.8803	0.0126	0.0620	0.0027	0.0593	0.0029	0.0027	0.0002	0.0591	0.0000	0.0591	1.0068	0.8947	0.1120	0.2470	0.2321	0.0149	0.7598	0.6626	0.0971	0.3215	0.1095	0.2120	0.0202	0.0131	0.0071	0.3013	0.0964	0.2049	4.8931	42.0310	0.4131	1.6077	1.1874	0.7266	5.9910	inf	0.4508	0.1930	0.0249	0.2798	0.1456	0.2087	0.0295	0.1962	0.0000	0.2884
69	88	0.2940	5	0	2	0	0	0	0	0	0	N	Y	N	N	N	N	N	N	N	N	N	N	0.0000	0.0000	0.0000	0.0000	0.0000	0.0000	0.0000	0.0000	0.0000	0.0000	0.0000	0.0000	0.0000	0.0000	0.0000	0.0000	0.0000	0.0000	0.0000	0.0000	9.9334	0.0000	8.9999	4.0000	0.0000	0.0000	0.0000	0.0000	0.0000	0.0000	0.0000	0.0000	0.0000	0.0000	0.0000	0.0000	0.0000	0.0000	0.0000	0.0000	0.0000	0.0000	0.0000	0.0000	0.0000	0.0000	0.0000	0.0000	0.0000	0.0000	0.0000	0.1911	0.0660	0.1251	0.0145	0.0099	0.0046	0.1766	0.0561	0.1205	0.0000	0.0000	0.0000	0.0000	0.0000	0.0000	0.0000	0.0000	0.0000	0.0000	0.0000	0.0000	0.0000	0.0000	0.0000	0.0000	0.0000	0.0000											
69	89	0.2567	4	0	2	0	0	0	0	0	0	N	Y	N	N	N	N	N	N	N	N	N	N	inf	inf	inf	inf	3.3416	3.7641	0.0000	14.2346	15.1992	0.0000	0.0000	0.0000	0.0000	0.0000	0.0000	0.0000	0.0000	0.0000	0.0000	0.0000	0.0000	0.0000	0.0000	-0.3956	0.0000	9.9334	3.0000	8.9999	2.0000	2.0000	2.0000	0.0000	2.0000	2.0000	0.0000	0.0000	0.0000	0.0000	0.0000	0.0000	0.0000	0.0000	0.0000	0.0000	0.0000	0.0000	0.0000	0.5985	0.5313	0.0672	0.1405	0.1316	0.0089	0.4580	0.3997	0.0583	0.2337	0.0792	0.1545	0.0129	0.0079	0.0050	0.2208	0.0713	0.1495	inf	inf	0.0000	inf	inf	0.0000	0.0000	0.0000	0.0000	0.0000	0.0000	0.0000	0.0000	0.0000	0.0000	0.0000	0.0000	0.0000						
69	90	0.2567	4	1	2	0	0	0	0	0	0	N	Y	N	N	N	N	N	N	N	N	N	N	0.0000	0.0000	0.0000	0.0000	0.0000	0.0000	0.0000	0.0000	0.0000	0.0000	0.0000	0.0000	0.0000	0.0000	0.0000	0.0000	0.0000	0.0000	0.0000	0.0000	9.9334	2.0000	8.9999	3.0000	0.0000	0.0000	0.0000	0.0000	0.0000	0.0000	0.0000	0.0000	0.0000	0.0000	0.0000	0.0000	0.0000	0.0000	0.0000	0.0000	0.0000	0.0000	0.4075	0.3616	0.0459	0.0969	0.0907	0.0062	0.3106	0.2709	0.0397	0.2337	0.0792	0.1545	0.0129	0.0079	0.0050	0.2208	0.0713	0.1495	0.0000	0.0000	0.0000	0.0000	0.0000	0.0000	0.0000	0.0000	0.0000	0.0000	0.0000	0.0000	0.0000	0.0000	0.0000	0.0000	0.0000	0.0000											
69	91	0.2407	3	0	1	0	0	0	0	0	0	N	N	N	N	N	N	N	N	N	N	N	N	76.9049	1.9909	5497.6376	1.2738	1.0449	0.0444	9653.4292	inf	49641.3052	2.2755	0.1557	19.1096	0.5031	0.5309	0.0494	2.9477	0.0012	22.2679	0.0296	0.0782	0.0035	0.3949	0.5081	1.1109	0.0003	0.0000	0.0004	15.4531	0.0828	0.7954	-0.0021	9.9334	2.0705	8.9999	0.0351	1.0728	0.0652	1.0076	0.0652	0.0648	0.0004	1.0076	0.0004	1.0072	0.0031	0.0029	0.0002	0.0031	0.0029	0.0002	0.0000	0.0000	0.0000	0.4715	0.4187	0.0527	0.1296	0.1221	0.0075	0.3418	0.2966	0.0452	0.1061	0.0371	0.0690	0.0079	0.0057	0.0022	0.0982	0.0314	0.0669	76.9049	1.9909	5497.6376	1.2738	1.0449	0.5095	9653.4292	inf	49641.3052	0.0296	0.0782	0.0035	0.3949	0.5081	0.0969	0.0003	0.0000	0.0004
69	92	0.2153	2	0	1	0	0	0	0	0	0	N	N	N	N	N	N	N	N	N	N	N	N	20.9136	5.6354	143.3556	1.8891	3.5824	0.0086	89.3628	16.3833	434.7744	2.6111	0.5849	20.0403	1.2743	1.3476	0.1068	3.4154	0.0879	25.4439	0.1249	0.1038	0.1398	0.6745	0.3762	12.3802	0.0382	0.0054	0.0585	3.9834	1.8992	1.5241	-0.0024	9.9334	3.4249	8.9999	0.1413	2.5338	0.5084	2.0254	0.4645	0.4622	0.0023	2.0693	0.0463	2.0231	0.0252	0.0087	0.0165	0.0185	0.0087	0.0099	0.0067	0.0000	0.0067	0.9704	0.8693	0.1011	0.3645	0.3429	0.0216	0.6059	0.5264	0.0795	0.2019	0.0838	0.1181	0.0275	0.0231	0.0044	0.1744	0.0607	0.1137	20.9136	5.6354	143.3556	1.8891	3.5824	0.0477	89.3628	494.3460	434.7744	0.1249	0.1038	0.1398	0.6745	0.3762	2.2380	0.0382	0.0002	0.0585
69	98	0.3522	7	0	1	0	0	0	0	0	0	N	N	N	N	N	N	N	N	N	N	N	N	0.8396	0.6022	0.0000	0.7543	0.6848	0.0486	inf	0.0000	0.9377	1.0407	0.0000	2.0098	2.1774	0.0000	0.0105	0.0119	0.0000	1.1169	1.7283	0.3148	2.6645	3.1797	0.0000	0.2155	0.0000	0.3651	0.0000	0.1388	-0.2761	-0.4933	9.9334	4.9999	8.9999	9.0821	1.3957	1.3957	0.0000	1.3873	1.3873	0.0000	0.0084	0.0084	0.0000	0.7868	0.6909	0.0959	0.6909	0.6909	0.0000	0.0959	0.0000	0.0959	1.4883	1.3411	0.1473	0.6903	0.6371	0.0531	0.7981	0.7039	0.0941	0.7045	0.3998	0.3047	0.2593	0.2173	0.0420	0.4452	0.1825	0.2627	0.8396	0.6022	0.0000	0.7543	0.6848	0.0000	0.0486	inf	0.0000	1.1169	1.7283	0.3148	2.6645	3.1797	0.0000	0.2155	0.0000	0.3651	
70	71	0.0966	3	0	2	0	0	0	0	0	0	N	Y	N	N	N	N	N	N	N	N	N	N	0.0000	0.0000	0.0000	0.0000	0.0000	0.0000	0.0000	0.0000	0.0000	0.0000	0.0000	0.0000	0.0000	21.0819	0.0000	31.6265	0.0000	0.0000	0.0000	24.9295	0.0000	34.3391	inf	0.0000	0.2511	0.0666	2.0000	4.0001	3.0000	0.0000	0.0000	0.0000	0.0000	0.0000	0.0000	0.0000	0.0000	0.0000	1.0000	0.0000	1.0000	0.0000	0.0000	0.0000	1.0000	0.0000	1.0000	0.0128	0.0124	0.0004	0.0110	0.0108	0.0001	0.0019	0.0016	0.0003	0.0474	0.0158	0.0316	0.0073	0.0048	0.0025	0.0401	0.0110	0.0291	0.0000	0.0000	0.0000	0.0000	0.0000	0.0000	0.0000	0.0000	0.0000	21.0819	0.0000	31.6265	0.0000	0.0000	0.0000	24.9295	0.0000	34.3391						
70	72	0.0698	2	0	1	0	0	0	0	0	0	N	N	N	N	N	N	N	N	N	N	N	N	4.4403	1.7576	0.9433	0.8083	inf	inf	0.6485	0.7151	0.0000	0.7454	0.8234	0.0000	0.1516	0.1656	0.0000	0.1460	0.4069	0.0000	0.7902	1.0187	0.0000	0.0000	0.0000	0.0000	0.0000	0.0000	-0.0106	-0.0067	0.0666	4.7932	4.0001	0.2507	0.0538	0.0538	0.0000	0.0518	0.0518	0.0000	0.0021	0.0021	0.0000	0.0089	0.0089	0.0000	0.0089	0.0089	0.0000	0.0000	0.0000	0.0000	0.0830	0.0753	0.0077	0.0695	0.0629	0.0066	0.0135	0.0124	0.0011	0.0610	0.0219	0.0391	0.0113	0.0087	0.0025	0.0497	0.0132	0.0366	4.4403	1.7576	0.0000	0.9433	0.8083	0.0000	inf	inf	0.0000	0.1460	0.4069	0.0000	0.7902	1.0187	0.0000	0.0000	0.0000	0.0000			
70	74	0.0461	2	0	2	0	0	0	0	0	0	N	Y	N	N	N	N	N	N	N	N	N	N	160.5600	65.0904	5.7916	7.0439	inf	inf	0.4903	0.6511	0.0000	0.2553	0.3195	0.0000	0.9609	1.4536	0.0000	0.0031	0.0100	0.0000	0.0441	0.0454	0.0000	0.0000	0.0000	0.0000	0.0000	0.0000	-0.0090	-0.0002	0.0666	1.8678	4.0001	4.6278	0.0455	0.0455	0.0000	0.0158	0.0158	0.0000	0.0297	0.0297	0.0000	0.0002	0.0002	0.0000	0.0002	0.0002	0.0000	0.0000	0.0000	0.0000	0.0927	0.0698	0.0229	0.0618	0.0494	0.0124	0.0309	0.0204	0.0105	0.0753	0.0230	0.0523	0.0052	0.0051	0.0001	0.0701	0.0179	0.0522	160.5600	65.0904	0.0000	5.7916	7.0439	0.0000	inf	inf	0.0000	0.0031	0.0100	0.0000	0.0441	0.0454	0.0000	0.0000	0.0000	0.0000			
70	78	0.1498	5	1	2	0	1	0	0	0	0	N	Y	N	N	N	N	N	N	N	N	N	N	0.0000	0.0000	0.0000	0.0000	0.0000	0.0000	0.0000	0.0000	0.0000	0.0000	0.0000	0.0000	0.0000	0.0012	0.0036	0.0000	0.0212	0.0335	0.0000	0.0000	0.0000	0.0000	0.0000	0.0000	-0.0000	0.0666	1.0000	4.0001	2.0144	0.0000	0.0000	0.0000	0.0000	0.0000	0.0000	0.0000	0.0000	0.0000	0.0001	0.0001	0.0000	0.0001	0.0001	0.0000	0.0000	0.0000	0.0000	0.0062	0.0056	0.0006	0.0027	0.0026	0.0000	0.0035	0.0030	0.0006	0.0414	0.0139	0.0276	0.0024	0.0015	0.0009	0.0391	0.0124	0.0267	0.0000	0.0000	0.0000	0.0000	0.0000	0.0000	0.0000	0.0000	0.0000	0.0012	0.0036	0.0000	0.0212	0.0335	0.0000	0.0000	0.0000	0.0000						
70	79	0.1275	4	1	2	0	1	0	0	0	0	N	Y	N	N	N	N	N	N	N	N	N	N	0.0000	0.0000	0.0000	0.0000	0.0000	0.0000	0.0000	0.0000	0.0000	0.0000	0.0000	0.0000	0.0000	0.0012	0.0000	0.0018	0.0000	0.0000	0.0000	0.0013	0.0000	0.0019	inf	0.0000	0.0000	0.0666	0.0001	4.0001	3.0180	0.0000	0.0000	0.0000	0.0000	0.0000	0.0000	0.0000	0.0000	0.0000	0.0001	0.0000	0.0001	0.0000	0.0000	0.0000	0.0001	0.0000	0.0001	0.0000	0.0000	0.0000	0.0000	0.0000	0.0000	0.0000	0.0000	0.0000	0.0412	0.0137	0.0275	0.0021	0.0013	0.0008	0.0391	0.0124	0.0267	0.0000	0.0000	0.0000	0.0000	0.0000	0.0000	0.0000	0.0000	0.0000	0.0012	0.0000	0.0018	0.0000	0.0000	0.0000	0.0013	0.0000	0.0019						
70	80	0.1495	6	0	2	0	1	0	0	0	0	N	Y	N	N	N	N	N	N	N	N	N	N	0.0000	0.0000	0.0000	0.0000	0.0000	0.0000	0.0000	0.0000	0.0000	0.0000	0.0000	0.0000	0.0000	0.0000	0.0000	0.0000	0.0000	0.0000	0.0000	0.0000	0.0666	0.0000	4.0001	0.0000	0.0000	0.0000	0.0000	0.0000	0.0000	0.0000	0.0000	0.0000	0.0000	0.0000	0.0000	0.0000	0.0000	0.0000	0.0000	0.0000	0.0000	0.0000	0.0000	0.0000	0.0000	0.0000	0.0000	0.0000	0.0000	0.0000	0.0000	0.0000	0.0000	0.0000	0.0000	0.0000	0.0000	0.0000	0.0000	0.0000	0.0000	0.0000	0.0000	0.0000	0.0000	0.0000	0.0000	0.0000	0.0000	0.0000	0.0000	0.0000	0.0000	0.0000	0.0000	0.0000	0.0000	0.0000											
70	81	0.1275	4	0	1	1	1	0	0	0	0	N	N	N	N	N	N	N	N	N	N	N	N	0.0000	0.0000	0.0000	0.0000	0.0000	0.0000	0.0000	0.0000	0.0000	0.0000	0.0000	0.0000	0.0000	0.0000	0.0000	0.0000	0.0000	0.0000	0.0000	0.0000	0.0666	2.0000	4.0001	0.0000	0.0000	0.0000	0.0000	0.0000	0.0000	0.0000	0.0000	0.0000	0.0000	0.0000	0.0000	0.0000	0.0000	0.0000	0.0000	0.0000	0.0000	0.0000	0.0121	0.0110	0.0011	0.0052	0.0052	0.0001	0.0069	0.0058	0.0011	0.0279	0.0092	0.0186	0.0014	0.0009	0.0006	0.0265	0.0084	0.0181	0.0000	0.0000	0.0000	0.0000	0.0000	0.0000	0.0000	0.0000	0.0000	0.0000	0.0000	0.0000	0.0000	0.0000	0.0000	0.0000	0.0000	0.0000											
70	82	0.1275	4	0	1	1	1	0	0	0	0	N	N	N	N	N	N	N	N	N	N	N	N	0.0000	0.0000	0.0000	0.0000	0.0000	0.0000	0.0000	0.0000	0.0000	0.0000	0.0000	0.0000	0.0000	0.0000	0.0000	0.0000	0.0000	0.0000	0.0000	0.0000	0.0666	0.0000	4.0001	4.0000	0.0000	0.0000	0.0000	0.0000	0.0000	0.0000	0.0000	0.0000	0.0000	0.0000	0.0000	0.0000	0.0000	0.0000	0.0000	0.0000	0.0000	0.0000	0.0000	0.0000	0.0000	0.0000	0.0000	0.0000	0.0000	0.0000	0.0000	0.0536	0.0178	0.0358	0.0028	0.0017	0.0011	0.0508	0.0161	0.0347	0.0000	0.0000	0.0000	0.0000	0.0000	0.0000	0.0000	0.0000	0.0000	0.0000	0.0000	0.0000	0.0000	0.0000	0.0000	0.0000	0.0000	0.0000											
70	83	0.1495	6	0	1	1	1	0	0	0	0	N	N	N	N	N	N	N	N	N	N	N	N	0.0000	0.0000	0.0000	0.0000	0.0000	0.0000	0.0000	0.0000	0.0000	0.0000	0.0000	0.0000	0.0000	0.0000	0.0000	0.0000	0.0000	0.0000	0.0000	0.0000	0.0666	0.0000	4.0001	2.0000	0.0000	0.0000	0.0000	0.0000	0.0000	0.0000	0.0000	0.0000	0.0000	0.0000	0.0000	0.0000	0.0000	0.0000	0.0000	0.0000	0.0000	0.0000	0.0000	0.0000	0.0000	0.0000	0.0000	0.0000	0.0000	0.0000	0.0000	0.0277	0.0090	0.0187	0.0012	0.0006	0.0006	0.0265	0.0084	0.0181	0.0000	0.0000	0.0000	0.0000	0.0000	0.0000	0.0000	0.0000	0.0000	0.0000	0.0000	0.0000	0.0000	0.0000	0.0000	0.0000	0.0000	0.0000											
70	84	0.1422	5	0	1	0	1	0	0	0	0	N	N	N	N	N	N	N	N	N	N	N	N	0.0000	0.0000	0.0000	0.0000	0.0000	0.0000	0.0000	0.0000	0.0000	0.0000	0.0000	0.0000	0.0000	0.0738	0.2240	0.0000	1.3695	2.3334	0.0000	0.0000	0.0000	0.0000	0.0000	0.0000	-0.0008	0.0666	1.0000	4.0001	0.0015	0.0000	0.0000	0.0000	0.0000	0.0000	0.0000	0.0000	0.0000	0.0000	0.0011	0.0011	0.0000	0.0011	0.0011	0.0000	0.0000	0.0000	0.0000	0.0062	0.0056	0.0006	0.0027	0.0026	0.0000	0.0035	0.0030	0.0006	0.0144	0.0047	0.0096	0.0008	0.0005	0.0003	0.0136	0.0043	0.0093	0.0000	0.0000	0.0000	0.0000	0.0000	0.0000	0.0000	0.0000	0.0000	0.0738	0.2240	0.0000	1.3695	2.3334	0.0000	0.0000	0.0000	0.0000						
70	85	0.1275	4	0	1	0	1	0	0	0	0	N	N	N	N	N	N	N	N	N	N	N	N	0.0000	0.0000	0.0000	0.0000	0.0000	0.0000	0.0000	0.0000	0.0000	0.0000	0.0000	0.0000	0.0000	0.0380	0.0000	0.0568	0.0000	0.0000	0.0000	0.0400	0.0000	0.0586	inf	0.0000	0.0003	0.0666	0.0000	4.0001	2.0013	0.0000	0.0000	0.0000	0.0000	0.0000	0.0000	0.0000	0.0000	0.0000	0.0011	0.0000	0.0011	0.0000	0.0000	0.0000	0.0011	0.0000	0.0011	0.0000	0.0000	0.0000	0.0000	0.0000	0.0000	0.0000	0.0000	0.0000	0.0279	0.0092	0.0186	0.0014	0.0009	0.0006	0.0265	0.0084	0.0181	0.0000	0.0000	0.0000	0.0000	0.0000	0.0000	0.0000	0.0000	0.0000	0.0380	0.0000	0.0568	0.0000	0.0000	0.0000	0.0400	0.0000	0.0586						
70	86	0.1674	4	1	2	0	0	0	0	0	0	N	Y	N	N	N	N	N	N	N	N	N	N	0.0912	0.0541	0.0309	0.0425	inf	inf	0.2349	0.3060	0.0000	0.2731	0.3938	0.0000	0.1230	0.1250	0.0000	2.5758	5.6515	0.0000	8.8515	9.2637	0.0000	0.0000	0.0000	0.0000	0.0000	0.0000	-0.0000	-0.0444	0.0666	0.0007	4.0001	0.9812	0.0000	0.0000	0.0000	0.0000	0.0000	0.0000	0.0000	0.0000	0.0000	0.0593	0.0593	0.0000	0.0593	0.0593	0.0000	0.0000	0.0000	0.0000	0.0000	0.0000	0.0000	0.0000	0.0000	0.0000	0.0000	0.0000	0.0000	0.0230	0.0105	0.0125	0.0067	0.0064	0.0003	0.0163	0.0041	0.0122	0.0912	0.0541	0.0000	0.0309	0.0425	0.0000	inf	inf	0.0000	2.5758	5.6515	0.0000	8.8515	9.2637	0.0000	0.0000	0.0000	0.0000			
70	87	0.1116	3	1	2	0	0	0	0	0	0	N	Y	N	N	N	N	N	N	N	N	N	N	2.3977	21.4847	0.0001	6.6056	4.4372	inf	0.1959	inf	0.0001	1.6478	1.9772	0.0001	3.3490	3.5040	0.0001	0.1369	0.1888	0.0001	0.6872	0.0920	0.9862	0.5070	0.7897	0.0000	0.6989	0.0000	1.0195	0.0000	21.3332	-0.0130	0.0128	0.0666	5.0272	4.0001	2.1572	0.0657	0.0657	0.0000	0.0628	0.0628	0.0000	0.0029	0.0029	0.0000	0.0618	0.0028	0.0591	0.0028	0.0028	0.0000	0.0591	0.0000	0.0591	0.0399	0.0332	0.0066	0.0188	0.0179	0.0008	0.0211	0.0153	0.0058	0.0900	0.0301	0.0599	0.0055	0.0035	0.0020	0.0845	0.0266	0.0579	2.3977	21.4847	0.0001	6.6056	4.4372	inf	0.1959	inf	0.0001	0.6872	0.0920	0.9862	0.5070	0.7897	0.0000	0.6989	0.0000	1.0195
70	88	0.1648	5	0	2	0	0	0	0	0	0	N	Y	N	N	N	N	N	N	N	N	N	N	0.0000	0.0000	0.0000	0.0000	0.0000	0.0000	0.0000	0.0000	0.0000	0.0000	0.0000	0.0000	0.0000	0.0000	0.0000	0.0000	0.0000	0.0000	0.0000	0.0000	0.0666	0.0000	4.0001	4.0000	0.0000	0.0000	0.0000	0.0000	0.0000	0.0000	0.0000	0.0000	0.0000	0.0000	0.0000	0.0000	0.0000	0.0000	0.0000	0.0000	0.0000	0.0000	0.0000	0.0000	0.0000	0.0000	0.0000	0.0000	0.0000	0.0000	0.0000	0.0538	0.0182	0.0356	0.0038	0.0026	0.0012	0.0500	0.0157	0.0343	0.0000	0.0000	0.0000	0.0000	0.0000	0.0000	0.0000	0.0000	0.0000	0.0000	0.0000	0.0000	0.0000	0.0000	0.0000	0.0000	0.0000	0.0000											
70	89	0.1275	4	0	2	0	0	0	0	0	0	N	Y	N	N	N	N	N	N	N	N	N	N	0.0000	0.0000	0.0000	0.0000	0.0000	0.0000	0.0000	0.0000	0.0000	0.0000	0.0000	0.0000	0.0000	0.0000	0.0000	0.0000	0.0000	0.0000	0.0000	0.0000	0.0666	3.0000	4.0001	2.0000	0.0000	0.0000	0.0000	0.0000	0.0000	0.0000	0.0000	0.0000	0.0000	0.0000	0.0000	0.0000	0.0000	0.0000	0.0000	0.0000	0.0000	0.0000	0.0178	0.0162	0.0016	0.0076	0.0076	0.0001	0.0101	0.0086	0.0016	0.0657	0.0219	0.0439	0.0035	0.0021	0.0014	0.0623	0.0198	0.0425	0.0000	0.0000	0.0000	0.0000	0.0000	0.0000	0.0000	0.0000	0.0000	0.0000	0.0000	0.0000	0.0000	0.0000	0.0000	0.0000	0.0000	0.0000											
70	90	0.1275	4	1	2	0	0	0	0	0	0	N	Y	N	N	N	N	N	N	N	N	N	N	0.0000	0.0000	0.0000	0.0000	0.0000	0.0000	0.0000	0.0000	0.0000	0.0000	0.0000	0.0000	0.0000	0.0000	0.0000	0.0000	0.0000	0.0000	0.0000	0.0000	0.0666	2.0000	4.0001	3.0000	0.0000	0.0000	0.0000	0.0000	0.0000	0.0000	0.0000	0.0000	0.0000	0.0000	0.0000	0.0000	0.0000	0.0000	0.0000	0.0000	0.0000	0.0000	0.0121	0.0110	0.0011	0.0052	0.0052	0.0001	0.0069	0.0058	0.0011	0.0657	0.0219	0.0439	0.0035	0.0021	0.0014	0.0623	0.0198	0.0425	0.0000	0.0000	0.0000	0.0000	0.0000	0.0000	0.0000	0.0000	0.0000	0.0000	0.0000	0.0000	0.0000	0.0000	0.0000	0.0000	0.0000	0.0000											
70	91	0.1116	3	0	1	0	0	0	0	0	0	N	N	N	N	N	N	N	N	N	N	N	N	1.5388	0.0000	inf	0.0537	0.0000	inf	inf	inf	0.1507	0.0000	0.6089	0.0726	0.0000	1.0885	0.2289	0.0000	0.5343	0.0980	0.2859	0.0000	1.3516	1.8617	0.0000	0.0000	0.0000	0.0000	inf	0.0000	0.0031	-0.0022	0.0666	2.0705	4.0001	0.0351	0.0038	0.0000	0.0038	0.0009	0.0000	0.0009	0.0029	0.0000	0.0029	0.0029	0.0029	0.0000	0.0029	0.0029	0.0000	0.0000	0.0000	0.0000	0.0252	0.0190	0.0063	0.0126	0.0118	0.0008	0.0126	0.0072	0.0054	0.0300	0.0103	0.0197	0.0022	0.0016	0.0006	0.0278	0.0087	0.0191	1.5388	0.0000	inf	0.0537	0.0000	inf	inf	0.0000	inf	0.0980	0.2859	0.0000	1.3516	1.8617	0.0000	0.0000	0.0000	0.0000	
70	92	0.0862	2	0	1	0	0	0	0	0	0	N	N	N	N	N	N	N	N	N	N	N	N	1.1082	0.3366	6.4072	0.1783	0.1498	inf	4.1381	inf	6.2649	0.2233	0.1236	0.5570	0.1986	0.1982	0.2339	0.2458	0.0062	0.5650	0.2015	0.3672	0.0869	1.1137	1.3230	0.0000	0.0594	0.0000	0.0902	1.3461	0.3424	0.0032	-0.0056	0.0666	3.4249	4.0001	0.1413	0.0084	0.0036	0.0048	0.0036	0.0035	0.0000	0.0048	0.0001	0.0048	0.0114	0.0085	0.0029	0.0085	0.0085	0.0000	0.0029	0.0000	0.0029	0.0377	0.0290	0.0087	0.0180	0.0177	0.0002	0.0197	0.0113	0.0085	0.0567	0.0232	0.0335	0.0076	0.0064	0.0012	0.0491	0.0168	0.0323	1.1082	0.3366	6.4072	0.1783	0.1498	inf	4.1381	inf	6.2649	0.2015	0.3672	0.0869	1.1137	1.3230	0.0000	0.0594	0.0000	0.0902
70	98	0.2230	7	0	1	0	0	0	0	0	0	N	N	N	N	N	N	N	N	N	N	N	N	0.7003	1.9434	0.0000	0.0749	0.0740	0.0000	1.6375	inf	0.0000	0.4606	0.5241	0.0000	0.0301	0.0355	0.0000	1.3332	1.4170	0.0000	0.6577	0.2697	1.1629	0.4019	0.4797	0.0000	0.8142	0.0000	1.3549	0.0000	3.3122	-0.0085	0.0024	0.0666	4.9999	4.0001	9.0821	0.0431	0.0431	0.0000	0.0019	0.0019	0.0000	0.0412	0.0412	0.0000	0.1249	0.0290	0.0959	0.0290	0.0290	0.0000	0.0959	0.0000	0.0959	0.0935	0.0822	0.0113	0.0626	0.0531	0.0095	0.0309	0.0291	0.0018	0.1899	0.1074	0.0825	0.0721	0.0604	0.0117	0.1178	0.0470	0.0708	0.7003	1.9434	0.0000	0.0749	0.0740	0.0000	1.6375	inf	0.0000	0.6577	0.2697	1.1629	0.4019	0.4797	0.0000	0.8142	0.0000	1.3549
71	74	0.1184	4	0	2	0	0	0	0	0	0	N	Y	N	N	N	N	N	N	N	N	N	N	0.0000	0.0000	0.0000	0.0000	0.0000	0.0000	0.0000	0.0000	0.0000	0.0000	0.0000	0.0000	0.0000	0.0029	0.0075	0.0000	0.0122	0.0159	0.0000	0.0000	0.0000	0.0000	0.0000	0.0000	-0.0002	2.0000	1.8678	3.0000	4.6278	0.0000	0.0000	0.0000	0.0000	0.0000	0.0000	0.0000	0.0000	0.0000	0.0002	0.0002	0.0000	0.0002	0.0002	0.0000	0.0000	0.0000	0.0000	0.1720	0.1581	0.0139	0.1106	0.1054	0.0052	0.0614	0.0528	0.0086	0.0713	0.0281	0.0432	0.0172	0.0132	0.0040	0.0541	0.0149	0.0392	0.0000	0.0000	0.0000	0.0000	0.0000	0.0000	0.0000	0.0000	0.0000	0.0029	0.0075	0.0000	0.0122	0.0159	0.0000	0.0000	0.0000	0.0000						
71	75	0.0984	3	0	1	0	0	0	0	0	0	N	N	N	N	N	N	N	N	N	N	N	N	0.0000	0.0000	0.0000	0.0000	0.0000	0.0000	0.0000	0.0000	0.0000	0.0000	0.0000	0.0000	0.0000	0.0035	0.0000	0.0052	0.0000	0.0000	0.0000	0.0041	0.0000	0.0056	inf	0.0000	0.0001	2.0000	4.7010	3.0000	0.6064	0.0000	0.0000	0.0000	0.0000	0.0000	0.0000	0.0000	0.0000	0.0000	0.0002	0.0000	0.0002	0.0000	0.0000	0.0000	0.0002	0.0000	0.0002	0.1743	0.1543	0.0200	0.0489	0.0463	0.0026	0.1254	0.1080	0.0174	0.0606	0.0202	0.0404	0.0093	0.0061	0.0032	0.0513	0.0141	0.0372	0.0000	0.0000	0.0000	0.0000	0.0000	0.0000	0.0000	0.0000	0.0000	0.0035	0.0000	0.0052	0.0000	0.0000	0.0000	0.0041	0.0000	0.0056						
71	78	0.2220	7	1	2	0	1	0	0	0	0	N	Y	N	N	N	N	N	N	N	N	N	N	0.0000	0.0000	0.0000	0.0000	0.0000	0.0000	0.0000	0.0000	0.0000	0.0000	0.0000	0.0000	0.0000	0.0012	0.0040	0.0000	0.0139	0.0222	0.0000	0.0000	0.0000	0.0000	0.0000	0.0000	-0.0000	2.0000	1.0000	3.0000	2.0144	0.0000	0.0000	0.0000	0.0000	0.0000	0.0000	0.0000	0.0000	0.0000	0.0000	0.0000	0.0000	0.0000	0.0000	0.0000	0.0000	0.0000	0.0000	0.0412	0.0368	0.0044	0.0159	0.0151	0.0008	0.0253	0.0217	0.0036	0.0326	0.0100	0.0226	0.0029	0.0018	0.0011	0.0297	0.0082	0.0215	0.0000	0.0000	0.0000	0.0000	0.0000	0.0000	0.0000	0.0000	0.0000	0.0012	0.0040	0.0000	0.0139	0.0222	0.0000	0.0000	0.0000	0.0000						
71	79	0.1998	6	1	2	0	1	0	0	0	0	N	Y	N	N	N	N	N	N	N	N	N	N	0.0000	0.0000	0.0000	0.0000	0.0000	0.0000	0.0000	0.0000	0.0000	0.0000	0.0000	0.0000	0.0000	0.0012	0.0000	0.0018	0.0000	0.0000	0.0000	0.0013	0.0000	0.0019	inf	0.0000	0.0000	2.0000	0.0001	3.0000	3.0180	0.0000	0.0000	0.0000	0.0000	0.0000	0.0000	0.0000	0.0000	0.0000	0.0000	0.0000	0.0000	0.0000	0.0000	0.0000	0.0000	0.0000	0.0000	0.0000	0.0000	0.0000	0.0000	0.0000	0.0000	0.0000	0.0000	0.0000	0.0323	0.0098	0.0226	0.0026	0.0016	0.0010	0.0297	0.0082	0.0215	0.0000	0.0000	0.0000	0.0000	0.0000	0.0000	0.0000	0.0000	0.0000	0.0012	0.0000	0.0018	0.0000	0.0000	0.0000	0.0013	0.0000	0.0019						
71	80	0.2218	8	0	2	0	1	0	0	0	0	N	Y	N	N	N	N	N	N	N	N	N	N	0.0000	0.0000	0.0000	0.0000	0.0000	0.0000	0.0000	0.0000	0.0000	0.0000	0.0000	0.0000	0.0000	0.0000	0.0000	0.0000	0.0000	0.0000	0.0000	0.0000	2.0000	0.0000	3.0000	0.0000	0.0000	0.0000	0.0000	0.0000	0.0000	0.0000	0.0000	0.0000	0.0000	0.0000	0.0000	0.0000	0.0000	0.0000	0.0000	0.0000	0.0000	0.0000	0.0000	0.0000	0.0000	0.0000	0.0000	0.0000	0.0000	0.0000	0.0000	0.0000	0.0000	0.0000	0.0000	0.0000	0.0000	0.0000	0.0000	0.0000	0.0000	0.0000	0.0000	0.0000	0.0000	0.0000	0.0000	0.0000	0.0000	0.0000	0.0000	0.0000	0.0000	0.0000	0.0000	0.0000	0.0000	0.0000											
71	81	0.1998	6	0	1	1	1	0	0	0	0	N	N	N	N	N	N	N	N	N	N	N	N	0.0000	0.0000	0.0000	0.0000	0.0000	0.0000	0.0000	0.0000	0.0000	0.0000	0.0000	0.0000	0.0000	0.0000	0.0000	0.0000	0.0000	0.0000	0.0000	0.0000	2.0000	2.0000	3.0000	0.0000	0.0000	0.0000	0.0000	0.0000	0.0000	0.0000	0.0000	0.0000	0.0000	0.0000	0.0000	0.0000	0.0000	0.0000	0.0000	0.0000	0.0000	0.0000	0.0807	0.0721	0.0087	0.0307	0.0291	0.0016	0.0500	0.0430	0.0071	0.0218	0.0066	0.0152	0.0018	0.0011	0.0007	0.0200	0.0055	0.0145	0.0000	0.0000	0.0000	0.0000	0.0000	0.0000	0.0000	0.0000	0.0000	0.0000	0.0000	0.0000	0.0000	0.0000	0.0000	0.0000	0.0000	0.0000											
71	82	0.1998	6	0	1	1	1	0	0	0	0	N	N	N	N	N	N	N	N	N	N	N	N	0.0000	0.0000	0.0000	0.0000	0.0000	0.0000	0.0000	0.0000	0.0000	0.0000	0.0000	0.0000	0.0000	0.0000	0.0000	0.0000	0.0000	0.0000	0.0000	0.0000	2.0000	0.0000	3.0000	4.0000	0.0000	0.0000	0.0000	0.0000	0.0000	0.0000	0.0000	0.0000	0.0000	0.0000	0.0000	0.0000	0.0000	0.0000	0.0000	0.0000	0.0000	0.0000	0.0000	0.0000	0.0000	0.0000	0.0000	0.0000	0.0000	0.0000	0.0000	0.0422	0.0128	0.0294	0.0034	0.0020	0.0014	0.0388	0.0107	0.0281	0.0000	0.0000	0.0000	0.0000	0.0000	0.0000	0.0000	0.0000	0.0000	0.0000	0.0000	0.0000	0.0000	0.0000	0.0000	0.0000	0.0000	0.0000											
71	83	0.2218	8	0	1	1	1	0	0	0	0	N	N	N	N	N	N	N	N	N	N	N	N	0.0000	0.0000	0.0000	0.0000	0.0000	0.0000	0.0000	0.0000	0.0000	0.0000	0.0000	0.0000	0.0000	0.0000	0.0000	0.0000	0.0000	0.0000	0.0000	0.0000	2.0000	0.0000	3.0000	2.0000	0.0000	0.0000	0.0000	0.0000	0.0000	0.0000	0.0000	0.0000	0.0000	0.0000	0.0000	0.0000	0.0000	0.0000	0.0000	0.0000	0.0000	0.0000	0.0000	0.0000	0.0000	0.0000	0.0000	0.0000	0.0000	0.0000	0.0000	0.0216	0.0063	0.0153	0.0015	0.0008	0.0007	0.0200	0.0055	0.0145	0.0000	0.0000	0.0000	0.0000	0.0000	0.0000	0.0000	0.0000	0.0000	0.0000	0.0000	0.0000	0.0000	0.0000	0.0000	0.0000	0.0000	0.0000											
71	84	0.2145	7	0	1	0	1	0	0	0	0	N	N	N	N	N	N	N	N	N	N	N	N	0.0000	0.0000	0.0000	0.0000	0.0000	0.0000	0.0000	0.0000	0.0000	0.0000	0.0000	0.0000	0.0000	0.0944	0.3167	0.0000	1.1111	1.9171	0.0000	0.0000	0.0000	0.0000	0.0000	0.0000	-0.0008	2.0000	1.0000	3.0000	0.0015	0.0000	0.0000	0.0000	0.0000	0.0000	0.0000	0.0000	0.0000	0.0000	0.0011	0.0011	0.0000	0.0011	0.0011	0.0000	0.0000	0.0000	0.0000	0.0412	0.0368	0.0044	0.0159	0.0151	0.0008	0.0253	0.0217	0.0036	0.0112	0.0033	0.0079	0.0010	0.0006	0.0004	0.0103	0.0028	0.0075	0.0000	0.0000	0.0000	0.0000	0.0000	0.0000	0.0000	0.0000	0.0000	0.0944	0.3167	0.0000	1.1111	1.9171	0.0000	0.0000	0.0000	0.0000						
71	85	0.1998	6	0	1	0	1	0	0	0	0	N	N	N	N	N	N	N	N	N	N	N	N	0.0000	0.0000	0.0000	0.0000	0.0000	0.0000	0.0000	0.0000	0.0000	0.0000	0.0000	0.0000	0.0000	0.0486	0.0000	0.0696	0.0000	0.0000	0.0000	0.0529	0.0000	0.0730	inf	0.0000	0.0003	2.0000	0.0000	3.0000	2.0013	0.0000	0.0000	0.0000	0.0000	0.0000	0.0000	0.0000	0.0000	0.0000	0.0011	0.0000	0.0011	0.0000	0.0000	0.0000	0.0011	0.0000	0.0011	0.0000	0.0000	0.0000	0.0000	0.0000	0.0000	0.0000	0.0000	0.0000	0.0218	0.0066	0.0152	0.0018	0.0011	0.0007	0.0200	0.0055	0.0145	0.0000	0.0000	0.0000	0.0000	0.0000	0.0000	0.0000	0.0000	0.0000	0.0486	0.0000	0.0696	0.0000	0.0000	0.0000	0.0529	0.0000	0.0730						
71	86	0.2397	6	1	2	0	0	0	0	0	0	N	Y	N	N	N	N	N	N	N	N	N	N	0.0000	0.0000	0.0000	0.0000	0.0000	0.0000	0.0000	0.0000	0.0000	0.0000	0.0000	0.0000	0.0000	2.3799	4.9047	0.0000	7.3332	7.6899	0.0000	0.0000	0.0000	0.0000	0.0000	0.0000	-0.0444	2.0000	0.0007	3.0000	0.9812	0.0000	0.0000	0.0000	0.0000	0.0000	0.0000	0.0000	0.0000	0.0000	0.0592	0.0592	0.0000	0.0592	0.0592	0.0000	0.0000	0.0000	0.0000	0.0001	0.0001	0.0000	0.0001	0.0001	0.0000	0.0000	0.0000	0.0000	0.0249	0.0121	0.0128	0.0081	0.0077	0.0004	0.0168	0.0044	0.0124	0.0000	0.0000	0.0000	0.0000	0.0000	0.0000	0.0000	0.0000	0.0000	2.3799	4.9047	0.0000	7.3332	7.6899	0.0000	0.0000	0.0000	0.0000						
71	87	0.1839	5	1	2	0	0	0	0	0	0	N	Y	N	N	N	N	N	N	N	N	N	N	0.0000	0.0000	0.0000	0.0000	0.0000	0.0000	0.0000	0.0000	0.0000	0.0000	0.0000	0.0000	0.0000	0.0000	0.0000	0.0000	0.8430	0.1186	1.1710	0.4282	0.6739	0.0000	0.8822	0.0000	1.2271	21.8020	0.0000	0.0128	2.0000	5.0272	3.0000	2.1572	0.0000	0.0000	0.0000	0.0000	0.0000	0.0000	0.0000	0.0000	0.0000	0.0618	0.0027	0.0591	0.0027	0.0027	0.0000	0.0591	0.0000	0.0591	0.2008	0.1800	0.0208	0.0784	0.0746	0.0038	0.1223	0.1053	0.0170	0.0733	0.0228	0.0504	0.0063	0.0040	0.0023	0.0670	0.0188	0.0481	0.0000	0.0000	0.0000	0.0000	0.0000	0.0000	0.0000	0.0000	0.0000	0.8430	0.1186	1.1710	0.4282	0.6739	0.0000	0.8822	0.0000	1.2271			
71	88	0.2371	7	0	2	0	0	0	0	0	0	N	Y	N	N	N	N	N	N	N	N	N	N	0.0000	0.0000	0.0000	0.0000	0.0000	0.0000	0.0000	0.0000	0.0000	0.0000	0.0000	0.0000	0.0000	0.0000	0.0000	0.0000	0.0000	0.0000	0.0000	0.0000	2.0000	0.0000	3.0000	4.0000	0.0000	0.0000	0.0000	0.0000	0.0000	0.0000	0.0000	0.0000	0.0000	0.0000	0.0000	0.0000	0.0000	0.0000	0.0000	0.0000	0.0000	0.0000	0.0000	0.0000	0.0000	0.0000	0.0000	0.0000	0.0000	0.0000	0.0000	0.0424	0.0133	0.0292	0.0046	0.0031	0.0015	0.0378	0.0102	0.0277	0.0000	0.0000	0.0000	0.0000	0.0000	0.0000	0.0000	0.0000	0.0000	0.0000	0.0000	0.0000	0.0000	0.0000	0.0000	0.0000	0.0000	0.0000											
71	89	0.1998	6	0	2	0	0	0	0	0	0	N	Y	N	N	N	N	N	N	N	N	N	N	0.0000	0.0000	0.0000	0.0000	0.0000	0.0000	0.0000	0.0000	0.0000	0.0000	0.0000	0.0000	0.0000	0.0000	0.0000	0.0000	0.0000	0.0000	0.0000	0.0000	2.0000	3.0000	3.0000	2.0000	0.0000	0.0000	0.0000	0.0000	0.0000	0.0000	0.0000	0.0000	0.0000	0.0000	0.0000	0.0000	0.0000	0.0000	0.0000	0.0000	0.0000	0.0000	0.1188	0.1060	0.0128	0.0446	0.0422	0.0024	0.0742	0.0638	0.0104	0.0519	0.0158	0.0362	0.0042	0.0025	0.0017	0.0478	0.0133	0.0345	0.0000	0.0000	0.0000	0.0000	0.0000	0.0000	0.0000	0.0000	0.0000	0.0000	0.0000	0.0000	0.0000	0.0000	0.0000	0.0000	0.0000	0.0000											
71	90	0.1998	6	1	2	0	0	0	0	0	0	N	Y	N	N	N	N	N	N	N	N	N	N	0.0000	0.0000	0.0000	0.0000	0.0000	0.0000	0.0000	0.0000	0.0000	0.0000	0.0000	0.0000	0.0000	0.0000	0.0000	0.0000	0.0000	0.0000	0.0000	0.0000	2.0000	2.0000	3.0000	3.0000	0.0000	0.0000	0.0000	0.0000	0.0000	0.0000	0.0000	0.0000	0.0000	0.0000	0.0000	0.0000	0.0000	0.0000	0.0000	0.0000	0.0000	0.0000	0.0807	0.0721	0.0087	0.0307	0.0291	0.0016	0.0500	0.0430	0.0071	0.0519	0.0158	0.0362	0.0042	0.0025	0.0017	0.0478	0.0133	0.0345	0.0000	0.0000	0.0000	0.0000	0.0000	0.0000	0.0000	0.0000	0.0000	0.0000	0.0000	0.0000	0.0000	0.0000	0.0000	0.0000	0.0000	0.0000											
71	91	0.1839	5	0	1	0	0	0	0	0	0	N	N	N	N	N	N	N	N	N	N	N	N	0.0000	0.0000	0.0000	0.0000	0.0000	0.0000	0.0000	0.0000	0.0000	0.0000	0.0000	0.0000	0.0000	0.1197	0.3757	0.0000	1.1926	1.7209	0.0000	0.0000	0.0000	0.0000	0.0000	0.0000	-0.0022	2.0000	2.0705	3.0000	0.0351	0.0000	0.0000	0.0000	0.0000	0.0000	0.0000	0.0000	0.0000	0.0000	0.0029	0.0029	0.0000	0.0029	0.0029	0.0000	0.0000	0.0000	0.0000	0.0940	0.0848	0.0092	0.0417	0.0399	0.0018	0.0523	0.0450	0.0074	0.0241	0.0077	0.0164	0.0024	0.0017	0.0007	0.0216	0.0060	0.0156	0.0000	0.0000	0.0000	0.0000	0.0000	0.0000	0.0000	0.0000	0.0000	0.1197	0.3757	0.0000	1.1926	1.7209	0.0000	0.0000	0.0000	0.0000						
71	92	0.1585	4	0	1	0	0	0	0	0	0	N	N	N	N	N	N	N	N	N	N	N	N	0.0000	0.0000	0.0000	0.0000	0.0000	0.0000	0.0000	0.0000	0.0000	0.0000	0.0000	0.0000	0.0000	0.0000	0.0000	0.0000	0.2600	0.5459	0.1022	1.4658	1.8547	0.0000	0.0759	0.0000	0.1069	0.3393	0.0000	-0.0056	2.0000	3.4249	3.0000	0.1413	0.0000	0.0000	0.0000	0.0000	0.0000	0.0000	0.0000	0.0000	0.0000	0.0113	0.0084	0.0029	0.0084	0.0084	0.0000	0.0029	0.0000	0.0029	0.1826	0.1659	0.0167	0.0952	0.0904	0.0048	0.0874	0.0755	0.0119	0.0433	0.0154	0.0279	0.0057	0.0045	0.0012	0.0376	0.0109	0.0267	0.0000	0.0000	0.0000	0.0000	0.0000	0.0000	0.0000	0.0000	0.0000	0.2600	0.5459	0.1022	1.4658	1.8547	0.0000	0.0759	0.0000	0.1069			
71	98	0.2953	9	0	1	0	0	0	0	0	0	N	N	N	N	N	N	N	N	N	N	N	N	0.0000	0.0000	0.0000	0.0000	0.0000	0.0000	0.0000	0.0000	0.0000	0.0000	0.0000	0.0000	0.0000	0.0000	0.0000	0.0000	0.5428	0.0484	1.1514	0.0818	0.0867	0.0000	0.7658	0.0000	1.2008	19.3387	0.0000	0.0204	2.0000	4.9999	3.0000	9.0821	0.0000	0.0000	0.0000	0.0000	0.0000	0.0000	0.0000	0.0000	0.0000	0.1009	0.0050	0.0959	0.0050	0.0050	0.0000	0.0959	0.0000	0.0959	0.2774	0.2524	0.0250	0.1497	0.1409	0.0087	0.1277	0.1115	0.0162	0.1859	0.1025	0.0833	0.0606	0.0572	0.0034	0.1253	0.0454	0.0799	0.0000	0.0000	0.0000	0.0000	0.0000	0.0000	0.0000	0.0000	0.0000	0.5428	0.0484	1.1514	0.0818	0.0867	0.0000	0.7658	0.0000	1.2008			
72	74	0.0904	3	0	1	0	0	0	0	0	0	N	N	N	N	N	N	N	N	N	N	N	N	531.7010	252.2509	0.5701	207.1507	198.9466	7.7125	4696.5631	inf	0.0525	1.0164	1.1792	0.0000	1.5306	1.7751	0.0000	0.1291	0.1499	0.0000	0.0019	0.0047	0.0000	0.0074	0.0089	0.0000	0.0000	0.0000	0.0000	0.0000	0.0109	-0.1453	-0.0001	4.7932	1.8678	0.2507	4.6278	0.7345	0.7345	0.0000	0.7003	0.7003	0.0000	0.0342	0.0342	0.0000	0.0002	0.0002	0.0000	0.0002	0.0002	0.0000	0.0000	0.0000	0.0000	0.7227	0.6229	0.0998	0.4575	0.3945	0.0630	0.2652	0.2284	0.0368	0.0919	0.0372	0.0547	0.0235	0.0195	0.0040	0.0684	0.0177	0.0507	531.7010	252.2509	0.5701	207.1507	198.9466	7.7125	4696.5631	inf	0.0525	0.0019	0.0047	0.0000	0.0074	0.0089	0.0000	0.0000	0.0000	0.0000
72	75	0.0705	2	0	0	0	0	0	0	0	0	N	N	N	N	N	N	N	N	N	N	N	N	1526.8066	7624.7804	1011.0918	4006.8632	3317.0534	inf	1324.2896	inf	1166.7030	3.1121	3.1273	2.9836	3.2113	3.4361	0.0022	3.0682	2.9816	3.6818	0.0020	0.0004	0.0030	0.0008	0.0010	0.0000	0.0023	0.0000	0.0032	0.1129	12.8362	-0.1735	0.0000	4.7932	4.7010	0.2507	0.6064	1.8009	1.6182	0.1828	0.5701	0.5701	0.0000	1.2308	1.0481	0.1827	0.0002	0.0000	0.0001	0.0000	0.0000	0.0000	0.0001	0.0000	0.0001	0.5787	0.5174	0.0613	0.1775	0.1659	0.0116	0.4011	0.3515	0.0496	0.0776	0.0279	0.0497	0.0143	0.0110	0.0032	0.0633	0.0168	0.0465	1526.8066	7624.7804	1011.0918	4006.8632	3317.0534	inf	1324.2896	inf	1166.7030	0.0020	0.0004	0.0030	0.0008	0.0010	0.0000	0.0023	0.0000	0.0032
72	78	0.1941	6	1	1	0	1	0	0	0	0	N	N	N	N	N	N	N	N	N	N	N	N	0.1334	0.8197	0.0000	0.2968	0.5196	0.0000	0.0000	0.0000	0.0000	0.0000	0.0000	0.0000	0.0000	0.0000	0.0000	0.0000	0.0000	0.0000	0.0000	0.0000	0.0000	0.0000	0.0000	0.0000	0.0000	0.0000	0.0000	15.7094	-0.0000	0.0000	4.7932	1.0000	0.2507	2.0144	0.0000	0.0000	0.0000	0.0000	0.0000	0.0000	0.0000	0.0000	0.0000	0.0000	0.0000	0.0000	0.0000	0.0000	0.0000	0.0000	0.0000	0.0000	0.1263	0.1136	0.0126	0.0450	0.0427	0.0023	0.0813	0.0710	0.0103	0.0384	0.0127	0.0257	0.0041	0.0030	0.0011	0.0343	0.0097	0.0246	0.1334	0.8197	0.0000	0.2968	0.5196	0.0000	0.0000	0.0000	0.0000	0.0000	0.0000	0.0000	0.0000	0.0000	0.0000	0.0000	0.0000	0.0000	
72	79	0.1719	5	1	1	0	1	0	0	0	0	N	N	N	N	N	N	N	N	N	N	N	N	2.2121	0.8044	0.6139	0.4708	0.0000	0.0000	0.0215	0.0239	0.0000	0.0595	0.0631	0.0000	0.0000	0.0000	0.0000	0.0097	0.0297	0.0000	0.0970	0.1340	0.0000	0.0000	0.0000	0.0000	0.0000	0.0000	-0.0000	-0.0003	4.7932	0.0001	0.2507	3.0180	0.0000	0.0000	0.0000	0.0000	0.0000	0.0000	0.0000	0.0000	0.0000	0.0004	0.0004	0.0000	0.0004	0.0004	0.0000	0.0000	0.0000	0.0000	0.0000	0.0000	0.0000	0.0000	0.0000	0.0000	0.0000	0.0000	0.0000	0.0382	0.0125	0.0257	0.0038	0.0028	0.0011	0.0343	0.0097	0.0246	2.2121	0.8044	0.0000	0.6139	0.4708	0.0000	0.0000	0.0000	0.0000	0.0097	0.0297	0.0000	0.0970	0.1340	0.0000	0.0000	0.0000	0.0000			
72	80	0.1939	7	0	1	0	1	0	0	0	0	N	N	N	N	N	N	N	N	N	N	N	N	0.0000	0.0000	0.0000	0.0000	0.0000	0.0000	0.0000	0.0000	0.0000	0.0000	0.0000	0.0000	0.0000	0.0000	0.0000	0.0000	0.0000	0.0000	0.0000	0.0000	4.7932	0.0000	0.2507	0.0000	0.0000	0.0000	0.0000	0.0000	0.0000	0.0000	0.0000	0.0000	0.0000	0.0000	0.0000	0.0000	0.0000	0.0000	0.0000	0.0000	0.0000	0.0000	0.0000	0.0000	0.0000	0.0000	0.0000	0.0000	0.0000	0.0000	0.0000	0.0000	0.0000	0.0000	0.0000	0.0000	0.0000	0.0000	0.0000	0.0000	0.0000	0.0000	0.0000	0.0000	0.0000	0.0000	0.0000	0.0000	0.0000	0.0000	0.0000	0.0000	0.0000	0.0000	0.0000	0.0000	0.0000	0.0000											
72	81	0.1719	5	0	0	1	1	0	0	0	0	N	N	N	N	N	N	N	N	N	N	N	N	0.0000	0.0000	0.0000	0.0000	0.0000	0.0000	0.0000	0.0000	0.0000	0.0000	0.0000	0.0000	0.0000	0.0000	0.0000	0.0000	0.0000	0.0000	0.0000	0.0000	4.7932	2.0000	0.2507	0.0000	0.0000	0.0000	0.0000	0.0000	0.0000	0.0000	0.0000	0.0000	0.0000	0.0000	0.0000	0.0000	0.0000	0.0000	0.0000	0.0000	0.0000	0.0000	0.2470	0.2223	0.0246	0.0874	0.0829	0.0045	0.1596	0.1394	0.0202	0.0258	0.0084	0.0174	0.0026	0.0019	0.0007	0.0232	0.0066	0.0167	0.0000	0.0000	0.0000	0.0000	0.0000	0.0000	0.0000	0.0000	0.0000	0.0000	0.0000	0.0000	0.0000	0.0000	0.0000	0.0000	0.0000	0.0000											
72	82	0.1719	5	0	0	1	1	0	0	0	0	N	N	N	N	N	N	N	N	N	N	N	N	0.0000	0.0000	0.0000	0.0000	0.0000	0.0000	0.0000	0.0000	0.0000	0.0000	0.0000	0.0000	0.0000	0.0008	0.0025	0.0000	0.0081	0.0111	0.0000	0.0000	0.0000	0.0000	0.0000	0.0000	-0.0000	4.7932	0.0000	0.2507	4.0000	0.0000	0.0000	0.0000	0.0000	0.0000	0.0000	0.0000	0.0000	0.0000	0.0000	0.0000	0.0000	0.0000	0.0000	0.0000	0.0000	0.0000	0.0000	0.0000	0.0000	0.0000	0.0000	0.0000	0.0000	0.0000	0.0000	0.0000	0.0496	0.0163	0.0333	0.0050	0.0036	0.0014	0.0447	0.0127	0.0320	0.0000	0.0000	0.0000	0.0000	0.0000	0.0000	0.0000	0.0000	0.0000	0.0008	0.0025	0.0000	0.0081	0.0111	0.0000	0.0000	0.0000	0.0000						
72	83	0.1939	7	0	0	1	1	0	0	0	0	N	N	N	N	N	N	N	N	N	N	N	N	0.0000	0.0000	0.0000	0.0000	0.0000	0.0000	0.0000	0.0000	0.0000	0.0000	0.0000	0.0000	0.0000	0.0000	0.0000	0.0309	0.0969	0.0000	0.0170	0.0250	0.0000	0.0323	1.1034	0.0000	0.0000	0.0000	-0.0006	4.7932	0.0000	0.2507	2.0000	0.0000	0.0000	0.0000	0.0000	0.0000	0.0000	0.0000	0.0000	0.0000	0.0008	0.0008	0.0000	0.0000	0.0000	0.0000	0.0008	0.0008	0.0000	0.0000	0.0000	0.0000	0.0000	0.0000	0.0000	0.0000	0.0000	0.0000	0.0256	0.0082	0.0174	0.0024	0.0016	0.0008	0.0232	0.0066	0.0167	0.0000	0.0000	0.0000	0.0000	0.0000	0.0000	0.0000	0.0000	0.0000	0.0309	0.0969	0.0000	0.0170	0.0250	0.0000	0.0323	0.1145	0.0000				
72	84	0.1865	6	0	0	0	1	0	0	0	0	N	N	N	N	N	N	N	N	N	N	N	N	0.0000	0.0000	0.0000	0.0000	0.0000	0.0000	0.0000	0.0000	0.0000	0.0000	0.0000	0.0000	0.0000	0.0000	0.0000	0.0007	0.0000	0.0010	0.0000	0.0000	0.0000	0.0008	0.0000	0.0011	2695.5714	0.0000	0.0000	4.7932	1.0000	0.2507	0.0015	0.0000	0.0000	0.0000	0.0000	0.0000	0.0000	0.0000	0.0000	0.0000	0.0000	0.0000	0.0000	0.0000	0.0000	0.0000	0.0000	0.0000	0.0000	0.1263	0.1136	0.0126	0.0450	0.0427	0.0023	0.0813	0.0710	0.0103	0.0134	0.0043	0.0090	0.0014	0.0010	0.0004	0.0120	0.0033	0.0086	0.0000	0.0000	0.0000	0.0000	0.0000	0.0000	0.0000	0.0000	0.0000	0.0007	0.0000	0.0010	0.0000	0.0000	0.0000	0.0008	0.0000	0.0011				
72	85	0.1719	5	0	0	0	1	0	0	0	0	N	N	N	N	N	N	N	N	N	N	N	N	0.0000	0.0000	0.0000	0.0000	0.0000	0.0000	0.0000	0.0000	0.0000	0.0000	0.0000	0.0000	0.0000	0.0000	0.0000	0.0023	0.0071	0.0000	0.0037	0.0050	0.0000	0.0022	0.2783	0.0000	0.0000	0.0000	-0.0000	4.7932	0.0000	0.2507	2.0013	0.0000	0.0000	0.0000	0.0000	0.0000	0.0000	0.0000	0.0000	0.0000	0.0001	0.0001	0.0000	0.0000	0.0000	0.0000	0.0000	0.0000	0.0000	0.0000	0.0000	0.0000	0.0000	0.0000	0.0000	0.0000	0.0000	0.0000	0.0258	0.0084	0.0174	0.0026	0.0019	0.0007	0.0232	0.0066	0.0167	0.0000	0.0000	0.0000	0.0000	0.0000	0.0000	0.0000	0.0000	0.0000	0.0023	0.0071	0.0000	0.0037	0.0050	0.0000	0.0022	0.0076	0.0000				
72	86	0.2117	5	1	1	0	0	0	0	0	0	N	N	N	N	N	N	N	N	N	N	N	N	18.3522	81.0068	0.0000	62.9212	64.2396	0.0000	5.2244	inf	0.0000	0.3790	0.4086	0.0000	0.4690	0.4984	0.0000	0.1416	0.1588	0.0000	0.0207	0.0050	0.0354	0.0075	0.0078	0.0002	0.0271	0.0000	0.0363	0.0000	7.4391	-0.0000	0.0001	4.7932	0.0007	0.2507	0.9812	0.0001	0.0001	0.0000	0.0001	0.0001	0.0000	0.0000	0.0000	0.0000	0.0006	0.0001	0.0005	0.0001	0.0001	0.0000	0.0005	0.0000	0.0005	0.0003	0.0003	0.0000	0.0003	0.0002	0.0000	0.0001	0.0001	0.0000	0.0289	0.0140	0.0149	0.0095	0.0091	0.0004	0.0194	0.0049	0.0145	18.3522	81.0068	0.0000	62.9212	64.2396	0.0000	5.2244	inf	0.0000	0.0207	0.0050	0.0354	0.0075	0.0078	0.0001	0.0271	0.0000	0.0363
72	87	0.1559	4	1	1	0	0	0	0	0	0	N	N	N	N	N	N	N	N	N	N	N	N	0.9765	0.3662	90.3500	0.2469	0.1996	208.3414	773.9540	529469.9891	34.9666	1.2479	1.3790	0.0395	2.7687	2.9313	0.1177	0.2472	0.2800	0.0156	1.2780	3.7661	0.0004	11.2126	14.6850	0.0006	0.0003	0.0000	0.0004	0.0031	0.0002	-0.1557	-0.0832	4.7932	5.0272	0.2507	2.1572	0.7996	0.7972	0.0025	0.7041	0.7024	0.0017	0.0955	0.0948	0.0007	0.1111	0.1111	0.0000	0.1111	0.1111	0.0000	0.0000	0.0000	0.0000	0.6408	0.5781	0.0627	0.2543	0.2396	0.0147	0.3865	0.3385	0.0480	0.0869	0.0295	0.0574	0.0099	0.0076	0.0023	0.0770	0.0219	0.0551	0.9765	0.3662	90.3500	0.2469	0.1996	502.4239	773.9540	529469.9891	34.9666	1.2780	3.7661	0.0004	11.2126	14.6850	0.0002	0.0003	0.0000	0.0004
72	88	0.2092	6	0	1	0	0	0	0	0	0	N	N	N	N	N	N	N	N	N	N	N	N	0.0000	0.0000	0.0000	0.0000	0.0000	0.0000	0.0000	0.0000	0.0000	0.0000	0.0000	0.0000	0.0000	0.0006	0.0017	0.0000	0.0046	0.0060	0.0000	0.0000	0.0000	0.0000	0.0000	0.0000	-0.0000	4.7932	0.0000	0.2507	4.0000	0.0000	0.0000	0.0000	0.0000	0.0000	0.0000	0.0000	0.0000	0.0000	0.0000	0.0000	0.0000	0.0000	0.0000	0.0000	0.0000	0.0000	0.0000	0.0000	0.0000	0.0000	0.0000	0.0000	0.0000	0.0000	0.0000	0.0000	0.0506	0.0172	0.0335	0.0066	0.0050	0.0015	0.0440	0.0121	0.0319	0.0000	0.0000	0.0000	0.0000	0.0000	0.0000	0.0000	0.0000	0.0000	0.0006	0.0017	0.0000	0.0046	0.0060	0.0000	0.0000	0.0000	0.0000						
72	89	0.1719	5	0	1	0	0	0	0	0	0	N	N	N	N	N	N	N	N	N	N	N	N	0.0271	0.0099	inf	0.0077	0.0059	inf	inf	0.0496	0.0549	0.0014	0.1407	0.1482	0.0000	0.0002	0.0000	0.0017	1.8260	5.5531	0.0000	18.2480	25.2478	0.0000	0.0000	0.0000	0.0000	0.0028	0.0000	-0.0035	-0.0832	4.7932	3.0000	0.2507	2.0000	0.0180	0.0179	0.0001	0.0179	0.0179	0.0000	0.0001	0.0000	0.0001	0.1111	0.1111	0.0000	0.1111	0.1111	0.0000	0.0000	0.0000	0.0000	0.3624	0.3263	0.0361	0.1273	0.1208	0.0065	0.2351	0.2055	0.0296	0.0609	0.0200	0.0408	0.0061	0.0044	0.0017	0.0548	0.0156	0.0392	0.0271	0.0099	inf	0.0077	0.0059	0.0000	inf	0.0000	inf	1.8260	5.5531	0.0000	18.2480	25.2478	0.0000	0.0000	0.0000	0.0000		
72	90	0.1719	5	1	1	0	0	0	0	0	0	N	N	N	N	N	N	N	N	N	N	N	N	0.0000	0.0000	0.0000	0.0000	0.0000	0.0000	0.0000	0.0000	0.0000	0.0000	0.0000	0.0000	0.0000	0.0444	0.1349	0.0000	0.4434	0.6135	0.0000	0.0000	0.0000	0.0000	0.0000	0.0000	-0.0020	4.7932	2.0000	0.2507	3.0000	0.0000	0.0000	0.0000	0.0000	0.0000	0.0000	0.0000	0.0000	0.0000	0.0027	0.0027	0.0000	0.0027	0.0027	0.0000	0.0000	0.0000	0.0000	0.2470	0.2223	0.0246	0.0874	0.0829	0.0045	0.1596	0.1394	0.0202	0.0609	0.0200	0.0408	0.0061	0.0044	0.0017	0.0548	0.0156	0.0392	0.0000	0.0000	0.0000	0.0000	0.0000	0.0000	0.0000	0.0000	0.0000	0.0444	0.1349	0.0000	0.4434	0.6135	0.0000	0.0000	0.0000	0.0000						
72	91	0.1559	4	0	0	0	0	0	0	0	0	N	N	N	N	N	N	N	N	N	N	N	N	9.0302	2203.9563	3.0724	525.8592	1492.0130	13.1516	0.6310	16596.9101	1.3060	0.1519	0.1597	0.0797	0.3117	0.3210	0.1771	0.0123	0.0091	0.0351	0.0168	0.0001	0.0260	0.0006	0.0002	0.0135	0.0195	0.0000	0.0269	0.0534	657.6802	-0.0072	0.0001	4.7932	2.0705	0.2507	0.0351	0.0489	0.0464	0.0025	0.0468	0.0451	0.0017	0.0021	0.0014	0.0007	0.0005	0.0000	0.0005	0.0000	0.0000	0.0000	0.0005	0.0000	0.0005	0.3220	0.2909	0.0311	0.1502	0.1404	0.0098	0.1718	0.1505	0.0213	0.0303	0.0107	0.0196	0.0043	0.0036	0.0008	0.0260	0.0071	0.0189	9.0302	2203.9563	3.0724	525.8592	1492.0130	74.2342	0.6310	16596.9101	1.3060	0.0168	0.0001	0.0260	0.0006	0.0002	0.0024	0.0195	0.0000	0.0269
72	92	0.1305	3	0	0	0	0	0	0	0	0	N	N	N	N	N	N	N	N	N	N	N	N	117.2283	6.7847	3775.3078	26.6705	3.8851	266.9388	440.2763	48.4115	2340.2254	1.4971	0.1909	13.3431	1.9025	0.3236	22.1465	1.0390	0.0311	7.7974	0.0128	0.0281	0.0035	0.0713	0.0833	0.0830	0.0024	0.0006	0.0033	7.7056	0.2090	0.6676	-0.0004	4.7932	3.4249	0.2507	0.1413	0.9713	0.1116	0.8597	0.6548	0.1033	0.5515	0.3165	0.0082	0.3082	0.0007	0.0005	0.0001	0.0006	0.0005	0.0000	0.0001	0.0000	0.0001	0.6488	0.5844	0.0644	0.3442	0.3193	0.0249	0.3046	0.2651	0.0395	0.0511	0.0192	0.0319	0.0077	0.0065	0.0012	0.0434	0.0127	0.0307	117.2283	6.7847	3775.3078	26.6705	3.8851	2585.3323	440.2763	2597.1520	2340.2254	0.0128	0.0281	0.0035	0.0713	0.0833	0.0086	0.0024	0.0000	0.0033
72	98	0.2674	8	0	0	0	0	0	0	0	0	N	N	N	N	N	N	N	N	N	N	N	N	148.1771	100.2940	0.0005	38.3817	38.7136	0.0000	1411.7690	457.8666	0.0004	1.1683	1.2647	0.0000	0.8134	0.8551	0.0000	1.7120	1.9417	0.0000	0.0079	0.0126	0.0020	0.0212	0.0221	0.0413	0.0012	0.0042	0.0018	0.0000	0.1279	-0.2439	-0.0010	4.7932	4.9999	0.2507	9.0821	1.2328	1.2328	0.0000	0.5193	0.5193	0.0000	0.7134	0.7134	0.0000	0.0016	0.0014	0.0002	0.0014	0.0014	0.0000	0.0002	0.0000	0.0002	1.0552	0.9747	0.0804	0.6385	0.6073	0.0312	0.4167	0.3674	0.0493	0.2044	0.1133	0.0911	0.0683	0.0644	0.0038	0.1362	0.0489	0.0873	148.1771	100.2940	0.0005	38.3817	38.7136	0.0002	1411.7690	17690.2580	0.0004	0.0079	0.0126	0.0020	0.0212	0.0221	0.0060	0.0012	0.0001	0.0018
73	74	0.0636	2	0	1	0	0	0	0	0	0	N	N	N	N	N	N	N	N	N	N	N	N	157.8689	17.9468	26063.3158	15.0080	5.0404	inf	3972.2007	inf	14070.9998	1.2519	0.4485	7.3788	1.6497	0.5695	12.3787	0.8353	0.3144	3.9946	0.0079	0.0250	0.0003	0.1099	0.1130	0.0000	0.0002	0.0000	0.0003	2.1575	0.0253	0.3011	-0.0008	4.9764	1.8678	2.9948	4.6278	0.6201	0.1964	0.4237	0.4180	0.1311	0.2869	0.2021	0.0653	0.1368	0.0011	0.0011	0.0000	0.0011	0.0011	0.0000	0.0000	0.0000	0.0000	0.4954	0.4379	0.0574	0.2534	0.2302	0.0232	0.2420	0.2077	0.0342	0.1384	0.0428	0.0956	0.0097	0.0095	0.0003	0.1287	0.0334	0.0953	157.8689	17.9468	26063.3158	15.0080	5.0404	inf	3972.2007	inf	14070.9998	0.0079	0.0250	0.0003	0.1099	0.1130	0.0000	0.0002	0.0000	0.0003
73	78	0.1673	5	1	1	0	1	0	0	0	0	N	N	N	N	N	N	N	N	N	N	N	N	0.4964	0.1889	0.1172	0.0793	0.0000	0.0000	0.0001	0.0001	0.0000	0.0004	0.0004	0.0000	0.0000	0.0000	0.0000	0.0002	0.0005	0.0000	0.0030	0.0048	0.0000	0.0000	0.0000	0.0000	0.0001	0.0000	-0.0000	-0.0000	4.9764	1.0000	2.9948	2.0144	0.0000	0.0000	0.0000	0.0000	0.0000	0.0000	0.0000	0.0000	0.0000	0.0000	0.0000	0.0000	0.0000	0.0000	0.0000	0.0000	0.0000	0.0000	0.1156	0.1023	0.0133	0.0285	0.0268	0.0018	0.0870	0.0755	0.0115	0.0753	0.0254	0.0499	0.0044	0.0028	0.0016	0.0709	0.0226	0.0483	0.4964	0.1889	0.0000	0.1172	0.0793	0.0000	0.0000	0.0000	0.0000	0.0002	0.0005	0.0000	0.0030	0.0048	0.0000	0.0000	0.0000	0.0000			
73	79	0.1450	4	1	1	0	1	0	0	0	0	N	N	N	N	N	N	N	N	N	N	N	N	240.2225	91.4232	0.0000	inf	inf	0.0000	0.0000	0.0000	1.2288	1.3894	0.0000	4.9162	5.2465	0.0000	0.0000	0.0000	0.0000	0.0051	0.0152	0.0001	0.0000	0.0000	0.0000	0.0054	0.5138	0.0001	0.0001	0.0082	-0.0000	-0.0003	4.9764	0.0001	2.9948	3.0180	0.0000	0.0000	0.0000	0.0000	0.0000	0.0000	0.0000	0.0000	0.0000	0.0004	0.0004	0.0000	0.0000	0.0000	0.0000	0.0004	0.0004	0.0000	0.0000	0.0000	0.0000	0.0000	0.0000	0.0000	0.0000	0.0000	0.0000	0.0749	0.0250	0.0499	0.0039	0.0024	0.0015	0.0710	0.0226	0.0484	240.2225	91.4232	0.0000	inf	inf	0.0000	0.0000	0.0000	0.0000	0.0051	0.0152	0.0001	0.0000	0.0000	0.0000	0.0054	0.0168	0.0001	
73	80	0.1670	6	0	1	0	1	0	0	0	0	N	N	N	N	N	N	N	N	N	N	N	N	0.0000	0.0000	0.0000	0.0000	0.0000	0.0000	0.0000	0.0000	0.0000	0.0000	0.0000	0.0000	0.0000	0.0000	0.0000	0.0000	0.0000	0.0000	0.0000	0.0000	4.9764	0.0000	2.9948	0.0000	0.0000	0.0000	0.0000	0.0000	0.0000	0.0000	0.0000	0.0000	0.0000	0.0000	0.0000	0.0000	0.0000	0.0000	0.0000	0.0000	0.0000	0.0000	0.0000	0.0000	0.0000	0.0000	0.0000	0.0000	0.0000	0.0000	0.0000	0.0000	0.0000	0.0000	0.0000	0.0000	0.0000	0.0000	0.0000	0.0000	0.0000	0.0000	0.0000	0.0000	0.0000	0.0000	0.0000	0.0000	0.0000	0.0000	0.0000	0.0000	0.0000	0.0000	0.0000	0.0000	0.0000	0.0000											
73	81	0.1450	4	0	0	1	1	0	0	0	0	N	N	N	N	N	N	N	N	N	N	N	N	0.0000	0.0000	0.0000	0.0000	0.0000	0.0000	0.0000	0.0000	0.0000	0.0000	0.0000	0.0000	0.0000	0.0000	0.0000	0.0000	0.0000	0.0000	0.0000	0.0000	4.9764	2.0000	2.9948	0.0000	0.0000	0.0000	0.0000	0.0000	0.0000	0.0000	0.0000	0.0000	0.0000	0.0000	0.0000	0.0000	0.0000	0.0000	0.0000	0.0000	0.0000	0.0000	0.2261	0.2002	0.0259	0.0552	0.0517	0.0034	0.1709	0.1484	0.0225	0.0506	0.0169	0.0338	0.0026	0.0016	0.0010	0.0480	0.0153	0.0327	0.0000	0.0000	0.0000	0.0000	0.0000	0.0000	0.0000	0.0000	0.0000	0.0000	0.0000	0.0000	0.0000	0.0000	0.0000	0.0000	0.0000	0.0000											
73	82	0.1450	4	0	0	1	1	0	0	0	0	N	N	N	N	N	N	N	N	N	N	N	N	0.0000	0.0000	0.0000	0.0000	0.0000	0.0000	0.0000	0.0000	0.0000	0.0000	0.0000	0.0000	0.0000	0.0000	0.0000	0.0004	0.0003	0.0005	0.0000	0.0000	0.0000	0.0004	0.0082	0.0005	3.0000	0.0000	0.0000	4.9764	0.0000	2.9948	4.0000	0.0000	0.0000	0.0000	0.0000	0.0000	0.0000	0.0000	0.0000	0.0000	0.0000	0.0000	0.0000	0.0000	0.0000	0.0000	0.0000	0.0000	0.0000	0.0000	0.0000	0.0000	0.0000	0.0000	0.0000	0.0000	0.0000	0.0000	0.0975	0.0326	0.0649	0.0052	0.0031	0.0020	0.0923	0.0295	0.0629	0.0000	0.0000	0.0000	0.0000	0.0000	0.0000	0.0000	0.0000	0.0000	0.0004	0.0003	0.0005	0.0000	0.0000	0.0000	0.0004	0.0003	0.0005				
73	83	0.1670	6	0	0	1	1	0	0	0	0	N	N	N	N	N	N	N	N	N	N	N	N	0.0000	0.0000	0.0000	0.0000	0.0000	0.0000	0.0000	0.0000	0.0000	0.0000	0.0000	0.0000	0.0000	0.0000	0.0000	19.8702	60.6720	0.0009	0.0000	0.0000	0.0000	20.8145	65.3706	0.0009	0.0000	0.0000	-0.7484	4.9764	0.0000	2.9948	2.0000	0.0000	0.0000	0.0000	0.0000	0.0000	0.0000	0.0000	0.0000	0.0000	0.9993	0.9992	0.0000	0.0000	0.0000	0.0000	0.9993	0.9992	0.0000	0.0000	0.0000	0.0000	0.0000	0.0000	0.0000	0.0000	0.0000	0.0000	0.0503	0.0165	0.0338	0.0023	0.0012	0.0011	0.0480	0.0153	0.0327	0.0000	0.0000	0.0000	0.0000	0.0000	0.0000	0.0000	0.0000	0.0000	19.8702	60.6720	0.0009	0.0000	0.0000	0.0000	20.8145	65.3706	0.0009				
73	84	0.1597	5	0	0	0	1	0	0	0	0	N	N	N	N	N	N	N	N	N	N	N	N	0.0000	0.0000	0.0000	0.0000	0.0000	0.0000	0.0000	0.0000	0.0000	0.0000	0.0000	0.0000	0.0000	0.0004	0.0011	0.0000	0.0068	0.0115	0.0000	0.0000	0.0000	0.0000	0.0000	0.0000	-0.0000	4.9764	1.0000	2.9948	0.0015	0.0000	0.0000	0.0000	0.0000	0.0000	0.0000	0.0000	0.0000	0.0000	0.0000	0.0000	0.0000	0.0000	0.0000	0.0000	0.0000	0.0000	0.0000	0.1156	0.1023	0.0133	0.0285	0.0268	0.0018	0.0870	0.0755	0.0115	0.0261	0.0086	0.0174	0.0014	0.0008	0.0006	0.0247	0.0078	0.0169	0.0000	0.0000	0.0000	0.0000	0.0000	0.0000	0.0000	0.0000	0.0000	0.0004	0.0011	0.0000	0.0068	0.0115	0.0000	0.0000	0.0000	0.0000						
73	85	0.1450	4	0	0	0	1	0	0	0	0	N	N	N	N	N	N	N	N	N	N	N	N	0.0000	0.0000	0.0000	0.0000	0.0000	0.0000	0.0000	0.0000	0.0000	0.0000	0.0000	0.0000	0.0000	0.0000	0.0000	0.0000	0.0000	0.0012	0.0030	0.0003	0.0190	0.0313	0.0000	0.0002	0.0000	0.0003	0.1929	0.0000	-0.0000	4.9764	0.0000	2.9948	2.0013	0.0000	0.0000	0.0000	0.0000	0.0000	0.0000	0.0000	0.0000	0.0000	0.0001	0.0001	0.0000	0.0000	0.0000	0.0000	0.0000	0.0000	0.0000	0.0000	0.0000	0.0000	0.0000	0.0000	0.0000	0.0000	0.0000	0.0000	0.0507	0.0169	0.0338	0.0026	0.0016	0.0010	0.0480	0.0153	0.0327	0.0000	0.0000	0.0000	0.0000	0.0000	0.0000	0.0000	0.0000	0.0000	0.0012	0.0030	0.0003	0.0190	0.0313	0.0000	0.0002	0.0000	0.0003		
73	86	0.1849	4	1	1	0	0	0	0	0	0	N	N	N	N	N	N	N	N	N	N	N	N	44.0946	25.3796	2.9282	7.9704	8.4010	437.8343	410.6224	854062.7291	4.7782	0.6444	0.7137	0.0092	0.3534	0.3900	0.0034	0.9802	1.0908	0.0153	0.0146	0.0281	0.0031	0.0443	0.0464	0.0000	0.0024	0.0000	0.0032	0.0014	0.1309	-0.0000	-0.0004	4.9764	0.0007	2.9948	0.9812	0.0002	0.0002	0.0000	0.0000	0.0000	0.0000	0.0001	0.0001	0.0000	0.0006	0.0005	0.0001	0.0005	0.0005	0.0000	0.0001	0.0000	0.0001	0.0002	0.0002	0.0000	0.0001	0.0001	0.0000	0.0001	0.0001	0.0000	0.0419	0.0192	0.0226	0.0122	0.0116	0.0005	0.0297	0.0076	0.0221	44.0946	25.3796	2.9282	7.9704	8.4010	437.8343	410.6224	1060344.0436	4.7782	0.0146	0.0281	0.0031	0.0443	0.0464	0.0000	0.0024	0.0000	0.0032
73	87	0.1291	3	1	1	0	0	0	0	0	0	N	N	N	N	N	N	N	N	N	N	N	N	2.3432	133.4494	0.1238	7.4756	6.6183	0.0458	2.6513	139.2325	0.1345	1.6016	1.7932	0.1266	0.6847	0.7265	0.0258	1.9148	2.1887	0.1420	0.6835	0.0134	1.0227	0.0916	0.1098	0.5628	0.7222	0.0157	1.0556	0.0092	150.3509	-0.1700	0.0274	4.9764	5.0272	2.9948	2.1572	0.9006	0.8924	0.0082	0.0980	0.0978	0.0002	0.8026	0.7946	0.0080	0.1120	0.0007	0.1113	0.0009	0.0007	0.0002	0.1111	0.0000	0.1111	0.5623	0.4977	0.0646	0.1432	0.1346	0.0085	0.4191	0.3631	0.0561	0.1639	0.0551	0.1088	0.0101	0.0065	0.0036	0.1539	0.0486	0.1052	2.3432	133.4494	0.1238	7.4756	6.6183	0.4387	2.6513	3519.3838	0.1345	0.6835	0.0134	1.0227	0.0916	0.1098	0.0588	0.7222	0.0006	1.0556
73	88	0.1824	5	0	1	0	0	0	0	0	0	N	N	N	N	N	N	N	N	N	N	N	N	0.0000	0.0000	0.0000	0.0000	0.0000	0.0000	0.0000	0.0000	0.0000	0.0000	0.0000	0.0000	0.0000	0.0003	0.0009	0.0000	0.0000	0.0000	0.0000	0.0003	0.0311	0.0000	0.0000	0.0000	-0.0000	4.9764	0.0000	2.9948	4.0000	0.0000	0.0000	0.0000	0.0000	0.0000	0.0000	0.0000	0.0000	0.0000	0.0000	0.0000	0.0000	0.0000	0.0000	0.0000	0.0000	0.0000	0.0000	0.0000	0.0000	0.0000	0.0000	0.0000	0.0000	0.0000	0.0000	0.0000	0.0978	0.0333	0.0645	0.0071	0.0048	0.0023	0.0908	0.0286	0.0622	0.0000	0.0000	0.0000	0.0000	0.0000	0.0000	0.0000	0.0000	0.0000	0.0003	0.0009	0.0000	0.0000	0.0000	0.0000	0.0003	0.0011	0.0000						
73	89	0.1450	4	0	1	0	0	0	0	0	0	N	N	N	N	N	N	N	N	N	N	N	N	0.0582	122.2242	0.0000	inf	inf	0.0000	0.0000	0.0000	0.0541	0.0611	0.0000	0.2244	0.2391	0.0000	0.0000	0.0000	0.0000	0.9292	0.0005	1.3963	0.0000	0.0000	0.0000	0.9815	0.0137	1.4421	0.0000	5554.5000	-0.0036	0.0279	4.9764	3.0000	2.9948	2.0000	0.0180	0.0180	0.0000	0.0180	0.0180	0.0000	0.0000	0.0000	0.0000	0.1111	0.0000	0.1111	0.0000	0.0000	0.0000	0.1111	0.0000	0.1111	0.3319	0.2940	0.0379	0.0800	0.0751	0.0049	0.2518	0.2189	0.0329	0.1196	0.0400	0.0796	0.0064	0.0039	0.0025	0.1132	0.0362	0.0770	0.0582	122.2242	0.0000	inf	inf	0.0000	0.0000	0.0000	0.0000	0.9292	0.0005	1.3963	0.0000	0.0000	0.0000	0.9815	0.0006	1.4421	
73	90	0.1450	4	1	1	0	0	0	0	0	0	N	N	N	N	N	N	N	N	N	N	N	N	0.0000	0.0000	0.0000	0.0000	0.0000	0.0000	0.0000	0.0000	0.0000	0.0000	0.0000	0.0000	0.0000	0.0000	0.0000	0.0226	0.0612	0.0031	0.0000	0.0000	0.0000	0.0239	0.9341	0.0032	0.1020	0.0000	-0.0018	4.9764	2.0000	2.9948	3.0000	0.0000	0.0000	0.0000	0.0000	0.0000	0.0000	0.0000	0.0000	0.0000	0.0027	0.0024	0.0003	0.0000	0.0000	0.0000	0.0027	0.0024	0.0003	0.2261	0.2002	0.0259	0.0552	0.0517	0.0034	0.1709	0.1484	0.0225	0.1196	0.0400	0.0796	0.0064	0.0039	0.0025	0.1132	0.0362	0.0770	0.0000	0.0000	0.0000	0.0000	0.0000	0.0000	0.0000	0.0000	0.0000	0.0226	0.0612	0.0031	0.0000	0.0000	0.0000	0.0239	0.0677	0.0032				
73	91	0.1291	3	0	0	0	0	0	0	0	0	N	N	N	N	N	N	N	N	N	N	N	N	8.4461	3.4929	33.2243	1.8340	1.6556	0.0144	86.3564	186704.8397	290.9362	0.2224	0.2223	0.2233	0.6477	0.6859	0.0359	0.0517	0.0176	0.2540	0.0263	0.0636	0.0067	0.3531	0.4143	2.4887	0.0006	0.0000	0.0009	0.1365	0.2009	-0.0046	-0.0008	4.9764	2.0705	2.9948	0.0351	0.0593	0.0522	0.0071	0.0495	0.0493	0.0002	0.0098	0.0029	0.0070	0.0014	0.0012	0.0002	0.0014	0.0012	0.0002	0.0000	0.0000	0.0000	0.2668	0.2349	0.0319	0.0764	0.0719	0.0045	0.1904	0.1630	0.0274	0.0545	0.0188	0.0357	0.0040	0.0029	0.0011	0.0505	0.0159	0.0346	8.4461	3.4929	33.2243	1.8340	1.6556	0.1870	86.3564	186704.8397	290.9362	0.0263	0.0636	0.0067	0.3531	0.4143	0.1919	0.0006	0.0000	0.0009
73	92	0.1037	2	0	0	0	0	0	0	0	0	N	N	N	N	N	N	N	N	N	N	N	N	4.0997	0.3349	69.5494	0.1216	0.1310	0.0134	56.5457	1.2410	252.7324	2.1035	0.3024	16.7817	0.4177	0.4254	0.2897	3.1404	0.2193	20.8172	0.5131	0.9031	0.2413	3.4360	3.2469	21.6353	0.0555	0.1767	0.0824	6.8085	0.3834	0.7682	-0.0250	4.9764	3.4249	2.9948	0.1413	1.1395	0.1459	0.9936	0.0862	0.0828	0.0034	1.0533	0.0631	0.9902	0.0530	0.0383	0.0147	0.0480	0.0382	0.0099	0.0050	0.0001	0.0048	0.5417	0.4825	0.0592	0.2063	0.1947	0.0116	0.3354	0.2878	0.0476	0.1032	0.0424	0.0608	0.0140	0.0118	0.0022	0.0893	0.0306	0.0586	4.0997	0.3349	69.5494	0.1216	0.1310	0.0653	56.5457	52.0243	252.7324	0.5131	0.9031	0.2413	3.4360	3.2469	4.4376	0.0555	0.0042	0.0824
73	98	0.2405	7	0	0	0	0	0	0	0	0	N	N	N	N	N	N	N	N	N	N	N	N	0.8266	0.5242	0.4652	0.6294	0.5769	0.0372	7.5420	17.5551	0.1489	1.6137	1.7947	0.0151	3.2476	3.5441	0.0326	0.1103	0.1246	0.0036	1.9522	3.4237	0.0325	5.1598	6.1439	0.8747	0.0146	0.0071	0.0243	0.0010	0.0073	-0.2712	-0.5062	4.9764	4.9999	2.9948	9.0821	1.3778	1.3765	0.0013	1.3288	1.3276	0.0011	0.0491	0.0489	0.0002	0.6824	0.6775	0.0049	0.6793	0.6775	0.0018	0.0032	0.0000	0.0032	0.8538	0.7670	0.0868	0.4092	0.3746	0.0346	0.4447	0.3924	0.0523	0.3496	0.1979	0.1517	0.1316	0.1103	0.0214	0.2179	0.0876	0.1303	0.8266	0.5242	0.4652	0.6294	0.5769	0.3925	7.5420	394.6696	0.1489	1.9522	3.4237	0.0325	5.1598	6.1439	0.0830	0.0146	0.0003	0.0243
74	78	0.1858	6	1	2	0	1	0	0	0	0	N	Y	N	N	N	N	N	N	N	N	N	N	0.0030	inf	0.0181	0.0126	inf	0.0180	0.0004	0.0025	0.0000	0.0000	0.0000	0.0000	0.0000	0.0000	0.0000	0.0000	0.0000	0.0001	0.0000	0.0001	0.0000	0.0000	0.0002	0.0001	0.0000	0.0001	15.6364	inf	0.0000	0.0000	1.8678	1.0000	4.6278	2.0144	0.0000	0.0000	0.0000	0.0000	0.0000	0.0000	0.0000	0.0000	0.0000	0.0000	0.0000	0.0000	0.0000	0.0000	0.0000	0.0000	0.0000	0.0000	0.0972	0.0873	0.0098	0.0459	0.0424	0.0035	0.0513	0.0450	0.0063	0.0553	0.0191	0.0362	0.0077	0.0063	0.0014	0.0476	0.0128	0.0347	0.0030	inf	0.0181	0.0126	inf	0.0290	0.0004	0.0000	0.0025	0.0001	0.0000	0.0001	0.0000	0.0000	0.0002	0.0001	0.0000	0.0001	
74	79	0.1636	5	1	2	0	1	0	0	0	0	N	Y	N	N	N	N	N	N	N	N	N	N	41.3018	15.7242	11.6421	10.1904	0.0026	0.0029	0.0000	0.0056	0.0060	0.0000	0.0000	0.0000	0.0000	0.0001	0.0002	0.0000	0.0005	0.0006	0.0000	0.0000	0.0000	0.0000	0.0000	0.0000	-0.0000	-0.0000	1.8678	0.0001	4.6278	3.0180	0.0000	0.0000	0.0000	0.0000	0.0000	0.0000	0.0000	0.0000	0.0000	0.0000	0.0000	0.0000	0.0000	0.0000	0.0000	0.0000	0.0000	0.0000	0.0000	0.0000	0.0000	0.0000	0.0000	0.0000	0.0000	0.0000	0.0000	0.0549	0.0188	0.0361	0.0073	0.0059	0.0014	0.0476	0.0129	0.0347	41.3018	15.7242	0.0000	11.6421	10.1904	0.0000	0.0000	0.0000	0.0000	0.0001	0.0002	0.0000	0.0005	0.0006	0.0000	0.0000	0.0000	0.0000					
74	80	0.1856	7	0	2	0	1	0	0	0	0	N	Y	N	N	N	N	N	N	N	N	N	N	0.0000	0.0000	0.0000	0.0000	0.0000	0.0000	0.0000	0.0000	0.0000	0.0000	0.0000	0.0000	0.0000	0.0000	0.0000	0.0000	0.0000	0.0000	0.0000	0.0000	1.8678	0.0000	4.6278	0.0000	0.0000	0.0000	0.0000	0.0000	0.0000	0.0000	0.0000	0.0000	0.0000	0.0000	0.0000	0.0000	0.0000	0.0000	0.0000	0.0000	0.0000	0.0000	0.0000	0.0000	0.0000	0.0000	0.0000	0.0000	0.0000	0.0000	0.0000	0.0000	0.0000	0.0000	0.0000	0.0000	0.0000	0.0000	0.0000	0.0000	0.0000	0.0000	0.0000	0.0000	0.0000	0.0000	0.0000	0.0000	0.0000	0.0000	0.0000	0.0000	0.0000	0.0000	0.0000	0.0000	0.0000	0.0000											
74	81	0.1636	5	0	1	1	1	0	0	0	0	N	N	N	N	N	N	N	N	N	N	N	N	0.0000	0.0000	0.0000	0.0000	0.0000	0.0000	0.0000	0.0000	0.0000	0.0000	0.0000	0.0000	0.0000	0.0000	0.0000	0.0000	0.0000	0.0000	0.0000	0.0000	1.8678	2.0000	4.6278	0.0000	0.0000	0.0000	0.0000	0.0000	0.0000	0.0000	0.0000	0.0000	0.0000	0.0000	0.0000	0.0000	0.0000	0.0000	0.0000	0.0000	0.0000	0.0000	0.1901	0.1711	0.0190	0.0897	0.0830	0.0068	0.1004	0.0881	0.0123	0.0371	0.0126	0.0245	0.0049	0.0040	0.0009	0.0322	0.0087	0.0235	0.0000	0.0000	0.0000	0.0000	0.0000	0.0000	0.0000	0.0000	0.0000	0.0000	0.0000	0.0000	0.0000	0.0000	0.0000	0.0000	0.0000	0.0000											
74	82	0.1636	5	0	1	1	1	0	0	0	0	N	N	N	N	N	N	N	N	N	N	N	N	0.0000	0.0000	0.0000	0.0000	0.0000	0.0000	0.0000	0.0000	0.0000	0.0000	0.0000	0.0000	0.0000	0.0000	0.0000	0.0000	0.0000	0.0000	0.0000	0.0000	1.8678	0.0000	4.6278	4.0000	0.0000	0.0000	0.0000	0.0000	0.0000	0.0000	0.0000	0.0000	0.0000	0.0000	0.0000	0.0000	0.0000	0.0000	0.0000	0.0000	0.0000	0.0000	0.0000	0.0000	0.0000	0.0000	0.0000	0.0000	0.0000	0.0000	0.0000	0.0714	0.0245	0.0469	0.0096	0.0077	0.0018	0.0618	0.0168	0.0451	0.0000	0.0000	0.0000	0.0000	0.0000	0.0000	0.0000	0.0000	0.0000	0.0000	0.0000	0.0000	0.0000	0.0000	0.0000	0.0000	0.0000	0.0000											
74	83	0.1856	7	0	1	1	1	0	0	0	0	N	N	N	N	N	N	N	N	N	N	N	N	0.0000	0.0000	0.0000	0.0000	0.0000	0.0000	0.0000	0.0000	0.0000	0.0000	0.0000	0.0000	0.0000	0.0016	0.0049	0.0000	0.0130	0.0166	0.0000	0.0000	0.0000	0.0000	0.0000	0.0000	-0.0000	1.8678	0.0000	4.6278	2.0000	0.0000	0.0000	0.0000	0.0000	0.0000	0.0000	0.0000	0.0000	0.0000	0.0001	0.0001	0.0000	0.0001	0.0001	0.0000	0.0000	0.0000	0.0000	0.0000	0.0000	0.0000	0.0000	0.0000	0.0000	0.0000	0.0000	0.0000	0.0368	0.0123	0.0245	0.0046	0.0036	0.0010	0.0322	0.0087	0.0235	0.0000	0.0000	0.0000	0.0000	0.0000	0.0000	0.0000	0.0000	0.0000	0.0016	0.0049	0.0000	0.0130	0.0166	0.0000	0.0000	0.0000	0.0000						
74	84	0.1783	6	0	1	0	1	0	0	0	0	N	N	N	N	N	N	N	N	N	N	N	N	0.0000	0.0000	0.0000	0.0000	0.0000	0.0000	0.0000	0.0000	0.0000	0.0000	0.0000	0.0000	0.0000	0.0000	0.0000	0.0000	0.0000	0.0000	0.0000	0.0000	0.0000	0.0000	0.0000	0.0000	inf	0.0000	0.0000	1.8678	1.0000	4.6278	0.0015	0.0000	0.0000	0.0000	0.0000	0.0000	0.0000	0.0000	0.0000	0.0000	0.0000	0.0000	0.0000	0.0000	0.0000	0.0000	0.0000	0.0000	0.0000	0.0972	0.0873	0.0098	0.0459	0.0424	0.0035	0.0513	0.0450	0.0063	0.0192	0.0065	0.0127	0.0026	0.0020	0.0005	0.0166	0.0044	0.0122	0.0000	0.0000	0.0000	0.0000	0.0000	0.0000	0.0000	0.0000	0.0000	0.0000	0.0000	0.0000	0.0000	0.0000	0.0000	0.0000	0.0000	0.0000				
74	85	0.1636	5	0	1	0	1	0	0	0	0	N	N	N	N	N	N	N	N	N	N	N	N	0.0000	0.0000	0.0000	0.0000	0.0000	0.0000	0.0000	0.0000	0.0000	0.0000	0.0000	0.0000	0.0000	0.0000	0.0000	0.0000	0.0001	0.0001	0.0000	0.0000	0.0000	0.0000	0.0000	0.0000	-0.0000	1.8678	0.0000	4.6278	2.0013	0.0000	0.0000	0.0000	0.0000	0.0000	0.0000	0.0000	0.0000	0.0000	0.0000	0.0000	0.0000	0.0000	0.0000	0.0000	0.0000	0.0000	0.0000	0.0000	0.0000	0.0000	0.0000	0.0000	0.0000	0.0000	0.0000	0.0000	0.0371	0.0127	0.0245	0.0049	0.0040	0.0009	0.0322	0.0087	0.0235	0.0000	0.0000	0.0000	0.0000	0.0000	0.0000	0.0000	0.0000	0.0000	0.0000	0.0000	0.0000	0.0001	0.0001	0.0000	0.0000	0.0000	0.0000						
74	86	0.2034	5	1	2	0	0	0	0	0	0	N	Y	N	N	N	N	N	N	N	N	N	N	266.6879	233.1099	1.1350	180.1785	197.9598	0.4480	447.8154	8.4961	0.4314	0.3337	0.3757	0.0010	0.2859	0.3251	0.0012	0.4878	0.5315	0.0004	0.0013	0.0016	0.0009	0.0016	0.0016	0.0026	0.0011	0.0626	0.0009	0.0003	0.6145	-0.0000	-0.0000	1.8678	0.0007	4.6278	0.9812	0.0001	0.0001	0.0000	0.0001	0.0001	0.0000	0.0000	0.0000	0.0000	0.0000	0.0000	0.0000	0.0000	0.0000	0.0000	0.0000	0.0000	0.0000	0.0003	0.0003	0.0000	0.0002	0.0002	0.0000	0.0001	0.0001	0.0000	0.0365	0.0176	0.0190	0.0119	0.0113	0.0006	0.0246	0.0063	0.0183	266.6879	233.1099	1.1350	180.1785	197.9598	1.9721	447.8154	341.5322	0.4314	0.0013	0.0016	0.0009	0.0016	0.0016	0.0006	0.0011	0.0016	0.0009
74	87	0.1476	4	1	2	0	0	0	0	0	0	N	Y	N	N	N	N	N	N	N	N	N	N	0.1665	0.0662	0.0286	101.5800	91.4854	0.0077	0.0900	0.0284	0.0250	1.3149	1.4749	0.0000	1.7922	1.9637	0.0000	0.8324	0.9566	0.0000	7.8956	22.2768	0.0007	0.0176	0.0215	0.0029	9.2519	33.6483	0.0007	0.0000	0.0001	-0.1332	-0.7303	1.8678	5.0272	4.6278	2.1572	0.6733	0.6733	0.0000	0.4613	0.4613	0.0000	0.2120	0.2120	0.0000	0.9752	0.9751	0.0001	0.0003	0.0003	0.0000	0.9749	0.9748	0.0000	0.5120	0.4565	0.0556	0.2574	0.2349	0.0225	0.2546	0.2216	0.0331	0.1235	0.0438	0.0797	0.0181	0.0148	0.0033	0.1054	0.0290	0.0764	0.1665	0.0662	0.0286	101.5800	91.4854	0.0319	0.0900	0.0284	0.0250	7.8956	22.2768	0.0007	0.0176	0.0215	0.0007	9.2519	33.6483	0.0007
74	88	0.2009	6	0	2	0	0	0	0	0	0	N	Y	N	N	N	N	N	N	N	N	N	N	0.0000	0.0000	0.0000	0.0000	0.0000	0.0000	0.0000	0.0000	0.0000	0.0000	0.0000	0.0000	0.0000	0.0001	0.0004	0.0000	0.0009	0.0011	0.0000	0.0000	0.0000	0.0000	0.0000	0.0000	-0.0000	1.8678	0.0000	4.6278	4.0000	0.0000	0.0000	0.0000	0.0000	0.0000	0.0000	0.0000	0.0000	0.0000	0.0000	0.0000	0.0000	0.0000	0.0000	0.0000	0.0000	0.0000	0.0000	0.0000	0.0000	0.0000	0.0000	0.0000	0.0000	0.0000	0.0000	0.0000	0.0717	0.0251	0.0466	0.0111	0.0091	0.0021	0.0605	0.0160	0.0445	0.0000	0.0000	0.0000	0.0000	0.0000	0.0000	0.0000	0.0000	0.0000	0.0001	0.0004	0.0000	0.0009	0.0011	0.0000	0.0000	0.0000	0.0000						
74	89	0.1636	5	0	2	0	0	0	0	0	0	N	Y	N	N	N	N	N	N	N	N	N	N	inf	inf	inf	inf	0.0004	0.0004	0.0000	0.0008	0.0009	0.0000	0.0000	0.0000	0.0000	0.0000	0.0000	0.0000	0.0000	0.0000	0.0000	0.0000	0.0000	0.0000	0.0000	-0.0000	0.0000	1.8678	3.0000	4.6278	2.0000	0.0001	0.0001	0.0000	0.0001	0.0001	0.0000	0.0000	0.0000	0.0000	0.0000	0.0000	0.0000	0.0000	0.0000	0.0000	0.0000	0.0000	0.0000	0.2791	0.2514	0.0277	0.1318	0.1220	0.0098	0.1473	0.1294	0.0179	0.0875	0.0301	0.0574	0.0118	0.0095	0.0023	0.0757	0.0206	0.0551	inf	inf	0.0000	inf	inf	0.0000	0.0000	0.0000	0.0000	0.0000	0.0000	0.0000	0.0000	0.0000	0.0000	0.0000	0.0000	0.0000						
74	90	0.1636	5	1	2	0	0	0	0	0	0	N	Y	N	N	N	N	N	N	N	N	N	N	0.0000	0.0000	0.0000	0.0000	0.0000	0.0000	0.0000	0.0000	0.0000	0.0000	0.0000	0.0000	0.0000	0.0001	0.0003	0.0000	0.0008	0.0011	0.0000	0.0000	0.0000	0.0000	0.0000	0.0000	-0.0000	1.8678	2.0000	4.6278	3.0000	0.0000	0.0000	0.0000	0.0000	0.0000	0.0000	0.0000	0.0000	0.0000	0.0000	0.0000	0.0000	0.0000	0.0000	0.0000	0.0000	0.0000	0.0000	0.1901	0.1711	0.0190	0.0897	0.0830	0.0068	0.1004	0.0881	0.0123	0.0875	0.0301	0.0574	0.0118	0.0095	0.0023	0.0757	0.0206	0.0551	0.0000	0.0000	0.0000	0.0000	0.0000	0.0000	0.0000	0.0000	0.0000	0.0001	0.0003	0.0000	0.0008	0.0011	0.0000	0.0000	0.0000	0.0000						
74	91	0.1476	4	0	1	0	0	0	0	0	0	N	N	N	N	N	N	N	N	N	N	N	N	1.0411	0.4407	0.0239	0.1612	0.1526	0.0027	175.2364	492937.1406	0.0238	0.1451	0.1664	0.0000	0.1354	0.1519	0.0000	0.1566	0.1842	0.0000	0.1394	0.3776	0.0013	0.8396	0.9957	0.0118	0.0009	0.0000	0.0012	0.0000	0.0058	-0.0077	-0.0044	1.8678	2.0705	4.6278	0.0351	0.0390	0.0390	0.0000	0.0197	0.0197	0.0000	0.0194	0.0194	0.0000	0.0059	0.0059	0.0000	0.0059	0.0059	0.0000	0.0000	0.0000	0.0000	0.2688	0.2344	0.0344	0.1452	0.1294	0.0158	0.1236	0.1051	0.0185	0.0423	0.0155	0.0268	0.0070	0.0059	0.0011	0.0353	0.0096	0.0257	1.0411	0.4407	0.0239	0.1612	0.1526	0.0149	175.2364	492937.1406	0.0238	0.1394	0.3776	0.0013	0.8396	0.9957	0.0021	0.0009	0.0000	0.0012
74	92	0.1222	3	0	1	0	0	0	0	0	0	N	N	N	N	N	N	N	N	N	N	N	N	2.0254	1.0396	0.0693	2.0977	2.0701	0.0128	2.1537	0.1632	0.0922	0.1837	0.2099	0.0004	0.1689	0.1876	0.0002	0.2014	0.2381	0.0005	0.0907	0.2019	0.0051	0.0805	0.0906	0.0147	0.0935	1.4594	0.0053	0.0002	0.0331	-0.0170	-0.0052	1.8678	3.4249	4.6278	0.1413	0.0863	0.0863	0.0000	0.0431	0.0431	0.0000	0.0432	0.0432	0.0000	0.0073	0.0071	0.0002	0.0014	0.0014	0.0000	0.0059	0.0057	0.0002	0.4696	0.4109	0.0587	0.2550	0.2294	0.0256	0.2146	0.1815	0.0332	0.0807	0.0351	0.0456	0.0174	0.0154	0.0020	0.0634	0.0197	0.0436	2.0254	1.0396	0.0693	2.0977	2.0701	0.0775	2.1537	0.8250	0.0922	0.0907	0.2019	0.0051	0.0805	0.0906	0.0024	0.0935	0.2886	0.0053
74	98	0.2591	8	0	1	0	0	0	0	0	0	N	N	N	N	N	N	N	N	N	N	N	N	0.9602	14.0307	0.0000	6.5857	6.4544	0.2937	0.8437	50562.1163	0.0000	0.4939	0.5613	0.0000	0.3919	0.4513	0.0000	0.6828	0.7575	0.0000	0.5144	0.0400	1.1834	0.0595	0.0699	0.0000	0.8093	0.0000	1.3780	0.0000	20.9761	-0.1129	0.0323	1.8678	4.9999	4.6278	9.0821	0.5705	0.5705	0.0000	0.2940	0.2940	0.0000	0.2766	0.2766	0.0000	0.1573	0.0072	0.1502	0.0072	0.0072	0.0000	0.1502	0.0000	0.1502	1.1551	1.0164	0.1387	0.7500	0.6513	0.0987	0.4051	0.3651	0.0399	0.3059	0.1790	0.1269	0.1203	0.1024	0.0179	0.1856	0.0766	0.1090	0.9602	14.0307	0.0000	6.5857	6.4544	0.2937	0.8437	550334.7771	0.0000	0.5144	0.0400	1.1834	0.0595	0.0699	0.0000	0.8093	0.0000	1.3780
75	78	0.1436	5	1	1	0	1	0	0	0	0	N	N	N	N	N	N	N	N	N	N	N	N	1.5443	0.0002	inf	0.3583	0.0001	inf	0.0001	0.0000	0.0008	0.0004	0.0000	0.0059	0.0000	0.0000	0.0000	0.0001	0.0002	0.0000	0.0010	0.0016	0.0000	0.0000	0.0000	0.0000	3220.1935	0.0000	0.0000	-0.0000	4.7010	1.0000	0.6064	2.0144	0.0000	0.0000	0.0000	0.0000	0.0000	0.0000	0.0000	0.0000	0.0000	0.0000	0.0000	0.0000	0.0000	0.0000	0.0000	0.0000	0.0000	0.0000	0.1099	0.0973	0.0127	0.0272	0.0255	0.0017	0.0827	0.0717	0.0110	0.0528	0.0177	0.0351	0.0030	0.0019	0.0011	0.0497	0.0158	0.0339	1.5443	0.0002	inf	0.3583	0.0001	inf	0.0000	0.0000	0.0000	0.0001	0.0002	0.0000	0.0010	0.0016	0.0000	0.0000	0.0000	0.0000			
75	79	0.1214	4	1	1	0	1	0	0	0	0	N	N	N	N	N	N	N	N	N	N	N	N	21471.9384	167698.9587	19.5368	inf	inf	inf	0.0000	0.0000	0.0000	1.2685	1.4344	0.0016	5.0632	5.4018	0.0121	0.0000	0.0000	0.0000	0.0001	0.0000	0.0001	0.0000	0.0000	0.0000	0.0001	0.0005	0.0001	0.0002	19.7677	-0.0000	0.0000	4.7010	0.0001	0.6064	3.0180	0.0000	0.0000	0.0000	0.0000	0.0000	0.0000	0.0000	0.0000	0.0000	0.0000	0.0000	0.0000	0.0000	0.0000	0.0000	0.0000	0.0000	0.0000	0.0000	0.0000	0.0000	0.0000	0.0000	0.0000	0.0000	0.0000	0.0000	0.0525	0.0175	0.0351	0.0027	0.0016	0.0011	0.0498	0.0158	0.0340	21471.9384	167698.9587	19.5368	inf	inf	inf	0.0000	0.0000	0.0000	0.0001	0.0000	0.0001	0.0000	0.0000	0.0000	0.0001	0.0000	0.0001
75	80	0.1434	6	0	1	0	1	0	0	0	0	N	N	N	N	N	N	N	N	N	N	N	N	0.0000	0.0000	0.0000	0.0000	0.0000	0.0000	0.0000	0.0000	0.0000	0.0000	0.0000	0.0000	0.0000	0.0000	0.0000	0.0000	0.0000	0.0000	0.0000	0.0000	4.7010	0.0000	0.6064	0.0000	0.0000	0.0000	0.0000	0.0000	0.0000	0.0000	0.0000	0.0000	0.0000	0.0000	0.0000	0.0000	0.0000	0.0000	0.0000	0.0000	0.0000	0.0000	0.0000	0.0000	0.0000	0.0000	0.0000	0.0000	0.0000	0.0000	0.0000	0.0000	0.0000	0.0000	0.0000	0.0000	0.0000	0.0000	0.0000	0.0000	0.0000	0.0000	0.0000	0.0000	0.0000	0.0000	0.0000	0.0000	0.0000	0.0000	0.0000	0.0000	0.0000	0.0000	0.0000	0.0000	0.0000	0.0000											
75	81	0.1214	4	0	0	1	1	0	0	0	0	N	N	N	N	N	N	N	N	N	N	N	N	0.0000	0.0000	0.0000	0.0000	0.0000	0.0000	0.0000	0.0000	0.0000	0.0000	0.0000	0.0000	0.0000	0.0000	0.0000	0.0000	0.0000	0.0000	0.0000	0.0000	4.7010	2.0000	0.6064	0.0000	0.0000	0.0000	0.0000	0.0000	0.0000	0.0000	0.0000	0.0000	0.0000	0.0000	0.0000	0.0000	0.0000	0.0000	0.0000	0.0000	0.0000	0.0000	0.2151	0.1904	0.0247	0.0526	0.0494	0.0033	0.1624	0.1410	0.0214	0.0355	0.0118	0.0237	0.0018	0.0011	0.0007	0.0337	0.0107	0.0230	0.0000	0.0000	0.0000	0.0000	0.0000	0.0000	0.0000	0.0000	0.0000	0.0000	0.0000	0.0000	0.0000	0.0000	0.0000	0.0000	0.0000	0.0000											
75	82	0.1214	4	0	0	1	1	0	0	0	0	N	N	N	N	N	N	N	N	N	N	N	N	0.0000	0.0000	0.0000	0.0000	0.0000	0.0000	0.0000	0.0000	0.0000	0.0000	0.0000	0.0000	0.0000	0.0000	0.0000	0.0000	0.0000	0.0000	0.0000	0.0000	4.7010	0.0000	0.6064	4.0000	0.0000	0.0000	0.0000	0.0000	0.0000	0.0000	0.0000	0.0000	0.0000	0.0000	0.0000	0.0000	0.0000	0.0000	0.0000	0.0000	0.0000	0.0000	0.0000	0.0000	0.0000	0.0000	0.0000	0.0000	0.0000	0.0000	0.0000	0.0683	0.0227	0.0456	0.0036	0.0022	0.0014	0.0647	0.0206	0.0441	0.0000	0.0000	0.0000	0.0000	0.0000	0.0000	0.0000	0.0000	0.0000	0.0000	0.0000	0.0000	0.0000	0.0000	0.0000	0.0000	0.0000	0.0000											
75	83	0.1434	6	0	0	1	1	0	0	0	0	N	N	N	N	N	N	N	N	N	N	N	N	0.0000	0.0000	0.0000	0.0000	0.0000	0.0000	0.0000	0.0000	0.0000	0.0000	0.0000	0.0000	0.0000	0.0017	0.0000	0.0025	0.0000	0.0000	0.0000	0.0018	0.0000	0.0026	inf	0.0000	0.0000	4.7010	0.0000	0.6064	2.0000	0.0000	0.0000	0.0000	0.0000	0.0000	0.0000	0.0000	0.0000	0.0000	0.0001	0.0000	0.0001	0.0000	0.0000	0.0000	0.0001	0.0000	0.0001	0.0000	0.0000	0.0000	0.0000	0.0000	0.0000	0.0000	0.0000	0.0000	0.0353	0.0115	0.0238	0.0016	0.0008	0.0008	0.0337	0.0107	0.0230	0.0000	0.0000	0.0000	0.0000	0.0000	0.0000	0.0000	0.0000	0.0000	0.0017	0.0000	0.0025	0.0000	0.0000	0.0000	0.0018	0.0000	0.0026						
75	84	0.1361	5	0	0	0	1	0	0	0	0	N	N	N	N	N	N	N	N	N	N	N	N	0.0000	0.0000	0.0000	0.0000	0.0000	0.0000	0.0000	0.0000	0.0000	0.0000	0.0000	0.0000	0.0000	0.0000	0.0000	0.0000	0.0003	0.0005	0.0000	0.0000	0.0000	0.0000	0.0000	0.0000	-0.0000	4.7010	1.0000	0.6064	0.0015	0.0000	0.0000	0.0000	0.0000	0.0000	0.0000	0.0000	0.0000	0.0000	0.0000	0.0000	0.0000	0.0000	0.0000	0.0000	0.0000	0.0000	0.0000	0.1099	0.0973	0.0127	0.0272	0.0255	0.0017	0.0827	0.0718	0.0110	0.0183	0.0060	0.0123	0.0010	0.0006	0.0004	0.0173	0.0055	0.0118	0.0000	0.0000	0.0000	0.0000	0.0000	0.0000	0.0000	0.0000	0.0000	0.0000	0.0000	0.0000	0.0003	0.0005	0.0000	0.0000	0.0000	0.0000						
75	85	0.1214	4	0	0	0	1	0	0	0	0	N	N	N	N	N	N	N	N	N	N	N	N	0.0000	0.0000	0.0000	0.0000	0.0000	0.0000	0.0000	0.0000	0.0000	0.0000	0.0000	0.0000	0.0000	0.0000	0.0000	0.0000	0.0000	0.0000	0.0000	0.0000	0.0000	0.0000	0.0000	0.0000	85.2353	0.0000	0.0000	4.7010	0.0000	0.6064	2.0013	0.0000	0.0000	0.0000	0.0000	0.0000	0.0000	0.0000	0.0000	0.0000	0.0000	0.0000	0.0000	0.0000	0.0000	0.0000	0.0000	0.0000	0.0000	0.0000	0.0000	0.0000	0.0000	0.0000	0.0000	0.0000	0.0000	0.0000	0.0355	0.0118	0.0237	0.0018	0.0011	0.0007	0.0337	0.0107	0.0230	0.0000	0.0000	0.0000	0.0000	0.0000	0.0000	0.0000	0.0000	0.0000	0.0000	0.0000	0.0000	0.0000	0.0000	0.0000	0.0000	0.0000	0.0000				
75	86	0.1612	4	1	1	0	0	0	0	0	0	N	N	N	N	N	N	N	N	N	N	N	N	977.4761	423.1269	inf	154.8716	81.1900	inf	96712.6354	579.8369	inf	0.5883	0.5573	0.8681	0.3166	0.1737	1.6404	0.9045	1.0062	0.0147	0.0006	0.0013	0.0000	0.0020	0.0021	0.0000	0.0000	0.0017	0.0000	0.1727	0.0000	-0.0000	-0.0000	4.7010	0.0007	0.6064	0.9812	0.0001	0.0001	0.0000	0.0000	0.0000	0.0000	0.0001	0.0001	0.0000	0.0000	0.0000	0.0000	0.0000	0.0000	0.0000	0.0000	0.0000	0.0000	0.0002	0.0002	0.0000	0.0001	0.0001	0.0000	0.0001	0.0001	0.0000	0.0293	0.0134	0.0159	0.0085	0.0082	0.0004	0.0208	0.0052	0.0155	977.4761	423.1269	inf	154.8716	81.1900	inf	96712.6354	27138.9499	inf	0.0006	0.0013	0.0000	0.0020	0.0021	0.0000	0.0000	0.0000	0.0000
75	87	0.1054	3	1	1	0	0	0	0	0	0	N	N	N	N	N	N	N	N	N	N	N	N	8.5349	3.2258	137.1619	76.3224	51.8354	111783.5524	9.8253	1.3490	121.1446	1.4419	1.6257	0.0309	0.5053	0.5342	0.0486	1.7633	2.0326	0.0282	0.1689	0.5040	0.0002	0.0066	0.0103	0.0000	0.1795	1.5067	0.0002	0.0025	0.0009	-0.1508	-0.0145	4.7010	5.0272	0.6064	2.1572	0.7719	0.7700	0.0019	0.0691	0.0687	0.0004	0.7028	0.7013	0.0015	0.0194	0.0194	0.0000	0.0000	0.0000	0.0000	0.0193	0.0193	0.0000	0.5354	0.4737	0.0617	0.1368	0.1286	0.0082	0.3986	0.3450	0.0536	0.1147	0.0384	0.0763	0.0070	0.0045	0.0025	0.1077	0.0339	0.0738	8.5349	3.2258	137.1619	76.3224	51.8354	111783.5524	9.8253	3.5707	121.1446	0.1689	0.5040	0.0002	0.0066	0.0103	0.0000	0.1795	0.5693	0.0002
75	88	0.1587	5	0	1	0	0	0	0	0	0	N	N	N	N	N	N	N	N	N	N	N	N	0.0000	0.0000	0.0000	0.0000	0.0000	0.0000	0.0000	0.0000	0.0000	0.0000	0.0000	0.0000	0.0000	0.0001	0.0004	0.0000	0.0000	0.0000	0.0000	0.0002	0.0131	0.0000	0.0000	0.0000	-0.0000	4.7010	0.0000	0.6064	4.0000	0.0000	0.0000	0.0000	0.0000	0.0000	0.0000	0.0000	0.0000	0.0000	0.0000	0.0000	0.0000	0.0000	0.0000	0.0000	0.0000	0.0000	0.0000	0.0000	0.0000	0.0000	0.0000	0.0000	0.0000	0.0000	0.0000	0.0000	0.0685	0.0232	0.0453	0.0049	0.0033	0.0016	0.0637	0.0200	0.0437	0.0000	0.0000	0.0000	0.0000	0.0000	0.0000	0.0000	0.0000	0.0000	0.0001	0.0004	0.0000	0.0000	0.0000	0.0000	0.0002	0.0005	0.0000						
75	89	0.1214	4	0	1	0	0	0	0	0	0	N	N	N	N	N	N	N	N	N	N	N	N	inf	inf	inf	inf	0.0003	0.0004	0.0000	0.0014	0.0015	0.0000	0.0000	0.0000	0.0000	0.0000	0.0000	0.0000	0.0000	0.0000	0.0000	0.0000	0.0000	0.0000	0.0000	-0.0000	0.0000	4.7010	3.0000	0.6064	2.0000	0.0001	0.0001	0.0000	0.0001	0.0001	0.0000	0.0000	0.0000	0.0000	0.0000	0.0000	0.0000	0.0000	0.0000	0.0000	0.0000	0.0000	0.0000	0.3157	0.2797	0.0360	0.0763	0.0717	0.0047	0.2394	0.2080	0.0314	0.0838	0.0279	0.0558	0.0044	0.0027	0.0018	0.0793	0.0253	0.0541	inf	inf	0.0000	inf	inf	0.0000	0.0000	0.0000	0.0000	0.0000	0.0000	0.0000	0.0000	0.0000	0.0000	0.0000	0.0000	0.0000						
75	90	0.1214	4	1	1	0	0	0	0	0	0	N	N	N	N	N	N	N	N	N	N	N	N	0.0000	0.0000	0.0000	0.0000	0.0000	0.0000	0.0000	0.0000	0.0000	0.0000	0.0000	0.0000	0.0000	0.0001	0.0004	0.0000	0.0000	0.0000	0.0000	0.0001	0.0105	0.0000	0.0000	0.0000	-0.0000	4.7010	2.0000	0.6064	3.0000	0.0000	0.0000	0.0000	0.0000	0.0000	0.0000	0.0000	0.0000	0.0000	0.0000	0.0000	0.0000	0.0000	0.0000	0.0000	0.0000	0.0000	0.0000	0.2151	0.1904	0.0247	0.0526	0.0494	0.0033	0.1624	0.1410	0.0214	0.0838	0.0279	0.0558	0.0044	0.0027	0.0018	0.0793	0.0253	0.0541	0.0000	0.0000	0.0000	0.0000	0.0000	0.0000	0.0000	0.0000	0.0000	0.0001	0.0004	0.0000	0.0000	0.0000	0.0000	0.0001	0.0004	0.0000						
75	91	0.1054	3	0	0	0	0	0	0	0	0	N	N	N	N	N	N	N	N	N	N	N	N	45.4084	17.2071	inf	10.8244	8.2630	inf	inf	inf	inf	0.1872	0.2067	0.0449	0.6142	0.6462	0.1037	0.0148	0.0113	0.0353	0.0041	0.0120	0.0000	0.0567	0.0782	0.0000	0.0000	0.0000	0.0000	0.0298	0.0000	-0.0080	-0.0001	4.7010	2.0705	0.6064	0.0351	0.0476	0.0462	0.0014	0.0449	0.0445	0.0004	0.0027	0.0017	0.0009	0.0002	0.0002	0.0000	0.0002	0.0002	0.0000	0.0000	0.0000	0.0000	0.2544	0.2238	0.0306	0.0732	0.0689	0.0043	0.1812	0.1549	0.0263	0.0382	0.0131	0.0251	0.0028	0.0020	0.0008	0.0354	0.0111	0.0243	45.4084	17.2071	inf	10.8244	8.2630	inf	inf	inf	inf	0.0041	0.0120	0.0000	0.0567	0.0782	0.0000	0.0000	0.0000	0.0000
75	92	0.0800	2	0	0	0	0	0	0	0	0	N	N	N	N	N	N	N	N	N	N	N	N	283.5358	136.3739	651.3445	94.1341	83.6471	51118.2068	446.8418	5.4167	726.1424	1.8818	2.0471	0.5416	3.1097	3.2833	0.1916	1.1250	1.2081	0.6264	0.0066	0.0150	0.0008	0.0330	0.0393	0.0000	0.0025	0.2230	0.0009	0.0326	0.0799	-0.1613	-0.0003	4.7010	3.4249	0.6064	0.1413	0.9705	0.9398	0.0307	0.6115	0.6094	0.0021	0.3590	0.3304	0.0286	0.0005	0.0004	0.0000	0.0003	0.0003	0.0000	0.0002	0.0001	0.0000	0.5157	0.4591	0.0566	0.1967	0.1856	0.0110	0.3191	0.2735	0.0456	0.0723	0.0296	0.0427	0.0098	0.0082	0.0015	0.0625	0.0214	0.0411	283.5358	136.3739	651.3445	94.1341	83.6471	51118.2068	446.8418	211.8700	726.1424	0.0066	0.0150	0.0008	0.0330	0.0393	0.0000	0.0025	0.0057	0.0009
75	98	0.2169	7	0	0	0	0	0	0	0	0	N	N	N	N	N	N	N	N	N	N	N	N	253.8995	338.2427	18.7697	379.6160	344.4858	23460.8578	63.2014	1751913.7048	2.9222	1.7606	1.9423	0.1593	3.2584	3.5286	0.3538	0.3748	0.4208	0.0289	0.0069	0.0057	0.0085	0.0086	0.0102	0.0000	0.0059	0.0000	0.0099	0.0093	1.1345	-0.2706	-0.0004	4.7010	4.9999	0.6064	9.0821	1.4349	1.4217	0.0132	1.2763	1.2645	0.0118	0.1586	0.1572	0.0014	0.0017	0.0008	0.0009	0.0008	0.0008	0.0000	0.0009	0.0000	0.0009	0.8150	0.7320	0.0831	0.3917	0.3584	0.0333	0.4233	0.3736	0.0497	0.2429	0.1374	0.1055	0.0919	0.0770	0.0149	0.1509	0.0604	0.0905	253.8995	338.2427	18.7697	379.6160	344.4858	23460.8578	63.2014	1751913.7048	2.9222	0.0069	0.0057	0.0085	0.0086	0.0102	0.0000	0.0059	0.0000	0.0099
76	78	0.1236	4	1	1	0	1	0	0	0	0	N	N	N	N	N	N	N	N	N	N	N	N	5.3349	3664.9316	0.0000	5.7334	2201.8112	0.0000	0.0096	inf	0.0000	0.0001	0.0001	0.0000	0.0006	0.0007	0.0000	0.0000	0.0000	0.0000	0.0000	0.0000	0.0000	0.0001	0.0000	0.0102	0.0000	0.0000	0.0000	0.0000	1646.6667	-0.0000	0.0000	4.7970	1.0000	3.0436	2.0144	0.0000	0.0000	0.0000	0.0000	0.0000	0.0000	0.0000	0.0000	0.0000	0.0000	0.0000	0.0000	0.0000	0.0000	0.0000	0.0000	0.0000	0.0000	0.1600	0.1429	0.0171	0.0303	0.0290	0.0012	0.1298	0.1139	0.0159	0.0863	0.0322	0.0542	0.0042	0.0039	0.0003	0.0822	0.0282	0.0539	5.3349	3664.9316	0.0000	5.7334	2201.8112	0.0000	0.0096	inf	0.0000	0.0000	0.0000	0.0000	0.0001	0.0000	0.0018	0.0000	0.0000	0.0000
76	79	0.1014	3	1	1	0	1	0	0	0	0	N	N	N	N	N	N	N	N	N	N	N	N	6638.6785	2748.7690	298.0061	293.7383	inf	inf	1.6989	1.9036	0.0000	1.7913	1.8673	0.0000	1.6771	1.9129	0.0000	0.0003	0.0007	0.0000	0.0060	0.0064	0.0000	0.0000	0.0000	0.0000	0.0000	0.0000	-0.0000	-0.0000	4.7970	0.0001	3.0436	3.0180	0.0000	0.0000	0.0000	0.0000	0.0000	0.0000	0.0000	0.0000	0.0000	0.0000	0.0000	0.0000	0.0000	0.0000	0.0000	0.0000	0.0000	0.0000	0.0000	0.0000	0.0000	0.0000	0.0000	0.0000	0.0000	0.0000	0.0000	0.0859	0.0317	0.0541	0.0037	0.0035	0.0002	0.0822	0.0283	0.0539	6638.6785	2748.7690	0.0000	298.0061	293.7383	0.0000	inf	inf	0.0000	0.0003	0.0007	0.0000	0.0060	0.0064	0.0000	0.0000	0.0000	0.0000			
76	80	0.1234	5	0	1	0	1	0	0	0	0	N	N	N	N	N	N	N	N	N	N	N	N	0.0000	0.0000	0.0000	0.0000	0.0000	0.0000	0.0000	0.0000	0.0000	0.0000	0.0000	0.0000	0.0000	0.0000	0.0000	0.0000	0.0000	0.0000	0.0000	0.0000	4.7970	0.0000	3.0436	0.0000	0.0000	0.0000	0.0000	0.0000	0.0000	0.0000	0.0000	0.0000	0.0000	0.0000	0.0000	0.0000	0.0000	0.0000	0.0000	0.0000	0.0000	0.0000	0.0000	0.0000	0.0000	0.0000	0.0000	0.0000	0.0000	0.0000	0.0000	0.0000	0.0000	0.0000	0.0000	0.0000	0.0000	0.0000	0.0000	0.0000	0.0000	0.0000	0.0000	0.0000	0.0000	0.0000	0.0000	0.0000	0.0000	0.0000	0.0000	0.0000	0.0000	0.0000	0.0000	0.0000	0.0000	0.0000											
76	81	0.1014	3	0	0	1	1	0	0	0	0	N	N	N	N	N	N	N	N	N	N	N	N	0.0000	0.0000	0.0000	0.0000	0.0000	0.0000	0.0000	0.0000	0.0000	0.0000	0.0000	0.0000	0.0000	0.0000	0.0000	0.0000	0.0000	0.0000	0.0000	0.0000	4.7970	2.0000	3.0436	0.0000	0.0000	0.0000	0.0000	0.0000	0.0000	0.0000	0.0000	0.0000	0.0000	0.0000	0.0000	0.0000	0.0000	0.0000	0.0000	0.0000	0.0000	0.0000	0.3117	0.2786	0.0332	0.0586	0.0562	0.0024	0.2532	0.2224	0.0308	0.0582	0.0215	0.0367	0.0025	0.0024	0.0001	0.0557	0.0191	0.0366	0.0000	0.0000	0.0000	0.0000	0.0000	0.0000	0.0000	0.0000	0.0000	0.0000	0.0000	0.0000	0.0000	0.0000	0.0000	0.0000	0.0000	0.0000											
76	82	0.1014	3	0	0	1	1	0	0	0	0	N	N	N	N	N	N	N	N	N	N	N	N	0.0000	0.0000	0.0000	0.0000	0.0000	0.0000	0.0000	0.0000	0.0000	0.0000	0.0000	0.0000	0.0000	0.0004	0.0012	0.0000	0.0106	0.0112	0.0000	0.0000	0.0000	0.0000	0.0000	0.0000	-0.0000	4.7970	0.0000	3.0436	4.0000	0.0000	0.0000	0.0000	0.0000	0.0000	0.0000	0.0000	0.0000	0.0000	0.0001	0.0001	0.0000	0.0001	0.0001	0.0000	0.0000	0.0000	0.0000	0.0000	0.0000	0.0000	0.0000	0.0000	0.0000	0.0000	0.0000	0.0000	0.1114	0.0412	0.0702	0.0047	0.0045	0.0003	0.1067	0.0368	0.0699	0.0000	0.0000	0.0000	0.0000	0.0000	0.0000	0.0000	0.0000	0.0000	0.0004	0.0012	0.0000	0.0106	0.0112	0.0000	0.0000	0.0000	0.0000						
76	83	0.1234	5	0	0	1	1	0	0	0	0	N	N	N	N	N	N	N	N	N	N	N	N	0.0000	0.0000	0.0000	0.0000	0.0000	0.0000	0.0000	0.0000	0.0000	0.0000	0.0000	0.0000	0.0000	0.6540	1.7204	0.0000	8.7840	9.4093	0.0000	0.0000	0.0000	0.0000	0.0000	0.0000	-0.0283	4.7970	0.0000	3.0436	2.0000	0.0000	0.0000	0.0000	0.0000	0.0000	0.0000	0.0000	0.0000	0.0000	0.0378	0.0378	0.0000	0.0378	0.0378	0.0000	0.0000	0.0000	0.0000	0.0000	0.0000	0.0000	0.0000	0.0000	0.0000	0.0000	0.0000	0.0000	0.0578	0.0220	0.0358	0.0043	0.0040	0.0003	0.0535	0.0180	0.0356	0.0000	0.0000	0.0000	0.0000	0.0000	0.0000	0.0000	0.0000	0.0000	0.6540	1.7204	0.0000	8.7840	9.4093	0.0000	0.0000	0.0000	0.0000						
76	84	0.1161	4	0	0	0	1	0	0	0	0	N	N	N	N	N	N	N	N	N	N	N	N	0.0000	0.0000	0.0000	0.0000	0.0000	0.0000	0.0000	0.0000	0.0000	0.0000	0.0000	0.0000	0.0000	0.0000	0.0000	0.0000	0.0000	0.0000	0.0026	0.0060	0.0005	0.0000	0.0000	0.0000	0.0028	0.2652	0.0005	0.1312	0.0000	-0.0000	4.7970	1.0000	3.0436	0.0015	0.0000	0.0000	0.0000	0.0000	0.0000	0.0000	0.0000	0.0000	0.0000	0.0001	0.0001	0.0000	0.0000	0.0000	0.0000	0.0001	0.0001	0.0000	0.1600	0.1429	0.0171	0.0303	0.0290	0.0012	0.1298	0.1139	0.0159	0.0301	0.0115	0.0186	0.0024	0.0022	0.0001	0.0277	0.0093	0.0185	0.0000	0.0000	0.0000	0.0000	0.0000	0.0000	0.0000	0.0000	0.0000	0.0026	0.0060	0.0005	0.0000	0.0000	0.0000	0.0028	0.0075	0.0005	
76	85	0.1014	3	0	0	0	1	0	0	0	0	N	N	N	N	N	N	N	N	N	N	N	N	0.0000	0.0000	0.0000	0.0000	0.0000	0.0000	0.0000	0.0000	0.0000	0.0000	0.0000	0.0000	0.0000	0.0000	0.0000	16.9497	45.9365	0.0000	0.0157	0.0166	0.0000	17.7055	51.5852	0.0000	0.0000	0.0000	-0.7394	4.7970	0.0000	3.0436	2.0013	0.0000	0.0000	0.0000	0.0000	0.0000	0.0000	0.0000	0.0000	0.0000	0.9872	0.9872	0.0000	0.0000	0.0000	0.0000	0.9872	0.9872	0.0000	0.0000	0.0000	0.0000	0.0000	0.0000	0.0000	0.0000	0.0000	0.0000	0.0582	0.0215	0.0368	0.0025	0.0024	0.0001	0.0558	0.0191	0.0366	0.0000	0.0000	0.0000	0.0000	0.0000	0.0000	0.0000	0.0000	0.0000	16.9497	45.9365	0.0000	0.0157	0.0166	0.0000	17.7055	51.5852	0.0000				
76	86	0.1413	3	1	1	0	0	0	0	0	0	N	N	N	N	N	N	N	N	N	N	N	N	18.9260	121.3902	0.0000	99.4386	110.2042	0.0000	6.9211	848479.6295	0.0000	0.2222	0.2517	0.0000	0.3547	0.3923	0.0000	0.1031	0.1194	0.0000	0.0117	0.0021	0.0204	0.0036	0.0036	0.0292	0.0149	0.0000	0.0205	0.0000	10.9471	-0.0000	0.0001	4.7970	0.0007	3.0436	0.9812	0.0001	0.0001	0.0000	0.0001	0.0001	0.0000	0.0000	0.0000	0.0000	0.0005	0.0000	0.0005	0.0000	0.0000	0.0000	0.0005	0.0000	0.0005	0.0003	0.0003	0.0000	0.0001	0.0001	0.0000	0.0002	0.0001	0.0000	0.0467	0.0221	0.0246	0.0130	0.0129	0.0001	0.0337	0.0092	0.0244	18.9260	121.3902	0.0000	99.4386	110.2042	0.0000	6.9211	848479.6295	0.0000	0.0117	0.0021	0.0204	0.0036	0.0036	0.0044	0.0149	0.0000	0.0205
76	87	0.0854	2	1	1	0	0	0	0	0	0	N	N	N	N	N	N	N	N	N	N	N	N	28.8478	12.7635	0.0716	4.2092	4.2277	0.0001	350.6850	88.4127	0.0838	0.1895	0.2129	0.0000	0.5045	0.5291	0.0000	0.1074	0.1230	0.0000	0.0066	0.0167	0.0005	0.1199	0.1252	0.1773	0.0003	0.0014	0.0004	0.0000	0.0505	-0.0288	-0.0009	4.7970	5.0272	3.0436	2.1572	0.1454	0.1454	0.0000	0.0800	0.0800	0.0000	0.0654	0.0654	0.0000	0.0012	0.0012	0.0001	0.0012	0.0012	0.0000	0.0001	0.0000	0.0001	0.7676	0.6831	0.0844	0.1586	0.1512	0.0074	0.6090	0.5319	0.0770	0.1874	0.0703	0.1172	0.0098	0.0093	0.0005	0.1776	0.0609	0.1167	28.8478	12.7635	0.0716	4.2092	4.2277	0.0014	350.6850	3743.4977	0.0838	0.0066	0.0167	0.0005	0.1199	0.1252	0.0144	0.0003	0.0000	0.0004
76	88	0.1387	4	0	1	0	0	0	0	0	0	N	N	N	N	N	N	N	N	N	N	N	N	0.0000	0.0000	0.0000	0.0000	0.0000	0.0000	0.0000	0.0000	0.0000	0.0000	0.0000	0.0000	0.0000	0.0012	0.0031	0.0000	0.0202	0.0219	0.0000	0.0000	0.0000	0.0000	0.0000	0.0000	-0.0001	4.7970	0.0000	3.0436	4.0000	0.0000	0.0000	0.0000	0.0000	0.0000	0.0000	0.0000	0.0000	0.0000	0.0001	0.0001	0.0000	0.0001	0.0001	0.0000	0.0000	0.0000	0.0000	0.0000	0.0000	0.0000	0.0000	0.0000	0.0000	0.0000	0.0000	0.0000	0.1101	0.0413	0.0688	0.0064	0.0059	0.0005	0.1037	0.0354	0.0683	0.0000	0.0000	0.0000	0.0000	0.0000	0.0000	0.0000	0.0000	0.0000	0.0012	0.0031	0.0000	0.0202	0.0219	0.0000	0.0000	0.0000	0.0000						
76	89	0.1014	3	0	1	0	0	0	0	0	0	N	N	N	N	N	N	N	N	N	N	N	N	1217.7540	498.5345	inf	110.0482	108.3800	inf	inf	inf	2.1447	2.3696	0.2454	4.5835	4.7776	0.0000	1.5842	1.7656	0.2643	0.0018	0.0048	0.0000	0.0417	0.0441	0.0000	0.0000	0.0000	0.0000	0.0123	0.0000	-0.1815	-0.0002	4.7970	3.0000	3.0436	2.0000	0.9774	0.9656	0.0118	0.3904	0.3904	0.0000	0.5871	0.5752	0.0118	0.0002	0.0002	0.0000	0.0002	0.0002	0.0000	0.0000	0.0000	0.0000	0.4558	0.4075	0.0483	0.0852	0.0817	0.0035	0.3706	0.3258	0.0448	0.1363	0.0505	0.0858	0.0058	0.0054	0.0003	0.1305	0.0450	0.0855	1217.7540	498.5345	inf	110.0482	108.3800	0.0000	inf	inf	inf	0.0018	0.0048	0.0000	0.0417	0.0441	0.0000	0.0000	0.0000	0.0000	
76	90	0.1014	3	1	1	0	0	0	0	0	0	N	N	N	N	N	N	N	N	N	N	N	N	0.0000	0.0000	0.0000	0.0000	0.0000	0.0000	0.0000	0.0000	0.0000	0.0000	0.0000	0.0000	0.0000	0.0174	0.0469	0.0000	0.4113	0.4353	0.0000	0.0000	0.0000	0.0000	0.0000	0.0000	-0.0018	4.7970	2.0000	3.0436	3.0000	0.0000	0.0000	0.0000	0.0000	0.0000	0.0000	0.0000	0.0000	0.0000	0.0024	0.0024	0.0000	0.0024	0.0024	0.0000	0.0000	0.0000	0.0000	0.3117	0.2786	0.0332	0.0586	0.0562	0.0024	0.2532	0.2224	0.0308	0.1363	0.0505	0.0858	0.0058	0.0054	0.0003	0.1305	0.0450	0.0855	0.0000	0.0000	0.0000	0.0000	0.0000	0.0000	0.0000	0.0000	0.0000	0.0174	0.0469	0.0000	0.4113	0.4353	0.0000	0.0000	0.0000	0.0000						
76	91	0.0854	2	0	0	0	0	0	0	0	0	N	N	N	N	N	N	N	N	N	N	N	N	0.7091	0.2551	58.3259	0.1502	0.1425	0.5474	27.0651	4.5134	54.8905	0.0585	0.0538	0.0929	0.1618	0.1585	0.2229	0.0264	0.0179	0.0781	0.0825	0.2109	0.0016	1.0772	1.1124	0.4072	0.0010	0.0040	0.0014	0.2340	0.0120	-0.0002	-0.0039	4.7970	2.0705	3.0436	0.0351	0.0216	0.0175	0.0041	0.0142	0.0132	0.0010	0.0074	0.0043	0.0031	0.0053	0.0053	0.0001	0.0053	0.0053	0.0000	0.0001	0.0000	0.0001	0.3696	0.3255	0.0441	0.0877	0.0831	0.0045	0.2819	0.2423	0.0396	0.0645	0.0249	0.0396	0.0049	0.0047	0.0002	0.0596	0.0202	0.0394	0.7091	0.2551	58.3259	0.1502	0.1425	5.1355	27.0651	180.8084	54.8905	0.0825	0.2109	0.0016	1.0772	1.1124	0.0434	0.0010	0.0001	0.0014
76	98	0.1969	6	0	0	0	0	0	0	0	0	N	N	N	N	N	N	N	N	N	N	N	N	0.4378	152.5430	0.0000	0.4604	41.9078	0.0000	0.4718	530.6054	0.0000	0.8728	0.9680	0.0000	0.4282	0.4624	0.0000	1.2280	1.3918	0.0000	1.9937	0.0063	4.5628	0.9300	0.0110	28.2887	2.6027	0.0026	4.1905	0.0000	556.1926	-0.1737	0.1686	4.7970	4.9999	3.0436	9.0821	0.8782	0.8782	0.0000	0.1913	0.1913	0.0000	0.6869	0.6869	0.0000	0.6765	0.0012	0.6752	0.1149	0.0012	0.1137	0.5616	0.0000	0.5616	1.0061	0.9071	0.0989	0.4467	0.4137	0.0331	0.5594	0.4935	0.0659	0.3393	0.1913	0.1480	0.1235	0.1096	0.0140	0.2158	0.0818	0.1340	0.4378	152.5430	0.0000	0.4604	41.9078	0.0000	0.4718	21925.9728	0.0000	1.9937	0.0063	4.5628	0.9300	0.0110	8.1310	2.6027	0.0001	4.1905
78	80	0.0663	4	1	2	0	2	0	0	0	0	N	Y	N	Y	N	N	N	N	N	N	N	N	0.0000	0.0000	0.0000	0.0000	0.0000	0.0000	0.0000	0.0000	0.0000	0.0000	0.0000	0.0000	0.0000	0.0000	0.0000	0.0000	0.0000	0.0000	0.0000	0.0000	1.0000	0.0000	2.0144	0.0000	0.0000	0.0000	0.0000	0.0000	0.0000	0.0000	0.0000	0.0000	0.0000	0.0000	0.0000	0.0000	0.0000	0.0000	0.0000	0.0000	0.0000	0.0000	0.0000	0.0000	0.0000	0.0000	0.0000	0.0000	0.0000	0.0000	0.0000	0.0000	0.0000	0.0000	0.0000	0.0000	0.0000	0.0000	0.0000	0.0000	0.0000	0.0000	0.0000	0.0000	0.0000	0.0000	0.0000	0.0000	0.0000	0.0000	0.0000	0.0000	0.0000	0.0000	0.0000	0.0000	0.0000	0.0000											
78	81	0.0443	2	1	1	1	2	0	0	0	0	N	N	N	Y	N	N	N	N	N	N	N	N	0.0000	0.0000	0.0000	0.0000	0.0000	0.0000	0.0000	0.0000	0.0000	0.0000	0.0000	0.0000	0.0000	0.0000	0.0000	0.0000	0.0000	0.0000	0.0000	0.0000	1.0000	2.0000	2.0144	0.0000	0.0000	0.0000	0.0000	0.0000	0.0000	0.0000	0.0000	0.0000	0.0000	0.0000	0.0000	0.0000	0.0000	0.0000	0.0000	0.0000	0.0000	0.0000	0.0558	0.0486	0.0071	0.0000	0.0000	0.0000	0.0558	0.0486	0.0071	0.0250	0.0084	0.0166	0.0002	0.0001	0.0000	0.0249	0.0083	0.0166	0.0000	0.0000	0.0000	0.0000	0.0000	0.0000	0.0000	0.0000	0.0000	0.0000	0.0000	0.0000	0.0000	0.0000	0.0000	0.0000	0.0000	0.0000											
78	82	0.0443	2	1	1	1	2	0	0	0	0	N	N	N	Y	N	N	N	N	N	N	N	N	0.0000	0.0000	0.0000	0.0000	0.0000	0.0000	0.0000	0.0000	0.0000	0.0000	0.0000	0.0000	0.0000	0.0000	0.0000	0.0000	0.0000	0.0000	0.0000	0.0000	1.0000	0.0000	2.0144	4.0000	0.0000	0.0000	0.0000	0.0000	0.0000	0.0000	0.0000	0.0000	0.0000	0.0000	0.0000	0.0000	0.0000	0.0000	0.0000	0.0000	0.0000	0.0000	0.0000	0.0000	0.0000	0.0000	0.0000	0.0000	0.0000	0.0000	0.0000	0.0477	0.0162	0.0316	0.0003	0.0003	0.0000	0.0474	0.0159	0.0315	0.0000	0.0000	0.0000	0.0000	0.0000	0.0000	0.0000	0.0000	0.0000	0.0000	0.0000	0.0000	0.0000	0.0000	0.0000	0.0000	0.0000	0.0000											
78	83	0.0663	4	1	1	1	2	0	0	0	0	N	N	N	Y	N	N	N	N	N	N	N	N	0.0000	0.0000	0.0000	0.0000	0.0000	0.0000	0.0000	0.0000	0.0000	0.0000	0.0000	0.0000	0.0000	0.0004	0.0012	0.0000	0.0119	0.0126	0.0000	0.0000	0.0000	0.0000	0.0000	0.0000	-0.0000	1.0000	0.0000	2.0144	2.0000	0.0000	0.0000	0.0000	0.0000	0.0000	0.0000	0.0000	0.0000	0.0000	0.0000	0.0000	0.0000	0.0000	0.0000	0.0000	0.0000	0.0000	0.0000	0.0000	0.0000	0.0000	0.0000	0.0000	0.0000	0.0000	0.0000	0.0000	0.0249	0.0087	0.0163	0.0008	0.0008	0.0000	0.0241	0.0079	0.0162	0.0000	0.0000	0.0000	0.0000	0.0000	0.0000	0.0000	0.0000	0.0000	0.0004	0.0012	0.0000	0.0119	0.0126	0.0000	0.0000	0.0000	0.0000						
78	84	0.0590	3	1	1	0	2	0	0	0	0	N	N	N	Y	N	N	N	N	N	N	N	N	0.0000	0.0000	0.0000	0.0000	0.0000	0.0000	0.0000	0.0000	0.0000	0.0000	0.0000	0.0000	0.0000	0.0000	0.0000	0.0000	0.0000	0.0000	0.0000	0.0000	0.0001	0.0000	0.0000	0.0000	inf	0.0000	0.0000	1.0000	1.0000	2.0144	0.0015	0.0000	0.0000	0.0000	0.0000	0.0000	0.0000	0.0000	0.0000	0.0000	0.0000	0.0000	0.0000	0.0000	0.0000	0.0000	0.0000	0.0000	0.0000	0.0286	0.0249	0.0037	0.0000	0.0000	0.0000	0.0286	0.0249	0.0037	0.0130	0.0045	0.0084	0.0005	0.0005	0.0000	0.0125	0.0041	0.0084	0.0000	0.0000	0.0000	0.0000	0.0000	0.0000	0.0000	0.0000	0.0000	0.0000	0.0000	0.0000	0.0000	0.0000	0.0001	0.0000	0.0000	0.0000				
78	85	0.0443	2	1	1	0	2	0	0	0	0	N	N	N	Y	N	N	N	N	N	N	N	N	0.0000	0.0000	0.0000	0.0000	0.0000	0.0000	0.0000	0.0000	0.0000	0.0000	0.0000	0.0000	0.0000	0.0000	0.0000	0.0000	0.0007	0.0008	0.0000	0.0000	0.0000	0.0000	0.0056	0.0000	-0.0000	1.0000	0.0000	2.0144	2.0013	0.0000	0.0000	0.0000	0.0000	0.0000	0.0000	0.0000	0.0000	0.0000	0.0000	0.0000	0.0000	0.0000	0.0000	0.0000	0.0000	0.0000	0.0000	0.0000	0.0000	0.0000	0.0000	0.0000	0.0000	0.0000	0.0000	0.0000	0.0251	0.0084	0.0166	0.0002	0.0001	0.0000	0.0249	0.0083	0.0166	0.0000	0.0000	0.0000	0.0000	0.0000	0.0000	0.0000	0.0000	0.0000	0.0000	0.0000	0.0000	0.0007	0.0008	0.0000	0.0000	0.0000	0.0000						
78	86	0.1161	4	2	2	0	1	0	0	0	0	Y	Y	N	N	N	N	N	N	N	N	N	N	0.0000	0.0000	0.0000	0.0000	0.0000	0.0000	0.0000	0.0000	0.0000	0.0000	0.0000	0.0000	0.0000	0.0000	0.0000	0.0002	0.0000	0.0003	0.0000	0.0000	0.0146	0.0002	0.0000	0.0003	inf	0.0000	0.0000	1.0000	0.0007	2.0144	0.9812	0.0000	0.0000	0.0000	0.0000	0.0000	0.0000	0.0000	0.0000	0.0000	0.0000	0.0000	0.0000	0.0000	0.0000	0.0000	0.0000	0.0000	0.0000	0.0001	0.0000	0.0000	0.0000	0.0000	0.0000	0.0000	0.0000	0.0000	0.0192	0.0086	0.0106	0.0048	0.0048	0.0000	0.0143	0.0038	0.0105	0.0000	0.0000	0.0000	0.0000	0.0000	0.0000	0.0000	0.0000	0.0000	0.0002	0.0000	0.0003	0.0000	0.0000	0.0024	0.0002	0.0000	0.0003				
78	87	0.0603	3	2	2	0	1	0	0	0	0	Y	Y	N	N	N	N	N	N	N	N	N	N	0.0071	0.0000	0.0560	0.0137	0.0000	0.0179	0.0003	0.0016	0.0000	0.0000	0.0000	0.0000	0.0000	0.0013	0.0000	0.0000	0.0000	0.0001	0.0001	0.0001	0.0027	0.0025	0.0748	0.0001	0.0000	0.0001	inf	2.1030	0.0000	-0.0000	1.0000	5.0272	2.0144	2.1572	0.0000	0.0000	0.0000	0.0000	0.0000	0.0000	0.0000	0.0000	0.0000	0.0000	0.0000	0.0000	0.0000	0.0000	0.0000	0.0000	0.0000	0.0000	0.1351	0.1186	0.0165	0.0033	0.0032	0.0001	0.1318	0.1154	0.0164	0.0793	0.0273	0.0520	0.0014	0.0013	0.0001	0.0779	0.0260	0.0519	0.0071	0.0000	0.0560	0.0137	0.0000	0.1690	0.0003	0.0000	0.0016	0.0001	0.0001	0.0001	0.0027	0.0025	0.0079	0.0001	0.0000	0.0001	
78	88	0.0817	3	1	2	0	1	0	0	0	0	N	Y	N	N	N	N	N	N	N	N	N	N	0.0000	0.0000	0.0000	0.0000	0.0000	0.0000	0.0000	0.0000	0.0000	0.0000	0.0000	0.0000	0.0000	0.0002	0.0006	0.0000	0.0097	0.0112	0.0000	0.0000	0.0000	0.0000	0.0000	0.0000	-0.0000	1.0000	0.0000	2.0144	4.0000	0.0000	0.0000	0.0000	0.0000	0.0000	0.0000	0.0000	0.0000	0.0000	0.0000	0.0000	0.0000	0.0000	0.0000	0.0000	0.0000	0.0000	0.0000	0.0000	0.0000	0.0000	0.0000	0.0000	0.0000	0.0000	0.0000	0.0000	0.0449	0.0155	0.0294	0.0010	0.0009	0.0001	0.0439	0.0146	0.0293	0.0000	0.0000	0.0000	0.0000	0.0000	0.0000	0.0000	0.0000	0.0000	0.0002	0.0006	0.0000	0.0097	0.0112	0.0000	0.0000	0.0000	0.0000						
78	89	0.0443	2	1	2	0	1	0	0	0	0	N	Y	N	N	N	N	N	N	N	N	N	N	inf	inf	inf	inf	0.0001	0.0001	0.0000	2.6177	2.6274	0.0000	0.0000	0.0000	0.0000	0.0000	0.0000	0.0000	0.0000	0.0000	0.0000	0.0000	0.0000	0.0000	0.0000	-0.0000	0.0000	1.0000	3.0000	2.0144	2.0000	0.0000	0.0000	0.0000	0.0000	0.0000	0.0000	0.0000	0.0000	0.0000	0.0000	0.0000	0.0000	0.0000	0.0000	0.0000	0.0000	0.0000	0.0000	0.0816	0.0713	0.0103	0.0000	0.0000	0.0000	0.0816	0.0713	0.0103	0.0583	0.0198	0.0385	0.0004	0.0003	0.0000	0.0579	0.0195	0.0384	inf	inf	0.0000	inf	inf	0.0000	0.0000	0.0000	0.0000	0.0000	0.0000	0.0000	0.0000	0.0000	0.0000	0.0000	0.0000	0.0000						
78	90	0.0443	2	2	2	0	1	0	0	0	0	Y	Y	N	N	N	N	N	N	N	N	N	N	0.0000	0.0000	0.0000	0.0000	0.0000	0.0000	0.0000	0.0000	0.0000	0.0000	0.0000	0.0000	0.0000	0.0005	0.0015	0.0000	0.0832	0.0925	0.0000	0.0000	0.0000	0.0000	0.0000	0.0000	-0.0000	1.0000	2.0000	2.0144	3.0000	0.0000	0.0000	0.0000	0.0000	0.0000	0.0000	0.0000	0.0000	0.0000	0.0000	0.0000	0.0000	0.0000	0.0000	0.0000	0.0000	0.0000	0.0000	0.0558	0.0486	0.0071	0.0000	0.0000	0.0000	0.0558	0.0486	0.0071	0.0583	0.0198	0.0385	0.0004	0.0003	0.0000	0.0579	0.0195	0.0384	0.0000	0.0000	0.0000	0.0000	0.0000	0.0000	0.0000	0.0000	0.0000	0.0005	0.0015	0.0000	0.0832	0.0925	0.0000	0.0000	0.0000	0.0000						
78	98	0.2225	9	1	1	0	1	0	0	0	0	N	N	N	N	N	N	N	N	N	N	N	N	0.0191	0.0117	0.0000	0.0202	0.0190	0.0000	0.0040	0.0000	0.0000	0.0000	0.0000	0.0000	0.0001	0.0001	0.0000	0.0000	0.0000	0.0000	0.0022	0.0039	0.0000	0.0048	0.0054	0.0000	0.0007	0.0902	0.0000	0.0000	0.0079	-0.0000	-0.0002	1.0000	4.9999	2.0144	9.0821	0.0000	0.0000	0.0000	0.0000	0.0000	0.0000	0.0000	0.0000	0.0000	0.0003	0.0003	0.0000	0.0002	0.0002	0.0000	0.0001	0.0001	0.0000	0.1895	0.1716	0.0179	0.0793	0.0745	0.0048	0.1101	0.0971	0.0131	0.1286	0.0710	0.0576	0.0469	0.0414	0.0054	0.0817	0.0296	0.0521	0.0191	0.0117	0.0000	0.0202	0.0190	0.0000	0.0040	0.0017	0.0000	0.0022	0.0039	0.0000	0.0048	0.0054	0.0000	0.0007	0.0019	0.0000
79	80	0.0442	3	1	2	0	2	0	0	0	0	N	Y	N	Y	N	N	N	N	N	N	N	N	0.0000	0.0000	0.0000	0.0000	0.0000	0.0000	0.0000	0.0000	0.0000	0.0000	0.0000	0.0000	0.0000	0.0000	0.0000	0.0000	0.0000	0.0000	0.0000	0.0000	0.0001	0.0000	3.0180	0.0000	0.0000	0.0000	0.0000	0.0000	0.0000	0.0000	0.0000	0.0000	0.0000	0.0000	0.0000	0.0000	0.0000	0.0000	0.0000	0.0000	0.0000	0.0000	0.0000	0.0000	0.0000	0.0000	0.0000	0.0000	0.0000	0.0000	0.0000	0.0000	0.0000	0.0000	0.0000	0.0000	0.0000	0.0000	0.0000	0.0000	0.0000	0.0000	0.0000	0.0000	0.0000	0.0000	0.0000	0.0000	0.0000	0.0000	0.0000	0.0000	0.0000	0.0000	0.0000	0.0000	0.0000	0.0000											
79	83	0.0442	3	1	1	1	2	0	0	0	0	N	N	N	Y	N	N	N	N	N	N	N	N	0.0000	0.0000	0.0000	0.0000	0.0000	0.0000	0.0000	0.0000	0.0000	0.0000	0.0000	0.0000	0.0000	0.0004	0.0000	0.0006	0.0000	0.0000	0.0000	0.0004	0.0000	0.0006	inf	0.0000	0.0000	0.0001	0.0000	3.0180	2.0000	0.0000	0.0000	0.0000	0.0000	0.0000	0.0000	0.0000	0.0000	0.0000	0.0000	0.0000	0.0000	0.0000	0.0000	0.0000	0.0000	0.0000	0.0000	0.0000	0.0000	0.0000	0.0000	0.0000	0.0000	0.0000	0.0000	0.0000	0.0248	0.0085	0.0162	0.0007	0.0007	0.0000	0.0241	0.0079	0.0162	0.0000	0.0000	0.0000	0.0000	0.0000	0.0000	0.0000	0.0000	0.0000	0.0004	0.0000	0.0006	0.0000	0.0000	0.0000	0.0004	0.0000	0.0006						
79	84	0.0369	2	1	1	0	2	0	0	0	0	N	N	N	Y	N	N	N	N	N	N	N	N	0.0000	0.0000	0.0000	0.0000	0.0000	0.0000	0.0000	0.0000	0.0000	0.0000	0.0000	0.0000	0.0000	0.0008	0.0023	0.0000	0.0246	0.0255	0.0000	0.0000	0.0000	0.0000	0.0000	0.0000	-0.0000	0.0001	1.0000	3.0180	0.0015	0.0000	0.0000	0.0000	0.0000	0.0000	0.0000	0.0000	0.0000	0.0000	0.0000	0.0000	0.0000	0.0000	0.0000	0.0000	0.0000	0.0000	0.0000	0.0000	0.0000	0.0000	0.0000	0.0000	0.0000	0.0000	0.0000	0.0000	0.0129	0.0045	0.0084	0.0004	0.0004	0.0000	0.0125	0.0041	0.0084	0.0000	0.0000	0.0000	0.0000	0.0000	0.0000	0.0000	0.0000	0.0000	0.0008	0.0023	0.0000	0.0246	0.0255	0.0000	0.0000	0.0000	0.0000						
79	86	0.0940	3	2	2	0	1	0	0	0	0	Y	Y	N	N	N	N	N	N	N	N	N	N	0.0000	0.0000	0.0000	0.0000	0.0000	0.0000	0.0000	0.0000	0.0000	0.0000	0.0000	0.0000	0.0000	0.0002	0.0004	0.0000	0.0007	0.0007	0.0000	0.0000	0.0000	0.0000	0.0000	-0.0000	-0.0000	0.0001	0.0007	3.0180	0.9812	0.0000	0.0000	0.0000	0.0000	0.0000	0.0000	0.0000	0.0000	0.0000	0.0000	0.0000	0.0000	0.0000	0.0000	0.0000	0.0000	0.0000	0.0000	0.0000	0.0000	0.0000	0.0000	0.0000	0.0000	0.0000	0.0000	0.0000	0.0191	0.0085	0.0106	0.0048	0.0047	0.0000	0.0143	0.0038	0.0105	0.0000	0.0000	0.0000	0.0000	0.0000	0.0000	0.0000	0.0000	0.0000	0.0002	0.0004	0.0000	0.0007	0.0007	0.0000	0.0000	0.0000	0.0000						
79	87	0.0382	2	2	2	0	1	0	0	0	0	Y	Y	N	N	N	N	N	N	N	N	N	N	50.0482	23.1538	0.0000	28.0452	28.5960	0.0000	0.0000	0.0000	0.0129	0.0147	0.0000	0.5347	0.5515	0.0000	0.0000	0.0000	0.0000	0.0003	0.0006	0.0001	0.0191	0.0193	0.0000	0.0000	0.0001	0.0001	0.0016	0.1909	-0.0000	-0.0000	0.0001	5.0272	3.0180	2.1572	0.0000	0.0000	0.0000	0.0000	0.0000	0.0000	0.0000	0.0000	0.0000	0.0000	0.0000	0.0000	0.0000	0.0000	0.0000	0.0000	0.0000	0.0000	0.0000	0.0000	0.0000	0.0000	0.0000	0.0000	0.0000	0.0000	0.0000	0.0788	0.0269	0.0519	0.0009	0.0009	0.0000	0.0779	0.0260	0.0519	50.0482	23.1538	0.0000	28.0452	28.5960	0.0000	0.0000	0.0000	0.0000	0.0003	0.0006	0.0001	0.0191	0.0193	0.0000	0.0000	0.0000	0.0001	
79	88	0.0596	2	1	2	0	1	0	0	0	0	N	Y	N	N	N	N	N	N	N	N	N	N	0.0000	0.0000	0.0000	0.0000	0.0000	0.0000	0.0000	0.0000	0.0000	0.0000	0.0000	0.0000	0.0000	0.0002	0.0007	0.0000	0.0000	0.0000	0.0000	0.0002	0.0197	0.0000	0.0000	0.0000	-0.0000	0.0001	0.0000	3.0180	4.0000	0.0000	0.0000	0.0000	0.0000	0.0000	0.0000	0.0000	0.0000	0.0000	0.0000	0.0000	0.0000	0.0000	0.0000	0.0000	0.0000	0.0000	0.0000	0.0000	0.0000	0.0000	0.0000	0.0000	0.0000	0.0000	0.0000	0.0000	0.0447	0.0152	0.0294	0.0008	0.0007	0.0001	0.0439	0.0146	0.0293	0.0000	0.0000	0.0000	0.0000	0.0000	0.0000	0.0000	0.0000	0.0000	0.0002	0.0007	0.0000	0.0000	0.0000	0.0000	0.0002	0.0007	0.0000						
79	98	0.2004	8	1	1	0	1	0	0	0	0	N	N	N	N	N	N	N	N	N	N	N	N	0.0771	0.0469	0.0000	0.7748	0.7363	0.0000	0.0713	0.0295	0.0000	0.5817	0.6426	0.0000	0.2499	0.2661	0.0000	0.8218	0.9331	0.0000	7.5483	13.6899	0.0002	0.3225	0.3614	0.0000	11.5186	31.6400	0.0002	0.0000	0.0000	-0.0000	-0.7184	0.0001	4.9999	3.0180	9.0821	0.0000	0.0000	0.0000	0.0000	0.0000	0.0000	0.0000	0.0000	0.0000	0.9592	0.9592	0.0000	0.0145	0.0145	0.0000	0.9447	0.9447	0.0000	0.0000	0.0000	0.0000	0.0000	0.0000	0.0000	0.0000	0.0000	0.0000	0.1271	0.0701	0.0570	0.0451	0.0402	0.0049	0.0820	0.0299	0.0522	0.0771	0.0469	0.0000	0.7748	0.7363	0.0000	0.0713	0.0295	0.0000	7.5483	13.6899	0.0002	0.3225	0.3614	0.0000	11.5186	31.6400	0.0002
80	81	0.0220	3	0	1	1	2	0	0	0	0	N	N	N	Y	N	N	N	N	N	N	N	N	0.0000	0.0000	0.0000	0.0000	0.0000	0.0000	0.0000	0.0000	0.0000	0.0000	0.0000	0.0000	0.0000	0.0000	0.0000	0.0000	0.0000	0.0000	0.0000	0.0000	0.0000	2.0000	0.0000	0.0000	0.0000	0.0000	0.0000	0.0000	0.0000	0.0000	0.0000	0.0000	0.0000	0.0000	0.0000	0.0000	0.0000	0.0000	0.0000	0.0000	0.0000	0.0000	0.0000	0.0000	0.0000	0.0000	0.0000	0.0000	0.0000	0.0000	0.0000	0.0000	0.0000	0.0000	0.0000	0.0000	0.0000	0.0000	0.0000	0.0000	0.0000	0.0000	0.0000	0.0000	0.0000	0.0000	0.0000	0.0000	0.0000	0.0000	0.0000	0.0000	0.0000	0.0000	0.0000	0.0000	0.0000	0.0000											
80	82	0.0220	3	0	1	1	2	0	0	0	0	N	N	N	Y	N	N	N	N	N	N	N	N	0.0000	0.0000	0.0000	0.0000	0.0000	0.0000	0.0000	0.0000	0.0000	0.0000	0.0000	0.0000	0.0000	0.0000	0.0000	0.0000	0.0000	0.0000	0.0000	0.0000	0.0000	0.0000	0.0000	4.0000	0.0000	0.0000	0.0000	0.0000	0.0000	0.0000	0.0000	0.0000	0.0000	0.0000	0.0000	0.0000	0.0000	0.0000	0.0000	0.0000	0.0000	0.0000	0.0000	0.0000	0.0000	0.0000	0.0000	0.0000	0.0000	0.0000	0.0000	0.0000	0.0000	0.0000	0.0000	0.0000	0.0000	0.0000	0.0000	0.0000	0.0000	0.0000	0.0000	0.0000	0.0000	0.0000	0.0000	0.0000	0.0000	0.0000	0.0000	0.0000	0.0000	0.0000	0.0000	0.0000	0.0000	0.0000											
80	86	0.0938	5	1	2	0	1	0	0	0	0	N	Y	N	N	N	N	N	N	N	N	N	N	0.0000	0.0000	0.0000	0.0000	0.0000	0.0000	0.0000	0.0000	0.0000	0.0000	0.0000	0.0000	0.0000	0.0000	0.0000	0.0000	0.0000	0.0000	0.0000	0.0000	0.0000	0.0007	0.0000	0.9812	0.0000	0.0000	0.0000	0.0000	0.0000	0.0000	0.0000	0.0000	0.0000	0.0000	0.0000	0.0000	0.0000	0.0000	0.0000	0.0000	0.0000	0.0000	0.0000	0.0000	0.0000	0.0000	0.0000	0.0000	0.0000	0.0000	0.0000	0.0000	0.0000	0.0000	0.0000	0.0000	0.0000	0.0000	0.0000	0.0000	0.0000	0.0000	0.0000	0.0000	0.0000	0.0000	0.0000	0.0000	0.0000	0.0000	0.0000	0.0000	0.0000	0.0000	0.0000	0.0000	0.0000	0.0000											
80	87	0.0379	4	1	2	0	1	0	0	0	0	N	Y	N	N	N	N	N	N	N	N	N	N	0.0000	0.0000	0.0000	0.0000	0.0000	0.0000	0.0000	0.0000	0.0000	0.0000	0.0000	0.0000	0.0000	0.0000	0.0000	0.0000	0.0000	0.0000	0.0000	0.0000	0.0000	5.0272	0.0000	2.1572	0.0000	0.0000	0.0000	0.0000	0.0000	0.0000	0.0000	0.0000	0.0000	0.0000	0.0000	0.0000	0.0000	0.0000	0.0000	0.0000	0.0000	0.0000	0.0000	0.0000	0.0000	0.0000	0.0000	0.0000	0.0000	0.0000	0.0000	0.0000	0.0000	0.0000	0.0000	0.0000	0.0000	0.0000	0.0000	0.0000	0.0000	0.0000	0.0000	0.0000	0.0000	0.0000	0.0000	0.0000	0.0000	0.0000	0.0000	0.0000	0.0000	0.0000	0.0000	0.0000	0.0000	0.0000											
80	88	0.0593	4	0	2	0	1	0	0	0	0	N	Y	N	N	N	N	N	N	N	N	N	N	0.0000	0.0000	0.0000	0.0000	0.0000	0.0000	0.0000	0.0000	0.0000	0.0000	0.0000	0.0000	0.0000	0.0000	0.0000	0.0000	0.0000	0.0000	0.0000	0.0000	0.0000	0.0000	0.0000	4.0000	0.0000	0.0000	0.0000	0.0000	0.0000	0.0000	0.0000	0.0000	0.0000	0.0000	0.0000	0.0000	0.0000	0.0000	0.0000	0.0000	0.0000	0.0000	0.0000	0.0000	0.0000	0.0000	0.0000	0.0000	0.0000	0.0000	0.0000	0.0000	0.0000	0.0000	0.0000	0.0000	0.0000	0.0000	0.0000	0.0000	0.0000	0.0000	0.0000	0.0000	0.0000	0.0000	0.0000	0.0000	0.0000	0.0000	0.0000	0.0000	0.0000	0.0000	0.0000	0.0000	0.0000	0.0000											
80	89	0.0220	3	0	2	0	1	0	0	0	0	N	Y	N	N	N	N	N	N	N	N	N	N	0.0000	0.0000	0.0000	0.0000	0.0000	0.0000	0.0000	0.0000	0.0000	0.0000	0.0000	0.0000	0.0000	0.0000	0.0000	0.0000	0.0000	0.0000	0.0000	0.0000	0.0000	3.0000	0.0000	2.0000	0.0000	0.0000	0.0000	0.0000	0.0000	0.0000	0.0000	0.0000	0.0000	0.0000	0.0000	0.0000	0.0000	0.0000	0.0000	0.0000	0.0000	0.0000	0.0000	0.0000	0.0000	0.0000	0.0000	0.0000	0.0000	0.0000	0.0000	0.0000	0.0000	0.0000	0.0000	0.0000	0.0000	0.0000	0.0000	0.0000	0.0000	0.0000	0.0000	0.0000	0.0000	0.0000	0.0000	0.0000	0.0000	0.0000	0.0000	0.0000	0.0000	0.0000	0.0000	0.0000	0.0000	0.0000											
80	90	0.0220	3	1	2	0	1	0	0	0	0	N	Y	N	N	N	N	N	N	N	N	N	N	0.0000	0.0000	0.0000	0.0000	0.0000	0.0000	0.0000	0.0000	0.0000	0.0000	0.0000	0.0000	0.0000	0.0000	0.0000	0.0000	0.0000	0.0000	0.0000	0.0000	0.0000	2.0000	0.0000	3.0000	0.0000	0.0000	0.0000	0.0000	0.0000	0.0000	0.0000	0.0000	0.0000	0.0000	0.0000	0.0000	0.0000	0.0000	0.0000	0.0000	0.0000	0.0000	0.0000	0.0000	0.0000	0.0000	0.0000	0.0000	0.0000	0.0000	0.0000	0.0000	0.0000	0.0000	0.0000	0.0000	0.0000	0.0000	0.0000	0.0000	0.0000	0.0000	0.0000	0.0000	0.0000	0.0000	0.0000	0.0000	0.0000	0.0000	0.0000	0.0000	0.0000	0.0000	0.0000	0.0000	0.0000	0.0000											
80	98	0.2002	10	0	1	0	1	0	0	0	0	N	N	N	N	N	N	N	N	N	N	N	N	0.0000	0.0000	0.0000	0.0000	0.0000	0.0000	0.0000	0.0000	0.0000	0.0000	0.0000	0.0000	0.0000	0.0000	0.0000	0.0000	0.0000	0.0000	0.0000	0.0000	0.0000	4.9999	0.0000	9.0821	0.0000	0.0000	0.0000	0.0000	0.0000	0.0000	0.0000	0.0000	0.0000	0.0000	0.0000	0.0000	0.0000	0.0000	0.0000	0.0000	0.0000	0.0000	0.0000	0.0000	0.0000	0.0000	0.0000	0.0000	0.0000	0.0000	0.0000	0.0000	0.0000	0.0000	0.0000	0.0000	0.0000	0.0000	0.0000	0.0000	0.0000	0.0000	0.0000	0.0000	0.0000	0.0000	0.0000	0.0000	0.0000	0.0000	0.0000	0.0000	0.0000	0.0000	0.0000	0.0000	0.0000	0.0000											
81	83	0.0368	3	0	0	2	2	0	0	0	0	N	N	Y	Y	N	N	N	N	N	N	N	N	0.0000	0.0000	0.0000	0.0000	0.0000	0.0000	0.0000	0.0000	0.0000	0.0000	0.0000	0.0000	0.0000	0.0000	0.0000	0.0000	0.0000	0.0000	0.0000	0.0000	2.0000	0.0000	0.0000	2.0000	0.0000	0.0000	0.0000	0.0000	0.0000	0.0000	0.0000	0.0000	0.0000	0.0000	0.0000	0.0000	0.0000	0.0000	0.0000	0.0000	0.0000	0.0000	0.0000	0.0000	0.0000	0.0000	0.0000	0.0000	0.0000	0.0000	0.0000	0.0168	0.0058	0.0111	0.0005	0.0004	0.0000	0.0164	0.0053	0.0110	0.0000	0.0000	0.0000	0.0000	0.0000	0.0000	0.0000	0.0000	0.0000	0.0000	0.0000	0.0000	0.0000	0.0000	0.0000	0.0000	0.0000	0.0000											
81	84	0.0295	2	0	0	1	2	0	0	0	0	N	N	N	Y	N	N	N	N	N	N	N	N	0.0000	0.0000	0.0000	0.0000	0.0000	0.0000	0.0000	0.0000	0.0000	0.0000	0.0000	0.0000	0.0000	0.0000	0.0000	0.0000	0.0000	0.0000	0.0000	0.0000	2.0000	1.0000	0.0000	0.0015	0.0000	0.0000	0.0000	0.0000	0.0000	0.0000	0.0000	0.0000	0.0000	0.0000	0.0000	0.0000	0.0000	0.0000	0.0000	0.0000	0.0000	0.0000	0.0558	0.0486	0.0071	0.0000	0.0000	0.0000	0.0558	0.0486	0.0071	0.0088	0.0030	0.0057	0.0003	0.0003	0.0000	0.0085	0.0028	0.0057	0.0000	0.0000	0.0000	0.0000	0.0000	0.0000	0.0000	0.0000	0.0000	0.0000	0.0000	0.0000	0.0000	0.0000	0.0000	0.0000	0.0000	0.0000											
81	86	0.0865	3	1	1	1	1	0	0	0	0	N	N	N	N	N	N	N	N	N	N	N	N	0.0000	0.0000	0.0000	0.0000	0.0000	0.0000	0.0000	0.0000	0.0000	0.0000	0.0000	0.0000	0.0000	0.0000	0.0000	0.0000	0.0000	0.0000	0.0000	0.0000	2.0000	0.0007	0.0000	0.9812	0.0000	0.0000	0.0000	0.0000	0.0000	0.0000	0.0000	0.0000	0.0000	0.0000	0.0000	0.0000	0.0000	0.0000	0.0000	0.0000	0.0000	0.0000	0.0001	0.0001	0.0000	0.0000	0.0000	0.0000	0.0001	0.0001	0.0000	0.0129	0.0058	0.0072	0.0032	0.0032	0.0000	0.0097	0.0026	0.0072	0.0000	0.0000	0.0000	0.0000	0.0000	0.0000	0.0000	0.0000	0.0000	0.0000	0.0000	0.0000	0.0000	0.0000	0.0000	0.0000	0.0000	0.0000											
81	87	0.0307	2	1	1	1	1	0	0	0	0	N	N	N	N	N	N	N	N	N	N	N	N	0.0000	0.0000	0.0000	0.0000	0.0000	0.0000	0.0000	0.0000	0.0000	0.0000	0.0000	0.0000	0.0000	0.0000	0.0000	0.0000	0.0000	0.0000	0.0000	0.0000	2.0000	5.0272	0.0000	2.1572	0.0000	0.0000	0.0000	0.0000	0.0000	0.0000	0.0000	0.0000	0.0000	0.0000	0.0000	0.0000	0.0000	0.0000	0.0000	0.0000	0.0000	0.0000	0.2636	0.2316	0.0320	0.0064	0.0062	0.0002	0.2573	0.2254	0.0318	0.0535	0.0182	0.0353	0.0006	0.0006	0.0000	0.0529	0.0176	0.0353	0.0000	0.0000	0.0000	0.0000	0.0000	0.0000	0.0000	0.0000	0.0000	0.0000	0.0000	0.0000	0.0000	0.0000	0.0000	0.0000	0.0000	0.0000											
81	88	0.0521	2	0	1	1	1	0	0	0	0	N	N	N	N	N	N	N	N	N	N	N	N	0.0000	0.0000	0.0000	0.0000	0.0000	0.0000	0.0000	0.0000	0.0000	0.0000	0.0000	0.0000	0.0000	0.0000	0.0000	0.0000	0.0000	0.0000	0.0000	0.0000	2.0000	0.0000	0.0000	4.0000	0.0000	0.0000	0.0000	0.0000	0.0000	0.0000	0.0000	0.0000	0.0000	0.0000	0.0000	0.0000	0.0000	0.0000	0.0000	0.0000	0.0000	0.0000	0.0000	0.0000	0.0000	0.0000	0.0000	0.0000	0.0000	0.0000	0.0000	0.0303	0.0103	0.0200	0.0005	0.0004	0.0001	0.0298	0.0099	0.0199	0.0000	0.0000	0.0000	0.0000	0.0000	0.0000	0.0000	0.0000	0.0000	0.0000	0.0000	0.0000	0.0000	0.0000	0.0000	0.0000	0.0000	0.0000											
81	98	0.1930	8	0	0	1	1	0	0	0	0	N	N	N	N	N	N	N	N	N	N	N	N	inf	inf	inf	inf	inf	inf	0.0586	0.0646	0.0000	0.0057	0.0061	0.0000	0.0964	0.1094	0.0000	0.0000	0.0000	0.0000	0.0000	0.0000	0.0000	0.0000	0.0000	0.0000	0.0000	-0.0043	0.0000	2.0000	4.9999	0.0000	9.0821	0.0216	0.0216	0.0000	0.0009	0.0009	0.0000	0.0208	0.0208	0.0000	0.0000	0.0000	0.0000	0.0000	0.0000	0.0000	0.0000	0.0000	0.0000	0.3696	0.3349	0.0347	0.1543	0.1451	0.0093	0.2152	0.1898	0.0255	0.0857	0.0472	0.0385	0.0304	0.0272	0.0033	0.0553	0.0201	0.0352	inf	inf	0.0000	inf	inf	0.0000	inf	inf	0.0000	0.0000	0.0000	0.0000	0.0000	0.0000	0.0000	0.0000	0.0000	0.0000				
82	83	0.0520	3	0	0	2	2	0	0	0	0	N	N	Y	Y	N	N	N	N	N	N	N	N	0.0000	0.0000	0.0000	0.0000	0.0000	0.0000	0.0000	0.0000	0.0000	0.0000	0.0000	0.0000	0.0000	0.0000	0.0000	0.0000	0.0000	0.0000	0.0000	0.0000	0.0000	0.0000	4.0000	2.0000	0.0000	0.0000	0.0000	0.0000	0.0000	0.0000	0.0000	0.0000	0.0000	0.0000	0.0000	0.0000	0.0000	0.0000	0.0000	0.0000	0.0000	0.0000	0.0000	0.0000	0.0000	0.0000	0.0000	0.0000	0.0000	0.0000	0.0000	0.0321	0.0111	0.0210	0.0009	0.0009	0.0000	0.0312	0.0102	0.0209	0.0000	0.0000	0.0000	0.0000	0.0000	0.0000	0.0000	0.0000	0.0000	0.0000	0.0000	0.0000	0.0000	0.0000	0.0000	0.0000	0.0000	0.0000											
82	84	0.0447	2	0	0	1	2	0	0	0	0	N	N	N	Y	N	N	N	N	N	N	N	N	0.0000	0.0000	0.0000	0.0000	0.0000	0.0000	0.0000	0.0000	0.0000	0.0000	0.0000	0.0000	0.0000	0.0000	0.0000	0.0000	0.0000	0.0000	0.0000	0.0000	0.0000	1.0000	4.0000	0.0015	0.0000	0.0000	0.0000	0.0000	0.0000	0.0000	0.0000	0.0000	0.0000	0.0000	0.0000	0.0000	0.0000	0.0000	0.0000	0.0000	0.0000	0.0000	0.0000	0.0000	0.0000	0.0000	0.0000	0.0000	0.0000	0.0000	0.0000	0.0167	0.0058	0.0109	0.0005	0.0005	0.0000	0.0162	0.0053	0.0109	0.0000	0.0000	0.0000	0.0000	0.0000	0.0000	0.0000	0.0000	0.0000	0.0000	0.0000	0.0000	0.0000	0.0000	0.0000	0.0000	0.0000	0.0000											
82	86	0.1017	3	1	1	1	1	0	0	0	0	N	N	N	N	N	N	N	N	N	N	N	N	0.0000	0.0000	0.0000	0.0000	0.0000	0.0000	0.0000	0.0000	0.0000	0.0000	0.0000	0.0000	0.0000	0.0000	0.0000	37.0150	0.0000	67.0492	0.0227	0.0000	22.1470	49.3252	0.0000	67.1850	inf	0.0000	0.2299	0.0000	0.0007	4.0000	0.9812	0.0000	0.0000	0.0000	0.0000	0.0000	0.0000	0.0000	0.0000	0.0000	0.9159	0.0000	0.9159	0.0001	0.0000	0.0001	0.9157	0.0000	0.9157	0.0000	0.0000	0.0000	0.0000	0.0000	0.0000	0.0000	0.0000	0.0000	0.0247	0.0111	0.0137	0.0062	0.0061	0.0000	0.0186	0.0049	0.0136	0.0000	0.0000	0.0000	0.0000	0.0000	0.0000	0.0000	0.0000	0.0000	37.0150	0.0000	67.0492	0.0227	0.0000	4.7154	49.3252	0.0000	67.1850				
82	87	0.0459	2	1	1	1	1	0	0	0	0	N	N	N	N	N	N	N	N	N	N	N	N	0.0000	0.0000	0.0000	0.0000	0.0000	0.0000	0.0000	0.0000	0.0000	0.0000	0.0000	0.0000	0.0000	0.0000	0.0000	0.0000	0.0000	0.0000	0.8302	0.0203	1.2508	0.4996	0.5039	1.4301	0.8340	0.1754	1.2510	118.7994	0.0000	0.0206	0.0000	5.0272	4.0000	2.1572	0.0000	0.0000	0.0000	0.0000	0.0000	0.0000	0.0000	0.0000	0.0000	0.0848	0.0007	0.0841	0.0006	0.0006	0.0000	0.0842	0.0001	0.0841	0.0000	0.0000	0.0000	0.0000	0.0000	0.0000	0.0000	0.0000	0.0000	0.1021	0.0349	0.0672	0.0011	0.0011	0.0000	0.1010	0.0338	0.0672	0.0000	0.0000	0.0000	0.0000	0.0000	0.0000	0.0000	0.0000	0.0000	0.8302	0.0203	1.2508	0.4996	0.5039	0.1283	0.8340	0.0041	1.2510	
82	88	0.0673	2	0	1	1	1	0	0	0	0	N	N	N	N	N	N	N	N	N	N	N	N	0.0000	0.0000	0.0000	0.0000	0.0000	0.0000	0.0000	0.0000	0.0000	0.0000	0.0000	0.0000	0.0000	0.0000	0.0000	0.0000	0.0000	0.0000	0.0000	0.0000	0.0000	0.0000	4.0000	4.0000	0.0000	0.0000	0.0000	0.0000	0.0000	0.0000	0.0000	0.0000	0.0000	0.0000	0.0000	0.0000	0.0000	0.0000	0.0000	0.0000	0.0000	0.0000	0.0000	0.0000	0.0000	0.0000	0.0000	0.0000	0.0000	0.0000	0.0000	0.0580	0.0198	0.0381	0.0010	0.0009	0.0001	0.0570	0.0190	0.0380	0.0000	0.0000	0.0000	0.0000	0.0000	0.0000	0.0000	0.0000	0.0000	0.0000	0.0000	0.0000	0.0000	0.0000	0.0000	0.0000	0.0000	0.0000											
82	98	0.2082	8	0	0	1	1	0	0	0	0	N	N	N	N	N	N	N	N	N	N	N	N	0.0000	0.0000	0.0000	0.0000	0.0000	0.0000	0.0000	0.0000	0.0000	0.0000	0.0000	0.0000	0.0000	0.0000	0.0000	0.0000	0.0000	4.3859	0.2457	9.4811	0.4488	0.4291	8.6767	6.5441	0.0000	10.3073	31.3581	0.0000	0.1599	0.0000	4.9999	4.0000	9.0821	0.0000	0.0000	0.0000	0.0000	0.0000	0.0000	0.0000	0.0000	0.0000	0.7264	0.0225	0.7040	0.0263	0.0225	0.0039	0.7001	0.0000	0.7001	0.0000	0.0000	0.0000	0.0000	0.0000	0.0000	0.0000	0.0000	0.0000	0.1656	0.0914	0.0743	0.0586	0.0523	0.0063	0.1070	0.0391	0.0679	0.0000	0.0000	0.0000	0.0000	0.0000	0.0000	0.0000	0.0000	0.0000	4.3859	0.2457	9.4811	0.4488	0.4291	0.6116	6.5441	0.0000	10.3073		
83	86	0.1085	5	1	1	1	1	0	0	0	0	N	N	N	N	N	N	N	N	N	N	N	N	0.0000	0.0000	0.0000	0.0000	0.0000	0.0000	0.0000	0.0000	0.0000	0.0000	0.0000	0.0000	0.0000	0.0008	0.0017	0.0000	0.0030	0.0030	0.0000	0.0000	0.0000	0.0000	0.0000	0.0000	-0.0000	0.0000	0.0007	2.0000	0.9812	0.0000	0.0000	0.0000	0.0000	0.0000	0.0000	0.0000	0.0000	0.0000	0.0000	0.0000	0.0000	0.0000	0.0000	0.0000	0.0000	0.0000	0.0000	0.0000	0.0000	0.0000	0.0000	0.0000	0.0000	0.0000	0.0000	0.0000	0.0129	0.0058	0.0071	0.0033	0.0033	0.0000	0.0096	0.0025	0.0071	0.0000	0.0000	0.0000	0.0000	0.0000	0.0000	0.0000	0.0000	0.0000	0.0008	0.0017	0.0000	0.0030	0.0030	0.0000	0.0000	0.0000	0.0000						
83	87	0.0527	4	1	1	1	1	0	0	0	0	N	N	N	N	N	N	N	N	N	N	N	N	0.0000	0.0000	0.0000	0.0000	0.0000	0.0000	0.0000	0.0000	0.0000	0.0000	0.0000	0.0000	0.0000	0.0000	0.0000	0.0000	0.0000	0.0126	0.0353	0.0003	0.2971	0.3118	0.0001	0.0002	0.0000	0.0003	0.0151	0.0000	-0.0005	0.0000	5.0272	2.0000	2.1572	0.0000	0.0000	0.0000	0.0000	0.0000	0.0000	0.0000	0.0000	0.0000	0.0007	0.0007	0.0000	0.0007	0.0007	0.0000	0.0000	0.0000	0.0000	0.0000	0.0000	0.0000	0.0000	0.0000	0.0000	0.0000	0.0000	0.0000	0.0532	0.0187	0.0345	0.0022	0.0021	0.0001	0.0510	0.0166	0.0344	0.0000	0.0000	0.0000	0.0000	0.0000	0.0000	0.0000	0.0000	0.0000	0.0126	0.0353	0.0003	0.2971	0.3118	0.0001	0.0002	0.0000	0.0003		
83	88	0.0740	4	0	1	1	1	0	0	0	0	N	N	N	N	N	N	N	N	N	N	N	N	0.0000	0.0000	0.0000	0.0000	0.0000	0.0000	0.0000	0.0000	0.0000	0.0000	0.0000	0.0000	0.0000	0.0000	0.0000	0.0000	0.0000	0.0000	0.0000	0.0000	0.0000	0.0000	2.0000	4.0000	0.0000	0.0000	0.0000	0.0000	0.0000	0.0000	0.0000	0.0000	0.0000	0.0000	0.0000	0.0000	0.0000	0.0000	0.0000	0.0000	0.0000	0.0000	0.0000	0.0000	0.0000	0.0000	0.0000	0.0000	0.0000	0.0000	0.0000	0.0301	0.0106	0.0195	0.0014	0.0013	0.0001	0.0287	0.0093	0.0194	0.0000	0.0000	0.0000	0.0000	0.0000	0.0000	0.0000	0.0000	0.0000	0.0000	0.0000	0.0000	0.0000	0.0000	0.0000	0.0000	0.0000	0.0000											
83	89	0.0367	3	0	1	1	1	0	0	0	0	N	N	N	N	N	N	N	N	N	N	N	N	0.0000	0.0000	0.0000	0.0000	0.0000	0.0000	0.0000	0.0000	0.0000	0.0000	0.0000	0.0000	0.0000	0.0000	0.0000	0.0000	0.0000	0.0000	0.0000	0.0000	0.0000	3.0000	2.0000	2.0000	0.0000	0.0000	0.0000	0.0000	0.0000	0.0000	0.0000	0.0000	0.0000	0.0000	0.0000	0.0000	0.0000	0.0000	0.0000	0.0000	0.0000	0.0000	0.0000	0.0000	0.0000	0.0000	0.0000	0.0000	0.0000	0.0000	0.0000	0.0391	0.0136	0.0256	0.0011	0.0011	0.0001	0.0380	0.0125	0.0255	0.0000	0.0000	0.0000	0.0000	0.0000	0.0000	0.0000	0.0000	0.0000	0.0000	0.0000	0.0000	0.0000	0.0000	0.0000	0.0000	0.0000	0.0000											
83	90	0.0367	3	1	1	1	1	0	0	0	0	N	N	N	N	N	N	N	N	N	N	N	N	0.0000	0.0000	0.0000	0.0000	0.0000	0.0000	0.0000	0.0000	0.0000	0.0000	0.0000	0.0000	0.0000	0.0000	0.0000	0.0000	0.0000	0.0000	0.0000	0.0000	0.0000	2.0000	2.0000	3.0000	0.0000	0.0000	0.0000	0.0000	0.0000	0.0000	0.0000	0.0000	0.0000	0.0000	0.0000	0.0000	0.0000	0.0000	0.0000	0.0000	0.0000	0.0000	0.0000	0.0000	0.0000	0.0000	0.0000	0.0000	0.0000	0.0000	0.0000	0.0391	0.0136	0.0256	0.0011	0.0011	0.0001	0.0380	0.0125	0.0255	0.0000	0.0000	0.0000	0.0000	0.0000	0.0000	0.0000	0.0000	0.0000	0.0000	0.0000	0.0000	0.0000	0.0000	0.0000	0.0000	0.0000	0.0000											
83	98	0.2149	10	0	0	1	1	0	0	0	0	N	N	N	N	N	N	N	N	N	N	N	N	0.0000	0.0000	0.0000	0.0000	0.0000	0.0000	0.0000	0.0000	0.0000	0.0000	0.0000	0.0000	0.0000	0.0000	0.0000	0.0530	0.0961	0.0000	0.0739	0.0828	0.0000	0.0414	1.0921	0.0000	0.0000	0.0000	-0.0034	0.0000	4.9999	2.0000	9.0821	0.0000	0.0000	0.0000	0.0000	0.0000	0.0000	0.0000	0.0000	0.0000	0.0045	0.0045	0.0000	0.0023	0.0023	0.0000	0.0023	0.0023	0.0000	0.0000	0.0000	0.0000	0.0000	0.0000	0.0000	0.0000	0.0000	0.0000	0.0857	0.0472	0.0385	0.0304	0.0272	0.0033	0.0553	0.0201	0.0352	0.0000	0.0000	0.0000	0.0000	0.0000	0.0000	0.0000	0.0000	0.0000	0.0530	0.0961	0.0000	0.0739	0.0828	0.0000	0.0414	0.1142	0.0000				
84	86	0.0938	4	1	1	0	1	0	0	0	0	N	N	N	N	N	N	N	N	N	N	N	N	0.0000	0.0000	0.0000	0.0000	0.0000	0.0000	0.0000	0.0000	0.0000	0.0000	0.0000	0.0000	0.0000	0.0000	0.0000	0.0091	0.0000	0.0165	0.0000	0.0000	0.0017	0.0124	0.0000	0.0165	inf	0.0000	0.0000	1.0000	0.0007	0.0015	0.9812	0.0000	0.0000	0.0000	0.0000	0.0000	0.0000	0.0000	0.0000	0.0000	0.0001	0.0000	0.0001	0.0000	0.0000	0.0000	0.0001	0.0000	0.0001	0.0001	0.0000	0.0000	0.0000	0.0000	0.0000	0.0000	0.0000	0.0000	0.0069	0.0031	0.0038	0.0018	0.0018	0.0000	0.0051	0.0013	0.0038	0.0000	0.0000	0.0000	0.0000	0.0000	0.0000	0.0000	0.0000	0.0000	0.0091	0.0000	0.0165	0.0000	0.0000	0.0004	0.0124	0.0000	0.0165				
84	87	0.0379	3	1	1	0	1	0	0	0	0	N	N	N	N	N	N	N	N	N	N	N	N	0.0000	0.0000	0.0000	0.0000	0.0000	0.0000	0.0000	0.0000	0.0000	0.0000	0.0000	0.0000	0.0000	0.0000	0.0000	0.0000	0.0000	0.0024	0.0064	0.0002	0.0492	0.0513	0.0017	0.0001	0.0000	0.0002	0.0560	0.0000	-0.0000	1.0000	5.0272	0.0015	2.1572	0.0000	0.0000	0.0000	0.0000	0.0000	0.0000	0.0000	0.0000	0.0000	0.0001	0.0001	0.0000	0.0001	0.0001	0.0000	0.0000	0.0000	0.0000	0.1351	0.1186	0.0165	0.0033	0.0032	0.0001	0.1318	0.1154	0.0164	0.0277	0.0098	0.0179	0.0013	0.0012	0.0001	0.0264	0.0086	0.0179	0.0000	0.0000	0.0000	0.0000	0.0000	0.0000	0.0000	0.0000	0.0000	0.0024	0.0064	0.0002	0.0492	0.0513	0.0004	0.0001	0.0000	0.0002		
84	88	0.0593	3	0	1	0	1	0	0	0	0	N	N	N	N	N	N	N	N	N	N	N	N	0.0000	0.0000	0.0000	0.0000	0.0000	0.0000	0.0000	0.0000	0.0000	0.0000	0.0000	0.0000	0.0000	0.0000	0.0000	0.0000	0.0000	0.0000	0.0000	0.0000	1.0000	0.0000	0.0015	4.0000	0.0000	0.0000	0.0000	0.0000	0.0000	0.0000	0.0000	0.0000	0.0000	0.0000	0.0000	0.0000	0.0000	0.0000	0.0000	0.0000	0.0000	0.0000	0.0000	0.0000	0.0000	0.0000	0.0000	0.0000	0.0000	0.0000	0.0000	0.0157	0.0055	0.0101	0.0008	0.0007	0.0001	0.0149	0.0048	0.0101	0.0000	0.0000	0.0000	0.0000	0.0000	0.0000	0.0000	0.0000	0.0000	0.0000	0.0000	0.0000	0.0000	0.0000	0.0000	0.0000	0.0000	0.0000											
84	89	0.0220	2	0	1	0	1	0	0	0	0	N	N	N	N	N	N	N	N	N	N	N	N	0.0000	0.0000	0.0000	0.0000	0.0000	0.0000	0.0000	0.0000	0.0000	0.0000	0.0000	0.0000	0.0000	0.0000	0.0000	0.0000	0.0000	0.0000	0.0000	0.0000	1.0000	3.0000	0.0015	2.0000	0.0000	0.0000	0.0000	0.0000	0.0000	0.0000	0.0000	0.0000	0.0000	0.0000	0.0000	0.0000	0.0000	0.0000	0.0000	0.0000	0.0000	0.0000	0.0816	0.0713	0.0103	0.0000	0.0000	0.0000	0.0816	0.0713	0.0103	0.0204	0.0071	0.0133	0.0007	0.0006	0.0000	0.0197	0.0065	0.0133	0.0000	0.0000	0.0000	0.0000	0.0000	0.0000	0.0000	0.0000	0.0000	0.0000	0.0000	0.0000	0.0000	0.0000	0.0000	0.0000	0.0000	0.0000											
84	90	0.0220	2	1	1	0	1	0	0	0	0	N	N	N	N	N	N	N	N	N	N	N	N	0.0000	0.0000	0.0000	0.0000	0.0000	0.0000	0.0000	0.0000	0.0000	0.0000	0.0000	0.0000	0.0000	0.0000	0.0000	0.0000	0.0000	0.0000	0.0000	0.0000	1.0000	2.0000	0.0015	3.0000	0.0000	0.0000	0.0000	0.0000	0.0000	0.0000	0.0000	0.0000	0.0000	0.0000	0.0000	0.0000	0.0000	0.0000	0.0000	0.0000	0.0000	0.0000	0.0558	0.0486	0.0071	0.0000	0.0000	0.0000	0.0558	0.0486	0.0071	0.0204	0.0071	0.0133	0.0007	0.0006	0.0000	0.0197	0.0065	0.0133	0.0000	0.0000	0.0000	0.0000	0.0000	0.0000	0.0000	0.0000	0.0000	0.0000	0.0000	0.0000	0.0000	0.0000	0.0000	0.0000	0.0000	0.0000											
84	98	0.2002	9	0	0	0	1	0	0	0	0	N	N	N	N	N	N	N	N	N	N	N	N	0.0000	0.0000	0.0000	0.0000	0.0000	0.0000	0.0000	0.0000	0.0000	0.0000	0.0000	0.0000	0.0000	0.0000	0.0000	0.0000	0.0000	0.0000	0.0026	0.0046	0.0001	0.0071	0.0079	0.0002	0.0001	0.0000	0.0001	0.0250	0.0000	-0.0001	1.0000	4.9999	0.0015	9.0821	0.0000	0.0000	0.0000	0.0000	0.0000	0.0000	0.0000	0.0000	0.0000	0.0001	0.0001	0.0000	0.0001	0.0001	0.0000	0.0000	0.0000	0.0000	0.1895	0.1716	0.0179	0.0793	0.0745	0.0048	0.1101	0.0971	0.0131	0.0442	0.0243	0.0199	0.0158	0.0141	0.0017	0.0284	0.0102	0.0182	0.0000	0.0000	0.0000	0.0000	0.0000	0.0000	0.0000	0.0000	0.0000	0.0026	0.0046	0.0001	0.0071	0.0079	0.0002	0.0001	0.0000	0.0001	
85	86	0.0865	3	1	1	0	1	0	0	0	0	N	N	N	N	N	N	N	N	N	N	N	N	0.0000	0.0000	0.0000	0.0000	0.0000	0.0000	0.0000	0.0000	0.0000	0.0000	0.0000	0.0000	0.0000	0.0049	0.0109	0.0000	0.0196	0.0196	0.0000	0.0000	0.0000	0.0000	0.0000	0.0000	-0.0000	0.0000	0.0007	2.0013	0.9812	0.0000	0.0000	0.0000	0.0000	0.0000	0.0000	0.0000	0.0000	0.0000	0.0001	0.0001	0.0000	0.0001	0.0001	0.0000	0.0000	0.0000	0.0000	0.0000	0.0000	0.0000	0.0000	0.0000	0.0000	0.0000	0.0000	0.0000	0.0130	0.0058	0.0072	0.0032	0.0032	0.0000	0.0097	0.0026	0.0072	0.0000	0.0000	0.0000	0.0000	0.0000	0.0000	0.0000	0.0000	0.0000	0.0049	0.0109	0.0000	0.0196	0.0196	0.0000	0.0000	0.0000	0.0000						
85	87	0.0306	2	1	1	0	1	0	0	0	0	N	N	N	N	N	N	N	N	N	N	N	N	0.0000	0.0000	0.0000	0.0000	0.0000	0.0000	0.0000	0.0000	0.0000	0.0000	0.0000	0.0000	0.0000	0.0000	0.0000	0.0000	0.0000	0.0016	0.0013	0.0018	0.0385	0.0389	0.0000	0.0012	0.0000	0.0018	2.6494	0.0000	-0.0000	0.0000	5.0272	2.0013	2.1572	0.0000	0.0000	0.0000	0.0000	0.0000	0.0000	0.0000	0.0000	0.0000	0.0001	0.0000	0.0001	0.0000	0.0000	0.0000	0.0001	0.0000	0.0001	0.0000	0.0000	0.0000	0.0000	0.0000	0.0000	0.0000	0.0000	0.0000	0.0535	0.0182	0.0353	0.0006	0.0006	0.0000	0.0529	0.0176	0.0353	0.0000	0.0000	0.0000	0.0000	0.0000	0.0000	0.0000	0.0000	0.0000	0.0016	0.0013	0.0018	0.0385	0.0389	0.0000	0.0012	0.0000	0.0018		
85	88	0.0520	2	0	1	0	1	0	0	0	0	N	N	N	N	N	N	N	N	N	N	N	N	0.0000	0.0000	0.0000	0.0000	0.0000	0.0000	0.0000	0.0000	0.0000	0.0000	0.0000	0.0000	0.0000	0.0000	0.0000	0.0000	0.0000	0.0000	0.0000	0.0000	0.0000	0.0000	2.0013	4.0000	0.0000	0.0000	0.0000	0.0000	0.0000	0.0000	0.0000	0.0000	0.0000	0.0000	0.0000	0.0000	0.0000	0.0000	0.0000	0.0000	0.0000	0.0000	0.0000	0.0000	0.0000	0.0000	0.0000	0.0000	0.0000	0.0000	0.0000	0.0303	0.0103	0.0200	0.0005	0.0004	0.0001	0.0298	0.0099	0.0199	0.0000	0.0000	0.0000	0.0000	0.0000	0.0000	0.0000	0.0000	0.0000	0.0000	0.0000	0.0000	0.0000	0.0000	0.0000	0.0000	0.0000	0.0000											
85	98	0.1929	8	0	0	0	1	0	0	0	0	N	N	N	N	N	N	N	N	N	N	N	N	0.0000	0.0000	0.0000	0.0000	0.0000	0.0000	0.0000	0.0000	0.0000	0.0000	0.0000	0.0000	0.0000	0.0000	0.0000	0.0000	0.0000	0.0013	0.0003	0.0026	0.0001	0.0001	0.0000	0.0020	0.0121	0.0029	8.2496	0.0000	0.0000	0.0000	4.9999	2.0013	9.0821	0.0000	0.0000	0.0000	0.0000	0.0000	0.0000	0.0000	0.0000	0.0000	0.0001	0.0000	0.0001	0.0000	0.0000	0.0000	0.0001	0.0000	0.0001	0.0000	0.0000	0.0000	0.0000	0.0000	0.0000	0.0000	0.0000	0.0000	0.0858	0.0473	0.0385	0.0305	0.0272	0.0033	0.0553	0.0201	0.0352	0.0000	0.0000	0.0000	0.0000	0.0000	0.0000	0.0000	0.0000	0.0000	0.0013	0.0003	0.0026	0.0001	0.0001	0.0000	0.0020	0.0005	0.0029		
86	88	0.1161	4	1	2	0	0	0	0	0	0	N	Y	N	N	N	N	N	N	N	N	N	N	0.0000	0.0000	0.0000	0.0000	0.0000	0.0000	0.0000	0.0000	0.0000	0.0000	0.0000	0.0000	0.0000	0.0004	0.0010	0.0000	0.0015	0.0015	0.0000	0.0000	0.0000	0.0000	0.0000	0.0000	-0.0000	0.0007	0.0000	0.9812	4.0000	0.0000	0.0000	0.0000	0.0000	0.0000	0.0000	0.0000	0.0000	0.0000	0.0000	0.0000	0.0000	0.0000	0.0000	0.0000	0.0000	0.0000	0.0000	0.0000	0.0000	0.0000	0.0000	0.0000	0.0000	0.0000	0.0000	0.0000	0.0241	0.0105	0.0136	0.0066	0.0065	0.0001	0.0175	0.0040	0.0135	0.0000	0.0000	0.0000	0.0000	0.0000	0.0000	0.0000	0.0000	0.0000	0.0004	0.0010	0.0000	0.0015	0.0015	0.0000	0.0000	0.0000	0.0000						
86	89	0.0787	3	1	2	0	0	0	0	0	0	N	Y	N	N	N	N	N	N	N	N	N	N	0.0067	inf	0.0000	30.6584	inf	0.0000	0.0000	0.0000	0.2023	0.2199	0.0000	0.5668	0.5770	0.0000	0.0000	0.0000	0.0000	30.2933	0.0000	55.0200	0.0185	0.0000	13.3484	40.4054	0.0000	55.1333	0.0000	inf	-0.0000	0.2300	0.0007	3.0000	0.9812	2.0000	0.0000	0.0000	0.0000	0.0000	0.0000	0.0000	0.0000	0.0000	0.0000	0.9162	0.0000	0.9162	0.0001	0.0000	0.0001	0.9161	0.0000	0.9161	0.0001	0.0001	0.0000	0.0001	0.0001	0.0000	0.0001	0.0001	0.0000	0.0302	0.0136	0.0167	0.0076	0.0075	0.0000	0.0227	0.0061	0.0166	0.0067	inf	0.0000	30.6584	inf	0.0000	0.0000	0.0000	0.0000	30.2933	0.0000	55.0200	0.0185	0.0000	3.8081	40.4054	0.0000	55.1333	
86	90	0.0787	3	2	2	0	0	0	0	0	0	Y	Y	N	N	N	N	N	N	N	N	N	N	0.0000	0.0000	0.0000	0.0000	0.0000	0.0000	0.0000	0.0000	0.0000	0.0000	0.0000	0.0000	0.0000	0.0013	0.0029	0.0000	0.0053	0.0053	0.0000	0.0000	0.0000	0.0000	0.0000	0.0000	-0.0000	0.0007	2.0000	0.9812	3.0000	0.0000	0.0000	0.0000	0.0000	0.0000	0.0000	0.0000	0.0000	0.0000	0.0000	0.0000	0.0000	0.0000	0.0000	0.0000	0.0000	0.0000	0.0000	0.0001	0.0001	0.0000	0.0000	0.0000	0.0000	0.0001	0.0001	0.0000	0.0302	0.0136	0.0167	0.0076	0.0075	0.0000	0.0227	0.0061	0.0166	0.0000	0.0000	0.0000	0.0000	0.0000	0.0000	0.0000	0.0000	0.0000	0.0013	0.0029	0.0000	0.0053	0.0053	0.0000	0.0000	0.0000	0.0000						
86	91	0.0628	2	1	1	0	0	0	0	0	0	N	N	N	N	N	N	N	N	N	N	N	N	1.3742	0.9239	0.8444	0.9878	1.0856	0.0616	0.8299	14044.7569	0.7340	0.0686	0.0767	0.0187	0.1372	0.1513	0.0232	0.0137	0.0132	0.0162	0.0499	0.0830	0.0221	0.1389	0.1394	0.3765	0.0165	0.0000	0.0221	0.0393	0.3165	-0.0000	-0.0004	0.0007	2.0705	0.9812	0.0351	0.0000	0.0000	0.0000	0.0000	0.0000	0.0000	0.0000	0.0000	0.0000	0.0007	0.0006	0.0002	0.0006	0.0006	0.0000	0.0002	0.0000	0.0002	0.0001	0.0001	0.0000	0.0001	0.0001	0.0000	0.0001	0.0001	0.0000	0.0150	0.0069	0.0082	0.0041	0.0041	0.0000	0.0109	0.0028	0.0081	1.3742	0.9239	0.8444	0.9878	1.0856	0.6226	0.8299	14044.7569	0.7340	0.0499	0.0830	0.0221	0.1389	0.1394	0.0373	0.0165	0.0000	0.0221
86	98	0.2251	8	1	1	0	0	0	0	0	0	N	N	N	N	N	N	N	N	N	N	N	N	0.9375	0.0987	32172.0967	0.5920	0.1126	1799.6389	2622.3263	1.5066	18519.8815	0.2694	0.0488	1.5683	0.3897	0.0782	2.2374	0.0800	0.0023	0.5319	0.2874	0.4946	0.0000	0.6582	0.6947	0.0012	0.0000	0.0016	0.0000	5.4589	0.0001	0.0001	-0.0186	0.0007	4.9999	0.9812	9.0821	0.0001	0.0000	0.0001	0.0001	0.0000	0.0001	0.0000	0.0000	0.0000	0.0248	0.0248	0.0000	0.0248	0.0248	0.0000	0.0000	0.0000	0.0000	0.0004	0.0004	0.0001	0.0003	0.0002	0.0000	0.0002	0.0001	0.0000	0.0864	0.0502	0.0362	0.0377	0.0357	0.0020	0.0487	0.0145	0.0342	0.9375	0.0987	32172.0967	0.5920	0.1126	5676.3472	2622.3263	67.3661	18519.8815	0.2874	0.4946	0.0000	0.6582	0.6947	0.0004	0.0000	0.0000	0.0000
87	88	0.1091	3	1	2	0	0	0	0	0	0	N	Y	N	N	N	N	N	N	N	N	N	N	0.0000	0.0000	0.0000	0.0000	0.0000	0.0000	0.0000	0.0000	0.0000	0.0000	0.0000	0.0000	0.0000	0.0000	0.0000	0.0010	0.0030	0.0000	0.0334	0.0368	0.0000	0.0001	0.0072	0.0000	0.0000	0.0000	-0.0001	5.0272	0.0000	2.1572	4.0000	0.0000	0.0000	0.0000	0.0000	0.0000	0.0000	0.0000	0.0000	0.0000	0.0001	0.0001	0.0000	0.0001	0.0001	0.0000	0.0000	0.0000	0.0000	0.0000	0.0000	0.0000	0.0000	0.0000	0.0000	0.0000	0.0000	0.0000	0.0967	0.0335	0.0632	0.0027	0.0024	0.0002	0.0940	0.0310	0.0630	0.0000	0.0000	0.0000	0.0000	0.0000	0.0000	0.0000	0.0000	0.0000	0.0010	0.0030	0.0000	0.0334	0.0368	0.0000	0.0001	0.0003	0.0000				
87	89	0.0718	2	1	2	0	0	0	0	0	0	N	Y	N	N	N	N	N	N	N	N	N	N	0.0052	3.0978	0.0000	4.4293	4.5931	0.0000	0.0000	0.0002	0.0000	0.0453	0.0515	0.0004	1.8733	1.9260	0.0001	0.0001	0.0000	0.0004	8.6562	0.0166	13.1524	0.4229	0.4193	9.8366	8.7478	0.1544	13.1548	0.0011	1521.3982	-0.0034	0.2704	5.0272	3.0000	2.1572	2.0000	0.0175	0.0175	0.0000	0.0175	0.0175	0.0000	0.0000	0.0000	0.0000	1.0801	0.0007	1.0793	0.0006	0.0006	0.0000	1.0795	0.0001	1.0793	0.3861	0.3395	0.0466	0.0093	0.0091	0.0003	0.3768	0.3304	0.0463	0.1248	0.0427	0.0821	0.0014	0.0014	0.0000	0.1234	0.0413	0.0820	0.0052	3.0978	0.0000	4.4293	4.5931	0.0002	0.0000	0.0088	0.0000	8.6562	0.0166	13.1524	0.4229	0.4193	0.7301	8.7478	0.0034	13.1548
87	90	0.0718	2	2	2	0	0	0	0	0	0	Y	Y	N	N	N	N	N	N	N	N	N	N	0.0000	0.0000	0.0000	0.0000	0.0000	0.0000	0.0000	0.0000	0.0000	0.0000	0.0000	0.0000	0.0000	0.0000	0.0000	0.0000	0.0000	0.0027	0.0077	0.0001	0.2183	0.2209	0.0000	0.0003	0.0197	0.0001	0.0303	0.0000	-0.0002	5.0272	2.0000	2.1572	3.0000	0.0000	0.0000	0.0000	0.0000	0.0000	0.0000	0.0000	0.0000	0.0000	0.0003	0.0003	0.0000	0.0003	0.0003	0.0000	0.0000	0.0000	0.0000	0.2636	0.2316	0.0320	0.0064	0.0062	0.0002	0.2573	0.2254	0.0318	0.1248	0.0427	0.0821	0.0014	0.0014	0.0000	0.1234	0.0413	0.0820	0.0000	0.0000	0.0000	0.0000	0.0000	0.0000	0.0000	0.0000	0.0000	0.0027	0.0077	0.0001	0.2183	0.2209	0.0000	0.0003	0.0007	0.0001		
87	98	0.2181	7	1	1	0	0	0	0	0	0	N	N	N	N	N	N	N	N	N	N	N	N	16.9595	0.6205	160.9489	25.5542	0.8040	34806.7278	1.8806	0.0801	10.3786	0.7086	0.0245	7.1798	1.5797	0.0557	21.6349	0.0579	0.0001	0.5061	0.0418	0.0395	0.0446	0.0618	0.0693	0.0006	0.0308	0.0011	0.0488	30.9607	0.9085	0.5076	-0.0033	5.0272	4.9999	2.1572	9.0821	0.6584	0.0206	0.6378	0.6276	0.0206	0.6070	0.0308	0.0000	0.0308	0.0120	0.0063	0.0057	0.0063	0.0063	0.0000	0.0057	0.0000	0.0057	0.9291	0.8403	0.0888	0.3973	0.3692	0.0281	0.5318	0.4710	0.0608	0.2862	0.1586	0.1276	0.1014	0.0904	0.0109	0.1848	0.0681	0.1167	16.9595	0.6205	160.9489	25.5542	0.8040	85571.8811	1.8806	3.4621	10.3786	0.0418	0.0395	0.0446	0.0618	0.0693	0.0003	0.0308	0.0000	0.0488
88	90	0.0667	2	1	2	0	0	0	0	0	0	N	Y	N	N	N	N	N	N	N	N	N	N	0.0000	0.0000	0.0000	0.0000	0.0000	0.0000	0.0000	0.0000	0.0000	0.0000	0.0000	0.0000	0.0000	0.0000	0.0000	0.0000	0.0000	0.0000	0.0000	0.0000	0.0000	2.0000	4.0000	3.0000	0.0000	0.0000	0.0000	0.0000	0.0000	0.0000	0.0000	0.0000	0.0000	0.0000	0.0000	0.0000	0.0000	0.0000	0.0000	0.0000	0.0000	0.0000	0.0000	0.0000	0.0000	0.0000	0.0000	0.0000	0.0000	0.0000	0.0000	0.0709	0.0243	0.0466	0.0012	0.0011	0.0002	0.0697	0.0232	0.0464	0.0000	0.0000	0.0000	0.0000	0.0000	0.0000	0.0000	0.0000	0.0000	0.0000	0.0000	0.0000	0.0000	0.0000	0.0000	0.0000	0.0000	0.0000											
88	98	0.2449	9	0	1	0	0	0	0	0	0	N	N	N	N	N	N	N	N	N	N	N	N	0.0000	0.0000	0.0000	0.0000	0.0000	0.0000	0.0000	0.0000	0.0000	0.0000	0.0000	0.0000	0.0000	0.0498	0.0895	0.0000	0.1338	0.1503	0.0000	0.0000	0.0000	0.0000	0.0000	0.0000	-0.0062	0.0000	4.9999	4.0000	9.0821	0.0000	0.0000	0.0000	0.0000	0.0000	0.0000	0.0000	0.0000	0.0000	0.0083	0.0083	0.0000	0.0083	0.0083	0.0000	0.0000	0.0000	0.0000	0.0000	0.0000	0.0000	0.0000	0.0000	0.0000	0.0000	0.0000	0.0000	0.1665	0.0926	0.0739	0.0620	0.0552	0.0068	0.1046	0.0375	0.0671	0.0000	0.0000	0.0000	0.0000	0.0000	0.0000	0.0000	0.0000	0.0000	0.0498	0.0895	0.0000	0.1338	0.1503	0.0000	0.0000	0.0000	0.0000						
89	98	0.2155	8	0	1	0	0	0	0	0	0	N	N	N	N	N	N	N	N	N	N	N	N	0.0024	0.0000	inf	0.0003	0.0000	inf	inf	inf	0.0003	0.0000	0.0028	0.0001	0.0000	0.0015	0.0004	0.0000	0.0032	0.1098	0.1989	0.0000	0.3107	0.3483	0.0000	0.0000	0.0000	0.0000	inf	0.0000	0.0001	-0.0167	3.0000	4.9999	2.0000	9.0821	0.0001	0.0000	0.0001	0.0000	0.0000	0.0000	0.0001	0.0000	0.0001	0.0224	0.0224	0.0000	0.0224	0.0224	0.0000	0.0000	0.0000	0.0000	0.5410	0.4903	0.0506	0.2253	0.2119	0.0134	0.3157	0.2785	0.0372	0.2036	0.1124	0.0912	0.0720	0.0642	0.0078	0.1316	0.0482	0.0834	0.0024	0.0000	inf	0.0003	0.0000	inf	inf	0.0000	inf	0.1098	0.1989	0.0000	0.3107	0.3483	0.0000	0.0000	0.0000	0.0000	
90	98	0.2158	8	1	1	0	0	0	0	0	0	N	N	N	N	N	N	N	N	N	N	N	N	0.0059	0.7120	0.0000	0.3026	1.4486	0.0000	0.0000	0.0000	0.0000	0.0236	0.0261	0.0000	0.0566	0.0602	0.0000	0.0000	0.0000	0.0000	4.0303	0.0367	8.9518	0.1871	0.0416	10.7546	6.1319	0.6442	9.6572	0.0000	198.1602	-0.0017	0.2019	2.0000	4.9999	3.0000	9.0821	0.0087	0.0087	0.0000	0.0087	0.0087	0.0000	0.0000	0.0000	0.0000	0.8205	0.0041	0.8164	0.0135	0.0027	0.0108	0.8071	0.0014	0.8056	0.3696	0.3349	0.0347	0.1543	0.1451	0.0093	0.2152	0.1898	0.0255	0.2036	0.1124	0.0912	0.0720	0.0642	0.0078	0.1316	0.0482	0.0834	0.0059	0.7120	0.0000	0.3026	1.4486	0.0000	0.0000	0.0000	0.0000	4.0303	0.0367	8.9518	0.1871	0.0416	1.3881	6.1319	0.0301	9.6572
91	98	0.1782	7	0	0	0	0	0	0	0	0	N	N	N	N	N	N	N	N	N	N	N	N	316.6593	214.1974	0.4704	28.2407	28.8816	0.0309	6506.1529	1223.3701	0.1119	1.8370	2.0453	0.0005	0.4280	0.4701	0.0012	3.0459	3.4310	0.0001	0.0058	0.0095	0.0011	0.0152	0.0163	0.0380	0.0005	0.0028	0.0007	0.0000	0.0934	-0.1668	-0.0004	2.0705	4.9999	0.0351	9.0821	0.8435	0.8434	0.0000	0.0907	0.0907	0.0000	0.7527	0.7527	0.0000	0.0005	0.0005	0.0000	0.0005	0.0005	0.0000	0.0000	0.0000	0.0000	0.4591	0.4124	0.0468	0.2120	0.1930	0.0190	0.2471	0.2194	0.0277	0.0944	0.0525	0.0420	0.0343	0.0307	0.0036	0.0601	0.0218	0.0384	316.6593	214.1974	0.4704	28.2407	28.8816	0.2107	6506.1529	53147.6559	0.1119	0.0058	0.0095	0.0011	0.0152	0.0163	0.0056	0.0005	0.0001	0.0007
92	98	0.1623	6	0	0	0	0	0	0	0	0	N	N	N	N	N	N	N	N	N	N	N	N	2.3341	1.4226	24.1266	1.0251	0.8415	70.7377	26.9194	0.6952	2.8460	0.1419	0.1454	0.1103	0.1524	0.1417	0.2738	0.1329	0.1488	0.0143	0.0608	0.1022	0.0046	0.1486	0.1684	0.0039	0.0049	0.2141	0.0050	0.0853	0.0330	-0.0135	-0.0079	3.4249	4.9999	0.1413	9.0821	0.1129	0.1040	0.0089	0.0560	0.0479	0.0081	0.0569	0.0561	0.0007	0.0110	0.0107	0.0004	0.0105	0.0105	0.0000	0.0005	0.0002	0.0003	0.7957	0.7153	0.0804	0.3678	0.3381	0.0298	0.4279	0.3772	0.0507	0.1813	0.1043	0.0769	0.0704	0.0621	0.0083	0.1108	0.0422	0.0686	2.3341	1.4226	24.1266	1.0251	0.8415	318.5606	26.9194	31.0147	2.8460	0.0608	0.1022	0.0046	0.1486	0.1684	0.0009	0.0049	0.0048	0.0050
93	98	0.1369	5	0	0	0	0	0	0	0	0	N	N	N	N	N	N	N	N	N	N	N	N	6.4759	4.6339	1.2316	0.5536	0.5293	0.1371	23.3972	1.5700	1.0174	1.0105	1.1163	0.0478	0.1635	0.1686	0.0825	1.5358	1.7472	0.0375	0.1560	0.2409	0.0388	0.2953	0.3185	0.6015	0.0656	1.1129	0.0369	0.0047	0.1168	-0.1186	-0.0221	2.2814	4.9999	1.1633	9.0821	0.6141	0.6112	0.0029	0.0380	0.0369	0.0011	0.5761	0.5744	0.0017	0.0342	0.0306	0.0036	0.0255	0.0250	0.0005	0.0087	0.0056	0.0031	0.6078	0.5476	0.0602	0.2326	0.2189	0.0138	0.3751	0.3287	0.0464	0.2193	0.1272	0.0921	0.0863	0.0786	0.0077	0.1330	0.0486	0.0844	6.4759	4.6339	1.2316	0.5536	0.5293	1.3754	23.3972	15.1302	1.0174	0.1560	0.2409	0.0388	0.2953	0.3185	0.0600	0.0656	0.1155	0.0369
94	98	0.1194	4	0	0	0	0	0	0	0	0	N	N	N	N	N	N	N	N	N	N	N	N	0.1672	0.0978	0.2800	0.1056	0.1089	0.0101	0.6057	0.0319	0.3090	0.0639	0.0702	0.0051	0.1104	0.1176	0.0039	0.0371	0.0413	0.0054	0.3821	0.7179	0.0181	1.0452	1.0790	0.3862	0.0612	1.2956	0.0176	0.0078	0.0233	-0.0048	-0.0934	1.5401	4.9999	4.1671	9.0821	0.0252	0.0250	0.0002	0.0159	0.0159	0.0000	0.0093	0.0091	0.0002	0.1286	0.1257	0.0029	0.1147	0.1146	0.0001	0.0139	0.0111	0.0028	0.3946	0.3563	0.0384	0.1443	0.1352	0.0091	0.2503	0.2210	0.0293	0.3366	0.1751	0.1615	0.1098	0.1062	0.0036	0.2268	0.0689	0.1579	0.1672	0.0978	0.2800	0.1056	0.1089	0.0958	0.6057	0.2561	0.3090	0.3821	0.7179	0.0181	1.0452	1.0790	0.0408	0.0612	0.1612	0.0176
95	98	0.0781	3	0	0	0	0	0	0	0	0	N	N	N	N	N	N	N	N	N	N	N	N	0.4952	0.3217	0.5364	0.2927	0.3308	0.0779	1.8163	0.6280	0.8894	0.3121	0.3514	0.0795	0.3744	0.4286	0.0295	0.2359	0.2548	0.1330	0.6304	1.0922	0.1483	1.2791	1.2956	0.3784	0.1299	0.4058	0.1496	0.0382	0.1301	-0.0039	-0.0734	0.1115	4.9999	0.9631	9.0821	0.0241	0.0232	0.0009	0.0159	0.0158	0.0002	0.0082	0.0075	0.0007	0.1157	0.1024	0.0133	0.1023	0.1022	0.0000	0.0135	0.0002	0.0133	0.0773	0.0661	0.0112	0.0425	0.0368	0.0058	0.0348	0.0294	0.0054	0.1836	0.0938	0.0898	0.0800	0.0789	0.0011	0.1037	0.0149	0.0888	0.4952	0.3217	0.5364	0.2927	0.3308	0.7671	1.8163	20.7013	0.8894	0.6304	1.0922	0.1483	1.2791	1.2956	0.0384	0.1299	0.0123	0.1496
96	98	0.0729	2	0	0	0	0	0	0	0	0	N	N	N	N	N	N	N	N	N	N	N	N	0.2751	0.2352	0.1447	0.1964	0.2211	0.0536	0.3991	0.3202	0.2110	0.1117	0.1289	0.0362	0.1352	0.1567	0.0152	0.0820	0.0902	0.0541	0.4061	0.5479	0.2504	0.6885	0.7091	0.2834	0.2054	0.2816	0.2565	0.0639	0.4165	-0.0056	-0.0463	0.4573	4.9999	1.6414	9.0821	0.0403	0.0379	0.0024	0.0273	0.0268	0.0005	0.0130	0.0111	0.0020	0.1017	0.0718	0.0299	0.0717	0.0716	0.0001	0.0301	0.0002	0.0298	0.3608	0.2940	0.0668	0.2017	0.1710	0.0307	0.1591	0.1230	0.0361	0.2505	0.1311	0.1195	0.1041	0.1010	0.0031	0.1465	0.0301	0.1163	0.2751	0.2352	0.1447	0.1964	0.2211	0.6125	0.3991	11.0823	0.2110	0.4061	0.5479	0.2504	0.6885	0.7091	0.0248	0.2054	0.0081	0.2565
