102
290
375
120
182
101
93
374
192
255
378
58
158
112
119
91
391
125
19
223
372
285
222
288
126
398
220
90
92
264
287
377
51
111
98
74
129
390
123
269
286
127
141
157
227
95
118
244
128
221
77
96
330
159
397
336
335
78
219
272
284
323
80
376
99
56
52
291
268
326
307
24
242
225
110
341
297
132
65
109
226
211
67
133
33
396
334
75
151
337
229
94
17
322
134
155
20
320
198
0
140
79
113
156
2
267
136
18
325
224
210
115
333
340
34
179
108
296
73
70
301
153
183
131
395
142
150
195
25
117
213
228
309
152
305
105
178
289
245
114
186
103
135
89
194
248
72
209
189
76
332
193
106
1
300
121
185
68
212
243
250
313
26
143
180
184
188
190
66
57
69
50
116
371
251
380
191
370
130
329
32
328
