213
141
237
0
236
202
268
79
225
126
129
161
91
90
53
299
271
267
128
97
172
43
332
67
199
69
76
87
20
266
127
99
50
16
201
36
71
198
270
55
171
136
289
250
70
297
245
331
269
66
207
265
177
238
135
81
288
185
130
296
58
85
330
88
205
158
173
203
239
170
9
206
57
10
264
325
139
318
78
184
163
56
92
204
176
223
137
196
324
274
131
138
107
21
317
162
15
68
260
112
72
258
77
80
41
183
38
287
54
175
113
247
251
106
73
276
316
181
37
14
49
195
96
240
74
93
125
84
105
180
75
134
133
272
109
179
42
13
132
51
47
82
142
304
303
22
302
275
89
301
