57
0
239
43
117
101
301
200
121
226
179
78
247
313
18
157
81
178
221
236
153
25
103
106
128
155
294
55
119
160
154
169
235
222
151
206
115
136
223
182
82
225
40
77
312
261
189
56
126
127
193
140
1
131
292
158
102
51
233
87
227
208
240
120
110
66
109
249
252
49
107
135
180
188
89
95
139
12
68
34
94
168
232
86
254
83
116
161
67
100
85
54
220
199
209
60
99
113
63
228
59
80
219
177
181
234
41
58
211
84
238
291
111
35
125
241
302
53
64
264
97
198
307
42
98
92
263
197
156
218
79
195
296
91
133
11
237
290
159
257
267
88
245
129
93
96
306
24
114
262
295
69
270
112
104
61
244
118
259
271
26
269
162
48
138
243
253
108
137
