branch_id_1	branch_id_2	dist_bl	dist_node_num	branch_num_fg_tube	branch_num_fg_pink	branch_num_fg_yellow	branch_num_fg_beakless	branch_num_mg_tube	branch_num_mg_pink	branch_num_mg_yellow	branch_num_mg_beakless	is_fg_tube	is_fg_pink	is_fg_yellow	is_fg_beakless	is_mf_tube	is_mf_pink	is_mf_yellow	is_mf_beakless	is_mg_tube	is_mg_pink	is_mg_yellow	is_mg_beakless	omegaCany2any	omegaCany2dif	omegaCany2spe	omegaCdif2any	omegaCdif2dif	omegaCdif2spe	omegaCspe2any	omegaCspe2dif	omegaCspe2spe	dNCany2any	dNCany2dif	dNCany2spe	dNCdif2any	dNCdif2dif	dNCdif2spe	dNCspe2any	dNCspe2dif	dNCspe2spe	dSCany2any	dSCany2dif	dSCany2spe	dSCdif2any	dSCdif2dif	dSCdif2spe	dSCspe2any	dSCspe2dif	dSCspe2spe	OCNCoD	OCSCoD	OCN_linreg_residual	OCS_linreg_residual	N_sub_1	N_sub_2	S_sub_1	S_sub_2	OCNany2any	OCNany2dif	OCNany2spe	OCNdif2any	OCNdif2dif	OCNdif2spe	OCNspe2any	OCNspe2dif	OCNspe2spe	OCSany2any	OCSany2dif	OCSany2spe	OCSdif2any	OCSdif2dif	OCSdif2spe	OCSspe2any	OCSspe2dif	OCSspe2spe	ECNany2any	ECNany2dif	ECNany2spe	ECNdif2any	ECNdif2dif	ECNdif2spe	ECNspe2any	ECNspe2dif	ECNspe2spe	ECSany2any	ECSany2dif	ECSany2spe	ECSdif2any	ECSdif2dif	ECSdif2spe	ECSspe2any	ECSspe2dif	ECSspe2spe	omegaCany2any_nocalib	omegaCany2dif_nocalib	omegaCany2spe_nocalib	omegaCdif2any_nocalib	omegaCdif2dif_nocalib	omegaCdif2spe_nocalib	omegaCspe2any_nocalib	omegaCspe2dif_nocalib	omegaCspe2spe_nocalib	dSCany2any_nocalib	dSCany2dif_nocalib	dSCany2spe_nocalib	dSCdif2any_nocalib	dSCdif2dif_nocalib	dSCdif2spe_nocalib	dSCspe2any_nocalib	dSCspe2dif_nocalib	dSCspe2spe_nocalib
0	2	0.0728	3	1	1	0	1	0	0	0	0	N	N	N	N	N	N	N	N	N	N	N	N	0.0000	0.0000	0.0000	0.0000	0.0000	0.0000	0.0000	0.0000	0.0000	0.0000	0.0000	0.0000	0.0000	0.0000	0.0000	0.0000	0.0000	0.0000	0.0000	0.0000	2.0000	0.0000	6.9850	0.0000	0.0000	0.0000	0.0000	0.0000	0.0000	0.0000	0.0000	0.0000	0.0000	0.0000	0.0000	0.0000	0.0000	0.0000	0.0000	0.0000	0.0000	0.0000	0.0000	0.0000	0.0000	0.0000	0.0000	0.0000	0.0000	0.0000	0.0000	0.0000	0.0000	0.0000	0.0000	0.0000	0.0000	0.0000	0.0000	0.0000	0.0000	0.0000	0.0000	0.0000	0.0000	0.0000	0.0000	0.0000	0.0000	0.0000	0.0000	0.0000	0.0000	0.0000	0.0000	0.0000	0.0000	0.0000											
0	3	0.1538	5	2	1	1	0	0	0	0	0	Y	N	N	N	N	N	N	N	N	N	N	N	0.0000	0.0000	0.0000	0.0000	0.0000	0.0000	0.0000	0.0000	0.0000	0.0000	0.0000	0.0000	0.0000	0.0003	0.0004	0.0000	0.0016	0.0019	0.0000	0.0000	0.0000	0.0000	0.0000	0.0000	-0.0000	2.0000	1.9956	6.9850	2.0506	0.0000	0.0000	0.0000	0.0000	0.0000	0.0000	0.0000	0.0000	0.0000	0.0000	0.0000	0.0000	0.0000	0.0000	0.0000	0.0000	0.0000	0.0000	0.0532	0.0454	0.0079	0.0027	0.0026	0.0001	0.0505	0.0428	0.0077	0.0756	0.0465	0.0291	0.0128	0.0107	0.0021	0.0628	0.0358	0.0270	0.0000	0.0000	0.0000	0.0000	0.0000	0.0000	0.0000	0.0000	0.0000	0.0003	0.0004	0.0000	0.0016	0.0019	0.0000	0.0000	0.0000	0.0000						
0	4	0.0685	4	1	2	0	0	0	0	0	0	N	Y	N	N	N	N	N	N	N	N	N	N	0.0000	0.0000	0.0000	0.0000	0.0000	0.0000	0.0000	0.0000	0.0000	0.0000	0.0000	0.0000	0.0000	0.0000	0.0000	0.0000	0.0000	0.5682	0.0555	1.1044	4.9240	5.5248	0.3096	0.3459	0.0000	1.1372	10.3356	0.0000	0.0131	2.0000	3.9843	6.9850	1.0588	0.0000	0.0000	0.0000	0.0000	0.0000	0.0000	0.0000	0.0000	0.0000	0.0352	0.0031	0.0321	0.0034	0.0031	0.0003	0.0319	0.0000	0.0319	0.1052	0.0894	0.0158	0.0016	0.0016	0.0001	0.1035	0.0878	0.0158	0.0986	0.0560	0.0426	0.0065	0.0056	0.0009	0.0921	0.0504	0.0417	0.0000	0.0000	0.0000	0.0000	0.0000	0.0000	0.0000	0.0000	0.0000	0.3575	0.0555	0.7552	0.5221	0.5552	0.3096	0.3459	0.0000	0.7645		
0	5	0.0693	2	1	1	1	1	0	0	0	0	N	N	N	N	N	N	N	N	N	N	N	N	0.0000	0.0000	0.0000	0.0000	0.0000	0.0000	0.0000	0.0000	0.0000	0.0000	0.0000	0.0000	0.0000	0.0185	0.0332	0.0000	12.0348	12.6640	0.0000	0.0000	0.0000	0.0000	0.0000	0.0000	-0.0002	2.0000	1.0000	6.9850	0.0005	0.0000	0.0000	0.0000	0.0000	0.0000	0.0000	0.0000	0.0000	0.0000	0.0004	0.0004	0.0000	0.0004	0.0004	0.0000	0.0000	0.0000	0.0000	0.0270	0.0229	0.0041	0.0004	0.0004	0.0000	0.0266	0.0225	0.0041	0.0189	0.0106	0.0084	0.0003	0.0003	0.0000	0.0186	0.0102	0.0084	0.0000	0.0000	0.0000	0.0000	0.0000	0.0000	0.0000	0.0000	0.0000	0.0185	0.0332	0.0000	1.0736	1.1520	0.0000	0.0000	0.0000	0.0000						
0	6	0.1368	4	2	2	0	0	0	0	0	0	Y	Y	N	N	N	N	N	N	N	N	N	N	0.0000	0.0000	0.0000	0.0000	0.0000	0.0000	0.0000	0.0000	0.0000	0.0000	0.0000	0.0000	0.0000	0.0000	0.0000	0.0000	0.0000	0.0000	0.0000	0.0000	2.0000	2.0000	6.9850	1.0000	0.0000	0.0000	0.0000	0.0000	0.0000	0.0000	0.0000	0.0000	0.0000	0.0000	0.0000	0.0000	0.0000	0.0000	0.0000	0.0000	0.0000	0.0000	0.0531	0.0452	0.0079	0.0026	0.0024	0.0001	0.0505	0.0428	0.0077	0.0521	0.0311	0.0210	0.0050	0.0038	0.0012	0.0471	0.0273	0.0198	0.0000	0.0000	0.0000	0.0000	0.0000	0.0000	0.0000	0.0000	0.0000	0.0000	0.0000	0.0000	0.0000	0.0000	0.0000	0.0000	0.0000	0.0000											
0	7	0.1707	7	2	1	1	0	0	0	0	0	Y	N	N	N	N	N	N	N	N	N	N	N	0.0000	0.0000	0.0000	0.0000	0.0000	0.0000	0.0000	0.0000	0.0000	0.0000	0.0000	0.0000	0.0000	32.6507	0.0000	143.1121	0.0000	0.0000	0.0000	34.2991	0.0000	158.6917	inf	0.0000	0.4601	2.0000	0.0000	6.9850	2.0000	0.0000	0.0000	0.0000	0.0000	0.0000	0.0000	0.0000	0.0000	0.0000	1.0000	0.0000	1.0000	0.0000	0.0000	0.0000	1.0000	0.0000	1.0000	0.0000	0.0000	0.0000	0.0000	0.0000	0.0000	0.0000	0.0000	0.0000	0.0348	0.0216	0.0133	0.0057	0.0046	0.0011	0.0292	0.0170	0.0122	0.0000	0.0000	0.0000	0.0000	0.0000	0.0000	0.0000	0.0000	0.0000	28.7220	0.0000	75.4269	0.0000	0.0000	0.0000	34.2991	0.0000	82.2558						
0	8	0.1917	8	2	2	0	1	0	0	0	0	Y	Y	N	N	N	N	N	N	N	N	N	N	0.0000	0.0000	0.0000	0.0000	0.0000	0.0000	0.0000	0.0000	0.0000	0.0000	0.0000	0.0000	0.0000	0.0000	0.0000	0.0000	0.0000	0.0000	0.0000	0.0000	2.0000	0.0000	6.9850	1.0000	0.0000	0.0000	0.0000	0.0000	0.0000	0.0000	0.0000	0.0000	0.0000	0.0000	0.0000	0.0000	0.0000	0.0000	0.0000	0.0000	0.0000	0.0000	0.0000	0.0000	0.0000	0.0000	0.0000	0.0000	0.0000	0.0000	0.0000	0.0190	0.0114	0.0075	0.0051	0.0040	0.0011	0.0139	0.0074	0.0065	0.0000	0.0000	0.0000	0.0000	0.0000	0.0000	0.0000	0.0000	0.0000	0.0000	0.0000	0.0000	0.0000	0.0000	0.0000	0.0000	0.0000	0.0000											
0	9	0.1665	6	2	1	1	0	0	0	0	0	Y	N	N	N	N	N	N	N	N	N	N	N	0.0000	0.0000	0.0000	0.0000	0.0000	0.0000	0.0000	0.0000	0.0000	0.0000	0.0000	0.0000	0.0000	0.0000	0.0000	0.0000	0.0000	0.0000	0.0000	0.0000	2.0000	1.9984	6.9850	4.0415	0.0000	0.0000	0.0000	0.0000	0.0000	0.0000	0.0000	0.0000	0.0000	0.0000	0.0000	0.0000	0.0000	0.0000	0.0000	0.0000	0.0000	0.0000	0.0532	0.0453	0.0079	0.0026	0.0025	0.0001	0.0506	0.0428	0.0077	0.1036	0.0640	0.0396	0.0175	0.0142	0.0033	0.0861	0.0499	0.0362	0.0000	0.0000	0.0000	0.0000	0.0000	0.0000	0.0000	0.0000	0.0000	0.0000	0.0000	0.0000	0.0000	0.0000	0.0000	0.0000	0.0000	0.0000											
0	10	0.1613	8	1	1	1	0	0	0	0	0	N	N	N	N	N	N	N	N	N	N	N	N	0.0000	0.0000	0.0000	0.0000	0.0000	0.0000	0.0000	0.0000	0.0000	0.0000	0.0000	0.0000	0.0000	0.0000	0.0000	0.0000	0.0000	0.0000	0.0000	0.0000	2.0000	0.0000	6.9850	2.0012	0.0000	0.0000	0.0000	0.0000	0.0000	0.0000	0.0000	0.0000	0.0000	0.0000	0.0000	0.0000	0.0000	0.0000	0.0000	0.0000	0.0000	0.0000	0.0000	0.0000	0.0000	0.0000	0.0000	0.0000	0.0000	0.0000	0.0000	0.0365	0.0215	0.0150	0.0018	0.0015	0.0003	0.0347	0.0200	0.0147	0.0000	0.0000	0.0000	0.0000	0.0000	0.0000	0.0000	0.0000	0.0000	0.0000	0.0000	0.0000	0.0000	0.0000	0.0000	0.0000	0.0000	0.0000											
0	11	0.0682	4	1	1	1	0	0	0	0	0	N	N	N	N	N	N	N	N	N	N	N	N	118.0733	79.1228	2.6065	2.6478	inf	inf	0.1309	0.1538	0.0000	0.0785	0.0829	0.0000	0.1321	0.1556	0.0000	0.0011	0.0019	0.0000	0.0301	0.0313	0.0000	0.0000	0.0000	0.0000	0.0000	0.0000	-0.0079	-0.0001	2.0000	5.0149	6.9850	7.0912	0.0172	0.0172	0.0000	0.0002	0.0002	0.0000	0.0169	0.0169	0.0000	0.0002	0.0002	0.0000	0.0002	0.0002	0.0000	0.0000	0.0000	0.0000	0.1313	0.1117	0.0195	0.0029	0.0028	0.0002	0.1283	0.1090	0.0194	0.2159	0.1231	0.0927	0.0079	0.0076	0.0003	0.2079	0.1155	0.0924	118.0733	79.1228	0.0000	2.6065	2.6478	0.0000	inf	inf	0.0000	0.0011	0.0019	0.0000	0.0301	0.0313	0.0000	0.0000	0.0000	0.0000			
0	12	0.1368	4	2	2	0	0	0	0	0	0	Y	Y	N	N	N	N	N	N	N	N	N	N	0.0000	0.0000	0.0000	0.0000	0.0000	0.0000	0.0000	0.0000	0.0000	0.0000	0.0000	0.0000	0.0000	0.0000	0.0000	0.0000	0.0000	0.0000	0.0000	0.0000	2.0000	3.0000	6.9850	5.0000	0.0000	0.0000	0.0000	0.0000	0.0000	0.0000	0.0000	0.0000	0.0000	0.0000	0.0000	0.0000	0.0000	0.0000	0.0000	0.0000	0.0000	0.0000	0.0789	0.0673	0.0117	0.0038	0.0036	0.0002	0.0751	0.0636	0.0115	0.1339	0.0800	0.0539	0.0129	0.0099	0.0030	0.1209	0.0700	0.0509	0.0000	0.0000	0.0000	0.0000	0.0000	0.0000	0.0000	0.0000	0.0000	0.0000	0.0000	0.0000	0.0000	0.0000	0.0000	0.0000	0.0000	0.0000											
0	13	0.1865	5	1	1	1	1	0	0	0	0	N	N	N	N	N	N	N	N	N	N	N	N	0.0000	0.0000	0.0000	0.0000	0.0000	0.0000	0.0000	0.0000	0.0000	0.0000	0.0000	0.0000	0.0000	0.0000	0.0000	0.0000	0.0000	0.0000	0.0000	0.0000	2.0000	0.0000	6.9850	0.0000	0.0000	0.0000	0.0000	0.0000	0.0000	0.0000	0.0000	0.0000	0.0000	0.0000	0.0000	0.0000	0.0000	0.0000	0.0000	0.0000	0.0000	0.0000	0.0000	0.0000	0.0000	0.0000	0.0000	0.0000	0.0000	0.0000	0.0000	0.0000	0.0000	0.0000	0.0000	0.0000	0.0000	0.0000	0.0000	0.0000	0.0000	0.0000	0.0000	0.0000	0.0000	0.0000	0.0000	0.0000	0.0000	0.0000	0.0000	0.0000	0.0000	0.0000	0.0000	0.0000	0.0000	0.0000											
0	14	0.1368	4	1	2	0	0	0	0	0	0	N	Y	N	N	N	N	N	N	N	N	N	N	0.0000	0.0000	0.0000	0.0000	0.0000	0.0000	0.0000	0.0000	0.0000	0.0000	0.0000	0.0000	0.0000	0.0000	0.0000	0.0000	0.0000	0.0000	0.0000	0.0000	2.0000	2.0000	6.9850	8.0000	0.0000	0.0000	0.0000	0.0000	0.0000	0.0000	0.0000	0.0000	0.0000	0.0000	0.0000	0.0000	0.0000	0.0000	0.0000	0.0000	0.0000	0.0000	0.0531	0.0452	0.0079	0.0026	0.0024	0.0001	0.0505	0.0428	0.0077	0.1649	0.0985	0.0664	0.0160	0.0123	0.0037	0.1489	0.0862	0.0627	0.0000	0.0000	0.0000	0.0000	0.0000	0.0000	0.0000	0.0000	0.0000	0.0000	0.0000	0.0000	0.0000	0.0000	0.0000	0.0000	0.0000	0.0000											
0	15	0.1608	5	1	1	0	1	0	0	0	0	N	N	N	N	N	N	N	N	N	N	N	N	0.0000	0.0000	0.0000	0.0000	0.0000	0.0000	0.0000	0.0000	0.0000	0.0000	0.0000	0.0000	0.0000	0.0000	0.0000	0.0000	0.0000	0.0000	0.0000	0.0000	2.0000	2.0066	6.9850	2.0000	0.0000	0.0000	0.0000	0.0000	0.0000	0.0000	0.0000	0.0000	0.0000	0.0000	0.0000	0.0000	0.0000	0.0000	0.0000	0.0000	0.0000	0.0000	0.0549	0.0467	0.0082	0.0020	0.0018	0.0001	0.0530	0.0449	0.0081	0.0725	0.0423	0.0303	0.0104	0.0081	0.0022	0.0622	0.0341	0.0280	0.0000	0.0000	0.0000	0.0000	0.0000	0.0000	0.0000	0.0000	0.0000	0.0000	0.0000	0.0000	0.0000	0.0000	0.0000	0.0000	0.0000	0.0000											
0	17	0.1557	6	1	2	0	0	0	0	0	0	N	Y	N	N	N	N	N	N	N	N	N	N	0.0000	0.0000	0.0000	0.0000	0.0000	0.0000	0.0000	0.0000	0.0000	0.0000	0.0000	0.0000	0.0000	0.0018	0.0028	0.0000	0.0081	0.0090	0.0000	0.0000	0.0000	0.0000	0.0000	0.0000	-0.0001	2.0000	0.9987	6.9850	5.5397	0.0000	0.0000	0.0000	0.0000	0.0000	0.0000	0.0000	0.0000	0.0000	0.0003	0.0003	0.0000	0.0003	0.0003	0.0000	0.0000	0.0000	0.0000	0.0270	0.0230	0.0040	0.0014	0.0014	0.0001	0.0256	0.0217	0.0039	0.1471	0.0978	0.0493	0.0334	0.0299	0.0035	0.1137	0.0679	0.0458	0.0000	0.0000	0.0000	0.0000	0.0000	0.0000	0.0000	0.0000	0.0000	0.0018	0.0028	0.0000	0.0081	0.0090	0.0000	0.0000	0.0000	0.0000						
0	18	0.1608	5	1	2	0	1	0	0	0	0	N	Y	N	N	N	N	N	N	N	N	N	N	0.0000	0.0000	0.0000	0.0000	0.0000	0.0000	0.0000	0.0000	0.0000	0.0000	0.0000	0.0000	0.0000	0.0000	0.0000	0.0000	0.0000	0.0000	0.0000	0.0000	2.0000	0.9934	6.9850	0.0000	0.0000	0.0000	0.0000	0.0000	0.0000	0.0000	0.0000	0.0000	0.0000	0.0000	0.0000	0.0000	0.0000	0.0000	0.0000	0.0000	0.0000	0.0000	0.0278	0.0236	0.0042	0.0011	0.0011	0.0001	0.0267	0.0226	0.0041	0.0184	0.0107	0.0077	0.0026	0.0021	0.0006	0.0158	0.0087	0.0071	0.0000	0.0000	0.0000	0.0000	0.0000	0.0000	0.0000	0.0000	0.0000	0.0000	0.0000	0.0000	0.0000	0.0000	0.0000	0.0000	0.0000	0.0000											
0	19	0.0950	3	2	2	0	0	0	0	0	0	Y	Y	N	N	N	N	N	N	N	N	N	N	0.0000	0.0000	0.0000	0.0000	0.0000	0.0000	0.0000	0.0000	0.0000	0.0000	0.0000	0.0000	0.0000	0.0000	0.0000	0.0000	0.0000	0.0000	0.0000	0.0000	2.0000	1.0015	6.9850	7.0016	0.0000	0.0000	0.0000	0.0000	0.0000	0.0000	0.0000	0.0000	0.0000	0.0000	0.0000	0.0000	0.0000	0.0000	0.0000	0.0000	0.0000	0.0000	0.0273	0.0232	0.0042	0.0003	0.0003	0.0000	0.0270	0.0229	0.0041	0.1393	0.0789	0.0604	0.0092	0.0070	0.0022	0.1301	0.0719	0.0582	0.0000	0.0000	0.0000	0.0000	0.0000	0.0000	0.0000	0.0000	0.0000	0.0000	0.0000	0.0000	0.0000	0.0000	0.0000	0.0000	0.0000	0.0000											
0	20	0.1579	4	1	2	0	0	0	0	0	0	N	Y	N	N	N	N	N	N	N	N	N	N	0.0000	0.0000	0.0000	0.0000	0.0000	0.0000	0.0000	0.0000	0.0000	0.0000	0.0000	0.0000	0.0000	0.0007	0.0012	0.0000	0.0034	0.0044	0.0000	0.0000	0.0000	0.0000	0.0000	0.0000	-0.0000	2.0000	1.0004	6.9850	2.0077	0.0000	0.0000	0.0000	0.0000	0.0000	0.0000	0.0000	0.0000	0.0000	0.0000	0.0000	0.0000	0.0000	0.0000	0.0000	0.0000	0.0000	0.0000	0.0272	0.0231	0.0041	0.0003	0.0003	0.0000	0.0268	0.0227	0.0041	0.0583	0.0342	0.0241	0.0118	0.0091	0.0027	0.0465	0.0251	0.0214	0.0000	0.0000	0.0000	0.0000	0.0000	0.0000	0.0000	0.0000	0.0000	0.0007	0.0012	0.0000	0.0034	0.0044	0.0000	0.0000	0.0000	0.0000						
0	21	0.0693	2	1	1	0	1	0	0	0	0	N	N	N	N	N	N	N	N	N	N	N	N	0.0000	0.0000	0.0000	0.0000	0.0000	0.0000	0.0000	0.0000	0.0000	0.0000	0.0000	0.0000	0.0000	0.0063	0.0113	0.0000	2.6516	3.0547	0.0000	0.0000	0.0000	0.0000	0.0000	0.0000	-0.0002	2.0000	2.0000	6.9850	1.0003	0.0000	0.0000	0.0000	0.0000	0.0000	0.0000	0.0000	0.0000	0.0000	0.0004	0.0004	0.0000	0.0004	0.0004	0.0000	0.0000	0.0000	0.0000	0.0536	0.0455	0.0081	0.0008	0.0008	0.0001	0.0527	0.0447	0.0081	0.0557	0.0311	0.0247	0.0009	0.0008	0.0001	0.0548	0.0302	0.0246	0.0000	0.0000	0.0000	0.0000	0.0000	0.0000	0.0000	0.0000	0.0000	0.0063	0.0113	0.0000	0.3877	0.4183	0.0000	0.0000	0.0000	0.0000						
0	22	0.1693	6	2	1	1	0	0	0	0	0	Y	N	N	N	N	N	N	N	N	N	N	N	0.0000	0.0000	0.0000	0.0000	0.0000	0.0000	0.0000	0.0000	0.0000	0.0000	0.0000	0.0000	0.0000	0.0293	0.0494	0.0000	0.5751	1.0496	0.0000	0.0000	0.0000	0.0000	0.0000	0.0000	-0.0014	2.0000	0.0000	6.9850	4.9921	0.0000	0.0000	0.0000	0.0000	0.0000	0.0000	0.0000	0.0000	0.0000	0.0026	0.0026	0.0000	0.0026	0.0026	0.0000	0.0000	0.0000	0.0000	0.0000	0.0000	0.0000	0.0000	0.0000	0.0000	0.0000	0.0000	0.0000	0.0901	0.0535	0.0366	0.0143	0.0115	0.0028	0.0758	0.0420	0.0338	0.0000	0.0000	0.0000	0.0000	0.0000	0.0000	0.0000	0.0000	0.0000	0.0293	0.0494	0.0000	0.1841	0.2289	0.0000	0.0000	0.0000	0.0000						
0	23	0.1531	6	1	2	0	0	0	0	0	0	N	Y	N	N	N	N	N	N	N	N	N	N	0.0000	0.0000	0.0000	0.0000	0.0000	0.0000	0.0000	0.0000	0.0000	0.0000	0.0000	0.0000	0.0000	0.0000	0.0000	0.0000	0.0000	0.0000	0.0000	0.0000	2.0000	1.9996	6.9850	0.0142	0.0000	0.0000	0.0000	0.0000	0.0000	0.0000	0.0000	0.0000	0.0000	0.0000	0.0000	0.0000	0.0000	0.0000	0.0000	0.0000	0.0000	0.0000	0.0538	0.0459	0.0079	0.0035	0.0033	0.0002	0.0503	0.0426	0.0077	0.0365	0.0215	0.0151	0.0014	0.0013	0.0002	0.0351	0.0202	0.0149	0.0000	0.0000	0.0000	0.0000	0.0000	0.0000	0.0000	0.0000	0.0000	0.0000	0.0000	0.0000	0.0000	0.0000	0.0000	0.0000	0.0000	0.0000											
0	24	0.0950	3	1	2	0	0	0	0	0	0	N	Y	N	N	N	N	N	N	N	N	N	N	0.0000	0.0000	0.0000	0.0000	0.0000	0.0000	0.0000	0.0000	0.0000	0.0000	0.0000	0.0000	0.0000	0.0000	0.0000	0.0000	0.0000	0.0000	0.0000	0.0000	2.0000	2.9988	6.9850	13.9984	0.0000	0.0000	0.0000	0.0000	0.0000	0.0000	0.0000	0.0000	0.0000	0.0000	0.0000	0.0000	0.0000	0.0000	0.0000	0.0000	0.0000	0.0000	0.0800	0.0679	0.0121	0.0009	0.0008	0.0001	0.0791	0.0671	0.0120	0.2760	0.1569	0.1191	0.0184	0.0140	0.0045	0.2575	0.1429	0.1146	0.0000	0.0000	0.0000	0.0000	0.0000	0.0000	0.0000	0.0000	0.0000	0.0000	0.0000	0.0000	0.0000	0.0000	0.0000	0.0000	0.0000	0.0000											
0	25	0.1368	4	2	2	0	0	0	0	0	0	Y	Y	N	N	N	N	N	N	N	N	N	N	0.0000	0.0000	0.0000	0.0000	0.0000	0.0000	0.0000	0.0000	0.0000	0.0000	0.0000	0.0000	0.0000	0.0000	0.0000	0.0000	0.0000	0.0000	0.0000	0.0000	2.0000	6.0000	6.9850	4.0000	0.0000	0.0000	0.0000	0.0000	0.0000	0.0000	0.0000	0.0000	0.0000	0.0000	0.0000	0.0000	0.0000	0.0000	0.0000	0.0000	0.0000	0.0000	0.1535	0.1310	0.0225	0.0074	0.0070	0.0004	0.1461	0.1240	0.0221	0.1649	0.0985	0.0664	0.0160	0.0123	0.0037	0.1489	0.0862	0.0627	0.0000	0.0000	0.0000	0.0000	0.0000	0.0000	0.0000	0.0000	0.0000	0.0000	0.0000	0.0000	0.0000	0.0000	0.0000	0.0000	0.0000	0.0000											
0	26	0.1572	7	1	2	0	0	0	0	0	0	N	Y	N	N	N	N	N	N	N	N	N	N	0.0000	0.0000	0.0000	0.0000	0.0000	0.0000	0.0000	0.0000	0.0000	0.0000	0.0000	0.0000	0.0000	0.0000	0.0000	0.0000	0.0000	0.0000	0.0000	0.0000	2.0000	0.0000	6.9850	2.0002	0.0000	0.0000	0.0000	0.0000	0.0000	0.0000	0.0000	0.0000	0.0000	0.0000	0.0000	0.0000	0.0000	0.0000	0.0000	0.0000	0.0000	0.0000	0.0000	0.0000	0.0000	0.0000	0.0000	0.0000	0.0000	0.0000	0.0000	0.0363	0.0213	0.0150	0.0015	0.0013	0.0002	0.0349	0.0201	0.0148	0.0000	0.0000	0.0000	0.0000	0.0000	0.0000	0.0000	0.0000	0.0000	0.0000	0.0000	0.0000	0.0000	0.0000	0.0000	0.0000	0.0000	0.0000											
0	28	0.1368	4	1	2	0	0	0	0	0	0	N	Y	N	N	N	N	N	N	N	N	N	N	0.0000	0.0000	0.0000	0.0000	0.0000	0.0000	0.0000	0.0000	0.0000	0.0000	0.0000	0.0000	0.0000	0.0000	0.0000	0.0000	0.0000	0.0000	0.0000	0.0000	2.0000	5.0000	6.9850	4.0000	0.0000	0.0000	0.0000	0.0000	0.0000	0.0000	0.0000	0.0000	0.0000	0.0000	0.0000	0.0000	0.0000	0.0000	0.0000	0.0000	0.0000	0.0000	0.1291	0.1102	0.0189	0.0062	0.0059	0.0003	0.1229	0.1042	0.0186	0.1495	0.0893	0.0602	0.0145	0.0111	0.0034	0.1350	0.0782	0.0568	0.0000	0.0000	0.0000	0.0000	0.0000	0.0000	0.0000	0.0000	0.0000	0.0000	0.0000	0.0000	0.0000	0.0000	0.0000	0.0000	0.0000	0.0000											
0	29	0.1368	4	1	2	0	0	0	0	0	0	N	Y	N	N	N	N	N	N	N	N	N	N	0.0000	0.0000	0.0000	0.0000	0.0000	0.0000	0.0000	0.0000	0.0000	0.0000	0.0000	0.0000	0.0000	0.0000	0.0000	0.0000	0.0000	0.0000	0.0000	0.0000	2.0000	3.0000	6.9850	6.0000	0.0000	0.0000	0.0000	0.0000	0.0000	0.0000	0.0000	0.0000	0.0000	0.0000	0.0000	0.0000	0.0000	0.0000	0.0000	0.0000	0.0000	0.0000	0.0789	0.0673	0.0117	0.0038	0.0036	0.0002	0.0751	0.0636	0.0115	0.1495	0.0893	0.0602	0.0145	0.0111	0.0034	0.1350	0.0782	0.0568	0.0000	0.0000	0.0000	0.0000	0.0000	0.0000	0.0000	0.0000	0.0000	0.0000	0.0000	0.0000	0.0000	0.0000	0.0000	0.0000	0.0000	0.0000											
0	30	0.0728	3	1	2	1	1	0	0	0	0	N	Y	N	N	N	N	N	N	N	N	N	N	0.0000	0.0000	0.0000	0.0000	0.0000	0.0000	0.0000	0.0000	0.0000	0.0000	0.0000	0.0000	0.0000	0.0000	0.0000	0.0000	0.0000	0.0000	0.0000	0.0000	2.0000	0.0000	6.9850	3.0000	0.0000	0.0000	0.0000	0.0000	0.0000	0.0000	0.0000	0.0000	0.0000	0.0000	0.0000	0.0000	0.0000	0.0000	0.0000	0.0000	0.0000	0.0000	0.0000	0.0000	0.0000	0.0000	0.0000	0.0000	0.0000	0.0000	0.0000	0.0558	0.0316	0.0242	0.0092	0.0067	0.0025	0.0466	0.0249	0.0217	0.0000	0.0000	0.0000	0.0000	0.0000	0.0000	0.0000	0.0000	0.0000	0.0000	0.0000	0.0000	0.0000	0.0000	0.0000	0.0000	0.0000	0.0000											
0	31	0.0559	2	1	1	0	1	0	0	0	0	N	N	N	N	N	N	N	N	N	N	N	N	0.0000	0.0000	0.0000	0.0000	0.0000	0.0000	0.0000	0.0000	0.0000	0.0000	0.0000	0.0000	0.0000	0.0000	0.0000	0.0000	0.0000	11.2075	0.0076	64.8110	0.0604	0.0321	0.1901	13.3861	0.0000	65.9818	2431.9342	0.0000	0.4495	2.0000	0.9783	6.9850	3.0423	0.0000	0.0000	0.0000	0.0000	0.0000	0.0000	0.0000	0.0000	0.0000	0.9779	0.0004	0.9775	0.0009	0.0004	0.0005	0.9770	0.0000	0.9770	0.0279	0.0237	0.0042	0.0008	0.0008	0.0000	0.0272	0.0229	0.0042	0.0883	0.0526	0.0357	0.0153	0.0125	0.0027	0.0730	0.0400	0.0329	0.0000	0.0000	0.0000	0.0000	0.0000	0.0000	0.0000	0.0000	0.0000	11.0807	0.0076	27.3927	0.0604	0.0321	0.1901	13.3861	0.0000	29.6512		
0	32	0.0950	3	1	2	0	0	0	0	0	0	N	Y	N	N	N	N	N	N	N	N	N	N	0.0000	0.0000	0.0000	0.0000	0.0000	0.0000	0.0000	0.0000	0.0000	0.0000	0.0000	0.0000	0.0000	3.8204	0.0000	13.5362	0.0000	0.0000	0.0000	4.0936	0.0000	12.5086	inf	0.0000	0.4601	2.0000	6.9988	6.9850	9.0016	0.0000	0.0000	0.0000	0.0000	0.0000	0.0000	0.0000	0.0000	0.0000	1.0000	0.0000	1.0000	0.0000	0.0000	0.0000	1.0000	0.0000	1.0000	0.1795	0.1528	0.0267	0.0018	0.0017	0.0001	0.1777	0.1511	0.0266	0.2617	0.1487	0.1130	0.0175	0.0132	0.0042	0.2443	0.1355	0.1088	0.0000	0.0000	0.0000	0.0000	0.0000	0.0000	0.0000	0.0000	0.0000	3.8204	0.0000	8.8480	0.0000	0.0000	0.0000	4.0936	0.0000	9.1928						
0	33	0.1958	8	2	2	0	0	0	0	0	0	Y	Y	N	N	N	N	N	N	N	N	N	N	0.0000	0.0000	0.0000	0.0000	0.0000	0.0000	0.0000	0.0000	0.0000	0.0000	0.0000	0.0000	0.0000	0.0000	0.0000	0.0000	0.0000	0.0000	0.0000	0.0000	2.0000	0.0000	6.9850	0.0000	0.0000	0.0000	0.0000	0.0000	0.0000	0.0000	0.0000	0.0000	0.0000	0.0000	0.0000	0.0000	0.0000	0.0000	0.0000	0.0000	0.0000	0.0000	0.0000	0.0000	0.0000	0.0000	0.0000	0.0000	0.0000	0.0000	0.0000	0.0000	0.0000	0.0000	0.0000	0.0000	0.0000	0.0000	0.0000	0.0000	0.0000	0.0000	0.0000	0.0000	0.0000	0.0000	0.0000	0.0000	0.0000	0.0000	0.0000	0.0000	0.0000	0.0000	0.0000	0.0000	0.0000	0.0000											
0	35	0.0950	3	2	2	0	0	0	0	0	0	Y	Y	N	N	N	N	N	N	N	N	N	N	0.0000	0.0000	0.0000	0.0000	0.0000	0.0000	0.0000	0.0000	0.0000	0.0000	0.0000	0.0000	0.0000	0.0000	0.0000	6.4297	5.7448	11.2305	0.0000	0.0000	0.0000	6.7544	6.0783	10.8371	1.0000	0.0000	-0.0799	2.0000	1.9985	6.9850	17.9985	0.0000	0.0000	0.0000	0.0000	0.0000	0.0000	0.0000	0.0000	0.0000	2.0000	1.0000	1.0000	0.0000	0.0000	0.0000	2.0000	1.0000	1.0000	0.0539	0.0457	0.0082	0.0006	0.0006	0.0000	0.0533	0.0451	0.0081	0.3174	0.1806	0.1368	0.0213	0.0161	0.0052	0.2961	0.1645	0.1316	0.0000	0.0000	0.0000	0.0000	0.0000	0.0000	0.0000	0.0000	0.0000	6.3012	5.5367	7.3107	0.0000	0.0000	0.0000	6.7544	6.0783	7.5999				
0	36	0.1053	2	1	1	1	0	0	0	0	0	N	N	N	N	N	N	N	N	N	N	N	N	41713.0559	29599.6009	0.0000	0.0000	inf	inf	1.3671	1.5584	0.0000	0.0000	0.0000	0.0000	1.9059	2.2884	0.0000	0.0000	0.0001	0.0000	0.0002	0.0002	0.0000	0.0000	0.0000	0.0000	0.0000	0.0000	-0.0000	-0.0000	2.0000	0.0001	6.9850	0.9943	0.0000	0.0000	0.0000	0.0000	0.0000	0.0000	0.0000	0.0000	0.0000	0.0000	0.0000	0.0000	0.0000	0.0000	0.0000	0.0000	0.0000	0.0000	0.0000	0.0000	0.0000	0.0000	0.0000	0.0000	0.0000	0.0000	0.0000	0.0227	0.0141	0.0086	0.0038	0.0034	0.0004	0.0189	0.0107	0.0081	41713.0559	29599.6009	0.0000	0.0000	0.0000	0.0000	inf	inf	0.0000	0.0000	0.0001	0.0000	0.0002	0.0002	0.0000	0.0000	0.0000	0.0000			
0	37	0.0815	2	1	2	0	0	0	0	0	0	N	Y	N	N	N	N	N	N	N	N	N	N	0.0000	0.0000	0.0000	0.0000	0.0000	0.0000	0.0000	0.0000	0.0000	0.0000	0.0000	0.0000	0.0000	0.0000	0.0000	0.0000	0.0000	0.0000	0.0000	0.0000	2.0000	2.0000	6.9850	2.0000	0.0000	0.0000	0.0000	0.0000	0.0000	0.0000	0.0000	0.0000	0.0000	0.0000	0.0000	0.0000	0.0000	0.0000	0.0000	0.0000	0.0000	0.0000	0.0537	0.0456	0.0081	0.0011	0.0010	0.0001	0.0527	0.0446	0.0080	0.0759	0.0432	0.0326	0.0088	0.0069	0.0018	0.0671	0.0363	0.0308	0.0000	0.0000	0.0000	0.0000	0.0000	0.0000	0.0000	0.0000	0.0000	0.0000	0.0000	0.0000	0.0000	0.0000	0.0000	0.0000	0.0000	0.0000											
0	38	0.1536	5	2	1	1	0	0	0	0	0	Y	N	N	N	N	N	N	N	N	N	N	N	0.0000	0.0000	0.0000	0.0000	0.0000	0.0000	0.0000	0.0000	0.0000	0.0000	0.0000	0.0000	0.0000	0.0000	0.0000	0.0000	0.0000	0.0000	0.0000	0.0000	2.0000	2.0000	6.9850	5.0000	0.0000	0.0000	0.0000	0.0000	0.0000	0.0000	0.0000	0.0000	0.0000	0.0000	0.0000	0.0000	0.0000	0.0000	0.0000	0.0000	0.0000	0.0000	0.0530	0.0452	0.0078	0.0028	0.0027	0.0001	0.0502	0.0425	0.0077	0.1185	0.0714	0.0471	0.0133	0.0105	0.0028	0.1052	0.0609	0.0443	0.0000	0.0000	0.0000	0.0000	0.0000	0.0000	0.0000	0.0000	0.0000	0.0000	0.0000	0.0000	0.0000	0.0000	0.0000	0.0000	0.0000	0.0000											
0	39	0.0559	2	1	2	0	0	0	0	0	0	N	Y	N	N	N	N	N	N	N	N	N	N	0.0000	0.0000	0.0000	0.0000	0.0000	0.0000	0.0000	0.0000	0.0000	0.0000	0.0000	0.0000	0.0000	0.0000	0.0000	0.0000	0.2335	0.6012	0.0000	16.2502	18.4192	0.0000	0.0000	0.0000	0.0000	0.0000	0.0000	-0.0127	2.0000	0.0217	6.9850	6.0735	0.0000	0.0000	0.0000	0.0000	0.0000	0.0000	0.0000	0.0000	0.0000	0.0234	0.0234	0.0000	0.0234	0.0234	0.0000	0.0000	0.0000	0.0000	0.0021	0.0018	0.0003	0.0008	0.0008	0.0000	0.0014	0.0011	0.0003	0.1253	0.0732	0.0520	0.0192	0.0153	0.0039	0.1061	0.0579	0.0482	0.0000	0.0000	0.0000	0.0000	0.0000	0.0000	0.0000	0.0000	0.0000	0.1872	0.3201	0.0000	1.2222	1.5300	0.0000	0.0000	0.0000	0.0000			
0	42	0.1536	5	2	1	1	0	0	0	0	0	Y	N	N	N	N	N	N	N	N	N	N	N	0.0000	0.0000	0.0000	0.0000	0.0000	0.0000	0.0000	0.0000	0.0000	0.0000	0.0000	0.0000	0.0000	0.0000	0.0000	0.0000	0.0000	0.0000	0.0000	0.0000	2.0000	0.0000	6.9850	0.0000	0.0000	0.0000	0.0000	0.0000	0.0000	0.0000	0.0000	0.0000	0.0000	0.0000	0.0000	0.0000	0.0000	0.0000	0.0000	0.0000	0.0000	0.0000	0.0000	0.0000	0.0000	0.0000	0.0000	0.0000	0.0000	0.0000	0.0000	0.0000	0.0000	0.0000	0.0000	0.0000	0.0000	0.0000	0.0000	0.0000	0.0000	0.0000	0.0000	0.0000	0.0000	0.0000	0.0000	0.0000	0.0000	0.0000	0.0000	0.0000	0.0000	0.0000	0.0000	0.0000	0.0000	0.0000											
0	43	0.1368	4	2	1	1	0	0	0	0	0	Y	N	N	N	N	N	N	N	N	N	N	N	0.0000	0.0000	0.0000	0.0000	0.0000	0.0000	0.0000	0.0000	0.0000	0.0000	0.0000	0.0000	0.0000	0.0000	0.0000	0.0000	0.0000	0.0000	0.0000	0.0000	2.0000	1.0000	6.9850	3.0000	0.0000	0.0000	0.0000	0.0000	0.0000	0.0000	0.0000	0.0000	0.0000	0.0000	0.0000	0.0000	0.0000	0.0000	0.0000	0.0000	0.0000	0.0000	0.0268	0.0228	0.0040	0.0013	0.0012	0.0001	0.0255	0.0216	0.0039	0.0690	0.0412	0.0278	0.0066	0.0051	0.0015	0.0623	0.0361	0.0262	0.0000	0.0000	0.0000	0.0000	0.0000	0.0000	0.0000	0.0000	0.0000	0.0000	0.0000	0.0000	0.0000	0.0000	0.0000	0.0000	0.0000	0.0000											
0	44	0.1368	4	2	1	1	0	0	0	0	0	Y	N	N	N	N	N	N	N	N	N	N	N	0.0000	0.0000	0.0000	0.0000	0.0000	0.0000	0.0000	0.0000	0.0000	0.0000	0.0000	0.0000	0.0000	0.0000	0.0000	0.0000	0.0000	0.0000	0.0000	0.0000	2.0000	1.0000	6.9850	3.0000	0.0000	0.0000	0.0000	0.0000	0.0000	0.0000	0.0000	0.0000	0.0000	0.0000	0.0000	0.0000	0.0000	0.0000	0.0000	0.0000	0.0000	0.0000	0.0268	0.0228	0.0040	0.0013	0.0012	0.0001	0.0255	0.0216	0.0039	0.0690	0.0412	0.0278	0.0066	0.0051	0.0015	0.0623	0.0361	0.0262	0.0000	0.0000	0.0000	0.0000	0.0000	0.0000	0.0000	0.0000	0.0000	0.0000	0.0000	0.0000	0.0000	0.0000	0.0000	0.0000	0.0000	0.0000											
0	45	0.0815	2	1	1	1	0	0	0	0	0	N	N	N	N	N	N	N	N	N	N	N	N	0.0000	0.0000	0.0000	0.0000	0.0000	0.0000	0.0000	0.0000	0.0000	0.0000	0.0000	0.0000	0.0000	0.0000	0.0000	0.0000	0.0000	0.0000	0.0000	0.0000	2.0000	0.0000	6.9850	0.0000	0.0000	0.0000	0.0000	0.0000	0.0000	0.0000	0.0000	0.0000	0.0000	0.0000	0.0000	0.0000	0.0000	0.0000	0.0000	0.0000	0.0000	0.0000	0.0000	0.0000	0.0000	0.0000	0.0000	0.0000	0.0000	0.0000	0.0000	0.0000	0.0000	0.0000	0.0000	0.0000	0.0000	0.0000	0.0000	0.0000	0.0000	0.0000	0.0000	0.0000	0.0000	0.0000	0.0000	0.0000	0.0000	0.0000	0.0000	0.0000	0.0000	0.0000	0.0000	0.0000	0.0000	0.0000											
0	47	0.1095	3	1	2	0	0	0	0	0	0	N	Y	N	N	N	N	N	N	N	N	N	N	0.0000	0.0000	0.0000	0.0000	0.0000	0.0000	0.0000	0.0000	0.0000	0.0000	0.0000	0.0000	0.0000	0.0000	0.0000	0.0000	0.0000	0.0000	0.0000	0.0000	2.0000	0.0000	6.9850	0.0000	0.0000	0.0000	0.0000	0.0000	0.0000	0.0000	0.0000	0.0000	0.0000	0.0000	0.0000	0.0000	0.0000	0.0000	0.0000	0.0000	0.0000	0.0000	0.0000	0.0000	0.0000	0.0000	0.0000	0.0000	0.0000	0.0000	0.0000	0.0000	0.0000	0.0000	0.0000	0.0000	0.0000	0.0000	0.0000	0.0000	0.0000	0.0000	0.0000	0.0000	0.0000	0.0000	0.0000	0.0000	0.0000	0.0000	0.0000	0.0000	0.0000	0.0000	0.0000	0.0000	0.0000	0.0000											
0	48	0.1693	6	2	2	1	0	0	0	0	0	Y	Y	N	N	N	N	N	N	N	N	N	N	0.0000	0.0000	0.0000	0.0000	0.0000	0.0000	0.0000	0.0000	0.0000	0.0000	0.0000	0.0000	0.0000	0.0000	0.0000	26.0493	0.0000	133.8089	0.0015	0.0000	0.0084	31.3329	0.0000	136.5720	inf	0.0000	0.4588	2.0000	0.0000	6.9850	2.0152	0.0000	0.0000	0.0000	0.0000	0.0000	0.0000	0.0000	0.0000	0.0000	0.9974	0.0000	0.9974	0.0000	0.0000	0.0000	0.9973	0.0000	0.9973	0.0000	0.0000	0.0000	0.0000	0.0000	0.0000	0.0000	0.0000	0.0000	0.0383	0.0230	0.0153	0.0065	0.0053	0.0012	0.0318	0.0177	0.0141	0.0000	0.0000	0.0000	0.0000	0.0000	0.0000	0.0000	0.0000	0.0000	26.0493	0.0000	65.0970	0.0015	0.0000	0.0084	31.3329	0.0000	70.5876				
0	49	0.1651	5	2	1	1	0	0	0	0	0	Y	N	N	N	N	N	N	N	N	N	N	N	0.0000	0.0000	0.0000	0.0000	0.0000	0.0000	0.0000	0.0000	0.0000	0.0000	0.0000	0.0000	0.0000	0.0000	0.0000	0.1329	0.0008	0.4750	0.0000	0.0000	0.0000	0.1594	0.0011	0.5067	263.0000	0.0000	0.0012	2.0000	0.0003	6.9850	1.0311	0.0000	0.0000	0.0000	0.0000	0.0000	0.0000	0.0000	0.0000	0.0000	0.0026	0.0000	0.0026	0.0000	0.0000	0.0000	0.0026	0.0000	0.0026	0.0000	0.0000	0.0000	0.0000	0.0000	0.0000	0.0000	0.0000	0.0000	0.0199	0.0120	0.0078	0.0033	0.0027	0.0006	0.0166	0.0093	0.0073	0.0000	0.0000	0.0000	0.0000	0.0000	0.0000	0.0000	0.0000	0.0000	0.1329	0.0008	0.3359	0.0000	0.0000	0.0000	0.1594	0.0011	0.3621				
0	50	0.1651	5	2	2	1	0	0	0	0	0	Y	Y	N	N	N	N	N	N	N	N	N	N	0.0000	0.0000	0.0000	0.0000	0.0000	0.0000	0.0000	0.0000	0.0000	0.0000	0.0000	0.0000	0.0000	0.0000	0.0000	0.0000	0.0000	0.0000	0.0000	0.0000	2.0000	0.0003	6.9850	1.0126	0.0000	0.0000	0.0000	0.0000	0.0000	0.0000	0.0000	0.0000	0.0000	0.0000	0.0000	0.0000	0.0000	0.0000	0.0000	0.0000	0.0000	0.0000	0.0000	0.0000	0.0000	0.0000	0.0000	0.0000	0.0000	0.0000	0.0000	0.0195	0.0118	0.0077	0.0033	0.0027	0.0006	0.0163	0.0091	0.0071	0.0000	0.0000	0.0000	0.0000	0.0000	0.0000	0.0000	0.0000	0.0000	0.0000	0.0000	0.0000	0.0000	0.0000	0.0000	0.0000	0.0000	0.0000											
0	51	0.1943	4	2	2	0	0	0	0	0	0	Y	Y	N	N	N	N	N	N	N	N	N	N	0.0000	0.0000	0.0000	0.0000	0.0000	0.0000	0.0000	0.0000	0.0000	0.0000	0.0000	0.0000	0.0000	0.0000	0.0000	0.0000	0.0000	0.0000	0.0000	0.0000	2.0000	0.0000	6.9850	1.0000	0.0000	0.0000	0.0000	0.0000	0.0000	0.0000	0.0000	0.0000	0.0000	0.0000	0.0000	0.0000	0.0000	0.0000	0.0000	0.0000	0.0000	0.0000	0.0000	0.0000	0.0000	0.0000	0.0000	0.0000	0.0000	0.0000	0.0000	0.0181	0.0109	0.0072	0.0040	0.0031	0.0008	0.0141	0.0078	0.0064	0.0000	0.0000	0.0000	0.0000	0.0000	0.0000	0.0000	0.0000	0.0000	0.0000	0.0000	0.0000	0.0000	0.0000	0.0000	0.0000	0.0000	0.0000											
0	52	0.0775	3	1	2	0	1	0	0	0	0	N	Y	N	N	N	N	N	N	N	N	N	N	0.0000	0.0000	0.0000	0.0000	0.0000	0.0000	0.0000	0.0000	0.0000	0.0000	0.0000	0.0000	0.0000	0.0000	0.0000	0.4526	1.0430	0.0000	0.0067	0.0069	0.0000	0.3394	0.5695	0.0000	0.0000	0.0000	-0.0080	2.0000	0.9995	6.9850	1.0399	0.0000	0.0000	0.0000	0.0000	0.0000	0.0000	0.0000	0.0000	0.0000	0.0148	0.0148	0.0000	0.0001	0.0001	0.0000	0.0147	0.0147	0.0000	0.0271	0.0229	0.0041	0.0004	0.0004	0.0000	0.0266	0.0225	0.0041	0.0524	0.0345	0.0178	0.0090	0.0087	0.0003	0.0434	0.0259	0.0175	0.0000	0.0000	0.0000	0.0000	0.0000	0.0000	0.0000	0.0000	0.0000	0.2824	0.4281	0.0000	0.0067	0.0069	0.0000	0.3394	0.5695	0.0000				
0	53	0.0775	3	1	1	0	1	0	0	0	0	N	N	N	N	N	N	N	N	N	N	N	N	0.0000	0.0000	0.0000	0.0000	0.0000	0.0000	0.0000	0.0000	0.0000	0.0000	0.0000	0.0000	0.0000	0.0000	0.0000	0.2017	0.4905	0.0000	0.0028	0.0030	0.0000	0.1902	0.3306	0.0000	0.0000	0.0000	-0.0080	2.0000	3.0005	6.9850	1.0125	0.0000	0.0000	0.0000	0.0000	0.0000	0.0000	0.0000	0.0000	0.0000	0.0148	0.0148	0.0000	0.0000	0.0000	0.0000	0.0147	0.0147	0.0000	0.0796	0.0676	0.0120	0.0013	0.0012	0.0001	0.0784	0.0664	0.0119	0.0882	0.0547	0.0334	0.0107	0.0102	0.0005	0.0775	0.0446	0.0329	0.0000	0.0000	0.0000	0.0000	0.0000	0.0000	0.0000	0.0000	0.0000	0.1674	0.2698	0.0000	0.0028	0.0030	0.0000	0.1902	0.3306	0.0000				
0	54	0.0693	2	1	1	0	1	0	0	0	0	N	N	N	N	N	N	N	N	N	N	N	N	0.0000	0.0000	0.0000	0.0000	0.0000	0.0000	0.0000	0.0000	0.0000	0.0000	0.0000	0.0000	0.0000	0.0000	0.0000	0.0000	0.0000	0.0000	26.6488	47.8199	0.0006	0.0086	0.0092	0.0001	27.0946	49.1676	0.0006	0.0000	0.0000	-0.5318	2.0000	0.0013	6.9850	1.9704	0.0000	0.0000	0.0000	0.0000	0.0000	0.0000	0.0000	0.0000	0.0000	0.9850	0.9850	0.0000	0.0000	0.0000	0.0000	0.9850	0.9849	0.0000	0.0000	0.0000	0.0000	0.0000	0.0000	0.0000	0.0000	0.0000	0.0000	0.0370	0.0206	0.0164	0.0006	0.0006	0.0000	0.0364	0.0200	0.0163	0.0000	0.0000	0.0000	0.0000	0.0000	0.0000	0.0000	0.0000	0.0000	26.6488	47.8199	0.0006	0.0086	0.0092	0.0001	27.0946	49.1676	0.0006	
0	56	0.1557	6	1	2	1	0	0	0	0	0	N	Y	N	N	N	N	N	N	N	N	N	N	0.0000	0.0000	0.0000	0.0000	0.0000	0.0000	0.0000	0.0000	0.0000	0.0000	0.0000	0.0000	0.0000	0.0016	0.0025	0.0000	0.0076	0.0086	0.0000	0.0000	0.0000	0.0000	0.0000	0.0000	-0.0001	2.0000	2.0013	6.9850	5.6727	0.0000	0.0000	0.0000	0.0000	0.0000	0.0000	0.0000	0.0000	0.0000	0.0003	0.0003	0.0000	0.0003	0.0003	0.0000	0.0000	0.0000	0.0000	0.0534	0.0455	0.0079	0.0027	0.0026	0.0001	0.0507	0.0429	0.0078	0.1646	0.1082	0.0564	0.0356	0.0315	0.0041	0.1290	0.0767	0.0523	0.0000	0.0000	0.0000	0.0000	0.0000	0.0000	0.0000	0.0000	0.0000	0.0016	0.0025	0.0000	0.0076	0.0086	0.0000	0.0000	0.0000	0.0000						
0	57	0.1519	5	1	2	0	0	0	0	0	0	N	Y	N	N	N	N	N	N	N	N	N	N	0.0000	0.0000	0.0000	0.0000	0.0000	0.0000	0.0000	0.0000	0.0000	0.0000	0.0000	0.0000	0.0000	0.0000	0.0000	0.0359	0.0475	0.0000	0.1138	0.1170	0.0000	0.0069	0.0108	0.0000	0.0000	0.0000	-0.0012	2.0000	0.0033	6.9850	1.3874	0.0000	0.0000	0.0000	0.0000	0.0000	0.0000	0.0000	0.0000	0.0000	0.0021	0.0021	0.0000	0.0019	0.0019	0.0000	0.0003	0.0003	0.0000	0.0001	0.0001	0.0000	0.0000	0.0000	0.0000	0.0001	0.0001	0.0000	0.0595	0.0451	0.0145	0.0208	0.0200	0.0008	0.0388	0.0250	0.0137	0.0000	0.0000	0.0000	0.0000	0.0000	0.0000	0.0000	0.0000	0.0000	0.0359	0.0475	0.0000	0.0899	0.0934	0.0000	0.0069	0.0108	0.0000				
0	58	0.1368	4	2	1	1	0	0	0	0	0	Y	N	N	N	N	N	N	N	N	N	N	N	0.0000	0.0000	0.0000	0.0000	0.0000	0.0000	0.0000	0.0000	0.0000	0.0000	0.0000	0.0000	0.0000	0.0000	0.0000	0.0000	0.0000	0.0000	0.0000	0.0000	2.0000	0.0000	6.9850	2.0000	0.0000	0.0000	0.0000	0.0000	0.0000	0.0000	0.0000	0.0000	0.0000	0.0000	0.0000	0.0000	0.0000	0.0000	0.0000	0.0000	0.0000	0.0000	0.0000	0.0000	0.0000	0.0000	0.0000	0.0000	0.0000	0.0000	0.0000	0.0350	0.0209	0.0141	0.0033	0.0026	0.0008	0.0317	0.0183	0.0133	0.0000	0.0000	0.0000	0.0000	0.0000	0.0000	0.0000	0.0000	0.0000	0.0000	0.0000	0.0000	0.0000	0.0000	0.0000	0.0000	0.0000	0.0000											
0	59	0.1519	5	1	2	0	0	0	0	0	0	N	Y	N	N	N	N	N	N	N	N	N	N	0.0000	0.0000	0.0000	0.0000	0.0000	0.0000	0.0000	0.0000	0.0000	0.0000	0.0000	0.0000	0.0000	0.0000	0.0000	8.4622	12.9719	0.0000	0.0003	0.0004	0.0000	10.2403	16.9688	0.0000	0.0000	0.0000	-0.5389	2.0000	1.9997	6.9850	3.4660	0.0000	0.0000	0.0000	0.0000	0.0000	0.0000	0.0000	0.0000	0.0000	0.9981	0.9981	0.0000	0.0000	0.0000	0.0000	0.9981	0.9981	0.0000	0.0531	0.0453	0.0079	0.0026	0.0025	0.0001	0.0505	0.0428	0.0077	0.1263	0.0847	0.0415	0.0288	0.0259	0.0029	0.0975	0.0588	0.0386	0.0000	0.0000	0.0000	0.0000	0.0000	0.0000	0.0000	0.0000	0.0000	7.9044	11.7798	0.0000	0.0003	0.0004	0.0000	10.2403	16.9688	0.0000				
0	60	0.1368	4	1	2	0	0	0	0	0	0	N	Y	N	N	N	N	N	N	N	N	N	N	0.0000	0.0000	0.0000	0.0000	0.0000	0.0000	0.0000	0.0000	0.0000	0.0000	0.0000	0.0000	0.0000	0.0000	0.0000	0.0300	0.0500	0.0004	0.0000	0.0000	0.0000	0.0332	0.0570	0.0004	0.0054	0.0000	-0.0010	2.0000	0.0005	6.9850	3.6054	0.0000	0.0000	0.0000	0.0000	0.0000	0.0000	0.0000	0.0000	0.0000	0.0019	0.0019	0.0000	0.0000	0.0000	0.0000	0.0019	0.0019	0.0000	0.0000	0.0000	0.0000	0.0000	0.0000	0.0000	0.0000	0.0000	0.0000	0.0623	0.0372	0.0251	0.0060	0.0046	0.0014	0.0564	0.0326	0.0237	0.0000	0.0000	0.0000	0.0000	0.0000	0.0000	0.0000	0.0000	0.0000	0.0300	0.0500	0.0004	0.0000	0.0000	0.0000	0.0332	0.0570	0.0004				
0	61	0.1095	3	1	1	1	0	0	0	0	0	N	N	N	N	N	N	N	N	N	N	N	N	0.0000	0.0000	0.0000	0.0000	0.0000	0.0000	0.0000	0.0000	0.0000	0.0000	0.0000	0.0000	0.0000	0.0000	0.0000	0.0000	0.0000	0.0000	0.0000	0.0000	2.0000	0.0000	6.9850	1.0000	0.0000	0.0000	0.0000	0.0000	0.0000	0.0000	0.0000	0.0000	0.0000	0.0000	0.0000	0.0000	0.0000	0.0000	0.0000	0.0000	0.0000	0.0000	0.0000	0.0000	0.0000	0.0000	0.0000	0.0000	0.0000	0.0000	0.0000	0.0180	0.0101	0.0078	0.0015	0.0011	0.0004	0.0165	0.0091	0.0074	0.0000	0.0000	0.0000	0.0000	0.0000	0.0000	0.0000	0.0000	0.0000	0.0000	0.0000	0.0000	0.0000	0.0000	0.0000	0.0000	0.0000	0.0000											
0	62	0.1053	2	1	1	0	0	0	0	0	0	N	N	N	N	N	N	N	N	N	N	N	N	42148.6344	29878.2855	0.0000	0.0000	inf	inf	1.3671	1.5584	0.0000	0.0000	0.0000	0.0000	1.9059	2.2884	0.0000	0.0000	0.0001	0.0000	0.0002	0.0002	0.0000	0.0000	0.0000	0.0000	0.0000	0.0000	-0.0000	-0.0000	2.0000	0.0001	6.9850	1.0076	0.0000	0.0000	0.0000	0.0000	0.0000	0.0000	0.0000	0.0000	0.0000	0.0000	0.0000	0.0000	0.0000	0.0000	0.0000	0.0000	0.0000	0.0000	0.0000	0.0000	0.0000	0.0000	0.0000	0.0000	0.0000	0.0000	0.0000	0.0229	0.0143	0.0087	0.0038	0.0034	0.0004	0.0191	0.0108	0.0082	42148.6344	29878.2855	0.0000	0.0000	0.0000	0.0000	inf	inf	0.0000	0.0000	0.0001	0.0000	0.0002	0.0002	0.0000	0.0000	0.0000	0.0000			
0	64	0.1368	4	2	2	0	0	0	0	0	0	Y	Y	N	N	N	N	N	N	N	N	N	N	0.0000	0.0000	0.0000	0.0000	0.0000	0.0000	0.0000	0.0000	0.0000	0.0000	0.0000	0.0000	0.0000	0.0000	0.0000	0.0000	0.0000	0.0000	0.0000	0.0000	2.0000	4.0000	6.9850	3.0000	0.0000	0.0000	0.0000	0.0000	0.0000	0.0000	0.0000	0.0000	0.0000	0.0000	0.0000	0.0000	0.0000	0.0000	0.0000	0.0000	0.0000	0.0000	0.1042	0.0889	0.0153	0.0050	0.0048	0.0003	0.0992	0.0841	0.0151	0.1180	0.0705	0.0475	0.0114	0.0087	0.0026	0.1066	0.0617	0.0449	0.0000	0.0000	0.0000	0.0000	0.0000	0.0000	0.0000	0.0000	0.0000	0.0000	0.0000	0.0000	0.0000	0.0000	0.0000	0.0000	0.0000	0.0000											
0	65	0.0950	3	1	1	0	0	0	0	0	0	N	N	N	N	N	N	N	N	N	N	N	N	1.8773	0.0000	5.8168	1.7724	0.0000	5.7738	18.5424	0.0000	122.3781	0.0000	0.0000	0.0000	18.7504	0.0000	123.0200	9.8772	8.7048	21.0388	0.0000	0.0000	0.0000	10.5792	9.5528	21.3065	inf	1.0000	0.5383	-0.0799	2.0000	2.0015	6.9850	10.0016	1.0000	0.0000	1.0000	0.0000	0.0000	0.0000	1.0000	0.0000	1.0000	2.0000	1.0000	1.0000	0.0000	0.0000	0.0000	2.0000	1.0000	1.0000	0.0539	0.0458	0.0082	0.0006	0.0006	0.0000	0.0533	0.0452	0.0081	0.2025	0.1149	0.0876	0.0134	0.0102	0.0032	0.1891	0.1047	0.0844	1.8773	0.0000	10.7212	0.0000	0.0000	0.0000	1.7724	0.0000	10.3791	9.8772	8.7048	11.4146	0.0000	0.0000	0.0000	10.5792	9.5528	11.8527			
0	67	0.2498	5	1	1	0	0	0	0	0	0	N	N	N	N	N	N	N	N	N	N	N	N	0.0003	0.0001	0.0001	0.0001	0.0001	0.0001	0.0000	0.0007	0.0007	0.0000	0.0000	0.0000	0.0000	0.2773	0.6209	0.0000	5.8511	6.7091	0.0000	0.0000	0.0000	0.0000	0.0000	0.0000	-0.0000	-0.0614	2.0000	4.8614	6.9850	14.2102	0.0000	0.0000	0.0000	0.0000	0.0000	0.0000	0.0000	0.0000	0.0000	0.1137	0.1137	0.0000	0.1137	0.1137	0.0000	0.0000	0.0000	0.0000	0.1421	0.1225	0.0196	0.0138	0.0133	0.0004	0.1283	0.1092	0.0191	0.5174	0.3545	0.1630	0.2016	0.1712	0.0304	0.3159	0.1833	0.1326	0.0003	0.0003	0.0000	0.0013	0.0011	0.0000	0.0000	0.0000	0.0000	0.2196	0.3206	0.0000	0.5638	0.6639	0.0000	0.0000	0.0000	0.0000					
0	68	0.1707	7	2	2	1	0	0	0	0	0	Y	Y	N	N	N	N	N	N	N	N	N	N	0.0000	0.0000	0.0000	0.0000	0.0000	0.0000	0.0000	0.0000	0.0000	0.0000	0.0000	0.0000	0.0000	0.0000	0.0000	0.0000	0.0000	0.0000	0.0000	0.0000	2.0000	0.0000	6.9850	0.0000	0.0000	0.0000	0.0000	0.0000	0.0000	0.0000	0.0000	0.0000	0.0000	0.0000	0.0000	0.0000	0.0000	0.0000	0.0000	0.0000	0.0000	0.0000	0.0000	0.0000	0.0000	0.0000	0.0000	0.0000	0.0000	0.0000	0.0000	0.0000	0.0000	0.0000	0.0000	0.0000	0.0000	0.0000	0.0000	0.0000	0.0000	0.0000	0.0000	0.0000	0.0000	0.0000	0.0000	0.0000	0.0000	0.0000	0.0000	0.0000	0.0000	0.0000	0.0000	0.0000	0.0000	0.0000											
0	69	0.1665	6	2	1	1	0	0	0	0	0	Y	N	N	N	N	N	N	N	N	N	N	N	0.0000	0.0000	0.0000	0.0000	0.0000	0.0000	0.0000	0.0000	0.0000	0.0000	0.0000	0.0000	0.0000	0.0000	0.0000	0.0000	0.0000	0.0000	0.0000	0.0000	2.0000	0.0016	6.9850	0.9826	0.0000	0.0000	0.0000	0.0000	0.0000	0.0000	0.0000	0.0000	0.0000	0.0000	0.0000	0.0000	0.0000	0.0000	0.0000	0.0000	0.0000	0.0000	0.0002	0.0001	0.0000	0.0001	0.0001	0.0000	0.0001	0.0001	0.0000	0.0190	0.0117	0.0073	0.0037	0.0031	0.0006	0.0153	0.0086	0.0067	0.0000	0.0000	0.0000	0.0000	0.0000	0.0000	0.0000	0.0000	0.0000	0.0000	0.0000	0.0000	0.0000	0.0000	0.0000	0.0000	0.0000	0.0000											
0	70	0.1538	5	2	1	1	0	0	0	0	0	Y	N	N	N	N	N	N	N	N	N	N	N	0.0000	0.0000	0.0000	0.0000	0.0000	0.0000	0.0000	0.0000	0.0000	0.0000	0.0000	0.0000	0.0000	0.0003	0.0005	0.0000	0.0019	0.0022	0.0000	0.0000	0.0000	0.0000	0.0000	0.0000	-0.0000	2.0000	0.0061	6.9850	3.0249	0.0000	0.0000	0.0000	0.0000	0.0000	0.0000	0.0000	0.0000	0.0000	0.0000	0.0000	0.0000	0.0000	0.0000	0.0000	0.0000	0.0000	0.0000	0.0004	0.0004	0.0000	0.0001	0.0001	0.0000	0.0003	0.0002	0.0000	0.0586	0.0362	0.0223	0.0104	0.0088	0.0016	0.0482	0.0274	0.0208	0.0000	0.0000	0.0000	0.0000	0.0000	0.0000	0.0000	0.0000	0.0000	0.0003	0.0005	0.0000	0.0019	0.0022	0.0000	0.0000	0.0000	0.0000						
0	71	0.1368	4	2	1	1	0	0	0	0	0	Y	N	N	N	N	N	N	N	N	N	N	N	0.0000	0.0000	0.0000	0.0000	0.0000	0.0000	0.0000	0.0000	0.0000	0.0000	0.0000	0.0000	0.0000	0.0003	0.0005	0.0000	0.0000	0.0000	0.0000	0.0003	0.0005	0.0000	0.0000	0.0000	-0.0000	2.0000	0.0044	6.9850	4.0281	0.0000	0.0000	0.0000	0.0000	0.0000	0.0000	0.0000	0.0000	0.0000	0.0000	0.0000	0.0000	0.0000	0.0000	0.0000	0.0000	0.0000	0.0000	0.0001	0.0001	0.0000	0.0000	0.0000	0.0000	0.0001	0.0001	0.0000	0.0695	0.0415	0.0280	0.0067	0.0051	0.0015	0.0628	0.0364	0.0265	0.0000	0.0000	0.0000	0.0000	0.0000	0.0000	0.0000	0.0000	0.0000	0.0003	0.0005	0.0000	0.0000	0.0000	0.0000	0.0003	0.0005	0.0000						
0	72	0.0950	3	1	2	0	0	0	0	0	0	N	Y	N	N	N	N	N	N	N	N	N	N	inf	inf	inf	inf	6.4371	0.0000	43.0975	0.0000	0.0000	0.0000	6.5038	0.0000	43.3258	0.0000	0.0000	0.0000	0.0000	0.0000	0.0000	0.0000	0.0000	0.0000	inf	0.5383	0.0000	2.0000	5.9987	6.9850	11.0016	1.0000	0.0000	1.0000	0.0000	0.0000	0.0000	1.0000	0.0000	1.0000	0.0000	0.0000	0.0000	0.0000	0.0000	0.0000	0.0000	0.0000	0.0000	0.1553	0.1321	0.0232	0.0016	0.0015	0.0001	0.1538	0.1307	0.0231	0.2760	0.1569	0.1191	0.0184	0.0140	0.0045	0.2576	0.1429	0.1146	inf	0.0000	inf	0.0000	0.0000	0.0000	inf	0.0000	inf	0.0000	0.0000	0.0000	0.0000	0.0000	0.0000	0.0000	0.0000	0.0000						
0	73	0.1368	4	2	1	1	0	0	0	0	0	Y	N	N	N	N	N	N	N	N	N	N	N	0.0000	0.0000	0.0000	0.0000	0.0000	0.0000	0.0000	0.0000	0.0000	0.0000	0.0000	0.0000	0.0000	0.0000	0.0000	0.0000	0.0000	0.0000	0.0000	0.0000	2.0000	2.0000	6.9850	5.0000	0.0000	0.0000	0.0000	0.0000	0.0000	0.0000	0.0000	0.0000	0.0000	0.0000	0.0000	0.0000	0.0000	0.0000	0.0000	0.0000	0.0000	0.0000	0.0531	0.0452	0.0079	0.0026	0.0024	0.0001	0.0505	0.0428	0.0077	0.1180	0.0705	0.0475	0.0114	0.0087	0.0026	0.1066	0.0617	0.0449	0.0000	0.0000	0.0000	0.0000	0.0000	0.0000	0.0000	0.0000	0.0000	0.0000	0.0000	0.0000	0.0000	0.0000	0.0000	0.0000	0.0000	0.0000											
0	74	0.1367	5	1	2	0	0	0	0	0	0	N	Y	N	N	N	N	N	N	N	N	N	N	1.0243	0.0000	3.8457	0.0000	0.0000	0.0000	1.0131	0.0000	4.4585	6.0944	0.0000	41.2780	0.0000	0.0000	0.0000	6.2783	0.0000	41.5499	5.9498	4.9136	10.7335	0.0155	0.0103	0.0778	6.1972	5.4856	9.3193	inf	0.9977	0.5382	-0.0809	2.0000	6.1274	6.9850	13.6208	0.9999	0.0000	0.9999	0.0000	0.0000	0.0000	0.9999	0.0000	0.9999	1.9972	0.9998	0.9975	0.0004	0.0002	0.0001	1.9969	0.9996	0.9973	0.1641	0.1398	0.0242	0.0048	0.0046	0.0002	0.1593	0.1352	0.0241	0.3453	0.2035	0.1418	0.0231	0.0213	0.0018	0.3222	0.1822	0.1400	1.0536	0.0000	5.8685	0.0000	0.0000	0.0000	1.0131	0.0000	5.8330	5.7844	4.9136	7.0338	0.0155	0.0103	0.0778	6.1972	5.4856	7.1233
0	75	0.1613	8	1	1	1	0	0	0	0	0	N	N	N	N	N	N	N	N	N	N	N	N	0.0000	0.0000	0.0000	0.0000	0.0000	0.0000	0.0000	0.0000	0.0000	0.0000	0.0000	0.0000	0.0000	0.0000	0.0000	0.0000	0.0000	0.0000	0.0000	0.0000	2.0000	0.0000	6.9850	1.0003	0.0000	0.0000	0.0000	0.0000	0.0000	0.0000	0.0000	0.0000	0.0000	0.0000	0.0000	0.0000	0.0000	0.0000	0.0000	0.0000	0.0000	0.0000	0.0000	0.0000	0.0000	0.0000	0.0000	0.0000	0.0000	0.0000	0.0000	0.0186	0.0110	0.0076	0.0010	0.0009	0.0001	0.0176	0.0101	0.0075	0.0000	0.0000	0.0000	0.0000	0.0000	0.0000	0.0000	0.0000	0.0000	0.0000	0.0000	0.0000	0.0000	0.0000	0.0000	0.0000	0.0000	0.0000											
0	76	0.1572	7	1	1	1	0	0	0	0	0	N	N	N	N	N	N	N	N	N	N	N	N	0.0000	0.0000	0.0000	0.0000	0.0000	0.0000	0.0000	0.0000	0.0000	0.0000	0.0000	0.0000	0.0000	0.0000	0.0000	0.0000	0.0000	0.0000	0.0000	0.0000	2.0000	0.0000	6.9850	1.0076	0.0000	0.0000	0.0000	0.0000	0.0000	0.0000	0.0000	0.0000	0.0000	0.0000	0.0000	0.0000	0.0000	0.0000	0.0000	0.0000	0.0000	0.0000	0.0000	0.0000	0.0000	0.0000	0.0000	0.0000	0.0000	0.0000	0.0000	0.0185	0.0109	0.0076	0.0008	0.0007	0.0001	0.0177	0.0102	0.0075	0.0000	0.0000	0.0000	0.0000	0.0000	0.0000	0.0000	0.0000	0.0000	0.0000	0.0000	0.0000	0.0000	0.0000	0.0000	0.0000	0.0000	0.0000											
0	77	0.1531	6	1	1	0	0	0	0	0	0	N	N	N	N	N	N	N	N	N	N	N	N	0.0000	0.0000	0.0000	0.0000	0.0000	0.0000	0.0000	0.0000	0.0000	0.0000	0.0000	0.0000	0.0000	0.0000	0.0000	0.0000	0.0000	0.0000	0.0000	0.0000	2.0000	0.0026	6.9850	0.9924	0.0000	0.0000	0.0000	0.0000	0.0000	0.0000	0.0000	0.0000	0.0000	0.0000	0.0000	0.0000	0.0000	0.0000	0.0000	0.0000	0.0000	0.0000	0.0002	0.0002	0.0000	0.0001	0.0001	0.0000	0.0001	0.0001	0.0000	0.0183	0.0107	0.0075	0.0008	0.0007	0.0001	0.0175	0.0101	0.0074	0.0000	0.0000	0.0000	0.0000	0.0000	0.0000	0.0000	0.0000	0.0000	0.0000	0.0000	0.0000	0.0000	0.0000	0.0000	0.0000	0.0000	0.0000											
0	78	0.1367	5	1	1	0	0	0	0	0	0	N	N	N	N	N	N	N	N	N	N	N	N	0.0469	0.0349	0.0318	0.0347	0.0015	0.0017	0.0000	0.0297	0.0303	0.0000	0.0000	0.0000	0.0000	0.0309	0.0488	0.0000	0.9342	0.8732	0.0000	0.0000	0.0000	0.0000	0.0000	0.0000	-0.0001	-0.0018	2.0000	2.8733	6.9850	1.5522	0.0001	0.0001	0.0000	0.0001	0.0001	0.0000	0.0000	0.0000	0.0000	0.0033	0.0033	0.0000	0.0033	0.0033	0.0000	0.0000	0.0000	0.0000	0.0828	0.0705	0.0122	0.0040	0.0040	0.0001	0.0787	0.0666	0.0121	0.1068	0.0676	0.0391	0.0156	0.0152	0.0004	0.0912	0.0525	0.0387	0.0469	0.0349	0.0000	0.1406	0.1393	0.0000	0.0000	0.0000	0.0000	0.0309	0.0488	0.0000	0.2115	0.2177	0.0000	0.0000	0.0000	0.0000					
0	79	0.1246	4	1	1	0	0	0	0	0	0	N	N	N	N	N	N	N	N	N	N	N	N	0.3070	0.0000	1.4246	0.0000	0.0000	0.0000	0.4526	0.0000	1.3530	0.0127	0.0000	0.0943	0.0000	0.0000	0.0000	0.0159	0.0000	0.0947	0.0413	0.0306	0.0662	0.0575	0.0596	0.0002	0.0352	0.0127	0.0700	inf	0.9368	0.0001	-0.0003	2.0000	0.2102	6.9850	3.4985	0.0001	0.0000	0.0001	0.0000	0.0000	0.0000	0.0001	0.0000	0.0001	0.0053	0.0028	0.0026	0.0021	0.0021	0.0000	0.0033	0.0007	0.0026	0.0095	0.0082	0.0013	0.0019	0.0019	0.0000	0.0075	0.0063	0.0013	0.1294	0.0903	0.0391	0.0357	0.0344	0.0013	0.0937	0.0559	0.0378	0.3070	0.0000	1.4246	0.0000	0.0000	0.0000	0.4526	0.0000	1.3843	0.0413	0.0306	0.0662	0.0575	0.0596	0.0002	0.0352	0.0127	0.0684
0	80	0.0682	4	1	2	0	0	0	0	0	0	N	Y	N	N	N	N	N	N	N	N	N	N	198.6324	134.0070	4.7055	4.7825	inf	inf	0.3138	0.3691	0.0000	0.1658	0.1740	0.0000	0.3176	0.3748	0.0000	0.0016	0.0028	0.0000	0.0352	0.0364	0.0000	0.0000	0.0000	0.0000	0.0000	0.0000	-0.0079	-0.0001	2.0000	2.0196	6.9850	6.0690	0.0172	0.0172	0.0000	0.0002	0.0002	0.0000	0.0169	0.0169	0.0000	0.0002	0.0002	0.0000	0.0002	0.0002	0.0000	0.0000	0.0000	0.0000	0.0548	0.0465	0.0082	0.0014	0.0013	0.0001	0.0534	0.0452	0.0081	0.1515	0.0869	0.0646	0.0068	0.0066	0.0002	0.1447	0.0803	0.0644	198.6324	134.0070	0.0000	4.7055	4.7825	0.0000	inf	inf	0.0000	0.0016	0.0028	0.0000	0.0352	0.0364	0.0000	0.0000	0.0000	0.0000			
0	81	0.0600	3	1	1	0	0	0	0	0	0	N	N	N	N	N	N	N	N	N	N	N	N	564.1727	397.8926	0.5470	0.0011	0.0014	2.6884	5781.7803	10091.4260	0.5484	36.9145	43.5462	0.0049	0.0528	0.0554	0.0005	37.3301	44.0978	0.0049	0.0654	0.1094	0.0090	46.9193	38.6107	0.0002	0.0065	0.0044	0.0090	0.0000	0.0643	-0.4538	-0.0012	2.0000	0.9876	6.9850	0.9833	0.9827	0.9827	0.0000	0.0000	0.0000	0.0000	0.9827	0.9827	0.0000	0.0025	0.0023	0.0001	0.0022	0.0022	0.0000	0.0002	0.0001	0.0001	0.0266	0.0226	0.0041	0.0003	0.0003	0.0000	0.0263	0.0223	0.0040	0.0379	0.0213	0.0166	0.0009	0.0009	0.0000	0.0370	0.0204	0.0166	564.1727	397.8926	0.5470	0.0208	0.0216	2.6884	5781.7803	10091.4260	0.5484	0.0654	0.1094	0.0090	2.5364	2.5641	0.0002	0.0065	0.0044	0.0090
0	82	0.1651	5	2	1	1	0	0	0	0	0	Y	N	N	N	N	N	N	N	N	N	N	N	0.0000	0.0000	0.0000	0.0000	0.0000	0.0000	0.0000	0.0000	0.0000	0.0000	0.0000	0.0000	0.0000	0.0000	0.0000	0.0000	0.0000	0.0000	0.0000	0.0000	2.0000	1.0000	6.9850	2.9874	0.0000	0.0000	0.0000	0.0000	0.0000	0.0000	0.0000	0.0000	0.0000	0.0000	0.0000	0.0000	0.0000	0.0000	0.0000	0.0000	0.0000	0.0000	0.0270	0.0229	0.0041	0.0002	0.0002	0.0000	0.0269	0.0227	0.0041	0.0722	0.0428	0.0294	0.0111	0.0090	0.0022	0.0611	0.0338	0.0272	0.0000	0.0000	0.0000	0.0000	0.0000	0.0000	0.0000	0.0000	0.0000	0.0000	0.0000	0.0000	0.0000	0.0000	0.0000	0.0000	0.0000	0.0000											
0	83	0.1368	4	2	1	1	0	0	0	0	0	Y	N	N	N	N	N	N	N	N	N	N	N	0.0000	0.0000	0.0000	0.0000	0.0000	0.0000	0.0000	0.0000	0.0000	0.0000	0.0000	0.0000	0.0000	0.0000	0.0000	0.0000	0.0000	0.0000	0.0000	0.0000	2.0000	0.9997	6.9850	6.0128	0.0000	0.0000	0.0000	0.0000	0.0000	0.0000	0.0000	0.0000	0.0000	0.0000	0.0000	0.0000	0.0000	0.0000	0.0000	0.0000	0.0000	0.0000	0.0268	0.0228	0.0040	0.0013	0.0012	0.0001	0.0255	0.0216	0.0039	0.1182	0.0706	0.0476	0.0114	0.0088	0.0026	0.1068	0.0618	0.0450	0.0000	0.0000	0.0000	0.0000	0.0000	0.0000	0.0000	0.0000	0.0000	0.0000	0.0000	0.0000	0.0000	0.0000	0.0000	0.0000	0.0000	0.0000											
0	84	0.0950	3	1	2	0	1	0	0	0	0	N	Y	N	N	N	N	N	N	N	N	N	N	0.0000	0.0000	0.0000	0.0000	0.0000	0.0000	0.0000	0.0000	0.0000	0.0000	0.0000	0.0000	0.0000	3.1917	0.0000	11.2162	0.0000	0.0000	0.0000	3.3764	0.0000	10.4006	inf	0.0000	0.4601	2.0000	8.0013	6.9850	12.0015	0.0000	0.0000	0.0000	0.0000	0.0000	0.0000	0.0000	0.0000	0.0000	1.0000	0.0000	1.0000	0.0000	0.0000	0.0000	1.0000	0.0000	1.0000	0.2033	0.1732	0.0302	0.0021	0.0019	0.0002	0.2013	0.1713	0.0300	0.3175	0.1807	0.1368	0.0213	0.0161	0.0052	0.2962	0.1646	0.1316	0.0000	0.0000	0.0000	0.0000	0.0000	0.0000	0.0000	0.0000	0.0000	3.1498	0.0000	7.3089	0.0000	0.0000	0.0000	3.3764	0.0000	7.5980						
0	87	0.1368	4	1	2	0	0	0	0	0	0	N	Y	N	N	N	N	N	N	N	N	N	N	0.0000	0.0000	0.0000	0.0000	0.0000	0.0000	0.0000	0.0000	0.0000	0.0000	0.0000	0.0000	0.0000	5.6066	9.2956	0.0000	0.0000	0.0000	0.0000	6.1523	10.6219	0.0000	0.0000	0.0000	-0.5399	2.0000	4.0000	6.9850	7.0000	0.0000	0.0000	0.0000	0.0000	0.0000	0.0000	0.0000	0.0000	0.0000	1.0000	1.0000	0.0000	0.0000	0.0000	0.0000	1.0000	1.0000	0.0000	0.1042	0.0889	0.0153	0.0050	0.0048	0.0003	0.0992	0.0841	0.0151	0.1801	0.1076	0.0725	0.0175	0.0134	0.0041	0.1625	0.0941	0.0684	0.0000	0.0000	0.0000	0.0000	0.0000	0.0000	0.0000	0.0000	0.0000	5.5539	9.2956	0.0000	0.0000	0.0000	0.0000	6.1523	10.6219	0.0000						
0	88	0.0950	3	1	1	0	0	0	0	0	0	N	N	N	N	N	N	N	N	N	N	N	N	inf	inf	inf	inf	12.5068	0.0000	82.8317	0.0000	0.0000	0.0000	12.6416	0.0000	83.2674	0.0000	0.0000	0.0000	0.0000	0.0000	0.0000	0.0000	0.0000	0.0000	inf	0.5383	0.0000	2.0000	2.9985	6.9850	7.0016	1.0000	0.0000	1.0000	0.0000	0.0000	0.0000	1.0000	0.0000	1.0000	0.0000	0.0000	0.0000	0.0000	0.0000	0.0000	0.0000	0.0000	0.0000	0.0800	0.0679	0.0121	0.0009	0.0008	0.0001	0.0791	0.0671	0.0120	0.1714	0.0971	0.0742	0.0113	0.0086	0.0027	0.1600	0.0885	0.0715	inf	0.0000	inf	0.0000	0.0000	0.0000	inf	0.0000	inf	0.0000	0.0000	0.0000	0.0000	0.0000	0.0000	0.0000	0.0000	0.0000						
0	89	0.0685	4	1	2	0	0	0	0	0	0	N	Y	N	N	N	N	N	N	N	N	N	N	0.0000	0.0000	0.0000	0.0000	0.0000	0.0000	0.0000	0.0000	0.0000	0.0000	0.0000	0.0000	0.0000	0.0000	0.0000	0.0000	0.0000	0.0000	6.3479	11.1654	0.6160	0.0856	0.0608	0.1797	6.5172	11.4866	0.6179	0.0322	0.0000	-0.5237	2.0000	0.0157	6.9850	9.0253	0.0000	0.0000	0.0000	0.0000	0.0000	0.0000	0.0000	0.0000	0.0000	1.0295	0.9974	0.0321	0.0007	0.0005	0.0003	1.0288	0.9969	0.0319	0.0015	0.0013	0.0002	0.0005	0.0005	0.0000	0.0010	0.0008	0.0002	0.1669	0.0944	0.0726	0.0091	0.0076	0.0015	0.1579	0.0868	0.0711	0.0000	0.0000	0.0000	0.0000	0.0000	0.0000	0.0000	0.0000	0.0000	6.1675	10.5704	0.4429	0.0805	0.0608	0.1797	6.5172	11.4866	0.4484	
0	90	0.0600	3	1	2	0	0	0	0	0	0	N	Y	N	N	N	N	N	N	N	N	N	N	0.0273	4.6228	0.0000	63.8816	75.0495	0.0000	0.0000	0.0000	0.0000	0.6824	0.8008	0.0000	13.6793	13.8141	0.0000	0.0000	0.0000	0.0000	25.0067	0.1732	125.5098	0.2141	0.1841	1.1156	25.5925	0.1513	123.0762	0.0000	296.2660	-0.0002	0.4426	2.0000	0.0169	6.9850	2.0013	0.0003	0.0003	0.0000	0.0003	0.0003	0.0000	0.0000	0.0000	0.0000	0.9692	0.0033	0.9659	0.0001	0.0001	0.0000	0.9691	0.0032	0.9659	0.0005	0.0004	0.0001	0.0000	0.0000	0.0000	0.0005	0.0004	0.0001	0.0388	0.0218	0.0170	0.0009	0.0009	0.0000	0.0379	0.0209	0.0170	0.0273	5.3456	0.0000	109.7412	120.0767	0.0000	0.0000	0.0000	0.0000	25.0067	0.1498	56.8454	0.1247	0.1150	0.9932	25.5925	0.1513	56.8774
0	91	0.0512	2	1	1	0	0	0	0	0	0	N	N	N	N	N	N	N	N	N	N	N	N	0.0897	0.2624	0.0000	0.0000	0.0000	0.1106	3.9492	0.0000	0.0064	0.0075	0.0000	0.0000	0.0000	0.0000	0.0064	0.0075	0.0000	0.0708	0.0285	0.1503	4.5766	4.6204	0.0000	0.0577	0.0019	0.1534	0.0000	3.4851	-0.0002	0.0007	2.0000	1.9923	6.9850	0.0454	0.0003	0.0003	0.0000	0.0000	0.0000	0.0000	0.0003	0.0003	0.0000	0.0028	0.0006	0.0022	0.0006	0.0006	0.0000	0.0022	0.0000	0.0022	0.0535	0.0454	0.0081	0.0002	0.0002	0.0000	0.0533	0.0452	0.0081	0.0400	0.0221	0.0179	0.0011	0.0011	0.0000	0.0388	0.0210	0.0179	0.0897	0.2624	0.0000	0.0000	0.0000	0.0000	0.1106	3.9492	0.0000	0.0708	0.0285	0.1232	0.5160	0.5206	0.0000	0.0577	0.0019	0.1232	
0	93	0.1917	8	2	2	0	1	0	0	0	0	Y	Y	N	N	N	N	N	N	N	N	N	N	0.0000	0.0000	0.0000	0.0000	0.0000	0.0000	0.0000	0.0000	0.0000	0.0000	0.0000	0.0000	0.0000	0.0000	0.0000	0.0000	0.0000	0.0000	0.0000	0.0000	2.0000	0.0000	6.9850	0.0000	0.0000	0.0000	0.0000	0.0000	0.0000	0.0000	0.0000	0.0000	0.0000	0.0000	0.0000	0.0000	0.0000	0.0000	0.0000	0.0000	0.0000	0.0000	0.0000	0.0000	0.0000	0.0000	0.0000	0.0000	0.0000	0.0000	0.0000	0.0000	0.0000	0.0000	0.0000	0.0000	0.0000	0.0000	0.0000	0.0000	0.0000	0.0000	0.0000	0.0000	0.0000	0.0000	0.0000	0.0000	0.0000	0.0000	0.0000	0.0000	0.0000	0.0000	0.0000	0.0000	0.0000	0.0000											
0	94	0.1917	7	2	2	0	1	0	0	0	0	Y	Y	N	N	N	N	N	N	N	N	N	N	0.0000	0.0000	0.0000	0.0000	0.0000	0.0000	0.0000	0.0000	0.0000	0.0000	0.0000	0.0000	0.0000	0.0000	0.0000	0.0000	0.0000	0.0000	0.0000	0.0000	2.0000	0.0000	6.9850	0.0001	0.0000	0.0000	0.0000	0.0000	0.0000	0.0000	0.0000	0.0000	0.0000	0.0000	0.0000	0.0000	0.0000	0.0000	0.0000	0.0000	0.0000	0.0000	0.0000	0.0000	0.0000	0.0000	0.0000	0.0000	0.0000	0.0000	0.0000	0.0000	0.0000	0.0000	0.0000	0.0000	0.0000	0.0000	0.0000	0.0000	0.0000	0.0000	0.0000	0.0000	0.0000	0.0000	0.0000	0.0000	0.0000	0.0000	0.0000	0.0000	0.0000	0.0000	0.0000	0.0000	0.0000	0.0000											
0	95	0.1737	6	1	2	0	1	0	0	0	0	N	Y	N	N	N	N	N	N	N	N	N	N	0.0000	0.0000	0.0000	0.0000	0.0000	0.0000	0.0000	0.0000	0.0000	0.0000	0.0000	0.0000	0.0000	0.0000	0.0000	0.0000	0.0000	0.0000	0.0000	0.0000	2.0000	0.9845	6.9850	0.9903	0.0000	0.0000	0.0000	0.0000	0.0000	0.0000	0.0000	0.0000	0.0000	0.0000	0.0000	0.0000	0.0000	0.0000	0.0000	0.0000	0.0000	0.0000	0.0279	0.0238	0.0041	0.0020	0.0019	0.0001	0.0259	0.0219	0.0040	0.0379	0.0225	0.0154	0.0050	0.0043	0.0008	0.0329	0.0182	0.0146	0.0000	0.0000	0.0000	0.0000	0.0000	0.0000	0.0000	0.0000	0.0000	0.0000	0.0000	0.0000	0.0000	0.0000	0.0000	0.0000	0.0000	0.0000											
0	96	0.1709	6	1	2	0	0	0	0	0	0	N	Y	N	N	N	N	N	N	N	N	N	N	0.0000	0.0000	0.0000	0.0000	0.0000	0.0000	0.0000	0.0000	0.0000	0.0000	0.0000	0.0000	0.0000	0.0001	0.0002	0.0000	0.0005	0.0006	0.0000	0.0000	0.0000	0.0000	0.0000	0.0000	-0.0000	2.0000	1.0063	6.9850	3.7812	0.0000	0.0000	0.0000	0.0000	0.0000	0.0000	0.0000	0.0000	0.0000	0.0000	0.0000	0.0000	0.0000	0.0000	0.0000	0.0000	0.0000	0.0000	0.0277	0.0235	0.0042	0.0009	0.0008	0.0001	0.0269	0.0227	0.0041	0.1332	0.0850	0.0482	0.0402	0.0346	0.0055	0.0930	0.0503	0.0427	0.0000	0.0000	0.0000	0.0000	0.0000	0.0000	0.0000	0.0000	0.0000	0.0001	0.0002	0.0000	0.0005	0.0006	0.0000	0.0000	0.0000	0.0000						
0	97	0.1737	6	1	1	1	1	0	0	0	0	N	N	N	N	N	N	N	N	N	N	N	N	0.0000	0.0000	0.0000	0.0000	0.0000	0.0000	0.0000	0.0000	0.0000	0.0000	0.0000	0.0000	0.0000	0.0000	0.0000	0.0000	0.0000	0.0000	0.0000	0.0000	2.0000	1.0165	6.9850	1.0129	0.0000	0.0000	0.0000	0.0000	0.0000	0.0000	0.0000	0.0000	0.0000	0.0000	0.0000	0.0000	0.0000	0.0000	0.0000	0.0000	0.0000	0.0000	0.0288	0.0245	0.0042	0.0020	0.0019	0.0001	0.0268	0.0226	0.0042	0.0388	0.0230	0.0158	0.0051	0.0043	0.0008	0.0337	0.0187	0.0150	0.0000	0.0000	0.0000	0.0000	0.0000	0.0000	0.0000	0.0000	0.0000	0.0000	0.0000	0.0000	0.0000	0.0000	0.0000	0.0000	0.0000	0.0000											
0	98	0.1608	5	1	1	0	1	0	0	0	0	N	N	N	N	N	N	N	N	N	N	N	N	0.0000	0.0000	0.0000	0.0000	0.0000	0.0000	0.0000	0.0000	0.0000	0.0000	0.0000	0.0000	0.0000	0.0000	0.0000	0.0000	0.0000	0.0000	0.0000	0.0000	2.0000	2.0241	6.9850	1.0265	0.0000	0.0000	0.0000	0.0000	0.0000	0.0000	0.0000	0.0000	0.0000	0.0000	0.0000	0.0000	0.0000	0.0000	0.0000	0.0000	0.0000	0.0000	0.0554	0.0471	0.0083	0.0020	0.0019	0.0001	0.0534	0.0453	0.0082	0.0556	0.0324	0.0232	0.0079	0.0062	0.0017	0.0477	0.0262	0.0215	0.0000	0.0000	0.0000	0.0000	0.0000	0.0000	0.0000	0.0000	0.0000	0.0000	0.0000	0.0000	0.0000	0.0000	0.0000	0.0000	0.0000	0.0000											
0	99	0.1608	5	1	1	1	1	0	0	0	0	N	N	N	N	N	N	N	N	N	N	N	N	0.0000	0.0000	0.0000	0.0000	0.0000	0.0000	0.0000	0.0000	0.0000	0.0000	0.0000	0.0000	0.0000	0.0000	0.0000	0.0000	0.0000	0.0000	0.0000	0.0000	2.0000	3.0066	6.9850	0.0000	0.0000	0.0000	0.0000	0.0000	0.0000	0.0000	0.0000	0.0000	0.0000	0.0000	0.0000	0.0000	0.0000	0.0000	0.0000	0.0000	0.0000	0.0000	0.0812	0.0691	0.0121	0.0027	0.0026	0.0002	0.0784	0.0665	0.0119	0.0549	0.0320	0.0229	0.0078	0.0061	0.0017	0.0470	0.0258	0.0212	0.0000	0.0000	0.0000	0.0000	0.0000	0.0000	0.0000	0.0000	0.0000	0.0000	0.0000	0.0000	0.0000	0.0000	0.0000	0.0000	0.0000	0.0000											
0	100	0.1865	5	1	1	1	1	0	0	0	0	N	N	N	N	N	N	N	N	N	N	N	N	0.0000	0.0000	0.0000	0.0000	0.0000	0.0000	0.0000	0.0000	0.0000	0.0000	0.0000	0.0000	0.0000	0.0000	0.0000	0.0000	0.0000	0.0000	0.0000	0.0000	2.0000	0.0000	6.9850	2.0000	0.0000	0.0000	0.0000	0.0000	0.0000	0.0000	0.0000	0.0000	0.0000	0.0000	0.0000	0.0000	0.0000	0.0000	0.0000	0.0000	0.0000	0.0000	0.0000	0.0000	0.0000	0.0000	0.0000	0.0000	0.0000	0.0000	0.0000	0.0355	0.0204	0.0151	0.0053	0.0041	0.0012	0.0302	0.0163	0.0139	0.0000	0.0000	0.0000	0.0000	0.0000	0.0000	0.0000	0.0000	0.0000	0.0000	0.0000	0.0000	0.0000	0.0000	0.0000	0.0000	0.0000	0.0000											
0	101	0.1475	4	1	1	1	1	0	0	0	0	N	N	N	N	N	N	N	N	N	N	N	N	0.0000	0.0000	0.0000	0.0000	0.0000	0.0000	0.0000	0.0000	0.0000	0.0000	0.0000	0.0000	0.0000	0.0000	0.0000	0.0000	0.0247	0.0018	0.0572	0.0068	0.0083	0.0000	0.0280	0.0000	0.0613	22.3870	0.0000	0.0017	2.0000	5.8899	6.9850	3.1847	0.0000	0.0000	0.0000	0.0000	0.0000	0.0000	0.0000	0.0000	0.0000	0.0042	0.0002	0.0040	0.0002	0.0002	0.0000	0.0040	0.0000	0.0040	0.1596	0.1360	0.0236	0.0085	0.0078	0.0007	0.1511	0.1282	0.0229	0.1684	0.0986	0.0698	0.0261	0.0214	0.0047	0.1423	0.0772	0.0651	0.0000	0.0000	0.0000	0.0000	0.0000	0.0000	0.0000	0.0000	0.0000	0.0247	0.0018	0.0572	0.0068	0.0083	0.0000	0.0280	0.0000	0.0613			
0	102	0.1943	4	2	2	0	0	0	0	0	0	Y	Y	N	N	N	N	N	N	N	N	N	N	0.0000	0.0000	0.0000	0.0000	0.0000	0.0000	0.0000	0.0000	0.0000	0.0000	0.0000	0.0000	0.0000	0.0000	0.0000	0.0000	0.0000	0.0000	0.0000	0.0000	2.0000	0.0000	6.9850	0.0000	0.0000	0.0000	0.0000	0.0000	0.0000	0.0000	0.0000	0.0000	0.0000	0.0000	0.0000	0.0000	0.0000	0.0000	0.0000	0.0000	0.0000	0.0000	0.0000	0.0000	0.0000	0.0000	0.0000	0.0000	0.0000	0.0000	0.0000	0.0000	0.0000	0.0000	0.0000	0.0000	0.0000	0.0000	0.0000	0.0000	0.0000	0.0000	0.0000	0.0000	0.0000	0.0000	0.0000	0.0000	0.0000	0.0000	0.0000	0.0000	0.0000	0.0000	0.0000	0.0000	0.0000	0.0000											
0	103	0.0950	3	2	2	0	0	0	0	0	0	Y	Y	N	N	N	N	N	N	N	N	N	N	0.0000	0.0000	0.0000	0.0000	0.0000	0.0000	0.0000	0.0000	0.0000	0.0000	0.0000	0.0000	0.0000	6.0307	0.0000	27.8857	0.0000	0.0000	0.0000	6.2326	0.0000	27.5736	inf	0.0000	0.9201	2.0000	8.0012	6.9850	14.0016	0.0000	0.0000	0.0000	0.0000	0.0000	0.0000	0.0000	0.0000	0.0000	2.0000	0.0000	2.0000	0.0000	0.0000	0.0000	2.0000	0.0000	2.0000	0.2033	0.1732	0.0302	0.0021	0.0019	0.0002	0.2013	0.1713	0.0300	0.3440	0.1959	0.1481	0.0232	0.0175	0.0057	0.3209	0.1784	0.1425	0.0000	0.0000	0.0000	0.0000	0.0000	0.0000	0.0000	0.0000	0.0000	5.8132	0.0000	13.5015	0.0000	0.0000	0.0000	6.2326	0.0000	14.0394						
0	104	0.1579	4	1	2	0	0	0	0	0	0	N	Y	N	N	N	N	N	N	N	N	N	N	0.0000	0.0000	0.0000	0.0000	0.0000	0.0000	0.0000	0.0000	0.0000	0.0000	0.0000	0.0000	0.0000	0.0007	0.0012	0.0000	0.0034	0.0044	0.0000	0.0000	0.0000	0.0000	0.0000	0.0000	-0.0000	2.0000	2.0010	6.9850	1.0153	0.0000	0.0000	0.0000	0.0000	0.0000	0.0000	0.0000	0.0000	0.0000	0.0000	0.0000	0.0000	0.0000	0.0000	0.0000	0.0000	0.0000	0.0000	0.0535	0.0454	0.0081	0.0005	0.0005	0.0000	0.0530	0.0449	0.0081	0.0584	0.0342	0.0242	0.0118	0.0091	0.0027	0.0466	0.0251	0.0215	0.0000	0.0000	0.0000	0.0000	0.0000	0.0000	0.0000	0.0000	0.0000	0.0007	0.0012	0.0000	0.0034	0.0044	0.0000	0.0000	0.0000	0.0000						
0	105	0.0950	3	1	2	0	0	0	0	0	0	N	Y	N	N	N	N	N	N	N	N	N	N	0.0000	0.0000	0.0000	0.0000	0.0000	0.0000	0.0000	0.0000	0.0000	0.0000	0.0000	0.0000	0.0000	0.0002	0.0003	0.0000	0.0000	0.0000	0.0000	0.0002	0.0003	0.0000	0.0000	0.0000	-0.0000	2.0000	3.0162	6.9850	11.0438	0.0000	0.0000	0.0000	0.0000	0.0000	0.0000	0.0000	0.0000	0.0000	0.0000	0.0000	0.0000	0.0000	0.0000	0.0000	0.0000	0.0000	0.0000	0.0804	0.0683	0.0121	0.0009	0.0008	0.0001	0.0796	0.0675	0.0121	0.2334	0.1326	0.1009	0.0155	0.0118	0.0038	0.2179	0.1208	0.0971	0.0000	0.0000	0.0000	0.0000	0.0000	0.0000	0.0000	0.0000	0.0000	0.0002	0.0003	0.0000	0.0000	0.0000	0.0000	0.0002	0.0003	0.0000						
0	106	0.1958	8	2	2	0	0	0	0	0	0	Y	Y	N	N	N	N	N	N	N	N	N	N	0.0000	0.0000	0.0000	0.0000	0.0000	0.0000	0.0000	0.0000	0.0000	0.0000	0.0000	0.0000	0.0000	0.0000	0.0000	0.0000	0.0000	0.0000	0.0000	0.0000	2.0000	1.0000	6.9850	1.0000	0.0000	0.0000	0.0000	0.0000	0.0000	0.0000	0.0000	0.0000	0.0000	0.0000	0.0000	0.0000	0.0000	0.0000	0.0000	0.0000	0.0000	0.0000	0.0273	0.0232	0.0041	0.0008	0.0007	0.0001	0.0266	0.0225	0.0041	0.0379	0.0233	0.0145	0.0124	0.0099	0.0026	0.0254	0.0135	0.0120	0.0000	0.0000	0.0000	0.0000	0.0000	0.0000	0.0000	0.0000	0.0000	0.0000	0.0000	0.0000	0.0000	0.0000	0.0000	0.0000	0.0000	0.0000											
0	107	0.1917	7	2	2	0	0	0	0	0	0	Y	Y	N	N	N	N	N	N	N	N	N	N	0.0000	0.0000	0.0000	0.0000	0.0000	0.0000	0.0000	0.0000	0.0000	0.0000	0.0000	0.0000	0.0000	0.0000	0.0000	0.0000	0.0000	0.0000	0.0000	0.0000	2.0000	0.0000	6.9850	0.9999	0.0000	0.0000	0.0000	0.0000	0.0000	0.0000	0.0000	0.0000	0.0000	0.0000	0.0000	0.0000	0.0000	0.0000	0.0000	0.0000	0.0000	0.0000	0.0000	0.0000	0.0000	0.0000	0.0000	0.0000	0.0000	0.0000	0.0000	0.0190	0.0114	0.0075	0.0051	0.0040	0.0011	0.0139	0.0074	0.0065	0.0000	0.0000	0.0000	0.0000	0.0000	0.0000	0.0000	0.0000	0.0000	0.0000	0.0000	0.0000	0.0000	0.0000	0.0000	0.0000	0.0000	0.0000											
0	108	0.1709	6	2	2	0	0	0	0	0	0	Y	Y	N	N	N	N	N	N	N	N	N	N	0.0000	0.0000	0.0000	0.0000	0.0000	0.0000	0.0000	0.0000	0.0000	0.0000	0.0000	0.0000	0.0000	0.0001	0.0002	0.0000	0.0005	0.0006	0.0000	0.0000	0.0000	0.0000	0.0000	0.0000	-0.0000	2.0000	0.0100	6.9850	4.8896	0.0000	0.0000	0.0000	0.0000	0.0000	0.0000	0.0000	0.0000	0.0000	0.0000	0.0000	0.0000	0.0000	0.0000	0.0000	0.0000	0.0000	0.0000	0.0005	0.0004	0.0001	0.0001	0.0001	0.0000	0.0004	0.0003	0.0001	0.1350	0.0860	0.0490	0.0404	0.0348	0.0056	0.0946	0.0512	0.0434	0.0000	0.0000	0.0000	0.0000	0.0000	0.0000	0.0000	0.0000	0.0000	0.0001	0.0002	0.0000	0.0005	0.0006	0.0000	0.0000	0.0000	0.0000						
0	109	0.1608	5	1	2	0	0	0	0	0	0	N	Y	N	N	N	N	N	N	N	N	N	N	0.0000	0.0000	0.0000	0.0000	0.0000	0.0000	0.0000	0.0000	0.0000	0.0000	0.0000	0.0000	0.0000	0.0004	0.0008	0.0000	0.0000	0.0000	0.0000	0.0005	0.0010	0.0000	0.0000	0.0000	-0.0000	2.0000	1.0007	6.9850	1.4004	0.0000	0.0000	0.0000	0.0000	0.0000	0.0000	0.0000	0.0000	0.0000	0.0000	0.0000	0.0000	0.0000	0.0000	0.0000	0.0000	0.0000	0.0000	0.0280	0.0238	0.0042	0.0012	0.0011	0.0001	0.0268	0.0227	0.0041	0.0440	0.0256	0.0184	0.0063	0.0049	0.0013	0.0378	0.0207	0.0170	0.0000	0.0000	0.0000	0.0000	0.0000	0.0000	0.0000	0.0000	0.0000	0.0004	0.0008	0.0000	0.0000	0.0000	0.0000	0.0005	0.0010	0.0000						
0	110	0.1475	4	1	1	0	0	0	0	0	0	N	N	N	N	N	N	N	N	N	N	N	N	0.0000	0.0000	0.0000	0.0000	0.0000	0.0000	0.0000	0.0000	0.0000	0.0000	0.0000	0.0000	0.0000	0.0000	0.0000	0.0000	0.0604	0.0043	0.1833	0.0135	0.0155	0.0000	0.0715	0.0000	0.1891	22.3870	0.0000	0.0017	2.0000	0.3039	6.9850	2.8719	0.0000	0.0000	0.0000	0.0000	0.0000	0.0000	0.0000	0.0000	0.0000	0.0042	0.0002	0.0040	0.0002	0.0002	0.0000	0.0040	0.0000	0.0040	0.0148	0.0126	0.0022	0.0046	0.0041	0.0005	0.0103	0.0085	0.0017	0.0690	0.0411	0.0279	0.0132	0.0115	0.0017	0.0558	0.0296	0.0262	0.0000	0.0000	0.0000	0.0000	0.0000	0.0000	0.0000	0.0000	0.0000	0.0604	0.0043	0.1428	0.0135	0.0155	0.0000	0.0715	0.0000	0.1522			
0	111	0.0950	3	1	1	0	0	0	0	0	0	N	N	N	N	N	N	N	N	N	N	N	N	0.0000	0.0000	0.0000	0.0000	0.0000	0.0000	0.0000	0.0000	0.0000	0.0000	0.0000	0.0000	0.0000	0.0000	0.0000	4.9209	0.0013	21.0127	0.0000	0.0000	0.0000	5.2706	0.0014	20.9631	6710.7009	0.0000	0.4582	2.0000	3.8240	6.9850	8.1760	0.0000	0.0000	0.0000	0.0000	0.0000	0.0000	0.0000	0.0000	0.0000	0.9962	0.0001	0.9960	0.0000	0.0000	0.0000	0.9962	0.0001	0.9960	0.1011	0.0859	0.0152	0.0011	0.0010	0.0001	0.1001	0.0849	0.0151	0.2024	0.1149	0.0876	0.0134	0.0102	0.0032	0.1890	0.1047	0.0843	0.0000	0.0000	0.0000	0.0000	0.0000	0.0000	0.0000	0.0000	0.0000	4.9209	0.0013	11.3720	0.0000	0.0000	0.0000	5.2706	0.0014	11.8084				
0	115	0.2876	6	1	1	0	0	0	0	0	0	N	N	N	N	N	N	N	N	N	N	N	N	0.0011	0.0015	0.0000	0.0069	0.0074	0.0000	0.0000	0.0000	0.0000	0.0020	0.0023	0.0000	0.0152	0.0157	0.0000	0.0000	0.0000	0.0000	1.8735	1.5410	3.4756	2.1922	2.1135	0.6037	2.1425	1.1898	4.0139	0.0000	1.5999	-0.0002	0.0650	2.0000	8.9918	6.9850	13.3277	0.0005	0.0005	0.0000	0.0005	0.0005	0.0000	0.0000	0.0000	0.0000	0.8615	0.3314	0.5302	0.1000	0.0826	0.0174	0.7615	0.2488	0.5127	0.2630	0.2280	0.0351	0.0348	0.0337	0.0011	0.2282	0.1942	0.0340	0.6616	0.4712	0.1904	0.3062	0.2621	0.0440	0.3554	0.2091	0.1463	0.0015	0.0033	0.0000	0.0466	0.0499	0.0000	0.0000	0.0000	0.0000	1.3022	0.7032	2.7846	0.3267	0.3151	0.3959	2.1425	1.1898	3.5036
1	2	0.0778	3	0	0	1	2	0	0	0	0	N	N	N	Y	N	N	N	N	N	N	N	N	0.0000	0.0000	0.0000	0.0000	0.0000	0.0000	0.0000	0.0000	0.0000	0.0000	0.0000	0.0000	0.0000	0.0000	0.0000	0.0000	0.0000	0.0000	0.0000	0.0000	1.0000	0.0000	9.0150	0.0000	0.0000	0.0000	0.0000	0.0000	0.0000	0.0000	0.0000	0.0000	0.0000	0.0000	0.0000	0.0000	0.0000	0.0000	0.0000	0.0000	0.0000	0.0000	0.0000	0.0000	0.0000	0.0000	0.0000	0.0000	0.0000	0.0000	0.0000	0.0000	0.0000	0.0000	0.0000	0.0000	0.0000	0.0000	0.0000	0.0000	0.0000	0.0000	0.0000	0.0000	0.0000	0.0000	0.0000	0.0000	0.0000	0.0000	0.0000	0.0000	0.0000	0.0000	0.0000	0.0000	0.0000	0.0000											
1	3	0.1588	5	1	0	2	1	0	0	0	0	N	N	Y	N	N	N	N	N	N	N	N	N	0.0000	0.0000	0.0000	0.0000	0.0000	0.0000	0.0000	0.0000	0.0000	0.0000	0.0000	0.0000	0.0000	0.0000	0.0000	0.0001	0.0002	0.0000	0.0007	0.0009	0.0001	0.0000	0.0000	0.0000	0.0197	0.0000	-0.0000	1.0000	1.9956	9.0150	2.0506	0.0000	0.0000	0.0000	0.0000	0.0000	0.0000	0.0000	0.0000	0.0000	0.0000	0.0000	0.0000	0.0000	0.0000	0.0000	0.0000	0.0000	0.0000	0.0269	0.0229	0.0040	0.0014	0.0013	0.0001	0.0255	0.0216	0.0039	0.0835	0.0513	0.0321	0.0141	0.0118	0.0023	0.0694	0.0396	0.0298	0.0000	0.0000	0.0000	0.0000	0.0000	0.0000	0.0000	0.0000	0.0000	0.0001	0.0002	0.0000	0.0007	0.0009	0.0001	0.0000	0.0000	0.0000				
1	4	0.0735	4	0	1	1	1	0	0	0	0	N	N	N	N	N	N	N	N	N	N	N	N	0.0000	0.0000	0.0000	0.0000	0.0000	0.0000	0.0000	0.0000	0.0000	0.0000	0.0000	0.0000	0.0000	0.0000	0.0000	0.0000	0.0000	0.0004	0.0005	0.0002	0.0043	0.0049	0.0004	0.0001	0.0000	0.0002	0.3449	0.0000	-0.0000	1.0000	3.9843	9.0150	1.0588	0.0000	0.0000	0.0000	0.0000	0.0000	0.0000	0.0000	0.0000	0.0000	0.0000	0.0000	0.0000	0.0000	0.0000	0.0000	0.0000	0.0000	0.0000	0.0531	0.0451	0.0080	0.0008	0.0008	0.0000	0.0523	0.0443	0.0080	0.1089	0.0619	0.0470	0.0071	0.0061	0.0010	0.1018	0.0558	0.0460	0.0000	0.0000	0.0000	0.0000	0.0000	0.0000	0.0000	0.0000	0.0000	0.0004	0.0005	0.0002	0.0043	0.0049	0.0004	0.0001	0.0000	0.0002		
1	5	0.0743	2	0	0	2	2	0	0	0	0	N	N	Y	Y	N	N	N	N	N	N	N	N	0.0000	0.0000	0.0000	0.0000	0.0000	0.0000	0.0000	0.0000	0.0000	0.0000	0.0000	0.0000	0.0000	0.0005	0.0000	0.0011	0.0000	0.0000	0.0000	0.0005	0.0000	0.0011	inf	0.0000	0.0000	1.0000	1.0000	9.0150	0.0005	0.0000	0.0000	0.0000	0.0000	0.0000	0.0000	0.0000	0.0000	0.0000	0.0000	0.0000	0.0000	0.0000	0.0000	0.0000	0.0000	0.0000	0.0000	0.0137	0.0116	0.0021	0.0002	0.0002	0.0000	0.0134	0.0114	0.0021	0.0209	0.0116	0.0093	0.0003	0.0003	0.0000	0.0206	0.0113	0.0092	0.0000	0.0000	0.0000	0.0000	0.0000	0.0000	0.0000	0.0000	0.0000	0.0005	0.0000	0.0011	0.0000	0.0000	0.0000	0.0005	0.0000	0.0011						
1	6	0.1418	4	1	1	1	1	0	0	0	0	N	N	N	N	N	N	N	N	N	N	N	N	0.0000	0.0000	0.0000	0.0000	0.0000	0.0000	0.0000	0.0000	0.0000	0.0000	0.0000	0.0000	0.0000	0.0000	0.0000	0.0000	0.0000	0.0000	0.0000	0.0000	1.0000	2.0000	9.0150	1.0000	0.0000	0.0000	0.0000	0.0000	0.0000	0.0000	0.0000	0.0000	0.0000	0.0000	0.0000	0.0000	0.0000	0.0000	0.0000	0.0000	0.0000	0.0000	0.0268	0.0228	0.0040	0.0013	0.0012	0.0001	0.0255	0.0216	0.0039	0.0575	0.0344	0.0232	0.0055	0.0042	0.0013	0.0521	0.0301	0.0219	0.0000	0.0000	0.0000	0.0000	0.0000	0.0000	0.0000	0.0000	0.0000	0.0000	0.0000	0.0000	0.0000	0.0000	0.0000	0.0000	0.0000	0.0000											
1	7	0.1757	7	1	0	2	1	0	0	0	0	N	N	Y	N	N	N	N	N	N	N	N	N	0.0000	0.0000	0.0000	0.0000	0.0000	0.0000	0.0000	0.0000	0.0000	0.0000	0.0000	0.0000	0.0000	0.0000	0.0000	0.0000	0.0000	0.0000	0.0000	0.0000	1.0000	0.0000	9.0150	2.0000	0.0000	0.0000	0.0000	0.0000	0.0000	0.0000	0.0000	0.0000	0.0000	0.0000	0.0000	0.0000	0.0000	0.0000	0.0000	0.0000	0.0000	0.0000	0.0000	0.0000	0.0000	0.0000	0.0000	0.0000	0.0000	0.0000	0.0000	0.0384	0.0238	0.0147	0.0062	0.0050	0.0012	0.0322	0.0188	0.0134	0.0000	0.0000	0.0000	0.0000	0.0000	0.0000	0.0000	0.0000	0.0000	0.0000	0.0000	0.0000	0.0000	0.0000	0.0000	0.0000	0.0000	0.0000											
1	8	0.1967	8	1	1	1	2	0	0	0	0	N	N	N	Y	N	N	N	N	N	N	N	N	0.0000	0.0000	0.0000	0.0000	0.0000	0.0000	0.0000	0.0000	0.0000	0.0000	0.0000	0.0000	0.0000	0.0000	0.0000	0.0000	0.0000	0.0000	0.0000	0.0000	1.0000	0.0000	9.0150	1.0000	0.0000	0.0000	0.0000	0.0000	0.0000	0.0000	0.0000	0.0000	0.0000	0.0000	0.0000	0.0000	0.0000	0.0000	0.0000	0.0000	0.0000	0.0000	0.0000	0.0000	0.0000	0.0000	0.0000	0.0000	0.0000	0.0000	0.0000	0.0209	0.0126	0.0083	0.0056	0.0044	0.0012	0.0153	0.0082	0.0071	0.0000	0.0000	0.0000	0.0000	0.0000	0.0000	0.0000	0.0000	0.0000	0.0000	0.0000	0.0000	0.0000	0.0000	0.0000	0.0000	0.0000	0.0000											
1	9	0.1716	6	1	0	2	1	0	0	0	0	N	N	Y	N	N	N	N	N	N	N	N	N	0.0000	0.0000	0.0000	0.0000	0.0000	0.0000	0.0000	0.0000	0.0000	0.0000	0.0000	0.0000	0.0000	0.0000	0.0000	0.0000	0.0000	0.0000	0.0000	0.0000	1.0000	1.9984	9.0150	4.0415	0.0000	0.0000	0.0000	0.0000	0.0000	0.0000	0.0000	0.0000	0.0000	0.0000	0.0000	0.0000	0.0000	0.0000	0.0000	0.0000	0.0000	0.0000	0.0268	0.0229	0.0040	0.0013	0.0013	0.0001	0.0255	0.0216	0.0039	0.1144	0.0707	0.0437	0.0193	0.0156	0.0037	0.0951	0.0551	0.0401	0.0000	0.0000	0.0000	0.0000	0.0000	0.0000	0.0000	0.0000	0.0000	0.0000	0.0000	0.0000	0.0000	0.0000	0.0000	0.0000	0.0000	0.0000											
1	10	0.1663	8	0	0	2	1	0	0	0	0	N	N	Y	N	N	N	N	N	N	N	N	N	0.0000	0.0000	0.0000	0.0000	0.0000	0.0000	0.0000	0.0000	0.0000	0.0000	0.0000	0.0000	0.0000	0.0000	0.0000	0.0000	0.0000	0.0000	0.0000	0.0000	1.0000	0.0000	9.0150	2.0012	0.0000	0.0000	0.0000	0.0000	0.0000	0.0000	0.0000	0.0000	0.0000	0.0000	0.0000	0.0000	0.0000	0.0000	0.0000	0.0000	0.0000	0.0000	0.0000	0.0000	0.0000	0.0000	0.0000	0.0000	0.0000	0.0000	0.0000	0.0403	0.0237	0.0166	0.0019	0.0017	0.0003	0.0384	0.0221	0.0163	0.0000	0.0000	0.0000	0.0000	0.0000	0.0000	0.0000	0.0000	0.0000	0.0000	0.0000	0.0000	0.0000	0.0000	0.0000	0.0000	0.0000	0.0000											
1	11	0.0732	4	0	0	2	1	0	0	0	0	N	N	Y	N	N	N	N	N	N	N	N	N	0.0000	0.0000	0.0000	0.0000	0.0000	0.0000	0.0000	0.0000	0.0000	0.0000	0.0000	0.0000	0.0000	0.0000	0.0000	0.0000	0.0000	0.0000	4.1789	7.4678	0.0001	0.0569	0.0591	0.0023	4.3337	7.7998	0.0001	0.0000	0.0000	-0.5378	1.0000	5.0149	9.0150	7.0912	0.0000	0.0000	0.0000	0.0000	0.0000	0.0000	0.0000	0.0000	0.0000	0.9961	0.9961	0.0000	0.0005	0.0005	0.0000	0.9956	0.9956	0.0000	0.0663	0.0564	0.0099	0.0015	0.0014	0.0001	0.0648	0.0550	0.0098	0.2384	0.1359	0.1024	0.0086	0.0083	0.0003	0.2297	0.1276	0.1021	0.0000	0.0000	0.0000	0.0000	0.0000	0.0000	0.0000	0.0000	0.0000	4.1789	7.3277	0.0001	0.0569	0.0591	0.0023	4.3337	7.7998	0.0001	
1	12	0.1418	4	1	1	1	1	0	0	0	0	N	N	N	N	N	N	N	N	N	N	N	N	0.0000	0.0000	0.0000	0.0000	0.0000	0.0000	0.0000	0.0000	0.0000	0.0000	0.0000	0.0000	0.0000	0.0000	0.0000	0.0000	0.0000	0.0000	0.0000	0.0000	1.0000	3.0000	9.0150	5.0000	0.0000	0.0000	0.0000	0.0000	0.0000	0.0000	0.0000	0.0000	0.0000	0.0000	0.0000	0.0000	0.0000	0.0000	0.0000	0.0000	0.0000	0.0000	0.0398	0.0339	0.0059	0.0019	0.0018	0.0001	0.0379	0.0321	0.0058	0.1479	0.0883	0.0596	0.0142	0.0109	0.0033	0.1336	0.0774	0.0562	0.0000	0.0000	0.0000	0.0000	0.0000	0.0000	0.0000	0.0000	0.0000	0.0000	0.0000	0.0000	0.0000	0.0000	0.0000	0.0000	0.0000	0.0000											
1	13	0.1915	5	0	0	2	2	0	0	0	0	N	N	Y	Y	N	N	N	N	N	N	N	N	0.0000	0.0000	0.0000	0.0000	0.0000	0.0000	0.0000	0.0000	0.0000	0.0000	0.0000	0.0000	0.0000	0.0000	0.0000	0.0000	0.0000	0.0000	0.0000	0.0000	1.0000	0.0000	9.0150	0.0000	0.0000	0.0000	0.0000	0.0000	0.0000	0.0000	0.0000	0.0000	0.0000	0.0000	0.0000	0.0000	0.0000	0.0000	0.0000	0.0000	0.0000	0.0000	0.0000	0.0000	0.0000	0.0000	0.0000	0.0000	0.0000	0.0000	0.0000	0.0000	0.0000	0.0000	0.0000	0.0000	0.0000	0.0000	0.0000	0.0000	0.0000	0.0000	0.0000	0.0000	0.0000	0.0000	0.0000	0.0000	0.0000	0.0000	0.0000	0.0000	0.0000	0.0000	0.0000	0.0000	0.0000	0.0000											
1	14	0.1418	4	0	1	1	1	0	0	0	0	N	N	N	N	N	N	N	N	N	N	N	N	0.0000	0.0000	0.0000	0.0000	0.0000	0.0000	0.0000	0.0000	0.0000	0.0000	0.0000	0.0000	0.0000	5.5839	0.0000	28.0868	0.0000	0.0000	0.0000	6.0779	0.0000	28.9053	inf	0.0000	0.4601	1.0000	2.0000	9.0150	8.0000	0.0000	0.0000	0.0000	0.0000	0.0000	0.0000	0.0000	0.0000	0.0000	1.0000	0.0000	1.0000	0.0000	0.0000	0.0000	1.0000	0.0000	1.0000	0.0268	0.0228	0.0040	0.0013	0.0012	0.0001	0.0255	0.0216	0.0039	0.1821	0.1088	0.0734	0.0176	0.0135	0.0041	0.1645	0.0953	0.0692	0.0000	0.0000	0.0000	0.0000	0.0000	0.0000	0.0000	0.0000	0.0000	5.4907	0.0000	13.6305	0.0000	0.0000	0.0000	6.0779	0.0000	14.4424						
1	15	0.1658	5	0	0	1	2	0	0	0	0	N	N	N	Y	N	N	N	N	N	N	N	N	0.0000	0.0000	0.0000	0.0000	0.0000	0.0000	0.0000	0.0000	0.0000	0.0000	0.0000	0.0000	0.0000	0.0000	0.0000	0.0000	0.0000	0.0000	0.0000	0.0000	1.0000	2.0066	9.0150	2.0000	0.0000	0.0000	0.0000	0.0000	0.0000	0.0000	0.0000	0.0000	0.0000	0.0000	0.0000	0.0000	0.0000	0.0000	0.0000	0.0000	0.0000	0.0000	0.0277	0.0236	0.0042	0.0010	0.0009	0.0001	0.0267	0.0226	0.0041	0.0801	0.0467	0.0334	0.0114	0.0089	0.0025	0.0687	0.0377	0.0309	0.0000	0.0000	0.0000	0.0000	0.0000	0.0000	0.0000	0.0000	0.0000	0.0000	0.0000	0.0000	0.0000	0.0000	0.0000	0.0000	0.0000	0.0000											
1	17	0.1607	6	0	1	1	1	0	0	0	0	N	N	N	N	N	N	N	N	N	N	N	N	0.0000	0.0000	0.0000	0.0000	0.0000	0.0000	0.0000	0.0000	0.0000	0.0000	0.0000	0.0000	0.0000	0.0000	0.0000	0.0001	0.0001	0.0000	0.0003	0.0003	0.0001	0.0000	0.0000	0.0000	0.0197	0.0000	-0.0000	1.0000	0.9987	9.0150	5.5397	0.0000	0.0000	0.0000	0.0000	0.0000	0.0000	0.0000	0.0000	0.0000	0.0000	0.0000	0.0000	0.0000	0.0000	0.0000	0.0000	0.0000	0.0000	0.0136	0.0116	0.0020	0.0007	0.0007	0.0000	0.0129	0.0109	0.0020	0.1624	0.1079	0.0545	0.0368	0.0329	0.0039	0.1256	0.0750	0.0506	0.0000	0.0000	0.0000	0.0000	0.0000	0.0000	0.0000	0.0000	0.0000	0.0001	0.0001	0.0000	0.0003	0.0003	0.0001	0.0000	0.0000	0.0000				
1	18	0.1658	5	0	1	1	2	0	0	0	0	N	N	N	Y	N	N	N	N	N	N	N	N	0.0000	0.0000	0.0000	0.0000	0.0000	0.0000	0.0000	0.0000	0.0000	0.0000	0.0000	0.0000	0.0000	0.0000	0.0000	0.0000	0.0000	0.0000	0.0000	0.0000	1.0000	0.9934	9.0150	0.0000	0.0000	0.0000	0.0000	0.0000	0.0000	0.0000	0.0000	0.0000	0.0000	0.0000	0.0000	0.0000	0.0000	0.0000	0.0000	0.0000	0.0000	0.0000	0.0140	0.0119	0.0021	0.0006	0.0005	0.0000	0.0135	0.0114	0.0021	0.0203	0.0118	0.0085	0.0029	0.0023	0.0006	0.0175	0.0096	0.0079	0.0000	0.0000	0.0000	0.0000	0.0000	0.0000	0.0000	0.0000	0.0000	0.0000	0.0000	0.0000	0.0000	0.0000	0.0000	0.0000	0.0000	0.0000											
1	19	0.1000	3	1	1	1	1	0	0	0	0	N	N	N	N	N	N	N	N	N	N	N	N	inf	inf	inf	inf	0.0087	0.0000	0.0570	0.0000	0.0000	0.0000	0.0088	0.0000	0.0573	0.0000	0.0000	0.0000	0.0000	0.0000	0.0000	0.0000	0.0000	0.0000	inf	0.0001	0.0000	1.0000	1.0015	9.0150	7.0016	0.0001	0.0000	0.0001	0.0000	0.0000	0.0000	0.0001	0.0000	0.0001	0.0000	0.0000	0.0000	0.0000	0.0000	0.0000	0.0000	0.0000	0.0000	0.0138	0.0117	0.0021	0.0002	0.0002	0.0000	0.0136	0.0115	0.0021	0.1538	0.0871	0.0667	0.0101	0.0076	0.0024	0.1437	0.0795	0.0643	inf	0.0000	inf	0.0000	0.0000	0.0000	inf	0.0000	inf	0.0000	0.0000	0.0000	0.0000	0.0000	0.0000	0.0000	0.0000	0.0000						
1	20	0.1629	4	0	1	1	1	0	0	0	0	N	N	N	N	N	N	N	N	N	N	N	N	0.0022	0.0017	0.0000	141.3692	115.4930	0.0000	0.0000	0.0000	0.0386	0.0456	0.0000	3.0586	3.2404	0.0000	0.0000	0.0000	0.0000	17.2705	27.0001	0.0000	0.0216	0.0281	0.0001	19.0336	35.2808	0.0000	0.0000	0.0000	-0.0002	-0.5283	1.0000	1.0004	9.0150	2.0077	0.0005	0.0005	0.0000	0.0005	0.0005	0.0000	0.0000	0.0000	0.0000	0.9784	0.9784	0.0000	0.0003	0.0003	0.0000	0.9782	0.9782	0.0000	0.0137	0.0116	0.0021	0.0002	0.0002	0.0000	0.0135	0.0115	0.0021	0.0644	0.0377	0.0266	0.0130	0.0100	0.0030	0.0514	0.0277	0.0237	0.0025	0.0018	0.0000	141.3692	115.4930	0.0000	0.0000	0.0000	0.0000	15.2047	25.9502	0.0000	0.0216	0.0281	0.0001	19.0336	35.2808	0.0000	
1	21	0.0743	2	0	0	1	2	0	0	0	0	N	N	N	Y	N	N	N	N	N	N	N	N	0.0000	0.0000	0.0000	0.0000	0.0000	0.0000	0.0000	0.0000	0.0000	0.0000	0.0000	0.0000	0.0000	0.0002	0.0000	0.0004	0.0000	0.0000	0.0000	0.0002	0.0000	0.0004	inf	0.0000	0.0000	1.0000	2.0000	9.0150	1.0003	0.0000	0.0000	0.0000	0.0000	0.0000	0.0000	0.0000	0.0000	0.0000	0.0000	0.0000	0.0000	0.0000	0.0000	0.0000	0.0000	0.0000	0.0000	0.0270	0.0229	0.0041	0.0004	0.0004	0.0000	0.0266	0.0225	0.0041	0.0615	0.0343	0.0272	0.0010	0.0009	0.0001	0.0606	0.0334	0.0272	0.0000	0.0000	0.0000	0.0000	0.0000	0.0000	0.0000	0.0000	0.0000	0.0002	0.0000	0.0004	0.0000	0.0000	0.0000	0.0002	0.0000	0.0004						
1	22	0.1743	6	1	0	2	1	0	0	0	0	N	N	Y	N	N	N	N	N	N	N	N	N	0.0000	0.0000	0.0000	0.0000	0.0000	0.0000	0.0000	0.0000	0.0000	0.0000	0.0000	0.0000	0.0000	0.0000	0.0000	0.0000	0.0000	0.0000	0.0000	0.0000	1.0000	0.0000	9.0150	4.9921	0.0000	0.0000	0.0000	0.0000	0.0000	0.0000	0.0000	0.0000	0.0000	0.0000	0.0000	0.0000	0.0000	0.0000	0.0000	0.0000	0.0000	0.0000	0.0000	0.0000	0.0000	0.0000	0.0000	0.0000	0.0000	0.0000	0.0000	0.0995	0.0591	0.0404	0.0158	0.0127	0.0031	0.0837	0.0464	0.0373	0.0000	0.0000	0.0000	0.0000	0.0000	0.0000	0.0000	0.0000	0.0000	0.0000	0.0000	0.0000	0.0000	0.0000	0.0000	0.0000	0.0000	0.0000											
1	23	0.1581	6	0	1	1	1	0	0	0	0	N	N	N	N	N	N	N	N	N	N	N	N	0.0000	0.0000	0.0000	0.0000	0.0000	0.0000	0.0000	0.0000	0.0000	0.0000	0.0000	0.0000	0.0000	0.0002	0.0004	0.0000	0.0064	0.0073	0.0000	0.0000	0.0000	0.0000	0.0000	0.0000	-0.0000	1.0000	1.9996	9.0150	0.0142	0.0000	0.0000	0.0000	0.0000	0.0000	0.0000	0.0000	0.0000	0.0000	0.0000	0.0000	0.0000	0.0000	0.0000	0.0000	0.0000	0.0000	0.0000	0.0272	0.0232	0.0040	0.0018	0.0017	0.0001	0.0254	0.0215	0.0039	0.0403	0.0237	0.0167	0.0016	0.0014	0.0002	0.0388	0.0223	0.0165	0.0000	0.0000	0.0000	0.0000	0.0000	0.0000	0.0000	0.0000	0.0000	0.0002	0.0004	0.0000	0.0064	0.0073	0.0000	0.0000	0.0000	0.0000						
1	24	0.1000	3	0	1	1	1	0	0	0	0	N	N	N	N	N	N	N	N	N	N	N	N	inf	inf	inf	inf	0.0030	0.0000	0.0196	0.0000	0.0000	0.0000	0.0030	0.0000	0.0197	0.0000	0.0000	0.0000	0.0000	0.0000	0.0000	0.0000	0.0000	0.0000	inf	0.0001	0.0000	1.0000	2.9988	9.0150	13.9984	0.0001	0.0000	0.0001	0.0000	0.0000	0.0000	0.0001	0.0000	0.0001	0.0000	0.0000	0.0000	0.0000	0.0000	0.0000	0.0000	0.0000	0.0000	0.0404	0.0342	0.0061	0.0004	0.0004	0.0000	0.0399	0.0339	0.0061	0.3047	0.1732	0.1316	0.0202	0.0152	0.0050	0.2845	0.1580	0.1266	inf	0.0000	inf	0.0000	0.0000	0.0000	inf	0.0000	inf	0.0000	0.0000	0.0000	0.0000	0.0000	0.0000	0.0000	0.0000	0.0000						
1	25	0.1418	4	1	1	1	1	0	0	0	0	N	N	N	N	N	N	N	N	N	N	N	N	2.3114	3.1316	2.2315	3.0958	12.9068	0.0000	87.9557	0.0000	0.0000	0.0000	13.5626	0.0000	89.4855	5.5839	0.0000	28.0868	0.0000	0.0000	0.0000	6.0779	0.0000	28.9053	inf	inf	0.5383	0.4601	1.0000	6.0000	9.0150	4.0000	1.0000	0.0000	1.0000	0.0000	0.0000	0.0000	1.0000	0.0000	1.0000	1.0000	0.0000	1.0000	0.0000	0.0000	0.0000	1.0000	0.0000	1.0000	0.0775	0.0661	0.0114	0.0037	0.0036	0.0002	0.0737	0.0626	0.0112	0.1821	0.1088	0.0734	0.0176	0.0135	0.0041	0.1645	0.0953	0.0692	2.3507	0.0000	6.4529	0.0000	0.0000	0.0000	2.2315	0.0000	6.1960	5.4907	0.0000	13.6305	0.0000	0.0000	0.0000	6.0779	0.0000	14.4424					
1	26	0.1622	7	0	1	1	1	0	0	0	0	N	N	N	N	N	N	N	N	N	N	N	N	0.0000	0.0000	0.0000	0.0000	0.0000	0.0000	0.0000	0.0000	0.0000	0.0000	0.0000	0.0000	0.0000	0.0000	0.0000	0.0000	0.0000	0.0000	0.0000	0.0000	1.0000	0.0000	9.0150	2.0002	0.0000	0.0000	0.0000	0.0000	0.0000	0.0000	0.0000	0.0000	0.0000	0.0000	0.0000	0.0000	0.0000	0.0000	0.0000	0.0000	0.0000	0.0000	0.0000	0.0000	0.0000	0.0000	0.0000	0.0000	0.0000	0.0000	0.0000	0.0401	0.0236	0.0165	0.0016	0.0014	0.0002	0.0385	0.0222	0.0163	0.0000	0.0000	0.0000	0.0000	0.0000	0.0000	0.0000	0.0000	0.0000	0.0000	0.0000	0.0000	0.0000	0.0000	0.0000	0.0000	0.0000	0.0000											
1	28	0.1418	4	0	1	1	1	0	0	0	0	N	N	N	N	N	N	N	N	N	N	N	N	0.0000	0.0000	0.0000	0.0000	0.0000	0.0000	0.0000	0.0000	0.0000	0.0000	0.0000	0.0000	0.0000	0.0000	0.0000	0.0000	0.0000	0.0000	0.0000	0.0000	1.0000	5.0000	9.0150	4.0000	0.0000	0.0000	0.0000	0.0000	0.0000	0.0000	0.0000	0.0000	0.0000	0.0000	0.0000	0.0000	0.0000	0.0000	0.0000	0.0000	0.0000	0.0000	0.0652	0.0556	0.0096	0.0032	0.0030	0.0002	0.0620	0.0526	0.0094	0.1651	0.0986	0.0665	0.0159	0.0122	0.0037	0.1492	0.0864	0.0628	0.0000	0.0000	0.0000	0.0000	0.0000	0.0000	0.0000	0.0000	0.0000	0.0000	0.0000	0.0000	0.0000	0.0000	0.0000	0.0000	0.0000	0.0000											
1	29	0.1418	4	0	1	1	1	0	0	0	0	N	N	N	N	N	N	N	N	N	N	N	N	0.0000	0.0000	0.0000	0.0000	0.0000	0.0000	0.0000	0.0000	0.0000	0.0000	0.0000	0.0000	0.0000	0.0000	0.0000	0.0000	0.0000	0.0000	0.0000	0.0000	1.0000	3.0000	9.0150	6.0000	0.0000	0.0000	0.0000	0.0000	0.0000	0.0000	0.0000	0.0000	0.0000	0.0000	0.0000	0.0000	0.0000	0.0000	0.0000	0.0000	0.0000	0.0000	0.0398	0.0339	0.0059	0.0019	0.0018	0.0001	0.0379	0.0321	0.0058	0.1651	0.0986	0.0665	0.0159	0.0122	0.0037	0.1492	0.0864	0.0628	0.0000	0.0000	0.0000	0.0000	0.0000	0.0000	0.0000	0.0000	0.0000	0.0000	0.0000	0.0000	0.0000	0.0000	0.0000	0.0000	0.0000	0.0000											
1	30	0.0778	3	0	1	2	2	0	0	0	0	N	N	Y	Y	N	N	N	N	N	N	N	N	0.0000	0.0000	0.0000	0.0000	0.0000	0.0000	0.0000	0.0000	0.0000	0.0000	0.0000	0.0000	0.0000	0.0000	0.0000	0.0000	0.0000	0.0000	0.0000	0.0000	1.0000	0.0000	9.0150	3.0000	0.0000	0.0000	0.0000	0.0000	0.0000	0.0000	0.0000	0.0000	0.0000	0.0000	0.0000	0.0000	0.0000	0.0000	0.0000	0.0000	0.0000	0.0000	0.0000	0.0000	0.0000	0.0000	0.0000	0.0000	0.0000	0.0000	0.0000	0.0616	0.0349	0.0267	0.0101	0.0073	0.0028	0.0515	0.0276	0.0239	0.0000	0.0000	0.0000	0.0000	0.0000	0.0000	0.0000	0.0000	0.0000	0.0000	0.0000	0.0000	0.0000	0.0000	0.0000	0.0000	0.0000	0.0000											
1	31	0.0609	2	0	0	1	2	0	0	0	0	N	N	N	Y	N	N	N	N	N	N	N	N	0.0000	0.0000	0.0000	0.0000	0.0000	0.0000	0.0000	0.0000	0.0000	0.0000	0.0000	0.0000	0.0000	0.0000	0.0000	0.0000	0.0000	0.2265	0.0009	0.6227	2.1249	0.0036	1.7832	0.1519	0.0000	0.4423	350.9935	0.0000	0.0080	1.0000	0.9783	9.0150	3.0423	0.0000	0.0000	0.0000	0.0000	0.0000	0.0000	0.0000	0.0000	0.0000	0.0175	0.0000	0.0175	0.0053	0.0000	0.0052	0.0122	0.0000	0.0122	0.0141	0.0120	0.0022	0.0004	0.0004	0.0000	0.0137	0.0116	0.0021	0.0974	0.0580	0.0394	0.0168	0.0137	0.0030	0.0806	0.0443	0.0364	0.0000	0.0000	0.0000	0.0000	0.0000	0.0000	0.0000	0.0000	0.0000	0.1798	0.0009	0.4433	0.3145	0.0036	1.7328	0.1519	0.0000	0.3366		
1	32	0.1000	3	0	1	1	1	0	0	0	0	N	N	N	N	N	N	N	N	N	N	N	N	0.0004	0.0000	inf	0.0004	0.0000	inf	0.0013	0.0000	0.0089	0.0000	0.0000	0.0000	0.0013	0.0000	0.0089	3.4596	6.4940	0.0000	0.0000	0.0000	0.0000	3.7048	6.6767	0.0000	inf	0.0000	0.0001	-0.5399	1.0000	6.9988	9.0150	9.0016	0.0001	0.0000	0.0001	0.0000	0.0000	0.0000	0.0001	0.0000	0.0001	1.0000	1.0000	0.0000	0.0000	0.0000	0.0000	1.0000	1.0000	0.0000	0.0906	0.0771	0.0135	0.0009	0.0008	0.0001	0.0897	0.0762	0.0135	0.2890	0.1642	0.1248	0.0191	0.0144	0.0047	0.2699	0.1498	0.1201	0.0004	0.0000	inf	0.0000	0.0000	0.0000	0.0004	0.0000	inf	3.4596	6.0897	0.0000	0.0000	0.0000	0.0000	3.7048	6.6767	0.0000			
1	33	0.2008	8	1	1	1	1	0	0	0	0	N	N	N	N	N	N	N	N	N	N	N	N	0.0000	0.0000	0.0000	0.0000	0.0000	0.0000	0.0000	0.0000	0.0000	0.0000	0.0000	0.0000	0.0000	0.0000	0.0000	0.0000	0.0000	0.0000	0.0000	0.0000	1.0000	0.0000	9.0150	0.0000	0.0000	0.0000	0.0000	0.0000	0.0000	0.0000	0.0000	0.0000	0.0000	0.0000	0.0000	0.0000	0.0000	0.0000	0.0000	0.0000	0.0000	0.0000	0.0000	0.0000	0.0000	0.0000	0.0000	0.0000	0.0000	0.0000	0.0000	0.0000	0.0000	0.0000	0.0000	0.0000	0.0000	0.0000	0.0000	0.0000	0.0000	0.0000	0.0000	0.0000	0.0000	0.0000	0.0000	0.0000	0.0000	0.0000	0.0000	0.0000	0.0000	0.0000	0.0000	0.0000	0.0000	0.0000											
1	35	0.1000	3	1	1	1	1	0	0	0	0	N	N	N	N	N	N	N	N	N	N	N	N	6.2686	8.6488	0.0000	inf	inf	0.0000	0.0000	0.0000	36.7791	43.3766	0.0000	3331.4384	3586.4840	0.0000	0.0000	0.0000	0.0000	5.8672	5.0154	8.5782	0.0000	0.0000	0.0000	6.1124	5.4988	8.5596	0.0000	1.0000	-0.4617	-0.0799	1.0000	1.9985	9.0150	17.9985	0.9999	0.9999	0.0000	0.9999	0.9999	0.0000	0.0000	0.0000	0.0000	2.0000	1.0000	1.0000	0.0000	0.0000	0.0000	2.0000	1.0000	1.0000	0.0272	0.0231	0.0041	0.0003	0.0003	0.0000	0.0269	0.0228	0.0041	0.3505	0.1994	0.1511	0.0233	0.0176	0.0058	0.3272	0.1819	0.1453	6.4462	8.6507	0.0000	inf	inf	0.0000	0.0000	0.0000	0.0000	5.7056	5.0142	6.6180	0.0000	0.0000	0.0000	6.1124	5.4988	6.8803	
1	36	0.1103	2	0	0	2	1	0	0	0	0	N	N	Y	N	N	N	N	N	N	N	N	N	0.0000	0.0000	0.0000	0.0000	0.0000	0.0000	0.0000	0.0000	0.0000	0.0000	0.0000	0.0000	0.0000	0.0000	0.0000	0.0179	0.0000	0.0475	0.0451	0.0000	0.6807	0.0124	0.0000	0.0288	inf	0.0000	0.0002	1.0000	0.0001	9.0150	0.9943	0.0000	0.0000	0.0000	0.0000	0.0000	0.0000	0.0000	0.0000	0.0000	0.0004	0.0000	0.0004	0.0002	0.0000	0.0002	0.0003	0.0000	0.0003	0.0000	0.0000	0.0000	0.0000	0.0000	0.0000	0.0000	0.0000	0.0000	0.0251	0.0156	0.0095	0.0042	0.0037	0.0005	0.0208	0.0119	0.0090	0.0000	0.0000	0.0000	0.0000	0.0000	0.0000	0.0000	0.0000	0.0000	0.0179	0.0000	0.0475	0.0451	0.0000	0.4056	0.0124	0.0000	0.0288				
1	37	0.0865	2	0	1	1	1	0	0	0	0	N	N	N	N	N	N	N	N	N	N	N	N	0.0000	0.0000	0.0000	0.0000	0.0000	0.0000	0.0000	0.0000	0.0000	0.0000	0.0000	0.0000	0.0000	0.0000	0.0000	0.0000	0.0000	0.0000	0.0000	0.0000	1.0000	2.0000	9.0150	2.0000	0.0000	0.0000	0.0000	0.0000	0.0000	0.0000	0.0000	0.0000	0.0000	0.0000	0.0000	0.0000	0.0000	0.0000	0.0000	0.0000	0.0000	0.0000	0.0271	0.0230	0.0041	0.0005	0.0005	0.0000	0.0266	0.0225	0.0041	0.0837	0.0477	0.0360	0.0096	0.0076	0.0020	0.0741	0.0401	0.0340	0.0000	0.0000	0.0000	0.0000	0.0000	0.0000	0.0000	0.0000	0.0000	0.0000	0.0000	0.0000	0.0000	0.0000	0.0000	0.0000	0.0000	0.0000											
1	38	0.1586	5	1	0	2	1	0	0	0	0	N	N	Y	N	N	N	N	N	N	N	N	N	0.0000	0.0000	0.0000	0.0000	0.0000	0.0000	0.0000	0.0000	0.0000	0.0000	0.0000	0.0000	0.0000	0.0000	0.0000	0.0000	0.0000	0.0000	0.0000	0.0000	1.0000	2.0000	9.0150	5.0000	0.0000	0.0000	0.0000	0.0000	0.0000	0.0000	0.0000	0.0000	0.0000	0.0000	0.0000	0.0000	0.0000	0.0000	0.0000	0.0000	0.0000	0.0000	0.0268	0.0228	0.0040	0.0014	0.0013	0.0001	0.0254	0.0215	0.0039	0.1309	0.0788	0.0521	0.0147	0.0115	0.0031	0.1163	0.0673	0.0489	0.0000	0.0000	0.0000	0.0000	0.0000	0.0000	0.0000	0.0000	0.0000	0.0000	0.0000	0.0000	0.0000	0.0000	0.0000	0.0000	0.0000	0.0000											
1	39	0.0609	2	0	1	1	1	0	0	0	0	N	N	N	N	N	N	N	N	N	N	N	N	0.0000	0.0000	0.0000	0.0000	0.0000	0.0000	0.0000	0.0000	0.0000	0.0000	0.0000	0.0000	0.0000	0.0000	0.0000	0.0000	0.0000	0.1267	0.0006	0.4224	1.4187	0.0030	1.3128	0.1045	0.0000	0.3250	350.9935	0.0000	0.0080	1.0000	0.0217	9.0150	6.0735	0.0000	0.0000	0.0000	0.0000	0.0000	0.0000	0.0000	0.0000	0.0000	0.0175	0.0000	0.0175	0.0053	0.0000	0.0052	0.0122	0.0000	0.0122	0.0011	0.0009	0.0002	0.0004	0.0004	0.0000	0.0007	0.0005	0.0002	0.1383	0.0808	0.0574	0.0210	0.0168	0.0043	0.1172	0.0640	0.0532	0.0000	0.0000	0.0000	0.0000	0.0000	0.0000	0.0000	0.0000	0.0000	0.1267	0.0006	0.3041	0.2505	0.0030	1.2283	0.1045	0.0000	0.2303		
1	42	0.1586	5	1	0	2	1	0	0	0	0	N	N	Y	N	N	N	N	N	N	N	N	N	0.0000	0.0000	0.0000	0.0000	0.0000	0.0000	0.0000	0.0000	0.0000	0.0000	0.0000	0.0000	0.0000	0.0000	0.0000	0.0000	0.0000	0.0000	0.0000	0.0000	1.0000	0.0000	9.0150	0.0000	0.0000	0.0000	0.0000	0.0000	0.0000	0.0000	0.0000	0.0000	0.0000	0.0000	0.0000	0.0000	0.0000	0.0000	0.0000	0.0000	0.0000	0.0000	0.0000	0.0000	0.0000	0.0000	0.0000	0.0000	0.0000	0.0000	0.0000	0.0000	0.0000	0.0000	0.0000	0.0000	0.0000	0.0000	0.0000	0.0000	0.0000	0.0000	0.0000	0.0000	0.0000	0.0000	0.0000	0.0000	0.0000	0.0000	0.0000	0.0000	0.0000	0.0000	0.0000	0.0000	0.0000	0.0000											
1	43	0.1418	4	1	0	2	1	0	0	0	0	N	N	Y	N	N	N	N	N	N	N	N	N	0.0000	0.0000	0.0000	0.0000	0.0000	0.0000	0.0000	0.0000	0.0000	0.0000	0.0000	0.0000	0.0000	0.0000	0.0000	0.0000	0.0000	0.0000	0.0000	0.0000	1.0000	1.0000	9.0150	3.0000	0.0000	0.0000	0.0000	0.0000	0.0000	0.0000	0.0000	0.0000	0.0000	0.0000	0.0000	0.0000	0.0000	0.0000	0.0000	0.0000	0.0000	0.0000	0.0135	0.0115	0.0020	0.0007	0.0006	0.0000	0.0129	0.0109	0.0020	0.0762	0.0455	0.0307	0.0073	0.0056	0.0017	0.0689	0.0399	0.0290	0.0000	0.0000	0.0000	0.0000	0.0000	0.0000	0.0000	0.0000	0.0000	0.0000	0.0000	0.0000	0.0000	0.0000	0.0000	0.0000	0.0000	0.0000											
1	44	0.1418	4	1	0	2	1	0	0	0	0	N	N	Y	N	N	N	N	N	N	N	N	N	0.0000	0.0000	0.0000	0.0000	0.0000	0.0000	0.0000	0.0000	0.0000	0.0000	0.0000	0.0000	0.0000	0.0000	0.0000	0.0000	0.0000	0.0000	0.0000	0.0000	1.0000	1.0000	9.0150	3.0000	0.0000	0.0000	0.0000	0.0000	0.0000	0.0000	0.0000	0.0000	0.0000	0.0000	0.0000	0.0000	0.0000	0.0000	0.0000	0.0000	0.0000	0.0000	0.0135	0.0115	0.0020	0.0007	0.0006	0.0000	0.0129	0.0109	0.0020	0.0762	0.0455	0.0307	0.0073	0.0056	0.0017	0.0689	0.0399	0.0290	0.0000	0.0000	0.0000	0.0000	0.0000	0.0000	0.0000	0.0000	0.0000	0.0000	0.0000	0.0000	0.0000	0.0000	0.0000	0.0000	0.0000	0.0000											
1	45	0.0865	2	0	0	2	1	0	0	0	0	N	N	Y	N	N	N	N	N	N	N	N	N	0.0000	0.0000	0.0000	0.0000	0.0000	0.0000	0.0000	0.0000	0.0000	0.0000	0.0000	0.0000	0.0000	0.0000	0.0000	0.0000	0.0000	0.0000	0.0000	0.0000	1.0000	0.0000	9.0150	0.0000	0.0000	0.0000	0.0000	0.0000	0.0000	0.0000	0.0000	0.0000	0.0000	0.0000	0.0000	0.0000	0.0000	0.0000	0.0000	0.0000	0.0000	0.0000	0.0000	0.0000	0.0000	0.0000	0.0000	0.0000	0.0000	0.0000	0.0000	0.0000	0.0000	0.0000	0.0000	0.0000	0.0000	0.0000	0.0000	0.0000	0.0000	0.0000	0.0000	0.0000	0.0000	0.0000	0.0000	0.0000	0.0000	0.0000	0.0000	0.0000	0.0000	0.0000	0.0000	0.0000	0.0000	0.0000											
1	47	0.1145	3	0	1	1	1	0	0	0	0	N	N	N	N	N	N	N	N	N	N	N	N	0.0000	0.0000	0.0000	0.0000	0.0000	0.0000	0.0000	0.0000	0.0000	0.0000	0.0000	0.0000	0.0000	0.0000	0.0000	0.0000	0.0000	0.0000	0.0000	0.0000	1.0000	0.0000	9.0150	0.0000	0.0000	0.0000	0.0000	0.0000	0.0000	0.0000	0.0000	0.0000	0.0000	0.0000	0.0000	0.0000	0.0000	0.0000	0.0000	0.0000	0.0000	0.0000	0.0000	0.0000	0.0000	0.0000	0.0000	0.0000	0.0000	0.0000	0.0000	0.0000	0.0000	0.0000	0.0000	0.0000	0.0000	0.0000	0.0000	0.0000	0.0000	0.0000	0.0000	0.0000	0.0000	0.0000	0.0000	0.0000	0.0000	0.0000	0.0000	0.0000	0.0000	0.0000	0.0000	0.0000	0.0000	0.0000											
1	48	0.1743	6	1	1	2	1	0	0	0	0	N	N	Y	N	N	N	N	N	N	N	N	N	0.0000	0.0000	0.0000	0.0000	0.0000	0.0000	0.0000	0.0000	0.0000	0.0000	0.0000	0.0000	0.0000	0.0000	0.0000	0.0000	0.0000	0.0000	0.0000	0.0000	1.0000	0.0000	9.0150	2.0152	0.0000	0.0000	0.0000	0.0000	0.0000	0.0000	0.0000	0.0000	0.0000	0.0000	0.0000	0.0000	0.0000	0.0000	0.0000	0.0000	0.0000	0.0000	0.0000	0.0000	0.0000	0.0000	0.0000	0.0000	0.0000	0.0000	0.0000	0.0423	0.0254	0.0169	0.0071	0.0058	0.0013	0.0351	0.0196	0.0156	0.0000	0.0000	0.0000	0.0000	0.0000	0.0000	0.0000	0.0000	0.0000	0.0000	0.0000	0.0000	0.0000	0.0000	0.0000	0.0000	0.0000	0.0000											
1	49	0.1701	5	1	0	2	1	0	0	0	0	N	N	Y	N	N	N	N	N	N	N	N	N	0.0000	0.0000	0.0000	0.0000	0.0000	0.0000	0.0000	0.0000	0.0000	0.0000	0.0000	0.0000	0.0000	0.0000	0.0000	0.0000	0.0000	0.0000	0.0000	0.0000	1.0000	0.0003	9.0150	1.0311	0.0000	0.0000	0.0000	0.0000	0.0000	0.0000	0.0000	0.0000	0.0000	0.0000	0.0000	0.0000	0.0000	0.0000	0.0000	0.0000	0.0000	0.0000	0.0000	0.0000	0.0000	0.0000	0.0000	0.0000	0.0000	0.0000	0.0000	0.0219	0.0133	0.0086	0.0036	0.0030	0.0006	0.0183	0.0103	0.0080	0.0000	0.0000	0.0000	0.0000	0.0000	0.0000	0.0000	0.0000	0.0000	0.0000	0.0000	0.0000	0.0000	0.0000	0.0000	0.0000	0.0000	0.0000											
1	50	0.1701	5	1	1	2	1	0	0	0	0	N	N	Y	N	N	N	N	N	N	N	N	N	0.0000	0.0000	0.0000	0.0000	0.0000	0.0000	0.0000	0.0000	0.0000	0.0000	0.0000	0.0000	0.0000	0.0000	0.0000	0.0000	0.0000	0.0000	0.0000	0.0000	1.0000	0.0003	9.0150	1.0126	0.0000	0.0000	0.0000	0.0000	0.0000	0.0000	0.0000	0.0000	0.0000	0.0000	0.0000	0.0000	0.0000	0.0000	0.0000	0.0000	0.0000	0.0000	0.0000	0.0000	0.0000	0.0000	0.0000	0.0000	0.0000	0.0000	0.0000	0.0216	0.0131	0.0085	0.0036	0.0030	0.0006	0.0180	0.0101	0.0079	0.0000	0.0000	0.0000	0.0000	0.0000	0.0000	0.0000	0.0000	0.0000	0.0000	0.0000	0.0000	0.0000	0.0000	0.0000	0.0000	0.0000	0.0000											
1	51	0.1993	4	1	1	1	1	0	0	0	0	N	N	N	N	N	N	N	N	N	N	N	N	0.0000	0.0000	0.0000	0.0000	0.0000	0.0000	0.0000	0.0000	0.0000	0.0000	0.0000	0.0000	0.0000	0.0000	0.0000	0.0000	0.0000	0.0000	0.0000	0.0000	1.0000	0.0000	9.0150	1.0000	0.0000	0.0000	0.0000	0.0000	0.0000	0.0000	0.0000	0.0000	0.0000	0.0000	0.0000	0.0000	0.0000	0.0000	0.0000	0.0000	0.0000	0.0000	0.0000	0.0000	0.0000	0.0000	0.0000	0.0000	0.0000	0.0000	0.0000	0.0200	0.0121	0.0079	0.0044	0.0035	0.0009	0.0156	0.0086	0.0070	0.0000	0.0000	0.0000	0.0000	0.0000	0.0000	0.0000	0.0000	0.0000	0.0000	0.0000	0.0000	0.0000	0.0000	0.0000	0.0000	0.0000	0.0000											
1	52	0.0825	3	0	1	1	2	0	0	0	0	N	N	N	Y	N	N	N	N	N	N	N	N	0.0000	0.0000	0.0000	0.0000	0.0000	0.0000	0.0000	0.0000	0.0000	0.0000	0.0000	0.0000	0.0000	0.0007	0.0010	0.0000	0.0040	0.0042	0.0000	0.0000	0.0000	0.0000	0.0000	0.0000	-0.0000	1.0000	0.9995	9.0150	1.0399	0.0000	0.0000	0.0000	0.0000	0.0000	0.0000	0.0000	0.0000	0.0000	0.0000	0.0000	0.0000	0.0000	0.0000	0.0000	0.0000	0.0000	0.0000	0.0137	0.0116	0.0021	0.0002	0.0002	0.0000	0.0134	0.0114	0.0021	0.0579	0.0382	0.0197	0.0099	0.0096	0.0003	0.0480	0.0286	0.0194	0.0000	0.0000	0.0000	0.0000	0.0000	0.0000	0.0000	0.0000	0.0000	0.0007	0.0010	0.0000	0.0040	0.0042	0.0000	0.0000	0.0000	0.0000						
1	53	0.0825	3	0	0	1	2	0	0	0	0	N	N	N	Y	N	N	N	N	N	N	N	N	0.0000	0.0000	0.0000	0.0000	0.0000	0.0000	0.0000	0.0000	0.0000	0.0000	0.0000	0.0000	0.0000	0.0000	0.0000	0.0000	0.0000	0.0000	0.0000	0.0000	1.0000	3.0005	9.0150	1.0125	0.0000	0.0000	0.0000	0.0000	0.0000	0.0000	0.0000	0.0000	0.0000	0.0000	0.0000	0.0000	0.0000	0.0000	0.0000	0.0000	0.0000	0.0000	0.0402	0.0341	0.0061	0.0006	0.0006	0.0000	0.0396	0.0335	0.0060	0.0974	0.0605	0.0369	0.0118	0.0112	0.0006	0.0856	0.0493	0.0363	0.0000	0.0000	0.0000	0.0000	0.0000	0.0000	0.0000	0.0000	0.0000	0.0000	0.0000	0.0000	0.0000	0.0000	0.0000	0.0000	0.0000	0.0000											
1	54	0.0743	2	0	0	1	2	0	0	0	0	N	N	N	Y	N	N	N	N	N	N	N	N	0.0000	0.0000	0.0000	0.0000	0.0000	0.0000	0.0000	0.0000	0.0000	0.0000	0.0000	0.0000	0.0000	0.0000	0.0000	0.0012	0.0018	0.0006	0.0000	0.0000	0.0000	0.0012	0.0018	0.0006	0.2488	0.0000	-0.0000	1.0000	0.0013	9.0150	1.9704	0.0000	0.0000	0.0000	0.0000	0.0000	0.0000	0.0000	0.0000	0.0000	0.0000	0.0000	0.0000	0.0000	0.0000	0.0000	0.0000	0.0000	0.0000	0.0000	0.0000	0.0000	0.0000	0.0000	0.0000	0.0000	0.0000	0.0000	0.0408	0.0227	0.0181	0.0006	0.0006	0.0000	0.0402	0.0221	0.0180	0.0000	0.0000	0.0000	0.0000	0.0000	0.0000	0.0000	0.0000	0.0000	0.0012	0.0018	0.0006	0.0000	0.0000	0.0000	0.0012	0.0018	0.0006				
1	56	0.1607	6	0	1	2	1	0	0	0	0	N	N	Y	N	N	N	N	N	N	N	N	N	0.0000	0.0000	0.0000	0.0000	0.0000	0.0000	0.0000	0.0000	0.0000	0.0000	0.0000	0.0000	0.0000	0.0000	0.0000	0.0001	0.0001	0.0000	0.0003	0.0003	0.0000	0.0000	0.0000	0.0000	0.0197	0.0000	-0.0000	1.0000	2.0013	9.0150	5.6727	0.0000	0.0000	0.0000	0.0000	0.0000	0.0000	0.0000	0.0000	0.0000	0.0000	0.0000	0.0000	0.0000	0.0000	0.0000	0.0000	0.0000	0.0000	0.0270	0.0230	0.0040	0.0014	0.0013	0.0001	0.0256	0.0217	0.0039	0.1818	0.1195	0.0623	0.0392	0.0347	0.0045	0.1426	0.0847	0.0578	0.0000	0.0000	0.0000	0.0000	0.0000	0.0000	0.0000	0.0000	0.0000	0.0001	0.0001	0.0000	0.0003	0.0003	0.0000	0.0000	0.0000	0.0000				
1	57	0.1569	5	0	1	1	1	0	0	0	0	N	N	N	N	N	N	N	N	N	N	N	N	0.0000	0.0000	0.0000	0.0000	0.0000	0.0000	0.0000	0.0000	0.0000	0.0000	0.0000	0.0000	0.0000	0.0000	0.0000	0.0002	0.0002	0.0000	0.0000	0.0000	0.0000	0.0002	0.0004	0.0000	0.0000	0.0000	-0.0000	1.0000	0.0033	9.0150	1.3874	0.0000	0.0000	0.0000	0.0000	0.0000	0.0000	0.0000	0.0000	0.0000	0.0000	0.0000	0.0000	0.0000	0.0000	0.0000	0.0000	0.0000	0.0000	0.0001	0.0001	0.0000	0.0000	0.0000	0.0000	0.0001	0.0000	0.0000	0.0657	0.0497	0.0160	0.0229	0.0220	0.0009	0.0428	0.0276	0.0151	0.0000	0.0000	0.0000	0.0000	0.0000	0.0000	0.0000	0.0000	0.0000	0.0002	0.0002	0.0000	0.0000	0.0000	0.0000	0.0002	0.0004	0.0000				
1	58	0.1418	4	1	0	2	1	0	0	0	0	N	N	Y	N	N	N	N	N	N	N	N	N	0.0000	0.0000	0.0000	0.0000	0.0000	0.0000	0.0000	0.0000	0.0000	0.0000	0.0000	0.0000	0.0000	0.0000	0.0000	0.0000	0.0000	0.0000	0.0000	0.0000	1.0000	0.0000	9.0150	2.0000	0.0000	0.0000	0.0000	0.0000	0.0000	0.0000	0.0000	0.0000	0.0000	0.0000	0.0000	0.0000	0.0000	0.0000	0.0000	0.0000	0.0000	0.0000	0.0000	0.0000	0.0000	0.0000	0.0000	0.0000	0.0000	0.0000	0.0000	0.0387	0.0231	0.0156	0.0037	0.0028	0.0009	0.0350	0.0203	0.0147	0.0000	0.0000	0.0000	0.0000	0.0000	0.0000	0.0000	0.0000	0.0000	0.0000	0.0000	0.0000	0.0000	0.0000	0.0000	0.0000	0.0000	0.0000											
1	59	0.1569	5	0	1	1	1	0	0	0	0	N	N	N	N	N	N	N	N	N	N	N	N	0.0000	0.0000	0.0000	0.0000	0.0000	0.0000	0.0000	0.0000	0.0000	0.0000	0.0000	0.0000	0.0000	0.0000	0.0000	0.0000	0.0000	0.0000	0.0000	0.0000	1.0000	1.9997	9.0150	3.4660	0.0000	0.0000	0.0000	0.0000	0.0000	0.0000	0.0000	0.0000	0.0000	0.0000	0.0000	0.0000	0.0000	0.0000	0.0000	0.0000	0.0000	0.0000	0.0268	0.0228	0.0040	0.0013	0.0012	0.0001	0.0255	0.0216	0.0039	0.1394	0.0935	0.0459	0.0317	0.0285	0.0032	0.1077	0.0650	0.0427	0.0000	0.0000	0.0000	0.0000	0.0000	0.0000	0.0000	0.0000	0.0000	0.0000	0.0000	0.0000	0.0000	0.0000	0.0000	0.0000	0.0000	0.0000											
1	60	0.1418	4	0	1	1	1	0	0	0	0	N	N	N	N	N	N	N	N	N	N	N	N	0.0000	0.0000	0.0000	0.0000	0.0000	0.0000	0.0000	0.0000	0.0000	0.0000	0.0000	0.0000	0.0000	0.0000	0.0000	0.0000	0.0000	0.0000	0.0000	0.0000	1.0000	0.0005	9.0150	3.6054	0.0000	0.0000	0.0000	0.0000	0.0000	0.0000	0.0000	0.0000	0.0000	0.0000	0.0000	0.0000	0.0000	0.0000	0.0000	0.0000	0.0000	0.0000	0.0000	0.0000	0.0000	0.0000	0.0000	0.0000	0.0000	0.0000	0.0000	0.0689	0.0411	0.0278	0.0066	0.0050	0.0015	0.0623	0.0361	0.0262	0.0000	0.0000	0.0000	0.0000	0.0000	0.0000	0.0000	0.0000	0.0000	0.0000	0.0000	0.0000	0.0000	0.0000	0.0000	0.0000	0.0000	0.0000											
1	61	0.1145	3	0	0	2	1	0	0	0	0	N	N	Y	N	N	N	N	N	N	N	N	N	0.0000	0.0000	0.0000	0.0000	0.0000	0.0000	0.0000	0.0000	0.0000	0.0000	0.0000	0.0000	0.0000	0.0000	0.0000	0.0000	0.0000	0.0000	0.0000	0.0000	1.0000	0.0000	9.0150	1.0000	0.0000	0.0000	0.0000	0.0000	0.0000	0.0000	0.0000	0.0000	0.0000	0.0000	0.0000	0.0000	0.0000	0.0000	0.0000	0.0000	0.0000	0.0000	0.0000	0.0000	0.0000	0.0000	0.0000	0.0000	0.0000	0.0000	0.0000	0.0198	0.0112	0.0087	0.0016	0.0012	0.0005	0.0182	0.0100	0.0082	0.0000	0.0000	0.0000	0.0000	0.0000	0.0000	0.0000	0.0000	0.0000	0.0000	0.0000	0.0000	0.0000	0.0000	0.0000	0.0000	0.0000	0.0000											
1	62	0.1103	2	0	0	1	1	0	0	0	0	N	N	N	N	N	N	N	N	N	N	N	N	0.0000	0.0000	0.0000	0.0000	0.0000	0.0000	0.0000	0.0000	0.0000	0.0000	0.0000	0.0000	0.0000	0.0000	0.0000	0.0177	0.0000	0.0469	0.0449	0.0000	0.6718	0.0123	0.0000	0.0285	inf	0.0000	0.0002	1.0000	0.0001	9.0150	1.0076	0.0000	0.0000	0.0000	0.0000	0.0000	0.0000	0.0000	0.0000	0.0000	0.0004	0.0000	0.0004	0.0002	0.0000	0.0002	0.0003	0.0000	0.0003	0.0000	0.0000	0.0000	0.0000	0.0000	0.0000	0.0000	0.0000	0.0000	0.0253	0.0157	0.0096	0.0042	0.0038	0.0005	0.0211	0.0120	0.0091	0.0000	0.0000	0.0000	0.0000	0.0000	0.0000	0.0000	0.0000	0.0000	0.0177	0.0000	0.0469	0.0449	0.0000	0.4004	0.0123	0.0000	0.0285				
1	64	0.1418	4	1	1	1	1	0	0	0	0	N	N	N	N	N	N	N	N	N	N	N	N	inf	inf	inf	inf	19.0035	0.0000	128.6524	0.0000	0.0000	0.0000	19.9727	0.0000	130.8878	0.0000	0.0000	0.0000	0.0000	0.0000	0.0000	0.0000	0.0000	0.0000	inf	0.5383	0.0000	1.0000	4.0000	9.0150	3.0000	1.0000	0.0000	1.0000	0.0000	0.0000	0.0000	1.0000	0.0000	1.0000	0.0000	0.0000	0.0000	0.0000	0.0000	0.0000	0.0000	0.0000	0.0000	0.0526	0.0448	0.0078	0.0026	0.0024	0.0001	0.0501	0.0424	0.0076	0.1303	0.0778	0.0525	0.0125	0.0096	0.0029	0.1178	0.0682	0.0496	inf	0.0000	inf	0.0000	0.0000	0.0000	inf	0.0000	inf	0.0000	0.0000	0.0000	0.0000	0.0000	0.0000	0.0000	0.0000	0.0000						
1	65	0.1000	3	0	0	1	1	0	0	0	0	N	N	N	N	N	N	N	N	N	N	N	N	inf	inf	inf	inf	0.0044	0.0000	0.0290	0.0000	0.0000	0.0000	0.0045	0.0000	0.0291	0.0000	0.0000	0.0000	0.0000	0.0000	0.0000	0.0000	0.0000	0.0000	inf	0.0001	0.0000	1.0000	2.0015	9.0150	10.0016	0.0001	0.0000	0.0001	0.0000	0.0000	0.0000	0.0001	0.0000	0.0001	0.0000	0.0000	0.0000	0.0000	0.0000	0.0000	0.0000	0.0000	0.0000	0.0272	0.0231	0.0041	0.0003	0.0003	0.0000	0.0269	0.0228	0.0041	0.2236	0.1268	0.0968	0.0147	0.0111	0.0036	0.2089	0.1157	0.0932	inf	0.0000	inf	0.0000	0.0000	0.0000	inf	0.0000	inf	0.0000	0.0000	0.0000	0.0000	0.0000	0.0000	0.0000	0.0000	0.0000						
1	67	0.2548	5	0	0	1	1	0	0	0	0	N	N	N	N	N	N	N	N	N	N	N	N	0.0001	0.0000	0.4470	0.0000	0.0000	0.0000	0.0001	0.0000	0.4135	0.0003	0.0000	0.0020	0.0000	0.0000	0.0000	0.0003	0.0000	0.0021	2.0528	3.1122	0.0045	0.2029	0.2941	0.0024	2.5167	4.3324	0.0050	inf	0.0009	0.0000	-0.4883	1.0000	4.8614	9.0150	14.2102	0.0000	0.0000	0.0000	0.0000	0.0000	0.0000	0.0000	0.0000	0.0000	0.9058	0.9050	0.0008	0.0271	0.0270	0.0001	0.8787	0.8780	0.0007	0.0717	0.0618	0.0099	0.0070	0.0067	0.0002	0.0648	0.0551	0.0097	0.5720	0.3919	0.1801	0.2228	0.1892	0.0336	0.3492	0.2027	0.1465	0.0002	0.0000	0.4470	0.0000	0.0000	0.0000	0.0001	0.0000	0.4135	1.5836	2.3095	0.0045	0.1216	0.1428	0.0024	2.5167	4.3324	0.0050
1	68	0.1757	7	1	1	2	1	0	0	0	0	N	N	Y	N	N	N	N	N	N	N	N	N	0.0000	0.0000	0.0000	0.0000	0.0000	0.0000	0.0000	0.0000	0.0000	0.0000	0.0000	0.0000	0.0000	0.0000	0.0000	0.0000	0.0000	0.0000	0.0000	0.0000	1.0000	0.0000	9.0150	0.0000	0.0000	0.0000	0.0000	0.0000	0.0000	0.0000	0.0000	0.0000	0.0000	0.0000	0.0000	0.0000	0.0000	0.0000	0.0000	0.0000	0.0000	0.0000	0.0000	0.0000	0.0000	0.0000	0.0000	0.0000	0.0000	0.0000	0.0000	0.0000	0.0000	0.0000	0.0000	0.0000	0.0000	0.0000	0.0000	0.0000	0.0000	0.0000	0.0000	0.0000	0.0000	0.0000	0.0000	0.0000	0.0000	0.0000	0.0000	0.0000	0.0000	0.0000	0.0000	0.0000	0.0000	0.0000											
1	69	0.1716	6	1	0	2	1	0	0	0	0	N	N	Y	N	N	N	N	N	N	N	N	N	0.0000	0.0000	0.0000	0.0000	0.0000	0.0000	0.0000	0.0000	0.0000	0.0000	0.0000	0.0000	0.0000	0.0000	0.0000	0.0000	0.0000	0.0000	0.0000	0.0000	1.0000	0.0016	9.0150	0.9826	0.0000	0.0000	0.0000	0.0000	0.0000	0.0000	0.0000	0.0000	0.0000	0.0000	0.0000	0.0000	0.0000	0.0000	0.0000	0.0000	0.0000	0.0000	0.0001	0.0001	0.0000	0.0000	0.0000	0.0000	0.0001	0.0000	0.0000	0.0210	0.0129	0.0081	0.0041	0.0035	0.0007	0.0169	0.0095	0.0074	0.0000	0.0000	0.0000	0.0000	0.0000	0.0000	0.0000	0.0000	0.0000	0.0000	0.0000	0.0000	0.0000	0.0000	0.0000	0.0000	0.0000	0.0000											
1	70	0.1588	5	1	0	2	1	0	0	0	0	N	N	Y	N	N	N	N	N	N	N	N	N	0.0000	0.0000	0.0000	0.0000	0.0000	0.0000	0.0000	0.0000	0.0000	0.0000	0.0000	0.0000	0.0000	0.0000	0.0000	0.0002	0.0002	0.0000	0.0009	0.0010	0.0001	0.0000	0.0000	0.0000	0.0197	0.0000	-0.0000	1.0000	0.0061	9.0150	3.0249	0.0000	0.0000	0.0000	0.0000	0.0000	0.0000	0.0000	0.0000	0.0000	0.0000	0.0000	0.0000	0.0000	0.0000	0.0000	0.0000	0.0000	0.0000	0.0002	0.0002	0.0000	0.0001	0.0001	0.0000	0.0001	0.0001	0.0000	0.0647	0.0400	0.0247	0.0115	0.0097	0.0018	0.0532	0.0303	0.0229	0.0000	0.0000	0.0000	0.0000	0.0000	0.0000	0.0000	0.0000	0.0000	0.0002	0.0002	0.0000	0.0009	0.0010	0.0001	0.0000	0.0000	0.0000				
1	71	0.1418	4	1	0	2	1	0	0	0	0	N	N	Y	N	N	N	N	N	N	N	N	N	0.0000	0.0000	0.0000	0.0000	0.0000	0.0000	0.0000	0.0000	0.0000	0.0000	0.0000	0.0000	0.0000	0.0000	0.0000	0.0001	0.0002	0.0000	0.0000	0.0000	0.0000	0.0001	0.0002	0.0000	0.0000	0.0000	-0.0000	1.0000	0.0044	9.0150	4.0281	0.0000	0.0000	0.0000	0.0000	0.0000	0.0000	0.0000	0.0000	0.0000	0.0000	0.0000	0.0000	0.0000	0.0000	0.0000	0.0000	0.0000	0.0000	0.0001	0.0001	0.0000	0.0000	0.0000	0.0000	0.0001	0.0000	0.0000	0.0768	0.0458	0.0309	0.0073	0.0056	0.0017	0.0694	0.0402	0.0292	0.0000	0.0000	0.0000	0.0000	0.0000	0.0000	0.0000	0.0000	0.0000	0.0001	0.0002	0.0000	0.0000	0.0000	0.0000	0.0001	0.0002	0.0000				
1	72	0.1000	3	0	1	1	1	0	0	0	0	N	N	N	N	N	N	N	N	N	N	N	N	inf	inf	inf	inf	0.0015	0.0000	0.0102	0.0000	0.0000	0.0000	0.0015	0.0000	0.0103	0.0000	0.0000	0.0000	0.0000	0.0000	0.0000	0.0000	0.0000	0.0000	inf	0.0001	0.0000	1.0000	5.9987	9.0150	11.0016	0.0001	0.0000	0.0001	0.0000	0.0000	0.0000	0.0001	0.0000	0.0001	0.0000	0.0000	0.0000	0.0000	0.0000	0.0000	0.0000	0.0000	0.0000	0.0784	0.0667	0.0118	0.0008	0.0007	0.0001	0.0776	0.0659	0.0117	0.3048	0.1732	0.1316	0.0202	0.0152	0.0050	0.2846	0.1580	0.1266	inf	0.0000	inf	0.0000	0.0000	0.0000	inf	0.0000	inf	0.0000	0.0000	0.0000	0.0000	0.0000	0.0000	0.0000	0.0000	0.0000						
1	73	0.1418	4	1	0	2	1	0	0	0	0	N	N	Y	N	N	N	N	N	N	N	N	N	0.0000	0.0000	0.0000	0.0000	0.0000	0.0000	0.0000	0.0000	0.0000	0.0000	0.0000	0.0000	0.0000	0.0000	0.0000	0.0000	0.0000	0.0000	0.0000	0.0000	1.0000	2.0000	9.0150	5.0000	0.0000	0.0000	0.0000	0.0000	0.0000	0.0000	0.0000	0.0000	0.0000	0.0000	0.0000	0.0000	0.0000	0.0000	0.0000	0.0000	0.0000	0.0000	0.0268	0.0228	0.0040	0.0013	0.0012	0.0001	0.0255	0.0216	0.0039	0.1303	0.0778	0.0525	0.0125	0.0096	0.0029	0.1178	0.0682	0.0496	0.0000	0.0000	0.0000	0.0000	0.0000	0.0000	0.0000	0.0000	0.0000	0.0000	0.0000	0.0000	0.0000	0.0000	0.0000	0.0000	0.0000	0.0000											
1	74	0.1417	5	0	1	1	1	0	0	0	0	N	N	N	N	N	N	N	N	N	N	N	N	0.0000	0.0000	0.0000	0.0000	0.0000	0.0000	0.0000	0.0000	0.0000	0.0000	0.0000	0.0000	0.0000	0.0000	0.0000	0.0000	0.0000	0.0000	5.2302	8.8757	0.0000	0.0277	0.0300	0.0008	5.5999	9.8993	0.0000	0.0000	0.0000	-1.0772	1.0000	6.1274	9.0150	13.6208	0.0000	0.0000	0.0000	0.0000	0.0000	0.0000	0.0000	0.0000	0.0000	1.9950	1.9950	0.0000	0.0007	0.0007	0.0000	1.9943	1.9943	0.0000	0.0828	0.0705	0.0123	0.0024	0.0023	0.0001	0.0804	0.0682	0.0122	0.3814	0.2248	0.1567	0.0253	0.0233	0.0020	0.3561	0.2015	0.1547	0.0000	0.0000	0.0000	0.0000	0.0000	0.0000	0.0000	0.0000	0.0000	5.2302	8.8757	0.0000	0.0277	0.0300	0.0008	5.5999	9.8993	0.0000	
1	75	0.1663	8	0	0	2	1	0	0	0	0	N	N	Y	N	N	N	N	N	N	N	N	N	0.0000	0.0000	0.0000	0.0000	0.0000	0.0000	0.0000	0.0000	0.0000	0.0000	0.0000	0.0000	0.0000	0.0000	0.0000	0.0000	0.0000	0.0000	0.0000	0.0000	1.0000	0.0000	9.0150	1.0003	0.0000	0.0000	0.0000	0.0000	0.0000	0.0000	0.0000	0.0000	0.0000	0.0000	0.0000	0.0000	0.0000	0.0000	0.0000	0.0000	0.0000	0.0000	0.0000	0.0000	0.0000	0.0000	0.0000	0.0000	0.0000	0.0000	0.0000	0.0205	0.0121	0.0084	0.0011	0.0009	0.0001	0.0194	0.0112	0.0083	0.0000	0.0000	0.0000	0.0000	0.0000	0.0000	0.0000	0.0000	0.0000	0.0000	0.0000	0.0000	0.0000	0.0000	0.0000	0.0000	0.0000	0.0000											
1	76	0.1622	7	0	0	2	1	0	0	0	0	N	N	Y	N	N	N	N	N	N	N	N	N	0.0000	0.0000	0.0000	0.0000	0.0000	0.0000	0.0000	0.0000	0.0000	0.0000	0.0000	0.0000	0.0000	0.0000	0.0000	0.0000	0.0000	0.0000	0.0000	0.0000	1.0000	0.0000	9.0150	1.0076	0.0000	0.0000	0.0000	0.0000	0.0000	0.0000	0.0000	0.0000	0.0000	0.0000	0.0000	0.0000	0.0000	0.0000	0.0000	0.0000	0.0000	0.0000	0.0000	0.0000	0.0000	0.0000	0.0000	0.0000	0.0000	0.0000	0.0000	0.0204	0.0120	0.0084	0.0008	0.0007	0.0001	0.0196	0.0113	0.0083	0.0000	0.0000	0.0000	0.0000	0.0000	0.0000	0.0000	0.0000	0.0000	0.0000	0.0000	0.0000	0.0000	0.0000	0.0000	0.0000	0.0000	0.0000											
1	77	0.1581	6	0	0	1	1	0	0	0	0	N	N	N	N	N	N	N	N	N	N	N	N	0.0000	0.0000	0.0000	0.0000	0.0000	0.0000	0.0000	0.0000	0.0000	0.0000	0.0000	0.0000	0.0000	0.0005	0.0008	0.0000	0.0121	0.0137	0.0000	0.0000	0.0000	0.0000	0.0000	0.0000	-0.0000	1.0000	0.0026	9.0150	0.9924	0.0000	0.0000	0.0000	0.0000	0.0000	0.0000	0.0000	0.0000	0.0000	0.0000	0.0000	0.0000	0.0000	0.0000	0.0000	0.0000	0.0000	0.0000	0.0001	0.0001	0.0000	0.0000	0.0000	0.0000	0.0001	0.0001	0.0000	0.0202	0.0119	0.0083	0.0008	0.0007	0.0001	0.0194	0.0111	0.0082	0.0000	0.0000	0.0000	0.0000	0.0000	0.0000	0.0000	0.0000	0.0000	0.0005	0.0008	0.0000	0.0121	0.0137	0.0000	0.0000	0.0000	0.0000						
1	78	0.1417	5	0	0	1	1	0	0	0	0	N	N	N	N	N	N	N	N	N	N	N	N	0.0000	0.0000	0.0000	0.0000	0.0000	0.0000	0.0000	0.0000	0.0000	0.0000	0.0000	0.0000	0.0000	0.0000	0.0000	0.0000	0.0000	0.0000	0.0488	0.0770	0.0000	2.2319	2.2710	0.0032	0.0001	0.0002	0.0000	0.0003	0.0000	-0.0031	1.0000	2.8733	9.0150	1.5522	0.0000	0.0000	0.0000	0.0000	0.0000	0.0000	0.0000	0.0000	0.0000	0.0058	0.0058	0.0000	0.0058	0.0057	0.0000	0.0000	0.0000	0.0000	0.0418	0.0356	0.0062	0.0020	0.0020	0.0000	0.0397	0.0336	0.0061	0.1180	0.0748	0.0432	0.0172	0.0167	0.0005	0.1008	0.0580	0.0427	0.0000	0.0000	0.0000	0.0000	0.0000	0.0000	0.0000	0.0000	0.0000	0.0488	0.0770	0.0000	0.3340	0.3437	0.0032	0.0001	0.0002	0.0000	
1	79	0.1296	4	0	0	1	1	0	0	0	0	N	N	N	N	N	N	N	N	N	N	N	N	0.0000	0.0000	0.0000	0.0000	0.0000	0.0000	0.0000	0.0000	0.0000	0.0000	0.0000	0.0000	0.0000	0.0000	0.0000	0.0000	0.0000	0.0000	0.0676	0.0951	0.0040	0.1436	0.1547	0.0027	0.0554	0.0901	0.0041	0.0183	0.0000	-0.0050	1.0000	0.2102	9.0150	3.4985	0.0000	0.0000	0.0000	0.0000	0.0000	0.0000	0.0000	0.0000	0.0000	0.0097	0.0095	0.0002	0.0039	0.0039	0.0000	0.0057	0.0056	0.0002	0.0048	0.0041	0.0006	0.0010	0.0010	0.0000	0.0038	0.0032	0.0006	0.1430	0.0999	0.0432	0.0395	0.0381	0.0014	0.1036	0.0618	0.0418	0.0000	0.0000	0.0000	0.0000	0.0000	0.0000	0.0000	0.0000	0.0000	0.0676	0.0951	0.0040	0.0996	0.1032	0.0027	0.0554	0.0901	0.0041	
1	80	0.0732	4	0	1	1	1	0	0	0	0	N	N	N	N	N	N	N	N	N	N	N	N	0.0000	0.0000	0.0000	0.0000	0.0000	0.0000	0.0000	0.0000	0.0000	0.0000	0.0000	0.0000	0.0000	0.0000	0.0000	0.0000	0.0000	0.0264	0.0460	0.0002	5.9871	6.1610	0.0034	0.0001	0.0000	0.0001	0.0024	0.0000	-0.0024	1.0000	2.0196	9.0150	6.0690	0.0000	0.0000	0.0000	0.0000	0.0000	0.0000	0.0000	0.0000	0.0000	0.0044	0.0044	0.0000	0.0044	0.0044	0.0000	0.0000	0.0000	0.0000	0.0276	0.0235	0.0042	0.0007	0.0007	0.0000	0.0269	0.0228	0.0041	0.1672	0.0959	0.0713	0.0074	0.0072	0.0002	0.1599	0.0887	0.0711	0.0000	0.0000	0.0000	0.0000	0.0000	0.0000	0.0000	0.0000	0.0000	0.0264	0.0460	0.0002	0.5963	0.6156	0.0034	0.0001	0.0000	0.0001		
1	81	0.0650	3	0	0	1	1	0	0	0	0	N	N	N	N	N	N	N	N	N	N	N	N	0.0000	0.0000	0.0000	0.0000	0.0000	0.0000	0.0000	0.0000	0.0000	0.0000	0.0000	0.0000	0.0000	0.0000	0.0000	0.0000	0.0000	0.0000	0.1090	0.2530	0.0114	0.0534	0.0540	0.0004	0.1103	0.1906	0.0114	0.0482	0.0000	-0.0023	1.0000	0.9876	9.0150	0.9833	0.0000	0.0000	0.0000	0.0000	0.0000	0.0000	0.0000	0.0000	0.0000	0.0046	0.0044	0.0002	0.0001	0.0001	0.0000	0.0045	0.0043	0.0002	0.0134	0.0114	0.0021	0.0001	0.0001	0.0000	0.0133	0.0112	0.0020	0.0418	0.0235	0.0183	0.0009	0.0009	0.0000	0.0409	0.0226	0.0183	0.0000	0.0000	0.0000	0.0000	0.0000	0.0000	0.0000	0.0000	0.0000	0.1090	0.1852	0.0114	0.0534	0.0540	0.0004	0.1103	0.1906	0.0114	
1	82	0.1701	5	1	0	2	1	0	0	0	0	N	N	Y	N	N	N	N	N	N	N	N	N	0.0000	0.0000	0.0000	0.0000	0.0000	0.0000	0.0000	0.0000	0.0000	0.0000	0.0000	0.0000	0.0000	0.0000	0.0000	0.0000	0.0000	0.0000	0.0000	0.0000	1.0000	1.0000	9.0150	2.9874	0.0000	0.0000	0.0000	0.0000	0.0000	0.0000	0.0000	0.0000	0.0000	0.0000	0.0000	0.0000	0.0000	0.0000	0.0000	0.0000	0.0000	0.0000	0.0136	0.0116	0.0021	0.0001	0.0001	0.0000	0.0136	0.0115	0.0021	0.0797	0.0472	0.0324	0.0123	0.0099	0.0024	0.0674	0.0374	0.0300	0.0000	0.0000	0.0000	0.0000	0.0000	0.0000	0.0000	0.0000	0.0000	0.0000	0.0000	0.0000	0.0000	0.0000	0.0000	0.0000	0.0000	0.0000											
1	83	0.1418	4	1	0	2	1	0	0	0	0	N	N	Y	N	N	N	N	N	N	N	N	N	0.0000	0.0000	0.0000	0.0000	0.0000	0.0000	0.0000	0.0000	0.0000	0.0000	0.0000	0.0000	0.0000	0.0000	0.0000	0.0000	0.0000	0.0000	0.0000	0.0000	1.0000	0.9997	9.0150	6.0128	0.0000	0.0000	0.0000	0.0000	0.0000	0.0000	0.0000	0.0000	0.0000	0.0000	0.0000	0.0000	0.0000	0.0000	0.0000	0.0000	0.0000	0.0000	0.0135	0.0115	0.0020	0.0007	0.0006	0.0000	0.0129	0.0109	0.0020	0.1306	0.0780	0.0526	0.0125	0.0096	0.0029	0.1180	0.0683	0.0497	0.0000	0.0000	0.0000	0.0000	0.0000	0.0000	0.0000	0.0000	0.0000	0.0000	0.0000	0.0000	0.0000	0.0000	0.0000	0.0000	0.0000	0.0000											
1	84	0.1000	3	0	1	1	2	0	0	0	0	N	N	N	Y	N	N	N	N	N	N	N	N	3.4111	2.2830	inf	inf	0.0000	0.0000	9.7417	11.4448	0.0000	966.0160	1046.9099	0.0000	0.0000	0.0000	0.0000	2.8559	5.0130	0.0000	0.0000	0.0000	0.0000	3.0555	5.4974	0.0000	0.0000	0.0000	-0.4617	-0.5399	1.0000	8.0013	9.0150	12.0015	0.9999	0.9999	0.0000	0.9999	0.9999	0.0000	0.0000	0.0000	0.0000	1.0000	1.0000	0.0000	0.0000	0.0000	0.0000	1.0000	1.0000	0.0000	0.1026	0.0874	0.0153	0.0010	0.0010	0.0001	0.1016	0.0864	0.0152	0.3506	0.1995	0.1511	0.0233	0.0176	0.0058	0.3273	0.1819	0.1454	3.4156	2.2830	0.0000	inf	inf	0.0000	0.0000	0.0000	0.0000	2.8521	5.0130	0.0000	0.0000	0.0000	0.0000	3.0555	5.4974	0.0000			
1	87	0.1418	4	0	1	1	1	0	0	0	0	N	N	N	N	N	N	N	N	N	N	N	N	inf	inf	inf	inf	19.0035	0.0000	128.6524	0.0000	0.0000	0.0000	19.9727	0.0000	130.8878	0.0000	0.0000	0.0000	0.0000	0.0000	0.0000	0.0000	0.0000	0.0000	inf	0.5383	0.0000	1.0000	4.0000	9.0150	7.0000	1.0000	0.0000	1.0000	0.0000	0.0000	0.0000	1.0000	0.0000	1.0000	0.0000	0.0000	0.0000	0.0000	0.0000	0.0000	0.0000	0.0000	0.0000	0.0526	0.0448	0.0078	0.0026	0.0024	0.0001	0.0501	0.0424	0.0076	0.1989	0.1188	0.0801	0.0193	0.0147	0.0045	0.1796	0.1040	0.0756	inf	0.0000	inf	0.0000	0.0000	0.0000	inf	0.0000	inf	0.0000	0.0000	0.0000	0.0000	0.0000	0.0000	0.0000	0.0000	0.0000						
1	88	0.1000	3	0	0	1	1	0	0	0	0	N	N	N	N	N	N	N	N	N	N	N	N	inf	inf	inf	inf	24.7718	29.1968	0.0000	2333.8292	2520.1074	0.0000	0.0000	0.0000	0.0000	0.0000	0.0000	0.0000	0.0000	0.0000	0.0000	0.0000	0.0000	0.0000	0.0000	-0.4617	0.0000	1.0000	2.9985	9.0150	7.0016	0.9999	0.9999	0.0000	0.9999	0.9999	0.0000	0.0000	0.0000	0.0000	0.0000	0.0000	0.0000	0.0000	0.0000	0.0000	0.0000	0.0000	0.0000	0.0404	0.0342	0.0061	0.0004	0.0004	0.0000	0.0399	0.0338	0.0061	0.1892	0.1072	0.0820	0.0124	0.0094	0.0030	0.1768	0.0978	0.0789	inf	inf	0.0000	inf	inf	0.0000	0.0000	0.0000	0.0000	0.0000	0.0000	0.0000	0.0000	0.0000	0.0000	0.0000	0.0000	0.0000						
1	89	0.0735	4	0	1	1	1	0	0	0	0	N	N	N	N	N	N	N	N	N	N	N	N	0.0000	0.0000	0.0000	0.0000	0.0000	0.0000	0.0000	0.0000	0.0000	0.0000	0.0000	0.0000	0.0000	0.0000	0.0000	0.0000	0.0000	0.0002	0.0003	0.0001	0.0031	0.0036	0.0002	0.0001	0.0000	0.0001	0.3449	0.0000	-0.0000	1.0000	0.0157	9.0150	9.0253	0.0000	0.0000	0.0000	0.0000	0.0000	0.0000	0.0000	0.0000	0.0000	0.0000	0.0000	0.0000	0.0000	0.0000	0.0000	0.0000	0.0000	0.0000	0.0008	0.0007	0.0001	0.0003	0.0003	0.0000	0.0005	0.0004	0.0001	0.1843	0.1042	0.0801	0.0099	0.0082	0.0017	0.1744	0.0959	0.0785	0.0000	0.0000	0.0000	0.0000	0.0000	0.0000	0.0000	0.0000	0.0000	0.0002	0.0003	0.0001	0.0031	0.0036	0.0002	0.0001	0.0000	0.0001		
1	90	0.0650	3	0	1	1	1	0	0	0	0	N	N	N	N	N	N	N	N	N	N	N	N	0.0000	0.0000	0.0000	0.0000	0.0000	0.0000	0.0000	0.0000	0.0000	0.0000	0.0000	0.0000	0.0000	0.0000	0.0000	0.0000	0.0000	0.0042	0.0033	0.0053	0.0527	0.0533	0.0000	0.0031	0.0013	0.0053	1.2388	0.0000	0.0000	1.0000	0.0169	9.0150	2.0013	0.0000	0.0000	0.0000	0.0000	0.0000	0.0000	0.0000	0.0000	0.0000	0.0002	0.0001	0.0001	0.0001	0.0001	0.0000	0.0001	0.0000	0.0001	0.0003	0.0002	0.0000	0.0000	0.0000	0.0000	0.0002	0.0002	0.0000	0.0428	0.0240	0.0188	0.0010	0.0009	0.0000	0.0418	0.0231	0.0188	0.0000	0.0000	0.0000	0.0000	0.0000	0.0000	0.0000	0.0000	0.0000	0.0042	0.0033	0.0053	0.0527	0.0533	0.0000	0.0031	0.0013	0.0053		
1	91	0.0562	2	0	0	1	1	0	0	0	0	N	N	N	N	N	N	N	N	N	N	N	N	0.0342	4.0362	0.0000	41.2189	46.2819	0.0000	0.0000	0.0000	0.0000	0.0207	0.0244	0.0000	4.5735	4.7231	0.0000	0.0000	0.0000	0.0000	0.6054	0.0061	1.3056	0.1110	0.1021	0.0709	0.4039	0.0017	1.3648	0.0000	116.9559	-0.0003	0.0079	1.0000	1.9923	9.0150	0.0454	0.0006	0.0006	0.0000	0.0006	0.0006	0.0000	0.0000	0.0000	0.0000	0.0174	0.0001	0.0173	0.0001	0.0001	0.0000	0.0173	0.0000	0.0173	0.0270	0.0229	0.0041	0.0001	0.0001	0.0000	0.0269	0.0228	0.0041	0.0441	0.0244	0.0197	0.0012	0.0012	0.0000	0.0429	0.0232	0.0197	0.0524	4.0362	0.0000	51.3590	52.9392	0.0000	0.0000	0.0000	0.0000	0.3952	0.0061	0.8770	0.0891	0.0892	0.0709	0.4039	0.0017	0.8774
1	93	0.1967	8	1	1	1	2	0	0	0	0	N	N	N	Y	N	N	N	N	N	N	N	N	0.0000	0.0000	0.0000	0.0000	0.0000	0.0000	0.0000	0.0000	0.0000	0.0000	0.0000	0.0000	0.0000	0.0000	0.0000	0.0000	0.0000	0.0000	0.0000	0.0000	1.0000	0.0000	9.0150	0.0000	0.0000	0.0000	0.0000	0.0000	0.0000	0.0000	0.0000	0.0000	0.0000	0.0000	0.0000	0.0000	0.0000	0.0000	0.0000	0.0000	0.0000	0.0000	0.0000	0.0000	0.0000	0.0000	0.0000	0.0000	0.0000	0.0000	0.0000	0.0000	0.0000	0.0000	0.0000	0.0000	0.0000	0.0000	0.0000	0.0000	0.0000	0.0000	0.0000	0.0000	0.0000	0.0000	0.0000	0.0000	0.0000	0.0000	0.0000	0.0000	0.0000	0.0000	0.0000	0.0000	0.0000	0.0000											
1	94	0.1967	7	1	1	1	2	0	0	0	0	N	N	N	Y	N	N	N	N	N	N	N	N	0.0000	0.0000	0.0000	0.0000	0.0000	0.0000	0.0000	0.0000	0.0000	0.0000	0.0000	0.0000	0.0000	4.3997	5.3924	0.0000	227.9128	235.7636	0.0000	0.0000	0.0000	0.0000	0.0000	0.0000	-0.0001	1.0000	0.0000	9.0150	0.0001	0.0000	0.0000	0.0000	0.0000	0.0000	0.0000	0.0000	0.0000	0.0000	0.0001	0.0001	0.0000	0.0001	0.0001	0.0000	0.0000	0.0000	0.0000	0.0000	0.0000	0.0000	0.0000	0.0000	0.0000	0.0000	0.0000	0.0000	0.0000	0.0000	0.0000	0.0000	0.0000	0.0000	0.0000	0.0000	0.0000	0.0000	0.0000	0.0000	0.0000	0.0000	0.0000	0.0000	0.0000	0.0000	4.3997	5.3924	0.0000	9.1969	9.2985	0.0000	0.0000	0.0000	0.0000						
1	95	0.1787	6	0	1	1	2	0	0	0	0	N	N	N	Y	N	N	N	N	N	N	N	N	0.0000	0.0000	0.0000	0.0000	0.0000	0.0000	0.0000	0.0000	0.0000	0.0000	0.0000	0.0000	0.0000	0.0012	0.0020	0.0000	0.0090	0.0107	0.0000	0.0000	0.0000	0.0000	0.0000	0.0000	-0.0000	1.0000	0.9845	9.0150	0.9903	0.0000	0.0000	0.0000	0.0000	0.0000	0.0000	0.0000	0.0000	0.0000	0.0001	0.0001	0.0000	0.0001	0.0001	0.0000	0.0000	0.0000	0.0000	0.0141	0.0120	0.0021	0.0010	0.0010	0.0000	0.0131	0.0111	0.0020	0.0418	0.0248	0.0170	0.0055	0.0047	0.0009	0.0363	0.0201	0.0162	0.0000	0.0000	0.0000	0.0000	0.0000	0.0000	0.0000	0.0000	0.0000	0.0012	0.0020	0.0000	0.0090	0.0107	0.0000	0.0000	0.0000	0.0000						
1	96	0.1759	6	0	1	1	1	0	0	0	0	N	N	N	N	N	N	N	N	N	N	N	N	0.0000	0.0000	0.0000	0.0000	0.0000	0.0000	0.0000	0.0000	0.0000	0.0000	0.0000	0.0000	0.0000	0.0000	0.0000	0.0000	0.0000	6.7554	11.1676	0.0000	0.0072	0.0084	0.0000	9.6617	17.8432	0.0000	0.0000	0.0000	-0.5358	1.0000	1.0063	9.0150	3.7812	0.0000	0.0000	0.0000	0.0000	0.0000	0.0000	0.0000	0.0000	0.0000	0.9923	0.9923	0.0000	0.0003	0.0003	0.0000	0.9919	0.9919	0.0000	0.0140	0.0119	0.0021	0.0004	0.0004	0.0000	0.0136	0.0115	0.0021	0.1469	0.0937	0.0532	0.0442	0.0381	0.0061	0.1027	0.0556	0.0471	0.0000	0.0000	0.0000	0.0000	0.0000	0.0000	0.0000	0.0000	0.0000	6.7554	10.5897	0.0000	0.0072	0.0084	0.0000	9.6617	17.8432	0.0000		
1	97	0.1787	6	0	0	2	2	0	0	0	0	N	N	Y	Y	N	N	N	N	N	N	N	N	0.0000	0.0000	0.0000	0.0000	0.0000	0.0000	0.0000	0.0000	0.0000	0.0000	0.0000	0.0000	0.0000	0.0000	0.0000	0.0000	0.0000	0.0000	0.0000	0.0000	1.0000	1.0165	9.0150	1.0129	0.0000	0.0000	0.0000	0.0000	0.0000	0.0000	0.0000	0.0000	0.0000	0.0000	0.0000	0.0000	0.0000	0.0000	0.0000	0.0000	0.0000	0.0000	0.0145	0.0124	0.0022	0.0010	0.0010	0.0000	0.0135	0.0114	0.0021	0.0429	0.0254	0.0175	0.0056	0.0048	0.0009	0.0372	0.0207	0.0166	0.0000	0.0000	0.0000	0.0000	0.0000	0.0000	0.0000	0.0000	0.0000	0.0000	0.0000	0.0000	0.0000	0.0000	0.0000	0.0000	0.0000	0.0000											
1	98	0.1658	5	0	0	1	2	0	0	0	0	N	N	N	Y	N	N	N	N	N	N	N	N	0.0000	0.0000	0.0000	0.0000	0.0000	0.0000	0.0000	0.0000	0.0000	0.0000	0.0000	0.0000	0.0000	0.0008	0.0014	0.0000	0.0000	0.0000	0.0000	0.0009	0.0017	0.0000	0.0000	0.0000	-0.0000	1.0000	2.0241	9.0150	1.0265	0.0000	0.0000	0.0000	0.0000	0.0000	0.0000	0.0000	0.0000	0.0000	0.0001	0.0001	0.0000	0.0000	0.0000	0.0000	0.0001	0.0001	0.0000	0.0280	0.0238	0.0042	0.0010	0.0009	0.0001	0.0270	0.0228	0.0041	0.0614	0.0358	0.0256	0.0087	0.0069	0.0019	0.0527	0.0289	0.0238	0.0000	0.0000	0.0000	0.0000	0.0000	0.0000	0.0000	0.0000	0.0000	0.0008	0.0014	0.0000	0.0000	0.0000	0.0000	0.0009	0.0017	0.0000						
1	99	0.1658	5	0	0	2	2	0	0	0	0	N	N	Y	Y	N	N	N	N	N	N	N	N	0.0000	0.0000	0.0000	0.0000	0.0000	0.0000	0.0000	0.0000	0.0000	0.0000	0.0000	0.0000	0.0000	0.0000	0.0000	0.0000	0.0000	0.0000	0.0000	0.0000	1.0000	3.0066	9.0150	0.0000	0.0000	0.0000	0.0000	0.0000	0.0000	0.0000	0.0000	0.0000	0.0000	0.0000	0.0000	0.0000	0.0000	0.0000	0.0000	0.0000	0.0000	0.0000	0.0410	0.0348	0.0061	0.0014	0.0013	0.0001	0.0396	0.0336	0.0061	0.0606	0.0353	0.0253	0.0086	0.0068	0.0019	0.0519	0.0285	0.0234	0.0000	0.0000	0.0000	0.0000	0.0000	0.0000	0.0000	0.0000	0.0000	0.0000	0.0000	0.0000	0.0000	0.0000	0.0000	0.0000	0.0000	0.0000											
1	100	0.1915	5	0	0	2	2	0	0	0	0	N	N	Y	Y	N	N	N	N	N	N	N	N	0.0000	0.0000	0.0000	0.0000	0.0000	0.0000	0.0000	0.0000	0.0000	0.0000	0.0000	0.0000	0.0000	0.0000	0.0000	0.0000	0.0000	0.0000	0.0000	0.0000	1.0000	0.0000	9.0150	2.0000	0.0000	0.0000	0.0000	0.0000	0.0000	0.0000	0.0000	0.0000	0.0000	0.0000	0.0000	0.0000	0.0000	0.0000	0.0000	0.0000	0.0000	0.0000	0.0000	0.0000	0.0000	0.0000	0.0000	0.0000	0.0000	0.0000	0.0000	0.0392	0.0225	0.0167	0.0058	0.0045	0.0013	0.0334	0.0180	0.0154	0.0000	0.0000	0.0000	0.0000	0.0000	0.0000	0.0000	0.0000	0.0000	0.0000	0.0000	0.0000	0.0000	0.0000	0.0000	0.0000	0.0000	0.0000											
1	101	0.1525	4	0	0	2	2	0	0	0	0	N	N	Y	Y	N	N	N	N	N	N	N	N	0.0000	0.0000	0.0000	0.0000	0.0000	0.0000	0.0000	0.0000	0.0000	0.0000	0.0000	0.0000	0.0000	0.0000	0.0000	0.0000	0.0000	0.0000	5.3474	9.1326	0.0000	0.0348	0.0424	0.0003	6.3192	11.6421	0.0000	0.0000	0.0000	-0.5371	1.0000	5.8899	9.0150	3.1847	0.0000	0.0000	0.0000	0.0000	0.0000	0.0000	0.0000	0.0000	0.0000	0.9947	0.9947	0.0000	0.0010	0.0010	0.0000	0.9937	0.9937	0.0000	0.0805	0.0686	0.0120	0.0043	0.0039	0.0004	0.0763	0.0647	0.0116	0.1860	0.1089	0.0771	0.0288	0.0236	0.0052	0.1573	0.0854	0.0719	0.0000	0.0000	0.0000	0.0000	0.0000	0.0000	0.0000	0.0000	0.0000	5.3474	9.1326	0.0000	0.0348	0.0424	0.0003	6.3192	11.6421	0.0000	
1	102	0.1993	4	1	1	1	1	0	0	0	0	N	N	N	N	N	N	N	N	N	N	N	N	0.0000	0.0000	0.0000	0.0000	0.0000	0.0000	0.0000	0.0000	0.0000	0.0000	0.0000	0.0000	0.0000	0.0000	0.0000	0.0000	0.0000	0.0000	0.0000	0.0000	1.0000	0.0000	9.0150	0.0000	0.0000	0.0000	0.0000	0.0000	0.0000	0.0000	0.0000	0.0000	0.0000	0.0000	0.0000	0.0000	0.0000	0.0000	0.0000	0.0000	0.0000	0.0000	0.0000	0.0000	0.0000	0.0000	0.0000	0.0000	0.0000	0.0000	0.0000	0.0000	0.0000	0.0000	0.0000	0.0000	0.0000	0.0000	0.0000	0.0000	0.0000	0.0000	0.0000	0.0000	0.0000	0.0000	0.0000	0.0000	0.0000	0.0000	0.0000	0.0000	0.0000	0.0000	0.0000	0.0000	0.0000	0.0000											
1	103	0.1000	3	1	1	1	1	0	0	0	0	N	N	N	N	N	N	N	N	N	N	N	N	3.7017	2.4759	inf	inf	0.0000	0.0000	9.7417	11.4448	0.0000	966.0160	1046.9099	0.0000	0.0000	0.0000	0.0000	2.6317	4.6224	0.0000	0.0000	0.0000	0.0000	2.8200	5.0697	0.0000	0.0000	0.0000	-0.4617	-0.5399	1.0000	8.0012	9.0150	14.0016	0.9999	0.9999	0.0000	0.9999	0.9999	0.0000	0.0000	0.0000	0.0000	1.0000	1.0000	0.0000	0.0000	0.0000	0.0000	1.0000	1.0000	0.0000	0.1026	0.0874	0.0153	0.0010	0.0010	0.0001	0.1016	0.0864	0.0152	0.3800	0.2163	0.1636	0.0254	0.0191	0.0063	0.3546	0.1973	0.1574	3.7017	2.4759	0.0000	inf	inf	0.0000	0.0000	0.0000	0.0000	2.6317	4.6224	0.0000	0.0000	0.0000	0.0000	2.8200	5.0697	0.0000			
1	104	0.1629	4	0	1	1	1	0	0	0	0	N	N	N	N	N	N	N	N	N	N	N	N	0.0382	0.0168	0.0000	0.0947	0.0675	0.0000	0.0196	0.0232	0.0000	2.0966	2.2708	0.0000	0.0000	0.0000	0.0000	0.5134	1.3744	0.0000	22.1439	33.6508	0.0001	0.0000	0.0000	0.0000	0.0000	0.0000	-0.0002	-0.0118	1.0000	2.0010	9.0150	1.0153	0.0005	0.0005	0.0000	0.0005	0.0005	0.0000	0.0000	0.0000	0.0000	0.0219	0.0219	0.0000	0.0219	0.0219	0.0000	0.0000	0.0000	0.0000	0.0270	0.0229	0.0041	0.0003	0.0002	0.0000	0.0267	0.0227	0.0041	0.0645	0.0378	0.0267	0.0130	0.0100	0.0030	0.0515	0.0278	0.0237	0.0579	0.0400	0.0000	1.2453	1.0385	0.0000	0.0000	0.0000	0.0000	0.3390	0.5786	0.0000	1.6836	2.1866	0.0001	0.0000	0.0000	0.0000			
1	105	0.1000	3	0	1	1	1	0	0	0	0	N	N	N	N	N	N	N	N	N	N	N	N	290.1675	174.8509	0.0576	100299425.0969	81827081.8416	0.0000	0.0000	0.0557	24.6178	29.0150	0.0000	2320.4092	2505.7067	0.0000	0.0000	0.0000	0.0000	0.0848	0.1659	0.0002	0.0000	0.0000	0.0000	0.0908	0.1637	0.0002	0.0000	0.0009	-0.4614	-0.0118	1.0000	3.0162	9.0150	11.0438	0.9993	0.9993	0.0000	0.9993	0.9993	0.0000	0.0000	0.0000	0.0000	0.0219	0.0219	0.0000	0.0000	0.0000	0.0000	0.0219	0.0219	0.0000	0.0406	0.0344	0.0062	0.0004	0.0004	0.0000	0.0402	0.0340	0.0061	0.2578	0.1463	0.1114	0.0170	0.0129	0.0042	0.2408	0.1335	0.1073	290.1675	194.3285	0.0576	100299425.0969	81827081.8416	0.0000	0.0000	0.0000	0.0557	0.0848	0.1493	0.0002	0.0000	0.0000	0.0000	0.0908	0.1637	0.0002	
1	106	0.2008	8	1	1	1	1	0	0	0	0	N	N	N	N	N	N	N	N	N	N	N	N	0.0000	0.0000	0.0000	0.0000	0.0000	0.0000	0.0000	0.0000	0.0000	0.0000	0.0000	0.0000	0.0000	0.0000	0.0000	0.0000	0.0000	0.0000	0.0000	0.0000	1.0000	1.0000	9.0150	1.0000	0.0000	0.0000	0.0000	0.0000	0.0000	0.0000	0.0000	0.0000	0.0000	0.0000	0.0000	0.0000	0.0000	0.0000	0.0000	0.0000	0.0000	0.0000	0.0138	0.0117	0.0021	0.0004	0.0003	0.0000	0.0134	0.0114	0.0021	0.0418	0.0258	0.0160	0.0137	0.0109	0.0028	0.0281	0.0149	0.0132	0.0000	0.0000	0.0000	0.0000	0.0000	0.0000	0.0000	0.0000	0.0000	0.0000	0.0000	0.0000	0.0000	0.0000	0.0000	0.0000	0.0000	0.0000											
1	107	0.1967	7	1	1	1	1	0	0	0	0	N	N	N	N	N	N	N	N	N	N	N	N	0.0000	0.0000	0.0000	0.0000	0.0000	0.0000	0.0000	0.0000	0.0000	0.0000	0.0000	0.0000	0.0000	47.7444	79.1412	0.0000	0.0000	0.0000	0.0000	65.1469	121.6827	0.0000	0.0000	0.0000	-0.5399	1.0000	0.0000	9.0150	0.9999	0.0000	0.0000	0.0000	0.0000	0.0000	0.0000	0.0000	0.0000	0.0000	0.9999	0.9999	0.0000	0.0000	0.0000	0.0000	0.9999	0.9999	0.0000	0.0000	0.0000	0.0000	0.0000	0.0000	0.0000	0.0000	0.0000	0.0000	0.0209	0.0126	0.0083	0.0056	0.0044	0.0012	0.0153	0.0082	0.0071	0.0000	0.0000	0.0000	0.0000	0.0000	0.0000	0.0000	0.0000	0.0000	47.7444	79.1412	0.0000	0.0000	0.0000	0.0000	65.1469	121.6827	0.0000						
1	108	0.1759	6	1	1	1	1	0	0	0	0	N	N	N	N	N	N	N	N	N	N	N	N	0.0000	0.0000	0.0000	0.0000	0.0000	0.0000	0.0000	0.0000	0.0000	0.0000	0.0000	0.0000	0.0000	0.0000	0.0000	0.0000	0.0000	0.0548	0.0860	0.0000	0.5255	0.6957	0.0000	0.0011	0.0021	0.0000	0.0000	0.0000	-0.0044	1.0000	0.0100	9.0150	4.8896	0.0000	0.0000	0.0000	0.0000	0.0000	0.0000	0.0000	0.0000	0.0000	0.0082	0.0082	0.0000	0.0080	0.0080	0.0000	0.0001	0.0001	0.0000	0.0003	0.0002	0.0000	0.0001	0.0001	0.0000	0.0002	0.0002	0.0000	0.1489	0.0949	0.0540	0.0445	0.0383	0.0062	0.1044	0.0566	0.0479	0.0000	0.0000	0.0000	0.0000	0.0000	0.0000	0.0000	0.0000	0.0000	0.0548	0.0860	0.0000	0.1807	0.2098	0.0000	0.0011	0.0021	0.0000		
1	109	0.1658	5	0	1	1	1	0	0	0	0	N	N	N	N	N	N	N	N	N	N	N	N	0.0000	0.0000	0.0000	0.0000	0.0000	0.0000	0.0000	0.0000	0.0000	0.0000	0.0000	0.0000	0.0000	0.0000	0.0000	0.0000	0.0000	0.1903	0.5273	0.0034	0.0000	0.0000	0.0000	0.1928	0.3483	0.0037	0.0088	0.0000	-0.0043	1.0000	1.0007	9.0150	1.4004	0.0000	0.0000	0.0000	0.0000	0.0000	0.0000	0.0000	0.0000	0.0000	0.0080	0.0080	0.0001	0.0000	0.0000	0.0000	0.0080	0.0080	0.0001	0.0141	0.0120	0.0021	0.0006	0.0006	0.0000	0.0136	0.0115	0.0021	0.0486	0.0283	0.0203	0.0069	0.0054	0.0015	0.0417	0.0229	0.0188	0.0000	0.0000	0.0000	0.0000	0.0000	0.0000	0.0000	0.0000	0.0000	0.1654	0.2816	0.0034	0.0000	0.0000	0.0000	0.1928	0.3483	0.0037		
1	110	0.1525	4	0	0	1	1	0	0	0	0	N	N	N	N	N	N	N	N	N	N	N	N	0.0000	0.0000	0.0000	0.0000	0.0000	0.0000	0.0000	0.0000	0.0000	0.0000	0.0000	0.0000	0.0000	0.0000	0.0000	0.0000	0.0000	0.0837	0.1406	0.0001	3.2921	4.5530	0.0008	0.0000	0.0000	0.0000	0.0003	0.0000	-0.0034	1.0000	0.3039	9.0150	2.8719	0.0000	0.0000	0.0000	0.0000	0.0000	0.0000	0.0000	0.0000	0.0000	0.0064	0.0064	0.0000	0.0064	0.0064	0.0000	0.0000	0.0000	0.0000	0.0075	0.0064	0.0011	0.0023	0.0021	0.0002	0.0052	0.0043	0.0009	0.0763	0.0454	0.0309	0.0146	0.0127	0.0019	0.0617	0.0327	0.0290	0.0000	0.0000	0.0000	0.0000	0.0000	0.0000	0.0000	0.0000	0.0000	0.0837	0.1406	0.0001	0.4380	0.5041	0.0008	0.0000	0.0000	0.0000		
1	111	0.1000	3	0	0	1	1	0	0	0	0	N	N	N	N	N	N	N	N	N	N	N	N	0.0790	0.0000	2.1808	0.0000	0.0000	0.0746	0.0000	2.1110	0.0024	0.0000	0.0156	0.0000	0.0000	0.0000	0.0024	0.0000	0.0156	0.0298	0.0470	0.0071	0.0001	0.0002	0.0000	0.0318	0.0515	0.0074	inf	0.1157	0.0001	-0.0029	1.0000	3.8240	9.0150	8.1760	0.0001	0.0000	0.0001	0.0000	0.0000	0.0000	0.0001	0.0000	0.0001	0.0067	0.0060	0.0007	0.0000	0.0000	0.0000	0.0066	0.0060	0.0007	0.0511	0.0433	0.0077	0.0005	0.0005	0.0000	0.0505	0.0428	0.0077	0.2235	0.1268	0.0967	0.0147	0.0111	0.0036	0.2088	0.1157	0.0932	0.0790	0.0000	2.1808	0.0000	0.0000	0.0000	0.0746	0.0000	2.1110	0.0298	0.0470	0.0071	0.0001	0.0002	0.0000	0.0318	0.0515	0.0074	
1	115	0.2926	6	0	0	1	1	0	0	0	0	N	N	N	N	N	N	N	N	N	N	N	N	0.0131	0.0000	0.6407	0.0015	0.0000	23.2255	0.1552	0.4274	0.0020	0.0000	0.0146	0.0028	0.0000	0.0926	0.0018	0.0000	0.0122	0.1496	0.2629	0.0229	1.8743	2.1935	0.0040	0.0117	0.0000	0.0285	inf	0.0495	0.0001	-0.0503	1.0000	8.9918	9.0150	13.3277	0.0003	0.0000	0.0003	0.0001	0.0000	0.0001	0.0002	0.0000	0.0002	0.1021	0.0973	0.0048	0.0975	0.0973	0.0002	0.0046	0.0000	0.0046	0.1328	0.1150	0.0178	0.0176	0.0170	0.0005	0.1152	0.0980	0.0172	0.7314	0.5209	0.2105	0.3384	0.2897	0.0487	0.3930	0.2312	0.1618	0.0140	0.0000	0.6407	0.0099	0.0000	23.2255	0.1552	0.0000	0.4274	0.1396	0.1867	0.0229	0.2880	0.3358	0.0040	0.0117	0.0000	0.0285	
2	3	0.1496	7	1	0	1	1	0	0	0	0	N	N	N	N	N	N	N	N	N	N	N	N	0.0000	0.0000	0.0000	0.0000	0.0000	0.0000	0.0000	0.0000	0.0000	0.0000	0.0000	0.0000	0.0000	0.0000	0.0000	0.0000	0.0000	0.0000	0.0000	0.0000	0.0000	1.9956	0.0000	2.0506	0.0000	0.0000	0.0000	0.0000	0.0000	0.0000	0.0000	0.0000	0.0000	0.0000	0.0000	0.0000	0.0000	0.0000	0.0000	0.0000	0.0000	0.0000	0.0000	0.0000	0.0000	0.0000	0.0000	0.0000	0.0000	0.0000	0.0000	0.0000	0.0000	0.0000	0.0000	0.0000	0.0000	0.0000	0.0000	0.0000	0.0000	0.0000	0.0000	0.0000	0.0000	0.0000	0.0000	0.0000	0.0000	0.0000	0.0000	0.0000	0.0000	0.0000	0.0000	0.0000	0.0000	0.0000											
2	4	0.0643	6	0	1	0	1	0	0	0	0	N	N	N	N	N	N	N	N	N	N	N	N	0.0000	0.0000	0.0000	0.0000	0.0000	0.0000	0.0000	0.0000	0.0000	0.0000	0.0000	0.0000	0.0000	0.0000	0.0000	0.0000	0.0000	0.0000	0.0000	0.0000	0.0000	3.9843	0.0000	1.0588	0.0000	0.0000	0.0000	0.0000	0.0000	0.0000	0.0000	0.0000	0.0000	0.0000	0.0000	0.0000	0.0000	0.0000	0.0000	0.0000	0.0000	0.0000	0.0000	0.0000	0.0000	0.0000	0.0000	0.0000	0.0000	0.0000	0.0000	0.0000	0.0000	0.0000	0.0000	0.0000	0.0000	0.0000	0.0000	0.0000	0.0000	0.0000	0.0000	0.0000	0.0000	0.0000	0.0000	0.0000	0.0000	0.0000	0.0000	0.0000	0.0000	0.0000	0.0000	0.0000	0.0000	0.0000											
2	5	0.0651	4	0	0	1	2	0	0	0	0	N	N	N	Y	N	N	N	N	N	N	N	N	0.0000	0.0000	0.0000	0.0000	0.0000	0.0000	0.0000	0.0000	0.0000	0.0000	0.0000	0.0000	0.0000	0.0000	0.0000	0.0000	0.0000	0.0000	0.0000	0.0000	0.0000	1.0000	0.0000	0.0005	0.0000	0.0000	0.0000	0.0000	0.0000	0.0000	0.0000	0.0000	0.0000	0.0000	0.0000	0.0000	0.0000	0.0000	0.0000	0.0000	0.0000	0.0000	0.0000	0.0000	0.0000	0.0000	0.0000	0.0000	0.0000	0.0000	0.0000	0.0000	0.0000	0.0000	0.0000	0.0000	0.0000	0.0000	0.0000	0.0000	0.0000	0.0000	0.0000	0.0000	0.0000	0.0000	0.0000	0.0000	0.0000	0.0000	0.0000	0.0000	0.0000	0.0000	0.0000	0.0000	0.0000	0.0000											
2	6	0.1326	6	1	1	0	1	0	0	0	0	N	N	N	N	N	N	N	N	N	N	N	N	0.0000	0.0000	0.0000	0.0000	0.0000	0.0000	0.0000	0.0000	0.0000	0.0000	0.0000	0.0000	0.0000	0.0000	0.0000	0.0000	0.0000	0.0000	0.0000	0.0000	0.0000	2.0000	0.0000	1.0000	0.0000	0.0000	0.0000	0.0000	0.0000	0.0000	0.0000	0.0000	0.0000	0.0000	0.0000	0.0000	0.0000	0.0000	0.0000	0.0000	0.0000	0.0000	0.0000	0.0000	0.0000	0.0000	0.0000	0.0000	0.0000	0.0000	0.0000	0.0000	0.0000	0.0000	0.0000	0.0000	0.0000	0.0000	0.0000	0.0000	0.0000	0.0000	0.0000	0.0000	0.0000	0.0000	0.0000	0.0000	0.0000	0.0000	0.0000	0.0000	0.0000	0.0000	0.0000	0.0000	0.0000	0.0000											
2	7	0.1665	9	1	0	1	1	0	0	0	0	N	N	N	N	N	N	N	N	N	N	N	N	0.0000	0.0000	0.0000	0.0000	0.0000	0.0000	0.0000	0.0000	0.0000	0.0000	0.0000	0.0000	0.0000	0.0000	0.0000	0.0000	0.0000	0.0000	0.0000	0.0000	0.0000	0.0000	0.0000	2.0000	0.0000	0.0000	0.0000	0.0000	0.0000	0.0000	0.0000	0.0000	0.0000	0.0000	0.0000	0.0000	0.0000	0.0000	0.0000	0.0000	0.0000	0.0000	0.0000	0.0000	0.0000	0.0000	0.0000	0.0000	0.0000	0.0000	0.0000	0.0000	0.0000	0.0000	0.0000	0.0000	0.0000	0.0000	0.0000	0.0000	0.0000	0.0000	0.0000	0.0000	0.0000	0.0000	0.0000	0.0000	0.0000	0.0000	0.0000	0.0000	0.0000	0.0000	0.0000	0.0000	0.0000	0.0000											
2	8	0.1875	10	1	1	0	2	0	0	0	0	N	N	N	Y	N	N	N	N	N	N	N	N	0.0000	0.0000	0.0000	0.0000	0.0000	0.0000	0.0000	0.0000	0.0000	0.0000	0.0000	0.0000	0.0000	0.0000	0.0000	0.0000	0.0000	0.0000	0.0000	0.0000	0.0000	0.0000	0.0000	1.0000	0.0000	0.0000	0.0000	0.0000	0.0000	0.0000	0.0000	0.0000	0.0000	0.0000	0.0000	0.0000	0.0000	0.0000	0.0000	0.0000	0.0000	0.0000	0.0000	0.0000	0.0000	0.0000	0.0000	0.0000	0.0000	0.0000	0.0000	0.0000	0.0000	0.0000	0.0000	0.0000	0.0000	0.0000	0.0000	0.0000	0.0000	0.0000	0.0000	0.0000	0.0000	0.0000	0.0000	0.0000	0.0000	0.0000	0.0000	0.0000	0.0000	0.0000	0.0000	0.0000	0.0000	0.0000											
2	9	0.1624	8	1	0	1	1	0	0	0	0	N	N	N	N	N	N	N	N	N	N	N	N	0.0000	0.0000	0.0000	0.0000	0.0000	0.0000	0.0000	0.0000	0.0000	0.0000	0.0000	0.0000	0.0000	0.0000	0.0000	0.0000	0.0000	0.0000	0.0000	0.0000	0.0000	1.9984	0.0000	4.0415	0.0000	0.0000	0.0000	0.0000	0.0000	0.0000	0.0000	0.0000	0.0000	0.0000	0.0000	0.0000	0.0000	0.0000	0.0000	0.0000	0.0000	0.0000	0.0000	0.0000	0.0000	0.0000	0.0000	0.0000	0.0000	0.0000	0.0000	0.0000	0.0000	0.0000	0.0000	0.0000	0.0000	0.0000	0.0000	0.0000	0.0000	0.0000	0.0000	0.0000	0.0000	0.0000	0.0000	0.0000	0.0000	0.0000	0.0000	0.0000	0.0000	0.0000	0.0000	0.0000	0.0000	0.0000											
2	10	0.1571	10	0	0	1	1	0	0	0	0	N	N	N	N	N	N	N	N	N	N	N	N	0.0000	0.0000	0.0000	0.0000	0.0000	0.0000	0.0000	0.0000	0.0000	0.0000	0.0000	0.0000	0.0000	0.0000	0.0000	0.0000	0.0000	0.0000	0.0000	0.0000	0.0000	0.0000	0.0000	2.0012	0.0000	0.0000	0.0000	0.0000	0.0000	0.0000	0.0000	0.0000	0.0000	0.0000	0.0000	0.0000	0.0000	0.0000	0.0000	0.0000	0.0000	0.0000	0.0000	0.0000	0.0000	0.0000	0.0000	0.0000	0.0000	0.0000	0.0000	0.0000	0.0000	0.0000	0.0000	0.0000	0.0000	0.0000	0.0000	0.0000	0.0000	0.0000	0.0000	0.0000	0.0000	0.0000	0.0000	0.0000	0.0000	0.0000	0.0000	0.0000	0.0000	0.0000	0.0000	0.0000	0.0000	0.0000											
2	11	0.0640	6	0	0	1	1	0	0	0	0	N	N	N	N	N	N	N	N	N	N	N	N	0.0000	0.0000	0.0000	0.0000	0.0000	0.0000	0.0000	0.0000	0.0000	0.0000	0.0000	0.0000	0.0000	0.0000	0.0000	0.0000	0.0000	0.0000	0.0000	0.0000	0.0000	5.0149	0.0000	7.0912	0.0000	0.0000	0.0000	0.0000	0.0000	0.0000	0.0000	0.0000	0.0000	0.0000	0.0000	0.0000	0.0000	0.0000	0.0000	0.0000	0.0000	0.0000	0.0000	0.0000	0.0000	0.0000	0.0000	0.0000	0.0000	0.0000	0.0000	0.0000	0.0000	0.0000	0.0000	0.0000	0.0000	0.0000	0.0000	0.0000	0.0000	0.0000	0.0000	0.0000	0.0000	0.0000	0.0000	0.0000	0.0000	0.0000	0.0000	0.0000	0.0000	0.0000	0.0000	0.0000	0.0000	0.0000											
2	12	0.1326	6	1	1	0	1	0	0	0	0	N	N	N	N	N	N	N	N	N	N	N	N	0.0000	0.0000	0.0000	0.0000	0.0000	0.0000	0.0000	0.0000	0.0000	0.0000	0.0000	0.0000	0.0000	0.0000	0.0000	0.0000	0.0000	0.0000	0.0000	0.0000	0.0000	3.0000	0.0000	5.0000	0.0000	0.0000	0.0000	0.0000	0.0000	0.0000	0.0000	0.0000	0.0000	0.0000	0.0000	0.0000	0.0000	0.0000	0.0000	0.0000	0.0000	0.0000	0.0000	0.0000	0.0000	0.0000	0.0000	0.0000	0.0000	0.0000	0.0000	0.0000	0.0000	0.0000	0.0000	0.0000	0.0000	0.0000	0.0000	0.0000	0.0000	0.0000	0.0000	0.0000	0.0000	0.0000	0.0000	0.0000	0.0000	0.0000	0.0000	0.0000	0.0000	0.0000	0.0000	0.0000	0.0000	0.0000											
2	13	0.1823	7	0	0	1	2	0	0	0	0	N	N	N	Y	N	N	N	N	N	N	N	N	0.0000	0.0000	0.0000	0.0000	0.0000	0.0000	0.0000	0.0000	0.0000	0.0000	0.0000	0.0000	0.0000	0.0000	0.0000	0.0000	0.0000	0.0000	0.0000	0.0000	0.0000	0.0000	0.0000	0.0000	0.0000	0.0000	0.0000	0.0000	0.0000	0.0000	0.0000	0.0000	0.0000	0.0000	0.0000	0.0000	0.0000	0.0000	0.0000	0.0000	0.0000	0.0000	0.0000	0.0000	0.0000	0.0000	0.0000	0.0000	0.0000	0.0000	0.0000	0.0000	0.0000	0.0000	0.0000	0.0000	0.0000	0.0000	0.0000	0.0000	0.0000	0.0000	0.0000	0.0000	0.0000	0.0000	0.0000	0.0000	0.0000	0.0000	0.0000	0.0000	0.0000	0.0000	0.0000	0.0000	0.0000	0.0000											
2	14	0.1326	6	0	1	0	1	0	0	0	0	N	N	N	N	N	N	N	N	N	N	N	N	0.0000	0.0000	0.0000	0.0000	0.0000	0.0000	0.0000	0.0000	0.0000	0.0000	0.0000	0.0000	0.0000	0.0000	0.0000	0.0000	0.0000	0.0000	0.0000	0.0000	0.0000	2.0000	0.0000	8.0000	0.0000	0.0000	0.0000	0.0000	0.0000	0.0000	0.0000	0.0000	0.0000	0.0000	0.0000	0.0000	0.0000	0.0000	0.0000	0.0000	0.0000	0.0000	0.0000	0.0000	0.0000	0.0000	0.0000	0.0000	0.0000	0.0000	0.0000	0.0000	0.0000	0.0000	0.0000	0.0000	0.0000	0.0000	0.0000	0.0000	0.0000	0.0000	0.0000	0.0000	0.0000	0.0000	0.0000	0.0000	0.0000	0.0000	0.0000	0.0000	0.0000	0.0000	0.0000	0.0000	0.0000	0.0000											
2	15	0.1566	7	0	0	0	2	0	0	0	0	N	N	N	Y	N	N	N	N	N	N	N	N	0.0000	0.0000	0.0000	0.0000	0.0000	0.0000	0.0000	0.0000	0.0000	0.0000	0.0000	0.0000	0.0000	0.0000	0.0000	0.0000	0.0000	0.0000	0.0000	0.0000	0.0000	2.0066	0.0000	2.0000	0.0000	0.0000	0.0000	0.0000	0.0000	0.0000	0.0000	0.0000	0.0000	0.0000	0.0000	0.0000	0.0000	0.0000	0.0000	0.0000	0.0000	0.0000	0.0000	0.0000	0.0000	0.0000	0.0000	0.0000	0.0000	0.0000	0.0000	0.0000	0.0000	0.0000	0.0000	0.0000	0.0000	0.0000	0.0000	0.0000	0.0000	0.0000	0.0000	0.0000	0.0000	0.0000	0.0000	0.0000	0.0000	0.0000	0.0000	0.0000	0.0000	0.0000	0.0000	0.0000	0.0000	0.0000											
2	16	0.0343	3	0	1	0	2	0	0	0	0	N	N	N	Y	N	N	N	N	N	N	N	N	0.0000	0.0000	0.0000	0.0000	0.0000	0.0000	0.0000	0.0000	0.0000	0.0000	0.0000	0.0000	0.0000	0.0000	0.0000	0.0000	0.0000	0.0000	0.0000	0.0000	0.0000	24.0000	0.0000	5.0000	0.0000	0.0000	0.0000	0.0000	0.0000	0.0000	0.0000	0.0000	0.0000	0.0000	0.0000	0.0000	0.0000	0.0000	0.0000	0.0000	0.0000	0.0000	0.0000	0.0000	0.0000	0.0000	0.0000	0.0000	0.0000	0.0000	0.0000	0.0000	0.0000	0.0000	0.0000	0.0000	0.0000	0.0000	0.0000	0.0000	0.0000	0.0000	0.0000	0.0000	0.0000	0.0000	0.0000	0.0000	0.0000	0.0000	0.0000	0.0000	0.0000	0.0000	0.0000	0.0000	0.0000	0.0000											
2	17	0.1515	8	0	1	0	1	0	0	0	0	N	N	N	N	N	N	N	N	N	N	N	N	0.0000	0.0000	0.0000	0.0000	0.0000	0.0000	0.0000	0.0000	0.0000	0.0000	0.0000	0.0000	0.0000	0.0000	0.0000	0.0000	0.0000	0.0000	0.0000	0.0000	0.0000	0.9987	0.0000	5.5397	0.0000	0.0000	0.0000	0.0000	0.0000	0.0000	0.0000	0.0000	0.0000	0.0000	0.0000	0.0000	0.0000	0.0000	0.0000	0.0000	0.0000	0.0000	0.0000	0.0000	0.0000	0.0000	0.0000	0.0000	0.0000	0.0000	0.0000	0.0000	0.0000	0.0000	0.0000	0.0000	0.0000	0.0000	0.0000	0.0000	0.0000	0.0000	0.0000	0.0000	0.0000	0.0000	0.0000	0.0000	0.0000	0.0000	0.0000	0.0000	0.0000	0.0000	0.0000	0.0000	0.0000	0.0000											
2	18	0.1566	7	0	1	0	2	0	0	0	0	N	N	N	Y	N	N	N	N	N	N	N	N	0.0000	0.0000	0.0000	0.0000	0.0000	0.0000	0.0000	0.0000	0.0000	0.0000	0.0000	0.0000	0.0000	0.0000	0.0000	0.0000	0.0000	0.0000	0.0000	0.0000	0.0000	0.9934	0.0000	0.0000	0.0000	0.0000	0.0000	0.0000	0.0000	0.0000	0.0000	0.0000	0.0000	0.0000	0.0000	0.0000	0.0000	0.0000	0.0000	0.0000	0.0000	0.0000	0.0000	0.0000	0.0000	0.0000	0.0000	0.0000	0.0000	0.0000	0.0000	0.0000	0.0000	0.0000	0.0000	0.0000	0.0000	0.0000	0.0000	0.0000	0.0000	0.0000	0.0000	0.0000	0.0000	0.0000	0.0000	0.0000	0.0000	0.0000	0.0000	0.0000	0.0000	0.0000	0.0000	0.0000	0.0000	0.0000											
2	19	0.0908	5	1	1	0	1	0	0	0	0	N	N	N	N	N	N	N	N	N	N	N	N	0.0000	0.0000	0.0000	0.0000	0.0000	0.0000	0.0000	0.0000	0.0000	0.0000	0.0000	0.0000	0.0000	0.0000	0.0000	0.0000	0.0000	0.0000	0.0000	0.0000	0.0000	1.0015	0.0000	7.0016	0.0000	0.0000	0.0000	0.0000	0.0000	0.0000	0.0000	0.0000	0.0000	0.0000	0.0000	0.0000	0.0000	0.0000	0.0000	0.0000	0.0000	0.0000	0.0000	0.0000	0.0000	0.0000	0.0000	0.0000	0.0000	0.0000	0.0000	0.0000	0.0000	0.0000	0.0000	0.0000	0.0000	0.0000	0.0000	0.0000	0.0000	0.0000	0.0000	0.0000	0.0000	0.0000	0.0000	0.0000	0.0000	0.0000	0.0000	0.0000	0.0000	0.0000	0.0000	0.0000	0.0000	0.0000											
2	20	0.1537	6	0	1	0	1	0	0	0	0	N	N	N	N	N	N	N	N	N	N	N	N	0.0000	0.0000	0.0000	0.0000	0.0000	0.0000	0.0000	0.0000	0.0000	0.0000	0.0000	0.0000	0.0000	0.0000	0.0000	0.0000	0.0000	0.0000	0.0000	0.0000	0.0000	1.0004	0.0000	2.0077	0.0000	0.0000	0.0000	0.0000	0.0000	0.0000	0.0000	0.0000	0.0000	0.0000	0.0000	0.0000	0.0000	0.0000	0.0000	0.0000	0.0000	0.0000	0.0000	0.0000	0.0000	0.0000	0.0000	0.0000	0.0000	0.0000	0.0000	0.0000	0.0000	0.0000	0.0000	0.0000	0.0000	0.0000	0.0000	0.0000	0.0000	0.0000	0.0000	0.0000	0.0000	0.0000	0.0000	0.0000	0.0000	0.0000	0.0000	0.0000	0.0000	0.0000	0.0000	0.0000	0.0000	0.0000											
2	21	0.0651	4	0	0	0	2	0	0	0	0	N	N	N	Y	N	N	N	N	N	N	N	N	0.0000	0.0000	0.0000	0.0000	0.0000	0.0000	0.0000	0.0000	0.0000	0.0000	0.0000	0.0000	0.0000	0.0000	0.0000	0.0000	0.0000	0.0000	0.0000	0.0000	0.0000	2.0000	0.0000	1.0003	0.0000	0.0000	0.0000	0.0000	0.0000	0.0000	0.0000	0.0000	0.0000	0.0000	0.0000	0.0000	0.0000	0.0000	0.0000	0.0000	0.0000	0.0000	0.0000	0.0000	0.0000	0.0000	0.0000	0.0000	0.0000	0.0000	0.0000	0.0000	0.0000	0.0000	0.0000	0.0000	0.0000	0.0000	0.0000	0.0000	0.0000	0.0000	0.0000	0.0000	0.0000	0.0000	0.0000	0.0000	0.0000	0.0000	0.0000	0.0000	0.0000	0.0000	0.0000	0.0000	0.0000	0.0000											
2	22	0.1651	8	1	0	1	1	0	0	0	0	N	N	N	N	N	N	N	N	N	N	N	N	0.0000	0.0000	0.0000	0.0000	0.0000	0.0000	0.0000	0.0000	0.0000	0.0000	0.0000	0.0000	0.0000	0.0000	0.0000	0.0000	0.0000	0.0000	0.0000	0.0000	0.0000	0.0000	0.0000	4.9921	0.0000	0.0000	0.0000	0.0000	0.0000	0.0000	0.0000	0.0000	0.0000	0.0000	0.0000	0.0000	0.0000	0.0000	0.0000	0.0000	0.0000	0.0000	0.0000	0.0000	0.0000	0.0000	0.0000	0.0000	0.0000	0.0000	0.0000	0.0000	0.0000	0.0000	0.0000	0.0000	0.0000	0.0000	0.0000	0.0000	0.0000	0.0000	0.0000	0.0000	0.0000	0.0000	0.0000	0.0000	0.0000	0.0000	0.0000	0.0000	0.0000	0.0000	0.0000	0.0000	0.0000	0.0000											
2	23	0.1489	8	0	1	0	1	0	0	0	0	N	N	N	N	N	N	N	N	N	N	N	N	0.0000	0.0000	0.0000	0.0000	0.0000	0.0000	0.0000	0.0000	0.0000	0.0000	0.0000	0.0000	0.0000	0.0000	0.0000	0.0000	0.0000	0.0000	0.0000	0.0000	0.0000	1.9996	0.0000	0.0142	0.0000	0.0000	0.0000	0.0000	0.0000	0.0000	0.0000	0.0000	0.0000	0.0000	0.0000	0.0000	0.0000	0.0000	0.0000	0.0000	0.0000	0.0000	0.0000	0.0000	0.0000	0.0000	0.0000	0.0000	0.0000	0.0000	0.0000	0.0000	0.0000	0.0000	0.0000	0.0000	0.0000	0.0000	0.0000	0.0000	0.0000	0.0000	0.0000	0.0000	0.0000	0.0000	0.0000	0.0000	0.0000	0.0000	0.0000	0.0000	0.0000	0.0000	0.0000	0.0000	0.0000	0.0000											
2	24	0.0908	5	0	1	0	1	0	0	0	0	N	N	N	N	N	N	N	N	N	N	N	N	0.0000	0.0000	0.0000	0.0000	0.0000	0.0000	0.0000	0.0000	0.0000	0.0000	0.0000	0.0000	0.0000	0.0000	0.0000	0.0000	0.0000	0.0000	0.0000	0.0000	0.0000	2.9988	0.0000	13.9984	0.0000	0.0000	0.0000	0.0000	0.0000	0.0000	0.0000	0.0000	0.0000	0.0000	0.0000	0.0000	0.0000	0.0000	0.0000	0.0000	0.0000	0.0000	0.0000	0.0000	0.0000	0.0000	0.0000	0.0000	0.0000	0.0000	0.0000	0.0000	0.0000	0.0000	0.0000	0.0000	0.0000	0.0000	0.0000	0.0000	0.0000	0.0000	0.0000	0.0000	0.0000	0.0000	0.0000	0.0000	0.0000	0.0000	0.0000	0.0000	0.0000	0.0000	0.0000	0.0000	0.0000	0.0000											
2	25	0.1326	6	1	1	0	1	0	0	0	0	N	N	N	N	N	N	N	N	N	N	N	N	0.0000	0.0000	0.0000	0.0000	0.0000	0.0000	0.0000	0.0000	0.0000	0.0000	0.0000	0.0000	0.0000	0.0000	0.0000	0.0000	0.0000	0.0000	0.0000	0.0000	0.0000	6.0000	0.0000	4.0000	0.0000	0.0000	0.0000	0.0000	0.0000	0.0000	0.0000	0.0000	0.0000	0.0000	0.0000	0.0000	0.0000	0.0000	0.0000	0.0000	0.0000	0.0000	0.0000	0.0000	0.0000	0.0000	0.0000	0.0000	0.0000	0.0000	0.0000	0.0000	0.0000	0.0000	0.0000	0.0000	0.0000	0.0000	0.0000	0.0000	0.0000	0.0000	0.0000	0.0000	0.0000	0.0000	0.0000	0.0000	0.0000	0.0000	0.0000	0.0000	0.0000	0.0000	0.0000	0.0000	0.0000	0.0000											
2	26	0.1530	9	0	1	0	1	0	0	0	0	N	N	N	N	N	N	N	N	N	N	N	N	0.0000	0.0000	0.0000	0.0000	0.0000	0.0000	0.0000	0.0000	0.0000	0.0000	0.0000	0.0000	0.0000	0.0000	0.0000	0.0000	0.0000	0.0000	0.0000	0.0000	0.0000	0.0000	0.0000	2.0002	0.0000	0.0000	0.0000	0.0000	0.0000	0.0000	0.0000	0.0000	0.0000	0.0000	0.0000	0.0000	0.0000	0.0000	0.0000	0.0000	0.0000	0.0000	0.0000	0.0000	0.0000	0.0000	0.0000	0.0000	0.0000	0.0000	0.0000	0.0000	0.0000	0.0000	0.0000	0.0000	0.0000	0.0000	0.0000	0.0000	0.0000	0.0000	0.0000	0.0000	0.0000	0.0000	0.0000	0.0000	0.0000	0.0000	0.0000	0.0000	0.0000	0.0000	0.0000	0.0000	0.0000	0.0000											
2	27	0.0343	3	1	1	0	1	0	0	0	0	N	N	N	N	N	N	N	N	N	N	N	N	0.0000	0.0000	0.0000	0.0000	0.0000	0.0000	0.0000	0.0000	0.0000	0.0000	0.0000	0.0000	0.0000	0.0000	0.0000	0.0000	0.0000	0.0000	0.0000	0.0000	0.0000	1.0000	0.0000	3.9850	0.0000	0.0000	0.0000	0.0000	0.0000	0.0000	0.0000	0.0000	0.0000	0.0000	0.0000	0.0000	0.0000	0.0000	0.0000	0.0000	0.0000	0.0000	0.0000	0.0000	0.0000	0.0000	0.0000	0.0000	0.0000	0.0000	0.0000	0.0000	0.0000	0.0000	0.0000	0.0000	0.0000	0.0000	0.0000	0.0000	0.0000	0.0000	0.0000	0.0000	0.0000	0.0000	0.0000	0.0000	0.0000	0.0000	0.0000	0.0000	0.0000	0.0000	0.0000	0.0000	0.0000	0.0000											
2	28	0.1326	6	0	1	0	1	0	0	0	0	N	N	N	N	N	N	N	N	N	N	N	N	0.0000	0.0000	0.0000	0.0000	0.0000	0.0000	0.0000	0.0000	0.0000	0.0000	0.0000	0.0000	0.0000	0.0000	0.0000	0.0000	0.0000	0.0000	0.0000	0.0000	0.0000	5.0000	0.0000	4.0000	0.0000	0.0000	0.0000	0.0000	0.0000	0.0000	0.0000	0.0000	0.0000	0.0000	0.0000	0.0000	0.0000	0.0000	0.0000	0.0000	0.0000	0.0000	0.0000	0.0000	0.0000	0.0000	0.0000	0.0000	0.0000	0.0000	0.0000	0.0000	0.0000	0.0000	0.0000	0.0000	0.0000	0.0000	0.0000	0.0000	0.0000	0.0000	0.0000	0.0000	0.0000	0.0000	0.0000	0.0000	0.0000	0.0000	0.0000	0.0000	0.0000	0.0000	0.0000	0.0000	0.0000	0.0000											
2	29	0.1326	6	0	1	0	1	0	0	0	0	N	N	N	N	N	N	N	N	N	N	N	N	0.0000	0.0000	0.0000	0.0000	0.0000	0.0000	0.0000	0.0000	0.0000	0.0000	0.0000	0.0000	0.0000	0.0000	0.0000	0.0000	0.0000	0.0000	0.0000	0.0000	0.0000	3.0000	0.0000	6.0000	0.0000	0.0000	0.0000	0.0000	0.0000	0.0000	0.0000	0.0000	0.0000	0.0000	0.0000	0.0000	0.0000	0.0000	0.0000	0.0000	0.0000	0.0000	0.0000	0.0000	0.0000	0.0000	0.0000	0.0000	0.0000	0.0000	0.0000	0.0000	0.0000	0.0000	0.0000	0.0000	0.0000	0.0000	0.0000	0.0000	0.0000	0.0000	0.0000	0.0000	0.0000	0.0000	0.0000	0.0000	0.0000	0.0000	0.0000	0.0000	0.0000	0.0000	0.0000	0.0000	0.0000	0.0000											
2	32	0.0908	5	0	1	0	1	0	0	0	0	N	N	N	N	N	N	N	N	N	N	N	N	0.0000	0.0000	0.0000	0.0000	0.0000	0.0000	0.0000	0.0000	0.0000	0.0000	0.0000	0.0000	0.0000	0.0000	0.0000	0.0000	0.0000	0.0000	0.0000	0.0000	0.0000	6.9988	0.0000	9.0016	0.0000	0.0000	0.0000	0.0000	0.0000	0.0000	0.0000	0.0000	0.0000	0.0000	0.0000	0.0000	0.0000	0.0000	0.0000	0.0000	0.0000	0.0000	0.0000	0.0000	0.0000	0.0000	0.0000	0.0000	0.0000	0.0000	0.0000	0.0000	0.0000	0.0000	0.0000	0.0000	0.0000	0.0000	0.0000	0.0000	0.0000	0.0000	0.0000	0.0000	0.0000	0.0000	0.0000	0.0000	0.0000	0.0000	0.0000	0.0000	0.0000	0.0000	0.0000	0.0000	0.0000	0.0000											
2	33	0.1916	10	1	1	0	1	0	0	0	0	N	N	N	N	N	N	N	N	N	N	N	N	0.0000	0.0000	0.0000	0.0000	0.0000	0.0000	0.0000	0.0000	0.0000	0.0000	0.0000	0.0000	0.0000	0.0000	0.0000	0.0000	0.0000	0.0000	0.0000	0.0000	0.0000	0.0000	0.0000	0.0000	0.0000	0.0000	0.0000	0.0000	0.0000	0.0000	0.0000	0.0000	0.0000	0.0000	0.0000	0.0000	0.0000	0.0000	0.0000	0.0000	0.0000	0.0000	0.0000	0.0000	0.0000	0.0000	0.0000	0.0000	0.0000	0.0000	0.0000	0.0000	0.0000	0.0000	0.0000	0.0000	0.0000	0.0000	0.0000	0.0000	0.0000	0.0000	0.0000	0.0000	0.0000	0.0000	0.0000	0.0000	0.0000	0.0000	0.0000	0.0000	0.0000	0.0000	0.0000	0.0000	0.0000	0.0000											
2	34	0.0343	3	0	1	0	2	0	0	0	0	N	N	N	Y	N	N	N	N	N	N	N	N	0.0000	0.0000	0.0000	0.0000	0.0000	0.0000	0.0000	0.0000	0.0000	0.0000	0.0000	0.0000	0.0000	0.0000	0.0000	0.0000	0.0000	0.0000	0.0000	0.0000	0.0000	5.0000	0.0000	6.9850	0.0000	0.0000	0.0000	0.0000	0.0000	0.0000	0.0000	0.0000	0.0000	0.0000	0.0000	0.0000	0.0000	0.0000	0.0000	0.0000	0.0000	0.0000	0.0000	0.0000	0.0000	0.0000	0.0000	0.0000	0.0000	0.0000	0.0000	0.0000	0.0000	0.0000	0.0000	0.0000	0.0000	0.0000	0.0000	0.0000	0.0000	0.0000	0.0000	0.0000	0.0000	0.0000	0.0000	0.0000	0.0000	0.0000	0.0000	0.0000	0.0000	0.0000	0.0000	0.0000	0.0000	0.0000											
2	35	0.0908	5	1	1	0	1	0	0	0	0	N	N	N	N	N	N	N	N	N	N	N	N	0.0000	0.0000	0.0000	0.0000	0.0000	0.0000	0.0000	0.0000	0.0000	0.0000	0.0000	0.0000	0.0000	0.0000	0.0000	0.0000	0.0000	0.0000	0.0000	0.0000	0.0000	1.9985	0.0000	17.9985	0.0000	0.0000	0.0000	0.0000	0.0000	0.0000	0.0000	0.0000	0.0000	0.0000	0.0000	0.0000	0.0000	0.0000	0.0000	0.0000	0.0000	0.0000	0.0000	0.0000	0.0000	0.0000	0.0000	0.0000	0.0000	0.0000	0.0000	0.0000	0.0000	0.0000	0.0000	0.0000	0.0000	0.0000	0.0000	0.0000	0.0000	0.0000	0.0000	0.0000	0.0000	0.0000	0.0000	0.0000	0.0000	0.0000	0.0000	0.0000	0.0000	0.0000	0.0000	0.0000	0.0000	0.0000											
2	36	0.1011	4	0	0	1	1	0	0	0	0	N	N	N	N	N	N	N	N	N	N	N	N	0.0000	0.0000	0.0000	0.0000	0.0000	0.0000	0.0000	0.0000	0.0000	0.0000	0.0000	0.0000	0.0000	0.0000	0.0000	0.0000	0.0000	0.0000	0.0000	0.0000	0.0000	0.0001	0.0000	0.9943	0.0000	0.0000	0.0000	0.0000	0.0000	0.0000	0.0000	0.0000	0.0000	0.0000	0.0000	0.0000	0.0000	0.0000	0.0000	0.0000	0.0000	0.0000	0.0000	0.0000	0.0000	0.0000	0.0000	0.0000	0.0000	0.0000	0.0000	0.0000	0.0000	0.0000	0.0000	0.0000	0.0000	0.0000	0.0000	0.0000	0.0000	0.0000	0.0000	0.0000	0.0000	0.0000	0.0000	0.0000	0.0000	0.0000	0.0000	0.0000	0.0000	0.0000	0.0000	0.0000	0.0000	0.0000											
2	37	0.0773	4	0	1	0	1	0	0	0	0	N	N	N	N	N	N	N	N	N	N	N	N	0.0000	0.0000	0.0000	0.0000	0.0000	0.0000	0.0000	0.0000	0.0000	0.0000	0.0000	0.0000	0.0000	0.0000	0.0000	0.0000	0.0000	0.0000	0.0000	0.0000	0.0000	2.0000	0.0000	2.0000	0.0000	0.0000	0.0000	0.0000	0.0000	0.0000	0.0000	0.0000	0.0000	0.0000	0.0000	0.0000	0.0000	0.0000	0.0000	0.0000	0.0000	0.0000	0.0000	0.0000	0.0000	0.0000	0.0000	0.0000	0.0000	0.0000	0.0000	0.0000	0.0000	0.0000	0.0000	0.0000	0.0000	0.0000	0.0000	0.0000	0.0000	0.0000	0.0000	0.0000	0.0000	0.0000	0.0000	0.0000	0.0000	0.0000	0.0000	0.0000	0.0000	0.0000	0.0000	0.0000	0.0000	0.0000											
2	38	0.1494	7	1	0	1	1	0	0	0	0	N	N	N	N	N	N	N	N	N	N	N	N	0.0000	0.0000	0.0000	0.0000	0.0000	0.0000	0.0000	0.0000	0.0000	0.0000	0.0000	0.0000	0.0000	0.0000	0.0000	0.0000	0.0000	0.0000	0.0000	0.0000	0.0000	2.0000	0.0000	5.0000	0.0000	0.0000	0.0000	0.0000	0.0000	0.0000	0.0000	0.0000	0.0000	0.0000	0.0000	0.0000	0.0000	0.0000	0.0000	0.0000	0.0000	0.0000	0.0000	0.0000	0.0000	0.0000	0.0000	0.0000	0.0000	0.0000	0.0000	0.0000	0.0000	0.0000	0.0000	0.0000	0.0000	0.0000	0.0000	0.0000	0.0000	0.0000	0.0000	0.0000	0.0000	0.0000	0.0000	0.0000	0.0000	0.0000	0.0000	0.0000	0.0000	0.0000	0.0000	0.0000	0.0000	0.0000											
2	39	0.0169	2	0	1	0	1	0	0	0	0	N	N	N	N	N	N	N	N	N	N	N	N	0.0000	0.0000	0.0000	0.0000	0.0000	0.0000	0.0000	0.0000	0.0000	0.0000	0.0000	0.0000	0.0000	0.0000	0.0000	0.0000	0.0000	0.0000	0.0000	0.0000	0.0000	0.0217	0.0000	6.0735	0.0000	0.0000	0.0000	0.0000	0.0000	0.0000	0.0000	0.0000	0.0000	0.0000	0.0000	0.0000	0.0000	0.0000	0.0000	0.0000	0.0000	0.0000	0.0000	0.0000	0.0000	0.0000	0.0000	0.0000	0.0000	0.0000	0.0000	0.0000	0.0000	0.0000	0.0000	0.0000	0.0000	0.0000	0.0000	0.0000	0.0000	0.0000	0.0000	0.0000	0.0000	0.0000	0.0000	0.0000	0.0000	0.0000	0.0000	0.0000	0.0000	0.0000	0.0000	0.0000	0.0000	0.0000											
2	41	0.0343	3	0	1	0	2	0	0	0	0	N	N	N	Y	N	N	N	N	N	N	N	N	0.0000	0.0000	0.0000	0.0000	0.0000	0.0000	0.0000	0.0000	0.0000	0.0000	0.0000	0.0000	0.0000	0.0000	0.0000	0.0000	0.0000	0.0000	0.0000	0.0000	0.0000	0.0000	0.0000	7.0150	0.0000	0.0000	0.0000	0.0000	0.0000	0.0000	0.0000	0.0000	0.0000	0.0000	0.0000	0.0000	0.0000	0.0000	0.0000	0.0000	0.0000	0.0000	0.0000	0.0000	0.0000	0.0000	0.0000	0.0000	0.0000	0.0000	0.0000	0.0000	0.0000	0.0000	0.0000	0.0000	0.0000	0.0000	0.0000	0.0000	0.0000	0.0000	0.0000	0.0000	0.0000	0.0000	0.0000	0.0000	0.0000	0.0000	0.0000	0.0000	0.0000	0.0000	0.0000	0.0000	0.0000	0.0000											
2	42	0.1494	7	1	0	1	1	0	0	0	0	N	N	N	N	N	N	N	N	N	N	N	N	0.0000	0.0000	0.0000	0.0000	0.0000	0.0000	0.0000	0.0000	0.0000	0.0000	0.0000	0.0000	0.0000	0.0000	0.0000	0.0000	0.0000	0.0000	0.0000	0.0000	0.0000	0.0000	0.0000	0.0000	0.0000	0.0000	0.0000	0.0000	0.0000	0.0000	0.0000	0.0000	0.0000	0.0000	0.0000	0.0000	0.0000	0.0000	0.0000	0.0000	0.0000	0.0000	0.0000	0.0000	0.0000	0.0000	0.0000	0.0000	0.0000	0.0000	0.0000	0.0000	0.0000	0.0000	0.0000	0.0000	0.0000	0.0000	0.0000	0.0000	0.0000	0.0000	0.0000	0.0000	0.0000	0.0000	0.0000	0.0000	0.0000	0.0000	0.0000	0.0000	0.0000	0.0000	0.0000	0.0000	0.0000	0.0000											
2	43	0.1326	6	1	0	1	1	0	0	0	0	N	N	N	N	N	N	N	N	N	N	N	N	0.0000	0.0000	0.0000	0.0000	0.0000	0.0000	0.0000	0.0000	0.0000	0.0000	0.0000	0.0000	0.0000	0.0000	0.0000	0.0000	0.0000	0.0000	0.0000	0.0000	0.0000	1.0000	0.0000	3.0000	0.0000	0.0000	0.0000	0.0000	0.0000	0.0000	0.0000	0.0000	0.0000	0.0000	0.0000	0.0000	0.0000	0.0000	0.0000	0.0000	0.0000	0.0000	0.0000	0.0000	0.0000	0.0000	0.0000	0.0000	0.0000	0.0000	0.0000	0.0000	0.0000	0.0000	0.0000	0.0000	0.0000	0.0000	0.0000	0.0000	0.0000	0.0000	0.0000	0.0000	0.0000	0.0000	0.0000	0.0000	0.0000	0.0000	0.0000	0.0000	0.0000	0.0000	0.0000	0.0000	0.0000	0.0000											
2	44	0.1326	6	1	0	1	1	0	0	0	0	N	N	N	N	N	N	N	N	N	N	N	N	0.0000	0.0000	0.0000	0.0000	0.0000	0.0000	0.0000	0.0000	0.0000	0.0000	0.0000	0.0000	0.0000	0.0000	0.0000	0.0000	0.0000	0.0000	0.0000	0.0000	0.0000	1.0000	0.0000	3.0000	0.0000	0.0000	0.0000	0.0000	0.0000	0.0000	0.0000	0.0000	0.0000	0.0000	0.0000	0.0000	0.0000	0.0000	0.0000	0.0000	0.0000	0.0000	0.0000	0.0000	0.0000	0.0000	0.0000	0.0000	0.0000	0.0000	0.0000	0.0000	0.0000	0.0000	0.0000	0.0000	0.0000	0.0000	0.0000	0.0000	0.0000	0.0000	0.0000	0.0000	0.0000	0.0000	0.0000	0.0000	0.0000	0.0000	0.0000	0.0000	0.0000	0.0000	0.0000	0.0000	0.0000	0.0000											
2	45	0.0773	4	0	0	1	1	0	0	0	0	N	N	N	N	N	N	N	N	N	N	N	N	0.0000	0.0000	0.0000	0.0000	0.0000	0.0000	0.0000	0.0000	0.0000	0.0000	0.0000	0.0000	0.0000	0.0000	0.0000	0.0000	0.0000	0.0000	0.0000	0.0000	0.0000	0.0000	0.0000	0.0000	0.0000	0.0000	0.0000	0.0000	0.0000	0.0000	0.0000	0.0000	0.0000	0.0000	0.0000	0.0000	0.0000	0.0000	0.0000	0.0000	0.0000	0.0000	0.0000	0.0000	0.0000	0.0000	0.0000	0.0000	0.0000	0.0000	0.0000	0.0000	0.0000	0.0000	0.0000	0.0000	0.0000	0.0000	0.0000	0.0000	0.0000	0.0000	0.0000	0.0000	0.0000	0.0000	0.0000	0.0000	0.0000	0.0000	0.0000	0.0000	0.0000	0.0000	0.0000	0.0000	0.0000	0.0000											
2	46	0.0343	3	0	0	0	1	0	0	0	0	N	N	N	N	N	N	N	N	N	N	N	N	0.0000	0.0000	0.0000	0.0000	0.0000	0.0000	0.0000	0.0000	0.0000	0.0000	0.0000	0.0000	0.0000	0.0000	0.0000	0.0000	0.0000	0.0000	0.0000	0.0000	0.0000	4.0000	0.0000	5.9850	0.0000	0.0000	0.0000	0.0000	0.0000	0.0000	0.0000	0.0000	0.0000	0.0000	0.0000	0.0000	0.0000	0.0000	0.0000	0.0000	0.0000	0.0000	0.0000	0.0000	0.0000	0.0000	0.0000	0.0000	0.0000	0.0000	0.0000	0.0000	0.0000	0.0000	0.0000	0.0000	0.0000	0.0000	0.0000	0.0000	0.0000	0.0000	0.0000	0.0000	0.0000	0.0000	0.0000	0.0000	0.0000	0.0000	0.0000	0.0000	0.0000	0.0000	0.0000	0.0000	0.0000	0.0000											
2	47	0.1053	5	0	1	0	1	0	0	0	0	N	N	N	N	N	N	N	N	N	N	N	N	0.0000	0.0000	0.0000	0.0000	0.0000	0.0000	0.0000	0.0000	0.0000	0.0000	0.0000	0.0000	0.0000	0.0000	0.0000	0.0000	0.0000	0.0000	0.0000	0.0000	0.0000	0.0000	0.0000	0.0000	0.0000	0.0000	0.0000	0.0000	0.0000	0.0000	0.0000	0.0000	0.0000	0.0000	0.0000	0.0000	0.0000	0.0000	0.0000	0.0000	0.0000	0.0000	0.0000	0.0000	0.0000	0.0000	0.0000	0.0000	0.0000	0.0000	0.0000	0.0000	0.0000	0.0000	0.0000	0.0000	0.0000	0.0000	0.0000	0.0000	0.0000	0.0000	0.0000	0.0000	0.0000	0.0000	0.0000	0.0000	0.0000	0.0000	0.0000	0.0000	0.0000	0.0000	0.0000	0.0000	0.0000	0.0000											
2	48	0.1651	8	1	1	1	1	0	0	0	0	N	N	N	N	N	N	N	N	N	N	N	N	0.0000	0.0000	0.0000	0.0000	0.0000	0.0000	0.0000	0.0000	0.0000	0.0000	0.0000	0.0000	0.0000	0.0000	0.0000	0.0000	0.0000	0.0000	0.0000	0.0000	0.0000	0.0000	0.0000	2.0152	0.0000	0.0000	0.0000	0.0000	0.0000	0.0000	0.0000	0.0000	0.0000	0.0000	0.0000	0.0000	0.0000	0.0000	0.0000	0.0000	0.0000	0.0000	0.0000	0.0000	0.0000	0.0000	0.0000	0.0000	0.0000	0.0000	0.0000	0.0000	0.0000	0.0000	0.0000	0.0000	0.0000	0.0000	0.0000	0.0000	0.0000	0.0000	0.0000	0.0000	0.0000	0.0000	0.0000	0.0000	0.0000	0.0000	0.0000	0.0000	0.0000	0.0000	0.0000	0.0000	0.0000	0.0000											
2	49	0.1609	7	1	0	1	1	0	0	0	0	N	N	N	N	N	N	N	N	N	N	N	N	0.0000	0.0000	0.0000	0.0000	0.0000	0.0000	0.0000	0.0000	0.0000	0.0000	0.0000	0.0000	0.0000	0.0000	0.0000	0.0000	0.0000	0.0000	0.0000	0.0000	0.0000	0.0003	0.0000	1.0311	0.0000	0.0000	0.0000	0.0000	0.0000	0.0000	0.0000	0.0000	0.0000	0.0000	0.0000	0.0000	0.0000	0.0000	0.0000	0.0000	0.0000	0.0000	0.0000	0.0000	0.0000	0.0000	0.0000	0.0000	0.0000	0.0000	0.0000	0.0000	0.0000	0.0000	0.0000	0.0000	0.0000	0.0000	0.0000	0.0000	0.0000	0.0000	0.0000	0.0000	0.0000	0.0000	0.0000	0.0000	0.0000	0.0000	0.0000	0.0000	0.0000	0.0000	0.0000	0.0000	0.0000	0.0000											
2	50	0.1609	7	1	1	1	1	0	0	0	0	N	N	N	N	N	N	N	N	N	N	N	N	0.0000	0.0000	0.0000	0.0000	0.0000	0.0000	0.0000	0.0000	0.0000	0.0000	0.0000	0.0000	0.0000	0.0000	0.0000	0.0000	0.0000	0.0000	0.0000	0.0000	0.0000	0.0003	0.0000	1.0126	0.0000	0.0000	0.0000	0.0000	0.0000	0.0000	0.0000	0.0000	0.0000	0.0000	0.0000	0.0000	0.0000	0.0000	0.0000	0.0000	0.0000	0.0000	0.0000	0.0000	0.0000	0.0000	0.0000	0.0000	0.0000	0.0000	0.0000	0.0000	0.0000	0.0000	0.0000	0.0000	0.0000	0.0000	0.0000	0.0000	0.0000	0.0000	0.0000	0.0000	0.0000	0.0000	0.0000	0.0000	0.0000	0.0000	0.0000	0.0000	0.0000	0.0000	0.0000	0.0000	0.0000	0.0000											
2	51	0.1901	6	1	1	0	1	0	0	0	0	N	N	N	N	N	N	N	N	N	N	N	N	0.0000	0.0000	0.0000	0.0000	0.0000	0.0000	0.0000	0.0000	0.0000	0.0000	0.0000	0.0000	0.0000	0.0000	0.0000	0.0000	0.0000	0.0000	0.0000	0.0000	0.0000	0.0000	0.0000	1.0000	0.0000	0.0000	0.0000	0.0000	0.0000	0.0000	0.0000	0.0000	0.0000	0.0000	0.0000	0.0000	0.0000	0.0000	0.0000	0.0000	0.0000	0.0000	0.0000	0.0000	0.0000	0.0000	0.0000	0.0000	0.0000	0.0000	0.0000	0.0000	0.0000	0.0000	0.0000	0.0000	0.0000	0.0000	0.0000	0.0000	0.0000	0.0000	0.0000	0.0000	0.0000	0.0000	0.0000	0.0000	0.0000	0.0000	0.0000	0.0000	0.0000	0.0000	0.0000	0.0000	0.0000	0.0000											
2	52	0.0733	5	0	1	0	2	0	0	0	0	N	N	N	Y	N	N	N	N	N	N	N	N	0.0000	0.0000	0.0000	0.0000	0.0000	0.0000	0.0000	0.0000	0.0000	0.0000	0.0000	0.0000	0.0000	0.0000	0.0000	0.0000	0.0000	0.0000	0.0000	0.0000	0.0000	0.9995	0.0000	1.0399	0.0000	0.0000	0.0000	0.0000	0.0000	0.0000	0.0000	0.0000	0.0000	0.0000	0.0000	0.0000	0.0000	0.0000	0.0000	0.0000	0.0000	0.0000	0.0000	0.0000	0.0000	0.0000	0.0000	0.0000	0.0000	0.0000	0.0000	0.0000	0.0000	0.0000	0.0000	0.0000	0.0000	0.0000	0.0000	0.0000	0.0000	0.0000	0.0000	0.0000	0.0000	0.0000	0.0000	0.0000	0.0000	0.0000	0.0000	0.0000	0.0000	0.0000	0.0000	0.0000	0.0000	0.0000											
2	53	0.0733	5	0	0	0	2	0	0	0	0	N	N	N	Y	N	N	N	N	N	N	N	N	0.0000	0.0000	0.0000	0.0000	0.0000	0.0000	0.0000	0.0000	0.0000	0.0000	0.0000	0.0000	0.0000	0.0000	0.0000	0.0000	0.0000	0.0000	0.0000	0.0000	0.0000	3.0005	0.0000	1.0125	0.0000	0.0000	0.0000	0.0000	0.0000	0.0000	0.0000	0.0000	0.0000	0.0000	0.0000	0.0000	0.0000	0.0000	0.0000	0.0000	0.0000	0.0000	0.0000	0.0000	0.0000	0.0000	0.0000	0.0000	0.0000	0.0000	0.0000	0.0000	0.0000	0.0000	0.0000	0.0000	0.0000	0.0000	0.0000	0.0000	0.0000	0.0000	0.0000	0.0000	0.0000	0.0000	0.0000	0.0000	0.0000	0.0000	0.0000	0.0000	0.0000	0.0000	0.0000	0.0000	0.0000	0.0000											
2	54	0.0651	4	0	0	0	2	0	0	0	0	N	N	N	Y	N	N	N	N	N	N	N	N	0.0000	0.0000	0.0000	0.0000	0.0000	0.0000	0.0000	0.0000	0.0000	0.0000	0.0000	0.0000	0.0000	0.0000	0.0000	0.0000	0.0000	0.0000	0.0000	0.0000	0.0000	0.0013	0.0000	1.9704	0.0000	0.0000	0.0000	0.0000	0.0000	0.0000	0.0000	0.0000	0.0000	0.0000	0.0000	0.0000	0.0000	0.0000	0.0000	0.0000	0.0000	0.0000	0.0000	0.0000	0.0000	0.0000	0.0000	0.0000	0.0000	0.0000	0.0000	0.0000	0.0000	0.0000	0.0000	0.0000	0.0000	0.0000	0.0000	0.0000	0.0000	0.0000	0.0000	0.0000	0.0000	0.0000	0.0000	0.0000	0.0000	0.0000	0.0000	0.0000	0.0000	0.0000	0.0000	0.0000	0.0000	0.0000											
2	55	0.0343	3	0	0	0	2	0	0	0	0	N	N	N	Y	N	N	N	N	N	N	N	N	0.0000	0.0000	0.0000	0.0000	0.0000	0.0000	0.0000	0.0000	0.0000	0.0000	0.0000	0.0000	0.0000	0.0000	0.0000	0.0000	0.0000	0.0000	0.0000	0.0000	0.0000	3.0000	0.0000	4.0155	0.0000	0.0000	0.0000	0.0000	0.0000	0.0000	0.0000	0.0000	0.0000	0.0000	0.0000	0.0000	0.0000	0.0000	0.0000	0.0000	0.0000	0.0000	0.0000	0.0000	0.0000	0.0000	0.0000	0.0000	0.0000	0.0000	0.0000	0.0000	0.0000	0.0000	0.0000	0.0000	0.0000	0.0000	0.0000	0.0000	0.0000	0.0000	0.0000	0.0000	0.0000	0.0000	0.0000	0.0000	0.0000	0.0000	0.0000	0.0000	0.0000	0.0000	0.0000	0.0000	0.0000	0.0000											
2	56	0.1515	8	0	1	1	1	0	0	0	0	N	N	N	N	N	N	N	N	N	N	N	N	0.0000	0.0000	0.0000	0.0000	0.0000	0.0000	0.0000	0.0000	0.0000	0.0000	0.0000	0.0000	0.0000	0.0000	0.0000	0.0000	0.0000	0.0000	0.0000	0.0000	0.0000	2.0013	0.0000	5.6727	0.0000	0.0000	0.0000	0.0000	0.0000	0.0000	0.0000	0.0000	0.0000	0.0000	0.0000	0.0000	0.0000	0.0000	0.0000	0.0000	0.0000	0.0000	0.0000	0.0000	0.0000	0.0000	0.0000	0.0000	0.0000	0.0000	0.0000	0.0000	0.0000	0.0000	0.0000	0.0000	0.0000	0.0000	0.0000	0.0000	0.0000	0.0000	0.0000	0.0000	0.0000	0.0000	0.0000	0.0000	0.0000	0.0000	0.0000	0.0000	0.0000	0.0000	0.0000	0.0000	0.0000	0.0000											
2	57	0.1477	7	0	1	0	1	0	0	0	0	N	N	N	N	N	N	N	N	N	N	N	N	0.0000	0.0000	0.0000	0.0000	0.0000	0.0000	0.0000	0.0000	0.0000	0.0000	0.0000	0.0000	0.0000	0.0000	0.0000	0.0000	0.0000	0.0000	0.0000	0.0000	0.0000	0.0033	0.0000	1.3874	0.0000	0.0000	0.0000	0.0000	0.0000	0.0000	0.0000	0.0000	0.0000	0.0000	0.0000	0.0000	0.0000	0.0000	0.0000	0.0000	0.0000	0.0000	0.0000	0.0000	0.0000	0.0000	0.0000	0.0000	0.0000	0.0000	0.0000	0.0000	0.0000	0.0000	0.0000	0.0000	0.0000	0.0000	0.0000	0.0000	0.0000	0.0000	0.0000	0.0000	0.0000	0.0000	0.0000	0.0000	0.0000	0.0000	0.0000	0.0000	0.0000	0.0000	0.0000	0.0000	0.0000	0.0000											
2	58	0.1326	6	1	0	1	1	0	0	0	0	N	N	N	N	N	N	N	N	N	N	N	N	0.0000	0.0000	0.0000	0.0000	0.0000	0.0000	0.0000	0.0000	0.0000	0.0000	0.0000	0.0000	0.0000	0.0000	0.0000	0.0000	0.0000	0.0000	0.0000	0.0000	0.0000	0.0000	0.0000	2.0000	0.0000	0.0000	0.0000	0.0000	0.0000	0.0000	0.0000	0.0000	0.0000	0.0000	0.0000	0.0000	0.0000	0.0000	0.0000	0.0000	0.0000	0.0000	0.0000	0.0000	0.0000	0.0000	0.0000	0.0000	0.0000	0.0000	0.0000	0.0000	0.0000	0.0000	0.0000	0.0000	0.0000	0.0000	0.0000	0.0000	0.0000	0.0000	0.0000	0.0000	0.0000	0.0000	0.0000	0.0000	0.0000	0.0000	0.0000	0.0000	0.0000	0.0000	0.0000	0.0000	0.0000	0.0000											
2	59	0.1477	7	0	1	0	1	0	0	0	0	N	N	N	N	N	N	N	N	N	N	N	N	0.0000	0.0000	0.0000	0.0000	0.0000	0.0000	0.0000	0.0000	0.0000	0.0000	0.0000	0.0000	0.0000	0.0000	0.0000	0.0000	0.0000	0.0000	0.0000	0.0000	0.0000	1.9997	0.0000	3.4660	0.0000	0.0000	0.0000	0.0000	0.0000	0.0000	0.0000	0.0000	0.0000	0.0000	0.0000	0.0000	0.0000	0.0000	0.0000	0.0000	0.0000	0.0000	0.0000	0.0000	0.0000	0.0000	0.0000	0.0000	0.0000	0.0000	0.0000	0.0000	0.0000	0.0000	0.0000	0.0000	0.0000	0.0000	0.0000	0.0000	0.0000	0.0000	0.0000	0.0000	0.0000	0.0000	0.0000	0.0000	0.0000	0.0000	0.0000	0.0000	0.0000	0.0000	0.0000	0.0000	0.0000	0.0000											
2	60	0.1326	6	0	1	0	1	0	0	0	0	N	N	N	N	N	N	N	N	N	N	N	N	0.0000	0.0000	0.0000	0.0000	0.0000	0.0000	0.0000	0.0000	0.0000	0.0000	0.0000	0.0000	0.0000	0.0000	0.0000	0.0000	0.0000	0.0000	0.0000	0.0000	0.0000	0.0005	0.0000	3.6054	0.0000	0.0000	0.0000	0.0000	0.0000	0.0000	0.0000	0.0000	0.0000	0.0000	0.0000	0.0000	0.0000	0.0000	0.0000	0.0000	0.0000	0.0000	0.0000	0.0000	0.0000	0.0000	0.0000	0.0000	0.0000	0.0000	0.0000	0.0000	0.0000	0.0000	0.0000	0.0000	0.0000	0.0000	0.0000	0.0000	0.0000	0.0000	0.0000	0.0000	0.0000	0.0000	0.0000	0.0000	0.0000	0.0000	0.0000	0.0000	0.0000	0.0000	0.0000	0.0000	0.0000	0.0000											
2	61	0.1053	5	0	0	1	1	0	0	0	0	N	N	N	N	N	N	N	N	N	N	N	N	0.0000	0.0000	0.0000	0.0000	0.0000	0.0000	0.0000	0.0000	0.0000	0.0000	0.0000	0.0000	0.0000	0.0000	0.0000	0.0000	0.0000	0.0000	0.0000	0.0000	0.0000	0.0000	0.0000	1.0000	0.0000	0.0000	0.0000	0.0000	0.0000	0.0000	0.0000	0.0000	0.0000	0.0000	0.0000	0.0000	0.0000	0.0000	0.0000	0.0000	0.0000	0.0000	0.0000	0.0000	0.0000	0.0000	0.0000	0.0000	0.0000	0.0000	0.0000	0.0000	0.0000	0.0000	0.0000	0.0000	0.0000	0.0000	0.0000	0.0000	0.0000	0.0000	0.0000	0.0000	0.0000	0.0000	0.0000	0.0000	0.0000	0.0000	0.0000	0.0000	0.0000	0.0000	0.0000	0.0000	0.0000	0.0000											
2	62	0.1011	4	0	0	0	1	0	0	0	0	N	N	N	N	N	N	N	N	N	N	N	N	0.0000	0.0000	0.0000	0.0000	0.0000	0.0000	0.0000	0.0000	0.0000	0.0000	0.0000	0.0000	0.0000	0.0000	0.0000	0.0000	0.0000	0.0000	0.0000	0.0000	0.0000	0.0001	0.0000	1.0076	0.0000	0.0000	0.0000	0.0000	0.0000	0.0000	0.0000	0.0000	0.0000	0.0000	0.0000	0.0000	0.0000	0.0000	0.0000	0.0000	0.0000	0.0000	0.0000	0.0000	0.0000	0.0000	0.0000	0.0000	0.0000	0.0000	0.0000	0.0000	0.0000	0.0000	0.0000	0.0000	0.0000	0.0000	0.0000	0.0000	0.0000	0.0000	0.0000	0.0000	0.0000	0.0000	0.0000	0.0000	0.0000	0.0000	0.0000	0.0000	0.0000	0.0000	0.0000	0.0000	0.0000	0.0000											
2	63	0.0343	3	0	0	0	1	0	0	0	0	N	N	N	N	N	N	N	N	N	N	N	N	0.0000	0.0000	0.0000	0.0000	0.0000	0.0000	0.0000	0.0000	0.0000	0.0000	0.0000	0.0000	0.0000	0.0000	0.0000	0.0000	0.0000	0.0000	0.0000	0.0000	0.0000	11.9999	0.0000	3.0574	0.0000	0.0000	0.0000	0.0000	0.0000	0.0000	0.0000	0.0000	0.0000	0.0000	0.0000	0.0000	0.0000	0.0000	0.0000	0.0000	0.0000	0.0000	0.0000	0.0000	0.0000	0.0000	0.0000	0.0000	0.0000	0.0000	0.0000	0.0000	0.0000	0.0000	0.0000	0.0000	0.0000	0.0000	0.0000	0.0000	0.0000	0.0000	0.0000	0.0000	0.0000	0.0000	0.0000	0.0000	0.0000	0.0000	0.0000	0.0000	0.0000	0.0000	0.0000	0.0000	0.0000	0.0000											
2	64	0.1326	6	1	1	0	1	0	0	0	0	N	N	N	N	N	N	N	N	N	N	N	N	0.0000	0.0000	0.0000	0.0000	0.0000	0.0000	0.0000	0.0000	0.0000	0.0000	0.0000	0.0000	0.0000	0.0000	0.0000	0.0000	0.0000	0.0000	0.0000	0.0000	0.0000	4.0000	0.0000	3.0000	0.0000	0.0000	0.0000	0.0000	0.0000	0.0000	0.0000	0.0000	0.0000	0.0000	0.0000	0.0000	0.0000	0.0000	0.0000	0.0000	0.0000	0.0000	0.0000	0.0000	0.0000	0.0000	0.0000	0.0000	0.0000	0.0000	0.0000	0.0000	0.0000	0.0000	0.0000	0.0000	0.0000	0.0000	0.0000	0.0000	0.0000	0.0000	0.0000	0.0000	0.0000	0.0000	0.0000	0.0000	0.0000	0.0000	0.0000	0.0000	0.0000	0.0000	0.0000	0.0000	0.0000	0.0000											
2	65	0.0908	5	0	0	0	1	0	0	0	0	N	N	N	N	N	N	N	N	N	N	N	N	0.0000	0.0000	0.0000	0.0000	0.0000	0.0000	0.0000	0.0000	0.0000	0.0000	0.0000	0.0000	0.0000	0.0000	0.0000	0.0000	0.0000	0.0000	0.0000	0.0000	0.0000	2.0015	0.0000	10.0016	0.0000	0.0000	0.0000	0.0000	0.0000	0.0000	0.0000	0.0000	0.0000	0.0000	0.0000	0.0000	0.0000	0.0000	0.0000	0.0000	0.0000	0.0000	0.0000	0.0000	0.0000	0.0000	0.0000	0.0000	0.0000	0.0000	0.0000	0.0000	0.0000	0.0000	0.0000	0.0000	0.0000	0.0000	0.0000	0.0000	0.0000	0.0000	0.0000	0.0000	0.0000	0.0000	0.0000	0.0000	0.0000	0.0000	0.0000	0.0000	0.0000	0.0000	0.0000	0.0000	0.0000	0.0000											
2	67	0.2456	7	0	0	0	1	0	0	0	0	N	N	N	N	N	N	N	N	N	N	N	N	0.0000	0.0000	0.0000	0.0000	0.0000	0.0000	0.0000	0.0000	0.0000	0.0000	0.0000	0.0000	0.0000	0.0000	0.0000	0.0000	0.0000	0.0000	0.0000	0.0000	0.0000	4.8614	0.0000	14.2102	0.0000	0.0000	0.0000	0.0000	0.0000	0.0000	0.0000	0.0000	0.0000	0.0000	0.0000	0.0000	0.0000	0.0000	0.0000	0.0000	0.0000	0.0000	0.0000	0.0000	0.0000	0.0000	0.0000	0.0000	0.0000	0.0000	0.0000	0.0000	0.0000	0.0000	0.0000	0.0000	0.0000	0.0000	0.0000	0.0000	0.0000	0.0000	0.0000	0.0000	0.0000	0.0000	0.0000	0.0000	0.0000	0.0000	0.0000	0.0000	0.0000	0.0000	0.0000	0.0000	0.0000	0.0000											
2	68	0.1665	9	1	1	1	1	0	0	0	0	N	N	N	N	N	N	N	N	N	N	N	N	0.0000	0.0000	0.0000	0.0000	0.0000	0.0000	0.0000	0.0000	0.0000	0.0000	0.0000	0.0000	0.0000	0.0000	0.0000	0.0000	0.0000	0.0000	0.0000	0.0000	0.0000	0.0000	0.0000	0.0000	0.0000	0.0000	0.0000	0.0000	0.0000	0.0000	0.0000	0.0000	0.0000	0.0000	0.0000	0.0000	0.0000	0.0000	0.0000	0.0000	0.0000	0.0000	0.0000	0.0000	0.0000	0.0000	0.0000	0.0000	0.0000	0.0000	0.0000	0.0000	0.0000	0.0000	0.0000	0.0000	0.0000	0.0000	0.0000	0.0000	0.0000	0.0000	0.0000	0.0000	0.0000	0.0000	0.0000	0.0000	0.0000	0.0000	0.0000	0.0000	0.0000	0.0000	0.0000	0.0000	0.0000	0.0000											
2	69	0.1624	8	1	0	1	1	0	0	0	0	N	N	N	N	N	N	N	N	N	N	N	N	0.0000	0.0000	0.0000	0.0000	0.0000	0.0000	0.0000	0.0000	0.0000	0.0000	0.0000	0.0000	0.0000	0.0000	0.0000	0.0000	0.0000	0.0000	0.0000	0.0000	0.0000	0.0016	0.0000	0.9826	0.0000	0.0000	0.0000	0.0000	0.0000	0.0000	0.0000	0.0000	0.0000	0.0000	0.0000	0.0000	0.0000	0.0000	0.0000	0.0000	0.0000	0.0000	0.0000	0.0000	0.0000	0.0000	0.0000	0.0000	0.0000	0.0000	0.0000	0.0000	0.0000	0.0000	0.0000	0.0000	0.0000	0.0000	0.0000	0.0000	0.0000	0.0000	0.0000	0.0000	0.0000	0.0000	0.0000	0.0000	0.0000	0.0000	0.0000	0.0000	0.0000	0.0000	0.0000	0.0000	0.0000	0.0000											
2	70	0.1496	7	1	0	1	1	0	0	0	0	N	N	N	N	N	N	N	N	N	N	N	N	0.0000	0.0000	0.0000	0.0000	0.0000	0.0000	0.0000	0.0000	0.0000	0.0000	0.0000	0.0000	0.0000	0.0000	0.0000	0.0000	0.0000	0.0000	0.0000	0.0000	0.0000	0.0061	0.0000	3.0249	0.0000	0.0000	0.0000	0.0000	0.0000	0.0000	0.0000	0.0000	0.0000	0.0000	0.0000	0.0000	0.0000	0.0000	0.0000	0.0000	0.0000	0.0000	0.0000	0.0000	0.0000	0.0000	0.0000	0.0000	0.0000	0.0000	0.0000	0.0000	0.0000	0.0000	0.0000	0.0000	0.0000	0.0000	0.0000	0.0000	0.0000	0.0000	0.0000	0.0000	0.0000	0.0000	0.0000	0.0000	0.0000	0.0000	0.0000	0.0000	0.0000	0.0000	0.0000	0.0000	0.0000	0.0000											
2	71	0.1326	6	1	0	1	1	0	0	0	0	N	N	N	N	N	N	N	N	N	N	N	N	0.0000	0.0000	0.0000	0.0000	0.0000	0.0000	0.0000	0.0000	0.0000	0.0000	0.0000	0.0000	0.0000	0.0000	0.0000	0.0000	0.0000	0.0000	0.0000	0.0000	0.0000	0.0044	0.0000	4.0281	0.0000	0.0000	0.0000	0.0000	0.0000	0.0000	0.0000	0.0000	0.0000	0.0000	0.0000	0.0000	0.0000	0.0000	0.0000	0.0000	0.0000	0.0000	0.0000	0.0000	0.0000	0.0000	0.0000	0.0000	0.0000	0.0000	0.0000	0.0000	0.0000	0.0000	0.0000	0.0000	0.0000	0.0000	0.0000	0.0000	0.0000	0.0000	0.0000	0.0000	0.0000	0.0000	0.0000	0.0000	0.0000	0.0000	0.0000	0.0000	0.0000	0.0000	0.0000	0.0000	0.0000	0.0000											
2	72	0.0908	5	0	1	0	1	0	0	0	0	N	N	N	N	N	N	N	N	N	N	N	N	0.0000	0.0000	0.0000	0.0000	0.0000	0.0000	0.0000	0.0000	0.0000	0.0000	0.0000	0.0000	0.0000	0.0000	0.0000	0.0000	0.0000	0.0000	0.0000	0.0000	0.0000	5.9987	0.0000	11.0016	0.0000	0.0000	0.0000	0.0000	0.0000	0.0000	0.0000	0.0000	0.0000	0.0000	0.0000	0.0000	0.0000	0.0000	0.0000	0.0000	0.0000	0.0000	0.0000	0.0000	0.0000	0.0000	0.0000	0.0000	0.0000	0.0000	0.0000	0.0000	0.0000	0.0000	0.0000	0.0000	0.0000	0.0000	0.0000	0.0000	0.0000	0.0000	0.0000	0.0000	0.0000	0.0000	0.0000	0.0000	0.0000	0.0000	0.0000	0.0000	0.0000	0.0000	0.0000	0.0000	0.0000	0.0000											
2	73	0.1326	6	1	0	1	1	0	0	0	0	N	N	N	N	N	N	N	N	N	N	N	N	0.0000	0.0000	0.0000	0.0000	0.0000	0.0000	0.0000	0.0000	0.0000	0.0000	0.0000	0.0000	0.0000	0.0000	0.0000	0.0000	0.0000	0.0000	0.0000	0.0000	0.0000	2.0000	0.0000	5.0000	0.0000	0.0000	0.0000	0.0000	0.0000	0.0000	0.0000	0.0000	0.0000	0.0000	0.0000	0.0000	0.0000	0.0000	0.0000	0.0000	0.0000	0.0000	0.0000	0.0000	0.0000	0.0000	0.0000	0.0000	0.0000	0.0000	0.0000	0.0000	0.0000	0.0000	0.0000	0.0000	0.0000	0.0000	0.0000	0.0000	0.0000	0.0000	0.0000	0.0000	0.0000	0.0000	0.0000	0.0000	0.0000	0.0000	0.0000	0.0000	0.0000	0.0000	0.0000	0.0000	0.0000	0.0000											
2	74	0.1325	7	0	1	0	1	0	0	0	0	N	N	N	N	N	N	N	N	N	N	N	N	0.0000	0.0000	0.0000	0.0000	0.0000	0.0000	0.0000	0.0000	0.0000	0.0000	0.0000	0.0000	0.0000	0.0000	0.0000	0.0000	0.0000	0.0000	0.0000	0.0000	0.0000	6.1274	0.0000	13.6208	0.0000	0.0000	0.0000	0.0000	0.0000	0.0000	0.0000	0.0000	0.0000	0.0000	0.0000	0.0000	0.0000	0.0000	0.0000	0.0000	0.0000	0.0000	0.0000	0.0000	0.0000	0.0000	0.0000	0.0000	0.0000	0.0000	0.0000	0.0000	0.0000	0.0000	0.0000	0.0000	0.0000	0.0000	0.0000	0.0000	0.0000	0.0000	0.0000	0.0000	0.0000	0.0000	0.0000	0.0000	0.0000	0.0000	0.0000	0.0000	0.0000	0.0000	0.0000	0.0000	0.0000	0.0000											
2	75	0.1571	10	0	0	1	1	0	0	0	0	N	N	N	N	N	N	N	N	N	N	N	N	0.0000	0.0000	0.0000	0.0000	0.0000	0.0000	0.0000	0.0000	0.0000	0.0000	0.0000	0.0000	0.0000	0.0000	0.0000	0.0000	0.0000	0.0000	0.0000	0.0000	0.0000	0.0000	0.0000	1.0003	0.0000	0.0000	0.0000	0.0000	0.0000	0.0000	0.0000	0.0000	0.0000	0.0000	0.0000	0.0000	0.0000	0.0000	0.0000	0.0000	0.0000	0.0000	0.0000	0.0000	0.0000	0.0000	0.0000	0.0000	0.0000	0.0000	0.0000	0.0000	0.0000	0.0000	0.0000	0.0000	0.0000	0.0000	0.0000	0.0000	0.0000	0.0000	0.0000	0.0000	0.0000	0.0000	0.0000	0.0000	0.0000	0.0000	0.0000	0.0000	0.0000	0.0000	0.0000	0.0000	0.0000	0.0000											
2	76	0.1530	9	0	0	1	1	0	0	0	0	N	N	N	N	N	N	N	N	N	N	N	N	0.0000	0.0000	0.0000	0.0000	0.0000	0.0000	0.0000	0.0000	0.0000	0.0000	0.0000	0.0000	0.0000	0.0000	0.0000	0.0000	0.0000	0.0000	0.0000	0.0000	0.0000	0.0000	0.0000	1.0076	0.0000	0.0000	0.0000	0.0000	0.0000	0.0000	0.0000	0.0000	0.0000	0.0000	0.0000	0.0000	0.0000	0.0000	0.0000	0.0000	0.0000	0.0000	0.0000	0.0000	0.0000	0.0000	0.0000	0.0000	0.0000	0.0000	0.0000	0.0000	0.0000	0.0000	0.0000	0.0000	0.0000	0.0000	0.0000	0.0000	0.0000	0.0000	0.0000	0.0000	0.0000	0.0000	0.0000	0.0000	0.0000	0.0000	0.0000	0.0000	0.0000	0.0000	0.0000	0.0000	0.0000	0.0000											
2	77	0.1489	8	0	0	0	1	0	0	0	0	N	N	N	N	N	N	N	N	N	N	N	N	0.0000	0.0000	0.0000	0.0000	0.0000	0.0000	0.0000	0.0000	0.0000	0.0000	0.0000	0.0000	0.0000	0.0000	0.0000	0.0000	0.0000	0.0000	0.0000	0.0000	0.0000	0.0026	0.0000	0.9924	0.0000	0.0000	0.0000	0.0000	0.0000	0.0000	0.0000	0.0000	0.0000	0.0000	0.0000	0.0000	0.0000	0.0000	0.0000	0.0000	0.0000	0.0000	0.0000	0.0000	0.0000	0.0000	0.0000	0.0000	0.0000	0.0000	0.0000	0.0000	0.0000	0.0000	0.0000	0.0000	0.0000	0.0000	0.0000	0.0000	0.0000	0.0000	0.0000	0.0000	0.0000	0.0000	0.0000	0.0000	0.0000	0.0000	0.0000	0.0000	0.0000	0.0000	0.0000	0.0000	0.0000	0.0000											
2	78	0.1325	7	0	0	0	1	0	0	0	0	N	N	N	N	N	N	N	N	N	N	N	N	0.0000	0.0000	0.0000	0.0000	0.0000	0.0000	0.0000	0.0000	0.0000	0.0000	0.0000	0.0000	0.0000	0.0000	0.0000	0.0000	0.0000	0.0000	0.0000	0.0000	0.0000	2.8733	0.0000	1.5522	0.0000	0.0000	0.0000	0.0000	0.0000	0.0000	0.0000	0.0000	0.0000	0.0000	0.0000	0.0000	0.0000	0.0000	0.0000	0.0000	0.0000	0.0000	0.0000	0.0000	0.0000	0.0000	0.0000	0.0000	0.0000	0.0000	0.0000	0.0000	0.0000	0.0000	0.0000	0.0000	0.0000	0.0000	0.0000	0.0000	0.0000	0.0000	0.0000	0.0000	0.0000	0.0000	0.0000	0.0000	0.0000	0.0000	0.0000	0.0000	0.0000	0.0000	0.0000	0.0000	0.0000	0.0000											
2	79	0.1204	6	0	0	0	1	0	0	0	0	N	N	N	N	N	N	N	N	N	N	N	N	0.0000	0.0000	0.0000	0.0000	0.0000	0.0000	0.0000	0.0000	0.0000	0.0000	0.0000	0.0000	0.0000	0.0000	0.0000	0.0000	0.0000	0.0000	0.0000	0.0000	0.0000	0.2102	0.0000	3.4985	0.0000	0.0000	0.0000	0.0000	0.0000	0.0000	0.0000	0.0000	0.0000	0.0000	0.0000	0.0000	0.0000	0.0000	0.0000	0.0000	0.0000	0.0000	0.0000	0.0000	0.0000	0.0000	0.0000	0.0000	0.0000	0.0000	0.0000	0.0000	0.0000	0.0000	0.0000	0.0000	0.0000	0.0000	0.0000	0.0000	0.0000	0.0000	0.0000	0.0000	0.0000	0.0000	0.0000	0.0000	0.0000	0.0000	0.0000	0.0000	0.0000	0.0000	0.0000	0.0000	0.0000	0.0000											
2	80	0.0640	6	0	1	0	1	0	0	0	0	N	N	N	N	N	N	N	N	N	N	N	N	0.0000	0.0000	0.0000	0.0000	0.0000	0.0000	0.0000	0.0000	0.0000	0.0000	0.0000	0.0000	0.0000	0.0000	0.0000	0.0000	0.0000	0.0000	0.0000	0.0000	0.0000	2.0196	0.0000	6.0690	0.0000	0.0000	0.0000	0.0000	0.0000	0.0000	0.0000	0.0000	0.0000	0.0000	0.0000	0.0000	0.0000	0.0000	0.0000	0.0000	0.0000	0.0000	0.0000	0.0000	0.0000	0.0000	0.0000	0.0000	0.0000	0.0000	0.0000	0.0000	0.0000	0.0000	0.0000	0.0000	0.0000	0.0000	0.0000	0.0000	0.0000	0.0000	0.0000	0.0000	0.0000	0.0000	0.0000	0.0000	0.0000	0.0000	0.0000	0.0000	0.0000	0.0000	0.0000	0.0000	0.0000	0.0000											
2	81	0.0558	5	0	0	0	1	0	0	0	0	N	N	N	N	N	N	N	N	N	N	N	N	0.0000	0.0000	0.0000	0.0000	0.0000	0.0000	0.0000	0.0000	0.0000	0.0000	0.0000	0.0000	0.0000	0.0000	0.0000	0.0000	0.0000	0.0000	0.0000	0.0000	0.0000	0.9876	0.0000	0.9833	0.0000	0.0000	0.0000	0.0000	0.0000	0.0000	0.0000	0.0000	0.0000	0.0000	0.0000	0.0000	0.0000	0.0000	0.0000	0.0000	0.0000	0.0000	0.0000	0.0000	0.0000	0.0000	0.0000	0.0000	0.0000	0.0000	0.0000	0.0000	0.0000	0.0000	0.0000	0.0000	0.0000	0.0000	0.0000	0.0000	0.0000	0.0000	0.0000	0.0000	0.0000	0.0000	0.0000	0.0000	0.0000	0.0000	0.0000	0.0000	0.0000	0.0000	0.0000	0.0000	0.0000	0.0000											
2	82	0.1609	7	1	0	1	1	0	0	0	0	N	N	N	N	N	N	N	N	N	N	N	N	0.0000	0.0000	0.0000	0.0000	0.0000	0.0000	0.0000	0.0000	0.0000	0.0000	0.0000	0.0000	0.0000	0.0000	0.0000	0.0000	0.0000	0.0000	0.0000	0.0000	0.0000	1.0000	0.0000	2.9874	0.0000	0.0000	0.0000	0.0000	0.0000	0.0000	0.0000	0.0000	0.0000	0.0000	0.0000	0.0000	0.0000	0.0000	0.0000	0.0000	0.0000	0.0000	0.0000	0.0000	0.0000	0.0000	0.0000	0.0000	0.0000	0.0000	0.0000	0.0000	0.0000	0.0000	0.0000	0.0000	0.0000	0.0000	0.0000	0.0000	0.0000	0.0000	0.0000	0.0000	0.0000	0.0000	0.0000	0.0000	0.0000	0.0000	0.0000	0.0000	0.0000	0.0000	0.0000	0.0000	0.0000	0.0000											
2	83	0.1326	6	1	0	1	1	0	0	0	0	N	N	N	N	N	N	N	N	N	N	N	N	0.0000	0.0000	0.0000	0.0000	0.0000	0.0000	0.0000	0.0000	0.0000	0.0000	0.0000	0.0000	0.0000	0.0000	0.0000	0.0000	0.0000	0.0000	0.0000	0.0000	0.0000	0.9997	0.0000	6.0128	0.0000	0.0000	0.0000	0.0000	0.0000	0.0000	0.0000	0.0000	0.0000	0.0000	0.0000	0.0000	0.0000	0.0000	0.0000	0.0000	0.0000	0.0000	0.0000	0.0000	0.0000	0.0000	0.0000	0.0000	0.0000	0.0000	0.0000	0.0000	0.0000	0.0000	0.0000	0.0000	0.0000	0.0000	0.0000	0.0000	0.0000	0.0000	0.0000	0.0000	0.0000	0.0000	0.0000	0.0000	0.0000	0.0000	0.0000	0.0000	0.0000	0.0000	0.0000	0.0000	0.0000	0.0000											
2	84	0.0908	5	0	1	0	2	0	0	0	0	N	N	N	Y	N	N	N	N	N	N	N	N	0.0000	0.0000	0.0000	0.0000	0.0000	0.0000	0.0000	0.0000	0.0000	0.0000	0.0000	0.0000	0.0000	0.0000	0.0000	0.0000	0.0000	0.0000	0.0000	0.0000	0.0000	8.0013	0.0000	12.0015	0.0000	0.0000	0.0000	0.0000	0.0000	0.0000	0.0000	0.0000	0.0000	0.0000	0.0000	0.0000	0.0000	0.0000	0.0000	0.0000	0.0000	0.0000	0.0000	0.0000	0.0000	0.0000	0.0000	0.0000	0.0000	0.0000	0.0000	0.0000	0.0000	0.0000	0.0000	0.0000	0.0000	0.0000	0.0000	0.0000	0.0000	0.0000	0.0000	0.0000	0.0000	0.0000	0.0000	0.0000	0.0000	0.0000	0.0000	0.0000	0.0000	0.0000	0.0000	0.0000	0.0000	0.0000											
2	85	0.0343	3	0	1	0	1	0	0	0	0	N	N	N	N	N	N	N	N	N	N	N	N	0.0000	0.0000	0.0000	0.0000	0.0000	0.0000	0.0000	0.0000	0.0000	0.0000	0.0000	0.0000	0.0000	0.0000	0.0000	0.0000	0.0000	0.0000	0.0000	0.0000	0.0000	1.0000	0.0000	6.9850	0.0000	0.0000	0.0000	0.0000	0.0000	0.0000	0.0000	0.0000	0.0000	0.0000	0.0000	0.0000	0.0000	0.0000	0.0000	0.0000	0.0000	0.0000	0.0000	0.0000	0.0000	0.0000	0.0000	0.0000	0.0000	0.0000	0.0000	0.0000	0.0000	0.0000	0.0000	0.0000	0.0000	0.0000	0.0000	0.0000	0.0000	0.0000	0.0000	0.0000	0.0000	0.0000	0.0000	0.0000	0.0000	0.0000	0.0000	0.0000	0.0000	0.0000	0.0000	0.0000	0.0000	0.0000											
2	87	0.1326	6	0	1	0	1	0	0	0	0	N	N	N	N	N	N	N	N	N	N	N	N	0.0000	0.0000	0.0000	0.0000	0.0000	0.0000	0.0000	0.0000	0.0000	0.0000	0.0000	0.0000	0.0000	0.0000	0.0000	0.0000	0.0000	0.0000	0.0000	0.0000	0.0000	4.0000	0.0000	7.0000	0.0000	0.0000	0.0000	0.0000	0.0000	0.0000	0.0000	0.0000	0.0000	0.0000	0.0000	0.0000	0.0000	0.0000	0.0000	0.0000	0.0000	0.0000	0.0000	0.0000	0.0000	0.0000	0.0000	0.0000	0.0000	0.0000	0.0000	0.0000	0.0000	0.0000	0.0000	0.0000	0.0000	0.0000	0.0000	0.0000	0.0000	0.0000	0.0000	0.0000	0.0000	0.0000	0.0000	0.0000	0.0000	0.0000	0.0000	0.0000	0.0000	0.0000	0.0000	0.0000	0.0000	0.0000											
2	88	0.0908	5	0	0	0	1	0	0	0	0	N	N	N	N	N	N	N	N	N	N	N	N	0.0000	0.0000	0.0000	0.0000	0.0000	0.0000	0.0000	0.0000	0.0000	0.0000	0.0000	0.0000	0.0000	0.0000	0.0000	0.0000	0.0000	0.0000	0.0000	0.0000	0.0000	2.9985	0.0000	7.0016	0.0000	0.0000	0.0000	0.0000	0.0000	0.0000	0.0000	0.0000	0.0000	0.0000	0.0000	0.0000	0.0000	0.0000	0.0000	0.0000	0.0000	0.0000	0.0000	0.0000	0.0000	0.0000	0.0000	0.0000	0.0000	0.0000	0.0000	0.0000	0.0000	0.0000	0.0000	0.0000	0.0000	0.0000	0.0000	0.0000	0.0000	0.0000	0.0000	0.0000	0.0000	0.0000	0.0000	0.0000	0.0000	0.0000	0.0000	0.0000	0.0000	0.0000	0.0000	0.0000	0.0000	0.0000											
2	89	0.0643	6	0	1	0	1	0	0	0	0	N	N	N	N	N	N	N	N	N	N	N	N	0.0000	0.0000	0.0000	0.0000	0.0000	0.0000	0.0000	0.0000	0.0000	0.0000	0.0000	0.0000	0.0000	0.0000	0.0000	0.0000	0.0000	0.0000	0.0000	0.0000	0.0000	0.0157	0.0000	9.0253	0.0000	0.0000	0.0000	0.0000	0.0000	0.0000	0.0000	0.0000	0.0000	0.0000	0.0000	0.0000	0.0000	0.0000	0.0000	0.0000	0.0000	0.0000	0.0000	0.0000	0.0000	0.0000	0.0000	0.0000	0.0000	0.0000	0.0000	0.0000	0.0000	0.0000	0.0000	0.0000	0.0000	0.0000	0.0000	0.0000	0.0000	0.0000	0.0000	0.0000	0.0000	0.0000	0.0000	0.0000	0.0000	0.0000	0.0000	0.0000	0.0000	0.0000	0.0000	0.0000	0.0000	0.0000											
2	90	0.0558	5	0	1	0	1	0	0	0	0	N	N	N	N	N	N	N	N	N	N	N	N	0.0000	0.0000	0.0000	0.0000	0.0000	0.0000	0.0000	0.0000	0.0000	0.0000	0.0000	0.0000	0.0000	0.0000	0.0000	0.0000	0.0000	0.0000	0.0000	0.0000	0.0000	0.0169	0.0000	2.0013	0.0000	0.0000	0.0000	0.0000	0.0000	0.0000	0.0000	0.0000	0.0000	0.0000	0.0000	0.0000	0.0000	0.0000	0.0000	0.0000	0.0000	0.0000	0.0000	0.0000	0.0000	0.0000	0.0000	0.0000	0.0000	0.0000	0.0000	0.0000	0.0000	0.0000	0.0000	0.0000	0.0000	0.0000	0.0000	0.0000	0.0000	0.0000	0.0000	0.0000	0.0000	0.0000	0.0000	0.0000	0.0000	0.0000	0.0000	0.0000	0.0000	0.0000	0.0000	0.0000	0.0000	0.0000											
2	91	0.0470	4	0	0	0	1	0	0	0	0	N	N	N	N	N	N	N	N	N	N	N	N	0.0000	0.0000	0.0000	0.0000	0.0000	0.0000	0.0000	0.0000	0.0000	0.0000	0.0000	0.0000	0.0000	0.0000	0.0000	0.0000	0.0000	0.0000	0.0000	0.0000	0.0000	1.9923	0.0000	0.0454	0.0000	0.0000	0.0000	0.0000	0.0000	0.0000	0.0000	0.0000	0.0000	0.0000	0.0000	0.0000	0.0000	0.0000	0.0000	0.0000	0.0000	0.0000	0.0000	0.0000	0.0000	0.0000	0.0000	0.0000	0.0000	0.0000	0.0000	0.0000	0.0000	0.0000	0.0000	0.0000	0.0000	0.0000	0.0000	0.0000	0.0000	0.0000	0.0000	0.0000	0.0000	0.0000	0.0000	0.0000	0.0000	0.0000	0.0000	0.0000	0.0000	0.0000	0.0000	0.0000	0.0000	0.0000											
2	93	0.1875	10	1	1	0	2	0	0	0	0	N	N	N	Y	N	N	N	N	N	N	N	N	0.0000	0.0000	0.0000	0.0000	0.0000	0.0000	0.0000	0.0000	0.0000	0.0000	0.0000	0.0000	0.0000	0.0000	0.0000	0.0000	0.0000	0.0000	0.0000	0.0000	0.0000	0.0000	0.0000	0.0000	0.0000	0.0000	0.0000	0.0000	0.0000	0.0000	0.0000	0.0000	0.0000	0.0000	0.0000	0.0000	0.0000	0.0000	0.0000	0.0000	0.0000	0.0000	0.0000	0.0000	0.0000	0.0000	0.0000	0.0000	0.0000	0.0000	0.0000	0.0000	0.0000	0.0000	0.0000	0.0000	0.0000	0.0000	0.0000	0.0000	0.0000	0.0000	0.0000	0.0000	0.0000	0.0000	0.0000	0.0000	0.0000	0.0000	0.0000	0.0000	0.0000	0.0000	0.0000	0.0000	0.0000	0.0000											
2	94	0.1875	9	1	1	0	2	0	0	0	0	N	N	N	Y	N	N	N	N	N	N	N	N	0.0000	0.0000	0.0000	0.0000	0.0000	0.0000	0.0000	0.0000	0.0000	0.0000	0.0000	0.0000	0.0000	0.0000	0.0000	0.0000	0.0000	0.0000	0.0000	0.0000	0.0000	0.0000	0.0000	0.0001	0.0000	0.0000	0.0000	0.0000	0.0000	0.0000	0.0000	0.0000	0.0000	0.0000	0.0000	0.0000	0.0000	0.0000	0.0000	0.0000	0.0000	0.0000	0.0000	0.0000	0.0000	0.0000	0.0000	0.0000	0.0000	0.0000	0.0000	0.0000	0.0000	0.0000	0.0000	0.0000	0.0000	0.0000	0.0000	0.0000	0.0000	0.0000	0.0000	0.0000	0.0000	0.0000	0.0000	0.0000	0.0000	0.0000	0.0000	0.0000	0.0000	0.0000	0.0000	0.0000	0.0000	0.0000											
2	95	0.1695	8	0	1	0	2	0	0	0	0	N	N	N	Y	N	N	N	N	N	N	N	N	0.0000	0.0000	0.0000	0.0000	0.0000	0.0000	0.0000	0.0000	0.0000	0.0000	0.0000	0.0000	0.0000	0.0000	0.0000	0.0000	0.0000	0.0000	0.0000	0.0000	0.0000	0.9845	0.0000	0.9903	0.0000	0.0000	0.0000	0.0000	0.0000	0.0000	0.0000	0.0000	0.0000	0.0000	0.0000	0.0000	0.0000	0.0000	0.0000	0.0000	0.0000	0.0000	0.0000	0.0000	0.0000	0.0000	0.0000	0.0000	0.0000	0.0000	0.0000	0.0000	0.0000	0.0000	0.0000	0.0000	0.0000	0.0000	0.0000	0.0000	0.0000	0.0000	0.0000	0.0000	0.0000	0.0000	0.0000	0.0000	0.0000	0.0000	0.0000	0.0000	0.0000	0.0000	0.0000	0.0000	0.0000	0.0000											
2	96	0.1667	8	0	1	0	1	0	0	0	0	N	N	N	N	N	N	N	N	N	N	N	N	0.0000	0.0000	0.0000	0.0000	0.0000	0.0000	0.0000	0.0000	0.0000	0.0000	0.0000	0.0000	0.0000	0.0000	0.0000	0.0000	0.0000	0.0000	0.0000	0.0000	0.0000	1.0063	0.0000	3.7812	0.0000	0.0000	0.0000	0.0000	0.0000	0.0000	0.0000	0.0000	0.0000	0.0000	0.0000	0.0000	0.0000	0.0000	0.0000	0.0000	0.0000	0.0000	0.0000	0.0000	0.0000	0.0000	0.0000	0.0000	0.0000	0.0000	0.0000	0.0000	0.0000	0.0000	0.0000	0.0000	0.0000	0.0000	0.0000	0.0000	0.0000	0.0000	0.0000	0.0000	0.0000	0.0000	0.0000	0.0000	0.0000	0.0000	0.0000	0.0000	0.0000	0.0000	0.0000	0.0000	0.0000	0.0000											
2	97	0.1695	8	0	0	1	2	0	0	0	0	N	N	N	Y	N	N	N	N	N	N	N	N	0.0000	0.0000	0.0000	0.0000	0.0000	0.0000	0.0000	0.0000	0.0000	0.0000	0.0000	0.0000	0.0000	0.0000	0.0000	0.0000	0.0000	0.0000	0.0000	0.0000	0.0000	1.0165	0.0000	1.0129	0.0000	0.0000	0.0000	0.0000	0.0000	0.0000	0.0000	0.0000	0.0000	0.0000	0.0000	0.0000	0.0000	0.0000	0.0000	0.0000	0.0000	0.0000	0.0000	0.0000	0.0000	0.0000	0.0000	0.0000	0.0000	0.0000	0.0000	0.0000	0.0000	0.0000	0.0000	0.0000	0.0000	0.0000	0.0000	0.0000	0.0000	0.0000	0.0000	0.0000	0.0000	0.0000	0.0000	0.0000	0.0000	0.0000	0.0000	0.0000	0.0000	0.0000	0.0000	0.0000	0.0000	0.0000											
2	98	0.1566	7	0	0	0	2	0	0	0	0	N	N	N	Y	N	N	N	N	N	N	N	N	0.0000	0.0000	0.0000	0.0000	0.0000	0.0000	0.0000	0.0000	0.0000	0.0000	0.0000	0.0000	0.0000	0.0000	0.0000	0.0000	0.0000	0.0000	0.0000	0.0000	0.0000	2.0241	0.0000	1.0265	0.0000	0.0000	0.0000	0.0000	0.0000	0.0000	0.0000	0.0000	0.0000	0.0000	0.0000	0.0000	0.0000	0.0000	0.0000	0.0000	0.0000	0.0000	0.0000	0.0000	0.0000	0.0000	0.0000	0.0000	0.0000	0.0000	0.0000	0.0000	0.0000	0.0000	0.0000	0.0000	0.0000	0.0000	0.0000	0.0000	0.0000	0.0000	0.0000	0.0000	0.0000	0.0000	0.0000	0.0000	0.0000	0.0000	0.0000	0.0000	0.0000	0.0000	0.0000	0.0000	0.0000	0.0000											
2	99	0.1566	7	0	0	1	2	0	0	0	0	N	N	N	Y	N	N	N	N	N	N	N	N	0.0000	0.0000	0.0000	0.0000	0.0000	0.0000	0.0000	0.0000	0.0000	0.0000	0.0000	0.0000	0.0000	0.0000	0.0000	0.0000	0.0000	0.0000	0.0000	0.0000	0.0000	3.0066	0.0000	0.0000	0.0000	0.0000	0.0000	0.0000	0.0000	0.0000	0.0000	0.0000	0.0000	0.0000	0.0000	0.0000	0.0000	0.0000	0.0000	0.0000	0.0000	0.0000	0.0000	0.0000	0.0000	0.0000	0.0000	0.0000	0.0000	0.0000	0.0000	0.0000	0.0000	0.0000	0.0000	0.0000	0.0000	0.0000	0.0000	0.0000	0.0000	0.0000	0.0000	0.0000	0.0000	0.0000	0.0000	0.0000	0.0000	0.0000	0.0000	0.0000	0.0000	0.0000	0.0000	0.0000	0.0000	0.0000											
2	100	0.1823	7	0	0	1	2	0	0	0	0	N	N	N	Y	N	N	N	N	N	N	N	N	0.0000	0.0000	0.0000	0.0000	0.0000	0.0000	0.0000	0.0000	0.0000	0.0000	0.0000	0.0000	0.0000	0.0000	0.0000	0.0000	0.0000	0.0000	0.0000	0.0000	0.0000	0.0000	0.0000	2.0000	0.0000	0.0000	0.0000	0.0000	0.0000	0.0000	0.0000	0.0000	0.0000	0.0000	0.0000	0.0000	0.0000	0.0000	0.0000	0.0000	0.0000	0.0000	0.0000	0.0000	0.0000	0.0000	0.0000	0.0000	0.0000	0.0000	0.0000	0.0000	0.0000	0.0000	0.0000	0.0000	0.0000	0.0000	0.0000	0.0000	0.0000	0.0000	0.0000	0.0000	0.0000	0.0000	0.0000	0.0000	0.0000	0.0000	0.0000	0.0000	0.0000	0.0000	0.0000	0.0000	0.0000	0.0000											
2	101	0.1433	6	0	0	1	2	0	0	0	0	N	N	N	Y	N	N	N	N	N	N	N	N	0.0000	0.0000	0.0000	0.0000	0.0000	0.0000	0.0000	0.0000	0.0000	0.0000	0.0000	0.0000	0.0000	0.0000	0.0000	0.0000	0.0000	0.0000	0.0000	0.0000	0.0000	5.8899	0.0000	3.1847	0.0000	0.0000	0.0000	0.0000	0.0000	0.0000	0.0000	0.0000	0.0000	0.0000	0.0000	0.0000	0.0000	0.0000	0.0000	0.0000	0.0000	0.0000	0.0000	0.0000	0.0000	0.0000	0.0000	0.0000	0.0000	0.0000	0.0000	0.0000	0.0000	0.0000	0.0000	0.0000	0.0000	0.0000	0.0000	0.0000	0.0000	0.0000	0.0000	0.0000	0.0000	0.0000	0.0000	0.0000	0.0000	0.0000	0.0000	0.0000	0.0000	0.0000	0.0000	0.0000	0.0000	0.0000											
2	102	0.1901	6	1	1	0	1	0	0	0	0	N	N	N	N	N	N	N	N	N	N	N	N	0.0000	0.0000	0.0000	0.0000	0.0000	0.0000	0.0000	0.0000	0.0000	0.0000	0.0000	0.0000	0.0000	0.0000	0.0000	0.0000	0.0000	0.0000	0.0000	0.0000	0.0000	0.0000	0.0000	0.0000	0.0000	0.0000	0.0000	0.0000	0.0000	0.0000	0.0000	0.0000	0.0000	0.0000	0.0000	0.0000	0.0000	0.0000	0.0000	0.0000	0.0000	0.0000	0.0000	0.0000	0.0000	0.0000	0.0000	0.0000	0.0000	0.0000	0.0000	0.0000	0.0000	0.0000	0.0000	0.0000	0.0000	0.0000	0.0000	0.0000	0.0000	0.0000	0.0000	0.0000	0.0000	0.0000	0.0000	0.0000	0.0000	0.0000	0.0000	0.0000	0.0000	0.0000	0.0000	0.0000	0.0000	0.0000											
2	103	0.0908	5	1	1	0	1	0	0	0	0	N	N	N	N	N	N	N	N	N	N	N	N	0.0000	0.0000	0.0000	0.0000	0.0000	0.0000	0.0000	0.0000	0.0000	0.0000	0.0000	0.0000	0.0000	0.0000	0.0000	0.0000	0.0000	0.0000	0.0000	0.0000	0.0000	8.0012	0.0000	14.0016	0.0000	0.0000	0.0000	0.0000	0.0000	0.0000	0.0000	0.0000	0.0000	0.0000	0.0000	0.0000	0.0000	0.0000	0.0000	0.0000	0.0000	0.0000	0.0000	0.0000	0.0000	0.0000	0.0000	0.0000	0.0000	0.0000	0.0000	0.0000	0.0000	0.0000	0.0000	0.0000	0.0000	0.0000	0.0000	0.0000	0.0000	0.0000	0.0000	0.0000	0.0000	0.0000	0.0000	0.0000	0.0000	0.0000	0.0000	0.0000	0.0000	0.0000	0.0000	0.0000	0.0000	0.0000											
2	104	0.1537	6	0	1	0	1	0	0	0	0	N	N	N	N	N	N	N	N	N	N	N	N	0.0000	0.0000	0.0000	0.0000	0.0000	0.0000	0.0000	0.0000	0.0000	0.0000	0.0000	0.0000	0.0000	0.0000	0.0000	0.0000	0.0000	0.0000	0.0000	0.0000	0.0000	2.0010	0.0000	1.0153	0.0000	0.0000	0.0000	0.0000	0.0000	0.0000	0.0000	0.0000	0.0000	0.0000	0.0000	0.0000	0.0000	0.0000	0.0000	0.0000	0.0000	0.0000	0.0000	0.0000	0.0000	0.0000	0.0000	0.0000	0.0000	0.0000	0.0000	0.0000	0.0000	0.0000	0.0000	0.0000	0.0000	0.0000	0.0000	0.0000	0.0000	0.0000	0.0000	0.0000	0.0000	0.0000	0.0000	0.0000	0.0000	0.0000	0.0000	0.0000	0.0000	0.0000	0.0000	0.0000	0.0000	0.0000											
2	105	0.0908	5	0	1	0	1	0	0	0	0	N	N	N	N	N	N	N	N	N	N	N	N	0.0000	0.0000	0.0000	0.0000	0.0000	0.0000	0.0000	0.0000	0.0000	0.0000	0.0000	0.0000	0.0000	0.0000	0.0000	0.0000	0.0000	0.0000	0.0000	0.0000	0.0000	3.0162	0.0000	11.0438	0.0000	0.0000	0.0000	0.0000	0.0000	0.0000	0.0000	0.0000	0.0000	0.0000	0.0000	0.0000	0.0000	0.0000	0.0000	0.0000	0.0000	0.0000	0.0000	0.0000	0.0000	0.0000	0.0000	0.0000	0.0000	0.0000	0.0000	0.0000	0.0000	0.0000	0.0000	0.0000	0.0000	0.0000	0.0000	0.0000	0.0000	0.0000	0.0000	0.0000	0.0000	0.0000	0.0000	0.0000	0.0000	0.0000	0.0000	0.0000	0.0000	0.0000	0.0000	0.0000	0.0000	0.0000											
2	106	0.1916	10	1	1	0	1	0	0	0	0	N	N	N	N	N	N	N	N	N	N	N	N	0.0000	0.0000	0.0000	0.0000	0.0000	0.0000	0.0000	0.0000	0.0000	0.0000	0.0000	0.0000	0.0000	0.0000	0.0000	0.0000	0.0000	0.0000	0.0000	0.0000	0.0000	1.0000	0.0000	1.0000	0.0000	0.0000	0.0000	0.0000	0.0000	0.0000	0.0000	0.0000	0.0000	0.0000	0.0000	0.0000	0.0000	0.0000	0.0000	0.0000	0.0000	0.0000	0.0000	0.0000	0.0000	0.0000	0.0000	0.0000	0.0000	0.0000	0.0000	0.0000	0.0000	0.0000	0.0000	0.0000	0.0000	0.0000	0.0000	0.0000	0.0000	0.0000	0.0000	0.0000	0.0000	0.0000	0.0000	0.0000	0.0000	0.0000	0.0000	0.0000	0.0000	0.0000	0.0000	0.0000	0.0000	0.0000											
2	107	0.1875	9	1	1	0	1	0	0	0	0	N	N	N	N	N	N	N	N	N	N	N	N	0.0000	0.0000	0.0000	0.0000	0.0000	0.0000	0.0000	0.0000	0.0000	0.0000	0.0000	0.0000	0.0000	0.0000	0.0000	0.0000	0.0000	0.0000	0.0000	0.0000	0.0000	0.0000	0.0000	0.9999	0.0000	0.0000	0.0000	0.0000	0.0000	0.0000	0.0000	0.0000	0.0000	0.0000	0.0000	0.0000	0.0000	0.0000	0.0000	0.0000	0.0000	0.0000	0.0000	0.0000	0.0000	0.0000	0.0000	0.0000	0.0000	0.0000	0.0000	0.0000	0.0000	0.0000	0.0000	0.0000	0.0000	0.0000	0.0000	0.0000	0.0000	0.0000	0.0000	0.0000	0.0000	0.0000	0.0000	0.0000	0.0000	0.0000	0.0000	0.0000	0.0000	0.0000	0.0000	0.0000	0.0000	0.0000											
2	108	0.1667	8	1	1	0	1	0	0	0	0	N	N	N	N	N	N	N	N	N	N	N	N	0.0000	0.0000	0.0000	0.0000	0.0000	0.0000	0.0000	0.0000	0.0000	0.0000	0.0000	0.0000	0.0000	0.0000	0.0000	0.0000	0.0000	0.0000	0.0000	0.0000	0.0000	0.0100	0.0000	4.8896	0.0000	0.0000	0.0000	0.0000	0.0000	0.0000	0.0000	0.0000	0.0000	0.0000	0.0000	0.0000	0.0000	0.0000	0.0000	0.0000	0.0000	0.0000	0.0000	0.0000	0.0000	0.0000	0.0000	0.0000	0.0000	0.0000	0.0000	0.0000	0.0000	0.0000	0.0000	0.0000	0.0000	0.0000	0.0000	0.0000	0.0000	0.0000	0.0000	0.0000	0.0000	0.0000	0.0000	0.0000	0.0000	0.0000	0.0000	0.0000	0.0000	0.0000	0.0000	0.0000	0.0000	0.0000											
2	109	0.1566	7	0	1	0	1	0	0	0	0	N	N	N	N	N	N	N	N	N	N	N	N	0.0000	0.0000	0.0000	0.0000	0.0000	0.0000	0.0000	0.0000	0.0000	0.0000	0.0000	0.0000	0.0000	0.0000	0.0000	0.0000	0.0000	0.0000	0.0000	0.0000	0.0000	1.0007	0.0000	1.4004	0.0000	0.0000	0.0000	0.0000	0.0000	0.0000	0.0000	0.0000	0.0000	0.0000	0.0000	0.0000	0.0000	0.0000	0.0000	0.0000	0.0000	0.0000	0.0000	0.0000	0.0000	0.0000	0.0000	0.0000	0.0000	0.0000	0.0000	0.0000	0.0000	0.0000	0.0000	0.0000	0.0000	0.0000	0.0000	0.0000	0.0000	0.0000	0.0000	0.0000	0.0000	0.0000	0.0000	0.0000	0.0000	0.0000	0.0000	0.0000	0.0000	0.0000	0.0000	0.0000	0.0000	0.0000											
2	110	0.1433	6	0	0	0	1	0	0	0	0	N	N	N	N	N	N	N	N	N	N	N	N	0.0000	0.0000	0.0000	0.0000	0.0000	0.0000	0.0000	0.0000	0.0000	0.0000	0.0000	0.0000	0.0000	0.0000	0.0000	0.0000	0.0000	0.0000	0.0000	0.0000	0.0000	0.3039	0.0000	2.8719	0.0000	0.0000	0.0000	0.0000	0.0000	0.0000	0.0000	0.0000	0.0000	0.0000	0.0000	0.0000	0.0000	0.0000	0.0000	0.0000	0.0000	0.0000	0.0000	0.0000	0.0000	0.0000	0.0000	0.0000	0.0000	0.0000	0.0000	0.0000	0.0000	0.0000	0.0000	0.0000	0.0000	0.0000	0.0000	0.0000	0.0000	0.0000	0.0000	0.0000	0.0000	0.0000	0.0000	0.0000	0.0000	0.0000	0.0000	0.0000	0.0000	0.0000	0.0000	0.0000	0.0000	0.0000											
2	111	0.0908	5	0	0	0	1	0	0	0	0	N	N	N	N	N	N	N	N	N	N	N	N	0.0000	0.0000	0.0000	0.0000	0.0000	0.0000	0.0000	0.0000	0.0000	0.0000	0.0000	0.0000	0.0000	0.0000	0.0000	0.0000	0.0000	0.0000	0.0000	0.0000	0.0000	3.8240	0.0000	8.1760	0.0000	0.0000	0.0000	0.0000	0.0000	0.0000	0.0000	0.0000	0.0000	0.0000	0.0000	0.0000	0.0000	0.0000	0.0000	0.0000	0.0000	0.0000	0.0000	0.0000	0.0000	0.0000	0.0000	0.0000	0.0000	0.0000	0.0000	0.0000	0.0000	0.0000	0.0000	0.0000	0.0000	0.0000	0.0000	0.0000	0.0000	0.0000	0.0000	0.0000	0.0000	0.0000	0.0000	0.0000	0.0000	0.0000	0.0000	0.0000	0.0000	0.0000	0.0000	0.0000	0.0000	0.0000											
2	115	0.2834	8	0	0	0	1	0	0	0	0	N	N	N	N	N	N	N	N	N	N	N	N	0.0000	0.0000	0.0000	0.0000	0.0000	0.0000	0.0000	0.0000	0.0000	0.0000	0.0000	0.0000	0.0000	0.0000	0.0000	0.0000	0.0000	0.0000	0.0000	0.0000	0.0000	8.9918	0.0000	13.3277	0.0000	0.0000	0.0000	0.0000	0.0000	0.0000	0.0000	0.0000	0.0000	0.0000	0.0000	0.0000	0.0000	0.0000	0.0000	0.0000	0.0000	0.0000	0.0000	0.0000	0.0000	0.0000	0.0000	0.0000	0.0000	0.0000	0.0000	0.0000	0.0000	0.0000	0.0000	0.0000	0.0000	0.0000	0.0000	0.0000	0.0000	0.0000	0.0000	0.0000	0.0000	0.0000	0.0000	0.0000	0.0000	0.0000	0.0000	0.0000	0.0000	0.0000	0.0000	0.0000	0.0000	0.0000											
3	4	0.1369	6	1	1	1	0	0	0	0	0	N	N	N	N	N	N	N	N	N	N	N	N	0.0000	0.0000	0.0000	0.0000	0.0000	0.0000	0.0000	0.0000	0.0000	0.0000	0.0000	0.0000	0.0000	0.0000	0.0000	0.0000	0.0000	0.0001	0.0000	0.0000	0.0000	0.0000	0.0000	0.0001	inf	0.0000	0.0000	1.9956	3.9843	2.0506	1.0588	0.0000	0.0000	0.0000	0.0000	0.0000	0.0000	0.0000	0.0000	0.0000	0.0000	0.0000	0.0000	0.0000	0.0000	0.0000	0.0000	0.0000	0.0000	0.1047	0.0894	0.0153	0.0065	0.0062	0.0003	0.0982	0.0832	0.0150	0.0452	0.0282	0.0170	0.0092	0.0076	0.0016	0.0360	0.0206	0.0154	0.0000	0.0000	0.0000	0.0000	0.0000	0.0000	0.0000	0.0000	0.0000	0.0000	0.0000	0.0001	0.0000	0.0000	0.0000	0.0000	0.0000	0.0001				
3	5	0.1632	6	1	0	2	1	0	0	0	0	N	N	Y	N	N	N	N	N	N	N	N	N	0.0000	0.0000	0.0000	0.0000	0.0000	0.0000	0.0000	0.0000	0.0000	0.0000	0.0000	0.0000	0.0000	0.0000	0.0000	0.0000	0.0000	0.0000	0.0000	0.0000	0.0000	0.0000	inf	0.0000	0.0000	1.9956	1.0000	2.0506	0.0005	0.0000	0.0000	0.0000	0.0000	0.0000	0.0000	0.0000	0.0000	0.0000	0.0000	0.0000	0.0000	0.0000	0.0000	0.0000	0.0000	0.0000	0.0000	0.0269	0.0229	0.0040	0.0015	0.0015	0.0001	0.0254	0.0215	0.0039	0.0091	0.0056	0.0035	0.0014	0.0012	0.0002	0.0076	0.0044	0.0033	0.0000	0.0000	0.0000	0.0000	0.0000	0.0000	0.0000	0.0000	0.0000	0.0000	0.0000	0.0000	0.0000	0.0000	0.0000	0.0000	0.0000	0.0000						
3	6	0.0341	2	2	1	1	0	0	0	0	0	Y	N	N	N	N	N	N	N	N	N	N	N	0.0000	0.0000	0.0000	0.0000	0.0000	0.0000	0.0000	0.0000	0.0000	0.0000	0.0000	0.0000	0.0000	0.0000	0.0000	0.0000	0.0000	0.0000	0.0000	0.0000	1.9956	2.0000	2.0506	1.0000	0.0000	0.0000	0.0000	0.0000	0.0000	0.0000	0.0000	0.0000	0.0000	0.0000	0.0000	0.0000	0.0000	0.0000	0.0000	0.0000	0.0000	0.0000	0.0530	0.0450	0.0080	0.0001	0.0001	0.0000	0.0528	0.0448	0.0080	0.0304	0.0158	0.0145	0.0020	0.0018	0.0002	0.0284	0.0140	0.0144	0.0000	0.0000	0.0000	0.0000	0.0000	0.0000	0.0000	0.0000	0.0000	0.0000	0.0000	0.0000	0.0000	0.0000	0.0000	0.0000	0.0000	0.0000											
3	7	0.0339	3	2	0	2	0	0	0	0	0	Y	N	Y	N	N	N	N	N	N	N	N	N	0.0000	0.0000	0.0000	0.0000	0.0000	0.0000	0.0000	0.0000	0.0000	0.0000	0.0000	0.0000	0.0000	0.0000	0.0000	0.0000	0.0000	0.0000	0.0000	0.0000	1.9956	0.0000	2.0506	2.0000	0.0000	0.0000	0.0000	0.0000	0.0000	0.0000	0.0000	0.0000	0.0000	0.0000	0.0000	0.0000	0.0000	0.0000	0.0000	0.0000	0.0000	0.0000	0.0000	0.0000	0.0000	0.0000	0.0000	0.0000	0.0000	0.0000	0.0000	0.0202	0.0107	0.0096	0.0009	0.0009	0.0000	0.0193	0.0098	0.0095	0.0000	0.0000	0.0000	0.0000	0.0000	0.0000	0.0000	0.0000	0.0000	0.0000	0.0000	0.0000	0.0000	0.0000	0.0000	0.0000	0.0000	0.0000											
3	8	0.1726	8	2	1	1	1	0	0	0	0	Y	N	N	N	N	N	N	N	N	N	N	N	0.0000	0.0000	0.0000	0.0000	0.0000	0.0000	0.0000	0.0000	0.0000	0.0000	0.0000	0.0000	0.0000	0.0000	0.0000	0.0000	0.0000	0.0000	0.0000	0.0000	1.9956	0.0000	2.0506	1.0000	0.0000	0.0000	0.0000	0.0000	0.0000	0.0000	0.0000	0.0000	0.0000	0.0000	0.0000	0.0000	0.0000	0.0000	0.0000	0.0000	0.0000	0.0000	0.0000	0.0000	0.0000	0.0000	0.0000	0.0000	0.0000	0.0000	0.0000	0.0090	0.0057	0.0033	0.0026	0.0021	0.0005	0.0064	0.0036	0.0028	0.0000	0.0000	0.0000	0.0000	0.0000	0.0000	0.0000	0.0000	0.0000	0.0000	0.0000	0.0000	0.0000	0.0000	0.0000	0.0000	0.0000	0.0000											
3	9	0.0298	2	2	0	2	0	0	0	0	0	Y	N	Y	N	N	N	N	N	N	N	N	N	0.0040	0.0019	0.0000	0.0054	0.0056	0.0000	0.0000	0.0000	0.0000	0.0004	0.0004	0.0000	0.1122	0.1128	0.0000	0.0000	0.0000	0.0000	0.0939	0.2353	0.0006	20.9262	20.2887	0.0000	0.0003	0.0001	0.0006	0.0000	0.0031	-0.0000	-0.0030	1.9956	1.9984	2.0506	4.0415	0.0000	0.0000	0.0000	0.0000	0.0000	0.0000	0.0000	0.0000	0.0000	0.0057	0.0057	0.0000	0.0057	0.0057	0.0000	0.0000	0.0000	0.0000	0.0530	0.0450	0.0080	0.0002	0.0002	0.0000	0.0528	0.0448	0.0080	0.0605	0.0322	0.0283	0.0036	0.0034	0.0001	0.0569	0.0287	0.0282	0.0040	0.0025	0.0000	0.0708	0.0687	0.0000	0.0000	0.0000	0.0000	0.0939	0.1760	0.0006	1.5841	1.6414	0.0000	0.0003	0.0001	0.0006
3	10	0.1422	8	1	0	2	0	0	0	0	0	N	N	Y	N	N	N	N	N	N	N	N	N	0.0000	0.0000	0.0000	0.0000	0.0000	0.0000	0.0000	0.0000	0.0000	0.0000	0.0000	0.0000	0.0000	0.0000	0.0000	0.0000	0.0000	0.0000	0.0000	0.0000	1.9956	0.0000	2.0506	2.0012	0.0000	0.0000	0.0000	0.0000	0.0000	0.0000	0.0000	0.0000	0.0000	0.0000	0.0000	0.0000	0.0000	0.0000	0.0000	0.0000	0.0000	0.0000	0.0000	0.0000	0.0000	0.0000	0.0000	0.0000	0.0000	0.0000	0.0000	0.0202	0.0110	0.0092	0.0029	0.0025	0.0005	0.0172	0.0085	0.0088	0.0000	0.0000	0.0000	0.0000	0.0000	0.0000	0.0000	0.0000	0.0000	0.0000	0.0000	0.0000	0.0000	0.0000	0.0000	0.0000	0.0000	0.0000											
3	11	0.1366	6	1	0	2	0	0	0	0	0	N	N	Y	N	N	N	N	N	N	N	N	N	0.0000	0.0000	0.0000	0.0000	0.0000	0.0000	0.0000	0.0000	0.0000	0.0000	0.0000	0.0000	0.0000	0.0000	0.0000	0.0000	0.0000	0.0000	0.0003	0.0005	0.0000	0.0016	0.0019	0.0000	0.0000	0.0000	0.0000	0.0202	0.0000	-0.0000	1.9956	5.0149	2.0506	7.0912	0.0000	0.0000	0.0000	0.0000	0.0000	0.0000	0.0000	0.0000	0.0000	0.0000	0.0000	0.0000	0.0000	0.0000	0.0000	0.0000	0.0000	0.0000	0.1311	0.1121	0.0191	0.0092	0.0087	0.0005	0.1219	0.1034	0.0186	0.1011	0.0630	0.0382	0.0187	0.0158	0.0029	0.0824	0.0471	0.0353	0.0000	0.0000	0.0000	0.0000	0.0000	0.0000	0.0000	0.0000	0.0000	0.0003	0.0005	0.0000	0.0016	0.0019	0.0000	0.0000	0.0000	0.0000	
3	12	0.0341	2	2	1	1	0	0	0	0	0	Y	N	N	N	N	N	N	N	N	N	N	N	0.0000	0.0000	0.0000	0.0000	0.0000	0.0000	0.0000	0.0000	0.0000	0.0000	0.0000	0.0000	0.0000	0.0000	0.0000	0.0000	0.0000	12.9701	0.0025	64.7375	0.1569	0.0217	1.0593	13.8775	0.0000	62.9946	10011.1000	0.0000	0.4605	1.9956	3.0000	2.0506	5.0000	0.0000	0.0000	0.0000	0.0000	0.0000	0.0000	0.0000	0.0000	0.0000	1.0012	0.0001	1.0011	0.0005	0.0001	0.0004	1.0007	0.0000	1.0007	0.0787	0.0668	0.0118	0.0002	0.0002	0.0000	0.0785	0.0667	0.0118	0.0772	0.0406	0.0366	0.0051	0.0046	0.0005	0.0721	0.0360	0.0361	0.0000	0.0000	0.0000	0.0000	0.0000	0.0000	0.0000	0.0000	0.0000	12.9701	0.0025	27.3810	0.1062	0.0217	0.9203	13.8775	0.0000	27.7316		
3	13	0.1675	5	1	0	2	1	0	0	0	0	N	N	Y	N	N	N	N	N	N	N	N	N	0.0000	0.0000	0.0000	0.0000	0.0000	0.0000	0.0000	0.0000	0.0000	0.0000	0.0000	0.0000	0.0000	0.0000	0.0000	0.0000	0.0000	0.0000	0.0000	0.0000	1.9956	0.0000	2.0506	0.0000	0.0000	0.0000	0.0000	0.0000	0.0000	0.0000	0.0000	0.0000	0.0000	0.0000	0.0000	0.0000	0.0000	0.0000	0.0000	0.0000	0.0000	0.0000	0.0000	0.0000	0.0000	0.0000	0.0000	0.0000	0.0000	0.0000	0.0000	0.0000	0.0000	0.0000	0.0000	0.0000	0.0000	0.0000	0.0000	0.0000	0.0000	0.0000	0.0000	0.0000	0.0000	0.0000	0.0000	0.0000	0.0000	0.0000	0.0000	0.0000	0.0000	0.0000	0.0000	0.0000	0.0000	0.0000											
3	14	0.0341	2	1	1	1	0	0	0	0	0	N	N	N	N	N	N	N	N	N	N	N	N	1.7886	1.1134	49.6363	45.2993	0.0002	0.0002	0.0000	0.0791	0.0797	0.0000	0.0000	0.0000	0.0000	0.0001	0.0002	0.0000	0.0016	0.0018	0.0000	0.0000	0.0000	0.0000	0.0000	0.0000	-0.0000	-0.0000	1.9956	2.0000	2.0506	8.0000	0.0000	0.0000	0.0000	0.0000	0.0000	0.0000	0.0000	0.0000	0.0000	0.0000	0.0000	0.0000	0.0000	0.0000	0.0000	0.0000	0.0000	0.0000	0.0530	0.0450	0.0080	0.0001	0.0001	0.0000	0.0528	0.0448	0.0080	0.0947	0.0501	0.0447	0.0063	0.0057	0.0006	0.0884	0.0444	0.0441	1.7886	1.1134	0.0000	49.6363	45.2993	0.0000	0.0000	0.0000	0.0000	0.0001	0.0002	0.0000	0.0016	0.0018	0.0000	0.0000	0.0000	0.0000					
3	15	0.1418	5	1	0	1	1	0	0	0	0	N	N	N	N	N	N	N	N	N	N	N	N	0.0042	inf	0.0000	inf	inf	0.0000	0.0000	0.0000	0.0000	0.0000	0.0000	0.0000	0.0000	0.0000	0.0000	0.0000	0.0003	0.0000	0.0008	0.0000	0.0000	0.0000	0.0003	0.0000	0.0008	0.0000	inf	-0.0000	0.0000	1.9956	2.0066	2.0506	2.0000	0.0000	0.0000	0.0000	0.0000	0.0000	0.0000	0.0000	0.0000	0.0000	0.0000	0.0000	0.0000	0.0000	0.0000	0.0000	0.0000	0.0000	0.0000	0.0546	0.0466	0.0080	0.0044	0.0042	0.0002	0.0502	0.0425	0.0077	0.0344	0.0211	0.0133	0.0056	0.0047	0.0009	0.0289	0.0164	0.0124	0.0042	inf	0.0000	inf	inf	0.0000	0.0000	0.0000	0.0000	0.0003	0.0000	0.0008	0.0000	0.0000	0.0000	0.0003	0.0000	0.0008		
3	16	0.1324	5	1	1	1	1	0	0	0	0	N	N	N	N	N	N	N	N	N	N	N	N	inf	inf	inf	inf	inf	inf	1.8980	2.2023	0.0000	0.0004	0.0004	0.0000	1.9923	2.3237	0.0000	0.0000	0.0000	0.0000	0.0000	0.0000	0.0000	0.0000	0.0000	0.0000	0.0000	-0.4607	0.0000	1.9956	24.0000	2.0506	5.0000	0.9978	0.9978	0.0000	0.0000	0.0000	0.0000	0.9978	0.9978	0.0000	0.0000	0.0000	0.0000	0.0000	0.0000	0.0000	0.0000	0.0000	0.0000	0.5257	0.4531	0.0726	0.0249	0.0237	0.0012	0.5008	0.4294	0.0714	0.2091	0.1285	0.0806	0.0354	0.0294	0.0060	0.1738	0.0992	0.0746	inf	inf	0.0000	inf	inf	0.0000	inf	inf	0.0000	0.0000	0.0000	0.0000	0.0000	0.0000	0.0000	0.0000	0.0000	0.0000				
3	17	0.0530	4	1	1	1	0	0	0	0	0	N	N	N	N	N	N	N	N	N	N	N	N	0.3361	58.2147	0.0000	2277.0161	2154.0466	0.0000	0.0000	0.0004	0.0004	0.0000	0.0552	0.0554	0.0000	0.0000	0.0000	0.0000	0.0011	0.0000	0.0027	0.0000	0.0000	0.0000	0.0013	0.0000	0.0028	0.0000	245.5126	-0.0000	0.0000	1.9956	0.9987	2.0506	5.5397	0.0000	0.0000	0.0000	0.0000	0.0000	0.0000	0.0000	0.0000	0.0000	0.0001	0.0000	0.0001	0.0000	0.0000	0.0000	0.0001	0.0000	0.0001	0.0269	0.0229	0.0041	0.0002	0.0002	0.0000	0.0267	0.0227	0.0041	0.0814	0.0486	0.0329	0.0150	0.0142	0.0009	0.0664	0.0344	0.0320	0.3361	58.2147	0.0000	2277.0161	2154.0466	0.0000	0.0000	0.0000	0.0000	0.0011	0.0000	0.0027	0.0000	0.0000	0.0000	0.0013	0.0000	0.0028		
3	18	0.1418	5	1	1	1	1	0	0	0	0	N	N	N	N	N	N	N	N	N	N	N	N	inf	inf	inf	inf	0.0004	0.0000	0.0025	0.0000	0.0000	0.0000	0.0004	0.0000	0.0025	0.0000	0.0000	0.0000	0.0000	0.0000	0.0000	0.0000	0.0000	0.0000	inf	0.0000	0.0000	1.9956	0.9934	2.0506	0.0000	0.0000	0.0000	0.0000	0.0000	0.0000	0.0000	0.0000	0.0000	0.0000	0.0000	0.0000	0.0000	0.0000	0.0000	0.0000	0.0000	0.0000	0.0000	0.0276	0.0236	0.0040	0.0024	0.0022	0.0001	0.0252	0.0213	0.0039	0.0087	0.0053	0.0034	0.0014	0.0012	0.0002	0.0073	0.0042	0.0032	inf	0.0000	inf	0.0000	0.0000	0.0000	inf	0.0000	inf	0.0000	0.0000	0.0000	0.0000	0.0000	0.0000	0.0000	0.0000	0.0000						
3	19	0.0759	3	2	1	1	0	0	0	0	0	Y	N	N	N	N	N	N	N	N	N	N	N	0.0000	0.0000	0.0000	0.0000	0.0000	0.0000	0.0000	0.0000	0.0000	0.0000	0.0000	0.0000	0.0000	0.5849	1.4151	0.0000	110.3404	109.5387	0.0000	0.0000	0.0000	0.0000	0.0000	0.0000	-0.0000	-0.0133	1.9956	1.0015	2.0506	7.0016	0.0000	0.0000	0.0000	0.0000	0.0000	0.0000	0.0000	0.0000	0.0000	0.0246	0.0246	0.0000	0.0246	0.0246	0.0000	0.0000	0.0000	0.0000	0.0272	0.0232	0.0040	0.0016	0.0015	0.0001	0.0256	0.0216	0.0039	0.0658	0.0394	0.0264	0.0068	0.0060	0.0008	0.0589	0.0334	0.0256	0.0000	0.0000	0.0000	0.0000	0.0000	0.0000	0.0000	0.0000	0.0000	0.3737	0.6242	0.0000	3.5910	4.0985	0.0000	0.0000	0.0000	0.0000					
3	20	0.1389	4	1	1	1	0	0	0	0	0	N	N	N	N	N	N	N	N	N	N	N	N	0.0000	0.0000	0.0000	0.0000	0.0000	0.0000	0.0000	0.0000	0.0000	0.0000	0.0000	0.0000	0.0000	0.0000	0.0000	0.0000	0.0000	0.0000	0.0010	0.0006	0.0015	0.0019	0.0022	0.0008	0.0007	0.0000	0.0016	1.5983	0.0000	0.0000	1.9956	1.0004	2.0506	2.0077	0.0000	0.0000	0.0000	0.0000	0.0000	0.0000	0.0000	0.0000	0.0000	0.0000	0.0000	0.0000	0.0000	0.0000	0.0000	0.0000	0.0000	0.0000	0.0271	0.0231	0.0040	0.0016	0.0015	0.0001	0.0254	0.0215	0.0039	0.0273	0.0169	0.0104	0.0057	0.0046	0.0012	0.0215	0.0123	0.0093	0.0000	0.0000	0.0000	0.0000	0.0000	0.0000	0.0000	0.0000	0.0000	0.0010	0.0006	0.0015	0.0019	0.0022	0.0008	0.0007	0.0000	0.0016	
3	21	0.1632	6	1	0	1	1	0	0	0	0	N	N	N	N	N	N	N	N	N	N	N	N	0.0000	0.0000	0.0000	0.0000	0.0000	0.0000	0.0000	0.0000	0.0000	0.0000	0.0000	0.0000	0.0000	0.0000	0.0000	0.0000	0.0000	0.0000	0.0000	0.0000	0.0000	0.0000	inf	0.0000	0.0000	1.9956	2.0000	2.0506	1.0003	0.0000	0.0000	0.0000	0.0000	0.0000	0.0000	0.0000	0.0000	0.0000	0.0000	0.0000	0.0000	0.0000	0.0000	0.0000	0.0000	0.0000	0.0000	0.0533	0.0454	0.0079	0.0031	0.0029	0.0001	0.0503	0.0425	0.0077	0.0268	0.0164	0.0104	0.0042	0.0035	0.0007	0.0225	0.0129	0.0096	0.0000	0.0000	0.0000	0.0000	0.0000	0.0000	0.0000	0.0000	0.0000	0.0000	0.0000	0.0000	0.0000	0.0000	0.0000	0.0000	0.0000	0.0000						
3	22	0.0666	4	2	0	2	0	0	0	0	0	Y	N	Y	N	N	N	N	N	N	N	N	N	0.0000	0.0000	0.0000	0.0000	0.0000	0.0000	0.0000	0.0000	0.0000	0.0000	0.0000	0.0000	0.0000	0.9216	2.0578	0.0000	188.6665	200.6325	0.0000	0.0000	0.0000	0.0000	0.0000	-0.0000	-0.0132	1.9956	0.0000	2.0506	4.9921	0.0000	0.0000	0.0000	0.0000	0.0000	0.0000	0.0000	0.0000	0.0000	0.0245	0.0245	0.0000	0.0245	0.0245	0.0000	0.0000	0.0000	0.0000	0.0000	0.0000	0.0000	0.0000	0.0000	0.0000	0.0000	0.0000	0.0000	0.0445	0.0269	0.0176	0.0036	0.0033	0.0003	0.0409	0.0236	0.0173	0.0000	0.0000	0.0000	0.0000	0.0000	0.0000	0.0000	0.0000	0.0000	0.5508	0.9110	0.0000	6.7331	7.3574	0.0000	0.0000	0.0000	0.0000						
3	23	0.1341	6	1	1	1	0	0	0	0	0	N	N	N	N	N	N	N	N	N	N	N	N	0.0041	0.0000	1.4740	0.0000	0.0000	0.4309	1.4469	0.0000	0.0000	0.0000	0.0000	0.0000	0.0000	0.0000	0.0000	0.0000	0.0000	0.0001	0.0000	0.0003	0.0003	0.0000	0.0000	0.0000	0.0000	inf	0.0085	0.0000	-0.0000	1.9956	1.9996	2.0506	0.0142	0.0000	0.0000	0.0000	0.0000	0.0000	0.0000	0.0000	0.0000	0.0000	0.0000	0.0000	0.0000	0.0000	0.0000	0.0000	0.0000	0.0000	0.0000	0.0536	0.0456	0.0080	0.0015	0.0014	0.0001	0.0521	0.0442	0.0079	0.0202	0.0109	0.0093	0.0028	0.0024	0.0004	0.0174	0.0086	0.0088	0.0041	0.0000	1.4740	0.0000	0.0000	0.0000	0.4309	0.0000	1.4469	0.0000	0.0001	0.0000	0.0003	0.0003	0.0000	0.0000	0.0000	0.0000		
3	24	0.0759	3	1	1	1	0	0	0	0	0	N	N	N	N	N	N	N	N	N	N	N	N	0.0000	0.0000	0.0000	0.0000	0.0000	0.0000	0.0001	0.0000	0.0009	0.0000	0.0000	0.0000	0.0001	0.0000	0.0009	7.5842	0.0000	38.4721	0.0240	0.0000	0.1920	8.4725	0.0000	37.8764	inf	inf	0.0000	0.4564	1.9956	2.9988	2.0506	13.9984	0.0000	0.0000	0.0000	0.0000	0.0000	0.0000	0.0000	0.0000	0.0000	0.9921	0.0000	0.9921	0.0003	0.0000	0.0003	0.9918	0.0000	0.9918	0.0796	0.0679	0.0117	0.0046	0.0043	0.0002	0.0750	0.0636	0.0115	0.1308	0.0784	0.0524	0.0138	0.0120	0.0017	0.1171	0.0664	0.0507	0.0000	0.0000	0.0000	0.0000	0.0000	0.0000	0.0000	0.0000	0.0000	7.5842	0.0000	18.9279	0.0240	0.0000	0.1920	8.4725	0.0000	19.5632			
3	25	0.0341	2	2	1	1	0	0	0	0	0	Y	N	N	N	N	N	N	N	N	N	N	N	inf	inf	inf	inf	inf	inf	6.5194	7.6603	0.0000	0.0273	0.0275	0.0000	6.5350	7.6816	0.0000	0.0000	0.0000	0.0000	0.0000	0.0000	0.0000	0.0000	0.0000	0.0000	0.0000	-0.4607	0.0000	1.9956	6.0000	2.0506	4.0000	0.9978	0.9978	0.0000	0.0000	0.0000	0.0000	0.9978	0.9978	0.0000	0.0000	0.0000	0.0000	0.0000	0.0000	0.0000	0.0000	0.0000	0.0000	0.1531	0.1303	0.0228	0.0004	0.0004	0.0000	0.1527	0.1299	0.0228	0.0947	0.0501	0.0447	0.0063	0.0057	0.0006	0.0884	0.0444	0.0441	inf	inf	0.0000	inf	inf	0.0000	inf	inf	0.0000	0.0000	0.0000	0.0000	0.0000	0.0000	0.0000	0.0000	0.0000	0.0000				
3	26	0.1381	7	1	1	1	0	0	0	0	0	N	N	N	N	N	N	N	N	N	N	N	N	0.0000	0.0000	0.0000	0.0000	0.0000	0.0000	0.0000	0.0000	0.0000	0.0000	0.0000	0.0000	0.0000	0.0000	0.0000	0.0000	0.0000	0.0000	0.0000	0.0000	1.9956	0.0000	2.0506	2.0002	0.0000	0.0000	0.0000	0.0000	0.0000	0.0000	0.0000	0.0000	0.0000	0.0000	0.0000	0.0000	0.0000	0.0000	0.0000	0.0000	0.0000	0.0000	0.0000	0.0000	0.0000	0.0000	0.0000	0.0000	0.0000	0.0000	0.0000	0.0201	0.0109	0.0092	0.0028	0.0024	0.0004	0.0173	0.0085	0.0088	0.0000	0.0000	0.0000	0.0000	0.0000	0.0000	0.0000	0.0000	0.0000	0.0000	0.0000	0.0000	0.0000	0.0000	0.0000	0.0000	0.0000	0.0000											
3	27	0.1324	5	2	1	1	0	0	0	0	0	Y	N	N	N	N	N	N	N	N	N	N	N	0.0000	0.0000	0.0000	0.0000	0.0000	0.0000	0.0000	0.0000	0.0000	0.0000	0.0000	0.0000	0.0000	0.0007	0.0011	0.0000	0.0040	0.0047	0.0000	0.0000	0.0000	0.0000	0.0000	0.0000	-0.0000	1.9956	1.0000	2.0506	3.9850	0.0000	0.0000	0.0000	0.0000	0.0000	0.0000	0.0000	0.0000	0.0000	0.0000	0.0000	0.0000	0.0000	0.0000	0.0000	0.0000	0.0000	0.0000	0.0269	0.0229	0.0040	0.0014	0.0013	0.0001	0.0255	0.0216	0.0039	0.0437	0.0270	0.0167	0.0075	0.0063	0.0012	0.0362	0.0207	0.0155	0.0000	0.0000	0.0000	0.0000	0.0000	0.0000	0.0000	0.0000	0.0000	0.0007	0.0011	0.0000	0.0040	0.0047	0.0000	0.0000	0.0000	0.0000						
3	28	0.0341	2	1	1	1	0	0	0	0	0	N	N	N	N	N	N	N	N	N	N	N	N	inf	inf	inf	inf	inf	inf	inf	inf	7.7514	0.0001	51.8684	0.0650	0.0328	4.4783	7.7698	0.0000	51.8739	0.0000	0.0000	0.0000	0.0000	0.0000	0.0000	0.0000	0.0000	0.0000	99779.0000	0.5371	0.0000	1.9956	5.0000	2.0506	4.0000	0.9978	0.0000	0.9978	0.0000	0.0000	0.0000	0.9978	0.0000	0.9978	0.0000	0.0000	0.0000	0.0000	0.0000	0.0000	0.0000	0.0000	0.0000	0.1287	0.1095	0.0192	0.0003	0.0003	0.0000	0.1284	0.1092	0.0192	0.0860	0.0454	0.0407	0.0057	0.0051	0.0005	0.0804	0.0402	0.0401	inf	inf	inf	inf	inf	inf	inf	0.0000	inf	0.0000	0.0000	0.0000	0.0000	0.0000	0.0000	0.0000	0.0000	0.0000		
3	29	0.0341	2	1	1	1	0	0	0	0	0	N	N	N	N	N	N	N	N	N	N	N	N	121.6259	259.9020	2.7505	35.1546	115.2754	273.8016	12.6802	0.0000	84.2711	0.0532	0.0000	7.2326	12.7104	0.0000	84.2801	0.1043	0.0000	0.3242	0.0194	0.0000	0.2057	0.1103	0.0000	0.3078	inf	inf	0.5371	0.0041	1.9956	3.0000	2.0506	6.0000	0.9978	0.0000	0.9978	0.0000	0.0000	0.0000	0.9978	0.0000	0.9978	0.0090	0.0000	0.0090	0.0001	0.0000	0.0001	0.0089	0.0000	0.0089	0.0787	0.0668	0.0118	0.0002	0.0002	0.0000	0.0785	0.0667	0.0118	0.0860	0.0454	0.0407	0.0057	0.0051	0.0005	0.0804	0.0402	0.0401	121.6259	0.0000	381.9756	2.7505	0.0000	35.1546	115.2754	0.0000	381.6734	0.1043	0.0000	0.2206	0.0194	0.0000	0.2057	0.1103	0.0000	0.2208			
3	30	0.1667	7	1	1	2	1	0	0	0	0	N	N	Y	N	N	N	N	N	N	N	N	N	0.0000	0.0000	0.0000	0.0000	0.0000	0.0000	0.0000	0.0000	0.0000	0.0000	0.0000	0.0000	0.0000	0.0000	0.0000	0.0000	0.0000	0.0000	0.0000	0.0000	1.9956	0.0000	2.0506	3.0000	0.0000	0.0000	0.0000	0.0000	0.0000	0.0000	0.0000	0.0000	0.0000	0.0000	0.0000	0.0000	0.0000	0.0000	0.0000	0.0000	0.0000	0.0000	0.0000	0.0000	0.0000	0.0000	0.0000	0.0000	0.0000	0.0000	0.0000	0.0257	0.0162	0.0095	0.0084	0.0065	0.0019	0.0172	0.0097	0.0075	0.0000	0.0000	0.0000	0.0000	0.0000	0.0000	0.0000	0.0000	0.0000	0.0000	0.0000	0.0000	0.0000	0.0000	0.0000	0.0000	0.0000	0.0000											
3	31	0.1498	6	1	0	1	1	0	0	0	0	N	N	N	N	N	N	N	N	N	N	N	N	0.0000	0.0000	0.0000	0.0000	0.0000	0.0000	0.0000	0.0000	0.0000	0.0000	0.0000	0.0000	0.0000	0.0000	0.0000	0.0000	0.0000	0.0000	0.0003	0.0004	0.0000	0.0008	0.0010	0.0000	0.0000	0.0000	0.0000	0.0341	0.0000	-0.0000	1.9956	0.9783	2.0506	3.0423	0.0000	0.0000	0.0000	0.0000	0.0000	0.0000	0.0000	0.0000	0.0000	0.0000	0.0000	0.0000	0.0000	0.0000	0.0000	0.0000	0.0000	0.0000	0.0278	0.0237	0.0041	0.0021	0.0020	0.0001	0.0257	0.0217	0.0040	0.0408	0.0265	0.0143	0.0127	0.0104	0.0023	0.0282	0.0161	0.0120	0.0000	0.0000	0.0000	0.0000	0.0000	0.0000	0.0000	0.0000	0.0000	0.0003	0.0004	0.0000	0.0008	0.0010	0.0000	0.0000	0.0000	0.0000	
3	32	0.0759	3	1	1	1	0	0	0	0	0	N	N	N	N	N	N	N	N	N	N	N	N	69777.3790	0.0000	inf	1.3072	0.0000	inf	inf	inf	5.5815	0.0000	38.4627	0.0010	0.0000	0.0190	5.9137	0.0000	39.2575	0.0001	0.0001	0.0000	0.0008	0.0009	0.0000	0.0000	0.0000	0.0000	inf	0.0000	0.5371	-0.0000	1.9956	6.9988	2.0506	9.0016	0.9978	0.0000	0.9978	0.0000	0.0000	0.0000	0.9978	0.0000	0.9978	0.0000	0.0000	0.0000	0.0000	0.0000	0.0000	0.0000	0.0000	0.0000	0.1788	0.1528	0.0259	0.0100	0.0095	0.0005	0.1687	0.1433	0.0254	0.1240	0.0743	0.0497	0.0130	0.0114	0.0016	0.1110	0.0629	0.0481	69777.3790	0.0000	inf	1.3072	0.0000	inf	inf	0.0000	inf	0.0001	0.0001	0.0000	0.0008	0.0009	0.0000	0.0000	0.0000	0.0000	
3	33	0.1768	8	2	1	1	0	0	0	0	0	Y	N	N	N	N	N	N	N	N	N	N	N	0.0000	0.0000	0.0000	0.0000	0.0000	0.0000	0.0000	0.0000	0.0000	0.0000	0.0000	0.0000	0.0000	0.0000	0.0000	0.0000	0.0000	0.0000	0.0000	0.0000	1.9956	0.0000	2.0506	0.0000	0.0000	0.0000	0.0000	0.0000	0.0000	0.0000	0.0000	0.0000	0.0000	0.0000	0.0000	0.0000	0.0000	0.0000	0.0000	0.0000	0.0000	0.0000	0.0000	0.0000	0.0000	0.0000	0.0000	0.0000	0.0000	0.0000	0.0000	0.0000	0.0000	0.0000	0.0000	0.0000	0.0000	0.0000	0.0000	0.0000	0.0000	0.0000	0.0000	0.0000	0.0000	0.0000	0.0000	0.0000	0.0000	0.0000	0.0000	0.0000	0.0000	0.0000	0.0000	0.0000	0.0000	0.0000											
3	34	0.1324	5	1	1	1	1	0	0	0	0	N	N	N	N	N	N	N	N	N	N	N	N	0.0000	0.0000	0.0000	0.0000	0.0000	0.0000	0.0000	0.0000	0.0000	0.0000	0.0000	0.0000	0.0000	10.2288	16.4271	0.0000	646.2299	640.8939	0.0000	0.0000	0.0000	0.0000	0.0000	0.0000	-0.5357	1.9956	5.0000	2.0506	6.9850	0.0000	0.0000	0.0000	0.0000	0.0000	0.0000	0.0000	0.0000	0.0000	0.9922	0.9922	0.0000	0.9922	0.9922	0.0000	0.0000	0.0000	0.0000	0.1294	0.1104	0.0190	0.0065	0.0062	0.0003	0.1229	0.1043	0.0186	0.0982	0.0604	0.0378	0.0165	0.0138	0.0027	0.0817	0.0466	0.0351	0.0000	0.0000	0.0000	0.0000	0.0000	0.0000	0.0000	0.0000	0.0000	10.0987	16.4271	0.0000	59.9732	71.9193	0.0000	0.0000	0.0000	0.0000						
3	35	0.0759	3	2	1	1	0	0	0	0	0	Y	N	N	N	N	N	N	N	N	N	N	N	1.4088	0.0000	inf	0.0000	0.0000	inf	inf	0.0002	0.0000	0.0013	0.0000	0.0000	0.0000	0.0002	0.0000	0.0013	0.0001	0.0002	0.0000	0.0013	0.0014	0.0000	0.0000	0.0000	0.0000	inf	0.0000	0.0000	-0.0000	1.9956	1.9985	2.0506	17.9985	0.0000	0.0000	0.0000	0.0000	0.0000	0.0000	0.0000	0.0000	0.0000	0.0000	0.0000	0.0000	0.0000	0.0000	0.0000	0.0000	0.0000	0.0000	0.0536	0.0457	0.0079	0.0031	0.0029	0.0002	0.0505	0.0428	0.0077	0.1506	0.0903	0.0603	0.0159	0.0139	0.0020	0.1347	0.0764	0.0583	1.4088	0.0000	inf	0.0000	0.0000	0.0000	inf	0.0000	inf	0.0001	0.0002	0.0000	0.0013	0.0014	0.0000	0.0000	0.0000	0.0000		
3	36	0.1991	6	1	0	2	0	0	0	0	0	N	N	Y	N	N	N	N	N	N	N	N	N	0.0000	0.0000	0.0000	0.0000	0.0000	0.0000	0.0000	0.0000	0.0000	0.0000	0.0000	0.0000	0.0000	0.0000	0.0000	0.0000	0.0000	0.0000	0.0000	0.0000	0.0000	0.0000	0.0571	0.0000	-0.0000	1.9956	0.0001	2.0506	0.9943	0.0000	0.0000	0.0000	0.0000	0.0000	0.0000	0.0000	0.0000	0.0000	0.0000	0.0000	0.0000	0.0000	0.0000	0.0000	0.0000	0.0000	0.0000	0.0000	0.0000	0.0000	0.0000	0.0000	0.0000	0.0000	0.0000	0.0000	0.0103	0.0070	0.0034	0.0030	0.0026	0.0004	0.0073	0.0044	0.0029	0.0000	0.0000	0.0000	0.0000	0.0000	0.0000	0.0000	0.0000	0.0000	0.0000	0.0000	0.0000	0.0000	0.0000	0.0000	0.0000	0.0000	0.0000						
3	37	0.1754	6	1	1	1	0	0	0	0	0	N	N	N	N	N	N	N	N	N	N	N	N	0.0000	0.0000	0.0000	0.0000	0.0000	0.0000	0.0000	0.0000	0.0000	0.0000	0.0000	0.0000	0.0000	0.0000	0.0000	0.0000	0.0000	0.0000	0.0000	0.0000	1.9956	2.0000	2.0506	2.0000	0.0000	0.0000	0.0000	0.0000	0.0000	0.0000	0.0000	0.0000	0.0000	0.0000	0.0000	0.0000	0.0000	0.0000	0.0000	0.0000	0.0000	0.0000	0.0535	0.0456	0.0079	0.0038	0.0036	0.0002	0.0497	0.0421	0.0076	0.0349	0.0220	0.0129	0.0093	0.0075	0.0018	0.0256	0.0145	0.0111	0.0000	0.0000	0.0000	0.0000	0.0000	0.0000	0.0000	0.0000	0.0000	0.0000	0.0000	0.0000	0.0000	0.0000	0.0000	0.0000	0.0000	0.0000											
3	38	0.0509	3	2	0	2	0	0	0	0	0	Y	N	Y	N	N	N	N	N	N	N	N	N	0.0000	inf	0.0000	0.4573	inf	0.0000	0.0000	0.0000	0.0002	0.0002	0.0000	0.0281	0.0290	0.0000	0.0000	0.0000	0.0000	15.3487	0.0000	71.2930	0.0613	0.0000	0.9157	15.7317	0.0000	68.8668	0.0000	inf	-0.0000	0.4564	1.9956	2.0000	2.0506	5.0000	0.0000	0.0000	0.0000	0.0000	0.0000	0.0000	0.0000	0.0000	0.0000	0.9921	0.0000	0.9921	0.0003	0.0000	0.0003	0.9918	0.0000	0.9918	0.0529	0.0449	0.0080	0.0004	0.0003	0.0000	0.0525	0.0446	0.0080	0.0684	0.0362	0.0322	0.0054	0.0049	0.0005	0.0630	0.0314	0.0317	0.0000	inf	0.0000	0.4573	inf	0.0000	0.0000	0.0000	0.0000	14.4995	0.0000	30.8207	0.0613	0.0000	0.6432	15.7317	0.0000	31.3094	
3	39	0.1498	6	1	1	1	0	0	0	0	0	N	N	N	N	N	N	N	N	N	N	N	N	0.0000	0.0000	0.0000	0.0000	0.0000	0.0000	0.0000	0.0000	0.0000	0.0000	0.0000	0.0000	0.0000	0.0000	0.0000	0.0000	0.0000	0.0000	0.0002	0.0003	0.0000	0.0006	0.0007	0.0001	0.0000	0.0000	0.0000	0.0491	0.0000	-0.0000	1.9956	0.0217	2.0506	6.0735	0.0000	0.0000	0.0000	0.0000	0.0000	0.0000	0.0000	0.0000	0.0000	0.0000	0.0000	0.0000	0.0000	0.0000	0.0000	0.0000	0.0000	0.0000	0.0021	0.0018	0.0003	0.0008	0.0008	0.0000	0.0013	0.0010	0.0003	0.0579	0.0372	0.0208	0.0172	0.0139	0.0033	0.0407	0.0232	0.0175	0.0000	0.0000	0.0000	0.0000	0.0000	0.0000	0.0000	0.0000	0.0000	0.0002	0.0003	0.0000	0.0006	0.0007	0.0001	0.0000	0.0000	0.0000	
3	40	0.1324	5	1	0	1	0	0	0	0	0	N	N	N	N	N	N	N	N	N	N	N	N	0.0000	0.0000	0.0000	0.0000	0.0000	0.0000	0.0000	0.0000	0.0000	0.0000	0.0000	0.0000	0.0000	0.0000	0.0000	0.0003	0.0005	0.0000	0.0017	0.0020	0.0002	0.0000	0.0000	0.0000	0.0188	0.0000	-0.0000	1.9956	0.0217	2.0506	4.0395	0.0000	0.0000	0.0000	0.0000	0.0000	0.0000	0.0000	0.0000	0.0000	0.0000	0.0000	0.0000	0.0000	0.0000	0.0000	0.0000	0.0000	0.0000	0.0006	0.0005	0.0001	0.0000	0.0000	0.0000	0.0006	0.0005	0.0001	0.0360	0.0223	0.0138	0.0063	0.0053	0.0010	0.0298	0.0170	0.0128	0.0000	0.0000	0.0000	0.0000	0.0000	0.0000	0.0000	0.0000	0.0000	0.0003	0.0005	0.0000	0.0017	0.0020	0.0002	0.0000	0.0000	0.0000				
3	41	0.1324	5	1	1	1	1	0	0	0	0	N	N	N	N	N	N	N	N	N	N	N	N	0.0000	0.0000	0.0000	0.0000	0.0000	0.0000	0.0000	0.0000	0.0000	0.0000	0.0000	0.0000	0.0000	0.0000	0.0000	0.0005	0.0008	0.0000	0.0030	0.0035	0.0001	0.0000	0.0000	0.0000	0.0066	0.0000	-0.0000	1.9956	0.0000	2.0506	7.0150	0.0000	0.0000	0.0000	0.0000	0.0000	0.0000	0.0000	0.0000	0.0000	0.0000	0.0000	0.0000	0.0000	0.0000	0.0000	0.0000	0.0000	0.0000	0.0000	0.0000	0.0000	0.0000	0.0000	0.0000	0.0000	0.0000	0.0000	0.0601	0.0370	0.0231	0.0102	0.0086	0.0017	0.0499	0.0285	0.0214	0.0000	0.0000	0.0000	0.0000	0.0000	0.0000	0.0000	0.0000	0.0000	0.0005	0.0008	0.0000	0.0030	0.0035	0.0001	0.0000	0.0000	0.0000				
3	42	0.0509	3	2	0	2	0	0	0	0	0	Y	N	Y	N	N	N	N	N	N	N	N	N	0.0000	0.0000	0.0000	0.0000	0.0000	0.0000	0.0000	0.0000	0.0000	0.0000	0.0000	0.0000	0.0000	0.0000	0.0000	0.0000	0.0000	0.0000	0.0000	0.0000	1.9956	0.0000	2.0506	0.0000	0.0000	0.0000	0.0000	0.0000	0.0000	0.0000	0.0000	0.0000	0.0000	0.0000	0.0000	0.0000	0.0000	0.0000	0.0000	0.0000	0.0000	0.0000	0.0000	0.0000	0.0000	0.0000	0.0000	0.0000	0.0000	0.0000	0.0000	0.0000	0.0000	0.0000	0.0000	0.0000	0.0000	0.0000	0.0000	0.0000	0.0000	0.0000	0.0000	0.0000	0.0000	0.0000	0.0000	0.0000	0.0000	0.0000	0.0000	0.0000	0.0000	0.0000	0.0000	0.0000	0.0000	0.0000											
3	43	0.0341	2	2	0	2	0	0	0	0	0	Y	N	Y	N	N	N	N	N	N	N	N	N	inf	inf	inf	inf	0.0004	0.0004	0.0000	0.1568	0.1580	0.0000	0.0000	0.0000	0.0000	0.0000	0.0000	0.0000	0.0000	0.0000	0.0000	0.0000	0.0000	0.0000	0.0000	-0.0000	0.0000	1.9956	1.0000	2.0506	3.0000	0.0000	0.0000	0.0000	0.0000	0.0000	0.0000	0.0000	0.0000	0.0000	0.0000	0.0000	0.0000	0.0000	0.0000	0.0000	0.0000	0.0000	0.0000	0.0267	0.0227	0.0040	0.0001	0.0001	0.0000	0.0267	0.0226	0.0040	0.0401	0.0209	0.0192	0.0026	0.0024	0.0002	0.0375	0.0185	0.0189	inf	inf	0.0000	inf	inf	0.0000	0.0000	0.0000	0.0000	0.0000	0.0000	0.0000	0.0000	0.0000	0.0000	0.0000	0.0000	0.0000						
3	44	0.0341	2	2	0	2	0	0	0	0	0	Y	N	Y	N	N	N	N	N	N	N	N	N	1.4996	0.9223	40.9710	37.4106	0.0004	0.0004	0.0000	0.1568	0.1580	0.0000	0.0000	0.0000	0.0000	0.0002	0.0005	0.0000	0.0038	0.0042	0.0000	0.0000	0.0000	0.0000	0.0000	0.0000	-0.0000	-0.0000	1.9956	1.0000	2.0506	3.0000	0.0000	0.0000	0.0000	0.0000	0.0000	0.0000	0.0000	0.0000	0.0000	0.0000	0.0000	0.0000	0.0000	0.0000	0.0000	0.0000	0.0000	0.0000	0.0267	0.0227	0.0040	0.0001	0.0001	0.0000	0.0267	0.0226	0.0040	0.0401	0.0209	0.0192	0.0026	0.0024	0.0002	0.0375	0.0185	0.0189	1.4996	0.9223	0.0000	40.9710	37.4106	0.0000	0.0000	0.0000	0.0000	0.0002	0.0005	0.0000	0.0038	0.0042	0.0000	0.0000	0.0000	0.0000					
3	45	0.1754	6	1	0	2	0	0	0	0	0	N	N	Y	N	N	N	N	N	N	N	N	N	0.0000	0.0000	0.0000	0.0000	0.0000	0.0000	0.0000	0.0000	0.0000	0.0000	0.0000	0.0000	0.0000	0.0000	0.0000	0.0000	0.0000	0.0000	0.0000	0.0000	1.9956	0.0000	2.0506	0.0000	0.0000	0.0000	0.0000	0.0000	0.0000	0.0000	0.0000	0.0000	0.0000	0.0000	0.0000	0.0000	0.0000	0.0000	0.0000	0.0000	0.0000	0.0000	0.0000	0.0000	0.0000	0.0000	0.0000	0.0000	0.0000	0.0000	0.0000	0.0000	0.0000	0.0000	0.0000	0.0000	0.0000	0.0000	0.0000	0.0000	0.0000	0.0000	0.0000	0.0000	0.0000	0.0000	0.0000	0.0000	0.0000	0.0000	0.0000	0.0000	0.0000	0.0000	0.0000	0.0000	0.0000	0.0000											
3	46	0.1324	5	1	0	1	0	0	0	0	0	N	N	N	N	N	N	N	N	N	N	N	N	0.0000	0.0000	0.0000	0.0000	0.0000	0.0000	0.0000	0.0000	0.0000	0.0000	0.0000	0.0000	0.0000	0.0060	0.0098	0.0000	0.0356	0.0426	0.0000	0.0000	0.0000	0.0000	0.0000	0.0000	-0.0003	1.9956	4.0000	2.0506	5.9850	0.0000	0.0000	0.0000	0.0000	0.0000	0.0000	0.0000	0.0000	0.0000	0.0005	0.0005	0.0000	0.0005	0.0005	0.0000	0.0000	0.0000	0.0000	0.1045	0.0891	0.0154	0.0053	0.0050	0.0003	0.0992	0.0841	0.0151	0.0832	0.0512	0.0320	0.0140	0.0117	0.0023	0.0692	0.0395	0.0297	0.0000	0.0000	0.0000	0.0000	0.0000	0.0000	0.0000	0.0000	0.0000	0.0060	0.0098	0.0000	0.0356	0.0426	0.0000	0.0000	0.0000	0.0000						
3	47	0.2034	7	1	1	1	0	0	0	0	0	N	N	N	N	N	N	N	N	N	N	N	N	0.0000	0.0000	0.0000	0.0000	0.0000	0.0000	0.0000	0.0000	0.0000	0.0000	0.0000	0.0000	0.0000	0.0000	0.0000	0.0000	0.0000	0.0000	0.0000	0.0000	1.9956	0.0000	2.0506	0.0000	0.0000	0.0000	0.0000	0.0000	0.0000	0.0000	0.0000	0.0000	0.0000	0.0000	0.0000	0.0000	0.0000	0.0000	0.0000	0.0000	0.0000	0.0000	0.0000	0.0000	0.0000	0.0000	0.0000	0.0000	0.0000	0.0000	0.0000	0.0000	0.0000	0.0000	0.0000	0.0000	0.0000	0.0000	0.0000	0.0000	0.0000	0.0000	0.0000	0.0000	0.0000	0.0000	0.0000	0.0000	0.0000	0.0000	0.0000	0.0000	0.0000	0.0000	0.0000	0.0000	0.0000	0.0000											
3	48	0.0666	4	2	1	2	0	0	0	0	0	Y	N	Y	N	N	N	N	N	N	N	N	N	0.0000	0.0000	0.0000	0.0000	0.0000	0.0000	0.0000	0.0000	0.0000	0.0000	0.0000	0.0000	0.0000	0.0025	0.0000	0.0063	0.0000	0.0000	0.0000	0.0027	0.0000	0.0064	inf	-0.0000	0.0000	1.9956	0.0000	2.0506	2.0152	0.0000	0.0000	0.0000	0.0000	0.0000	0.0000	0.0000	0.0000	0.0000	0.0000	0.0000	0.0000	0.0000	0.0000	0.0000	0.0000	0.0000	0.0000	0.0000	0.0000	0.0000	0.0000	0.0000	0.0000	0.0000	0.0000	0.0000	0.0190	0.0116	0.0074	0.0018	0.0017	0.0001	0.0172	0.0099	0.0072	0.0000	0.0000	0.0000	0.0000	0.0000	0.0000	0.0000	0.0000	0.0000	0.0025	0.0000	0.0063	0.0000	0.0000	0.0000	0.0027	0.0000	0.0064						
3	49	0.0624	3	2	0	2	0	0	0	0	0	Y	N	Y	N	N	N	N	N	N	N	N	N	0.0187	0.0127	0.0000	0.0039	0.0038	0.0000	0.0000	0.0001	0.0001	0.0000	0.0002	0.0002	0.0000	0.0000	0.0000	0.0000	0.0048	0.0078	0.0000	0.0531	0.0566	0.0000	0.0000	0.0000	0.0000	0.0345	0.0001	-0.0000	-0.0000	1.9956	0.0003	2.0506	1.0311	0.0000	0.0000	0.0000	0.0000	0.0000	0.0000	0.0000	0.0000	0.0000	0.0000	0.0000	0.0000	0.0000	0.0000	0.0000	0.0000	0.0000	0.0000	0.0000	0.0000	0.0000	0.0000	0.0000	0.0000	0.0000	0.0000	0.0000	0.0097	0.0060	0.0037	0.0009	0.0008	0.0001	0.0089	0.0052	0.0037	0.0187	0.0127	0.0000	0.0039	0.0038	0.0000	0.0000	0.0000	0.0000	0.0048	0.0078	0.0000	0.0531	0.0566	0.0000	0.0000	0.0000	0.0000		
3	50	0.0624	3	2	1	2	0	0	0	0	0	Y	N	Y	N	N	N	N	N	N	N	N	N	0.0418	0.0294	0.0091	0.0087	0.0001	0.0001	0.0000	0.0002	0.0002	0.0000	0.0000	0.0000	0.0000	0.0021	0.0034	0.0000	0.0231	0.0246	0.0000	0.0000	0.0000	0.0000	0.0000	0.0000	-0.0000	-0.0000	1.9956	0.0003	2.0506	1.0126	0.0000	0.0000	0.0000	0.0000	0.0000	0.0000	0.0000	0.0000	0.0000	0.0000	0.0000	0.0000	0.0000	0.0000	0.0000	0.0000	0.0000	0.0000	0.0000	0.0000	0.0000	0.0000	0.0000	0.0000	0.0000	0.0000	0.0000	0.0096	0.0059	0.0037	0.0009	0.0008	0.0001	0.0087	0.0051	0.0036	0.0418	0.0294	0.0000	0.0091	0.0087	0.0000	0.0000	0.0000	0.0000	0.0021	0.0034	0.0000	0.0231	0.0246	0.0000	0.0000	0.0000	0.0000					
3	51	0.1752	4	2	1	1	0	0	0	0	0	Y	N	N	N	N	N	N	N	N	N	N	N	0.0000	0.0000	0.0000	0.0000	0.0000	0.0000	0.0000	0.0000	0.0000	0.0000	0.0000	0.0000	0.0000	0.0000	0.0000	0.0000	0.0000	0.0000	0.0000	0.0000	1.9956	0.0000	2.0506	1.0000	0.0000	0.0000	0.0000	0.0000	0.0000	0.0000	0.0000	0.0000	0.0000	0.0000	0.0000	0.0000	0.0000	0.0000	0.0000	0.0000	0.0000	0.0000	0.0000	0.0000	0.0000	0.0000	0.0000	0.0000	0.0000	0.0000	0.0000	0.0085	0.0054	0.0031	0.0022	0.0018	0.0004	0.0063	0.0036	0.0027	0.0000	0.0000	0.0000	0.0000	0.0000	0.0000	0.0000	0.0000	0.0000	0.0000	0.0000	0.0000	0.0000	0.0000	0.0000	0.0000	0.0000	0.0000											
3	52	0.1714	7	1	1	1	1	0	0	0	0	N	N	N	N	N	N	N	N	N	N	N	N	0.0000	0.0000	0.0000	0.0000	0.0000	0.0000	0.0000	0.0000	0.0000	0.0000	0.0000	0.0000	0.0000	0.0000	0.0000	0.0000	0.0000	0.0000	0.0000	0.0000	0.0002	0.0000	0.0000	0.0000	1.0027	0.0000	-0.0000	1.9956	0.9995	2.0506	1.0399	0.0000	0.0000	0.0000	0.0000	0.0000	0.0000	0.0000	0.0000	0.0000	0.0000	0.0000	0.0000	0.0000	0.0000	0.0000	0.0000	0.0000	0.0000	0.0269	0.0229	0.0040	0.0016	0.0015	0.0001	0.0254	0.0215	0.0039	0.0248	0.0173	0.0075	0.0067	0.0061	0.0006	0.0181	0.0112	0.0069	0.0000	0.0000	0.0000	0.0000	0.0000	0.0000	0.0000	0.0000	0.0000	0.0000	0.0000	0.0000	0.0000	0.0000	0.0002	0.0000	0.0000	0.0000				
3	53	0.1714	7	1	0	1	1	0	0	0	0	N	N	N	N	N	N	N	N	N	N	N	N	0.0000	0.0000	0.0000	0.0000	0.0000	0.0000	0.0000	0.0000	0.0000	0.0000	0.0000	0.0000	0.0000	0.0000	0.0000	0.0000	0.0000	0.0000	0.0000	0.0000	0.0000	0.0000	0.0014	0.0000	-0.0000	1.9956	3.0005	2.0506	1.0125	0.0000	0.0000	0.0000	0.0000	0.0000	0.0000	0.0000	0.0000	0.0000	0.0000	0.0000	0.0000	0.0000	0.0000	0.0000	0.0000	0.0000	0.0000	0.0793	0.0676	0.0117	0.0045	0.0043	0.0002	0.0747	0.0633	0.0115	0.0420	0.0279	0.0141	0.0100	0.0088	0.0012	0.0320	0.0191	0.0129	0.0000	0.0000	0.0000	0.0000	0.0000	0.0000	0.0000	0.0000	0.0000	0.0000	0.0000	0.0000	0.0000	0.0000	0.0000	0.0000	0.0000	0.0000						
3	54	0.1632	6	1	0	1	1	0	0	0	0	N	N	N	N	N	N	N	N	N	N	N	N	0.0000	0.0000	0.0000	0.0000	0.0000	0.0000	0.0000	0.0000	0.0000	0.0000	0.0000	0.0000	0.0000	0.0006	0.0009	0.0000	0.0036	0.0043	0.0000	0.0000	0.0000	0.0000	0.0000	0.0000	-0.0000	1.9956	0.0013	2.0506	1.9704	0.0000	0.0000	0.0000	0.0000	0.0000	0.0000	0.0000	0.0000	0.0000	0.0000	0.0000	0.0000	0.0000	0.0000	0.0000	0.0000	0.0000	0.0000	0.0000	0.0000	0.0000	0.0000	0.0000	0.0000	0.0000	0.0000	0.0000	0.0177	0.0109	0.0069	0.0028	0.0023	0.0005	0.0149	0.0085	0.0064	0.0000	0.0000	0.0000	0.0000	0.0000	0.0000	0.0000	0.0000	0.0000	0.0006	0.0009	0.0000	0.0036	0.0043	0.0000	0.0000	0.0000	0.0000						
3	55	0.1324	5	1	0	1	1	0	0	0	0	N	N	N	N	N	N	N	N	N	N	N	N	0.0000	0.0000	0.0000	0.0000	0.0000	0.0000	0.0000	0.0000	0.0000	0.0000	0.0000	0.0000	0.0000	0.0000	0.0000	0.0000	0.0000	0.0561	0.0000	0.1882	0.0039	0.0000	0.0242	0.0667	0.0000	0.1898	962913.3715	0.0000	0.0016	1.9956	3.0000	2.0506	4.0155	0.0000	0.0000	0.0000	0.0000	0.0000	0.0000	0.0000	0.0000	0.0000	0.0034	0.0000	0.0034	0.0000	0.0000	0.0000	0.0033	0.0000	0.0033	0.0791	0.0674	0.0117	0.0040	0.0038	0.0002	0.0751	0.0636	0.0115	0.0601	0.0370	0.0231	0.0102	0.0086	0.0017	0.0499	0.0285	0.0214	0.0000	0.0000	0.0000	0.0000	0.0000	0.0000	0.0000	0.0000	0.0000	0.0561	0.0000	0.1460	0.0039	0.0000	0.0242	0.0667	0.0000	0.1554		
3	56	0.0530	4	1	1	2	0	0	0	0	0	N	N	Y	N	N	N	N	N	N	N	N	N	0.0000	0.0000	3.0383	0.0000	0.0000	0.9254	2.9574	0.0000	0.0000	0.0000	0.0000	0.0000	0.0000	0.0000	0.0000	0.0000	0.4061	1.1373	0.0000	18.4409	21.1796	0.0000	0.0000	0.0000	0.0000	inf	0.0000	0.0000	-0.0132	1.9956	2.0013	2.0506	5.6727	0.0000	0.0000	0.0000	0.0000	0.0000	0.0000	0.0000	0.0000	0.0000	0.0245	0.0245	0.0000	0.0245	0.0245	0.0000	0.0000	0.0000	0.0000	0.0532	0.0452	0.0080	0.0002	0.0002	0.0000	0.0530	0.0449	0.0080	0.0915	0.0539	0.0376	0.0159	0.0149	0.0010	0.0755	0.0390	0.0366	0.0000	0.0000	3.0383	0.0000	0.0000	0.0000	0.9254	0.0000	2.9574	0.2678	0.4545	0.0000	1.5380	1.6417	0.0000	0.0000	0.0000	0.0000		
3	57	0.0493	3	1	1	1	0	0	0	0	0	N	N	N	N	N	N	N	N	N	N	N	N	0.0503	0.0425	0.0000	0.1242	0.1218	0.0000	0.0000	0.0000	0.0002	0.0002	0.0000	0.0013	0.0013	0.0000	0.0000	0.0000	0.0000	0.0035	0.0046	0.0010	0.0103	0.0105	0.0000	0.0004	0.0000	0.0010	0.0386	0.0895	-0.0000	-0.0000	1.9956	0.0033	2.0506	1.3874	0.0000	0.0000	0.0000	0.0000	0.0000	0.0000	0.0000	0.0000	0.0000	0.0001	0.0001	0.0000	0.0001	0.0001	0.0000	0.0000	0.0000	0.0000	0.0001	0.0001	0.0000	0.0000	0.0000	0.0000	0.0001	0.0001	0.0000	0.0310	0.0219	0.0091	0.0097	0.0095	0.0002	0.0213	0.0124	0.0090	0.0503	0.0425	0.0000	0.1242	0.1218	0.0000	0.0000	0.0000	0.0000	0.0035	0.0046	0.0010	0.0103	0.0105	0.0000	0.0004	0.0000	0.0010	
3	58	0.0341	2	2	0	2	0	0	0	0	0	Y	N	Y	N	N	N	N	N	N	N	N	N	0.0000	0.0000	0.0000	0.0000	0.0000	0.0000	0.0000	0.0000	0.0000	0.0000	0.0000	0.0000	0.0000	0.0000	0.0000	0.0000	0.0000	0.0000	0.0000	0.0000	1.9956	0.0000	2.0506	2.0000	0.0000	0.0000	0.0000	0.0000	0.0000	0.0000	0.0000	0.0000	0.0000	0.0000	0.0000	0.0000	0.0000	0.0000	0.0000	0.0000	0.0000	0.0000	0.0000	0.0000	0.0000	0.0000	0.0000	0.0000	0.0000	0.0000	0.0000	0.0204	0.0106	0.0098	0.0013	0.0012	0.0001	0.0191	0.0094	0.0097	0.0000	0.0000	0.0000	0.0000	0.0000	0.0000	0.0000	0.0000	0.0000	0.0000	0.0000	0.0000	0.0000	0.0000	0.0000	0.0000	0.0000	0.0000											
3	59	0.0493	3	1	1	1	0	0	0	0	0	N	N	N	N	N	N	N	N	N	N	N	N	0.0000	0.0000	0.0000	0.0000	0.0000	0.0000	0.0000	0.0000	0.0000	0.0000	0.0000	0.0000	0.0000	0.0000	0.0000	0.0000	0.0003	0.0002	0.0003	0.0008	0.0009	0.0000	0.0002	0.0000	0.0003	0.8216	0.0000	-0.0000	1.9956	1.9997	2.0506	3.4660	0.0000	0.0000	0.0000	0.0000	0.0000	0.0000	0.0000	0.0000	0.0000	0.0000	0.0000	0.0000	0.0000	0.0000	0.0000	0.0000	0.0000	0.0000	0.0530	0.0450	0.0080	0.0001	0.0001	0.0000	0.0528	0.0448	0.0080	0.0697	0.0420	0.0277	0.0129	0.0122	0.0007	0.0568	0.0298	0.0270	0.0000	0.0000	0.0000	0.0000	0.0000	0.0000	0.0000	0.0000	0.0000	0.0003	0.0002	0.0003	0.0008	0.0009	0.0000	0.0002	0.0000	0.0003			
3	60	0.0341	2	1	1	1	0	0	0	0	0	N	N	N	N	N	N	N	N	N	N	N	N	0.0000	0.0000	0.0000	0.0000	0.0000	0.0000	0.0000	0.0000	0.0000	0.0000	0.0000	0.0000	0.0000	0.5839	1.5219	0.0000	148.0053	144.8772	0.0000	0.0000	0.0000	0.0000	0.0000	-0.0000	-0.0071	1.9956	0.0005	2.0506	3.6054	0.0000	0.0000	0.0000	0.0000	0.0000	0.0000	0.0000	0.0000	0.0000	0.0132	0.0132	0.0000	0.0132	0.0132	0.0000	0.0000	0.0000	0.0000	0.0000	0.0000	0.0000	0.0000	0.0000	0.0000	0.0000	0.0000	0.0000	0.0363	0.0189	0.0174	0.0024	0.0021	0.0002	0.0339	0.0168	0.0171	0.0000	0.0000	0.0000	0.0000	0.0000	0.0000	0.0000	0.0000	0.0000	0.3639	0.6979	0.0000	5.5886	6.1663	0.0000	0.0000	0.0000	0.0000						
3	61	0.2034	7	1	0	2	0	0	0	0	0	N	N	Y	N	N	N	N	N	N	N	N	N	0.0000	0.0000	0.0000	0.0000	0.0000	0.0000	0.0000	0.0000	0.0000	0.0000	0.0000	0.0000	0.0000	0.0000	0.0000	0.0000	0.0000	0.0000	0.0000	0.0000	1.9956	0.0000	2.0506	1.0000	0.0000	0.0000	0.0000	0.0000	0.0000	0.0000	0.0000	0.0000	0.0000	0.0000	0.0000	0.0000	0.0000	0.0000	0.0000	0.0000	0.0000	0.0000	0.0000	0.0000	0.0000	0.0000	0.0000	0.0000	0.0000	0.0000	0.0000	0.0081	0.0051	0.0030	0.0019	0.0015	0.0005	0.0062	0.0036	0.0026	0.0000	0.0000	0.0000	0.0000	0.0000	0.0000	0.0000	0.0000	0.0000	0.0000	0.0000	0.0000	0.0000	0.0000	0.0000	0.0000	0.0000	0.0000											
3	62	0.1991	6	1	0	1	0	0	0	0	0	N	N	N	N	N	N	N	N	N	N	N	N	0.0000	0.0000	0.0000	0.0000	0.0000	0.0000	0.0000	0.0000	0.0000	0.0000	0.0000	0.0000	0.0000	0.0000	0.0000	0.0000	0.0000	0.0000	0.0000	0.0000	0.0000	0.0000	0.0571	0.0000	-0.0000	1.9956	0.0001	2.0506	1.0076	0.0000	0.0000	0.0000	0.0000	0.0000	0.0000	0.0000	0.0000	0.0000	0.0000	0.0000	0.0000	0.0000	0.0000	0.0000	0.0000	0.0000	0.0000	0.0000	0.0000	0.0000	0.0000	0.0000	0.0000	0.0000	0.0000	0.0000	0.0104	0.0070	0.0034	0.0031	0.0026	0.0005	0.0074	0.0044	0.0029	0.0000	0.0000	0.0000	0.0000	0.0000	0.0000	0.0000	0.0000	0.0000	0.0000	0.0000	0.0000	0.0000	0.0000	0.0000	0.0000	0.0000	0.0000						
3	63	0.1324	5	1	0	1	0	0	0	0	0	N	N	N	N	N	N	N	N	N	N	N	N	0.0000	0.0000	0.0000	0.0000	0.0000	0.0000	0.0000	0.0000	0.0000	0.0000	0.0000	0.0000	0.0000	0.0000	0.0000	0.0002	0.0003	0.0000	0.0010	0.0012	0.0001	0.0000	0.0000	0.0000	0.0098	0.0000	-0.0000	1.9956	11.9999	2.0506	3.0574	0.0000	0.0000	0.0000	0.0000	0.0000	0.0000	0.0000	0.0000	0.0000	0.0000	0.0000	0.0000	0.0000	0.0000	0.0000	0.0000	0.0000	0.0000	0.2913	0.2495	0.0417	0.0143	0.0136	0.0007	0.2770	0.2360	0.0410	0.1204	0.0740	0.0464	0.0203	0.0169	0.0034	0.1002	0.0571	0.0430	0.0000	0.0000	0.0000	0.0000	0.0000	0.0000	0.0000	0.0000	0.0000	0.0002	0.0003	0.0000	0.0010	0.0012	0.0001	0.0000	0.0000	0.0000				
3	64	0.0341	2	2	1	1	0	0	0	0	0	Y	N	N	N	N	N	N	N	N	N	N	N	0.0000	0.0000	0.0000	0.0000	0.0000	0.0000	0.0000	0.0000	0.0000	0.0000	0.0000	0.0000	0.0000	0.0000	0.0000	0.0000	0.0000	0.0000	0.0000	0.0000	1.9956	4.0000	2.0506	3.0000	0.0000	0.0000	0.0000	0.0000	0.0000	0.0000	0.0000	0.0000	0.0000	0.0000	0.0000	0.0000	0.0000	0.0000	0.0000	0.0000	0.0000	0.0000	0.1039	0.0884	0.0156	0.0002	0.0002	0.0000	0.1037	0.0881	0.0156	0.0682	0.0358	0.0324	0.0045	0.0041	0.0004	0.0637	0.0318	0.0319	0.0000	0.0000	0.0000	0.0000	0.0000	0.0000	0.0000	0.0000	0.0000	0.0000	0.0000	0.0000	0.0000	0.0000	0.0000	0.0000	0.0000	0.0000											
3	65	0.0759	3	1	0	1	0	0	0	0	0	N	N	N	N	N	N	N	N	N	N	N	N	0.0000	0.0000	0.0000	0.0000	0.0000	0.0000	0.0000	0.0000	0.0000	0.0000	0.0000	0.0000	0.0000	0.0000	0.0000	0.0000	0.0000	0.5358	1.0431	0.3378	41.4159	43.3646	0.0883	0.1033	0.0000	0.3418	0.0000	0.3648	-0.0000	-0.0092	1.9956	2.0015	2.0506	10.0016	0.0000	0.0000	0.0000	0.0000	0.0000	0.0000	0.0000	0.0000	0.0000	0.0336	0.0246	0.0090	0.0247	0.0246	0.0001	0.0089	0.0000	0.0089	0.0537	0.0458	0.0079	0.0031	0.0029	0.0002	0.0506	0.0428	0.0078	0.0958	0.0574	0.0384	0.0100	0.0088	0.0012	0.0858	0.0486	0.0372	0.0000	0.0000	0.0000	0.0000	0.0000	0.0000	0.0000	0.0000	0.0000	0.3503	0.4285	0.2335	2.4664	2.8042	0.0883	0.1033	0.0000	0.2384	
3	67	0.2308	5	1	0	1	0	0	0	0	0	N	N	N	N	N	N	N	N	N	N	N	N	0.0691	0.0372	0.0000	0.0314	0.0244	0.0000	5.8609	10.0947	0.0000	0.0166	0.0191	0.0000	0.1184	0.1228	0.0000	0.0002	0.0002	0.0000	0.2400	0.5141	0.0001	3.7710	5.0249	0.0002	0.0000	0.0000	0.0000	0.0000	0.0001	-0.0011	-0.0255	1.9956	4.8614	2.0506	14.2102	0.0023	0.0023	0.0000	0.0023	0.0023	0.0000	0.0000	0.0000	0.0000	0.0473	0.0473	0.0000	0.0473	0.0473	0.0000	0.0000	0.0000	0.0000	0.1415	0.1225	0.0190	0.0196	0.0189	0.0007	0.1218	0.1036	0.0183	0.2431	0.1714	0.0717	0.1014	0.0878	0.0136	0.1418	0.0836	0.0582	0.0852	0.0694	0.0000	0.2538	0.2281	0.0000	5.8609	10.0947	0.0000	0.1945	0.2758	0.0001	0.4663	0.5382	0.0002	0.0000	0.0000	0.0000
3	68	0.0339	3	2	1	2	0	0	0	0	0	Y	N	Y	N	N	N	N	N	N	N	N	N	0.0000	0.0000	0.0000	0.0000	0.0000	0.0000	0.0000	0.0000	0.0000	0.0000	0.0000	0.0000	0.0000	0.0000	0.0000	0.0000	0.0000	0.0000	0.0000	0.0000	1.9956	0.0000	2.0506	0.0000	0.0000	0.0000	0.0000	0.0000	0.0000	0.0000	0.0000	0.0000	0.0000	0.0000	0.0000	0.0000	0.0000	0.0000	0.0000	0.0000	0.0000	0.0000	0.0000	0.0000	0.0000	0.0000	0.0000	0.0000	0.0000	0.0000	0.0000	0.0000	0.0000	0.0000	0.0000	0.0000	0.0000	0.0000	0.0000	0.0000	0.0000	0.0000	0.0000	0.0000	0.0000	0.0000	0.0000	0.0000	0.0000	0.0000	0.0000	0.0000	0.0000	0.0000	0.0000	0.0000	0.0000	0.0000											
3	69	0.0298	2	2	0	2	0	0	0	0	0	Y	N	Y	N	N	N	N	N	N	N	N	N	0.0017	0.0000	0.3085	0.0000	0.0000	0.0000	0.3284	0.9377	0.0001	0.0000	0.0009	0.0000	0.0000	0.0000	0.0002	0.0000	0.0009	0.0644	0.1192	0.0030	5.5949	5.1302	0.5045	0.0005	0.0000	0.0010	inf	0.0221	0.0000	-0.0004	1.9956	0.0016	2.0506	0.9826	0.0000	0.0000	0.0000	0.0000	0.0000	0.0000	0.0000	0.0000	0.0000	0.0008	0.0007	0.0000	0.0008	0.0007	0.0000	0.0000	0.0000	0.0000	0.0001	0.0001	0.0000	0.0001	0.0001	0.0000	0.0001	0.0001	0.0000	0.0119	0.0063	0.0056	0.0014	0.0014	0.0000	0.0105	0.0049	0.0056	0.0017	0.0000	0.3085	0.0000	0.0000	0.0000	0.3284	0.0000	0.9377	0.0644	0.1192	0.0030	0.5496	0.5535	0.3731	0.0005	0.0000	0.0010	
3	72	0.0759	3	1	1	1	0	0	0	0	0	N	N	N	N	N	N	N	N	N	N	N	N	85070.1292	0.0000	inf	1.5891	0.0000	inf	inf	inf	6.4509	0.0000	44.3137	0.0011	0.0000	0.0219	6.8365	0.0000	45.2312	0.0001	0.0001	0.0000	0.0007	0.0008	0.0000	0.0000	0.0000	0.0000	inf	0.0000	0.5371	-0.0000	1.9956	5.9987	2.0506	11.0016	0.9978	0.0000	0.9978	0.0000	0.0000	0.0000	0.9978	0.0000	0.9978	0.0000	0.0000	0.0000	0.0000	0.0000	0.0000	0.0000	0.0000	0.0000	0.1547	0.1322	0.0225	0.0087	0.0083	0.0005	0.1460	0.1239	0.0221	0.1308	0.0784	0.0524	0.0138	0.0120	0.0017	0.1171	0.0664	0.0507	85070.1292	0.0000	inf	1.5891	0.0000	inf	inf	0.0000	inf	0.0001	0.0001	0.0000	0.0007	0.0008	0.0000	0.0000	0.0000	0.0000	
3	73	0.0341	2	2	0	2	0	0	0	0	0	Y	N	Y	N	N	N	N	N	N	N	N	N	0.0024	inf	0.0000	0.0588	inf	0.0000	0.0000	0.0000	0.0002	0.0002	0.0000	0.0791	0.0797	0.0000	0.0000	0.0000	0.0000	0.0783	0.0000	0.2028	1.3451	0.0000	4.4913	0.0667	0.0000	0.1769	0.0000	inf	-0.0000	0.0025	1.9956	2.0000	2.0506	5.0000	0.0000	0.0000	0.0000	0.0000	0.0000	0.0000	0.0000	0.0000	0.0000	0.0053	0.0000	0.0053	0.0011	0.0000	0.0011	0.0043	0.0000	0.0043	0.0530	0.0450	0.0080	0.0001	0.0001	0.0000	0.0528	0.0448	0.0080	0.0682	0.0358	0.0324	0.0045	0.0041	0.0004	0.0637	0.0318	0.0319	0.0024	inf	0.0000	0.3253	inf	0.0000	0.0000	0.0000	0.0000	0.0783	0.0000	0.1650	0.2433	0.0000	2.5900	0.0667	0.0000	0.1330	
3	74	0.1177	5	1	1	1	0	0	0	0	0	N	N	N	N	N	N	N	N	N	N	N	N	0.0009	0.0311	0.0000	0.0304	0.1031	0.0000	0.0000	0.0000	0.0000	0.0001	0.0001	0.0000	0.0009	0.0010	0.0000	0.0000	0.0000	0.0000	0.0736	0.0024	0.2446	0.0309	0.0095	0.1774	0.0832	0.0000	0.2425	0.0000	47.2262	-0.0000	0.0053	1.9956	6.1274	2.0506	13.6208	0.0000	0.0000	0.0000	0.0000	0.0000	0.0000	0.0000	0.0000	0.0000	0.0120	0.0002	0.0117	0.0009	0.0002	0.0007	0.0111	0.0000	0.0111	0.1628	0.1393	0.0235	0.0111	0.0107	0.0005	0.1517	0.1286	0.0231	0.1628	0.1028	0.0600	0.0299	0.0261	0.0038	0.1329	0.0767	0.0562	0.0009	0.0311	0.0000	0.0304	0.1031	0.0000	0.0000	0.0000	0.0000	0.0736	0.0024	0.1956	0.0309	0.0095	0.1774	0.0832	0.0000	0.1968
3	75	0.1422	8	1	0	2	0	0	0	0	0	N	N	Y	N	N	N	N	N	N	N	N	N	0.0000	0.0000	0.0000	0.0000	0.0000	0.0000	0.0000	0.0000	0.0000	0.0000	0.0000	0.0000	0.0000	0.0000	0.0000	0.0000	0.0000	0.0000	0.0000	0.0000	1.9956	0.0000	2.0506	1.0003	0.0000	0.0000	0.0000	0.0000	0.0000	0.0000	0.0000	0.0000	0.0000	0.0000	0.0000	0.0000	0.0000	0.0000	0.0000	0.0000	0.0000	0.0000	0.0000	0.0000	0.0000	0.0000	0.0000	0.0000	0.0000	0.0000	0.0000	0.0103	0.0056	0.0047	0.0015	0.0013	0.0002	0.0087	0.0043	0.0045	0.0000	0.0000	0.0000	0.0000	0.0000	0.0000	0.0000	0.0000	0.0000	0.0000	0.0000	0.0000	0.0000	0.0000	0.0000	0.0000	0.0000	0.0000											
3	76	0.1381	7	1	0	2	0	0	0	0	0	N	N	Y	N	N	N	N	N	N	N	N	N	0.0000	0.0000	0.0000	0.0000	0.0000	0.0000	0.0000	0.0000	0.0000	0.0000	0.0000	0.0000	0.0000	0.0000	0.0000	0.0000	0.0000	0.0000	0.0000	0.0000	1.9956	0.0000	2.0506	1.0076	0.0000	0.0000	0.0000	0.0000	0.0000	0.0000	0.0000	0.0000	0.0000	0.0000	0.0000	0.0000	0.0000	0.0000	0.0000	0.0000	0.0000	0.0000	0.0000	0.0000	0.0000	0.0000	0.0000	0.0000	0.0000	0.0000	0.0000	0.0103	0.0056	0.0047	0.0014	0.0012	0.0002	0.0088	0.0043	0.0045	0.0000	0.0000	0.0000	0.0000	0.0000	0.0000	0.0000	0.0000	0.0000	0.0000	0.0000	0.0000	0.0000	0.0000	0.0000	0.0000	0.0000	0.0000											
3	77	0.1341	6	1	0	1	0	0	0	0	0	N	N	N	N	N	N	N	N	N	N	N	N	0.5173	0.0000	275.7514	0.0000	0.0000	80.8482	269.4837	0.0000	0.0000	0.0004	0.0000	0.0000	0.0000	0.0001	0.0000	0.0004	0.0001	0.0001	0.0000	0.0005	0.0006	0.0000	0.0000	0.0000	0.0000	inf	0.0085	0.0000	-0.0000	1.9956	0.0026	2.0506	0.9924	0.0000	0.0000	0.0000	0.0000	0.0000	0.0000	0.0000	0.0000	0.0000	0.0000	0.0000	0.0000	0.0000	0.0000	0.0000	0.0000	0.0000	0.0000	0.0002	0.0002	0.0000	0.0001	0.0001	0.0000	0.0001	0.0001	0.0000	0.0101	0.0055	0.0046	0.0014	0.0012	0.0002	0.0087	0.0043	0.0044	0.5173	0.0000	275.7514	0.0000	0.0000	0.0000	80.8482	0.0000	269.4837	0.0001	0.0001	0.0000	0.0005	0.0006	0.0000	0.0000	0.0000	0.0000		
3	78	0.1177	5	1	0	1	0	0	0	0	0	N	N	N	N	N	N	N	N	N	N	N	N	0.0004	0.0000	0.0009	0.0000	0.0000	0.0000	0.0004	0.0008	0.0001	0.0000	0.0008	0.0000	0.0000	0.0000	0.0001	0.0000	0.0008	0.3083	0.0072	0.9090	0.0782	0.0212	0.9438	0.2899	0.0000	0.9663	inf	49.2012	0.0000	0.0053	1.9956	2.8733	2.0506	1.5522	0.0000	0.0000	0.0000	0.0000	0.0000	0.0000	0.0000	0.0000	0.0000	0.0120	0.0002	0.0117	0.0009	0.0002	0.0007	0.0111	0.0000	0.0111	0.0818	0.0700	0.0118	0.0070	0.0067	0.0002	0.0748	0.0632	0.0116	0.0503	0.0333	0.0171	0.0122	0.0112	0.0010	0.0381	0.0220	0.0161	0.0005	0.0000	0.0012	0.0000	0.0000	0.0000	0.0004	0.0000	0.0012	0.2379	0.0072	0.6869	0.0752	0.0212	0.7084	0.2899	0.0000	0.6857	
3	79	0.1056	4	1	0	1	0	0	0	0	0	N	N	N	N	N	N	N	N	N	N	N	N	0.0006	0.0800	0.0000	0.0089	0.0492	0.0000	0.0000	0.0000	0.0000	0.0077	0.0089	0.0004	0.0345	0.0348	0.0000	0.0001	0.0000	0.0004	12.7161	0.1107	82.2517	3.8796	0.7067	75.6888	18.2133	0.0239	73.3561	0.0068	169.9189	-0.0000	0.3620	1.9956	0.2102	2.0506	3.4985	0.0001	0.0001	0.0000	0.0001	0.0001	0.0000	0.0000	0.0000	0.0000	0.7969	0.0047	0.7923	0.0094	0.0041	0.0053	0.7876	0.0005	0.7870	0.0091	0.0079	0.0012	0.0020	0.0020	0.0000	0.0071	0.0059	0.0012	0.0633	0.0421	0.0212	0.0201	0.0195	0.0006	0.0432	0.0227	0.0206	0.0006	0.0800	0.0000	0.0738	0.1644	0.0000	0.0000	0.0000	0.0000	12.5822	0.1107	37.3414	0.4673	0.2117	8.4049	18.2133	0.0239	38.2227
3	80	0.1366	6	1	1	1	0	0	0	0	0	N	N	N	N	N	N	N	N	N	N	N	N	0.0000	0.0000	0.0000	0.0000	0.0000	0.0000	0.0000	0.0000	0.0000	0.0000	0.0000	0.0000	0.0000	0.0000	0.0000	0.0000	0.0000	0.0000	0.0002	0.0002	0.0000	0.0008	0.0009	0.0001	0.0000	0.0000	0.0000	0.0621	0.0000	-0.0000	1.9956	2.0196	2.0506	6.0690	0.0000	0.0000	0.0000	0.0000	0.0000	0.0000	0.0000	0.0000	0.0000	0.0000	0.0000	0.0000	0.0000	0.0000	0.0000	0.0000	0.0000	0.0000	0.0548	0.0467	0.0081	0.0042	0.0039	0.0003	0.0505	0.0428	0.0078	0.0708	0.0443	0.0265	0.0134	0.0115	0.0020	0.0574	0.0328	0.0245	0.0000	0.0000	0.0000	0.0000	0.0000	0.0000	0.0000	0.0000	0.0000	0.0002	0.0002	0.0000	0.0008	0.0009	0.0001	0.0000	0.0000	0.0000	
3	81	0.1284	5	1	0	1	0	0	0	0	0	N	N	N	N	N	N	N	N	N	N	N	N	0.0000	0.0000	0.0000	0.0000	0.0000	0.0000	0.0000	0.0000	0.0000	0.0000	0.0000	0.0000	0.0000	0.0000	0.0000	0.0000	0.0000	0.0000	0.0001	0.0001	0.0000	0.0003	0.0003	0.0000	0.0001	0.0001	0.0000	0.0680	0.0000	-0.0000	1.9956	0.9876	2.0506	0.9833	0.0000	0.0000	0.0000	0.0000	0.0000	0.0000	0.0000	0.0000	0.0000	0.0000	0.0000	0.0000	0.0000	0.0000	0.0000	0.0000	0.0000	0.0000	0.0265	0.0226	0.0039	0.0016	0.0015	0.0001	0.0249	0.0211	0.0038	0.0176	0.0109	0.0067	0.0030	0.0025	0.0005	0.0146	0.0084	0.0062	0.0000	0.0000	0.0000	0.0000	0.0000	0.0000	0.0000	0.0000	0.0000	0.0001	0.0001	0.0000	0.0003	0.0003	0.0000	0.0001	0.0001	0.0000	
3	82	0.0624	3	2	0	2	0	0	0	0	0	Y	N	Y	N	N	N	N	N	N	N	N	N	5497.1418	inf	0.0000	inf	inf	5322.0216	inf	0.0000	0.0004	0.0004	0.0000	0.0000	0.0000	0.0000	0.0004	0.0005	0.0000	0.0000	0.0000	0.0000	0.0000	0.0000	0.0000	0.0000	0.0000	0.0000	0.0000	inf	-0.0000	0.0000	1.9956	1.0000	2.0506	2.9874	0.0000	0.0000	0.0000	0.0000	0.0000	0.0000	0.0000	0.0000	0.0000	0.0000	0.0000	0.0000	0.0000	0.0000	0.0000	0.0000	0.0000	0.0000	0.0269	0.0229	0.0040	0.0012	0.0012	0.0001	0.0257	0.0218	0.0040	0.0355	0.0215	0.0140	0.0027	0.0025	0.0002	0.0328	0.0190	0.0138	5497.1418	inf	0.0000	inf	inf	0.0000	5322.0216	inf	0.0000	0.0000	0.0000	0.0000	0.0000	0.0000	0.0000	0.0000	0.0000	0.0000	
3	83	0.0341	2	2	0	2	0	0	0	0	0	Y	N	Y	N	N	N	N	N	N	N	N	N	0.0028	6590.3116	0.0000	6.3981	267706.8110	0.0000	0.0000	0.0000	0.0004	0.0004	0.0000	0.1568	0.1580	0.0000	0.0000	0.0000	0.0000	0.1313	0.0000	0.3615	0.0245	0.0000	0.2609	0.1389	0.0000	0.3635	0.0000	3737499.9987	-0.0000	0.0041	1.9956	0.9997	2.0506	6.0128	0.0000	0.0000	0.0000	0.0000	0.0000	0.0000	0.0000	0.0000	0.0000	0.0090	0.0000	0.0090	0.0001	0.0000	0.0001	0.0089	0.0000	0.0089	0.0267	0.0227	0.0040	0.0001	0.0001	0.0000	0.0267	0.0226	0.0040	0.0683	0.0359	0.0324	0.0045	0.0041	0.0004	0.0638	0.0318	0.0320	0.0028	6590.3116	0.0000	6.3981	267706.8110	0.0000	0.0000	0.0000	0.0000	0.1313	0.0000	0.2767	0.0245	0.0000	0.2609	0.1389	0.0000	0.2769	
3	84	0.0759	3	1	1	1	1	0	0	0	0	N	N	N	N	N	N	N	N	N	N	N	N	0.0000	0.0001	0.0000	0.0000	0.0000	0.0000	0.0000	0.0000	0.0000	0.0001	0.0000	0.0009	0.0009	0.0000	0.0000	0.0000	0.0000	6.7482	0.4921	33.8320	20.4604	22.1791	0.1656	7.3593	0.0000	33.9258	0.0000	40.3633	-0.0000	0.4432	1.9956	8.0013	2.0506	12.0015	0.0000	0.0000	0.0000	0.0000	0.0000	0.0000	0.0000	0.0000	0.0000	1.0167	0.0246	0.9921	0.0249	0.0246	0.0003	0.9918	0.0000	0.9918	0.2025	0.1732	0.0293	0.0113	0.0107	0.0006	0.1912	0.1625	0.0287	0.1507	0.0903	0.0603	0.0159	0.0139	0.0020	0.1348	0.0764	0.0583	0.0000	0.0002	0.0000	0.0006	0.0005	0.0000	0.0000	0.0000	0.0000	6.7482	0.2721	16.4421	1.5670	1.7678	0.1656	7.3593	0.0000	16.9978	
3	85	0.1324	5	1	1	1	0	0	0	0	0	N	N	N	N	N	N	N	N	N	N	N	N	0.0000	0.0000	0.0000	0.0000	0.0000	0.0000	0.0000	0.0000	0.0000	0.0000	0.0000	0.0000	0.0000	0.0004	0.0007	0.0000	0.0026	0.0031	0.0000	0.0000	0.0000	0.0000	0.0000	0.0000	-0.0000	1.9956	1.0000	2.0506	6.9850	0.0000	0.0000	0.0000	0.0000	0.0000	0.0000	0.0000	0.0000	0.0000	0.0000	0.0000	0.0000	0.0000	0.0000	0.0000	0.0000	0.0000	0.0000	0.0269	0.0229	0.0040	0.0014	0.0013	0.0001	0.0255	0.0216	0.0039	0.0678	0.0417	0.0261	0.0115	0.0096	0.0019	0.0563	0.0321	0.0242	0.0000	0.0000	0.0000	0.0000	0.0000	0.0000	0.0000	0.0000	0.0000	0.0004	0.0007	0.0000	0.0026	0.0031	0.0000	0.0000	0.0000	0.0000						
3	86	0.1196	4	1	0	1	0	0	0	0	0	N	N	N	N	N	N	N	N	N	N	N	N	0.0000	0.0000	0.0000	0.0000	0.0000	0.0000	0.0000	0.0000	0.0000	0.0000	0.0000	0.0000	0.0000	0.0000	0.0000	0.0000	0.0000	0.0116	0.0000	0.0297	0.0112	0.0001	0.0685	0.0116	0.0000	0.0268	1515.4732	0.0000	0.0001	1.9956	1.0086	2.0506	2.0000	0.0000	0.0000	0.0000	0.0000	0.0000	0.0000	0.0000	0.0000	0.0000	0.0003	0.0000	0.0003	0.0000	0.0000	0.0000	0.0003	0.0000	0.0003	0.0274	0.0233	0.0040	0.0015	0.0014	0.0001	0.0259	0.0219	0.0040	0.0267	0.0163	0.0104	0.0045	0.0037	0.0007	0.0222	0.0126	0.0096	0.0000	0.0000	0.0000	0.0000	0.0000	0.0000	0.0000	0.0000	0.0000	0.0116	0.0000	0.0297	0.0112	0.0001	0.0685	0.0116	0.0000	0.0268		
3	87	0.0341	2	1	1	1	0	0	0	0	0	N	N	N	N	N	N	N	N	N	N	N	N	0.9932	0.6188	27.6138	25.1966	0.0001	0.0001	0.0000	0.0403	0.0406	0.0000	0.0000	0.0000	0.0000	0.0001	0.0002	0.0000	0.0015	0.0016	0.0000	0.0000	0.0000	0.0000	0.0000	0.0000	-0.0000	-0.0000	1.9956	4.0000	2.0506	7.0000	0.0000	0.0000	0.0000	0.0000	0.0000	0.0000	0.0000	0.0000	0.0000	0.0000	0.0000	0.0000	0.0000	0.0000	0.0000	0.0000	0.0000	0.0000	0.1039	0.0884	0.0156	0.0002	0.0002	0.0000	0.1037	0.0881	0.0156	0.1032	0.0547	0.0486	0.0069	0.0062	0.0006	0.0964	0.0485	0.0479	0.9932	0.6188	0.0000	27.6138	25.1966	0.0000	0.0000	0.0000	0.0000	0.0001	0.0002	0.0000	0.0015	0.0016	0.0000	0.0000	0.0000	0.0000					
3	89	0.1369	6	1	1	1	0	0	0	0	0	N	N	N	N	N	N	N	N	N	N	N	N	0.0000	0.0000	0.0000	0.0000	0.0000	0.0000	0.0000	0.0000	0.0000	0.0000	0.0000	0.0000	0.0000	0.0000	0.0000	0.0000	0.0000	0.0000	0.0067	0.0108	0.0000	0.0338	0.0412	0.0000	0.0000	0.0000	0.0000	0.0005	0.0000	-0.0003	1.9956	0.0157	2.0506	9.0253	0.0000	0.0000	0.0000	0.0000	0.0000	0.0000	0.0000	0.0000	0.0000	0.0005	0.0005	0.0000	0.0005	0.0005	0.0000	0.0000	0.0000	0.0000	0.0015	0.0013	0.0002	0.0006	0.0006	0.0000	0.0009	0.0007	0.0002	0.0771	0.0479	0.0292	0.0154	0.0126	0.0028	0.0618	0.0353	0.0264	0.0000	0.0000	0.0000	0.0000	0.0000	0.0000	0.0000	0.0000	0.0000	0.0067	0.0108	0.0000	0.0338	0.0412	0.0000	0.0000	0.0000	0.0000	
3	90	0.1284	5	1	1	1	0	0	0	0	0	N	N	N	N	N	N	N	N	N	N	N	N	0.0000	0.0000	0.0000	0.0000	0.0000	0.0000	0.0000	0.0000	0.0000	0.0000	0.0000	0.0000	0.0000	0.0000	0.0000	0.0000	0.0000	0.0001	0.0001	0.0000	0.0005	0.0006	0.0000	0.0000	0.0000	0.0000	0.0076	0.0000	-0.0000	1.9956	0.0169	2.0506	2.0013	0.0000	0.0000	0.0000	0.0000	0.0000	0.0000	0.0000	0.0000	0.0000	0.0000	0.0000	0.0000	0.0000	0.0000	0.0000	0.0000	0.0000	0.0000	0.0005	0.0004	0.0001	0.0001	0.0001	0.0000	0.0004	0.0004	0.0001	0.0180	0.0111	0.0068	0.0031	0.0026	0.0005	0.0149	0.0085	0.0063	0.0000	0.0000	0.0000	0.0000	0.0000	0.0000	0.0000	0.0000	0.0000	0.0001	0.0001	0.0000	0.0005	0.0006	0.0000	0.0000	0.0000	0.0000		
3	91	0.1196	4	1	0	1	0	0	0	0	0	N	N	N	N	N	N	N	N	N	N	N	N	0.0000	0.0000	0.0000	0.0000	0.0000	0.0000	0.0000	0.0000	0.0000	0.0000	0.0000	0.0000	0.0000	0.0000	0.0000	0.0000	0.0000	0.0168	0.0000	0.0431	0.0159	0.0000	0.1005	0.0169	0.0000	0.0389	16913.1938	0.0000	0.0001	1.9956	1.9923	2.0506	0.0454	0.0000	0.0000	0.0000	0.0000	0.0000	0.0000	0.0000	0.0000	0.0000	0.0003	0.0000	0.0003	0.0000	0.0000	0.0000	0.0003	0.0000	0.0003	0.0533	0.0454	0.0079	0.0028	0.0026	0.0001	0.0505	0.0428	0.0077	0.0184	0.0112	0.0071	0.0031	0.0026	0.0005	0.0152	0.0086	0.0066	0.0000	0.0000	0.0000	0.0000	0.0000	0.0000	0.0000	0.0000	0.0000	0.0168	0.0000	0.0431	0.0159	0.0000	0.1005	0.0169	0.0000	0.0389		
3	92	0.0759	3	1	0	1	0	0	0	0	0	N	N	N	N	N	N	N	N	N	N	N	N	0.0000	0.0004	0.0000	0.0002	0.0033	0.0000	0.0000	0.0000	0.0000	0.0000	0.0000	0.0000	0.0000	0.0000	0.0000	0.0000	0.0000	0.0000	12.5767	0.0014	71.2250	0.0413	0.0027	0.3138	13.6300	0.0012	68.8711	0.0000	14198.1048	-0.0000	0.4563	1.9956	1.0098	2.0506	9.0196	0.0000	0.0000	0.0000	0.0000	0.0000	0.0000	0.0000	0.0000	0.0000	0.9919	0.0001	0.9918	0.0004	0.0000	0.0003	0.9915	0.0000	0.9915	0.0274	0.0234	0.0040	0.0016	0.0015	0.0001	0.0258	0.0218	0.0040	0.0812	0.0486	0.0326	0.0085	0.0074	0.0011	0.0727	0.0412	0.0315	0.0000	0.0004	0.0000	0.0002	0.0033	0.0000	0.0000	0.0000	0.0000	12.2126	0.0014	30.4436	0.0413	0.0027	0.3138	13.6300	0.0012	31.4485
3	93	0.1726	8	2	1	1	1	0	0	0	0	Y	N	N	N	N	N	N	N	N	N	N	N	0.0000	0.0000	0.0000	0.0000	0.0000	0.0000	0.0000	0.0000	0.0000	0.0000	0.0000	0.0000	0.0000	0.0000	0.0000	0.0000	0.0000	0.0000	0.0000	0.0000	1.9956	0.0000	2.0506	0.0000	0.0000	0.0000	0.0000	0.0000	0.0000	0.0000	0.0000	0.0000	0.0000	0.0000	0.0000	0.0000	0.0000	0.0000	0.0000	0.0000	0.0000	0.0000	0.0000	0.0000	0.0000	0.0000	0.0000	0.0000	0.0000	0.0000	0.0000	0.0000	0.0000	0.0000	0.0000	0.0000	0.0000	0.0000	0.0000	0.0000	0.0000	0.0000	0.0000	0.0000	0.0000	0.0000	0.0000	0.0000	0.0000	0.0000	0.0000	0.0000	0.0000	0.0000	0.0000	0.0000	0.0000	0.0000											
3	94	0.1726	7	2	1	1	1	0	0	0	0	Y	N	N	N	N	N	N	N	N	N	N	N	0.0000	0.0000	0.0000	0.0000	0.0000	0.0000	0.0000	0.0000	0.0000	0.0000	0.0000	0.0000	0.0000	0.0001	0.0000	0.0006	0.0002	0.0000	0.0211	0.0000	0.0000	0.0000	inf	0.0000	0.0000	1.9956	0.0000	2.0506	0.0001	0.0000	0.0000	0.0000	0.0000	0.0000	0.0000	0.0000	0.0000	0.0000	0.0000	0.0000	0.0000	0.0000	0.0000	0.0000	0.0000	0.0000	0.0000	0.0000	0.0000	0.0000	0.0000	0.0000	0.0000	0.0000	0.0000	0.0000	0.0000	0.0000	0.0000	0.0000	0.0000	0.0000	0.0000	0.0000	0.0000	0.0000	0.0000	0.0000	0.0000	0.0000	0.0000	0.0000	0.0000	0.0000	0.0001	0.0000	0.0006	0.0002	0.0000	0.0211	0.0000	0.0000	0.0000						
3	95	0.1547	6	1	1	1	1	0	0	0	0	N	N	N	N	N	N	N	N	N	N	N	N	0.4810	0.0000	11109.1240	0.0000	0.0000	57.0886	0.0000	11695.1171	0.0004	0.0000	0.0025	0.0000	0.0000	0.0000	0.0004	0.0000	0.0026	0.0007	0.0012	0.0000	0.0043	0.0048	0.0000	0.0000	0.0000	0.0000	inf	0.0001	0.0000	-0.0000	1.9956	0.9845	2.0506	0.9903	0.0000	0.0000	0.0000	0.0000	0.0000	0.0000	0.0000	0.0000	0.0000	0.0000	0.0000	0.0000	0.0000	0.0000	0.0000	0.0000	0.0000	0.0000	0.0276	0.0236	0.0040	0.0031	0.0029	0.0001	0.0245	0.0207	0.0038	0.0179	0.0112	0.0067	0.0031	0.0027	0.0003	0.0148	0.0084	0.0064	0.4810	0.0000	11109.1240	0.0000	0.0000	0.0000	57.0886	0.0000	11695.1171	0.0007	0.0012	0.0000	0.0043	0.0048	0.0000	0.0000	0.0000	0.0000	
3	96	0.1519	6	1	1	1	0	0	0	0	0	N	N	N	N	N	N	N	N	N	N	N	N	0.0001	0.0001	0.0000	0.0003	0.0003	0.0000	0.0000	0.0000	0.0000	0.0000	0.0000	0.0000	0.0000	0.0000	0.0000	0.0000	0.0000	0.0006	0.0008	0.0000	0.0017	0.0020	0.0000	0.0000	0.0000	0.0000	0.0000	0.0071	-0.0000	-0.0000	1.9956	1.0063	2.0506	3.7812	0.0000	0.0000	0.0000	0.0000	0.0000	0.0000	0.0000	0.0000	0.0000	0.0000	0.0000	0.0000	0.0000	0.0000	0.0000	0.0000	0.0000	0.0000	0.0276	0.0236	0.0040	0.0022	0.0020	0.0001	0.0254	0.0215	0.0039	0.0634	0.0417	0.0217	0.0200	0.0175	0.0024	0.0434	0.0242	0.0193	0.0001	0.0001	0.0000	0.0003	0.0003	0.0000	0.0000	0.0000	0.0000	0.0006	0.0008	0.0000	0.0017	0.0020	0.0000	0.0000	0.0000	0.0000	
3	97	0.1547	6	1	0	2	1	0	0	0	0	N	N	Y	N	N	N	N	N	N	N	N	N	0.0083	0.0061	0.0130	0.0121	0.0000	0.0000	0.0000	0.0000	0.0000	0.0001	0.0001	0.0000	0.0000	0.0000	0.0000	0.0007	0.0012	0.0000	0.0042	0.0047	0.0000	0.0000	0.0000	0.0000	0.0000	0.0000	-0.0000	-0.0000	1.9956	1.0165	2.0506	1.0129	0.0000	0.0000	0.0000	0.0000	0.0000	0.0000	0.0000	0.0000	0.0000	0.0000	0.0000	0.0000	0.0000	0.0000	0.0000	0.0000	0.0000	0.0000	0.0284	0.0243	0.0041	0.0031	0.0030	0.0001	0.0253	0.0213	0.0040	0.0184	0.0114	0.0069	0.0031	0.0028	0.0003	0.0152	0.0087	0.0066	0.0083	0.0061	0.0000	0.0130	0.0121	0.0000	0.0000	0.0000	0.0000	0.0007	0.0012	0.0000	0.0042	0.0047	0.0000	0.0000	0.0000	0.0000			
3	98	0.1418	5	1	0	1	1	0	0	0	0	N	N	N	N	N	N	N	N	N	N	N	N	0.0000	0.0000	2.4167	0.0000	0.0000	0.0000	0.0011	0.0000	inf	0.0000	0.0000	0.0000	0.0000	0.0000	0.0000	0.0000	0.0000	0.0000	0.5136	1.3561	0.0000	34.7461	37.5819	0.0001	0.0032	0.0056	0.0000	2.6098	0.0000	0.0000	-0.0048	1.9956	2.0241	2.0506	1.0265	0.0000	0.0000	0.0000	0.0000	0.0000	0.0000	0.0000	0.0000	0.0000	0.0090	0.0090	0.0000	0.0089	0.0089	0.0000	0.0001	0.0001	0.0000	0.0551	0.0470	0.0080	0.0044	0.0042	0.0002	0.0506	0.0428	0.0078	0.0264	0.0162	0.0102	0.0043	0.0036	0.0007	0.0221	0.0126	0.0096	0.0000	0.0000	2.4167	0.0000	0.0000	0.0000	0.0011	0.0000	inf	0.3393	0.5538	0.0000	2.0866	2.4770	0.0001	0.0032	0.0056	0.0000
3	99	0.1418	5	1	0	2	1	0	0	0	0	N	N	Y	N	N	N	N	N	N	N	N	N	inf	inf	inf	inf	0.0000	0.0000	0.0000	0.0000	0.0000	0.0000	0.0000	0.0000	0.0000	0.0000	0.0000	0.0000	0.0000	0.0000	0.0000	0.0000	0.0000	0.0000	0.0000	-0.0000	0.0000	1.9956	3.0066	2.0506	0.0000	0.0000	0.0000	0.0000	0.0000	0.0000	0.0000	0.0000	0.0000	0.0000	0.0000	0.0000	0.0000	0.0000	0.0000	0.0000	0.0000	0.0000	0.0000	0.0807	0.0690	0.0117	0.0064	0.0060	0.0003	0.0744	0.0630	0.0114	0.0260	0.0159	0.0101	0.0042	0.0035	0.0007	0.0218	0.0124	0.0094	inf	inf	0.0000	inf	inf	0.0000	0.0000	0.0000	0.0000	0.0000	0.0000	0.0000	0.0000	0.0000	0.0000	0.0000	0.0000	0.0000						
3	100	0.1675	5	1	0	2	1	0	0	0	0	N	N	Y	N	N	N	N	N	N	N	N	N	0.0000	0.0000	0.0000	0.0000	0.0000	0.0000	0.0000	0.0000	0.0000	0.0000	0.0000	0.0000	0.0000	0.0000	0.0000	0.0000	0.0000	0.0000	0.0000	0.0000	1.9956	0.0000	2.0506	2.0000	0.0000	0.0000	0.0000	0.0000	0.0000	0.0000	0.0000	0.0000	0.0000	0.0000	0.0000	0.0000	0.0000	0.0000	0.0000	0.0000	0.0000	0.0000	0.0000	0.0000	0.0000	0.0000	0.0000	0.0000	0.0000	0.0000	0.0000	0.0168	0.0102	0.0066	0.0028	0.0024	0.0005	0.0140	0.0078	0.0062	0.0000	0.0000	0.0000	0.0000	0.0000	0.0000	0.0000	0.0000	0.0000	0.0000	0.0000	0.0000	0.0000	0.0000	0.0000	0.0000	0.0000	0.0000											
3	101	0.1284	4	1	0	2	1	0	0	0	0	N	N	Y	N	N	N	N	N	N	N	N	N	0.0000	0.0001	0.0000	0.0003	0.0005	0.0000	0.0000	0.0000	0.0000	0.0000	0.0000	0.0000	0.0000	0.0000	0.0000	0.0000	0.0000	0.0000	0.0159	0.0018	0.0384	0.0045	0.0027	0.0156	0.0184	0.0014	0.0399	0.0000	13.8259	-0.0000	0.0005	1.9956	5.8899	2.0506	3.1847	0.0000	0.0000	0.0000	0.0000	0.0000	0.0000	0.0000	0.0000	0.0000	0.0013	0.0001	0.0012	0.0001	0.0000	0.0000	0.0012	0.0001	0.0012	0.1589	0.1360	0.0229	0.0155	0.0144	0.0011	0.1434	0.1215	0.0219	0.0801	0.0491	0.0310	0.0141	0.0121	0.0019	0.0660	0.0370	0.0290	0.0000	0.0001	0.0000	0.0003	0.0005	0.0000	0.0000	0.0000	0.0000	0.0159	0.0018	0.0384	0.0045	0.0027	0.0156	0.0184	0.0014	0.0399
3	102	0.1752	4	2	1	1	0	0	0	0	0	Y	N	N	N	N	N	N	N	N	N	N	N	0.0000	0.0000	0.0000	0.0000	0.0000	0.0000	0.0000	0.0000	0.0000	0.0000	0.0000	0.0000	0.0000	0.0000	0.0000	0.0000	0.0000	0.0000	0.0000	0.0000	1.9956	0.0000	2.0506	0.0000	0.0000	0.0000	0.0000	0.0000	0.0000	0.0000	0.0000	0.0000	0.0000	0.0000	0.0000	0.0000	0.0000	0.0000	0.0000	0.0000	0.0000	0.0000	0.0000	0.0000	0.0000	0.0000	0.0000	0.0000	0.0000	0.0000	0.0000	0.0000	0.0000	0.0000	0.0000	0.0000	0.0000	0.0000	0.0000	0.0000	0.0000	0.0000	0.0000	0.0000	0.0000	0.0000	0.0000	0.0000	0.0000	0.0000	0.0000	0.0000	0.0000	0.0000	0.0000	0.0000	0.0000	0.0000											
3	103	0.0759	3	2	1	1	0	0	0	0	0	Y	N	N	N	N	N	N	N	N	N	N	N	0.4056	0.2843	0.7664	0.7071	0.0000	0.0001	0.0000	0.0009	0.0009	0.0000	0.0000	0.0000	0.0000	0.0001	0.0002	0.0000	0.0012	0.0013	0.0000	0.0000	0.0000	0.0000	0.0000	0.0000	-0.0000	-0.0000	1.9956	8.0012	2.0506	14.0016	0.0000	0.0000	0.0000	0.0000	0.0000	0.0000	0.0000	0.0000	0.0000	0.0000	0.0000	0.0000	0.0000	0.0000	0.0000	0.0000	0.0000	0.0000	0.2025	0.1732	0.0293	0.0113	0.0107	0.0006	0.1912	0.1625	0.0287	0.1634	0.0980	0.0654	0.0173	0.0151	0.0022	0.1461	0.0829	0.0632	0.4056	0.2843	0.0000	0.7664	0.7071	0.0000	0.0000	0.0000	0.0000	0.0001	0.0002	0.0000	0.0012	0.0013	0.0000	0.0000	0.0000	0.0000					
3	104	0.1389	4	1	1	1	0	0	0	0	0	N	N	N	N	N	N	N	N	N	N	N	N	0.0000	0.0000	0.0000	0.0000	0.0000	0.0000	0.0000	0.0000	0.0000	0.0000	0.0000	0.0000	0.0000	0.0000	0.0000	0.0000	0.0000	0.0000	0.0010	0.0006	0.0015	0.0019	0.0022	0.0008	0.0007	0.0000	0.0016	1.6230	0.0000	0.0000	1.9956	2.0010	2.0506	1.0153	0.0000	0.0000	0.0000	0.0000	0.0000	0.0000	0.0000	0.0000	0.0000	0.0000	0.0000	0.0000	0.0000	0.0000	0.0000	0.0000	0.0000	0.0000	0.0532	0.0454	0.0078	0.0030	0.0029	0.0002	0.0502	0.0425	0.0077	0.0273	0.0169	0.0104	0.0057	0.0046	0.0012	0.0216	0.0123	0.0093	0.0000	0.0000	0.0000	0.0000	0.0000	0.0000	0.0000	0.0000	0.0000	0.0010	0.0006	0.0015	0.0019	0.0022	0.0008	0.0007	0.0000	0.0016	
3	105	0.0759	3	1	1	1	0	0	0	0	0	N	N	N	N	N	N	N	N	N	N	N	N	0.0000	0.0006	0.0000	0.0003	0.0031	0.0000	0.0000	0.0000	0.0000	0.0000	0.0000	0.0000	0.0000	0.0000	0.0000	0.0000	0.0000	0.0000	0.0812	0.0003	0.2511	0.0104	0.0010	0.0761	0.0895	0.0002	0.2521	0.0000	422.9693	-0.0000	0.0041	1.9956	3.0162	2.0506	11.0438	0.0000	0.0000	0.0000	0.0000	0.0000	0.0000	0.0000	0.0000	0.0000	0.0090	0.0000	0.0090	0.0001	0.0000	0.0001	0.0089	0.0000	0.0088	0.0800	0.0683	0.0118	0.0046	0.0043	0.0002	0.0755	0.0639	0.0115	0.1105	0.0662	0.0443	0.0116	0.0101	0.0014	0.0990	0.0561	0.0429	0.0000	0.0006	0.0000	0.0003	0.0031	0.0000	0.0000	0.0000	0.0000	0.0812	0.0003	0.2021	0.0104	0.0010	0.0761	0.0895	0.0002	0.2063
3	106	0.1768	8	2	1	1	0	0	0	0	0	Y	N	N	N	N	N	N	N	N	N	N	N	0.0000	0.0000	0.0000	0.0000	0.0000	0.0000	0.0000	0.0000	0.0000	0.0000	0.0000	0.0000	0.0000	0.0000	0.0000	0.0000	0.0000	0.0000	0.0000	0.0000	1.9956	1.0000	2.0506	1.0000	0.0000	0.0000	0.0000	0.0000	0.0000	0.0000	0.0000	0.0000	0.0000	0.0000	0.0000	0.0000	0.0000	0.0000	0.0000	0.0000	0.0000	0.0000	0.0272	0.0232	0.0040	0.0020	0.0019	0.0001	0.0252	0.0213	0.0039	0.0179	0.0116	0.0063	0.0062	0.0051	0.0011	0.0117	0.0065	0.0052	0.0000	0.0000	0.0000	0.0000	0.0000	0.0000	0.0000	0.0000	0.0000	0.0000	0.0000	0.0000	0.0000	0.0000	0.0000	0.0000	0.0000	0.0000											
3	107	0.1726	7	2	1	1	0	0	0	0	0	Y	N	N	N	N	N	N	N	N	N	N	N	0.0000	0.0000	0.0000	0.0000	0.0000	0.0000	0.0000	0.0000	0.0000	0.0000	0.0000	0.0000	0.0000	0.0011	0.0018	0.0000	0.0039	0.0047	0.0000	0.0000	0.0000	0.0000	0.0000	0.0000	-0.0000	1.9956	0.0000	2.0506	0.9999	0.0000	0.0000	0.0000	0.0000	0.0000	0.0000	0.0000	0.0000	0.0000	0.0000	0.0000	0.0000	0.0000	0.0000	0.0000	0.0000	0.0000	0.0000	0.0000	0.0000	0.0000	0.0000	0.0000	0.0000	0.0000	0.0000	0.0000	0.0090	0.0057	0.0033	0.0026	0.0021	0.0005	0.0064	0.0036	0.0028	0.0000	0.0000	0.0000	0.0000	0.0000	0.0000	0.0000	0.0000	0.0000	0.0011	0.0018	0.0000	0.0039	0.0047	0.0000	0.0000	0.0000	0.0000						
3	108	0.1519	6	2	1	1	0	0	0	0	0	Y	N	N	N	N	N	N	N	N	N	N	N	0.0060	0.0046	0.0000	0.0085	0.0075	0.0000	0.0000	0.0000	0.0000	0.0000	0.0000	0.0000	0.0000	0.0000	0.0000	0.0000	0.0000	0.0000	0.0004	0.0006	0.0000	0.0011	0.0013	0.0000	0.0001	0.0002	0.0000	0.0000	0.0121	-0.0000	-0.0000	1.9956	0.0100	2.0506	4.8896	0.0000	0.0000	0.0000	0.0000	0.0000	0.0000	0.0000	0.0000	0.0000	0.0000	0.0000	0.0000	0.0000	0.0000	0.0000	0.0000	0.0000	0.0000	0.0005	0.0004	0.0001	0.0001	0.0001	0.0000	0.0004	0.0003	0.0001	0.0643	0.0422	0.0221	0.0201	0.0176	0.0025	0.0442	0.0246	0.0196	0.0060	0.0046	0.0000	0.0085	0.0075	0.0000	0.0000	0.0000	0.0000	0.0004	0.0006	0.0000	0.0011	0.0013	0.0000	0.0001	0.0002	0.0000
3	109	0.1418	5	1	1	1	0	0	0	0	0	N	N	N	N	N	N	N	N	N	N	N	N	0.0028	0.0020	inf	0.0116	0.0103	0.0001	0.0000	inf	0.0000	0.0000	0.0000	0.0000	0.0000	0.0000	0.0000	0.0000	0.0000	0.0009	0.0014	0.0000	0.0024	0.0029	0.0000	0.0006	0.0010	0.0000	0.0195	0.0000	-0.0000	-0.0000	1.9956	1.0007	2.0506	1.4004	0.0000	0.0000	0.0000	0.0000	0.0000	0.0000	0.0000	0.0000	0.0000	0.0000	0.0000	0.0000	0.0000	0.0000	0.0000	0.0000	0.0000	0.0000	0.0278	0.0237	0.0040	0.0024	0.0022	0.0001	0.0254	0.0215	0.0039	0.0209	0.0128	0.0081	0.0034	0.0028	0.0005	0.0175	0.0100	0.0076	0.0028	0.0020	inf	0.0116	0.0103	0.0000	0.0001	0.0000	inf	0.0009	0.0014	0.0000	0.0024	0.0029	0.0000	0.0006	0.0010	0.0000	
3	110	0.1284	4	1	0	1	0	0	0	0	0	N	N	N	N	N	N	N	N	N	N	N	N	0.0001	0.0003	0.0003	0.0004	0.0006	0.0000	0.0001	0.0000	0.0003	0.0000	0.0000	0.0000	0.0000	0.0000	0.0000	0.0000	0.0000	0.0000	0.0392	0.0047	0.1164	0.0102	0.0066	0.0384	0.0471	0.0038	0.1272	3.7557	12.5241	0.0000	0.0005	1.9956	0.3039	2.0506	2.8719	0.0000	0.0000	0.0000	0.0000	0.0000	0.0000	0.0000	0.0000	0.0000	0.0013	0.0001	0.0012	0.0001	0.0000	0.0000	0.0012	0.0001	0.0012	0.0148	0.0126	0.0022	0.0049	0.0044	0.0005	0.0098	0.0082	0.0017	0.0328	0.0203	0.0124	0.0070	0.0062	0.0008	0.0257	0.0141	0.0116	0.0001	0.0003	0.0003	0.0004	0.0006	0.0000	0.0001	0.0000	0.0004	0.0392	0.0047	0.0957	0.0102	0.0066	0.0384	0.0471	0.0038	0.0996
3	111	0.0759	3	1	0	1	0	0	0	0	0	N	N	N	N	N	N	N	N	N	N	N	N	0.0000	0.0006	0.0000	0.1233	0.1327	0.0000	0.0000	0.0000	0.0000	0.0001	0.0001	0.0000	0.0017	0.0018	0.0000	0.0000	0.0000	0.0000	10.8621	0.1832	60.0537	0.0141	0.0139	0.0160	11.7306	0.1824	51.8019	0.0010	110.9616	-0.0000	0.4539	1.9956	3.8240	2.0506	8.1760	0.0000	0.0000	0.0000	0.0000	0.0000	0.0000	0.0000	0.0000	0.0000	1.0062	0.0090	0.9972	0.0001	0.0001	0.0000	1.0060	0.0089	0.9972	0.1007	0.0859	0.0148	0.0057	0.0054	0.0003	0.0949	0.0805	0.0145	0.0958	0.0574	0.0384	0.0100	0.0088	0.0012	0.0858	0.0486	0.0372	0.0000	0.0007	0.0000	0.1233	0.1327	0.0000	0.0000	0.0000	0.0000	10.5058	0.1567	25.9645	0.0141	0.0139	0.0160	11.7306	0.1824	26.8341
3	115	0.2686	6	1	0	1	0	0	0	0	0	N	N	N	N	N	N	N	N	N	N	N	N	22.5122	0.0041	30405.4767	0.0196	0.0035	1207.4003	295.5848	0.0000	30106.4864	3.6744	0.0014	28.0264	0.0385	0.0077	0.9436	4.3847	0.0000	29.1851	0.1632	0.3398	0.0009	1.9610	2.2250	0.0008	0.0148	0.0243	0.0010	3007.8999	0.0017	0.5168	-0.0257	1.9956	8.9918	2.0506	13.3277	0.9607	0.0003	0.9604	0.0016	0.0003	0.0013	0.9591	0.0000	0.9591	0.0478	0.0477	0.0001	0.0454	0.0454	0.0000	0.0024	0.0023	0.0001	0.2615	0.2272	0.0343	0.0427	0.0413	0.0014	0.2187	0.1859	0.0329	0.3150	0.2282	0.0868	0.1557	0.1337	0.0220	0.1593	0.0945	0.0648	24.2396	0.0067	30405.4767	0.1321	0.0228	1207.4003	295.5848	0.0000	30106.4864	0.1516	0.2089	0.0009	0.2915	0.3394	0.0008	0.0148	0.0243	0.0010
4	5	0.0823	5	0	1	1	1	0	0	0	0	N	N	N	N	N	N	N	N	N	N	N	N	0.0000	0.0000	0.0000	0.0000	0.0000	0.0000	0.0000	0.0000	0.0000	0.0000	0.0000	0.0000	0.0000	0.0000	0.0000	0.0001	0.0000	0.0002	0.0012	0.0000	0.0090	0.0000	0.0000	0.0000	inf	0.0000	0.0000	3.9843	1.0000	1.0588	0.0005	0.0000	0.0000	0.0000	0.0000	0.0000	0.0000	0.0000	0.0000	0.0000	0.0000	0.0000	0.0000	0.0000	0.0000	0.0000	0.0000	0.0000	0.0000	0.0532	0.0452	0.0080	0.0010	0.0010	0.0000	0.0522	0.0442	0.0080	0.0115	0.0066	0.0050	0.0009	0.0007	0.0001	0.0107	0.0058	0.0049	0.0000	0.0000	0.0000	0.0000	0.0000	0.0000	0.0000	0.0000	0.0000	0.0001	0.0000	0.0002	0.0012	0.0000	0.0090	0.0000	0.0000	0.0000				
4	6	0.1244	5	1	2	0	0	0	0	0	0	N	Y	N	N	N	N	N	N	N	N	N	N	inf	inf	inf	inf	inf	inf	9.5541	0.0000	65.1538	0.0032	0.0000	0.0690	10.1656	0.0000	66.4087	0.0000	0.0000	0.0000	0.0000	0.0000	0.0000	0.0000	0.0000	0.0000	inf	0.5373	0.0000	3.9843	2.0000	1.0588	1.0000	0.9982	0.0000	0.9982	0.0000	0.0000	0.0000	0.9981	0.0000	0.9981	0.0000	0.0000	0.0000	0.0000	0.0000	0.0000	0.0000	0.0000	0.0000	0.1045	0.0892	0.0153	0.0063	0.0060	0.0003	0.0982	0.0832	0.0150	0.0313	0.0190	0.0123	0.0043	0.0033	0.0009	0.0270	0.0157	0.0113	inf	0.0000	inf	inf	0.0000	inf	inf	0.0000	inf	0.0000	0.0000	0.0000	0.0000	0.0000	0.0000	0.0000	0.0000	0.0000				
4	7	0.1583	8	1	1	1	0	0	0	0	0	N	N	N	N	N	N	N	N	N	N	N	N	0.0000	0.0000	0.0000	0.0000	0.0000	0.0000	0.0000	0.0000	0.0000	0.0000	0.0000	0.0000	0.0000	0.0000	0.0000	1.9935	0.0000	4.9300	0.0643	0.0000	0.3298	1.9085	0.0000	5.3570	inf	0.0000	0.0148	3.9843	0.0000	1.0588	2.0000	0.0000	0.0000	0.0000	0.0000	0.0000	0.0000	0.0000	0.0000	0.0000	0.0321	0.0000	0.0321	0.0003	0.0000	0.0003	0.0319	0.0000	0.0319	0.0000	0.0000	0.0000	0.0000	0.0000	0.0000	0.0000	0.0000	0.0000	0.0209	0.0131	0.0078	0.0042	0.0034	0.0008	0.0167	0.0098	0.0069	0.0000	0.0000	0.0000	0.0000	0.0000	0.0000	0.0000	0.0000	0.0000	1.5377	0.0000	4.1459	0.0643	0.0000	0.3278	1.9085	0.0000	4.5998				
4	8	0.1793	9	1	2	0	1	0	0	0	0	N	Y	N	N	N	N	N	N	N	N	N	N	0.0000	0.0000	0.0000	0.0000	0.0000	0.0000	0.0000	0.0000	0.0000	0.0000	0.0000	0.0000	0.0000	0.0000	0.0000	0.0000	0.0000	0.0000	0.0000	0.0000	3.9843	0.0000	1.0588	1.0000	0.0000	0.0000	0.0000	0.0000	0.0000	0.0000	0.0000	0.0000	0.0000	0.0000	0.0000	0.0000	0.0000	0.0000	0.0000	0.0000	0.0000	0.0000	0.0000	0.0000	0.0000	0.0000	0.0000	0.0000	0.0000	0.0000	0.0000	0.0115	0.0070	0.0045	0.0035	0.0028	0.0007	0.0080	0.0043	0.0038	0.0000	0.0000	0.0000	0.0000	0.0000	0.0000	0.0000	0.0000	0.0000	0.0000	0.0000	0.0000	0.0000	0.0000	0.0000	0.0000	0.0000	0.0000											
4	9	0.1541	7	1	1	1	0	0	0	0	0	N	N	N	N	N	N	N	N	N	N	N	N	0.0000	0.0000	0.0000	0.0000	0.0000	0.0000	0.0000	0.0000	0.0000	0.0000	0.0000	0.0000	0.0000	0.0000	0.0000	0.0000	0.0000	0.0525	0.0816	0.0036	1.3876	1.8567	0.0000	0.0017	0.0000	0.0041	0.0264	0.0000	-0.0017	3.9843	1.9984	1.0588	4.0415	0.0000	0.0000	0.0000	0.0000	0.0000	0.0000	0.0000	0.0000	0.0000	0.0033	0.0032	0.0001	0.0032	0.0032	0.0000	0.0001	0.0000	0.0001	0.1046	0.0893	0.0153	0.0064	0.0061	0.0003	0.0982	0.0832	0.0150	0.0624	0.0392	0.0233	0.0130	0.0105	0.0025	0.0495	0.0287	0.0208	0.0000	0.0000	0.0000	0.0000	0.0000	0.0000	0.0000	0.0000	0.0000	0.0525	0.0816	0.0036	0.2461	0.3040	0.0000	0.0017	0.0000	0.0041		
4	10	0.1489	9	0	1	1	0	0	0	0	0	N	N	N	N	N	N	N	N	N	N	N	N	0.0000	0.0000	0.0000	0.0000	0.0000	0.0000	0.0000	0.0000	0.0000	0.0000	0.0000	0.0000	0.0000	0.0007	0.0012	0.0000	0.0082	0.0099	0.0000	0.0000	0.0000	0.0000	0.0000	0.0000	-0.0000	3.9843	0.0000	1.0588	2.0012	0.0000	0.0000	0.0000	0.0000	0.0000	0.0000	0.0000	0.0000	0.0000	0.0000	0.0000	0.0000	0.0000	0.0000	0.0000	0.0000	0.0000	0.0000	0.0000	0.0000	0.0000	0.0000	0.0000	0.0000	0.0000	0.0000	0.0000	0.0222	0.0133	0.0089	0.0020	0.0017	0.0003	0.0202	0.0116	0.0086	0.0000	0.0000	0.0000	0.0000	0.0000	0.0000	0.0000	0.0000	0.0000	0.0007	0.0012	0.0000	0.0082	0.0099	0.0000	0.0000	0.0000	0.0000						
4	11	0.0384	3	0	1	1	0	0	0	0	0	N	N	N	N	N	N	N	N	N	N	N	N	0.0131	0.0088	0.0000	0.0213	0.0189	0.0000	0.0000	0.0000	0.0000	0.0002	0.0002	0.0000	0.0114	0.0119	0.0000	0.0000	0.0000	0.0000	0.0146	0.0255	0.0000	0.5336	0.6293	0.0001	0.0000	0.0000	0.0000	0.0000	0.0013	-0.0000	-0.0011	3.9843	5.0149	1.0588	7.0912	0.0000	0.0000	0.0000	0.0000	0.0000	0.0000	0.0000	0.0000	0.0000	0.0020	0.0020	0.0000	0.0020	0.0020	0.0000	0.0000	0.0000	0.0000	0.2584	0.2201	0.0383	0.0043	0.0042	0.0002	0.2540	0.2159	0.0381	0.1341	0.0768	0.0573	0.0108	0.0095	0.0013	0.1233	0.0673	0.0560	0.0131	0.0088	0.0000	0.0629	0.0577	0.0000	0.0000	0.0000	0.0000	0.0146	0.0255	0.0000	0.1811	0.2056	0.0001	0.0000	0.0000	0.0000
4	12	0.1244	5	1	2	0	0	0	0	0	0	N	Y	N	N	N	N	N	N	N	N	N	N	51646.2105	36788.4390	2.3732	1.9325	inf	inf	6.4297	7.5304	0.0000	0.0021	0.0022	0.0000	6.8407	8.0722	0.0000	0.0001	0.0002	0.0000	0.0009	0.0012	0.0000	0.0000	0.0000	0.0000	0.0000	0.0000	-0.4609	-0.0000	3.9843	3.0000	1.0588	5.0000	0.9982	0.9982	0.0000	0.0000	0.0000	0.0000	0.9981	0.9981	0.0000	0.0000	0.0000	0.0000	0.0000	0.0000	0.0000	0.0000	0.0000	0.0000	0.1552	0.1326	0.0227	0.0093	0.0089	0.0004	0.1459	0.1237	0.0223	0.0803	0.0489	0.0315	0.0111	0.0086	0.0025	0.0693	0.0403	0.0290	51646.2105	36788.4390	0.0000	2.3732	1.9325	0.0000	inf	inf	0.0000	0.0001	0.0002	0.0000	0.0009	0.0012	0.0000	0.0000	0.0000	0.0000			
4	13	0.1741	6	0	1	1	1	0	0	0	0	N	N	N	N	N	N	N	N	N	N	N	N	0.0000	0.0000	0.0000	0.0000	0.0000	0.0000	0.0000	0.0000	0.0000	0.0000	0.0000	0.0000	0.0000	0.0000	0.0000	0.0000	0.0000	0.0000	0.0000	0.0000	3.9843	0.0000	1.0588	0.0000	0.0000	0.0000	0.0000	0.0000	0.0000	0.0000	0.0000	0.0000	0.0000	0.0000	0.0000	0.0000	0.0000	0.0000	0.0000	0.0000	0.0000	0.0000	0.0000	0.0000	0.0000	0.0000	0.0000	0.0000	0.0000	0.0000	0.0000	0.0000	0.0000	0.0000	0.0000	0.0000	0.0000	0.0000	0.0000	0.0000	0.0000	0.0000	0.0000	0.0000	0.0000	0.0000	0.0000	0.0000	0.0000	0.0000	0.0000	0.0000	0.0000	0.0000	0.0000	0.0000	0.0000	0.0000											
4	14	0.1244	5	0	2	0	0	0	0	0	0	N	Y	N	N	N	N	N	N	N	N	N	N	18907.6710	13477.9855	0.8711	0.7089	inf	inf	9.5541	11.1958	0.0000	0.0032	0.0033	0.0000	10.1656	12.0029	0.0000	0.0005	0.0008	0.0000	0.0037	0.0047	0.0000	0.0000	0.0000	0.0000	0.0000	0.0000	-0.4609	-0.0000	3.9843	2.0000	1.0588	8.0000	0.9982	0.9982	0.0000	0.0000	0.0000	0.0000	0.9981	0.9981	0.0000	0.0001	0.0001	0.0000	0.0001	0.0001	0.0000	0.0000	0.0000	0.0000	0.1045	0.0892	0.0153	0.0063	0.0060	0.0003	0.0982	0.0832	0.0150	0.0990	0.0602	0.0388	0.0137	0.0106	0.0031	0.0853	0.0496	0.0357	18907.6710	13477.9855	0.0000	0.8711	0.7089	0.0000	inf	inf	0.0000	0.0005	0.0008	0.0000	0.0037	0.0047	0.0000	0.0000	0.0000	0.0000			
4	15	0.1484	6	0	1	0	1	0	0	0	0	N	N	N	N	N	N	N	N	N	N	N	N	0.0000	0.0000	0.0000	0.0000	0.0000	0.0000	0.0000	0.0000	0.0000	0.0000	0.0000	0.0000	0.0000	0.0000	0.0000	0.0000	0.0009	0.0004	0.0017	0.0012	0.0015	0.0000	0.0008	0.0000	0.0018	3.0000	0.0000	0.0000	3.9843	2.0066	1.0588	2.0000	0.0000	0.0000	0.0000	0.0000	0.0000	0.0000	0.0000	0.0000	0.0000	0.0000	0.0000	0.0000	0.0000	0.0000	0.0000	0.0000	0.0000	0.0000	0.1080	0.0921	0.0160	0.0051	0.0049	0.0003	0.1029	0.0872	0.0157	0.0441	0.0261	0.0180	0.0082	0.0065	0.0017	0.0360	0.0196	0.0164	0.0000	0.0000	0.0000	0.0000	0.0000	0.0000	0.0000	0.0000	0.0000	0.0009	0.0004	0.0017	0.0012	0.0015	0.0000	0.0008	0.0000	0.0018			
4	16	0.0515	4	0	2	0	1	0	0	0	0	N	Y	N	N	N	N	N	N	N	N	N	N	inf	inf	inf	inf	inf	inf	0.9511	1.1052	0.0000	0.0006	0.0006	0.0000	0.9669	1.1257	0.0000	0.0000	0.0000	0.0000	0.0000	0.0000	0.0000	0.0000	0.0000	0.0000	0.0000	-0.4558	0.0000	3.9843	24.0000	1.0588	5.0000	0.9872	0.9872	0.0000	0.0000	0.0000	0.0000	0.9872	0.9872	0.0000	0.0000	0.0000	0.0000	0.0000	0.0000	0.0000	0.0000	0.0000	0.0000	1.0379	0.8932	0.1447	0.0169	0.0163	0.0006	1.0210	0.8770	0.1441	0.2706	0.1546	0.1160	0.0168	0.0143	0.0026	0.2537	0.1403	0.1134	inf	inf	0.0000	inf	inf	0.0000	inf	inf	0.0000	0.0000	0.0000	0.0000	0.0000	0.0000	0.0000	0.0000	0.0000	0.0000				
4	17	0.1433	7	0	2	0	0	0	0	0	0	N	Y	N	N	N	N	N	N	N	N	N	N	0.0082	0.0064	0.0000	0.0260	0.0201	0.0000	0.0000	0.0000	0.0000	0.0002	0.0002	0.0000	0.0029	0.0030	0.0000	0.0000	0.0000	0.0000	0.0230	0.0342	0.0000	0.1123	0.1518	0.0000	0.0000	0.0000	0.0000	0.0000	0.0002	-0.0000	-0.0011	3.9843	0.9987	1.0588	5.5397	0.0000	0.0000	0.0000	0.0000	0.0000	0.0000	0.0000	0.0000	0.0000	0.0020	0.0020	0.0000	0.0020	0.0020	0.0000	0.0000	0.0000	0.0000	0.0532	0.0454	0.0078	0.0034	0.0033	0.0001	0.0497	0.0421	0.0077	0.0878	0.0589	0.0288	0.0224	0.0198	0.0026	0.0653	0.0391	0.0262	0.0082	0.0064	0.0000	0.0325	0.0299	0.0000	0.0000	0.0000	0.0000	0.0230	0.0342	0.0000	0.0899	0.1018	0.0000	0.0000	0.0000	0.0000
4	18	0.1484	6	0	2	0	1	0	0	0	0	N	Y	N	N	N	N	N	N	N	N	N	N	0.0000	0.0000	0.0000	0.0000	0.0000	0.0000	0.0000	0.0000	0.0000	0.0000	0.0000	0.0000	0.0000	0.0000	0.0000	0.0000	0.0000	0.0000	0.0000	0.0000	3.9843	0.9934	1.0588	0.0000	0.0000	0.0000	0.0000	0.0000	0.0000	0.0000	0.0000	0.0000	0.0000	0.0000	0.0000	0.0000	0.0000	0.0000	0.0000	0.0000	0.0000	0.0000	0.0547	0.0466	0.0081	0.0029	0.0028	0.0001	0.0518	0.0438	0.0080	0.0112	0.0066	0.0046	0.0021	0.0016	0.0004	0.0091	0.0050	0.0042	0.0000	0.0000	0.0000	0.0000	0.0000	0.0000	0.0000	0.0000	0.0000	0.0000	0.0000	0.0000	0.0000	0.0000	0.0000	0.0000	0.0000	0.0000											
4	19	0.0826	4	1	2	0	0	0	0	0	0	N	Y	N	N	N	N	N	N	N	N	N	N	0.0000	0.0000	0.0000	0.0000	0.0000	0.0000	0.0000	0.0000	0.0000	0.0000	0.0000	0.0000	0.0000	0.0241	0.0418	0.0000	0.9914	1.4896	0.0000	0.0000	0.0000	0.0000	0.0000	0.0000	-0.0011	3.9843	1.0015	1.0588	7.0016	0.0000	0.0000	0.0000	0.0000	0.0000	0.0000	0.0000	0.0000	0.0000	0.0020	0.0020	0.0000	0.0020	0.0020	0.0000	0.0000	0.0000	0.0000	0.0537	0.0457	0.0081	0.0013	0.0013	0.0001	0.0524	0.0444	0.0080	0.0848	0.0488	0.0359	0.0095	0.0075	0.0020	0.0752	0.0413	0.0339	0.0000	0.0000	0.0000	0.0000	0.0000	0.0000	0.0000	0.0000	0.0000	0.0241	0.0418	0.0000	0.2140	0.2712	0.0000	0.0000	0.0000	0.0000						
4	20	0.1455	5	0	2	0	0	0	0	0	0	N	Y	N	N	N	N	N	N	N	N	N	N	0.0000	0.0000	0.0000	0.0000	0.0000	0.0000	0.0000	0.0000	0.0000	0.0000	0.0000	0.0000	0.0000	0.0000	0.0000	0.0000	0.0000	0.0000	0.0001	0.0001	0.0001	0.0002	0.0002	0.0000	0.0000	0.0000	0.0001	0.5964	0.0000	-0.0000	3.9843	1.0004	1.0588	2.0077	0.0000	0.0000	0.0000	0.0000	0.0000	0.0000	0.0000	0.0000	0.0000	0.0000	0.0000	0.0000	0.0000	0.0000	0.0000	0.0000	0.0000	0.0000	0.0534	0.0454	0.0080	0.0013	0.0013	0.0001	0.0521	0.0442	0.0079	0.0354	0.0210	0.0144	0.0085	0.0066	0.0019	0.0269	0.0144	0.0125	0.0000	0.0000	0.0000	0.0000	0.0000	0.0000	0.0000	0.0000	0.0000	0.0001	0.0001	0.0001	0.0002	0.0002	0.0000	0.0000	0.0000	0.0001	
4	21	0.0823	5	0	1	0	1	0	0	0	0	N	N	N	N	N	N	N	N	N	N	N	N	0.0000	0.0000	0.0000	0.0000	0.0000	0.0000	0.0000	0.0000	0.0000	0.0000	0.0000	0.0000	0.0000	0.0000	0.0000	0.0000	0.0000	0.0001	0.0004	0.0000	0.0030	0.0000	0.0000	0.0000	inf	0.0000	0.0000	3.9843	2.0000	1.0588	1.0003	0.0000	0.0000	0.0000	0.0000	0.0000	0.0000	0.0000	0.0000	0.0000	0.0000	0.0000	0.0000	0.0000	0.0000	0.0000	0.0000	0.0000	0.0000	0.1054	0.0896	0.0158	0.0020	0.0019	0.0001	0.1034	0.0877	0.0157	0.0340	0.0194	0.0146	0.0025	0.0021	0.0003	0.0315	0.0172	0.0143	0.0000	0.0000	0.0000	0.0000	0.0000	0.0000	0.0000	0.0000	0.0000	0.0000	0.0000	0.0001	0.0004	0.0000	0.0030	0.0000	0.0000	0.0000				
4	22	0.1569	7	1	1	1	0	0	0	0	0	N	N	N	N	N	N	N	N	N	N	N	N	0.0000	0.0000	0.0000	0.0000	0.0000	0.0000	0.0000	0.0000	0.0000	0.0000	0.0000	0.0000	0.0000	0.0000	0.0000	0.0000	0.0019	0.0032	0.0000	0.0095	0.0117	0.0000	0.0000	0.0000	0.0000	0.0009	0.0000	-0.0001	3.9843	0.0000	1.0588	4.9921	0.0000	0.0000	0.0000	0.0000	0.0000	0.0000	0.0000	0.0000	0.0000	0.0001	0.0001	0.0000	0.0001	0.0001	0.0000	0.0000	0.0000	0.0000	0.0000	0.0000	0.0000	0.0000	0.0000	0.0000	0.0000	0.0000	0.0000	0.0550	0.0331	0.0219	0.0110	0.0090	0.0021	0.0440	0.0241	0.0199	0.0000	0.0000	0.0000	0.0000	0.0000	0.0000	0.0000	0.0000	0.0000	0.0019	0.0032	0.0000	0.0095	0.0117	0.0000	0.0000	0.0000	0.0000			
4	23	0.1407	7	0	2	0	0	0	0	0	0	N	Y	N	N	N	N	N	N	N	N	N	N	0.0000	0.0000	0.0000	0.0000	0.0000	0.0000	0.0000	0.0000	0.0000	0.0000	0.0000	0.0000	0.0000	0.0000	0.0000	0.0000	0.0000	0.0001	0.0001	0.0000	0.0011	0.0013	0.0000	0.0000	0.0000	0.0000	0.0426	0.0000	-0.0000	3.9843	1.9996	1.0588	0.0142	0.0000	0.0000	0.0000	0.0000	0.0000	0.0000	0.0000	0.0000	0.0000	0.0000	0.0000	0.0000	0.0000	0.0000	0.0000	0.0000	0.0000	0.0000	0.1058	0.0903	0.0154	0.0075	0.0071	0.0004	0.0983	0.0833	0.0151	0.0222	0.0133	0.0089	0.0018	0.0015	0.0003	0.0204	0.0118	0.0086	0.0000	0.0000	0.0000	0.0000	0.0000	0.0000	0.0000	0.0000	0.0000	0.0001	0.0001	0.0000	0.0011	0.0013	0.0000	0.0000	0.0000	0.0000		
4	24	0.0826	4	0	2	0	0	0	0	0	0	N	Y	N	N	N	N	N	N	N	N	N	N	566.3736	0.0000	inf	0.0389	0.0000	inf	inf	inf	6.3465	0.0000	42.5225	0.0056	0.0000	0.1170	6.4947	0.0000	42.8337	0.0112	0.0194	0.0000	0.1430	0.2302	0.0000	0.0000	0.0000	0.0000	inf	0.0000	0.5373	-0.0010	3.9843	2.9988	1.0588	13.9984	0.9982	0.0000	0.9982	0.0000	0.0000	0.0000	0.9981	0.0000	0.9981	0.0019	0.0019	0.0000	0.0019	0.0019	0.0000	0.0000	0.0000	0.0000	0.1573	0.1338	0.0235	0.0036	0.0034	0.0002	0.1537	0.1304	0.0233	0.1678	0.0971	0.0707	0.0190	0.0149	0.0041	0.1487	0.0821	0.0666	566.3736	0.0000	inf	0.0564	0.0000	inf	inf	0.0000	inf	0.0112	0.0194	0.0000	0.0987	0.1258	0.0000	0.0000	0.0000	0.0000	
4	25	0.1244	5	1	2	0	0	0	0	0	0	N	Y	N	N	N	N	N	N	N	N	N	N	32711.5826	23266.4604	1.5143	1.2322	inf	inf	3.3058	3.8654	0.0000	0.0011	0.0012	0.0000	3.5163	4.1420	0.0000	0.0001	0.0002	0.0000	0.0007	0.0009	0.0000	0.0000	0.0000	0.0000	0.0000	0.0000	-0.4609	-0.0000	3.9843	6.0000	1.0588	4.0000	0.9982	0.9982	0.0000	0.0000	0.0000	0.0000	0.9981	0.9981	0.0000	0.0000	0.0000	0.0000	0.0000	0.0000	0.0000	0.0000	0.0000	0.0000	0.3019	0.2582	0.0437	0.0181	0.0172	0.0008	0.2839	0.2410	0.0429	0.0990	0.0602	0.0388	0.0137	0.0106	0.0031	0.0853	0.0496	0.0357	32711.5826	23266.4604	0.0000	1.5143	1.2322	0.0000	inf	inf	0.0000	0.0001	0.0002	0.0000	0.0007	0.0009	0.0000	0.0000	0.0000	0.0000			
4	26	0.1448	8	0	2	0	0	0	0	0	0	N	Y	N	N	N	N	N	N	N	N	N	N	0.0000	0.0000	0.0000	0.0000	0.0000	0.0000	0.0000	0.0000	0.0000	0.0000	0.0000	0.0000	0.0000	0.0000	0.0919	0.1790	0.0000	12.6425	17.0174	0.0000	0.0000	0.0000	0.0000	0.0000	0.0000	-0.0011	3.9843	0.0000	1.0588	2.0002	0.0000	0.0000	0.0000	0.0000	0.0000	0.0000	0.0000	0.0000	0.0000	0.0020	0.0020	0.0000	0.0020	0.0020	0.0000	0.0000	0.0000	0.0000	0.0000	0.0000	0.0000	0.0000	0.0000	0.0000	0.0000	0.0000	0.0000	0.0221	0.0132	0.0089	0.0018	0.0015	0.0003	0.0203	0.0117	0.0086	0.0000	0.0000	0.0000	0.0000	0.0000	0.0000	0.0000	0.0000	0.0000	0.0919	0.1537	0.0000	1.1214	1.3386	0.0000	0.0000	0.0000	0.0000					
4	27	0.0515	4	1	2	0	0	0	0	0	0	N	Y	N	N	N	N	N	N	N	N	N	N	0.0000	0.0000	0.0000	0.0000	0.0000	0.0000	0.0000	0.0000	0.0000	0.0000	0.0000	0.0000	0.0000	0.0550	0.0965	0.0000	7.8025	9.7039	0.0000	0.0000	0.0000	0.0000	0.0000	0.0000	-0.0017	3.9843	1.0000	1.0588	3.9850	0.0000	0.0000	0.0000	0.0000	0.0000	0.0000	0.0000	0.0000	0.0000	0.0031	0.0031	0.0000	0.0031	0.0031	0.0000	0.0000	0.0000	0.0000	0.0531	0.0451	0.0080	0.0008	0.0008	0.0000	0.0523	0.0443	0.0080	0.0571	0.0325	0.0246	0.0040	0.0035	0.0005	0.0531	0.0290	0.0241	0.0000	0.0000	0.0000	0.0000	0.0000	0.0000	0.0000	0.0000	0.0000	0.0550	0.0965	0.0000	0.7844	0.8946	0.0000	0.0000	0.0000	0.0000						
4	28	0.1244	5	0	2	0	0	0	0	0	0	N	Y	N	N	N	N	N	N	N	N	N	N	173.6921	123.5976	0.0031	0.0020	inf	inf	3.9305	4.5983	0.0000	0.0013	0.0014	0.0000	4.1811	4.9279	0.0000	0.0226	0.0372	0.0000	0.4288	0.6977	0.0000	0.0000	0.0000	0.0000	0.0000	0.0000	-0.4609	-0.0011	3.9843	5.0000	1.0588	4.0000	0.9982	0.9982	0.0000	0.0000	0.0000	0.0000	0.9981	0.9981	0.0000	0.0020	0.0020	0.0000	0.0020	0.0020	0.0000	0.0000	0.0000	0.0000	0.2539	0.2171	0.0369	0.0152	0.0145	0.0007	0.2387	0.2025	0.0362	0.0897	0.0546	0.0351	0.0124	0.0096	0.0028	0.0773	0.0449	0.0324	173.6921	123.5976	0.0000	0.0080	0.0065	0.0000	inf	inf	0.0000	0.0226	0.0372	0.0000	0.1639	0.2110	0.0000	0.0000	0.0000	0.0000			
4	29	0.1244	5	0	2	0	0	0	0	0	0	N	Y	N	N	N	N	N	N	N	N	N	N	57679.0174	41089.1143	2.6555	2.1617	inf	inf	6.4297	7.5304	0.0000	0.0021	0.0022	0.0000	6.8407	8.0722	0.0000	0.0001	0.0002	0.0000	0.0008	0.0010	0.0000	0.0000	0.0000	0.0000	0.0000	0.0000	-0.4609	-0.0000	3.9843	3.0000	1.0588	6.0000	0.9982	0.9982	0.0000	0.0000	0.0000	0.0000	0.9981	0.9981	0.0000	0.0000	0.0000	0.0000	0.0000	0.0000	0.0000	0.0000	0.0000	0.0000	0.1552	0.1326	0.0227	0.0093	0.0089	0.0004	0.1459	0.1237	0.0223	0.0897	0.0546	0.0351	0.0124	0.0096	0.0028	0.0773	0.0449	0.0324	57679.0174	41089.1143	0.0000	2.6555	2.1617	0.0000	inf	inf	0.0000	0.0001	0.0002	0.0000	0.0008	0.0010	0.0000	0.0000	0.0000	0.0000			
4	30	0.0859	6	0	2	1	1	0	0	0	0	N	Y	N	N	N	N	N	N	N	N	N	N	0.0000	0.0000	0.0000	0.0000	0.0000	0.0000	0.0000	0.0000	0.0000	0.0000	0.0000	0.0000	0.0000	0.0581	0.1003	0.0000	1.5531	2.3220	0.0000	0.0000	0.0000	0.0000	0.0000	0.0000	-0.0011	3.9843	0.0000	1.0588	3.0000	0.0000	0.0000	0.0000	0.0000	0.0000	0.0000	0.0000	0.0000	0.0000	0.0020	0.0020	0.0000	0.0020	0.0020	0.0000	0.0000	0.0000	0.0000	0.0000	0.0000	0.0000	0.0000	0.0000	0.0000	0.0000	0.0000	0.0000	0.0337	0.0195	0.0142	0.0073	0.0055	0.0019	0.0264	0.0141	0.0123	0.0000	0.0000	0.0000	0.0000	0.0000	0.0000	0.0000	0.0000	0.0000	0.0581	0.1003	0.0000	0.2681	0.3596	0.0000	0.0000	0.0000	0.0000						
4	31	0.0689	5	0	1	0	1	0	0	0	0	N	N	N	N	N	N	N	N	N	N	N	N	304.6917	0.0000	3018571.8781	0.0048	0.0000	5952.1923	501058.2318	0.0000	3749875.5423	17.3038	0.0000	110.9122	0.0071	0.0000	0.6036	18.2050	0.0000	111.3262	0.0568	0.0935	0.0000	1.4797	2.1173	0.0001	0.0000	0.0000	0.0000	inf	0.0003	0.5198	-0.0016	3.9843	0.9783	1.0588	3.0423	0.9658	0.0000	0.9658	0.0000	0.0000	0.0000	0.9658	0.0000	0.9658	0.0030	0.0030	0.0000	0.0030	0.0030	0.0000	0.0000	0.0000	0.0000	0.0558	0.0471	0.0087	0.0028	0.0027	0.0000	0.0531	0.0444	0.0087	0.0532	0.0323	0.0209	0.0115	0.0095	0.0021	0.0417	0.0229	0.0188	304.6917	0.0000	3018571.8781	0.0271	0.0000	5952.1923	501058.2318	0.0000	3749875.5423	0.0568	0.0935	0.0000	0.2621	0.3190	0.0001	0.0000	0.0000	0.0000
4	32	0.0826	4	0	2	0	0	0	0	0	0	N	Y	N	N	N	N	N	N	N	N	N	N	90023.4936	30547.2229	inf	4.5547	0.0000	inf	inf	inf	inf	5.6566	3.3185	19.2076	0.0025	0.0000	0.0522	5.7864	3.4037	19.3498	0.0001	0.0001	0.0000	0.0006	0.0007	0.0000	0.0000	0.0000	0.0000	0.9987	0.0000	0.0758	-0.0000	3.9843	6.9988	1.0588	9.0016	1.9976	0.9995	0.9982	0.0000	0.0000	0.0000	1.9976	0.9995	0.9981	0.0000	0.0000	0.0000	0.0000	0.0000	0.0000	0.0000	0.0000	0.0000	0.3532	0.3012	0.0520	0.0079	0.0075	0.0004	0.3452	0.2936	0.0516	0.1591	0.0921	0.0671	0.0180	0.0142	0.0039	0.1411	0.0779	0.0632	90023.4936	30547.2229	inf	4.5547	0.0000	inf	inf	inf	inf	0.0001	0.0001	0.0000	0.0006	0.0007	0.0000	0.0000	0.0000	0.0000
4	33	0.1834	9	1	2	0	0	0	0	0	0	N	Y	N	N	N	N	N	N	N	N	N	N	0.0000	0.0000	0.0000	0.0000	0.0000	0.0000	0.0000	0.0000	0.0000	0.0000	0.0000	0.0000	0.0000	0.0000	0.0000	0.0000	0.0000	0.0000	0.0000	0.0000	3.9843	0.0000	1.0588	0.0000	0.0000	0.0000	0.0000	0.0000	0.0000	0.0000	0.0000	0.0000	0.0000	0.0000	0.0000	0.0000	0.0000	0.0000	0.0000	0.0000	0.0000	0.0000	0.0000	0.0000	0.0000	0.0000	0.0000	0.0000	0.0000	0.0000	0.0000	0.0000	0.0000	0.0000	0.0000	0.0000	0.0000	0.0000	0.0000	0.0000	0.0000	0.0000	0.0000	0.0000	0.0000	0.0000	0.0000	0.0000	0.0000	0.0000	0.0000	0.0000	0.0000	0.0000	0.0000	0.0000	0.0000	0.0000											
4	34	0.0515	4	0	2	0	1	0	0	0	0	N	Y	N	N	N	N	N	N	N	N	N	N	0.0000	0.0000	0.0000	0.0000	0.0000	0.0000	0.0000	0.0000	0.0000	0.0000	0.0000	0.0000	0.0000	0.0000	0.0000	0.0000	7.8005	0.0448	36.9063	2.7012	3.6573	0.0000	8.2671	0.0000	35.8345	303.7961	0.0000	0.4538	3.9843	5.0000	1.0588	6.9850	0.0000	0.0000	0.0000	0.0000	0.0000	0.0000	0.0000	0.0000	0.0000	0.9935	0.0033	0.9903	0.0033	0.0033	0.0000	0.9903	0.0000	0.9903	0.2556	0.2176	0.0380	0.0040	0.0039	0.0001	0.2516	0.2137	0.0379	0.1280	0.0728	0.0553	0.0082	0.0071	0.0011	0.1198	0.0657	0.0541	0.0000	0.0000	0.0000	0.0000	0.0000	0.0000	0.0000	0.0000	0.0000	7.7611	0.0448	17.9231	0.3961	0.4603	0.0000	8.2671	0.0000	18.3030			
4	35	0.0826	4	1	2	0	0	0	0	0	0	N	Y	N	N	N	N	N	N	N	N	N	N	0.0000	0.0000	0.0000	0.0000	0.0000	0.0000	0.0000	0.0000	0.0000	0.0000	0.0000	0.0000	0.0000	0.0161	0.0277	0.0000	0.2798	0.4710	0.0000	0.0000	0.0000	0.0000	0.0000	0.0000	-0.0017	3.9843	1.9985	1.0588	17.9985	0.0000	0.0000	0.0000	0.0000	0.0000	0.0000	0.0000	0.0000	0.0000	0.0031	0.0031	0.0000	0.0031	0.0031	0.0000	0.0000	0.0000	0.0000	0.1059	0.0901	0.0159	0.0025	0.0023	0.0001	0.1035	0.0877	0.0157	0.1929	0.1118	0.0812	0.0220	0.0172	0.0048	0.1710	0.0946	0.0764	0.0000	0.0000	0.0000	0.0000	0.0000	0.0000	0.0000	0.0000	0.0000	0.0161	0.0277	0.0000	0.1411	0.1800	0.0000	0.0000	0.0000	0.0000						
4	36	0.1183	5	0	1	1	0	0	0	0	0	N	N	N	N	N	N	N	N	N	N	N	N	0.0000	0.0000	0.0000	0.0000	0.0000	0.0000	0.0000	0.0000	0.0000	0.0000	0.0000	0.0000	0.0000	0.0000	0.0000	0.0000	0.0000	0.0000	0.0000	0.0000	0.0000	0.0000	0.0000	0.0000	0.0000	0.0000	8.8762	0.0000	0.0000	3.9843	0.0001	1.0588	0.9943	0.0000	0.0000	0.0000	0.0000	0.0000	0.0000	0.0000	0.0000	0.0000	0.0000	0.0000	0.0000	0.0000	0.0000	0.0000	0.0000	0.0000	0.0000	0.0000	0.0000	0.0000	0.0000	0.0000	0.0000	0.0000	0.0000	0.0000	0.0137	0.0086	0.0051	0.0028	0.0024	0.0003	0.0109	0.0062	0.0047	0.0000	0.0000	0.0000	0.0000	0.0000	0.0000	0.0000	0.0000	0.0000	0.0000	0.0000	0.0000	0.0000	0.0000	0.0000	0.0000	0.0000	0.0000		
4	37	0.0945	5	0	2	0	0	0	0	0	0	N	Y	N	N	N	N	N	N	N	N	N	N	0.0000	0.0000	0.0000	0.0000	0.0000	0.0000	0.0000	0.0000	0.0000	0.0000	0.0000	0.0000	0.0000	21.4353	0.0000	121.6325	0.0000	0.0000	0.0000	25.8639	0.0000	123.0204	inf	0.0000	0.4556	3.9843	2.0000	1.0588	2.0000	0.0000	0.0000	0.0000	0.0000	0.0000	0.0000	0.0000	0.0000	0.0000	0.9903	0.0000	0.9903	0.0000	0.0000	0.0000	0.9903	0.0000	0.9903	0.1057	0.0898	0.0158	0.0024	0.0023	0.0001	0.1032	0.0875	0.0157	0.0462	0.0270	0.0192	0.0079	0.0065	0.0015	0.0383	0.0206	0.0177	0.0000	0.0000	0.0000	0.0000	0.0000	0.0000	0.0000	0.0000	0.0000	21.4353	0.0000	51.6991	0.0000	0.0000	0.0000	25.8639	0.0000	55.9360						
4	38	0.1412	6	1	1	1	0	0	0	0	0	N	N	N	N	N	N	N	N	N	N	N	N	inf	inf	inf	inf	inf	inf	9.4608	0.0000	64.6299	0.0015	0.0000	0.0321	10.1141	0.0000	65.9768	0.0000	0.0000	0.0000	0.0000	0.0000	0.0000	0.0000	0.0000	0.0000	inf	0.5314	0.0000	3.9843	2.0000	1.0588	5.0000	0.9872	0.0000	0.9872	0.0000	0.0000	0.0000	0.9872	0.0000	0.9872	0.0000	0.0000	0.0000	0.0000	0.0000	0.0000	0.0000	0.0000	0.0000	0.1043	0.0891	0.0153	0.0067	0.0064	0.0003	0.0976	0.0826	0.0150	0.0711	0.0436	0.0275	0.0109	0.0086	0.0023	0.0602	0.0350	0.0252	inf	0.0000	inf	inf	0.0000	inf	inf	0.0000	inf	0.0000	0.0000	0.0000	0.0000	0.0000	0.0000	0.0000	0.0000	0.0000				
4	39	0.0689	5	0	2	0	0	0	0	0	0	N	Y	N	N	N	N	N	N	N	N	N	N	3422.2764	11591.3880	0.0000	1874.1549	6332.9806	0.0000	0.0000	0.0000	0.0000	4.1863	5.2865	0.0000	10.7325	10.7381	0.0000	0.0000	0.0000	0.0000	0.0012	0.0005	0.0024	0.0057	0.0017	0.0225	0.0001	0.0000	0.0002	0.0000	3.4909	-0.0099	0.0000	3.9843	0.0217	1.0588	6.0735	0.0214	0.0214	0.0000	0.0214	0.0214	0.0000	0.0000	0.0000	0.0000	0.0001	0.0000	0.0001	0.0001	0.0000	0.0001	0.0000	0.0000	0.0000	0.0051	0.0041	0.0011	0.0020	0.0020	0.0000	0.0031	0.0021	0.0011	0.0755	0.0451	0.0304	0.0150	0.0121	0.0029	0.0605	0.0330	0.0275	3422.2764	11591.3880	0.0000	1874.1549	6332.9806	0.0000	0.0000	0.0000	0.0000	0.0012	0.0005	0.0024	0.0057	0.0017	0.0225	0.0001	0.0000	0.0002
4	40	0.0515	4	0	1	0	0	0	0	0	0	N	N	N	N	N	N	N	N	N	N	N	N	7747.2342	2.4105	6236275.4035	0.3676	0.0000	335.2017	10387169.8258	3109.9394	inf	18.4164	0.0100	121.5244	0.0121	0.0000	0.3267	18.7055	0.0102	121.9828	0.0024	0.0041	0.0000	0.0328	0.0371	0.0010	0.0000	0.0000	0.0000	2169.0000	0.0035	0.0115	-0.0001	3.9843	0.0217	1.0588	4.0395	0.0214	0.0000	0.0214	0.0000	0.0000	0.0000	0.0214	0.0000	0.0214	0.0001	0.0001	0.0000	0.0001	0.0001	0.0000	0.0000	0.0000	0.0000	0.0012	0.0010	0.0002	0.0000	0.0000	0.0000	0.0011	0.0010	0.0002	0.0471	0.0269	0.0202	0.0034	0.0030	0.0004	0.0437	0.0239	0.0198	7747.2342	2.4105	6236275.4035	0.3676	0.0000	335.2017	10387169.8258	3109.9394	inf	0.0024	0.0041	0.0000	0.0328	0.0371	0.0010	0.0000	0.0000	0.0000
4	41	0.0515	4	0	2	0	1	0	0	0	0	N	Y	N	N	N	N	N	N	N	N	N	N	0.0000	0.0000	0.0000	0.0000	0.0000	0.0000	0.0000	0.0000	0.0000	0.0000	0.0000	0.0000	0.0000	0.0000	0.0000	0.0000	0.0000	12.8231	0.0809	65.1538	6.5903	6.9432	0.0006	13.5247	0.0000	66.3831	274.3159	0.0000	0.4536	3.9843	0.0000	1.0588	7.0150	0.0000	0.0000	0.0000	0.0000	0.0000	0.0000	0.0000	0.0000	0.0000	0.9939	0.0036	0.9903	0.0036	0.0036	0.0000	0.9903	0.0000	0.9903	0.0000	0.0000	0.0000	0.0000	0.0000	0.0000	0.0000	0.0000	0.0000	0.0785	0.0446	0.0339	0.0053	0.0046	0.0007	0.0732	0.0401	0.0332	0.0000	0.0000	0.0000	0.0000	0.0000	0.0000	0.0000	0.0000	0.0000	12.6617	0.0809	29.2513	0.6844	0.7868	0.0006	13.5247	0.0000	29.8575		
4	42	0.1412	6	1	1	1	0	0	0	0	0	N	N	N	N	N	N	N	N	N	N	N	N	0.0000	0.0000	0.0000	0.0000	0.0000	0.0000	0.0000	0.0000	0.0000	0.0000	0.0000	0.0000	0.0000	0.0000	0.0000	0.0000	0.0000	0.0000	0.0000	0.0000	3.9843	0.0000	1.0588	0.0000	0.0000	0.0000	0.0000	0.0000	0.0000	0.0000	0.0000	0.0000	0.0000	0.0000	0.0000	0.0000	0.0000	0.0000	0.0000	0.0000	0.0000	0.0000	0.0000	0.0000	0.0000	0.0000	0.0000	0.0000	0.0000	0.0000	0.0000	0.0000	0.0000	0.0000	0.0000	0.0000	0.0000	0.0000	0.0000	0.0000	0.0000	0.0000	0.0000	0.0000	0.0000	0.0000	0.0000	0.0000	0.0000	0.0000	0.0000	0.0000	0.0000	0.0000	0.0000	0.0000	0.0000	0.0000											
4	43	0.1244	5	1	1	1	0	0	0	0	0	N	N	N	N	N	N	N	N	N	N	N	N	0.0000	0.0000	0.0000	0.0000	0.0000	0.0000	0.0000	0.0000	0.0000	0.0000	0.0000	0.0000	0.0000	0.0123	0.0203	0.0000	0.1143	0.1849	0.0000	0.0000	0.0000	0.0000	0.0000	0.0000	-0.0003	3.9843	1.0000	1.0588	3.0000	0.0000	0.0000	0.0000	0.0000	0.0000	0.0000	0.0000	0.0000	0.0000	0.0005	0.0005	0.0000	0.0005	0.0005	0.0000	0.0000	0.0000	0.0000	0.0527	0.0450	0.0078	0.0032	0.0030	0.0001	0.0496	0.0419	0.0076	0.0414	0.0251	0.0162	0.0057	0.0044	0.0013	0.0357	0.0207	0.0150	0.0000	0.0000	0.0000	0.0000	0.0000	0.0000	0.0000	0.0000	0.0000	0.0123	0.0203	0.0000	0.0902	0.1159	0.0000	0.0000	0.0000	0.0000						
4	44	0.1244	5	1	1	1	0	0	0	0	0	N	N	N	N	N	N	N	N	N	N	N	N	0.0000	0.0000	0.0000	0.0000	0.0000	0.0000	0.0000	0.0000	0.0000	0.0000	0.0000	0.0000	0.0000	0.0131	0.0215	0.0000	0.1333	0.2105	0.0000	0.0000	0.0000	0.0000	0.0000	0.0000	-0.0003	3.9843	1.0000	1.0588	3.0000	0.0000	0.0000	0.0000	0.0000	0.0000	0.0000	0.0000	0.0000	0.0000	0.0005	0.0005	0.0000	0.0005	0.0005	0.0000	0.0000	0.0000	0.0000	0.0527	0.0450	0.0078	0.0032	0.0030	0.0001	0.0496	0.0419	0.0076	0.0414	0.0251	0.0162	0.0057	0.0044	0.0013	0.0357	0.0207	0.0150	0.0000	0.0000	0.0000	0.0000	0.0000	0.0000	0.0000	0.0000	0.0000	0.0131	0.0215	0.0000	0.0955	0.1227	0.0000	0.0000	0.0000	0.0000						
4	45	0.0945	5	0	1	1	0	0	0	0	0	N	N	N	N	N	N	N	N	N	N	N	N	0.0000	0.0000	0.0000	0.0000	0.0000	0.0000	0.0000	0.0000	0.0000	0.0000	0.0000	0.0000	0.0000	0.0000	0.0000	0.0000	0.0000	0.0000	0.0000	0.0000	3.9843	0.0000	1.0588	0.0000	0.0000	0.0000	0.0000	0.0000	0.0000	0.0000	0.0000	0.0000	0.0000	0.0000	0.0000	0.0000	0.0000	0.0000	0.0000	0.0000	0.0000	0.0000	0.0000	0.0000	0.0000	0.0000	0.0000	0.0000	0.0000	0.0000	0.0000	0.0000	0.0000	0.0000	0.0000	0.0000	0.0000	0.0000	0.0000	0.0000	0.0000	0.0000	0.0000	0.0000	0.0000	0.0000	0.0000	0.0000	0.0000	0.0000	0.0000	0.0000	0.0000	0.0000	0.0000	0.0000	0.0000	0.0000											
4	46	0.0515	4	0	1	0	0	0	0	0	0	N	N	N	N	N	N	N	N	N	N	N	N	0.0000	0.0000	0.0000	0.0000	0.0000	0.0000	0.0000	0.0000	0.0000	0.0000	0.0000	0.0000	0.0000	0.0226	0.0397	0.0000	2.2875	2.9398	0.0000	0.0000	0.0000	0.0000	0.0000	0.0000	-0.0013	3.9843	4.0000	1.0588	5.9850	0.0000	0.0000	0.0000	0.0000	0.0000	0.0000	0.0000	0.0000	0.0000	0.0024	0.0024	0.0000	0.0024	0.0024	0.0000	0.0000	0.0000	0.0000	0.2064	0.1756	0.0308	0.0032	0.0031	0.0001	0.2032	0.1725	0.0307	0.1086	0.0617	0.0469	0.0071	0.0061	0.0010	0.1015	0.0556	0.0459	0.0000	0.0000	0.0000	0.0000	0.0000	0.0000	0.0000	0.0000	0.0000	0.0226	0.0397	0.0000	0.3466	0.4014	0.0000	0.0000	0.0000	0.0000						
4	47	0.1226	6	0	2	0	0	0	0	0	0	N	Y	N	N	N	N	N	N	N	N	N	N	0.0000	0.0000	0.0000	0.0000	0.0000	0.0000	0.0000	0.0000	0.0000	0.0000	0.0000	0.0000	0.0000	0.0000	0.0000	0.0000	0.0000	0.0000	0.0000	0.0000	3.9843	0.0000	1.0588	0.0000	0.0000	0.0000	0.0000	0.0000	0.0000	0.0000	0.0000	0.0000	0.0000	0.0000	0.0000	0.0000	0.0000	0.0000	0.0000	0.0000	0.0000	0.0000	0.0000	0.0000	0.0000	0.0000	0.0000	0.0000	0.0000	0.0000	0.0000	0.0000	0.0000	0.0000	0.0000	0.0000	0.0000	0.0000	0.0000	0.0000	0.0000	0.0000	0.0000	0.0000	0.0000	0.0000	0.0000	0.0000	0.0000	0.0000	0.0000	0.0000	0.0000	0.0000	0.0000	0.0000	0.0000	0.0000											
4	48	0.1569	7	1	2	1	0	0	0	0	0	N	Y	N	N	N	N	N	N	N	N	N	N	0.0000	0.0000	0.0000	0.0000	0.0000	0.0000	0.0000	0.0000	0.0000	0.0000	0.0000	0.0000	0.0000	0.0000	0.0000	1.9115	0.0000	3.7671	0.0543	0.0000	0.3072	1.7113	0.0000	4.0951	inf	0.0000	0.0147	3.9843	0.0000	1.0588	2.0152	0.0000	0.0000	0.0000	0.0000	0.0000	0.0000	0.0000	0.0000	0.0000	0.0321	0.0000	0.0321	0.0003	0.0000	0.0003	0.0318	0.0000	0.0318	0.0000	0.0000	0.0000	0.0000	0.0000	0.0000	0.0000	0.0000	0.0000	0.0235	0.0143	0.0093	0.0050	0.0041	0.0009	0.0186	0.0102	0.0084	0.0000	0.0000	0.0000	0.0000	0.0000	0.0000	0.0000	0.0000	0.0000	1.3618	0.0000	3.4598	0.0543	0.0000	0.3072	1.7113	0.0000	3.7898				
4	49	0.1527	6	1	1	1	0	0	0	0	0	N	N	N	N	N	N	N	N	N	N	N	N	0.0000	0.0000	0.0000	0.0000	0.0000	0.0000	0.0000	0.0000	0.0000	0.0000	0.0000	0.0000	0.0000	0.0000	0.0000	0.0000	0.0000	0.0000	0.0087	0.0028	0.0182	0.0085	0.0098	0.0020	0.0088	0.0001	0.0198	4.1553	0.0000	0.0000	3.9843	0.0003	1.0588	1.0311	0.0000	0.0000	0.0000	0.0000	0.0000	0.0000	0.0000	0.0000	0.0000	0.0001	0.0000	0.0001	0.0000	0.0000	0.0000	0.0001	0.0000	0.0001	0.0001	0.0001	0.0000	0.0000	0.0000	0.0000	0.0000	0.0000	0.0000	0.0120	0.0074	0.0047	0.0025	0.0020	0.0004	0.0096	0.0053	0.0042	0.0000	0.0000	0.0000	0.0000	0.0000	0.0000	0.0000	0.0000	0.0000	0.0087	0.0028	0.0182	0.0085	0.0098	0.0020	0.0088	0.0001	0.0198	
4	50	0.1527	6	1	2	1	0	0	0	0	0	N	Y	N	N	N	N	N	N	N	N	N	N	0.0000	0.0000	0.0000	0.0000	0.0000	0.0000	0.0000	0.0000	0.0000	0.0000	0.0000	0.0000	0.0000	0.0000	0.0000	0.0017	0.0027	0.0000	0.0082	0.0099	0.0003	0.0000	0.0000	0.0000	0.0064	0.0000	-0.0000	3.9843	0.0003	1.0588	1.0126	0.0000	0.0000	0.0000	0.0000	0.0000	0.0000	0.0000	0.0000	0.0000	0.0000	0.0000	0.0000	0.0000	0.0000	0.0000	0.0000	0.0000	0.0000	0.0001	0.0001	0.0000	0.0000	0.0000	0.0000	0.0000	0.0000	0.0000	0.0118	0.0073	0.0046	0.0024	0.0020	0.0004	0.0094	0.0053	0.0042	0.0000	0.0000	0.0000	0.0000	0.0000	0.0000	0.0000	0.0000	0.0000	0.0017	0.0027	0.0000	0.0082	0.0099	0.0003	0.0000	0.0000	0.0000				
4	51	0.1819	5	1	2	0	0	0	0	0	0	N	Y	N	N	N	N	N	N	N	N	N	N	0.0000	0.0000	0.0000	0.0000	0.0000	0.0000	0.0000	0.0000	0.0000	0.0000	0.0000	0.0000	0.0000	0.0000	0.0000	0.0000	0.0000	0.0000	0.0000	0.0000	3.9843	0.0000	1.0588	1.0000	0.0000	0.0000	0.0000	0.0000	0.0000	0.0000	0.0000	0.0000	0.0000	0.0000	0.0000	0.0000	0.0000	0.0000	0.0000	0.0000	0.0000	0.0000	0.0000	0.0000	0.0000	0.0000	0.0000	0.0000	0.0000	0.0000	0.0000	0.0112	0.0068	0.0043	0.0030	0.0024	0.0006	0.0082	0.0045	0.0038	0.0000	0.0000	0.0000	0.0000	0.0000	0.0000	0.0000	0.0000	0.0000	0.0000	0.0000	0.0000	0.0000	0.0000	0.0000	0.0000	0.0000	0.0000											
4	52	0.0905	6	0	2	0	1	0	0	0	0	N	Y	N	N	N	N	N	N	N	N	N	N	0.0000	0.0000	0.0000	0.0000	0.0000	0.0000	0.0000	0.0000	0.0000	0.0000	0.0000	0.0000	0.0000	0.0000	0.0000	0.0000	0.0000	0.0000	0.0015	0.0022	0.0000	0.0069	0.0074	0.0002	0.0000	0.0000	0.0000	0.0042	0.0000	-0.0000	3.9843	0.9995	1.0588	1.0399	0.0000	0.0000	0.0000	0.0000	0.0000	0.0000	0.0000	0.0000	0.0000	0.0000	0.0000	0.0000	0.0000	0.0000	0.0000	0.0000	0.0000	0.0000	0.0532	0.0452	0.0080	0.0010	0.0010	0.0000	0.0522	0.0442	0.0080	0.0315	0.0209	0.0106	0.0066	0.0062	0.0004	0.0249	0.0147	0.0102	0.0000	0.0000	0.0000	0.0000	0.0000	0.0000	0.0000	0.0000	0.0000	0.0015	0.0022	0.0000	0.0069	0.0074	0.0002	0.0000	0.0000	0.0000	
4	53	0.0905	6	0	1	0	1	0	0	0	0	N	N	N	N	N	N	N	N	N	N	N	N	0.0000	0.0000	0.0000	0.0000	0.0000	0.0000	0.0000	0.0000	0.0000	0.0000	0.0000	0.0000	0.0000	0.0000	0.0000	0.0000	0.0000	0.0009	0.0014	0.0000	0.0051	0.0056	0.0000	0.0000	0.0000	0.0000	0.0020	0.0000	-0.0000	3.9843	3.0005	1.0588	1.0125	0.0000	0.0000	0.0000	0.0000	0.0000	0.0000	0.0000	0.0000	0.0000	0.0000	0.0000	0.0000	0.0000	0.0000	0.0000	0.0000	0.0000	0.0000	0.1566	0.1332	0.0234	0.0030	0.0029	0.0001	0.1536	0.1304	0.0232	0.0533	0.0335	0.0199	0.0089	0.0081	0.0008	0.0444	0.0253	0.0191	0.0000	0.0000	0.0000	0.0000	0.0000	0.0000	0.0000	0.0000	0.0000	0.0009	0.0014	0.0000	0.0051	0.0056	0.0000	0.0000	0.0000	0.0000		
4	54	0.0823	5	0	1	0	1	0	0	0	0	N	N	N	N	N	N	N	N	N	N	N	N	0.0000	0.0000	0.0000	0.0000	0.0000	0.0000	0.0000	0.0000	0.0000	0.0000	0.0000	0.0000	0.0000	0.0000	0.0000	0.0000	0.0000	0.1350	0.4051	0.0000	25.3035	33.3196	0.0001	0.0000	0.0000	0.0000	0.0000	0.0000	-0.0016	3.9843	0.0013	1.0588	1.9704	0.0000	0.0000	0.0000	0.0000	0.0000	0.0000	0.0000	0.0000	0.0000	0.0030	0.0030	0.0000	0.0030	0.0030	0.0000	0.0000	0.0000	0.0000	0.0001	0.0001	0.0000	0.0000	0.0000	0.0000	0.0001	0.0001	0.0000	0.0225	0.0128	0.0097	0.0016	0.0014	0.0002	0.0209	0.0114	0.0095	0.0000	0.0000	0.0000	0.0000	0.0000	0.0000	0.0000	0.0000	0.0000	0.1350	0.2370	0.0000	1.8513	2.1350	0.0001	0.0000	0.0000	0.0000		
4	55	0.0515	4	0	1	0	1	0	0	0	0	N	N	N	N	N	N	N	N	N	N	N	N	43931.4927	310533.3961	0.0000	0.0000	0.0000	0.0000	47796.6824	inf	0.0000	6.3958	7.5227	0.0000	0.0000	0.0000	0.0000	6.4970	7.6578	0.0000	0.0001	0.0000	0.0003	0.0003	0.0002	0.0006	0.0001	0.0000	0.0003	0.0000	9.5673	-0.4615	0.0000	3.9843	3.0000	1.0588	4.0155	0.9995	0.9995	0.0000	0.0000	0.0000	0.0000	0.9995	0.9995	0.0000	0.0000	0.0000	0.0000	0.0000	0.0000	0.0000	0.0000	0.0000	0.0000	0.1563	0.1329	0.0234	0.0024	0.0023	0.0001	0.1538	0.1305	0.0233	0.0785	0.0446	0.0339	0.0053	0.0046	0.0007	0.0732	0.0401	0.0332	43931.4927	310533.3961	0.0000	0.0000	0.0000	0.0000	47796.6824	inf	0.0000	0.0001	0.0000	0.0003	0.0003	0.0002	0.0006	0.0001	0.0000	0.0003
4	56	0.1433	7	0	2	1	0	0	0	0	0	N	Y	N	N	N	N	N	N	N	N	N	N	0.0000	0.1824	0.0000	0.8103	0.8475	0.0000	0.0000	0.0000	0.0001	0.0001	0.0000	0.0015	0.0016	0.0000	0.0000	0.0000	0.0000	10.1930	0.0006	69.9399	0.0019	0.0019	0.0019	13.3337	0.0000	70.9661	0.0000	24782.0409	-0.0000	0.4546	3.9843	2.0013	1.0588	5.6727	0.0000	0.0000	0.0000	0.0000	0.0000	0.0000	0.0000	0.0000	0.0000	0.9883	0.0000	0.9883	0.0000	0.0000	0.0000	0.9883	0.0000	0.9883	0.1050	0.0897	0.0154	0.0065	0.0062	0.0003	0.0985	0.0834	0.0151	0.0983	0.0653	0.0330	0.0242	0.0211	0.0031	0.0741	0.0442	0.0299	0.0000	0.1824	0.0000	0.8103	0.8475	0.0000	0.0000	0.0000	0.0000	10.0543	0.0006	29.9669	0.0019	0.0019	0.0019	13.3337	0.0000	33.0284	
4	57	0.1395	6	0	2	0	0	0	0	0	0	N	Y	N	N	N	N	N	N	N	N	N	N	20.3698	298.7822	0.9723	681.1055	670.9507	0.0000	0.5597	0.9603	1.2283	1.3560	0.3291	6.5857	6.6614	0.0000	0.0499	0.0000	0.3346	0.0603	0.0045	0.3385	0.0097	0.0099	0.0042	0.0892	0.0000	0.3485	0.0345	16.5040	-0.0001	0.0009	3.9843	0.0033	1.0588	1.3874	0.0003	0.0003	0.0000	0.0003	0.0003	0.0000	0.0000	0.0000	0.0000	0.0021	0.0001	0.0020	0.0001	0.0001	0.0000	0.0020	0.0000	0.0020	0.0002	0.0002	0.0000	0.0000	0.0000	0.0000	0.0002	0.0002	0.0000	0.0352	0.0267	0.0085	0.0128	0.0122	0.0006	0.0224	0.0145	0.0079	20.3698	298.7822	1.3948	681.1055	670.9507	0.0000	0.5597	0.0000	1.3222	0.0603	0.0045	0.2360	0.0097	0.0099	0.0042	0.0892	0.0000	0.2531	
4	58	0.1244	5	1	1	1	0	0	0	0	0	N	N	N	N	N	N	N	N	N	N	N	N	0.0000	0.0000	0.0000	0.0000	0.0000	0.0000	0.0000	0.0000	0.0000	0.0000	0.0000	0.0000	0.0000	0.0000	0.0000	0.0000	0.0000	0.0000	0.0000	0.0000	3.9843	0.0000	1.0588	2.0000	0.0000	0.0000	0.0000	0.0000	0.0000	0.0000	0.0000	0.0000	0.0000	0.0000	0.0000	0.0000	0.0000	0.0000	0.0000	0.0000	0.0000	0.0000	0.0000	0.0000	0.0000	0.0000	0.0000	0.0000	0.0000	0.0000	0.0000	0.0210	0.0128	0.0082	0.0029	0.0022	0.0006	0.0181	0.0105	0.0076	0.0000	0.0000	0.0000	0.0000	0.0000	0.0000	0.0000	0.0000	0.0000	0.0000	0.0000	0.0000	0.0000	0.0000	0.0000	0.0000	0.0000	0.0000											
4	59	0.1395	6	0	2	0	0	0	0	0	0	N	Y	N	N	N	N	N	N	N	N	N	N	1137.3650	0.0000	118907453.0499	0.0966	0.0000	inf	43452312.3442	117355832.0930	9.5470	0.0000	65.1281	0.0032	0.0000	0.0690	10.1610	0.0000	66.3827	0.0084	0.0124	0.0000	0.0328	0.0370	0.0000	0.0000	0.0000	0.0000	inf	0.0000	0.5371	-0.0003	3.9843	1.9997	1.0588	3.4660	0.9979	0.0000	0.9979	0.0000	0.0000	0.0000	0.9978	0.0000	0.9978	0.0006	0.0006	0.0000	0.0006	0.0006	0.0000	0.0000	0.0000	0.0000	0.1045	0.0892	0.0153	0.0063	0.0060	0.0003	0.0982	0.0832	0.0150	0.0753	0.0510	0.0243	0.0193	0.0171	0.0022	0.0560	0.0339	0.0221	1137.3650	0.0000	118907453.0499	0.0966	0.0000	inf	43452312.3442	0.0000	117355832.0930	0.0084	0.0124	0.0000	0.0328	0.0370	0.0000	0.0000	0.0000	0.0000	
4	60	0.1244	5	0	2	0	0	0	0	0	0	N	Y	N	N	N	N	N	N	N	N	N	N	3237.4316	0.0000	9088.5066	2.7260	0.0000	inf	3143.8540	8546.0737	10.8735	0.0000	73.6669	0.0036	0.0000	0.0782	11.5712	0.0000	75.0826	0.0034	0.0003	0.0081	0.0013	0.0017	0.0000	0.0037	0.0000	0.0088	inf	17.5466	0.0002	0.0001	3.9843	0.0005	1.0588	3.6054	0.0003	0.0000	0.0003	0.0000	0.0000	0.0000	0.0003	0.0000	0.0003	0.0001	0.0000	0.0001	0.0000	0.0000	0.0000	0.0001	0.0000	0.0001	0.0000	0.0000	0.0000	0.0000	0.0000	0.0000	0.0000	0.0000	0.0000	0.0374	0.0227	0.0147	0.0051	0.0040	0.0011	0.0323	0.0188	0.0135	3237.4316	0.0000	9088.5066	2.7260	0.0000	inf	3143.8540	0.0000	8546.0737	0.0034	0.0003	0.0081	0.0013	0.0017	0.0000	0.0037	0.0000	0.0088	
4	61	0.1226	6	0	1	1	0	0	0	0	0	N	N	N	N	N	N	N	N	N	N	N	N	0.0000	0.0000	0.0000	0.0000	0.0000	0.0000	0.0000	0.0000	0.0000	0.0000	0.0000	0.0000	0.0000	0.0000	0.0000	0.0000	0.0000	0.0000	0.0000	0.0000	3.9843	0.0000	1.0588	1.0000	0.0000	0.0000	0.0000	0.0000	0.0000	0.0000	0.0000	0.0000	0.0000	0.0000	0.0000	0.0000	0.0000	0.0000	0.0000	0.0000	0.0000	0.0000	0.0000	0.0000	0.0000	0.0000	0.0000	0.0000	0.0000	0.0000	0.0000	0.0109	0.0063	0.0047	0.0014	0.0011	0.0004	0.0095	0.0052	0.0043	0.0000	0.0000	0.0000	0.0000	0.0000	0.0000	0.0000	0.0000	0.0000	0.0000	0.0000	0.0000	0.0000	0.0000	0.0000	0.0000	0.0000	0.0000											
4	62	0.1183	5	0	1	0	0	0	0	0	0	N	N	N	N	N	N	N	N	N	N	N	N	0.0000	0.0000	0.0000	0.0000	0.0000	0.0000	0.0000	0.0000	0.0000	0.0000	0.0000	0.0000	0.0000	0.0000	0.0000	0.0000	0.0000	0.0000	0.0000	0.0000	0.0000	0.0000	0.0000	0.0000	0.0000	0.0000	8.8762	0.0000	0.0000	3.9843	0.0001	1.0588	1.0076	0.0000	0.0000	0.0000	0.0000	0.0000	0.0000	0.0000	0.0000	0.0000	0.0000	0.0000	0.0000	0.0000	0.0000	0.0000	0.0000	0.0000	0.0000	0.0000	0.0000	0.0000	0.0000	0.0000	0.0000	0.0000	0.0000	0.0000	0.0138	0.0087	0.0051	0.0028	0.0025	0.0004	0.0110	0.0062	0.0048	0.0000	0.0000	0.0000	0.0000	0.0000	0.0000	0.0000	0.0000	0.0000	0.0000	0.0000	0.0000	0.0000	0.0000	0.0000	0.0000	0.0000	0.0000		
4	63	0.0515	4	0	1	0	0	0	0	0	0	N	N	N	N	N	N	N	N	N	N	N	N	0.0000	0.0000	0.0000	0.0000	0.0000	0.0000	0.0000	0.0000	0.0000	0.0000	0.0000	0.0000	0.0000	0.0000	0.0000	0.0000	0.0000	0.0004	0.0007	0.0002	0.0061	0.0070	0.0003	0.0001	0.0000	0.0002	0.1722	0.0000	-0.0000	3.9843	11.9999	1.0588	3.0574	0.0000	0.0000	0.0000	0.0000	0.0000	0.0000	0.0000	0.0000	0.0000	0.0001	0.0001	0.0000	0.0001	0.0001	0.0000	0.0000	0.0000	0.0000	0.5753	0.4918	0.0835	0.0091	0.0088	0.0003	0.5661	0.4830	0.0831	0.1567	0.0891	0.0676	0.0099	0.0085	0.0014	0.1467	0.0806	0.0662	0.0000	0.0000	0.0000	0.0000	0.0000	0.0000	0.0000	0.0000	0.0000	0.0004	0.0007	0.0002	0.0061	0.0070	0.0003	0.0001	0.0000	0.0002		
4	64	0.1244	5	1	2	0	0	0	0	0	0	N	Y	N	N	N	N	N	N	N	N	N	N	0.0000	0.0000	0.0000	0.0000	0.0000	0.0000	0.0000	0.0000	0.0000	0.0000	0.0000	0.0000	0.0000	0.0000	0.0000	0.0000	0.0000	0.0000	0.0000	0.0000	3.9843	4.0000	1.0588	3.0000	0.0000	0.0000	0.0000	0.0000	0.0000	0.0000	0.0000	0.0000	0.0000	0.0000	0.0000	0.0000	0.0000	0.0000	0.0000	0.0000	0.0000	0.0000	0.2051	0.1752	0.0299	0.0123	0.0117	0.0006	0.1927	0.1634	0.0293	0.0708	0.0431	0.0277	0.0097	0.0076	0.0022	0.0611	0.0355	0.0256	0.0000	0.0000	0.0000	0.0000	0.0000	0.0000	0.0000	0.0000	0.0000	0.0000	0.0000	0.0000	0.0000	0.0000	0.0000	0.0000	0.0000	0.0000											
4	65	0.0826	4	0	1	0	0	0	0	0	0	N	N	N	N	N	N	N	N	N	N	N	N	0.0000	0.0000	0.0000	0.0000	0.0000	0.0000	0.0000	0.0000	0.0000	0.0000	0.0000	0.0000	0.0000	0.0252	0.0436	0.0000	1.1272	1.5726	0.0000	0.0000	0.0000	0.0000	0.0000	0.0000	-0.0017	3.9843	2.0015	1.0588	10.0016	0.0000	0.0000	0.0000	0.0000	0.0000	0.0000	0.0000	0.0000	0.0000	0.0031	0.0031	0.0000	0.0031	0.0031	0.0000	0.0000	0.0000	0.0000	0.1061	0.0902	0.0159	0.0025	0.0023	0.0001	0.1036	0.0878	0.0158	0.1232	0.0711	0.0520	0.0139	0.0109	0.0030	0.1092	0.0602	0.0491	0.0000	0.0000	0.0000	0.0000	0.0000	0.0000	0.0000	0.0000	0.0000	0.0252	0.0436	0.0000	0.2229	0.2832	0.0000	0.0000	0.0000	0.0000						
4	67	0.2374	6	0	1	0	0	0	0	0	0	N	N	N	N	N	N	N	N	N	N	N	N	13.3172	11.3653	0.0000	55.1123	48.5337	0.0000	0.0014	0.0191	0.0000	0.1520	0.1764	0.0000	1.3740	1.4414	0.0000	0.0000	0.0000	0.0000	0.0114	0.0155	0.0023	0.0249	0.0297	0.0007	0.0012	0.0001	0.0028	0.0000	0.0672	-0.0196	-0.0017	3.9843	4.8614	1.0588	14.2102	0.0424	0.0424	0.0000	0.0424	0.0424	0.0000	0.0000	0.0000	0.0000	0.0037	0.0034	0.0002	0.0034	0.0034	0.0000	0.0002	0.0000	0.0002	0.2789	0.2404	0.0385	0.0309	0.0294	0.0014	0.2481	0.2110	0.0371	0.3205	0.2209	0.0996	0.1377	0.1150	0.0226	0.1828	0.1058	0.0770	13.3172	11.3653	0.0000	55.1123	48.5337	0.0000	0.0014	0.0191	0.0000	0.0114	0.0155	0.0023	0.0249	0.0297	0.0007	0.0012	0.0001	0.0028
4	68	0.1583	8	1	2	1	0	0	0	0	0	N	Y	N	N	N	N	N	N	N	N	N	N	0.0000	0.0000	0.0000	0.0000	0.0000	0.0000	0.0000	0.0000	0.0000	0.0000	0.0000	0.0000	0.0000	0.0000	0.0000	0.0000	0.0000	0.0000	0.0000	0.0000	3.9843	0.0000	1.0588	0.0000	0.0000	0.0000	0.0000	0.0000	0.0000	0.0000	0.0000	0.0000	0.0000	0.0000	0.0000	0.0000	0.0000	0.0000	0.0000	0.0000	0.0000	0.0000	0.0000	0.0000	0.0000	0.0000	0.0000	0.0000	0.0000	0.0000	0.0000	0.0000	0.0000	0.0000	0.0000	0.0000	0.0000	0.0000	0.0000	0.0000	0.0000	0.0000	0.0000	0.0000	0.0000	0.0000	0.0000	0.0000	0.0000	0.0000	0.0000	0.0000	0.0000	0.0000	0.0000	0.0000	0.0000	0.0000											
4	69	0.1541	7	1	1	1	0	0	0	0	0	N	N	N	N	N	N	N	N	N	N	N	N	0.0000	0.0000	0.0000	0.0000	0.0000	0.0000	0.0000	0.0000	0.0000	0.0000	0.0000	0.0000	0.0000	0.0000	0.0000	0.0000	0.0000	0.2432	0.5916	0.0011	8.1116	11.2033	0.0015	0.0005	0.0000	0.0010	0.0020	0.0000	-0.0012	3.9843	0.0016	1.0588	0.9826	0.0000	0.0000	0.0000	0.0000	0.0000	0.0000	0.0000	0.0000	0.0000	0.0023	0.0023	0.0000	0.0023	0.0023	0.0000	0.0000	0.0000	0.0000	0.0003	0.0003	0.0000	0.0001	0.0001	0.0000	0.0002	0.0002	0.0000	0.0117	0.0073	0.0044	0.0028	0.0023	0.0004	0.0089	0.0049	0.0040	0.0000	0.0000	0.0000	0.0000	0.0000	0.0000	0.0000	0.0000	0.0000	0.1978	0.3178	0.0011	0.8309	0.9869	0.0015	0.0005	0.0000	0.0010		
4	70	0.1414	6	1	1	1	0	0	0	0	0	N	N	N	N	N	N	N	N	N	N	N	N	0.0000	0.0000	0.0000	0.0000	0.0000	0.0000	0.0000	0.0000	0.0000	0.0000	0.0000	0.0000	0.0000	0.0000	0.0000	0.0000	0.0000	0.0029	0.0045	0.0001	0.0133	0.0159	0.0001	0.0000	0.0000	0.0001	0.0125	0.0000	-0.0001	3.9843	0.0061	1.0588	3.0249	0.0000	0.0000	0.0000	0.0000	0.0000	0.0000	0.0000	0.0000	0.0000	0.0001	0.0001	0.0000	0.0001	0.0001	0.0000	0.0000	0.0000	0.0000	0.0008	0.0007	0.0001	0.0003	0.0003	0.0000	0.0006	0.0005	0.0001	0.0350	0.0220	0.0130	0.0074	0.0062	0.0012	0.0276	0.0158	0.0118	0.0000	0.0000	0.0000	0.0000	0.0000	0.0000	0.0000	0.0000	0.0000	0.0029	0.0045	0.0001	0.0133	0.0159	0.0001	0.0000	0.0000	0.0001		
4	71	0.1244	5	1	1	1	0	0	0	0	0	N	N	N	N	N	N	N	N	N	N	N	N	0.0000	0.0000	0.0000	0.0000	0.0000	0.0000	0.0000	0.0000	0.0000	0.0000	0.0000	0.0000	0.0000	0.0000	0.0001	0.0000	0.0003	0.0003	0.0000	0.0000	0.0000	0.0000	0.0000	0.0000	-0.0000	3.9843	0.0044	1.0588	4.0281	0.0000	0.0000	0.0000	0.0000	0.0000	0.0000	0.0000	0.0000	0.0000	0.0000	0.0000	0.0000	0.0000	0.0000	0.0000	0.0000	0.0000	0.0000	0.0002	0.0002	0.0000	0.0000	0.0000	0.0000	0.0002	0.0002	0.0000	0.0417	0.0253	0.0163	0.0057	0.0044	0.0013	0.0360	0.0209	0.0151	0.0000	0.0000	0.0000	0.0000	0.0000	0.0000	0.0000	0.0000	0.0000	0.0000	0.0001	0.0000	0.0003	0.0003	0.0000	0.0000	0.0000	0.0000						
4	72	0.0826	4	0	2	0	0	0	0	0	0	N	Y	N	N	N	N	N	N	N	N	N	N	inf	inf	inf	inf	inf	inf	3.2666	3.8326	0.0000	0.0029	0.0031	0.0000	3.3417	3.9312	0.0000	0.0000	0.0000	0.0000	0.0000	0.0000	0.0000	0.0000	0.0000	0.0000	0.0000	-0.4609	0.0000	3.9843	5.9987	1.0588	11.0016	0.9982	0.9982	0.0000	0.0000	0.0000	0.0000	0.9981	0.9981	0.0000	0.0000	0.0000	0.0000	0.0000	0.0000	0.0000	0.0000	0.0000	0.0000	0.3056	0.2604	0.0451	0.0069	0.0065	0.0003	0.2987	0.2539	0.0448	0.1678	0.0971	0.0707	0.0191	0.0150	0.0041	0.1488	0.0821	0.0666	inf	inf	0.0000	inf	inf	0.0000	inf	inf	0.0000	0.0000	0.0000	0.0000	0.0000	0.0000	0.0000	0.0000	0.0000	0.0000				
4	73	0.1244	5	1	1	1	0	0	0	0	0	N	N	N	N	N	N	N	N	N	N	N	N	0.0000	0.0000	0.0000	0.0000	0.0000	0.0000	0.0000	0.0000	0.0000	0.0000	0.0000	0.0000	0.0000	0.0000	0.0000	0.0000	0.0000	0.0000	0.0000	0.0000	3.9843	2.0000	1.0588	5.0000	0.0000	0.0000	0.0000	0.0000	0.0000	0.0000	0.0000	0.0000	0.0000	0.0000	0.0000	0.0000	0.0000	0.0000	0.0000	0.0000	0.0000	0.0000	0.1045	0.0892	0.0153	0.0063	0.0060	0.0003	0.0982	0.0832	0.0150	0.0708	0.0431	0.0277	0.0097	0.0076	0.0022	0.0611	0.0355	0.0256	0.0000	0.0000	0.0000	0.0000	0.0000	0.0000	0.0000	0.0000	0.0000	0.0000	0.0000	0.0000	0.0000	0.0000	0.0000	0.0000	0.0000	0.0000											
4	74	0.1243	6	0	2	0	0	0	0	0	0	N	Y	N	N	N	N	N	N	N	N	N	N	0.0007	0.0900	0.0000	0.0507	0.3279	0.0000	0.0000	0.0000	0.0000	0.0000	0.0000	0.0000	0.0008	0.0008	0.0000	0.0000	0.0000	0.0000	0.0443	0.0004	0.1328	0.0151	0.0024	0.1091	0.0480	0.0000	0.1294	0.0000	185.1147	-0.0000	0.0042	3.9843	6.1274	1.0588	13.6208	0.0000	0.0000	0.0000	0.0000	0.0000	0.0000	0.0000	0.0000	0.0000	0.0093	0.0001	0.0093	0.0004	0.0001	0.0003	0.0090	0.0000	0.0090	0.3223	0.2752	0.0471	0.0129	0.0125	0.0004	0.3094	0.2627	0.0467	0.2106	0.1257	0.0849	0.0237	0.0209	0.0028	0.1870	0.1049	0.0821	0.0007	0.0900	0.0000	0.0507	0.3279	0.0000	0.0000	0.0000	0.0000	0.0443	0.0004	0.1094	0.0151	0.0024	0.1091	0.0480	0.0000	0.1094
4	75	0.1489	9	0	1	1	0	0	0	0	0	N	N	N	N	N	N	N	N	N	N	N	N	0.0000	0.0000	0.0000	0.0000	0.0000	0.0000	0.0000	0.0000	0.0000	0.0000	0.0000	0.0000	0.0000	0.0000	0.0000	0.2070	0.0000	0.6037	0.0779	0.0000	0.7447	0.1833	0.0000	0.5976	inf	0.0000	0.0009	3.9843	0.0000	1.0588	1.0003	0.0000	0.0000	0.0000	0.0000	0.0000	0.0000	0.0000	0.0000	0.0000	0.0020	0.0000	0.0020	0.0001	0.0000	0.0001	0.0019	0.0000	0.0019	0.0000	0.0000	0.0000	0.0000	0.0000	0.0000	0.0000	0.0000	0.0000	0.0113	0.0068	0.0045	0.0011	0.0009	0.0002	0.0102	0.0059	0.0043	0.0000	0.0000	0.0000	0.0000	0.0000	0.0000	0.0000	0.0000	0.0000	0.1731	0.0000	0.4331	0.0751	0.0000	0.4659	0.1833	0.0000	0.4318				
4	76	0.1448	8	0	1	1	0	0	0	0	0	N	N	N	N	N	N	N	N	N	N	N	N	0.0000	0.0000	0.0000	0.0000	0.0000	0.0000	0.0000	0.0000	0.0000	0.0000	0.0000	0.0000	0.0000	0.0000	0.0000	0.0000	0.0000	0.0009	0.0002	0.0018	0.0019	0.0019	0.0024	0.0008	0.0000	0.0018	5.4718	0.0000	0.0000	3.9843	0.0000	1.0588	1.0076	0.0000	0.0000	0.0000	0.0000	0.0000	0.0000	0.0000	0.0000	0.0000	0.0000	0.0000	0.0000	0.0000	0.0000	0.0000	0.0000	0.0000	0.0000	0.0000	0.0000	0.0000	0.0000	0.0000	0.0000	0.0000	0.0000	0.0000	0.0113	0.0068	0.0045	0.0009	0.0008	0.0001	0.0103	0.0060	0.0044	0.0000	0.0000	0.0000	0.0000	0.0000	0.0000	0.0000	0.0000	0.0000	0.0009	0.0002	0.0018	0.0019	0.0019	0.0024	0.0008	0.0000	0.0018		
4	77	0.1407	7	0	1	0	0	0	0	0	0	N	N	N	N	N	N	N	N	N	N	N	N	0.0000	0.0000	0.0000	0.0000	0.0000	0.0000	0.0000	0.0000	0.0000	0.0000	0.0000	0.0000	0.0000	0.0000	0.0000	0.0000	0.0000	0.0005	0.0006	0.0003	0.0041	0.0048	0.0004	0.0001	0.0000	0.0003	0.4206	0.0000	-0.0000	3.9843	0.0026	1.0588	0.9924	0.0000	0.0000	0.0000	0.0000	0.0000	0.0000	0.0000	0.0000	0.0000	0.0000	0.0000	0.0000	0.0000	0.0000	0.0000	0.0000	0.0000	0.0000	0.0004	0.0004	0.0000	0.0001	0.0001	0.0000	0.0003	0.0002	0.0000	0.0111	0.0066	0.0045	0.0009	0.0008	0.0001	0.0102	0.0059	0.0043	0.0000	0.0000	0.0000	0.0000	0.0000	0.0000	0.0000	0.0000	0.0000	0.0005	0.0006	0.0003	0.0041	0.0048	0.0004	0.0001	0.0000	0.0003		
4	78	0.1243	6	0	1	0	0	0	0	0	0	N	N	N	N	N	N	N	N	N	N	N	N	0.0051	0.0038	0.0000	0.0165	0.0159	0.0000	0.0000	0.0000	0.0000	0.0001	0.0001	0.0000	0.0010	0.0011	0.0000	0.0000	0.0000	0.0000	0.0118	0.0186	0.0001	0.0629	0.0667	0.0007	0.0000	0.0000	0.0001	0.0000	0.0027	-0.0000	-0.0004	3.9843	2.8733	1.0588	1.5522	0.0000	0.0000	0.0000	0.0000	0.0000	0.0000	0.0000	0.0000	0.0000	0.0008	0.0008	0.0000	0.0008	0.0008	0.0000	0.0000	0.0000	0.0000	0.1624	0.1386	0.0238	0.0095	0.0093	0.0002	0.1529	0.1293	0.0236	0.0659	0.0419	0.0241	0.0124	0.0116	0.0007	0.0536	0.0302	0.0234	0.0051	0.0038	0.0000	0.0165	0.0159	0.0000	0.0000	0.0000	0.0000	0.0118	0.0186	0.0001	0.0629	0.0667	0.0007	0.0000	0.0000	0.0001
4	79	0.1122	5	0	1	0	0	0	0	0	0	N	N	N	N	N	N	N	N	N	N	N	N	0.2516	0.3263	0.1933	0.5784	0.5751	0.0000	0.0783	0.0000	0.1935	0.0033	0.0031	0.0040	0.0133	0.0133	0.0000	0.0007	0.0000	0.0040	0.0130	0.0096	0.0205	0.0229	0.0231	0.0184	0.0087	0.0002	0.0206	0.1987	0.9307	-0.0000	-0.0001	3.9843	0.2102	1.0588	3.4985	0.0001	0.0000	0.0000	0.0000	0.0000	0.0000	0.0000	0.0000	0.0000	0.0010	0.0005	0.0005	0.0005	0.0005	0.0000	0.0005	0.0000	0.0005	0.0183	0.0158	0.0025	0.0037	0.0037	0.0000	0.0145	0.0121	0.0025	0.0787	0.0547	0.0240	0.0237	0.0225	0.0011	0.0551	0.0322	0.0228	0.2516	0.3263	0.1933	0.5784	0.5751	0.0000	0.0783	0.0000	0.1935	0.0130	0.0096	0.0205	0.0229	0.0231	0.0184	0.0087	0.0002	0.0206
4	80	0.0384	3	0	2	0	0	0	0	0	0	N	Y	N	N	N	N	N	N	N	N	N	N	0.4048	0.3031	0.0000	1.8235	1.8124	0.0000	0.0000	0.0000	0.0000	0.0005	0.0005	0.0000	0.0228	0.0237	0.0000	0.0000	0.0000	0.0000	0.0011	0.0018	0.0003	0.0125	0.0131	0.0081	0.0000	0.0000	0.0001	0.0000	0.1072	-0.0000	-0.0000	3.9843	2.0196	1.0588	6.0690	0.0000	0.0000	0.0000	0.0000	0.0000	0.0000	0.0000	0.0000	0.0000	0.0001	0.0001	0.0000	0.0001	0.0001	0.0000	0.0000	0.0000	0.0000	0.1078	0.0917	0.0161	0.0022	0.0021	0.0001	0.1056	0.0896	0.0160	0.0941	0.0541	0.0400	0.0082	0.0074	0.0009	0.0858	0.0468	0.0391	0.4048	0.3031	0.0000	1.8235	1.8124	0.0000	0.0000	0.0000	0.0000	0.0011	0.0018	0.0003	0.0125	0.0131	0.0081	0.0000	0.0000	0.0001
4	81	0.0301	2	0	1	0	0	0	0	0	0	N	N	N	N	N	N	N	N	N	N	N	N	0.1296	0.0659	3.0091	0.2049	0.1941	0.0000	0.9728	0.0000	3.0435	0.0036	0.0031	0.0062	0.4544	0.4573	0.0000	0.0009	0.0000	0.0062	0.0276	0.0472	0.0021	2.2174	2.3566	0.0032	0.0010	0.0001	0.0020	0.3571	0.0335	-0.0000	-0.0003	3.9843	0.9876	1.0588	0.9833	0.0002	0.0001	0.0000	0.0001	0.0001	0.0000	0.0000	0.0000	0.0000	0.0007	0.0006	0.0000	0.0006	0.0006	0.0000	0.0000	0.0000	0.0000	0.0524	0.0444	0.0079	0.0003	0.0003	0.0000	0.0521	0.0441	0.0079	0.0243	0.0138	0.0105	0.0020	0.0018	0.0002	0.0223	0.0120	0.0103	0.1296	0.0659	3.0091	1.3810	1.2503	0.0000	0.9728	0.0000	3.0435	0.0276	0.0472	0.0021	0.3291	0.3658	0.0032	0.0010	0.0001	0.0020
4	82	0.1527	6	1	1	1	0	0	0	0	0	N	N	N	N	N	N	N	N	N	N	N	N	0.0000	0.0000	0.0000	0.0000	0.0000	0.0000	0.0000	0.0000	0.0000	0.0000	0.0000	0.0000	0.0000	0.0000	0.0000	0.0000	23.0782	0.0004	125.5081	0.0012	0.0014	0.0000	28.0465	0.0000	125.6857	100299.8303	0.0000	0.4556	3.9843	1.0000	1.0588	2.9874	0.0000	0.0000	0.0000	0.0000	0.0000	0.0000	0.0000	0.0000	0.0000	0.9903	0.0000	0.9903	0.0000	0.0000	0.0000	0.9903	0.0000	0.9903	0.0532	0.0452	0.0080	0.0010	0.0010	0.0000	0.0522	0.0442	0.0080	0.0438	0.0263	0.0175	0.0085	0.0069	0.0016	0.0353	0.0195	0.0159	0.0000	0.0000	0.0000	0.0000	0.0000	0.0000	0.0000	0.0000	0.0000	22.5962	0.0004	56.6689	0.0012	0.0014	0.0000	28.0465	0.0000	62.4517			
4	83	0.1244	5	1	1	1	0	0	0	0	0	N	N	N	N	N	N	N	N	N	N	N	N	0.0000	0.0000	0.0000	0.0000	0.0000	0.0000	0.0000	0.0000	0.0000	0.0000	0.0000	0.0000	0.0000	0.0000	0.0000	0.0000	0.0003	0.0000	0.0007	0.0000	0.0000	0.0000	0.0003	0.0000	0.0008	155.9480	0.0000	0.0000	3.9843	0.9997	1.0588	6.0128	0.0000	0.0000	0.0000	0.0000	0.0000	0.0000	0.0000	0.0000	0.0000	0.0000	0.0000	0.0000	0.0000	0.0000	0.0000	0.0000	0.0000	0.0000	0.0527	0.0450	0.0078	0.0032	0.0030	0.0001	0.0495	0.0419	0.0076	0.0709	0.0431	0.0278	0.0098	0.0076	0.0022	0.0612	0.0355	0.0256	0.0000	0.0000	0.0000	0.0000	0.0000	0.0000	0.0000	0.0000	0.0000	0.0003	0.0000	0.0007	0.0000	0.0000	0.0000	0.0003	0.0000	0.0008			
4	84	0.0826	4	0	2	0	1	0	0	0	0	N	Y	N	N	N	N	N	N	N	N	N	N	12039.7369	8173.9376	1.2261	1.0095	inf	inf	2.4956	2.9244	0.0000	0.0022	0.0023	0.0000	2.5527	2.9993	0.0000	0.0002	0.0004	0.0000	0.0018	0.0023	0.0000	0.0000	0.0000	0.0000	0.0000	0.0000	-0.4609	-0.0000	3.9843	8.0013	1.0588	12.0015	0.9982	0.9982	0.0000	0.0000	0.0000	0.0000	0.9981	0.9981	0.0000	0.0000	0.0000	0.0000	0.0000	0.0000	0.0000	0.0000	0.0000	0.0000	0.4000	0.3413	0.0586	0.0090	0.0085	0.0004	0.3910	0.3328	0.0582	0.1930	0.1118	0.0812	0.0220	0.0172	0.0048	0.1710	0.0946	0.0764	12039.7369	8173.9376	0.0000	1.2261	1.0095	0.0000	inf	inf	0.0000	0.0002	0.0004	0.0000	0.0018	0.0023	0.0000	0.0000	0.0000	0.0000			
4	85	0.0515	4	0	2	0	0	0	0	0	0	N	Y	N	N	N	N	N	N	N	N	N	N	0.0000	0.0000	0.0000	0.0000	0.0000	0.0000	0.0000	0.0000	0.0000	0.0000	0.0000	0.0000	0.0000	0.0002	0.0004	0.0000	0.0033	0.0039	0.0000	0.0000	0.0000	0.0000	0.0000	0.0000	-0.0000	3.9843	1.0000	1.0588	6.9850	0.0000	0.0000	0.0000	0.0000	0.0000	0.0000	0.0000	0.0000	0.0000	0.0000	0.0000	0.0000	0.0000	0.0000	0.0000	0.0000	0.0000	0.0000	0.0531	0.0451	0.0080	0.0008	0.0008	0.0000	0.0523	0.0443	0.0080	0.0885	0.0503	0.0382	0.0059	0.0051	0.0008	0.0826	0.0452	0.0374	0.0000	0.0000	0.0000	0.0000	0.0000	0.0000	0.0000	0.0000	0.0000	0.0002	0.0004	0.0000	0.0033	0.0039	0.0000	0.0000	0.0000	0.0000						
4	86	0.0388	3	0	1	0	0	0	0	0	0	N	N	N	N	N	N	N	N	N	N	N	N	0.4620	0.3290	0.0000	1.7515	1.5714	0.0000	0.0000	0.0000	0.0002	0.0002	0.0000	0.0100	0.0103	0.0000	0.0000	0.0000	0.0000	0.0004	0.0007	0.0001	0.0057	0.0065	0.0003	0.0000	0.0000	0.0001	0.0000	0.0737	-0.0000	-0.0000	3.9843	1.0086	1.0588	2.0000	0.0000	0.0000	0.0000	0.0000	0.0000	0.0000	0.0000	0.0000	0.0000	0.0000	0.0000	0.0000	0.0000	0.0000	0.0000	0.0000	0.0000	0.0000	0.0540	0.0459	0.0081	0.0010	0.0010	0.0000	0.0530	0.0449	0.0081	0.0348	0.0196	0.0152	0.0023	0.0020	0.0003	0.0326	0.0176	0.0149	0.4620	0.3290	0.0000	1.7515	1.5714	0.0000	0.0000	0.0000	0.0000	0.0004	0.0007	0.0001	0.0057	0.0065	0.0003	0.0000	0.0000	0.0001	
4	87	0.1244	5	0	2	0	0	0	0	0	0	N	Y	N	N	N	N	N	N	N	N	N	N	0.0000	0.0000	0.0000	0.0000	0.0000	0.0000	0.0000	0.0000	0.0000	0.0000	0.0000	0.0000	0.0000	0.0381	0.0627	0.0000	1.7414	2.3152	0.0000	0.0000	0.0000	0.0000	0.0000	0.0000	-0.0022	3.9843	4.0000	1.0588	7.0000	0.0000	0.0000	0.0000	0.0000	0.0000	0.0000	0.0000	0.0000	0.0000	0.0041	0.0041	0.0000	0.0041	0.0041	0.0000	0.0000	0.0000	0.0000	0.2051	0.1752	0.0299	0.0123	0.0117	0.0006	0.1927	0.1634	0.0293	0.1081	0.0657	0.0423	0.0150	0.0116	0.0034	0.0931	0.0541	0.0390	0.0000	0.0000	0.0000	0.0000	0.0000	0.0000	0.0000	0.0000	0.0000	0.0381	0.0627	0.0000	0.2751	0.3545	0.0000	0.0000	0.0000	0.0000						
4	88	0.0826	4	0	1	0	0	0	0	0	0	N	N	N	N	N	N	N	N	N	N	N	N	0.0000	0.0000	0.0000	0.0000	0.0000	0.0000	0.0000	0.0000	0.0000	0.0000	0.0000	0.0000	0.0000	0.0188	0.0326	0.0000	0.4545	0.7168	0.0000	0.0000	0.0000	0.0000	0.0000	0.0000	-0.0011	3.9843	2.9985	1.0588	7.0016	0.0000	0.0000	0.0000	0.0000	0.0000	0.0000	0.0000	0.0000	0.0000	0.0020	0.0020	0.0000	0.0020	0.0020	0.0000	0.0000	0.0000	0.0000	0.1573	0.1338	0.0235	0.0036	0.0034	0.0002	0.1537	0.1304	0.0233	0.1042	0.0601	0.0441	0.0117	0.0093	0.0025	0.0925	0.0509	0.0416	0.0000	0.0000	0.0000	0.0000	0.0000	0.0000	0.0000	0.0000	0.0000	0.0188	0.0326	0.0000	0.1669	0.2118	0.0000	0.0000	0.0000	0.0000						
4	93	0.1793	9	1	2	0	1	0	0	0	0	N	Y	N	N	N	N	N	N	N	N	N	N	0.0000	0.0000	0.0000	0.0000	0.0000	0.0000	0.0000	0.0000	0.0000	0.0000	0.0000	0.0000	0.0000	0.0000	0.0000	0.0000	0.0000	0.0000	0.0000	0.0000	3.9843	0.0000	1.0588	0.0000	0.0000	0.0000	0.0000	0.0000	0.0000	0.0000	0.0000	0.0000	0.0000	0.0000	0.0000	0.0000	0.0000	0.0000	0.0000	0.0000	0.0000	0.0000	0.0000	0.0000	0.0000	0.0000	0.0000	0.0000	0.0000	0.0000	0.0000	0.0000	0.0000	0.0000	0.0000	0.0000	0.0000	0.0000	0.0000	0.0000	0.0000	0.0000	0.0000	0.0000	0.0000	0.0000	0.0000	0.0000	0.0000	0.0000	0.0000	0.0000	0.0000	0.0000	0.0000	0.0000	0.0000	0.0000											
4	94	0.1793	8	1	2	0	1	0	0	0	0	N	Y	N	N	N	N	N	N	N	N	N	N	0.0000	0.0000	0.0000	0.0000	0.0000	0.0000	0.0000	0.0000	0.0000	0.0000	0.0000	0.0000	0.0000	0.0000	0.0000	0.0002	0.0000	0.0013	0.0003	0.0000	0.0270	0.0002	0.0000	0.0005	inf	0.0000	0.0000	3.9843	0.0000	1.0588	0.0001	0.0000	0.0000	0.0000	0.0000	0.0000	0.0000	0.0000	0.0000	0.0000	0.0000	0.0000	0.0000	0.0000	0.0000	0.0000	0.0000	0.0000	0.0000	0.0000	0.0000	0.0000	0.0000	0.0000	0.0000	0.0000	0.0000	0.0000	0.0000	0.0000	0.0000	0.0000	0.0000	0.0000	0.0000	0.0000	0.0000	0.0000	0.0000	0.0000	0.0000	0.0000	0.0000	0.0000	0.0000	0.0000	0.0002	0.0000	0.0013	0.0003	0.0000	0.0270	0.0002	0.0000	0.0005				
4	95	0.1613	7	0	2	0	1	0	0	0	0	N	Y	N	N	N	N	N	N	N	N	N	N	0.0000	0.0000	0.0000	0.0000	0.0000	0.0000	0.0000	0.0000	0.0000	0.0000	0.0000	0.0000	0.0000	0.0000	0.0000	0.0000	0.0004	0.0007	0.0000	0.0025	0.0029	0.0000	0.0000	0.0000	0.0000	0.0086	0.0000	-0.0000	3.9843	0.9845	1.0588	0.9903	0.0000	0.0000	0.0000	0.0000	0.0000	0.0000	0.0000	0.0000	0.0000	0.0000	0.0000	0.0000	0.0000	0.0000	0.0000	0.0000	0.0000	0.0000	0.0549	0.0469	0.0080	0.0045	0.0043	0.0002	0.0504	0.0425	0.0078	0.0230	0.0138	0.0092	0.0040	0.0034	0.0006	0.0190	0.0105	0.0085	0.0000	0.0000	0.0000	0.0000	0.0000	0.0000	0.0000	0.0000	0.0000	0.0004	0.0007	0.0000	0.0025	0.0029	0.0000	0.0000	0.0000	0.0000			
4	96	0.1585	7	0	2	0	0	0	0	0	0	N	Y	N	N	N	N	N	N	N	N	N	N	1.4441	1.1029	0.0000	10.8842	9.8822	0.0000	0.0000	0.0000	0.0000	0.0007	0.0009	0.0000	0.0166	0.0175	0.0000	0.0000	0.0000	0.0000	0.0005	0.0008	0.0000	0.0015	0.0018	0.0000	0.0000	0.0000	0.0000	0.0000	0.0131	-0.0000	-0.0000	3.9843	1.0063	1.0588	3.7812	0.0000	0.0000	0.0000	0.0000	0.0000	0.0000	0.0000	0.0000	0.0000	0.0000	0.0000	0.0000	0.0000	0.0000	0.0000	0.0000	0.0000	0.0000	0.0546	0.0464	0.0081	0.0024	0.0023	0.0001	0.0522	0.0442	0.0080	0.0801	0.0514	0.0287	0.0261	0.0224	0.0037	0.0540	0.0290	0.0250	1.4441	1.1029	0.0000	10.8842	9.8822	0.0000	0.0000	0.0000	0.0000	0.0005	0.0008	0.0000	0.0015	0.0018	0.0000	0.0000	0.0000	0.0000
4	97	0.1613	7	0	1	1	1	0	0	0	0	N	N	N	N	N	N	N	N	N	N	N	N	0.0000	0.0000	0.0000	0.0000	0.0000	0.0000	0.0000	0.0000	0.0000	0.0000	0.0000	0.0000	0.0000	0.0000	0.0000	0.0000	0.0000	0.0005	0.0007	0.0001	0.0025	0.0029	0.0003	0.0000	0.0000	0.0001	0.0844	0.0000	-0.0000	3.9843	1.0165	1.0588	1.0129	0.0000	0.0000	0.0000	0.0000	0.0000	0.0000	0.0000	0.0000	0.0000	0.0000	0.0000	0.0000	0.0000	0.0000	0.0000	0.0000	0.0000	0.0000	0.0565	0.0483	0.0082	0.0046	0.0044	0.0002	0.0519	0.0439	0.0081	0.0236	0.0142	0.0094	0.0041	0.0034	0.0007	0.0195	0.0107	0.0088	0.0000	0.0000	0.0000	0.0000	0.0000	0.0000	0.0000	0.0000	0.0000	0.0005	0.0007	0.0001	0.0025	0.0029	0.0003	0.0000	0.0000	0.0001		
4	98	0.1484	6	0	1	0	1	0	0	0	0	N	N	N	N	N	N	N	N	N	N	N	N	0.0000	0.0000	0.0000	0.0000	0.0000	0.0000	0.0000	0.0000	0.0000	0.0000	0.0000	0.0000	0.0000	0.0000	0.0000	0.0000	0.0001	0.0002	0.0000	0.0000	0.0000	0.0000	0.0000	0.0000	-0.0000	3.9843	2.0241	1.0588	1.0265	0.0000	0.0000	0.0000	0.0000	0.0000	0.0000	0.0000	0.0000	0.0000	0.0000	0.0000	0.0000	0.0000	0.0000	0.0000	0.0000	0.0000	0.0000	0.1089	0.0928	0.0161	0.0052	0.0049	0.0003	0.1038	0.0879	0.0158	0.0339	0.0200	0.0138	0.0063	0.0050	0.0013	0.0276	0.0150	0.0126	0.0000	0.0000	0.0000	0.0000	0.0000	0.0000	0.0000	0.0000	0.0000	0.0000	0.0000	0.0000	0.0001	0.0002	0.0000	0.0000	0.0000	0.0000						
4	99	0.1484	6	0	1	1	1	0	0	0	0	N	N	N	N	N	N	N	N	N	N	N	N	0.0000	0.0000	0.0000	0.0000	0.0000	0.0000	0.0000	0.0000	0.0000	0.0000	0.0000	0.0000	0.0000	0.0000	0.0000	0.0000	0.0000	0.0000	0.0000	0.0000	3.9843	3.0066	1.0588	0.0000	0.0000	0.0000	0.0000	0.0000	0.0000	0.0000	0.0000	0.0000	0.0000	0.0000	0.0000	0.0000	0.0000	0.0000	0.0000	0.0000	0.0000	0.0000	0.1597	0.1361	0.0235	0.0073	0.0069	0.0004	0.1523	0.1292	0.0232	0.0334	0.0197	0.0136	0.0062	0.0049	0.0013	0.0272	0.0148	0.0124	0.0000	0.0000	0.0000	0.0000	0.0000	0.0000	0.0000	0.0000	0.0000	0.0000	0.0000	0.0000	0.0000	0.0000	0.0000	0.0000	0.0000	0.0000											
4	100	0.1741	6	0	1	1	1	0	0	0	0	N	N	N	N	N	N	N	N	N	N	N	N	0.0000	0.0000	0.0000	0.0000	0.0000	0.0000	0.0000	0.0000	0.0000	0.0000	0.0000	0.0000	0.0000	0.0000	0.0000	0.0000	0.0000	0.0000	0.0000	0.0000	3.9843	0.0000	1.0588	2.0000	0.0000	0.0000	0.0000	0.0000	0.0000	0.0000	0.0000	0.0000	0.0000	0.0000	0.0000	0.0000	0.0000	0.0000	0.0000	0.0000	0.0000	0.0000	0.0000	0.0000	0.0000	0.0000	0.0000	0.0000	0.0000	0.0000	0.0000	0.0217	0.0126	0.0090	0.0041	0.0033	0.0009	0.0175	0.0094	0.0081	0.0000	0.0000	0.0000	0.0000	0.0000	0.0000	0.0000	0.0000	0.0000	0.0000	0.0000	0.0000	0.0000	0.0000	0.0000	0.0000	0.0000	0.0000											
4	101	0.1351	5	0	1	1	1	0	0	0	0	N	N	N	N	N	N	N	N	N	N	N	N	0.1517	0.1473	0.0000	0.6282	0.5688	0.0000	0.0000	0.0000	0.0000	0.0000	0.0000	0.0000	0.0005	0.0005	0.0000	0.0000	0.0000	0.0000	0.0002	0.0002	0.0001	0.0008	0.0009	0.0001	0.0001	0.0000	0.0002	0.0000	0.3964	-0.0000	-0.0000	3.9843	5.8899	1.0588	3.1847	0.0000	0.0000	0.0000	0.0000	0.0000	0.0000	0.0000	0.0000	0.0000	0.0000	0.0000	0.0000	0.0000	0.0000	0.0000	0.0000	0.0000	0.0000	0.3140	0.2680	0.0459	0.0205	0.0189	0.0015	0.2935	0.2491	0.0444	0.1021	0.0607	0.0415	0.0199	0.0163	0.0036	0.0823	0.0444	0.0379	0.1517	0.1473	0.0000	0.6282	0.5688	0.0000	0.0000	0.0000	0.0000	0.0002	0.0002	0.0001	0.0008	0.0009	0.0001	0.0001	0.0000	0.0002
4	102	0.1819	5	1	2	0	0	0	0	0	0	N	Y	N	N	N	N	N	N	N	N	N	N	0.0000	0.0000	0.0000	0.0000	0.0000	0.0000	0.0000	0.0000	0.0000	0.0000	0.0000	0.0000	0.0000	0.0000	0.0000	0.0000	0.0000	0.0000	0.0000	0.0000	3.9843	0.0000	1.0588	0.0000	0.0000	0.0000	0.0000	0.0000	0.0000	0.0000	0.0000	0.0000	0.0000	0.0000	0.0000	0.0000	0.0000	0.0000	0.0000	0.0000	0.0000	0.0000	0.0000	0.0000	0.0000	0.0000	0.0000	0.0000	0.0000	0.0000	0.0000	0.0000	0.0000	0.0000	0.0000	0.0000	0.0000	0.0000	0.0000	0.0000	0.0000	0.0000	0.0000	0.0000	0.0000	0.0000	0.0000	0.0000	0.0000	0.0000	0.0000	0.0000	0.0000	0.0000	0.0000	0.0000	0.0000	0.0000											
4	103	0.0826	4	1	2	0	0	0	0	0	0	N	Y	N	N	N	N	N	N	N	N	N	N	0.0000	0.0000	0.0000	0.0000	0.0000	0.0000	0.0000	0.0000	0.0000	0.0000	0.0000	0.0000	0.0000	0.0116	0.0200	0.0000	0.1486	0.2604	0.0000	0.0000	0.0000	0.0000	0.0000	0.0000	-0.0013	3.9843	8.0012	1.0588	14.0016	0.0000	0.0000	0.0000	0.0000	0.0000	0.0000	0.0000	0.0000	0.0000	0.0024	0.0024	0.0000	0.0024	0.0024	0.0000	0.0000	0.0000	0.0000	0.4000	0.3413	0.0586	0.0090	0.0085	0.0004	0.3910	0.3328	0.0582	0.2091	0.1212	0.0879	0.0239	0.0187	0.0052	0.1852	0.1026	0.0827	0.0000	0.0000	0.0000	0.0000	0.0000	0.0000	0.0000	0.0000	0.0000	0.0116	0.0200	0.0000	0.1014	0.1295	0.0000	0.0000	0.0000	0.0000						
4	104	0.1455	5	0	2	0	0	0	0	0	0	N	Y	N	N	N	N	N	N	N	N	N	N	0.0000	0.0000	0.0000	0.0000	0.0000	0.0000	0.0000	0.0000	0.0000	0.0000	0.0000	0.0000	0.0000	0.0000	0.0000	0.0000	0.0000	0.0000	0.0001	0.0001	0.0001	0.0002	0.0002	0.0000	0.0000	0.0000	0.0001	0.5964	0.0000	-0.0000	3.9843	2.0010	1.0588	1.0153	0.0000	0.0000	0.0000	0.0000	0.0000	0.0000	0.0000	0.0000	0.0000	0.0000	0.0000	0.0000	0.0000	0.0000	0.0000	0.0000	0.0000	0.0000	0.1052	0.0894	0.0157	0.0023	0.0022	0.0001	0.1029	0.0873	0.0156	0.0355	0.0211	0.0144	0.0085	0.0067	0.0019	0.0269	0.0144	0.0125	0.0000	0.0000	0.0000	0.0000	0.0000	0.0000	0.0000	0.0000	0.0000	0.0001	0.0001	0.0001	0.0002	0.0002	0.0000	0.0000	0.0000	0.0001	
4	105	0.0826	4	0	2	0	0	0	0	0	0	N	Y	N	N	N	N	N	N	N	N	N	N	0.0000	0.0000	0.0000	0.0000	0.0000	0.0000	0.0000	0.0000	0.0000	0.0000	0.0000	0.0000	0.0000	0.0000	0.0000	0.0169	0.0293	0.0000	0.3137	0.5148	0.0000	0.0000	0.0000	0.0000	0.0000	0.0000	-0.0013	3.9843	3.0162	1.0588	11.0438	0.0000	0.0000	0.0000	0.0000	0.0000	0.0000	0.0000	0.0000	0.0000	0.0024	0.0024	0.0000	0.0024	0.0024	0.0000	0.0000	0.0000	0.0000	0.1582	0.1346	0.0236	0.0036	0.0034	0.0002	0.1546	0.1311	0.0234	0.1420	0.0820	0.0599	0.0161	0.0126	0.0034	0.1259	0.0694	0.0565	0.0000	0.0000	0.0000	0.0000	0.0000	0.0000	0.0000	0.0000	0.0000	0.0169	0.0293	0.0000	0.1494	0.1900	0.0000	0.0000	0.0000	0.0000				
4	106	0.1834	9	1	2	0	0	0	0	0	0	N	Y	N	N	N	N	N	N	N	N	N	N	0.0000	0.0000	0.0000	0.0000	0.0000	0.0000	0.0000	0.0000	0.0000	0.0000	0.0000	0.0000	0.0000	0.0000	0.0000	0.0000	0.0000	0.0000	0.0000	0.0000	3.9843	1.0000	1.0588	1.0000	0.0000	0.0000	0.0000	0.0000	0.0000	0.0000	0.0000	0.0000	0.0000	0.0000	0.0000	0.0000	0.0000	0.0000	0.0000	0.0000	0.0000	0.0000	0.0537	0.0457	0.0080	0.0021	0.0020	0.0001	0.0516	0.0437	0.0079	0.0230	0.0144	0.0086	0.0083	0.0067	0.0017	0.0147	0.0077	0.0070	0.0000	0.0000	0.0000	0.0000	0.0000	0.0000	0.0000	0.0000	0.0000	0.0000	0.0000	0.0000	0.0000	0.0000	0.0000	0.0000	0.0000	0.0000											
4	107	0.1793	8	1	2	0	0	0	0	0	0	N	Y	N	N	N	N	N	N	N	N	N	N	0.0000	0.0000	0.0000	0.0000	0.0000	0.0000	0.0000	0.0000	0.0000	0.0000	0.0000	0.0000	0.0000	0.0026	0.0043	0.0000	0.0086	0.0108	0.0000	0.0000	0.0000	0.0000	0.0000	0.0000	-0.0000	3.9843	0.0000	1.0588	0.9999	0.0000	0.0000	0.0000	0.0000	0.0000	0.0000	0.0000	0.0000	0.0000	0.0000	0.0000	0.0000	0.0000	0.0000	0.0000	0.0000	0.0000	0.0000	0.0000	0.0000	0.0000	0.0000	0.0000	0.0000	0.0000	0.0000	0.0000	0.0115	0.0071	0.0045	0.0035	0.0028	0.0007	0.0080	0.0043	0.0038	0.0000	0.0000	0.0000	0.0000	0.0000	0.0000	0.0000	0.0000	0.0000	0.0026	0.0043	0.0000	0.0086	0.0108	0.0000	0.0000	0.0000	0.0000						
4	108	0.1585	7	1	2	0	0	0	0	0	0	N	Y	N	N	N	N	N	N	N	N	N	N	294.3909	237.5522	0.0000	396.5722	348.8851	0.0000	0.0000	0.0000	0.0388	0.0452	0.0000	0.1525	0.1532	0.0000	0.0000	0.0000	0.0000	0.0001	0.0002	0.0000	0.0004	0.0004	0.0001	0.0000	0.0000	0.0000	0.0000	0.0789	-0.0000	-0.0000	3.9843	0.0100	1.0588	4.8896	0.0000	0.0000	0.0000	0.0000	0.0000	0.0000	0.0000	0.0000	0.0000	0.0000	0.0000	0.0000	0.0000	0.0000	0.0000	0.0000	0.0000	0.0000	0.0010	0.0009	0.0001	0.0003	0.0003	0.0000	0.0008	0.0006	0.0001	0.0813	0.0521	0.0292	0.0264	0.0226	0.0038	0.0549	0.0295	0.0254	294.3909	237.5522	0.0000	396.5722	348.8851	0.0000	0.0000	0.0000	0.0000	0.0001	0.0002	0.0000	0.0004	0.0004	0.0001	0.0000	0.0000	0.0000	
4	109	0.1484	6	0	2	0	0	0	0	0	0	N	Y	N	N	N	N	N	N	N	N	N	N	22.1230	0.0000	inf	0.0000	0.0000	inf	inf	0.0007	0.0000	0.0049	0.0000	0.0000	0.0000	0.0008	0.0000	0.0049	0.0000	0.0001	0.0000	0.0002	0.0002	0.0000	0.0000	0.0000	0.0000	inf	0.0003	0.0000	-0.0000	3.9843	1.0007	1.0588	1.4004	0.0000	0.0000	0.0000	0.0000	0.0000	0.0000	0.0000	0.0000	0.0000	0.0000	0.0000	0.0000	0.0000	0.0000	0.0000	0.0000	0.0000	0.0000	0.0550	0.0469	0.0081	0.0029	0.0028	0.0001	0.0521	0.0441	0.0080	0.0268	0.0158	0.0110	0.0050	0.0039	0.0010	0.0218	0.0119	0.0099	22.1230	0.0000	inf	0.0000	0.0000	0.0000	inf	0.0000	inf	0.0000	0.0001	0.0000	0.0002	0.0002	0.0000	0.0000	0.0000	0.0000		
4	110	0.1351	5	0	1	0	0	0	0	0	0	N	N	N	N	N	N	N	N	N	N	N	N	0.3172	0.2378	0.0000	0.2401	0.2315	0.0000	0.0000	0.0000	0.0000	0.0003	0.0004	0.0000	0.0011	0.0012	0.0000	0.0000	0.0000	0.0000	0.0011	0.0017	0.0002	0.0045	0.0052	0.0002	0.0001	0.0000	0.0001	0.0000	0.0615	-0.0000	-0.0000	3.9843	0.3039	1.0588	2.8719	0.0000	0.0000	0.0000	0.0000	0.0000	0.0000	0.0000	0.0000	0.0000	0.0000	0.0000	0.0000	0.0000	0.0000	0.0000	0.0000	0.0000	0.0000	0.0293	0.0249	0.0043	0.0092	0.0083	0.0009	0.0201	0.0167	0.0034	0.0417	0.0251	0.0166	0.0094	0.0081	0.0013	0.0323	0.0170	0.0153	0.3172	0.2378	0.0000	0.2401	0.2315	0.0000	0.0000	0.0000	0.0000	0.0011	0.0017	0.0002	0.0045	0.0052	0.0002	0.0001	0.0000	0.0001
4	111	0.0826	4	0	1	0	0	0	0	0	0	N	N	N	N	N	N	N	N	N	N	N	N	0.0025	0.0000	1.7523	0.0000	0.0000	0.5514	0.0000	1.6647	0.0000	0.0000	0.0003	0.0000	0.0000	0.0000	0.0001	0.0000	0.0003	0.0195	0.0336	0.0002	0.4625	0.8810	0.0000	0.0001	0.0000	0.0002	inf	0.0041	0.0000	-0.0013	3.9843	3.8240	1.0588	8.1760	0.0000	0.0000	0.0000	0.0000	0.0000	0.0000	0.0000	0.0000	0.0000	0.0024	0.0024	0.0000	0.0024	0.0024	0.0000	0.0000	0.0000	0.0000	0.1989	0.1693	0.0296	0.0045	0.0043	0.0002	0.1944	0.1650	0.0294	0.1231	0.0711	0.0520	0.0139	0.0109	0.0030	0.1092	0.0601	0.0491	0.0025	0.0000	1.7523	0.0000	0.0000	0.0000	0.5514	0.0000	1.6647	0.0195	0.0336	0.0002	0.1720	0.2186	0.0000	0.0001	0.0000	0.0002	
4	115	0.2752	7	0	1	0	0	0	0	0	0	N	N	N	N	N	N	N	N	N	N	N	N	13.5795	11.1888	0.0000	2.3948	2.0465	0.0000	12.5418	8.7720	0.0000	0.5987	0.6906	0.0000	0.0829	0.0862	0.0000	0.6853	0.8053	0.0000	0.0441	0.0617	0.0005	0.0346	0.0421	0.0009	0.0546	0.0918	0.0004	0.0000	0.0036	-0.1430	-0.0103	3.9843	8.9918	1.0588	13.3277	0.3097	0.3097	0.0000	0.0062	0.0062	0.0000	0.3035	0.3035	0.0000	0.0193	0.0192	0.0001	0.0080	0.0079	0.0000	0.0113	0.0113	0.0000	0.5173	0.4484	0.0688	0.0744	0.0715	0.0028	0.4429	0.3769	0.0660	0.4373	0.3112	0.1260	0.2303	0.1884	0.0419	0.2070	0.1229	0.0841	13.5795	11.1888	0.0000	2.3948	2.0465	0.0000	12.5418	8.7720	0.0000	0.0441	0.0617	0.0005	0.0346	0.0421	0.0009	0.0546	0.0918	0.0004
5	6	0.1332	5	1	1	1	1	0	0	0	0	N	N	N	N	N	N	N	N	N	N	N	N	0.0000	0.0000	0.0000	0.0000	0.0000	0.0000	0.0000	0.0000	0.0000	0.0000	0.0000	0.0000	0.0000	0.0000	0.0000	0.0000	0.0000	0.0000	0.0000	0.0000	1.0000	2.0000	0.0005	1.0000	0.0000	0.0000	0.0000	0.0000	0.0000	0.0000	0.0000	0.0000	0.0000	0.0000	0.0000	0.0000	0.0000	0.0000	0.0000	0.0000	0.0000	0.0000	0.0269	0.0229	0.0040	0.0015	0.0014	0.0001	0.0254	0.0215	0.0039	0.0063	0.0037	0.0025	0.0006	0.0004	0.0001	0.0057	0.0033	0.0024	0.0000	0.0000	0.0000	0.0000	0.0000	0.0000	0.0000	0.0000	0.0000	0.0000	0.0000	0.0000	0.0000	0.0000	0.0000	0.0000	0.0000	0.0000											
5	7	0.1671	8	1	0	2	1	0	0	0	0	N	N	Y	N	N	N	N	N	N	N	N	N	0.0000	0.0000	0.0000	0.0000	0.0000	0.0000	0.0000	0.0000	0.0000	0.0000	0.0000	0.0000	0.0000	0.0000	0.0000	0.0000	0.0000	0.0000	0.0000	0.0000	1.0000	0.0000	0.0005	2.0000	0.0000	0.0000	0.0000	0.0000	0.0000	0.0000	0.0000	0.0000	0.0000	0.0000	0.0000	0.0000	0.0000	0.0000	0.0000	0.0000	0.0000	0.0000	0.0000	0.0000	0.0000	0.0000	0.0000	0.0000	0.0000	0.0000	0.0000	0.0042	0.0026	0.0016	0.0006	0.0005	0.0001	0.0036	0.0021	0.0015	0.0000	0.0000	0.0000	0.0000	0.0000	0.0000	0.0000	0.0000	0.0000	0.0000	0.0000	0.0000	0.0000	0.0000	0.0000	0.0000	0.0000	0.0000											
5	8	0.1881	9	1	1	1	2	0	0	0	0	N	N	N	Y	N	N	N	N	N	N	N	N	0.0000	0.0000	0.0000	0.0000	0.0000	0.0000	0.0000	0.0000	0.0000	0.0000	0.0000	0.0000	0.0000	0.0000	0.0000	0.0000	0.0000	0.0000	0.0000	0.0000	1.0000	0.0000	0.0005	1.0000	0.0000	0.0000	0.0000	0.0000	0.0000	0.0000	0.0000	0.0000	0.0000	0.0000	0.0000	0.0000	0.0000	0.0000	0.0000	0.0000	0.0000	0.0000	0.0000	0.0000	0.0000	0.0000	0.0000	0.0000	0.0000	0.0000	0.0000	0.0022	0.0013	0.0009	0.0006	0.0005	0.0001	0.0016	0.0009	0.0007	0.0000	0.0000	0.0000	0.0000	0.0000	0.0000	0.0000	0.0000	0.0000	0.0000	0.0000	0.0000	0.0000	0.0000	0.0000	0.0000	0.0000	0.0000											
5	9	0.1630	7	1	0	2	1	0	0	0	0	N	N	Y	N	N	N	N	N	N	N	N	N	0.0000	0.0000	0.0000	0.0000	0.0000	0.0000	0.0000	0.0000	0.0000	0.0000	0.0000	0.0000	0.0000	0.0000	0.0000	0.0000	0.0000	0.0000	0.0000	0.0000	1.0000	1.9984	0.0005	4.0415	0.0000	0.0000	0.0000	0.0000	0.0000	0.0000	0.0000	0.0000	0.0000	0.0000	0.0000	0.0000	0.0000	0.0000	0.0000	0.0000	0.0000	0.0000	0.0269	0.0229	0.0040	0.0015	0.0014	0.0001	0.0254	0.0215	0.0039	0.0125	0.0077	0.0048	0.0020	0.0016	0.0004	0.0105	0.0061	0.0044	0.0000	0.0000	0.0000	0.0000	0.0000	0.0000	0.0000	0.0000	0.0000	0.0000	0.0000	0.0000	0.0000	0.0000	0.0000	0.0000	0.0000	0.0000											
5	10	0.1577	9	0	0	2	1	0	0	0	0	N	N	Y	N	N	N	N	N	N	N	N	N	0.0000	0.0000	0.0000	0.0000	0.0000	0.0000	0.0000	0.0000	0.0000	0.0000	0.0000	0.0000	0.0000	0.0024	0.0000	0.0058	0.0000	0.0000	0.0000	0.0025	0.0000	0.0059	inf	0.0000	0.0000	1.0000	0.0000	0.0005	2.0012	0.0000	0.0000	0.0000	0.0000	0.0000	0.0000	0.0000	0.0000	0.0000	0.0000	0.0000	0.0000	0.0000	0.0000	0.0000	0.0000	0.0000	0.0000	0.0000	0.0000	0.0000	0.0000	0.0000	0.0000	0.0000	0.0000	0.0000	0.0042	0.0025	0.0017	0.0002	0.0002	0.0000	0.0040	0.0023	0.0017	0.0000	0.0000	0.0000	0.0000	0.0000	0.0000	0.0000	0.0000	0.0000	0.0024	0.0000	0.0058	0.0000	0.0000	0.0000	0.0025	0.0000	0.0059						
5	11	0.0647	5	0	0	2	1	0	0	0	0	N	N	Y	N	N	N	N	N	N	N	N	N	0.0000	0.0000	0.0000	0.0000	0.0000	0.0000	0.0000	0.0000	0.0000	0.0000	0.0000	0.0000	0.0000	0.0000	0.0000	0.0000	0.0000	0.0000	0.0000	0.0000	0.0001	0.0000	0.0000	0.0000	inf	0.0000	0.0000	1.0000	5.0149	0.0005	7.0912	0.0000	0.0000	0.0000	0.0000	0.0000	0.0000	0.0000	0.0000	0.0000	0.0000	0.0000	0.0000	0.0000	0.0000	0.0000	0.0000	0.0000	0.0000	0.0666	0.0566	0.0100	0.0018	0.0017	0.0001	0.0648	0.0550	0.0098	0.0254	0.0145	0.0109	0.0012	0.0011	0.0001	0.0242	0.0134	0.0109	0.0000	0.0000	0.0000	0.0000	0.0000	0.0000	0.0000	0.0000	0.0000	0.0000	0.0000	0.0000	0.0000	0.0000	0.0001	0.0000	0.0000	0.0000				
5	12	0.1332	5	1	1	1	1	0	0	0	0	N	N	N	N	N	N	N	N	N	N	N	N	0.0000	0.0000	0.0000	0.0000	0.0000	0.0000	0.0000	0.0000	0.0000	0.0000	0.0000	0.0000	0.0000	0.0000	0.0000	0.0000	0.0000	0.0000	0.0000	0.0000	1.0000	3.0000	0.0005	5.0000	0.0000	0.0000	0.0000	0.0000	0.0000	0.0000	0.0000	0.0000	0.0000	0.0000	0.0000	0.0000	0.0000	0.0000	0.0000	0.0000	0.0000	0.0000	0.0399	0.0340	0.0059	0.0022	0.0021	0.0001	0.0377	0.0319	0.0058	0.0161	0.0096	0.0065	0.0015	0.0011	0.0004	0.0146	0.0085	0.0061	0.0000	0.0000	0.0000	0.0000	0.0000	0.0000	0.0000	0.0000	0.0000	0.0000	0.0000	0.0000	0.0000	0.0000	0.0000	0.0000	0.0000	0.0000											
5	13	0.1830	6	0	0	2	2	0	0	0	0	N	N	Y	Y	N	N	N	N	N	N	N	N	0.0000	0.0000	0.0000	0.0000	0.0000	0.0000	0.0000	0.0000	0.0000	0.0000	0.0000	0.0000	0.0000	0.0000	0.0000	0.0000	0.0000	0.0000	0.0000	0.0000	1.0000	0.0000	0.0005	0.0000	0.0000	0.0000	0.0000	0.0000	0.0000	0.0000	0.0000	0.0000	0.0000	0.0000	0.0000	0.0000	0.0000	0.0000	0.0000	0.0000	0.0000	0.0000	0.0000	0.0000	0.0000	0.0000	0.0000	0.0000	0.0000	0.0000	0.0000	0.0000	0.0000	0.0000	0.0000	0.0000	0.0000	0.0000	0.0000	0.0000	0.0000	0.0000	0.0000	0.0000	0.0000	0.0000	0.0000	0.0000	0.0000	0.0000	0.0000	0.0000	0.0000	0.0000	0.0000	0.0000	0.0000	0.0000											
5	14	0.1332	5	0	1	1	1	0	0	0	0	N	N	N	N	N	N	N	N	N	N	N	N	0.0000	0.0000	0.0000	0.0000	0.0000	0.0000	0.0000	0.0000	0.0000	0.0000	0.0000	0.0000	0.0000	0.0000	0.0000	0.0000	0.0000	0.0000	0.0000	0.0000	1.0000	2.0000	0.0005	8.0000	0.0000	0.0000	0.0000	0.0000	0.0000	0.0000	0.0000	0.0000	0.0000	0.0000	0.0000	0.0000	0.0000	0.0000	0.0000	0.0000	0.0000	0.0000	0.0269	0.0229	0.0040	0.0015	0.0014	0.0001	0.0254	0.0215	0.0039	0.0198	0.0118	0.0080	0.0019	0.0014	0.0005	0.0180	0.0104	0.0075	0.0000	0.0000	0.0000	0.0000	0.0000	0.0000	0.0000	0.0000	0.0000	0.0000	0.0000	0.0000	0.0000	0.0000	0.0000	0.0000	0.0000	0.0000											
5	15	0.1573	6	0	0	1	2	0	0	0	0	N	N	N	Y	N	N	N	N	N	N	N	N	0.0000	0.0000	0.0000	0.0000	0.0000	0.0000	0.0000	0.0000	0.0000	0.0000	0.0000	0.0000	0.0000	0.0000	0.0000	0.0000	0.0000	0.0000	0.0000	0.0000	1.0000	2.0066	0.0005	2.0000	0.0000	0.0000	0.0000	0.0000	0.0000	0.0000	0.0000	0.0000	0.0000	0.0000	0.0000	0.0000	0.0000	0.0000	0.0000	0.0000	0.0000	0.0000	0.0278	0.0236	0.0041	0.0014	0.0013	0.0001	0.0264	0.0223	0.0041	0.0084	0.0049	0.0035	0.0012	0.0009	0.0003	0.0072	0.0039	0.0032	0.0000	0.0000	0.0000	0.0000	0.0000	0.0000	0.0000	0.0000	0.0000	0.0000	0.0000	0.0000	0.0000	0.0000	0.0000	0.0000	0.0000	0.0000											
5	16	0.0350	2	0	1	1	2	0	0	0	0	N	N	N	Y	N	N	N	N	N	N	N	N	0.0000	0.0000	0.0000	0.0000	0.0000	0.0000	0.0000	0.0000	0.0000	0.0000	0.0000	0.0000	0.0000	0.0000	0.0000	0.0000	0.0000	0.0000	0.0000	0.0000	1.0000	24.0000	0.0005	5.0000	0.0000	0.0000	0.0000	0.0000	0.0000	0.0000	0.0000	0.0000	0.0000	0.0000	0.0000	0.0000	0.0000	0.0000	0.0000	0.0000	0.0000	0.0000	0.2668	0.2293	0.0375	0.0046	0.0043	0.0003	0.2622	0.2250	0.0372	0.0519	0.0291	0.0228	0.0007	0.0006	0.0001	0.0512	0.0285	0.0227	0.0000	0.0000	0.0000	0.0000	0.0000	0.0000	0.0000	0.0000	0.0000	0.0000	0.0000	0.0000	0.0000	0.0000	0.0000	0.0000	0.0000	0.0000											
5	17	0.1521	7	0	1	1	1	0	0	0	0	N	N	N	N	N	N	N	N	N	N	N	N	0.0000	0.0000	0.0000	0.0000	0.0000	0.0000	0.0000	0.0000	0.0000	0.0000	0.0000	0.0000	0.0000	0.0000	0.0000	0.0000	0.0000	0.0000	0.0000	0.0000	0.0000	0.0000	inf	0.0000	0.0000	1.0000	0.9987	0.0005	5.5397	0.0000	0.0000	0.0000	0.0000	0.0000	0.0000	0.0000	0.0000	0.0000	0.0000	0.0000	0.0000	0.0000	0.0000	0.0000	0.0000	0.0000	0.0000	0.0137	0.0116	0.0020	0.0008	0.0008	0.0000	0.0129	0.0109	0.0020	0.0171	0.0113	0.0058	0.0036	0.0032	0.0004	0.0135	0.0081	0.0054	0.0000	0.0000	0.0000	0.0000	0.0000	0.0000	0.0000	0.0000	0.0000	0.0000	0.0000	0.0000	0.0000	0.0000	0.0000	0.0000	0.0000	0.0000						
5	18	0.1573	6	0	1	1	2	0	0	0	0	N	N	N	Y	N	N	N	N	N	N	N	N	0.0000	0.0000	0.0000	0.0000	0.0000	0.0000	0.0000	0.0000	0.0000	0.0000	0.0000	0.0000	0.0000	0.0000	0.0000	0.0000	0.0000	0.0000	0.0000	0.0000	1.0000	0.9934	0.0005	0.0000	0.0000	0.0000	0.0000	0.0000	0.0000	0.0000	0.0000	0.0000	0.0000	0.0000	0.0000	0.0000	0.0000	0.0000	0.0000	0.0000	0.0000	0.0000	0.0140	0.0120	0.0021	0.0008	0.0007	0.0000	0.0133	0.0112	0.0021	0.0021	0.0012	0.0009	0.0003	0.0002	0.0001	0.0018	0.0010	0.0008	0.0000	0.0000	0.0000	0.0000	0.0000	0.0000	0.0000	0.0000	0.0000	0.0000	0.0000	0.0000	0.0000	0.0000	0.0000	0.0000	0.0000	0.0000											
5	19	0.0914	4	1	1	1	1	0	0	0	0	N	N	N	N	N	N	N	N	N	N	N	N	0.0000	0.0000	0.0000	0.0000	0.0000	0.0000	0.0000	0.0000	0.0000	0.0000	0.0000	0.0000	0.0000	0.0000	0.0000	0.0000	0.0000	0.0000	0.0000	0.0000	1.0000	1.0015	0.0005	7.0016	0.0000	0.0000	0.0000	0.0000	0.0000	0.0000	0.0000	0.0000	0.0000	0.0000	0.0000	0.0000	0.0000	0.0000	0.0000	0.0000	0.0000	0.0000	0.0138	0.0117	0.0021	0.0004	0.0004	0.0000	0.0134	0.0114	0.0021	0.0161	0.0091	0.0070	0.0011	0.0008	0.0003	0.0150	0.0083	0.0067	0.0000	0.0000	0.0000	0.0000	0.0000	0.0000	0.0000	0.0000	0.0000	0.0000	0.0000	0.0000	0.0000	0.0000	0.0000	0.0000	0.0000	0.0000											
5	20	0.1544	5	0	1	1	1	0	0	0	0	N	N	N	N	N	N	N	N	N	N	N	N	0.0000	0.0000	0.0000	0.0000	0.0000	0.0000	0.0000	0.0000	0.0000	0.0000	0.0000	0.0000	0.0000	0.0000	0.0000	0.0000	0.0000	0.0000	0.0001	0.0000	0.0002	0.0002	0.0000	0.0000	0.0000	0.0000	0.0135	0.0000	-0.0000	1.0000	1.0004	0.0005	2.0077	0.0000	0.0000	0.0000	0.0000	0.0000	0.0000	0.0000	0.0000	0.0000	0.0000	0.0000	0.0000	0.0000	0.0000	0.0000	0.0000	0.0000	0.0000	0.0137	0.0117	0.0021	0.0004	0.0004	0.0000	0.0133	0.0113	0.0021	0.0067	0.0040	0.0028	0.0014	0.0011	0.0003	0.0053	0.0029	0.0025	0.0000	0.0000	0.0000	0.0000	0.0000	0.0000	0.0000	0.0000	0.0000	0.0000	0.0001	0.0000	0.0002	0.0002	0.0000	0.0000	0.0000	0.0000		
5	22	0.1658	7	1	0	2	1	0	0	0	0	N	N	Y	N	N	N	N	N	N	N	N	N	0.0000	0.0000	0.0000	0.0000	0.0000	0.0000	0.0000	0.0000	0.0000	0.0000	0.0000	0.0000	0.0000	0.0000	0.0000	0.0000	0.0000	0.0000	0.0000	0.0000	1.0000	0.0000	0.0005	4.9921	0.0000	0.0000	0.0000	0.0000	0.0000	0.0000	0.0000	0.0000	0.0000	0.0000	0.0000	0.0000	0.0000	0.0000	0.0000	0.0000	0.0000	0.0000	0.0000	0.0000	0.0000	0.0000	0.0000	0.0000	0.0000	0.0000	0.0000	0.0109	0.0064	0.0045	0.0017	0.0013	0.0003	0.0092	0.0051	0.0041	0.0000	0.0000	0.0000	0.0000	0.0000	0.0000	0.0000	0.0000	0.0000	0.0000	0.0000	0.0000	0.0000	0.0000	0.0000	0.0000	0.0000	0.0000											
5	23	0.1496	7	0	1	1	1	0	0	0	0	N	N	N	N	N	N	N	N	N	N	N	N	0.0000	0.0000	0.0000	0.0000	0.0000	0.0000	0.0000	0.0000	0.0000	0.0000	0.0000	0.0000	0.0000	0.0000	0.0000	0.0000	0.0000	0.0000	0.0000	0.0000	1.0000	1.9996	0.0005	0.0142	0.0000	0.0000	0.0000	0.0000	0.0000	0.0000	0.0000	0.0000	0.0000	0.0000	0.0000	0.0000	0.0000	0.0000	0.0000	0.0000	0.0000	0.0000	0.0272	0.0232	0.0040	0.0022	0.0020	0.0001	0.0250	0.0211	0.0039	0.0042	0.0025	0.0017	0.0002	0.0001	0.0000	0.0040	0.0023	0.0017	0.0000	0.0000	0.0000	0.0000	0.0000	0.0000	0.0000	0.0000	0.0000	0.0000	0.0000	0.0000	0.0000	0.0000	0.0000	0.0000	0.0000	0.0000											
5	24	0.0914	4	0	1	1	1	0	0	0	0	N	N	N	N	N	N	N	N	N	N	N	N	0.0000	0.0000	0.0000	0.0000	0.0000	0.0000	0.0000	0.0000	0.0000	0.0000	0.0000	0.0000	0.0000	0.0028	0.0050	0.0000	0.0418	0.0565	0.0000	0.0000	0.0000	0.0000	0.0000	0.0000	-0.0000	1.0000	2.9988	0.0005	13.9984	0.0000	0.0000	0.0000	0.0000	0.0000	0.0000	0.0000	0.0000	0.0000	0.0001	0.0001	0.0000	0.0001	0.0001	0.0000	0.0000	0.0000	0.0000	0.0404	0.0343	0.0061	0.0011	0.0010	0.0001	0.0394	0.0333	0.0060	0.0318	0.0181	0.0137	0.0022	0.0016	0.0006	0.0297	0.0165	0.0132	0.0000	0.0000	0.0000	0.0000	0.0000	0.0000	0.0000	0.0000	0.0000	0.0028	0.0050	0.0000	0.0418	0.0565	0.0000	0.0000	0.0000	0.0000						
5	25	0.1332	5	1	1	1	1	0	0	0	0	N	N	N	N	N	N	N	N	N	N	N	N	0.0000	0.0000	0.0000	0.0000	0.0000	0.0000	0.0000	0.0000	0.0000	0.0000	0.0000	0.0000	0.0000	0.0000	0.0000	0.0000	0.0000	0.0000	0.0000	0.0000	1.0000	6.0000	0.0005	4.0000	0.0000	0.0000	0.0000	0.0000	0.0000	0.0000	0.0000	0.0000	0.0000	0.0000	0.0000	0.0000	0.0000	0.0000	0.0000	0.0000	0.0000	0.0000	0.0776	0.0662	0.0114	0.0043	0.0041	0.0002	0.0733	0.0622	0.0112	0.0198	0.0118	0.0080	0.0019	0.0014	0.0005	0.0180	0.0104	0.0075	0.0000	0.0000	0.0000	0.0000	0.0000	0.0000	0.0000	0.0000	0.0000	0.0000	0.0000	0.0000	0.0000	0.0000	0.0000	0.0000	0.0000	0.0000											
5	26	0.1536	8	0	1	1	1	0	0	0	0	N	N	N	N	N	N	N	N	N	N	N	N	0.0000	0.0000	0.0000	0.0000	0.0000	0.0000	0.0000	0.0000	0.0000	0.0000	0.0000	0.0000	0.0000	0.0000	0.0000	0.0000	0.0000	0.0000	0.0000	0.0000	1.0000	0.0000	0.0005	2.0002	0.0000	0.0000	0.0000	0.0000	0.0000	0.0000	0.0000	0.0000	0.0000	0.0000	0.0000	0.0000	0.0000	0.0000	0.0000	0.0000	0.0000	0.0000	0.0000	0.0000	0.0000	0.0000	0.0000	0.0000	0.0000	0.0000	0.0000	0.0042	0.0025	0.0017	0.0002	0.0001	0.0000	0.0040	0.0023	0.0017	0.0000	0.0000	0.0000	0.0000	0.0000	0.0000	0.0000	0.0000	0.0000	0.0000	0.0000	0.0000	0.0000	0.0000	0.0000	0.0000	0.0000	0.0000											
5	27	0.0350	2	1	1	1	1	0	0	0	0	N	N	N	N	N	N	N	N	N	N	N	N	0.0000	0.0000	0.0000	0.0000	0.0000	0.0000	0.0000	0.0000	0.0000	0.0000	0.0000	0.0000	0.0000	0.0319	0.0571	0.0000	18.1373	18.4184	0.0000	0.0000	0.0000	0.0000	0.0000	0.0000	-0.0002	1.0000	1.0000	0.0005	3.9850	0.0000	0.0000	0.0000	0.0000	0.0000	0.0000	0.0000	0.0000	0.0000	0.0004	0.0004	0.0000	0.0004	0.0004	0.0000	0.0000	0.0000	0.0000	0.0137	0.0116	0.0021	0.0002	0.0002	0.0000	0.0134	0.0114	0.0021	0.0110	0.0061	0.0048	0.0002	0.0002	0.0000	0.0107	0.0059	0.0048	0.0000	0.0000	0.0000	0.0000	0.0000	0.0000	0.0000	0.0000	0.0000	0.0319	0.0571	0.0000	1.4134	1.4886	0.0000	0.0000	0.0000	0.0000						
5	28	0.1332	5	0	1	1	1	0	0	0	0	N	N	N	N	N	N	N	N	N	N	N	N	0.0000	0.0000	0.0000	0.0000	0.0000	0.0000	0.0000	0.0000	0.0000	0.0000	0.0000	0.0000	0.0000	0.0000	0.0000	0.0000	0.0000	0.0000	0.0000	0.0000	1.0000	5.0000	0.0005	4.0000	0.0000	0.0000	0.0000	0.0000	0.0000	0.0000	0.0000	0.0000	0.0000	0.0000	0.0000	0.0000	0.0000	0.0000	0.0000	0.0000	0.0000	0.0000	0.0653	0.0557	0.0096	0.0036	0.0034	0.0002	0.0617	0.0522	0.0094	0.0180	0.0107	0.0072	0.0017	0.0013	0.0004	0.0163	0.0095	0.0068	0.0000	0.0000	0.0000	0.0000	0.0000	0.0000	0.0000	0.0000	0.0000	0.0000	0.0000	0.0000	0.0000	0.0000	0.0000	0.0000	0.0000	0.0000											
5	29	0.1332	5	0	1	1	1	0	0	0	0	N	N	N	N	N	N	N	N	N	N	N	N	0.0000	0.0000	0.0000	0.0000	0.0000	0.0000	0.0000	0.0000	0.0000	0.0000	0.0000	0.0000	0.0000	0.0000	0.0000	0.0000	0.0000	0.0000	0.0000	0.0000	1.0000	3.0000	0.0005	6.0000	0.0000	0.0000	0.0000	0.0000	0.0000	0.0000	0.0000	0.0000	0.0000	0.0000	0.0000	0.0000	0.0000	0.0000	0.0000	0.0000	0.0000	0.0000	0.0399	0.0340	0.0059	0.0022	0.0021	0.0001	0.0377	0.0319	0.0058	0.0180	0.0107	0.0072	0.0017	0.0013	0.0004	0.0163	0.0095	0.0068	0.0000	0.0000	0.0000	0.0000	0.0000	0.0000	0.0000	0.0000	0.0000	0.0000	0.0000	0.0000	0.0000	0.0000	0.0000	0.0000	0.0000	0.0000											
5	30	0.0693	4	0	1	2	2	0	0	0	0	N	N	Y	Y	N	N	N	N	N	N	N	N	0.0000	0.0000	0.0000	0.0000	0.0000	0.0000	0.0000	0.0000	0.0000	0.0000	0.0000	0.0000	0.0000	0.0000	0.0000	0.0000	0.0000	0.0000	0.0000	0.0000	1.0000	0.0000	0.0005	3.0000	0.0000	0.0000	0.0000	0.0000	0.0000	0.0000	0.0000	0.0000	0.0000	0.0000	0.0000	0.0000	0.0000	0.0000	0.0000	0.0000	0.0000	0.0000	0.0000	0.0000	0.0000	0.0000	0.0000	0.0000	0.0000	0.0000	0.0000	0.0065	0.0037	0.0028	0.0012	0.0008	0.0003	0.0053	0.0028	0.0024	0.0000	0.0000	0.0000	0.0000	0.0000	0.0000	0.0000	0.0000	0.0000	0.0000	0.0000	0.0000	0.0000	0.0000	0.0000	0.0000	0.0000	0.0000											
5	31	0.0523	3	0	0	1	2	0	0	0	0	N	N	N	Y	N	N	N	N	N	N	N	N	0.0000	0.0000	0.0000	0.0000	0.0000	0.0000	0.0000	0.0000	0.0000	0.0000	0.0000	0.0000	0.0000	0.0000	0.0000	0.0000	0.0000	0.0000	0.0334	0.0557	0.0000	0.5264	0.9232	0.0000	0.0000	0.0000	0.0000	0.0001	0.0000	-0.0002	1.0000	0.9783	0.0005	3.0423	0.0000	0.0000	0.0000	0.0000	0.0000	0.0000	0.0000	0.0000	0.0000	0.0003	0.0003	0.0000	0.0003	0.0003	0.0000	0.0000	0.0000	0.0000	0.0141	0.0120	0.0021	0.0006	0.0006	0.0000	0.0135	0.0114	0.0021	0.0103	0.0062	0.0041	0.0019	0.0016	0.0004	0.0084	0.0046	0.0038	0.0000	0.0000	0.0000	0.0000	0.0000	0.0000	0.0000	0.0000	0.0000	0.0334	0.0557	0.0000	0.1808	0.2218	0.0000	0.0000	0.0000	0.0000	
5	32	0.0914	4	0	1	1	1	0	0	0	0	N	N	N	N	N	N	N	N	N	N	N	N	0.0000	0.0000	0.0000	0.0000	0.0000	0.0000	0.0000	0.0000	0.0000	0.0000	0.0000	0.0000	0.0000	0.0000	0.0000	0.0000	0.0000	0.0000	0.0000	0.0000	1.0000	6.9988	0.0005	9.0016	0.0000	0.0000	0.0000	0.0000	0.0000	0.0000	0.0000	0.0000	0.0000	0.0000	0.0000	0.0000	0.0000	0.0000	0.0000	0.0000	0.0000	0.0000	0.0907	0.0773	0.0135	0.0024	0.0022	0.0002	0.0884	0.0751	0.0133	0.0302	0.0172	0.0130	0.0020	0.0015	0.0005	0.0282	0.0157	0.0125	0.0000	0.0000	0.0000	0.0000	0.0000	0.0000	0.0000	0.0000	0.0000	0.0000	0.0000	0.0000	0.0000	0.0000	0.0000	0.0000	0.0000	0.0000											
5	33	0.1923	9	1	1	1	1	0	0	0	0	N	N	N	N	N	N	N	N	N	N	N	N	0.0000	0.0000	0.0000	0.0000	0.0000	0.0000	0.0000	0.0000	0.0000	0.0000	0.0000	0.0000	0.0000	0.0000	0.0000	0.0000	0.0000	0.0000	0.0000	0.0000	1.0000	0.0000	0.0005	0.0000	0.0000	0.0000	0.0000	0.0000	0.0000	0.0000	0.0000	0.0000	0.0000	0.0000	0.0000	0.0000	0.0000	0.0000	0.0000	0.0000	0.0000	0.0000	0.0000	0.0000	0.0000	0.0000	0.0000	0.0000	0.0000	0.0000	0.0000	0.0000	0.0000	0.0000	0.0000	0.0000	0.0000	0.0000	0.0000	0.0000	0.0000	0.0000	0.0000	0.0000	0.0000	0.0000	0.0000	0.0000	0.0000	0.0000	0.0000	0.0000	0.0000	0.0000	0.0000	0.0000	0.0000	0.0000											
5	34	0.0350	2	0	1	1	2	0	0	0	0	N	N	N	Y	N	N	N	N	N	N	N	N	0.0000	0.0000	0.0000	0.0000	0.0000	0.0000	0.0000	0.0000	0.0000	0.0000	0.0000	0.0000	0.0000	0.0000	0.0000	0.0000	0.0001	0.0001	0.0000	0.0000	0.0000	0.0000	0.0000	0.0000	-0.0000	1.0000	5.0000	0.0005	6.9850	0.0000	0.0000	0.0000	0.0000	0.0000	0.0000	0.0000	0.0000	0.0000	0.0000	0.0000	0.0000	0.0000	0.0000	0.0000	0.0000	0.0000	0.0000	0.0657	0.0558	0.0099	0.0010	0.0010	0.0001	0.0647	0.0549	0.0098	0.0246	0.0137	0.0109	0.0004	0.0004	0.0000	0.0242	0.0133	0.0108	0.0000	0.0000	0.0000	0.0000	0.0000	0.0000	0.0000	0.0000	0.0000	0.0000	0.0000	0.0000	0.0001	0.0001	0.0000	0.0000	0.0000	0.0000						
5	35	0.0914	4	1	1	1	1	0	0	0	0	N	N	N	N	N	N	N	N	N	N	N	N	0.0000	0.0000	0.0000	0.0000	0.0000	0.0000	0.0000	0.0000	0.0000	0.0000	0.0000	0.0000	0.0000	0.0120	0.0211	0.0000	0.4826	1.1522	0.0000	0.0000	0.0000	0.0000	0.0000	0.0000	-0.0002	1.0000	1.9985	0.0005	17.9985	0.0000	0.0000	0.0000	0.0000	0.0000	0.0000	0.0000	0.0000	0.0000	0.0004	0.0004	0.0000	0.0004	0.0004	0.0000	0.0000	0.0000	0.0000	0.0272	0.0231	0.0041	0.0007	0.0007	0.0000	0.0265	0.0224	0.0041	0.0366	0.0208	0.0158	0.0025	0.0018	0.0007	0.0341	0.0190	0.0151	0.0000	0.0000	0.0000	0.0000	0.0000	0.0000	0.0000	0.0000	0.0000	0.0120	0.0211	0.0000	0.1765	0.2389	0.0000	0.0000	0.0000	0.0000						
5	36	0.1017	3	0	0	2	1	0	0	0	0	N	N	Y	N	N	N	N	N	N	N	N	N	0.0000	0.0000	0.0000	0.0000	0.0000	0.0000	0.0000	0.0000	0.0000	0.0000	0.0000	0.0000	0.0000	0.0000	0.0000	0.0000	0.0000	0.0329	0.0529	0.0000	0.6238	0.7747	0.0000	0.0000	0.0000	0.0000	0.0000	0.0000	-0.0000	1.0000	0.0001	0.0005	0.9943	0.0000	0.0000	0.0000	0.0000	0.0000	0.0000	0.0000	0.0000	0.0000	0.0001	0.0001	0.0000	0.0001	0.0001	0.0000	0.0000	0.0000	0.0000	0.0000	0.0000	0.0000	0.0000	0.0000	0.0000	0.0000	0.0000	0.0000	0.0027	0.0017	0.0010	0.0005	0.0004	0.0001	0.0022	0.0012	0.0010	0.0000	0.0000	0.0000	0.0000	0.0000	0.0000	0.0000	0.0000	0.0000	0.0329	0.0529	0.0000	0.1880	0.2141	0.0000	0.0000	0.0000	0.0000		
5	37	0.0780	3	0	1	1	1	0	0	0	0	N	N	N	N	N	N	N	N	N	N	N	N	0.0000	0.0000	0.0000	0.0000	0.0000	0.0000	0.0000	0.0000	0.0000	0.0000	0.0000	0.0000	0.0000	0.0000	0.0000	0.0000	0.0000	0.0000	0.0000	0.0000	1.0000	2.0000	0.0005	2.0000	0.0000	0.0000	0.0000	0.0000	0.0000	0.0000	0.0000	0.0000	0.0000	0.0000	0.0000	0.0000	0.0000	0.0000	0.0000	0.0000	0.0000	0.0000	0.0272	0.0231	0.0041	0.0006	0.0006	0.0000	0.0265	0.0225	0.0041	0.0089	0.0050	0.0038	0.0011	0.0009	0.0002	0.0078	0.0042	0.0036	0.0000	0.0000	0.0000	0.0000	0.0000	0.0000	0.0000	0.0000	0.0000	0.0000	0.0000	0.0000	0.0000	0.0000	0.0000	0.0000	0.0000	0.0000											
5	38	0.1500	6	1	0	2	1	0	0	0	0	N	N	Y	N	N	N	N	N	N	N	N	N	0.0000	0.0000	0.0000	0.0000	0.0000	0.0000	0.0000	0.0000	0.0000	0.0000	0.0000	0.0000	0.0000	0.0000	0.0000	0.0000	0.0000	0.0000	0.0000	0.0000	1.0000	2.0000	0.0005	5.0000	0.0000	0.0000	0.0000	0.0000	0.0000	0.0000	0.0000	0.0000	0.0000	0.0000	0.0000	0.0000	0.0000	0.0000	0.0000	0.0000	0.0000	0.0000	0.0268	0.0228	0.0040	0.0016	0.0015	0.0001	0.0252	0.0213	0.0039	0.0143	0.0086	0.0057	0.0015	0.0012	0.0003	0.0127	0.0074	0.0053	0.0000	0.0000	0.0000	0.0000	0.0000	0.0000	0.0000	0.0000	0.0000	0.0000	0.0000	0.0000	0.0000	0.0000	0.0000	0.0000	0.0000	0.0000											
5	39	0.0523	3	0	1	1	1	0	0	0	0	N	N	N	N	N	N	N	N	N	N	N	N	0.0000	0.0000	0.0000	0.0000	0.0000	0.0000	0.0000	0.0000	0.0000	0.0000	0.0000	0.0000	0.0000	0.0000	0.0000	0.0000	0.0000	0.0000	0.0014	0.0014	0.0013	0.0084	0.0064	0.0162	0.0000	0.0000	0.0000	0.6601	0.0000	-0.0000	1.0000	0.0217	0.0005	6.0735	0.0000	0.0000	0.0000	0.0000	0.0000	0.0000	0.0000	0.0000	0.0000	0.0000	0.0000	0.0000	0.0000	0.0000	0.0000	0.0000	0.0000	0.0000	0.0011	0.0009	0.0002	0.0004	0.0004	0.0000	0.0007	0.0005	0.0002	0.0146	0.0086	0.0060	0.0024	0.0019	0.0005	0.0122	0.0067	0.0055	0.0000	0.0000	0.0000	0.0000	0.0000	0.0000	0.0000	0.0000	0.0000	0.0014	0.0014	0.0013	0.0084	0.0064	0.0162	0.0000	0.0000	0.0000	
5	40	0.0350	2	0	0	1	1	0	0	0	0	N	N	N	N	N	N	N	N	N	N	N	N	0.0000	0.0000	0.0000	0.0000	0.0000	0.0000	0.0000	0.0000	0.0000	0.0000	0.0000	0.0000	0.0000	0.0106	0.0189	0.0000	2.9371	3.2431	0.0000	0.0000	0.0000	0.0000	0.0000	0.0000	-0.0001	1.0000	0.0217	0.0005	4.0395	0.0000	0.0000	0.0000	0.0000	0.0000	0.0000	0.0000	0.0000	0.0000	0.0001	0.0001	0.0000	0.0001	0.0001	0.0000	0.0000	0.0000	0.0000	0.0003	0.0003	0.0000	0.0000	0.0000	0.0000	0.0003	0.0002	0.0000	0.0091	0.0051	0.0040	0.0002	0.0002	0.0000	0.0088	0.0049	0.0040	0.0000	0.0000	0.0000	0.0000	0.0000	0.0000	0.0000	0.0000	0.0000	0.0106	0.0189	0.0000	0.4191	0.4387	0.0000	0.0000	0.0000	0.0000						
5	41	0.0350	2	0	1	1	2	0	0	0	0	N	N	N	Y	N	N	N	N	N	N	N	N	0.0000	0.0000	0.0000	0.0000	0.0000	0.0000	0.0000	0.0000	0.0000	0.0000	0.0000	0.0000	0.0000	0.0000	0.0000	0.0000	0.0239	0.0416	0.0015	16.0752	16.5820	0.0000	0.0007	0.0000	0.0015	0.0284	0.0000	-0.0002	1.0000	0.0000	0.0005	7.0150	0.0000	0.0000	0.0000	0.0000	0.0000	0.0000	0.0000	0.0000	0.0000	0.0004	0.0003	0.0000	0.0003	0.0003	0.0000	0.0000	0.0000	0.0000	0.0000	0.0000	0.0000	0.0000	0.0000	0.0000	0.0000	0.0000	0.0000	0.0151	0.0084	0.0067	0.0003	0.0003	0.0000	0.0148	0.0081	0.0066	0.0000	0.0000	0.0000	0.0000	0.0000	0.0000	0.0000	0.0000	0.0000	0.0239	0.0416	0.0015	1.2161	1.2946	0.0000	0.0007	0.0000	0.0015			
5	42	0.1500	6	1	0	2	1	0	0	0	0	N	N	Y	N	N	N	N	N	N	N	N	N	0.0000	0.0000	0.0000	0.0000	0.0000	0.0000	0.0000	0.0000	0.0000	0.0000	0.0000	0.0000	0.0000	0.0000	0.0000	0.0000	0.0000	0.0000	0.0000	0.0000	1.0000	0.0000	0.0005	0.0000	0.0000	0.0000	0.0000	0.0000	0.0000	0.0000	0.0000	0.0000	0.0000	0.0000	0.0000	0.0000	0.0000	0.0000	0.0000	0.0000	0.0000	0.0000	0.0000	0.0000	0.0000	0.0000	0.0000	0.0000	0.0000	0.0000	0.0000	0.0000	0.0000	0.0000	0.0000	0.0000	0.0000	0.0000	0.0000	0.0000	0.0000	0.0000	0.0000	0.0000	0.0000	0.0000	0.0000	0.0000	0.0000	0.0000	0.0000	0.0000	0.0000	0.0000	0.0000	0.0000	0.0000	0.0000											
5	43	0.1332	5	1	0	2	1	0	0	0	0	N	N	Y	N	N	N	N	N	N	N	N	N	0.0000	0.0000	0.0000	0.0000	0.0000	0.0000	0.0000	0.0000	0.0000	0.0000	0.0000	0.0000	0.0000	0.0000	0.0000	0.0000	0.0000	0.0000	0.0000	0.0000	1.0000	1.0000	0.0005	3.0000	0.0000	0.0000	0.0000	0.0000	0.0000	0.0000	0.0000	0.0000	0.0000	0.0000	0.0000	0.0000	0.0000	0.0000	0.0000	0.0000	0.0000	0.0000	0.0136	0.0115	0.0020	0.0008	0.0007	0.0000	0.0128	0.0108	0.0020	0.0083	0.0050	0.0033	0.0008	0.0006	0.0002	0.0075	0.0044	0.0032	0.0000	0.0000	0.0000	0.0000	0.0000	0.0000	0.0000	0.0000	0.0000	0.0000	0.0000	0.0000	0.0000	0.0000	0.0000	0.0000	0.0000	0.0000											
5	44	0.1332	5	1	0	2	1	0	0	0	0	N	N	Y	N	N	N	N	N	N	N	N	N	0.0000	0.0000	0.0000	0.0000	0.0000	0.0000	0.0000	0.0000	0.0000	0.0000	0.0000	0.0000	0.0000	0.0000	0.0000	0.0000	0.0000	0.0000	0.0000	0.0000	1.0000	1.0000	0.0005	3.0000	0.0000	0.0000	0.0000	0.0000	0.0000	0.0000	0.0000	0.0000	0.0000	0.0000	0.0000	0.0000	0.0000	0.0000	0.0000	0.0000	0.0000	0.0000	0.0136	0.0115	0.0020	0.0008	0.0007	0.0000	0.0128	0.0108	0.0020	0.0083	0.0050	0.0033	0.0008	0.0006	0.0002	0.0075	0.0044	0.0032	0.0000	0.0000	0.0000	0.0000	0.0000	0.0000	0.0000	0.0000	0.0000	0.0000	0.0000	0.0000	0.0000	0.0000	0.0000	0.0000	0.0000	0.0000											
5	45	0.0780	3	0	0	2	1	0	0	0	0	N	N	Y	N	N	N	N	N	N	N	N	N	0.0000	0.0000	0.0000	0.0000	0.0000	0.0000	0.0000	0.0000	0.0000	0.0000	0.0000	0.0000	0.0000	0.0000	0.0000	0.0000	0.0000	0.0000	0.0000	0.0000	1.0000	0.0000	0.0005	0.0000	0.0000	0.0000	0.0000	0.0000	0.0000	0.0000	0.0000	0.0000	0.0000	0.0000	0.0000	0.0000	0.0000	0.0000	0.0000	0.0000	0.0000	0.0000	0.0000	0.0000	0.0000	0.0000	0.0000	0.0000	0.0000	0.0000	0.0000	0.0000	0.0000	0.0000	0.0000	0.0000	0.0000	0.0000	0.0000	0.0000	0.0000	0.0000	0.0000	0.0000	0.0000	0.0000	0.0000	0.0000	0.0000	0.0000	0.0000	0.0000	0.0000	0.0000	0.0000	0.0000	0.0000	0.0000											
5	46	0.0350	2	0	0	1	1	0	0	0	0	N	N	N	N	N	N	N	N	N	N	N	N	0.0000	0.0000	0.0000	0.0000	0.0000	0.0000	0.0000	0.0000	0.0000	0.0000	0.0000	0.0000	0.0000	0.0000	0.0000	0.0000	0.0001	0.0001	0.0000	0.0000	0.0000	0.0000	0.0000	0.0000	-0.0000	1.0000	4.0000	0.0005	5.9850	0.0000	0.0000	0.0000	0.0000	0.0000	0.0000	0.0000	0.0000	0.0000	0.0000	0.0000	0.0000	0.0000	0.0000	0.0000	0.0000	0.0000	0.0000	0.0531	0.0451	0.0080	0.0008	0.0008	0.0001	0.0522	0.0443	0.0080	0.0208	0.0116	0.0092	0.0003	0.0003	0.0000	0.0205	0.0113	0.0092	0.0000	0.0000	0.0000	0.0000	0.0000	0.0000	0.0000	0.0000	0.0000	0.0000	0.0000	0.0000	0.0001	0.0001	0.0000	0.0000	0.0000	0.0000						
5	47	0.1060	4	0	1	1	1	0	0	0	0	N	N	N	N	N	N	N	N	N	N	N	N	0.0000	0.0000	0.0000	0.0000	0.0000	0.0000	0.0000	0.0000	0.0000	0.0000	0.0000	0.0000	0.0000	0.0000	0.0000	0.0000	0.0000	0.0000	0.0000	0.0000	1.0000	0.0000	0.0005	0.0000	0.0000	0.0000	0.0000	0.0000	0.0000	0.0000	0.0000	0.0000	0.0000	0.0000	0.0000	0.0000	0.0000	0.0000	0.0000	0.0000	0.0000	0.0000	0.0000	0.0000	0.0000	0.0000	0.0000	0.0000	0.0000	0.0000	0.0000	0.0000	0.0000	0.0000	0.0000	0.0000	0.0000	0.0000	0.0000	0.0000	0.0000	0.0000	0.0000	0.0000	0.0000	0.0000	0.0000	0.0000	0.0000	0.0000	0.0000	0.0000	0.0000	0.0000	0.0000	0.0000	0.0000	0.0000											
5	48	0.1658	7	1	1	2	1	0	0	0	0	N	N	Y	N	N	N	N	N	N	N	N	N	0.0000	0.0000	0.0000	0.0000	0.0000	0.0000	0.0000	0.0000	0.0000	0.0000	0.0000	0.0000	0.0000	0.0000	0.0000	0.0000	0.0000	0.0000	0.0000	0.0000	1.0000	0.0000	0.0005	2.0152	0.0000	0.0000	0.0000	0.0000	0.0000	0.0000	0.0000	0.0000	0.0000	0.0000	0.0000	0.0000	0.0000	0.0000	0.0000	0.0000	0.0000	0.0000	0.0000	0.0000	0.0000	0.0000	0.0000	0.0000	0.0000	0.0000	0.0000	0.0046	0.0028	0.0019	0.0007	0.0006	0.0001	0.0039	0.0021	0.0017	0.0000	0.0000	0.0000	0.0000	0.0000	0.0000	0.0000	0.0000	0.0000	0.0000	0.0000	0.0000	0.0000	0.0000	0.0000	0.0000	0.0000	0.0000											
5	49	0.1615	6	1	0	2	1	0	0	0	0	N	N	Y	N	N	N	N	N	N	N	N	N	0.0000	0.0000	0.0000	0.0000	0.0000	0.0000	0.0000	0.0000	0.0000	0.0000	0.0000	0.0000	0.0000	0.0000	0.0000	0.0000	0.0000	0.0000	0.0000	0.0000	1.0000	0.0003	0.0005	1.0311	0.0000	0.0000	0.0000	0.0000	0.0000	0.0000	0.0000	0.0000	0.0000	0.0000	0.0000	0.0000	0.0000	0.0000	0.0000	0.0000	0.0000	0.0000	0.0000	0.0000	0.0000	0.0000	0.0000	0.0000	0.0000	0.0000	0.0000	0.0024	0.0014	0.0010	0.0004	0.0003	0.0001	0.0020	0.0011	0.0009	0.0000	0.0000	0.0000	0.0000	0.0000	0.0000	0.0000	0.0000	0.0000	0.0000	0.0000	0.0000	0.0000	0.0000	0.0000	0.0000	0.0000	0.0000											
5	50	0.1615	6	1	1	2	1	0	0	0	0	N	N	Y	N	N	N	N	N	N	N	N	N	0.0000	0.0000	0.0000	0.0000	0.0000	0.0000	0.0000	0.0000	0.0000	0.0000	0.0000	0.0000	0.0000	0.0000	0.0000	0.0000	0.0000	0.0000	0.0000	0.0000	1.0000	0.0003	0.0005	1.0126	0.0000	0.0000	0.0000	0.0000	0.0000	0.0000	0.0000	0.0000	0.0000	0.0000	0.0000	0.0000	0.0000	0.0000	0.0000	0.0000	0.0000	0.0000	0.0000	0.0000	0.0000	0.0000	0.0000	0.0000	0.0000	0.0000	0.0000	0.0024	0.0014	0.0009	0.0004	0.0003	0.0001	0.0020	0.0011	0.0009	0.0000	0.0000	0.0000	0.0000	0.0000	0.0000	0.0000	0.0000	0.0000	0.0000	0.0000	0.0000	0.0000	0.0000	0.0000	0.0000	0.0000	0.0000											
5	51	0.1907	5	1	1	1	1	0	0	0	0	N	N	N	N	N	N	N	N	N	N	N	N	0.0000	0.0000	0.0000	0.0000	0.0000	0.0000	0.0000	0.0000	0.0000	0.0000	0.0000	0.0000	0.0000	0.0000	0.0000	0.0000	0.0000	0.0000	0.0000	0.0000	1.0000	0.0000	0.0005	1.0000	0.0000	0.0000	0.0000	0.0000	0.0000	0.0000	0.0000	0.0000	0.0000	0.0000	0.0000	0.0000	0.0000	0.0000	0.0000	0.0000	0.0000	0.0000	0.0000	0.0000	0.0000	0.0000	0.0000	0.0000	0.0000	0.0000	0.0000	0.0021	0.0013	0.0009	0.0005	0.0004	0.0001	0.0016	0.0009	0.0008	0.0000	0.0000	0.0000	0.0000	0.0000	0.0000	0.0000	0.0000	0.0000	0.0000	0.0000	0.0000	0.0000	0.0000	0.0000	0.0000	0.0000	0.0000											
5	52	0.0124	2	0	1	1	2	0	0	0	0	N	N	N	Y	N	N	N	N	N	N	N	N	0.0001	0.0000	inf	0.0000	0.0000	inf	inf	0.0000	0.0000	0.0000	0.0000	0.0000	0.0000	0.0000	0.0000	0.0000	0.0024	0.0037	0.0000	0.0155	0.0159	0.0000	0.0000	0.0000	0.0000	inf	0.0000	0.0000	-0.0000	1.0000	0.9995	0.0005	1.0399	0.0000	0.0000	0.0000	0.0000	0.0000	0.0000	0.0000	0.0000	0.0000	0.0000	0.0000	0.0000	0.0000	0.0000	0.0000	0.0000	0.0000	0.0000	0.0137	0.0116	0.0021	0.0000	0.0000	0.0000	0.0137	0.0116	0.0021	0.0064	0.0041	0.0023	0.0010	0.0010	0.0000	0.0054	0.0031	0.0022	0.0001	0.0000	inf	0.0000	0.0000	0.0000	inf	0.0000	inf	0.0024	0.0037	0.0000	0.0155	0.0159	0.0000	0.0000	0.0000	0.0000		
5	53	0.0124	2	0	0	1	2	0	0	0	0	N	N	N	Y	N	N	N	N	N	N	N	N	0.5182	0.3709	331.7095	316.6751	0.0002	0.0003	0.0000	1.4984	1.5012	0.0000	0.0000	0.0000	0.0000	0.0005	0.0008	0.0000	0.0045	0.0047	0.0000	0.0000	0.0000	0.0000	0.0000	0.0000	-0.0000	-0.0000	1.0000	3.0005	0.0005	1.0125	0.0000	0.0000	0.0000	0.0000	0.0000	0.0000	0.0000	0.0000	0.0000	0.0000	0.0000	0.0000	0.0000	0.0000	0.0000	0.0000	0.0000	0.0000	0.0403	0.0342	0.0062	0.0000	0.0000	0.0000	0.0403	0.0342	0.0062	0.0108	0.0066	0.0042	0.0011	0.0011	0.0001	0.0097	0.0055	0.0042	0.5182	0.3709	0.0000	331.7095	316.6751	0.0000	0.0000	0.0000	0.0000	0.0005	0.0008	0.0000	0.0045	0.0047	0.0000	0.0000	0.0000	0.0000					
5	56	0.1521	7	0	1	2	1	0	0	0	0	N	N	Y	N	N	N	N	N	N	N	N	N	0.0000	0.0000	0.0000	0.0000	0.0000	0.0000	0.0000	0.0000	0.0000	0.0000	0.0000	0.0000	0.0000	0.0000	0.0000	0.0000	0.0000	0.0000	0.0000	0.0000	0.0000	0.0000	inf	0.0000	0.0000	1.0000	2.0013	0.0005	5.6727	0.0000	0.0000	0.0000	0.0000	0.0000	0.0000	0.0000	0.0000	0.0000	0.0000	0.0000	0.0000	0.0000	0.0000	0.0000	0.0000	0.0000	0.0000	0.0270	0.0230	0.0040	0.0015	0.0015	0.0001	0.0255	0.0215	0.0039	0.0192	0.0125	0.0067	0.0038	0.0033	0.0005	0.0154	0.0092	0.0062	0.0000	0.0000	0.0000	0.0000	0.0000	0.0000	0.0000	0.0000	0.0000	0.0000	0.0000	0.0000	0.0000	0.0000	0.0000	0.0000	0.0000	0.0000						
5	57	0.1484	6	0	1	1	1	0	0	0	0	N	N	N	N	N	N	N	N	N	N	N	N	0.0000	0.0000	0.0000	0.0000	0.0000	0.0000	0.0000	0.0000	0.0000	0.0000	0.0000	0.0000	0.0000	0.0000	0.0000	0.0000	0.0000	0.0000	0.0000	0.0000	0.0000	0.0000	0.0000	0.0000	-0.0000	1.0000	0.0033	0.0005	1.3874	0.0000	0.0000	0.0000	0.0000	0.0000	0.0000	0.0000	0.0000	0.0000	0.0000	0.0000	0.0000	0.0000	0.0000	0.0000	0.0000	0.0000	0.0000	0.0001	0.0001	0.0000	0.0000	0.0000	0.0000	0.0001	0.0000	0.0000	0.0070	0.0053	0.0017	0.0024	0.0023	0.0001	0.0046	0.0030	0.0016	0.0000	0.0000	0.0000	0.0000	0.0000	0.0000	0.0000	0.0000	0.0000	0.0000	0.0000	0.0000	0.0000	0.0000	0.0000	0.0000	0.0000	0.0000						
5	58	0.1332	5	1	0	2	1	0	0	0	0	N	N	Y	N	N	N	N	N	N	N	N	N	0.0000	0.0000	0.0000	0.0000	0.0000	0.0000	0.0000	0.0000	0.0000	0.0000	0.0000	0.0000	0.0000	0.0000	0.0000	0.0000	0.0000	0.0000	0.0000	0.0000	1.0000	0.0000	0.0005	2.0000	0.0000	0.0000	0.0000	0.0000	0.0000	0.0000	0.0000	0.0000	0.0000	0.0000	0.0000	0.0000	0.0000	0.0000	0.0000	0.0000	0.0000	0.0000	0.0000	0.0000	0.0000	0.0000	0.0000	0.0000	0.0000	0.0000	0.0000	0.0042	0.0025	0.0017	0.0004	0.0003	0.0001	0.0038	0.0022	0.0016	0.0000	0.0000	0.0000	0.0000	0.0000	0.0000	0.0000	0.0000	0.0000	0.0000	0.0000	0.0000	0.0000	0.0000	0.0000	0.0000	0.0000	0.0000											
5	59	0.1484	6	0	1	1	1	0	0	0	0	N	N	N	N	N	N	N	N	N	N	N	N	0.0000	0.0000	0.0000	0.0000	0.0000	0.0000	0.0000	0.0000	0.0000	0.0000	0.0000	0.0000	0.0000	0.0000	0.0000	0.0000	0.0000	0.0000	0.0000	0.0000	1.0000	1.9997	0.0005	3.4660	0.0000	0.0000	0.0000	0.0000	0.0000	0.0000	0.0000	0.0000	0.0000	0.0000	0.0000	0.0000	0.0000	0.0000	0.0000	0.0000	0.0000	0.0000	0.0269	0.0229	0.0040	0.0015	0.0014	0.0001	0.0254	0.0215	0.0039	0.0150	0.0100	0.0050	0.0033	0.0030	0.0004	0.0117	0.0071	0.0046	0.0000	0.0000	0.0000	0.0000	0.0000	0.0000	0.0000	0.0000	0.0000	0.0000	0.0000	0.0000	0.0000	0.0000	0.0000	0.0000	0.0000	0.0000											
5	60	0.1332	5	0	1	1	1	0	0	0	0	N	N	N	N	N	N	N	N	N	N	N	N	0.0000	0.0000	0.0000	0.0000	0.0000	0.0000	0.0000	0.0000	0.0000	0.0000	0.0000	0.0000	0.0000	0.0000	0.0000	0.0000	0.0000	0.0000	0.0000	0.0000	1.0000	0.0005	0.0005	3.6054	0.0000	0.0000	0.0000	0.0000	0.0000	0.0000	0.0000	0.0000	0.0000	0.0000	0.0000	0.0000	0.0000	0.0000	0.0000	0.0000	0.0000	0.0000	0.0000	0.0000	0.0000	0.0000	0.0000	0.0000	0.0000	0.0000	0.0000	0.0075	0.0045	0.0030	0.0007	0.0005	0.0002	0.0068	0.0040	0.0029	0.0000	0.0000	0.0000	0.0000	0.0000	0.0000	0.0000	0.0000	0.0000	0.0000	0.0000	0.0000	0.0000	0.0000	0.0000	0.0000	0.0000	0.0000											
5	61	0.1060	4	0	0	2	1	0	0	0	0	N	N	Y	N	N	N	N	N	N	N	N	N	0.0000	0.0000	0.0000	0.0000	0.0000	0.0000	0.0000	0.0000	0.0000	0.0000	0.0000	0.0000	0.0000	0.0000	0.0000	0.0000	0.0000	0.0000	0.0000	0.0000	1.0000	0.0000	0.0005	1.0000	0.0000	0.0000	0.0000	0.0000	0.0000	0.0000	0.0000	0.0000	0.0000	0.0000	0.0000	0.0000	0.0000	0.0000	0.0000	0.0000	0.0000	0.0000	0.0000	0.0000	0.0000	0.0000	0.0000	0.0000	0.0000	0.0000	0.0000	0.0021	0.0012	0.0009	0.0002	0.0001	0.0001	0.0019	0.0010	0.0009	0.0000	0.0000	0.0000	0.0000	0.0000	0.0000	0.0000	0.0000	0.0000	0.0000	0.0000	0.0000	0.0000	0.0000	0.0000	0.0000	0.0000	0.0000											
5	62	0.1017	3	0	0	1	1	0	0	0	0	N	N	N	N	N	N	N	N	N	N	N	N	0.0000	0.0000	0.0000	0.0000	0.0000	0.0000	0.0000	0.0000	0.0000	0.0000	0.0000	0.0000	0.0000	0.0000	0.0000	0.0008	0.0000	0.0022	0.0047	0.0000	0.0384	0.0000	0.0000	0.0000	inf	0.0000	0.0000	1.0000	0.0001	0.0005	1.0076	0.0000	0.0000	0.0000	0.0000	0.0000	0.0000	0.0000	0.0000	0.0000	0.0000	0.0000	0.0000	0.0000	0.0000	0.0000	0.0000	0.0000	0.0000	0.0000	0.0000	0.0000	0.0000	0.0000	0.0000	0.0000	0.0000	0.0000	0.0027	0.0017	0.0010	0.0005	0.0004	0.0001	0.0022	0.0013	0.0010	0.0000	0.0000	0.0000	0.0000	0.0000	0.0000	0.0000	0.0000	0.0000	0.0008	0.0000	0.0022	0.0047	0.0000	0.0384	0.0000	0.0000	0.0000				
5	63	0.0350	2	0	0	1	1	0	0	0	0	N	N	N	N	N	N	N	N	N	N	N	N	0.0000	0.0000	0.0000	0.0000	0.0000	0.0000	0.0000	0.0000	0.0000	0.0000	0.0000	0.0000	0.0000	0.0000	0.0000	0.0000	0.0004	0.0001	0.0007	0.0051	0.0055	0.0000	0.0003	0.0000	0.0008	4.4551	0.0000	0.0000	1.0000	11.9999	0.0005	3.0574	0.0000	0.0000	0.0000	0.0000	0.0000	0.0000	0.0000	0.0000	0.0000	0.0000	0.0000	0.0000	0.0000	0.0000	0.0000	0.0000	0.0000	0.0000	0.1479	0.1262	0.0216	0.0024	0.0023	0.0001	0.1455	0.1240	0.0215	0.0301	0.0168	0.0133	0.0004	0.0004	0.0000	0.0296	0.0164	0.0133	0.0000	0.0000	0.0000	0.0000	0.0000	0.0000	0.0000	0.0000	0.0000	0.0004	0.0001	0.0007	0.0051	0.0055	0.0000	0.0003	0.0000	0.0008			
5	64	0.1332	5	1	1	1	1	0	0	0	0	N	N	N	N	N	N	N	N	N	N	N	N	0.0000	0.0000	0.0000	0.0000	0.0000	0.0000	0.0000	0.0000	0.0000	0.0000	0.0000	0.0000	0.0000	0.0007	0.0000	0.0017	0.0000	0.0000	0.0000	0.0008	0.0000	0.0019	inf	0.0000	0.0000	1.0000	4.0000	0.0005	3.0000	0.0000	0.0000	0.0000	0.0000	0.0000	0.0000	0.0000	0.0000	0.0000	0.0000	0.0000	0.0000	0.0000	0.0000	0.0000	0.0000	0.0000	0.0000	0.0527	0.0449	0.0078	0.0029	0.0028	0.0001	0.0498	0.0422	0.0076	0.0142	0.0085	0.0057	0.0013	0.0010	0.0003	0.0129	0.0075	0.0054	0.0000	0.0000	0.0000	0.0000	0.0000	0.0000	0.0000	0.0000	0.0000	0.0007	0.0000	0.0017	0.0000	0.0000	0.0000	0.0008	0.0000	0.0019						
5	65	0.0914	4	0	0	1	1	0	0	0	0	N	N	N	N	N	N	N	N	N	N	N	N	0.0000	0.0000	0.0000	0.0000	0.0000	0.0000	0.0000	0.0000	0.0000	0.0000	0.0000	0.0000	0.0000	0.0150	0.0264	0.0000	1.1479	1.8356	0.0000	0.0000	0.0000	0.0000	0.0000	0.0000	-0.0002	1.0000	2.0015	0.0005	10.0016	0.0000	0.0000	0.0000	0.0000	0.0000	0.0000	0.0000	0.0000	0.0000	0.0003	0.0003	0.0000	0.0003	0.0003	0.0000	0.0000	0.0000	0.0000	0.0273	0.0231	0.0041	0.0007	0.0007	0.0000	0.0265	0.0225	0.0041	0.0234	0.0133	0.0101	0.0016	0.0012	0.0004	0.0218	0.0121	0.0097	0.0000	0.0000	0.0000	0.0000	0.0000	0.0000	0.0000	0.0000	0.0000	0.0150	0.0264	0.0000	0.2239	0.3020	0.0000	0.0000	0.0000	0.0000						
5	67	0.2463	6	0	0	1	1	0	0	0	0	N	N	N	N	N	N	N	N	N	N	N	N	1.2185	inf	0.0000	5.4820	inf	0.0000	0.0000	0.0000	0.0001	0.0002	0.0000	0.0013	0.0013	0.0000	0.0000	0.0000	0.0000	0.0001	0.0000	0.0004	0.0002	0.0000	0.0015	0.0000	0.0000	0.0001	0.0000	inf	-0.0000	0.0000	1.0000	4.8614	0.0005	14.2102	0.0000	0.0000	0.0000	0.0000	0.0000	0.0000	0.0000	0.0000	0.0000	0.0000	0.0000	0.0000	0.0000	0.0000	0.0000	0.0000	0.0000	0.0000	0.0718	0.0619	0.0099	0.0080	0.0077	0.0003	0.0638	0.0542	0.0096	0.0601	0.0413	0.0188	0.0235	0.0199	0.0036	0.0366	0.0214	0.0152	1.2185	inf	0.0000	5.4820	inf	0.0000	0.0000	0.0000	0.0000	0.0001	0.0000	0.0004	0.0002	0.0000	0.0015	0.0000	0.0000	0.0001	
5	68	0.1671	8	1	1	2	1	0	0	0	0	N	N	Y	N	N	N	N	N	N	N	N	N	0.0000	0.0000	0.0000	0.0000	0.0000	0.0000	0.0000	0.0000	0.0000	0.0000	0.0000	0.0000	0.0000	0.0000	0.0000	0.0000	0.0000	0.0000	0.0000	0.0000	1.0000	0.0000	0.0005	0.0000	0.0000	0.0000	0.0000	0.0000	0.0000	0.0000	0.0000	0.0000	0.0000	0.0000	0.0000	0.0000	0.0000	0.0000	0.0000	0.0000	0.0000	0.0000	0.0000	0.0000	0.0000	0.0000	0.0000	0.0000	0.0000	0.0000	0.0000	0.0000	0.0000	0.0000	0.0000	0.0000	0.0000	0.0000	0.0000	0.0000	0.0000	0.0000	0.0000	0.0000	0.0000	0.0000	0.0000	0.0000	0.0000	0.0000	0.0000	0.0000	0.0000	0.0000	0.0000	0.0000	0.0000	0.0000											
5	69	0.1630	7	1	0	2	1	0	0	0	0	N	N	Y	N	N	N	N	N	N	N	N	N	0.0000	0.0000	0.0000	0.0000	0.0000	0.0000	0.0000	0.0000	0.0000	0.0000	0.0000	0.0000	0.0000	0.0000	0.0000	0.0000	0.0000	0.0000	0.0000	0.0000	1.0000	0.0016	0.0005	0.9826	0.0000	0.0000	0.0000	0.0000	0.0000	0.0000	0.0000	0.0000	0.0000	0.0000	0.0000	0.0000	0.0000	0.0000	0.0000	0.0000	0.0000	0.0000	0.0001	0.0001	0.0000	0.0000	0.0000	0.0000	0.0001	0.0000	0.0000	0.0023	0.0014	0.0009	0.0004	0.0004	0.0001	0.0019	0.0010	0.0008	0.0000	0.0000	0.0000	0.0000	0.0000	0.0000	0.0000	0.0000	0.0000	0.0000	0.0000	0.0000	0.0000	0.0000	0.0000	0.0000	0.0000	0.0000											
5	70	0.1503	6	1	0	2	1	0	0	0	0	N	N	Y	N	N	N	N	N	N	N	N	N	0.0000	0.0000	0.0000	0.0000	0.0000	0.0000	0.0000	0.0000	0.0000	0.0000	0.0000	0.0000	0.0000	0.0000	0.0000	0.0000	0.0000	0.0000	0.0000	0.0000	0.0000	0.0000	inf	0.0000	0.0000	1.0000	0.0061	0.0005	3.0249	0.0000	0.0000	0.0000	0.0000	0.0000	0.0000	0.0000	0.0000	0.0000	0.0000	0.0000	0.0000	0.0000	0.0000	0.0000	0.0000	0.0000	0.0000	0.0002	0.0002	0.0000	0.0001	0.0001	0.0000	0.0001	0.0001	0.0000	0.0070	0.0043	0.0027	0.0012	0.0010	0.0002	0.0059	0.0033	0.0025	0.0000	0.0000	0.0000	0.0000	0.0000	0.0000	0.0000	0.0000	0.0000	0.0000	0.0000	0.0000	0.0000	0.0000	0.0000	0.0000	0.0000	0.0000						
5	71	0.1332	5	1	0	2	1	0	0	0	0	N	N	Y	N	N	N	N	N	N	N	N	N	0.0000	0.0000	0.0000	0.0000	0.0000	0.0000	0.0000	0.0000	0.0000	0.0000	0.0000	0.0000	0.0000	0.0000	0.0000	0.0000	0.0000	0.0000	0.0000	0.0000	0.0000	0.0000	0.0000	0.0000	-0.0000	1.0000	0.0044	0.0005	4.0281	0.0000	0.0000	0.0000	0.0000	0.0000	0.0000	0.0000	0.0000	0.0000	0.0000	0.0000	0.0000	0.0000	0.0000	0.0000	0.0000	0.0000	0.0000	0.0001	0.0001	0.0000	0.0000	0.0000	0.0000	0.0001	0.0000	0.0000	0.0084	0.0050	0.0034	0.0008	0.0006	0.0002	0.0076	0.0044	0.0032	0.0000	0.0000	0.0000	0.0000	0.0000	0.0000	0.0000	0.0000	0.0000	0.0000	0.0000	0.0000	0.0000	0.0000	0.0000	0.0000	0.0000	0.0000						
5	72	0.0914	4	0	1	1	1	0	0	0	0	N	N	N	N	N	N	N	N	N	N	N	N	0.0000	0.0000	0.0000	0.0000	0.0000	0.0000	0.0000	0.0000	0.0000	0.0000	0.0000	0.0000	0.0000	0.0000	0.0000	0.0000	0.0006	0.0006	0.0007	0.0046	0.0063	0.0000	0.0003	0.0000	0.0008	1.0000	0.0000	-0.0000	1.0000	5.9987	0.0005	11.0016	0.0000	0.0000	0.0000	0.0000	0.0000	0.0000	0.0000	0.0000	0.0000	0.0000	0.0000	0.0000	0.0000	0.0000	0.0000	0.0000	0.0000	0.0000	0.0785	0.0668	0.0117	0.0020	0.0019	0.0001	0.0765	0.0649	0.0116	0.0318	0.0181	0.0137	0.0022	0.0016	0.0006	0.0297	0.0165	0.0132	0.0000	0.0000	0.0000	0.0000	0.0000	0.0000	0.0000	0.0000	0.0000	0.0006	0.0006	0.0007	0.0046	0.0063	0.0000	0.0003	0.0000	0.0008			
5	73	0.1332	5	1	0	2	1	0	0	0	0	N	N	Y	N	N	N	N	N	N	N	N	N	0.0000	0.0000	0.0000	0.0000	0.0000	0.0000	0.0000	0.0000	0.0000	0.0000	0.0000	0.0000	0.0000	0.0007	0.0000	0.0017	0.0000	0.0000	0.0000	0.0008	0.0000	0.0019	inf	0.0000	0.0000	1.0000	2.0000	0.0005	5.0000	0.0000	0.0000	0.0000	0.0000	0.0000	0.0000	0.0000	0.0000	0.0000	0.0000	0.0000	0.0000	0.0000	0.0000	0.0000	0.0000	0.0000	0.0000	0.0269	0.0229	0.0040	0.0015	0.0014	0.0001	0.0254	0.0215	0.0039	0.0142	0.0085	0.0057	0.0013	0.0010	0.0003	0.0129	0.0075	0.0054	0.0000	0.0000	0.0000	0.0000	0.0000	0.0000	0.0000	0.0000	0.0000	0.0007	0.0000	0.0017	0.0000	0.0000	0.0000	0.0008	0.0000	0.0019						
5	74	0.1332	6	0	1	1	1	0	0	0	0	N	N	N	N	N	N	N	N	N	N	N	N	0.0000	0.0000	0.0000	0.0000	0.0000	0.0000	0.0000	0.0000	0.0000	0.0000	0.0000	0.0000	0.0000	0.0000	0.0000	0.0000	0.0000	0.0000	0.0000	0.0000	0.0000	0.0000	0.0000	0.0000	inf	0.0000	0.0000	1.0000	6.1274	0.0005	13.6208	0.0000	0.0000	0.0000	0.0000	0.0000	0.0000	0.0000	0.0000	0.0000	0.0000	0.0000	0.0000	0.0000	0.0000	0.0000	0.0000	0.0000	0.0000	0.0829	0.0707	0.0122	0.0037	0.0035	0.0002	0.0792	0.0672	0.0121	0.0399	0.0235	0.0164	0.0027	0.0024	0.0002	0.0372	0.0211	0.0161	0.0000	0.0000	0.0000	0.0000	0.0000	0.0000	0.0000	0.0000	0.0000	0.0000	0.0000	0.0000	0.0000	0.0000	0.0000	0.0000	0.0000	0.0000				
5	75	0.1577	9	0	0	2	1	0	0	0	0	N	N	Y	N	N	N	N	N	N	N	N	N	0.0000	0.0000	0.0000	0.0000	0.0000	0.0000	0.0000	0.0000	0.0000	0.0000	0.0000	0.0000	0.0000	0.0000	0.0000	0.0000	0.0001	0.0001	0.0000	0.0000	0.0000	0.0000	0.0000	0.0000	-0.0000	1.0000	0.0000	0.0005	1.0003	0.0000	0.0000	0.0000	0.0000	0.0000	0.0000	0.0000	0.0000	0.0000	0.0000	0.0000	0.0000	0.0000	0.0000	0.0000	0.0000	0.0000	0.0000	0.0000	0.0000	0.0000	0.0000	0.0000	0.0000	0.0000	0.0000	0.0000	0.0021	0.0013	0.0009	0.0001	0.0001	0.0000	0.0020	0.0012	0.0009	0.0000	0.0000	0.0000	0.0000	0.0000	0.0000	0.0000	0.0000	0.0000	0.0000	0.0000	0.0000	0.0001	0.0001	0.0000	0.0000	0.0000	0.0000						
5	76	0.1536	8	0	0	2	1	0	0	0	0	N	N	Y	N	N	N	N	N	N	N	N	N	0.0000	0.0000	0.0000	0.0000	0.0000	0.0000	0.0000	0.0000	0.0000	0.0000	0.0000	0.0000	0.0000	0.0000	0.0000	0.0000	0.0000	0.0000	0.0000	0.0000	0.0000	0.0000	inf	0.0000	0.0000	1.0000	0.0000	0.0005	1.0076	0.0000	0.0000	0.0000	0.0000	0.0000	0.0000	0.0000	0.0000	0.0000	0.0000	0.0000	0.0000	0.0000	0.0000	0.0000	0.0000	0.0000	0.0000	0.0000	0.0000	0.0000	0.0000	0.0000	0.0000	0.0000	0.0000	0.0000	0.0021	0.0013	0.0009	0.0001	0.0001	0.0000	0.0020	0.0012	0.0009	0.0000	0.0000	0.0000	0.0000	0.0000	0.0000	0.0000	0.0000	0.0000	0.0000	0.0000	0.0000	0.0000	0.0000	0.0000	0.0000	0.0000	0.0000						
5	77	0.1496	7	0	0	1	1	0	0	0	0	N	N	N	N	N	N	N	N	N	N	N	N	0.0000	0.0000	0.0000	0.0000	0.0000	0.0000	0.0000	0.0000	0.0000	0.0000	0.0000	0.0000	0.0000	0.0000	0.0000	0.0000	0.0000	0.0000	0.0000	0.0000	1.0000	0.0026	0.0005	0.9924	0.0000	0.0000	0.0000	0.0000	0.0000	0.0000	0.0000	0.0000	0.0000	0.0000	0.0000	0.0000	0.0000	0.0000	0.0000	0.0000	0.0000	0.0000	0.0001	0.0001	0.0000	0.0000	0.0000	0.0000	0.0001	0.0001	0.0000	0.0021	0.0012	0.0009	0.0001	0.0001	0.0000	0.0020	0.0012	0.0009	0.0000	0.0000	0.0000	0.0000	0.0000	0.0000	0.0000	0.0000	0.0000	0.0000	0.0000	0.0000	0.0000	0.0000	0.0000	0.0000	0.0000	0.0000											
5	78	0.1332	6	0	0	1	1	0	0	0	0	N	N	N	N	N	N	N	N	N	N	N	N	0.0000	0.0000	0.0000	0.0000	0.0000	0.0000	0.0000	0.0000	0.0000	0.0000	0.0000	0.0000	0.0000	0.0000	0.0000	0.0000	0.0000	0.0000	0.0000	0.0000	0.0001	0.0000	0.0000	0.0000	inf	0.0000	0.0000	1.0000	2.8733	0.0005	1.5522	0.0000	0.0000	0.0000	0.0000	0.0000	0.0000	0.0000	0.0000	0.0000	0.0000	0.0000	0.0000	0.0000	0.0000	0.0000	0.0000	0.0000	0.0000	0.0418	0.0357	0.0062	0.0026	0.0026	0.0001	0.0392	0.0331	0.0061	0.0124	0.0078	0.0045	0.0018	0.0017	0.0001	0.0106	0.0061	0.0045	0.0000	0.0000	0.0000	0.0000	0.0000	0.0000	0.0000	0.0000	0.0000	0.0000	0.0000	0.0000	0.0000	0.0000	0.0001	0.0000	0.0000	0.0000				
5	79	0.1211	5	0	0	1	1	0	0	0	0	N	N	N	N	N	N	N	N	N	N	N	N	0.0000	0.0000	0.0000	0.0000	0.0000	0.0000	0.0000	0.0000	0.0000	0.0000	0.0000	0.0000	0.0000	0.0000	0.0000	0.0000	0.0000	0.0000	0.0000	0.0000	0.0000	0.0000	0.0002	0.0000	0.0000	0.0000	1.8377	0.0000	0.0000	1.0000	0.2102	0.0005	3.4985	0.0000	0.0000	0.0000	0.0000	0.0000	0.0000	0.0000	0.0000	0.0000	0.0000	0.0000	0.0000	0.0000	0.0000	0.0000	0.0000	0.0000	0.0000	0.0048	0.0041	0.0006	0.0010	0.0010	0.0000	0.0038	0.0031	0.0006	0.0151	0.0106	0.0045	0.0042	0.0040	0.0002	0.0109	0.0065	0.0044	0.0000	0.0000	0.0000	0.0000	0.0000	0.0000	0.0000	0.0000	0.0000	0.0000	0.0000	0.0000	0.0000	0.0000	0.0002	0.0000	0.0000	0.0000		
5	80	0.0647	5	0	1	1	1	0	0	0	0	N	N	N	N	N	N	N	N	N	N	N	N	0.0000	0.0000	0.0000	0.0000	0.0000	0.0000	0.0000	0.0000	0.0000	0.0000	0.0000	0.0000	0.0000	0.0000	0.0000	0.0000	0.0000	0.0000	0.0000	0.0000	0.0002	0.0000	0.0000	0.0000	inf	0.0000	0.0000	1.0000	2.0196	0.0005	6.0690	0.0000	0.0000	0.0000	0.0000	0.0000	0.0000	0.0000	0.0000	0.0000	0.0000	0.0000	0.0000	0.0000	0.0000	0.0000	0.0000	0.0000	0.0000	0.0278	0.0236	0.0042	0.0009	0.0008	0.0001	0.0269	0.0228	0.0041	0.0178	0.0102	0.0076	0.0009	0.0009	0.0000	0.0169	0.0093	0.0076	0.0000	0.0000	0.0000	0.0000	0.0000	0.0000	0.0000	0.0000	0.0000	0.0000	0.0000	0.0000	0.0000	0.0000	0.0002	0.0000	0.0000	0.0000				
5	81	0.0564	4	0	0	1	1	0	0	0	0	N	N	N	N	N	N	N	N	N	N	N	N	0.0000	0.0000	0.0000	0.0000	0.0000	0.0000	0.0000	0.0000	0.0000	0.0000	0.0000	0.0000	0.0000	0.0000	0.0000	0.0000	0.0000	0.0000	0.0000	0.0000	0.0002	0.0001	0.0014	0.0000	0.0000	0.0000	0.7666	0.0000	-0.0000	1.0000	0.9876	0.0005	0.9833	0.0000	0.0000	0.0000	0.0000	0.0000	0.0000	0.0000	0.0000	0.0000	0.0000	0.0000	0.0000	0.0000	0.0000	0.0000	0.0000	0.0000	0.0000	0.0135	0.0114	0.0021	0.0002	0.0002	0.0000	0.0133	0.0112	0.0020	0.0044	0.0025	0.0019	0.0001	0.0001	0.0000	0.0043	0.0024	0.0019	0.0000	0.0000	0.0000	0.0000	0.0000	0.0000	0.0000	0.0000	0.0000	0.0000	0.0000	0.0000	0.0002	0.0001	0.0014	0.0000	0.0000	0.0000		
5	82	0.1615	6	1	0	2	1	0	0	0	0	N	N	Y	N	N	N	N	N	N	N	N	N	0.0000	0.0000	0.0000	0.0000	0.0000	0.0000	0.0000	0.0000	0.0000	0.0000	0.0000	0.0000	0.0000	0.0000	0.0000	0.0000	0.0000	0.0000	0.0000	0.0000	1.0000	1.0000	0.0005	2.9874	0.0000	0.0000	0.0000	0.0000	0.0000	0.0000	0.0000	0.0000	0.0000	0.0000	0.0000	0.0000	0.0000	0.0000	0.0000	0.0000	0.0000	0.0000	0.0137	0.0116	0.0021	0.0002	0.0002	0.0000	0.0135	0.0114	0.0021	0.0087	0.0051	0.0036	0.0013	0.0010	0.0003	0.0074	0.0041	0.0033	0.0000	0.0000	0.0000	0.0000	0.0000	0.0000	0.0000	0.0000	0.0000	0.0000	0.0000	0.0000	0.0000	0.0000	0.0000	0.0000	0.0000	0.0000											
5	83	0.1332	5	1	0	2	1	0	0	0	0	N	N	Y	N	N	N	N	N	N	N	N	N	0.0000	0.0000	0.0000	0.0000	0.0000	0.0000	0.0000	0.0000	0.0000	0.0000	0.0000	0.0000	0.0000	0.0000	0.0000	0.0000	0.0000	0.0000	0.0000	0.0000	1.0000	0.9997	0.0005	6.0128	0.0000	0.0000	0.0000	0.0000	0.0000	0.0000	0.0000	0.0000	0.0000	0.0000	0.0000	0.0000	0.0000	0.0000	0.0000	0.0000	0.0000	0.0000	0.0136	0.0115	0.0020	0.0007	0.0007	0.0000	0.0128	0.0108	0.0020	0.0142	0.0085	0.0057	0.0013	0.0010	0.0003	0.0129	0.0075	0.0054	0.0000	0.0000	0.0000	0.0000	0.0000	0.0000	0.0000	0.0000	0.0000	0.0000	0.0000	0.0000	0.0000	0.0000	0.0000	0.0000	0.0000	0.0000											
5	84	0.0914	4	0	1	1	2	0	0	0	0	N	N	N	Y	N	N	N	N	N	N	N	N	0.0000	0.0000	0.0000	0.0000	0.0000	0.0000	0.0000	0.0000	0.0000	0.0000	0.0000	0.0000	0.0000	0.0000	0.0000	0.0000	0.0000	0.0000	0.0000	0.0000	1.0000	8.0013	0.0005	12.0015	0.0000	0.0000	0.0000	0.0000	0.0000	0.0000	0.0000	0.0000	0.0000	0.0000	0.0000	0.0000	0.0000	0.0000	0.0000	0.0000	0.0000	0.0000	0.1028	0.0876	0.0152	0.0027	0.0025	0.0002	0.1001	0.0851	0.0150	0.0366	0.0208	0.0158	0.0025	0.0018	0.0007	0.0341	0.0190	0.0151	0.0000	0.0000	0.0000	0.0000	0.0000	0.0000	0.0000	0.0000	0.0000	0.0000	0.0000	0.0000	0.0000	0.0000	0.0000	0.0000	0.0000	0.0000											
5	85	0.0350	2	0	1	1	1	0	0	0	0	N	N	N	N	N	N	N	N	N	N	N	N	0.0000	0.0000	0.0000	0.0000	0.0000	0.0000	0.0000	0.0000	0.0000	0.0000	0.0000	0.0000	0.0000	0.0000	0.0000	0.0000	0.0002	0.0002	0.0000	0.0000	0.0000	0.0000	0.0000	0.0000	-0.0000	1.0000	1.0000	0.0005	6.9850	0.0000	0.0000	0.0000	0.0000	0.0000	0.0000	0.0000	0.0000	0.0000	0.0000	0.0000	0.0000	0.0000	0.0000	0.0000	0.0000	0.0000	0.0000	0.0137	0.0116	0.0021	0.0002	0.0002	0.0000	0.0134	0.0114	0.0021	0.0170	0.0095	0.0075	0.0003	0.0003	0.0000	0.0167	0.0092	0.0075	0.0000	0.0000	0.0000	0.0000	0.0000	0.0000	0.0000	0.0000	0.0000	0.0000	0.0000	0.0000	0.0002	0.0002	0.0000	0.0000	0.0000	0.0000						
5	87	0.1332	5	0	1	1	1	0	0	0	0	N	N	N	N	N	N	N	N	N	N	N	N	0.0000	0.0000	0.0000	0.0000	0.0000	0.0000	0.0000	0.0000	0.0000	0.0000	0.0000	0.0000	0.0000	0.0162	0.0271	0.0000	0.4670	1.0491	0.0000	0.0000	0.0000	0.0000	0.0000	0.0000	-0.0002	1.0000	4.0000	0.0005	7.0000	0.0000	0.0000	0.0000	0.0000	0.0000	0.0000	0.0000	0.0000	0.0000	0.0003	0.0003	0.0000	0.0003	0.0003	0.0000	0.0000	0.0000	0.0000	0.0527	0.0449	0.0078	0.0029	0.0028	0.0001	0.0498	0.0422	0.0076	0.0217	0.0129	0.0087	0.0020	0.0015	0.0005	0.0196	0.0114	0.0082	0.0000	0.0000	0.0000	0.0000	0.0000	0.0000	0.0000	0.0000	0.0000	0.0162	0.0271	0.0000	0.1724	0.2285	0.0000	0.0000	0.0000	0.0000						
5	88	0.0914	4	0	0	1	1	0	0	0	0	N	N	N	N	N	N	N	N	N	N	N	N	0.0000	0.0000	0.0000	0.0000	0.0000	0.0000	0.0000	0.0000	0.0000	0.0000	0.0000	0.0000	0.0000	0.0000	0.0000	0.0000	0.0000	0.0000	0.0000	0.0000	1.0000	2.9985	0.0005	7.0016	0.0000	0.0000	0.0000	0.0000	0.0000	0.0000	0.0000	0.0000	0.0000	0.0000	0.0000	0.0000	0.0000	0.0000	0.0000	0.0000	0.0000	0.0000	0.0404	0.0343	0.0061	0.0011	0.0010	0.0001	0.0394	0.0333	0.0060	0.0198	0.0112	0.0086	0.0013	0.0010	0.0003	0.0185	0.0102	0.0082	0.0000	0.0000	0.0000	0.0000	0.0000	0.0000	0.0000	0.0000	0.0000	0.0000	0.0000	0.0000	0.0000	0.0000	0.0000	0.0000	0.0000	0.0000											
5	89	0.0649	5	0	1	1	1	0	0	0	0	N	N	N	N	N	N	N	N	N	N	N	N	0.0000	0.0000	0.0000	0.0000	0.0000	0.0000	0.0000	0.0000	0.0000	0.0000	0.0000	0.0000	0.0000	0.0000	0.0000	0.0179	0.0315	0.0000	1.8339	2.1982	0.0000	0.0000	0.0000	0.0000	0.0000	0.0000	-0.0002	1.0000	0.0157	0.0005	9.0253	0.0000	0.0000	0.0000	0.0000	0.0000	0.0000	0.0000	0.0000	0.0000	0.0003	0.0003	0.0000	0.0003	0.0003	0.0000	0.0000	0.0000	0.0000	0.0008	0.0007	0.0001	0.0003	0.0003	0.0000	0.0005	0.0004	0.0001	0.0195	0.0111	0.0085	0.0012	0.0010	0.0002	0.0183	0.0100	0.0083	0.0000	0.0000	0.0000	0.0000	0.0000	0.0000	0.0000	0.0000	0.0000	0.0179	0.0315	0.0000	0.2847	0.3378	0.0000	0.0000	0.0000	0.0000				
5	90	0.0564	4	0	1	1	1	0	0	0	0	N	N	N	N	N	N	N	N	N	N	N	N	0.0000	0.0000	0.0000	0.0000	0.0000	0.0000	0.0000	0.0000	0.0000	0.0000	0.0000	0.0000	0.0000	0.0000	0.0000	0.0000	0.0000	0.0002	0.0004	0.0000	0.0076	0.0078	0.0013	0.0000	0.0000	0.0000	0.0106	0.0000	-0.0000	1.0000	0.0169	0.0005	2.0013	0.0000	0.0000	0.0000	0.0000	0.0000	0.0000	0.0000	0.0000	0.0000	0.0000	0.0000	0.0000	0.0000	0.0000	0.0000	0.0000	0.0000	0.0000	0.0003	0.0002	0.0000	0.0000	0.0000	0.0000	0.0002	0.0002	0.0000	0.0045	0.0026	0.0020	0.0001	0.0001	0.0000	0.0044	0.0024	0.0020	0.0000	0.0000	0.0000	0.0000	0.0000	0.0000	0.0000	0.0000	0.0000	0.0002	0.0004	0.0000	0.0076	0.0078	0.0013	0.0000	0.0000	0.0000		
5	91	0.0477	3	0	0	1	1	0	0	0	0	N	N	N	N	N	N	N	N	N	N	N	N	0.0000	0.0000	0.0000	0.0000	0.0000	0.0000	0.0000	0.0000	0.0000	0.0000	0.0000	0.0000	0.0000	0.0000	0.0000	0.0000	0.0000	0.0000	0.0001	0.0001	0.0001	0.0000	0.0000	0.0000	0.0001	15.4218	0.0000	0.0000	1.0000	1.9923	0.0005	0.0454	0.0000	0.0000	0.0000	0.0000	0.0000	0.0000	0.0000	0.0000	0.0000	0.0000	0.0000	0.0000	0.0000	0.0000	0.0000	0.0000	0.0000	0.0000	0.0270	0.0229	0.0041	0.0005	0.0005	0.0000	0.0265	0.0224	0.0041	0.0046	0.0025	0.0020	0.0001	0.0001	0.0000	0.0045	0.0024	0.0020	0.0000	0.0000	0.0000	0.0000	0.0000	0.0000	0.0000	0.0000	0.0000	0.0000	0.0000	0.0001	0.0001	0.0001	0.0000	0.0000	0.0000	0.0001			
5	93	0.1881	9	1	1	1	2	0	0	0	0	N	N	N	Y	N	N	N	N	N	N	N	N	0.0000	0.0000	0.0000	0.0000	0.0000	0.0000	0.0000	0.0000	0.0000	0.0000	0.0000	0.0000	0.0000	0.0000	0.0000	0.0000	0.0000	0.0000	0.0000	0.0000	1.0000	0.0000	0.0005	0.0000	0.0000	0.0000	0.0000	0.0000	0.0000	0.0000	0.0000	0.0000	0.0000	0.0000	0.0000	0.0000	0.0000	0.0000	0.0000	0.0000	0.0000	0.0000	0.0000	0.0000	0.0000	0.0000	0.0000	0.0000	0.0000	0.0000	0.0000	0.0000	0.0000	0.0000	0.0000	0.0000	0.0000	0.0000	0.0000	0.0000	0.0000	0.0000	0.0000	0.0000	0.0000	0.0000	0.0000	0.0000	0.0000	0.0000	0.0000	0.0000	0.0000	0.0000	0.0000	0.0000	0.0000	0.0000											
5	94	0.1881	8	1	1	1	2	0	0	0	0	N	N	N	Y	N	N	N	N	N	N	N	N	0.0000	0.0000	0.0000	0.0000	0.0000	0.0000	0.0000	0.0000	0.0000	0.0000	0.0000	0.0000	0.0000	0.0000	0.0000	0.0000	0.0000	0.0000	0.0000	0.0000	1.0000	0.0000	0.0005	0.0001	0.0000	0.0000	0.0000	0.0000	0.0000	0.0000	0.0000	0.0000	0.0000	0.0000	0.0000	0.0000	0.0000	0.0000	0.0000	0.0000	0.0000	0.0000	0.0000	0.0000	0.0000	0.0000	0.0000	0.0000	0.0000	0.0000	0.0000	0.0000	0.0000	0.0000	0.0000	0.0000	0.0000	0.0000	0.0000	0.0000	0.0000	0.0000	0.0000	0.0000	0.0000	0.0000	0.0000	0.0000	0.0000	0.0000	0.0000	0.0000	0.0000	0.0000	0.0000	0.0000	0.0000	0.0000											
5	95	0.1702	7	0	1	1	2	0	0	0	0	N	N	N	Y	N	N	N	N	N	N	N	N	0.0000	0.0000	0.0000	0.0000	0.0000	0.0000	0.0000	0.0000	0.0000	0.0000	0.0000	0.0000	0.0000	0.0000	0.0000	0.0000	0.0000	0.0000	0.0000	0.0000	1.0000	0.9845	0.0005	0.9903	0.0000	0.0000	0.0000	0.0000	0.0000	0.0000	0.0000	0.0000	0.0000	0.0000	0.0000	0.0000	0.0000	0.0000	0.0000	0.0000	0.0000	0.0000	0.0141	0.0120	0.0021	0.0012	0.0012	0.0001	0.0129	0.0109	0.0020	0.0044	0.0026	0.0018	0.0006	0.0005	0.0001	0.0038	0.0021	0.0017	0.0000	0.0000	0.0000	0.0000	0.0000	0.0000	0.0000	0.0000	0.0000	0.0000	0.0000	0.0000	0.0000	0.0000	0.0000	0.0000	0.0000	0.0000											
5	96	0.1674	7	0	1	1	1	0	0	0	0	N	N	N	N	N	N	N	N	N	N	N	N	0.0000	0.0000	0.0000	0.0000	0.0000	0.0000	0.0000	0.0000	0.0000	0.0000	0.0000	0.0000	0.0000	0.0000	0.0000	0.0000	0.0000	0.0001	0.0001	0.0000	0.0007	0.0000	0.0000	0.0000	inf	0.0000	0.0000	1.0000	1.0063	0.0005	3.7812	0.0000	0.0000	0.0000	0.0000	0.0000	0.0000	0.0000	0.0000	0.0000	0.0000	0.0000	0.0000	0.0000	0.0000	0.0000	0.0000	0.0000	0.0000	0.0140	0.0119	0.0021	0.0007	0.0006	0.0000	0.0134	0.0113	0.0021	0.0157	0.0101	0.0057	0.0049	0.0042	0.0007	0.0109	0.0059	0.0050	0.0000	0.0000	0.0000	0.0000	0.0000	0.0000	0.0000	0.0000	0.0000	0.0000	0.0000	0.0001	0.0001	0.0000	0.0007	0.0000	0.0000	0.0000				
5	97	0.1702	7	0	0	2	2	0	0	0	0	N	N	Y	Y	N	N	N	N	N	N	N	N	0.0000	0.0000	0.0000	0.0000	0.0000	0.0000	0.0000	0.0000	0.0000	0.0000	0.0000	0.0000	0.0000	0.0000	0.0000	0.0000	0.0000	0.0000	0.0000	0.0000	1.0000	1.0165	0.0005	1.0129	0.0000	0.0000	0.0000	0.0000	0.0000	0.0000	0.0000	0.0000	0.0000	0.0000	0.0000	0.0000	0.0000	0.0000	0.0000	0.0000	0.0000	0.0000	0.0145	0.0124	0.0021	0.0012	0.0012	0.0001	0.0133	0.0112	0.0021	0.0045	0.0027	0.0018	0.0006	0.0005	0.0001	0.0039	0.0022	0.0017	0.0000	0.0000	0.0000	0.0000	0.0000	0.0000	0.0000	0.0000	0.0000	0.0000	0.0000	0.0000	0.0000	0.0000	0.0000	0.0000	0.0000	0.0000											
5	98	0.1573	6	0	0	1	2	0	0	0	0	N	N	N	Y	N	N	N	N	N	N	N	N	0.0000	0.0000	0.0000	0.0000	0.0000	0.0000	0.0000	0.0000	0.0000	0.0000	0.0000	0.0000	0.0000	0.0000	0.0000	0.0000	0.0000	0.0000	0.0000	0.0000	1.0000	2.0241	0.0005	1.0265	0.0000	0.0000	0.0000	0.0000	0.0000	0.0000	0.0000	0.0000	0.0000	0.0000	0.0000	0.0000	0.0000	0.0000	0.0000	0.0000	0.0000	0.0000	0.0280	0.0238	0.0042	0.0014	0.0013	0.0001	0.0266	0.0225	0.0041	0.0064	0.0037	0.0027	0.0009	0.0007	0.0002	0.0055	0.0030	0.0025	0.0000	0.0000	0.0000	0.0000	0.0000	0.0000	0.0000	0.0000	0.0000	0.0000	0.0000	0.0000	0.0000	0.0000	0.0000	0.0000	0.0000	0.0000											
5	99	0.1573	6	0	0	2	2	0	0	0	0	N	N	Y	Y	N	N	N	N	N	N	N	N	inf	inf	inf	inf	24.3723	28.6361	0.0000	0.0000	0.0000	0.0000	25.6298	30.2737	0.0000	0.0000	0.0000	0.0000	0.0000	0.0000	0.0000	0.0000	0.0000	0.0000	0.0000	-0.4617	0.0000	1.0000	3.0066	0.0005	0.0000	1.0000	1.0000	0.0000	0.0000	0.0000	0.0000	1.0000	1.0000	0.0000	0.0000	0.0000	0.0000	0.0000	0.0000	0.0000	0.0000	0.0000	0.0000	0.0410	0.0349	0.0061	0.0020	0.0019	0.0001	0.0390	0.0330	0.0060	0.0063	0.0037	0.0027	0.0009	0.0007	0.0002	0.0054	0.0030	0.0024	inf	inf	0.0000	0.0000	0.0000	0.0000	inf	inf	0.0000	0.0000	0.0000	0.0000	0.0000	0.0000	0.0000	0.0000	0.0000	0.0000						
5	100	0.1830	6	0	0	2	2	0	0	0	0	N	N	Y	Y	N	N	N	N	N	N	N	N	0.0000	0.0000	0.0000	0.0000	0.0000	0.0000	0.0000	0.0000	0.0000	0.0000	0.0000	0.0000	0.0000	0.0000	0.0000	0.0000	0.0000	0.0000	0.0000	0.0000	1.0000	0.0000	0.0005	2.0000	0.0000	0.0000	0.0000	0.0000	0.0000	0.0000	0.0000	0.0000	0.0000	0.0000	0.0000	0.0000	0.0000	0.0000	0.0000	0.0000	0.0000	0.0000	0.0000	0.0000	0.0000	0.0000	0.0000	0.0000	0.0000	0.0000	0.0000	0.0041	0.0024	0.0017	0.0006	0.0005	0.0001	0.0035	0.0019	0.0016	0.0000	0.0000	0.0000	0.0000	0.0000	0.0000	0.0000	0.0000	0.0000	0.0000	0.0000	0.0000	0.0000	0.0000	0.0000	0.0000	0.0000	0.0000											
5	101	0.1439	5	0	0	2	2	0	0	0	0	N	N	Y	Y	N	N	N	N	N	N	N	N	0.0000	0.0000	0.0000	0.0000	0.0000	0.0000	0.0000	0.0000	0.0000	0.0000	0.0000	0.0000	0.0000	0.0000	0.0000	0.0000	0.0000	0.0000	0.0000	0.0000	0.0000	0.0000	0.0000	0.0000	inf	0.0000	0.0000	1.0000	5.8899	0.0005	3.1847	0.0000	0.0000	0.0000	0.0000	0.0000	0.0000	0.0000	0.0000	0.0000	0.0000	0.0000	0.0000	0.0000	0.0000	0.0000	0.0000	0.0000	0.0000	0.0806	0.0687	0.0119	0.0055	0.0050	0.0004	0.0751	0.0637	0.0115	0.0195	0.0114	0.0081	0.0030	0.0025	0.0006	0.0164	0.0089	0.0075	0.0000	0.0000	0.0000	0.0000	0.0000	0.0000	0.0000	0.0000	0.0000	0.0000	0.0000	0.0000	0.0000	0.0000	0.0000	0.0000	0.0000	0.0000				
5	102	0.1907	5	1	1	1	1	0	0	0	0	N	N	N	N	N	N	N	N	N	N	N	N	0.0000	0.0000	0.0000	0.0000	0.0000	0.0000	0.0000	0.0000	0.0000	0.0000	0.0000	0.0000	0.0000	0.0000	0.0000	0.0000	0.0000	0.0000	0.0000	0.0000	1.0000	0.0000	0.0005	0.0000	0.0000	0.0000	0.0000	0.0000	0.0000	0.0000	0.0000	0.0000	0.0000	0.0000	0.0000	0.0000	0.0000	0.0000	0.0000	0.0000	0.0000	0.0000	0.0000	0.0000	0.0000	0.0000	0.0000	0.0000	0.0000	0.0000	0.0000	0.0000	0.0000	0.0000	0.0000	0.0000	0.0000	0.0000	0.0000	0.0000	0.0000	0.0000	0.0000	0.0000	0.0000	0.0000	0.0000	0.0000	0.0000	0.0000	0.0000	0.0000	0.0000	0.0000	0.0000	0.0000	0.0000	0.0000											
5	103	0.0914	4	1	1	1	1	0	0	0	0	N	N	N	N	N	N	N	N	N	N	N	N	0.0000	0.0000	0.0000	0.0000	0.0000	0.0000	0.0000	0.0000	0.0000	0.0000	0.0000	0.0000	0.0000	0.0000	0.0000	0.0000	0.0000	0.0000	0.0000	0.0000	1.0000	8.0012	0.0005	14.0016	0.0000	0.0000	0.0000	0.0000	0.0000	0.0000	0.0000	0.0000	0.0000	0.0000	0.0000	0.0000	0.0000	0.0000	0.0000	0.0000	0.0000	0.0000	0.1028	0.0876	0.0152	0.0027	0.0025	0.0002	0.1001	0.0851	0.0150	0.0397	0.0226	0.0171	0.0027	0.0020	0.0007	0.0370	0.0206	0.0163	0.0000	0.0000	0.0000	0.0000	0.0000	0.0000	0.0000	0.0000	0.0000	0.0000	0.0000	0.0000	0.0000	0.0000	0.0000	0.0000	0.0000	0.0000											
5	104	0.1544	5	0	1	1	1	0	0	0	0	N	N	N	N	N	N	N	N	N	N	N	N	0.0000	0.0000	0.0000	0.0000	0.0000	0.0000	0.0000	0.0000	0.0000	0.0000	0.0000	0.0000	0.0000	0.0000	0.0000	0.0000	0.0000	0.0000	0.0001	0.0000	0.0002	0.0002	0.0000	0.0000	0.0000	0.0000	0.0135	0.0000	-0.0000	1.0000	2.0010	0.0005	1.0153	0.0000	0.0000	0.0000	0.0000	0.0000	0.0000	0.0000	0.0000	0.0000	0.0000	0.0000	0.0000	0.0000	0.0000	0.0000	0.0000	0.0000	0.0000	0.0270	0.0229	0.0041	0.0007	0.0006	0.0000	0.0263	0.0223	0.0040	0.0068	0.0040	0.0028	0.0014	0.0011	0.0003	0.0054	0.0029	0.0025	0.0000	0.0000	0.0000	0.0000	0.0000	0.0000	0.0000	0.0000	0.0000	0.0000	0.0001	0.0000	0.0002	0.0002	0.0000	0.0000	0.0000	0.0000		
5	105	0.0914	4	0	1	1	1	0	0	0	0	N	N	N	N	N	N	N	N	N	N	N	N	0.0000	0.0000	0.0000	0.0000	0.0000	0.0000	0.0000	0.0000	0.0000	0.0000	0.0000	0.0000	0.0000	0.0033	0.0059	0.0000	0.0496	0.0670	0.0000	0.0000	0.0000	0.0000	0.0000	0.0000	-0.0000	1.0000	3.0162	0.0005	11.0438	0.0000	0.0000	0.0000	0.0000	0.0000	0.0000	0.0000	0.0000	0.0000	0.0001	0.0001	0.0000	0.0001	0.0001	0.0000	0.0000	0.0000	0.0000	0.0406	0.0345	0.0061	0.0011	0.0010	0.0001	0.0396	0.0335	0.0061	0.0269	0.0153	0.0116	0.0018	0.0013	0.0005	0.0251	0.0140	0.0112	0.0000	0.0000	0.0000	0.0000	0.0000	0.0000	0.0000	0.0000	0.0000	0.0033	0.0059	0.0000	0.0496	0.0670	0.0000	0.0000	0.0000	0.0000						
5	106	0.1923	9	1	1	1	1	0	0	0	0	N	N	N	N	N	N	N	N	N	N	N	N	0.0000	0.0000	0.0000	0.0000	0.0000	0.0000	0.0000	0.0000	0.0000	0.0000	0.0000	0.0000	0.0000	0.0000	0.0000	0.0000	0.0000	0.0000	0.0000	0.0000	1.0000	1.0000	0.0005	1.0000	0.0000	0.0000	0.0000	0.0000	0.0000	0.0000	0.0000	0.0000	0.0000	0.0000	0.0000	0.0000	0.0000	0.0000	0.0000	0.0000	0.0000	0.0000	0.0138	0.0117	0.0021	0.0006	0.0005	0.0000	0.0132	0.0112	0.0020	0.0044	0.0027	0.0017	0.0015	0.0012	0.0003	0.0029	0.0015	0.0014	0.0000	0.0000	0.0000	0.0000	0.0000	0.0000	0.0000	0.0000	0.0000	0.0000	0.0000	0.0000	0.0000	0.0000	0.0000	0.0000	0.0000	0.0000											
5	107	0.1881	8	1	1	1	1	0	0	0	0	N	N	N	N	N	N	N	N	N	N	N	N	0.0000	0.0000	0.0000	0.0000	0.0000	0.0000	0.0000	0.0000	0.0000	0.0000	0.0000	0.0000	0.0000	0.0000	0.0000	0.0000	0.0000	0.0000	0.0000	0.0000	1.0000	0.0000	0.0005	0.9999	0.0000	0.0000	0.0000	0.0000	0.0000	0.0000	0.0000	0.0000	0.0000	0.0000	0.0000	0.0000	0.0000	0.0000	0.0000	0.0000	0.0000	0.0000	0.0000	0.0000	0.0000	0.0000	0.0000	0.0000	0.0000	0.0000	0.0000	0.0022	0.0013	0.0009	0.0006	0.0005	0.0001	0.0016	0.0009	0.0007	0.0000	0.0000	0.0000	0.0000	0.0000	0.0000	0.0000	0.0000	0.0000	0.0000	0.0000	0.0000	0.0000	0.0000	0.0000	0.0000	0.0000	0.0000											
5	108	0.1674	7	1	1	1	1	0	0	0	0	N	N	N	N	N	N	N	N	N	N	N	N	0.0000	0.0000	0.0000	0.0000	0.0000	0.0000	0.0000	0.0000	0.0000	0.0000	0.0000	0.0000	0.0000	0.0000	0.0000	0.0000	0.0000	0.0056	0.0088	0.0000	0.0183	0.0213	0.0000	0.0000	0.0000	0.0000	0.0000	0.0000	-0.0000	1.0000	0.0100	0.0005	4.8896	0.0000	0.0000	0.0000	0.0000	0.0000	0.0000	0.0000	0.0000	0.0000	0.0001	0.0001	0.0000	0.0001	0.0001	0.0000	0.0000	0.0000	0.0000	0.0003	0.0002	0.0000	0.0001	0.0001	0.0000	0.0002	0.0002	0.0000	0.0160	0.0102	0.0058	0.0049	0.0042	0.0007	0.0111	0.0060	0.0051	0.0000	0.0000	0.0000	0.0000	0.0000	0.0000	0.0000	0.0000	0.0000	0.0056	0.0088	0.0000	0.0183	0.0213	0.0000	0.0000	0.0000	0.0000		
5	109	0.1573	6	0	1	1	1	0	0	0	0	N	N	N	N	N	N	N	N	N	N	N	N	0.0000	0.0000	0.0000	0.0000	0.0000	0.0000	0.0000	0.0000	0.0000	0.0000	0.0000	0.0000	0.0000	0.0001	0.0002	0.0000	0.0006	0.0008	0.0000	0.0000	0.0000	0.0000	0.0000	0.0000	-0.0000	1.0000	1.0007	0.0005	1.4004	0.0000	0.0000	0.0000	0.0000	0.0000	0.0000	0.0000	0.0000	0.0000	0.0000	0.0000	0.0000	0.0000	0.0000	0.0000	0.0000	0.0000	0.0000	0.0141	0.0120	0.0021	0.0008	0.0008	0.0000	0.0134	0.0113	0.0021	0.0051	0.0030	0.0021	0.0007	0.0006	0.0002	0.0044	0.0024	0.0020	0.0000	0.0000	0.0000	0.0000	0.0000	0.0000	0.0000	0.0000	0.0000	0.0001	0.0002	0.0000	0.0006	0.0008	0.0000	0.0000	0.0000	0.0000						
5	110	0.1439	5	0	0	1	1	0	0	0	0	N	N	N	N	N	N	N	N	N	N	N	N	0.0000	0.0000	0.0000	0.0000	0.0000	0.0000	0.0000	0.0000	0.0000	0.0000	0.0000	0.0000	0.0000	0.0000	0.0000	0.0000	0.0000	0.0000	0.0000	0.0000	0.0000	0.0000	0.0000	0.0000	inf	0.0000	0.0000	1.0000	0.3039	0.0005	2.8719	0.0000	0.0000	0.0000	0.0000	0.0000	0.0000	0.0000	0.0000	0.0000	0.0000	0.0000	0.0000	0.0000	0.0000	0.0000	0.0000	0.0000	0.0000	0.0075	0.0064	0.0011	0.0024	0.0021	0.0002	0.0051	0.0043	0.0009	0.0080	0.0047	0.0032	0.0015	0.0013	0.0002	0.0065	0.0034	0.0030	0.0000	0.0000	0.0000	0.0000	0.0000	0.0000	0.0000	0.0000	0.0000	0.0000	0.0000	0.0000	0.0000	0.0000	0.0000	0.0000	0.0000	0.0000				
5	111	0.0914	4	0	0	1	1	0	0	0	0	N	N	N	N	N	N	N	N	N	N	N	N	0.0000	0.0000	0.0000	0.0000	0.0000	0.0000	0.0000	0.0000	0.0000	0.0000	0.0000	0.0000	0.0000	0.0000	0.0000	0.0000	0.0000	0.0000	0.0000	0.0000	0.0000	0.0000	0.0000	0.0000	-0.0000	1.0000	3.8240	0.0005	8.1760	0.0000	0.0000	0.0000	0.0000	0.0000	0.0000	0.0000	0.0000	0.0000	0.0000	0.0000	0.0000	0.0000	0.0000	0.0000	0.0000	0.0000	0.0000	0.0511	0.0434	0.0077	0.0013	0.0012	0.0001	0.0498	0.0422	0.0076	0.0234	0.0133	0.0101	0.0016	0.0012	0.0004	0.0218	0.0121	0.0097	0.0000	0.0000	0.0000	0.0000	0.0000	0.0000	0.0000	0.0000	0.0000	0.0000	0.0000	0.0000	0.0000	0.0000	0.0000	0.0000	0.0000	0.0000						
5	115	0.2840	7	0	0	1	1	0	0	0	0	N	N	N	N	N	N	N	N	N	N	N	N	3.6197	3.2445	0.0000	12.2450	11.3717	0.0000	0.0000	0.0000	0.0000	0.0029	0.0033	0.0000	0.0196	0.0202	0.0000	0.0000	0.0000	0.0000	0.0008	0.0010	0.0002	0.0016	0.0018	0.0005	0.0001	0.0001	0.0001	0.0000	0.0872	-0.0002	-0.0000	1.0000	8.9918	0.0005	13.3277	0.0004	0.0004	0.0000	0.0004	0.0004	0.0000	0.0000	0.0000	0.0000	0.0001	0.0001	0.0000	0.0001	0.0001	0.0000	0.0000	0.0000	0.0000	0.1329	0.1152	0.0177	0.0194	0.0188	0.0007	0.1135	0.0965	0.0170	0.0770	0.0550	0.0220	0.0359	0.0307	0.0052	0.0411	0.0243	0.0167	3.6197	3.2445	0.0000	12.2450	11.3717	0.0000	0.0000	0.0000	0.0000	0.0008	0.0010	0.0002	0.0016	0.0018	0.0005	0.0001	0.0001	0.0001
6	7	0.0466	4	2	1	1	0	0	0	0	0	Y	N	N	N	N	N	N	N	N	N	N	N	0.0000	0.0000	0.0000	0.0000	0.0000	0.0000	0.0000	0.0000	0.0000	0.0000	0.0000	0.0000	0.0000	0.0000	0.0000	0.0000	0.0000	0.0000	0.0000	0.0000	2.0000	0.0000	1.0000	2.0000	0.0000	0.0000	0.0000	0.0000	0.0000	0.0000	0.0000	0.0000	0.0000	0.0000	0.0000	0.0000	0.0000	0.0000	0.0000	0.0000	0.0000	0.0000	0.0000	0.0000	0.0000	0.0000	0.0000	0.0000	0.0000	0.0000	0.0000	0.0144	0.0074	0.0069	0.0008	0.0007	0.0001	0.0136	0.0067	0.0068	0.0000	0.0000	0.0000	0.0000	0.0000	0.0000	0.0000	0.0000	0.0000	0.0000	0.0000	0.0000	0.0000	0.0000	0.0000	0.0000	0.0000	0.0000											
6	8	0.1512	7	2	2	0	1	0	0	0	0	Y	Y	N	N	N	N	N	N	N	N	N	N	0.0000	0.0000	0.0000	0.0000	0.0000	0.0000	0.0000	0.0000	0.0000	0.0000	0.0000	0.0000	0.0000	0.0000	0.0000	0.0000	0.0000	0.0000	0.0000	0.0000	2.0000	0.0000	1.0000	1.0000	0.0000	0.0000	0.0000	0.0000	0.0000	0.0000	0.0000	0.0000	0.0000	0.0000	0.0000	0.0000	0.0000	0.0000	0.0000	0.0000	0.0000	0.0000	0.0000	0.0000	0.0000	0.0000	0.0000	0.0000	0.0000	0.0000	0.0000	0.0062	0.0039	0.0024	0.0015	0.0012	0.0003	0.0047	0.0027	0.0020	0.0000	0.0000	0.0000	0.0000	0.0000	0.0000	0.0000	0.0000	0.0000	0.0000	0.0000	0.0000	0.0000	0.0000	0.0000	0.0000	0.0000	0.0000											
6	9	0.0424	3	2	1	1	0	0	0	0	0	Y	N	N	N	N	N	N	N	N	N	N	N	0.0000	0.0000	0.0000	0.0000	0.0000	0.0000	0.0000	0.0000	0.0000	0.0000	0.0000	0.0000	0.0000	0.0000	0.0000	0.0000	0.0000	0.0000	0.0000	0.0000	2.0000	1.9984	1.0000	4.0415	0.0000	0.0000	0.0000	0.0000	0.0000	0.0000	0.0000	0.0000	0.0000	0.0000	0.0000	0.0000	0.0000	0.0000	0.0000	0.0000	0.0000	0.0000	0.0529	0.0449	0.0080	0.0001	0.0001	0.0000	0.0528	0.0448	0.0080	0.0422	0.0221	0.0202	0.0026	0.0023	0.0004	0.0396	0.0198	0.0198	0.0000	0.0000	0.0000	0.0000	0.0000	0.0000	0.0000	0.0000	0.0000	0.0000	0.0000	0.0000	0.0000	0.0000	0.0000	0.0000	0.0000	0.0000											
6	10	0.1208	7	1	1	1	0	0	0	0	0	N	N	N	N	N	N	N	N	N	N	N	N	0.0000	0.0000	0.0000	0.0000	0.0000	0.0000	0.0000	0.0000	0.0000	0.0000	0.0000	0.0000	0.0000	0.0000	0.0000	0.0000	0.0000	0.0000	0.0000	0.0000	2.0000	0.0000	1.0000	2.0012	0.0000	0.0000	0.0000	0.0000	0.0000	0.0000	0.0000	0.0000	0.0000	0.0000	0.0000	0.0000	0.0000	0.0000	0.0000	0.0000	0.0000	0.0000	0.0000	0.0000	0.0000	0.0000	0.0000	0.0000	0.0000	0.0000	0.0000	0.0141	0.0074	0.0068	0.0012	0.0009	0.0002	0.0130	0.0064	0.0065	0.0000	0.0000	0.0000	0.0000	0.0000	0.0000	0.0000	0.0000	0.0000	0.0000	0.0000	0.0000	0.0000	0.0000	0.0000	0.0000	0.0000	0.0000											
6	11	0.1152	5	1	1	1	0	0	0	0	0	N	N	N	N	N	N	N	N	N	N	N	N	0.0000	0.0000	0.0000	0.0000	0.0000	0.0000	0.0000	0.0000	0.0000	0.0000	0.0000	0.0000	0.0000	0.0000	0.0000	0.0000	0.0000	0.0000	0.0000	0.0000	2.0000	5.0149	1.0000	7.0912	0.0000	0.0000	0.0000	0.0000	0.0000	0.0000	0.0000	0.0000	0.0000	0.0000	0.0000	0.0000	0.0000	0.0000	0.0000	0.0000	0.0000	0.0000	0.1308	0.1118	0.0191	0.0089	0.0084	0.0005	0.1219	0.1034	0.0185	0.0698	0.0423	0.0275	0.0080	0.0064	0.0016	0.0618	0.0359	0.0259	0.0000	0.0000	0.0000	0.0000	0.0000	0.0000	0.0000	0.0000	0.0000	0.0000	0.0000	0.0000	0.0000	0.0000	0.0000	0.0000	0.0000	0.0000											
6	13	0.1461	4	1	1	1	1	0	0	0	0	N	N	N	N	N	N	N	N	N	N	N	N	0.0000	0.0000	0.0000	0.0000	0.0000	0.0000	0.0000	0.0000	0.0000	0.0000	0.0000	0.0000	0.0000	0.0000	0.0000	0.0000	0.0000	0.0000	0.0000	0.0000	2.0000	0.0000	1.0000	0.0000	0.0000	0.0000	0.0000	0.0000	0.0000	0.0000	0.0000	0.0000	0.0000	0.0000	0.0000	0.0000	0.0000	0.0000	0.0000	0.0000	0.0000	0.0000	0.0000	0.0000	0.0000	0.0000	0.0000	0.0000	0.0000	0.0000	0.0000	0.0000	0.0000	0.0000	0.0000	0.0000	0.0000	0.0000	0.0000	0.0000	0.0000	0.0000	0.0000	0.0000	0.0000	0.0000	0.0000	0.0000	0.0000	0.0000	0.0000	0.0000	0.0000	0.0000	0.0000	0.0000	0.0000	0.0000											
6	15	0.1204	4	1	1	0	1	0	0	0	0	N	N	N	N	N	N	N	N	N	N	N	N	0.0000	0.0000	0.0000	0.0000	0.0000	0.0000	0.0000	0.0000	0.0000	0.0000	0.0000	0.0000	0.0000	0.0000	0.0000	0.0000	0.0000	0.0000	0.0000	0.0000	2.0000	2.0066	1.0000	2.0000	0.0000	0.0000	0.0000	0.0000	0.0000	0.0000	0.0000	0.0000	0.0000	0.0000	0.0000	0.0000	0.0000	0.0000	0.0000	0.0000	0.0000	0.0000	0.0545	0.0465	0.0079	0.0043	0.0041	0.0002	0.0502	0.0425	0.0077	0.0238	0.0143	0.0096	0.0026	0.0021	0.0005	0.0212	0.0122	0.0090	0.0000	0.0000	0.0000	0.0000	0.0000	0.0000	0.0000	0.0000	0.0000	0.0000	0.0000	0.0000	0.0000	0.0000	0.0000	0.0000	0.0000	0.0000											
6	16	0.1110	4	1	2	0	1	0	0	0	0	N	Y	N	N	N	N	N	N	N	N	N	N	inf	inf	inf	inf	1.9069	2.2134	0.0000	0.0000	0.0000	0.0000	1.9971	2.3292	0.0000	0.0000	0.0000	0.0000	0.0000	0.0000	0.0000	0.0000	0.0000	0.0000	0.0000	-0.4617	0.0000	2.0000	24.0000	1.0000	5.0000	1.0000	1.0000	0.0000	0.0000	0.0000	0.0000	1.0000	1.0000	0.0000	0.0000	0.0000	0.0000	0.0000	0.0000	0.0000	0.0000	0.0000	0.0000	0.5244	0.4518	0.0726	0.0237	0.0225	0.0012	0.5007	0.4293	0.0714	0.1440	0.0859	0.0582	0.0136	0.0103	0.0033	0.1304	0.0756	0.0549	inf	inf	0.0000	0.0000	0.0000	0.0000	inf	inf	0.0000	0.0000	0.0000	0.0000	0.0000	0.0000	0.0000	0.0000	0.0000	0.0000						
6	17	0.0316	3	1	2	0	0	0	0	0	0	N	Y	N	N	N	N	N	N	N	N	N	N	0.1663	0.1148	5.2734	5.0481	0.0004	0.0004	0.0000	0.0852	0.0853	0.0000	0.0000	0.0000	0.0000	0.0022	0.0038	0.0000	0.0162	0.0169	0.0000	0.0000	0.0000	0.0000	0.0000	0.0000	-0.0000	-0.0001	2.0000	0.9987	1.0000	5.5397	0.0000	0.0000	0.0000	0.0000	0.0000	0.0000	0.0000	0.0000	0.0000	0.0001	0.0001	0.0000	0.0001	0.0001	0.0000	0.0000	0.0000	0.0000	0.0269	0.0228	0.0041	0.0001	0.0001	0.0000	0.0267	0.0227	0.0041	0.0581	0.0340	0.0240	0.0080	0.0077	0.0004	0.0500	0.0263	0.0237	0.1663	0.1148	0.0000	5.2734	5.0481	0.0000	0.0000	0.0000	0.0000	0.0022	0.0038	0.0000	0.0162	0.0169	0.0000	0.0000	0.0000	0.0000					
6	18	0.1204	4	1	2	0	1	0	0	0	0	N	Y	N	N	N	N	N	N	N	N	N	N	0.0000	0.0000	0.0000	0.0000	0.0000	0.0000	0.0000	0.0000	0.0000	0.0000	0.0000	0.0000	0.0000	0.0000	0.0000	0.0000	0.0000	0.0000	0.0000	0.0000	2.0000	0.9934	1.0000	0.0000	0.0000	0.0000	0.0000	0.0000	0.0000	0.0000	0.0000	0.0000	0.0000	0.0000	0.0000	0.0000	0.0000	0.0000	0.0000	0.0000	0.0000	0.0000	0.0275	0.0235	0.0040	0.0023	0.0022	0.0001	0.0252	0.0213	0.0039	0.0060	0.0036	0.0024	0.0007	0.0005	0.0001	0.0054	0.0031	0.0023	0.0000	0.0000	0.0000	0.0000	0.0000	0.0000	0.0000	0.0000	0.0000	0.0000	0.0000	0.0000	0.0000	0.0000	0.0000	0.0000	0.0000	0.0000											
6	19	0.0545	2	2	2	0	0	0	0	0	0	Y	Y	N	N	N	N	N	N	N	N	N	N	0.0000	0.0000	0.0000	0.0000	0.0000	0.0000	0.0000	0.0000	0.0000	0.0000	0.0000	0.0000	0.0000	0.0000	0.0000	0.0000	0.0000	0.0000	0.0000	0.0000	2.0000	1.0015	1.0000	7.0016	0.0000	0.0000	0.0000	0.0000	0.0000	0.0000	0.0000	0.0000	0.0000	0.0000	0.0000	0.0000	0.0000	0.0000	0.0000	0.0000	0.0000	0.0000	0.0271	0.0231	0.0040	0.0015	0.0015	0.0001	0.0256	0.0216	0.0039	0.0458	0.0266	0.0192	0.0013	0.0010	0.0003	0.0445	0.0256	0.0189	0.0000	0.0000	0.0000	0.0000	0.0000	0.0000	0.0000	0.0000	0.0000	0.0000	0.0000	0.0000	0.0000	0.0000	0.0000	0.0000	0.0000	0.0000											
6	20	0.1175	3	1	2	0	0	0	0	0	0	N	Y	N	N	N	N	N	N	N	N	N	N	0.0000	0.0000	0.0000	0.0000	0.0000	0.0000	0.0000	0.0000	0.0000	0.0000	0.0000	0.0000	0.0000	0.0000	0.0000	0.0000	0.0000	0.0000	0.0000	0.0000	2.0000	1.0004	1.0000	2.0077	0.0000	0.0000	0.0000	0.0000	0.0000	0.0000	0.0000	0.0000	0.0000	0.0000	0.0000	0.0000	0.0000	0.0000	0.0000	0.0000	0.0000	0.0000	0.0270	0.0230	0.0040	0.0016	0.0015	0.0001	0.0254	0.0215	0.0039	0.0190	0.0116	0.0075	0.0039	0.0030	0.0009	0.0151	0.0086	0.0066	0.0000	0.0000	0.0000	0.0000	0.0000	0.0000	0.0000	0.0000	0.0000	0.0000	0.0000	0.0000	0.0000	0.0000	0.0000	0.0000	0.0000	0.0000											
6	21	0.1417	5	1	1	0	1	0	0	0	0	N	N	N	N	N	N	N	N	N	N	N	N	0.0000	0.0000	0.0000	0.0000	0.0000	0.0000	0.0000	0.0000	0.0000	0.0000	0.0000	0.0000	0.0000	0.0000	0.0000	0.0000	0.0000	0.0000	0.0000	0.0000	2.0000	2.0000	1.0000	1.0003	0.0000	0.0000	0.0000	0.0000	0.0000	0.0000	0.0000	0.0000	0.0000	0.0000	0.0000	0.0000	0.0000	0.0000	0.0000	0.0000	0.0000	0.0000	0.0532	0.0453	0.0079	0.0029	0.0028	0.0001	0.0503	0.0425	0.0077	0.0185	0.0110	0.0075	0.0017	0.0013	0.0004	0.0168	0.0097	0.0070	0.0000	0.0000	0.0000	0.0000	0.0000	0.0000	0.0000	0.0000	0.0000	0.0000	0.0000	0.0000	0.0000	0.0000	0.0000	0.0000	0.0000	0.0000											
6	22	0.0452	3	2	1	1	0	0	0	0	0	Y	N	N	N	N	N	N	N	N	N	N	N	0.0000	0.0000	0.0000	0.0000	0.0000	0.0000	0.0000	0.0000	0.0000	0.0000	0.0000	0.0000	0.0000	0.0000	0.0000	0.0000	0.0000	0.0000	0.0000	0.0000	2.0000	0.0000	1.0000	4.9921	0.0000	0.0000	0.0000	0.0000	0.0000	0.0000	0.0000	0.0000	0.0000	0.0000	0.0000	0.0000	0.0000	0.0000	0.0000	0.0000	0.0000	0.0000	0.0000	0.0000	0.0000	0.0000	0.0000	0.0000	0.0000	0.0000	0.0000	0.0310	0.0184	0.0126	0.0021	0.0018	0.0003	0.0289	0.0166	0.0123	0.0000	0.0000	0.0000	0.0000	0.0000	0.0000	0.0000	0.0000	0.0000	0.0000	0.0000	0.0000	0.0000	0.0000	0.0000	0.0000	0.0000	0.0000											
6	23	0.1127	5	1	2	0	0	0	0	0	0	N	Y	N	N	N	N	N	N	N	N	N	N	0.0000	0.0000	0.0000	0.0000	0.0000	0.0000	0.0000	0.0000	0.0000	0.0000	0.0000	0.0000	0.0000	0.0000	0.0000	0.0000	0.0000	0.0000	0.0000	0.0000	2.0000	1.9996	1.0000	0.0142	0.0000	0.0000	0.0000	0.0000	0.0000	0.0000	0.0000	0.0000	0.0000	0.0000	0.0000	0.0000	0.0000	0.0000	0.0000	0.0000	0.0000	0.0000	0.0535	0.0455	0.0080	0.0014	0.0013	0.0001	0.0521	0.0442	0.0079	0.0141	0.0073	0.0068	0.0010	0.0008	0.0002	0.0131	0.0065	0.0066	0.0000	0.0000	0.0000	0.0000	0.0000	0.0000	0.0000	0.0000	0.0000	0.0000	0.0000	0.0000	0.0000	0.0000	0.0000	0.0000	0.0000	0.0000											
6	24	0.0545	2	1	2	0	0	0	0	0	0	N	Y	N	N	N	N	N	N	N	N	N	N	inf	inf	inf	inf	12.5937	0.0000	85.5473	0.0000	0.0000	0.0000	13.3295	0.0000	87.3246	0.0000	0.0000	0.0000	0.0000	0.0000	0.0000	0.0000	0.0000	0.0000	inf	0.5383	0.0000	2.0000	2.9988	1.0000	13.9984	1.0000	0.0000	1.0000	0.0000	0.0000	0.0000	1.0000	0.0000	1.0000	0.0000	0.0000	0.0000	0.0000	0.0000	0.0000	0.0000	0.0000	0.0000	0.0794	0.0677	0.0117	0.0044	0.0041	0.0002	0.0750	0.0636	0.0115	0.0910	0.0530	0.0381	0.0027	0.0021	0.0006	0.0884	0.0509	0.0375	inf	0.0000	inf	0.0000	0.0000	0.0000	inf	0.0000	inf	0.0000	0.0000	0.0000	0.0000	0.0000	0.0000	0.0000	0.0000	0.0000						
6	26	0.1167	6	1	2	0	0	0	0	0	0	N	Y	N	N	N	N	N	N	N	N	N	N	0.0000	0.0000	0.0000	0.0000	0.0000	0.0000	0.0000	0.0000	0.0000	0.0000	0.0000	0.0000	0.0000	0.0000	0.0000	0.0000	0.0000	0.0000	0.0000	0.0000	2.0000	0.0000	1.0000	2.0002	0.0000	0.0000	0.0000	0.0000	0.0000	0.0000	0.0000	0.0000	0.0000	0.0000	0.0000	0.0000	0.0000	0.0000	0.0000	0.0000	0.0000	0.0000	0.0000	0.0000	0.0000	0.0000	0.0000	0.0000	0.0000	0.0000	0.0000	0.0141	0.0073	0.0068	0.0010	0.0008	0.0002	0.0130	0.0065	0.0065	0.0000	0.0000	0.0000	0.0000	0.0000	0.0000	0.0000	0.0000	0.0000	0.0000	0.0000	0.0000	0.0000	0.0000	0.0000	0.0000	0.0000	0.0000											
6	27	0.1110	4	2	2	0	0	0	0	0	0	Y	Y	N	N	N	N	N	N	N	N	N	N	0.0000	0.0000	0.0000	0.0000	0.0000	0.0000	0.0000	0.0000	0.0000	0.0000	0.0000	0.0000	0.0000	0.0000	0.0000	0.0000	0.0000	0.0000	0.0000	0.0000	2.0000	1.0000	1.0000	3.9850	0.0000	0.0000	0.0000	0.0000	0.0000	0.0000	0.0000	0.0000	0.0000	0.0000	0.0000	0.0000	0.0000	0.0000	0.0000	0.0000	0.0000	0.0000	0.0268	0.0228	0.0040	0.0013	0.0012	0.0001	0.0255	0.0216	0.0039	0.0302	0.0181	0.0121	0.0030	0.0024	0.0007	0.0271	0.0157	0.0114	0.0000	0.0000	0.0000	0.0000	0.0000	0.0000	0.0000	0.0000	0.0000	0.0000	0.0000	0.0000	0.0000	0.0000	0.0000	0.0000	0.0000	0.0000											
6	30	0.1453	6	1	2	1	1	0	0	0	0	N	Y	N	N	N	N	N	N	N	N	N	N	0.0000	0.0000	0.0000	0.0000	0.0000	0.0000	0.0000	0.0000	0.0000	0.0000	0.0000	0.0000	0.0000	0.0000	0.0000	0.0000	0.0000	0.0000	0.0000	0.0000	2.0000	0.0000	1.0000	3.0000	0.0000	0.0000	0.0000	0.0000	0.0000	0.0000	0.0000	0.0000	0.0000	0.0000	0.0000	0.0000	0.0000	0.0000	0.0000	0.0000	0.0000	0.0000	0.0000	0.0000	0.0000	0.0000	0.0000	0.0000	0.0000	0.0000	0.0000	0.0177	0.0108	0.0068	0.0047	0.0034	0.0013	0.0129	0.0074	0.0055	0.0000	0.0000	0.0000	0.0000	0.0000	0.0000	0.0000	0.0000	0.0000	0.0000	0.0000	0.0000	0.0000	0.0000	0.0000	0.0000	0.0000	0.0000											
6	31	0.1284	5	1	1	0	1	0	0	0	0	N	N	N	N	N	N	N	N	N	N	N	N	0.0000	0.0000	0.0000	0.0000	0.0000	0.0000	0.0000	0.0000	0.0000	0.0000	0.0000	0.0000	0.0000	0.0000	0.0000	0.0000	0.0000	0.0000	0.0000	0.0000	2.0000	0.9783	1.0000	3.0423	0.0000	0.0000	0.0000	0.0000	0.0000	0.0000	0.0000	0.0000	0.0000	0.0000	0.0000	0.0000	0.0000	0.0000	0.0000	0.0000	0.0000	0.0000	0.0277	0.0236	0.0041	0.0020	0.0020	0.0001	0.0257	0.0217	0.0040	0.0285	0.0182	0.0103	0.0074	0.0059	0.0015	0.0211	0.0123	0.0088	0.0000	0.0000	0.0000	0.0000	0.0000	0.0000	0.0000	0.0000	0.0000	0.0000	0.0000	0.0000	0.0000	0.0000	0.0000	0.0000	0.0000	0.0000											
6	32	0.0545	2	1	2	0	0	0	0	0	0	N	Y	N	N	N	N	N	N	N	N	N	N	inf	inf	inf	inf	5.6074	0.0000	38.5732	0.0000	0.0000	0.0000	5.9279	0.0000	39.3683	0.0000	0.0000	0.0000	0.0000	0.0000	0.0000	0.0000	0.0000	0.0000	inf	0.5383	0.0000	2.0000	6.9988	1.0000	9.0016	1.0000	0.0000	1.0000	0.0000	0.0000	0.0000	1.0000	0.0000	1.0000	0.0000	0.0000	0.0000	0.0000	0.0000	0.0000	0.0000	0.0000	0.0000	0.1783	0.1524	0.0259	0.0096	0.0091	0.0005	0.1687	0.1433	0.0254	0.0863	0.0502	0.0361	0.0025	0.0020	0.0005	0.0838	0.0482	0.0356	inf	0.0000	inf	0.0000	0.0000	0.0000	inf	0.0000	inf	0.0000	0.0000	0.0000	0.0000	0.0000	0.0000	0.0000	0.0000	0.0000						
6	33	0.1554	7	2	2	0	0	0	0	0	0	Y	Y	N	N	N	N	N	N	N	N	N	N	0.0000	0.0000	0.0000	0.0000	0.0000	0.0000	0.0000	0.0000	0.0000	0.0000	0.0000	0.0000	0.0000	0.0000	0.0000	0.0000	0.0000	0.0000	0.0000	0.0000	2.0000	0.0000	1.0000	0.0000	0.0000	0.0000	0.0000	0.0000	0.0000	0.0000	0.0000	0.0000	0.0000	0.0000	0.0000	0.0000	0.0000	0.0000	0.0000	0.0000	0.0000	0.0000	0.0000	0.0000	0.0000	0.0000	0.0000	0.0000	0.0000	0.0000	0.0000	0.0000	0.0000	0.0000	0.0000	0.0000	0.0000	0.0000	0.0000	0.0000	0.0000	0.0000	0.0000	0.0000	0.0000	0.0000	0.0000	0.0000	0.0000	0.0000	0.0000	0.0000	0.0000	0.0000	0.0000	0.0000	0.0000	0.0000											
6	34	0.1110	4	1	2	0	1	0	0	0	0	N	Y	N	N	N	N	N	N	N	N	N	N	0.0000	0.0000	0.0000	0.0000	0.0000	0.0000	0.0000	0.0000	0.0000	0.0000	0.0000	0.0000	0.0000	0.0000	0.0000	0.0000	0.0000	0.0000	0.0000	0.0000	2.0000	5.0000	1.0000	6.9850	0.0000	0.0000	0.0000	0.0000	0.0000	0.0000	0.0000	0.0000	0.0000	0.0000	0.0000	0.0000	0.0000	0.0000	0.0000	0.0000	0.0000	0.0000	0.1291	0.1101	0.0189	0.0062	0.0059	0.0003	0.1229	0.1042	0.0186	0.0677	0.0404	0.0273	0.0064	0.0049	0.0015	0.0613	0.0355	0.0258	0.0000	0.0000	0.0000	0.0000	0.0000	0.0000	0.0000	0.0000	0.0000	0.0000	0.0000	0.0000	0.0000	0.0000	0.0000	0.0000	0.0000	0.0000											
6	35	0.0545	2	2	2	0	0	0	0	0	0	Y	Y	N	N	N	N	N	N	N	N	N	N	0.0000	0.0000	0.0000	0.0000	0.0000	0.0000	0.0000	0.0000	0.0000	0.0000	0.0000	0.0000	0.0000	0.0000	0.0000	0.0000	0.0000	0.0000	0.0000	0.0000	2.0000	1.9985	1.0000	17.9985	0.0000	0.0000	0.0000	0.0000	0.0000	0.0000	0.0000	0.0000	0.0000	0.0000	0.0000	0.0000	0.0000	0.0000	0.0000	0.0000	0.0000	0.0000	0.0535	0.0456	0.0079	0.0030	0.0028	0.0002	0.0505	0.0428	0.0077	0.1048	0.0610	0.0438	0.0031	0.0025	0.0007	0.1017	0.0586	0.0431	0.0000	0.0000	0.0000	0.0000	0.0000	0.0000	0.0000	0.0000	0.0000	0.0000	0.0000	0.0000	0.0000	0.0000	0.0000	0.0000	0.0000	0.0000											
6	36	0.1777	5	1	1	1	0	0	0	0	0	N	N	N	N	N	N	N	N	N	N	N	N	0.0000	0.0000	0.0000	0.0000	0.0000	0.0000	0.0000	0.0000	0.0000	0.0000	0.0000	0.0000	0.0000	0.0000	0.0000	0.0000	0.0000	0.0000	0.0000	0.0000	2.0000	0.0001	1.0000	0.9943	0.0000	0.0000	0.0000	0.0000	0.0000	0.0000	0.0000	0.0000	0.0000	0.0000	0.0000	0.0000	0.0000	0.0000	0.0000	0.0000	0.0000	0.0000	0.0000	0.0000	0.0000	0.0000	0.0000	0.0000	0.0000	0.0000	0.0000	0.0074	0.0049	0.0025	0.0018	0.0015	0.0003	0.0056	0.0033	0.0022	0.0000	0.0000	0.0000	0.0000	0.0000	0.0000	0.0000	0.0000	0.0000	0.0000	0.0000	0.0000	0.0000	0.0000	0.0000	0.0000	0.0000	0.0000											
6	37	0.1540	5	1	2	0	0	0	0	0	0	N	Y	N	N	N	N	N	N	N	N	N	N	0.0000	0.0000	0.0000	0.0000	0.0000	0.0000	0.0000	0.0000	0.0000	0.0000	0.0000	0.0000	0.0000	0.0000	0.0000	0.0000	0.0000	0.0000	0.0000	0.0000	2.0000	2.0000	1.0000	2.0000	0.0000	0.0000	0.0000	0.0000	0.0000	0.0000	0.0000	0.0000	0.0000	0.0000	0.0000	0.0000	0.0000	0.0000	0.0000	0.0000	0.0000	0.0000	0.0533	0.0455	0.0078	0.0036	0.0034	0.0002	0.0497	0.0420	0.0076	0.0241	0.0148	0.0093	0.0048	0.0037	0.0011	0.0192	0.0111	0.0082	0.0000	0.0000	0.0000	0.0000	0.0000	0.0000	0.0000	0.0000	0.0000	0.0000	0.0000	0.0000	0.0000	0.0000	0.0000	0.0000	0.0000	0.0000											
6	38	0.0295	2	2	1	1	0	0	0	0	0	Y	N	N	N	N	N	N	N	N	N	N	N	0.0000	0.0000	0.0000	0.0000	0.0000	0.0000	0.0000	0.0000	0.0000	0.0000	0.0000	0.0000	0.0000	0.0000	0.0000	0.0000	0.0000	0.0000	0.0000	0.0000	2.0000	2.0000	1.0000	5.0000	0.0000	0.0000	0.0000	0.0000	0.0000	0.0000	0.0000	0.0000	0.0000	0.0000	0.0000	0.0000	0.0000	0.0000	0.0000	0.0000	0.0000	0.0000	0.0528	0.0448	0.0080	0.0002	0.0002	0.0000	0.0525	0.0446	0.0080	0.0483	0.0246	0.0237	0.0007	0.0006	0.0001	0.0476	0.0240	0.0236	0.0000	0.0000	0.0000	0.0000	0.0000	0.0000	0.0000	0.0000	0.0000	0.0000	0.0000	0.0000	0.0000	0.0000	0.0000	0.0000	0.0000	0.0000											
6	39	0.1284	5	1	2	0	0	0	0	0	0	N	Y	N	N	N	N	N	N	N	N	N	N	0.0000	0.0000	0.0000	0.0000	0.0000	0.0000	0.0000	0.0000	0.0000	0.0000	0.0000	0.0000	0.0000	0.0000	0.0000	0.0000	0.0000	0.0000	0.0000	0.0000	2.0000	0.0217	1.0000	6.0735	0.0000	0.0000	0.0000	0.0000	0.0000	0.0000	0.0000	0.0000	0.0000	0.0000	0.0000	0.0000	0.0000	0.0000	0.0000	0.0000	0.0000	0.0000	0.0021	0.0018	0.0003	0.0008	0.0008	0.0000	0.0013	0.0010	0.0003	0.0403	0.0253	0.0150	0.0097	0.0076	0.0022	0.0305	0.0177	0.0128	0.0000	0.0000	0.0000	0.0000	0.0000	0.0000	0.0000	0.0000	0.0000	0.0000	0.0000	0.0000	0.0000	0.0000	0.0000	0.0000	0.0000	0.0000											
6	40	0.1110	4	1	1	0	0	0	0	0	0	N	N	N	N	N	N	N	N	N	N	N	N	0.0000	0.0000	0.0000	0.0000	0.0000	0.0000	0.0000	0.0000	0.0000	0.0000	0.0000	0.0000	0.0000	0.0000	0.0000	0.0000	0.0000	0.0000	0.0000	0.0000	2.0000	0.0217	1.0000	4.0395	0.0000	0.0000	0.0000	0.0000	0.0000	0.0000	0.0000	0.0000	0.0000	0.0000	0.0000	0.0000	0.0000	0.0000	0.0000	0.0000	0.0000	0.0000	0.0006	0.0005	0.0001	0.0000	0.0000	0.0000	0.0006	0.0005	0.0001	0.0249	0.0150	0.0099	0.0025	0.0020	0.0005	0.0223	0.0129	0.0094	0.0000	0.0000	0.0000	0.0000	0.0000	0.0000	0.0000	0.0000	0.0000	0.0000	0.0000	0.0000	0.0000	0.0000	0.0000	0.0000	0.0000	0.0000											
6	41	0.1110	4	1	2	0	1	0	0	0	0	N	Y	N	N	N	N	N	N	N	N	N	N	0.0000	0.0000	0.0000	0.0000	0.0000	0.0000	0.0000	0.0000	0.0000	0.0000	0.0000	0.0000	0.0000	0.0000	0.0000	0.0000	0.0000	0.0000	0.0000	0.0000	2.0000	0.0000	1.0000	7.0150	0.0000	0.0000	0.0000	0.0000	0.0000	0.0000	0.0000	0.0000	0.0000	0.0000	0.0000	0.0000	0.0000	0.0000	0.0000	0.0000	0.0000	0.0000	0.0000	0.0000	0.0000	0.0000	0.0000	0.0000	0.0000	0.0000	0.0000	0.0415	0.0248	0.0167	0.0040	0.0031	0.0009	0.0374	0.0217	0.0158	0.0000	0.0000	0.0000	0.0000	0.0000	0.0000	0.0000	0.0000	0.0000	0.0000	0.0000	0.0000	0.0000	0.0000	0.0000	0.0000	0.0000	0.0000											
6	42	0.0295	2	2	1	1	0	0	0	0	0	Y	N	N	N	N	N	N	N	N	N	N	N	0.0000	0.0000	0.0000	0.0000	0.0000	0.0000	0.0000	0.0000	0.0000	0.0000	0.0000	0.0000	0.0000	0.0000	0.0000	0.0000	0.0000	0.0000	0.0000	0.0000	2.0000	0.0000	1.0000	0.0000	0.0000	0.0000	0.0000	0.0000	0.0000	0.0000	0.0000	0.0000	0.0000	0.0000	0.0000	0.0000	0.0000	0.0000	0.0000	0.0000	0.0000	0.0000	0.0000	0.0000	0.0000	0.0000	0.0000	0.0000	0.0000	0.0000	0.0000	0.0000	0.0000	0.0000	0.0000	0.0000	0.0000	0.0000	0.0000	0.0000	0.0000	0.0000	0.0000	0.0000	0.0000	0.0000	0.0000	0.0000	0.0000	0.0000	0.0000	0.0000	0.0000	0.0000	0.0000	0.0000	0.0000	0.0000											
6	45	0.1540	5	1	1	1	0	0	0	0	0	N	N	N	N	N	N	N	N	N	N	N	N	0.0000	0.0000	0.0000	0.0000	0.0000	0.0000	0.0000	0.0000	0.0000	0.0000	0.0000	0.0000	0.0000	0.0000	0.0000	0.0000	0.0000	0.0000	0.0000	0.0000	2.0000	0.0000	1.0000	0.0000	0.0000	0.0000	0.0000	0.0000	0.0000	0.0000	0.0000	0.0000	0.0000	0.0000	0.0000	0.0000	0.0000	0.0000	0.0000	0.0000	0.0000	0.0000	0.0000	0.0000	0.0000	0.0000	0.0000	0.0000	0.0000	0.0000	0.0000	0.0000	0.0000	0.0000	0.0000	0.0000	0.0000	0.0000	0.0000	0.0000	0.0000	0.0000	0.0000	0.0000	0.0000	0.0000	0.0000	0.0000	0.0000	0.0000	0.0000	0.0000	0.0000	0.0000	0.0000	0.0000	0.0000	0.0000											
6	46	0.1110	4	1	1	0	0	0	0	0	0	N	N	N	N	N	N	N	N	N	N	N	N	0.0000	0.0000	0.0000	0.0000	0.0000	0.0000	0.0000	0.0000	0.0000	0.0000	0.0000	0.0000	0.0000	0.0000	0.0000	0.0000	0.0000	0.0000	0.0000	0.0000	2.0000	4.0000	1.0000	5.9850	0.0000	0.0000	0.0000	0.0000	0.0000	0.0000	0.0000	0.0000	0.0000	0.0000	0.0000	0.0000	0.0000	0.0000	0.0000	0.0000	0.0000	0.0000	0.1042	0.0889	0.0153	0.0050	0.0048	0.0003	0.0992	0.0841	0.0151	0.0574	0.0343	0.0231	0.0055	0.0042	0.0013	0.0519	0.0301	0.0219	0.0000	0.0000	0.0000	0.0000	0.0000	0.0000	0.0000	0.0000	0.0000	0.0000	0.0000	0.0000	0.0000	0.0000	0.0000	0.0000	0.0000	0.0000											
6	47	0.1820	6	1	2	0	0	0	0	0	0	N	Y	N	N	N	N	N	N	N	N	N	N	0.0000	0.0000	0.0000	0.0000	0.0000	0.0000	0.0000	0.0000	0.0000	0.0000	0.0000	0.0000	0.0000	0.0000	0.0000	0.0000	0.0000	0.0000	0.0000	0.0000	2.0000	0.0000	1.0000	0.0000	0.0000	0.0000	0.0000	0.0000	0.0000	0.0000	0.0000	0.0000	0.0000	0.0000	0.0000	0.0000	0.0000	0.0000	0.0000	0.0000	0.0000	0.0000	0.0000	0.0000	0.0000	0.0000	0.0000	0.0000	0.0000	0.0000	0.0000	0.0000	0.0000	0.0000	0.0000	0.0000	0.0000	0.0000	0.0000	0.0000	0.0000	0.0000	0.0000	0.0000	0.0000	0.0000	0.0000	0.0000	0.0000	0.0000	0.0000	0.0000	0.0000	0.0000	0.0000	0.0000	0.0000	0.0000											
6	48	0.0452	3	2	2	1	0	0	0	0	0	Y	Y	N	N	N	N	N	N	N	N	N	N	0.0000	0.0000	0.0000	0.0000	0.0000	0.0000	0.0000	0.0000	0.0000	0.0000	0.0000	0.0000	0.0000	0.0000	0.0000	0.0000	0.0000	0.0000	0.0000	0.0000	2.0000	0.0000	1.0000	2.0152	0.0000	0.0000	0.0000	0.0000	0.0000	0.0000	0.0000	0.0000	0.0000	0.0000	0.0000	0.0000	0.0000	0.0000	0.0000	0.0000	0.0000	0.0000	0.0000	0.0000	0.0000	0.0000	0.0000	0.0000	0.0000	0.0000	0.0000	0.0132	0.0079	0.0053	0.0011	0.0009	0.0001	0.0121	0.0070	0.0051	0.0000	0.0000	0.0000	0.0000	0.0000	0.0000	0.0000	0.0000	0.0000	0.0000	0.0000	0.0000	0.0000	0.0000	0.0000	0.0000	0.0000	0.0000											
6	49	0.0410	2	2	1	1	0	0	0	0	0	Y	N	N	N	N	N	N	N	N	N	N	N	0.0000	0.0000	0.0000	0.0000	0.0000	0.0000	0.0000	0.0000	0.0000	0.0000	0.0000	0.0000	0.0000	0.0000	0.0000	0.0000	0.0000	0.0000	0.0000	0.0000	2.0000	0.0003	1.0000	1.0311	0.0000	0.0000	0.0000	0.0000	0.0000	0.0000	0.0000	0.0000	0.0000	0.0000	0.0000	0.0000	0.0000	0.0000	0.0000	0.0000	0.0000	0.0000	0.0000	0.0000	0.0000	0.0000	0.0000	0.0000	0.0000	0.0000	0.0000	0.0068	0.0042	0.0027	0.0005	0.0005	0.0001	0.0063	0.0037	0.0026	0.0000	0.0000	0.0000	0.0000	0.0000	0.0000	0.0000	0.0000	0.0000	0.0000	0.0000	0.0000	0.0000	0.0000	0.0000	0.0000	0.0000	0.0000											
6	50	0.0410	2	2	2	1	0	0	0	0	0	Y	Y	N	N	N	N	N	N	N	N	N	N	0.0000	0.0000	0.0000	0.0000	0.0000	0.0000	0.0000	0.0000	0.0000	0.0000	0.0000	0.0000	0.0000	0.0000	0.0000	0.0000	0.0000	0.0000	0.0000	0.0000	2.0000	0.0003	1.0000	1.0126	0.0000	0.0000	0.0000	0.0000	0.0000	0.0000	0.0000	0.0000	0.0000	0.0000	0.0000	0.0000	0.0000	0.0000	0.0000	0.0000	0.0000	0.0000	0.0000	0.0000	0.0000	0.0000	0.0000	0.0000	0.0000	0.0000	0.0000	0.0067	0.0041	0.0026	0.0005	0.0005	0.0001	0.0062	0.0036	0.0026	0.0000	0.0000	0.0000	0.0000	0.0000	0.0000	0.0000	0.0000	0.0000	0.0000	0.0000	0.0000	0.0000	0.0000	0.0000	0.0000	0.0000	0.0000											
6	51	0.1538	3	2	2	0	0	0	0	0	0	Y	Y	N	N	N	N	N	N	N	N	N	N	0.0000	0.0000	0.0000	0.0000	0.0000	0.0000	0.0000	0.0000	0.0000	0.0000	0.0000	0.0000	0.0000	0.0000	0.0000	0.0000	0.0000	0.0000	0.0000	0.0000	2.0000	0.0000	1.0000	1.0000	0.0000	0.0000	0.0000	0.0000	0.0000	0.0000	0.0000	0.0000	0.0000	0.0000	0.0000	0.0000	0.0000	0.0000	0.0000	0.0000	0.0000	0.0000	0.0000	0.0000	0.0000	0.0000	0.0000	0.0000	0.0000	0.0000	0.0000	0.0059	0.0037	0.0022	0.0011	0.0009	0.0002	0.0048	0.0028	0.0020	0.0000	0.0000	0.0000	0.0000	0.0000	0.0000	0.0000	0.0000	0.0000	0.0000	0.0000	0.0000	0.0000	0.0000	0.0000	0.0000	0.0000	0.0000											
6	52	0.1500	6	1	2	0	1	0	0	0	0	N	Y	N	N	N	N	N	N	N	N	N	N	0.0000	0.0000	0.0000	0.0000	0.0000	0.0000	0.0000	0.0000	0.0000	0.0000	0.0000	0.0000	0.0000	0.0000	0.0000	0.0000	0.0000	0.0000	0.0000	0.0000	2.0000	0.9995	1.0000	1.0399	0.0000	0.0000	0.0000	0.0000	0.0000	0.0000	0.0000	0.0000	0.0000	0.0000	0.0000	0.0000	0.0000	0.0000	0.0000	0.0000	0.0000	0.0000	0.0269	0.0229	0.0040	0.0015	0.0014	0.0001	0.0254	0.0215	0.0039	0.0175	0.0121	0.0054	0.0040	0.0036	0.0004	0.0135	0.0084	0.0051	0.0000	0.0000	0.0000	0.0000	0.0000	0.0000	0.0000	0.0000	0.0000	0.0000	0.0000	0.0000	0.0000	0.0000	0.0000	0.0000	0.0000	0.0000											
6	53	0.1500	6	1	1	0	1	0	0	0	0	N	N	N	N	N	N	N	N	N	N	N	N	0.0000	0.0000	0.0000	0.0000	0.0000	0.0000	0.0000	0.0000	0.0000	0.0000	0.0000	0.0000	0.0000	0.0000	0.0000	0.0000	0.0000	0.0000	0.0000	0.0000	2.0000	3.0005	1.0000	1.0125	0.0000	0.0000	0.0000	0.0000	0.0000	0.0000	0.0000	0.0000	0.0000	0.0000	0.0000	0.0000	0.0000	0.0000	0.0000	0.0000	0.0000	0.0000	0.0791	0.0674	0.0117	0.0044	0.0041	0.0002	0.0747	0.0633	0.0115	0.0294	0.0192	0.0102	0.0055	0.0048	0.0007	0.0238	0.0144	0.0094	0.0000	0.0000	0.0000	0.0000	0.0000	0.0000	0.0000	0.0000	0.0000	0.0000	0.0000	0.0000	0.0000	0.0000	0.0000	0.0000	0.0000	0.0000											
6	54	0.1417	5	1	1	0	1	0	0	0	0	N	N	N	N	N	N	N	N	N	N	N	N	0.0000	0.0000	0.0000	0.0000	0.0000	0.0000	0.0000	0.0000	0.0000	0.0000	0.0000	0.0000	0.0000	0.0000	0.0000	0.0000	0.0000	0.0000	0.0000	0.0000	2.0000	0.0013	1.0000	1.9704	0.0000	0.0000	0.0000	0.0000	0.0000	0.0000	0.0000	0.0000	0.0000	0.0000	0.0000	0.0000	0.0000	0.0000	0.0000	0.0000	0.0000	0.0000	0.0000	0.0000	0.0000	0.0000	0.0000	0.0000	0.0000	0.0000	0.0000	0.0122	0.0073	0.0049	0.0011	0.0008	0.0003	0.0111	0.0065	0.0047	0.0000	0.0000	0.0000	0.0000	0.0000	0.0000	0.0000	0.0000	0.0000	0.0000	0.0000	0.0000	0.0000	0.0000	0.0000	0.0000	0.0000	0.0000											
6	55	0.1110	4	1	1	0	1	0	0	0	0	N	N	N	N	N	N	N	N	N	N	N	N	0.0000	0.0000	0.0000	0.0000	0.0000	0.0000	0.0000	0.0000	0.0000	0.0000	0.0000	0.0000	0.0000	0.0000	0.0000	0.0000	0.0000	0.0000	0.0000	0.0000	2.0000	3.0000	1.0000	4.0155	0.0000	0.0000	0.0000	0.0000	0.0000	0.0000	0.0000	0.0000	0.0000	0.0000	0.0000	0.0000	0.0000	0.0000	0.0000	0.0000	0.0000	0.0000	0.0789	0.0673	0.0117	0.0038	0.0036	0.0002	0.0751	0.0636	0.0115	0.0415	0.0248	0.0167	0.0040	0.0031	0.0009	0.0374	0.0217	0.0158	0.0000	0.0000	0.0000	0.0000	0.0000	0.0000	0.0000	0.0000	0.0000	0.0000	0.0000	0.0000	0.0000	0.0000	0.0000	0.0000	0.0000	0.0000											
6	56	0.0316	3	1	2	1	0	0	0	0	0	N	Y	N	N	N	N	N	N	N	N	N	N	0.0944	0.0642	5.3970	5.1399	0.0002	0.0002	0.0000	0.0856	0.0858	0.0000	0.0000	0.0000	0.0000	0.0020	0.0035	0.0000	0.0159	0.0167	0.0000	0.0000	0.0000	0.0000	0.0000	0.0000	-0.0000	-0.0001	2.0000	2.0013	1.0000	5.6727	0.0000	0.0000	0.0000	0.0000	0.0000	0.0000	0.0000	0.0000	0.0000	0.0001	0.0001	0.0000	0.0001	0.0001	0.0000	0.0000	0.0000	0.0000	0.0531	0.0451	0.0080	0.0001	0.0001	0.0000	0.0530	0.0449	0.0080	0.0651	0.0376	0.0275	0.0082	0.0078	0.0004	0.0569	0.0298	0.0271	0.0944	0.0642	0.0000	5.3970	5.1399	0.0000	0.0000	0.0000	0.0000	0.0020	0.0035	0.0000	0.0159	0.0167	0.0000	0.0000	0.0000	0.0000					
6	57	0.0278	2	1	2	0	0	0	0	0	0	N	Y	N	N	N	N	N	N	N	N	N	N	41.9284	32.5279	inf	33.4569	38.2325	11.6927	0.0000	inf	2.4667	2.7250	0.6578	18.1309	18.1311	0.0000	0.0946	0.0000	0.6578	0.0588	0.0838	0.0000	0.5419	0.4742	0.0000	0.0081	0.0138	0.0000	0.0345	0.0000	-0.0001	-0.0007	2.0000	0.0033	1.0000	1.3874	0.0003	0.0003	0.0000	0.0003	0.0003	0.0000	0.0000	0.0000	0.0000	0.0013	0.0013	0.0000	0.0012	0.0012	0.0000	0.0001	0.0001	0.0000	0.0001	0.0001	0.0000	0.0000	0.0000	0.0000	0.0001	0.0001	0.0000	0.0226	0.0159	0.0067	0.0066	0.0065	0.0001	0.0160	0.0094	0.0067	41.9284	32.5279	inf	99.1460	97.9980	0.0000	11.6927	0.0000	inf	0.0588	0.0838	0.0000	0.1829	0.1850	0.0000	0.0081	0.0138	0.0000	
6	59	0.0278	2	1	2	0	0	0	0	0	0	N	Y	N	N	N	N	N	N	N	N	N	N	0.9450	0.0000	inf	0.8119	0.0000	inf	18.9172	0.0000	125.1082	0.0000	0.0000	0.0000	18.9229	0.0000	125.1093	20.0181	33.8252	0.0000	0.0000	0.0000	0.0000	23.3080	43.8751	0.0000	inf	0.0000	0.5381	-0.5393	2.0000	1.9997	1.0000	3.4660	0.9997	0.0000	0.9997	0.0000	0.0000	0.0000	0.9997	0.0000	0.9997	0.9988	0.9988	0.0000	0.0000	0.0000	0.0000	0.9988	0.9988	0.0000	0.0528	0.0449	0.0080	0.0000	0.0000	0.0000	0.0528	0.0448	0.0080	0.0499	0.0295	0.0204	0.0070	0.0068	0.0003	0.0429	0.0228	0.0201	0.9450	0.0000	inf	0.0000	0.0000	0.0000	0.8119	0.0000	inf	20.0181	33.8252	0.0000	0.0000	0.0000	0.0000	23.3080	43.8751	0.0000			
6	61	0.1820	6	1	1	1	0	0	0	0	0	N	N	N	N	N	N	N	N	N	N	N	N	0.0000	0.0000	0.0000	0.0000	0.0000	0.0000	0.0000	0.0000	0.0000	0.0000	0.0000	0.0000	0.0000	0.0000	0.0000	0.0000	0.0000	0.0000	0.0000	0.0000	2.0000	0.0000	1.0000	1.0000	0.0000	0.0000	0.0000	0.0000	0.0000	0.0000	0.0000	0.0000	0.0000	0.0000	0.0000	0.0000	0.0000	0.0000	0.0000	0.0000	0.0000	0.0000	0.0000	0.0000	0.0000	0.0000	0.0000	0.0000	0.0000	0.0000	0.0000	0.0057	0.0035	0.0022	0.0010	0.0007	0.0003	0.0047	0.0027	0.0020	0.0000	0.0000	0.0000	0.0000	0.0000	0.0000	0.0000	0.0000	0.0000	0.0000	0.0000	0.0000	0.0000	0.0000	0.0000	0.0000	0.0000	0.0000											
6	62	0.1777	5	1	1	0	0	0	0	0	0	N	N	N	N	N	N	N	N	N	N	N	N	0.0000	0.0000	0.0000	0.0000	0.0000	0.0000	0.0000	0.0000	0.0000	0.0000	0.0000	0.0000	0.0000	0.0000	0.0000	0.0000	0.0000	0.0000	0.0000	0.0000	2.0000	0.0001	1.0000	1.0076	0.0000	0.0000	0.0000	0.0000	0.0000	0.0000	0.0000	0.0000	0.0000	0.0000	0.0000	0.0000	0.0000	0.0000	0.0000	0.0000	0.0000	0.0000	0.0000	0.0000	0.0000	0.0000	0.0000	0.0000	0.0000	0.0000	0.0000	0.0074	0.0049	0.0025	0.0018	0.0015	0.0003	0.0056	0.0034	0.0022	0.0000	0.0000	0.0000	0.0000	0.0000	0.0000	0.0000	0.0000	0.0000	0.0000	0.0000	0.0000	0.0000	0.0000	0.0000	0.0000	0.0000	0.0000											
6	63	0.1110	4	1	1	0	0	0	0	0	0	N	N	N	N	N	N	N	N	N	N	N	N	0.0000	0.0000	0.0000	0.0000	0.0000	0.0000	0.0000	0.0000	0.0000	0.0000	0.0000	0.0000	0.0000	0.0000	0.0000	0.0000	0.0000	0.0000	0.0000	0.0000	2.0000	11.9999	1.0000	3.0574	0.0000	0.0000	0.0000	0.0000	0.0000	0.0000	0.0000	0.0000	0.0000	0.0000	0.0000	0.0000	0.0000	0.0000	0.0000	0.0000	0.0000	0.0000	0.2906	0.2488	0.0417	0.0136	0.0129	0.0007	0.2769	0.2359	0.0410	0.0830	0.0495	0.0335	0.0078	0.0060	0.0019	0.0752	0.0435	0.0316	0.0000	0.0000	0.0000	0.0000	0.0000	0.0000	0.0000	0.0000	0.0000	0.0000	0.0000	0.0000	0.0000	0.0000	0.0000	0.0000	0.0000	0.0000											
6	65	0.0545	2	1	1	0	0	0	0	0	0	N	N	N	N	N	N	N	N	N	N	N	N	0.0000	0.0000	0.0000	0.0000	0.0000	0.0000	0.0000	0.0000	0.0000	0.0000	0.0000	0.0000	0.0000	0.0000	0.0000	0.0000	0.0000	0.0000	0.0000	0.0000	2.0000	2.0015	1.0000	10.0016	0.0000	0.0000	0.0000	0.0000	0.0000	0.0000	0.0000	0.0000	0.0000	0.0000	0.0000	0.0000	0.0000	0.0000	0.0000	0.0000	0.0000	0.0000	0.0535	0.0456	0.0079	0.0030	0.0028	0.0002	0.0506	0.0428	0.0077	0.0667	0.0388	0.0279	0.0019	0.0015	0.0004	0.0647	0.0373	0.0275	0.0000	0.0000	0.0000	0.0000	0.0000	0.0000	0.0000	0.0000	0.0000	0.0000	0.0000	0.0000	0.0000	0.0000	0.0000	0.0000	0.0000	0.0000											
6	67	0.2094	4	1	1	0	0	0	0	0	0	N	N	N	N	N	N	N	N	N	N	N	N	740.9724	inf	0.0000	2481.6179	inf	0.0000	0.0000	0.0000	0.3001	0.3469	0.0000	2.2371	2.3230	0.0000	0.0000	0.0000	0.0000	0.0004	0.0000	0.0014	0.0009	0.0000	0.0065	0.0001	0.0000	0.0002	0.0000	inf	-0.0195	0.0000	2.0000	4.8614	1.0000	14.2102	0.0423	0.0423	0.0000	0.0423	0.0423	0.0000	0.0000	0.0000	0.0000	0.0001	0.0000	0.0001	0.0001	0.0000	0.0001	0.0000	0.0000	0.0000	0.1409	0.1219	0.0190	0.0189	0.0182	0.0007	0.1220	0.1037	0.0183	0.1728	0.1212	0.0517	0.0666	0.0573	0.0092	0.1063	0.0638	0.0425	740.9724	inf	0.0000	2481.6179	inf	0.0000	0.0000	0.0000	0.0000	0.0004	0.0000	0.0014	0.0009	0.0000	0.0065	0.0001	0.0000	0.0002	
6	68	0.0466	4	2	2	1	0	0	0	0	0	Y	Y	N	N	N	N	N	N	N	N	N	N	0.0000	0.0000	0.0000	0.0000	0.0000	0.0000	0.0000	0.0000	0.0000	0.0000	0.0000	0.0000	0.0000	0.0000	0.0000	0.0000	0.0000	0.0000	0.0000	0.0000	2.0000	0.0000	1.0000	0.0000	0.0000	0.0000	0.0000	0.0000	0.0000	0.0000	0.0000	0.0000	0.0000	0.0000	0.0000	0.0000	0.0000	0.0000	0.0000	0.0000	0.0000	0.0000	0.0000	0.0000	0.0000	0.0000	0.0000	0.0000	0.0000	0.0000	0.0000	0.0000	0.0000	0.0000	0.0000	0.0000	0.0000	0.0000	0.0000	0.0000	0.0000	0.0000	0.0000	0.0000	0.0000	0.0000	0.0000	0.0000	0.0000	0.0000	0.0000	0.0000	0.0000	0.0000	0.0000	0.0000	0.0000	0.0000											
6	69	0.0424	3	2	1	1	0	0	0	0	0	Y	N	N	N	N	N	N	N	N	N	N	N	0.0000	0.0000	0.0000	0.0000	0.0000	0.0000	0.0000	0.0000	0.0000	0.0000	0.0000	0.0000	0.0000	0.0000	0.0000	0.0000	0.0000	0.0000	0.0000	0.0000	2.0000	0.0016	1.0000	0.9826	0.0000	0.0000	0.0000	0.0000	0.0000	0.0000	0.0000	0.0000	0.0000	0.0000	0.0000	0.0000	0.0000	0.0000	0.0000	0.0000	0.0000	0.0000	0.0001	0.0001	0.0000	0.0001	0.0001	0.0000	0.0001	0.0001	0.0000	0.0077	0.0040	0.0037	0.0007	0.0006	0.0001	0.0070	0.0034	0.0036	0.0000	0.0000	0.0000	0.0000	0.0000	0.0000	0.0000	0.0000	0.0000	0.0000	0.0000	0.0000	0.0000	0.0000	0.0000	0.0000	0.0000	0.0000											
6	70	0.0297	2	2	1	1	0	0	0	0	0	Y	N	N	N	N	N	N	N	N	N	N	N	0.0000	0.0000	0.0000	0.0000	0.0000	0.0000	0.0000	0.0000	0.0000	0.0000	0.0000	0.0000	0.0000	0.0000	0.0000	0.0000	0.0000	0.0000	0.0000	0.0000	2.0000	0.0061	1.0000	3.0249	0.0000	0.0000	0.0000	0.0000	0.0000	0.0000	0.0000	0.0000	0.0000	0.0000	0.0000	0.0000	0.0000	0.0000	0.0000	0.0000	0.0000	0.0000	0.0004	0.0004	0.0000	0.0001	0.0001	0.0000	0.0003	0.0002	0.0000	0.0234	0.0123	0.0112	0.0017	0.0016	0.0001	0.0217	0.0107	0.0110	0.0000	0.0000	0.0000	0.0000	0.0000	0.0000	0.0000	0.0000	0.0000	0.0000	0.0000	0.0000	0.0000	0.0000	0.0000	0.0000	0.0000	0.0000											
6	72	0.0545	2	1	2	0	0	0	0	0	0	N	Y	N	N	N	N	N	N	N	N	N	N	inf	inf	inf	inf	6.4809	7.5874	0.0000	0.0000	0.0000	0.0000	6.8530	8.0727	0.0000	0.0000	0.0000	0.0000	0.0000	0.0000	0.0000	0.0000	0.0000	0.0000	0.0000	-0.4617	0.0000	2.0000	5.9987	1.0000	11.0016	1.0000	1.0000	0.0000	0.0000	0.0000	0.0000	1.0000	1.0000	0.0000	0.0000	0.0000	0.0000	0.0000	0.0000	0.0000	0.0000	0.0000	0.0000	0.1543	0.1318	0.0225	0.0084	0.0079	0.0005	0.1459	0.1239	0.0220	0.0910	0.0530	0.0381	0.0027	0.0021	0.0006	0.0884	0.0509	0.0375	inf	inf	0.0000	0.0000	0.0000	0.0000	inf	inf	0.0000	0.0000	0.0000	0.0000	0.0000	0.0000	0.0000	0.0000	0.0000	0.0000						
6	74	0.0963	4	1	2	0	0	0	0	0	0	N	Y	N	N	N	N	N	N	N	N	N	N	0.0000	0.0000	0.0000	0.0000	0.0000	0.0000	0.0000	0.0000	0.0000	0.0000	0.0000	0.0000	0.0000	0.0000	0.0000	0.0000	0.0000	0.0000	0.0000	0.0000	2.0000	6.1274	1.0000	13.6208	0.0000	0.0000	0.0000	0.0000	0.0000	0.0000	0.0000	0.0000	0.0000	0.0000	0.0000	0.0000	0.0000	0.0000	0.0000	0.0000	0.0000	0.0000	0.1624	0.1389	0.0235	0.0108	0.0103	0.0005	0.1516	0.1286	0.0231	0.1124	0.0693	0.0431	0.0129	0.0109	0.0020	0.0995	0.0583	0.0411	0.0000	0.0000	0.0000	0.0000	0.0000	0.0000	0.0000	0.0000	0.0000	0.0000	0.0000	0.0000	0.0000	0.0000	0.0000	0.0000	0.0000	0.0000											
6	75	0.1208	7	1	1	1	0	0	0	0	0	N	N	N	N	N	N	N	N	N	N	N	N	0.0000	0.0000	0.0000	0.0000	0.0000	0.0000	0.0000	0.0000	0.0000	0.0000	0.0000	0.0000	0.0000	0.0000	0.0000	0.0000	0.0000	0.0000	0.0000	0.0000	2.0000	0.0000	1.0000	1.0003	0.0000	0.0000	0.0000	0.0000	0.0000	0.0000	0.0000	0.0000	0.0000	0.0000	0.0000	0.0000	0.0000	0.0000	0.0000	0.0000	0.0000	0.0000	0.0000	0.0000	0.0000	0.0000	0.0000	0.0000	0.0000	0.0000	0.0000	0.0072	0.0038	0.0034	0.0006	0.0005	0.0001	0.0066	0.0033	0.0033	0.0000	0.0000	0.0000	0.0000	0.0000	0.0000	0.0000	0.0000	0.0000	0.0000	0.0000	0.0000	0.0000	0.0000	0.0000	0.0000	0.0000	0.0000											
6	76	0.1167	6	1	1	1	0	0	0	0	0	N	N	N	N	N	N	N	N	N	N	N	N	0.0000	0.0000	0.0000	0.0000	0.0000	0.0000	0.0000	0.0000	0.0000	0.0000	0.0000	0.0000	0.0000	0.0000	0.0000	0.0000	0.0000	0.0000	0.0000	0.0000	2.0000	0.0000	1.0000	1.0076	0.0000	0.0000	0.0000	0.0000	0.0000	0.0000	0.0000	0.0000	0.0000	0.0000	0.0000	0.0000	0.0000	0.0000	0.0000	0.0000	0.0000	0.0000	0.0000	0.0000	0.0000	0.0000	0.0000	0.0000	0.0000	0.0000	0.0000	0.0072	0.0037	0.0034	0.0005	0.0004	0.0001	0.0066	0.0033	0.0033	0.0000	0.0000	0.0000	0.0000	0.0000	0.0000	0.0000	0.0000	0.0000	0.0000	0.0000	0.0000	0.0000	0.0000	0.0000	0.0000	0.0000	0.0000											
6	77	0.1127	5	1	1	0	0	0	0	0	0	N	N	N	N	N	N	N	N	N	N	N	N	0.0000	0.0000	0.0000	0.0000	0.0000	0.0000	0.0000	0.0000	0.0000	0.0000	0.0000	0.0000	0.0000	0.0000	0.0000	0.0000	0.0000	0.0000	0.0000	0.0000	2.0000	0.0026	1.0000	0.9924	0.0000	0.0000	0.0000	0.0000	0.0000	0.0000	0.0000	0.0000	0.0000	0.0000	0.0000	0.0000	0.0000	0.0000	0.0000	0.0000	0.0000	0.0000	0.0002	0.0002	0.0000	0.0001	0.0001	0.0000	0.0001	0.0001	0.0000	0.0071	0.0037	0.0034	0.0005	0.0004	0.0001	0.0066	0.0033	0.0033	0.0000	0.0000	0.0000	0.0000	0.0000	0.0000	0.0000	0.0000	0.0000	0.0000	0.0000	0.0000	0.0000	0.0000	0.0000	0.0000	0.0000	0.0000											
6	78	0.0963	4	1	1	0	0	0	0	0	0	N	N	N	N	N	N	N	N	N	N	N	N	0.0000	0.0000	0.0000	0.0000	0.0000	0.0000	0.0000	0.0000	0.0000	0.0000	0.0000	0.0000	0.0000	0.0000	0.0000	0.0000	0.0000	0.0000	0.0000	0.0000	2.0000	2.8733	1.0000	1.5522	0.0000	0.0000	0.0000	0.0000	0.0000	0.0000	0.0000	0.0000	0.0000	0.0000	0.0000	0.0000	0.0000	0.0000	0.0000	0.0000	0.0000	0.0000	0.0816	0.0698	0.0118	0.0068	0.0066	0.0002	0.0748	0.0632	0.0116	0.0346	0.0226	0.0120	0.0064	0.0059	0.0005	0.0282	0.0167	0.0115	0.0000	0.0000	0.0000	0.0000	0.0000	0.0000	0.0000	0.0000	0.0000	0.0000	0.0000	0.0000	0.0000	0.0000	0.0000	0.0000	0.0000	0.0000											
6	79	0.0842	3	1	1	0	0	0	0	0	0	N	N	N	N	N	N	N	N	N	N	N	N	inf	inf	inf	inf	0.0033	0.0038	0.0000	0.0149	0.0150	0.0000	0.0000	0.0000	0.0000	0.0000	0.0000	0.0000	0.0000	0.0000	0.0000	0.0000	0.0000	0.0000	0.0000	-0.0000	0.0000	2.0000	0.2102	1.0000	3.4985	0.0000	0.0000	0.0000	0.0000	0.0000	0.0000	0.0000	0.0000	0.0000	0.0000	0.0000	0.0000	0.0000	0.0000	0.0000	0.0000	0.0000	0.0000	0.0091	0.0079	0.0012	0.0020	0.0020	0.0000	0.0071	0.0059	0.0012	0.0377	0.0260	0.0117	0.0091	0.0089	0.0002	0.0286	0.0171	0.0114	inf	inf	0.0000	inf	inf	0.0000	0.0000	0.0000	0.0000	0.0000	0.0000	0.0000	0.0000	0.0000	0.0000	0.0000	0.0000	0.0000						
6	80	0.1152	5	1	2	0	0	0	0	0	0	N	Y	N	N	N	N	N	N	N	N	N	N	0.0000	0.0000	0.0000	0.0000	0.0000	0.0000	0.0000	0.0000	0.0000	0.0000	0.0000	0.0000	0.0000	0.0000	0.0000	0.0000	0.0000	0.0000	0.0000	0.0000	2.0000	2.0196	1.0000	6.0690	0.0000	0.0000	0.0000	0.0000	0.0000	0.0000	0.0000	0.0000	0.0000	0.0000	0.0000	0.0000	0.0000	0.0000	0.0000	0.0000	0.0000	0.0000	0.0547	0.0466	0.0081	0.0041	0.0038	0.0003	0.0505	0.0428	0.0078	0.0490	0.0298	0.0191	0.0059	0.0048	0.0011	0.0430	0.0250	0.0180	0.0000	0.0000	0.0000	0.0000	0.0000	0.0000	0.0000	0.0000	0.0000	0.0000	0.0000	0.0000	0.0000	0.0000	0.0000	0.0000	0.0000	0.0000											
6	81	0.1070	4	1	1	0	0	0	0	0	0	N	N	N	N	N	N	N	N	N	N	N	N	0.0000	0.0000	0.0000	0.0000	0.0000	0.0000	0.0000	0.0000	0.0000	0.0000	0.0000	0.0000	0.0000	0.0000	0.0000	0.0000	0.0000	0.0000	0.0000	0.0000	2.0000	0.9876	1.0000	0.9833	0.0000	0.0000	0.0000	0.0000	0.0000	0.0000	0.0000	0.0000	0.0000	0.0000	0.0000	0.0000	0.0000	0.0000	0.0000	0.0000	0.0000	0.0000	0.0264	0.0225	0.0039	0.0015	0.0014	0.0001	0.0249	0.0211	0.0038	0.0121	0.0073	0.0048	0.0012	0.0009	0.0003	0.0109	0.0064	0.0046	0.0000	0.0000	0.0000	0.0000	0.0000	0.0000	0.0000	0.0000	0.0000	0.0000	0.0000	0.0000	0.0000	0.0000	0.0000	0.0000	0.0000	0.0000											
6	82	0.0410	2	2	1	1	0	0	0	0	0	Y	N	N	N	N	N	N	N	N	N	N	N	0.0000	0.0000	0.0000	0.0000	0.0000	0.0000	0.0000	0.0000	0.0000	0.0000	0.0000	0.0000	0.0000	0.0000	0.0000	0.0000	0.0000	0.0000	0.0000	0.0000	2.0000	1.0000	1.0000	2.9874	0.0000	0.0000	0.0000	0.0000	0.0000	0.0000	0.0000	0.0000	0.0000	0.0000	0.0000	0.0000	0.0000	0.0000	0.0000	0.0000	0.0000	0.0000	0.0269	0.0229	0.0040	0.0012	0.0011	0.0001	0.0257	0.0218	0.0040	0.0248	0.0147	0.0101	0.0016	0.0013	0.0002	0.0233	0.0134	0.0099	0.0000	0.0000	0.0000	0.0000	0.0000	0.0000	0.0000	0.0000	0.0000	0.0000	0.0000	0.0000	0.0000	0.0000	0.0000	0.0000	0.0000	0.0000											
6	84	0.0545	2	1	2	0	1	0	0	0	0	N	Y	N	N	N	N	N	N	N	N	N	N	inf	inf	inf	inf	4.9508	5.7898	0.0000	0.0000	0.0000	0.0000	5.2326	6.1565	0.0000	0.0000	0.0000	0.0000	0.0000	0.0000	0.0000	0.0000	0.0000	0.0000	0.0000	-0.4617	0.0000	2.0000	8.0013	1.0000	12.0015	1.0000	1.0000	0.0000	0.0000	0.0000	0.0000	1.0000	1.0000	0.0000	0.0000	0.0000	0.0000	0.0000	0.0000	0.0000	0.0000	0.0000	0.0000	0.2020	0.1727	0.0293	0.0109	0.0103	0.0006	0.1911	0.1624	0.0287	0.1048	0.0610	0.0438	0.0031	0.0025	0.0007	0.1017	0.0586	0.0431	inf	inf	0.0000	0.0000	0.0000	0.0000	inf	inf	0.0000	0.0000	0.0000	0.0000	0.0000	0.0000	0.0000	0.0000	0.0000	0.0000						
6	85	0.1110	4	1	2	0	0	0	0	0	0	N	Y	N	N	N	N	N	N	N	N	N	N	0.0000	0.0000	0.0000	0.0000	0.0000	0.0000	0.0000	0.0000	0.0000	0.0000	0.0000	0.0000	0.0000	0.0000	0.0000	0.0000	0.0000	0.0000	0.0000	0.0000	2.0000	1.0000	1.0000	6.9850	0.0000	0.0000	0.0000	0.0000	0.0000	0.0000	0.0000	0.0000	0.0000	0.0000	0.0000	0.0000	0.0000	0.0000	0.0000	0.0000	0.0000	0.0000	0.0268	0.0228	0.0040	0.0013	0.0012	0.0001	0.0255	0.0216	0.0039	0.0467	0.0279	0.0188	0.0045	0.0035	0.0010	0.0422	0.0245	0.0178	0.0000	0.0000	0.0000	0.0000	0.0000	0.0000	0.0000	0.0000	0.0000	0.0000	0.0000	0.0000	0.0000	0.0000	0.0000	0.0000	0.0000	0.0000											
6	86	0.0982	3	1	1	0	0	0	0	0	0	N	N	N	N	N	N	N	N	N	N	N	N	0.0000	0.0000	0.0000	0.0000	0.0000	0.0000	0.0000	0.0000	0.0000	0.0000	0.0000	0.0000	0.0000	0.0000	0.0000	0.0000	0.0000	0.0000	0.0000	0.0000	2.0000	1.0086	1.0000	2.0000	0.0000	0.0000	0.0000	0.0000	0.0000	0.0000	0.0000	0.0000	0.0000	0.0000	0.0000	0.0000	0.0000	0.0000	0.0000	0.0000	0.0000	0.0000	0.0273	0.0233	0.0040	0.0014	0.0014	0.0001	0.0259	0.0219	0.0040	0.0184	0.0109	0.0075	0.0017	0.0013	0.0004	0.0166	0.0096	0.0071	0.0000	0.0000	0.0000	0.0000	0.0000	0.0000	0.0000	0.0000	0.0000	0.0000	0.0000	0.0000	0.0000	0.0000	0.0000	0.0000	0.0000	0.0000											
6	89	0.1155	5	1	2	0	0	0	0	0	0	N	Y	N	N	N	N	N	N	N	N	N	N	inf	inf	inf	inf	1.2343	1.4151	0.0000	3.2921	3.2992	0.0000	0.0000	0.0000	0.0000	0.0000	0.0000	0.0000	0.0000	0.0000	0.0000	0.0000	0.0000	0.0000	0.0000	-0.0009	0.0000	2.0000	0.0157	1.0000	9.0253	0.0019	0.0019	0.0000	0.0019	0.0019	0.0000	0.0000	0.0000	0.0000	0.0000	0.0000	0.0000	0.0000	0.0000	0.0000	0.0000	0.0000	0.0000	0.0015	0.0013	0.0002	0.0006	0.0006	0.0000	0.0009	0.0007	0.0002	0.0532	0.0322	0.0211	0.0069	0.0052	0.0016	0.0464	0.0269	0.0194	inf	inf	0.0000	inf	inf	0.0000	0.0000	0.0000	0.0000	0.0000	0.0000	0.0000	0.0000	0.0000	0.0000	0.0000	0.0000	0.0000						
6	90	0.1070	4	1	2	0	0	0	0	0	0	N	Y	N	N	N	N	N	N	N	N	N	N	inf	inf	inf	inf	inf	inf	3.7138	0.0471	24.9448	0.0000	0.0000	0.0000	4.1590	0.0533	26.3304	0.0000	0.0000	0.0000	0.0000	0.0000	0.0000	0.0000	0.0000	0.0000	91.5000	0.0010	0.0000	2.0000	0.0169	1.0000	2.0013	0.0019	0.0000	0.0018	0.0000	0.0000	0.0000	0.0019	0.0000	0.0018	0.0000	0.0000	0.0000	0.0000	0.0000	0.0000	0.0000	0.0000	0.0000	0.0005	0.0004	0.0001	0.0001	0.0000	0.0000	0.0004	0.0004	0.0001	0.0124	0.0075	0.0049	0.0012	0.0010	0.0003	0.0112	0.0065	0.0047	inf	inf	inf	0.0000	0.0000	0.0000	inf	inf	inf	0.0000	0.0000	0.0000	0.0000	0.0000	0.0000	0.0000	0.0000	0.0000				
6	91	0.0982	3	1	1	0	0	0	0	0	0	N	N	N	N	N	N	N	N	N	N	N	N	0.0000	0.0000	0.0000	0.0000	0.0000	0.0000	0.0000	0.0000	0.0000	0.0000	0.0000	0.0000	0.0000	0.0000	0.0000	0.0000	0.0000	0.0000	0.0000	0.0000	2.0000	1.9923	1.0000	0.0454	0.0000	0.0000	0.0000	0.0000	0.0000	0.0000	0.0000	0.0000	0.0000	0.0000	0.0000	0.0000	0.0000	0.0000	0.0000	0.0000	0.0000	0.0000	0.0532	0.0453	0.0079	0.0026	0.0025	0.0001	0.0505	0.0428	0.0077	0.0127	0.0075	0.0052	0.0012	0.0010	0.0003	0.0114	0.0065	0.0049	0.0000	0.0000	0.0000	0.0000	0.0000	0.0000	0.0000	0.0000	0.0000	0.0000	0.0000	0.0000	0.0000	0.0000	0.0000	0.0000	0.0000	0.0000											
6	92	0.0545	2	1	1	0	0	0	0	0	0	N	N	N	N	N	N	N	N	N	N	N	N	0.0000	0.0000	0.0000	0.0000	0.0000	0.0000	0.0000	0.0000	0.0000	0.0000	0.0000	0.0000	0.0000	0.0000	0.0000	0.0000	0.0000	0.0000	0.0000	0.0000	2.0000	1.0098	1.0000	9.0196	0.0000	0.0000	0.0000	0.0000	0.0000	0.0000	0.0000	0.0000	0.0000	0.0000	0.0000	0.0000	0.0000	0.0000	0.0000	0.0000	0.0000	0.0000	0.0273	0.0233	0.0040	0.0016	0.0015	0.0001	0.0258	0.0218	0.0040	0.0565	0.0329	0.0237	0.0016	0.0013	0.0003	0.0549	0.0316	0.0233	0.0000	0.0000	0.0000	0.0000	0.0000	0.0000	0.0000	0.0000	0.0000	0.0000	0.0000	0.0000	0.0000	0.0000	0.0000	0.0000	0.0000	0.0000											
6	93	0.1512	7	2	2	0	1	0	0	0	0	Y	Y	N	N	N	N	N	N	N	N	N	N	0.0000	0.0000	0.0000	0.0000	0.0000	0.0000	0.0000	0.0000	0.0000	0.0000	0.0000	0.0000	0.0000	0.0000	0.0000	0.0000	0.0000	0.0000	0.0000	0.0000	2.0000	0.0000	1.0000	0.0000	0.0000	0.0000	0.0000	0.0000	0.0000	0.0000	0.0000	0.0000	0.0000	0.0000	0.0000	0.0000	0.0000	0.0000	0.0000	0.0000	0.0000	0.0000	0.0000	0.0000	0.0000	0.0000	0.0000	0.0000	0.0000	0.0000	0.0000	0.0000	0.0000	0.0000	0.0000	0.0000	0.0000	0.0000	0.0000	0.0000	0.0000	0.0000	0.0000	0.0000	0.0000	0.0000	0.0000	0.0000	0.0000	0.0000	0.0000	0.0000	0.0000	0.0000	0.0000	0.0000	0.0000	0.0000											
6	94	0.1512	6	2	2	0	1	0	0	0	0	Y	Y	N	N	N	N	N	N	N	N	N	N	0.0000	0.0000	0.0000	0.0000	0.0000	0.0000	0.0000	0.0000	0.0000	0.0000	0.0000	0.0000	0.0000	0.0000	0.0000	0.0000	0.0000	0.0000	0.0000	0.0000	2.0000	0.0000	1.0000	0.0001	0.0000	0.0000	0.0000	0.0000	0.0000	0.0000	0.0000	0.0000	0.0000	0.0000	0.0000	0.0000	0.0000	0.0000	0.0000	0.0000	0.0000	0.0000	0.0000	0.0000	0.0000	0.0000	0.0000	0.0000	0.0000	0.0000	0.0000	0.0000	0.0000	0.0000	0.0000	0.0000	0.0000	0.0000	0.0000	0.0000	0.0000	0.0000	0.0000	0.0000	0.0000	0.0000	0.0000	0.0000	0.0000	0.0000	0.0000	0.0000	0.0000	0.0000	0.0000	0.0000	0.0000	0.0000											
6	95	0.1333	5	1	2	0	1	0	0	0	0	N	Y	N	N	N	N	N	N	N	N	N	N	0.0000	0.0000	0.0000	0.0000	0.0000	0.0000	0.0000	0.0000	0.0000	0.0000	0.0000	0.0000	0.0000	0.0000	0.0000	0.0000	0.0000	0.0000	0.0000	0.0000	2.0000	0.9845	1.0000	0.9903	0.0000	0.0000	0.0000	0.0000	0.0000	0.0000	0.0000	0.0000	0.0000	0.0000	0.0000	0.0000	0.0000	0.0000	0.0000	0.0000	0.0000	0.0000	0.0275	0.0235	0.0040	0.0030	0.0029	0.0001	0.0245	0.0207	0.0038	0.0125	0.0076	0.0049	0.0013	0.0011	0.0001	0.0112	0.0065	0.0047	0.0000	0.0000	0.0000	0.0000	0.0000	0.0000	0.0000	0.0000	0.0000	0.0000	0.0000	0.0000	0.0000	0.0000	0.0000	0.0000	0.0000	0.0000											
6	96	0.1305	5	1	2	0	0	0	0	0	0	N	Y	N	N	N	N	N	N	N	N	N	N	0.0000	0.0000	0.0000	0.0000	0.0000	0.0000	0.0000	0.0000	0.0000	0.0000	0.0000	0.0000	0.0000	0.0000	0.0000	0.0000	0.0000	0.0000	0.0000	0.0000	2.0000	1.0063	1.0000	3.7812	0.0000	0.0000	0.0000	0.0000	0.0000	0.0000	0.0000	0.0000	0.0000	0.0000	0.0000	0.0000	0.0000	0.0000	0.0000	0.0000	0.0000	0.0000	0.0275	0.0235	0.0040	0.0021	0.0020	0.0001	0.0254	0.0215	0.0039	0.0452	0.0294	0.0158	0.0131	0.0115	0.0017	0.0321	0.0180	0.0141	0.0000	0.0000	0.0000	0.0000	0.0000	0.0000	0.0000	0.0000	0.0000	0.0000	0.0000	0.0000	0.0000	0.0000	0.0000	0.0000	0.0000	0.0000											
6	97	0.1333	5	1	1	1	1	0	0	0	0	N	N	N	N	N	N	N	N	N	N	N	N	0.0000	0.0000	0.0000	0.0000	0.0000	0.0000	0.0000	0.0000	0.0000	0.0000	0.0000	0.0000	0.0000	0.0000	0.0000	0.0000	0.0000	0.0000	0.0000	0.0000	2.0000	1.0165	1.0000	1.0129	0.0000	0.0000	0.0000	0.0000	0.0000	0.0000	0.0000	0.0000	0.0000	0.0000	0.0000	0.0000	0.0000	0.0000	0.0000	0.0000	0.0000	0.0000	0.0283	0.0242	0.0041	0.0031	0.0029	0.0001	0.0252	0.0213	0.0040	0.0128	0.0078	0.0050	0.0013	0.0011	0.0001	0.0115	0.0067	0.0049	0.0000	0.0000	0.0000	0.0000	0.0000	0.0000	0.0000	0.0000	0.0000	0.0000	0.0000	0.0000	0.0000	0.0000	0.0000	0.0000	0.0000	0.0000											
6	98	0.1204	4	1	1	0	1	0	0	0	0	N	N	N	N	N	N	N	N	N	N	N	N	0.0000	0.0000	0.0000	0.0000	0.0000	0.0000	0.0000	0.0000	0.0000	0.0000	0.0000	0.0000	0.0000	0.0000	0.0000	0.0000	0.0000	0.0000	0.0000	0.0000	2.0000	2.0241	1.0000	1.0265	0.0000	0.0000	0.0000	0.0000	0.0000	0.0000	0.0000	0.0000	0.0000	0.0000	0.0000	0.0000	0.0000	0.0000	0.0000	0.0000	0.0000	0.0000	0.0549	0.0469	0.0080	0.0043	0.0041	0.0002	0.0506	0.0428	0.0078	0.0183	0.0110	0.0073	0.0020	0.0016	0.0004	0.0163	0.0093	0.0069	0.0000	0.0000	0.0000	0.0000	0.0000	0.0000	0.0000	0.0000	0.0000	0.0000	0.0000	0.0000	0.0000	0.0000	0.0000	0.0000	0.0000	0.0000											
6	99	0.1204	4	1	1	1	1	0	0	0	0	N	N	N	N	N	N	N	N	N	N	N	N	0.0000	0.0000	0.0000	0.0000	0.0000	0.0000	0.0000	0.0000	0.0000	0.0000	0.0000	0.0000	0.0000	0.0000	0.0000	0.0000	0.0000	0.0000	0.0000	0.0000	2.0000	3.0066	1.0000	0.0000	0.0000	0.0000	0.0000	0.0000	0.0000	0.0000	0.0000	0.0000	0.0000	0.0000	0.0000	0.0000	0.0000	0.0000	0.0000	0.0000	0.0000	0.0000	0.0806	0.0688	0.0117	0.0062	0.0059	0.0003	0.0743	0.0630	0.0114	0.0180	0.0108	0.0072	0.0020	0.0016	0.0004	0.0160	0.0092	0.0068	0.0000	0.0000	0.0000	0.0000	0.0000	0.0000	0.0000	0.0000	0.0000	0.0000	0.0000	0.0000	0.0000	0.0000	0.0000	0.0000	0.0000	0.0000											
6	100	0.1461	4	1	1	1	1	0	0	0	0	N	N	N	N	N	N	N	N	N	N	N	N	0.0000	0.0000	0.0000	0.0000	0.0000	0.0000	0.0000	0.0000	0.0000	0.0000	0.0000	0.0000	0.0000	0.0000	0.0000	0.0000	0.0000	0.0000	0.0000	0.0000	2.0000	0.0000	1.0000	2.0000	0.0000	0.0000	0.0000	0.0000	0.0000	0.0000	0.0000	0.0000	0.0000	0.0000	0.0000	0.0000	0.0000	0.0000	0.0000	0.0000	0.0000	0.0000	0.0000	0.0000	0.0000	0.0000	0.0000	0.0000	0.0000	0.0000	0.0000	0.0116	0.0069	0.0047	0.0013	0.0011	0.0003	0.0103	0.0058	0.0045	0.0000	0.0000	0.0000	0.0000	0.0000	0.0000	0.0000	0.0000	0.0000	0.0000	0.0000	0.0000	0.0000	0.0000	0.0000	0.0000	0.0000	0.0000											
6	101	0.1070	3	1	1	1	1	0	0	0	0	N	N	N	N	N	N	N	N	N	N	N	N	0.0000	0.0000	0.0000	0.0000	0.0000	0.0000	0.0000	0.0000	0.0000	0.0000	0.0000	0.0000	0.0000	0.0000	0.0000	0.0000	0.0000	0.0000	0.0000	0.0000	2.0000	5.8899	1.0000	3.1847	0.0000	0.0000	0.0000	0.0000	0.0000	0.0000	0.0000	0.0000	0.0000	0.0000	0.0000	0.0000	0.0000	0.0000	0.0000	0.0000	0.0000	0.0000	0.1586	0.1356	0.0229	0.0152	0.0141	0.0011	0.1434	0.1215	0.0219	0.0556	0.0334	0.0222	0.0069	0.0059	0.0011	0.0487	0.0275	0.0211	0.0000	0.0000	0.0000	0.0000	0.0000	0.0000	0.0000	0.0000	0.0000	0.0000	0.0000	0.0000	0.0000	0.0000	0.0000	0.0000	0.0000	0.0000											
6	102	0.1538	3	2	2	0	0	0	0	0	0	Y	Y	N	N	N	N	N	N	N	N	N	N	0.0000	0.0000	0.0000	0.0000	0.0000	0.0000	0.0000	0.0000	0.0000	0.0000	0.0000	0.0000	0.0000	0.0000	0.0000	0.0000	0.0000	0.0000	0.0000	0.0000	2.0000	0.0000	1.0000	0.0000	0.0000	0.0000	0.0000	0.0000	0.0000	0.0000	0.0000	0.0000	0.0000	0.0000	0.0000	0.0000	0.0000	0.0000	0.0000	0.0000	0.0000	0.0000	0.0000	0.0000	0.0000	0.0000	0.0000	0.0000	0.0000	0.0000	0.0000	0.0000	0.0000	0.0000	0.0000	0.0000	0.0000	0.0000	0.0000	0.0000	0.0000	0.0000	0.0000	0.0000	0.0000	0.0000	0.0000	0.0000	0.0000	0.0000	0.0000	0.0000	0.0000	0.0000	0.0000	0.0000	0.0000	0.0000											
6	103	0.0545	2	2	2	0	0	0	0	0	0	Y	Y	N	N	N	N	N	N	N	N	N	N	0.0000	0.0000	0.0000	0.0000	0.0000	0.0000	0.0000	0.0000	0.0000	0.0000	0.0000	0.0000	0.0000	0.0000	0.0000	0.0000	0.0000	0.0000	0.0000	0.0000	2.0000	8.0012	1.0000	14.0016	0.0000	0.0000	0.0000	0.0000	0.0000	0.0000	0.0000	0.0000	0.0000	0.0000	0.0000	0.0000	0.0000	0.0000	0.0000	0.0000	0.0000	0.0000	0.2020	0.1727	0.0293	0.0109	0.0103	0.0006	0.1911	0.1624	0.0287	0.1137	0.0662	0.0475	0.0034	0.0027	0.0007	0.1103	0.0635	0.0468	0.0000	0.0000	0.0000	0.0000	0.0000	0.0000	0.0000	0.0000	0.0000	0.0000	0.0000	0.0000	0.0000	0.0000	0.0000	0.0000	0.0000	0.0000											
6	104	0.1175	3	1	2	0	0	0	0	0	0	N	Y	N	N	N	N	N	N	N	N	N	N	0.0000	0.0000	0.0000	0.0000	0.0000	0.0000	0.0000	0.0000	0.0000	0.0000	0.0000	0.0000	0.0000	0.0000	0.0000	0.0000	0.0000	0.0000	0.0000	0.0000	2.0000	2.0010	1.0000	1.0153	0.0000	0.0000	0.0000	0.0000	0.0000	0.0000	0.0000	0.0000	0.0000	0.0000	0.0000	0.0000	0.0000	0.0000	0.0000	0.0000	0.0000	0.0000	0.0531	0.0453	0.0078	0.0029	0.0027	0.0002	0.0502	0.0425	0.0077	0.0191	0.0116	0.0075	0.0039	0.0030	0.0009	0.0151	0.0086	0.0066	0.0000	0.0000	0.0000	0.0000	0.0000	0.0000	0.0000	0.0000	0.0000	0.0000	0.0000	0.0000	0.0000	0.0000	0.0000	0.0000	0.0000	0.0000											
6	105	0.0545	2	1	2	0	0	0	0	0	0	N	Y	N	N	N	N	N	N	N	N	N	N	0.0000	0.0000	0.0000	0.0000	0.0000	0.0000	0.0000	0.0000	0.0000	0.0000	0.0000	0.0000	0.0000	0.0000	0.0000	0.0000	0.0000	0.0000	0.0000	0.0000	2.0000	3.0162	1.0000	11.0438	0.0000	0.0000	0.0000	0.0000	0.0000	0.0000	0.0000	0.0000	0.0000	0.0000	0.0000	0.0000	0.0000	0.0000	0.0000	0.0000	0.0000	0.0000	0.0799	0.0681	0.0118	0.0044	0.0042	0.0002	0.0754	0.0639	0.0115	0.0769	0.0448	0.0322	0.0022	0.0018	0.0005	0.0747	0.0430	0.0317	0.0000	0.0000	0.0000	0.0000	0.0000	0.0000	0.0000	0.0000	0.0000	0.0000	0.0000	0.0000	0.0000	0.0000	0.0000	0.0000	0.0000	0.0000											
6	106	0.1554	7	2	2	0	0	0	0	0	0	Y	Y	N	N	N	N	N	N	N	N	N	N	0.0000	0.0000	0.0000	0.0000	0.0000	0.0000	0.0000	0.0000	0.0000	0.0000	0.0000	0.0000	0.0000	0.0000	0.0000	0.0000	0.0000	0.0000	0.0000	0.0000	2.0000	1.0000	1.0000	1.0000	0.0000	0.0000	0.0000	0.0000	0.0000	0.0000	0.0000	0.0000	0.0000	0.0000	0.0000	0.0000	0.0000	0.0000	0.0000	0.0000	0.0000	0.0000	0.0271	0.0231	0.0040	0.0020	0.0019	0.0001	0.0252	0.0213	0.0039	0.0125	0.0079	0.0045	0.0039	0.0031	0.0008	0.0086	0.0048	0.0037	0.0000	0.0000	0.0000	0.0000	0.0000	0.0000	0.0000	0.0000	0.0000	0.0000	0.0000	0.0000	0.0000	0.0000	0.0000	0.0000	0.0000	0.0000											
6	107	0.1512	6	2	2	0	0	0	0	0	0	Y	Y	N	N	N	N	N	N	N	N	N	N	0.0000	0.0000	0.0000	0.0000	0.0000	0.0000	0.0000	0.0000	0.0000	0.0000	0.0000	0.0000	0.0000	0.0000	0.0000	0.0000	0.0000	0.0000	0.0000	0.0000	2.0000	0.0000	1.0000	0.9999	0.0000	0.0000	0.0000	0.0000	0.0000	0.0000	0.0000	0.0000	0.0000	0.0000	0.0000	0.0000	0.0000	0.0000	0.0000	0.0000	0.0000	0.0000	0.0000	0.0000	0.0000	0.0000	0.0000	0.0000	0.0000	0.0000	0.0000	0.0062	0.0039	0.0024	0.0015	0.0012	0.0003	0.0047	0.0027	0.0020	0.0000	0.0000	0.0000	0.0000	0.0000	0.0000	0.0000	0.0000	0.0000	0.0000	0.0000	0.0000	0.0000	0.0000	0.0000	0.0000	0.0000	0.0000											
6	108	0.1305	5	2	2	0	0	0	0	0	0	Y	Y	N	N	N	N	N	N	N	N	N	N	0.0000	0.0000	0.0000	0.0000	0.0000	0.0000	0.0000	0.0000	0.0000	0.0000	0.0000	0.0000	0.0000	0.0000	0.0000	0.0000	0.0000	0.0000	0.0000	0.0000	2.0000	0.0100	1.0000	4.8896	0.0000	0.0000	0.0000	0.0000	0.0000	0.0000	0.0000	0.0000	0.0000	0.0000	0.0000	0.0000	0.0000	0.0000	0.0000	0.0000	0.0000	0.0000	0.0005	0.0004	0.0001	0.0001	0.0001	0.0000	0.0004	0.0003	0.0001	0.0458	0.0298	0.0160	0.0132	0.0115	0.0017	0.0326	0.0183	0.0143	0.0000	0.0000	0.0000	0.0000	0.0000	0.0000	0.0000	0.0000	0.0000	0.0000	0.0000	0.0000	0.0000	0.0000	0.0000	0.0000	0.0000	0.0000											
6	109	0.1204	4	1	2	0	0	0	0	0	0	N	Y	N	N	N	N	N	N	N	N	N	N	0.0000	0.0000	0.0000	0.0000	0.0000	0.0000	0.0000	0.0000	0.0000	0.0000	0.0000	0.0000	0.0000	0.0000	0.0000	0.0000	0.0000	0.0000	0.0000	0.0000	2.0000	1.0007	1.0000	1.4004	0.0000	0.0000	0.0000	0.0000	0.0000	0.0000	0.0000	0.0000	0.0000	0.0000	0.0000	0.0000	0.0000	0.0000	0.0000	0.0000	0.0000	0.0000	0.0277	0.0237	0.0040	0.0023	0.0022	0.0001	0.0254	0.0215	0.0039	0.0145	0.0087	0.0058	0.0016	0.0013	0.0003	0.0129	0.0074	0.0055	0.0000	0.0000	0.0000	0.0000	0.0000	0.0000	0.0000	0.0000	0.0000	0.0000	0.0000	0.0000	0.0000	0.0000	0.0000	0.0000	0.0000	0.0000											
6	110	0.1070	3	1	1	0	0	0	0	0	0	N	N	N	N	N	N	N	N	N	N	N	N	0.0000	0.0000	0.0000	0.0000	0.0000	0.0000	0.0000	0.0000	0.0000	0.0000	0.0000	0.0000	0.0000	0.0000	0.0000	0.0000	0.0000	0.0000	0.0000	0.0000	2.0000	0.3039	1.0000	2.8719	0.0000	0.0000	0.0000	0.0000	0.0000	0.0000	0.0000	0.0000	0.0000	0.0000	0.0000	0.0000	0.0000	0.0000	0.0000	0.0000	0.0000	0.0000	0.0148	0.0126	0.0022	0.0049	0.0044	0.0005	0.0099	0.0082	0.0017	0.0228	0.0139	0.0089	0.0038	0.0034	0.0004	0.0190	0.0105	0.0085	0.0000	0.0000	0.0000	0.0000	0.0000	0.0000	0.0000	0.0000	0.0000	0.0000	0.0000	0.0000	0.0000	0.0000	0.0000	0.0000	0.0000	0.0000											
6	111	0.0545	2	1	1	0	0	0	0	0	0	N	N	N	N	N	N	N	N	N	N	N	N	0.0000	0.0000	0.0000	0.0000	0.0000	0.0000	0.0000	0.0000	0.0000	0.0000	0.0000	0.0000	0.0000	0.0000	0.0000	0.0000	0.0000	0.0000	0.0000	0.0000	2.0000	3.8240	1.0000	8.1760	0.0000	0.0000	0.0000	0.0000	0.0000	0.0000	0.0000	0.0000	0.0000	0.0000	0.0000	0.0000	0.0000	0.0000	0.0000	0.0000	0.0000	0.0000	0.1004	0.0857	0.0147	0.0055	0.0052	0.0003	0.0949	0.0805	0.0144	0.0667	0.0388	0.0279	0.0019	0.0015	0.0004	0.0647	0.0373	0.0275	0.0000	0.0000	0.0000	0.0000	0.0000	0.0000	0.0000	0.0000	0.0000	0.0000	0.0000	0.0000	0.0000	0.0000	0.0000	0.0000	0.0000	0.0000											
6	115	0.2471	5	1	1	0	0	0	0	0	0	N	N	N	N	N	N	N	N	N	N	N	N	1204.7856	inf	0.0000	74.6358	inf	0.0000	3324.4044	inf	0.0000	1.1882	1.3677	0.0000	0.1227	0.1269	0.0000	1.3894	1.6340	0.0000	0.0010	0.0000	0.0036	0.0016	0.0000	0.0118	0.0004	0.0000	0.0011	0.0000	inf	-0.1428	0.0001	2.0000	8.9918	1.0000	13.3277	0.3092	0.3092	0.0000	0.0051	0.0051	0.0000	0.3041	0.3041	0.0000	0.0002	0.0000	0.0002	0.0002	0.0000	0.0002	0.0001	0.0000	0.0001	0.2602	0.2261	0.0341	0.0413	0.0399	0.0014	0.2189	0.1861	0.0328	0.2231	0.1614	0.0616	0.1034	0.0891	0.0144	0.1196	0.0724	0.0472	1204.7856	inf	0.0000	74.6358	inf	0.0000	3324.4044	inf	0.0000	0.0010	0.0000	0.0036	0.0016	0.0000	0.0118	0.0004	0.0000	0.0011
7	8	0.1808	10	2	1	1	1	0	0	0	0	Y	N	N	N	N	N	N	N	N	N	N	N	0.0000	0.0000	0.0000	0.0000	0.0000	0.0000	0.0000	0.0000	0.0000	0.0000	0.0000	0.0000	0.0000	0.0000	0.0000	0.0000	0.0000	0.0000	0.0000	0.0000	0.0000	0.0000	2.0000	1.0000	0.0000	0.0000	0.0000	0.0000	0.0000	0.0000	0.0000	0.0000	0.0000	0.0000	0.0000	0.0000	0.0000	0.0000	0.0000	0.0000	0.0000	0.0000	0.0000	0.0000	0.0000	0.0000	0.0000	0.0000	0.0000	0.0000	0.0000	0.0042	0.0027	0.0015	0.0012	0.0009	0.0002	0.0030	0.0017	0.0013	0.0000	0.0000	0.0000	0.0000	0.0000	0.0000	0.0000	0.0000	0.0000	0.0000	0.0000	0.0000	0.0000	0.0000	0.0000	0.0000	0.0000	0.0000											
7	9	0.0125	2	2	0	2	0	0	0	0	0	Y	N	Y	N	N	N	N	N	N	N	N	N	0.0000	0.0000	0.0000	0.0000	0.0000	0.0000	0.0000	0.0000	0.0000	0.0000	0.0000	0.0000	0.0000	0.0000	0.0000	0.0000	0.0000	0.0000	0.0000	0.0000	0.0000	1.9984	2.0000	4.0415	0.0000	0.0000	0.0000	0.0000	0.0000	0.0000	0.0000	0.0000	0.0000	0.0000	0.0000	0.0000	0.0000	0.0000	0.0000	0.0000	0.0000	0.0000	0.0000	0.0000	0.0000	0.0000	0.0000	0.0000	0.0000	0.0000	0.0000	0.0285	0.0145	0.0140	0.0003	0.0003	0.0000	0.0282	0.0142	0.0140	0.0000	0.0000	0.0000	0.0000	0.0000	0.0000	0.0000	0.0000	0.0000	0.0000	0.0000	0.0000	0.0000	0.0000	0.0000	0.0000	0.0000	0.0000											
7	10	0.1505	10	1	0	2	0	0	0	0	0	N	N	Y	N	N	N	N	N	N	N	N	N	0.0000	0.0000	0.0000	0.0000	0.0000	0.0000	0.0000	0.0000	0.0000	0.0000	0.0000	0.0000	0.0000	0.0000	0.0000	0.0000	0.0000	0.0000	0.0000	0.0000	0.0000	0.0000	2.0000	2.0012	0.0000	0.0000	0.0000	0.0000	0.0000	0.0000	0.0000	0.0000	0.0000	0.0000	0.0000	0.0000	0.0000	0.0000	0.0000	0.0000	0.0000	0.0000	0.0000	0.0000	0.0000	0.0000	0.0000	0.0000	0.0000	0.0000	0.0000	0.0095	0.0049	0.0045	0.0012	0.0009	0.0002	0.0083	0.0040	0.0043	0.0000	0.0000	0.0000	0.0000	0.0000	0.0000	0.0000	0.0000	0.0000	0.0000	0.0000	0.0000	0.0000	0.0000	0.0000	0.0000	0.0000	0.0000											
7	11	0.1449	8	1	0	2	0	0	0	0	0	N	N	Y	N	N	N	N	N	N	N	N	N	0.0000	0.0000	0.0000	0.0000	0.0000	0.0000	0.0000	0.0000	0.0000	0.0000	0.0000	0.0000	0.0000	0.0032	0.0051	0.0000	0.0179	0.0217	0.0000	0.0000	0.0000	0.0000	0.0000	0.0000	-0.0001	0.0000	5.0149	2.0000	7.0912	0.0000	0.0000	0.0000	0.0000	0.0000	0.0000	0.0000	0.0000	0.0000	0.0001	0.0001	0.0000	0.0001	0.0001	0.0000	0.0000	0.0000	0.0000	0.0000	0.0000	0.0000	0.0000	0.0000	0.0000	0.0000	0.0000	0.0000	0.0466	0.0292	0.0174	0.0084	0.0069	0.0015	0.0382	0.0223	0.0159	0.0000	0.0000	0.0000	0.0000	0.0000	0.0000	0.0000	0.0000	0.0000	0.0032	0.0051	0.0000	0.0179	0.0217	0.0000	0.0000	0.0000	0.0000						
7	12	0.0423	4	2	1	1	0	0	0	0	0	Y	N	N	N	N	N	N	N	N	N	N	N	0.0000	0.0000	0.0000	0.0000	0.0000	0.0000	0.0000	0.0000	0.0000	0.0000	0.0000	0.0000	0.0000	0.0000	0.0000	0.0000	0.0000	0.0000	0.0000	0.0000	0.0000	3.0000	2.0000	5.0000	0.0000	0.0000	0.0000	0.0000	0.0000	0.0000	0.0000	0.0000	0.0000	0.0000	0.0000	0.0000	0.0000	0.0000	0.0000	0.0000	0.0000	0.0000	0.0000	0.0000	0.0000	0.0000	0.0000	0.0000	0.0000	0.0000	0.0000	0.0365	0.0191	0.0174	0.0021	0.0018	0.0003	0.0344	0.0173	0.0171	0.0000	0.0000	0.0000	0.0000	0.0000	0.0000	0.0000	0.0000	0.0000	0.0000	0.0000	0.0000	0.0000	0.0000	0.0000	0.0000	0.0000	0.0000											
7	13	0.1757	7	1	0	2	1	0	0	0	0	N	N	Y	N	N	N	N	N	N	N	N	N	0.0000	0.0000	0.0000	0.0000	0.0000	0.0000	0.0000	0.0000	0.0000	0.0000	0.0000	0.0000	0.0000	0.0000	0.0000	0.0000	0.0000	0.0000	0.0000	0.0000	0.0000	0.0000	2.0000	0.0000	0.0000	0.0000	0.0000	0.0000	0.0000	0.0000	0.0000	0.0000	0.0000	0.0000	0.0000	0.0000	0.0000	0.0000	0.0000	0.0000	0.0000	0.0000	0.0000	0.0000	0.0000	0.0000	0.0000	0.0000	0.0000	0.0000	0.0000	0.0000	0.0000	0.0000	0.0000	0.0000	0.0000	0.0000	0.0000	0.0000	0.0000	0.0000	0.0000	0.0000	0.0000	0.0000	0.0000	0.0000	0.0000	0.0000	0.0000	0.0000	0.0000	0.0000	0.0000	0.0000	0.0000	0.0000											
7	14	0.0423	4	1	1	1	0	0	0	0	0	N	N	N	N	N	N	N	N	N	N	N	N	0.0000	0.0000	0.0000	0.0000	0.0000	0.0000	0.0000	0.0000	0.0000	0.0000	0.0000	0.0000	0.0000	0.0000	0.0000	0.0000	0.0000	0.0000	0.0000	0.0000	0.0000	2.0000	2.0000	8.0000	0.0000	0.0000	0.0000	0.0000	0.0000	0.0000	0.0000	0.0000	0.0000	0.0000	0.0000	0.0000	0.0000	0.0000	0.0000	0.0000	0.0000	0.0000	0.0000	0.0000	0.0000	0.0000	0.0000	0.0000	0.0000	0.0000	0.0000	0.0447	0.0235	0.0212	0.0026	0.0022	0.0004	0.0422	0.0213	0.0208	0.0000	0.0000	0.0000	0.0000	0.0000	0.0000	0.0000	0.0000	0.0000	0.0000	0.0000	0.0000	0.0000	0.0000	0.0000	0.0000	0.0000	0.0000											
7	15	0.1500	7	1	0	1	1	0	0	0	0	N	N	N	N	N	N	N	N	N	N	N	N	0.0000	0.0000	0.0000	0.0000	0.0000	0.0000	0.0000	0.0000	0.0000	0.0000	0.0000	0.0000	0.0000	0.0000	0.0000	0.0000	0.0000	0.0000	0.0000	0.0000	0.0000	2.0066	2.0000	2.0000	0.0000	0.0000	0.0000	0.0000	0.0000	0.0000	0.0000	0.0000	0.0000	0.0000	0.0000	0.0000	0.0000	0.0000	0.0000	0.0000	0.0000	0.0000	0.0000	0.0000	0.0000	0.0000	0.0000	0.0000	0.0000	0.0000	0.0000	0.0159	0.0098	0.0061	0.0023	0.0019	0.0004	0.0136	0.0079	0.0057	0.0000	0.0000	0.0000	0.0000	0.0000	0.0000	0.0000	0.0000	0.0000	0.0000	0.0000	0.0000	0.0000	0.0000	0.0000	0.0000	0.0000	0.0000											
7	16	0.1406	7	1	1	1	1	0	0	0	0	N	N	N	N	N	N	N	N	N	N	N	N	0.0000	0.0000	0.0000	0.0000	0.0000	0.0000	0.0000	0.0000	0.0000	0.0000	0.0000	0.0000	0.0000	0.0000	0.0000	0.0000	0.0000	0.0000	0.0000	0.0000	0.0000	24.0000	2.0000	5.0000	0.0000	0.0000	0.0000	0.0000	0.0000	0.0000	0.0000	0.0000	0.0000	0.0000	0.0000	0.0000	0.0000	0.0000	0.0000	0.0000	0.0000	0.0000	0.0000	0.0000	0.0000	0.0000	0.0000	0.0000	0.0000	0.0000	0.0000	0.0962	0.0595	0.0367	0.0157	0.0125	0.0032	0.0805	0.0469	0.0336	0.0000	0.0000	0.0000	0.0000	0.0000	0.0000	0.0000	0.0000	0.0000	0.0000	0.0000	0.0000	0.0000	0.0000	0.0000	0.0000	0.0000	0.0000											
7	17	0.0612	6	1	1	1	0	0	0	0	0	N	N	N	N	N	N	N	N	N	N	N	N	0.0000	0.0000	0.0000	0.0000	0.0000	0.0000	0.0000	0.0000	0.0000	0.0000	0.0000	0.0000	0.0000	0.0000	0.0000	0.0000	0.0000	0.0000	0.0000	0.0000	0.0000	0.9987	2.0000	5.5397	0.0000	0.0000	0.0000	0.0000	0.0000	0.0000	0.0000	0.0000	0.0000	0.0000	0.0000	0.0000	0.0000	0.0000	0.0000	0.0000	0.0000	0.0000	0.0000	0.0000	0.0000	0.0000	0.0000	0.0000	0.0000	0.0000	0.0000	0.0389	0.0232	0.0158	0.0065	0.0061	0.0004	0.0324	0.0170	0.0154	0.0000	0.0000	0.0000	0.0000	0.0000	0.0000	0.0000	0.0000	0.0000	0.0000	0.0000	0.0000	0.0000	0.0000	0.0000	0.0000	0.0000	0.0000											
7	18	0.1500	7	1	1	1	1	0	0	0	0	N	N	N	N	N	N	N	N	N	N	N	N	0.0000	0.0000	0.0000	0.0000	0.0000	0.0000	0.0000	0.0000	0.0000	0.0000	0.0000	0.0000	0.0000	0.0000	0.0000	0.0000	0.0000	0.0000	0.0000	0.0000	0.0000	0.9934	2.0000	0.0000	0.0000	0.0000	0.0000	0.0000	0.0000	0.0000	0.0000	0.0000	0.0000	0.0000	0.0000	0.0000	0.0000	0.0000	0.0000	0.0000	0.0000	0.0000	0.0000	0.0000	0.0000	0.0000	0.0000	0.0000	0.0000	0.0000	0.0000	0.0040	0.0025	0.0015	0.0006	0.0005	0.0001	0.0035	0.0020	0.0014	0.0000	0.0000	0.0000	0.0000	0.0000	0.0000	0.0000	0.0000	0.0000	0.0000	0.0000	0.0000	0.0000	0.0000	0.0000	0.0000	0.0000	0.0000											
7	19	0.0841	5	2	1	1	0	0	0	0	0	Y	N	N	N	N	N	N	N	N	N	N	N	0.0000	0.0000	0.0000	0.0000	0.0000	0.0000	0.0000	0.0000	0.0000	0.0000	0.0000	0.0000	0.0000	0.0000	0.0000	0.0000	0.0000	0.0000	0.0000	0.0000	0.0000	1.0015	2.0000	7.0016	0.0000	0.0000	0.0000	0.0000	0.0000	0.0000	0.0000	0.0000	0.0000	0.0000	0.0000	0.0000	0.0000	0.0000	0.0000	0.0000	0.0000	0.0000	0.0000	0.0000	0.0000	0.0000	0.0000	0.0000	0.0000	0.0000	0.0000	0.0306	0.0185	0.0121	0.0030	0.0025	0.0005	0.0276	0.0160	0.0116	0.0000	0.0000	0.0000	0.0000	0.0000	0.0000	0.0000	0.0000	0.0000	0.0000	0.0000	0.0000	0.0000	0.0000	0.0000	0.0000	0.0000	0.0000											
7	20	0.1471	6	1	1	1	0	0	0	0	0	N	N	N	N	N	N	N	N	N	N	N	N	0.0000	0.0000	0.0000	0.0000	0.0000	0.0000	0.0000	0.0000	0.0000	0.0000	0.0000	0.0000	0.0000	0.0000	0.0000	0.0000	0.0000	0.0000	0.0000	0.0000	0.0000	1.0004	2.0000	2.0077	0.0000	0.0000	0.0000	0.0000	0.0000	0.0000	0.0000	0.0000	0.0000	0.0000	0.0000	0.0000	0.0000	0.0000	0.0000	0.0000	0.0000	0.0000	0.0000	0.0000	0.0000	0.0000	0.0000	0.0000	0.0000	0.0000	0.0000	0.0127	0.0079	0.0048	0.0027	0.0021	0.0006	0.0100	0.0059	0.0042	0.0000	0.0000	0.0000	0.0000	0.0000	0.0000	0.0000	0.0000	0.0000	0.0000	0.0000	0.0000	0.0000	0.0000	0.0000	0.0000	0.0000	0.0000											
7	21	0.1714	8	1	0	1	1	0	0	0	0	N	N	N	N	N	N	N	N	N	N	N	N	0.0000	0.0000	0.0000	0.0000	0.0000	0.0000	0.0000	0.0000	0.0000	0.0000	0.0000	0.0000	0.0000	0.0000	0.0000	0.0000	0.0000	0.0000	0.0000	0.0000	0.0000	2.0000	2.0000	1.0003	0.0000	0.0000	0.0000	0.0000	0.0000	0.0000	0.0000	0.0000	0.0000	0.0000	0.0000	0.0000	0.0000	0.0000	0.0000	0.0000	0.0000	0.0000	0.0000	0.0000	0.0000	0.0000	0.0000	0.0000	0.0000	0.0000	0.0000	0.0124	0.0076	0.0047	0.0019	0.0015	0.0004	0.0105	0.0061	0.0044	0.0000	0.0000	0.0000	0.0000	0.0000	0.0000	0.0000	0.0000	0.0000	0.0000	0.0000	0.0000	0.0000	0.0000	0.0000	0.0000	0.0000	0.0000											
7	22	0.0748	6	2	0	2	0	0	0	0	0	Y	N	Y	N	N	N	N	N	N	N	N	N	0.0000	0.0000	0.0000	0.0000	0.0000	0.0000	0.0000	0.0000	0.0000	0.0000	0.0000	0.0000	0.0000	0.1273	0.3410	0.0000	23.7028	25.3244	0.0000	0.0000	0.0000	0.0000	0.0000	0.0000	-0.0014	0.0000	0.0000	2.0000	4.9921	0.0000	0.0000	0.0000	0.0000	0.0000	0.0000	0.0000	0.0000	0.0000	0.0026	0.0026	0.0000	0.0026	0.0026	0.0000	0.0000	0.0000	0.0000	0.0000	0.0000	0.0000	0.0000	0.0000	0.0000	0.0000	0.0000	0.0000	0.0207	0.0126	0.0081	0.0015	0.0013	0.0002	0.0193	0.0113	0.0079	0.0000	0.0000	0.0000	0.0000	0.0000	0.0000	0.0000	0.0000	0.0000	0.1273	0.2091	0.0000	1.7905	2.0536	0.0000	0.0000	0.0000	0.0000						
7	23	0.1423	8	1	1	1	0	0	0	0	0	N	N	N	N	N	N	N	N	N	N	N	N	0.0000	0.0000	0.0000	0.0000	0.0000	0.0000	0.0000	0.0000	0.0000	0.0000	0.0000	0.0000	0.0000	0.0000	0.0000	0.0000	0.0000	0.0000	0.0000	0.0000	0.0000	1.9996	2.0000	0.0142	0.0000	0.0000	0.0000	0.0000	0.0000	0.0000	0.0000	0.0000	0.0000	0.0000	0.0000	0.0000	0.0000	0.0000	0.0000	0.0000	0.0000	0.0000	0.0000	0.0000	0.0000	0.0000	0.0000	0.0000	0.0000	0.0000	0.0000	0.0095	0.0049	0.0046	0.0011	0.0009	0.0002	0.0084	0.0041	0.0043	0.0000	0.0000	0.0000	0.0000	0.0000	0.0000	0.0000	0.0000	0.0000	0.0000	0.0000	0.0000	0.0000	0.0000	0.0000	0.0000	0.0000	0.0000											
7	24	0.0841	5	1	1	1	0	0	0	0	0	N	N	N	N	N	N	N	N	N	N	N	N	0.0000	0.0000	0.0000	0.0000	0.0000	0.0000	0.0000	0.0000	0.0000	0.0000	0.0000	0.0000	0.0000	0.0000	0.0000	0.0000	0.0000	0.0000	0.0000	0.0000	0.0000	2.9988	2.0000	13.9984	0.0000	0.0000	0.0000	0.0000	0.0000	0.0000	0.0000	0.0000	0.0000	0.0000	0.0000	0.0000	0.0000	0.0000	0.0000	0.0000	0.0000	0.0000	0.0000	0.0000	0.0000	0.0000	0.0000	0.0000	0.0000	0.0000	0.0000	0.0608	0.0367	0.0241	0.0060	0.0050	0.0010	0.0548	0.0318	0.0231	0.0000	0.0000	0.0000	0.0000	0.0000	0.0000	0.0000	0.0000	0.0000	0.0000	0.0000	0.0000	0.0000	0.0000	0.0000	0.0000	0.0000	0.0000											
7	25	0.0423	4	2	1	1	0	0	0	0	0	Y	N	N	N	N	N	N	N	N	N	N	N	0.0000	0.0000	0.0000	0.0000	0.0000	0.0000	0.0000	0.0000	0.0000	0.0000	0.0000	0.0000	0.0000	0.0000	0.0000	0.0000	0.0000	0.0000	0.0000	0.0000	0.0000	6.0000	2.0000	4.0000	0.0000	0.0000	0.0000	0.0000	0.0000	0.0000	0.0000	0.0000	0.0000	0.0000	0.0000	0.0000	0.0000	0.0000	0.0000	0.0000	0.0000	0.0000	0.0000	0.0000	0.0000	0.0000	0.0000	0.0000	0.0000	0.0000	0.0000	0.0447	0.0235	0.0212	0.0026	0.0022	0.0004	0.0422	0.0213	0.0208	0.0000	0.0000	0.0000	0.0000	0.0000	0.0000	0.0000	0.0000	0.0000	0.0000	0.0000	0.0000	0.0000	0.0000	0.0000	0.0000	0.0000	0.0000											
7	26	0.1463	9	1	1	1	0	0	0	0	0	N	N	N	N	N	N	N	N	N	N	N	N	0.0000	0.0000	0.0000	0.0000	0.0000	0.0000	0.0000	0.0000	0.0000	0.0000	0.0000	0.0000	0.0000	0.0000	0.0000	0.0000	0.0000	0.0000	0.0000	0.0000	0.0000	0.0000	2.0000	2.0002	0.0000	0.0000	0.0000	0.0000	0.0000	0.0000	0.0000	0.0000	0.0000	0.0000	0.0000	0.0000	0.0000	0.0000	0.0000	0.0000	0.0000	0.0000	0.0000	0.0000	0.0000	0.0000	0.0000	0.0000	0.0000	0.0000	0.0000	0.0094	0.0049	0.0045	0.0011	0.0009	0.0002	0.0083	0.0040	0.0043	0.0000	0.0000	0.0000	0.0000	0.0000	0.0000	0.0000	0.0000	0.0000	0.0000	0.0000	0.0000	0.0000	0.0000	0.0000	0.0000	0.0000	0.0000											
7	27	0.1406	7	2	1	1	0	0	0	0	0	Y	N	N	N	N	N	N	N	N	N	N	N	0.0000	0.0000	0.0000	0.0000	0.0000	0.0000	0.0000	0.0000	0.0000	0.0000	0.0000	0.0000	0.0000	0.0000	0.0000	0.0000	0.0000	0.0000	0.0000	0.0000	0.0000	1.0000	2.0000	3.9850	0.0000	0.0000	0.0000	0.0000	0.0000	0.0000	0.0000	0.0000	0.0000	0.0000	0.0000	0.0000	0.0000	0.0000	0.0000	0.0000	0.0000	0.0000	0.0000	0.0000	0.0000	0.0000	0.0000	0.0000	0.0000	0.0000	0.0000	0.0202	0.0125	0.0076	0.0033	0.0027	0.0006	0.0168	0.0098	0.0070	0.0000	0.0000	0.0000	0.0000	0.0000	0.0000	0.0000	0.0000	0.0000	0.0000	0.0000	0.0000	0.0000	0.0000	0.0000	0.0000	0.0000	0.0000											
7	28	0.0423	4	1	1	1	0	0	0	0	0	N	N	N	N	N	N	N	N	N	N	N	N	0.0000	0.0000	0.0000	0.0000	0.0000	0.0000	0.0000	0.0000	0.0000	0.0000	0.0000	0.0000	0.0000	0.0000	0.0000	0.0000	0.0000	0.0000	0.0000	0.0000	0.0000	5.0000	2.0000	4.0000	0.0000	0.0000	0.0000	0.0000	0.0000	0.0000	0.0000	0.0000	0.0000	0.0000	0.0000	0.0000	0.0000	0.0000	0.0000	0.0000	0.0000	0.0000	0.0000	0.0000	0.0000	0.0000	0.0000	0.0000	0.0000	0.0000	0.0000	0.0406	0.0213	0.0193	0.0023	0.0020	0.0003	0.0383	0.0193	0.0190	0.0000	0.0000	0.0000	0.0000	0.0000	0.0000	0.0000	0.0000	0.0000	0.0000	0.0000	0.0000	0.0000	0.0000	0.0000	0.0000	0.0000	0.0000											
7	29	0.0423	4	1	1	1	0	0	0	0	0	N	N	N	N	N	N	N	N	N	N	N	N	0.0000	0.0000	0.0000	0.0000	0.0000	0.0000	0.0000	0.0000	0.0000	0.0000	0.0000	0.0000	0.0000	0.0000	0.0000	0.0000	0.0000	0.0000	0.0000	0.0000	0.0000	3.0000	2.0000	6.0000	0.0000	0.0000	0.0000	0.0000	0.0000	0.0000	0.0000	0.0000	0.0000	0.0000	0.0000	0.0000	0.0000	0.0000	0.0000	0.0000	0.0000	0.0000	0.0000	0.0000	0.0000	0.0000	0.0000	0.0000	0.0000	0.0000	0.0000	0.0406	0.0213	0.0193	0.0023	0.0020	0.0003	0.0383	0.0193	0.0190	0.0000	0.0000	0.0000	0.0000	0.0000	0.0000	0.0000	0.0000	0.0000	0.0000	0.0000	0.0000	0.0000	0.0000	0.0000	0.0000	0.0000	0.0000											
7	30	0.1749	9	1	1	2	1	0	0	0	0	N	N	Y	N	N	N	N	N	N	N	N	N	0.0000	0.0000	0.0000	0.0000	0.0000	0.0000	0.0000	0.0000	0.0000	0.0000	0.0000	0.0000	0.0000	0.0000	0.0000	0.0000	0.0000	0.0000	0.0000	0.0000	0.0000	0.0000	2.0000	3.0000	0.0000	0.0000	0.0000	0.0000	0.0000	0.0000	0.0000	0.0000	0.0000	0.0000	0.0000	0.0000	0.0000	0.0000	0.0000	0.0000	0.0000	0.0000	0.0000	0.0000	0.0000	0.0000	0.0000	0.0000	0.0000	0.0000	0.0000	0.0118	0.0075	0.0043	0.0040	0.0030	0.0010	0.0078	0.0045	0.0033	0.0000	0.0000	0.0000	0.0000	0.0000	0.0000	0.0000	0.0000	0.0000	0.0000	0.0000	0.0000	0.0000	0.0000	0.0000	0.0000	0.0000	0.0000											
7	31	0.1580	8	1	0	1	1	0	0	0	0	N	N	N	N	N	N	N	N	N	N	N	N	0.0000	0.0000	0.0000	0.0000	0.0000	0.0000	0.0000	0.0000	0.0000	0.0000	0.0000	0.0000	0.0000	0.0000	0.0000	0.0000	0.0000	0.0000	0.0000	0.0000	0.0000	0.9783	2.0000	3.0423	0.0000	0.0000	0.0000	0.0000	0.0000	0.0000	0.0000	0.0000	0.0000	0.0000	0.0000	0.0000	0.0000	0.0000	0.0000	0.0000	0.0000	0.0000	0.0000	0.0000	0.0000	0.0000	0.0000	0.0000	0.0000	0.0000	0.0000	0.0191	0.0125	0.0065	0.0060	0.0049	0.0012	0.0130	0.0076	0.0054	0.0000	0.0000	0.0000	0.0000	0.0000	0.0000	0.0000	0.0000	0.0000	0.0000	0.0000	0.0000	0.0000	0.0000	0.0000	0.0000	0.0000	0.0000											
7	32	0.0841	5	1	1	1	0	0	0	0	0	N	N	N	N	N	N	N	N	N	N	N	N	0.0000	0.0000	0.0000	0.0000	0.0000	0.0000	0.0000	0.0000	0.0000	0.0000	0.0000	0.0000	0.0000	0.0000	0.0000	0.0000	0.0000	0.0000	0.0000	0.0000	0.0000	6.9988	2.0000	9.0016	0.0000	0.0000	0.0000	0.0000	0.0000	0.0000	0.0000	0.0000	0.0000	0.0000	0.0000	0.0000	0.0000	0.0000	0.0000	0.0000	0.0000	0.0000	0.0000	0.0000	0.0000	0.0000	0.0000	0.0000	0.0000	0.0000	0.0000	0.0577	0.0348	0.0228	0.0056	0.0047	0.0009	0.0520	0.0301	0.0219	0.0000	0.0000	0.0000	0.0000	0.0000	0.0000	0.0000	0.0000	0.0000	0.0000	0.0000	0.0000	0.0000	0.0000	0.0000	0.0000	0.0000	0.0000											
7	33	0.1850	10	2	1	1	0	0	0	0	0	Y	N	N	N	N	N	N	N	N	N	N	N	0.0000	0.0000	0.0000	0.0000	0.0000	0.0000	0.0000	0.0000	0.0000	0.0000	0.0000	0.0000	0.0000	0.0000	0.0000	0.0000	0.0000	0.0000	0.0000	0.0000	0.0000	0.0000	2.0000	0.0000	0.0000	0.0000	0.0000	0.0000	0.0000	0.0000	0.0000	0.0000	0.0000	0.0000	0.0000	0.0000	0.0000	0.0000	0.0000	0.0000	0.0000	0.0000	0.0000	0.0000	0.0000	0.0000	0.0000	0.0000	0.0000	0.0000	0.0000	0.0000	0.0000	0.0000	0.0000	0.0000	0.0000	0.0000	0.0000	0.0000	0.0000	0.0000	0.0000	0.0000	0.0000	0.0000	0.0000	0.0000	0.0000	0.0000	0.0000	0.0000	0.0000	0.0000	0.0000	0.0000	0.0000	0.0000											
7	34	0.1406	7	1	1	1	1	0	0	0	0	N	N	N	N	N	N	N	N	N	N	N	N	0.0000	0.0000	0.0000	0.0000	0.0000	0.0000	0.0000	0.0000	0.0000	0.0000	0.0000	0.0000	0.0000	0.0000	0.0000	0.0000	0.0000	0.0000	0.0000	0.0000	0.0000	5.0000	2.0000	6.9850	0.0000	0.0000	0.0000	0.0000	0.0000	0.0000	0.0000	0.0000	0.0000	0.0000	0.0000	0.0000	0.0000	0.0000	0.0000	0.0000	0.0000	0.0000	0.0000	0.0000	0.0000	0.0000	0.0000	0.0000	0.0000	0.0000	0.0000	0.0452	0.0280	0.0173	0.0073	0.0059	0.0014	0.0379	0.0221	0.0158	0.0000	0.0000	0.0000	0.0000	0.0000	0.0000	0.0000	0.0000	0.0000	0.0000	0.0000	0.0000	0.0000	0.0000	0.0000	0.0000	0.0000	0.0000											
7	35	0.0841	5	2	1	1	0	0	0	0	0	Y	N	N	N	N	N	N	N	N	N	N	N	0.0000	0.0000	0.0000	0.0000	0.0000	0.0000	0.0000	0.0000	0.0000	0.0000	0.0000	0.0000	0.0000	0.0000	0.0000	0.0000	0.0000	0.0000	0.0000	0.0000	0.0000	1.9985	2.0000	17.9985	0.0000	0.0000	0.0000	0.0000	0.0000	0.0000	0.0000	0.0000	0.0000	0.0000	0.0000	0.0000	0.0000	0.0000	0.0000	0.0000	0.0000	0.0000	0.0000	0.0000	0.0000	0.0000	0.0000	0.0000	0.0000	0.0000	0.0000	0.0700	0.0423	0.0277	0.0069	0.0058	0.0011	0.0631	0.0365	0.0266	0.0000	0.0000	0.0000	0.0000	0.0000	0.0000	0.0000	0.0000	0.0000	0.0000	0.0000	0.0000	0.0000	0.0000	0.0000	0.0000	0.0000	0.0000											
7	36	0.2074	8	1	0	2	0	0	0	0	0	N	N	Y	N	N	N	N	N	N	N	N	N	0.0000	0.0000	0.0000	0.0000	0.0000	0.0000	0.0000	0.0000	0.0000	0.0000	0.0000	0.0000	0.0000	0.0000	0.0000	0.0000	0.0000	0.0000	0.0000	0.0000	0.0000	0.0001	2.0000	0.9943	0.0000	0.0000	0.0000	0.0000	0.0000	0.0000	0.0000	0.0000	0.0000	0.0000	0.0000	0.0000	0.0000	0.0000	0.0000	0.0000	0.0000	0.0000	0.0000	0.0000	0.0000	0.0000	0.0000	0.0000	0.0000	0.0000	0.0000	0.0049	0.0033	0.0016	0.0015	0.0012	0.0002	0.0035	0.0021	0.0014	0.0000	0.0000	0.0000	0.0000	0.0000	0.0000	0.0000	0.0000	0.0000	0.0000	0.0000	0.0000	0.0000	0.0000	0.0000	0.0000	0.0000	0.0000											
7	37	0.1836	8	1	1	1	0	0	0	0	0	N	N	N	N	N	N	N	N	N	N	N	N	0.0000	0.0000	0.0000	0.0000	0.0000	0.0000	0.0000	0.0000	0.0000	0.0000	0.0000	0.0000	0.0000	0.0000	0.0000	0.0000	0.0000	0.0000	0.0000	0.0000	0.0000	2.0000	2.0000	2.0000	0.0000	0.0000	0.0000	0.0000	0.0000	0.0000	0.0000	0.0000	0.0000	0.0000	0.0000	0.0000	0.0000	0.0000	0.0000	0.0000	0.0000	0.0000	0.0000	0.0000	0.0000	0.0000	0.0000	0.0000	0.0000	0.0000	0.0000	0.0161	0.0102	0.0059	0.0043	0.0034	0.0009	0.0118	0.0068	0.0050	0.0000	0.0000	0.0000	0.0000	0.0000	0.0000	0.0000	0.0000	0.0000	0.0000	0.0000	0.0000	0.0000	0.0000	0.0000	0.0000	0.0000	0.0000											
7	38	0.0591	5	2	0	2	0	0	0	0	0	Y	N	Y	N	N	N	N	N	N	N	N	N	0.0000	0.0000	0.0000	0.0000	0.0000	0.0000	0.0000	0.0000	0.0000	0.0000	0.0000	0.0000	0.0000	0.0000	0.0000	0.0000	0.0000	0.0000	0.0000	0.0000	0.0000	2.0000	2.0000	5.0000	0.0000	0.0000	0.0000	0.0000	0.0000	0.0000	0.0000	0.0000	0.0000	0.0000	0.0000	0.0000	0.0000	0.0000	0.0000	0.0000	0.0000	0.0000	0.0000	0.0000	0.0000	0.0000	0.0000	0.0000	0.0000	0.0000	0.0000	0.0323	0.0170	0.0153	0.0023	0.0020	0.0003	0.0301	0.0151	0.0150	0.0000	0.0000	0.0000	0.0000	0.0000	0.0000	0.0000	0.0000	0.0000	0.0000	0.0000	0.0000	0.0000	0.0000	0.0000	0.0000	0.0000	0.0000											
7	39	0.1580	8	1	1	1	0	0	0	0	0	N	N	N	N	N	N	N	N	N	N	N	N	0.0000	0.0000	0.0000	0.0000	0.0000	0.0000	0.0000	0.0000	0.0000	0.0000	0.0000	0.0000	0.0000	0.0000	0.0000	0.0000	0.0000	0.0000	0.0000	0.0000	0.0000	0.0217	2.0000	6.0735	0.0000	0.0000	0.0000	0.0000	0.0000	0.0000	0.0000	0.0000	0.0000	0.0000	0.0000	0.0000	0.0000	0.0000	0.0000	0.0000	0.0000	0.0000	0.0000	0.0000	0.0000	0.0000	0.0000	0.0000	0.0000	0.0000	0.0000	0.0269	0.0174	0.0095	0.0082	0.0065	0.0017	0.0188	0.0110	0.0078	0.0000	0.0000	0.0000	0.0000	0.0000	0.0000	0.0000	0.0000	0.0000	0.0000	0.0000	0.0000	0.0000	0.0000	0.0000	0.0000	0.0000	0.0000											
7	40	0.1406	7	1	0	1	0	0	0	0	0	N	N	N	N	N	N	N	N	N	N	N	N	0.0000	0.0000	0.0000	0.0000	0.0000	0.0000	0.0000	0.0000	0.0000	0.0000	0.0000	0.0000	0.0000	0.0000	0.0000	0.0000	0.0000	0.0000	0.0000	0.0000	0.0000	0.0217	2.0000	4.0395	0.0000	0.0000	0.0000	0.0000	0.0000	0.0000	0.0000	0.0000	0.0000	0.0000	0.0000	0.0000	0.0000	0.0000	0.0000	0.0000	0.0000	0.0000	0.0000	0.0000	0.0000	0.0000	0.0000	0.0000	0.0000	0.0000	0.0000	0.0166	0.0104	0.0063	0.0028	0.0023	0.0005	0.0138	0.0081	0.0058	0.0000	0.0000	0.0000	0.0000	0.0000	0.0000	0.0000	0.0000	0.0000	0.0000	0.0000	0.0000	0.0000	0.0000	0.0000	0.0000	0.0000	0.0000											
7	41	0.1406	7	1	1	1	1	0	0	0	0	N	N	N	N	N	N	N	N	N	N	N	N	0.0000	0.0000	0.0000	0.0000	0.0000	0.0000	0.0000	0.0000	0.0000	0.0000	0.0000	0.0000	0.0000	0.0000	0.0000	0.0000	0.0000	0.0000	0.0000	0.0000	0.0000	0.0000	2.0000	7.0150	0.0000	0.0000	0.0000	0.0000	0.0000	0.0000	0.0000	0.0000	0.0000	0.0000	0.0000	0.0000	0.0000	0.0000	0.0000	0.0000	0.0000	0.0000	0.0000	0.0000	0.0000	0.0000	0.0000	0.0000	0.0000	0.0000	0.0000	0.0277	0.0172	0.0105	0.0045	0.0037	0.0009	0.0232	0.0135	0.0097	0.0000	0.0000	0.0000	0.0000	0.0000	0.0000	0.0000	0.0000	0.0000	0.0000	0.0000	0.0000	0.0000	0.0000	0.0000	0.0000	0.0000	0.0000											
7	42	0.0591	5	2	0	2	0	0	0	0	0	Y	N	Y	N	N	N	N	N	N	N	N	N	0.0000	0.0000	0.0000	0.0000	0.0000	0.0000	0.0000	0.0000	0.0000	0.0000	0.0000	0.0000	0.0000	0.0000	0.0000	0.0000	0.0000	0.0000	0.0000	0.0000	0.0000	0.0000	2.0000	0.0000	0.0000	0.0000	0.0000	0.0000	0.0000	0.0000	0.0000	0.0000	0.0000	0.0000	0.0000	0.0000	0.0000	0.0000	0.0000	0.0000	0.0000	0.0000	0.0000	0.0000	0.0000	0.0000	0.0000	0.0000	0.0000	0.0000	0.0000	0.0000	0.0000	0.0000	0.0000	0.0000	0.0000	0.0000	0.0000	0.0000	0.0000	0.0000	0.0000	0.0000	0.0000	0.0000	0.0000	0.0000	0.0000	0.0000	0.0000	0.0000	0.0000	0.0000	0.0000	0.0000	0.0000	0.0000											
7	43	0.0423	4	2	0	2	0	0	0	0	0	Y	N	Y	N	N	N	N	N	N	N	N	N	0.0000	0.0000	0.0000	0.0000	0.0000	0.0000	0.0000	0.0000	0.0000	0.0000	0.0000	0.0000	0.0000	0.0000	0.0000	0.0000	0.0000	0.0000	0.0000	0.0000	0.0000	1.0000	2.0000	3.0000	0.0000	0.0000	0.0000	0.0000	0.0000	0.0000	0.0000	0.0000	0.0000	0.0000	0.0000	0.0000	0.0000	0.0000	0.0000	0.0000	0.0000	0.0000	0.0000	0.0000	0.0000	0.0000	0.0000	0.0000	0.0000	0.0000	0.0000	0.0190	0.0098	0.0091	0.0011	0.0009	0.0002	0.0179	0.0089	0.0090	0.0000	0.0000	0.0000	0.0000	0.0000	0.0000	0.0000	0.0000	0.0000	0.0000	0.0000	0.0000	0.0000	0.0000	0.0000	0.0000	0.0000	0.0000											
7	44	0.0423	4	2	0	2	0	0	0	0	0	Y	N	Y	N	N	N	N	N	N	N	N	N	0.0000	0.0000	0.0000	0.0000	0.0000	0.0000	0.0000	0.0000	0.0000	0.0000	0.0000	0.0000	0.0000	0.0000	0.0000	0.0000	0.0000	0.0000	0.0000	0.0000	0.0000	1.0000	2.0000	3.0000	0.0000	0.0000	0.0000	0.0000	0.0000	0.0000	0.0000	0.0000	0.0000	0.0000	0.0000	0.0000	0.0000	0.0000	0.0000	0.0000	0.0000	0.0000	0.0000	0.0000	0.0000	0.0000	0.0000	0.0000	0.0000	0.0000	0.0000	0.0190	0.0098	0.0091	0.0011	0.0009	0.0002	0.0179	0.0089	0.0090	0.0000	0.0000	0.0000	0.0000	0.0000	0.0000	0.0000	0.0000	0.0000	0.0000	0.0000	0.0000	0.0000	0.0000	0.0000	0.0000	0.0000	0.0000											
7	45	0.1836	8	1	0	2	0	0	0	0	0	N	N	Y	N	N	N	N	N	N	N	N	N	0.0000	0.0000	0.0000	0.0000	0.0000	0.0000	0.0000	0.0000	0.0000	0.0000	0.0000	0.0000	0.0000	0.0000	0.0000	0.0000	0.0000	0.0000	0.0000	0.0000	0.0000	0.0000	2.0000	0.0000	0.0000	0.0000	0.0000	0.0000	0.0000	0.0000	0.0000	0.0000	0.0000	0.0000	0.0000	0.0000	0.0000	0.0000	0.0000	0.0000	0.0000	0.0000	0.0000	0.0000	0.0000	0.0000	0.0000	0.0000	0.0000	0.0000	0.0000	0.0000	0.0000	0.0000	0.0000	0.0000	0.0000	0.0000	0.0000	0.0000	0.0000	0.0000	0.0000	0.0000	0.0000	0.0000	0.0000	0.0000	0.0000	0.0000	0.0000	0.0000	0.0000	0.0000	0.0000	0.0000	0.0000	0.0000											
7	46	0.1406	7	1	0	1	0	0	0	0	0	N	N	N	N	N	N	N	N	N	N	N	N	0.0000	0.0000	0.0000	0.0000	0.0000	0.0000	0.0000	0.0000	0.0000	0.0000	0.0000	0.0000	0.0000	0.0000	0.0000	0.0000	0.0000	0.0000	0.0000	0.0000	0.0000	4.0000	2.0000	5.9850	0.0000	0.0000	0.0000	0.0000	0.0000	0.0000	0.0000	0.0000	0.0000	0.0000	0.0000	0.0000	0.0000	0.0000	0.0000	0.0000	0.0000	0.0000	0.0000	0.0000	0.0000	0.0000	0.0000	0.0000	0.0000	0.0000	0.0000	0.0383	0.0237	0.0146	0.0062	0.0050	0.0012	0.0321	0.0187	0.0134	0.0000	0.0000	0.0000	0.0000	0.0000	0.0000	0.0000	0.0000	0.0000	0.0000	0.0000	0.0000	0.0000	0.0000	0.0000	0.0000	0.0000	0.0000											
7	47	0.2116	9	1	1	1	0	0	0	0	0	N	N	N	N	N	N	N	N	N	N	N	N	0.0000	0.0000	0.0000	0.0000	0.0000	0.0000	0.0000	0.0000	0.0000	0.0000	0.0000	0.0000	0.0000	0.0000	0.0000	0.0000	0.0000	0.0000	0.0000	0.0000	0.0000	0.0000	2.0000	0.0000	0.0000	0.0000	0.0000	0.0000	0.0000	0.0000	0.0000	0.0000	0.0000	0.0000	0.0000	0.0000	0.0000	0.0000	0.0000	0.0000	0.0000	0.0000	0.0000	0.0000	0.0000	0.0000	0.0000	0.0000	0.0000	0.0000	0.0000	0.0000	0.0000	0.0000	0.0000	0.0000	0.0000	0.0000	0.0000	0.0000	0.0000	0.0000	0.0000	0.0000	0.0000	0.0000	0.0000	0.0000	0.0000	0.0000	0.0000	0.0000	0.0000	0.0000	0.0000	0.0000	0.0000	0.0000											
7	48	0.0748	6	2	1	2	0	0	0	0	0	Y	N	Y	N	N	N	N	N	N	N	N	N	0.0000	0.0000	0.0000	0.0000	0.0000	0.0000	0.0000	0.0000	0.0000	0.0000	0.0000	0.0000	0.0000	0.0000	0.0000	113.3547	0.0000	401.2189	0.0136	0.0000	0.1149	123.6751	0.0000	403.0393	inf	0.0000	0.4588	0.0000	0.0000	2.0000	2.0152	0.0000	0.0000	0.0000	0.0000	0.0000	0.0000	0.0000	0.0000	0.0000	0.9974	0.0000	0.9974	0.0000	0.0000	0.0000	0.9973	0.0000	0.9973	0.0000	0.0000	0.0000	0.0000	0.0000	0.0000	0.0000	0.0000	0.0000	0.0088	0.0054	0.0034	0.0007	0.0006	0.0001	0.0081	0.0048	0.0033	0.0000	0.0000	0.0000	0.0000	0.0000	0.0000	0.0000	0.0000	0.0000	113.3547	0.0000	294.8596	0.0136	0.0000	0.1149	123.6751	0.0000	302.6467				
7	49	0.0706	5	2	0	2	0	0	0	0	0	Y	N	Y	N	N	N	N	N	N	N	N	N	0.0000	0.0000	0.0000	0.0000	0.0000	0.0000	0.0000	0.0000	0.0000	0.0000	0.0000	0.0000	0.0000	0.0000	0.0000	1.0174	0.0035	2.0751	0.0000	0.0000	0.0000	0.6296	0.0040	2.2302	263.0000	0.0000	0.0012	0.0000	0.0003	2.0000	1.0311	0.0000	0.0000	0.0000	0.0000	0.0000	0.0000	0.0000	0.0000	0.0000	0.0026	0.0000	0.0026	0.0000	0.0000	0.0000	0.0026	0.0000	0.0026	0.0000	0.0000	0.0000	0.0000	0.0000	0.0000	0.0000	0.0000	0.0000	0.0046	0.0028	0.0017	0.0004	0.0003	0.0000	0.0042	0.0025	0.0017	0.0000	0.0000	0.0000	0.0000	0.0000	0.0000	0.0000	0.0000	0.0000	0.5779	0.0035	1.5227	0.0000	0.0000	0.0000	0.6296	0.0040	1.5534				
7	50	0.0706	5	2	1	2	0	0	0	0	0	Y	N	Y	N	N	N	N	N	N	N	N	N	0.0000	0.0000	0.0000	0.0000	0.0000	0.0000	0.0000	0.0000	0.0000	0.0000	0.0000	0.0000	0.0000	0.0000	0.0000	0.0000	0.0000	0.0000	0.0000	0.0000	0.0000	0.0003	2.0000	1.0126	0.0000	0.0000	0.0000	0.0000	0.0000	0.0000	0.0000	0.0000	0.0000	0.0000	0.0000	0.0000	0.0000	0.0000	0.0000	0.0000	0.0000	0.0000	0.0000	0.0000	0.0000	0.0000	0.0000	0.0000	0.0000	0.0000	0.0000	0.0045	0.0028	0.0017	0.0004	0.0003	0.0000	0.0041	0.0025	0.0017	0.0000	0.0000	0.0000	0.0000	0.0000	0.0000	0.0000	0.0000	0.0000	0.0000	0.0000	0.0000	0.0000	0.0000	0.0000	0.0000	0.0000	0.0000											
7	51	0.1834	6	2	1	1	0	0	0	0	0	Y	N	N	N	N	N	N	N	N	N	N	N	0.0000	0.0000	0.0000	0.0000	0.0000	0.0000	0.0000	0.0000	0.0000	0.0000	0.0000	0.0000	0.0000	0.0000	0.0000	0.0000	0.0000	0.0000	0.0000	0.0000	0.0000	0.0000	2.0000	1.0000	0.0000	0.0000	0.0000	0.0000	0.0000	0.0000	0.0000	0.0000	0.0000	0.0000	0.0000	0.0000	0.0000	0.0000	0.0000	0.0000	0.0000	0.0000	0.0000	0.0000	0.0000	0.0000	0.0000	0.0000	0.0000	0.0000	0.0000	0.0040	0.0026	0.0014	0.0010	0.0009	0.0002	0.0029	0.0017	0.0012	0.0000	0.0000	0.0000	0.0000	0.0000	0.0000	0.0000	0.0000	0.0000	0.0000	0.0000	0.0000	0.0000	0.0000	0.0000	0.0000	0.0000	0.0000											
7	52	0.1796	9	1	1	1	1	0	0	0	0	N	N	N	N	N	N	N	N	N	N	N	N	0.0000	0.0000	0.0000	0.0000	0.0000	0.0000	0.0000	0.0000	0.0000	0.0000	0.0000	0.0000	0.0000	0.0017	0.0000	0.0058	0.0063	0.0000	0.0636	0.0000	0.0000	0.0000	inf	0.0000	0.0000	0.0000	0.9995	2.0000	1.0399	0.0000	0.0000	0.0000	0.0000	0.0000	0.0000	0.0000	0.0000	0.0000	0.0000	0.0000	0.0000	0.0000	0.0000	0.0000	0.0000	0.0000	0.0000	0.0000	0.0000	0.0000	0.0000	0.0000	0.0000	0.0000	0.0000	0.0000	0.0117	0.0082	0.0035	0.0032	0.0029	0.0003	0.0085	0.0054	0.0031	0.0000	0.0000	0.0000	0.0000	0.0000	0.0000	0.0000	0.0000	0.0000	0.0017	0.0000	0.0058	0.0063	0.0000	0.0636	0.0000	0.0000	0.0000						
7	53	0.1796	9	1	0	1	1	0	0	0	0	N	N	N	N	N	N	N	N	N	N	N	N	0.0000	0.0000	0.0000	0.0000	0.0000	0.0000	0.0000	0.0000	0.0000	0.0000	0.0000	0.0000	0.0000	0.0000	0.0000	0.0000	0.0000	0.0000	0.0000	0.0000	0.0000	3.0005	2.0000	1.0125	0.0000	0.0000	0.0000	0.0000	0.0000	0.0000	0.0000	0.0000	0.0000	0.0000	0.0000	0.0000	0.0000	0.0000	0.0000	0.0000	0.0000	0.0000	0.0000	0.0000	0.0000	0.0000	0.0000	0.0000	0.0000	0.0000	0.0000	0.0196	0.0132	0.0065	0.0047	0.0041	0.0006	0.0150	0.0091	0.0058	0.0000	0.0000	0.0000	0.0000	0.0000	0.0000	0.0000	0.0000	0.0000	0.0000	0.0000	0.0000	0.0000	0.0000	0.0000	0.0000	0.0000	0.0000											
7	54	0.1714	8	1	0	1	1	0	0	0	0	N	N	N	N	N	N	N	N	N	N	N	N	0.0000	0.0000	0.0000	0.0000	0.0000	0.0000	0.0000	0.0000	0.0000	0.0000	0.0000	0.0000	0.0000	0.0024	0.0040	0.0000	0.0163	0.0204	0.0000	0.0000	0.0000	0.0000	0.0000	0.0000	-0.0000	0.0000	0.0013	2.0000	1.9704	0.0000	0.0000	0.0000	0.0000	0.0000	0.0000	0.0000	0.0000	0.0000	0.0000	0.0000	0.0000	0.0000	0.0000	0.0000	0.0000	0.0000	0.0000	0.0000	0.0000	0.0000	0.0000	0.0000	0.0000	0.0000	0.0000	0.0000	0.0082	0.0050	0.0031	0.0012	0.0010	0.0002	0.0070	0.0041	0.0029	0.0000	0.0000	0.0000	0.0000	0.0000	0.0000	0.0000	0.0000	0.0000	0.0024	0.0040	0.0000	0.0163	0.0204	0.0000	0.0000	0.0000	0.0000						
7	55	0.1406	7	1	0	1	1	0	0	0	0	N	N	N	N	N	N	N	N	N	N	N	N	0.0000	0.0000	0.0000	0.0000	0.0000	0.0000	0.0000	0.0000	0.0000	0.0000	0.0000	0.0000	0.0000	0.0000	0.0000	0.0000	0.0000	0.0000	0.0000	0.0000	0.0000	3.0000	2.0000	4.0155	0.0000	0.0000	0.0000	0.0000	0.0000	0.0000	0.0000	0.0000	0.0000	0.0000	0.0000	0.0000	0.0000	0.0000	0.0000	0.0000	0.0000	0.0000	0.0000	0.0000	0.0000	0.0000	0.0000	0.0000	0.0000	0.0000	0.0000	0.0277	0.0172	0.0105	0.0045	0.0037	0.0009	0.0232	0.0135	0.0097	0.0000	0.0000	0.0000	0.0000	0.0000	0.0000	0.0000	0.0000	0.0000	0.0000	0.0000	0.0000	0.0000	0.0000	0.0000	0.0000	0.0000	0.0000											
7	56	0.0612	6	1	1	2	0	0	0	0	0	N	N	Y	N	N	N	N	N	N	N	N	N	0.0000	0.0000	0.0000	0.0000	0.0000	0.0000	0.0000	0.0000	0.0000	0.0000	0.0000	0.0000	0.0000	0.0000	0.0000	0.0000	0.0000	0.0000	0.0000	0.0000	0.0000	2.0013	2.0000	5.6727	0.0000	0.0000	0.0000	0.0000	0.0000	0.0000	0.0000	0.0000	0.0000	0.0000	0.0000	0.0000	0.0000	0.0000	0.0000	0.0000	0.0000	0.0000	0.0000	0.0000	0.0000	0.0000	0.0000	0.0000	0.0000	0.0000	0.0000	0.0437	0.0257	0.0180	0.0068	0.0064	0.0004	0.0369	0.0193	0.0176	0.0000	0.0000	0.0000	0.0000	0.0000	0.0000	0.0000	0.0000	0.0000	0.0000	0.0000	0.0000	0.0000	0.0000	0.0000	0.0000	0.0000	0.0000											
7	57	0.0575	5	1	1	1	0	0	0	0	0	N	N	N	N	N	N	N	N	N	N	N	N	0.0000	0.0000	0.0000	0.0000	0.0000	0.0000	0.0000	0.0000	0.0000	0.0000	0.0000	0.0000	0.0000	0.0000	0.0000	0.0000	0.0000	0.0000	0.0000	0.0000	0.0000	0.0033	2.0000	1.3874	0.0000	0.0000	0.0000	0.0000	0.0000	0.0000	0.0000	0.0000	0.0000	0.0000	0.0000	0.0000	0.0000	0.0000	0.0000	0.0000	0.0000	0.0000	0.0000	0.0000	0.0000	0.0000	0.0000	0.0000	0.0000	0.0000	0.0000	0.0152	0.0108	0.0044	0.0047	0.0046	0.0001	0.0105	0.0062	0.0044	0.0000	0.0000	0.0000	0.0000	0.0000	0.0000	0.0000	0.0000	0.0000	0.0000	0.0000	0.0000	0.0000	0.0000	0.0000	0.0000	0.0000	0.0000											
7	58	0.0423	4	2	0	2	0	0	0	0	0	Y	N	Y	N	N	N	N	N	N	N	N	N	0.0000	0.0000	0.0000	0.0000	0.0000	0.0000	0.0000	0.0000	0.0000	0.0000	0.0000	0.0000	0.0000	0.0000	0.0000	0.0000	0.0000	0.0000	0.0000	0.0000	0.0000	0.0000	2.0000	2.0000	0.0000	0.0000	0.0000	0.0000	0.0000	0.0000	0.0000	0.0000	0.0000	0.0000	0.0000	0.0000	0.0000	0.0000	0.0000	0.0000	0.0000	0.0000	0.0000	0.0000	0.0000	0.0000	0.0000	0.0000	0.0000	0.0000	0.0000	0.0097	0.0050	0.0047	0.0005	0.0005	0.0001	0.0091	0.0045	0.0046	0.0000	0.0000	0.0000	0.0000	0.0000	0.0000	0.0000	0.0000	0.0000	0.0000	0.0000	0.0000	0.0000	0.0000	0.0000	0.0000	0.0000	0.0000											
7	59	0.0575	5	1	1	1	0	0	0	0	0	N	N	N	N	N	N	N	N	N	N	N	N	0.0000	0.0000	0.0000	0.0000	0.0000	0.0000	0.0000	0.0000	0.0000	0.0000	0.0000	0.0000	0.0000	0.0000	0.0000	0.0000	0.0000	0.0000	0.0000	0.0000	0.0000	1.9997	2.0000	3.4660	0.0000	0.0000	0.0000	0.0000	0.0000	0.0000	0.0000	0.0000	0.0000	0.0000	0.0000	0.0000	0.0000	0.0000	0.0000	0.0000	0.0000	0.0000	0.0000	0.0000	0.0000	0.0000	0.0000	0.0000	0.0000	0.0000	0.0000	0.0335	0.0201	0.0134	0.0057	0.0054	0.0003	0.0278	0.0148	0.0131	0.0000	0.0000	0.0000	0.0000	0.0000	0.0000	0.0000	0.0000	0.0000	0.0000	0.0000	0.0000	0.0000	0.0000	0.0000	0.0000	0.0000	0.0000											
7	60	0.0423	4	1	1	1	0	0	0	0	0	N	N	N	N	N	N	N	N	N	N	N	N	0.0000	0.0000	0.0000	0.0000	0.0000	0.0000	0.0000	0.0000	0.0000	0.0000	0.0000	0.0000	0.0000	0.0000	0.0000	0.0000	0.0000	0.0000	0.0000	0.0000	0.0000	0.0005	2.0000	3.6054	0.0000	0.0000	0.0000	0.0000	0.0000	0.0000	0.0000	0.0000	0.0000	0.0000	0.0000	0.0000	0.0000	0.0000	0.0000	0.0000	0.0000	0.0000	0.0000	0.0000	0.0000	0.0000	0.0000	0.0000	0.0000	0.0000	0.0000	0.0172	0.0089	0.0083	0.0010	0.0008	0.0001	0.0162	0.0081	0.0081	0.0000	0.0000	0.0000	0.0000	0.0000	0.0000	0.0000	0.0000	0.0000	0.0000	0.0000	0.0000	0.0000	0.0000	0.0000	0.0000	0.0000	0.0000											
7	61	0.2116	9	1	0	2	0	0	0	0	0	N	N	Y	N	N	N	N	N	N	N	N	N	0.0000	0.0000	0.0000	0.0000	0.0000	0.0000	0.0000	0.0000	0.0000	0.0000	0.0000	0.0000	0.0000	0.0000	0.0000	0.0000	0.0000	0.0000	0.0000	0.0000	0.0000	0.0000	2.0000	1.0000	0.0000	0.0000	0.0000	0.0000	0.0000	0.0000	0.0000	0.0000	0.0000	0.0000	0.0000	0.0000	0.0000	0.0000	0.0000	0.0000	0.0000	0.0000	0.0000	0.0000	0.0000	0.0000	0.0000	0.0000	0.0000	0.0000	0.0000	0.0038	0.0024	0.0015	0.0009	0.0007	0.0002	0.0029	0.0017	0.0012	0.0000	0.0000	0.0000	0.0000	0.0000	0.0000	0.0000	0.0000	0.0000	0.0000	0.0000	0.0000	0.0000	0.0000	0.0000	0.0000	0.0000	0.0000											
7	62	0.2074	8	1	0	1	0	0	0	0	0	N	N	N	N	N	N	N	N	N	N	N	N	0.0000	0.0000	0.0000	0.0000	0.0000	0.0000	0.0000	0.0000	0.0000	0.0000	0.0000	0.0000	0.0000	0.0000	0.0000	0.0000	0.0000	0.0000	0.0000	0.0000	0.0000	0.0001	2.0000	1.0076	0.0000	0.0000	0.0000	0.0000	0.0000	0.0000	0.0000	0.0000	0.0000	0.0000	0.0000	0.0000	0.0000	0.0000	0.0000	0.0000	0.0000	0.0000	0.0000	0.0000	0.0000	0.0000	0.0000	0.0000	0.0000	0.0000	0.0000	0.0050	0.0033	0.0016	0.0015	0.0012	0.0002	0.0035	0.0021	0.0014	0.0000	0.0000	0.0000	0.0000	0.0000	0.0000	0.0000	0.0000	0.0000	0.0000	0.0000	0.0000	0.0000	0.0000	0.0000	0.0000	0.0000	0.0000											
7	63	0.1406	7	1	0	1	0	0	0	0	0	N	N	N	N	N	N	N	N	N	N	N	N	0.0000	0.0000	0.0000	0.0000	0.0000	0.0000	0.0000	0.0000	0.0000	0.0000	0.0000	0.0000	0.0000	0.0000	0.0000	0.0000	0.0000	0.0000	0.0000	0.0000	0.0000	11.9999	2.0000	3.0574	0.0000	0.0000	0.0000	0.0000	0.0000	0.0000	0.0000	0.0000	0.0000	0.0000	0.0000	0.0000	0.0000	0.0000	0.0000	0.0000	0.0000	0.0000	0.0000	0.0000	0.0000	0.0000	0.0000	0.0000	0.0000	0.0000	0.0000	0.0554	0.0343	0.0212	0.0090	0.0072	0.0018	0.0465	0.0271	0.0194	0.0000	0.0000	0.0000	0.0000	0.0000	0.0000	0.0000	0.0000	0.0000	0.0000	0.0000	0.0000	0.0000	0.0000	0.0000	0.0000	0.0000	0.0000											
7	64	0.0423	4	2	1	1	0	0	0	0	0	Y	N	N	N	N	N	N	N	N	N	N	N	0.0000	0.0000	0.0000	0.0000	0.0000	0.0000	0.0000	0.0000	0.0000	0.0000	0.0000	0.0000	0.0000	0.0000	0.0000	0.0000	0.0000	0.0000	0.0000	0.0000	0.0000	4.0000	2.0000	3.0000	0.0000	0.0000	0.0000	0.0000	0.0000	0.0000	0.0000	0.0000	0.0000	0.0000	0.0000	0.0000	0.0000	0.0000	0.0000	0.0000	0.0000	0.0000	0.0000	0.0000	0.0000	0.0000	0.0000	0.0000	0.0000	0.0000	0.0000	0.0322	0.0168	0.0154	0.0018	0.0016	0.0003	0.0304	0.0153	0.0151	0.0000	0.0000	0.0000	0.0000	0.0000	0.0000	0.0000	0.0000	0.0000	0.0000	0.0000	0.0000	0.0000	0.0000	0.0000	0.0000	0.0000	0.0000											
7	65	0.0841	5	1	0	1	0	0	0	0	0	N	N	N	N	N	N	N	N	N	N	N	N	0.0000	0.0000	0.0000	0.0000	0.0000	0.0000	0.0000	0.0000	0.0000	0.0000	0.0000	0.0000	0.0000	0.0000	0.0000	0.0000	0.0000	0.0000	0.0000	0.0000	0.0000	2.0015	2.0000	10.0016	0.0000	0.0000	0.0000	0.0000	0.0000	0.0000	0.0000	0.0000	0.0000	0.0000	0.0000	0.0000	0.0000	0.0000	0.0000	0.0000	0.0000	0.0000	0.0000	0.0000	0.0000	0.0000	0.0000	0.0000	0.0000	0.0000	0.0000	0.0445	0.0269	0.0176	0.0043	0.0036	0.0007	0.0402	0.0233	0.0169	0.0000	0.0000	0.0000	0.0000	0.0000	0.0000	0.0000	0.0000	0.0000	0.0000	0.0000	0.0000	0.0000	0.0000	0.0000	0.0000	0.0000	0.0000											
7	67	0.2390	7	1	0	1	0	0	0	0	0	N	N	N	N	N	N	N	N	N	N	N	N	0.0000	0.0000	0.0000	0.0000	0.0000	0.0000	0.0000	0.0000	0.0000	0.0000	0.0000	0.0000	0.0000	0.0000	0.0000	0.0000	0.0000	0.4779	1.0370	0.0049	6.8561	8.8472	0.0233	0.0001	0.0000	0.0004	0.0049	0.0000	-0.0185	0.0000	4.8614	2.0000	14.2102	0.0000	0.0000	0.0000	0.0000	0.0000	0.0000	0.0000	0.0000	0.0000	0.0345	0.0344	0.0002	0.0345	0.0344	0.0002	0.0000	0.0000	0.0000	0.0000	0.0000	0.0000	0.0000	0.0000	0.0000	0.0000	0.0000	0.0000	0.1156	0.0812	0.0344	0.0479	0.0411	0.0069	0.0677	0.0401	0.0275	0.0000	0.0000	0.0000	0.0000	0.0000	0.0000	0.0000	0.0000	0.0000	0.2987	0.4233	0.0049	0.7202	0.8369	0.0233	0.0001	0.0000	0.0004		
7	72	0.0841	5	1	1	1	0	0	0	0	0	N	N	N	N	N	N	N	N	N	N	N	N	0.0000	0.0000	0.0000	0.0000	0.0000	0.0000	0.0000	0.0000	0.0000	0.0000	0.0000	0.0000	0.0000	0.0000	0.0000	0.0000	0.0000	0.0000	0.0000	0.0000	0.0000	5.9987	2.0000	11.0016	0.0000	0.0000	0.0000	0.0000	0.0000	0.0000	0.0000	0.0000	0.0000	0.0000	0.0000	0.0000	0.0000	0.0000	0.0000	0.0000	0.0000	0.0000	0.0000	0.0000	0.0000	0.0000	0.0000	0.0000	0.0000	0.0000	0.0000	0.0608	0.0367	0.0241	0.0060	0.0050	0.0010	0.0549	0.0318	0.0231	0.0000	0.0000	0.0000	0.0000	0.0000	0.0000	0.0000	0.0000	0.0000	0.0000	0.0000	0.0000	0.0000	0.0000	0.0000	0.0000	0.0000	0.0000											
7	73	0.0423	4	2	0	2	0	0	0	0	0	Y	N	Y	N	N	N	N	N	N	N	N	N	0.0000	0.0000	0.0000	0.0000	0.0000	0.0000	0.0000	0.0000	0.0000	0.0000	0.0000	0.0000	0.0000	0.0000	0.0000	0.0000	0.0000	0.0000	0.0000	0.0000	0.0000	2.0000	2.0000	5.0000	0.0000	0.0000	0.0000	0.0000	0.0000	0.0000	0.0000	0.0000	0.0000	0.0000	0.0000	0.0000	0.0000	0.0000	0.0000	0.0000	0.0000	0.0000	0.0000	0.0000	0.0000	0.0000	0.0000	0.0000	0.0000	0.0000	0.0000	0.0322	0.0168	0.0154	0.0018	0.0016	0.0003	0.0304	0.0153	0.0151	0.0000	0.0000	0.0000	0.0000	0.0000	0.0000	0.0000	0.0000	0.0000	0.0000	0.0000	0.0000	0.0000	0.0000	0.0000	0.0000	0.0000	0.0000											
7	74	0.1259	7	1	1	1	0	0	0	0	0	N	N	N	N	N	N	N	N	N	N	N	N	0.0000	0.0000	0.0000	0.0000	0.0000	0.0000	0.0000	0.0000	0.0000	0.0000	0.0000	0.0000	0.0000	0.0001	0.0002	0.0000	0.0008	0.0010	0.0000	0.0000	0.0000	0.0000	0.0000	0.0000	-0.0000	0.0000	6.1274	2.0000	13.6208	0.0000	0.0000	0.0000	0.0000	0.0000	0.0000	0.0000	0.0000	0.0000	0.0000	0.0000	0.0000	0.0000	0.0000	0.0000	0.0000	0.0000	0.0000	0.0000	0.0000	0.0000	0.0000	0.0000	0.0000	0.0000	0.0000	0.0000	0.0751	0.0464	0.0286	0.0120	0.0100	0.0020	0.0630	0.0364	0.0266	0.0000	0.0000	0.0000	0.0000	0.0000	0.0000	0.0000	0.0000	0.0000	0.0001	0.0002	0.0000	0.0008	0.0010	0.0000	0.0000	0.0000	0.0000						
7	75	0.1505	10	1	0	2	0	0	0	0	0	N	N	Y	N	N	N	N	N	N	N	N	N	0.0000	0.0000	0.0000	0.0000	0.0000	0.0000	0.0000	0.0000	0.0000	0.0000	0.0000	0.0000	0.0000	0.0000	0.0000	0.0000	0.0000	0.0000	0.0000	0.0000	0.0000	0.0000	2.0000	1.0003	0.0000	0.0000	0.0000	0.0000	0.0000	0.0000	0.0000	0.0000	0.0000	0.0000	0.0000	0.0000	0.0000	0.0000	0.0000	0.0000	0.0000	0.0000	0.0000	0.0000	0.0000	0.0000	0.0000	0.0000	0.0000	0.0000	0.0000	0.0048	0.0025	0.0023	0.0006	0.0005	0.0001	0.0042	0.0020	0.0022	0.0000	0.0000	0.0000	0.0000	0.0000	0.0000	0.0000	0.0000	0.0000	0.0000	0.0000	0.0000	0.0000	0.0000	0.0000	0.0000	0.0000	0.0000											
7	76	0.1463	9	1	0	2	0	0	0	0	0	N	N	Y	N	N	N	N	N	N	N	N	N	0.0000	0.0000	0.0000	0.0000	0.0000	0.0000	0.0000	0.0000	0.0000	0.0000	0.0000	0.0000	0.0000	0.0000	0.0000	0.0000	0.0000	0.0000	0.0000	0.0000	0.0000	0.0000	2.0000	1.0076	0.0000	0.0000	0.0000	0.0000	0.0000	0.0000	0.0000	0.0000	0.0000	0.0000	0.0000	0.0000	0.0000	0.0000	0.0000	0.0000	0.0000	0.0000	0.0000	0.0000	0.0000	0.0000	0.0000	0.0000	0.0000	0.0000	0.0000	0.0048	0.0025	0.0023	0.0006	0.0004	0.0001	0.0043	0.0021	0.0022	0.0000	0.0000	0.0000	0.0000	0.0000	0.0000	0.0000	0.0000	0.0000	0.0000	0.0000	0.0000	0.0000	0.0000	0.0000	0.0000	0.0000	0.0000											
7	77	0.1423	8	1	0	1	0	0	0	0	0	N	N	N	N	N	N	N	N	N	N	N	N	0.0000	0.0000	0.0000	0.0000	0.0000	0.0000	0.0000	0.0000	0.0000	0.0000	0.0000	0.0000	0.0000	0.0000	0.0000	0.0000	0.0000	0.0000	0.0000	0.0000	0.0000	0.0026	2.0000	0.9924	0.0000	0.0000	0.0000	0.0000	0.0000	0.0000	0.0000	0.0000	0.0000	0.0000	0.0000	0.0000	0.0000	0.0000	0.0000	0.0000	0.0000	0.0000	0.0000	0.0000	0.0000	0.0000	0.0000	0.0000	0.0000	0.0000	0.0000	0.0048	0.0025	0.0023	0.0005	0.0004	0.0001	0.0042	0.0020	0.0022	0.0000	0.0000	0.0000	0.0000	0.0000	0.0000	0.0000	0.0000	0.0000	0.0000	0.0000	0.0000	0.0000	0.0000	0.0000	0.0000	0.0000	0.0000											
7	78	0.1259	7	1	0	1	0	0	0	0	0	N	N	N	N	N	N	N	N	N	N	N	N	0.0000	0.0000	0.0000	0.0000	0.0000	0.0000	0.0000	0.0000	0.0000	0.0000	0.0000	0.0000	0.0000	0.0004	0.0007	0.0000	0.0020	0.0022	0.0000	0.0000	0.0000	0.0000	0.0000	0.0000	-0.0000	0.0000	2.8733	2.0000	1.5522	0.0000	0.0000	0.0000	0.0000	0.0000	0.0000	0.0000	0.0000	0.0000	0.0000	0.0000	0.0000	0.0000	0.0000	0.0000	0.0000	0.0000	0.0000	0.0000	0.0000	0.0000	0.0000	0.0000	0.0000	0.0000	0.0000	0.0000	0.0231	0.0151	0.0080	0.0051	0.0046	0.0005	0.0180	0.0105	0.0075	0.0000	0.0000	0.0000	0.0000	0.0000	0.0000	0.0000	0.0000	0.0000	0.0004	0.0007	0.0000	0.0020	0.0022	0.0000	0.0000	0.0000	0.0000						
7	79	0.1138	6	1	0	1	0	0	0	0	0	N	N	N	N	N	N	N	N	N	N	N	N	0.0000	0.0000	0.0000	0.0000	0.0000	0.0000	0.0000	0.0000	0.0000	0.0000	0.0000	0.0000	0.0000	0.0000	0.0000	0.0000	0.0000	0.0024	0.0029	0.0013	0.0074	0.0062	0.0337	0.0005	0.0009	0.0000	0.2000	0.0000	-0.0000	0.0000	0.2102	2.0000	3.4985	0.0000	0.0000	0.0000	0.0000	0.0000	0.0000	0.0000	0.0000	0.0000	0.0001	0.0000	0.0000	0.0000	0.0000	0.0000	0.0000	0.0000	0.0000	0.0000	0.0000	0.0000	0.0000	0.0000	0.0000	0.0000	0.0000	0.0000	0.0251	0.0174	0.0077	0.0068	0.0065	0.0003	0.0183	0.0109	0.0074	0.0000	0.0000	0.0000	0.0000	0.0000	0.0000	0.0000	0.0000	0.0000	0.0024	0.0029	0.0013	0.0074	0.0062	0.0337	0.0005	0.0009	0.0000		
7	80	0.1449	8	1	1	1	0	0	0	0	0	N	N	N	N	N	N	N	N	N	N	N	N	0.0000	0.0000	0.0000	0.0000	0.0000	0.0000	0.0000	0.0000	0.0000	0.0000	0.0000	0.0000	0.0000	0.0046	0.0073	0.0000	0.0247	0.0298	0.0000	0.0000	0.0000	0.0000	0.0000	0.0000	-0.0001	0.0000	2.0196	2.0000	6.0690	0.0000	0.0000	0.0000	0.0000	0.0000	0.0000	0.0000	0.0000	0.0000	0.0001	0.0001	0.0000	0.0001	0.0001	0.0000	0.0000	0.0000	0.0000	0.0000	0.0000	0.0000	0.0000	0.0000	0.0000	0.0000	0.0000	0.0000	0.0327	0.0206	0.0121	0.0061	0.0050	0.0010	0.0267	0.0156	0.0111	0.0000	0.0000	0.0000	0.0000	0.0000	0.0000	0.0000	0.0000	0.0000	0.0046	0.0073	0.0000	0.0247	0.0298	0.0000	0.0000	0.0000	0.0000						
7	81	0.1366	7	1	0	1	0	0	0	0	0	N	N	N	N	N	N	N	N	N	N	N	N	0.0000	0.0000	0.0000	0.0000	0.0000	0.0000	0.0000	0.0000	0.0000	0.0000	0.0000	0.0000	0.0000	0.0000	0.0000	0.0000	0.0000	0.0000	0.4682	1.0460	0.0468	21.6260	25.3124	0.0000	0.0221	0.0025	0.0515	0.0629	0.0000	-0.0011	0.0000	0.9876	2.0000	0.9833	0.0000	0.0000	0.0000	0.0000	0.0000	0.0000	0.0000	0.0000	0.0000	0.0024	0.0022	0.0001	0.0022	0.0022	0.0000	0.0001	0.0000	0.0001	0.0000	0.0000	0.0000	0.0000	0.0000	0.0000	0.0000	0.0000	0.0000	0.0081	0.0050	0.0030	0.0013	0.0011	0.0003	0.0068	0.0040	0.0028	0.0000	0.0000	0.0000	0.0000	0.0000	0.0000	0.0000	0.0000	0.0000	0.2916	0.4396	0.0459	1.6584	2.0416	0.0000	0.0221	0.0025	0.0500	
7	82	0.0706	5	2	0	2	0	0	0	0	0	Y	N	Y	N	N	N	N	N	N	N	N	N	0.0000	0.0000	0.0000	0.0000	0.0000	0.0000	0.0000	0.0000	0.0000	0.0000	0.0000	0.0000	0.0000	0.0000	0.0000	0.0000	0.0000	0.0000	0.0000	0.0000	0.0000	1.0000	2.0000	2.9874	0.0000	0.0000	0.0000	0.0000	0.0000	0.0000	0.0000	0.0000	0.0000	0.0000	0.0000	0.0000	0.0000	0.0000	0.0000	0.0000	0.0000	0.0000	0.0000	0.0000	0.0000	0.0000	0.0000	0.0000	0.0000	0.0000	0.0000	0.0166	0.0101	0.0065	0.0011	0.0010	0.0001	0.0155	0.0091	0.0064	0.0000	0.0000	0.0000	0.0000	0.0000	0.0000	0.0000	0.0000	0.0000	0.0000	0.0000	0.0000	0.0000	0.0000	0.0000	0.0000	0.0000	0.0000											
7	83	0.0423	4	2	0	2	0	0	0	0	0	Y	N	Y	N	N	N	N	N	N	N	N	N	0.0000	0.0000	0.0000	0.0000	0.0000	0.0000	0.0000	0.0000	0.0000	0.0000	0.0000	0.0000	0.0000	0.0000	0.0000	0.0000	0.0000	0.0000	0.0000	0.0000	0.0000	0.9997	2.0000	6.0128	0.0000	0.0000	0.0000	0.0000	0.0000	0.0000	0.0000	0.0000	0.0000	0.0000	0.0000	0.0000	0.0000	0.0000	0.0000	0.0000	0.0000	0.0000	0.0000	0.0000	0.0000	0.0000	0.0000	0.0000	0.0000	0.0000	0.0000	0.0323	0.0169	0.0154	0.0018	0.0016	0.0003	0.0304	0.0153	0.0152	0.0000	0.0000	0.0000	0.0000	0.0000	0.0000	0.0000	0.0000	0.0000	0.0000	0.0000	0.0000	0.0000	0.0000	0.0000	0.0000	0.0000	0.0000											
7	84	0.0841	5	1	1	1	1	0	0	0	0	N	N	N	N	N	N	N	N	N	N	N	N	0.0000	0.0000	0.0000	0.0000	0.0000	0.0000	0.0000	0.0000	0.0000	0.0000	0.0000	0.0000	0.0000	0.0000	0.0000	0.0000	0.0000	0.0000	0.0000	0.0000	0.0000	8.0013	2.0000	12.0015	0.0000	0.0000	0.0000	0.0000	0.0000	0.0000	0.0000	0.0000	0.0000	0.0000	0.0000	0.0000	0.0000	0.0000	0.0000	0.0000	0.0000	0.0000	0.0000	0.0000	0.0000	0.0000	0.0000	0.0000	0.0000	0.0000	0.0000	0.0700	0.0423	0.0277	0.0069	0.0058	0.0011	0.0631	0.0366	0.0266	0.0000	0.0000	0.0000	0.0000	0.0000	0.0000	0.0000	0.0000	0.0000	0.0000	0.0000	0.0000	0.0000	0.0000	0.0000	0.0000	0.0000	0.0000											
7	85	0.1406	7	1	1	1	0	0	0	0	0	N	N	N	N	N	N	N	N	N	N	N	N	0.0000	0.0000	0.0000	0.0000	0.0000	0.0000	0.0000	0.0000	0.0000	0.0000	0.0000	0.0000	0.0000	0.0000	0.0000	0.0000	0.0000	0.0000	0.0000	0.0000	0.0000	1.0000	2.0000	6.9850	0.0000	0.0000	0.0000	0.0000	0.0000	0.0000	0.0000	0.0000	0.0000	0.0000	0.0000	0.0000	0.0000	0.0000	0.0000	0.0000	0.0000	0.0000	0.0000	0.0000	0.0000	0.0000	0.0000	0.0000	0.0000	0.0000	0.0000	0.0312	0.0194	0.0119	0.0051	0.0041	0.0010	0.0261	0.0152	0.0109	0.0000	0.0000	0.0000	0.0000	0.0000	0.0000	0.0000	0.0000	0.0000	0.0000	0.0000	0.0000	0.0000	0.0000	0.0000	0.0000	0.0000	0.0000											
7	86	0.1279	6	1	0	1	0	0	0	0	0	N	N	N	N	N	N	N	N	N	N	N	N	0.0000	0.0000	0.0000	0.0000	0.0000	0.0000	0.0000	0.0000	0.0000	0.0000	0.0000	0.0000	0.0000	0.0033	0.0053	0.0000	0.0203	0.0251	0.0000	0.0000	0.0000	0.0000	0.0000	0.0000	-0.0000	0.0000	1.0086	2.0000	2.0000	0.0000	0.0000	0.0000	0.0000	0.0000	0.0000	0.0000	0.0000	0.0000	0.0000	0.0000	0.0000	0.0000	0.0000	0.0000	0.0000	0.0000	0.0000	0.0000	0.0000	0.0000	0.0000	0.0000	0.0000	0.0000	0.0000	0.0000	0.0123	0.0076	0.0047	0.0020	0.0016	0.0004	0.0103	0.0060	0.0044	0.0000	0.0000	0.0000	0.0000	0.0000	0.0000	0.0000	0.0000	0.0000	0.0033	0.0053	0.0000	0.0203	0.0251	0.0000	0.0000	0.0000	0.0000						
7	87	0.0423	4	1	1	1	0	0	0	0	0	N	N	N	N	N	N	N	N	N	N	N	N	0.0000	0.0000	0.0000	0.0000	0.0000	0.0000	0.0000	0.0000	0.0000	0.0000	0.0000	0.0000	0.0000	0.0000	0.0000	0.0000	0.0000	0.0000	0.0000	0.0000	0.0000	4.0000	2.0000	7.0000	0.0000	0.0000	0.0000	0.0000	0.0000	0.0000	0.0000	0.0000	0.0000	0.0000	0.0000	0.0000	0.0000	0.0000	0.0000	0.0000	0.0000	0.0000	0.0000	0.0000	0.0000	0.0000	0.0000	0.0000	0.0000	0.0000	0.0000	0.0487	0.0257	0.0231	0.0028	0.0024	0.0004	0.0459	0.0233	0.0227	0.0000	0.0000	0.0000	0.0000	0.0000	0.0000	0.0000	0.0000	0.0000	0.0000	0.0000	0.0000	0.0000	0.0000	0.0000	0.0000	0.0000	0.0000											
7	89	0.1451	8	1	1	1	0	0	0	0	0	N	N	N	N	N	N	N	N	N	N	N	N	0.0000	0.0000	0.0000	0.0000	0.0000	0.0000	0.0000	0.0000	0.0000	0.0000	0.0000	0.0000	0.0000	0.0000	0.0000	1.3698	0.0000	3.2347	0.0388	0.0000	0.1880	1.1130	0.0000	3.5337	inf	0.0000	0.0148	0.0000	0.0157	2.0000	9.0253	0.0000	0.0000	0.0000	0.0000	0.0000	0.0000	0.0000	0.0000	0.0000	0.0321	0.0000	0.0321	0.0003	0.0000	0.0003	0.0319	0.0000	0.0319	0.0000	0.0000	0.0000	0.0000	0.0000	0.0000	0.0000	0.0000	0.0000	0.0356	0.0223	0.0133	0.0070	0.0055	0.0014	0.0286	0.0168	0.0119	0.0000	0.0000	0.0000	0.0000	0.0000	0.0000	0.0000	0.0000	0.0000	0.9031	0.0000	2.4129	0.0388	0.0000	0.1880	1.1130	0.0000	2.6818				
7	90	0.1366	7	1	1	1	0	0	0	0	0	N	N	N	N	N	N	N	N	N	N	N	N	0.0000	0.0000	0.0000	0.0000	0.0000	0.0000	0.0000	0.0000	0.0000	0.0000	0.0000	0.0000	0.0000	0.0000	0.0000	0.0000	0.0000	0.0000	116.7024	0.0659	484.3565	0.0593	0.0643	0.0378	139.6569	0.0664	484.3626	2836.7499	0.0000	0.4441	0.0000	0.0169	2.0000	2.0013	0.0000	0.0000	0.0000	0.0000	0.0000	0.0000	0.0000	0.0000	0.0000	0.9661	0.0003	0.9657	0.0001	0.0001	0.0000	0.9660	0.0003	0.9657	0.0000	0.0000	0.0000	0.0000	0.0000	0.0000	0.0000	0.0000	0.0000	0.0083	0.0052	0.0031	0.0014	0.0011	0.0003	0.0069	0.0041	0.0029	0.0000	0.0000	0.0000	0.0000	0.0000	0.0000	0.0000	0.0000	0.0000	116.7024	0.0659	310.1512	0.0593	0.0643	0.0378	139.6569	0.0664	337.9349	
7	91	0.1279	6	1	0	1	0	0	0	0	0	N	N	N	N	N	N	N	N	N	N	N	N	0.0000	0.0000	0.0000	0.0000	0.0000	0.0000	0.0000	0.0000	0.0000	0.0000	0.0000	0.0000	0.0000	0.0000	0.0000	0.0000	0.0000	0.4024	0.0096	0.9047	0.0288	0.0354	0.0000	0.3121	0.0025	1.1211	44.0762	0.0000	0.0010	0.0000	1.9923	2.0000	0.0454	0.0000	0.0000	0.0000	0.0000	0.0000	0.0000	0.0000	0.0000	0.0000	0.0022	0.0000	0.0022	0.0000	0.0000	0.0000	0.0022	0.0000	0.0022	0.0000	0.0000	0.0000	0.0000	0.0000	0.0000	0.0000	0.0000	0.0000	0.0085	0.0052	0.0033	0.0014	0.0011	0.0003	0.0071	0.0041	0.0030	0.0000	0.0000	0.0000	0.0000	0.0000	0.0000	0.0000	0.0000	0.0000	0.2657	0.0096	0.6748	0.0288	0.0354	0.0000	0.3121	0.0025	0.7330		
7	92	0.0841	5	1	0	1	0	0	0	0	0	N	N	N	N	N	N	N	N	N	N	N	N	0.0000	0.0000	0.0000	0.0000	0.0000	0.0000	0.0000	0.0000	0.0000	0.0000	0.0000	0.0000	0.0000	0.0011	0.0000	0.0027	0.0000	0.0000	0.0000	0.0012	0.0000	0.0028	inf	0.0000	0.0000	0.0000	1.0098	2.0000	9.0196	0.0000	0.0000	0.0000	0.0000	0.0000	0.0000	0.0000	0.0000	0.0000	0.0000	0.0000	0.0000	0.0000	0.0000	0.0000	0.0000	0.0000	0.0000	0.0000	0.0000	0.0000	0.0000	0.0000	0.0000	0.0000	0.0000	0.0000	0.0378	0.0228	0.0150	0.0037	0.0031	0.0006	0.0341	0.0197	0.0144	0.0000	0.0000	0.0000	0.0000	0.0000	0.0000	0.0000	0.0000	0.0000	0.0011	0.0000	0.0027	0.0000	0.0000	0.0000	0.0012	0.0000	0.0028						
7	93	0.1808	10	2	1	1	1	0	0	0	0	Y	N	N	N	N	N	N	N	N	N	N	N	0.0000	0.0000	0.0000	0.0000	0.0000	0.0000	0.0000	0.0000	0.0000	0.0000	0.0000	0.0000	0.0000	0.0000	0.0000	0.0000	0.0000	0.0000	0.0000	0.0000	0.0000	0.0000	2.0000	0.0000	0.0000	0.0000	0.0000	0.0000	0.0000	0.0000	0.0000	0.0000	0.0000	0.0000	0.0000	0.0000	0.0000	0.0000	0.0000	0.0000	0.0000	0.0000	0.0000	0.0000	0.0000	0.0000	0.0000	0.0000	0.0000	0.0000	0.0000	0.0000	0.0000	0.0000	0.0000	0.0000	0.0000	0.0000	0.0000	0.0000	0.0000	0.0000	0.0000	0.0000	0.0000	0.0000	0.0000	0.0000	0.0000	0.0000	0.0000	0.0000	0.0000	0.0000	0.0000	0.0000	0.0000	0.0000											
7	94	0.1808	9	2	1	1	1	0	0	0	0	Y	N	N	N	N	N	N	N	N	N	N	N	0.0000	0.0000	0.0000	0.0000	0.0000	0.0000	0.0000	0.0000	0.0000	0.0000	0.0000	0.0000	0.0000	0.0000	0.0000	0.0000	0.0000	0.0000	0.0000	0.0000	0.0000	0.0000	2.0000	0.0001	0.0000	0.0000	0.0000	0.0000	0.0000	0.0000	0.0000	0.0000	0.0000	0.0000	0.0000	0.0000	0.0000	0.0000	0.0000	0.0000	0.0000	0.0000	0.0000	0.0000	0.0000	0.0000	0.0000	0.0000	0.0000	0.0000	0.0000	0.0000	0.0000	0.0000	0.0000	0.0000	0.0000	0.0000	0.0000	0.0000	0.0000	0.0000	0.0000	0.0000	0.0000	0.0000	0.0000	0.0000	0.0000	0.0000	0.0000	0.0000	0.0000	0.0000	0.0000	0.0000	0.0000	0.0000											
7	95	0.1629	8	1	1	1	1	0	0	0	0	N	N	N	N	N	N	N	N	N	N	N	N	0.0000	0.0000	0.0000	0.0000	0.0000	0.0000	0.0000	0.0000	0.0000	0.0000	0.0000	0.0000	0.0000	0.0000	0.0000	0.0000	0.0000	0.0000	0.0000	0.0000	0.0000	0.9845	2.0000	0.9903	0.0000	0.0000	0.0000	0.0000	0.0000	0.0000	0.0000	0.0000	0.0000	0.0000	0.0000	0.0000	0.0000	0.0000	0.0000	0.0000	0.0000	0.0000	0.0000	0.0000	0.0000	0.0000	0.0000	0.0000	0.0000	0.0000	0.0000	0.0083	0.0053	0.0031	0.0014	0.0012	0.0002	0.0069	0.0040	0.0029	0.0000	0.0000	0.0000	0.0000	0.0000	0.0000	0.0000	0.0000	0.0000	0.0000	0.0000	0.0000	0.0000	0.0000	0.0000	0.0000	0.0000	0.0000											
7	96	0.1601	8	1	1	1	0	0	0	0	0	N	N	N	N	N	N	N	N	N	N	N	N	0.0000	0.0000	0.0000	0.0000	0.0000	0.0000	0.0000	0.0000	0.0000	0.0000	0.0000	0.0000	0.0000	0.0000	0.0000	0.0000	0.0000	0.0000	0.0000	0.0000	0.0000	1.0063	2.0000	3.7812	0.0000	0.0000	0.0000	0.0000	0.0000	0.0000	0.0000	0.0000	0.0000	0.0000	0.0000	0.0000	0.0000	0.0000	0.0000	0.0000	0.0000	0.0000	0.0000	0.0000	0.0000	0.0000	0.0000	0.0000	0.0000	0.0000	0.0000	0.0303	0.0201	0.0102	0.0095	0.0083	0.0012	0.0208	0.0118	0.0090	0.0000	0.0000	0.0000	0.0000	0.0000	0.0000	0.0000	0.0000	0.0000	0.0000	0.0000	0.0000	0.0000	0.0000	0.0000	0.0000	0.0000	0.0000											
7	97	0.1629	8	1	0	2	1	0	0	0	0	N	N	Y	N	N	N	N	N	N	N	N	N	0.0000	0.0000	0.0000	0.0000	0.0000	0.0000	0.0000	0.0000	0.0000	0.0000	0.0000	0.0000	0.0000	0.0000	0.0000	0.0000	0.0000	0.0000	0.0000	0.0000	0.0000	1.0165	2.0000	1.0129	0.0000	0.0000	0.0000	0.0000	0.0000	0.0000	0.0000	0.0000	0.0000	0.0000	0.0000	0.0000	0.0000	0.0000	0.0000	0.0000	0.0000	0.0000	0.0000	0.0000	0.0000	0.0000	0.0000	0.0000	0.0000	0.0000	0.0000	0.0086	0.0054	0.0032	0.0014	0.0012	0.0002	0.0071	0.0041	0.0030	0.0000	0.0000	0.0000	0.0000	0.0000	0.0000	0.0000	0.0000	0.0000	0.0000	0.0000	0.0000	0.0000	0.0000	0.0000	0.0000	0.0000	0.0000											
7	98	0.1500	7	1	0	1	1	0	0	0	0	N	N	N	N	N	N	N	N	N	N	N	N	0.0000	0.0000	0.0000	0.0000	0.0000	0.0000	0.0000	0.0000	0.0000	0.0000	0.0000	0.0000	0.0000	0.0000	0.0000	0.0000	0.0000	0.0000	0.0000	0.0000	0.0000	2.0241	2.0000	1.0265	0.0000	0.0000	0.0000	0.0000	0.0000	0.0000	0.0000	0.0000	0.0000	0.0000	0.0000	0.0000	0.0000	0.0000	0.0000	0.0000	0.0000	0.0000	0.0000	0.0000	0.0000	0.0000	0.0000	0.0000	0.0000	0.0000	0.0000	0.0122	0.0075	0.0047	0.0018	0.0015	0.0003	0.0105	0.0061	0.0044	0.0000	0.0000	0.0000	0.0000	0.0000	0.0000	0.0000	0.0000	0.0000	0.0000	0.0000	0.0000	0.0000	0.0000	0.0000	0.0000	0.0000	0.0000											
7	99	0.1500	7	1	0	2	1	0	0	0	0	N	N	Y	N	N	N	N	N	N	N	N	N	0.0000	0.0000	0.0000	0.0000	0.0000	0.0000	0.0000	0.0000	0.0000	0.0000	0.0000	0.0000	0.0000	0.0000	0.0000	0.0000	0.0000	0.0000	0.0000	0.0000	0.0000	3.0066	2.0000	0.0000	0.0000	0.0000	0.0000	0.0000	0.0000	0.0000	0.0000	0.0000	0.0000	0.0000	0.0000	0.0000	0.0000	0.0000	0.0000	0.0000	0.0000	0.0000	0.0000	0.0000	0.0000	0.0000	0.0000	0.0000	0.0000	0.0000	0.0000	0.0120	0.0074	0.0046	0.0017	0.0014	0.0003	0.0103	0.0060	0.0043	0.0000	0.0000	0.0000	0.0000	0.0000	0.0000	0.0000	0.0000	0.0000	0.0000	0.0000	0.0000	0.0000	0.0000	0.0000	0.0000	0.0000	0.0000											
7	100	0.1757	7	1	0	2	1	0	0	0	0	N	N	Y	N	N	N	N	N	N	N	N	N	0.0000	0.0000	0.0000	0.0000	0.0000	0.0000	0.0000	0.0000	0.0000	0.0000	0.0000	0.0000	0.0000	0.0000	0.0000	0.0000	0.0000	0.0000	0.0000	0.0000	0.0000	0.0000	2.0000	2.0000	0.0000	0.0000	0.0000	0.0000	0.0000	0.0000	0.0000	0.0000	0.0000	0.0000	0.0000	0.0000	0.0000	0.0000	0.0000	0.0000	0.0000	0.0000	0.0000	0.0000	0.0000	0.0000	0.0000	0.0000	0.0000	0.0000	0.0000	0.0078	0.0047	0.0030	0.0012	0.0010	0.0002	0.0066	0.0038	0.0028	0.0000	0.0000	0.0000	0.0000	0.0000	0.0000	0.0000	0.0000	0.0000	0.0000	0.0000	0.0000	0.0000	0.0000	0.0000	0.0000	0.0000	0.0000											
7	101	0.1367	6	1	0	2	1	0	0	0	0	N	N	Y	N	N	N	N	N	N	N	N	N	0.0000	0.0000	0.0000	0.0000	0.0000	0.0000	0.0000	0.0000	0.0000	0.0000	0.0000	0.0000	0.0000	0.0003	0.0000	0.0007	0.0017	0.0000	0.0117	0.0000	0.0000	0.0000	inf	0.0000	0.0000	0.0000	5.8899	2.0000	3.1847	0.0000	0.0000	0.0000	0.0000	0.0000	0.0000	0.0000	0.0000	0.0000	0.0000	0.0000	0.0000	0.0000	0.0000	0.0000	0.0000	0.0000	0.0000	0.0000	0.0000	0.0000	0.0000	0.0000	0.0000	0.0000	0.0000	0.0000	0.0371	0.0229	0.0142	0.0059	0.0050	0.0009	0.0312	0.0179	0.0133	0.0000	0.0000	0.0000	0.0000	0.0000	0.0000	0.0000	0.0000	0.0000	0.0003	0.0000	0.0007	0.0017	0.0000	0.0117	0.0000	0.0000	0.0000						
7	102	0.1834	6	2	1	1	0	0	0	0	0	Y	N	N	N	N	N	N	N	N	N	N	N	0.0000	0.0000	0.0000	0.0000	0.0000	0.0000	0.0000	0.0000	0.0000	0.0000	0.0000	0.0000	0.0000	0.0000	0.0000	0.0000	0.0000	0.0000	0.0000	0.0000	0.0000	0.0000	2.0000	0.0000	0.0000	0.0000	0.0000	0.0000	0.0000	0.0000	0.0000	0.0000	0.0000	0.0000	0.0000	0.0000	0.0000	0.0000	0.0000	0.0000	0.0000	0.0000	0.0000	0.0000	0.0000	0.0000	0.0000	0.0000	0.0000	0.0000	0.0000	0.0000	0.0000	0.0000	0.0000	0.0000	0.0000	0.0000	0.0000	0.0000	0.0000	0.0000	0.0000	0.0000	0.0000	0.0000	0.0000	0.0000	0.0000	0.0000	0.0000	0.0000	0.0000	0.0000	0.0000	0.0000	0.0000	0.0000											
7	103	0.0841	5	2	1	1	0	0	0	0	0	Y	N	N	N	N	N	N	N	N	N	N	N	0.0000	0.0000	0.0000	0.0000	0.0000	0.0000	0.0000	0.0000	0.0000	0.0000	0.0000	0.0000	0.0000	0.0000	0.0000	0.0000	0.0000	0.0000	0.0000	0.0000	0.0000	8.0012	2.0000	14.0016	0.0000	0.0000	0.0000	0.0000	0.0000	0.0000	0.0000	0.0000	0.0000	0.0000	0.0000	0.0000	0.0000	0.0000	0.0000	0.0000	0.0000	0.0000	0.0000	0.0000	0.0000	0.0000	0.0000	0.0000	0.0000	0.0000	0.0000	0.0759	0.0459	0.0300	0.0075	0.0063	0.0012	0.0684	0.0396	0.0288	0.0000	0.0000	0.0000	0.0000	0.0000	0.0000	0.0000	0.0000	0.0000	0.0000	0.0000	0.0000	0.0000	0.0000	0.0000	0.0000	0.0000	0.0000											
7	104	0.1471	6	1	1	1	0	0	0	0	0	N	N	N	N	N	N	N	N	N	N	N	N	0.0000	0.0000	0.0000	0.0000	0.0000	0.0000	0.0000	0.0000	0.0000	0.0000	0.0000	0.0000	0.0000	0.0000	0.0000	0.0000	0.0000	0.0000	0.0000	0.0000	0.0000	2.0010	2.0000	1.0153	0.0000	0.0000	0.0000	0.0000	0.0000	0.0000	0.0000	0.0000	0.0000	0.0000	0.0000	0.0000	0.0000	0.0000	0.0000	0.0000	0.0000	0.0000	0.0000	0.0000	0.0000	0.0000	0.0000	0.0000	0.0000	0.0000	0.0000	0.0128	0.0080	0.0048	0.0027	0.0021	0.0006	0.0101	0.0059	0.0042	0.0000	0.0000	0.0000	0.0000	0.0000	0.0000	0.0000	0.0000	0.0000	0.0000	0.0000	0.0000	0.0000	0.0000	0.0000	0.0000	0.0000	0.0000											
7	105	0.0841	5	1	1	1	0	0	0	0	0	N	N	N	N	N	N	N	N	N	N	N	N	0.0000	0.0000	0.0000	0.0000	0.0000	0.0000	0.0000	0.0000	0.0000	0.0000	0.0000	0.0000	0.0000	0.0000	0.0000	0.0000	0.0000	0.0000	0.0000	0.0000	0.0000	3.0162	2.0000	11.0438	0.0000	0.0000	0.0000	0.0000	0.0000	0.0000	0.0000	0.0000	0.0000	0.0000	0.0000	0.0000	0.0000	0.0000	0.0000	0.0000	0.0000	0.0000	0.0000	0.0000	0.0000	0.0000	0.0000	0.0000	0.0000	0.0000	0.0000	0.0514	0.0310	0.0203	0.0050	0.0042	0.0008	0.0464	0.0269	0.0195	0.0000	0.0000	0.0000	0.0000	0.0000	0.0000	0.0000	0.0000	0.0000	0.0000	0.0000	0.0000	0.0000	0.0000	0.0000	0.0000	0.0000	0.0000											
7	106	0.1850	10	2	1	1	0	0	0	0	0	Y	N	N	N	N	N	N	N	N	N	N	N	0.0000	0.0000	0.0000	0.0000	0.0000	0.0000	0.0000	0.0000	0.0000	0.0000	0.0000	0.0000	0.0000	0.0000	0.0000	0.0000	0.0000	0.0000	0.0000	0.0000	0.0000	1.0000	2.0000	1.0000	0.0000	0.0000	0.0000	0.0000	0.0000	0.0000	0.0000	0.0000	0.0000	0.0000	0.0000	0.0000	0.0000	0.0000	0.0000	0.0000	0.0000	0.0000	0.0000	0.0000	0.0000	0.0000	0.0000	0.0000	0.0000	0.0000	0.0000	0.0083	0.0055	0.0029	0.0029	0.0024	0.0005	0.0054	0.0031	0.0023	0.0000	0.0000	0.0000	0.0000	0.0000	0.0000	0.0000	0.0000	0.0000	0.0000	0.0000	0.0000	0.0000	0.0000	0.0000	0.0000	0.0000	0.0000											
7	107	0.1808	9	2	1	1	0	0	0	0	0	Y	N	N	N	N	N	N	N	N	N	N	N	0.0000	0.0000	0.0000	0.0000	0.0000	0.0000	0.0000	0.0000	0.0000	0.0000	0.0000	0.0000	0.0000	0.0000	0.0000	0.0000	0.0000	0.0000	0.0000	0.0000	0.0000	0.0000	2.0000	0.9999	0.0000	0.0000	0.0000	0.0000	0.0000	0.0000	0.0000	0.0000	0.0000	0.0000	0.0000	0.0000	0.0000	0.0000	0.0000	0.0000	0.0000	0.0000	0.0000	0.0000	0.0000	0.0000	0.0000	0.0000	0.0000	0.0000	0.0000	0.0042	0.0027	0.0015	0.0012	0.0009	0.0002	0.0030	0.0017	0.0013	0.0000	0.0000	0.0000	0.0000	0.0000	0.0000	0.0000	0.0000	0.0000	0.0000	0.0000	0.0000	0.0000	0.0000	0.0000	0.0000	0.0000	0.0000											
7	108	0.1601	8	2	1	1	0	0	0	0	0	Y	N	N	N	N	N	N	N	N	N	N	N	0.0000	0.0000	0.0000	0.0000	0.0000	0.0000	0.0000	0.0000	0.0000	0.0000	0.0000	0.0000	0.0000	0.0000	0.0000	0.0000	0.0000	0.0000	0.0000	0.0000	0.0000	0.0100	2.0000	4.8896	0.0000	0.0000	0.0000	0.0000	0.0000	0.0000	0.0000	0.0000	0.0000	0.0000	0.0000	0.0000	0.0000	0.0000	0.0000	0.0000	0.0000	0.0000	0.0000	0.0000	0.0000	0.0000	0.0000	0.0000	0.0000	0.0000	0.0000	0.0307	0.0203	0.0104	0.0095	0.0084	0.0012	0.0212	0.0120	0.0092	0.0000	0.0000	0.0000	0.0000	0.0000	0.0000	0.0000	0.0000	0.0000	0.0000	0.0000	0.0000	0.0000	0.0000	0.0000	0.0000	0.0000	0.0000											
7	109	0.1500	7	1	1	1	0	0	0	0	0	N	N	N	N	N	N	N	N	N	N	N	N	0.0000	0.0000	0.0000	0.0000	0.0000	0.0000	0.0000	0.0000	0.0000	0.0000	0.0000	0.0000	0.0000	0.0000	0.0000	0.0000	0.0000	0.0000	0.0000	0.0000	0.0000	1.0007	2.0000	1.4004	0.0000	0.0000	0.0000	0.0000	0.0000	0.0000	0.0000	0.0000	0.0000	0.0000	0.0000	0.0000	0.0000	0.0000	0.0000	0.0000	0.0000	0.0000	0.0000	0.0000	0.0000	0.0000	0.0000	0.0000	0.0000	0.0000	0.0000	0.0097	0.0060	0.0037	0.0014	0.0011	0.0002	0.0083	0.0048	0.0035	0.0000	0.0000	0.0000	0.0000	0.0000	0.0000	0.0000	0.0000	0.0000	0.0000	0.0000	0.0000	0.0000	0.0000	0.0000	0.0000	0.0000	0.0000											
7	110	0.1367	6	1	0	1	0	0	0	0	0	N	N	N	N	N	N	N	N	N	N	N	N	0.0000	0.0000	0.0000	0.0000	0.0000	0.0000	0.0000	0.0000	0.0000	0.0000	0.0000	0.0000	0.0000	0.0007	0.0000	0.0017	0.0033	0.0000	0.0298	0.0000	0.0000	0.0000	inf	0.0000	0.0000	0.0000	0.3039	2.0000	2.8719	0.0000	0.0000	0.0000	0.0000	0.0000	0.0000	0.0000	0.0000	0.0000	0.0000	0.0000	0.0000	0.0000	0.0000	0.0000	0.0000	0.0000	0.0000	0.0000	0.0000	0.0000	0.0000	0.0000	0.0000	0.0000	0.0000	0.0000	0.0153	0.0095	0.0057	0.0030	0.0027	0.0003	0.0122	0.0068	0.0054	0.0000	0.0000	0.0000	0.0000	0.0000	0.0000	0.0000	0.0000	0.0000	0.0007	0.0000	0.0017	0.0033	0.0000	0.0298	0.0000	0.0000	0.0000						
7	111	0.0841	5	1	0	1	0	0	0	0	0	N	N	N	N	N	N	N	N	N	N	N	N	0.0000	0.0000	0.0000	0.0000	0.0000	0.0000	0.0000	0.0000	0.0000	0.0000	0.0000	0.0000	0.0000	0.0002	0.0004	0.0000	0.0023	0.0028	0.0000	0.0000	0.0000	0.0000	0.0000	0.0000	-0.0000	0.0000	3.8240	2.0000	8.1760	0.0000	0.0000	0.0000	0.0000	0.0000	0.0000	0.0000	0.0000	0.0000	0.0000	0.0000	0.0000	0.0000	0.0000	0.0000	0.0000	0.0000	0.0000	0.0000	0.0000	0.0000	0.0000	0.0000	0.0000	0.0000	0.0000	0.0000	0.0445	0.0269	0.0176	0.0043	0.0036	0.0007	0.0402	0.0233	0.0169	0.0000	0.0000	0.0000	0.0000	0.0000	0.0000	0.0000	0.0000	0.0000	0.0002	0.0004	0.0000	0.0023	0.0028	0.0000	0.0000	0.0000	0.0000						
7	115	0.2768	8	1	0	1	0	0	0	0	0	N	N	N	N	N	N	N	N	N	N	N	N	0.0000	0.0000	0.0000	0.0000	0.0000	0.0000	0.0000	0.0000	0.0000	0.0000	0.0000	0.0000	0.0000	0.0000	0.0000	0.0000	0.0000	0.0000	2.3645	3.8163	0.0126	7.0443	9.1033	0.0446	3.2921	5.5258	0.0013	0.0017	0.0000	-0.1629	0.0000	8.9918	2.0000	13.3277	0.0000	0.0000	0.0000	0.0000	0.0000	0.0000	0.0000	0.0000	0.0000	0.3027	0.3022	0.0005	0.0539	0.0534	0.0005	0.2488	0.2488	0.0000	0.0000	0.0000	0.0000	0.0000	0.0000	0.0000	0.0000	0.0000	0.0000	0.1493	0.1080	0.0413	0.0737	0.0629	0.0108	0.0756	0.0450	0.0306	0.0000	0.0000	0.0000	0.0000	0.0000	0.0000	0.0000	0.0000	0.0000	2.0277	2.7989	0.0126	0.7310	0.8483	0.0446	3.2921	5.5258	0.0013	
8	9	0.1725	9	2	1	1	1	0	0	0	0	Y	N	N	N	N	N	N	N	N	N	N	N	0.0000	0.0000	0.0000	0.0000	0.0000	0.0000	0.0000	0.0000	0.0000	0.0000	0.0000	0.0000	0.0000	0.0000	0.0000	0.0000	0.0000	0.0000	0.0000	0.0000	0.0000	1.9984	1.0000	4.0415	0.0000	0.0000	0.0000	0.0000	0.0000	0.0000	0.0000	0.0000	0.0000	0.0000	0.0000	0.0000	0.0000	0.0000	0.0000	0.0000	0.0000	0.0000	0.0000	0.0000	0.0000	0.0000	0.0000	0.0000	0.0000	0.0000	0.0000	0.0124	0.0079	0.0045	0.0035	0.0028	0.0006	0.0089	0.0051	0.0038	0.0000	0.0000	0.0000	0.0000	0.0000	0.0000	0.0000	0.0000	0.0000	0.0000	0.0000	0.0000	0.0000	0.0000	0.0000	0.0000	0.0000	0.0000											
8	10	0.1672	11	1	1	1	1	0	0	0	0	N	N	N	N	N	N	N	N	N	N	N	N	0.0000	0.0000	0.0000	0.0000	0.0000	0.0000	0.0000	0.0000	0.0000	0.0000	0.0000	0.0000	0.0000	0.0000	0.0000	0.0000	0.0000	0.0000	0.0000	0.0000	0.0000	0.0000	1.0000	2.0012	0.0000	0.0000	0.0000	0.0000	0.0000	0.0000	0.0000	0.0000	0.0000	0.0000	0.0000	0.0000	0.0000	0.0000	0.0000	0.0000	0.0000	0.0000	0.0000	0.0000	0.0000	0.0000	0.0000	0.0000	0.0000	0.0000	0.0000	0.0044	0.0028	0.0016	0.0012	0.0010	0.0002	0.0032	0.0019	0.0014	0.0000	0.0000	0.0000	0.0000	0.0000	0.0000	0.0000	0.0000	0.0000	0.0000	0.0000	0.0000	0.0000	0.0000	0.0000	0.0000	0.0000	0.0000											
8	11	0.1616	9	1	1	1	1	0	0	0	0	N	N	N	N	N	N	N	N	N	N	N	N	0.0000	0.0000	0.0000	0.0000	0.0000	0.0000	0.0000	0.0000	0.0000	0.0000	0.0000	0.0000	0.0000	0.0000	0.0000	0.0000	0.0000	0.0000	0.0000	0.0000	0.0000	5.0149	1.0000	7.0912	0.0000	0.0000	0.0000	0.0000	0.0000	0.0000	0.0000	0.0000	0.0000	0.0000	0.0000	0.0000	0.0000	0.0000	0.0000	0.0000	0.0000	0.0000	0.0000	0.0000	0.0000	0.0000	0.0000	0.0000	0.0000	0.0000	0.0000	0.0257	0.0158	0.0099	0.0078	0.0061	0.0016	0.0179	0.0097	0.0082	0.0000	0.0000	0.0000	0.0000	0.0000	0.0000	0.0000	0.0000	0.0000	0.0000	0.0000	0.0000	0.0000	0.0000	0.0000	0.0000	0.0000	0.0000											
8	12	0.1427	7	2	2	0	1	0	0	0	0	Y	Y	N	N	N	N	N	N	N	N	N	N	0.0000	0.0000	0.0000	0.0000	0.0000	0.0000	0.0000	0.0000	0.0000	0.0000	0.0000	0.0000	0.0000	0.0000	0.0000	0.0000	0.0000	0.0000	0.0000	0.0000	0.0000	3.0000	1.0000	5.0000	0.0000	0.0000	0.0000	0.0000	0.0000	0.0000	0.0000	0.0000	0.0000	0.0000	0.0000	0.0000	0.0000	0.0000	0.0000	0.0000	0.0000	0.0000	0.0000	0.0000	0.0000	0.0000	0.0000	0.0000	0.0000	0.0000	0.0000	0.0160	0.0099	0.0060	0.0039	0.0031	0.0008	0.0121	0.0068	0.0052	0.0000	0.0000	0.0000	0.0000	0.0000	0.0000	0.0000	0.0000	0.0000	0.0000	0.0000	0.0000	0.0000	0.0000	0.0000	0.0000	0.0000	0.0000											
8	13	0.0874	6	1	1	1	2	0	0	0	0	N	N	N	Y	N	N	N	N	N	N	N	N	0.0000	0.0000	0.0000	0.0000	0.0000	0.0000	0.0000	0.0000	0.0000	0.0000	0.0000	0.0000	0.0000	0.0000	0.0000	0.0000	0.0000	0.0000	0.0000	0.0000	0.0000	0.0000	1.0000	0.0000	0.0000	0.0000	0.0000	0.0000	0.0000	0.0000	0.0000	0.0000	0.0000	0.0000	0.0000	0.0000	0.0000	0.0000	0.0000	0.0000	0.0000	0.0000	0.0000	0.0000	0.0000	0.0000	0.0000	0.0000	0.0000	0.0000	0.0000	0.0000	0.0000	0.0000	0.0000	0.0000	0.0000	0.0000	0.0000	0.0000	0.0000	0.0000	0.0000	0.0000	0.0000	0.0000	0.0000	0.0000	0.0000	0.0000	0.0000	0.0000	0.0000	0.0000	0.0000	0.0000	0.0000	0.0000											
8	14	0.1427	7	1	2	0	1	0	0	0	0	N	Y	N	N	N	N	N	N	N	N	N	N	0.0000	0.0000	0.0000	0.0000	0.0000	0.0000	0.0000	0.0000	0.0000	0.0000	0.0000	0.0000	0.0000	0.0000	0.0000	0.0000	0.0000	0.0000	0.0000	0.0000	0.0000	2.0000	1.0000	8.0000	0.0000	0.0000	0.0000	0.0000	0.0000	0.0000	0.0000	0.0000	0.0000	0.0000	0.0000	0.0000	0.0000	0.0000	0.0000	0.0000	0.0000	0.0000	0.0000	0.0000	0.0000	0.0000	0.0000	0.0000	0.0000	0.0000	0.0000	0.0197	0.0122	0.0074	0.0048	0.0038	0.0010	0.0149	0.0084	0.0065	0.0000	0.0000	0.0000	0.0000	0.0000	0.0000	0.0000	0.0000	0.0000	0.0000	0.0000	0.0000	0.0000	0.0000	0.0000	0.0000	0.0000	0.0000											
8	15	0.0350	4	1	1	0	2	0	0	0	0	N	N	N	Y	N	N	N	N	N	N	N	N	0.0000	0.0000	0.0000	0.0000	0.0000	0.0000	0.0000	0.0000	0.0000	0.0000	0.0000	0.0000	0.0000	0.0000	0.0000	0.0000	0.0000	0.0000	0.0000	0.0000	0.0000	2.0066	1.0000	2.0000	0.0000	0.0000	0.0000	0.0000	0.0000	0.0000	0.0000	0.0000	0.0000	0.0000	0.0000	0.0000	0.0000	0.0000	0.0000	0.0000	0.0000	0.0000	0.0000	0.0000	0.0000	0.0000	0.0000	0.0000	0.0000	0.0000	0.0000	0.0094	0.0056	0.0038	0.0012	0.0009	0.0002	0.0082	0.0046	0.0036	0.0000	0.0000	0.0000	0.0000	0.0000	0.0000	0.0000	0.0000	0.0000	0.0000	0.0000	0.0000	0.0000	0.0000	0.0000	0.0000	0.0000	0.0000											
8	16	0.1573	8	1	2	0	2	0	0	0	0	N	Y	N	Y	N	N	N	N	N	N	N	N	0.0000	0.0000	0.0000	0.0000	0.0000	0.0000	0.0000	0.0000	0.0000	0.0000	0.0000	0.0000	0.0000	0.0000	0.0000	0.0000	0.0000	0.0000	0.0000	0.0000	0.0000	24.0000	1.0000	5.0000	0.0000	0.0000	0.0000	0.0000	0.0000	0.0000	0.0000	0.0000	0.0000	0.0000	0.0000	0.0000	0.0000	0.0000	0.0000	0.0000	0.0000	0.0000	0.0000	0.0000	0.0000	0.0000	0.0000	0.0000	0.0000	0.0000	0.0000	0.0519	0.0313	0.0206	0.0136	0.0106	0.0029	0.0383	0.0207	0.0176	0.0000	0.0000	0.0000	0.0000	0.0000	0.0000	0.0000	0.0000	0.0000	0.0000	0.0000	0.0000	0.0000	0.0000	0.0000	0.0000	0.0000	0.0000											
8	17	0.1616	9	1	2	0	1	0	0	0	0	N	Y	N	N	N	N	N	N	N	N	N	N	0.0000	0.0000	0.0000	0.0000	0.0000	0.0000	0.0000	0.0000	0.0000	0.0000	0.0000	0.0000	0.0000	0.0000	0.0000	0.0000	0.0000	0.0000	0.0000	0.0000	0.0000	0.9987	1.0000	5.5397	0.0000	0.0000	0.0000	0.0000	0.0000	0.0000	0.0000	0.0000	0.0000	0.0000	0.0000	0.0000	0.0000	0.0000	0.0000	0.0000	0.0000	0.0000	0.0000	0.0000	0.0000	0.0000	0.0000	0.0000	0.0000	0.0000	0.0000	0.0176	0.0120	0.0056	0.0060	0.0052	0.0008	0.0116	0.0068	0.0048	0.0000	0.0000	0.0000	0.0000	0.0000	0.0000	0.0000	0.0000	0.0000	0.0000	0.0000	0.0000	0.0000	0.0000	0.0000	0.0000	0.0000	0.0000											
8	18	0.0350	4	1	2	0	2	0	0	0	0	N	Y	N	Y	N	N	N	N	N	N	N	N	0.0000	0.0000	0.0000	0.0000	0.0000	0.0000	0.0000	0.0000	0.0000	0.0000	0.0000	0.0000	0.0000	0.0000	0.0000	0.0000	0.0000	0.0000	0.0000	0.0000	0.0000	0.9934	1.0000	0.0000	0.0000	0.0000	0.0000	0.0000	0.0000	0.0000	0.0000	0.0000	0.0000	0.0000	0.0000	0.0000	0.0000	0.0000	0.0000	0.0000	0.0000	0.0000	0.0000	0.0000	0.0000	0.0000	0.0000	0.0000	0.0000	0.0000	0.0000	0.0024	0.0014	0.0010	0.0003	0.0002	0.0001	0.0021	0.0012	0.0009	0.0000	0.0000	0.0000	0.0000	0.0000	0.0000	0.0000	0.0000	0.0000	0.0000	0.0000	0.0000	0.0000	0.0000	0.0000	0.0000	0.0000	0.0000											
8	19	0.1009	6	2	2	0	1	0	0	0	0	Y	Y	N	N	N	N	N	N	N	N	N	N	0.0000	0.0000	0.0000	0.0000	0.0000	0.0000	0.0000	0.0000	0.0000	0.0000	0.0000	0.0000	0.0000	0.0000	0.0000	0.0000	0.0000	0.0000	0.0000	0.0000	0.0000	1.0015	1.0000	7.0016	0.0000	0.0000	0.0000	0.0000	0.0000	0.0000	0.0000	0.0000	0.0000	0.0000	0.0000	0.0000	0.0000	0.0000	0.0000	0.0000	0.0000	0.0000	0.0000	0.0000	0.0000	0.0000	0.0000	0.0000	0.0000	0.0000	0.0000	0.0172	0.0102	0.0070	0.0035	0.0028	0.0007	0.0137	0.0074	0.0063	0.0000	0.0000	0.0000	0.0000	0.0000	0.0000	0.0000	0.0000	0.0000	0.0000	0.0000	0.0000	0.0000	0.0000	0.0000	0.0000	0.0000	0.0000											
8	20	0.1638	7	1	2	0	1	0	0	0	0	N	Y	N	N	N	N	N	N	N	N	N	N	0.0000	0.0000	0.0000	0.0000	0.0000	0.0000	0.0000	0.0000	0.0000	0.0000	0.0000	0.0000	0.0000	0.0000	0.0000	0.0000	0.0000	0.0000	0.0000	0.0000	0.0000	1.0004	1.0000	2.0077	0.0000	0.0000	0.0000	0.0000	0.0000	0.0000	0.0000	0.0000	0.0000	0.0000	0.0000	0.0000	0.0000	0.0000	0.0000	0.0000	0.0000	0.0000	0.0000	0.0000	0.0000	0.0000	0.0000	0.0000	0.0000	0.0000	0.0000	0.0070	0.0044	0.0027	0.0019	0.0016	0.0003	0.0051	0.0027	0.0023	0.0000	0.0000	0.0000	0.0000	0.0000	0.0000	0.0000	0.0000	0.0000	0.0000	0.0000	0.0000	0.0000	0.0000	0.0000	0.0000	0.0000	0.0000											
8	21	0.1881	9	1	1	0	2	0	0	0	0	N	N	N	Y	N	N	N	N	N	N	N	N	0.0000	0.0000	0.0000	0.0000	0.0000	0.0000	0.0000	0.0000	0.0000	0.0000	0.0000	0.0000	0.0000	0.0000	0.0000	0.0000	0.0000	0.0000	0.0000	0.0000	0.0000	2.0000	1.0000	1.0003	0.0000	0.0000	0.0000	0.0000	0.0000	0.0000	0.0000	0.0000	0.0000	0.0000	0.0000	0.0000	0.0000	0.0000	0.0000	0.0000	0.0000	0.0000	0.0000	0.0000	0.0000	0.0000	0.0000	0.0000	0.0000	0.0000	0.0000	0.0065	0.0039	0.0026	0.0018	0.0014	0.0004	0.0047	0.0025	0.0022	0.0000	0.0000	0.0000	0.0000	0.0000	0.0000	0.0000	0.0000	0.0000	0.0000	0.0000	0.0000	0.0000	0.0000	0.0000	0.0000	0.0000	0.0000											
8	22	0.1752	9	2	1	1	1	0	0	0	0	Y	N	N	N	N	N	N	N	N	N	N	N	0.0000	0.0000	0.0000	0.0000	0.0000	0.0000	0.0000	0.0000	0.0000	0.0000	0.0000	0.0000	0.0000	0.0000	0.0000	0.0000	0.0000	0.0000	0.0000	0.0000	0.0000	0.0000	1.0000	4.9921	0.0000	0.0000	0.0000	0.0000	0.0000	0.0000	0.0000	0.0000	0.0000	0.0000	0.0000	0.0000	0.0000	0.0000	0.0000	0.0000	0.0000	0.0000	0.0000	0.0000	0.0000	0.0000	0.0000	0.0000	0.0000	0.0000	0.0000	0.0108	0.0066	0.0042	0.0029	0.0023	0.0005	0.0079	0.0043	0.0036	0.0000	0.0000	0.0000	0.0000	0.0000	0.0000	0.0000	0.0000	0.0000	0.0000	0.0000	0.0000	0.0000	0.0000	0.0000	0.0000	0.0000	0.0000											
8	23	0.1590	9	1	2	0	1	0	0	0	0	N	Y	N	N	N	N	N	N	N	N	N	N	0.0000	0.0000	0.0000	0.0000	0.0000	0.0000	0.0000	0.0000	0.0000	0.0000	0.0000	0.0000	0.0000	0.0000	0.0000	0.0000	0.0000	0.0000	0.0000	0.0000	0.0000	1.9996	1.0000	0.0142	0.0000	0.0000	0.0000	0.0000	0.0000	0.0000	0.0000	0.0000	0.0000	0.0000	0.0000	0.0000	0.0000	0.0000	0.0000	0.0000	0.0000	0.0000	0.0000	0.0000	0.0000	0.0000	0.0000	0.0000	0.0000	0.0000	0.0000	0.0044	0.0028	0.0016	0.0012	0.0010	0.0002	0.0032	0.0018	0.0014	0.0000	0.0000	0.0000	0.0000	0.0000	0.0000	0.0000	0.0000	0.0000	0.0000	0.0000	0.0000	0.0000	0.0000	0.0000	0.0000	0.0000	0.0000											
8	24	0.1009	6	1	2	0	1	0	0	0	0	N	Y	N	N	N	N	N	N	N	N	N	N	0.0000	0.0000	0.0000	0.0000	0.0000	0.0000	0.0000	0.0000	0.0000	0.0000	0.0000	0.0000	0.0000	0.0000	0.0000	0.0000	0.0000	0.0000	0.0000	0.0000	0.0000	2.9988	1.0000	13.9984	0.0000	0.0000	0.0000	0.0000	0.0000	0.0000	0.0000	0.0000	0.0000	0.0000	0.0000	0.0000	0.0000	0.0000	0.0000	0.0000	0.0000	0.0000	0.0000	0.0000	0.0000	0.0000	0.0000	0.0000	0.0000	0.0000	0.0000	0.0340	0.0202	0.0138	0.0068	0.0054	0.0014	0.0271	0.0148	0.0124	0.0000	0.0000	0.0000	0.0000	0.0000	0.0000	0.0000	0.0000	0.0000	0.0000	0.0000	0.0000	0.0000	0.0000	0.0000	0.0000	0.0000	0.0000											
8	25	0.1427	7	2	2	0	1	0	0	0	0	Y	Y	N	N	N	N	N	N	N	N	N	N	0.0000	0.0000	0.0000	0.0000	0.0000	0.0000	0.0000	0.0000	0.0000	0.0000	0.0000	0.0000	0.0000	0.0000	0.0000	0.0000	0.0000	0.0000	0.0000	0.0000	0.0000	6.0000	1.0000	4.0000	0.0000	0.0000	0.0000	0.0000	0.0000	0.0000	0.0000	0.0000	0.0000	0.0000	0.0000	0.0000	0.0000	0.0000	0.0000	0.0000	0.0000	0.0000	0.0000	0.0000	0.0000	0.0000	0.0000	0.0000	0.0000	0.0000	0.0000	0.0197	0.0122	0.0074	0.0048	0.0038	0.0010	0.0149	0.0084	0.0065	0.0000	0.0000	0.0000	0.0000	0.0000	0.0000	0.0000	0.0000	0.0000	0.0000	0.0000	0.0000	0.0000	0.0000	0.0000	0.0000	0.0000	0.0000											
8	26	0.1631	10	1	2	0	1	0	0	0	0	N	Y	N	N	N	N	N	N	N	N	N	N	0.0000	0.0000	0.0000	0.0000	0.0000	0.0000	0.0000	0.0000	0.0000	0.0000	0.0000	0.0000	0.0000	0.0000	0.0000	0.0000	0.0000	0.0000	0.0000	0.0000	0.0000	0.0000	1.0000	2.0002	0.0000	0.0000	0.0000	0.0000	0.0000	0.0000	0.0000	0.0000	0.0000	0.0000	0.0000	0.0000	0.0000	0.0000	0.0000	0.0000	0.0000	0.0000	0.0000	0.0000	0.0000	0.0000	0.0000	0.0000	0.0000	0.0000	0.0000	0.0044	0.0028	0.0016	0.0012	0.0010	0.0002	0.0032	0.0018	0.0013	0.0000	0.0000	0.0000	0.0000	0.0000	0.0000	0.0000	0.0000	0.0000	0.0000	0.0000	0.0000	0.0000	0.0000	0.0000	0.0000	0.0000	0.0000											
8	27	0.1573	8	2	2	0	1	0	0	0	0	Y	Y	N	N	N	N	N	N	N	N	N	N	0.0000	0.0000	0.0000	0.0000	0.0000	0.0000	0.0000	0.0000	0.0000	0.0000	0.0000	0.0000	0.0000	0.0000	0.0000	0.0000	0.0000	0.0000	0.0000	0.0000	0.0000	1.0000	1.0000	3.9850	0.0000	0.0000	0.0000	0.0000	0.0000	0.0000	0.0000	0.0000	0.0000	0.0000	0.0000	0.0000	0.0000	0.0000	0.0000	0.0000	0.0000	0.0000	0.0000	0.0000	0.0000	0.0000	0.0000	0.0000	0.0000	0.0000	0.0000	0.0110	0.0066	0.0043	0.0030	0.0024	0.0006	0.0080	0.0043	0.0037	0.0000	0.0000	0.0000	0.0000	0.0000	0.0000	0.0000	0.0000	0.0000	0.0000	0.0000	0.0000	0.0000	0.0000	0.0000	0.0000	0.0000	0.0000											
8	28	0.1427	7	1	2	0	1	0	0	0	0	N	Y	N	N	N	N	N	N	N	N	N	N	0.0000	0.0000	0.0000	0.0000	0.0000	0.0000	0.0000	0.0000	0.0000	0.0000	0.0000	0.0000	0.0000	56.0046	0.0000	246.7714	0.0000	0.0000	0.0000	74.1617	0.0000	248.1238	inf	0.0000	0.4601	0.0000	5.0000	1.0000	4.0000	0.0000	0.0000	0.0000	0.0000	0.0000	0.0000	0.0000	0.0000	0.0000	1.0000	0.0000	1.0000	0.0000	0.0000	0.0000	1.0000	0.0000	1.0000	0.0000	0.0000	0.0000	0.0000	0.0000	0.0000	0.0000	0.0000	0.0000	0.0179	0.0111	0.0067	0.0044	0.0035	0.0009	0.0135	0.0076	0.0059	0.0000	0.0000	0.0000	0.0000	0.0000	0.0000	0.0000	0.0000	0.0000	56.0046	0.0000	148.1528	0.0000	0.0000	0.0000	74.1617	0.0000	170.5598						
8	29	0.1427	7	1	2	0	1	0	0	0	0	N	Y	N	N	N	N	N	N	N	N	N	N	0.0000	0.0000	0.0000	0.0000	0.0000	0.0000	0.0000	0.0000	0.0000	0.0000	0.0000	0.0000	0.0000	0.0000	0.0000	0.0000	0.0000	0.0000	0.0000	0.0000	0.0000	3.0000	1.0000	6.0000	0.0000	0.0000	0.0000	0.0000	0.0000	0.0000	0.0000	0.0000	0.0000	0.0000	0.0000	0.0000	0.0000	0.0000	0.0000	0.0000	0.0000	0.0000	0.0000	0.0000	0.0000	0.0000	0.0000	0.0000	0.0000	0.0000	0.0000	0.0179	0.0111	0.0067	0.0044	0.0035	0.0009	0.0135	0.0076	0.0059	0.0000	0.0000	0.0000	0.0000	0.0000	0.0000	0.0000	0.0000	0.0000	0.0000	0.0000	0.0000	0.0000	0.0000	0.0000	0.0000	0.0000	0.0000											
8	30	0.1916	10	1	2	1	2	0	0	0	0	N	Y	N	Y	N	N	N	N	N	N	N	N	0.0000	0.0000	0.0000	0.0000	0.0000	0.0000	0.0000	0.0000	0.0000	0.0000	0.0000	0.0000	0.0000	0.0000	0.0000	0.0000	0.0000	0.0000	0.0000	0.0000	0.0000	0.0000	1.0000	3.0000	0.0000	0.0000	0.0000	0.0000	0.0000	0.0000	0.0000	0.0000	0.0000	0.0000	0.0000	0.0000	0.0000	0.0000	0.0000	0.0000	0.0000	0.0000	0.0000	0.0000	0.0000	0.0000	0.0000	0.0000	0.0000	0.0000	0.0000	0.0065	0.0038	0.0027	0.0018	0.0014	0.0004	0.0047	0.0024	0.0023	0.0000	0.0000	0.0000	0.0000	0.0000	0.0000	0.0000	0.0000	0.0000	0.0000	0.0000	0.0000	0.0000	0.0000	0.0000	0.0000	0.0000	0.0000											
8	31	0.1747	9	1	1	0	2	0	0	0	0	N	N	N	Y	N	N	N	N	N	N	N	N	0.0000	0.0000	0.0000	0.0000	0.0000	0.0000	0.0000	0.0000	0.0000	0.0000	0.0000	0.0000	0.0000	0.0000	0.0000	0.0000	0.0000	0.0000	0.0000	0.0000	0.0000	0.9783	1.0000	3.0423	0.0000	0.0000	0.0000	0.0000	0.0000	0.0000	0.0000	0.0000	0.0000	0.0000	0.0000	0.0000	0.0000	0.0000	0.0000	0.0000	0.0000	0.0000	0.0000	0.0000	0.0000	0.0000	0.0000	0.0000	0.0000	0.0000	0.0000	0.0105	0.0066	0.0039	0.0033	0.0027	0.0006	0.0072	0.0039	0.0033	0.0000	0.0000	0.0000	0.0000	0.0000	0.0000	0.0000	0.0000	0.0000	0.0000	0.0000	0.0000	0.0000	0.0000	0.0000	0.0000	0.0000	0.0000											
8	32	0.1009	6	1	2	0	1	0	0	0	0	N	Y	N	N	N	N	N	N	N	N	N	N	0.0000	0.0000	0.0000	0.0000	0.0000	0.0000	0.0000	0.0000	0.0000	0.0000	0.0000	0.0000	0.0000	0.0000	0.0000	0.0000	0.0000	0.0000	0.0000	0.0000	0.0000	6.9988	1.0000	9.0016	0.0000	0.0000	0.0000	0.0000	0.0000	0.0000	0.0000	0.0000	0.0000	0.0000	0.0000	0.0000	0.0000	0.0000	0.0000	0.0000	0.0000	0.0000	0.0000	0.0000	0.0000	0.0000	0.0000	0.0000	0.0000	0.0000	0.0000	0.0322	0.0192	0.0131	0.0065	0.0052	0.0013	0.0257	0.0140	0.0117	0.0000	0.0000	0.0000	0.0000	0.0000	0.0000	0.0000	0.0000	0.0000	0.0000	0.0000	0.0000	0.0000	0.0000	0.0000	0.0000	0.0000	0.0000											
8	33	0.0083	3	2	2	0	1	0	0	0	0	Y	Y	N	N	N	N	N	N	N	N	N	N	0.0000	0.0000	0.0000	0.0000	0.0000	0.0000	0.0000	0.0000	0.0000	0.0000	0.0000	0.0000	0.0000	0.0000	0.0000	0.0000	0.0000	0.0000	0.0000	0.0000	0.0000	0.0000	1.0000	0.0000	0.0000	0.0000	0.0000	0.0000	0.0000	0.0000	0.0000	0.0000	0.0000	0.0000	0.0000	0.0000	0.0000	0.0000	0.0000	0.0000	0.0000	0.0000	0.0000	0.0000	0.0000	0.0000	0.0000	0.0000	0.0000	0.0000	0.0000	0.0000	0.0000	0.0000	0.0000	0.0000	0.0000	0.0000	0.0000	0.0000	0.0000	0.0000	0.0000	0.0000	0.0000	0.0000	0.0000	0.0000	0.0000	0.0000	0.0000	0.0000	0.0000	0.0000	0.0000	0.0000	0.0000	0.0000											
8	34	0.1573	8	1	2	0	2	0	0	0	0	N	Y	N	Y	N	N	N	N	N	N	N	N	0.0000	0.0000	0.0000	0.0000	0.0000	0.0000	0.0000	0.0000	0.0000	0.0000	0.0000	0.0000	0.0000	0.0000	0.0000	0.0000	0.0000	0.0000	0.0000	0.0000	0.0000	5.0000	1.0000	6.9850	0.0000	0.0000	0.0000	0.0000	0.0000	0.0000	0.0000	0.0000	0.0000	0.0000	0.0000	0.0000	0.0000	0.0000	0.0000	0.0000	0.0000	0.0000	0.0000	0.0000	0.0000	0.0000	0.0000	0.0000	0.0000	0.0000	0.0000	0.0246	0.0148	0.0098	0.0065	0.0052	0.0014	0.0181	0.0097	0.0084	0.0000	0.0000	0.0000	0.0000	0.0000	0.0000	0.0000	0.0000	0.0000	0.0000	0.0000	0.0000	0.0000	0.0000	0.0000	0.0000	0.0000	0.0000											
8	35	0.1009	6	2	2	0	1	0	0	0	0	Y	Y	N	N	N	N	N	N	N	N	N	N	0.0000	0.0000	0.0000	0.0000	0.0000	0.0000	0.0000	0.0000	0.0000	0.0000	0.0000	0.0000	0.0000	0.0000	0.0000	0.0000	0.0000	0.0000	0.0000	0.0000	0.0000	1.9985	1.0000	17.9985	0.0000	0.0000	0.0000	0.0000	0.0000	0.0000	0.0000	0.0000	0.0000	0.0000	0.0000	0.0000	0.0000	0.0000	0.0000	0.0000	0.0000	0.0000	0.0000	0.0000	0.0000	0.0000	0.0000	0.0000	0.0000	0.0000	0.0000	0.0390	0.0232	0.0158	0.0078	0.0062	0.0016	0.0312	0.0170	0.0142	0.0000	0.0000	0.0000	0.0000	0.0000	0.0000	0.0000	0.0000	0.0000	0.0000	0.0000	0.0000	0.0000	0.0000	0.0000	0.0000	0.0000	0.0000											
8	36	0.2241	9	1	1	1	1	0	0	0	0	N	N	N	N	N	N	N	N	N	N	N	N	0.0000	0.0000	0.0000	0.0000	0.0000	0.0000	0.0000	0.0000	0.0000	0.0000	0.0000	0.0000	0.0000	0.0000	0.0000	0.0000	0.0000	0.0000	0.0000	0.0000	0.0000	0.0001	1.0000	0.9943	0.0000	0.0000	0.0000	0.0000	0.0000	0.0000	0.0000	0.0000	0.0000	0.0000	0.0000	0.0000	0.0000	0.0000	0.0000	0.0000	0.0000	0.0000	0.0000	0.0000	0.0000	0.0000	0.0000	0.0000	0.0000	0.0000	0.0000	0.0029	0.0018	0.0011	0.0014	0.0010	0.0004	0.0014	0.0008	0.0007	0.0000	0.0000	0.0000	0.0000	0.0000	0.0000	0.0000	0.0000	0.0000	0.0000	0.0000	0.0000	0.0000	0.0000	0.0000	0.0000	0.0000	0.0000											
8	37	0.2003	9	1	2	0	1	0	0	0	0	N	Y	N	N	N	N	N	N	N	N	N	N	0.0000	0.0000	0.0000	0.0000	0.0000	0.0000	0.0000	0.0000	0.0000	0.0000	0.0000	0.0000	0.0000	0.0000	0.0000	0.0000	0.0000	0.0000	0.0000	0.0000	0.0000	2.0000	1.0000	2.0000	0.0000	0.0000	0.0000	0.0000	0.0000	0.0000	0.0000	0.0000	0.0000	0.0000	0.0000	0.0000	0.0000	0.0000	0.0000	0.0000	0.0000	0.0000	0.0000	0.0000	0.0000	0.0000	0.0000	0.0000	0.0000	0.0000	0.0000	0.0090	0.0056	0.0034	0.0034	0.0027	0.0007	0.0056	0.0029	0.0027	0.0000	0.0000	0.0000	0.0000	0.0000	0.0000	0.0000	0.0000	0.0000	0.0000	0.0000	0.0000	0.0000	0.0000	0.0000	0.0000	0.0000	0.0000											
8	38	0.1595	8	2	1	1	1	0	0	0	0	Y	N	N	N	N	N	N	N	N	N	N	N	0.0000	0.0000	0.0000	0.0000	0.0000	0.0000	0.0000	0.0000	0.0000	0.0000	0.0000	0.0000	0.0000	0.0000	0.0000	0.0000	0.0000	0.0000	0.0000	0.0000	0.0000	2.0000	1.0000	5.0000	0.0000	0.0000	0.0000	0.0000	0.0000	0.0000	0.0000	0.0000	0.0000	0.0000	0.0000	0.0000	0.0000	0.0000	0.0000	0.0000	0.0000	0.0000	0.0000	0.0000	0.0000	0.0000	0.0000	0.0000	0.0000	0.0000	0.0000	0.0143	0.0090	0.0053	0.0037	0.0030	0.0007	0.0106	0.0060	0.0046	0.0000	0.0000	0.0000	0.0000	0.0000	0.0000	0.0000	0.0000	0.0000	0.0000	0.0000	0.0000	0.0000	0.0000	0.0000	0.0000	0.0000	0.0000											
8	39	0.1747	9	1	2	0	1	0	0	0	0	N	Y	N	N	N	N	N	N	N	N	N	N	0.0000	0.0000	0.0000	0.0000	0.0000	0.0000	0.0000	0.0000	0.0000	0.0000	0.0000	0.0000	0.0000	0.0000	0.0000	0.0000	0.0000	0.0000	0.0000	0.0000	0.0000	0.0217	1.0000	6.0735	0.0000	0.0000	0.0000	0.0000	0.0000	0.0000	0.0000	0.0000	0.0000	0.0000	0.0000	0.0000	0.0000	0.0000	0.0000	0.0000	0.0000	0.0000	0.0000	0.0000	0.0000	0.0000	0.0000	0.0000	0.0000	0.0000	0.0000	0.0148	0.0091	0.0057	0.0045	0.0036	0.0009	0.0103	0.0055	0.0048	0.0000	0.0000	0.0000	0.0000	0.0000	0.0000	0.0000	0.0000	0.0000	0.0000	0.0000	0.0000	0.0000	0.0000	0.0000	0.0000	0.0000	0.0000											
8	40	0.1573	8	1	1	0	1	0	0	0	0	N	N	N	N	N	N	N	N	N	N	N	N	0.0000	0.0000	0.0000	0.0000	0.0000	0.0000	0.0000	0.0000	0.0000	0.0000	0.0000	0.0000	0.0000	0.0000	0.0000	0.0000	0.0000	0.0000	0.0000	0.0000	0.0000	0.0217	1.0000	4.0395	0.0000	0.0000	0.0000	0.0000	0.0000	0.0000	0.0000	0.0000	0.0000	0.0000	0.0000	0.0000	0.0000	0.0000	0.0000	0.0000	0.0000	0.0000	0.0000	0.0000	0.0000	0.0000	0.0000	0.0000	0.0000	0.0000	0.0000	0.0091	0.0055	0.0036	0.0025	0.0020	0.0005	0.0066	0.0035	0.0031	0.0000	0.0000	0.0000	0.0000	0.0000	0.0000	0.0000	0.0000	0.0000	0.0000	0.0000	0.0000	0.0000	0.0000	0.0000	0.0000	0.0000	0.0000											
8	41	0.1573	8	1	2	0	2	0	0	0	0	N	Y	N	Y	N	N	N	N	N	N	N	N	0.0000	0.0000	0.0000	0.0000	0.0000	0.0000	0.0000	0.0000	0.0000	0.0000	0.0000	0.0000	0.0000	0.0000	0.0000	0.0000	0.0000	0.0000	0.0000	0.0000	0.0000	0.0000	1.0000	7.0150	0.0000	0.0000	0.0000	0.0000	0.0000	0.0000	0.0000	0.0000	0.0000	0.0000	0.0000	0.0000	0.0000	0.0000	0.0000	0.0000	0.0000	0.0000	0.0000	0.0000	0.0000	0.0000	0.0000	0.0000	0.0000	0.0000	0.0000	0.0151	0.0091	0.0060	0.0041	0.0032	0.0008	0.0110	0.0059	0.0051	0.0000	0.0000	0.0000	0.0000	0.0000	0.0000	0.0000	0.0000	0.0000	0.0000	0.0000	0.0000	0.0000	0.0000	0.0000	0.0000	0.0000	0.0000											
8	42	0.1595	8	2	1	1	1	0	0	0	0	Y	N	N	N	N	N	N	N	N	N	N	N	0.0000	0.0000	0.0000	0.0000	0.0000	0.0000	0.0000	0.0000	0.0000	0.0000	0.0000	0.0000	0.0000	0.0000	0.0000	0.0000	0.0000	0.0000	0.0000	0.0000	0.0000	0.0000	1.0000	0.0000	0.0000	0.0000	0.0000	0.0000	0.0000	0.0000	0.0000	0.0000	0.0000	0.0000	0.0000	0.0000	0.0000	0.0000	0.0000	0.0000	0.0000	0.0000	0.0000	0.0000	0.0000	0.0000	0.0000	0.0000	0.0000	0.0000	0.0000	0.0000	0.0000	0.0000	0.0000	0.0000	0.0000	0.0000	0.0000	0.0000	0.0000	0.0000	0.0000	0.0000	0.0000	0.0000	0.0000	0.0000	0.0000	0.0000	0.0000	0.0000	0.0000	0.0000	0.0000	0.0000	0.0000	0.0000											
8	43	0.1427	7	2	1	1	1	0	0	0	0	Y	N	N	N	N	N	N	N	N	N	N	N	0.0000	0.0000	0.0000	0.0000	0.0000	0.0000	0.0000	0.0000	0.0000	0.0000	0.0000	0.0000	0.0000	0.0000	0.0000	0.0000	0.0000	0.0000	0.0000	0.0000	0.0000	1.0000	1.0000	3.0000	0.0000	0.0000	0.0000	0.0000	0.0000	0.0000	0.0000	0.0000	0.0000	0.0000	0.0000	0.0000	0.0000	0.0000	0.0000	0.0000	0.0000	0.0000	0.0000	0.0000	0.0000	0.0000	0.0000	0.0000	0.0000	0.0000	0.0000	0.0082	0.0051	0.0031	0.0020	0.0016	0.0004	0.0062	0.0035	0.0027	0.0000	0.0000	0.0000	0.0000	0.0000	0.0000	0.0000	0.0000	0.0000	0.0000	0.0000	0.0000	0.0000	0.0000	0.0000	0.0000	0.0000	0.0000											
8	44	0.1427	7	2	1	1	1	0	0	0	0	Y	N	N	N	N	N	N	N	N	N	N	N	0.0000	0.0000	0.0000	0.0000	0.0000	0.0000	0.0000	0.0000	0.0000	0.0000	0.0000	0.0000	0.0000	0.0000	0.0000	0.0000	0.0000	0.0000	0.0000	0.0000	0.0000	1.0000	1.0000	3.0000	0.0000	0.0000	0.0000	0.0000	0.0000	0.0000	0.0000	0.0000	0.0000	0.0000	0.0000	0.0000	0.0000	0.0000	0.0000	0.0000	0.0000	0.0000	0.0000	0.0000	0.0000	0.0000	0.0000	0.0000	0.0000	0.0000	0.0000	0.0082	0.0051	0.0031	0.0020	0.0016	0.0004	0.0062	0.0035	0.0027	0.0000	0.0000	0.0000	0.0000	0.0000	0.0000	0.0000	0.0000	0.0000	0.0000	0.0000	0.0000	0.0000	0.0000	0.0000	0.0000	0.0000	0.0000											
8	45	0.2003	9	1	1	1	1	0	0	0	0	N	N	N	N	N	N	N	N	N	N	N	N	0.0000	0.0000	0.0000	0.0000	0.0000	0.0000	0.0000	0.0000	0.0000	0.0000	0.0000	0.0000	0.0000	0.0000	0.0000	0.0000	0.0000	0.0000	0.0000	0.0000	0.0000	0.0000	1.0000	0.0000	0.0000	0.0000	0.0000	0.0000	0.0000	0.0000	0.0000	0.0000	0.0000	0.0000	0.0000	0.0000	0.0000	0.0000	0.0000	0.0000	0.0000	0.0000	0.0000	0.0000	0.0000	0.0000	0.0000	0.0000	0.0000	0.0000	0.0000	0.0000	0.0000	0.0000	0.0000	0.0000	0.0000	0.0000	0.0000	0.0000	0.0000	0.0000	0.0000	0.0000	0.0000	0.0000	0.0000	0.0000	0.0000	0.0000	0.0000	0.0000	0.0000	0.0000	0.0000	0.0000	0.0000	0.0000											
8	46	0.1573	8	1	1	0	1	0	0	0	0	N	N	N	N	N	N	N	N	N	N	N	N	0.0000	0.0000	0.0000	0.0000	0.0000	0.0000	0.0000	0.0000	0.0000	0.0000	0.0000	0.0000	0.0000	0.0000	0.0000	0.0000	0.0000	0.0000	0.0000	0.0000	0.0000	4.0000	1.0000	5.9850	0.0000	0.0000	0.0000	0.0000	0.0000	0.0000	0.0000	0.0000	0.0000	0.0000	0.0000	0.0000	0.0000	0.0000	0.0000	0.0000	0.0000	0.0000	0.0000	0.0000	0.0000	0.0000	0.0000	0.0000	0.0000	0.0000	0.0000	0.0209	0.0126	0.0083	0.0056	0.0044	0.0012	0.0153	0.0082	0.0071	0.0000	0.0000	0.0000	0.0000	0.0000	0.0000	0.0000	0.0000	0.0000	0.0000	0.0000	0.0000	0.0000	0.0000	0.0000	0.0000	0.0000	0.0000											
8	47	0.2284	10	1	2	0	1	0	0	0	0	N	Y	N	N	N	N	N	N	N	N	N	N	0.0000	0.0000	0.0000	0.0000	0.0000	0.0000	0.0000	0.0000	0.0000	0.0000	0.0000	0.0000	0.0000	0.0000	0.0000	0.0000	0.0000	0.0000	0.0000	0.0000	0.0000	0.0000	1.0000	0.0000	0.0000	0.0000	0.0000	0.0000	0.0000	0.0000	0.0000	0.0000	0.0000	0.0000	0.0000	0.0000	0.0000	0.0000	0.0000	0.0000	0.0000	0.0000	0.0000	0.0000	0.0000	0.0000	0.0000	0.0000	0.0000	0.0000	0.0000	0.0000	0.0000	0.0000	0.0000	0.0000	0.0000	0.0000	0.0000	0.0000	0.0000	0.0000	0.0000	0.0000	0.0000	0.0000	0.0000	0.0000	0.0000	0.0000	0.0000	0.0000	0.0000	0.0000	0.0000	0.0000	0.0000	0.0000											
8	48	0.1752	9	2	2	1	1	0	0	0	0	Y	Y	N	N	N	N	N	N	N	N	N	N	0.0000	0.0000	0.0000	0.0000	0.0000	0.0000	0.0000	0.0000	0.0000	0.0000	0.0000	0.0000	0.0000	0.0000	0.0000	0.0000	0.0000	0.0000	0.0000	0.0000	0.0000	0.0000	1.0000	2.0152	0.0000	0.0000	0.0000	0.0000	0.0000	0.0000	0.0000	0.0000	0.0000	0.0000	0.0000	0.0000	0.0000	0.0000	0.0000	0.0000	0.0000	0.0000	0.0000	0.0000	0.0000	0.0000	0.0000	0.0000	0.0000	0.0000	0.0000	0.0046	0.0028	0.0018	0.0013	0.0010	0.0002	0.0033	0.0018	0.0015	0.0000	0.0000	0.0000	0.0000	0.0000	0.0000	0.0000	0.0000	0.0000	0.0000	0.0000	0.0000	0.0000	0.0000	0.0000	0.0000	0.0000	0.0000											
8	49	0.1710	8	2	1	1	1	0	0	0	0	Y	N	N	N	N	N	N	N	N	N	N	N	0.0000	0.0000	0.0000	0.0000	0.0000	0.0000	0.0000	0.0000	0.0000	0.0000	0.0000	0.0000	0.0000	0.0042	0.0067	0.0000	0.0154	0.0187	0.0000	0.0000	0.0000	0.0000	0.0000	0.0000	-0.0000	0.0000	0.0003	1.0000	1.0311	0.0000	0.0000	0.0000	0.0000	0.0000	0.0000	0.0000	0.0000	0.0000	0.0000	0.0000	0.0000	0.0000	0.0000	0.0000	0.0000	0.0000	0.0000	0.0000	0.0000	0.0000	0.0000	0.0000	0.0000	0.0000	0.0000	0.0000	0.0024	0.0015	0.0009	0.0006	0.0005	0.0001	0.0017	0.0009	0.0008	0.0000	0.0000	0.0000	0.0000	0.0000	0.0000	0.0000	0.0000	0.0000	0.0042	0.0067	0.0000	0.0154	0.0187	0.0000	0.0000	0.0000	0.0000						
8	50	0.1710	8	2	2	1	1	0	0	0	0	Y	Y	N	N	N	N	N	N	N	N	N	N	0.0000	0.0000	0.0000	0.0000	0.0000	0.0000	0.0000	0.0000	0.0000	0.0000	0.0000	0.0000	0.0000	0.0043	0.0069	0.0000	0.0157	0.0190	0.0000	0.0000	0.0000	0.0000	0.0000	0.0000	-0.0000	0.0000	0.0003	1.0000	1.0126	0.0000	0.0000	0.0000	0.0000	0.0000	0.0000	0.0000	0.0000	0.0000	0.0000	0.0000	0.0000	0.0000	0.0000	0.0000	0.0000	0.0000	0.0000	0.0000	0.0000	0.0000	0.0000	0.0000	0.0000	0.0000	0.0000	0.0000	0.0023	0.0015	0.0009	0.0006	0.0005	0.0001	0.0017	0.0009	0.0008	0.0000	0.0000	0.0000	0.0000	0.0000	0.0000	0.0000	0.0000	0.0000	0.0043	0.0069	0.0000	0.0157	0.0190	0.0000	0.0000	0.0000	0.0000						
8	51	0.2002	7	2	2	0	1	0	0	0	0	Y	Y	N	N	N	N	N	N	N	N	N	N	0.0000	0.0000	0.0000	0.0000	0.0000	0.0000	0.0000	0.0000	0.0000	0.0000	0.0000	0.0000	0.0000	0.0000	0.0000	0.0000	0.0000	0.0000	0.0000	0.0000	0.0000	0.0000	1.0000	1.0000	0.0000	0.0000	0.0000	0.0000	0.0000	0.0000	0.0000	0.0000	0.0000	0.0000	0.0000	0.0000	0.0000	0.0000	0.0000	0.0000	0.0000	0.0000	0.0000	0.0000	0.0000	0.0000	0.0000	0.0000	0.0000	0.0000	0.0000	0.0023	0.0014	0.0008	0.0007	0.0006	0.0001	0.0015	0.0008	0.0007	0.0000	0.0000	0.0000	0.0000	0.0000	0.0000	0.0000	0.0000	0.0000	0.0000	0.0000	0.0000	0.0000	0.0000	0.0000	0.0000	0.0000	0.0000											
8	52	0.1963	10	1	2	0	2	0	0	0	0	N	Y	N	Y	N	N	N	N	N	N	N	N	0.0000	0.0000	0.0000	0.0000	0.0000	0.0000	0.0000	0.0000	0.0000	0.0000	0.0000	0.0000	0.0000	0.0000	0.0000	0.0000	0.0000	0.0000	0.0000	0.0000	0.0000	0.9995	1.0000	1.0399	0.0000	0.0000	0.0000	0.0000	0.0000	0.0000	0.0000	0.0000	0.0000	0.0000	0.0000	0.0000	0.0000	0.0000	0.0000	0.0000	0.0000	0.0000	0.0000	0.0000	0.0000	0.0000	0.0000	0.0000	0.0000	0.0000	0.0000	0.0060	0.0042	0.0019	0.0022	0.0019	0.0003	0.0039	0.0023	0.0016	0.0000	0.0000	0.0000	0.0000	0.0000	0.0000	0.0000	0.0000	0.0000	0.0000	0.0000	0.0000	0.0000	0.0000	0.0000	0.0000	0.0000	0.0000											
8	53	0.1963	10	1	1	0	2	0	0	0	0	N	N	N	Y	N	N	N	N	N	N	N	N	0.0000	0.0000	0.0000	0.0000	0.0000	0.0000	0.0000	0.0000	0.0000	0.0000	0.0000	0.0000	0.0000	0.0000	0.0000	0.0000	0.0000	0.0000	0.0000	0.0000	0.0000	3.0005	1.0000	1.0125	0.0000	0.0000	0.0000	0.0000	0.0000	0.0000	0.0000	0.0000	0.0000	0.0000	0.0000	0.0000	0.0000	0.0000	0.0000	0.0000	0.0000	0.0000	0.0000	0.0000	0.0000	0.0000	0.0000	0.0000	0.0000	0.0000	0.0000	0.0102	0.0067	0.0035	0.0034	0.0029	0.0006	0.0067	0.0038	0.0029	0.0000	0.0000	0.0000	0.0000	0.0000	0.0000	0.0000	0.0000	0.0000	0.0000	0.0000	0.0000	0.0000	0.0000	0.0000	0.0000	0.0000	0.0000											
8	54	0.1881	9	1	1	0	2	0	0	0	0	N	N	N	Y	N	N	N	N	N	N	N	N	0.0000	0.0000	0.0000	0.0000	0.0000	0.0000	0.0000	0.0000	0.0000	0.0000	0.0000	0.0000	0.0000	0.0000	0.0000	0.0000	0.0000	0.0000	0.0000	0.0000	0.0000	0.0013	1.0000	1.9704	0.0000	0.0000	0.0000	0.0000	0.0000	0.0000	0.0000	0.0000	0.0000	0.0000	0.0000	0.0000	0.0000	0.0000	0.0000	0.0000	0.0000	0.0000	0.0000	0.0000	0.0000	0.0000	0.0000	0.0000	0.0000	0.0000	0.0000	0.0043	0.0026	0.0017	0.0012	0.0009	0.0003	0.0031	0.0017	0.0014	0.0000	0.0000	0.0000	0.0000	0.0000	0.0000	0.0000	0.0000	0.0000	0.0000	0.0000	0.0000	0.0000	0.0000	0.0000	0.0000	0.0000	0.0000											
8	55	0.1573	8	1	1	0	2	0	0	0	0	N	N	N	Y	N	N	N	N	N	N	N	N	0.0000	0.0000	0.0000	0.0000	0.0000	0.0000	0.0000	0.0000	0.0000	0.0000	0.0000	0.0000	0.0000	0.0000	0.0000	0.0000	0.0000	0.0000	0.0000	0.0000	0.0000	3.0000	1.0000	4.0155	0.0000	0.0000	0.0000	0.0000	0.0000	0.0000	0.0000	0.0000	0.0000	0.0000	0.0000	0.0000	0.0000	0.0000	0.0000	0.0000	0.0000	0.0000	0.0000	0.0000	0.0000	0.0000	0.0000	0.0000	0.0000	0.0000	0.0000	0.0151	0.0091	0.0060	0.0041	0.0032	0.0008	0.0110	0.0059	0.0051	0.0000	0.0000	0.0000	0.0000	0.0000	0.0000	0.0000	0.0000	0.0000	0.0000	0.0000	0.0000	0.0000	0.0000	0.0000	0.0000	0.0000	0.0000											
8	56	0.1616	9	1	2	1	1	0	0	0	0	N	Y	N	N	N	N	N	N	N	N	N	N	0.0000	0.0000	0.0000	0.0000	0.0000	0.0000	0.0000	0.0000	0.0000	0.0000	0.0000	0.0000	0.0000	0.0000	0.0000	0.0000	0.0000	0.0000	0.0000	0.0000	0.0000	2.0013	1.0000	5.6727	0.0000	0.0000	0.0000	0.0000	0.0000	0.0000	0.0000	0.0000	0.0000	0.0000	0.0000	0.0000	0.0000	0.0000	0.0000	0.0000	0.0000	0.0000	0.0000	0.0000	0.0000	0.0000	0.0000	0.0000	0.0000	0.0000	0.0000	0.0197	0.0133	0.0064	0.0066	0.0056	0.0009	0.0132	0.0077	0.0055	0.0000	0.0000	0.0000	0.0000	0.0000	0.0000	0.0000	0.0000	0.0000	0.0000	0.0000	0.0000	0.0000	0.0000	0.0000	0.0000	0.0000	0.0000											
8	57	0.1579	8	1	2	0	1	0	0	0	0	N	Y	N	N	N	N	N	N	N	N	N	N	0.0000	0.0000	0.0000	0.0000	0.0000	0.0000	0.0000	0.0000	0.0000	0.0000	0.0000	0.0000	0.0000	0.0000	0.0000	0.0000	0.0000	0.0000	0.0000	0.0000	0.0000	0.0033	1.0000	1.3874	0.0000	0.0000	0.0000	0.0000	0.0000	0.0000	0.0000	0.0000	0.0000	0.0000	0.0000	0.0000	0.0000	0.0000	0.0000	0.0000	0.0000	0.0000	0.0000	0.0000	0.0000	0.0000	0.0000	0.0000	0.0000	0.0000	0.0000	0.0072	0.0055	0.0017	0.0030	0.0028	0.0002	0.0042	0.0027	0.0015	0.0000	0.0000	0.0000	0.0000	0.0000	0.0000	0.0000	0.0000	0.0000	0.0000	0.0000	0.0000	0.0000	0.0000	0.0000	0.0000	0.0000	0.0000											
8	58	0.1427	7	2	1	1	1	0	0	0	0	Y	N	N	N	N	N	N	N	N	N	N	N	0.0000	0.0000	0.0000	0.0000	0.0000	0.0000	0.0000	0.0000	0.0000	0.0000	0.0000	0.0000	0.0000	0.0000	0.0000	0.0000	0.0000	0.0000	0.0000	0.0000	0.0000	0.0000	1.0000	2.0000	0.0000	0.0000	0.0000	0.0000	0.0000	0.0000	0.0000	0.0000	0.0000	0.0000	0.0000	0.0000	0.0000	0.0000	0.0000	0.0000	0.0000	0.0000	0.0000	0.0000	0.0000	0.0000	0.0000	0.0000	0.0000	0.0000	0.0000	0.0042	0.0026	0.0016	0.0010	0.0008	0.0002	0.0032	0.0018	0.0014	0.0000	0.0000	0.0000	0.0000	0.0000	0.0000	0.0000	0.0000	0.0000	0.0000	0.0000	0.0000	0.0000	0.0000	0.0000	0.0000	0.0000	0.0000											
8	59	0.1579	8	1	2	0	1	0	0	0	0	N	Y	N	N	N	N	N	N	N	N	N	N	0.0000	0.0000	0.0000	0.0000	0.0000	0.0000	0.0000	0.0000	0.0000	0.0000	0.0000	0.0000	0.0000	0.0000	0.0000	0.0000	0.0000	0.0000	0.0000	0.0000	0.0000	1.9997	1.0000	3.4660	0.0000	0.0000	0.0000	0.0000	0.0000	0.0000	0.0000	0.0000	0.0000	0.0000	0.0000	0.0000	0.0000	0.0000	0.0000	0.0000	0.0000	0.0000	0.0000	0.0000	0.0000	0.0000	0.0000	0.0000	0.0000	0.0000	0.0000	0.0152	0.0105	0.0047	0.0052	0.0045	0.0007	0.0100	0.0060	0.0040	0.0000	0.0000	0.0000	0.0000	0.0000	0.0000	0.0000	0.0000	0.0000	0.0000	0.0000	0.0000	0.0000	0.0000	0.0000	0.0000	0.0000	0.0000											
8	60	0.1427	7	1	2	0	1	0	0	0	0	N	Y	N	N	N	N	N	N	N	N	N	N	0.0000	0.0000	0.0000	0.0000	0.0000	0.0000	0.0000	0.0000	0.0000	0.0000	0.0000	0.0000	0.0000	0.0000	0.0000	0.0000	0.0000	0.0000	0.0000	0.0000	0.0000	0.0005	1.0000	3.6054	0.0000	0.0000	0.0000	0.0000	0.0000	0.0000	0.0000	0.0000	0.0000	0.0000	0.0000	0.0000	0.0000	0.0000	0.0000	0.0000	0.0000	0.0000	0.0000	0.0000	0.0000	0.0000	0.0000	0.0000	0.0000	0.0000	0.0000	0.0075	0.0046	0.0028	0.0018	0.0015	0.0004	0.0056	0.0032	0.0024	0.0000	0.0000	0.0000	0.0000	0.0000	0.0000	0.0000	0.0000	0.0000	0.0000	0.0000	0.0000	0.0000	0.0000	0.0000	0.0000	0.0000	0.0000											
8	61	0.2284	10	1	1	1	1	0	0	0	0	N	N	N	N	N	N	N	N	N	N	N	N	0.0000	0.0000	0.0000	0.0000	0.0000	0.0000	0.0000	0.0000	0.0000	0.0000	0.0000	0.0000	0.0000	0.0000	0.0000	0.0000	0.0000	0.0000	0.0000	0.0000	0.0000	0.0000	1.0000	1.0000	0.0000	0.0000	0.0000	0.0000	0.0000	0.0000	0.0000	0.0000	0.0000	0.0000	0.0000	0.0000	0.0000	0.0000	0.0000	0.0000	0.0000	0.0000	0.0000	0.0000	0.0000	0.0000	0.0000	0.0000	0.0000	0.0000	0.0000	0.0021	0.0013	0.0008	0.0008	0.0006	0.0002	0.0014	0.0007	0.0006	0.0000	0.0000	0.0000	0.0000	0.0000	0.0000	0.0000	0.0000	0.0000	0.0000	0.0000	0.0000	0.0000	0.0000	0.0000	0.0000	0.0000	0.0000											
8	62	0.2241	9	1	1	0	1	0	0	0	0	N	N	N	N	N	N	N	N	N	N	N	N	0.0000	0.0000	0.0000	0.0000	0.0000	0.0000	0.0000	0.0000	0.0000	0.0000	0.0000	0.0000	0.0000	0.0000	0.0000	0.0000	0.0000	0.0000	0.0000	0.0000	0.0000	0.0001	1.0000	1.0076	0.0000	0.0000	0.0000	0.0000	0.0000	0.0000	0.0000	0.0000	0.0000	0.0000	0.0000	0.0000	0.0000	0.0000	0.0000	0.0000	0.0000	0.0000	0.0000	0.0000	0.0000	0.0000	0.0000	0.0000	0.0000	0.0000	0.0000	0.0029	0.0018	0.0011	0.0014	0.0010	0.0004	0.0015	0.0008	0.0007	0.0000	0.0000	0.0000	0.0000	0.0000	0.0000	0.0000	0.0000	0.0000	0.0000	0.0000	0.0000	0.0000	0.0000	0.0000	0.0000	0.0000	0.0000											
8	63	0.1573	8	1	1	0	1	0	0	0	0	N	N	N	N	N	N	N	N	N	N	N	N	0.0000	0.0000	0.0000	0.0000	0.0000	0.0000	0.0000	0.0000	0.0000	0.0000	0.0000	0.0000	0.0000	0.0000	0.0000	0.0000	0.0000	0.0000	0.0000	0.0000	0.0000	11.9999	1.0000	3.0574	0.0000	0.0000	0.0000	0.0000	0.0000	0.0000	0.0000	0.0000	0.0000	0.0000	0.0000	0.0000	0.0000	0.0000	0.0000	0.0000	0.0000	0.0000	0.0000	0.0000	0.0000	0.0000	0.0000	0.0000	0.0000	0.0000	0.0000	0.0301	0.0181	0.0120	0.0080	0.0063	0.0017	0.0221	0.0119	0.0103	0.0000	0.0000	0.0000	0.0000	0.0000	0.0000	0.0000	0.0000	0.0000	0.0000	0.0000	0.0000	0.0000	0.0000	0.0000	0.0000	0.0000	0.0000											
8	64	0.1427	7	2	2	0	1	0	0	0	0	Y	Y	N	N	N	N	N	N	N	N	N	N	0.0000	0.0000	0.0000	0.0000	0.0000	0.0000	0.0000	0.0000	0.0000	0.0000	0.0000	0.0000	0.0000	0.0000	0.0000	0.0000	0.0000	0.0000	0.0000	0.0000	0.0000	4.0000	1.0000	3.0000	0.0000	0.0000	0.0000	0.0000	0.0000	0.0000	0.0000	0.0000	0.0000	0.0000	0.0000	0.0000	0.0000	0.0000	0.0000	0.0000	0.0000	0.0000	0.0000	0.0000	0.0000	0.0000	0.0000	0.0000	0.0000	0.0000	0.0000	0.0141	0.0088	0.0053	0.0035	0.0028	0.0007	0.0106	0.0060	0.0046	0.0000	0.0000	0.0000	0.0000	0.0000	0.0000	0.0000	0.0000	0.0000	0.0000	0.0000	0.0000	0.0000	0.0000	0.0000	0.0000	0.0000	0.0000											
8	65	0.1009	6	1	1	0	1	0	0	0	0	N	N	N	N	N	N	N	N	N	N	N	N	0.0000	0.0000	0.0000	0.0000	0.0000	0.0000	0.0000	0.0000	0.0000	0.0000	0.0000	0.0000	0.0000	0.0000	0.0000	0.0000	0.0000	0.0000	0.0000	0.0000	0.0000	2.0015	1.0000	10.0016	0.0000	0.0000	0.0000	0.0000	0.0000	0.0000	0.0000	0.0000	0.0000	0.0000	0.0000	0.0000	0.0000	0.0000	0.0000	0.0000	0.0000	0.0000	0.0000	0.0000	0.0000	0.0000	0.0000	0.0000	0.0000	0.0000	0.0000	0.0249	0.0148	0.0101	0.0050	0.0040	0.0010	0.0199	0.0108	0.0091	0.0000	0.0000	0.0000	0.0000	0.0000	0.0000	0.0000	0.0000	0.0000	0.0000	0.0000	0.0000	0.0000	0.0000	0.0000	0.0000	0.0000	0.0000											
8	67	0.2557	8	1	1	0	1	0	0	0	0	N	N	N	N	N	N	N	N	N	N	N	N	0.0000	0.0000	0.0000	0.0000	0.0000	0.0000	0.0000	0.0000	0.0000	0.0000	0.0000	0.0000	0.0000	0.0034	0.0049	0.0000	0.0079	0.0093	0.0000	0.0000	0.0000	0.0000	0.0000	0.0000	-0.0001	0.0000	4.8614	1.0000	14.2102	0.0000	0.0000	0.0000	0.0000	0.0000	0.0000	0.0000	0.0000	0.0000	0.0002	0.0002	0.0000	0.0002	0.0002	0.0000	0.0000	0.0000	0.0000	0.0000	0.0000	0.0000	0.0000	0.0000	0.0000	0.0000	0.0000	0.0000	0.0639	0.0447	0.0193	0.0279	0.0236	0.0042	0.0361	0.0210	0.0151	0.0000	0.0000	0.0000	0.0000	0.0000	0.0000	0.0000	0.0000	0.0000	0.0034	0.0049	0.0000	0.0079	0.0093	0.0000	0.0000	0.0000	0.0000						
8	68	0.1766	10	2	2	1	1	0	0	0	0	Y	Y	N	N	N	N	N	N	N	N	N	N	0.0000	0.0000	0.0000	0.0000	0.0000	0.0000	0.0000	0.0000	0.0000	0.0000	0.0000	0.0000	0.0000	0.0000	0.0000	0.0000	0.0000	0.0000	0.0000	0.0000	0.0000	0.0000	1.0000	0.0000	0.0000	0.0000	0.0000	0.0000	0.0000	0.0000	0.0000	0.0000	0.0000	0.0000	0.0000	0.0000	0.0000	0.0000	0.0000	0.0000	0.0000	0.0000	0.0000	0.0000	0.0000	0.0000	0.0000	0.0000	0.0000	0.0000	0.0000	0.0000	0.0000	0.0000	0.0000	0.0000	0.0000	0.0000	0.0000	0.0000	0.0000	0.0000	0.0000	0.0000	0.0000	0.0000	0.0000	0.0000	0.0000	0.0000	0.0000	0.0000	0.0000	0.0000	0.0000	0.0000	0.0000	0.0000											
8	69	0.1725	9	2	1	1	1	0	0	0	0	Y	N	N	N	N	N	N	N	N	N	N	N	0.0000	0.0000	0.0000	0.0000	0.0000	0.0000	0.0000	0.0000	0.0000	0.0000	0.0000	0.0000	0.0000	0.0000	0.0000	0.0000	0.0000	0.0000	0.0000	0.0000	0.0000	0.0016	1.0000	0.9826	0.0000	0.0000	0.0000	0.0000	0.0000	0.0000	0.0000	0.0000	0.0000	0.0000	0.0000	0.0000	0.0000	0.0000	0.0000	0.0000	0.0000	0.0000	0.0000	0.0000	0.0000	0.0000	0.0000	0.0000	0.0000	0.0000	0.0000	0.0023	0.0014	0.0008	0.0007	0.0006	0.0001	0.0016	0.0009	0.0007	0.0000	0.0000	0.0000	0.0000	0.0000	0.0000	0.0000	0.0000	0.0000	0.0000	0.0000	0.0000	0.0000	0.0000	0.0000	0.0000	0.0000	0.0000											
8	70	0.1597	8	2	1	1	1	0	0	0	0	Y	N	N	N	N	N	N	N	N	N	N	N	0.0000	0.0000	0.0000	0.0000	0.0000	0.0000	0.0000	0.0000	0.0000	0.0000	0.0000	0.0000	0.0000	0.0000	0.0000	0.0000	0.0000	0.0000	0.0000	0.0000	0.0000	0.0061	1.0000	3.0249	0.0000	0.0000	0.0000	0.0000	0.0000	0.0000	0.0000	0.0000	0.0000	0.0000	0.0000	0.0000	0.0000	0.0000	0.0000	0.0000	0.0000	0.0000	0.0000	0.0000	0.0000	0.0000	0.0000	0.0000	0.0000	0.0000	0.0000	0.0069	0.0044	0.0025	0.0021	0.0017	0.0004	0.0049	0.0027	0.0022	0.0000	0.0000	0.0000	0.0000	0.0000	0.0000	0.0000	0.0000	0.0000	0.0000	0.0000	0.0000	0.0000	0.0000	0.0000	0.0000	0.0000	0.0000											
8	71	0.1427	7	2	1	1	1	0	0	0	0	Y	N	N	N	N	N	N	N	N	N	N	N	0.0000	0.0000	0.0000	0.0000	0.0000	0.0000	0.0000	0.0000	0.0000	0.0000	0.0000	0.0000	0.0000	0.0000	0.0000	0.0000	0.0000	0.0000	0.0000	0.0000	0.0000	0.0044	1.0000	4.0281	0.0000	0.0000	0.0000	0.0000	0.0000	0.0000	0.0000	0.0000	0.0000	0.0000	0.0000	0.0000	0.0000	0.0000	0.0000	0.0000	0.0000	0.0000	0.0000	0.0000	0.0000	0.0000	0.0000	0.0000	0.0000	0.0000	0.0000	0.0083	0.0052	0.0031	0.0020	0.0016	0.0004	0.0063	0.0035	0.0027	0.0000	0.0000	0.0000	0.0000	0.0000	0.0000	0.0000	0.0000	0.0000	0.0000	0.0000	0.0000	0.0000	0.0000	0.0000	0.0000	0.0000	0.0000											
8	72	0.1009	6	1	2	0	1	0	0	0	0	N	Y	N	N	N	N	N	N	N	N	N	N	0.0000	0.0000	0.0000	0.0000	0.0000	0.0000	0.0000	0.0000	0.0000	0.0000	0.0000	0.0000	0.0000	0.0000	0.0000	0.0000	0.0000	0.0000	0.0000	0.0000	0.0000	5.9987	1.0000	11.0016	0.0000	0.0000	0.0000	0.0000	0.0000	0.0000	0.0000	0.0000	0.0000	0.0000	0.0000	0.0000	0.0000	0.0000	0.0000	0.0000	0.0000	0.0000	0.0000	0.0000	0.0000	0.0000	0.0000	0.0000	0.0000	0.0000	0.0000	0.0340	0.0202	0.0138	0.0068	0.0054	0.0014	0.0271	0.0148	0.0124	0.0000	0.0000	0.0000	0.0000	0.0000	0.0000	0.0000	0.0000	0.0000	0.0000	0.0000	0.0000	0.0000	0.0000	0.0000	0.0000	0.0000	0.0000											
8	73	0.1427	7	2	1	1	1	0	0	0	0	Y	N	N	N	N	N	N	N	N	N	N	N	0.0000	0.0000	0.0000	0.0000	0.0000	0.0000	0.0000	0.0000	0.0000	0.0000	0.0000	0.0000	0.0000	0.0000	0.0000	0.0000	0.0000	0.0000	0.0000	0.0000	0.0000	2.0000	1.0000	5.0000	0.0000	0.0000	0.0000	0.0000	0.0000	0.0000	0.0000	0.0000	0.0000	0.0000	0.0000	0.0000	0.0000	0.0000	0.0000	0.0000	0.0000	0.0000	0.0000	0.0000	0.0000	0.0000	0.0000	0.0000	0.0000	0.0000	0.0000	0.0141	0.0088	0.0053	0.0035	0.0028	0.0007	0.0106	0.0060	0.0046	0.0000	0.0000	0.0000	0.0000	0.0000	0.0000	0.0000	0.0000	0.0000	0.0000	0.0000	0.0000	0.0000	0.0000	0.0000	0.0000	0.0000	0.0000											
8	74	0.1426	8	1	2	0	1	0	0	0	0	N	Y	N	N	N	N	N	N	N	N	N	N	0.0000	0.0000	0.0000	0.0000	0.0000	0.0000	0.0000	0.0000	0.0000	0.0000	0.0000	0.0000	0.0000	0.0000	0.0000	0.0000	0.0000	0.0000	0.0000	0.0000	0.0000	6.1274	1.0000	13.6208	0.0000	0.0000	0.0000	0.0000	0.0000	0.0000	0.0000	0.0000	0.0000	0.0000	0.0000	0.0000	0.0000	0.0000	0.0000	0.0000	0.0000	0.0000	0.0000	0.0000	0.0000	0.0000	0.0000	0.0000	0.0000	0.0000	0.0000	0.0414	0.0261	0.0153	0.0113	0.0092	0.0021	0.0301	0.0169	0.0132	0.0000	0.0000	0.0000	0.0000	0.0000	0.0000	0.0000	0.0000	0.0000	0.0000	0.0000	0.0000	0.0000	0.0000	0.0000	0.0000	0.0000	0.0000											
8	75	0.1672	11	1	1	1	1	0	0	0	0	N	N	N	N	N	N	N	N	N	N	N	N	0.0000	0.0000	0.0000	0.0000	0.0000	0.0000	0.0000	0.0000	0.0000	0.0000	0.0000	0.0000	0.0000	0.0000	0.0000	0.0000	0.0000	0.0000	0.0000	0.0000	0.0000	0.0000	1.0000	1.0003	0.0000	0.0000	0.0000	0.0000	0.0000	0.0000	0.0000	0.0000	0.0000	0.0000	0.0000	0.0000	0.0000	0.0000	0.0000	0.0000	0.0000	0.0000	0.0000	0.0000	0.0000	0.0000	0.0000	0.0000	0.0000	0.0000	0.0000	0.0022	0.0014	0.0008	0.0006	0.0005	0.0001	0.0016	0.0009	0.0007	0.0000	0.0000	0.0000	0.0000	0.0000	0.0000	0.0000	0.0000	0.0000	0.0000	0.0000	0.0000	0.0000	0.0000	0.0000	0.0000	0.0000	0.0000											
8	76	0.1631	10	1	1	1	1	0	0	0	0	N	N	N	N	N	N	N	N	N	N	N	N	0.0000	0.0000	0.0000	0.0000	0.0000	0.0000	0.0000	0.0000	0.0000	0.0000	0.0000	0.0000	0.0000	0.0000	0.0000	0.0000	0.0000	0.0000	0.0000	0.0000	0.0000	0.0000	1.0000	1.0076	0.0000	0.0000	0.0000	0.0000	0.0000	0.0000	0.0000	0.0000	0.0000	0.0000	0.0000	0.0000	0.0000	0.0000	0.0000	0.0000	0.0000	0.0000	0.0000	0.0000	0.0000	0.0000	0.0000	0.0000	0.0000	0.0000	0.0000	0.0022	0.0014	0.0008	0.0006	0.0005	0.0001	0.0016	0.0009	0.0007	0.0000	0.0000	0.0000	0.0000	0.0000	0.0000	0.0000	0.0000	0.0000	0.0000	0.0000	0.0000	0.0000	0.0000	0.0000	0.0000	0.0000	0.0000											
8	77	0.1590	9	1	1	0	1	0	0	0	0	N	N	N	N	N	N	N	N	N	N	N	N	0.0000	0.0000	0.0000	0.0000	0.0000	0.0000	0.0000	0.0000	0.0000	0.0000	0.0000	0.0000	0.0000	0.0000	0.0000	0.0000	0.0000	0.0000	0.0000	0.0000	0.0000	0.0026	1.0000	0.9924	0.0000	0.0000	0.0000	0.0000	0.0000	0.0000	0.0000	0.0000	0.0000	0.0000	0.0000	0.0000	0.0000	0.0000	0.0000	0.0000	0.0000	0.0000	0.0000	0.0000	0.0000	0.0000	0.0000	0.0000	0.0000	0.0000	0.0000	0.0022	0.0014	0.0008	0.0006	0.0005	0.0001	0.0016	0.0009	0.0007	0.0000	0.0000	0.0000	0.0000	0.0000	0.0000	0.0000	0.0000	0.0000	0.0000	0.0000	0.0000	0.0000	0.0000	0.0000	0.0000	0.0000	0.0000											
8	78	0.1426	8	1	1	0	1	0	0	0	0	N	N	N	N	N	N	N	N	N	N	N	N	0.0000	0.0000	0.0000	0.0000	0.0000	0.0000	0.0000	0.0000	0.0000	0.0000	0.0000	0.0000	0.0000	0.0000	0.0000	0.0000	0.0000	0.0000	0.0000	0.0000	0.0000	2.8733	1.0000	1.5522	0.0000	0.0000	0.0000	0.0000	0.0000	0.0000	0.0000	0.0000	0.0000	0.0000	0.0000	0.0000	0.0000	0.0000	0.0000	0.0000	0.0000	0.0000	0.0000	0.0000	0.0000	0.0000	0.0000	0.0000	0.0000	0.0000	0.0000	0.0126	0.0084	0.0042	0.0040	0.0034	0.0005	0.0086	0.0049	0.0037	0.0000	0.0000	0.0000	0.0000	0.0000	0.0000	0.0000	0.0000	0.0000	0.0000	0.0000	0.0000	0.0000	0.0000	0.0000	0.0000	0.0000	0.0000											
8	79	0.1305	7	1	1	0	1	0	0	0	0	N	N	N	N	N	N	N	N	N	N	N	N	0.0000	0.0000	0.0000	0.0000	0.0000	0.0000	0.0000	0.0000	0.0000	0.0000	0.0000	0.0000	0.0000	0.0000	0.0000	0.0000	0.0000	0.0000	0.0000	0.0000	0.0000	0.2102	1.0000	3.4985	0.0000	0.0000	0.0000	0.0000	0.0000	0.0000	0.0000	0.0000	0.0000	0.0000	0.0000	0.0000	0.0000	0.0000	0.0000	0.0000	0.0000	0.0000	0.0000	0.0000	0.0000	0.0000	0.0000	0.0000	0.0000	0.0000	0.0000	0.0135	0.0094	0.0041	0.0046	0.0042	0.0004	0.0089	0.0052	0.0037	0.0000	0.0000	0.0000	0.0000	0.0000	0.0000	0.0000	0.0000	0.0000	0.0000	0.0000	0.0000	0.0000	0.0000	0.0000	0.0000	0.0000	0.0000											
8	80	0.1616	9	1	2	0	1	0	0	0	0	N	Y	N	N	N	N	N	N	N	N	N	N	0.0000	0.0000	0.0000	0.0000	0.0000	0.0000	0.0000	0.0000	0.0000	0.0000	0.0000	0.0000	0.0000	0.0000	0.0000	0.0000	0.0000	0.0000	0.0000	0.0000	0.0000	2.0196	1.0000	6.0690	0.0000	0.0000	0.0000	0.0000	0.0000	0.0000	0.0000	0.0000	0.0000	0.0000	0.0000	0.0000	0.0000	0.0000	0.0000	0.0000	0.0000	0.0000	0.0000	0.0000	0.0000	0.0000	0.0000	0.0000	0.0000	0.0000	0.0000	0.0182	0.0113	0.0069	0.0058	0.0046	0.0012	0.0124	0.0067	0.0057	0.0000	0.0000	0.0000	0.0000	0.0000	0.0000	0.0000	0.0000	0.0000	0.0000	0.0000	0.0000	0.0000	0.0000	0.0000	0.0000	0.0000	0.0000											
8	81	0.1533	8	1	1	0	1	0	0	0	0	N	N	N	N	N	N	N	N	N	N	N	N	0.0000	0.0000	0.0000	0.0000	0.0000	0.0000	0.0000	0.0000	0.0000	0.0000	0.0000	0.0000	0.0000	0.0000	0.0000	0.0000	0.0000	0.0000	0.0000	0.0000	0.0000	0.9876	1.0000	0.9833	0.0000	0.0000	0.0000	0.0000	0.0000	0.0000	0.0000	0.0000	0.0000	0.0000	0.0000	0.0000	0.0000	0.0000	0.0000	0.0000	0.0000	0.0000	0.0000	0.0000	0.0000	0.0000	0.0000	0.0000	0.0000	0.0000	0.0000	0.0045	0.0027	0.0018	0.0013	0.0010	0.0003	0.0032	0.0017	0.0015	0.0000	0.0000	0.0000	0.0000	0.0000	0.0000	0.0000	0.0000	0.0000	0.0000	0.0000	0.0000	0.0000	0.0000	0.0000	0.0000	0.0000	0.0000											
8	82	0.1710	8	2	1	1	1	0	0	0	0	Y	N	N	N	N	N	N	N	N	N	N	N	0.0000	0.0000	0.0000	0.0000	0.0000	0.0000	0.0000	0.0000	0.0000	0.0000	0.0000	0.0000	0.0000	115.6270	0.0000	484.3451	0.0000	0.0000	0.0000	157.0127	0.0000	484.3740	inf	0.0000	0.4601	0.0000	1.0000	1.0000	2.9874	0.0000	0.0000	0.0000	0.0000	0.0000	0.0000	0.0000	0.0000	0.0000	1.0000	0.0000	1.0000	0.0000	0.0000	0.0000	1.0000	0.0000	1.0000	0.0000	0.0000	0.0000	0.0000	0.0000	0.0000	0.0000	0.0000	0.0000	0.0086	0.0053	0.0034	0.0023	0.0018	0.0004	0.0064	0.0034	0.0029	0.0000	0.0000	0.0000	0.0000	0.0000	0.0000	0.0000	0.0000	0.0000	115.6270	0.0000	297.3123	0.0000	0.0000	0.0000	157.0127	0.0000	340.8451						
8	83	0.1427	7	2	1	1	1	0	0	0	0	Y	N	N	N	N	N	N	N	N	N	N	N	0.0000	0.0000	0.0000	0.0000	0.0000	0.0000	0.0000	0.0000	0.0000	0.0000	0.0000	0.0000	0.0000	0.0007	0.0000	0.0019	0.0000	0.0000	0.0000	0.0009	0.0000	0.0022	inf	0.0000	0.0000	0.0000	0.9997	1.0000	6.0128	0.0000	0.0000	0.0000	0.0000	0.0000	0.0000	0.0000	0.0000	0.0000	0.0000	0.0000	0.0000	0.0000	0.0000	0.0000	0.0000	0.0000	0.0000	0.0000	0.0000	0.0000	0.0000	0.0000	0.0000	0.0000	0.0000	0.0000	0.0141	0.0088	0.0053	0.0035	0.0028	0.0007	0.0107	0.0060	0.0046	0.0000	0.0000	0.0000	0.0000	0.0000	0.0000	0.0000	0.0000	0.0000	0.0007	0.0000	0.0019	0.0000	0.0000	0.0000	0.0009	0.0000	0.0022						
8	84	0.1009	6	1	2	0	2	0	0	0	0	N	Y	N	Y	N	N	N	N	N	N	N	N	0.0000	0.0000	0.0000	0.0000	0.0000	0.0000	0.0000	0.0000	0.0000	0.0000	0.0000	0.0000	0.0000	0.0000	0.0000	0.0000	0.0000	0.0000	0.0000	0.0000	0.0000	8.0013	1.0000	12.0015	0.0000	0.0000	0.0000	0.0000	0.0000	0.0000	0.0000	0.0000	0.0000	0.0000	0.0000	0.0000	0.0000	0.0000	0.0000	0.0000	0.0000	0.0000	0.0000	0.0000	0.0000	0.0000	0.0000	0.0000	0.0000	0.0000	0.0000	0.0390	0.0232	0.0158	0.0078	0.0062	0.0016	0.0312	0.0170	0.0142	0.0000	0.0000	0.0000	0.0000	0.0000	0.0000	0.0000	0.0000	0.0000	0.0000	0.0000	0.0000	0.0000	0.0000	0.0000	0.0000	0.0000	0.0000											
8	85	0.1573	8	1	2	0	1	0	0	0	0	N	Y	N	N	N	N	N	N	N	N	N	N	0.0000	0.0000	0.0000	0.0000	0.0000	0.0000	0.0000	0.0000	0.0000	0.0000	0.0000	0.0000	0.0000	0.0000	0.0000	0.0000	0.0000	0.0000	0.0000	0.0000	0.0000	1.0000	1.0000	6.9850	0.0000	0.0000	0.0000	0.0000	0.0000	0.0000	0.0000	0.0000	0.0000	0.0000	0.0000	0.0000	0.0000	0.0000	0.0000	0.0000	0.0000	0.0000	0.0000	0.0000	0.0000	0.0000	0.0000	0.0000	0.0000	0.0000	0.0000	0.0170	0.0103	0.0067	0.0046	0.0036	0.0010	0.0125	0.0067	0.0058	0.0000	0.0000	0.0000	0.0000	0.0000	0.0000	0.0000	0.0000	0.0000	0.0000	0.0000	0.0000	0.0000	0.0000	0.0000	0.0000	0.0000	0.0000											
8	86	0.1446	7	1	1	0	1	0	0	0	0	N	N	N	N	N	N	N	N	N	N	N	N	0.0000	0.0000	0.0000	0.0000	0.0000	0.0000	0.0000	0.0000	0.0000	0.0000	0.0000	0.0000	0.0000	0.0000	0.0000	0.0000	0.0000	0.0000	0.0000	0.0000	0.0000	1.0086	1.0000	2.0000	0.0000	0.0000	0.0000	0.0000	0.0000	0.0000	0.0000	0.0000	0.0000	0.0000	0.0000	0.0000	0.0000	0.0000	0.0000	0.0000	0.0000	0.0000	0.0000	0.0000	0.0000	0.0000	0.0000	0.0000	0.0000	0.0000	0.0000	0.0067	0.0040	0.0027	0.0018	0.0014	0.0004	0.0049	0.0026	0.0023	0.0000	0.0000	0.0000	0.0000	0.0000	0.0000	0.0000	0.0000	0.0000	0.0000	0.0000	0.0000	0.0000	0.0000	0.0000	0.0000	0.0000	0.0000											
8	87	0.1427	7	1	2	0	1	0	0	0	0	N	Y	N	N	N	N	N	N	N	N	N	N	0.0000	0.0000	0.0000	0.0000	0.0000	0.0000	0.0000	0.0000	0.0000	0.0000	0.0000	0.0000	0.0000	0.0000	0.0000	0.0000	0.0000	0.0000	0.0000	0.0000	0.0000	4.0000	1.0000	7.0000	0.0000	0.0000	0.0000	0.0000	0.0000	0.0000	0.0000	0.0000	0.0000	0.0000	0.0000	0.0000	0.0000	0.0000	0.0000	0.0000	0.0000	0.0000	0.0000	0.0000	0.0000	0.0000	0.0000	0.0000	0.0000	0.0000	0.0000	0.0215	0.0134	0.0081	0.0053	0.0042	0.0011	0.0162	0.0092	0.0071	0.0000	0.0000	0.0000	0.0000	0.0000	0.0000	0.0000	0.0000	0.0000	0.0000	0.0000	0.0000	0.0000	0.0000	0.0000	0.0000	0.0000	0.0000											
8	88	0.1009	6	1	1	0	1	0	0	0	0	N	N	N	N	N	N	N	N	N	N	N	N	0.0000	0.0000	0.0000	0.0000	0.0000	0.0000	0.0000	0.0000	0.0000	0.0000	0.0000	0.0000	0.0000	0.0000	0.0000	0.0000	0.0000	0.0000	0.0000	0.0000	0.0000	2.9985	1.0000	7.0016	0.0000	0.0000	0.0000	0.0000	0.0000	0.0000	0.0000	0.0000	0.0000	0.0000	0.0000	0.0000	0.0000	0.0000	0.0000	0.0000	0.0000	0.0000	0.0000	0.0000	0.0000	0.0000	0.0000	0.0000	0.0000	0.0000	0.0000	0.0211	0.0125	0.0086	0.0043	0.0034	0.0009	0.0168	0.0091	0.0077	0.0000	0.0000	0.0000	0.0000	0.0000	0.0000	0.0000	0.0000	0.0000	0.0000	0.0000	0.0000	0.0000	0.0000	0.0000	0.0000	0.0000	0.0000											
8	89	0.1619	9	1	2	0	1	0	0	0	0	N	Y	N	N	N	N	N	N	N	N	N	N	0.0000	0.0000	0.0000	0.0000	0.0000	0.0000	0.0000	0.0000	0.0000	0.0000	0.0000	0.0000	0.0000	0.0000	0.0000	0.0000	0.0000	0.0000	0.0000	0.0000	0.0000	0.0157	1.0000	9.0253	0.0000	0.0000	0.0000	0.0000	0.0000	0.0000	0.0000	0.0000	0.0000	0.0000	0.0000	0.0000	0.0000	0.0000	0.0000	0.0000	0.0000	0.0000	0.0000	0.0000	0.0000	0.0000	0.0000	0.0000	0.0000	0.0000	0.0000	0.0195	0.0119	0.0076	0.0058	0.0046	0.0012	0.0137	0.0073	0.0064	0.0000	0.0000	0.0000	0.0000	0.0000	0.0000	0.0000	0.0000	0.0000	0.0000	0.0000	0.0000	0.0000	0.0000	0.0000	0.0000	0.0000	0.0000											
8	90	0.1533	8	1	2	0	1	0	0	0	0	N	Y	N	N	N	N	N	N	N	N	N	N	0.0000	0.0000	0.0000	0.0000	0.0000	0.0000	0.0000	0.0000	0.0000	0.0000	0.0000	0.0000	0.0000	0.0000	0.0000	0.0000	0.0000	0.0000	0.0000	0.0000	0.0000	0.0169	1.0000	2.0013	0.0000	0.0000	0.0000	0.0000	0.0000	0.0000	0.0000	0.0000	0.0000	0.0000	0.0000	0.0000	0.0000	0.0000	0.0000	0.0000	0.0000	0.0000	0.0000	0.0000	0.0000	0.0000	0.0000	0.0000	0.0000	0.0000	0.0000	0.0046	0.0028	0.0018	0.0013	0.0010	0.0003	0.0033	0.0018	0.0015	0.0000	0.0000	0.0000	0.0000	0.0000	0.0000	0.0000	0.0000	0.0000	0.0000	0.0000	0.0000	0.0000	0.0000	0.0000	0.0000	0.0000	0.0000											
8	91	0.1446	7	1	1	0	1	0	0	0	0	N	N	N	N	N	N	N	N	N	N	N	N	0.0000	0.0000	0.0000	0.0000	0.0000	0.0000	0.0000	0.0000	0.0000	0.0000	0.0000	0.0000	0.0000	0.0000	0.0000	0.0000	0.0000	0.0000	0.0000	0.0000	0.0000	1.9923	1.0000	0.0454	0.0000	0.0000	0.0000	0.0000	0.0000	0.0000	0.0000	0.0000	0.0000	0.0000	0.0000	0.0000	0.0000	0.0000	0.0000	0.0000	0.0000	0.0000	0.0000	0.0000	0.0000	0.0000	0.0000	0.0000	0.0000	0.0000	0.0000	0.0046	0.0028	0.0019	0.0012	0.0010	0.0003	0.0034	0.0018	0.0016	0.0000	0.0000	0.0000	0.0000	0.0000	0.0000	0.0000	0.0000	0.0000	0.0000	0.0000	0.0000	0.0000	0.0000	0.0000	0.0000	0.0000	0.0000											
8	92	0.1009	6	1	1	0	1	0	0	0	0	N	N	N	N	N	N	N	N	N	N	N	N	0.0000	0.0000	0.0000	0.0000	0.0000	0.0000	0.0000	0.0000	0.0000	0.0000	0.0000	0.0000	0.0000	0.0000	0.0000	0.0000	0.0000	0.0000	0.0000	0.0000	0.0000	1.0098	1.0000	9.0196	0.0000	0.0000	0.0000	0.0000	0.0000	0.0000	0.0000	0.0000	0.0000	0.0000	0.0000	0.0000	0.0000	0.0000	0.0000	0.0000	0.0000	0.0000	0.0000	0.0000	0.0000	0.0000	0.0000	0.0000	0.0000	0.0000	0.0000	0.0212	0.0126	0.0086	0.0043	0.0034	0.0009	0.0169	0.0092	0.0077	0.0000	0.0000	0.0000	0.0000	0.0000	0.0000	0.0000	0.0000	0.0000	0.0000	0.0000	0.0000	0.0000	0.0000	0.0000	0.0000	0.0000	0.0000											
8	95	0.0479	5	1	2	0	2	0	0	0	0	N	Y	N	Y	N	N	N	N	N	N	N	N	0.0000	0.0000	0.0000	0.0000	0.0000	0.0000	0.0000	0.0000	0.0000	0.0000	0.0000	0.0000	0.0000	0.0000	0.0000	0.0000	0.0000	0.0000	0.0000	0.0000	0.0000	0.9845	1.0000	0.9903	0.0000	0.0000	0.0000	0.0000	0.0000	0.0000	0.0000	0.0000	0.0000	0.0000	0.0000	0.0000	0.0000	0.0000	0.0000	0.0000	0.0000	0.0000	0.0000	0.0000	0.0000	0.0000	0.0000	0.0000	0.0000	0.0000	0.0000	0.0049	0.0029	0.0019	0.0009	0.0008	0.0002	0.0039	0.0022	0.0018	0.0000	0.0000	0.0000	0.0000	0.0000	0.0000	0.0000	0.0000	0.0000	0.0000	0.0000	0.0000	0.0000	0.0000	0.0000	0.0000	0.0000	0.0000											
8	96	0.0249	3	1	2	0	1	0	0	0	0	N	Y	N	N	N	N	N	N	N	N	N	N	0.0000	0.0000	0.0000	0.0000	0.0000	0.0000	0.0000	0.0000	0.0000	0.0000	0.0000	0.0000	0.0000	0.0000	0.0000	0.0000	0.0000	0.0000	0.0000	0.0000	0.0000	1.0063	1.0000	3.7812	0.0000	0.0000	0.0000	0.0000	0.0000	0.0000	0.0000	0.0000	0.0000	0.0000	0.0000	0.0000	0.0000	0.0000	0.0000	0.0000	0.0000	0.0000	0.0000	0.0000	0.0000	0.0000	0.0000	0.0000	0.0000	0.0000	0.0000	0.0171	0.0109	0.0062	0.0057	0.0044	0.0013	0.0114	0.0065	0.0049	0.0000	0.0000	0.0000	0.0000	0.0000	0.0000	0.0000	0.0000	0.0000	0.0000	0.0000	0.0000	0.0000	0.0000	0.0000	0.0000	0.0000	0.0000											
8	97	0.0479	5	1	1	1	2	0	0	0	0	N	N	N	Y	N	N	N	N	N	N	N	N	0.0000	0.0000	0.0000	0.0000	0.0000	0.0000	0.0000	0.0000	0.0000	0.0000	0.0000	0.0000	0.0000	0.0000	0.0000	0.0000	0.0000	0.0000	0.0000	0.0000	0.0000	1.0165	1.0000	1.0129	0.0000	0.0000	0.0000	0.0000	0.0000	0.0000	0.0000	0.0000	0.0000	0.0000	0.0000	0.0000	0.0000	0.0000	0.0000	0.0000	0.0000	0.0000	0.0000	0.0000	0.0000	0.0000	0.0000	0.0000	0.0000	0.0000	0.0000	0.0050	0.0030	0.0020	0.0010	0.0008	0.0002	0.0040	0.0022	0.0018	0.0000	0.0000	0.0000	0.0000	0.0000	0.0000	0.0000	0.0000	0.0000	0.0000	0.0000	0.0000	0.0000	0.0000	0.0000	0.0000	0.0000	0.0000											
8	98	0.0350	4	1	1	0	2	0	0	0	0	N	N	N	Y	N	N	N	N	N	N	N	N	0.0000	0.0000	0.0000	0.0000	0.0000	0.0000	0.0000	0.0000	0.0000	0.0000	0.0000	0.0000	0.0000	0.0000	0.0000	0.0000	0.0000	0.0000	0.0000	0.0000	0.0000	2.0241	1.0000	1.0265	0.0000	0.0000	0.0000	0.0000	0.0000	0.0000	0.0000	0.0000	0.0000	0.0000	0.0000	0.0000	0.0000	0.0000	0.0000	0.0000	0.0000	0.0000	0.0000	0.0000	0.0000	0.0000	0.0000	0.0000	0.0000	0.0000	0.0000	0.0072	0.0043	0.0029	0.0009	0.0007	0.0002	0.0063	0.0036	0.0028	0.0000	0.0000	0.0000	0.0000	0.0000	0.0000	0.0000	0.0000	0.0000	0.0000	0.0000	0.0000	0.0000	0.0000	0.0000	0.0000	0.0000	0.0000											
8	99	0.0350	4	1	1	1	2	0	0	0	0	N	N	N	Y	N	N	N	N	N	N	N	N	0.0000	0.0000	0.0000	0.0000	0.0000	0.0000	0.0000	0.0000	0.0000	0.0000	0.0000	0.0000	0.0000	0.0000	0.0000	0.0000	0.0000	0.0000	0.0000	0.0000	0.0000	3.0066	1.0000	0.0000	0.0000	0.0000	0.0000	0.0000	0.0000	0.0000	0.0000	0.0000	0.0000	0.0000	0.0000	0.0000	0.0000	0.0000	0.0000	0.0000	0.0000	0.0000	0.0000	0.0000	0.0000	0.0000	0.0000	0.0000	0.0000	0.0000	0.0000	0.0071	0.0042	0.0029	0.0009	0.0007	0.0002	0.0062	0.0035	0.0027	0.0000	0.0000	0.0000	0.0000	0.0000	0.0000	0.0000	0.0000	0.0000	0.0000	0.0000	0.0000	0.0000	0.0000	0.0000	0.0000	0.0000	0.0000											
8	100	0.0874	6	1	1	1	2	0	0	0	0	N	N	N	Y	N	N	N	N	N	N	N	N	0.0000	0.0000	0.0000	0.0000	0.0000	0.0000	0.0000	0.0000	0.0000	0.0000	0.0000	0.0000	0.0000	0.0000	0.0000	0.0000	0.0000	0.0000	0.0000	0.0000	0.0000	0.0000	1.0000	2.0000	0.0000	0.0000	0.0000	0.0000	0.0000	0.0000	0.0000	0.0000	0.0000	0.0000	0.0000	0.0000	0.0000	0.0000	0.0000	0.0000	0.0000	0.0000	0.0000	0.0000	0.0000	0.0000	0.0000	0.0000	0.0000	0.0000	0.0000	0.0046	0.0027	0.0019	0.0007	0.0006	0.0001	0.0039	0.0022	0.0017	0.0000	0.0000	0.0000	0.0000	0.0000	0.0000	0.0000	0.0000	0.0000	0.0000	0.0000	0.0000	0.0000	0.0000	0.0000	0.0000	0.0000	0.0000											
8	101	0.0483	5	1	1	1	2	0	0	0	0	N	N	N	Y	N	N	N	N	N	N	N	N	0.0000	0.0000	0.0000	0.0000	0.0000	0.0000	0.0000	0.0000	0.0000	0.0000	0.0000	0.0000	0.0000	0.0000	0.0000	0.0000	0.0000	0.0000	0.0000	0.0000	0.0000	5.8899	1.0000	3.1847	0.0000	0.0000	0.0000	0.0000	0.0000	0.0000	0.0000	0.0000	0.0000	0.0000	0.0000	0.0000	0.0000	0.0000	0.0000	0.0000	0.0000	0.0000	0.0000	0.0000	0.0000	0.0000	0.0000	0.0000	0.0000	0.0000	0.0000	0.0216	0.0130	0.0085	0.0033	0.0028	0.0005	0.0183	0.0103	0.0080	0.0000	0.0000	0.0000	0.0000	0.0000	0.0000	0.0000	0.0000	0.0000	0.0000	0.0000	0.0000	0.0000	0.0000	0.0000	0.0000	0.0000	0.0000											
8	102	0.2002	7	2	2	0	1	0	0	0	0	Y	Y	N	N	N	N	N	N	N	N	N	N	0.0000	0.0000	0.0000	0.0000	0.0000	0.0000	0.0000	0.0000	0.0000	0.0000	0.0000	0.0000	0.0000	0.0000	0.0000	0.0000	0.0000	0.0000	0.0000	0.0000	0.0000	0.0000	1.0000	0.0000	0.0000	0.0000	0.0000	0.0000	0.0000	0.0000	0.0000	0.0000	0.0000	0.0000	0.0000	0.0000	0.0000	0.0000	0.0000	0.0000	0.0000	0.0000	0.0000	0.0000	0.0000	0.0000	0.0000	0.0000	0.0000	0.0000	0.0000	0.0000	0.0000	0.0000	0.0000	0.0000	0.0000	0.0000	0.0000	0.0000	0.0000	0.0000	0.0000	0.0000	0.0000	0.0000	0.0000	0.0000	0.0000	0.0000	0.0000	0.0000	0.0000	0.0000	0.0000	0.0000	0.0000	0.0000											
8	103	0.1009	6	2	2	0	1	0	0	0	0	Y	Y	N	N	N	N	N	N	N	N	N	N	0.0000	0.0000	0.0000	0.0000	0.0000	0.0000	0.0000	0.0000	0.0000	0.0000	0.0000	0.0000	0.0000	0.0000	0.0000	0.0000	0.0000	0.0000	0.0000	0.0000	0.0000	8.0012	1.0000	14.0016	0.0000	0.0000	0.0000	0.0000	0.0000	0.0000	0.0000	0.0000	0.0000	0.0000	0.0000	0.0000	0.0000	0.0000	0.0000	0.0000	0.0000	0.0000	0.0000	0.0000	0.0000	0.0000	0.0000	0.0000	0.0000	0.0000	0.0000	0.0423	0.0252	0.0171	0.0084	0.0067	0.0017	0.0339	0.0185	0.0154	0.0000	0.0000	0.0000	0.0000	0.0000	0.0000	0.0000	0.0000	0.0000	0.0000	0.0000	0.0000	0.0000	0.0000	0.0000	0.0000	0.0000	0.0000											
8	104	0.1638	7	1	2	0	1	0	0	0	0	N	Y	N	N	N	N	N	N	N	N	N	N	0.0000	0.0000	0.0000	0.0000	0.0000	0.0000	0.0000	0.0000	0.0000	0.0000	0.0000	0.0000	0.0000	0.0000	0.0000	0.0000	0.0000	0.0000	0.0000	0.0000	0.0000	2.0010	1.0000	1.0153	0.0000	0.0000	0.0000	0.0000	0.0000	0.0000	0.0000	0.0000	0.0000	0.0000	0.0000	0.0000	0.0000	0.0000	0.0000	0.0000	0.0000	0.0000	0.0000	0.0000	0.0000	0.0000	0.0000	0.0000	0.0000	0.0000	0.0000	0.0070	0.0044	0.0027	0.0019	0.0016	0.0003	0.0051	0.0027	0.0024	0.0000	0.0000	0.0000	0.0000	0.0000	0.0000	0.0000	0.0000	0.0000	0.0000	0.0000	0.0000	0.0000	0.0000	0.0000	0.0000	0.0000	0.0000											
8	105	0.1009	6	1	2	0	1	0	0	0	0	N	Y	N	N	N	N	N	N	N	N	N	N	0.0000	0.0000	0.0000	0.0000	0.0000	0.0000	0.0000	0.0000	0.0000	0.0000	0.0000	0.0000	0.0000	0.0000	0.0000	0.0000	0.0000	0.0000	0.0000	0.0000	0.0000	3.0162	1.0000	11.0438	0.0000	0.0000	0.0000	0.0000	0.0000	0.0000	0.0000	0.0000	0.0000	0.0000	0.0000	0.0000	0.0000	0.0000	0.0000	0.0000	0.0000	0.0000	0.0000	0.0000	0.0000	0.0000	0.0000	0.0000	0.0000	0.0000	0.0000	0.0287	0.0171	0.0117	0.0058	0.0046	0.0012	0.0230	0.0125	0.0105	0.0000	0.0000	0.0000	0.0000	0.0000	0.0000	0.0000	0.0000	0.0000	0.0000	0.0000	0.0000	0.0000	0.0000	0.0000	0.0000	0.0000	0.0000											
8	106	0.0083	3	2	2	0	1	0	0	0	0	Y	Y	N	N	N	N	N	N	N	N	N	N	0.0000	0.0000	0.0000	0.0000	0.0000	0.0000	0.0000	0.0000	0.0000	0.0000	0.0000	0.0000	0.0000	0.0000	0.0000	0.0000	0.0000	0.0000	0.0000	0.0000	0.0000	1.0000	1.0000	1.0000	0.0000	0.0000	0.0000	0.0000	0.0000	0.0000	0.0000	0.0000	0.0000	0.0000	0.0000	0.0000	0.0000	0.0000	0.0000	0.0000	0.0000	0.0000	0.0000	0.0000	0.0000	0.0000	0.0000	0.0000	0.0000	0.0000	0.0000	0.0049	0.0028	0.0021	0.0003	0.0002	0.0001	0.0046	0.0026	0.0020	0.0000	0.0000	0.0000	0.0000	0.0000	0.0000	0.0000	0.0000	0.0000	0.0000	0.0000	0.0000	0.0000	0.0000	0.0000	0.0000	0.0000	0.0000											
8	107	0.0042	2	2	2	0	1	0	0	0	0	Y	Y	N	N	N	N	N	N	N	N	N	N	0.0000	0.0000	0.0000	0.0000	0.0000	0.0000	0.0000	0.0000	0.0000	0.0000	0.0000	0.0000	0.0000	0.0000	0.0000	0.0000	0.0000	0.0000	0.0000	0.0000	0.0000	0.0000	1.0000	0.9999	0.0000	0.0000	0.0000	0.0000	0.0000	0.0000	0.0000	0.0000	0.0000	0.0000	0.0000	0.0000	0.0000	0.0000	0.0000	0.0000	0.0000	0.0000	0.0000	0.0000	0.0000	0.0000	0.0000	0.0000	0.0000	0.0000	0.0000	0.0025	0.0014	0.0011	0.0000	0.0000	0.0000	0.0025	0.0014	0.0011	0.0000	0.0000	0.0000	0.0000	0.0000	0.0000	0.0000	0.0000	0.0000	0.0000	0.0000	0.0000	0.0000	0.0000	0.0000	0.0000	0.0000	0.0000											
8	115	0.2935	9	1	1	0	1	0	0	0	0	N	N	N	N	N	N	N	N	N	N	N	N	0.0000	0.0000	0.0000	0.0000	0.0000	0.0000	0.0000	0.0000	0.0000	0.0000	0.0000	0.0000	0.0000	0.0253	0.0348	0.0000	0.0524	0.0609	0.0000	0.0000	0.0000	0.0000	0.0000	0.0000	-0.0011	0.0000	8.9918	1.0000	13.3277	0.0000	0.0000	0.0000	0.0000	0.0000	0.0000	0.0000	0.0000	0.0000	0.0021	0.0021	0.0000	0.0021	0.0021	0.0000	0.0000	0.0000	0.0000	0.0000	0.0000	0.0000	0.0000	0.0000	0.0000	0.0000	0.0000	0.0000	0.0834	0.0606	0.0228	0.0402	0.0346	0.0056	0.0432	0.0259	0.0172	0.0000	0.0000	0.0000	0.0000	0.0000	0.0000	0.0000	0.0000	0.0000	0.0253	0.0348	0.0000	0.0524	0.0609	0.0000	0.0000	0.0000	0.0000						
9	10	0.1617	9	1	0	2	0	0	0	0	0	N	N	Y	N	N	N	N	N	N	N	N	N	0.0000	0.0000	0.0000	0.0000	0.0000	0.0000	0.0000	0.0000	0.0000	0.0000	0.0000	0.0000	0.0000	0.0000	0.0000	0.0000	0.0000	0.0000	0.0000	0.0000	1.9984	0.0000	4.0415	2.0012	0.0000	0.0000	0.0000	0.0000	0.0000	0.0000	0.0000	0.0000	0.0000	0.0000	0.0000	0.0000	0.0000	0.0000	0.0000	0.0000	0.0000	0.0000	0.0000	0.0000	0.0000	0.0000	0.0000	0.0000	0.0000	0.0000	0.0000	0.0278	0.0147	0.0132	0.0036	0.0029	0.0007	0.0242	0.0118	0.0124	0.0000	0.0000	0.0000	0.0000	0.0000	0.0000	0.0000	0.0000	0.0000	0.0000	0.0000	0.0000	0.0000	0.0000	0.0000	0.0000	0.0000	0.0000											
9	11	0.1561	7	1	0	2	0	0	0	0	0	N	N	Y	N	N	N	N	N	N	N	N	N	0.0000	0.0000	0.0000	0.0000	0.0000	0.0000	0.0000	0.0000	0.0000	0.0000	0.0000	0.0000	0.0000	0.0000	0.0000	0.0002	0.0003	0.0000	0.0012	0.0014	0.0000	0.0000	0.0000	0.0000	0.0000	0.0000	-0.0000	1.9984	5.0149	4.0415	7.0912	0.0000	0.0000	0.0000	0.0000	0.0000	0.0000	0.0000	0.0000	0.0000	0.0000	0.0000	0.0000	0.0000	0.0000	0.0000	0.0000	0.0000	0.0000	0.1310	0.1119	0.0191	0.0090	0.0085	0.0005	0.1220	0.1034	0.0186	0.1388	0.0868	0.0519	0.0258	0.0213	0.0045	0.1129	0.0656	0.0474	0.0000	0.0000	0.0000	0.0000	0.0000	0.0000	0.0000	0.0000	0.0000	0.0002	0.0003	0.0000	0.0012	0.0014	0.0000	0.0000	0.0000	0.0000				
9	12	0.0536	3	2	1	1	0	0	0	0	0	Y	N	N	N	N	N	N	N	N	N	N	N	0.0000	0.0000	0.0000	0.0000	0.0000	0.0000	0.0000	0.0000	0.0000	0.0000	0.0000	0.0000	0.0000	0.0000	0.0000	0.0000	0.0008	0.0007	0.0010	0.0059	0.0068	0.0000	0.0005	0.0000	0.0010	1.2500	0.0000	0.0000	1.9984	3.0000	4.0415	5.0000	0.0000	0.0000	0.0000	0.0000	0.0000	0.0000	0.0000	0.0000	0.0000	0.0001	0.0000	0.0001	0.0000	0.0000	0.0000	0.0001	0.0000	0.0001	0.0786	0.0667	0.0118	0.0001	0.0001	0.0000	0.0785	0.0667	0.0118	0.1074	0.0567	0.0506	0.0068	0.0059	0.0009	0.1006	0.0508	0.0497	0.0000	0.0000	0.0000	0.0000	0.0000	0.0000	0.0000	0.0000	0.0000	0.0008	0.0007	0.0010	0.0059	0.0068	0.0000	0.0005	0.0000	0.0010			
9	13	0.1870	6	1	0	2	1	0	0	0	0	N	N	Y	N	N	N	N	N	N	N	N	N	0.0000	0.0000	0.0000	0.0000	0.0000	0.0000	0.0000	0.0000	0.0000	0.0000	0.0000	0.0000	0.0000	0.0000	0.0000	0.0000	0.0000	0.0000	0.0000	0.0000	1.9984	0.0000	4.0415	0.0000	0.0000	0.0000	0.0000	0.0000	0.0000	0.0000	0.0000	0.0000	0.0000	0.0000	0.0000	0.0000	0.0000	0.0000	0.0000	0.0000	0.0000	0.0000	0.0000	0.0000	0.0000	0.0000	0.0000	0.0000	0.0000	0.0000	0.0000	0.0000	0.0000	0.0000	0.0000	0.0000	0.0000	0.0000	0.0000	0.0000	0.0000	0.0000	0.0000	0.0000	0.0000	0.0000	0.0000	0.0000	0.0000	0.0000	0.0000	0.0000	0.0000	0.0000	0.0000	0.0000	0.0000	0.0000											
9	14	0.0536	3	1	1	1	0	0	0	0	0	N	N	N	N	N	N	N	N	N	N	N	N	inf	inf	inf	inf	18.8925	0.0000	124.9669	0.0000	0.0000	0.0000	18.9111	0.0000	124.9685	0.0000	0.0000	0.0000	0.0000	0.0000	0.0000	0.0000	0.0000	0.0000	inf	0.5378	0.0000	1.9984	2.0000	4.0415	8.0000	0.9991	0.0000	0.9991	0.0000	0.0000	0.0000	0.9991	0.0000	0.9991	0.0000	0.0000	0.0000	0.0000	0.0000	0.0000	0.0000	0.0000	0.0000	0.0529	0.0449	0.0080	0.0001	0.0001	0.0000	0.0528	0.0448	0.0080	0.1317	0.0699	0.0618	0.0084	0.0073	0.0011	0.1233	0.0626	0.0607	inf	0.0000	inf	0.0000	0.0000	0.0000	inf	0.0000	inf	0.0000	0.0000	0.0000	0.0000	0.0000	0.0000	0.0000	0.0000	0.0000						
9	15	0.1613	6	1	0	1	1	0	0	0	0	N	N	N	N	N	N	N	N	N	N	N	N	inf	inf	inf	inf	0.1214	0.0000	0.8317	0.0000	0.0000	0.0000	0.1319	0.0000	0.8567	0.0000	0.0000	0.0000	0.0000	0.0000	0.0000	0.0000	0.0000	0.0000	inf	0.0036	0.0000	1.9984	2.0066	4.0415	2.0000	0.0066	0.0000	0.0066	0.0000	0.0000	0.0000	0.0066	0.0000	0.0066	0.0000	0.0000	0.0000	0.0000	0.0000	0.0000	0.0000	0.0000	0.0000	0.0546	0.0466	0.0080	0.0043	0.0041	0.0002	0.0502	0.0425	0.0077	0.0474	0.0292	0.0181	0.0071	0.0059	0.0012	0.0402	0.0233	0.0169	inf	0.0000	inf	0.0000	0.0000	0.0000	inf	0.0000	inf	0.0000	0.0000	0.0000	0.0000	0.0000	0.0000	0.0000	0.0000	0.0000						
9	16	0.1519	6	1	1	1	1	0	0	0	0	N	N	N	N	N	N	N	N	N	N	N	N	0.0000	0.0000	0.0000	0.0000	0.0000	0.0000	0.0000	0.0000	0.0000	0.0000	0.0000	0.0000	0.0000	0.0000	0.0000	0.0000	0.0000	0.0000	0.0000	0.0000	1.9984	24.0000	4.0415	5.0000	0.0000	0.0000	0.0000	0.0000	0.0000	0.0000	0.0000	0.0000	0.0000	0.0000	0.0000	0.0000	0.0000	0.0000	0.0000	0.0000	0.0000	0.0000	0.5250	0.4524	0.0726	0.0242	0.0230	0.0012	0.5009	0.4294	0.0714	0.2866	0.1768	0.1098	0.0486	0.0390	0.0095	0.2380	0.1378	0.1002	0.0000	0.0000	0.0000	0.0000	0.0000	0.0000	0.0000	0.0000	0.0000	0.0000	0.0000	0.0000	0.0000	0.0000	0.0000	0.0000	0.0000	0.0000											
9	17	0.0724	5	1	1	1	0	0	0	0	0	N	N	N	N	N	N	N	N	N	N	N	N	122678.1317	0.0000	141327028.8809	0.0000	0.0000	44672550.4508	138802410.8030	37.0707	0.0000	244.7975	0.0000	0.0000	0.0000	37.2744	0.0000	244.8096	0.0003	0.0005	0.0000	0.0018	0.0019	0.0000	0.0000	0.0000	0.0000	inf	0.0023	0.5366	-0.0000	1.9984	0.9987	4.0415	5.5397	0.9970	0.0000	0.9970	0.0000	0.0000	0.0000	0.9970	0.0000	0.9970	0.0000	0.0000	0.0000	0.0000	0.0000	0.0000	0.0000	0.0000	0.0000	0.0269	0.0228	0.0041	0.0001	0.0001	0.0000	0.0267	0.0227	0.0041	0.1143	0.0684	0.0460	0.0195	0.0184	0.0011	0.0948	0.0500	0.0448	122678.1317	0.0000	141327028.8809	0.0000	0.0000	0.0000	44672550.4508	0.0000	138802410.8030	0.0003	0.0005	0.0000	0.0018	0.0019	0.0000	0.0000	0.0000	0.0000		
9	18	0.1613	6	1	1	1	1	0	0	0	0	N	N	N	N	N	N	N	N	N	N	N	N	inf	inf	inf	inf	35.9942	42.1591	0.0000	426.4264	448.9414	0.0000	0.0000	0.0000	0.0000	0.0000	0.0000	0.0000	0.0000	0.0000	0.0000	0.0000	0.0000	0.0000	0.0000	-0.4583	0.0000	1.9984	0.9934	4.0415	0.0000	0.9924	0.9924	0.0000	0.9924	0.9924	0.0000	0.0000	0.0000	0.0000	0.0000	0.0000	0.0000	0.0000	0.0000	0.0000	0.0000	0.0000	0.0000	0.0276	0.0235	0.0040	0.0023	0.0022	0.0001	0.0252	0.0213	0.0039	0.0120	0.0074	0.0046	0.0018	0.0015	0.0003	0.0102	0.0059	0.0043	inf	inf	0.0000	inf	inf	0.0000	0.0000	0.0000	0.0000	0.0000	0.0000	0.0000	0.0000	0.0000	0.0000	0.0000	0.0000	0.0000						
9	19	0.0954	4	2	1	1	0	0	0	0	0	Y	N	N	N	N	N	N	N	N	N	N	N	0.4848	0.9935	0.4613	0.9602	0.0504	0.0000	0.3405	0.0000	0.0000	0.0000	0.0535	0.0000	0.3476	0.1040	0.0000	0.3428	0.0000	0.0000	0.0000	0.1160	0.0000	0.3620	inf	inf	0.0007	0.0044	1.9984	1.0015	4.0415	7.0016	0.0014	0.0000	0.0014	0.0000	0.0000	0.0000	0.0014	0.0000	0.0014	0.0095	0.0000	0.0095	0.0000	0.0000	0.0000	0.0095	0.0000	0.0095	0.0272	0.0231	0.0040	0.0016	0.0015	0.0001	0.0256	0.0216	0.0039	0.0911	0.0549	0.0362	0.0094	0.0080	0.0015	0.0817	0.0470	0.0347	0.4848	0.0000	1.3000	0.0000	0.0000	0.0000	0.4613	0.0000	1.2732	0.1040	0.0000	0.2620	0.0000	0.0000	0.0000	0.1160	0.0000	0.2730					
9	20	0.1584	5	1	1	1	0	0	0	0	0	N	N	N	N	N	N	N	N	N	N	N	N	0.0000	0.0000	0.0000	0.0000	0.0000	0.0000	0.0000	0.0000	0.0000	0.0000	0.0000	0.0000	0.0000	0.0000	0.0000	0.0000	0.0000	0.0003	0.0004	0.0000	0.0013	0.0016	0.0000	0.0000	0.0000	0.0000	0.0087	0.0000	-0.0000	1.9984	1.0004	4.0415	2.0077	0.0000	0.0000	0.0000	0.0000	0.0000	0.0000	0.0000	0.0000	0.0000	0.0000	0.0000	0.0000	0.0000	0.0000	0.0000	0.0000	0.0000	0.0000	0.0270	0.0230	0.0040	0.0016	0.0015	0.0001	0.0254	0.0215	0.0039	0.0378	0.0235	0.0143	0.0081	0.0063	0.0018	0.0297	0.0172	0.0125	0.0000	0.0000	0.0000	0.0000	0.0000	0.0000	0.0000	0.0000	0.0000	0.0003	0.0004	0.0000	0.0013	0.0016	0.0000	0.0000	0.0000	0.0000		
9	21	0.1826	7	1	0	1	1	0	0	0	0	N	N	N	N	N	N	N	N	N	N	N	N	0.0000	0.0000	0.0000	0.0000	0.0000	0.0000	0.0000	0.0000	0.0000	0.0000	0.0000	0.0000	0.0000	0.0000	0.0000	0.0000	0.0000	0.0000	0.0000	0.0000	1.9984	2.0000	4.0415	1.0003	0.0000	0.0000	0.0000	0.0000	0.0000	0.0000	0.0000	0.0000	0.0000	0.0000	0.0000	0.0000	0.0000	0.0000	0.0000	0.0000	0.0000	0.0000	0.0533	0.0454	0.0079	0.0030	0.0028	0.0001	0.0503	0.0425	0.0077	0.0367	0.0226	0.0141	0.0057	0.0046	0.0011	0.0310	0.0180	0.0130	0.0000	0.0000	0.0000	0.0000	0.0000	0.0000	0.0000	0.0000	0.0000	0.0000	0.0000	0.0000	0.0000	0.0000	0.0000	0.0000	0.0000	0.0000											
9	22	0.0861	5	2	0	2	0	0	0	0	0	Y	N	Y	N	N	N	N	N	N	N	N	N	51.3309	115.3832	84.1795	113.9723	8.4622	0.0000	64.7363	0.0000	0.0000	0.0000	13.9900	0.0000	64.9681	0.1649	0.0000	0.5611	0.0000	0.0000	0.0000	0.1662	0.0000	0.5700	inf	inf	0.0000	0.0043	1.9984	0.0000	4.0415	4.9921	0.0000	0.0000	0.0000	0.0000	0.0000	0.0000	0.0000	0.0000	0.0000	0.0095	0.0000	0.0095	0.0000	0.0000	0.0000	0.0095	0.0000	0.0095	0.0000	0.0000	0.0000	0.0000	0.0000	0.0000	0.0000	0.0000	0.0000	0.0617	0.0375	0.0242	0.0048	0.0043	0.0006	0.0569	0.0333	0.0236	55.2535	0.0000	165.6646	0.0000	0.0000	0.0000	84.1795	0.0000	162.1894	0.1532	0.0000	0.3908	0.0000	0.0000	0.0000	0.1662	0.0000	0.4006					
9	23	0.1536	7	1	1	1	0	0	0	0	0	N	N	N	N	N	N	N	N	N	N	N	N	1463.5956	inf	0.0000	inf	inf	0.0000	0.0000	0.0149	0.0175	0.0000	0.5629	0.6040	0.0000	0.0000	0.0000	0.0000	0.0000	0.0000	0.0000	0.0000	0.0000	0.0000	0.0000	0.0000	0.0000	0.0000	inf	-0.0004	0.0000	1.9984	1.9996	4.0415	0.0142	0.0008	0.0008	0.0000	0.0008	0.0008	0.0000	0.0000	0.0000	0.0000	0.0000	0.0000	0.0000	0.0000	0.0000	0.0000	0.0000	0.0000	0.0000	0.0535	0.0455	0.0080	0.0014	0.0013	0.0001	0.0521	0.0442	0.0079	0.0279	0.0146	0.0132	0.0034	0.0027	0.0007	0.0245	0.0119	0.0126	1463.5956	inf	0.0000	inf	inf	0.0000	0.0000	0.0000	0.0000	0.0000	0.0000	0.0000	0.0000	0.0000	0.0000	0.0000	0.0000	0.0000		
9	24	0.0954	4	1	1	1	0	0	0	0	0	N	N	N	N	N	N	N	N	N	N	N	N	56800.4370	40186.8268	106077.3876	94444.8650	12.5478	14.7126	0.0000	223.5767	236.1607	0.0000	0.0000	0.0000	0.0000	0.0002	0.0004	0.0000	0.0021	0.0025	0.0000	0.0000	0.0000	0.0000	0.0000	0.0000	-0.4607	-0.0000	1.9984	2.9988	4.0415	13.9984	0.9977	0.9977	0.0000	0.9977	0.9977	0.0000	0.0000	0.0000	0.0000	0.0000	0.0000	0.0000	0.0000	0.0000	0.0000	0.0000	0.0000	0.0000	0.0795	0.0678	0.0117	0.0045	0.0042	0.0002	0.0750	0.0636	0.0115	0.1811	0.1093	0.0718	0.0190	0.0160	0.0030	0.1621	0.0933	0.0688	56800.4370	40186.8268	0.0000	106077.3876	94444.8650	0.0000	0.0000	0.0000	0.0000	0.0002	0.0004	0.0000	0.0021	0.0025	0.0000	0.0000	0.0000	0.0000					
9	25	0.0536	3	2	1	1	0	0	0	0	0	Y	N	N	N	N	N	N	N	N	N	N	N	0.0000	0.0000	0.0000	0.0000	0.0000	0.0000	0.0000	0.0000	0.0000	0.0000	0.0000	0.0000	0.0000	0.0000	0.0000	0.0000	0.0000	0.0000	0.0000	0.0000	1.9984	6.0000	4.0415	4.0000	0.0000	0.0000	0.0000	0.0000	0.0000	0.0000	0.0000	0.0000	0.0000	0.0000	0.0000	0.0000	0.0000	0.0000	0.0000	0.0000	0.0000	0.0000	0.1528	0.1300	0.0228	0.0001	0.0001	0.0000	0.1527	0.1299	0.0228	0.1317	0.0699	0.0618	0.0084	0.0073	0.0011	0.1233	0.0626	0.0607	0.0000	0.0000	0.0000	0.0000	0.0000	0.0000	0.0000	0.0000	0.0000	0.0000	0.0000	0.0000	0.0000	0.0000	0.0000	0.0000	0.0000	0.0000											
9	26	0.1576	8	1	1	1	0	0	0	0	0	N	N	N	N	N	N	N	N	N	N	N	N	0.0000	0.0000	0.0000	0.0000	0.0000	0.0000	0.0000	0.0000	0.0000	0.0000	0.0000	0.0000	0.0000	0.0000	0.0000	0.0000	0.0000	0.0000	0.0000	0.0000	1.9984	0.0000	4.0415	2.0002	0.0000	0.0000	0.0000	0.0000	0.0000	0.0000	0.0000	0.0000	0.0000	0.0000	0.0000	0.0000	0.0000	0.0000	0.0000	0.0000	0.0000	0.0000	0.0000	0.0000	0.0000	0.0000	0.0000	0.0000	0.0000	0.0000	0.0000	0.0277	0.0146	0.0131	0.0034	0.0027	0.0007	0.0243	0.0119	0.0125	0.0000	0.0000	0.0000	0.0000	0.0000	0.0000	0.0000	0.0000	0.0000	0.0000	0.0000	0.0000	0.0000	0.0000	0.0000	0.0000	0.0000	0.0000											
9	27	0.1519	6	2	1	1	0	0	0	0	0	Y	N	N	N	N	N	N	N	N	N	N	N	0.0000	0.0000	0.0000	0.0000	0.0000	0.0000	0.0000	0.0000	0.0000	0.0000	0.0000	0.0000	0.0000	0.0000	0.0000	0.0000	0.0000	0.0000	0.0000	0.0000	1.9984	1.0000	4.0415	3.9850	0.0000	0.0000	0.0000	0.0000	0.0000	0.0000	0.0000	0.0000	0.0000	0.0000	0.0000	0.0000	0.0000	0.0000	0.0000	0.0000	0.0000	0.0000	0.0268	0.0229	0.0040	0.0013	0.0013	0.0001	0.0255	0.0216	0.0039	0.0599	0.0372	0.0228	0.0103	0.0084	0.0019	0.0496	0.0288	0.0209	0.0000	0.0000	0.0000	0.0000	0.0000	0.0000	0.0000	0.0000	0.0000	0.0000	0.0000	0.0000	0.0000	0.0000	0.0000	0.0000	0.0000	0.0000											
9	28	0.0536	3	1	1	1	0	0	0	0	0	N	N	N	N	N	N	N	N	N	N	N	N	inf	inf	inf	inf	7.7739	0.0000	51.9546	0.0000	0.0000	0.0000	7.7815	0.0000	51.9553	0.0000	0.0000	0.0000	0.0000	0.0000	0.0000	0.0000	0.0000	0.0000	inf	0.5379	0.0000	1.9984	5.0000	4.0415	4.0000	0.9993	0.0000	0.9993	0.0000	0.0000	0.0000	0.9993	0.0000	0.9993	0.0000	0.0000	0.0000	0.0000	0.0000	0.0000	0.0000	0.0000	0.0000	0.1285	0.1093	0.0192	0.0001	0.0001	0.0000	0.1284	0.1092	0.0192	0.1197	0.0634	0.0563	0.0076	0.0066	0.0010	0.1121	0.0568	0.0553	inf	0.0000	inf	0.0000	0.0000	0.0000	inf	0.0000	inf	0.0000	0.0000	0.0000	0.0000	0.0000	0.0000	0.0000	0.0000	0.0000						
9	29	0.0536	3	1	1	1	0	0	0	0	0	N	N	N	N	N	N	N	N	N	N	N	N	0.0000	0.0000	0.0000	0.0000	0.0000	0.0000	0.0000	0.0000	0.0000	0.0000	0.0000	0.0000	0.0000	0.0004	0.0000	0.0009	0.0000	0.0000	0.0000	0.0004	0.0000	0.0009	inf	0.0000	0.0000	1.9984	3.0000	4.0415	6.0000	0.0000	0.0000	0.0000	0.0000	0.0000	0.0000	0.0000	0.0000	0.0000	0.0001	0.0000	0.0001	0.0000	0.0000	0.0000	0.0001	0.0000	0.0001	0.0786	0.0667	0.0118	0.0001	0.0001	0.0000	0.0785	0.0667	0.0118	0.1197	0.0634	0.0563	0.0076	0.0066	0.0010	0.1121	0.0568	0.0553	0.0000	0.0000	0.0000	0.0000	0.0000	0.0000	0.0000	0.0000	0.0000	0.0004	0.0000	0.0009	0.0000	0.0000	0.0000	0.0004	0.0000	0.0009						
9	30	0.1862	8	1	1	2	1	0	0	0	0	N	N	Y	N	N	N	N	N	N	N	N	N	0.0000	0.0000	0.0000	0.0000	0.0000	0.0000	0.0000	0.0000	0.0000	0.0000	0.0000	0.0000	0.0000	0.0000	0.0000	0.0000	0.0000	0.0000	0.0000	0.0000	1.9984	0.0000	4.0415	3.0000	0.0000	0.0000	0.0000	0.0000	0.0000	0.0000	0.0000	0.0000	0.0000	0.0000	0.0000	0.0000	0.0000	0.0000	0.0000	0.0000	0.0000	0.0000	0.0000	0.0000	0.0000	0.0000	0.0000	0.0000	0.0000	0.0000	0.0000	0.0351	0.0223	0.0128	0.0119	0.0090	0.0029	0.0232	0.0133	0.0099	0.0000	0.0000	0.0000	0.0000	0.0000	0.0000	0.0000	0.0000	0.0000	0.0000	0.0000	0.0000	0.0000	0.0000	0.0000	0.0000	0.0000	0.0000											
9	31	0.1692	7	1	0	1	1	0	0	0	0	N	N	N	N	N	N	N	N	N	N	N	N	0.0000	0.0000	0.0000	0.0000	0.0000	0.0000	0.0000	0.0000	0.0000	0.0000	0.0000	0.0000	0.0000	0.0002	0.0003	0.0000	0.0006	0.0007	0.0000	0.0000	0.0000	0.0000	0.0000	0.0000	-0.0000	1.9984	0.9783	4.0415	3.0423	0.0000	0.0000	0.0000	0.0000	0.0000	0.0000	0.0000	0.0000	0.0000	0.0000	0.0000	0.0000	0.0000	0.0000	0.0000	0.0000	0.0000	0.0000	0.0278	0.0237	0.0041	0.0021	0.0020	0.0001	0.0257	0.0217	0.0040	0.0565	0.0370	0.0195	0.0179	0.0145	0.0034	0.0385	0.0225	0.0161	0.0000	0.0000	0.0000	0.0000	0.0000	0.0000	0.0000	0.0000	0.0000	0.0002	0.0003	0.0000	0.0006	0.0007	0.0000	0.0000	0.0000	0.0000						
9	32	0.0954	4	1	1	1	0	0	0	0	0	N	N	N	N	N	N	N	N	N	N	N	N	inf	inf	inf	inf	5.5872	6.5369	0.0000	101.6397	107.3627	0.0000	0.0000	0.0000	0.0000	0.0000	0.0000	0.0000	0.0000	0.0000	0.0000	0.0000	0.0000	0.0000	0.0000	-0.4607	0.0000	1.9984	6.9988	4.0415	9.0016	0.9977	0.9977	0.0000	0.9977	0.9977	0.0000	0.0000	0.0000	0.0000	0.0000	0.0000	0.0000	0.0000	0.0000	0.0000	0.0000	0.0000	0.0000	0.1786	0.1526	0.0259	0.0098	0.0093	0.0005	0.1688	0.1433	0.0254	0.1717	0.1036	0.0681	0.0180	0.0151	0.0028	0.1537	0.0884	0.0653	inf	inf	0.0000	inf	inf	0.0000	0.0000	0.0000	0.0000	0.0000	0.0000	0.0000	0.0000	0.0000	0.0000	0.0000	0.0000	0.0000						
9	33	0.1963	9	2	1	1	0	0	0	0	0	Y	N	N	N	N	N	N	N	N	N	N	N	0.0000	0.0000	0.0000	0.0000	0.0000	0.0000	0.0000	0.0000	0.0000	0.0000	0.0000	0.0000	0.0000	0.0000	0.0000	0.0000	0.0000	0.0000	0.0000	0.0000	1.9984	0.0000	4.0415	0.0000	0.0000	0.0000	0.0000	0.0000	0.0000	0.0000	0.0000	0.0000	0.0000	0.0000	0.0000	0.0000	0.0000	0.0000	0.0000	0.0000	0.0000	0.0000	0.0000	0.0000	0.0000	0.0000	0.0000	0.0000	0.0000	0.0000	0.0000	0.0000	0.0000	0.0000	0.0000	0.0000	0.0000	0.0000	0.0000	0.0000	0.0000	0.0000	0.0000	0.0000	0.0000	0.0000	0.0000	0.0000	0.0000	0.0000	0.0000	0.0000	0.0000	0.0000	0.0000	0.0000	0.0000	0.0000											
9	34	0.1519	6	1	1	1	1	0	0	0	0	N	N	N	N	N	N	N	N	N	N	N	N	0.0000	0.0000	0.0000	0.0000	0.0000	0.0000	0.0000	0.0000	0.0000	0.0000	0.0000	0.0000	0.0000	0.0000	0.0000	7.4170	0.0000	39.1543	0.0035	0.0000	0.0184	8.9159	0.0000	41.4603	inf	0.0000	0.4594	1.9984	5.0000	4.0415	6.9850	0.0000	0.0000	0.0000	0.0000	0.0000	0.0000	0.0000	0.0000	0.0000	0.9987	0.0000	0.9987	0.0001	0.0000	0.0001	0.9986	0.0000	0.9986	0.1292	0.1103	0.0190	0.0063	0.0060	0.0003	0.1229	0.1043	0.0186	0.1346	0.0831	0.0515	0.0226	0.0183	0.0043	0.1120	0.0648	0.0472	0.0000	0.0000	0.0000	0.0000	0.0000	0.0000	0.0000	0.0000	0.0000	7.4170	0.0000	19.3903	0.0035	0.0000	0.0184	8.9159	0.0000	21.1768				
9	35	0.0954	4	2	1	1	0	0	0	0	0	Y	N	N	N	N	N	N	N	N	N	N	N	inf	inf	inf	inf	18.6341	21.8608	0.0000	328.8649	347.2835	0.0000	0.0000	0.0000	0.0000	0.0000	0.0000	0.0000	0.0000	0.0000	0.0000	0.0000	0.0000	0.0000	0.0000	-0.4607	0.0000	1.9984	1.9985	4.0415	17.9985	0.9977	0.9977	0.0000	0.9977	0.9977	0.0000	0.0000	0.0000	0.0000	0.0000	0.0000	0.0000	0.0000	0.0000	0.0000	0.0000	0.0000	0.0000	0.0535	0.0456	0.0079	0.0030	0.0029	0.0002	0.0505	0.0428	0.0077	0.2085	0.1258	0.0827	0.0219	0.0185	0.0035	0.1865	0.1073	0.0792	inf	inf	0.0000	inf	inf	0.0000	0.0000	0.0000	0.0000	0.0000	0.0000	0.0000	0.0000	0.0000	0.0000	0.0000	0.0000	0.0000						
9	36	0.2186	7	1	0	2	0	0	0	0	0	N	N	Y	N	N	N	N	N	N	N	N	N	0.0000	0.0000	0.0000	0.0000	0.0000	0.0000	0.0000	0.0000	0.0000	0.0000	0.0000	0.0000	0.0000	0.0000	0.0000	0.0000	0.0000	0.0000	0.0000	0.0000	1.9984	0.0001	4.0415	0.9943	0.0000	0.0000	0.0000	0.0000	0.0000	0.0000	0.0000	0.0000	0.0000	0.0000	0.0000	0.0000	0.0000	0.0000	0.0000	0.0000	0.0000	0.0000	0.0000	0.0000	0.0000	0.0000	0.0000	0.0000	0.0000	0.0000	0.0000	0.0145	0.0097	0.0048	0.0043	0.0036	0.0007	0.0102	0.0061	0.0041	0.0000	0.0000	0.0000	0.0000	0.0000	0.0000	0.0000	0.0000	0.0000	0.0000	0.0000	0.0000	0.0000	0.0000	0.0000	0.0000	0.0000	0.0000											
9	37	0.1949	7	1	1	1	0	0	0	0	0	N	N	N	N	N	N	N	N	N	N	N	N	0.0000	0.0000	0.0000	0.0000	0.0000	0.0000	0.0000	0.0000	0.0000	0.0000	0.0000	0.0000	0.0000	0.0000	0.0000	0.0000	0.0000	0.0000	0.0000	0.0000	1.9984	2.0000	4.0415	2.0000	0.0000	0.0000	0.0000	0.0000	0.0000	0.0000	0.0000	0.0000	0.0000	0.0000	0.0000	0.0000	0.0000	0.0000	0.0000	0.0000	0.0000	0.0000	0.0534	0.0455	0.0079	0.0037	0.0035	0.0002	0.0497	0.0421	0.0076	0.0483	0.0306	0.0177	0.0132	0.0105	0.0027	0.0350	0.0201	0.0150	0.0000	0.0000	0.0000	0.0000	0.0000	0.0000	0.0000	0.0000	0.0000	0.0000	0.0000	0.0000	0.0000	0.0000	0.0000	0.0000	0.0000	0.0000											
9	38	0.0703	4	2	0	2	0	0	0	0	0	Y	N	Y	N	N	N	N	N	N	N	N	N	45024.3850	0.0000	inf	0.0000	0.0000	inf	inf	18.9173	0.0000	125.3144	0.0000	0.0000	0.0000	19.0179	0.0000	125.4928	0.0004	0.0008	0.0000	0.0055	0.0063	0.0000	0.0000	0.0000	0.0000	inf	0.0000	0.5378	-0.0000	1.9984	2.0000	4.0415	5.0000	0.9991	0.0000	0.9991	0.0000	0.0000	0.0000	0.9991	0.0000	0.9991	0.0000	0.0000	0.0000	0.0000	0.0000	0.0000	0.0000	0.0000	0.0000	0.0528	0.0448	0.0080	0.0003	0.0003	0.0000	0.0525	0.0446	0.0080	0.0952	0.0506	0.0446	0.0073	0.0064	0.0009	0.0879	0.0443	0.0436	45024.3850	0.0000	inf	0.0000	0.0000	0.0000	inf	0.0000	inf	0.0004	0.0008	0.0000	0.0055	0.0063	0.0000	0.0000	0.0000	0.0000		
9	39	0.1692	7	1	1	1	0	0	0	0	0	N	N	N	N	N	N	N	N	N	N	N	N	0.0000	0.0000	0.0000	0.0000	0.0000	0.0000	0.0000	0.0000	0.0000	0.0000	0.0000	0.0000	0.0000	0.0000	0.0000	0.0000	0.0001	0.0002	0.0000	0.0004	0.0005	0.0000	0.0000	0.0000	0.0000	0.0007	0.0000	-0.0000	1.9984	0.0217	4.0415	6.0735	0.0000	0.0000	0.0000	0.0000	0.0000	0.0000	0.0000	0.0000	0.0000	0.0000	0.0000	0.0000	0.0000	0.0000	0.0000	0.0000	0.0000	0.0000	0.0021	0.0018	0.0003	0.0008	0.0008	0.0000	0.0013	0.0010	0.0003	0.0799	0.0516	0.0283	0.0243	0.0193	0.0050	0.0556	0.0322	0.0233	0.0000	0.0000	0.0000	0.0000	0.0000	0.0000	0.0000	0.0000	0.0000	0.0001	0.0002	0.0000	0.0004	0.0005	0.0000	0.0000	0.0000	0.0000			
9	40	0.1519	6	1	0	1	0	0	0	0	0	N	N	N	N	N	N	N	N	N	N	N	N	0.0000	0.0000	0.0000	0.0000	0.0000	0.0000	0.0000	0.0000	0.0000	0.0000	0.0000	0.0000	0.0000	0.0000	0.0000	0.0000	0.0000	0.0002	0.0003	0.0000	0.0000	0.0000	0.0000	0.0002	0.0004	0.0000	0.0095	0.0000	-0.0000	1.9984	0.0217	4.0415	4.0395	0.0000	0.0000	0.0000	0.0000	0.0000	0.0000	0.0000	0.0000	0.0000	0.0000	0.0000	0.0000	0.0000	0.0000	0.0000	0.0000	0.0000	0.0000	0.0006	0.0005	0.0001	0.0000	0.0000	0.0000	0.0006	0.0005	0.0001	0.0495	0.0307	0.0187	0.0086	0.0070	0.0015	0.0409	0.0237	0.0172	0.0000	0.0000	0.0000	0.0000	0.0000	0.0000	0.0000	0.0000	0.0000	0.0002	0.0003	0.0000	0.0000	0.0000	0.0000	0.0002	0.0004	0.0000		
9	41	0.1519	6	1	1	1	1	0	0	0	0	N	N	N	N	N	N	N	N	N	N	N	N	0.0000	0.0000	0.0000	0.0000	0.0000	0.0000	0.0000	0.0000	0.0000	0.0000	0.0000	0.0000	0.0000	0.0001	0.0002	0.0000	0.0007	0.0009	0.0000	0.0000	0.0000	0.0000	0.0000	0.0000	-0.0000	1.9984	0.0000	4.0415	7.0150	0.0000	0.0000	0.0000	0.0000	0.0000	0.0000	0.0000	0.0000	0.0000	0.0000	0.0000	0.0000	0.0000	0.0000	0.0000	0.0000	0.0000	0.0000	0.0000	0.0000	0.0000	0.0000	0.0000	0.0000	0.0000	0.0000	0.0000	0.0824	0.0510	0.0314	0.0140	0.0114	0.0026	0.0684	0.0396	0.0288	0.0000	0.0000	0.0000	0.0000	0.0000	0.0000	0.0000	0.0000	0.0000	0.0001	0.0002	0.0000	0.0007	0.0009	0.0000	0.0000	0.0000	0.0000						
9	42	0.0703	4	2	0	2	0	0	0	0	0	Y	N	Y	N	N	N	N	N	N	N	N	N	0.0000	0.0000	0.0000	0.0000	0.0000	0.0000	0.0000	0.0000	0.0000	0.0000	0.0000	0.0000	0.0000	0.0000	0.0000	0.0000	0.0000	0.0000	0.0000	0.0000	1.9984	0.0000	4.0415	0.0000	0.0000	0.0000	0.0000	0.0000	0.0000	0.0000	0.0000	0.0000	0.0000	0.0000	0.0000	0.0000	0.0000	0.0000	0.0000	0.0000	0.0000	0.0000	0.0000	0.0000	0.0000	0.0000	0.0000	0.0000	0.0000	0.0000	0.0000	0.0000	0.0000	0.0000	0.0000	0.0000	0.0000	0.0000	0.0000	0.0000	0.0000	0.0000	0.0000	0.0000	0.0000	0.0000	0.0000	0.0000	0.0000	0.0000	0.0000	0.0000	0.0000	0.0000	0.0000	0.0000	0.0000	0.0000											
9	43	0.0536	3	2	0	2	0	0	0	0	0	Y	N	Y	N	N	N	N	N	N	N	N	N	inf	inf	inf	inf	37.4365	0.0000	246.7696	0.0000	0.0000	0.0000	37.4734	0.0000	246.7729	0.0000	0.0000	0.0000	0.0000	0.0000	0.0000	0.0000	0.0000	0.0000	inf	0.5379	0.0000	1.9984	1.0000	4.0415	3.0000	0.9993	0.0000	0.9993	0.0000	0.0000	0.0000	0.9993	0.0000	0.9993	0.0000	0.0000	0.0000	0.0000	0.0000	0.0000	0.0000	0.0000	0.0000	0.0267	0.0226	0.0040	0.0000	0.0000	0.0000	0.0267	0.0226	0.0040	0.0558	0.0292	0.0265	0.0035	0.0030	0.0005	0.0523	0.0262	0.0261	inf	0.0000	inf	0.0000	0.0000	0.0000	inf	0.0000	inf	0.0000	0.0000	0.0000	0.0000	0.0000	0.0000	0.0000	0.0000	0.0000						
9	44	0.0536	3	2	0	2	0	0	0	0	0	Y	N	Y	N	N	N	N	N	N	N	N	N	inf	inf	inf	inf	37.4283	0.0000	246.7153	0.0000	0.0000	0.0000	37.4651	0.0000	246.7186	0.0000	0.0000	0.0000	0.0000	0.0000	0.0000	0.0000	0.0000	0.0000	inf	0.5378	0.0000	1.9984	1.0000	4.0415	3.0000	0.9991	0.0000	0.9991	0.0000	0.0000	0.0000	0.9991	0.0000	0.9991	0.0000	0.0000	0.0000	0.0000	0.0000	0.0000	0.0000	0.0000	0.0000	0.0267	0.0226	0.0040	0.0000	0.0000	0.0000	0.0267	0.0226	0.0040	0.0558	0.0292	0.0265	0.0035	0.0030	0.0005	0.0523	0.0262	0.0261	inf	0.0000	inf	0.0000	0.0000	0.0000	inf	0.0000	inf	0.0000	0.0000	0.0000	0.0000	0.0000	0.0000	0.0000	0.0000	0.0000						
9	45	0.1949	7	1	0	2	0	0	0	0	0	N	N	Y	N	N	N	N	N	N	N	N	N	0.0000	0.0000	0.0000	0.0000	0.0000	0.0000	0.0000	0.0000	0.0000	0.0000	0.0000	0.0000	0.0000	0.0000	0.0000	0.0000	0.0000	0.0000	0.0000	0.0000	1.9984	0.0000	4.0415	0.0000	0.0000	0.0000	0.0000	0.0000	0.0000	0.0000	0.0000	0.0000	0.0000	0.0000	0.0000	0.0000	0.0000	0.0000	0.0000	0.0000	0.0000	0.0000	0.0000	0.0000	0.0000	0.0000	0.0000	0.0000	0.0000	0.0000	0.0000	0.0000	0.0000	0.0000	0.0000	0.0000	0.0000	0.0000	0.0000	0.0000	0.0000	0.0000	0.0000	0.0000	0.0000	0.0000	0.0000	0.0000	0.0000	0.0000	0.0000	0.0000	0.0000	0.0000	0.0000	0.0000	0.0000	0.0000											
9	46	0.1519	6	1	0	1	0	0	0	0	0	N	N	N	N	N	N	N	N	N	N	N	N	0.0000	0.0000	0.0000	0.0000	0.0000	0.0000	0.0000	0.0000	0.0000	0.0000	0.0000	0.0000	0.0000	0.4969	1.2776	0.0000	25.0279	33.7708	0.0000	0.0000	0.0000	0.0000	0.0000	0.0000	-0.0191	1.9984	4.0000	4.0415	5.9850	0.0000	0.0000	0.0000	0.0000	0.0000	0.0000	0.0000	0.0000	0.0000	0.0353	0.0353	0.0000	0.0353	0.0353	0.0000	0.0000	0.0000	0.0000	0.1044	0.0890	0.0154	0.0051	0.0049	0.0003	0.0992	0.0841	0.0151	0.1141	0.0705	0.0436	0.0192	0.0156	0.0037	0.0949	0.0549	0.0399	0.0000	0.0000	0.0000	0.0000	0.0000	0.0000	0.0000	0.0000	0.0000	0.3097	0.5013	0.0000	1.8384	2.2715	0.0000	0.0000	0.0000	0.0000						
9	47	0.2229	8	1	1	1	0	0	0	0	0	N	N	N	N	N	N	N	N	N	N	N	N	0.0000	0.0000	0.0000	0.0000	0.0000	0.0000	0.0000	0.0000	0.0000	0.0000	0.0000	0.0000	0.0000	0.0000	0.0000	0.0000	0.0000	0.0000	0.0000	0.0000	1.9984	0.0000	4.0415	0.0000	0.0000	0.0000	0.0000	0.0000	0.0000	0.0000	0.0000	0.0000	0.0000	0.0000	0.0000	0.0000	0.0000	0.0000	0.0000	0.0000	0.0000	0.0000	0.0000	0.0000	0.0000	0.0000	0.0000	0.0000	0.0000	0.0000	0.0000	0.0000	0.0000	0.0000	0.0000	0.0000	0.0000	0.0000	0.0000	0.0000	0.0000	0.0000	0.0000	0.0000	0.0000	0.0000	0.0000	0.0000	0.0000	0.0000	0.0000	0.0000	0.0000	0.0000	0.0000	0.0000	0.0000	0.0000											
9	48	0.0861	5	2	1	2	0	0	0	0	0	Y	N	Y	N	N	N	N	N	N	N	N	N	12328.1788	0.0000	inf	0.0000	0.0000	inf	inf	8.4622	0.0000	64.7363	0.0000	0.0000	0.0000	13.9900	0.0000	64.9681	0.0007	0.0011	0.0000	0.0075	0.0085	0.0000	0.0000	0.0000	0.0000	inf	0.0000	0.0000	-0.0000	1.9984	0.0000	4.0415	2.0152	0.0000	0.0000	0.0000	0.0000	0.0000	0.0000	0.0000	0.0000	0.0000	0.0000	0.0000	0.0000	0.0000	0.0000	0.0000	0.0000	0.0000	0.0000	0.0000	0.0000	0.0000	0.0000	0.0000	0.0000	0.0000	0.0000	0.0000	0.0262	0.0161	0.0101	0.0024	0.0021	0.0003	0.0238	0.0140	0.0098	12328.1788	0.0000	inf	0.0000	0.0000	0.0000	inf	0.0000	inf	0.0007	0.0011	0.0000	0.0075	0.0085	0.0000	0.0000	0.0000	0.0000		
9	49	0.0819	4	2	0	2	0	0	0	0	0	Y	N	Y	N	N	N	N	N	N	N	N	N	855.2242	23.4512	18195.8678	14.4614	4.3486	inf	9238.2949	17672.8488	8.6869	0.3335	63.6591	2.0773	0.7060	71.3689	13.4372	0.0000	63.1538	0.0102	0.0142	0.0035	0.1436	0.1624	0.0000	0.0015	0.0000	0.0036	29.0078	0.1501	0.0002	-0.0001	1.9984	0.0003	4.0415	1.0311	0.0003	0.0000	0.0003	0.0000	0.0000	0.0000	0.0003	0.0000	0.0003	0.0001	0.0001	0.0000	0.0001	0.0001	0.0000	0.0000	0.0000	0.0000	0.0000	0.0000	0.0000	0.0000	0.0000	0.0000	0.0000	0.0000	0.0000	0.0136	0.0084	0.0051	0.0012	0.0011	0.0001	0.0124	0.0073	0.0050	855.2242	23.4512	18195.8678	20.8329	6.4452	inf	9238.2949	0.0000	17672.8488	0.0102	0.0142	0.0035	0.0997	0.1095	0.0000	0.0015	0.0000	0.0036	
9	50	0.0819	4	2	1	2	0	0	0	0	0	Y	N	Y	N	N	N	N	N	N	N	N	N	0.1131	0.2390	inf	inf	0.1657	0.2520	8.4640	0.0000	64.2318	1.3861	0.0000	71.5094	13.6131	0.0000	63.7512	74.8545	0.0000	268.7751	0.0000	0.0000	0.0000	82.1636	0.0000	252.9848	inf	inf	0.0002	0.4595	1.9984	0.0003	4.0415	1.0126	0.0003	0.0000	0.0003	0.0000	0.0000	0.0000	0.0003	0.0000	0.0003	0.9988	0.0000	0.9988	0.0000	0.0000	0.0000	0.9988	0.0000	0.9988	0.0000	0.0000	0.0000	0.0000	0.0000	0.0000	0.0000	0.0000	0.0000	0.0133	0.0083	0.0051	0.0012	0.0011	0.0001	0.0122	0.0072	0.0049	0.1131	0.0000	0.3249	inf	0.0000	inf	0.1657	0.0000	0.3157	74.8545	0.0000	197.7108	0.0000	0.0000	0.0000	82.1636	0.0000	201.9453			
9	51	0.1947	5	2	1	1	0	0	0	0	0	Y	N	N	N	N	N	N	N	N	N	N	N	0.0000	0.0000	0.0000	0.0000	0.0000	0.0000	0.0000	0.0000	0.0000	0.0000	0.0000	0.0000	0.0000	0.0000	0.0000	0.0000	0.0000	0.0000	0.0000	0.0000	1.9984	0.0000	4.0415	1.0000	0.0000	0.0000	0.0000	0.0000	0.0000	0.0000	0.0000	0.0000	0.0000	0.0000	0.0000	0.0000	0.0000	0.0000	0.0000	0.0000	0.0000	0.0000	0.0000	0.0000	0.0000	0.0000	0.0000	0.0000	0.0000	0.0000	0.0000	0.0117	0.0076	0.0042	0.0031	0.0026	0.0006	0.0086	0.0050	0.0036	0.0000	0.0000	0.0000	0.0000	0.0000	0.0000	0.0000	0.0000	0.0000	0.0000	0.0000	0.0000	0.0000	0.0000	0.0000	0.0000	0.0000	0.0000											
9	52	0.1908	8	1	1	1	1	0	0	0	0	N	N	N	N	N	N	N	N	N	N	N	N	0.0000	0.0000	0.0000	0.0000	0.0000	0.0000	0.0000	0.0000	0.0000	0.0000	0.0000	0.0000	0.0000	0.0000	0.0000	0.0000	0.0000	0.0000	0.0000	0.0000	0.0000	0.0000	0.0072	0.0000	-0.0000	1.9984	0.9995	4.0415	1.0399	0.0000	0.0000	0.0000	0.0000	0.0000	0.0000	0.0000	0.0000	0.0000	0.0000	0.0000	0.0000	0.0000	0.0000	0.0000	0.0000	0.0000	0.0000	0.0269	0.0229	0.0040	0.0015	0.0014	0.0001	0.0254	0.0215	0.0039	0.0348	0.0245	0.0103	0.0096	0.0087	0.0009	0.0252	0.0158	0.0093	0.0000	0.0000	0.0000	0.0000	0.0000	0.0000	0.0000	0.0000	0.0000	0.0000	0.0000	0.0000	0.0000	0.0000	0.0000	0.0000	0.0000	0.0000						
9	53	0.1908	8	1	0	1	1	0	0	0	0	N	N	N	N	N	N	N	N	N	N	N	N	0.0000	0.0000	0.0000	0.0000	0.0000	0.0000	0.0000	0.0000	0.0000	0.0000	0.0000	0.0000	0.0000	0.0000	0.0000	0.0000	0.0000	0.0000	0.0000	0.0000	1.9984	3.0005	4.0415	1.0125	0.0000	0.0000	0.0000	0.0000	0.0000	0.0000	0.0000	0.0000	0.0000	0.0000	0.0000	0.0000	0.0000	0.0000	0.0000	0.0000	0.0000	0.0000	0.0792	0.0675	0.0117	0.0044	0.0042	0.0002	0.0747	0.0633	0.0115	0.0584	0.0392	0.0192	0.0141	0.0123	0.0018	0.0443	0.0268	0.0174	0.0000	0.0000	0.0000	0.0000	0.0000	0.0000	0.0000	0.0000	0.0000	0.0000	0.0000	0.0000	0.0000	0.0000	0.0000	0.0000	0.0000	0.0000											
9	54	0.1826	7	1	0	1	1	0	0	0	0	N	N	N	N	N	N	N	N	N	N	N	N	0.0000	0.0000	0.0000	0.0000	0.0000	0.0000	0.0000	0.0000	0.0000	0.0000	0.0000	0.0000	0.0000	0.0000	0.0000	0.0000	0.0000	0.0000	0.0000	0.0000	0.0000	0.0000	0.0000	0.0000	-0.0000	1.9984	0.0013	4.0415	1.9704	0.0000	0.0000	0.0000	0.0000	0.0000	0.0000	0.0000	0.0000	0.0000	0.0000	0.0000	0.0000	0.0000	0.0000	0.0000	0.0000	0.0000	0.0000	0.0000	0.0000	0.0000	0.0000	0.0000	0.0000	0.0000	0.0000	0.0000	0.0243	0.0150	0.0094	0.0038	0.0031	0.0007	0.0205	0.0119	0.0086	0.0000	0.0000	0.0000	0.0000	0.0000	0.0000	0.0000	0.0000	0.0000	0.0000	0.0000	0.0000	0.0000	0.0000	0.0000	0.0000	0.0000	0.0000						
9	55	0.1519	6	1	0	1	1	0	0	0	0	N	N	N	N	N	N	N	N	N	N	N	N	0.0000	0.0000	0.0000	0.0000	0.0000	0.0000	0.0000	0.0000	0.0000	0.0000	0.0000	0.0000	0.0000	0.0001	0.0000	0.0003	0.0000	0.0000	0.0000	0.0001	0.0000	0.0003	inf	0.0000	0.0000	1.9984	3.0000	4.0415	4.0155	0.0000	0.0000	0.0000	0.0000	0.0000	0.0000	0.0000	0.0000	0.0000	0.0000	0.0000	0.0000	0.0000	0.0000	0.0000	0.0000	0.0000	0.0000	0.0790	0.0673	0.0117	0.0039	0.0037	0.0002	0.0751	0.0637	0.0115	0.0824	0.0510	0.0314	0.0140	0.0114	0.0026	0.0684	0.0396	0.0288	0.0000	0.0000	0.0000	0.0000	0.0000	0.0000	0.0000	0.0000	0.0000	0.0001	0.0000	0.0003	0.0000	0.0000	0.0000	0.0001	0.0000	0.0003						
9	56	0.0724	5	1	1	2	0	0	0	0	0	N	N	Y	N	N	N	N	N	N	N	N	N	0.5290	inf	0.0000	inf	inf	0.0000	0.0000	0.0389	0.0458	0.0000	12.0145	12.0422	0.0000	0.0000	0.0000	0.0000	0.0736	0.0000	0.2256	0.0000	0.0000	0.0000	0.0875	0.0000	0.2331	0.0000	inf	-0.0010	0.0043	1.9984	2.0013	4.0415	5.6727	0.0021	0.0021	0.0000	0.0021	0.0021	0.0000	0.0000	0.0000	0.0000	0.0094	0.0000	0.0094	0.0000	0.0000	0.0000	0.0094	0.0000	0.0094	0.0531	0.0451	0.0080	0.0002	0.0002	0.0000	0.0530	0.0449	0.0080	0.1283	0.0757	0.0525	0.0205	0.0192	0.0013	0.1078	0.0566	0.0513	0.5290	inf	0.0000	inf	inf	0.0000	0.0000	0.0000	0.0000	0.0736	0.0000	0.1796	0.0000	0.0000	0.0000	0.0875	0.0000	0.1841		
9	57	0.0687	4	1	1	1	0	0	0	0	0	N	N	N	N	N	N	N	N	N	N	N	N	19562.3288	6938.6992	47667.3955	19674.8557	19474.2887	0.0000	16442.8182	46812.3593	17.6087	0.7480	134.7856	4.9207	4.9208	0.0000	19.5532	0.0000	134.7882	0.0009	0.0001	0.0028	0.0003	0.0003	0.0001	0.0012	0.0000	0.0029	25.9269	10.7816	0.0011	0.0000	1.9984	0.0033	4.0415	1.3874	0.0021	0.0001	0.0021	0.0001	0.0001	0.0000	0.0021	0.0000	0.0021	0.0000	0.0000	0.0000	0.0000	0.0000	0.0000	0.0000	0.0000	0.0000	0.0001	0.0001	0.0000	0.0000	0.0000	0.0000	0.0001	0.0001	0.0000	0.0443	0.0314	0.0129	0.0136	0.0134	0.0002	0.0306	0.0180	0.0127	19562.3288	6938.6992	47667.3955	19674.8557	19474.2887	0.0000	16442.8182	0.0000	46812.3593	0.0009	0.0001	0.0028	0.0003	0.0003	0.0001	0.0012	0.0000	0.0029	
9	58	0.0536	3	2	0	2	0	0	0	0	0	Y	N	Y	N	N	N	N	N	N	N	N	N	0.0000	0.0000	0.0000	0.0000	0.0000	0.0000	0.0000	0.0000	0.0000	0.0000	0.0000	0.0000	0.0000	0.0000	0.0000	0.0000	0.0000	0.0000	0.0000	0.0000	1.9984	0.0000	4.0415	2.0000	0.0000	0.0000	0.0000	0.0000	0.0000	0.0000	0.0000	0.0000	0.0000	0.0000	0.0000	0.0000	0.0000	0.0000	0.0000	0.0000	0.0000	0.0000	0.0000	0.0000	0.0000	0.0000	0.0000	0.0000	0.0000	0.0000	0.0000	0.0284	0.0148	0.0136	0.0018	0.0015	0.0002	0.0267	0.0133	0.0134	0.0000	0.0000	0.0000	0.0000	0.0000	0.0000	0.0000	0.0000	0.0000	0.0000	0.0000	0.0000	0.0000	0.0000	0.0000	0.0000	0.0000	0.0000											
9	59	0.0687	4	1	1	1	0	0	0	0	0	N	N	N	N	N	N	N	N	N	N	N	N	27.8696	31.8040	0.0000	5951.5601	5694.6349	0.0000	0.0000	0.0000	0.0015	0.0018	0.0000	1.1750	1.1780	0.0000	0.0000	0.0000	0.0000	0.0001	0.0001	0.0001	0.0002	0.0002	0.0000	0.0000	0.0000	0.0001	0.0000	0.6047	-0.0000	-0.0000	1.9984	1.9997	4.0415	3.4660	0.0001	0.0001	0.0000	0.0001	0.0001	0.0000	0.0000	0.0000	0.0000	0.0000	0.0000	0.0000	0.0000	0.0000	0.0000	0.0000	0.0000	0.0000	0.0529	0.0449	0.0080	0.0001	0.0001	0.0000	0.0528	0.0448	0.0080	0.0981	0.0592	0.0389	0.0169	0.0160	0.0009	0.0812	0.0432	0.0380	27.8696	31.8040	0.0000	5951.5601	5694.6349	0.0000	0.0000	0.0000	0.0000	0.0001	0.0001	0.0001	0.0002	0.0002	0.0000	0.0000	0.0000	0.0001	
9	60	0.0536	3	1	1	1	0	0	0	0	0	N	N	N	N	N	N	N	N	N	N	N	N	139.7893	0.0000	415.2887	0.0000	0.0000	131.7794	0.0000	411.2962	5.9316	0.0000	38.9632	0.0000	0.0000	0.0000	5.9375	0.0000	38.9637	0.0424	0.0000	0.0938	0.0032	0.0000	0.0236	0.0451	0.0000	0.0947	inf	146665.0890	0.0000	0.0010	1.9984	0.0005	4.0415	3.6054	0.0001	0.0000	0.0001	0.0000	0.0000	0.0000	0.0001	0.0000	0.0001	0.0021	0.0000	0.0021	0.0000	0.0000	0.0000	0.0021	0.0000	0.0021	0.0000	0.0000	0.0000	0.0000	0.0000	0.0000	0.0000	0.0000	0.0000	0.0505	0.0264	0.0240	0.0032	0.0027	0.0004	0.0473	0.0237	0.0236	139.7893	0.0000	437.5725	0.0000	0.0000	0.0000	131.7794	0.0000	431.8803	0.0424	0.0000	0.0890	0.0032	0.0000	0.0236	0.0451	0.0000	0.0902	
9	61	0.2229	8	1	0	2	0	0	0	0	0	N	N	Y	N	N	N	N	N	N	N	N	N	0.0000	0.0000	0.0000	0.0000	0.0000	0.0000	0.0000	0.0000	0.0000	0.0000	0.0000	0.0000	0.0000	0.0000	0.0000	0.0000	0.0000	0.0000	0.0000	0.0000	1.9984	0.0000	4.0415	1.0000	0.0000	0.0000	0.0000	0.0000	0.0000	0.0000	0.0000	0.0000	0.0000	0.0000	0.0000	0.0000	0.0000	0.0000	0.0000	0.0000	0.0000	0.0000	0.0000	0.0000	0.0000	0.0000	0.0000	0.0000	0.0000	0.0000	0.0000	0.0113	0.0070	0.0043	0.0027	0.0020	0.0007	0.0086	0.0050	0.0036	0.0000	0.0000	0.0000	0.0000	0.0000	0.0000	0.0000	0.0000	0.0000	0.0000	0.0000	0.0000	0.0000	0.0000	0.0000	0.0000	0.0000	0.0000											
9	62	0.2186	7	1	0	1	0	0	0	0	0	N	N	N	N	N	N	N	N	N	N	N	N	0.0000	0.0000	0.0000	0.0000	0.0000	0.0000	0.0000	0.0000	0.0000	0.0000	0.0000	0.0000	0.0000	0.0000	0.0000	0.0000	0.0000	0.0000	0.0000	0.0000	1.9984	0.0001	4.0415	1.0076	0.0000	0.0000	0.0000	0.0000	0.0000	0.0000	0.0000	0.0000	0.0000	0.0000	0.0000	0.0000	0.0000	0.0000	0.0000	0.0000	0.0000	0.0000	0.0000	0.0000	0.0000	0.0000	0.0000	0.0000	0.0000	0.0000	0.0000	0.0147	0.0098	0.0049	0.0043	0.0036	0.0007	0.0104	0.0062	0.0042	0.0000	0.0000	0.0000	0.0000	0.0000	0.0000	0.0000	0.0000	0.0000	0.0000	0.0000	0.0000	0.0000	0.0000	0.0000	0.0000	0.0000	0.0000											
9	63	0.1519	6	1	0	1	0	0	0	0	0	N	N	N	N	N	N	N	N	N	N	N	N	0.0000	0.0000	0.0000	0.0000	0.0000	0.0000	0.0000	0.0000	0.0000	0.0000	0.0000	0.0000	0.0000	0.0000	0.0000	0.0000	0.0000	0.0000	0.0000	-0.0000	1.9984	11.9999	4.0415	3.0574	0.0000	0.0000	0.0000	0.0000	0.0000	0.0000	0.0000	0.0000	0.0000	0.0000	0.0000	0.0000	0.0000	0.0000	0.0000	0.0000	0.0000	0.0000	0.2909	0.2492	0.0417	0.0139	0.0132	0.0007	0.2770	0.2360	0.0410	0.1650	0.1019	0.0632	0.0277	0.0224	0.0054	0.1373	0.0795	0.0578	0.0000	0.0000	0.0000	0.0000	0.0000	0.0000	0.0000	0.0000	0.0000	0.0000	0.0000	0.0000	0.0000	0.0000	0.0000	0.0000	0.0000	0.0000											
9	64	0.0536	3	2	1	1	0	0	0	0	0	Y	N	N	N	N	N	N	N	N	N	N	N	0.0000	0.0000	0.0000	0.0000	0.0000	0.0000	0.0000	0.0000	0.0000	0.0000	0.0000	0.0000	0.0000	0.0000	0.0000	0.0000	0.0000	0.0000	0.0000	0.0000	1.9984	4.0000	4.0415	3.0000	0.0000	0.0000	0.0000	0.0000	0.0000	0.0000	0.0000	0.0000	0.0000	0.0000	0.0000	0.0000	0.0000	0.0000	0.0000	0.0000	0.0000	0.0000	0.1038	0.0882	0.0156	0.0001	0.0001	0.0000	0.1037	0.0881	0.0156	0.0948	0.0500	0.0448	0.0060	0.0052	0.0008	0.0888	0.0448	0.0440	0.0000	0.0000	0.0000	0.0000	0.0000	0.0000	0.0000	0.0000	0.0000	0.0000	0.0000	0.0000	0.0000	0.0000	0.0000	0.0000	0.0000	0.0000											
9	65	0.0954	4	1	0	1	0	0	0	0	0	N	N	N	N	N	N	N	N	N	N	N	N	0.3556	0.7573	0.3377	0.7445	0.0255	0.0000	0.1729	0.0000	0.0000	0.0000	0.0271	0.0000	0.1765	0.0718	0.0000	0.2284	0.0000	0.0000	0.0000	0.0801	0.0000	0.2371	inf	inf	0.0007	0.0044	1.9984	2.0015	4.0415	10.0016	0.0014	0.0000	0.0014	0.0000	0.0000	0.0000	0.0014	0.0000	0.0014	0.0095	0.0000	0.0095	0.0000	0.0000	0.0000	0.0095	0.0000	0.0095	0.0536	0.0457	0.0079	0.0030	0.0029	0.0002	0.0506	0.0428	0.0078	0.1326	0.0800	0.0526	0.0138	0.0116	0.0022	0.1188	0.0683	0.0505	0.3556	0.0000	0.9558	0.0000	0.0000	0.0000	0.3377	0.0000	0.9357	0.0718	0.0000	0.1809	0.0000	0.0000	0.0000	0.0801	0.0000	0.1887					
9	67	0.2503	6	1	0	1	0	0	0	0	0	N	N	N	N	N	N	N	N	N	N	N	N	23.1389	0.0647	102.6650	1.0808	0.2205	395.9571	31.1176	0.0000	85.6484	0.2047	0.0004	1.5148	0.0115	0.0027	0.2433	0.2349	0.0000	1.5632	0.0088	0.0063	0.0148	0.0107	0.0123	0.0006	0.0075	0.0001	0.0183	577.2729	0.9960	0.0155	-0.0001	1.9984	4.8614	4.0415	14.2102	0.0289	0.0000	0.0288	0.0002	0.0000	0.0002	0.0287	0.0000	0.0287	0.0030	0.0015	0.0015	0.0015	0.0015	0.0000	0.0015	0.0000	0.0015	0.1411	0.1221	0.0190	0.0191	0.0184	0.0007	0.1221	0.1037	0.0183	0.3427	0.2402	0.1026	0.1426	0.1222	0.0203	0.2002	0.1179	0.0822	23.1389	0.0647	102.6650	1.0808	0.2205	395.9571	31.1176	0.0000	85.6484	0.0088	0.0063	0.0148	0.0107	0.0123	0.0006	0.0075	0.0001	0.0183
9	68	0.0279	2	2	1	2	0	0	0	0	0	Y	N	Y	N	N	N	N	N	N	N	N	N	0.0000	0.0000	0.0000	0.0000	0.0000	0.0000	0.0000	0.0000	0.0000	0.0000	0.0000	0.0000	0.0000	0.0000	0.0000	0.0000	0.0000	0.0000	0.0000	0.0000	1.9984	0.0000	4.0415	0.0000	0.0000	0.0000	0.0000	0.0000	0.0000	0.0000	0.0000	0.0000	0.0000	0.0000	0.0000	0.0000	0.0000	0.0000	0.0000	0.0000	0.0000	0.0000	0.0000	0.0000	0.0000	0.0000	0.0000	0.0000	0.0000	0.0000	0.0000	0.0000	0.0000	0.0000	0.0000	0.0000	0.0000	0.0000	0.0000	0.0000	0.0000	0.0000	0.0000	0.0000	0.0000	0.0000	0.0000	0.0000	0.0000	0.0000	0.0000	0.0000	0.0000	0.0000	0.0000	0.0000	0.0000	0.0000											
9	72	0.0954	4	1	1	1	0	0	0	0	0	N	N	N	N	N	N	N	N	N	N	N	N	inf	inf	inf	inf	6.4576	7.5593	0.0000	116.9709	123.5624	0.0000	0.0000	0.0000	0.0000	0.0000	0.0000	0.0000	0.0000	0.0000	0.0000	0.0000	0.0000	0.0000	0.0000	-0.4607	0.0000	1.9984	5.9987	4.0415	11.0016	0.9977	0.9977	0.0000	0.9977	0.9977	0.0000	0.0000	0.0000	0.0000	0.0000	0.0000	0.0000	0.0000	0.0000	0.0000	0.0000	0.0000	0.0000	0.1545	0.1320	0.0225	0.0085	0.0081	0.0005	0.1460	0.1239	0.0221	0.1811	0.1093	0.0718	0.0190	0.0160	0.0030	0.1621	0.0933	0.0688	inf	inf	0.0000	inf	inf	0.0000	0.0000	0.0000	0.0000	0.0000	0.0000	0.0000	0.0000	0.0000	0.0000	0.0000	0.0000	0.0000						
9	73	0.0536	3	2	0	2	0	0	0	0	0	Y	N	Y	N	N	N	N	N	N	N	N	N	1.7389	0.0000	inf	0.0000	0.0000	3294.2413	0.0000	inf	18.8925	0.0000	124.9669	0.0000	0.0000	0.0000	18.9111	0.0000	124.9685	10.8647	19.9448	0.0000	858.9280	905.0138	0.0000	0.0057	0.0114	0.0000	inf	0.0000	0.5378	-0.5386	1.9984	2.0000	4.0415	5.0000	0.9991	0.0000	0.9991	0.0000	0.0000	0.0000	0.9991	0.0000	0.9991	0.9975	0.9975	0.0000	0.9970	0.9970	0.0000	0.0005	0.0005	0.0000	0.0529	0.0449	0.0080	0.0001	0.0001	0.0000	0.0528	0.0448	0.0080	0.0948	0.0500	0.0448	0.0060	0.0052	0.0008	0.0888	0.0448	0.0440	1.7962	0.0000	inf	0.0000	0.0000	0.0000	3294.2413	0.0000	inf	10.5179	19.9448	0.0000	166.1528	192.0045	0.0000	0.0057	0.0114	0.0000	
9	74	0.1372	6	1	1	1	0	0	0	0	0	N	N	N	N	N	N	N	N	N	N	N	N	11758.0776	0.0000	41256.2393	3.3339	0.0000	91809.7081	13987.0215	0.0000	39062.3922	6.4362	0.0000	44.4196	0.0027	0.0000	0.0663	6.9028	0.0000	45.2865	0.0005	0.0002	0.0011	0.0008	0.0010	0.0000	0.0005	0.0000	0.0012	inf	3.0219	0.5639	0.0000	1.9984	6.1274	4.0415	13.6208	1.0476	0.0000	1.0476	0.0000	0.0000	0.0000	1.0476	0.0000	1.0476	0.0001	0.0000	0.0001	0.0000	0.0000	0.0000	0.0001	0.0000	0.0001	0.1628	0.1392	0.0236	0.0110	0.0106	0.0005	0.1518	0.1286	0.0231	0.2236	0.1382	0.0854	0.0373	0.0312	0.0061	0.1863	0.1070	0.0793	11758.0776	0.0000	41256.2393	3.3339	0.0000	91809.7081	13987.0215	0.0000	39062.3922	0.0005	0.0002	0.0011	0.0008	0.0010	0.0000	0.0005	0.0000	0.0012
9	75	0.1617	9	1	0	2	0	0	0	0	0	N	N	Y	N	N	N	N	N	N	N	N	N	0.0000	0.0000	0.0000	0.0000	0.0000	0.0000	0.0000	0.0000	0.0000	0.0000	0.0000	0.0000	0.0000	0.0000	0.0000	0.0000	0.0000	0.0000	0.0000	0.0000	1.9984	0.0000	4.0415	1.0003	0.0000	0.0000	0.0000	0.0000	0.0000	0.0000	0.0000	0.0000	0.0000	0.0000	0.0000	0.0000	0.0000	0.0000	0.0000	0.0000	0.0000	0.0000	0.0000	0.0000	0.0000	0.0000	0.0000	0.0000	0.0000	0.0000	0.0000	0.0142	0.0075	0.0067	0.0019	0.0015	0.0004	0.0123	0.0060	0.0063	0.0000	0.0000	0.0000	0.0000	0.0000	0.0000	0.0000	0.0000	0.0000	0.0000	0.0000	0.0000	0.0000	0.0000	0.0000	0.0000	0.0000	0.0000											
9	76	0.1576	8	1	0	2	0	0	0	0	0	N	N	Y	N	N	N	N	N	N	N	N	N	0.0000	0.0000	0.0000	0.0000	0.0000	0.0000	0.0000	0.0000	0.0000	0.0000	0.0000	0.0000	0.0000	0.0000	0.0000	0.0000	0.0000	0.0000	0.0000	0.0000	1.9984	0.0000	4.0415	1.0076	0.0000	0.0000	0.0000	0.0000	0.0000	0.0000	0.0000	0.0000	0.0000	0.0000	0.0000	0.0000	0.0000	0.0000	0.0000	0.0000	0.0000	0.0000	0.0000	0.0000	0.0000	0.0000	0.0000	0.0000	0.0000	0.0000	0.0000	0.0142	0.0074	0.0067	0.0017	0.0014	0.0003	0.0124	0.0060	0.0064	0.0000	0.0000	0.0000	0.0000	0.0000	0.0000	0.0000	0.0000	0.0000	0.0000	0.0000	0.0000	0.0000	0.0000	0.0000	0.0000	0.0000	0.0000											
9	77	0.1536	7	1	0	1	0	0	0	0	0	N	N	N	N	N	N	N	N	N	N	N	N	183917.1276	inf	0.0000	inf	inf	0.0000	0.0000	3.7424	4.1894	0.0000	10.9394	10.9628	0.0000	0.0000	0.0000	0.0000	0.0000	0.0000	0.0000	0.0000	0.0000	0.0000	0.0000	0.0000	0.0000	0.0000	inf	-0.0004	0.0000	1.9984	0.0026	4.0415	0.9924	0.0008	0.0008	0.0000	0.0008	0.0008	0.0000	0.0000	0.0000	0.0000	0.0000	0.0000	0.0000	0.0000	0.0000	0.0000	0.0000	0.0000	0.0000	0.0002	0.0002	0.0000	0.0001	0.0001	0.0000	0.0001	0.0001	0.0000	0.0140	0.0073	0.0066	0.0017	0.0014	0.0003	0.0123	0.0060	0.0063	183917.1276	inf	0.0000	inf	inf	0.0000	0.0000	0.0000	0.0000	0.0000	0.0000	0.0000	0.0000	0.0000	0.0000	0.0000	0.0000	0.0000		
9	78	0.1372	6	1	0	1	0	0	0	0	0	N	N	N	N	N	N	N	N	N	N	N	N	6526.1922	19948.8177	0.8501	69759.1918	65130.5836	36.9405	0.3016	0.0000	0.8110	11.6081	13.5818	0.0033	136.9724	141.5136	0.0001	0.0005	0.0000	0.0033	0.0018	0.0007	0.0039	0.0020	0.0022	0.0000	0.0017	0.0000	0.0041	0.0000	2.9941	-0.4386	0.0000	1.9984	2.8733	4.0415	1.5522	0.9500	0.9500	0.0000	0.9500	0.9500	0.0000	0.0000	0.0000	0.0000	0.0001	0.0000	0.0001	0.0000	0.0000	0.0000	0.0001	0.0000	0.0001	0.0818	0.0699	0.0119	0.0069	0.0067	0.0002	0.0749	0.0632	0.0117	0.0690	0.0451	0.0239	0.0156	0.0141	0.0015	0.0533	0.0310	0.0223	6526.1922	19948.8177	0.8501	69759.1918	65130.5836	36.9405	0.3016	0.0000	0.8110	0.0018	0.0007	0.0039	0.0020	0.0022	0.0000	0.0017	0.0000	0.0041
9	79	0.1251	5	1	0	1	0	0	0	0	0	N	N	N	N	N	N	N	N	N	N	N	N	606.2963	1396.5988	532.1240	2525.9465	2440.9921	0.0000	206.7902	0.1092	519.3434	7.3095	6.0172	15.4847	23.2216	23.4189	0.0000	2.7229	0.0001	15.7015	0.0121	0.0043	0.0291	0.0092	0.0096	0.0000	0.0132	0.0009	0.0302	0.4068	3.0702	-0.0116	0.0002	1.9984	0.2102	4.0415	3.4985	0.0672	0.0478	0.0194	0.0478	0.0478	0.0000	0.0194	0.0000	0.0194	0.0009	0.0002	0.0007	0.0002	0.0002	0.0000	0.0007	0.0000	0.0007	0.0092	0.0079	0.0013	0.0021	0.0020	0.0000	0.0071	0.0059	0.0012	0.0766	0.0527	0.0239	0.0214	0.0205	0.0009	0.0552	0.0321	0.0231	606.2963	1396.5988	532.1240	2525.9465	2440.9921	0.0000	206.7902	0.1092	519.3434	0.0121	0.0043	0.0291	0.0092	0.0096	0.0000	0.0132	0.0009	0.0302
9	80	0.1561	7	1	1	1	0	0	0	0	0	N	N	N	N	N	N	N	N	N	N	N	N	0.0000	0.0000	0.0000	0.0000	0.0000	0.0000	0.0000	0.0000	0.0000	0.0000	0.0000	0.0000	0.0000	0.0000	0.0000	0.0000	0.0000	0.0002	0.0003	0.0000	0.0011	0.0013	0.0000	0.0000	0.0000	0.0000	0.0031	0.0000	-0.0000	1.9984	2.0196	4.0415	6.0690	0.0000	0.0000	0.0000	0.0000	0.0000	0.0000	0.0000	0.0000	0.0000	0.0000	0.0000	0.0000	0.0000	0.0000	0.0000	0.0000	0.0000	0.0000	0.0547	0.0467	0.0081	0.0042	0.0039	0.0003	0.0506	0.0428	0.0078	0.0973	0.0612	0.0361	0.0186	0.0155	0.0031	0.0787	0.0457	0.0330	0.0000	0.0000	0.0000	0.0000	0.0000	0.0000	0.0000	0.0000	0.0000	0.0002	0.0003	0.0000	0.0011	0.0013	0.0000	0.0000	0.0000	0.0000		
9	81	0.1479	6	1	0	1	0	0	0	0	0	N	N	N	N	N	N	N	N	N	N	N	N	0.0000	0.0000	0.0000	0.0000	0.0000	0.0000	0.0000	0.0000	0.0000	0.0000	0.0000	0.0000	0.0000	0.0000	0.0000	0.0000	0.0000	0.0017	0.0027	0.0001	0.0049	0.0060	0.0000	0.0010	0.0017	0.0001	0.0136	0.0000	-0.0000	1.9984	0.9876	4.0415	0.9833	0.0000	0.0000	0.0000	0.0000	0.0000	0.0000	0.0000	0.0000	0.0000	0.0000	0.0000	0.0000	0.0000	0.0000	0.0000	0.0000	0.0000	0.0000	0.0265	0.0226	0.0039	0.0015	0.0015	0.0001	0.0249	0.0211	0.0038	0.0241	0.0150	0.0091	0.0041	0.0034	0.0008	0.0200	0.0116	0.0083	0.0000	0.0000	0.0000	0.0000	0.0000	0.0000	0.0000	0.0000	0.0000	0.0017	0.0027	0.0001	0.0049	0.0060	0.0000	0.0010	0.0017	0.0001		
9	82	0.0819	4	2	0	2	0	0	0	0	0	Y	N	Y	N	N	N	N	N	N	N	N	N	15295.8417	10928.3178	25371.1582	23545.8200	inf	inf	37.1464	43.6549	0.0000	846.5084	887.3371	0.0000	0.0105	0.0124	0.0000	0.0024	0.0040	0.0000	0.0334	0.0377	0.0000	0.0000	0.0000	0.0000	0.0000	0.0000	-0.4613	-0.0001	1.9984	1.0000	4.0415	2.9874	0.9991	0.9991	0.0000	0.9988	0.9988	0.0000	0.0003	0.0003	0.0000	0.0001	0.0001	0.0000	0.0001	0.0001	0.0000	0.0000	0.0000	0.0000	0.0269	0.0229	0.0040	0.0012	0.0011	0.0001	0.0257	0.0218	0.0040	0.0494	0.0300	0.0194	0.0036	0.0032	0.0004	0.0458	0.0268	0.0189	15295.8417	10928.3178	0.0000	25371.1582	23545.8200	0.0000	inf	inf	0.0000	0.0024	0.0040	0.0000	0.0334	0.0377	0.0000	0.0000	0.0000	0.0000			
9	83	0.0536	3	2	0	2	0	0	0	0	0	Y	N	Y	N	N	N	N	N	N	N	N	N	20931.4316	inf	65209.9082	19626.3621	inf	64035.3700	37.4282	0.0009	246.7095	0.0000	0.0000	0.0000	37.4650	0.0009	246.7128	0.0018	0.0000	0.0038	0.0000	0.0000	0.0000	0.0019	0.0000	0.0039	49985.5000	inf	0.5376	0.0001	1.9984	0.9997	4.0415	6.0128	0.9988	0.0000	0.9988	0.0000	0.0000	0.0000	0.9988	0.0000	0.9988	0.0002	0.0000	0.0002	0.0000	0.0000	0.0000	0.0002	0.0000	0.0002	0.0267	0.0226	0.0040	0.0000	0.0000	0.0000	0.0267	0.0226	0.0040	0.0950	0.0501	0.0449	0.0060	0.0052	0.0008	0.0890	0.0449	0.0441	20931.4316	inf	65209.9082	0.0000	0.0000	0.0000	19626.3621	inf	64035.3700	0.0018	0.0000	0.0038	0.0000	0.0000	0.0000	0.0019	0.0000	0.0039			
9	84	0.0954	4	1	1	1	1	0	0	0	0	N	N	N	N	N	N	N	N	N	N	N	N	108.4922	0.0000	250.8047	0.0000	0.0000	103.1304	246.8015	4.9477	0.0000	34.1625	0.0000	0.0000	0.0000	5.2342	0.0000	34.8645	0.0456	0.0003	0.1362	0.0018	0.0022	0.0000	0.0508	0.0000	0.1413	inf	236.7524	0.5386	0.0043	1.9984	8.0013	4.0415	12.0015	1.0007	0.0000	1.0007	0.0000	0.0000	0.0000	1.0007	0.0000	1.0007	0.0095	0.0000	0.0095	0.0000	0.0000	0.0000	0.0095	0.0000	0.0095	0.2022	0.1730	0.0293	0.0111	0.0105	0.0006	0.1912	0.1625	0.0287	0.2085	0.1259	0.0827	0.0219	0.0185	0.0035	0.1866	0.1074	0.0792	108.4922	0.0000	298.2654	0.0000	0.0000	0.0000	103.1304	0.0000	291.6629	0.0456	0.0003	0.1145	0.0018	0.0022	0.0000	0.0508	0.0000	0.1195		
9	85	0.1519	6	1	1	1	0	0	0	0	0	N	N	N	N	N	N	N	N	N	N	N	N	0.0000	0.0000	0.0000	0.0000	0.0000	0.0000	0.0000	0.0000	0.0000	0.0000	0.0000	0.0000	0.0000	0.0001	0.0002	0.0000	0.0006	0.0008	0.0000	0.0000	0.0000	0.0000	0.0000	0.0000	-0.0000	1.9984	1.0000	4.0415	6.9850	0.0000	0.0000	0.0000	0.0000	0.0000	0.0000	0.0000	0.0000	0.0000	0.0000	0.0000	0.0000	0.0000	0.0000	0.0000	0.0000	0.0000	0.0000	0.0268	0.0229	0.0040	0.0013	0.0013	0.0001	0.0255	0.0216	0.0039	0.0929	0.0575	0.0355	0.0157	0.0128	0.0030	0.0772	0.0447	0.0325	0.0000	0.0000	0.0000	0.0000	0.0000	0.0000	0.0000	0.0000	0.0000	0.0001	0.0002	0.0000	0.0006	0.0008	0.0000	0.0000	0.0000	0.0000						
9	86	0.1391	5	1	0	1	0	0	0	0	0	N	N	N	N	N	N	N	N	N	N	N	N	0.0000	0.0000	0.0000	0.0000	0.0000	0.0000	0.0000	0.0000	0.0000	0.0000	0.0000	0.0000	0.0000	0.0000	0.0000	0.0090	0.0147	0.0000	0.0033	0.0041	0.0000	0.0102	0.0177	0.0000	0.0000	0.0000	-0.0002	1.9984	1.0086	4.0415	2.0000	0.0000	0.0000	0.0000	0.0000	0.0000	0.0000	0.0000	0.0000	0.0000	0.0003	0.0003	0.0000	0.0000	0.0000	0.0000	0.0003	0.0003	0.0000	0.0274	0.0233	0.0040	0.0015	0.0014	0.0001	0.0259	0.0219	0.0040	0.0365	0.0224	0.0141	0.0061	0.0050	0.0011	0.0305	0.0175	0.0130	0.0000	0.0000	0.0000	0.0000	0.0000	0.0000	0.0000	0.0000	0.0000	0.0090	0.0147	0.0000	0.0033	0.0041	0.0000	0.0102	0.0177	0.0000				
9	87	0.0536	3	1	1	1	0	0	0	0	0	N	N	N	N	N	N	N	N	N	N	N	N	inf	inf	inf	inf	9.6254	0.0000	64.1086	0.0000	0.0000	0.0000	9.6348	0.0000	64.1094	0.0000	0.0000	0.0000	0.0000	0.0000	0.0000	0.0000	0.0000	0.0000	inf	0.5378	0.0000	1.9984	4.0000	4.0415	7.0000	0.9991	0.0000	0.9991	0.0000	0.0000	0.0000	0.9991	0.0000	0.9991	0.0000	0.0000	0.0000	0.0000	0.0000	0.0000	0.0000	0.0000	0.0000	0.1038	0.0882	0.0156	0.0001	0.0001	0.0000	0.1037	0.0881	0.0156	0.1436	0.0763	0.0672	0.0092	0.0079	0.0012	0.1344	0.0684	0.0660	inf	0.0000	inf	0.0000	0.0000	0.0000	inf	0.0000	inf	0.0000	0.0000	0.0000	0.0000	0.0000	0.0000	0.0000	0.0000	0.0000						
9	89	0.1564	7	1	1	1	0	0	0	0	0	N	N	N	N	N	N	N	N	N	N	N	N	0.0000	0.0000	0.0000	0.0000	0.0000	0.0000	0.0000	0.0000	0.0000	0.0000	0.0000	0.0000	0.0000	0.0000	0.0000	0.0000	0.0000	9.7109	1.3306	52.4245	22.1311	26.8139	0.0856	11.7476	0.0000	63.1643	28.2427	0.0000	0.4390	1.9984	0.0157	4.0415	9.0253	0.0000	0.0000	0.0000	0.0000	0.0000	0.0000	0.0000	0.0000	0.0000	1.0310	0.0353	0.9957	0.0356	0.0353	0.0004	0.9953	0.0000	0.9953	0.0015	0.0013	0.0002	0.0006	0.0006	0.0000	0.0009	0.0007	0.0002	0.1062	0.0663	0.0399	0.0214	0.0171	0.0043	0.0847	0.0491	0.0356	0.0000	0.0000	0.0000	0.0000	0.0000	0.0000	0.0000	0.0000	0.0000	9.7109	0.5320	24.9578	1.6617	2.0587	0.0856	11.7476	0.0000	27.9728		
9	90	0.1479	6	1	1	1	0	0	0	0	0	N	N	N	N	N	N	N	N	N	N	N	N	0.0000	0.0000	0.0000	0.0000	0.0000	0.0000	0.0000	0.0000	0.0000	0.0000	0.0000	0.0000	0.0000	0.0000	0.0000	0.0000	0.0000	0.0000	0.1340	0.0257	0.4287	0.0249	0.0304	0.0003	0.1565	0.0243	0.4660	7.3770	0.0000	0.0011	1.9984	0.0169	4.0415	2.0013	0.0000	0.0000	0.0000	0.0000	0.0000	0.0000	0.0000	0.0000	0.0000	0.0033	0.0004	0.0029	0.0001	0.0001	0.0000	0.0032	0.0003	0.0029	0.0005	0.0004	0.0001	0.0001	0.0000	0.0000	0.0004	0.0004	0.0001	0.0246	0.0153	0.0093	0.0042	0.0034	0.0008	0.0204	0.0119	0.0085	0.0000	0.0000	0.0000	0.0000	0.0000	0.0000	0.0000	0.0000	0.0000	0.1340	0.0257	0.3129	0.0249	0.0304	0.0003	0.1565	0.0243	0.3412	
9	91	0.1391	5	1	0	1	0	0	0	0	0	N	N	N	N	N	N	N	N	N	N	N	N	0.0000	0.0000	0.0000	0.0000	0.0000	0.0000	0.0000	0.0000	0.0000	0.0000	0.0000	0.0000	0.0000	0.0000	0.0000	0.0000	0.0000	0.0000	0.0139	0.0213	0.0021	0.0048	0.0058	0.0000	0.0158	0.0259	0.0022	0.0605	0.0000	-0.0002	1.9984	1.9923	4.0415	0.0454	0.0000	0.0000	0.0000	0.0000	0.0000	0.0000	0.0000	0.0000	0.0000	0.0004	0.0003	0.0000	0.0000	0.0000	0.0000	0.0003	0.0003	0.0000	0.0532	0.0454	0.0079	0.0027	0.0026	0.0001	0.0506	0.0428	0.0077	0.0252	0.0155	0.0097	0.0043	0.0035	0.0008	0.0209	0.0120	0.0089	0.0000	0.0000	0.0000	0.0000	0.0000	0.0000	0.0000	0.0000	0.0000	0.0139	0.0213	0.0021	0.0048	0.0058	0.0000	0.0158	0.0259	0.0022	
9	92	0.0954	4	1	0	1	0	0	0	0	0	N	N	N	N	N	N	N	N	N	N	N	N	0.0055	0.0000	1494.5317	0.0000	0.0000	0.0054	0.0000	1463.3737	0.0500	0.0000	0.3378	0.0000	0.0000	0.0000	0.0531	0.0000	0.3448	9.0221	14.7270	0.0002	0.0034	0.0041	0.0000	9.9112	17.2296	0.0002	inf	0.0000	0.0007	-0.5392	1.9984	1.0098	4.0415	9.0196	0.0014	0.0000	0.0014	0.0000	0.0000	0.0000	0.0014	0.0000	0.0014	0.9987	0.9987	0.0000	0.0000	0.0000	0.0000	0.9986	0.9986	0.0000	0.0274	0.0233	0.0041	0.0016	0.0015	0.0001	0.0258	0.0218	0.0040	0.1124	0.0678	0.0446	0.0117	0.0099	0.0018	0.1008	0.0580	0.0428	0.0056	0.0000	1494.5317	0.0000	0.0000	0.0000	0.0054	0.0000	1463.3737	8.8826	14.7270	0.0002	0.0034	0.0041	0.0000	9.9112	17.2296	0.0002	
9	93	0.1921	9	2	1	1	1	0	0	0	0	Y	N	N	N	N	N	N	N	N	N	N	N	0.0000	0.0000	0.0000	0.0000	0.0000	0.0000	0.0000	0.0000	0.0000	0.0000	0.0000	0.0000	0.0000	0.0000	0.0000	0.0000	0.0000	0.0000	0.0000	0.0000	1.9984	0.0000	4.0415	0.0000	0.0000	0.0000	0.0000	0.0000	0.0000	0.0000	0.0000	0.0000	0.0000	0.0000	0.0000	0.0000	0.0000	0.0000	0.0000	0.0000	0.0000	0.0000	0.0000	0.0000	0.0000	0.0000	0.0000	0.0000	0.0000	0.0000	0.0000	0.0000	0.0000	0.0000	0.0000	0.0000	0.0000	0.0000	0.0000	0.0000	0.0000	0.0000	0.0000	0.0000	0.0000	0.0000	0.0000	0.0000	0.0000	0.0000	0.0000	0.0000	0.0000	0.0000	0.0000	0.0000	0.0000	0.0000											
9	94	0.1921	8	2	1	1	1	0	0	0	0	Y	N	N	N	N	N	N	N	N	N	N	N	0.0000	0.0000	0.0000	0.0000	0.0000	0.0000	0.0000	0.0000	0.0000	0.0000	0.0000	0.0000	0.0000	0.0000	0.0000	0.0000	0.0000	0.0000	0.0000	0.0000	1.9984	0.0000	4.0415	0.0001	0.0000	0.0000	0.0000	0.0000	0.0000	0.0000	0.0000	0.0000	0.0000	0.0000	0.0000	0.0000	0.0000	0.0000	0.0000	0.0000	0.0000	0.0000	0.0000	0.0000	0.0000	0.0000	0.0000	0.0000	0.0000	0.0000	0.0000	0.0000	0.0000	0.0000	0.0000	0.0000	0.0000	0.0000	0.0000	0.0000	0.0000	0.0000	0.0000	0.0000	0.0000	0.0000	0.0000	0.0000	0.0000	0.0000	0.0000	0.0000	0.0000	0.0000	0.0000	0.0000	0.0000	0.0000											
9	95	0.1742	7	1	1	1	1	0	0	0	0	N	N	N	N	N	N	N	N	N	N	N	N	11929926.4885	8783671.5204	18625878.8012	17032048.3352	35.5975	41.6342	0.0000	320.4613	335.1169	0.0000	0.0000	0.0000	0.0000	0.0000	0.0000	0.0000	0.0000	0.0000	0.0000	0.0000	0.0000	0.0000	0.0000	0.0000	-0.4534	-0.0000	1.9984	0.9845	4.0415	0.9903	0.9820	0.9820	0.0000	0.9820	0.9820	0.0000	0.0000	0.0000	0.0000	0.0000	0.0000	0.0000	0.0000	0.0000	0.0000	0.0000	0.0000	0.0000	0.0276	0.0236	0.0040	0.0031	0.0029	0.0001	0.0245	0.0207	0.0039	0.0248	0.0156	0.0092	0.0043	0.0038	0.0005	0.0205	0.0119	0.0086	11929926.4885	8783671.5204	0.0000	18625878.8012	17032048.3352	0.0000	0.0000	0.0000	0.0000	0.0000	0.0000	0.0000	0.0000	0.0000	0.0000	0.0000	0.0000	0.0000					
9	96	0.1713	7	1	1	1	0	0	0	0	0	N	N	N	N	N	N	N	N	N	N	N	N	23.8076	0.0000	inf	0.0000	0.0000	inf	inf	0.0047	0.0000	0.0321	0.0000	0.0000	0.0000	0.0051	0.0000	0.0330	0.0002	0.0003	0.0000	0.0006	0.0007	0.0000	0.0000	0.0000	0.0000	inf	0.0000	0.0001	-0.0000	1.9984	1.0063	4.0415	3.7812	0.0001	0.0000	0.0001	0.0000	0.0000	0.0000	0.0001	0.0000	0.0001	0.0000	0.0000	0.0000	0.0000	0.0000	0.0000	0.0000	0.0000	0.0000	0.0276	0.0235	0.0041	0.0021	0.0020	0.0001	0.0255	0.0215	0.0039	0.0890	0.0589	0.0301	0.0279	0.0244	0.0034	0.0611	0.0345	0.0267	23.8076	0.0000	inf	0.0000	0.0000	0.0000	inf	0.0000	inf	0.0002	0.0003	0.0000	0.0006	0.0007	0.0000	0.0000	0.0000	0.0000		
9	97	0.1742	7	1	0	2	1	0	0	0	0	N	N	Y	N	N	N	N	N	N	N	N	N	206740.0753	0.0000	inf	0.0000	0.0000	inf	inf	0.6018	0.0000	4.1498	0.0000	0.0000	0.0000	0.6765	0.0000	4.2939	0.0000	0.0000	0.0000	0.0000	0.0000	0.0000	0.0000	0.0000	0.0000	inf	0.0000	0.0092	-0.0000	1.9984	1.0165	4.0415	1.0129	0.0171	0.0000	0.0171	0.0000	0.0000	0.0000	0.0171	0.0000	0.0171	0.0000	0.0000	0.0000	0.0000	0.0000	0.0000	0.0000	0.0000	0.0000	0.0284	0.0243	0.0041	0.0031	0.0030	0.0001	0.0253	0.0213	0.0040	0.0254	0.0160	0.0094	0.0044	0.0038	0.0006	0.0210	0.0122	0.0089	206740.0753	0.0000	inf	0.0000	0.0000	0.0000	inf	0.0000	inf	0.0000	0.0000	0.0000	0.0000	0.0000	0.0000	0.0000	0.0000	0.0000		
9	98	0.1613	6	1	0	1	1	0	0	0	0	N	N	N	N	N	N	N	N	N	N	N	N	310.7692	162.2711	inf	423.3807	372.0279	inf	inf	0.4272	0.3616	0.8107	3.8768	4.0961	0.0000	0.1286	0.0000	0.8351	0.0014	0.0022	0.0000	0.0092	0.0110	0.0000	0.0000	0.0000	0.0000	0.3832	0.0000	-0.0043	-0.0000	1.9984	2.0241	4.0415	1.0265	0.0235	0.0170	0.0065	0.0170	0.0170	0.0000	0.0065	0.0000	0.0065	0.0000	0.0000	0.0000	0.0000	0.0000	0.0000	0.0000	0.0000	0.0000	0.0550	0.0470	0.0080	0.0044	0.0041	0.0002	0.0506	0.0428	0.0078	0.0363	0.0224	0.0139	0.0055	0.0045	0.0009	0.0309	0.0179	0.0130	310.7692	162.2711	inf	423.3807	372.0279	0.0000	inf	0.0000	inf	0.0014	0.0022	0.0000	0.0092	0.0110	0.0000	0.0000	0.0000	0.0000		
9	99	0.1613	6	1	0	2	1	0	0	0	0	N	N	Y	N	N	N	N	N	N	N	N	N	inf	inf	inf	inf	0.0821	0.0000	0.5640	0.0000	0.0000	0.0000	0.0891	0.0000	0.5810	0.0000	0.0000	0.0000	0.0000	0.0000	0.0000	0.0000	0.0000	0.0000	inf	0.0036	0.0000	1.9984	3.0066	4.0415	0.0000	0.0066	0.0000	0.0066	0.0000	0.0000	0.0000	0.0066	0.0000	0.0066	0.0000	0.0000	0.0000	0.0000	0.0000	0.0000	0.0000	0.0000	0.0000	0.0807	0.0689	0.0117	0.0063	0.0060	0.0003	0.0744	0.0630	0.0114	0.0358	0.0221	0.0137	0.0054	0.0045	0.0009	0.0304	0.0176	0.0128	inf	0.0000	inf	0.0000	0.0000	0.0000	inf	0.0000	inf	0.0000	0.0000	0.0000	0.0000	0.0000	0.0000	0.0000	0.0000	0.0000						
9	100	0.1870	6	1	0	2	1	0	0	0	0	N	N	Y	N	N	N	N	N	N	N	N	N	0.0000	0.0000	0.0000	0.0000	0.0000	0.0000	0.0000	0.0000	0.0000	0.0000	0.0000	0.0000	0.0000	0.0000	0.0000	0.0000	0.0000	0.0000	0.0000	0.0000	1.9984	0.0000	4.0415	2.0000	0.0000	0.0000	0.0000	0.0000	0.0000	0.0000	0.0000	0.0000	0.0000	0.0000	0.0000	0.0000	0.0000	0.0000	0.0000	0.0000	0.0000	0.0000	0.0000	0.0000	0.0000	0.0000	0.0000	0.0000	0.0000	0.0000	0.0000	0.0231	0.0141	0.0090	0.0036	0.0030	0.0006	0.0195	0.0111	0.0084	0.0000	0.0000	0.0000	0.0000	0.0000	0.0000	0.0000	0.0000	0.0000	0.0000	0.0000	0.0000	0.0000	0.0000	0.0000	0.0000	0.0000	0.0000											
9	101	0.1479	5	1	0	2	1	0	0	0	0	N	N	Y	N	N	N	N	N	N	N	N	N	40.1092	0.0000	959773.2709	0.0000	0.0000	0.0000	3724.9614	0.0000	1784985.9021	0.0111	0.0000	0.0771	0.0000	0.0000	0.0000	0.0123	0.0000	0.0808	0.0003	0.0005	0.0000	0.0017	0.0019	0.0000	0.0000	0.0000	0.0000	inf	0.0001	0.0010	-0.0000	1.9984	5.8899	4.0415	3.1847	0.0018	0.0000	0.0018	0.0000	0.0000	0.0000	0.0018	0.0000	0.0018	0.0000	0.0000	0.0000	0.0000	0.0000	0.0000	0.0000	0.0000	0.0000	0.1587	0.1358	0.0229	0.0153	0.0142	0.0011	0.1434	0.1216	0.0219	0.1104	0.0681	0.0423	0.0182	0.0156	0.0026	0.0922	0.0525	0.0397	40.1092	0.0000	959773.2709	0.0000	0.0000	0.0000	3724.9614	0.0000	1784985.9021	0.0003	0.0005	0.0000	0.0017	0.0019	0.0000	0.0000	0.0000	0.0000
9	102	0.1947	5	2	1	1	0	0	0	0	0	Y	N	N	N	N	N	N	N	N	N	N	N	0.0000	0.0000	0.0000	0.0000	0.0000	0.0000	0.0000	0.0000	0.0000	0.0000	0.0000	0.0000	0.0000	0.0000	0.0000	0.0000	0.0000	0.0000	0.0000	0.0000	1.9984	0.0000	4.0415	0.0000	0.0000	0.0000	0.0000	0.0000	0.0000	0.0000	0.0000	0.0000	0.0000	0.0000	0.0000	0.0000	0.0000	0.0000	0.0000	0.0000	0.0000	0.0000	0.0000	0.0000	0.0000	0.0000	0.0000	0.0000	0.0000	0.0000	0.0000	0.0000	0.0000	0.0000	0.0000	0.0000	0.0000	0.0000	0.0000	0.0000	0.0000	0.0000	0.0000	0.0000	0.0000	0.0000	0.0000	0.0000	0.0000	0.0000	0.0000	0.0000	0.0000	0.0000	0.0000	0.0000	0.0000	0.0000											
9	103	0.0954	4	2	1	1	0	0	0	0	0	Y	N	N	N	N	N	N	N	N	N	N	N	inf	inf	inf	inf	4.9477	0.0000	34.1625	0.0000	0.0000	0.0000	5.2342	0.0000	34.8645	0.0000	0.0000	0.0000	0.0000	0.0000	0.0000	0.0000	0.0000	0.0000	inf	0.5386	0.0000	1.9984	8.0012	4.0415	14.0016	1.0007	0.0000	1.0007	0.0000	0.0000	0.0000	1.0007	0.0000	1.0007	0.0000	0.0000	0.0000	0.0000	0.0000	0.0000	0.0000	0.0000	0.0000	0.2022	0.1730	0.0293	0.0111	0.0105	0.0006	0.1912	0.1625	0.0287	0.2261	0.1365	0.0896	0.0239	0.0201	0.0038	0.2023	0.1164	0.0859	inf	0.0000	inf	0.0000	0.0000	0.0000	inf	0.0000	inf	0.0000	0.0000	0.0000	0.0000	0.0000	0.0000	0.0000	0.0000	0.0000						
9	104	0.1584	5	1	1	1	0	0	0	0	0	N	N	N	N	N	N	N	N	N	N	N	N	0.0000	0.0000	0.0000	0.0000	0.0000	0.0000	0.0000	0.0000	0.0000	0.0000	0.0000	0.0000	0.0000	0.0000	0.0000	0.0000	0.0000	0.0003	0.0004	0.0000	0.0013	0.0016	0.0000	0.0000	0.0000	0.0000	0.0087	0.0000	-0.0000	1.9984	2.0010	4.0415	1.0153	0.0000	0.0000	0.0000	0.0000	0.0000	0.0000	0.0000	0.0000	0.0000	0.0000	0.0000	0.0000	0.0000	0.0000	0.0000	0.0000	0.0000	0.0000	0.0532	0.0453	0.0078	0.0030	0.0028	0.0002	0.0502	0.0425	0.0077	0.0379	0.0236	0.0143	0.0081	0.0064	0.0018	0.0298	0.0172	0.0126	0.0000	0.0000	0.0000	0.0000	0.0000	0.0000	0.0000	0.0000	0.0000	0.0003	0.0004	0.0000	0.0013	0.0016	0.0000	0.0000	0.0000	0.0000		
9	105	0.0954	4	1	1	1	0	0	0	0	0	N	N	N	N	N	N	N	N	N	N	N	N	43.5824	0.0000	140.9417	0.0000	0.0000	41.3549	0.0000	137.9358	0.0171	0.0000	0.1163	0.0000	0.0000	0.0000	0.0181	0.0000	0.1188	0.0004	0.0001	0.0008	0.0000	0.0000	0.0000	0.0004	0.0001	0.0009	inf	5.0145	0.0007	0.0000	1.9984	3.0162	4.0415	11.0438	0.0014	0.0000	0.0014	0.0000	0.0000	0.0000	0.0014	0.0000	0.0014	0.0001	0.0000	0.0001	0.0000	0.0000	0.0000	0.0001	0.0000	0.0001	0.0800	0.0682	0.0118	0.0045	0.0042	0.0002	0.0755	0.0639	0.0115	0.1530	0.0923	0.0607	0.0160	0.0135	0.0025	0.1370	0.0788	0.0582	43.5824	0.0000	140.9417	0.0000	0.0000	0.0000	41.3549	0.0000	137.9358	0.0004	0.0001	0.0008	0.0000	0.0000	0.0000	0.0004	0.0001	0.0009	
9	106	0.1963	9	2	1	1	0	0	0	0	0	Y	N	N	N	N	N	N	N	N	N	N	N	0.0000	0.0000	0.0000	0.0000	0.0000	0.0000	0.0000	0.0000	0.0000	0.0000	0.0000	0.0000	0.0000	0.0000	0.0000	0.0000	0.0000	0.0000	0.0000	0.0000	1.9984	1.0000	4.0415	1.0000	0.0000	0.0000	0.0000	0.0000	0.0000	0.0000	0.0000	0.0000	0.0000	0.0000	0.0000	0.0000	0.0000	0.0000	0.0000	0.0000	0.0000	0.0000	0.0272	0.0232	0.0040	0.0020	0.0019	0.0001	0.0252	0.0213	0.0039	0.0247	0.0162	0.0086	0.0086	0.0070	0.0016	0.0161	0.0091	0.0070	0.0000	0.0000	0.0000	0.0000	0.0000	0.0000	0.0000	0.0000	0.0000	0.0000	0.0000	0.0000	0.0000	0.0000	0.0000	0.0000	0.0000	0.0000											
9	107	0.1921	8	2	1	1	0	0	0	0	0	Y	N	N	N	N	N	N	N	N	N	N	N	0.0000	0.0000	0.0000	0.0000	0.0000	0.0000	0.0000	0.0000	0.0000	0.0000	0.0000	0.0000	0.0000	0.0000	0.0000	0.0000	0.0000	0.0000	0.0000	0.0000	1.9984	0.0000	4.0415	0.9999	0.0000	0.0000	0.0000	0.0000	0.0000	0.0000	0.0000	0.0000	0.0000	0.0000	0.0000	0.0000	0.0000	0.0000	0.0000	0.0000	0.0000	0.0000	0.0000	0.0000	0.0000	0.0000	0.0000	0.0000	0.0000	0.0000	0.0000	0.0124	0.0079	0.0045	0.0035	0.0029	0.0006	0.0089	0.0051	0.0038	0.0000	0.0000	0.0000	0.0000	0.0000	0.0000	0.0000	0.0000	0.0000	0.0000	0.0000	0.0000	0.0000	0.0000	0.0000	0.0000	0.0000	0.0000											
9	108	0.1713	7	2	1	1	0	0	0	0	0	Y	N	N	N	N	N	N	N	N	N	N	N	1225.0458	0.0000	inf	0.0000	0.0000	8758.9638	0.0000	inf	0.2532	0.0000	1.7804	0.0000	0.0000	0.0000	0.3475	0.0000	1.8094	0.0002	0.0003	0.0000	0.0006	0.0007	0.0000	0.0000	0.0001	0.0000	inf	0.0000	0.0001	-0.0000	1.9984	0.0100	4.0415	4.8896	0.0001	0.0000	0.0001	0.0000	0.0000	0.0000	0.0001	0.0000	0.0001	0.0000	0.0000	0.0000	0.0000	0.0000	0.0000	0.0000	0.0000	0.0000	0.0005	0.0004	0.0001	0.0001	0.0001	0.0000	0.0004	0.0003	0.0001	0.0902	0.0597	0.0306	0.0281	0.0246	0.0035	0.0622	0.0351	0.0271	1225.0458	0.0000	inf	0.0000	0.0000	0.0000	8758.9638	0.0000	inf	0.0002	0.0003	0.0000	0.0006	0.0007	0.0000	0.0000	0.0001	0.0000	
9	109	0.1613	6	1	1	1	0	0	0	0	0	N	N	N	N	N	N	N	N	N	N	N	N	499.1838	6.9375	189649.8414	60.6376	53.0955	631.0865	0.0000	182436.7723	0.2432	0.0054	1.6310	0.0551	0.0580	0.0000	0.2605	0.0000	1.6797	0.0005	0.0008	0.0000	0.0009	0.0011	0.0000	0.0004	0.0007	0.0000	51.3337	0.0068	0.0035	-0.0000	1.9984	1.0007	4.0415	1.4004	0.0068	0.0001	0.0066	0.0001	0.0001	0.0000	0.0066	0.0000	0.0066	0.0000	0.0000	0.0000	0.0000	0.0000	0.0000	0.0000	0.0000	0.0000	0.0278	0.0237	0.0041	0.0023	0.0022	0.0001	0.0254	0.0215	0.0039	0.0287	0.0177	0.0110	0.0043	0.0036	0.0007	0.0244	0.0141	0.0103	499.1838	6.9375	189649.8414	60.6376	53.0955	0.0000	631.0865	0.0000	182436.7723	0.0005	0.0008	0.0000	0.0009	0.0011	0.0000	0.0004	0.0007	0.0000	
9	110	0.1479	5	1	0	1	0	0	0	0	0	N	N	N	N	N	N	N	N	N	N	N	N	837.3618	483.8183	4062723.5562	410.2768	405.8475	0.0000	21107.3912	0.0000	9308524.4362	0.5667	0.5246	0.8105	1.3420	1.4894	0.0000	0.1788	0.0000	1.0450	0.0007	0.0011	0.0000	0.0033	0.0037	0.0000	0.0000	0.0000	0.0000	0.2663	0.0001	-0.0021	-0.0000	1.9984	0.3039	4.0415	2.8719	0.0084	0.0066	0.0018	0.0066	0.0066	0.0000	0.0018	0.0000	0.0018	0.0000	0.0000	0.0000	0.0000	0.0000	0.0000	0.0000	0.0000	0.0000	0.0148	0.0126	0.0022	0.0049	0.0044	0.0005	0.0099	0.0082	0.0017	0.0453	0.0283	0.0170	0.0093	0.0083	0.0010	0.0360	0.0200	0.0160	837.3618	483.8183	4062723.5562	410.2768	405.8475	0.0000	21107.3912	0.0000	9308524.4362	0.0007	0.0011	0.0000	0.0033	0.0037	0.0000	0.0000	0.0000	0.0000
9	111	0.0954	4	1	0	1	0	0	0	0	0	N	N	N	N	N	N	N	N	N	N	N	N	16479.4852	11.3199	9287575.6771	403267.1424	359415.1669	15622.8917	0.0000	9091241.2249	9.9517	0.0113	67.7445	0.1724	0.1821	0.0000	10.5298	0.0000	69.1476	0.0006	0.0010	0.0000	0.0000	0.0000	0.0000	0.0007	0.0012	0.0000	1033.1563	0.0048	0.5377	-0.0000	1.9984	3.8240	4.0415	8.1760	1.0008	0.0010	0.9999	0.0010	0.0010	0.0000	0.9999	0.0000	0.9999	0.0001	0.0001	0.0000	0.0000	0.0000	0.0000	0.0001	0.0001	0.0000	0.1006	0.0858	0.0148	0.0056	0.0053	0.0003	0.0950	0.0805	0.0145	0.1326	0.0800	0.0526	0.0138	0.0116	0.0022	0.1188	0.0683	0.0504	16479.4852	11.3199	9287575.6771	403267.1424	359415.1669	0.0000	15622.8917	0.0000	9091241.2249	0.0006	0.0010	0.0000	0.0000	0.0000	0.0000	0.0007	0.0012	0.0000	
9	115	0.2880	7	1	0	1	0	0	0	0	0	N	N	N	N	N	N	N	N	N	N	N	N	275.9415	239.7801	0.0000	901.5552	797.0370	0.0000	0.0000	0.0000	0.0000	3.3137	3.8159	0.0000	20.7298	21.4449	0.0000	0.0000	0.0000	0.0000	0.0120	0.0159	0.0019	0.0230	0.0269	0.0000	0.0013	0.0004	0.0025	0.0000	0.0460	-0.3990	-0.0026	1.9984	8.9918	4.0415	13.3277	0.8641	0.8641	0.0000	0.8641	0.8641	0.0000	0.0000	0.0000	0.0000	0.0053	0.0051	0.0002	0.0050	0.0050	0.0000	0.0003	0.0001	0.0002	0.2608	0.2264	0.0343	0.0417	0.0403	0.0014	0.2191	0.1861	0.0329	0.4422	0.3190	0.1232	0.2183	0.1866	0.0318	0.2238	0.1324	0.0914	275.9415	239.7801	0.0000	901.5552	797.0370	0.0000	0.0000	0.0000	0.0000	0.0120	0.0159	0.0019	0.0230	0.0269	0.0000	0.0013	0.0004	0.0025
10	11	0.1352	9	0	0	2	0	0	0	0	0	N	N	Y	N	N	N	N	N	N	N	N	N	0.0000	0.0000	0.0000	0.0000	0.0000	0.0000	0.0000	0.0000	0.0000	0.0000	0.0000	0.0000	0.0000	0.0002	0.0003	0.0000	0.0031	0.0035	0.0000	0.0000	0.0000	0.0000	0.0000	0.0000	-0.0000	0.0000	5.0149	2.0012	7.0912	0.0000	0.0000	0.0000	0.0000	0.0000	0.0000	0.0000	0.0000	0.0000	0.0000	0.0000	0.0000	0.0000	0.0000	0.0000	0.0000	0.0000	0.0000	0.0000	0.0000	0.0000	0.0000	0.0000	0.0000	0.0000	0.0000	0.0000	0.0492	0.0295	0.0197	0.0033	0.0029	0.0004	0.0459	0.0266	0.0193	0.0000	0.0000	0.0000	0.0000	0.0000	0.0000	0.0000	0.0000	0.0000	0.0002	0.0003	0.0000	0.0031	0.0035	0.0000	0.0000	0.0000	0.0000						
10	12	0.1163	7	1	1	1	0	0	0	0	0	N	N	N	N	N	N	N	N	N	N	N	N	0.0000	0.0000	0.0000	0.0000	0.0000	0.0000	0.0000	0.0000	0.0000	0.0000	0.0000	0.0000	0.0000	0.0000	0.0000	0.0000	0.0000	0.0000	0.0000	0.0000	0.0000	3.0000	2.0012	5.0000	0.0000	0.0000	0.0000	0.0000	0.0000	0.0000	0.0000	0.0000	0.0000	0.0000	0.0000	0.0000	0.0000	0.0000	0.0000	0.0000	0.0000	0.0000	0.0000	0.0000	0.0000	0.0000	0.0000	0.0000	0.0000	0.0000	0.0000	0.0359	0.0189	0.0170	0.0030	0.0024	0.0006	0.0328	0.0165	0.0163	0.0000	0.0000	0.0000	0.0000	0.0000	0.0000	0.0000	0.0000	0.0000	0.0000	0.0000	0.0000	0.0000	0.0000	0.0000	0.0000	0.0000	0.0000											
10	13	0.1661	8	0	0	2	1	0	0	0	0	N	N	Y	N	N	N	N	N	N	N	N	N	0.0000	0.0000	0.0000	0.0000	0.0000	0.0000	0.0000	0.0000	0.0000	0.0000	0.0000	0.0000	0.0000	0.0000	0.0000	0.0000	0.0000	0.0000	0.0000	0.0000	0.0000	0.0000	2.0012	0.0000	0.0000	0.0000	0.0000	0.0000	0.0000	0.0000	0.0000	0.0000	0.0000	0.0000	0.0000	0.0000	0.0000	0.0000	0.0000	0.0000	0.0000	0.0000	0.0000	0.0000	0.0000	0.0000	0.0000	0.0000	0.0000	0.0000	0.0000	0.0000	0.0000	0.0000	0.0000	0.0000	0.0000	0.0000	0.0000	0.0000	0.0000	0.0000	0.0000	0.0000	0.0000	0.0000	0.0000	0.0000	0.0000	0.0000	0.0000	0.0000	0.0000	0.0000	0.0000	0.0000	0.0000	0.0000											
10	14	0.1163	7	0	1	1	0	0	0	0	0	N	N	N	N	N	N	N	N	N	N	N	N	0.0000	0.0000	0.0000	0.0000	0.0000	0.0000	0.0000	0.0000	0.0000	0.0000	0.0000	0.0000	0.0000	0.0000	0.0000	0.0000	0.0000	0.0000	0.0000	0.0000	0.0000	2.0000	2.0012	8.0000	0.0000	0.0000	0.0000	0.0000	0.0000	0.0000	0.0000	0.0000	0.0000	0.0000	0.0000	0.0000	0.0000	0.0000	0.0000	0.0000	0.0000	0.0000	0.0000	0.0000	0.0000	0.0000	0.0000	0.0000	0.0000	0.0000	0.0000	0.0440	0.0233	0.0207	0.0037	0.0029	0.0008	0.0402	0.0204	0.0199	0.0000	0.0000	0.0000	0.0000	0.0000	0.0000	0.0000	0.0000	0.0000	0.0000	0.0000	0.0000	0.0000	0.0000	0.0000	0.0000	0.0000	0.0000											
10	15	0.1404	8	0	0	1	1	0	0	0	0	N	N	N	N	N	N	N	N	N	N	N	N	0.0000	0.0000	0.0000	0.0000	0.0000	0.0000	0.0000	0.0000	0.0000	0.0000	0.0000	0.0000	0.0000	0.0000	0.0000	0.0000	0.0000	0.0000	0.0000	0.0000	0.0000	2.0066	2.0012	2.0000	0.0000	0.0000	0.0000	0.0000	0.0000	0.0000	0.0000	0.0000	0.0000	0.0000	0.0000	0.0000	0.0000	0.0000	0.0000	0.0000	0.0000	0.0000	0.0000	0.0000	0.0000	0.0000	0.0000	0.0000	0.0000	0.0000	0.0000	0.0169	0.0104	0.0065	0.0024	0.0019	0.0005	0.0145	0.0085	0.0060	0.0000	0.0000	0.0000	0.0000	0.0000	0.0000	0.0000	0.0000	0.0000	0.0000	0.0000	0.0000	0.0000	0.0000	0.0000	0.0000	0.0000	0.0000											
10	16	0.1310	8	0	1	1	1	0	0	0	0	N	N	N	N	N	N	N	N	N	N	N	N	0.0000	0.0000	0.0000	0.0000	0.0000	0.0000	0.0000	0.0000	0.0000	0.0000	0.0000	0.0000	0.0000	0.0000	0.0000	0.0000	0.0000	0.0000	0.0000	0.0000	0.0000	24.0000	2.0012	5.0000	0.0000	0.0000	0.0000	0.0000	0.0000	0.0000	0.0000	0.0000	0.0000	0.0000	0.0000	0.0000	0.0000	0.0000	0.0000	0.0000	0.0000	0.0000	0.0000	0.0000	0.0000	0.0000	0.0000	0.0000	0.0000	0.0000	0.0000	0.1008	0.0593	0.0415	0.0046	0.0039	0.0008	0.0962	0.0554	0.0407	0.0000	0.0000	0.0000	0.0000	0.0000	0.0000	0.0000	0.0000	0.0000	0.0000	0.0000	0.0000	0.0000	0.0000	0.0000	0.0000	0.0000	0.0000											
10	17	0.1352	9	0	1	1	0	0	0	0	0	N	N	N	N	N	N	N	N	N	N	N	N	0.0000	0.0000	0.0000	0.0000	0.0000	0.0000	0.0000	0.0000	0.0000	0.0000	0.0000	0.0000	0.0000	0.0000	0.0000	0.0000	0.0000	0.0000	0.0000	0.0000	0.0000	0.9987	2.0012	5.5397	0.0000	0.0000	0.0000	0.0000	0.0000	0.0000	0.0000	0.0000	0.0000	0.0000	0.0000	0.0000	0.0000	0.0000	0.0000	0.0000	0.0000	0.0000	0.0000	0.0000	0.0000	0.0000	0.0000	0.0000	0.0000	0.0000	0.0000	0.0384	0.0232	0.0152	0.0079	0.0071	0.0008	0.0305	0.0161	0.0145	0.0000	0.0000	0.0000	0.0000	0.0000	0.0000	0.0000	0.0000	0.0000	0.0000	0.0000	0.0000	0.0000	0.0000	0.0000	0.0000	0.0000	0.0000											
10	18	0.1404	8	0	1	1	1	0	0	0	0	N	N	N	N	N	N	N	N	N	N	N	N	0.0000	0.0000	0.0000	0.0000	0.0000	0.0000	0.0000	0.0000	0.0000	0.0000	0.0000	0.0000	0.0000	0.0000	0.0000	0.0000	0.0000	0.0000	0.0000	0.0000	0.0000	0.9934	2.0012	0.0000	0.0000	0.0000	0.0000	0.0000	0.0000	0.0000	0.0000	0.0000	0.0000	0.0000	0.0000	0.0000	0.0000	0.0000	0.0000	0.0000	0.0000	0.0000	0.0000	0.0000	0.0000	0.0000	0.0000	0.0000	0.0000	0.0000	0.0000	0.0043	0.0026	0.0016	0.0006	0.0005	0.0001	0.0037	0.0021	0.0015	0.0000	0.0000	0.0000	0.0000	0.0000	0.0000	0.0000	0.0000	0.0000	0.0000	0.0000	0.0000	0.0000	0.0000	0.0000	0.0000	0.0000	0.0000											
10	19	0.0745	6	1	1	1	0	0	0	0	0	N	N	N	N	N	N	N	N	N	N	N	N	0.0000	0.0000	0.0000	0.0000	0.0000	0.0000	0.0000	0.0000	0.0000	0.0000	0.0000	0.0000	0.0000	0.0000	0.0000	0.0000	0.0000	0.0000	0.0000	0.0000	0.0000	1.0015	2.0012	7.0016	0.0000	0.0000	0.0000	0.0000	0.0000	0.0000	0.0000	0.0000	0.0000	0.0000	0.0000	0.0000	0.0000	0.0000	0.0000	0.0000	0.0000	0.0000	0.0000	0.0000	0.0000	0.0000	0.0000	0.0000	0.0000	0.0000	0.0000	0.0324	0.0195	0.0129	0.0025	0.0020	0.0005	0.0299	0.0175	0.0124	0.0000	0.0000	0.0000	0.0000	0.0000	0.0000	0.0000	0.0000	0.0000	0.0000	0.0000	0.0000	0.0000	0.0000	0.0000	0.0000	0.0000	0.0000											
10	20	0.1375	7	0	1	1	0	0	0	0	0	N	N	N	N	N	N	N	N	N	N	N	N	0.0000	0.0000	0.0000	0.0000	0.0000	0.0000	0.0000	0.0000	0.0000	0.0000	0.0000	0.0000	0.0000	0.0000	0.0000	0.0000	0.0000	0.0008	0.0012	0.0000	0.0034	0.0043	0.0001	0.0000	0.0000	0.0000	0.0218	0.0000	-0.0000	0.0000	1.0004	2.0012	2.0077	0.0000	0.0000	0.0000	0.0000	0.0000	0.0000	0.0000	0.0000	0.0000	0.0000	0.0000	0.0000	0.0000	0.0000	0.0000	0.0000	0.0000	0.0000	0.0000	0.0000	0.0000	0.0000	0.0000	0.0000	0.0000	0.0000	0.0000	0.0131	0.0081	0.0050	0.0030	0.0023	0.0007	0.0101	0.0058	0.0044	0.0000	0.0000	0.0000	0.0000	0.0000	0.0000	0.0000	0.0000	0.0000	0.0008	0.0012	0.0000	0.0034	0.0043	0.0001	0.0000	0.0000	0.0000		
10	21	0.1617	9	0	0	1	1	0	0	0	0	N	N	N	N	N	N	N	N	N	N	N	N	0.0000	0.0000	0.0000	0.0000	0.0000	0.0000	0.0000	0.0000	0.0000	0.0000	0.0000	0.0000	0.0000	0.0008	0.0000	0.0020	0.0000	0.0000	0.0000	0.0008	0.0000	0.0020	inf	0.0000	0.0000	0.0000	2.0000	2.0012	1.0003	0.0000	0.0000	0.0000	0.0000	0.0000	0.0000	0.0000	0.0000	0.0000	0.0000	0.0000	0.0000	0.0000	0.0000	0.0000	0.0000	0.0000	0.0000	0.0000	0.0000	0.0000	0.0000	0.0000	0.0000	0.0000	0.0000	0.0000	0.0124	0.0073	0.0051	0.0006	0.0005	0.0001	0.0118	0.0068	0.0050	0.0000	0.0000	0.0000	0.0000	0.0000	0.0000	0.0000	0.0000	0.0000	0.0008	0.0000	0.0020	0.0000	0.0000	0.0000	0.0008	0.0000	0.0020						
10	22	0.1489	9	1	0	2	0	0	0	0	0	N	N	Y	N	N	N	N	N	N	N	N	N	0.0000	0.0000	0.0000	0.0000	0.0000	0.0000	0.0000	0.0000	0.0000	0.0000	0.0000	0.0000	0.0000	0.0000	0.0000	0.0000	0.0000	0.0000	0.0000	0.0000	0.0000	0.0000	2.0012	4.9921	0.0000	0.0000	0.0000	0.0000	0.0000	0.0000	0.0000	0.0000	0.0000	0.0000	0.0000	0.0000	0.0000	0.0000	0.0000	0.0000	0.0000	0.0000	0.0000	0.0000	0.0000	0.0000	0.0000	0.0000	0.0000	0.0000	0.0000	0.0203	0.0126	0.0077	0.0033	0.0027	0.0006	0.0170	0.0099	0.0071	0.0000	0.0000	0.0000	0.0000	0.0000	0.0000	0.0000	0.0000	0.0000	0.0000	0.0000	0.0000	0.0000	0.0000	0.0000	0.0000	0.0000	0.0000											
10	23	0.0164	3	0	1	1	0	0	0	0	0	N	N	N	N	N	N	N	N	N	N	N	N	0.0000	0.0000	0.0000	0.0000	0.0000	0.0000	0.0000	0.0000	0.0000	0.0000	0.0000	0.0000	0.0000	0.0000	0.0000	0.0000	0.0021	0.0037	0.0006	0.2145	0.3108	0.0000	0.0003	0.0000	0.0006	0.1596	0.0000	-0.0000	0.0000	1.9996	2.0012	0.0142	0.0000	0.0000	0.0000	0.0000	0.0000	0.0000	0.0000	0.0000	0.0000	0.0000	0.0000	0.0000	0.0000	0.0000	0.0000	0.0000	0.0000	0.0000	0.0000	0.0000	0.0000	0.0000	0.0000	0.0000	0.0000	0.0000	0.0000	0.0108	0.0054	0.0053	0.0002	0.0001	0.0000	0.0106	0.0053	0.0053	0.0000	0.0000	0.0000	0.0000	0.0000	0.0000	0.0000	0.0000	0.0000	0.0021	0.0037	0.0006	0.1264	0.1444	0.0000	0.0003	0.0000	0.0006			
10	24	0.0745	6	0	1	1	0	0	0	0	0	N	N	N	N	N	N	N	N	N	N	N	N	0.0000	0.0000	0.0000	0.0000	0.0000	0.0000	0.0000	0.0000	0.0000	0.0000	0.0000	0.0000	0.0000	0.0000	0.0000	0.0000	0.0000	0.0000	0.0000	0.0000	0.0000	2.9988	2.0012	13.9984	0.0000	0.0000	0.0000	0.0000	0.0000	0.0000	0.0000	0.0000	0.0000	0.0000	0.0000	0.0000	0.0000	0.0000	0.0000	0.0000	0.0000	0.0000	0.0000	0.0000	0.0000	0.0000	0.0000	0.0000	0.0000	0.0000	0.0000	0.0644	0.0387	0.0257	0.0050	0.0040	0.0011	0.0594	0.0348	0.0246	0.0000	0.0000	0.0000	0.0000	0.0000	0.0000	0.0000	0.0000	0.0000	0.0000	0.0000	0.0000	0.0000	0.0000	0.0000	0.0000	0.0000	0.0000											
10	25	0.1163	7	1	1	1	0	0	0	0	0	N	N	N	N	N	N	N	N	N	N	N	N	0.0000	0.0000	0.0000	0.0000	0.0000	0.0000	0.0000	0.0000	0.0000	0.0000	0.0000	0.0000	0.0000	0.0000	0.0000	0.0000	0.0000	0.0000	0.0000	0.0000	0.0000	6.0000	2.0012	4.0000	0.0000	0.0000	0.0000	0.0000	0.0000	0.0000	0.0000	0.0000	0.0000	0.0000	0.0000	0.0000	0.0000	0.0000	0.0000	0.0000	0.0000	0.0000	0.0000	0.0000	0.0000	0.0000	0.0000	0.0000	0.0000	0.0000	0.0000	0.0440	0.0233	0.0207	0.0037	0.0029	0.0008	0.0402	0.0204	0.0199	0.0000	0.0000	0.0000	0.0000	0.0000	0.0000	0.0000	0.0000	0.0000	0.0000	0.0000	0.0000	0.0000	0.0000	0.0000	0.0000	0.0000	0.0000											
10	26	0.0123	2	0	1	1	0	0	0	0	0	N	N	N	N	N	N	N	N	N	N	N	N	0.0000	0.0000	0.0000	0.0000	0.0000	0.0000	0.0000	0.0000	0.0000	0.0000	0.0000	0.0000	0.0000	0.0000	0.0000	0.0000	0.0041	0.0076	0.0005	2.1802	2.5976	0.0000	0.0002	0.0000	0.0005	0.0599	0.0000	-0.0000	0.0000	0.0000	2.0012	2.0002	0.0000	0.0000	0.0000	0.0000	0.0000	0.0000	0.0000	0.0000	0.0000	0.0000	0.0000	0.0000	0.0000	0.0000	0.0000	0.0000	0.0000	0.0000	0.0000	0.0000	0.0000	0.0000	0.0000	0.0000	0.0000	0.0000	0.0000	0.0106	0.0054	0.0053	0.0001	0.0001	0.0000	0.0105	0.0053	0.0053	0.0000	0.0000	0.0000	0.0000	0.0000	0.0000	0.0000	0.0000	0.0000	0.0041	0.0076	0.0005	0.3236	0.3811	0.0000	0.0002	0.0000	0.0005			
10	27	0.1310	8	1	1	1	0	0	0	0	0	N	N	N	N	N	N	N	N	N	N	N	N	0.0000	0.0000	0.0000	0.0000	0.0000	0.0000	0.0000	0.0000	0.0000	0.0000	0.0000	0.0000	0.0000	0.0000	0.0000	0.0000	0.0000	0.0000	0.0000	0.0000	0.0000	1.0000	2.0012	3.9850	0.0000	0.0000	0.0000	0.0000	0.0000	0.0000	0.0000	0.0000	0.0000	0.0000	0.0000	0.0000	0.0000	0.0000	0.0000	0.0000	0.0000	0.0000	0.0000	0.0000	0.0000	0.0000	0.0000	0.0000	0.0000	0.0000	0.0000	0.0211	0.0125	0.0086	0.0011	0.0010	0.0001	0.0200	0.0115	0.0085	0.0000	0.0000	0.0000	0.0000	0.0000	0.0000	0.0000	0.0000	0.0000	0.0000	0.0000	0.0000	0.0000	0.0000	0.0000	0.0000	0.0000	0.0000											
10	28	0.1163	7	0	1	1	0	0	0	0	0	N	N	N	N	N	N	N	N	N	N	N	N	0.0000	0.0000	0.0000	0.0000	0.0000	0.0000	0.0000	0.0000	0.0000	0.0000	0.0000	0.0000	0.0000	0.0000	0.0000	0.0000	0.0000	0.0000	0.0000	0.0000	0.0000	5.0000	2.0012	4.0000	0.0000	0.0000	0.0000	0.0000	0.0000	0.0000	0.0000	0.0000	0.0000	0.0000	0.0000	0.0000	0.0000	0.0000	0.0000	0.0000	0.0000	0.0000	0.0000	0.0000	0.0000	0.0000	0.0000	0.0000	0.0000	0.0000	0.0000	0.0400	0.0211	0.0188	0.0034	0.0026	0.0007	0.0366	0.0185	0.0181	0.0000	0.0000	0.0000	0.0000	0.0000	0.0000	0.0000	0.0000	0.0000	0.0000	0.0000	0.0000	0.0000	0.0000	0.0000	0.0000	0.0000	0.0000											
10	29	0.1163	7	0	1	1	0	0	0	0	0	N	N	N	N	N	N	N	N	N	N	N	N	0.0000	0.0000	0.0000	0.0000	0.0000	0.0000	0.0000	0.0000	0.0000	0.0000	0.0000	0.0000	0.0000	0.0000	0.0000	0.0000	0.0000	0.0000	0.0000	0.0000	0.0000	3.0000	2.0012	6.0000	0.0000	0.0000	0.0000	0.0000	0.0000	0.0000	0.0000	0.0000	0.0000	0.0000	0.0000	0.0000	0.0000	0.0000	0.0000	0.0000	0.0000	0.0000	0.0000	0.0000	0.0000	0.0000	0.0000	0.0000	0.0000	0.0000	0.0000	0.0400	0.0211	0.0188	0.0034	0.0026	0.0007	0.0366	0.0185	0.0181	0.0000	0.0000	0.0000	0.0000	0.0000	0.0000	0.0000	0.0000	0.0000	0.0000	0.0000	0.0000	0.0000	0.0000	0.0000	0.0000	0.0000	0.0000											
10	30	0.1653	10	0	1	2	1	0	0	0	0	N	N	Y	N	N	N	N	N	N	N	N	N	0.0000	0.0000	0.0000	0.0000	0.0000	0.0000	0.0000	0.0000	0.0000	0.0000	0.0000	0.0000	0.0000	0.3913	0.0000	0.8712	0.0000	0.0000	0.0000	0.3340	0.0000	1.1484	inf	0.0000	0.0015	0.0000	0.0000	2.0012	3.0000	0.0000	0.0000	0.0000	0.0000	0.0000	0.0000	0.0000	0.0000	0.0000	0.0032	0.0000	0.0032	0.0000	0.0000	0.0000	0.0032	0.0000	0.0032	0.0000	0.0000	0.0000	0.0000	0.0000	0.0000	0.0000	0.0000	0.0000	0.0124	0.0075	0.0049	0.0026	0.0020	0.0007	0.0097	0.0055	0.0042	0.0000	0.0000	0.0000	0.0000	0.0000	0.0000	0.0000	0.0000	0.0000	0.2625	0.0000	0.6653	0.0000	0.0000	0.0000	0.3340	0.0000	0.7757						
10	31	0.1484	9	0	0	1	1	0	0	0	0	N	N	N	N	N	N	N	N	N	N	N	N	0.0000	0.0000	0.0000	0.0000	0.0000	0.0000	0.0000	0.0000	0.0000	0.0000	0.0000	0.0000	0.0000	0.0005	0.0008	0.0000	0.0023	0.0029	0.0000	0.0000	0.0000	0.0000	0.0000	0.0000	-0.0000	0.0000	0.9783	2.0012	3.0423	0.0000	0.0000	0.0000	0.0000	0.0000	0.0000	0.0000	0.0000	0.0000	0.0000	0.0000	0.0000	0.0000	0.0000	0.0000	0.0000	0.0000	0.0000	0.0000	0.0000	0.0000	0.0000	0.0000	0.0000	0.0000	0.0000	0.0000	0.0199	0.0125	0.0074	0.0043	0.0035	0.0008	0.0156	0.0090	0.0066	0.0000	0.0000	0.0000	0.0000	0.0000	0.0000	0.0000	0.0000	0.0000	0.0005	0.0008	0.0000	0.0023	0.0029	0.0000	0.0000	0.0000	0.0000						
10	32	0.0745	6	0	1	1	0	0	0	0	0	N	N	N	N	N	N	N	N	N	N	N	N	0.0000	0.0000	0.0000	0.0000	0.0000	0.0000	0.0000	0.0000	0.0000	0.0000	0.0000	0.0000	0.0000	0.0000	0.0000	0.0000	0.0000	0.0000	0.0000	0.0000	0.0000	6.9988	2.0012	9.0016	0.0000	0.0000	0.0000	0.0000	0.0000	0.0000	0.0000	0.0000	0.0000	0.0000	0.0000	0.0000	0.0000	0.0000	0.0000	0.0000	0.0000	0.0000	0.0000	0.0000	0.0000	0.0000	0.0000	0.0000	0.0000	0.0000	0.0000	0.0611	0.0367	0.0244	0.0048	0.0037	0.0010	0.0563	0.0330	0.0234	0.0000	0.0000	0.0000	0.0000	0.0000	0.0000	0.0000	0.0000	0.0000	0.0000	0.0000	0.0000	0.0000	0.0000	0.0000	0.0000	0.0000	0.0000											
10	33	0.1754	11	1	1	1	0	0	0	0	0	N	N	N	N	N	N	N	N	N	N	N	N	0.0000	0.0000	0.0000	0.0000	0.0000	0.0000	0.0000	0.0000	0.0000	0.0000	0.0000	0.0000	0.0000	0.0000	0.0000	0.0000	0.0000	0.0000	0.0000	0.0000	0.0000	0.0000	2.0012	0.0000	0.0000	0.0000	0.0000	0.0000	0.0000	0.0000	0.0000	0.0000	0.0000	0.0000	0.0000	0.0000	0.0000	0.0000	0.0000	0.0000	0.0000	0.0000	0.0000	0.0000	0.0000	0.0000	0.0000	0.0000	0.0000	0.0000	0.0000	0.0000	0.0000	0.0000	0.0000	0.0000	0.0000	0.0000	0.0000	0.0000	0.0000	0.0000	0.0000	0.0000	0.0000	0.0000	0.0000	0.0000	0.0000	0.0000	0.0000	0.0000	0.0000	0.0000	0.0000	0.0000	0.0000	0.0000											
10	34	0.1310	8	0	1	1	1	0	0	0	0	N	N	N	N	N	N	N	N	N	N	N	N	0.0000	0.0000	0.0000	0.0000	0.0000	0.0000	0.0000	0.0000	0.0000	0.0000	0.0000	0.0000	0.0000	0.0000	0.0000	0.0000	0.0000	0.0000	0.0000	0.0000	0.0000	5.0000	2.0012	6.9850	0.0000	0.0000	0.0000	0.0000	0.0000	0.0000	0.0000	0.0000	0.0000	0.0000	0.0000	0.0000	0.0000	0.0000	0.0000	0.0000	0.0000	0.0000	0.0000	0.0000	0.0000	0.0000	0.0000	0.0000	0.0000	0.0000	0.0000	0.0474	0.0279	0.0195	0.0023	0.0019	0.0003	0.0452	0.0260	0.0192	0.0000	0.0000	0.0000	0.0000	0.0000	0.0000	0.0000	0.0000	0.0000	0.0000	0.0000	0.0000	0.0000	0.0000	0.0000	0.0000	0.0000	0.0000											
10	35	0.0745	6	1	1	1	0	0	0	0	0	N	N	N	N	N	N	N	N	N	N	N	N	0.0000	0.0000	0.0000	0.0000	0.0000	0.0000	0.0000	0.0000	0.0000	0.0000	0.0000	0.0000	0.0000	0.0000	0.0000	0.0000	0.0000	0.0000	0.0000	0.0000	0.0000	1.9985	2.0012	17.9985	0.0000	0.0000	0.0000	0.0000	0.0000	0.0000	0.0000	0.0000	0.0000	0.0000	0.0000	0.0000	0.0000	0.0000	0.0000	0.0000	0.0000	0.0000	0.0000	0.0000	0.0000	0.0000	0.0000	0.0000	0.0000	0.0000	0.0000	0.0742	0.0446	0.0296	0.0058	0.0046	0.0012	0.0683	0.0400	0.0283	0.0000	0.0000	0.0000	0.0000	0.0000	0.0000	0.0000	0.0000	0.0000	0.0000	0.0000	0.0000	0.0000	0.0000	0.0000	0.0000	0.0000	0.0000											
10	36	0.1977	9	0	0	2	0	0	0	0	0	N	N	Y	N	N	N	N	N	N	N	N	N	0.0000	0.0000	0.0000	0.0000	0.0000	0.0000	0.0000	0.0000	0.0000	0.0000	0.0000	0.0000	0.0000	0.0000	0.0000	0.0000	0.0000	0.0000	0.0000	0.0000	0.0000	0.0001	2.0012	0.9943	0.0000	0.0000	0.0000	0.0000	0.0000	0.0000	0.0000	0.0000	0.0000	0.0000	0.0000	0.0000	0.0000	0.0000	0.0000	0.0000	0.0000	0.0000	0.0000	0.0000	0.0000	0.0000	0.0000	0.0000	0.0000	0.0000	0.0000	0.0051	0.0033	0.0018	0.0010	0.0009	0.0001	0.0041	0.0024	0.0017	0.0000	0.0000	0.0000	0.0000	0.0000	0.0000	0.0000	0.0000	0.0000	0.0000	0.0000	0.0000	0.0000	0.0000	0.0000	0.0000	0.0000	0.0000											
10	37	0.1740	9	0	1	1	0	0	0	0	0	N	N	N	N	N	N	N	N	N	N	N	N	0.0000	0.0000	0.0000	0.0000	0.0000	0.0000	0.0000	0.0000	0.0000	0.0000	0.0000	0.0000	0.0000	0.0000	0.0000	0.0000	0.0000	0.0000	0.0000	0.0000	0.0000	2.0000	2.0012	2.0000	0.0000	0.0000	0.0000	0.0000	0.0000	0.0000	0.0000	0.0000	0.0000	0.0000	0.0000	0.0000	0.0000	0.0000	0.0000	0.0000	0.0000	0.0000	0.0000	0.0000	0.0000	0.0000	0.0000	0.0000	0.0000	0.0000	0.0000	0.0169	0.0102	0.0066	0.0027	0.0021	0.0005	0.0142	0.0081	0.0061	0.0000	0.0000	0.0000	0.0000	0.0000	0.0000	0.0000	0.0000	0.0000	0.0000	0.0000	0.0000	0.0000	0.0000	0.0000	0.0000	0.0000	0.0000											
10	38	0.1331	8	1	0	2	0	0	0	0	0	N	N	Y	N	N	N	N	N	N	N	N	N	0.0000	0.0000	0.0000	0.0000	0.0000	0.0000	0.0000	0.0000	0.0000	0.0000	0.0000	0.0000	0.0000	0.0000	0.0000	0.0000	0.0000	0.0000	0.0000	0.0000	0.0000	2.0000	2.0012	5.0000	0.0000	0.0000	0.0000	0.0000	0.0000	0.0000	0.0000	0.0000	0.0000	0.0000	0.0000	0.0000	0.0000	0.0000	0.0000	0.0000	0.0000	0.0000	0.0000	0.0000	0.0000	0.0000	0.0000	0.0000	0.0000	0.0000	0.0000	0.0318	0.0169	0.0149	0.0031	0.0025	0.0006	0.0287	0.0144	0.0143	0.0000	0.0000	0.0000	0.0000	0.0000	0.0000	0.0000	0.0000	0.0000	0.0000	0.0000	0.0000	0.0000	0.0000	0.0000	0.0000	0.0000	0.0000											
10	39	0.1484	9	0	1	1	0	0	0	0	0	N	N	N	N	N	N	N	N	N	N	N	N	0.0000	0.0000	0.0000	0.0000	0.0000	0.0000	0.0000	0.0000	0.0000	0.0000	0.0000	0.0000	0.0000	0.0004	0.0006	0.0000	0.0018	0.0023	0.0000	0.0000	0.0000	0.0000	0.0000	0.0000	-0.0000	0.0000	0.0217	2.0012	6.0735	0.0000	0.0000	0.0000	0.0000	0.0000	0.0000	0.0000	0.0000	0.0000	0.0000	0.0000	0.0000	0.0000	0.0000	0.0000	0.0000	0.0000	0.0000	0.0000	0.0000	0.0000	0.0000	0.0000	0.0000	0.0000	0.0000	0.0000	0.0281	0.0174	0.0107	0.0055	0.0044	0.0011	0.0226	0.0130	0.0096	0.0000	0.0000	0.0000	0.0000	0.0000	0.0000	0.0000	0.0000	0.0000	0.0004	0.0006	0.0000	0.0018	0.0023	0.0000	0.0000	0.0000	0.0000						
10	40	0.1310	8	0	0	1	0	0	0	0	0	N	N	N	N	N	N	N	N	N	N	N	N	0.0000	0.0000	0.0000	0.0000	0.0000	0.0000	0.0000	0.0000	0.0000	0.0000	0.0000	0.0000	0.0000	0.0006	0.0000	0.0014	0.0000	0.0000	0.0000	0.0006	0.0000	0.0014	inf	0.0000	0.0000	0.0000	0.0217	2.0012	4.0395	0.0000	0.0000	0.0000	0.0000	0.0000	0.0000	0.0000	0.0000	0.0000	0.0000	0.0000	0.0000	0.0000	0.0000	0.0000	0.0000	0.0000	0.0000	0.0000	0.0000	0.0000	0.0000	0.0000	0.0000	0.0000	0.0000	0.0000	0.0174	0.0103	0.0071	0.0010	0.0009	0.0001	0.0164	0.0095	0.0070	0.0000	0.0000	0.0000	0.0000	0.0000	0.0000	0.0000	0.0000	0.0000	0.0006	0.0000	0.0014	0.0000	0.0000	0.0000	0.0006	0.0000	0.0014						
10	41	0.1310	8	0	1	1	1	0	0	0	0	N	N	N	N	N	N	N	N	N	N	N	N	0.0000	0.0000	0.0000	0.0000	0.0000	0.0000	0.0000	0.0000	0.0000	0.0000	0.0000	0.0000	0.0000	0.0000	0.0000	0.0000	0.0000	0.0000	0.0000	0.0000	0.0000	0.0000	2.0012	7.0150	0.0000	0.0000	0.0000	0.0000	0.0000	0.0000	0.0000	0.0000	0.0000	0.0000	0.0000	0.0000	0.0000	0.0000	0.0000	0.0000	0.0000	0.0000	0.0000	0.0000	0.0000	0.0000	0.0000	0.0000	0.0000	0.0000	0.0000	0.0290	0.0171	0.0119	0.0015	0.0013	0.0002	0.0276	0.0159	0.0117	0.0000	0.0000	0.0000	0.0000	0.0000	0.0000	0.0000	0.0000	0.0000	0.0000	0.0000	0.0000	0.0000	0.0000	0.0000	0.0000	0.0000	0.0000											
10	42	0.1331	8	1	0	2	0	0	0	0	0	N	N	Y	N	N	N	N	N	N	N	N	N	0.0000	0.0000	0.0000	0.0000	0.0000	0.0000	0.0000	0.0000	0.0000	0.0000	0.0000	0.0000	0.0000	0.0000	0.0000	0.0000	0.0000	0.0000	0.0000	0.0000	0.0000	0.0000	2.0012	0.0000	0.0000	0.0000	0.0000	0.0000	0.0000	0.0000	0.0000	0.0000	0.0000	0.0000	0.0000	0.0000	0.0000	0.0000	0.0000	0.0000	0.0000	0.0000	0.0000	0.0000	0.0000	0.0000	0.0000	0.0000	0.0000	0.0000	0.0000	0.0000	0.0000	0.0000	0.0000	0.0000	0.0000	0.0000	0.0000	0.0000	0.0000	0.0000	0.0000	0.0000	0.0000	0.0000	0.0000	0.0000	0.0000	0.0000	0.0000	0.0000	0.0000	0.0000	0.0000	0.0000	0.0000	0.0000											
10	43	0.1163	7	1	0	2	0	0	0	0	0	N	N	Y	N	N	N	N	N	N	N	N	N	0.0000	0.0000	0.0000	0.0000	0.0000	0.0000	0.0000	0.0000	0.0000	0.0000	0.0000	0.0000	0.0000	0.0000	0.0000	0.0000	0.0000	0.0000	0.0000	0.0000	0.0000	1.0000	2.0012	3.0000	0.0000	0.0000	0.0000	0.0000	0.0000	0.0000	0.0000	0.0000	0.0000	0.0000	0.0000	0.0000	0.0000	0.0000	0.0000	0.0000	0.0000	0.0000	0.0000	0.0000	0.0000	0.0000	0.0000	0.0000	0.0000	0.0000	0.0000	0.0186	0.0097	0.0089	0.0015	0.0012	0.0003	0.0171	0.0085	0.0086	0.0000	0.0000	0.0000	0.0000	0.0000	0.0000	0.0000	0.0000	0.0000	0.0000	0.0000	0.0000	0.0000	0.0000	0.0000	0.0000	0.0000	0.0000											
10	44	0.1163	7	1	0	2	0	0	0	0	0	N	N	Y	N	N	N	N	N	N	N	N	N	0.0000	0.0000	0.0000	0.0000	0.0000	0.0000	0.0000	0.0000	0.0000	0.0000	0.0000	0.0000	0.0000	0.0000	0.0000	0.0000	0.0000	0.0000	0.0000	0.0000	0.0000	1.0000	2.0012	3.0000	0.0000	0.0000	0.0000	0.0000	0.0000	0.0000	0.0000	0.0000	0.0000	0.0000	0.0000	0.0000	0.0000	0.0000	0.0000	0.0000	0.0000	0.0000	0.0000	0.0000	0.0000	0.0000	0.0000	0.0000	0.0000	0.0000	0.0000	0.0186	0.0097	0.0089	0.0015	0.0012	0.0003	0.0171	0.0085	0.0086	0.0000	0.0000	0.0000	0.0000	0.0000	0.0000	0.0000	0.0000	0.0000	0.0000	0.0000	0.0000	0.0000	0.0000	0.0000	0.0000	0.0000	0.0000											
10	45	0.1740	9	0	0	2	0	0	0	0	0	N	N	Y	N	N	N	N	N	N	N	N	N	0.0000	0.0000	0.0000	0.0000	0.0000	0.0000	0.0000	0.0000	0.0000	0.0000	0.0000	0.0000	0.0000	0.0000	0.0000	0.0000	0.0000	0.0000	0.0000	0.0000	0.0000	0.0000	2.0012	0.0000	0.0000	0.0000	0.0000	0.0000	0.0000	0.0000	0.0000	0.0000	0.0000	0.0000	0.0000	0.0000	0.0000	0.0000	0.0000	0.0000	0.0000	0.0000	0.0000	0.0000	0.0000	0.0000	0.0000	0.0000	0.0000	0.0000	0.0000	0.0000	0.0000	0.0000	0.0000	0.0000	0.0000	0.0000	0.0000	0.0000	0.0000	0.0000	0.0000	0.0000	0.0000	0.0000	0.0000	0.0000	0.0000	0.0000	0.0000	0.0000	0.0000	0.0000	0.0000	0.0000	0.0000	0.0000											
10	46	0.1310	8	0	0	1	0	0	0	0	0	N	N	N	N	N	N	N	N	N	N	N	N	0.0000	0.0000	0.0000	0.0000	0.0000	0.0000	0.0000	0.0000	0.0000	0.0000	0.0000	0.0000	0.0000	0.0000	0.0000	0.0000	0.0000	0.0000	0.0000	0.0000	0.0000	4.0000	2.0012	5.9850	0.0000	0.0000	0.0000	0.0000	0.0000	0.0000	0.0000	0.0000	0.0000	0.0000	0.0000	0.0000	0.0000	0.0000	0.0000	0.0000	0.0000	0.0000	0.0000	0.0000	0.0000	0.0000	0.0000	0.0000	0.0000	0.0000	0.0000	0.0402	0.0237	0.0165	0.0019	0.0017	0.0003	0.0383	0.0220	0.0162	0.0000	0.0000	0.0000	0.0000	0.0000	0.0000	0.0000	0.0000	0.0000	0.0000	0.0000	0.0000	0.0000	0.0000	0.0000	0.0000	0.0000	0.0000											
10	47	0.2020	10	0	1	1	0	0	0	0	0	N	N	N	N	N	N	N	N	N	N	N	N	0.0000	0.0000	0.0000	0.0000	0.0000	0.0000	0.0000	0.0000	0.0000	0.0000	0.0000	0.0000	0.0000	0.0000	0.0000	0.0000	0.0000	0.0000	0.0000	0.0000	0.0000	0.0000	2.0012	0.0000	0.0000	0.0000	0.0000	0.0000	0.0000	0.0000	0.0000	0.0000	0.0000	0.0000	0.0000	0.0000	0.0000	0.0000	0.0000	0.0000	0.0000	0.0000	0.0000	0.0000	0.0000	0.0000	0.0000	0.0000	0.0000	0.0000	0.0000	0.0000	0.0000	0.0000	0.0000	0.0000	0.0000	0.0000	0.0000	0.0000	0.0000	0.0000	0.0000	0.0000	0.0000	0.0000	0.0000	0.0000	0.0000	0.0000	0.0000	0.0000	0.0000	0.0000	0.0000	0.0000	0.0000	0.0000											
10	48	0.1489	9	1	1	2	0	0	0	0	0	N	N	Y	N	N	N	N	N	N	N	N	N	0.0000	0.0000	0.0000	0.0000	0.0000	0.0000	0.0000	0.0000	0.0000	0.0000	0.0000	0.0000	0.0000	0.0000	0.0000	0.0000	0.0000	0.0000	0.0000	0.0000	0.0000	0.0000	2.0012	2.0152	0.0000	0.0000	0.0000	0.0000	0.0000	0.0000	0.0000	0.0000	0.0000	0.0000	0.0000	0.0000	0.0000	0.0000	0.0000	0.0000	0.0000	0.0000	0.0000	0.0000	0.0000	0.0000	0.0000	0.0000	0.0000	0.0000	0.0000	0.0086	0.0054	0.0032	0.0015	0.0012	0.0003	0.0071	0.0042	0.0030	0.0000	0.0000	0.0000	0.0000	0.0000	0.0000	0.0000	0.0000	0.0000	0.0000	0.0000	0.0000	0.0000	0.0000	0.0000	0.0000	0.0000	0.0000											
10	49	0.1446	8	1	0	2	0	0	0	0	0	N	N	Y	N	N	N	N	N	N	N	N	N	0.0000	0.0000	0.0000	0.0000	0.0000	0.0000	0.0000	0.0000	0.0000	0.0000	0.0000	0.0000	0.0000	0.0000	0.0000	0.0000	0.0000	0.0000	0.0000	0.0000	0.0000	0.0003	2.0012	1.0311	0.0000	0.0000	0.0000	0.0000	0.0000	0.0000	0.0000	0.0000	0.0000	0.0000	0.0000	0.0000	0.0000	0.0000	0.0000	0.0000	0.0000	0.0000	0.0000	0.0000	0.0000	0.0000	0.0000	0.0000	0.0000	0.0000	0.0000	0.0045	0.0028	0.0016	0.0008	0.0006	0.0001	0.0037	0.0022	0.0015	0.0000	0.0000	0.0000	0.0000	0.0000	0.0000	0.0000	0.0000	0.0000	0.0000	0.0000	0.0000	0.0000	0.0000	0.0000	0.0000	0.0000	0.0000											
10	50	0.1446	8	1	1	2	0	0	0	0	0	N	N	Y	N	N	N	N	N	N	N	N	N	0.0000	0.0000	0.0000	0.0000	0.0000	0.0000	0.0000	0.0000	0.0000	0.0000	0.0000	0.0000	0.0000	0.0000	0.0000	0.0000	0.0000	0.0000	0.0000	0.0000	0.0000	0.0003	2.0012	1.0126	0.0000	0.0000	0.0000	0.0000	0.0000	0.0000	0.0000	0.0000	0.0000	0.0000	0.0000	0.0000	0.0000	0.0000	0.0000	0.0000	0.0000	0.0000	0.0000	0.0000	0.0000	0.0000	0.0000	0.0000	0.0000	0.0000	0.0000	0.0044	0.0028	0.0016	0.0008	0.0006	0.0001	0.0037	0.0022	0.0015	0.0000	0.0000	0.0000	0.0000	0.0000	0.0000	0.0000	0.0000	0.0000	0.0000	0.0000	0.0000	0.0000	0.0000	0.0000	0.0000	0.0000	0.0000											
10	51	0.1738	7	1	1	1	0	0	0	0	0	N	N	N	N	N	N	N	N	N	N	N	N	0.0000	0.0000	0.0000	0.0000	0.0000	0.0000	0.0000	0.0000	0.0000	0.0000	0.0000	0.0000	0.0000	0.0000	0.0000	0.0000	0.0000	0.0000	0.0000	0.0000	0.0000	0.0000	2.0012	1.0000	0.0000	0.0000	0.0000	0.0000	0.0000	0.0000	0.0000	0.0000	0.0000	0.0000	0.0000	0.0000	0.0000	0.0000	0.0000	0.0000	0.0000	0.0000	0.0000	0.0000	0.0000	0.0000	0.0000	0.0000	0.0000	0.0000	0.0000	0.0043	0.0027	0.0016	0.0010	0.0008	0.0002	0.0033	0.0019	0.0014	0.0000	0.0000	0.0000	0.0000	0.0000	0.0000	0.0000	0.0000	0.0000	0.0000	0.0000	0.0000	0.0000	0.0000	0.0000	0.0000	0.0000	0.0000											
10	52	0.1700	10	0	1	1	1	0	0	0	0	N	N	N	N	N	N	N	N	N	N	N	N	0.0000	0.0000	0.0000	0.0000	0.0000	0.0000	0.0000	0.0000	0.0000	0.0000	0.0000	0.0000	0.0000	0.0000	0.0000	0.0000	0.0000	0.0000	0.0000	0.0000	0.0000	0.0000	0.0000	0.0000	-0.0000	0.0000	0.9995	2.0012	1.0399	0.0000	0.0000	0.0000	0.0000	0.0000	0.0000	0.0000	0.0000	0.0000	0.0000	0.0000	0.0000	0.0000	0.0000	0.0000	0.0000	0.0000	0.0000	0.0000	0.0000	0.0000	0.0000	0.0000	0.0000	0.0000	0.0000	0.0000	0.0117	0.0080	0.0037	0.0023	0.0022	0.0001	0.0094	0.0058	0.0036	0.0000	0.0000	0.0000	0.0000	0.0000	0.0000	0.0000	0.0000	0.0000	0.0000	0.0000	0.0000	0.0000	0.0000	0.0000	0.0000	0.0000	0.0000						
10	53	0.1700	10	0	0	1	1	0	0	0	0	N	N	N	N	N	N	N	N	N	N	N	N	0.0000	0.0000	0.0000	0.0000	0.0000	0.0000	0.0000	0.0000	0.0000	0.0000	0.0000	0.0000	0.0000	0.0000	0.0000	0.0000	0.0000	0.0000	0.0000	0.0000	0.0000	3.0005	2.0012	1.0125	0.0000	0.0000	0.0000	0.0000	0.0000	0.0000	0.0000	0.0000	0.0000	0.0000	0.0000	0.0000	0.0000	0.0000	0.0000	0.0000	0.0000	0.0000	0.0000	0.0000	0.0000	0.0000	0.0000	0.0000	0.0000	0.0000	0.0000	0.0197	0.0128	0.0069	0.0030	0.0027	0.0002	0.0167	0.0100	0.0067	0.0000	0.0000	0.0000	0.0000	0.0000	0.0000	0.0000	0.0000	0.0000	0.0000	0.0000	0.0000	0.0000	0.0000	0.0000	0.0000	0.0000	0.0000											
10	54	0.1617	9	0	0	1	1	0	0	0	0	N	N	N	N	N	N	N	N	N	N	N	N	0.0000	0.0000	0.0000	0.0000	0.0000	0.0000	0.0000	0.0000	0.0000	0.0000	0.0000	0.0000	0.0000	0.0000	0.0000	0.0012	0.0000	0.0030	0.0000	0.0000	0.0000	0.0013	0.0000	0.0030	444.1244	0.0000	0.0000	0.0000	0.0013	2.0012	1.9704	0.0000	0.0000	0.0000	0.0000	0.0000	0.0000	0.0000	0.0000	0.0000	0.0000	0.0000	0.0000	0.0000	0.0000	0.0000	0.0000	0.0000	0.0000	0.0000	0.0000	0.0000	0.0000	0.0000	0.0000	0.0000	0.0000	0.0000	0.0082	0.0048	0.0034	0.0004	0.0003	0.0001	0.0078	0.0045	0.0033	0.0000	0.0000	0.0000	0.0000	0.0000	0.0000	0.0000	0.0000	0.0000	0.0012	0.0000	0.0030	0.0000	0.0000	0.0000	0.0013	0.0000	0.0030				
10	55	0.1310	8	0	0	1	1	0	0	0	0	N	N	N	N	N	N	N	N	N	N	N	N	0.0000	0.0000	0.0000	0.0000	0.0000	0.0000	0.0000	0.0000	0.0000	0.0000	0.0000	0.0000	0.0000	36.6069	0.0000	230.7546	0.0000	0.0000	0.0000	36.2421	0.0000	158.7172	inf	0.0000	0.4597	0.0000	3.0000	2.0012	4.0155	0.0000	0.0000	0.0000	0.0000	0.0000	0.0000	0.0000	0.0000	0.0000	0.9993	0.0000	0.9993	0.0000	0.0000	0.0000	0.9993	0.0000	0.9993	0.0000	0.0000	0.0000	0.0000	0.0000	0.0000	0.0000	0.0000	0.0000	0.0290	0.0171	0.0119	0.0015	0.0013	0.0002	0.0276	0.0159	0.0117	0.0000	0.0000	0.0000	0.0000	0.0000	0.0000	0.0000	0.0000	0.0000	34.4078	0.0000	83.9069	0.0000	0.0000	0.0000	36.2421	0.0000	85.3787						
10	56	0.1352	9	0	1	2	0	0	0	0	0	N	N	Y	N	N	N	N	N	N	N	N	N	0.0000	0.0000	0.0000	0.0000	0.0000	0.0000	0.0000	0.0000	0.0000	0.0000	0.0000	0.0000	0.0000	0.0000	0.0000	0.0000	0.0000	0.0000	0.0000	0.0000	0.0000	2.0013	2.0012	5.6727	0.0000	0.0000	0.0000	0.0000	0.0000	0.0000	0.0000	0.0000	0.0000	0.0000	0.0000	0.0000	0.0000	0.0000	0.0000	0.0000	0.0000	0.0000	0.0000	0.0000	0.0000	0.0000	0.0000	0.0000	0.0000	0.0000	0.0000	0.0431	0.0257	0.0174	0.0084	0.0075	0.0009	0.0347	0.0182	0.0165	0.0000	0.0000	0.0000	0.0000	0.0000	0.0000	0.0000	0.0000	0.0000	0.0000	0.0000	0.0000	0.0000	0.0000	0.0000	0.0000	0.0000	0.0000											
10	57	0.1315	8	0	1	1	0	0	0	0	0	N	N	N	N	N	N	N	N	N	N	N	N	0.0000	0.0000	0.0000	0.0000	0.0000	0.0000	0.0000	0.0000	0.0000	0.0000	0.0000	0.0000	0.0000	0.0000	0.0000	0.0000	0.0000	0.0000	0.0000	0.0000	0.0000	0.0033	2.0012	1.3874	0.0000	0.0000	0.0000	0.0000	0.0000	0.0000	0.0000	0.0000	0.0000	0.0000	0.0000	0.0000	0.0000	0.0000	0.0000	0.0000	0.0000	0.0000	0.0000	0.0000	0.0000	0.0000	0.0000	0.0000	0.0000	0.0000	0.0000	0.0151	0.0108	0.0043	0.0050	0.0048	0.0002	0.0101	0.0060	0.0042	0.0000	0.0000	0.0000	0.0000	0.0000	0.0000	0.0000	0.0000	0.0000	0.0000	0.0000	0.0000	0.0000	0.0000	0.0000	0.0000	0.0000	0.0000											
10	58	0.1163	7	1	0	2	0	0	0	0	0	N	N	Y	N	N	N	N	N	N	N	N	N	0.0000	0.0000	0.0000	0.0000	0.0000	0.0000	0.0000	0.0000	0.0000	0.0000	0.0000	0.0000	0.0000	0.0000	0.0000	0.0000	0.0000	0.0000	0.0000	0.0000	0.0000	0.0000	2.0012	2.0000	0.0000	0.0000	0.0000	0.0000	0.0000	0.0000	0.0000	0.0000	0.0000	0.0000	0.0000	0.0000	0.0000	0.0000	0.0000	0.0000	0.0000	0.0000	0.0000	0.0000	0.0000	0.0000	0.0000	0.0000	0.0000	0.0000	0.0000	0.0095	0.0049	0.0046	0.0008	0.0006	0.0002	0.0087	0.0043	0.0044	0.0000	0.0000	0.0000	0.0000	0.0000	0.0000	0.0000	0.0000	0.0000	0.0000	0.0000	0.0000	0.0000	0.0000	0.0000	0.0000	0.0000	0.0000											
10	59	0.1315	8	0	1	1	0	0	0	0	0	N	N	N	N	N	N	N	N	N	N	N	N	0.0000	0.0000	0.0000	0.0000	0.0000	0.0000	0.0000	0.0000	0.0000	0.0000	0.0000	0.0000	0.0000	0.0000	0.0000	0.0000	0.0000	0.0000	0.0000	0.0000	0.0000	1.9997	2.0012	3.4660	0.0000	0.0000	0.0000	0.0000	0.0000	0.0000	0.0000	0.0000	0.0000	0.0000	0.0000	0.0000	0.0000	0.0000	0.0000	0.0000	0.0000	0.0000	0.0000	0.0000	0.0000	0.0000	0.0000	0.0000	0.0000	0.0000	0.0000	0.0331	0.0201	0.0129	0.0068	0.0062	0.0006	0.0262	0.0139	0.0123	0.0000	0.0000	0.0000	0.0000	0.0000	0.0000	0.0000	0.0000	0.0000	0.0000	0.0000	0.0000	0.0000	0.0000	0.0000	0.0000	0.0000	0.0000											
10	60	0.1163	7	0	1	1	0	0	0	0	0	N	N	N	N	N	N	N	N	N	N	N	N	0.0000	0.0000	0.0000	0.0000	0.0000	0.0000	0.0000	0.0000	0.0000	0.0000	0.0000	0.0000	0.0000	0.0000	0.0000	0.0000	0.0000	0.0000	0.0000	0.0000	0.0000	0.0005	2.0012	3.6054	0.0000	0.0000	0.0000	0.0000	0.0000	0.0000	0.0000	0.0000	0.0000	0.0000	0.0000	0.0000	0.0000	0.0000	0.0000	0.0000	0.0000	0.0000	0.0000	0.0000	0.0000	0.0000	0.0000	0.0000	0.0000	0.0000	0.0000	0.0169	0.0088	0.0081	0.0014	0.0011	0.0003	0.0155	0.0077	0.0078	0.0000	0.0000	0.0000	0.0000	0.0000	0.0000	0.0000	0.0000	0.0000	0.0000	0.0000	0.0000	0.0000	0.0000	0.0000	0.0000	0.0000	0.0000											
10	61	0.2020	10	0	0	2	0	0	0	0	0	N	N	Y	N	N	N	N	N	N	N	N	N	0.0000	0.0000	0.0000	0.0000	0.0000	0.0000	0.0000	0.0000	0.0000	0.0000	0.0000	0.0000	0.0000	0.0000	0.0000	0.0000	0.0000	0.0000	0.0000	0.0000	0.0000	0.0000	2.0012	1.0000	0.0000	0.0000	0.0000	0.0000	0.0000	0.0000	0.0000	0.0000	0.0000	0.0000	0.0000	0.0000	0.0000	0.0000	0.0000	0.0000	0.0000	0.0000	0.0000	0.0000	0.0000	0.0000	0.0000	0.0000	0.0000	0.0000	0.0000	0.0040	0.0024	0.0017	0.0004	0.0003	0.0001	0.0036	0.0021	0.0015	0.0000	0.0000	0.0000	0.0000	0.0000	0.0000	0.0000	0.0000	0.0000	0.0000	0.0000	0.0000	0.0000	0.0000	0.0000	0.0000	0.0000	0.0000											
10	62	0.1977	9	0	0	1	0	0	0	0	0	N	N	N	N	N	N	N	N	N	N	N	N	0.0000	0.0000	0.0000	0.0000	0.0000	0.0000	0.0000	0.0000	0.0000	0.0000	0.0000	0.0000	0.0000	0.0000	0.0000	0.0000	0.0000	0.0000	0.0000	0.0000	0.0000	0.0001	2.0012	1.0076	0.0000	0.0000	0.0000	0.0000	0.0000	0.0000	0.0000	0.0000	0.0000	0.0000	0.0000	0.0000	0.0000	0.0000	0.0000	0.0000	0.0000	0.0000	0.0000	0.0000	0.0000	0.0000	0.0000	0.0000	0.0000	0.0000	0.0000	0.0052	0.0033	0.0018	0.0010	0.0009	0.0001	0.0042	0.0025	0.0017	0.0000	0.0000	0.0000	0.0000	0.0000	0.0000	0.0000	0.0000	0.0000	0.0000	0.0000	0.0000	0.0000	0.0000	0.0000	0.0000	0.0000	0.0000											
10	63	0.1310	8	0	0	1	0	0	0	0	0	N	N	N	N	N	N	N	N	N	N	N	N	0.0000	0.0000	0.0000	0.0000	0.0000	0.0000	0.0000	0.0000	0.0000	0.0000	0.0000	0.0000	0.0000	0.0000	0.0000	0.0000	0.0000	0.0000	0.0000	0.0000	0.0000	11.9999	2.0012	3.0574	0.0000	0.0000	0.0000	0.0000	0.0000	0.0000	0.0000	0.0000	0.0000	0.0000	0.0000	0.0000	0.0000	0.0000	0.0000	0.0000	0.0000	0.0000	0.0000	0.0000	0.0000	0.0000	0.0000	0.0000	0.0000	0.0000	0.0000	0.0581	0.0342	0.0239	0.0027	0.0023	0.0004	0.0554	0.0319	0.0235	0.0000	0.0000	0.0000	0.0000	0.0000	0.0000	0.0000	0.0000	0.0000	0.0000	0.0000	0.0000	0.0000	0.0000	0.0000	0.0000	0.0000	0.0000											
10	64	0.1163	7	1	1	1	0	0	0	0	0	N	N	N	N	N	N	N	N	N	N	N	N	0.0000	0.0000	0.0000	0.0000	0.0000	0.0000	0.0000	0.0000	0.0000	0.0000	0.0000	0.0000	0.0000	35.8873	0.0000	136.1950	0.0000	0.0000	0.0000	34.4230	0.0000	132.8622	inf	0.0000	0.4597	0.0000	4.0000	2.0012	3.0000	0.0000	0.0000	0.0000	0.0000	0.0000	0.0000	0.0000	0.0000	0.0000	0.9993	0.0000	0.9993	0.0000	0.0000	0.0000	0.9993	0.0000	0.9993	0.0000	0.0000	0.0000	0.0000	0.0000	0.0000	0.0000	0.0000	0.0000	0.0317	0.0167	0.0150	0.0026	0.0021	0.0006	0.0290	0.0146	0.0144	0.0000	0.0000	0.0000	0.0000	0.0000	0.0000	0.0000	0.0000	0.0000	31.5439	0.0000	66.5568	0.0000	0.0000	0.0000	34.4230	0.0000	69.1635						
10	65	0.0745	6	0	0	1	0	0	0	0	0	N	N	N	N	N	N	N	N	N	N	N	N	0.0000	0.0000	0.0000	0.0000	0.0000	0.0000	0.0000	0.0000	0.0000	0.0000	0.0000	0.0000	0.0000	0.0000	0.0000	0.0000	0.0000	0.0000	0.0000	0.0000	0.0000	2.0015	2.0012	10.0016	0.0000	0.0000	0.0000	0.0000	0.0000	0.0000	0.0000	0.0000	0.0000	0.0000	0.0000	0.0000	0.0000	0.0000	0.0000	0.0000	0.0000	0.0000	0.0000	0.0000	0.0000	0.0000	0.0000	0.0000	0.0000	0.0000	0.0000	0.0472	0.0284	0.0188	0.0037	0.0029	0.0008	0.0435	0.0255	0.0181	0.0000	0.0000	0.0000	0.0000	0.0000	0.0000	0.0000	0.0000	0.0000	0.0000	0.0000	0.0000	0.0000	0.0000	0.0000	0.0000	0.0000	0.0000											
10	67	0.1701	6	0	0	1	0	0	0	0	0	N	N	N	N	N	N	N	N	N	N	N	N	0.0000	0.0000	0.0000	0.0000	0.0000	0.0000	0.0000	0.0000	0.0000	0.0000	0.0000	0.0000	0.0000	0.0000	0.0000	0.0000	0.0000	0.0000	0.2799	0.0163	0.9882	0.0680	0.0352	0.2627	0.3217	0.0000	1.3009	18.9107	0.0000	0.0112	0.0000	4.8614	2.0012	14.2102	0.0000	0.0000	0.0000	0.0000	0.0000	0.0000	0.0000	0.0000	0.0000	0.0274	0.0014	0.0261	0.0031	0.0014	0.0017	0.0243	0.0000	0.0243	0.0000	0.0000	0.0000	0.0000	0.0000	0.0000	0.0000	0.0000	0.0000	0.1213	0.0843	0.0370	0.0457	0.0391	0.0066	0.0756	0.0452	0.0304	0.0000	0.0000	0.0000	0.0000	0.0000	0.0000	0.0000	0.0000	0.0000	0.2261	0.0163	0.7035	0.0680	0.0352	0.2627	0.3217	0.0000	0.7991	
10	68	0.1502	10	1	1	2	0	0	0	0	0	N	N	Y	N	N	N	N	N	N	N	N	N	0.0000	0.0000	0.0000	0.0000	0.0000	0.0000	0.0000	0.0000	0.0000	0.0000	0.0000	0.0000	0.0000	0.0000	0.0000	0.0000	0.0000	0.0000	0.0000	0.0000	0.0000	0.0000	2.0012	0.0000	0.0000	0.0000	0.0000	0.0000	0.0000	0.0000	0.0000	0.0000	0.0000	0.0000	0.0000	0.0000	0.0000	0.0000	0.0000	0.0000	0.0000	0.0000	0.0000	0.0000	0.0000	0.0000	0.0000	0.0000	0.0000	0.0000	0.0000	0.0000	0.0000	0.0000	0.0000	0.0000	0.0000	0.0000	0.0000	0.0000	0.0000	0.0000	0.0000	0.0000	0.0000	0.0000	0.0000	0.0000	0.0000	0.0000	0.0000	0.0000	0.0000	0.0000	0.0000	0.0000	0.0000	0.0000											
10	69	0.1461	9	1	0	2	0	0	0	0	0	N	N	Y	N	N	N	N	N	N	N	N	N	0.0000	0.0000	0.0000	0.0000	0.0000	0.0000	0.0000	0.0000	0.0000	0.0000	0.0000	0.0000	0.0000	0.0000	0.0000	0.0000	0.0000	0.0000	0.0000	0.0000	0.0000	0.0016	2.0012	0.9826	0.0000	0.0000	0.0000	0.0000	0.0000	0.0000	0.0000	0.0000	0.0000	0.0000	0.0000	0.0000	0.0000	0.0000	0.0000	0.0000	0.0000	0.0000	0.0000	0.0000	0.0000	0.0000	0.0000	0.0000	0.0000	0.0000	0.0000	0.0051	0.0027	0.0024	0.0008	0.0006	0.0001	0.0043	0.0020	0.0023	0.0000	0.0000	0.0000	0.0000	0.0000	0.0000	0.0000	0.0000	0.0000	0.0000	0.0000	0.0000	0.0000	0.0000	0.0000	0.0000	0.0000	0.0000											
10	70	0.1334	8	1	0	2	0	0	0	0	0	N	N	Y	N	N	N	N	N	N	N	N	N	0.0000	0.0000	0.0000	0.0000	0.0000	0.0000	0.0000	0.0000	0.0000	0.0000	0.0000	0.0000	0.0000	0.0019	0.0035	0.0000	0.0125	0.0146	0.0000	0.0000	0.0000	0.0000	0.0000	0.0000	-0.0000	0.0000	0.0061	2.0012	3.0249	0.0000	0.0000	0.0000	0.0000	0.0000	0.0000	0.0000	0.0000	0.0000	0.0000	0.0000	0.0000	0.0000	0.0000	0.0000	0.0000	0.0000	0.0000	0.0000	0.0000	0.0000	0.0000	0.0000	0.0000	0.0000	0.0000	0.0000	0.0156	0.0085	0.0071	0.0024	0.0021	0.0003	0.0132	0.0065	0.0067	0.0000	0.0000	0.0000	0.0000	0.0000	0.0000	0.0000	0.0000	0.0000	0.0019	0.0035	0.0000	0.0125	0.0146	0.0000	0.0000	0.0000	0.0000						
10	71	0.1163	7	1	0	2	0	0	0	0	0	N	N	Y	N	N	N	N	N	N	N	N	N	0.0000	0.0000	0.0000	0.0000	0.0000	0.0000	0.0000	0.0000	0.0000	0.0000	0.0000	0.0000	0.0000	0.0016	0.0000	0.0033	0.0000	0.0000	0.0000	0.0017	0.0000	0.0035	inf	0.0000	0.0000	0.0000	0.0044	2.0012	4.0281	0.0000	0.0000	0.0000	0.0000	0.0000	0.0000	0.0000	0.0000	0.0000	0.0000	0.0000	0.0000	0.0000	0.0000	0.0000	0.0000	0.0000	0.0000	0.0000	0.0000	0.0000	0.0000	0.0000	0.0000	0.0000	0.0000	0.0000	0.0188	0.0098	0.0090	0.0016	0.0012	0.0003	0.0172	0.0086	0.0086	0.0000	0.0000	0.0000	0.0000	0.0000	0.0000	0.0000	0.0000	0.0000	0.0016	0.0000	0.0033	0.0000	0.0000	0.0000	0.0017	0.0000	0.0035						
10	72	0.0745	6	0	1	1	0	0	0	0	0	N	N	N	N	N	N	N	N	N	N	N	N	0.0000	0.0000	0.0000	0.0000	0.0000	0.0000	0.0000	0.0000	0.0000	0.0000	0.0000	0.0000	0.0000	17.6916	0.0000	82.8445	0.0000	0.0000	0.0000	16.8232	0.0000	83.0061	inf	0.0000	0.4597	0.0000	5.9987	2.0012	11.0016	0.0000	0.0000	0.0000	0.0000	0.0000	0.0000	0.0000	0.0000	0.0000	0.9993	0.0000	0.9993	0.0000	0.0000	0.0000	0.9993	0.0000	0.9993	0.0000	0.0000	0.0000	0.0000	0.0000	0.0000	0.0000	0.0000	0.0000	0.0644	0.0387	0.0257	0.0050	0.0040	0.0011	0.0594	0.0348	0.0246	0.0000	0.0000	0.0000	0.0000	0.0000	0.0000	0.0000	0.0000	0.0000	15.5095	0.0000	38.8601	0.0000	0.0000	0.0000	16.8232	0.0000	40.5559						
10	73	0.1163	7	1	0	2	0	0	0	0	0	N	N	Y	N	N	N	N	N	N	N	N	N	0.0000	0.0000	0.0000	0.0000	0.0000	0.0000	0.0000	0.0000	0.0000	0.0000	0.0000	0.0000	0.0000	35.8873	0.0000	136.1950	0.0000	0.0000	0.0000	34.4230	0.0000	132.8622	inf	0.0000	0.4597	0.0000	2.0000	2.0012	5.0000	0.0000	0.0000	0.0000	0.0000	0.0000	0.0000	0.0000	0.0000	0.0000	0.9993	0.0000	0.9993	0.0000	0.0000	0.0000	0.9993	0.0000	0.9993	0.0000	0.0000	0.0000	0.0000	0.0000	0.0000	0.0000	0.0000	0.0000	0.0317	0.0167	0.0150	0.0026	0.0021	0.0006	0.0290	0.0146	0.0144	0.0000	0.0000	0.0000	0.0000	0.0000	0.0000	0.0000	0.0000	0.0000	31.5439	0.0000	66.5568	0.0000	0.0000	0.0000	34.4230	0.0000	69.1635						
10	74	0.0327	4	0	1	1	0	0	0	0	0	N	N	N	N	N	N	N	N	N	N	N	N	0.0000	0.0000	0.0000	0.0000	0.0000	0.0000	0.0000	0.0000	0.0000	0.0000	0.0000	0.0000	0.0000	0.0000	0.0000	0.0000	12.3145	0.0417	65.1285	2.8702	3.0778	0.0000	12.6672	0.0000	65.8180	481.3026	0.0000	0.4566	0.0000	6.1274	2.0012	13.6208	0.0000	0.0000	0.0000	0.0000	0.0000	0.0000	0.0000	0.0000	0.0000	0.9969	0.0021	0.9948	0.0021	0.0021	0.0000	0.9948	0.0000	0.9948	0.0000	0.0000	0.0000	0.0000	0.0000	0.0000	0.0000	0.0000	0.0000	0.0837	0.0495	0.0342	0.0052	0.0049	0.0003	0.0785	0.0446	0.0339	0.0000	0.0000	0.0000	0.0000	0.0000	0.0000	0.0000	0.0000	0.0000	11.9116	0.0417	29.1049	0.4009	0.4227	0.0000	12.6672	0.0000	29.3330			
10	80	0.1352	9	0	1	1	0	0	0	0	0	N	N	N	N	N	N	N	N	N	N	N	N	0.0000	0.0000	0.0000	0.0000	0.0000	0.0000	0.0000	0.0000	0.0000	0.0000	0.0000	0.0000	0.0000	0.0003	0.0005	0.0000	0.0039	0.0044	0.0000	0.0000	0.0000	0.0000	0.0000	0.0000	-0.0000	0.0000	2.0196	2.0012	6.0690	0.0000	0.0000	0.0000	0.0000	0.0000	0.0000	0.0000	0.0000	0.0000	0.0000	0.0000	0.0000	0.0000	0.0000	0.0000	0.0000	0.0000	0.0000	0.0000	0.0000	0.0000	0.0000	0.0000	0.0000	0.0000	0.0000	0.0000	0.0345	0.0208	0.0137	0.0026	0.0023	0.0003	0.0319	0.0185	0.0134	0.0000	0.0000	0.0000	0.0000	0.0000	0.0000	0.0000	0.0000	0.0000	0.0003	0.0005	0.0000	0.0039	0.0044	0.0000	0.0000	0.0000	0.0000						
10	81	0.1270	8	0	0	1	0	0	0	0	0	N	N	N	N	N	N	N	N	N	N	N	N	0.0000	0.0000	0.0000	0.0000	0.0000	0.0000	0.0000	0.0000	0.0000	0.0000	0.0000	0.0000	0.0000	0.0000	0.0000	0.0000	0.0000	0.0012	0.0000	0.0029	0.0001	0.0001	0.0000	0.0012	0.0000	0.0029	153.5254	0.0000	0.0000	0.0000	0.9876	2.0012	0.9833	0.0000	0.0000	0.0000	0.0000	0.0000	0.0000	0.0000	0.0000	0.0000	0.0000	0.0000	0.0000	0.0000	0.0000	0.0000	0.0000	0.0000	0.0000	0.0000	0.0000	0.0000	0.0000	0.0000	0.0000	0.0000	0.0000	0.0000	0.0086	0.0051	0.0035	0.0004	0.0004	0.0001	0.0081	0.0047	0.0034	0.0000	0.0000	0.0000	0.0000	0.0000	0.0000	0.0000	0.0000	0.0000	0.0012	0.0000	0.0029	0.0001	0.0001	0.0000	0.0012	0.0000	0.0029		
10	82	0.1446	8	1	0	2	0	0	0	0	0	N	N	Y	N	N	N	N	N	N	N	N	N	0.0000	0.0000	0.0000	0.0000	0.0000	0.0000	0.0000	0.0000	0.0000	0.0000	0.0000	0.0000	0.0000	0.0000	0.0000	0.0000	0.0000	0.0000	0.0000	0.0000	0.0000	1.0000	2.0012	2.9874	0.0000	0.0000	0.0000	0.0000	0.0000	0.0000	0.0000	0.0000	0.0000	0.0000	0.0000	0.0000	0.0000	0.0000	0.0000	0.0000	0.0000	0.0000	0.0000	0.0000	0.0000	0.0000	0.0000	0.0000	0.0000	0.0000	0.0000	0.0163	0.0101	0.0062	0.0026	0.0021	0.0005	0.0137	0.0080	0.0057	0.0000	0.0000	0.0000	0.0000	0.0000	0.0000	0.0000	0.0000	0.0000	0.0000	0.0000	0.0000	0.0000	0.0000	0.0000	0.0000	0.0000	0.0000											
10	83	0.1163	7	1	0	2	0	0	0	0	0	N	N	Y	N	N	N	N	N	N	N	N	N	0.0000	0.0000	0.0000	0.0000	0.0000	0.0000	0.0000	0.0000	0.0000	0.0000	0.0000	0.0000	0.0000	0.0000	0.0000	0.0000	0.0000	0.0000	0.0000	0.0000	0.0000	0.9997	2.0012	6.0128	0.0000	0.0000	0.0000	0.0000	0.0000	0.0000	0.0000	0.0000	0.0000	0.0000	0.0000	0.0000	0.0000	0.0000	0.0000	0.0000	0.0000	0.0000	0.0000	0.0000	0.0000	0.0000	0.0000	0.0000	0.0000	0.0000	0.0000	0.0317	0.0167	0.0150	0.0027	0.0021	0.0006	0.0291	0.0146	0.0145	0.0000	0.0000	0.0000	0.0000	0.0000	0.0000	0.0000	0.0000	0.0000	0.0000	0.0000	0.0000	0.0000	0.0000	0.0000	0.0000	0.0000	0.0000											
10	84	0.0745	6	0	1	1	1	0	0	0	0	N	N	N	N	N	N	N	N	N	N	N	N	0.0000	0.0000	0.0000	0.0000	0.0000	0.0000	0.0000	0.0000	0.0000	0.0000	0.0000	0.0000	0.0000	0.0000	0.0000	0.0000	0.0000	0.0000	0.0000	0.0000	0.0000	8.0013	2.0012	12.0015	0.0000	0.0000	0.0000	0.0000	0.0000	0.0000	0.0000	0.0000	0.0000	0.0000	0.0000	0.0000	0.0000	0.0000	0.0000	0.0000	0.0000	0.0000	0.0000	0.0000	0.0000	0.0000	0.0000	0.0000	0.0000	0.0000	0.0000	0.0742	0.0446	0.0296	0.0058	0.0046	0.0012	0.0684	0.0400	0.0284	0.0000	0.0000	0.0000	0.0000	0.0000	0.0000	0.0000	0.0000	0.0000	0.0000	0.0000	0.0000	0.0000	0.0000	0.0000	0.0000	0.0000	0.0000											
10	85	0.1310	8	0	1	1	0	0	0	0	0	N	N	N	N	N	N	N	N	N	N	N	N	0.0000	0.0000	0.0000	0.0000	0.0000	0.0000	0.0000	0.0000	0.0000	0.0000	0.0000	0.0000	0.0000	0.0000	0.0000	0.0000	0.0000	0.0000	0.0000	0.0000	0.0000	1.0000	2.0012	6.9850	0.0000	0.0000	0.0000	0.0000	0.0000	0.0000	0.0000	0.0000	0.0000	0.0000	0.0000	0.0000	0.0000	0.0000	0.0000	0.0000	0.0000	0.0000	0.0000	0.0000	0.0000	0.0000	0.0000	0.0000	0.0000	0.0000	0.0000	0.0327	0.0193	0.0134	0.0016	0.0014	0.0002	0.0311	0.0179	0.0132	0.0000	0.0000	0.0000	0.0000	0.0000	0.0000	0.0000	0.0000	0.0000	0.0000	0.0000	0.0000	0.0000	0.0000	0.0000	0.0000	0.0000	0.0000											
10	86	0.1182	7	0	0	1	0	0	0	0	0	N	N	N	N	N	N	N	N	N	N	N	N	0.0000	0.0000	0.0000	0.0000	0.0000	0.0000	0.0000	0.0000	0.0000	0.0000	0.0000	0.0000	0.0000	0.0000	0.0000	0.0000	0.0000	0.0000	0.0000	0.0000	0.0000	1.0086	2.0012	2.0000	0.0000	0.0000	0.0000	0.0000	0.0000	0.0000	0.0000	0.0000	0.0000	0.0000	0.0000	0.0000	0.0000	0.0000	0.0000	0.0000	0.0000	0.0000	0.0000	0.0000	0.0000	0.0000	0.0000	0.0000	0.0000	0.0000	0.0000	0.0129	0.0075	0.0053	0.0006	0.0005	0.0001	0.0123	0.0070	0.0053	0.0000	0.0000	0.0000	0.0000	0.0000	0.0000	0.0000	0.0000	0.0000	0.0000	0.0000	0.0000	0.0000	0.0000	0.0000	0.0000	0.0000	0.0000											
10	87	0.1163	7	0	1	1	0	0	0	0	0	N	N	N	N	N	N	N	N	N	N	N	N	0.0000	0.0000	0.0000	0.0000	0.0000	0.0000	0.0000	0.0000	0.0000	0.0000	0.0000	0.0000	0.0000	0.0000	0.0000	0.0000	0.0000	0.0000	0.0000	0.0000	0.0000	4.0000	2.0012	7.0000	0.0000	0.0000	0.0000	0.0000	0.0000	0.0000	0.0000	0.0000	0.0000	0.0000	0.0000	0.0000	0.0000	0.0000	0.0000	0.0000	0.0000	0.0000	0.0000	0.0000	0.0000	0.0000	0.0000	0.0000	0.0000	0.0000	0.0000	0.0479	0.0254	0.0225	0.0041	0.0032	0.0009	0.0438	0.0222	0.0216	0.0000	0.0000	0.0000	0.0000	0.0000	0.0000	0.0000	0.0000	0.0000	0.0000	0.0000	0.0000	0.0000	0.0000	0.0000	0.0000	0.0000	0.0000											
10	88	0.0745	6	0	0	1	0	0	0	0	0	N	N	N	N	N	N	N	N	N	N	N	N	0.0000	0.0000	0.0000	0.0000	0.0000	0.0000	0.0000	0.0000	0.0000	0.0000	0.0000	0.0000	0.0000	0.0814	0.0000	0.2602	0.0000	0.0000	0.0000	0.0883	0.0000	0.2688	inf	0.0000	0.0015	0.0000	2.9985	2.0012	7.0016	0.0000	0.0000	0.0000	0.0000	0.0000	0.0000	0.0000	0.0000	0.0000	0.0032	0.0000	0.0032	0.0000	0.0000	0.0000	0.0032	0.0000	0.0032	0.0000	0.0000	0.0000	0.0000	0.0000	0.0000	0.0000	0.0000	0.0000	0.0399	0.0240	0.0159	0.0031	0.0024	0.0007	0.0368	0.0215	0.0153	0.0000	0.0000	0.0000	0.0000	0.0000	0.0000	0.0000	0.0000	0.0000	0.0814	0.0000	0.2040	0.0000	0.0000	0.0000	0.0883	0.0000	0.2127						
10	89	0.1355	9	0	1	1	0	0	0	0	0	N	N	N	N	N	N	N	N	N	N	N	N	0.0000	0.0000	0.0000	0.0000	0.0000	0.0000	0.0000	0.0000	0.0000	0.0000	0.0000	0.0000	0.0000	0.0000	0.0000	0.0000	0.0000	0.0861	0.0004	0.3123	0.0033	0.0040	0.0004	0.0935	0.0000	0.3044	325.0684	0.0000	0.0015	0.0000	0.0157	2.0012	9.0253	0.0000	0.0000	0.0000	0.0000	0.0000	0.0000	0.0000	0.0000	0.0000	0.0033	0.0000	0.0032	0.0000	0.0000	0.0000	0.0032	0.0000	0.0032	0.0000	0.0000	0.0000	0.0000	0.0000	0.0000	0.0000	0.0000	0.0000	0.0378	0.0225	0.0153	0.0031	0.0025	0.0006	0.0347	0.0200	0.0147	0.0000	0.0000	0.0000	0.0000	0.0000	0.0000	0.0000	0.0000	0.0000	0.0861	0.0004	0.2122	0.0033	0.0040	0.0004	0.0935	0.0000	0.2208		
10	90	0.1270	8	0	1	1	0	0	0	0	0	N	N	N	N	N	N	N	N	N	N	N	N	0.0000	0.0000	0.0000	0.0000	0.0000	0.0000	0.0000	0.0000	0.0000	0.0000	0.0000	0.0000	0.0000	0.0000	0.0000	0.0000	0.0000	0.0019	0.0001	0.0045	0.0001	0.0001	0.0000	0.0020	0.0001	0.0046	55.0172	0.0000	0.0000	0.0000	0.0169	2.0012	2.0013	0.0000	0.0000	0.0000	0.0000	0.0000	0.0000	0.0000	0.0000	0.0000	0.0000	0.0000	0.0000	0.0000	0.0000	0.0000	0.0000	0.0000	0.0000	0.0000	0.0000	0.0000	0.0000	0.0000	0.0000	0.0000	0.0000	0.0000	0.0088	0.0052	0.0036	0.0005	0.0004	0.0001	0.0083	0.0048	0.0035	0.0000	0.0000	0.0000	0.0000	0.0000	0.0000	0.0000	0.0000	0.0000	0.0019	0.0001	0.0045	0.0001	0.0001	0.0000	0.0020	0.0001	0.0046		
10	91	0.1182	7	0	0	1	0	0	0	0	0	N	N	N	N	N	N	N	N	N	N	N	N	0.0000	0.0000	0.0000	0.0000	0.0000	0.0000	0.0000	0.0000	0.0000	0.0000	0.0000	0.0000	0.0000	0.0000	0.0000	0.0000	0.0000	0.0000	0.0000	0.0000	0.0000	0.0000	inf	0.0000	0.0000	0.0000	1.9923	2.0012	0.0454	0.0000	0.0000	0.0000	0.0000	0.0000	0.0000	0.0000	0.0000	0.0000	0.0000	0.0000	0.0000	0.0000	0.0000	0.0000	0.0000	0.0000	0.0000	0.0000	0.0000	0.0000	0.0000	0.0000	0.0000	0.0000	0.0000	0.0000	0.0089	0.0052	0.0037	0.0005	0.0004	0.0001	0.0084	0.0048	0.0036	0.0000	0.0000	0.0000	0.0000	0.0000	0.0000	0.0000	0.0000	0.0000	0.0000	0.0000	0.0000	0.0000	0.0000	0.0000	0.0000	0.0000	0.0000						
10	92	0.0745	6	0	0	1	0	0	0	0	0	N	N	N	N	N	N	N	N	N	N	N	N	0.0000	0.0000	0.0000	0.0000	0.0000	0.0000	0.0000	0.0000	0.0000	0.0000	0.0000	0.0000	0.0000	0.0000	0.0000	0.0000	0.0000	0.0000	0.0000	-0.0000	0.0000	1.0098	2.0012	9.0196	0.0000	0.0000	0.0000	0.0000	0.0000	0.0000	0.0000	0.0000	0.0000	0.0000	0.0000	0.0000	0.0000	0.0000	0.0000	0.0000	0.0000	0.0000	0.0000	0.0000	0.0000	0.0000	0.0000	0.0000	0.0000	0.0000	0.0000	0.0400	0.0240	0.0160	0.0031	0.0024	0.0007	0.0369	0.0216	0.0153	0.0000	0.0000	0.0000	0.0000	0.0000	0.0000	0.0000	0.0000	0.0000	0.0000	0.0000	0.0000	0.0000	0.0000	0.0000	0.0000	0.0000	0.0000											
10	93	0.1712	11	1	1	1	1	0	0	0	0	N	N	N	N	N	N	N	N	N	N	N	N	0.0000	0.0000	0.0000	0.0000	0.0000	0.0000	0.0000	0.0000	0.0000	0.0000	0.0000	0.0000	0.0000	0.0000	0.0000	0.0000	0.0000	0.0000	0.0000	0.0000	0.0000	0.0000	2.0012	0.0000	0.0000	0.0000	0.0000	0.0000	0.0000	0.0000	0.0000	0.0000	0.0000	0.0000	0.0000	0.0000	0.0000	0.0000	0.0000	0.0000	0.0000	0.0000	0.0000	0.0000	0.0000	0.0000	0.0000	0.0000	0.0000	0.0000	0.0000	0.0000	0.0000	0.0000	0.0000	0.0000	0.0000	0.0000	0.0000	0.0000	0.0000	0.0000	0.0000	0.0000	0.0000	0.0000	0.0000	0.0000	0.0000	0.0000	0.0000	0.0000	0.0000	0.0000	0.0000	0.0000	0.0000	0.0000											
10	94	0.1712	10	1	1	1	1	0	0	0	0	N	N	N	N	N	N	N	N	N	N	N	N	0.0000	0.0000	0.0000	0.0000	0.0000	0.0000	0.0000	0.0000	0.0000	0.0000	0.0000	0.0000	0.0000	0.0000	0.0000	0.0000	0.0000	0.0000	0.0000	0.0000	0.0000	0.0000	2.0012	0.0001	0.0000	0.0000	0.0000	0.0000	0.0000	0.0000	0.0000	0.0000	0.0000	0.0000	0.0000	0.0000	0.0000	0.0000	0.0000	0.0000	0.0000	0.0000	0.0000	0.0000	0.0000	0.0000	0.0000	0.0000	0.0000	0.0000	0.0000	0.0000	0.0000	0.0000	0.0000	0.0000	0.0000	0.0000	0.0000	0.0000	0.0000	0.0000	0.0000	0.0000	0.0000	0.0000	0.0000	0.0000	0.0000	0.0000	0.0000	0.0000	0.0000	0.0000	0.0000	0.0000	0.0000	0.0000											
10	95	0.1533	9	0	1	1	1	0	0	0	0	N	N	N	N	N	N	N	N	N	N	N	N	0.0000	0.0000	0.0000	0.0000	0.0000	0.0000	0.0000	0.0000	0.0000	0.0000	0.0000	0.0000	0.0000	0.0000	0.0000	0.0000	0.0000	0.0000	0.0000	0.0000	0.0000	0.9845	2.0012	0.9903	0.0000	0.0000	0.0000	0.0000	0.0000	0.0000	0.0000	0.0000	0.0000	0.0000	0.0000	0.0000	0.0000	0.0000	0.0000	0.0000	0.0000	0.0000	0.0000	0.0000	0.0000	0.0000	0.0000	0.0000	0.0000	0.0000	0.0000	0.0088	0.0055	0.0033	0.0012	0.0010	0.0001	0.0077	0.0045	0.0032	0.0000	0.0000	0.0000	0.0000	0.0000	0.0000	0.0000	0.0000	0.0000	0.0000	0.0000	0.0000	0.0000	0.0000	0.0000	0.0000	0.0000	0.0000											
10	96	0.1505	9	0	1	1	0	0	0	0	0	N	N	N	N	N	N	N	N	N	N	N	N	0.0000	0.0000	0.0000	0.0000	0.0000	0.0000	0.0000	0.0000	0.0000	0.0000	0.0000	0.0000	0.0000	0.0000	0.0000	0.0000	0.0000	0.0000	0.0000	0.0000	0.0000	1.0063	2.0012	3.7812	0.0000	0.0000	0.0000	0.0000	0.0000	0.0000	0.0000	0.0000	0.0000	0.0000	0.0000	0.0000	0.0000	0.0000	0.0000	0.0000	0.0000	0.0000	0.0000	0.0000	0.0000	0.0000	0.0000	0.0000	0.0000	0.0000	0.0000	0.0314	0.0208	0.0107	0.0096	0.0083	0.0012	0.0219	0.0124	0.0094	0.0000	0.0000	0.0000	0.0000	0.0000	0.0000	0.0000	0.0000	0.0000	0.0000	0.0000	0.0000	0.0000	0.0000	0.0000	0.0000	0.0000	0.0000											
10	97	0.1533	9	0	0	2	1	0	0	0	0	N	N	Y	N	N	N	N	N	N	N	N	N	0.0000	0.0000	0.0000	0.0000	0.0000	0.0000	0.0000	0.0000	0.0000	0.0000	0.0000	0.0000	0.0000	0.0000	0.0000	0.0000	0.0000	0.0000	0.0000	0.0000	0.0000	1.0165	2.0012	1.0129	0.0000	0.0000	0.0000	0.0000	0.0000	0.0000	0.0000	0.0000	0.0000	0.0000	0.0000	0.0000	0.0000	0.0000	0.0000	0.0000	0.0000	0.0000	0.0000	0.0000	0.0000	0.0000	0.0000	0.0000	0.0000	0.0000	0.0000	0.0090	0.0056	0.0034	0.0012	0.0010	0.0001	0.0079	0.0046	0.0032	0.0000	0.0000	0.0000	0.0000	0.0000	0.0000	0.0000	0.0000	0.0000	0.0000	0.0000	0.0000	0.0000	0.0000	0.0000	0.0000	0.0000	0.0000											
10	98	0.1404	8	0	0	1	1	0	0	0	0	N	N	N	N	N	N	N	N	N	N	N	N	0.0000	0.0000	0.0000	0.0000	0.0000	0.0000	0.0000	0.0000	0.0000	0.0000	0.0000	0.0000	0.0000	0.0000	0.0000	0.0000	0.0000	0.0000	0.0000	0.0000	0.0000	2.0241	2.0012	1.0265	0.0000	0.0000	0.0000	0.0000	0.0000	0.0000	0.0000	0.0000	0.0000	0.0000	0.0000	0.0000	0.0000	0.0000	0.0000	0.0000	0.0000	0.0000	0.0000	0.0000	0.0000	0.0000	0.0000	0.0000	0.0000	0.0000	0.0000	0.0129	0.0080	0.0050	0.0018	0.0015	0.0003	0.0111	0.0065	0.0046	0.0000	0.0000	0.0000	0.0000	0.0000	0.0000	0.0000	0.0000	0.0000	0.0000	0.0000	0.0000	0.0000	0.0000	0.0000	0.0000	0.0000	0.0000											
10	99	0.1404	8	0	0	2	1	0	0	0	0	N	N	Y	N	N	N	N	N	N	N	N	N	0.0000	0.0000	0.0000	0.0000	0.0000	0.0000	0.0000	0.0000	0.0000	0.0000	0.0000	0.0000	0.0000	0.0000	0.0000	0.0000	0.0000	0.0000	0.0000	0.0000	0.0000	3.0066	2.0012	0.0000	0.0000	0.0000	0.0000	0.0000	0.0000	0.0000	0.0000	0.0000	0.0000	0.0000	0.0000	0.0000	0.0000	0.0000	0.0000	0.0000	0.0000	0.0000	0.0000	0.0000	0.0000	0.0000	0.0000	0.0000	0.0000	0.0000	0.0000	0.0128	0.0079	0.0049	0.0018	0.0015	0.0003	0.0110	0.0064	0.0046	0.0000	0.0000	0.0000	0.0000	0.0000	0.0000	0.0000	0.0000	0.0000	0.0000	0.0000	0.0000	0.0000	0.0000	0.0000	0.0000	0.0000	0.0000											
10	100	0.1661	8	0	0	2	1	0	0	0	0	N	N	Y	N	N	N	N	N	N	N	N	N	0.0000	0.0000	0.0000	0.0000	0.0000	0.0000	0.0000	0.0000	0.0000	0.0000	0.0000	0.0000	0.0000	0.0000	0.0000	0.0000	0.0000	0.0000	0.0000	0.0000	0.0000	0.0000	2.0012	2.0000	0.0000	0.0000	0.0000	0.0000	0.0000	0.0000	0.0000	0.0000	0.0000	0.0000	0.0000	0.0000	0.0000	0.0000	0.0000	0.0000	0.0000	0.0000	0.0000	0.0000	0.0000	0.0000	0.0000	0.0000	0.0000	0.0000	0.0000	0.0082	0.0050	0.0032	0.0012	0.0010	0.0002	0.0071	0.0041	0.0030	0.0000	0.0000	0.0000	0.0000	0.0000	0.0000	0.0000	0.0000	0.0000	0.0000	0.0000	0.0000	0.0000	0.0000	0.0000	0.0000	0.0000	0.0000											
10	101	0.1270	7	0	0	2	1	0	0	0	0	N	N	Y	N	N	N	N	N	N	N	N	N	0.0000	0.0000	0.0000	0.0000	0.0000	0.0000	0.0000	0.0000	0.0000	0.0000	0.0000	0.0000	0.0000	0.0000	0.0000	0.0000	0.0000	0.0005	0.0008	0.0001	0.0034	0.0040	0.0002	0.0000	0.0000	0.0000	0.0443	0.0000	-0.0000	0.0000	5.8899	2.0012	3.1847	0.0000	0.0000	0.0000	0.0000	0.0000	0.0000	0.0000	0.0000	0.0000	0.0000	0.0000	0.0000	0.0000	0.0000	0.0000	0.0000	0.0000	0.0000	0.0000	0.0000	0.0000	0.0000	0.0000	0.0000	0.0000	0.0000	0.0000	0.0392	0.0241	0.0151	0.0060	0.0050	0.0009	0.0332	0.0191	0.0141	0.0000	0.0000	0.0000	0.0000	0.0000	0.0000	0.0000	0.0000	0.0000	0.0005	0.0008	0.0001	0.0034	0.0040	0.0002	0.0000	0.0000	0.0000		
10	102	0.1738	7	1	1	1	0	0	0	0	0	N	N	N	N	N	N	N	N	N	N	N	N	0.0000	0.0000	0.0000	0.0000	0.0000	0.0000	0.0000	0.0000	0.0000	0.0000	0.0000	0.0000	0.0000	0.0000	0.0000	0.0000	0.0000	0.0000	0.0000	0.0000	0.0000	0.0000	2.0012	0.0000	0.0000	0.0000	0.0000	0.0000	0.0000	0.0000	0.0000	0.0000	0.0000	0.0000	0.0000	0.0000	0.0000	0.0000	0.0000	0.0000	0.0000	0.0000	0.0000	0.0000	0.0000	0.0000	0.0000	0.0000	0.0000	0.0000	0.0000	0.0000	0.0000	0.0000	0.0000	0.0000	0.0000	0.0000	0.0000	0.0000	0.0000	0.0000	0.0000	0.0000	0.0000	0.0000	0.0000	0.0000	0.0000	0.0000	0.0000	0.0000	0.0000	0.0000	0.0000	0.0000	0.0000	0.0000											
10	103	0.0745	6	1	1	1	0	0	0	0	0	N	N	N	N	N	N	N	N	N	N	N	N	0.0000	0.0000	0.0000	0.0000	0.0000	0.0000	0.0000	0.0000	0.0000	0.0000	0.0000	0.0000	0.0000	0.0000	0.0000	0.0000	0.0000	0.0000	0.0000	0.0000	0.0000	8.0012	2.0012	14.0016	0.0000	0.0000	0.0000	0.0000	0.0000	0.0000	0.0000	0.0000	0.0000	0.0000	0.0000	0.0000	0.0000	0.0000	0.0000	0.0000	0.0000	0.0000	0.0000	0.0000	0.0000	0.0000	0.0000	0.0000	0.0000	0.0000	0.0000	0.0804	0.0483	0.0321	0.0063	0.0050	0.0014	0.0741	0.0434	0.0307	0.0000	0.0000	0.0000	0.0000	0.0000	0.0000	0.0000	0.0000	0.0000	0.0000	0.0000	0.0000	0.0000	0.0000	0.0000	0.0000	0.0000	0.0000											
10	104	0.1375	7	0	1	1	0	0	0	0	0	N	N	N	N	N	N	N	N	N	N	N	N	0.0000	0.0000	0.0000	0.0000	0.0000	0.0000	0.0000	0.0000	0.0000	0.0000	0.0000	0.0000	0.0000	0.0000	0.0000	0.0000	0.0000	0.0008	0.0012	0.0000	0.0034	0.0043	0.0001	0.0000	0.0000	0.0000	0.0218	0.0000	-0.0000	0.0000	2.0010	2.0012	1.0153	0.0000	0.0000	0.0000	0.0000	0.0000	0.0000	0.0000	0.0000	0.0000	0.0000	0.0000	0.0000	0.0000	0.0000	0.0000	0.0000	0.0000	0.0000	0.0000	0.0000	0.0000	0.0000	0.0000	0.0000	0.0000	0.0000	0.0000	0.0131	0.0081	0.0050	0.0030	0.0023	0.0007	0.0101	0.0058	0.0044	0.0000	0.0000	0.0000	0.0000	0.0000	0.0000	0.0000	0.0000	0.0000	0.0008	0.0012	0.0000	0.0034	0.0043	0.0001	0.0000	0.0000	0.0000		
10	105	0.0745	6	0	1	1	0	0	0	0	0	N	N	N	N	N	N	N	N	N	N	N	N	0.0000	0.0000	0.0000	0.0000	0.0000	0.0000	0.0000	0.0000	0.0000	0.0000	0.0000	0.0000	0.0000	0.0000	0.0000	0.0000	0.0000	0.0000	0.0140	0.0000	0.0350	0.0047	0.0000	0.0222	0.0147	0.0000	0.0355	12662.5683	0.0000	0.0003	0.0000	3.0162	2.0012	11.0438	0.0000	0.0000	0.0000	0.0000	0.0000	0.0000	0.0000	0.0000	0.0000	0.0008	0.0000	0.0008	0.0000	0.0000	0.0000	0.0007	0.0000	0.0007	0.0000	0.0000	0.0000	0.0000	0.0000	0.0000	0.0000	0.0000	0.0000	0.0544	0.0327	0.0217	0.0042	0.0033	0.0009	0.0502	0.0294	0.0208	0.0000	0.0000	0.0000	0.0000	0.0000	0.0000	0.0000	0.0000	0.0000	0.0140	0.0000	0.0350	0.0047	0.0000	0.0222	0.0147	0.0000	0.0355	
10	106	0.1754	11	1	1	1	0	0	0	0	0	N	N	N	N	N	N	N	N	N	N	N	N	0.0000	0.0000	0.0000	0.0000	0.0000	0.0000	0.0000	0.0000	0.0000	0.0000	0.0000	0.0000	0.0000	0.0000	0.0000	0.0000	0.0000	0.0000	0.0000	0.0000	0.0000	1.0000	2.0012	1.0000	0.0000	0.0000	0.0000	0.0000	0.0000	0.0000	0.0000	0.0000	0.0000	0.0000	0.0000	0.0000	0.0000	0.0000	0.0000	0.0000	0.0000	0.0000	0.0000	0.0000	0.0000	0.0000	0.0000	0.0000	0.0000	0.0000	0.0000	0.0088	0.0057	0.0031	0.0029	0.0024	0.0006	0.0059	0.0034	0.0025	0.0000	0.0000	0.0000	0.0000	0.0000	0.0000	0.0000	0.0000	0.0000	0.0000	0.0000	0.0000	0.0000	0.0000	0.0000	0.0000	0.0000	0.0000											
10	107	0.1712	10	1	1	1	0	0	0	0	0	N	N	N	N	N	N	N	N	N	N	N	N	0.0000	0.0000	0.0000	0.0000	0.0000	0.0000	0.0000	0.0000	0.0000	0.0000	0.0000	0.0000	0.0000	0.0000	0.0000	0.0000	0.0000	0.0000	0.0000	0.0000	0.0000	0.0000	2.0012	0.9999	0.0000	0.0000	0.0000	0.0000	0.0000	0.0000	0.0000	0.0000	0.0000	0.0000	0.0000	0.0000	0.0000	0.0000	0.0000	0.0000	0.0000	0.0000	0.0000	0.0000	0.0000	0.0000	0.0000	0.0000	0.0000	0.0000	0.0000	0.0044	0.0028	0.0016	0.0012	0.0010	0.0002	0.0032	0.0019	0.0014	0.0000	0.0000	0.0000	0.0000	0.0000	0.0000	0.0000	0.0000	0.0000	0.0000	0.0000	0.0000	0.0000	0.0000	0.0000	0.0000	0.0000	0.0000											
10	108	0.1505	9	1	1	1	0	0	0	0	0	N	N	N	N	N	N	N	N	N	N	N	N	0.0000	0.0000	0.0000	0.0000	0.0000	0.0000	0.0000	0.0000	0.0000	0.0000	0.0000	0.0000	0.0000	0.0000	0.0000	0.0000	0.0000	0.0000	0.0000	0.0000	0.0000	0.0100	2.0012	4.8896	0.0000	0.0000	0.0000	0.0000	0.0000	0.0000	0.0000	0.0000	0.0000	0.0000	0.0000	0.0000	0.0000	0.0000	0.0000	0.0000	0.0000	0.0000	0.0000	0.0000	0.0000	0.0000	0.0000	0.0000	0.0000	0.0000	0.0000	0.0319	0.0210	0.0108	0.0097	0.0084	0.0013	0.0222	0.0126	0.0096	0.0000	0.0000	0.0000	0.0000	0.0000	0.0000	0.0000	0.0000	0.0000	0.0000	0.0000	0.0000	0.0000	0.0000	0.0000	0.0000	0.0000	0.0000											
10	109	0.1404	8	0	1	1	0	0	0	0	0	N	N	N	N	N	N	N	N	N	N	N	N	0.0000	0.0000	0.0000	0.0000	0.0000	0.0000	0.0000	0.0000	0.0000	0.0000	0.0000	0.0000	0.0000	0.0000	0.0000	0.0000	0.0000	0.0000	0.0000	0.0000	0.0000	1.0007	2.0012	1.4004	0.0000	0.0000	0.0000	0.0000	0.0000	0.0000	0.0000	0.0000	0.0000	0.0000	0.0000	0.0000	0.0000	0.0000	0.0000	0.0000	0.0000	0.0000	0.0000	0.0000	0.0000	0.0000	0.0000	0.0000	0.0000	0.0000	0.0000	0.0102	0.0063	0.0039	0.0014	0.0012	0.0003	0.0088	0.0051	0.0037	0.0000	0.0000	0.0000	0.0000	0.0000	0.0000	0.0000	0.0000	0.0000	0.0000	0.0000	0.0000	0.0000	0.0000	0.0000	0.0000	0.0000	0.0000											
10	110	0.1270	7	0	0	1	0	0	0	0	0	N	N	N	N	N	N	N	N	N	N	N	N	0.0000	0.0000	0.0000	0.0000	0.0000	0.0000	0.0000	0.0000	0.0000	0.0000	0.0000	0.0000	0.0000	0.0000	0.0000	0.0000	0.0000	0.0013	0.0020	0.0001	0.0067	0.0075	0.0007	0.0001	0.0000	0.0001	0.0443	0.0000	-0.0000	0.0000	0.3039	2.0012	2.8719	0.0000	0.0000	0.0000	0.0000	0.0000	0.0000	0.0000	0.0000	0.0000	0.0000	0.0000	0.0000	0.0000	0.0000	0.0000	0.0000	0.0000	0.0000	0.0000	0.0000	0.0000	0.0000	0.0000	0.0000	0.0000	0.0000	0.0000	0.0160	0.0100	0.0060	0.0030	0.0027	0.0003	0.0130	0.0073	0.0057	0.0000	0.0000	0.0000	0.0000	0.0000	0.0000	0.0000	0.0000	0.0000	0.0013	0.0020	0.0001	0.0067	0.0075	0.0007	0.0001	0.0000	0.0001		
10	111	0.0745	6	0	0	1	0	0	0	0	0	N	N	N	N	N	N	N	N	N	N	N	N	0.0000	0.0000	0.0000	0.0000	0.0000	0.0000	0.0000	0.0000	0.0000	0.0000	0.0000	0.0000	0.0000	0.0000	0.0000	0.0000	0.0000	0.0000	0.0163	0.0000	0.0408	0.0055	0.0000	0.0258	0.0172	0.0000	0.0431	3076.2928	0.0000	0.0004	0.0000	3.8240	2.0012	8.1760	0.0000	0.0000	0.0000	0.0000	0.0000	0.0000	0.0000	0.0000	0.0000	0.0008	0.0000	0.0008	0.0000	0.0000	0.0000	0.0007	0.0000	0.0007	0.0000	0.0000	0.0000	0.0000	0.0000	0.0000	0.0000	0.0000	0.0000	0.0472	0.0283	0.0188	0.0037	0.0029	0.0008	0.0435	0.0255	0.0181	0.0000	0.0000	0.0000	0.0000	0.0000	0.0000	0.0000	0.0000	0.0000	0.0163	0.0000	0.0408	0.0055	0.0000	0.0258	0.0172	0.0000	0.0415	
10	112	0.0449	5	0	0	1	0	0	0	0	0	N	N	N	N	N	N	N	N	N	N	N	N	0.0000	0.0000	0.0000	0.0000	0.0000	0.0000	0.0000	0.0000	0.0000	0.0000	0.0000	0.0000	0.0000	0.0867	0.1322	0.0000	2.7747	3.0627	0.0000	0.0000	0.0000	0.0000	0.0000	0.0000	-0.0021	0.0000	0.0953	2.0012	6.8761	0.0000	0.0000	0.0000	0.0000	0.0000	0.0000	0.0000	0.0000	0.0000	0.0039	0.0039	0.0000	0.0039	0.0039	0.0000	0.0000	0.0000	0.0000	0.0000	0.0000	0.0000	0.0000	0.0000	0.0000	0.0000	0.0000	0.0000	0.0455	0.0298	0.0157	0.0099	0.0094	0.0005	0.0356	0.0204	0.0152	0.0000	0.0000	0.0000	0.0000	0.0000	0.0000	0.0000	0.0000	0.0000	0.0867	0.1322	0.0000	0.3998	0.4197	0.0000	0.0000	0.0000	0.0000						
10	115	0.2078	7	0	0	1	0	0	0	0	0	N	N	N	N	N	N	N	N	N	N	N	N	0.0000	0.0000	0.0000	0.0000	0.0000	0.0000	0.0000	0.0000	0.0000	0.0000	0.0000	0.0000	0.0000	0.0000	0.0000	0.0000	0.0000	0.0000	0.0903	0.0000	0.4432	0.0285	0.0000	0.2057	0.1417	0.0000	0.4904	5083.8388	0.0000	0.0066	0.0000	8.9918	2.0012	13.3277	0.0000	0.0000	0.0000	0.0000	0.0000	0.0000	0.0000	0.0000	0.0000	0.0143	0.0000	0.0143	0.0020	0.0000	0.0020	0.0122	0.0000	0.0122	0.0000	0.0000	0.0000	0.0000	0.0000	0.0000	0.0000	0.0000	0.0000	0.1579	0.1137	0.0442	0.0717	0.0617	0.0099	0.0862	0.0520	0.0343	0.0000	0.0000	0.0000	0.0000	0.0000	0.0000	0.0000	0.0000	0.0000	0.0903	0.0000	0.3227	0.0285	0.0000	0.2057	0.1417	0.0000	0.3566	
11	12	0.1552	5	1	1	1	0	0	0	0	0	N	N	N	N	N	N	N	N	N	N	N	N	0.0000	0.0000	0.0000	0.0000	0.0000	0.0000	0.0000	0.0000	0.0000	0.0000	0.0000	0.0000	0.0000	0.0001	0.0002	0.0000	0.0010	0.0012	0.0000	0.0000	0.0000	0.0000	0.0000	0.0000	-0.0000	5.0149	3.0000	7.0912	5.0000	0.0000	0.0000	0.0000	0.0000	0.0000	0.0000	0.0000	0.0000	0.0000	0.0000	0.0000	0.0000	0.0000	0.0000	0.0000	0.0000	0.0000	0.0000	0.1944	0.1662	0.0282	0.0132	0.0125	0.0008	0.1812	0.1537	0.0275	0.1794	0.1087	0.0707	0.0207	0.0165	0.0042	0.1587	0.0921	0.0666	0.0000	0.0000	0.0000	0.0000	0.0000	0.0000	0.0000	0.0000	0.0000	0.0001	0.0002	0.0000	0.0010	0.0012	0.0000	0.0000	0.0000	0.0000						
11	13	0.2049	6	0	0	2	1	0	0	0	0	N	N	Y	N	N	N	N	N	N	N	N	N	0.0000	0.0000	0.0000	0.0000	0.0000	0.0000	0.0000	0.0000	0.0000	0.0000	0.0000	0.0000	0.0000	0.0000	0.0000	0.0000	0.0000	0.0000	0.0000	-0.0000	5.0149	0.0000	7.0912	0.0000	0.0000	0.0000	0.0000	0.0000	0.0000	0.0000	0.0000	0.0000	0.0000	0.0000	0.0000	0.0000	0.0000	0.0000	0.0000	0.0000	0.0000	0.0000	0.0000	0.0000	0.0000	0.0000	0.0000	0.0000	0.0000	0.0000	0.0000	0.0000	0.0000	0.0000	0.0000	0.0000	0.0000	0.0000	0.0000	0.0000	0.0000	0.0000	0.0000	0.0000	0.0000	0.0000	0.0000	0.0000	0.0000	0.0000	0.0000	0.0000	0.0000	0.0000	0.0000	0.0000	0.0000	0.0000											
11	14	0.1552	5	0	1	1	0	0	0	0	0	N	N	N	N	N	N	N	N	N	N	N	N	0.0000	0.0000	0.0000	0.0000	0.0000	0.0000	0.0000	0.0000	0.0000	0.0000	0.0000	0.0000	0.0000	0.0000	0.0000	4.5426	7.5052	0.0000	2.1694	2.9730	0.0000	5.0946	8.7749	0.0000	0.0000	0.0000	-0.5420	5.0149	2.0000	7.0912	8.0000	0.0000	0.0000	0.0000	0.0000	0.0000	0.0000	0.0000	0.0000	0.0000	1.0039	1.0039	0.0000	0.0083	0.0083	0.0000	0.9956	0.9956	0.0000	0.1308	0.1118	0.0191	0.0089	0.0084	0.0005	0.1219	0.1034	0.0185	0.2210	0.1339	0.0871	0.0256	0.0204	0.0052	0.1954	0.1135	0.0820	0.0000	0.0000	0.0000	0.0000	0.0000	0.0000	0.0000	0.0000	0.0000	4.5426	7.4987	0.0000	0.3235	0.4051	0.0000	5.0946	8.7749	0.0000				
11	15	0.1792	6	0	0	1	1	0	0	0	0	N	N	N	N	N	N	N	N	N	N	N	N	0.0000	0.0000	0.0000	0.0000	0.0000	0.0000	0.0000	0.0000	0.0000	0.0000	0.0000	0.0000	0.0000	0.0000	0.0000	0.0000	0.0000	0.1116	0.0003	0.3679	0.0034	0.0014	0.0107	0.1356	0.0000	0.4109	548.5000	0.0000	0.0050	5.0149	2.0066	7.0912	2.0000	0.0000	0.0000	0.0000	0.0000	0.0000	0.0000	0.0000	0.0000	0.0000	0.0110	0.0000	0.0110	0.0001	0.0000	0.0000	0.0109	0.0000	0.0109	0.1348	0.1151	0.0197	0.0073	0.0069	0.0004	0.1275	0.1082	0.0193	0.0985	0.0589	0.0396	0.0179	0.0142	0.0037	0.0806	0.0447	0.0359	0.0000	0.0000	0.0000	0.0000	0.0000	0.0000	0.0000	0.0000	0.0000	0.1116	0.0003	0.2769	0.0034	0.0014	0.0107	0.1356	0.0000	0.3046		
11	16	0.0824	4	0	1	1	1	0	0	0	0	N	N	N	N	N	N	N	N	N	N	N	N	inf	inf	inf	inf	0.0000	0.0001	0.0000	0.0019	0.0020	0.0000	0.0000	0.0000	0.0000	0.0000	0.0000	0.0000	0.0000	0.0000	0.0000	0.0000	0.0000	0.0000	0.0000	-0.0000	0.0000	5.0149	24.0000	7.0912	5.0000	0.0001	0.0001	0.0000	0.0001	0.0001	0.0000	0.0000	0.0000	0.0000	0.0000	0.0000	0.0000	0.0000	0.0000	0.0000	0.0000	0.0000	0.0000	1.2980	1.1187	0.1793	0.0319	0.0302	0.0017	1.2661	1.0885	0.1776	0.5942	0.3404	0.2538	0.0196	0.0187	0.0009	0.5746	0.3217	0.2529	inf	inf	0.0000	inf	inf	0.0000	0.0000	0.0000	0.0000	0.0000	0.0000	0.0000	0.0000	0.0000	0.0000	0.0000	0.0000	0.0000						
11	17	0.1741	7	0	1	1	0	0	0	0	0	N	N	N	N	N	N	N	N	N	N	N	N	0.2291	0.1803	0.0000	0.2825	0.2786	0.0000	0.0009	0.0479	0.0000	0.0092	0.0107	0.0000	0.1270	0.1343	0.0000	0.0000	0.0000	0.0000	0.0400	0.0594	0.0005	0.4497	0.4821	0.0000	0.0002	0.0000	0.0005	0.0000	0.0040	-0.0003	-0.0042	5.0149	0.9987	7.0912	5.5397	0.0006	0.0006	0.0000	0.0006	0.0006	0.0000	0.0000	0.0000	0.0000	0.0078	0.0078	0.0000	0.0078	0.0078	0.0000	0.0000	0.0000	0.0000	0.0666	0.0569	0.0097	0.0048	0.0045	0.0003	0.0618	0.0523	0.0094	0.1961	0.1313	0.0648	0.0469	0.0421	0.0048	0.1492	0.0892	0.0600	0.2291	0.1803	0.0000	0.7631	0.7248	0.0000	0.0009	0.0479	0.0000	0.0400	0.0594	0.0005	0.1664	0.1853	0.0000	0.0002	0.0000	0.0005
11	18	0.1792	6	0	1	1	1	0	0	0	0	N	N	N	N	N	N	N	N	N	N	N	N	0.0000	0.0000	0.0000	0.0000	0.0000	0.0000	0.0000	0.0000	0.0000	0.0000	0.0000	0.0000	0.0000	0.0000	0.0000	0.0000	0.0000	0.0000	0.0000	0.0000	5.0149	0.9934	7.0912	0.0000	0.0000	0.0000	0.0000	0.0000	0.0000	0.0000	0.0000	0.0000	0.0000	0.0000	0.0000	0.0000	0.0000	0.0000	0.0000	0.0000	0.0000	0.0000	0.0682	0.0582	0.0100	0.0041	0.0039	0.0002	0.0641	0.0544	0.0098	0.0250	0.0149	0.0101	0.0045	0.0036	0.0009	0.0205	0.0113	0.0091	0.0000	0.0000	0.0000	0.0000	0.0000	0.0000	0.0000	0.0000	0.0000	0.0000	0.0000	0.0000	0.0000	0.0000	0.0000	0.0000	0.0000	0.0000											
11	19	0.1134	4	1	1	1	0	0	0	0	0	N	N	N	N	N	N	N	N	N	N	N	N	30678.6973	0.0000	inf	0.0000	0.0000	inf	inf	14.8994	0.0000	100.1775	0.0000	0.0000	0.0000	15.3774	0.0000	101.3291	0.0005	0.0008	0.0000	0.0057	0.0071	0.0000	0.0000	0.0000	0.0000	inf	0.0000	0.5377	-0.0000	5.0149	1.0015	7.0912	7.0016	0.9990	0.0000	0.9990	0.0000	0.0000	0.0000	0.9990	0.0000	0.9990	0.0001	0.0001	0.0000	0.0001	0.0001	0.0000	0.0000	0.0000	0.0000	0.0670	0.0571	0.0100	0.0021	0.0020	0.0001	0.0650	0.0551	0.0099	0.1853	0.1073	0.0781	0.0157	0.0126	0.0031	0.1696	0.0946	0.0750	30678.6973	0.0000	inf	0.0000	0.0000	0.0000	inf	0.0000	inf	0.0005	0.0008	0.0000	0.0057	0.0071	0.0000	0.0000	0.0000	0.0000		
11	20	0.1764	5	0	1	1	0	0	0	0	0	N	N	N	N	N	N	N	N	N	N	N	N	0.0000	0.0000	0.0000	0.0000	0.0000	0.0000	0.0000	0.0000	0.0000	0.0000	0.0000	0.0000	0.0000	0.0000	0.0000	0.0000	0.0000	0.0000	0.0085	0.0142	0.0000	0.0087	0.0112	0.0000	0.0085	0.0155	0.0000	0.0005	0.0000	-0.0004	5.0149	1.0004	7.0912	2.0077	0.0000	0.0000	0.0000	0.0000	0.0000	0.0000	0.0000	0.0000	0.0000	0.0007	0.0007	0.0000	0.0002	0.0002	0.0000	0.0005	0.0005	0.0000	0.0667	0.0568	0.0099	0.0021	0.0020	0.0001	0.0646	0.0548	0.0098	0.0792	0.0476	0.0317	0.0189	0.0147	0.0042	0.0604	0.0329	0.0275	0.0000	0.0000	0.0000	0.0000	0.0000	0.0000	0.0000	0.0000	0.0000	0.0085	0.0142	0.0000	0.0087	0.0112	0.0000	0.0085	0.0155	0.0000	
11	21	0.1132	5	0	0	1	1	0	0	0	0	N	N	N	N	N	N	N	N	N	N	N	N	0.0000	0.0000	0.0000	0.0000	0.0000	0.0000	0.0000	0.0000	0.0000	0.0000	0.0000	0.0000	0.0000	0.0000	0.0000	0.0000	0.0000	0.0001	0.0002	0.0000	0.0030	0.0032	0.0000	0.0000	0.0000	0.0000	0.0014	0.0000	-0.0000	5.0149	2.0000	7.0912	1.0003	0.0000	0.0000	0.0000	0.0000	0.0000	0.0000	0.0000	0.0000	0.0000	0.0000	0.0000	0.0000	0.0000	0.0000	0.0000	0.0000	0.0000	0.0000	0.1319	0.1123	0.0196	0.0036	0.0033	0.0003	0.1283	0.1090	0.0194	0.0748	0.0426	0.0322	0.0033	0.0032	0.0002	0.0715	0.0394	0.0320	0.0000	0.0000	0.0000	0.0000	0.0000	0.0000	0.0000	0.0000	0.0000	0.0001	0.0002	0.0000	0.0030	0.0032	0.0000	0.0000	0.0000	0.0000		
11	22	0.1878	7	1	0	2	0	0	0	0	0	N	N	Y	N	N	N	N	N	N	N	N	N	0.0000	0.0000	0.0000	0.0000	0.0000	0.0000	0.0000	0.0000	0.0000	0.0000	0.0000	0.0000	0.0000	0.0000	0.0000	0.0000	0.0000	0.0000	0.0004	0.0007	0.0000	0.0023	0.0029	0.0000	0.0000	0.0000	0.0000	0.0080	0.0000	-0.0000	5.0149	0.0000	7.0912	4.9921	0.0000	0.0000	0.0000	0.0000	0.0000	0.0000	0.0000	0.0000	0.0000	0.0001	0.0000	0.0000	0.0000	0.0000	0.0000	0.0000	0.0000	0.0000	0.0000	0.0000	0.0000	0.0000	0.0000	0.0000	0.0000	0.0000	0.0000	0.1205	0.0726	0.0479	0.0212	0.0174	0.0038	0.0993	0.0552	0.0441	0.0000	0.0000	0.0000	0.0000	0.0000	0.0000	0.0000	0.0000	0.0000	0.0004	0.0007	0.0000	0.0023	0.0029	0.0000	0.0000	0.0000	0.0000	
11	23	0.1715	7	0	1	1	0	0	0	0	0	N	N	N	N	N	N	N	N	N	N	N	N	0.0000	0.0000	inf	0.0000	0.0000	0.0209	0.0000	inf	0.0000	0.0000	0.0000	0.0000	0.0000	0.0000	0.0000	0.0000	0.0000	0.0004	0.0007	0.0000	0.0070	0.0078	0.0000	0.0000	0.0000	0.0000	inf	0.0000	0.0000	-0.0000	5.0149	1.9996	7.0912	0.0142	0.0000	0.0000	0.0000	0.0000	0.0000	0.0000	0.0000	0.0000	0.0000	0.0000	0.0000	0.0000	0.0000	0.0000	0.0000	0.0000	0.0000	0.0000	0.1320	0.1129	0.0191	0.0102	0.0096	0.0006	0.1219	0.1033	0.0185	0.0492	0.0295	0.0198	0.0028	0.0026	0.0003	0.0464	0.0269	0.0195	0.0000	0.0000	inf	0.0000	0.0000	0.0000	0.0209	0.0000	inf	0.0004	0.0007	0.0000	0.0070	0.0078	0.0000	0.0000	0.0000	0.0000	
11	24	0.1134	4	0	1	1	0	0	0	0	0	N	N	N	N	N	N	N	N	N	N	N	N	0.0000	0.0000	0.0000	0.0000	0.0000	0.0000	0.0000	0.0000	0.0000	0.0000	0.0000	0.0000	0.0000	0.0000	0.0000	2.7165	4.6770	0.0000	0.0829	0.1382	0.0000	2.9642	5.2912	0.0000	0.0000	0.0000	-0.5390	5.0149	2.9988	7.0912	13.9984	0.0000	0.0000	0.0000	0.0000	0.0000	0.0000	0.0000	0.0000	0.0000	0.9982	0.9982	0.0000	0.0025	0.0025	0.0000	0.9957	0.9957	0.0000	0.1963	0.1673	0.0290	0.0058	0.0055	0.0003	0.1905	0.1618	0.0287	0.3674	0.2134	0.1540	0.0315	0.0252	0.0063	0.3359	0.1882	0.1477	0.0000	0.0000	0.0000	0.0000	0.0000	0.0000	0.0000	0.0000	0.0000	2.7165	4.6770	0.0000	0.0790	0.0986	0.0000	2.9642	5.2912	0.0000				
11	25	0.1552	5	1	1	1	0	0	0	0	0	N	N	N	N	N	N	N	N	N	N	N	N	0.0000	0.0000	0.0000	0.0000	0.0000	0.0000	0.0000	0.0000	0.0000	0.0000	0.0000	0.0000	0.0000	0.0000	0.0000	0.0002	0.0002	0.0001	0.0016	0.0015	0.0019	0.0000	0.0000	0.0000	0.3333	0.0000	-0.0000	5.0149	6.0000	7.0912	4.0000	0.0000	0.0000	0.0000	0.0000	0.0000	0.0000	0.0000	0.0000	0.0000	0.0000	0.0000	0.0000	0.0000	0.0000	0.0000	0.0000	0.0000	0.0000	0.3782	0.3238	0.0544	0.0257	0.0242	0.0015	0.3525	0.2996	0.0529	0.2210	0.1339	0.0871	0.0256	0.0204	0.0052	0.1954	0.1135	0.0820	0.0000	0.0000	0.0000	0.0000	0.0000	0.0000	0.0000	0.0000	0.0000	0.0002	0.0002	0.0001	0.0016	0.0015	0.0019	0.0000	0.0000	0.0000				
11	26	0.1756	8	0	1	1	0	0	0	0	0	N	N	N	N	N	N	N	N	N	N	N	N	0.0000	0.0000	0.0000	0.0000	0.0000	0.0000	0.0000	0.0000	0.0000	0.0000	0.0000	0.0000	0.0000	0.0002	0.0003	0.0000	0.0035	0.0039	0.0000	0.0000	0.0000	0.0000	0.0000	0.0000	-0.0000	5.0149	0.0000	7.0912	2.0002	0.0000	0.0000	0.0000	0.0000	0.0000	0.0000	0.0000	0.0000	0.0000	0.0000	0.0000	0.0000	0.0000	0.0000	0.0000	0.0000	0.0000	0.0000	0.0000	0.0000	0.0000	0.0000	0.0000	0.0000	0.0000	0.0000	0.0000	0.0490	0.0293	0.0196	0.0029	0.0026	0.0003	0.0461	0.0268	0.0193	0.0000	0.0000	0.0000	0.0000	0.0000	0.0000	0.0000	0.0000	0.0000	0.0002	0.0003	0.0000	0.0035	0.0039	0.0000	0.0000	0.0000	0.0000						
11	27	0.0824	4	1	1	1	0	0	0	0	0	N	N	N	N	N	N	N	N	N	N	N	N	0.0000	0.0000	0.0000	0.0000	0.0000	0.0000	0.0000	0.0000	0.0000	0.0000	0.0000	0.0000	0.0000	0.0000	0.0000	0.0000	0.0000	8.4644	0.0011	37.9439	0.1559	0.0158	7.2496	8.3171	0.0000	37.0508	12567.3580	0.0000	0.4582	5.0149	1.0000	7.0912	3.9850	0.0000	0.0000	0.0000	0.0000	0.0000	0.0000	0.0000	0.0000	0.0000	0.9962	0.0001	0.9961	0.0005	0.0001	0.0005	0.9956	0.0000	0.9956	0.0663	0.0564	0.0099	0.0015	0.0014	0.0001	0.0648	0.0550	0.0098	0.1249	0.0714	0.0535	0.0052	0.0050	0.0002	0.1197	0.0664	0.0533	0.0000	0.0000	0.0000	0.0000	0.0000	0.0000	0.0000	0.0000	0.0000	7.9754	0.0011	18.6272	0.1057	0.0158	2.7193	8.3171	0.0000	18.6788		
11	28	0.1552	5	0	1	1	0	0	0	0	0	N	N	N	N	N	N	N	N	N	N	N	N	62926.5483	44546.2800	3.2087	2.7195	inf	inf	3.1410	3.6707	0.0000	0.0014	0.0015	0.0000	3.3700	3.9677	0.0000	0.0000	0.0001	0.0000	0.0004	0.0005	0.0000	0.0000	0.0000	0.0000	0.0000	0.0000	-0.4613	-0.0000	5.0149	5.0000	7.0912	4.0000	0.9991	0.9991	0.0000	0.0000	0.0000	0.0000	0.9991	0.9991	0.0000	0.0000	0.0000	0.0000	0.0000	0.0000	0.0000	0.0000	0.0000	0.0000	0.3181	0.2722	0.0459	0.0216	0.0204	0.0012	0.2965	0.2518	0.0447	0.2003	0.1214	0.0790	0.0231	0.0185	0.0047	0.1772	0.1029	0.0743	62926.5483	44546.2800	0.0000	3.2087	2.7195	0.0000	inf	inf	0.0000	0.0000	0.0001	0.0000	0.0004	0.0005	0.0000	0.0000	0.0000	0.0000			
11	29	0.1552	5	0	1	1	0	0	0	0	0	N	N	N	N	N	N	N	N	N	N	N	N	0.0000	0.0000	0.0000	0.0000	0.0000	0.0000	0.0000	0.0000	0.0000	0.0000	0.0000	0.0000	0.0000	0.0000	0.0001	0.0000	0.0004	0.0005	0.0000	0.0000	0.0000	0.0000	0.0000	0.0000	-0.0000	5.0149	3.0000	7.0912	6.0000	0.0000	0.0000	0.0000	0.0000	0.0000	0.0000	0.0000	0.0000	0.0000	0.0000	0.0000	0.0000	0.0000	0.0000	0.0000	0.0000	0.0000	0.0000	0.1944	0.1662	0.0282	0.0132	0.0125	0.0008	0.1812	0.1537	0.0275	0.2003	0.1214	0.0790	0.0231	0.0185	0.0047	0.1772	0.1029	0.0743	0.0000	0.0000	0.0000	0.0000	0.0000	0.0000	0.0000	0.0000	0.0000	0.0000	0.0001	0.0000	0.0004	0.0005	0.0000	0.0000	0.0000	0.0000						
11	30	0.1167	6	0	1	2	1	0	0	0	0	N	N	Y	N	N	N	N	N	N	N	N	N	0.0000	0.0000	0.0000	0.0000	0.0000	0.0000	0.0000	0.0000	0.0000	0.0000	0.0000	0.0000	0.0000	0.0001	0.0002	0.0000	0.0007	0.0010	0.0000	0.0000	0.0000	0.0000	0.0000	0.0000	-0.0000	5.0149	0.0000	7.0912	3.0000	0.0000	0.0000	0.0000	0.0000	0.0000	0.0000	0.0000	0.0000	0.0000	0.0000	0.0000	0.0000	0.0000	0.0000	0.0000	0.0000	0.0000	0.0000	0.0000	0.0000	0.0000	0.0000	0.0000	0.0000	0.0000	0.0000	0.0000	0.0733	0.0426	0.0307	0.0136	0.0102	0.0035	0.0597	0.0324	0.0273	0.0000	0.0000	0.0000	0.0000	0.0000	0.0000	0.0000	0.0000	0.0000	0.0001	0.0002	0.0000	0.0007	0.0010	0.0000	0.0000	0.0000	0.0000						
11	31	0.0998	5	0	0	1	1	0	0	0	0	N	N	N	N	N	N	N	N	N	N	N	N	0.0044	0.0020	0.0000	0.0125	0.0097	0.0000	0.0000	0.0000	0.0000	0.0007	0.0008	0.0000	0.0149	0.0152	0.0000	0.0000	0.0000	0.0000	0.1616	0.4262	0.0000	1.1873	1.5640	0.0000	0.1298	0.2335	0.0000	0.0000	0.0000	-0.0000	-0.0094	5.0149	0.9783	7.0912	3.0423	0.0000	0.0000	0.0000	0.0000	0.0000	0.0000	0.0000	0.0000	0.0000	0.0174	0.0174	0.0000	0.0052	0.0052	0.0000	0.0122	0.0122	0.0000	0.0685	0.0583	0.0102	0.0033	0.0032	0.0001	0.0652	0.0551	0.0101	0.1163	0.0708	0.0455	0.0225	0.0186	0.0038	0.0939	0.0522	0.0417	0.0048	0.0034	0.0000	0.0636	0.0541	0.0000	0.0000	0.0000	0.0000	0.1498	0.2461	0.0000	0.2334	0.2813	0.0000	0.1298	0.2335	0.0000
11	32	0.1134	4	0	1	1	0	0	0	0	0	N	N	N	N	N	N	N	N	N	N	N	N	26317.9602	17887.3444	2.2916	1.9479	inf	inf	2.2656	2.6521	0.0000	0.0023	0.0024	0.0000	2.3345	2.7414	0.0000	0.0001	0.0001	0.0000	0.0010	0.0013	0.0000	0.0000	0.0000	0.0000	0.0000	0.0000	-0.4613	-0.0000	5.0149	6.9988	7.0912	9.0016	0.9991	0.9991	0.0000	0.0000	0.0000	0.0000	0.9991	0.9991	0.0000	0.0000	0.0000	0.0000	0.0000	0.0000	0.0000	0.0000	0.0000	0.0000	0.4410	0.3767	0.0643	0.0130	0.0123	0.0008	0.4279	0.3644	0.0635	0.3485	0.2023	0.1462	0.0299	0.0239	0.0059	0.3186	0.1784	0.1402	26317.9602	17887.3444	0.0000	2.2916	1.9479	0.0000	inf	inf	0.0000	0.0001	0.0001	0.0000	0.0010	0.0013	0.0000	0.0000	0.0000	0.0000			
11	33	0.2143	9	1	1	1	0	0	0	0	0	N	N	N	N	N	N	N	N	N	N	N	N	0.0000	0.0000	0.0000	0.0000	0.0000	0.0000	0.0000	0.0000	0.0000	0.0000	0.0000	0.0000	0.0000	0.0000	0.0000	0.0000	0.0000	0.0000	0.0000	0.0000	5.0149	0.0000	7.0912	0.0000	0.0000	0.0000	0.0000	0.0000	0.0000	0.0000	0.0000	0.0000	0.0000	0.0000	0.0000	0.0000	0.0000	0.0000	0.0000	0.0000	0.0000	0.0000	0.0000	0.0000	0.0000	0.0000	0.0000	0.0000	0.0000	0.0000	0.0000	0.0000	0.0000	0.0000	0.0000	0.0000	0.0000	0.0000	0.0000	0.0000	0.0000	0.0000	0.0000	0.0000	0.0000	0.0000	0.0000	0.0000	0.0000	0.0000	0.0000	0.0000	0.0000	0.0000	0.0000	0.0000	0.0000	0.0000											
11	34	0.0824	4	0	1	1	1	0	0	0	0	N	N	N	N	N	N	N	N	N	N	N	N	0.0000	0.0000	0.0000	0.0000	0.0000	0.0000	0.0000	0.0000	0.0000	0.0000	0.0000	0.0000	0.0000	0.0395	0.0692	0.0000	12.4248	12.9667	0.0000	0.0000	0.0000	0.0000	0.0000	0.0000	-0.0060	5.0149	5.0000	7.0912	6.9850	0.0000	0.0000	0.0000	0.0000	0.0000	0.0000	0.0000	0.0000	0.0000	0.0111	0.0111	0.0000	0.0111	0.0111	0.0000	0.0000	0.0000	0.0000	0.3191	0.2721	0.0470	0.0072	0.0068	0.0004	0.3118	0.2652	0.0466	0.2804	0.1599	0.1205	0.0099	0.0095	0.0004	0.2705	0.1504	0.1201	0.0000	0.0000	0.0000	0.0000	0.0000	0.0000	0.0000	0.0000	0.0000	0.0395	0.0692	0.0000	1.1175	1.1641	0.0000	0.0000	0.0000	0.0000						
11	35	0.1134	4	1	1	1	0	0	0	0	0	N	N	N	N	N	N	N	N	N	N	N	N	0.0000	0.0000	0.0000	0.0000	0.0000	0.0000	0.0000	0.0000	0.0000	0.0000	0.0000	0.0000	0.0000	0.0003	0.0005	0.0000	0.0033	0.0041	0.0000	0.0000	0.0000	0.0000	0.0000	0.0000	-0.0001	5.0149	1.9985	7.0912	17.9985	0.0000	0.0000	0.0000	0.0000	0.0000	0.0000	0.0000	0.0000	0.0000	0.0001	0.0001	0.0000	0.0001	0.0001	0.0000	0.0000	0.0000	0.0000	0.1322	0.1126	0.0196	0.0040	0.0037	0.0002	0.1282	0.1089	0.0194	0.4228	0.2458	0.1769	0.0364	0.0291	0.0073	0.3863	0.2167	0.1696	0.0000	0.0000	0.0000	0.0000	0.0000	0.0000	0.0000	0.0000	0.0000	0.0003	0.0005	0.0000	0.0033	0.0041	0.0000	0.0000	0.0000	0.0000						
11	36	0.1492	5	0	0	2	0	0	0	0	0	N	N	Y	N	N	N	N	N	N	N	N	N	0.8426	0.6000	0.0000	0.0083	0.0076	3.3302	2.2762	0.0000	0.0086	0.0098	0.0000	0.0003	0.0003	0.0000	0.0135	0.0161	0.0000	0.0103	0.0163	0.0000	0.0378	0.0427	0.0000	0.0040	0.0071	0.0000	0.0000	0.0000	-0.0000	-0.0002	5.0149	0.0001	7.0912	0.9943	0.0000	0.0000	0.0000	0.0000	0.0000	0.0000	0.0000	0.0000	0.0000	0.0003	0.0003	0.0000	0.0002	0.0002	0.0000	0.0001	0.0001	0.0000	0.0000	0.0000	0.0000	0.0000	0.0000	0.0000	0.0000	0.0000	0.0000	0.0302	0.0190	0.0112	0.0055	0.0049	0.0006	0.0246	0.0140	0.0106	0.8426	0.6000	0.0000	0.0083	0.0076	0.0000	3.3302	2.2762	0.0000	0.0103	0.0163	0.0000	0.0378	0.0427	0.0000	0.0040	0.0071	0.0000	
11	37	0.1254	5	0	1	1	0	0	0	0	0	N	N	N	N	N	N	N	N	N	N	N	N	0.0000	0.0000	0.0000	0.0000	0.0000	0.0000	0.0000	0.0000	0.0000	0.0000	0.0000	0.0000	0.0000	0.0001	0.0002	0.0000	0.0007	0.0008	0.0000	0.0000	0.0000	0.0000	0.0000	0.0000	-0.0000	5.0149	2.0000	7.0912	2.0000	0.0000	0.0000	0.0000	0.0000	0.0000	0.0000	0.0000	0.0000	0.0000	0.0000	0.0000	0.0000	0.0000	0.0000	0.0000	0.0000	0.0000	0.0000	0.1319	0.1123	0.0196	0.0039	0.0037	0.0003	0.1279	0.1086	0.0193	0.1010	0.0594	0.0416	0.0148	0.0122	0.0026	0.0863	0.0472	0.0391	0.0000	0.0000	0.0000	0.0000	0.0000	0.0000	0.0000	0.0000	0.0000	0.0001	0.0002	0.0000	0.0007	0.0008	0.0000	0.0000	0.0000	0.0000						
11	38	0.1720	6	1	0	2	0	0	0	0	0	N	N	Y	N	N	N	N	N	N	N	N	N	inf	inf	inf	inf	0.0004	0.0004	0.0000	0.0053	0.0056	0.0000	0.0000	0.0000	0.0000	0.0000	0.0000	0.0000	0.0000	0.0000	0.0000	0.0000	0.0000	0.0000	0.0000	-0.0000	0.0000	5.0149	2.0000	7.0912	5.0000	0.0001	0.0001	0.0000	0.0001	0.0001	0.0000	0.0000	0.0000	0.0000	0.0000	0.0000	0.0000	0.0000	0.0000	0.0000	0.0000	0.0000	0.0000	0.1307	0.1117	0.0190	0.0095	0.0089	0.0005	0.1212	0.1027	0.0185	0.1629	0.0991	0.0638	0.0254	0.0193	0.0061	0.1375	0.0798	0.0577	inf	inf	0.0000	inf	inf	0.0000	0.0000	0.0000	0.0000	0.0000	0.0000	0.0000	0.0000	0.0000	0.0000	0.0000	0.0000	0.0000						
11	39	0.0998	5	0	1	1	0	0	0	0	0	N	N	N	N	N	N	N	N	N	N	N	N	0.0019	0.0000	87.7302	0.0000	0.0000	0.0000	0.0037	0.0000	212.7878	0.0002	0.0000	0.0015	0.0000	0.0000	0.0000	0.0003	0.0000	0.0015	0.1098	0.2483	0.0000	0.8543	1.3576	0.0001	0.0894	0.1614	0.0000	inf	0.0001	0.0000	-0.0098	5.0149	0.0217	7.0912	6.0735	0.0000	0.0000	0.0000	0.0000	0.0000	0.0000	0.0000	0.0000	0.0000	0.0181	0.0181	0.0000	0.0059	0.0059	0.0000	0.0122	0.0122	0.0000	0.0052	0.0045	0.0007	0.0019	0.0019	0.0000	0.0033	0.0026	0.0007	0.1651	0.0989	0.0663	0.0288	0.0234	0.0054	0.1364	0.0755	0.0609	0.0019	0.0000	87.7302	0.0000	0.0000	0.0000	0.0037	0.0000	212.7878	0.1098	0.1834	0.0000	0.2066	0.2542	0.0001	0.0894	0.1614	0.0000
11	40	0.0824	4	0	0	1	0	0	0	0	0	N	N	N	N	N	N	N	N	N	N	N	N	0.0001	0.0001	0.0000	0.2040	0.2193	0.0000	0.0000	0.0000	0.0000	0.0007	0.0009	0.0000	0.0338	0.0357	0.0000	0.0000	0.0000	0.0000	9.5541	16.6055	0.1067	0.1658	0.1630	0.0193	9.9894	17.9331	0.0973	0.0000	0.0042	-0.0000	-0.5275	5.0149	0.0217	7.0912	4.0395	0.0000	0.0000	0.0000	0.0000	0.0000	0.0000	0.0000	0.0000	0.0000	0.9846	0.9805	0.0041	0.0005	0.0005	0.0000	0.9842	0.9800	0.0041	0.0015	0.0012	0.0002	0.0000	0.0000	0.0000	0.0014	0.0012	0.0002	0.1031	0.0590	0.0440	0.0045	0.0044	0.0001	0.0985	0.0546	0.0439	0.0001	0.0001	0.0000	0.3145	0.3236	0.0000	0.0000	0.0000	0.0000	9.5541	16.6055	0.0937	0.1076	0.1104	0.0193	9.9894	17.9331	0.0940
11	41	0.0824	4	0	1	1	1	0	0	0	0	N	N	N	N	N	N	N	N	N	N	N	N	0.0000	0.0000	0.0000	0.0000	0.0000	0.0000	0.0000	0.0000	0.0000	0.0000	0.0000	0.0000	0.0000	0.0000	0.0000	0.0000	0.0000	0.0000	6.3969	10.6916	1.5208	23.1245	21.6571	1.5201	6.4569	10.8395	1.5636	0.0728	0.0000	-0.5089	5.0149	0.0000	7.0912	7.0150	0.0000	0.0000	0.0000	0.0000	0.0000	0.0000	0.0000	0.0000	0.0000	1.0780	1.0048	0.0732	0.0114	0.0111	0.0003	1.0665	0.9937	0.0728	0.0000	0.0000	0.0000	0.0000	0.0000	0.0000	0.0000	0.0000	0.0000	0.1718	0.0980	0.0737	0.0066	0.0064	0.0002	0.1652	0.0917	0.0735	0.0000	0.0000	0.0000	0.0000	0.0000	0.0000	0.0000	0.0000	0.0000	6.2750	10.2486	0.9920	1.7295	1.7442	1.3381	6.4569	10.8395	0.9908	
11	42	0.1720	6	1	0	2	0	0	0	0	0	N	N	Y	N	N	N	N	N	N	N	N	N	0.0000	0.0000	0.0000	0.0000	0.0000	0.0000	0.0000	0.0000	0.0000	0.0000	0.0000	0.0000	0.0000	0.0000	0.0000	0.0000	0.0000	0.0000	0.0000	0.0000	5.0149	0.0000	7.0912	0.0000	0.0000	0.0000	0.0000	0.0000	0.0000	0.0000	0.0000	0.0000	0.0000	0.0000	0.0000	0.0000	0.0000	0.0000	0.0000	0.0000	0.0000	0.0000	0.0000	0.0000	0.0000	0.0000	0.0000	0.0000	0.0000	0.0000	0.0000	0.0000	0.0000	0.0000	0.0000	0.0000	0.0000	0.0000	0.0000	0.0000	0.0000	0.0000	0.0000	0.0000	0.0000	0.0000	0.0000	0.0000	0.0000	0.0000	0.0000	0.0000	0.0000	0.0000	0.0000	0.0000	0.0000	0.0000											
11	43	0.1552	5	1	0	2	0	0	0	0	0	N	N	Y	N	N	N	N	N	N	N	N	N	0.0000	0.0000	0.0000	0.0000	0.0000	0.0000	0.0000	0.0000	0.0000	0.0000	0.0000	0.0000	0.0000	0.0000	0.0000	12.1075	19.1681	0.0000	0.0303	0.0379	0.0000	13.1025	22.5738	0.0000	0.0000	0.0000	-0.5789	5.0149	1.0000	7.0912	3.0000	0.0000	0.0000	0.0000	0.0000	0.0000	0.0000	0.0000	0.0000	0.0000	1.0721	1.0721	0.0000	0.0003	0.0003	0.0000	1.0718	1.0718	0.0000	0.0660	0.0564	0.0097	0.0045	0.0042	0.0003	0.0615	0.0521	0.0094	0.0924	0.0559	0.0364	0.0106	0.0085	0.0021	0.0818	0.0475	0.0343	0.0000	0.0000	0.0000	0.0000	0.0000	0.0000	0.0000	0.0000	0.0000	11.6070	19.1681	0.0000	0.0303	0.0379	0.0000	13.1025	22.5738	0.0000				
11	44	0.1552	5	1	0	2	0	0	0	0	0	N	N	Y	N	N	N	N	N	N	N	N	N	0.0000	0.0000	0.0000	0.0000	0.0000	0.0000	0.0000	0.0000	0.0000	0.0000	0.0000	0.0000	0.0000	0.0000	0.0000	1.3952	2.7638	0.0000	12.0286	16.6472	0.0000	0.8902	1.5337	0.0000	0.0000	0.0000	-0.0454	5.0149	1.0000	7.0912	3.0000	0.0000	0.0000	0.0000	0.0000	0.0000	0.0000	0.0000	0.0000	0.0000	0.0841	0.0841	0.0000	0.0113	0.0113	0.0000	0.0728	0.0728	0.0000	0.0660	0.0564	0.0097	0.0045	0.0042	0.0003	0.0615	0.0521	0.0094	0.0924	0.0559	0.0364	0.0106	0.0085	0.0021	0.0818	0.0475	0.0343	0.0000	0.0000	0.0000	0.0000	0.0000	0.0000	0.0000	0.0000	0.0000	0.9106	1.5038	0.0000	1.0684	1.3357	0.0000	0.8902	1.5337	0.0000				
11	45	0.1254	5	0	0	2	0	0	0	0	0	N	N	Y	N	N	N	N	N	N	N	N	N	0.0000	0.0000	0.0000	0.0000	0.0000	0.0000	0.0000	0.0000	0.0000	0.0000	0.0000	0.0000	0.0000	0.0000	0.0000	0.0000	0.0000	0.0000	0.0000	0.0000	5.0149	0.0000	7.0912	0.0000	0.0000	0.0000	0.0000	0.0000	0.0000	0.0000	0.0000	0.0000	0.0000	0.0000	0.0000	0.0000	0.0000	0.0000	0.0000	0.0000	0.0000	0.0000	0.0000	0.0000	0.0000	0.0000	0.0000	0.0000	0.0000	0.0000	0.0000	0.0000	0.0000	0.0000	0.0000	0.0000	0.0000	0.0000	0.0000	0.0000	0.0000	0.0000	0.0000	0.0000	0.0000	0.0000	0.0000	0.0000	0.0000	0.0000	0.0000	0.0000	0.0000	0.0000	0.0000	0.0000	0.0000	0.0000											
11	46	0.0824	4	0	0	1	0	0	0	0	0	N	N	N	N	N	N	N	N	N	N	N	N	0.0000	0.0000	0.0000	0.0000	0.0000	0.0000	0.0000	0.0000	0.0000	0.0000	0.0000	0.0000	0.0000	0.0329	0.0576	0.0000	9.9200	10.7729	0.0000	0.0000	0.0000	0.0000	0.0000	0.0000	-0.0042	5.0149	4.0000	7.0912	5.9850	0.0000	0.0000	0.0000	0.0000	0.0000	0.0000	0.0000	0.0000	0.0000	0.0078	0.0078	0.0000	0.0078	0.0078	0.0000	0.0000	0.0000	0.0000	0.2576	0.2196	0.0381	0.0058	0.0055	0.0003	0.2518	0.2141	0.0378	0.2377	0.1356	0.1021	0.0086	0.0083	0.0003	0.2291	0.1273	0.1018	0.0000	0.0000	0.0000	0.0000	0.0000	0.0000	0.0000	0.0000	0.0000	0.0329	0.0576	0.0000	0.9074	0.9441	0.0000	0.0000	0.0000	0.0000						
11	47	0.1534	6	0	1	1	0	0	0	0	0	N	N	N	N	N	N	N	N	N	N	N	N	0.0000	0.0000	0.0000	0.0000	0.0000	0.0000	0.0000	0.0000	0.0000	0.0000	0.0000	0.0000	0.0000	0.0000	0.0000	0.0000	0.0000	0.0000	0.0000	0.0000	5.0149	0.0000	7.0912	0.0000	0.0000	0.0000	0.0000	0.0000	0.0000	0.0000	0.0000	0.0000	0.0000	0.0000	0.0000	0.0000	0.0000	0.0000	0.0000	0.0000	0.0000	0.0000	0.0000	0.0000	0.0000	0.0000	0.0000	0.0000	0.0000	0.0000	0.0000	0.0000	0.0000	0.0000	0.0000	0.0000	0.0000	0.0000	0.0000	0.0000	0.0000	0.0000	0.0000	0.0000	0.0000	0.0000	0.0000	0.0000	0.0000	0.0000	0.0000	0.0000	0.0000	0.0000	0.0000	0.0000	0.0000	0.0000											
11	48	0.1878	7	1	1	2	0	0	0	0	0	N	N	Y	N	N	N	N	N	N	N	N	N	0.0000	0.0000	0.0000	0.0000	0.0000	0.0000	0.0000	0.0000	0.0000	0.0000	0.0000	0.0000	0.0000	0.0000	0.0000	0.0000	0.0000	0.0000	0.0031	0.0051	0.0000	0.0169	0.0203	0.0002	0.0000	0.0000	0.0000	0.0020	0.0000	-0.0001	5.0149	0.0000	7.0912	2.0152	0.0000	0.0000	0.0000	0.0000	0.0000	0.0000	0.0000	0.0000	0.0000	0.0002	0.0002	0.0000	0.0002	0.0002	0.0000	0.0000	0.0000	0.0000	0.0000	0.0000	0.0000	0.0000	0.0000	0.0000	0.0000	0.0000	0.0000	0.0512	0.0311	0.0200	0.0095	0.0078	0.0016	0.0417	0.0233	0.0184	0.0000	0.0000	0.0000	0.0000	0.0000	0.0000	0.0000	0.0000	0.0000	0.0031	0.0051	0.0000	0.0169	0.0203	0.0002	0.0000	0.0000	0.0000	
11	49	0.1835	6	1	0	2	0	0	0	0	0	N	N	Y	N	N	N	N	N	N	N	N	N	0.0000	0.0000	0.0000	0.0000	0.0000	0.0000	0.0000	0.0000	0.0000	0.0000	0.0000	0.0000	0.0000	0.0000	0.0000	0.0000	0.0000	0.0004	0.0007	0.0000	0.0002	0.0002	0.0003	0.0005	0.0008	0.0000	0.0235	0.0000	-0.0000	5.0149	0.0003	7.0912	1.0311	0.0000	0.0000	0.0000	0.0000	0.0000	0.0000	0.0000	0.0000	0.0000	0.0000	0.0000	0.0000	0.0000	0.0000	0.0000	0.0000	0.0000	0.0000	0.0001	0.0001	0.0000	0.0000	0.0000	0.0000	0.0001	0.0000	0.0000	0.0265	0.0163	0.0102	0.0048	0.0041	0.0008	0.0217	0.0122	0.0095	0.0000	0.0000	0.0000	0.0000	0.0000	0.0000	0.0000	0.0000	0.0000	0.0004	0.0007	0.0000	0.0002	0.0002	0.0003	0.0005	0.0008	0.0000		
11	50	0.1835	6	1	1	2	0	0	0	0	0	N	N	Y	N	N	N	N	N	N	N	N	N	0.0000	0.0000	0.0000	0.0000	0.0000	0.0000	0.0000	0.0000	0.0000	0.0000	0.0000	0.0000	0.0000	0.0000	0.0000	0.0000	0.0001	0.0000	0.0003	0.0000	0.0000	0.0000	inf	0.0000	0.0000	5.0149	0.0003	7.0912	1.0126	0.0000	0.0000	0.0000	0.0000	0.0000	0.0000	0.0000	0.0000	0.0000	0.0000	0.0000	0.0000	0.0000	0.0000	0.0000	0.0000	0.0000	0.0000	0.0001	0.0001	0.0000	0.0000	0.0000	0.0000	0.0001	0.0000	0.0000	0.0261	0.0160	0.0101	0.0048	0.0040	0.0008	0.0213	0.0120	0.0093	0.0000	0.0000	0.0000	0.0000	0.0000	0.0000	0.0000	0.0000	0.0000	0.0000	0.0000	0.0000	0.0001	0.0000	0.0003	0.0000	0.0000	0.0000						
11	51	0.2127	5	1	1	1	0	0	0	0	0	N	N	N	N	N	N	N	N	N	N	N	N	0.0000	0.0000	0.0000	0.0000	0.0000	0.0000	0.0000	0.0000	0.0000	0.0000	0.0000	0.0000	0.0000	0.0000	0.0000	0.0000	0.0000	0.0000	0.0000	0.0000	5.0149	0.0000	7.0912	1.0000	0.0000	0.0000	0.0000	0.0000	0.0000	0.0000	0.0000	0.0000	0.0000	0.0000	0.0000	0.0000	0.0000	0.0000	0.0000	0.0000	0.0000	0.0000	0.0000	0.0000	0.0000	0.0000	0.0000	0.0000	0.0000	0.0000	0.0000	0.0249	0.0154	0.0095	0.0065	0.0052	0.0013	0.0184	0.0102	0.0082	0.0000	0.0000	0.0000	0.0000	0.0000	0.0000	0.0000	0.0000	0.0000	0.0000	0.0000	0.0000	0.0000	0.0000	0.0000	0.0000	0.0000	0.0000											
11	52	0.1214	6	0	1	1	1	0	0	0	0	N	N	N	N	N	N	N	N	N	N	N	N	0.0000	0.0000	0.0000	0.0000	0.0000	0.0000	0.0000	0.0000	0.0000	0.0000	0.0000	0.0000	0.0000	0.0000	0.0000	0.0000	0.0000	0.0000	0.0002	0.0002	0.0000	0.0008	0.0008	0.0001	0.0000	0.0000	0.0000	0.0072	0.0000	-0.0000	5.0149	0.9995	7.0912	1.0399	0.0000	0.0000	0.0000	0.0000	0.0000	0.0000	0.0000	0.0000	0.0000	0.0000	0.0000	0.0000	0.0000	0.0000	0.0000	0.0000	0.0000	0.0000	0.0666	0.0567	0.0100	0.0018	0.0017	0.0001	0.0648	0.0550	0.0098	0.0702	0.0469	0.0233	0.0134	0.0129	0.0004	0.0568	0.0339	0.0229	0.0000	0.0000	0.0000	0.0000	0.0000	0.0000	0.0000	0.0000	0.0000	0.0002	0.0002	0.0000	0.0008	0.0008	0.0001	0.0000	0.0000	0.0000	
11	53	0.1214	6	0	0	1	1	0	0	0	0	N	N	N	N	N	N	N	N	N	N	N	N	0.0000	0.0000	0.0000	0.0000	0.0000	0.0000	0.0000	0.0000	0.0000	0.0000	0.0000	0.0000	0.0000	0.0000	0.0000	0.0000	0.0000	0.0001	0.0001	0.0000	0.0006	0.0007	0.0000	0.0000	0.0000	0.0000	0.0002	0.0000	-0.0000	5.0149	3.0005	7.0912	1.0125	0.0000	0.0000	0.0000	0.0000	0.0000	0.0000	0.0000	0.0000	0.0000	0.0000	0.0000	0.0000	0.0000	0.0000	0.0000	0.0000	0.0000	0.0000	0.1961	0.1670	0.0291	0.0054	0.0050	0.0004	0.1907	0.1620	0.0287	0.1182	0.0745	0.0437	0.0170	0.0162	0.0008	0.1012	0.0583	0.0429	0.0000	0.0000	0.0000	0.0000	0.0000	0.0000	0.0000	0.0000	0.0000	0.0001	0.0001	0.0000	0.0006	0.0007	0.0000	0.0000	0.0000	0.0000		
11	54	0.1132	5	0	0	1	1	0	0	0	0	N	N	N	N	N	N	N	N	N	N	N	N	0.0000	0.0000	0.0000	0.0000	0.0000	0.0000	0.0000	0.0000	0.0000	0.0000	0.0000	0.0000	0.0000	0.0000	0.0000	0.0000	0.0000	0.0010	0.0018	0.0000	0.0178	0.0188	0.0000	0.0002	0.0004	0.0000	0.0000	0.0000	-0.0000	5.0149	0.0013	7.0912	1.9704	0.0000	0.0000	0.0000	0.0000	0.0000	0.0000	0.0000	0.0000	0.0000	0.0000	0.0000	0.0000	0.0000	0.0000	0.0000	0.0000	0.0000	0.0000	0.0001	0.0001	0.0000	0.0000	0.0000	0.0000	0.0001	0.0001	0.0000	0.0496	0.0282	0.0214	0.0022	0.0021	0.0001	0.0474	0.0261	0.0212	0.0000	0.0000	0.0000	0.0000	0.0000	0.0000	0.0000	0.0000	0.0000	0.0010	0.0018	0.0000	0.0178	0.0188	0.0000	0.0002	0.0004	0.0000		
11	55	0.0824	4	0	0	1	1	0	0	0	0	N	N	N	N	N	N	N	N	N	N	N	N	1406.8642	680529.2179	0.0000	433.3067	23738.9051	0.0000	1475.2615	inf	0.0000	0.0881	0.1034	0.0000	0.0526	0.0555	0.0000	0.0889	0.1046	0.0000	0.0001	0.0000	0.0001	0.0001	0.0000	0.0033	0.0001	0.0000	0.0001	0.0000	720.8232	-0.0079	0.0000	5.0149	3.0000	7.0912	4.0155	0.0172	0.0172	0.0000	0.0002	0.0002	0.0000	0.0169	0.0169	0.0000	0.0000	0.0000	0.0000	0.0000	0.0000	0.0000	0.0000	0.0000	0.0000	0.1951	0.1661	0.0289	0.0044	0.0041	0.0002	0.1907	0.1620	0.0287	0.1718	0.0981	0.0737	0.0066	0.0064	0.0002	0.1652	0.0917	0.0735	1406.8642	680529.2179	0.0000	433.3067	23738.9051	0.0000	1475.2615	inf	0.0000	0.0001	0.0000	0.0001	0.0001	0.0000	0.0033	0.0001	0.0000	0.0001
11	56	0.1741	7	0	1	2	0	0	0	0	0	N	N	Y	N	N	N	N	N	N	N	N	N	150.8411	117.3278	0.0000	0.0031	0.0027	0.0000	223175.1041	20440867.3909	0.0000	7.5919	8.8849	0.0000	0.0033	0.0035	0.0000	8.1630	9.6292	0.0000	0.0503	0.0757	0.0004	1.0491	1.2571	0.0045	0.0000	0.0000	0.0001	0.0000	0.0028	-0.4610	-0.0059	5.0149	2.0013	7.0912	5.6727	0.9985	0.9985	0.0000	0.0000	0.0000	0.0000	0.9985	0.9985	0.0000	0.0111	0.0110	0.0000	0.0110	0.0110	0.0000	0.0000	0.0000	0.0000	0.1315	0.1124	0.0191	0.0092	0.0087	0.0005	0.1223	0.1037	0.0186	0.2197	0.1456	0.0741	0.0503	0.0447	0.0056	0.1694	0.1008	0.0685	150.8411	117.3278	0.0000	0.0148	0.0140	0.0000	223175.1041	20440867.3909	0.0000	0.0503	0.0757	0.0004	0.2197	0.2464	0.0045	0.0000	0.0000	0.0001
11	57	0.1704	6	0	1	1	0	0	0	0	0	N	N	N	N	N	N	N	N	N	N	N	N	572.7426	564.8057	0.0000	22.9128	22.9837	0.0000	2063.5833	3095.1753	0.0000	2.0497	2.3309	0.0000	0.1810	0.1840	0.0000	2.4677	2.8832	0.0000	0.0036	0.0041	0.0019	0.0079	0.0080	0.0053	0.0012	0.0009	0.0017	0.0000	0.1459	-0.0003	-0.0001	5.0149	0.0033	7.0912	1.3874	0.0006	0.0006	0.0000	0.0000	0.0000	0.0000	0.0006	0.0006	0.0000	0.0003	0.0002	0.0000	0.0002	0.0002	0.0000	0.0001	0.0000	0.0000	0.0003	0.0003	0.0000	0.0001	0.0001	0.0000	0.0002	0.0002	0.0000	0.0791	0.0599	0.0193	0.0281	0.0271	0.0011	0.0510	0.0328	0.0182	572.7426	564.8057	0.0000	22.9128	22.9837	0.0000	2063.5833	3095.1753	0.0000	0.0036	0.0041	0.0019	0.0079	0.0080	0.0053	0.0012	0.0009	0.0017
11	58	0.1552	5	1	0	2	0	0	0	0	0	N	N	Y	N	N	N	N	N	N	N	N	N	0.0000	0.0000	0.0000	0.0000	0.0000	0.0000	0.0000	0.0000	0.0000	0.0000	0.0000	0.0000	0.0000	21.3116	0.0000	124.9669	0.0000	0.0000	0.0000	24.0527	0.0000	124.9685	inf	0.0000	0.4596	5.0149	0.0000	7.0912	2.0000	0.0000	0.0000	0.0000	0.0000	0.0000	0.0000	0.0000	0.0000	0.0000	0.9990	0.0000	0.9990	0.0000	0.0000	0.0000	0.9990	0.0000	0.9990	0.0000	0.0000	0.0000	0.0000	0.0000	0.0000	0.0000	0.0000	0.0000	0.0469	0.0284	0.0185	0.0053	0.0043	0.0011	0.0415	0.0241	0.0174	0.0000	0.0000	0.0000	0.0000	0.0000	0.0000	0.0000	0.0000	0.0000	21.3116	0.0000	54.0138	0.0000	0.0000	0.0000	24.0527	0.0000	57.3190						
11	59	0.1704	6	0	1	1	0	0	0	0	0	N	N	N	N	N	N	N	N	N	N	N	N	0.0001	0.3091	0.0000	0.1278	1.3187	0.0000	0.0000	0.0000	0.0000	0.0001	0.0001	0.0000	0.0011	0.0012	0.0000	0.0000	0.0000	0.0000	0.7116	0.0003	1.7807	0.0087	0.0009	0.0813	0.5675	0.0000	1.8137	0.0000	2217.7228	-0.0000	0.0336	5.0149	1.9997	7.0912	3.4660	0.0000	0.0000	0.0000	0.0000	0.0000	0.0000	0.0000	0.0000	0.0000	0.0730	0.0000	0.0730	0.0004	0.0000	0.0003	0.0727	0.0000	0.0727	0.1309	0.1118	0.0191	0.0089	0.0084	0.0005	0.1219	0.1034	0.0185	0.1686	0.1139	0.0547	0.0405	0.0366	0.0040	0.1281	0.0773	0.0508	0.0002	0.3091	0.0000	0.1278	1.3187	0.0000	0.0000	0.0000	0.0000	0.4331	0.0003	1.3336	0.0087	0.0009	0.0813	0.5675	0.0000	1.4312
11	60	0.1552	5	0	1	1	0	0	0	0	0	N	N	N	N	N	N	N	N	N	N	N	N	135.1309	548.4061	0.0000	0.0000	0.0000	0.0000	145.4298	1431.1146	0.0000	0.2998	0.3513	0.0000	0.0000	0.0000	0.0000	0.3217	0.3798	0.0000	0.0022	0.0006	0.0046	0.0023	0.0027	0.0004	0.0022	0.0003	0.0049	0.0000	4.7193	-0.0000	0.0001	5.0149	0.0005	7.0912	3.6054	0.0000	0.0000	0.0000	0.0000	0.0000	0.0000	0.0000	0.0000	0.0000	0.0002	0.0000	0.0002	0.0000	0.0000	0.0000	0.0002	0.0000	0.0002	0.0000	0.0000	0.0000	0.0000	0.0000	0.0000	0.0000	0.0000	0.0000	0.0835	0.0506	0.0329	0.0095	0.0076	0.0019	0.0740	0.0429	0.0310	135.1309	548.4061	0.0000	0.0000	0.0000	0.0000	145.4298	1431.1146	0.0000	0.0022	0.0006	0.0046	0.0023	0.0027	0.0004	0.0022	0.0003	0.0049
11	61	0.1534	6	0	0	2	0	0	0	0	0	N	N	Y	N	N	N	N	N	N	N	N	N	0.0000	0.0000	0.0000	0.0000	0.0000	0.0000	0.0000	0.0000	0.0000	0.0000	0.0000	0.0000	0.0000	0.0000	0.0000	0.0000	0.0000	0.0000	0.0000	0.0000	5.0149	0.0000	7.0912	1.0000	0.0000	0.0000	0.0000	0.0000	0.0000	0.0000	0.0000	0.0000	0.0000	0.0000	0.0000	0.0000	0.0000	0.0000	0.0000	0.0000	0.0000	0.0000	0.0000	0.0000	0.0000	0.0000	0.0000	0.0000	0.0000	0.0000	0.0000	0.0240	0.0138	0.0102	0.0025	0.0019	0.0006	0.0215	0.0119	0.0096	0.0000	0.0000	0.0000	0.0000	0.0000	0.0000	0.0000	0.0000	0.0000	0.0000	0.0000	0.0000	0.0000	0.0000	0.0000	0.0000	0.0000	0.0000											
11	62	0.1492	5	0	0	1	0	0	0	0	0	N	N	N	N	N	N	N	N	N	N	N	N	0.8784	0.6255	0.0000	0.0088	0.0081	0.0000	3.3688	2.3018	0.0000	0.0086	0.0098	0.0000	0.0003	0.0003	0.0000	0.0135	0.0161	0.0000	0.0098	0.0156	0.0000	0.0359	0.0405	0.0004	0.0040	0.0070	0.0000	0.0000	0.0008	-0.0000	-0.0002	5.0149	0.0001	7.0912	1.0076	0.0000	0.0000	0.0000	0.0000	0.0000	0.0000	0.0000	0.0000	0.0000	0.0003	0.0003	0.0000	0.0002	0.0002	0.0000	0.0001	0.0001	0.0000	0.0000	0.0000	0.0000	0.0000	0.0000	0.0000	0.0000	0.0000	0.0000	0.0305	0.0191	0.0113	0.0056	0.0049	0.0006	0.0249	0.0142	0.0107	0.8784	0.6255	0.0000	0.0088	0.0081	0.0000	3.3688	2.3018	0.0000	0.0098	0.0156	0.0000	0.0359	0.0405	0.0004	0.0040	0.0070	0.0000
11	63	0.0824	4	0	0	1	0	0	0	0	0	N	N	N	N	N	N	N	N	N	N	N	N	0.0084	0.0056	0.0000	0.0047	0.0045	0.0000	0.0080	0.0052	0.0000	0.0248	0.0289	0.0000	0.0500	0.0528	0.0000	0.0242	0.0283	0.0000	2.9466	5.1383	0.0011	10.7274	11.6719	0.0018	3.0026	5.3921	0.0011	0.0000	0.0002	-0.0082	-0.5435	5.0149	11.9999	7.0912	3.0574	0.0178	0.0178	0.0000	0.0008	0.0008	0.0000	0.0170	0.0170	0.0000	1.0070	1.0068	0.0002	0.0114	0.0114	0.0000	0.9955	0.9954	0.0002	0.7186	0.6154	0.1033	0.0168	0.0159	0.0009	0.7018	0.5995	0.1024	0.3434	0.1959	0.1474	0.0118	0.0113	0.0005	0.3316	0.1846	0.1470	0.0084	0.0056	0.0000	0.0517	0.0523	0.0000	0.0080	0.0052	0.0000	2.9324	5.1383	0.0011	0.9669	1.0084	0.0018	3.0026	5.3921	0.0011
11	64	0.1552	5	1	1	1	0	0	0	0	0	N	N	N	N	N	N	N	N	N	N	N	N	0.0000	0.0000	0.0000	0.0000	0.0000	0.0000	0.0000	0.0000	0.0000	0.0000	0.0000	0.0000	0.0000	0.0000	0.0000	0.0000	0.0000	0.0000	0.0000	0.0000	5.0149	4.0000	7.0912	3.0000	0.0000	0.0000	0.0000	0.0000	0.0000	0.0000	0.0000	0.0000	0.0000	0.0000	0.0000	0.0000	0.0000	0.0000	0.0000	0.0000	0.0000	0.0000	0.2568	0.2196	0.0372	0.0175	0.0165	0.0010	0.2394	0.2032	0.0362	0.1581	0.0958	0.0623	0.0182	0.0145	0.0037	0.1399	0.0812	0.0587	0.0000	0.0000	0.0000	0.0000	0.0000	0.0000	0.0000	0.0000	0.0000	0.0000	0.0000	0.0000	0.0000	0.0000	0.0000	0.0000	0.0000	0.0000											
11	65	0.1134	4	0	0	1	0	0	0	0	0	N	N	N	N	N	N	N	N	N	N	N	N	499.5588	340.0270	19.0084	16.1604	inf	inf	0.1298	0.1524	0.0000	0.0579	0.0614	0.0000	0.1320	0.1555	0.0000	0.0003	0.0004	0.0000	0.0030	0.0038	0.0000	0.0000	0.0000	0.0000	0.0000	0.0000	-0.0079	-0.0000	5.0149	2.0015	7.0912	10.0016	0.0172	0.0172	0.0000	0.0002	0.0002	0.0000	0.0169	0.0169	0.0000	0.0001	0.0001	0.0000	0.0001	0.0001	0.0000	0.0000	0.0000	0.0000	0.1324	0.1128	0.0196	0.0040	0.0037	0.0002	0.1284	0.1090	0.0194	0.2695	0.1562	0.1133	0.0230	0.0184	0.0045	0.2465	0.1378	0.1087	499.5588	340.0270	0.0000	19.0084	16.1604	0.0000	inf	inf	0.0000	0.0003	0.0004	0.0000	0.0030	0.0038	0.0000	0.0000	0.0000	0.0000			
11	67	0.2683	6	0	0	1	0	0	0	0	0	N	N	N	N	N	N	N	N	N	N	N	N	1.4720	0.0013	4.9429	0.0106	0.0202	0.0958	1.4654	0.0001	3.6824	2.8073	0.0004	20.5191	0.0072	0.0031	0.0884	3.1756	0.0000	21.3783	1.9072	0.3188	4.1512	0.6794	0.1558	0.9228	2.1671	0.3049	5.8056	7558.0838	8.7959	0.5256	0.3714	5.0149	4.8614	7.0912	14.2102	0.9768	0.0001	0.9767	0.0003	0.0001	0.0002	0.9765	0.0000	0.9765	1.0376	0.1059	0.9316	0.0606	0.0280	0.0325	0.9770	0.0779	0.8991	0.3480	0.3004	0.0476	0.0405	0.0385	0.0019	0.3075	0.2618	0.0457	0.7688	0.5255	0.2433	0.3180	0.2701	0.0479	0.4508	0.2554	0.1954	2.0801	0.0021	5.3584	0.0378	0.0303	0.1303	1.4654	0.0001	4.6457	1.3496	0.2016	3.8293	0.1905	0.1039	0.6788	2.1671	0.3049	4.6017
11	68	0.1891	8	1	1	2	0	0	0	0	0	N	N	Y	N	N	N	N	N	N	N	N	N	0.0000	0.0000	0.0000	0.0000	0.0000	0.0000	0.0000	0.0000	0.0000	0.0000	0.0000	0.0000	0.0000	0.0000	0.0000	0.0000	0.0000	0.0000	0.0000	0.0000	5.0149	0.0000	7.0912	0.0000	0.0000	0.0000	0.0000	0.0000	0.0000	0.0000	0.0000	0.0000	0.0000	0.0000	0.0000	0.0000	0.0000	0.0000	0.0000	0.0000	0.0000	0.0000	0.0000	0.0000	0.0000	0.0000	0.0000	0.0000	0.0000	0.0000	0.0000	0.0000	0.0000	0.0000	0.0000	0.0000	0.0000	0.0000	0.0000	0.0000	0.0000	0.0000	0.0000	0.0000	0.0000	0.0000	0.0000	0.0000	0.0000	0.0000	0.0000	0.0000	0.0000	0.0000	0.0000	0.0000	0.0000	0.0000											
11	69	0.1850	7	1	0	2	0	0	0	0	0	N	N	Y	N	N	N	N	N	N	N	N	N	0.0000	0.0000	0.0000	0.0000	0.0000	0.0000	0.0000	0.0000	0.0000	0.0000	0.0000	0.0000	0.0000	0.0000	0.0000	0.0000	0.0000	0.0000	0.0004	0.0006	0.0000	0.0019	0.0022	0.0000	0.0000	0.0000	0.0000	0.0029	0.0000	-0.0000	5.0149	0.0016	7.0912	0.9826	0.0000	0.0000	0.0000	0.0000	0.0000	0.0000	0.0000	0.0000	0.0000	0.0000	0.0000	0.0000	0.0000	0.0000	0.0000	0.0000	0.0000	0.0000	0.0004	0.0004	0.0000	0.0002	0.0002	0.0000	0.0002	0.0002	0.0000	0.0254	0.0158	0.0096	0.0054	0.0046	0.0008	0.0200	0.0112	0.0088	0.0000	0.0000	0.0000	0.0000	0.0000	0.0000	0.0000	0.0000	0.0000	0.0004	0.0006	0.0000	0.0019	0.0022	0.0000	0.0000	0.0000	0.0000	
11	70	0.1722	6	1	0	2	0	0	0	0	0	N	N	Y	N	N	N	N	N	N	N	N	N	0.0000	0.0000	0.0000	0.0000	0.0000	0.0000	0.0000	0.0000	0.0000	0.0000	0.0000	0.0000	0.0000	0.0000	0.0000	0.0000	0.0000	0.0000	0.0008	0.0012	0.0000	0.0033	0.0038	0.0000	0.0002	0.0003	0.0000	0.0020	0.0000	-0.0000	5.0149	0.0061	7.0912	3.0249	0.0000	0.0000	0.0000	0.0000	0.0000	0.0000	0.0000	0.0000	0.0000	0.0001	0.0001	0.0000	0.0000	0.0000	0.0000	0.0000	0.0000	0.0000	0.0010	0.0009	0.0001	0.0003	0.0003	0.0000	0.0007	0.0006	0.0001	0.0783	0.0490	0.0293	0.0151	0.0130	0.0022	0.0632	0.0361	0.0271	0.0000	0.0000	0.0000	0.0000	0.0000	0.0000	0.0000	0.0000	0.0000	0.0008	0.0012	0.0000	0.0033	0.0038	0.0000	0.0002	0.0003	0.0000	
11	71	0.1552	5	1	0	2	0	0	0	0	0	N	N	Y	N	N	N	N	N	N	N	N	N	0.0000	0.0000	0.0000	0.0000	0.0000	0.0000	0.0000	0.0000	0.0000	0.0000	0.0000	0.0000	0.0000	0.0000	0.0000	0.0003	0.0005	0.0000	0.0001	0.0001	0.0000	0.0004	0.0006	0.0000	0.0000	0.0000	-0.0000	5.0149	0.0044	7.0912	4.0281	0.0000	0.0000	0.0000	0.0000	0.0000	0.0000	0.0000	0.0000	0.0000	0.0000	0.0000	0.0000	0.0000	0.0000	0.0000	0.0000	0.0000	0.0000	0.0003	0.0003	0.0000	0.0000	0.0000	0.0000	0.0003	0.0002	0.0000	0.0931	0.0564	0.0367	0.0107	0.0085	0.0021	0.0824	0.0479	0.0346	0.0000	0.0000	0.0000	0.0000	0.0000	0.0000	0.0000	0.0000	0.0000	0.0003	0.0005	0.0000	0.0001	0.0001	0.0000	0.0004	0.0006	0.0000				
11	72	0.1134	4	0	1	1	0	0	0	0	0	N	N	N	N	N	N	N	N	N	N	N	N	inf	inf	inf	inf	inf	inf	0.0450	0.0527	0.0000	0.0204	0.0217	0.0000	0.0458	0.0538	0.0000	0.0000	0.0000	0.0000	0.0000	0.0000	0.0000	0.0000	0.0000	0.0000	0.0000	-0.0079	0.0000	5.0149	5.9987	7.0912	11.0016	0.0172	0.0172	0.0000	0.0002	0.0002	0.0000	0.0169	0.0169	0.0000	0.0000	0.0000	0.0000	0.0000	0.0000	0.0000	0.0000	0.0000	0.0000	0.3815	0.3257	0.0558	0.0113	0.0106	0.0007	0.3703	0.3151	0.0551	0.3675	0.2135	0.1540	0.0315	0.0253	0.0063	0.3360	0.1882	0.1478	inf	inf	0.0000	inf	inf	0.0000	inf	inf	0.0000	0.0000	0.0000	0.0000	0.0000	0.0000	0.0000	0.0000	0.0000	0.0000				
11	73	0.1552	5	1	0	2	0	0	0	0	0	N	N	Y	N	N	N	N	N	N	N	N	N	0.0000	0.0000	0.0000	0.0000	0.0000	0.0000	0.0000	0.0000	0.0000	0.0000	0.0000	0.0000	0.0000	0.0154	0.0254	0.0000	0.2602	0.4154	0.0000	0.0000	0.0000	0.0000	0.0000	0.0000	-0.0013	5.0149	2.0000	7.0912	5.0000	0.0000	0.0000	0.0000	0.0000	0.0000	0.0000	0.0000	0.0000	0.0000	0.0024	0.0024	0.0000	0.0024	0.0024	0.0000	0.0000	0.0000	0.0000	0.1308	0.1118	0.0191	0.0089	0.0084	0.0005	0.1219	0.1034	0.0185	0.1581	0.0958	0.0623	0.0182	0.0145	0.0037	0.1399	0.0812	0.0587	0.0000	0.0000	0.0000	0.0000	0.0000	0.0000	0.0000	0.0000	0.0000	0.0154	0.0254	0.0000	0.1336	0.1672	0.0000	0.0000	0.0000	0.0000						
11	74	0.1552	6	0	1	1	0	0	0	0	0	N	N	N	N	N	N	N	N	N	N	N	N	0.0180	9.8012	0.0000	0.1913	0.3255	0.0000	0.0188	9324.2705	0.0000	0.0427	0.0499	0.0000	0.0122	0.0127	0.0000	0.0442	0.0520	0.0000	2.3662	0.0051	6.1175	0.0639	0.0391	0.5110	2.3504	0.0000	6.2660	0.0000	704.5465	-0.0079	0.4554	5.0149	6.1274	7.0912	13.6208	0.0172	0.0172	0.0000	0.0002	0.0002	0.0000	0.0169	0.0169	0.0000	0.9929	0.0014	0.9914	0.0025	0.0014	0.0011	0.9904	0.0000	0.9904	0.4024	0.3441	0.0583	0.0189	0.0181	0.0007	0.3835	0.3260	0.0575	0.4602	0.2763	0.1839	0.0388	0.0360	0.0028	0.4214	0.2403	0.1810	0.0198	9.8012	0.0000	0.1913	0.3255	0.0000	0.0188	9324.2705	0.0000	2.1575	0.0051	5.3921	0.0639	0.0391	0.3793	2.3504	0.0000	5.4704
11	75	0.1797	9	0	0	2	0	0	0	0	0	N	N	Y	N	N	N	N	N	N	N	N	N	0.0000	0.0000	0.0000	0.0000	0.0000	0.0000	0.0000	0.0000	0.0000	0.0000	0.0000	0.0000	0.0000	0.0000	0.0000	0.0004	0.0000	0.0010	0.0056	0.0000	0.0502	0.0000	0.0000	0.0000	inf	0.0000	0.0000	5.0149	0.0000	7.0912	1.0003	0.0000	0.0000	0.0000	0.0000	0.0000	0.0000	0.0000	0.0000	0.0000	0.0000	0.0000	0.0000	0.0000	0.0000	0.0000	0.0000	0.0000	0.0000	0.0000	0.0000	0.0000	0.0000	0.0000	0.0000	0.0000	0.0000	0.0000	0.0250	0.0150	0.0100	0.0018	0.0016	0.0002	0.0232	0.0135	0.0098	0.0000	0.0000	0.0000	0.0000	0.0000	0.0000	0.0000	0.0000	0.0000	0.0004	0.0000	0.0010	0.0056	0.0000	0.0502	0.0000	0.0000	0.0000				
11	76	0.1756	8	0	0	2	0	0	0	0	0	N	N	Y	N	N	N	N	N	N	N	N	N	0.0000	0.0000	0.0000	0.0000	0.0000	0.0000	0.0000	0.0000	0.0000	0.0000	0.0000	0.0000	0.0000	0.0000	0.0000	0.0000	0.0000	0.0000	0.0000	0.0000	0.0003	0.0000	0.0000	0.0000	1.4617	0.0000	0.0000	5.0149	0.0000	7.0912	1.0076	0.0000	0.0000	0.0000	0.0000	0.0000	0.0000	0.0000	0.0000	0.0000	0.0000	0.0000	0.0000	0.0000	0.0000	0.0000	0.0000	0.0000	0.0000	0.0000	0.0000	0.0000	0.0000	0.0000	0.0000	0.0000	0.0000	0.0000	0.0250	0.0150	0.0100	0.0015	0.0014	0.0001	0.0235	0.0136	0.0098	0.0000	0.0000	0.0000	0.0000	0.0000	0.0000	0.0000	0.0000	0.0000	0.0000	0.0000	0.0000	0.0000	0.0000	0.0003	0.0000	0.0000	0.0000				
11	77	0.1715	7	0	0	1	0	0	0	0	0	N	N	N	N	N	N	N	N	N	N	N	N	0.0029	0.0000	25.3069	0.0000	0.0000	0.0000	3.8735	0.0000	inf	0.0000	0.0000	0.0000	0.0000	0.0000	0.0000	0.0000	0.0000	0.0000	0.0008	0.0014	0.0000	0.0136	0.0151	0.0001	0.0000	0.0000	0.0000	inf	0.0004	0.0000	-0.0000	5.0149	0.0026	7.0912	0.9924	0.0000	0.0000	0.0000	0.0000	0.0000	0.0000	0.0000	0.0000	0.0000	0.0000	0.0000	0.0000	0.0000	0.0000	0.0000	0.0000	0.0000	0.0000	0.0005	0.0004	0.0001	0.0002	0.0002	0.0000	0.0003	0.0003	0.0001	0.0246	0.0148	0.0099	0.0015	0.0013	0.0001	0.0232	0.0134	0.0097	0.0029	0.0000	25.3069	0.0000	0.0000	0.0000	3.8735	0.0000	inf	0.0008	0.0014	0.0000	0.0136	0.0151	0.0001	0.0000	0.0000	0.0000
11	78	0.1552	6	0	0	1	0	0	0	0	0	N	N	N	N	N	N	N	N	N	N	N	N	0.0013	0.0002	1.1445	0.0001	0.0001	0.0014	0.2479	0.0001	1.3277	0.0001	0.0000	0.0003	0.0002	0.0002	0.0000	0.0000	0.0000	0.0003	0.0428	0.0665	0.0003	1.5060	1.4937	0.0028	0.0002	0.0002	0.0002	4.4745	0.0023	0.0000	-0.0033	5.0149	2.8733	7.0912	1.5522	0.0000	0.0000	0.0000	0.0000	0.0000	0.0000	0.0000	0.0000	0.0000	0.0061	0.0061	0.0000	0.0061	0.0061	0.0000	0.0000	0.0000	0.0000	0.2026	0.1733	0.0294	0.0131	0.0128	0.0004	0.1895	0.1605	0.0290	0.1421	0.0913	0.0508	0.0228	0.0220	0.0007	0.1193	0.0692	0.0501	0.0013	0.0002	1.1445	0.0006	0.0006	0.0014	0.2479	0.0001	1.3277	0.0428	0.0665	0.0003	0.2664	0.2749	0.0028	0.0002	0.0002	0.0002
11	79	0.1430	5	0	0	1	0	0	0	0	0	N	N	N	N	N	N	N	N	N	N	N	N	0.0070	0.0079	0.0023	0.0048	0.0048	0.0000	0.0031	0.0071	0.0024	0.0006	0.0006	0.0002	0.0022	0.0023	0.0000	0.0002	0.0001	0.0002	0.0847	0.0819	0.1025	0.4714	0.4700	0.0163	0.0491	0.0191	0.0989	0.0564	0.4706	-0.0000	-0.0032	5.0149	0.2102	7.0912	3.4985	0.0000	0.0000	0.0000	0.0000	0.0000	0.0000	0.0000	0.0000	0.0000	0.0146	0.0099	0.0047	0.0085	0.0085	0.0000	0.0060	0.0014	0.0046	0.0228	0.0197	0.0031	0.0048	0.0047	0.0000	0.0180	0.0150	0.0031	0.1721	0.1210	0.0510	0.0491	0.0473	0.0018	0.1229	0.0737	0.0492	0.0070	0.0079	0.0026	0.0129	0.0126	0.0000	0.0031	0.0071	0.0025	0.0847	0.0819	0.0914	0.1738	0.1798	0.0163	0.0491	0.0191	0.0942
11	82	0.1835	6	1	0	2	0	0	0	0	0	N	N	Y	N	N	N	N	N	N	N	N	N	0.0000	0.0000	0.0000	0.0000	0.0000	0.0000	0.0000	0.0000	0.0000	0.0000	0.0000	0.0000	0.0000	0.0003	0.0005	0.0000	0.0018	0.0022	0.0000	0.0000	0.0000	0.0000	0.0000	0.0000	-0.0000	5.0149	1.0000	7.0912	2.9874	0.0000	0.0000	0.0000	0.0000	0.0000	0.0000	0.0000	0.0000	0.0000	0.0000	0.0000	0.0000	0.0000	0.0000	0.0000	0.0000	0.0000	0.0000	0.0666	0.0566	0.0100	0.0018	0.0017	0.0001	0.0648	0.0550	0.0098	0.0965	0.0580	0.0384	0.0165	0.0136	0.0030	0.0800	0.0445	0.0355	0.0000	0.0000	0.0000	0.0000	0.0000	0.0000	0.0000	0.0000	0.0000	0.0003	0.0005	0.0000	0.0018	0.0022	0.0000	0.0000	0.0000	0.0000						
11	83	0.1552	5	1	0	2	0	0	0	0	0	N	N	Y	N	N	N	N	N	N	N	N	N	0.0000	0.0000	0.0000	0.0000	0.0000	0.0000	0.0000	0.0000	0.0000	0.0000	0.0000	0.0000	0.0000	0.0000	0.0000	0.0000	0.0000	0.0000	0.0000	0.0000	0.0000	0.0000	0.0000	0.0000	-0.0000	5.0149	0.9997	7.0912	6.0128	0.0000	0.0000	0.0000	0.0000	0.0000	0.0000	0.0000	0.0000	0.0000	0.0000	0.0000	0.0000	0.0000	0.0000	0.0000	0.0000	0.0000	0.0000	0.0660	0.0564	0.0096	0.0045	0.0042	0.0003	0.0615	0.0521	0.0094	0.1584	0.0959	0.0625	0.0182	0.0146	0.0037	0.1402	0.0814	0.0588	0.0000	0.0000	0.0000	0.0000	0.0000	0.0000	0.0000	0.0000	0.0000	0.0000	0.0000	0.0000	0.0000	0.0000	0.0000	0.0000	0.0000	0.0000						
11	84	0.1134	4	0	1	1	1	0	0	0	0	N	N	N	N	N	N	N	N	N	N	N	N	0.0000	0.0000	0.0000	0.0000	0.0000	0.0000	0.0000	0.0000	0.0000	0.0000	0.0000	0.0000	0.0000	0.0000	0.0000	0.0000	0.0000	2.4958	0.0100	7.5751	0.0852	0.0910	0.0644	2.5766	0.0000	7.1375	404.9106	0.0000	0.4569	5.0149	8.0013	7.0912	12.0015	0.0000	0.0000	0.0000	0.0000	0.0000	0.0000	0.0000	0.0000	0.0000	0.9985	0.0025	0.9961	0.0029	0.0025	0.0005	0.9956	0.0000	0.9956	0.4995	0.4270	0.0725	0.0148	0.0139	0.0009	0.4847	0.4130	0.0717	0.4229	0.2459	0.1770	0.0365	0.0291	0.0073	0.3864	0.2167	0.1697	0.0000	0.0000	0.0000	0.0000	0.0000	0.0000	0.0000	0.0000	0.0000	2.3614	0.0100	5.6282	0.0804	0.0844	0.0644	2.5766	0.0000	5.8676		
11	85	0.0824	4	0	1	1	0	0	0	0	0	N	N	N	N	N	N	N	N	N	N	N	N	2.9283	1.9641	0.0055	0.0052	2.8921	1.8926	15.0770	17.7259	0.0000	0.0204	0.0215	0.0000	15.4189	18.1746	0.0000	5.1487	9.0250	0.0000	3.7328	4.1629	0.0000	5.3314	9.6028	0.0000	0.0000	0.0000	-0.4613	-0.5384	5.0149	1.0000	7.0912	6.9850	0.9991	0.9991	0.0000	0.0000	0.0000	0.0000	0.9991	0.9991	0.0000	0.9971	0.9971	0.0000	0.0034	0.0034	0.0000	0.9937	0.9937	0.0000	0.0663	0.0564	0.0099	0.0015	0.0014	0.0001	0.0648	0.0550	0.0098	0.1937	0.1105	0.0832	0.0073	0.0070	0.0003	0.1864	0.1035	0.0829	2.9283	1.9641	0.0000	0.0439	0.0446	0.0000	2.8921	1.8926	0.0000	5.1487	9.0250	0.0000	0.4648	0.4828	0.0000	5.3314	9.6028	0.0000			
11	86	0.0697	3	0	0	1	0	0	0	0	0	N	N	N	N	N	N	N	N	N	N	N	N	0.0004	0.0003	0.0000	0.0006	0.0006	0.0000	0.0000	0.0000	0.0000	0.0000	0.0000	0.0000	0.0000	0.0000	0.0000	0.0000	0.0000	0.0000	0.0015	0.0027	0.0000	0.0414	0.0428	0.0003	0.0000	0.0000	0.0000	0.0114	0.0037	-0.0000	-0.0001	5.0149	1.0086	7.0912	2.0000	0.0000	0.0000	0.0000	0.0000	0.0000	0.0000	0.0000	0.0000	0.0000	0.0001	0.0001	0.0000	0.0001	0.0001	0.0000	0.0000	0.0000	0.0000	0.0674	0.0573	0.0100	0.0017	0.0016	0.0001	0.0657	0.0557	0.0100	0.0762	0.0431	0.0331	0.0028	0.0027	0.0001	0.0735	0.0404	0.0330	0.0004	0.0003	0.0000	0.0006	0.0006	0.0000	0.0000	0.0000	0.0000	0.0015	0.0027	0.0000	0.0414	0.0428	0.0003	0.0000	0.0000	0.0000
11	87	0.1552	5	0	1	1	0	0	0	0	0	N	N	N	N	N	N	N	N	N	N	N	N	0.0000	0.0000	0.0000	0.0000	0.0000	0.0000	0.0000	0.0000	0.0000	0.0000	0.0000	0.0000	0.0000	0.0000	0.0000	0.0000	0.0000	0.4909	0.0004	1.1186	0.0136	0.0027	0.0567	0.3413	0.0000	1.3504	1219.0000	0.0000	0.0336	5.0149	4.0000	7.0912	7.0000	0.0000	0.0000	0.0000	0.0000	0.0000	0.0000	0.0000	0.0000	0.0000	0.0732	0.0001	0.0731	0.0004	0.0001	0.0003	0.0728	0.0000	0.0728	0.2568	0.2196	0.0372	0.0175	0.0165	0.0010	0.2394	0.2032	0.0362	0.2413	0.1462	0.0951	0.0280	0.0223	0.0056	0.2134	0.1239	0.0895	0.0000	0.0000	0.0000	0.0000	0.0000	0.0000	0.0000	0.0000	0.0000	0.3033	0.0004	0.7688	0.0136	0.0027	0.0567	0.3413	0.0000	0.8138		
11	88	0.1134	4	0	0	1	0	0	0	0	0	N	N	N	N	N	N	N	N	N	N	N	N	997.6565	678.1194	38.2535	32.5739	inf	inf	0.0875	0.1027	0.0000	0.0395	0.0419	0.0000	0.0890	0.1048	0.0000	0.0001	0.0002	0.0000	0.0010	0.0013	0.0000	0.0000	0.0000	0.0000	0.0000	0.0000	-0.0079	-0.0000	5.0149	2.9985	7.0912	7.0016	0.0172	0.0172	0.0000	0.0002	0.0002	0.0000	0.0169	0.0169	0.0000	0.0000	0.0000	0.0000	0.0000	0.0000	0.0000	0.0000	0.0000	0.0000	0.1963	0.1673	0.0290	0.0058	0.0055	0.0003	0.1905	0.1618	0.0287	0.2280	0.1321	0.0959	0.0194	0.0156	0.0038	0.2086	0.1165	0.0921	997.6565	678.1194	0.0000	38.2535	32.5739	0.0000	inf	inf	0.0000	0.0001	0.0002	0.0000	0.0010	0.0013	0.0000	0.0000	0.0000	0.0000			
11	89	0.0695	3	0	1	1	0	0	0	0	0	N	N	N	N	N	N	N	N	N	N	N	N	0.0000	0.0000	254.9527	0.0000	0.0000	0.0000	0.0001	0.0000	252.0905	0.0002	0.0000	0.0014	0.0000	0.0000	0.0000	0.0003	0.0000	0.0014	4.3763	7.6821	0.0000	0.0904	0.1336	0.0000	4.7006	8.5830	0.0000	inf	0.0000	0.0000	-0.5373	5.0149	0.0157	7.0912	9.0253	0.0000	0.0000	0.0000	0.0000	0.0000	0.0000	0.0000	0.0000	0.0000	0.9951	0.9951	0.0000	0.0013	0.0013	0.0000	0.9938	0.9938	0.0000	0.0037	0.0032	0.0005	0.0013	0.0013	0.0000	0.0023	0.0019	0.0005	0.2274	0.1295	0.0978	0.0160	0.0138	0.0022	0.2114	0.1158	0.0956	0.0000	0.0000	254.9527	0.0000	0.0000	0.0000	0.0001	0.0000	252.0905	4.3763	7.6821	0.0000	0.0833	0.0967	0.0000	4.7006	8.5830	0.0000
11	90	0.0609	2	0	1	1	0	0	0	0	0	N	N	N	N	N	N	N	N	N	N	N	N	0.0638	0.0456	0.0048	0.0125	0.0122	0.0000	0.0002	0.0000	0.0048	0.0051	0.0059	0.0001	0.0709	0.0717	0.0000	0.0000	0.0000	0.0001	0.0796	0.1304	0.0133	5.6873	5.8559	0.0036	0.0504	0.0819	0.0134	0.0019	0.0785	-0.0000	-0.0020	5.0149	0.0169	7.0912	2.0013	0.0000	0.0000	0.0000	0.0000	0.0000	0.0000	0.0000	0.0000	0.0000	0.0044	0.0040	0.0003	0.0018	0.0018	0.0000	0.0026	0.0023	0.0003	0.0013	0.0011	0.0002	0.0001	0.0001	0.0000	0.0012	0.0010	0.0002	0.0549	0.0310	0.0238	0.0031	0.0031	0.0001	0.0517	0.0279	0.0238	0.0638	0.0456	0.0048	0.1269	0.1256	0.0000	0.0002	0.0000	0.0048	0.0796	0.1304	0.0133	0.5589	0.5710	0.0036	0.0504	0.0819	0.0134
11	93	0.2101	9	1	1	1	1	0	0	0	0	N	N	N	N	N	N	N	N	N	N	N	N	0.0000	0.0000	0.0000	0.0000	0.0000	0.0000	0.0000	0.0000	0.0000	0.0000	0.0000	0.0000	0.0000	0.0000	0.0000	0.0000	0.0000	0.0000	0.0000	0.0000	5.0149	0.0000	7.0912	0.0000	0.0000	0.0000	0.0000	0.0000	0.0000	0.0000	0.0000	0.0000	0.0000	0.0000	0.0000	0.0000	0.0000	0.0000	0.0000	0.0000	0.0000	0.0000	0.0000	0.0000	0.0000	0.0000	0.0000	0.0000	0.0000	0.0000	0.0000	0.0000	0.0000	0.0000	0.0000	0.0000	0.0000	0.0000	0.0000	0.0000	0.0000	0.0000	0.0000	0.0000	0.0000	0.0000	0.0000	0.0000	0.0000	0.0000	0.0000	0.0000	0.0000	0.0000	0.0000	0.0000	0.0000	0.0000											
11	94	0.2101	8	1	1	1	1	0	0	0	0	N	N	N	N	N	N	N	N	N	N	N	N	0.0000	0.0000	0.0000	0.0000	0.0000	0.0000	0.0000	0.0000	0.0000	0.0000	0.0000	0.0000	0.0000	3.5251	4.3906	0.0000	205.0621	216.7656	0.0000	0.0000	0.0000	0.0000	0.0000	0.0000	-0.0001	5.0149	0.0000	7.0912	0.0001	0.0000	0.0000	0.0000	0.0000	0.0000	0.0000	0.0000	0.0000	0.0000	0.0001	0.0001	0.0000	0.0001	0.0001	0.0000	0.0000	0.0000	0.0000	0.0000	0.0000	0.0000	0.0000	0.0000	0.0000	0.0000	0.0000	0.0000	0.0000	0.0000	0.0000	0.0000	0.0000	0.0000	0.0000	0.0000	0.0000	0.0000	0.0000	0.0000	0.0000	0.0000	0.0000	0.0000	0.0000	0.0000	3.5251	4.3906	0.0000	7.2933	7.4044	0.0000	0.0000	0.0000	0.0000						
11	95	0.1922	7	0	1	1	1	0	0	0	0	N	N	N	N	N	N	N	N	N	N	N	N	0.0000	0.0000	0.0000	0.0000	0.0000	0.0000	0.0000	0.0000	0.0000	0.0000	0.0000	0.0000	0.0000	0.0000	0.0000	0.0000	0.0000	0.0014	0.0022	0.0000	0.0079	0.0095	0.0000	0.0000	0.0000	0.0000	0.0012	0.0000	-0.0000	5.0149	0.9845	7.0912	0.9903	0.0000	0.0000	0.0000	0.0000	0.0000	0.0000	0.0000	0.0000	0.0000	0.0001	0.0001	0.0000	0.0001	0.0001	0.0000	0.0000	0.0000	0.0000	0.0685	0.0586	0.0099	0.0061	0.0058	0.0002	0.0624	0.0528	0.0096	0.0514	0.0312	0.0202	0.0088	0.0073	0.0014	0.0426	0.0239	0.0188	0.0000	0.0000	0.0000	0.0000	0.0000	0.0000	0.0000	0.0000	0.0000	0.0014	0.0022	0.0000	0.0079	0.0095	0.0000	0.0000	0.0000	0.0000		
11	96	0.1893	7	0	1	1	0	0	0	0	0	N	N	N	N	N	N	N	N	N	N	N	N	0.0000	0.0000	0.0000	0.0000	0.0000	0.0000	0.0000	0.0000	0.0000	0.0000	0.0000	0.0000	0.0000	0.0000	0.0000	0.0000	0.0000	0.0000	9.5057	6.5300	33.0792	38.1401	46.1111	0.0858	13.0589	9.0826	35.0101	inf	1.3158	0.0000	0.0491	5.0149	1.0063	7.0912	3.7812	0.0000	0.0000	0.0000	0.0000	0.0000	0.0000	0.0000	0.0000	0.0000	1.7395	0.7511	0.9884	0.1470	0.1463	0.0008	1.5925	0.6049	0.9876	0.0681	0.0580	0.0101	0.0034	0.0032	0.0002	0.0647	0.0548	0.0099	0.1830	0.1185	0.0645	0.0611	0.0519	0.0092	0.1219	0.0666	0.0553	0.0000	0.0000	0.0000	0.0000	0.0000	0.0000	0.0000	0.0000	0.0000	9.5057	6.3387	15.3243	2.4083	2.8178	0.0858	13.0589	9.0826	17.8437
11	97	0.1922	7	0	0	2	1	0	0	0	0	N	N	Y	N	N	N	N	N	N	N	N	N	0.0000	0.0000	0.0000	0.0000	0.0000	0.0000	0.0000	0.0000	0.0000	0.0000	0.0000	0.0000	0.0000	0.0000	0.0000	0.0000	0.0000	0.0002	0.0003	0.0000	0.0011	0.0013	0.0001	0.0000	0.0000	0.0000	0.0409	0.0000	-0.0000	5.0149	1.0165	7.0912	1.0129	0.0000	0.0000	0.0000	0.0000	0.0000	0.0000	0.0000	0.0000	0.0000	0.0000	0.0000	0.0000	0.0000	0.0000	0.0000	0.0000	0.0000	0.0000	0.0705	0.0604	0.0102	0.0062	0.0059	0.0003	0.0644	0.0544	0.0099	0.0527	0.0320	0.0207	0.0089	0.0075	0.0015	0.0437	0.0245	0.0193	0.0000	0.0000	0.0000	0.0000	0.0000	0.0000	0.0000	0.0000	0.0000	0.0002	0.0003	0.0000	0.0011	0.0013	0.0001	0.0000	0.0000	0.0000		
11	98	0.1792	6	0	0	1	1	0	0	0	0	N	N	N	N	N	N	N	N	N	N	N	N	0.0000	0.0000	0.0000	0.0000	0.0000	0.0000	0.0000	0.0000	0.0000	0.0000	0.0000	0.0000	0.0000	0.0000	0.0000	0.0000	0.0000	0.0000	0.0007	0.0009	0.0003	0.0000	0.0000	0.0000	0.0008	0.0012	0.0004	0.2470	0.0000	-0.0000	5.0149	2.0241	7.0912	1.0265	0.0000	0.0000	0.0000	0.0000	0.0000	0.0000	0.0000	0.0000	0.0000	0.0001	0.0000	0.0000	0.0000	0.0000	0.0000	0.0000	0.0000	0.0000	0.1360	0.1161	0.0199	0.0074	0.0070	0.0004	0.1286	0.1091	0.0195	0.0756	0.0451	0.0304	0.0137	0.0109	0.0029	0.0618	0.0343	0.0275	0.0000	0.0000	0.0000	0.0000	0.0000	0.0000	0.0000	0.0000	0.0000	0.0007	0.0009	0.0003	0.0000	0.0000	0.0000	0.0008	0.0012	0.0004	
11	99	0.1792	6	0	0	2	1	0	0	0	0	N	N	Y	N	N	N	N	N	N	N	N	N	inf	inf	inf	inf	5.0140	0.0000	34.3335	0.0000	0.0000	0.0000	5.2932	0.0000	35.0611	0.0000	0.0000	0.0000	0.0000	0.0000	0.0000	0.0000	0.0000	0.0000	inf	0.5379	0.0000	5.0149	3.0066	7.0912	0.0000	0.9994	0.0000	0.9994	0.0000	0.0000	0.0000	0.9994	0.0000	0.9994	0.0000	0.0000	0.0000	0.0000	0.0000	0.0000	0.0000	0.0000	0.0000	0.1993	0.1702	0.0291	0.0105	0.0099	0.0006	0.1888	0.1603	0.0285	0.0745	0.0445	0.0300	0.0135	0.0107	0.0028	0.0610	0.0338	0.0272	inf	0.0000	inf	0.0000	0.0000	0.0000	inf	0.0000	inf	0.0000	0.0000	0.0000	0.0000	0.0000	0.0000	0.0000	0.0000	0.0000						
11	100	0.2049	6	0	0	2	1	0	0	0	0	N	N	Y	N	N	N	N	N	N	N	N	N	0.0000	0.0000	0.0000	0.0000	0.0000	0.0000	0.0000	0.0000	0.0000	0.0000	0.0000	0.0000	0.0000	0.0002	0.0000	0.0005	0.0000	0.0000	0.0000	0.0003	0.0000	0.0006	inf	0.0000	0.0000	5.0149	0.0000	7.0912	2.0000	0.0000	0.0000	0.0000	0.0000	0.0000	0.0000	0.0000	0.0000	0.0000	0.0000	0.0000	0.0000	0.0000	0.0000	0.0000	0.0000	0.0000	0.0000	0.0000	0.0000	0.0000	0.0000	0.0000	0.0000	0.0000	0.0000	0.0000	0.0482	0.0284	0.0198	0.0091	0.0071	0.0019	0.0391	0.0213	0.0178	0.0000	0.0000	0.0000	0.0000	0.0000	0.0000	0.0000	0.0000	0.0000	0.0002	0.0000	0.0005	0.0000	0.0000	0.0000	0.0003	0.0000	0.0006						
11	101	0.1659	5	0	0	2	1	0	0	0	0	N	N	Y	N	N	N	N	N	N	N	N	N	0.0000	0.0000	0.0000	0.0000	0.0000	0.0000	0.0000	0.0000	0.0000	0.0000	0.0000	0.0000	0.0000	0.0000	0.0000	0.0000	0.0000	0.0000	0.0162	0.0180	0.0134	0.0100	0.0119	0.0008	0.0177	0.0203	0.0146	0.4989	0.0000	-0.0008	5.0149	5.8899	7.0912	3.1847	0.0000	0.0000	0.0000	0.0000	0.0000	0.0000	0.0000	0.0000	0.0000	0.0038	0.0025	0.0013	0.0005	0.0005	0.0000	0.0033	0.0021	0.0012	0.3921	0.3353	0.0568	0.0282	0.0261	0.0022	0.3638	0.3092	0.0547	0.2330	0.1394	0.0936	0.0462	0.0381	0.0082	0.1867	0.1013	0.0854	0.0000	0.0000	0.0000	0.0000	0.0000	0.0000	0.0000	0.0000	0.0000	0.0162	0.0180	0.0134	0.0100	0.0119	0.0008	0.0177	0.0203	0.0146	
11	102	0.2127	5	1	1	1	0	0	0	0	0	N	N	N	N	N	N	N	N	N	N	N	N	0.0000	0.0000	0.0000	0.0000	0.0000	0.0000	0.0000	0.0000	0.0000	0.0000	0.0000	0.0000	0.0000	0.0000	0.0000	0.0000	0.0000	0.0000	0.0000	0.0000	5.0149	0.0000	7.0912	0.0000	0.0000	0.0000	0.0000	0.0000	0.0000	0.0000	0.0000	0.0000	0.0000	0.0000	0.0000	0.0000	0.0000	0.0000	0.0000	0.0000	0.0000	0.0000	0.0000	0.0000	0.0000	0.0000	0.0000	0.0000	0.0000	0.0000	0.0000	0.0000	0.0000	0.0000	0.0000	0.0000	0.0000	0.0000	0.0000	0.0000	0.0000	0.0000	0.0000	0.0000	0.0000	0.0000	0.0000	0.0000	0.0000	0.0000	0.0000	0.0000	0.0000	0.0000	0.0000	0.0000	0.0000	0.0000											
11	103	0.1134	4	1	1	1	0	0	0	0	0	N	N	N	N	N	N	N	N	N	N	N	N	0.0000	0.0000	0.0000	0.0000	0.0000	0.0000	0.0000	0.0000	0.0000	0.0000	0.0000	0.0000	0.0000	0.0000	0.0000	0.0000	0.0000	0.0000	4.5106	4.2277	6.0760	0.0903	0.1001	0.0591	4.9295	4.5460	6.1160	0.9298	0.0000	-0.1202	5.0149	8.0012	7.0912	14.0016	0.0000	0.0000	0.0000	0.0000	0.0000	0.0000	0.0000	0.0000	0.0000	2.0674	1.0713	0.9961	0.0033	0.0028	0.0005	2.0641	1.0685	0.9956	0.4995	0.4270	0.0725	0.0148	0.0139	0.0009	0.4847	0.4130	0.0717	0.4583	0.2667	0.1916	0.0396	0.0317	0.0080	0.4187	0.2350	0.1837	0.0000	0.0000	0.0000	0.0000	0.0000	0.0000	0.0000	0.0000	0.0000	4.5106	4.0169	5.1976	0.0828	0.0887	0.0591	4.9295	4.5460	5.4202	
11	104	0.1764	5	0	1	1	0	0	0	0	0	N	N	N	N	N	N	N	N	N	N	N	N	0.0000	0.0000	0.0000	0.0000	0.0000	0.0000	0.0000	0.0000	0.0000	0.0000	0.0000	0.0000	0.0000	0.0000	0.0000	0.0000	0.0000	0.0000	0.0085	0.0141	0.0000	0.0086	0.0111	0.0000	0.0084	0.0155	0.0000	0.0005	0.0000	-0.0004	5.0149	2.0010	7.0912	1.0153	0.0000	0.0000	0.0000	0.0000	0.0000	0.0000	0.0000	0.0000	0.0000	0.0007	0.0007	0.0000	0.0002	0.0002	0.0000	0.0005	0.0005	0.0000	0.1312	0.1118	0.0194	0.0037	0.0035	0.0002	0.1275	0.1083	0.0192	0.0795	0.0477	0.0318	0.0189	0.0147	0.0042	0.0605	0.0330	0.0275	0.0000	0.0000	0.0000	0.0000	0.0000	0.0000	0.0000	0.0000	0.0000	0.0085	0.0141	0.0000	0.0086	0.0111	0.0000	0.0084	0.0155	0.0000	
11	105	0.1134	4	0	1	1	0	0	0	0	0	N	N	N	N	N	N	N	N	N	N	N	N	0.0000	0.0000	0.0000	0.0000	0.0000	0.0000	0.0000	0.0000	0.0000	0.0000	0.0000	0.0000	0.0000	0.0000	0.0000	0.0000	0.0000	0.0000	3.4464	6.0460	0.0004	0.1631	0.2605	0.0000	3.7585	6.7172	0.0004	0.0000	0.0000	-0.5782	5.0149	3.0162	7.0912	11.0438	0.0000	0.0000	0.0000	0.0000	0.0000	0.0000	0.0000	0.0000	0.0000	1.0709	1.0709	0.0000	0.0028	0.0028	0.0000	1.0681	1.0681	0.0000	0.1974	0.1682	0.0292	0.0059	0.0055	0.0003	0.1916	0.1627	0.0288	0.3107	0.1803	0.1305	0.0266	0.0213	0.0053	0.2842	0.1590	0.1252	0.0000	0.0000	0.0000	0.0000	0.0000	0.0000	0.0000	0.0000	0.0000	3.4464	5.9399	0.0004	0.1069	0.1334	0.0000	3.7585	6.7172	0.0004	
11	106	0.2143	9	1	1	1	0	0	0	0	0	N	N	N	N	N	N	N	N	N	N	N	N	0.0000	0.0000	0.0000	0.0000	0.0000	0.0000	0.0000	0.0000	0.0000	0.0000	0.0000	0.0000	0.0000	0.0000	0.0000	0.0000	0.0000	0.0000	0.0000	0.0000	5.0149	1.0000	7.0912	1.0000	0.0000	0.0000	0.0000	0.0000	0.0000	0.0000	0.0000	0.0000	0.0000	0.0000	0.0000	0.0000	0.0000	0.0000	0.0000	0.0000	0.0000	0.0000	0.0671	0.0572	0.0099	0.0031	0.0029	0.0002	0.0640	0.0542	0.0097	0.0514	0.0323	0.0191	0.0185	0.0147	0.0038	0.0329	0.0176	0.0152	0.0000	0.0000	0.0000	0.0000	0.0000	0.0000	0.0000	0.0000	0.0000	0.0000	0.0000	0.0000	0.0000	0.0000	0.0000	0.0000	0.0000	0.0000											
11	107	0.2101	8	1	1	1	0	0	0	0	0	N	N	N	N	N	N	N	N	N	N	N	N	0.0000	0.0000	0.0000	0.0000	0.0000	0.0000	0.0000	0.0000	0.0000	0.0000	0.0000	0.0000	0.0000	0.0000	0.0000	38.6948	0.0000	244.7991	0.0604	0.0000	0.2881	55.4206	0.0000	245.3701	inf	0.0000	0.4582	5.0149	0.0000	7.0912	0.9999	0.0000	0.0000	0.0000	0.0000	0.0000	0.0000	0.0000	0.0000	0.0000	0.9960	0.0000	0.9960	0.0005	0.0000	0.0005	0.9955	0.0000	0.9955	0.0000	0.0000	0.0000	0.0000	0.0000	0.0000	0.0000	0.0000	0.0000	0.0257	0.0159	0.0099	0.0078	0.0061	0.0016	0.0180	0.0097	0.0082	0.0000	0.0000	0.0000	0.0000	0.0000	0.0000	0.0000	0.0000	0.0000	38.6948	0.0000	100.8252	0.0604	0.0000	0.2881	55.4206	0.0000	120.7133				
11	108	0.1893	7	1	1	1	0	0	0	0	0	N	N	N	N	N	N	N	N	N	N	N	N	0.0000	0.0000	0.0061	0.0000	0.0000	0.0000	0.0000	0.0000	0.0053	0.0000	0.0000	0.0000	0.0000	0.0000	0.0000	0.0000	0.0000	0.0000	4.6515	7.3254	0.0018	116.5705	123.5927	0.0000	4.8821	8.9342	0.0021	inf	0.0001	0.0000	-0.4658	5.0149	0.0100	7.0912	4.8896	0.0000	0.0000	0.0000	0.0000	0.0000	0.0000	0.0000	0.0000	0.0000	0.8629	0.8627	0.0001	0.2575	0.2575	0.0000	0.6054	0.6053	0.0001	0.0013	0.0011	0.0002	0.0003	0.0003	0.0000	0.0009	0.0008	0.0002	0.1855	0.1200	0.0655	0.0615	0.0522	0.0093	0.1240	0.0677	0.0563	0.0000	0.0000	0.0061	0.0000	0.0000	0.0000	0.0000	0.0000	0.0053	4.6515	7.1898	0.0018	4.1865	4.9279	0.0000	4.8821	8.9342	0.0021
11	109	0.1792	6	0	1	1	0	0	0	0	0	N	N	N	N	N	N	N	N	N	N	N	N	0.0000	0.0000	0.0000	0.0000	0.0000	0.0000	0.0000	0.0000	0.0000	0.0000	0.0000	0.0000	0.0000	0.0000	0.0000	0.0000	0.0000	0.0000	6.6622	11.5579	0.5655	0.2008	0.3412	0.0047	8.1131	14.2767	0.6242	0.0000	0.0252	-0.0000	-0.2052	5.0149	1.0007	7.0912	1.4004	0.0000	0.0000	0.0000	0.0000	0.0000	0.0000	0.0000	0.0000	0.0000	0.3983	0.3885	0.0098	0.0013	0.0013	0.0000	0.3970	0.3872	0.0098	0.0687	0.0586	0.0101	0.0041	0.0039	0.0002	0.0646	0.0548	0.0099	0.0598	0.0357	0.0241	0.0109	0.0086	0.0023	0.0489	0.0271	0.0218	0.0000	0.0000	0.0000	0.0000	0.0000	0.0000	0.0000	0.0000	0.0000	6.6622	10.8797	0.4068	0.1198	0.1501	0.0047	8.1131	14.2767	0.4486
11	110	0.1659	5	0	0	1	0	0	0	0	0	N	N	N	N	N	N	N	N	N	N	N	N	0.0000	0.0000	0.0000	0.0000	0.0000	0.0000	0.0000	0.0000	0.0000	0.0000	0.0000	0.0000	0.0000	0.0000	0.0000	0.0000	0.0000	0.0000	0.1248	0.3396	0.0000	3.1015	4.5136	0.0001	0.0276	0.0529	0.0000	0.0001	0.0000	-0.0066	5.0149	0.3039	7.0912	2.8719	0.0000	0.0000	0.0000	0.0000	0.0000	0.0000	0.0000	0.0000	0.0000	0.0122	0.0122	0.0000	0.0102	0.0102	0.0000	0.0021	0.0021	0.0000	0.0366	0.0312	0.0054	0.0117	0.0105	0.0012	0.0249	0.0207	0.0042	0.0980	0.0592	0.0388	0.0234	0.0203	0.0031	0.0746	0.0389	0.0357	0.0000	0.0000	0.0000	0.0000	0.0000	0.0000	0.0000	0.0000	0.0000	0.1248	0.2065	0.0000	0.4338	0.5009	0.0001	0.0276	0.0529	0.0000	
11	111	0.1134	4	0	0	1	0	0	0	0	0	N	N	N	N	N	N	N	N	N	N	N	N	0.0000	0.0000	0.0000	0.0000	0.0000	0.0000	0.0000	0.0000	0.0000	0.0000	0.0000	0.0000	0.0000	0.0000	0.0000	0.0000	0.0000	0.0000	3.9656	6.8397	0.0013	0.0712	0.1003	0.0000	4.3284	7.7421	0.0013	0.0001	-0.0000	-0.5767	5.0149	3.8240	7.0912	8.1760	0.0000	0.0000	0.0000	0.0000	0.0000	0.0000	0.0000	0.0000	0.0000	1.0684	1.0682	0.0001	0.0016	0.0016	0.0000	1.0667	1.0666	0.0001	0.2483	0.2117	0.0366	0.0073	0.0069	0.0004	0.2410	0.2048	0.0362	0.2694	0.1562	0.1132	0.0230	0.0184	0.0045	0.2465	0.1378	0.1087	0.0000	0.0000	0.0000	0.0000	0.0000	0.0000	0.0000	0.0000	0.0000	3.9656	6.8397	0.0013	0.0712	0.0888	0.0000	4.3284	7.7421	0.0013	
11	115	0.3060	7	0	0	1	0	0	0	0	0	N	N	N	N	N	N	N	N	N	N	N	N	0.0977	0.0528	1.2187	0.0953	0.0890	1.7244	0.0001	0.0000	1.2938	0.0300	0.0345	0.0001	0.2026	0.2102	0.0002	0.0000	0.0000	0.0001	0.3070	0.6539	0.0001	2.1247	2.3622	0.0001	0.1647	0.2815	0.0001	0.0004	0.0001	-0.0089	-0.1233	5.0149	8.9918	7.0912	13.3277	0.0193	0.0193	0.0000	0.0193	0.0193	0.0000	0.0000	0.0000	0.0000	0.2284	0.2284	0.0000	0.1460	0.1460	0.0000	0.0824	0.0824	0.0000	0.6444	0.5596	0.0848	0.0954	0.0919	0.0035	0.5490	0.4677	0.0813	0.9662	0.6875	0.2787	0.4659	0.3948	0.0711	0.5003	0.2927	0.2076	0.1269	0.1040	1.2187	0.6464	0.5685	1.7244	0.0001	0.0000	1.2938	0.2364	0.3322	0.0001	0.3134	0.3698	0.0001	0.1647	0.2815	0.0001
12	13	0.1671	4	1	1	1	1	0	0	0	0	N	N	N	N	N	N	N	N	N	N	N	N	0.0000	0.0000	0.0000	0.0000	0.0000	0.0000	0.0000	0.0000	0.0000	0.0000	0.0000	0.0000	0.0000	0.0000	0.0000	0.0000	0.0000	0.0000	0.0000	0.0000	3.0000	0.0000	5.0000	0.0000	0.0000	0.0000	0.0000	0.0000	0.0000	0.0000	0.0000	0.0000	0.0000	0.0000	0.0000	0.0000	0.0000	0.0000	0.0000	0.0000	0.0000	0.0000	0.0000	0.0000	0.0000	0.0000	0.0000	0.0000	0.0000	0.0000	0.0000	0.0000	0.0000	0.0000	0.0000	0.0000	0.0000	0.0000	0.0000	0.0000	0.0000	0.0000	0.0000	0.0000	0.0000	0.0000	0.0000	0.0000	0.0000	0.0000	0.0000	0.0000	0.0000	0.0000	0.0000	0.0000	0.0000	0.0000											
12	15	0.1414	4	1	1	0	1	0	0	0	0	N	N	N	N	N	N	N	N	N	N	N	N	0.0000	0.0000	0.0000	0.0000	0.0000	0.0000	0.0000	0.0000	0.0000	0.0000	0.0000	0.0000	0.0000	18.1318	28.6382	0.0000	0.0000	0.0000	0.0000	18.3776	31.9876	0.0000	0.0000	0.0000	-0.5399	3.0000	2.0066	5.0000	2.0000	0.0000	0.0000	0.0000	0.0000	0.0000	0.0000	0.0000	0.0000	0.0000	1.0000	1.0000	0.0000	0.0000	0.0000	0.0000	1.0000	1.0000	0.0000	0.0809	0.0692	0.0118	0.0064	0.0060	0.0003	0.0746	0.0631	0.0114	0.0612	0.0367	0.0245	0.0068	0.0054	0.0014	0.0544	0.0313	0.0232	0.0000	0.0000	0.0000	0.0000	0.0000	0.0000	0.0000	0.0000	0.0000	16.3344	27.2393	0.0000	0.0000	0.0000	0.0000	18.3776	31.9876	0.0000						
12	16	0.1320	4	1	2	0	1	0	0	0	0	N	Y	N	N	N	N	N	N	N	N	N	N	inf	inf	inf	inf	1.2828	0.0000	9.2903	0.0000	0.0000	0.0000	1.3433	0.0000	9.4468	0.0000	0.0000	0.0000	0.0000	0.0000	0.0000	0.0000	0.0000	0.0000	inf	0.5383	0.0000	3.0000	24.0000	5.0000	5.0000	1.0000	0.0000	1.0000	0.0000	0.0000	0.0000	1.0000	0.0000	1.0000	0.0000	0.0000	0.0000	0.0000	0.0000	0.0000	0.0000	0.0000	0.0000	0.7796	0.6719	0.1076	0.0351	0.0333	0.0018	0.7444	0.6386	0.1059	0.3706	0.2210	0.1496	0.0354	0.0267	0.0086	0.3352	0.1942	0.1410	inf	0.0000	inf	0.0000	0.0000	0.0000	inf	0.0000	inf	0.0000	0.0000	0.0000	0.0000	0.0000	0.0000	0.0000	0.0000	0.0000						
12	17	0.0526	3	1	2	0	0	0	0	0	0	N	Y	N	N	N	N	N	N	N	N	N	N	inf	inf	inf	inf	0.0003	0.0003	0.0000	0.0575	0.0576	0.0000	0.0000	0.0000	0.0000	0.0000	0.0000	0.0000	0.0000	0.0000	0.0000	0.0000	0.0000	0.0000	0.0000	-0.0000	0.0000	3.0000	0.9987	5.0000	5.5397	0.0000	0.0000	0.0000	0.0000	0.0000	0.0000	0.0000	0.0000	0.0000	0.0000	0.0000	0.0000	0.0000	0.0000	0.0000	0.0000	0.0000	0.0000	0.0399	0.0339	0.0060	0.0002	0.0002	0.0000	0.0397	0.0337	0.0060	0.1475	0.0871	0.0605	0.0204	0.0195	0.0009	0.1271	0.0675	0.0596	inf	inf	0.0000	inf	inf	0.0000	0.0000	0.0000	0.0000	0.0000	0.0000	0.0000	0.0000	0.0000	0.0000	0.0000	0.0000	0.0000						
12	18	0.1414	4	1	2	0	1	0	0	0	0	N	Y	N	N	N	N	N	N	N	N	N	N	0.0000	0.0000	0.0000	0.0000	0.0000	0.0000	0.0000	0.0000	0.0000	0.0000	0.0000	0.0000	0.0000	0.0000	0.0000	0.0000	0.0000	0.0000	0.0000	0.0000	3.0000	0.9934	5.0000	0.0000	0.0000	0.0000	0.0000	0.0000	0.0000	0.0000	0.0000	0.0000	0.0000	0.0000	0.0000	0.0000	0.0000	0.0000	0.0000	0.0000	0.0000	0.0000	0.0409	0.0349	0.0059	0.0034	0.0032	0.0002	0.0375	0.0317	0.0058	0.0155	0.0093	0.0062	0.0017	0.0014	0.0003	0.0138	0.0079	0.0059	0.0000	0.0000	0.0000	0.0000	0.0000	0.0000	0.0000	0.0000	0.0000	0.0000	0.0000	0.0000	0.0000	0.0000	0.0000	0.0000	0.0000	0.0000											
12	19	0.0756	2	2	2	0	0	0	0	0	0	Y	Y	N	N	N	N	N	N	N	N	N	N	0.0000	0.0000	0.0000	0.0000	0.0000	0.0000	0.0000	0.0000	0.0000	0.0000	0.0000	0.0000	0.0000	0.0001	0.0001	0.0000	0.0029	0.0037	0.0000	0.0000	0.0000	0.0000	0.0000	0.0000	-0.0000	3.0000	1.0015	5.0000	7.0016	0.0000	0.0000	0.0000	0.0000	0.0000	0.0000	0.0000	0.0000	0.0000	0.0000	0.0000	0.0000	0.0000	0.0000	0.0000	0.0000	0.0000	0.0000	0.0403	0.0343	0.0059	0.0023	0.0022	0.0001	0.0380	0.0322	0.0058	0.1177	0.0685	0.0492	0.0034	0.0027	0.0007	0.1142	0.0658	0.0485	0.0000	0.0000	0.0000	0.0000	0.0000	0.0000	0.0000	0.0000	0.0000	0.0001	0.0001	0.0000	0.0029	0.0037	0.0000	0.0000	0.0000	0.0000						
12	20	0.1386	3	1	2	0	0	0	0	0	0	N	Y	N	N	N	N	N	N	N	N	N	N	0.0000	0.0000	0.0000	0.0000	0.0000	0.0000	0.0000	0.0000	0.0000	0.0000	0.0000	0.0000	0.0000	0.0000	0.0000	0.0000	0.0000	0.0362	0.0010	0.0991	0.0109	0.0039	0.0343	0.0427	0.0000	0.1196	58.0000	0.0000	0.0008	3.0000	1.0004	5.0000	2.0077	0.0000	0.0000	0.0000	0.0000	0.0000	0.0000	0.0000	0.0000	0.0000	0.0018	0.0000	0.0017	0.0001	0.0000	0.0001	0.0017	0.0000	0.0017	0.0401	0.0342	0.0059	0.0023	0.0022	0.0001	0.0378	0.0320	0.0058	0.0489	0.0298	0.0192	0.0101	0.0078	0.0023	0.0388	0.0220	0.0168	0.0000	0.0000	0.0000	0.0000	0.0000	0.0000	0.0000	0.0000	0.0000	0.0362	0.0010	0.0908	0.0109	0.0039	0.0343	0.0427	0.0000	0.0986		
12	21	0.1628	5	1	1	0	1	0	0	0	0	N	N	N	N	N	N	N	N	N	N	N	N	0.0000	0.0000	0.0000	0.0000	0.0000	0.0000	0.0000	0.0000	0.0000	0.0000	0.0000	0.0000	0.0000	0.0000	0.0000	0.0000	0.0000	0.0000	0.0000	0.0000	3.0000	2.0000	5.0000	1.0003	0.0000	0.0000	0.0000	0.0000	0.0000	0.0000	0.0000	0.0000	0.0000	0.0000	0.0000	0.0000	0.0000	0.0000	0.0000	0.0000	0.0000	0.0000	0.0790	0.0674	0.0117	0.0044	0.0041	0.0002	0.0747	0.0632	0.0114	0.0475	0.0283	0.0192	0.0044	0.0033	0.0011	0.0431	0.0250	0.0181	0.0000	0.0000	0.0000	0.0000	0.0000	0.0000	0.0000	0.0000	0.0000	0.0000	0.0000	0.0000	0.0000	0.0000	0.0000	0.0000	0.0000	0.0000											
12	22	0.0663	3	2	1	1	0	0	0	0	0	Y	N	N	N	N	N	N	N	N	N	N	N	0.0000	0.0000	0.0000	0.0000	0.0000	0.0000	0.0000	0.0000	0.0000	0.0000	0.0000	0.0000	0.0000	0.0000	0.0000	0.0000	0.0000	0.0000	0.0000	0.0000	3.0000	0.0000	5.0000	4.9921	0.0000	0.0000	0.0000	0.0000	0.0000	0.0000	0.0000	0.0000	0.0000	0.0000	0.0000	0.0000	0.0000	0.0000	0.0000	0.0000	0.0000	0.0000	0.0000	0.0000	0.0000	0.0000	0.0000	0.0000	0.0000	0.0000	0.0000	0.0797	0.0474	0.0323	0.0055	0.0047	0.0008	0.0742	0.0427	0.0315	0.0000	0.0000	0.0000	0.0000	0.0000	0.0000	0.0000	0.0000	0.0000	0.0000	0.0000	0.0000	0.0000	0.0000	0.0000	0.0000	0.0000	0.0000											
12	23	0.1337	5	1	2	0	0	0	0	0	0	N	Y	N	N	N	N	N	N	N	N	N	N	0.0000	0.0000	0.0000	0.0000	0.0000	0.0000	0.0000	0.0000	0.0000	0.0000	0.0000	0.0000	0.0000	0.0017	0.0032	0.0000	0.0220	0.0279	0.0000	0.0000	0.0000	0.0000	0.0000	0.0000	-0.0000	3.0000	1.9996	5.0000	0.0142	0.0000	0.0000	0.0000	0.0000	0.0000	0.0000	0.0000	0.0000	0.0000	0.0001	0.0001	0.0000	0.0001	0.0001	0.0000	0.0000	0.0000	0.0000	0.0795	0.0676	0.0118	0.0020	0.0019	0.0001	0.0774	0.0657	0.0117	0.0359	0.0189	0.0170	0.0027	0.0022	0.0006	0.0332	0.0167	0.0165	0.0000	0.0000	0.0000	0.0000	0.0000	0.0000	0.0000	0.0000	0.0000	0.0017	0.0032	0.0000	0.0220	0.0279	0.0000	0.0000	0.0000	0.0000						
12	24	0.0756	2	1	2	0	0	0	0	0	0	N	Y	N	N	N	N	N	N	N	N	N	N	1.9835	inf	0.0000	2.0364	inf	0.0000	8.4750	9.9325	0.0000	0.0000	0.0000	0.0000	8.9697	10.5790	0.0000	4.2728	0.0000	17.8123	0.0000	0.0000	0.0000	4.4047	0.0000	16.5863	0.0000	inf	-0.4617	0.4601	3.0000	2.9988	5.0000	13.9984	1.0000	1.0000	0.0000	0.0000	0.0000	0.0000	1.0000	1.0000	0.0000	1.0000	0.0000	1.0000	0.0000	0.0000	0.0000	1.0000	0.0000	1.0000	0.1180	0.1007	0.0173	0.0065	0.0062	0.0004	0.1115	0.0945	0.0170	0.2340	0.1363	0.0978	0.0070	0.0055	0.0015	0.2270	0.1307	0.0963	1.9835	inf	0.0000	0.0000	0.0000	0.0000	2.0364	inf	0.0000	4.2728	0.0000	10.2274	0.0000	0.0000	0.0000	4.4047	0.0000	10.3842			
12	26	0.1378	6	1	2	0	0	0	0	0	0	N	Y	N	N	N	N	N	N	N	N	N	N	0.0000	0.0000	0.0000	0.0000	0.0000	0.0000	0.0000	0.0000	0.0000	0.0000	0.0000	0.0000	0.0000	0.0000	0.0000	0.0000	0.0000	0.0000	0.0000	0.0000	3.0000	0.0000	5.0000	2.0002	0.0000	0.0000	0.0000	0.0000	0.0000	0.0000	0.0000	0.0000	0.0000	0.0000	0.0000	0.0000	0.0000	0.0000	0.0000	0.0000	0.0000	0.0000	0.0000	0.0000	0.0000	0.0000	0.0000	0.0000	0.0000	0.0000	0.0000	0.0357	0.0188	0.0169	0.0027	0.0022	0.0006	0.0330	0.0166	0.0163	0.0000	0.0000	0.0000	0.0000	0.0000	0.0000	0.0000	0.0000	0.0000	0.0000	0.0000	0.0000	0.0000	0.0000	0.0000	0.0000	0.0000	0.0000											
12	27	0.1320	4	2	2	0	0	0	0	0	0	Y	Y	N	N	N	N	N	N	N	N	N	N	0.0000	0.0000	0.0000	0.0000	0.0000	0.0000	0.0000	0.0000	0.0000	0.0000	0.0000	0.0000	0.0000	0.0000	0.0000	0.0000	0.0000	0.0000	0.0000	0.0000	3.0000	1.0000	5.0000	3.9850	0.0000	0.0000	0.0000	0.0000	0.0000	0.0000	0.0000	0.0000	0.0000	0.0000	0.0000	0.0000	0.0000	0.0000	0.0000	0.0000	0.0000	0.0000	0.0398	0.0339	0.0059	0.0019	0.0018	0.0001	0.0379	0.0321	0.0058	0.0774	0.0464	0.0310	0.0078	0.0061	0.0017	0.0696	0.0403	0.0293	0.0000	0.0000	0.0000	0.0000	0.0000	0.0000	0.0000	0.0000	0.0000	0.0000	0.0000	0.0000	0.0000	0.0000	0.0000	0.0000	0.0000	0.0000											
12	30	0.1663	6	1	2	1	1	0	0	0	0	N	Y	N	N	N	N	N	N	N	N	N	N	0.0000	0.0000	0.0000	0.0000	0.0000	0.0000	0.0000	0.0000	0.0000	0.0000	0.0000	0.0000	0.0000	0.0000	0.0000	0.0000	0.0000	0.0000	0.0000	0.0000	3.0000	0.0000	5.0000	3.0000	0.0000	0.0000	0.0000	0.0000	0.0000	0.0000	0.0000	0.0000	0.0000	0.0000	0.0000	0.0000	0.0000	0.0000	0.0000	0.0000	0.0000	0.0000	0.0000	0.0000	0.0000	0.0000	0.0000	0.0000	0.0000	0.0000	0.0000	0.0454	0.0279	0.0175	0.0121	0.0087	0.0033	0.0333	0.0191	0.0142	0.0000	0.0000	0.0000	0.0000	0.0000	0.0000	0.0000	0.0000	0.0000	0.0000	0.0000	0.0000	0.0000	0.0000	0.0000	0.0000	0.0000	0.0000											
12	31	0.1494	5	1	1	0	1	0	0	0	0	N	N	N	N	N	N	N	N	N	N	N	N	0.0000	0.0000	0.0000	0.0000	0.0000	0.0000	0.0000	0.0000	0.0000	0.0000	0.0000	0.0000	0.0000	0.0001	0.0002	0.0000	0.0005	0.0007	0.0000	0.0000	0.0000	0.0000	0.0000	0.0000	-0.0000	3.0000	0.9783	5.0000	3.0423	0.0000	0.0000	0.0000	0.0000	0.0000	0.0000	0.0000	0.0000	0.0000	0.0000	0.0000	0.0000	0.0000	0.0000	0.0000	0.0000	0.0000	0.0000	0.0412	0.0351	0.0061	0.0030	0.0029	0.0001	0.0382	0.0322	0.0060	0.0730	0.0465	0.0265	0.0187	0.0149	0.0038	0.0542	0.0316	0.0227	0.0000	0.0000	0.0000	0.0000	0.0000	0.0000	0.0000	0.0000	0.0000	0.0001	0.0002	0.0000	0.0005	0.0007	0.0000	0.0000	0.0000	0.0000						
12	32	0.0756	2	1	2	0	0	0	0	0	0	N	Y	N	N	N	N	N	N	N	N	N	N	0.8373	0.5700	0.0000	0.0000	0.8586	0.5817	3.7732	4.4127	0.0000	0.0000	0.0000	0.0000	3.9886	4.6930	0.0000	4.5066	7.7410	0.0000	0.0015	0.0019	0.0000	4.6453	8.0675	0.0000	0.0000	0.0000	-0.4617	-0.5399	3.0000	6.9988	5.0000	9.0016	1.0000	1.0000	0.0000	0.0000	0.0000	0.0000	1.0000	1.0000	0.0000	1.0000	1.0000	0.0000	0.0000	0.0000	0.0000	1.0000	1.0000	0.0000	0.2650	0.2266	0.0384	0.0143	0.0135	0.0008	0.2507	0.2131	0.0376	0.2219	0.1292	0.0927	0.0066	0.0052	0.0014	0.2153	0.1240	0.0913	0.8373	0.5700	0.0000	0.0000	0.0000	0.0000	0.8586	0.5817	0.0000	4.5066	7.7410	0.0000	0.0015	0.0019	0.0000	4.6453	8.0675	0.0000			
12	33	0.1765	7	2	2	0	0	0	0	0	0	Y	Y	N	N	N	N	N	N	N	N	N	N	0.0000	0.0000	0.0000	0.0000	0.0000	0.0000	0.0000	0.0000	0.0000	0.0000	0.0000	0.0000	0.0000	0.0000	0.0000	0.0000	0.0000	0.0000	0.0000	0.0000	3.0000	0.0000	5.0000	0.0000	0.0000	0.0000	0.0000	0.0000	0.0000	0.0000	0.0000	0.0000	0.0000	0.0000	0.0000	0.0000	0.0000	0.0000	0.0000	0.0000	0.0000	0.0000	0.0000	0.0000	0.0000	0.0000	0.0000	0.0000	0.0000	0.0000	0.0000	0.0000	0.0000	0.0000	0.0000	0.0000	0.0000	0.0000	0.0000	0.0000	0.0000	0.0000	0.0000	0.0000	0.0000	0.0000	0.0000	0.0000	0.0000	0.0000	0.0000	0.0000	0.0000	0.0000	0.0000	0.0000	0.0000	0.0000											
12	34	0.1320	4	1	2	0	1	0	0	0	0	N	Y	N	N	N	N	N	N	N	N	N	N	0.0000	0.0000	0.0000	0.0000	0.0000	0.0000	0.0000	0.0000	0.0000	0.0000	0.0000	0.0000	0.0000	5.9353	9.6299	0.0000	646.2796	701.6202	0.0000	0.0000	0.0000	0.0000	0.0000	0.0000	-0.5399	3.0000	5.0000	5.0000	6.9850	0.0000	0.0000	0.0000	0.0000	0.0000	0.0000	0.0000	0.0000	0.0000	1.0000	1.0000	0.0000	1.0000	1.0000	0.0000	0.0000	0.0000	0.0000	0.1918	0.1637	0.0281	0.0092	0.0087	0.0005	0.1826	0.1550	0.0276	0.1740	0.1038	0.0702	0.0166	0.0127	0.0039	0.1574	0.0911	0.0662	0.0000	0.0000	0.0000	0.0000	0.0000	0.0000	0.0000	0.0000	0.0000	5.7466	9.6299	0.0000	60.0925	78.6997	0.0000	0.0000	0.0000	0.0000						
12	35	0.0756	2	2	2	0	0	0	0	0	0	Y	Y	N	N	N	N	N	N	N	N	N	N	0.0000	0.0000	0.0000	0.0000	0.0000	0.0000	0.0000	0.0000	0.0000	0.0000	0.0000	0.0000	0.0000	0.0000	0.0001	0.0000	0.0012	0.0016	0.0000	0.0000	0.0000	0.0000	0.0000	0.0000	-0.0000	3.0000	1.9985	5.0000	17.9985	0.0000	0.0000	0.0000	0.0000	0.0000	0.0000	0.0000	0.0000	0.0000	0.0000	0.0000	0.0000	0.0000	0.0000	0.0000	0.0000	0.0000	0.0000	0.0794	0.0678	0.0117	0.0044	0.0042	0.0002	0.0750	0.0636	0.0115	0.2695	0.1569	0.1126	0.0081	0.0064	0.0017	0.2614	0.1505	0.1108	0.0000	0.0000	0.0000	0.0000	0.0000	0.0000	0.0000	0.0000	0.0000	0.0000	0.0001	0.0000	0.0012	0.0016	0.0000	0.0000	0.0000	0.0000						
12	36	0.1988	5	1	1	1	0	0	0	0	0	N	N	N	N	N	N	N	N	N	N	N	N	0.0000	0.0000	0.0000	0.0000	0.0000	0.0000	0.0000	0.0000	0.0000	0.0000	0.0000	0.0000	0.0000	0.0000	0.0000	0.0000	0.0000	0.0000	0.0000	0.0000	3.0000	0.0001	5.0000	0.9943	0.0000	0.0000	0.0000	0.0000	0.0000	0.0000	0.0000	0.0000	0.0000	0.0000	0.0000	0.0000	0.0000	0.0000	0.0000	0.0000	0.0000	0.0000	0.0000	0.0000	0.0000	0.0000	0.0000	0.0000	0.0000	0.0000	0.0000	0.0189	0.0124	0.0064	0.0046	0.0039	0.0007	0.0142	0.0085	0.0057	0.0000	0.0000	0.0000	0.0000	0.0000	0.0000	0.0000	0.0000	0.0000	0.0000	0.0000	0.0000	0.0000	0.0000	0.0000	0.0000	0.0000	0.0000											
12	37	0.1750	5	1	2	0	0	0	0	0	0	N	Y	N	N	N	N	N	N	N	N	N	N	0.0000	0.0000	0.0000	0.0000	0.0000	0.0000	0.0000	0.0000	0.0000	0.0000	0.0000	0.0000	0.0000	0.0000	0.0000	0.0000	0.0000	0.0000	0.0000	0.0000	3.0000	2.0000	5.0000	2.0000	0.0000	0.0000	0.0000	0.0000	0.0000	0.0000	0.0000	0.0000	0.0000	0.0000	0.0000	0.0000	0.0000	0.0000	0.0000	0.0000	0.0000	0.0000	0.0792	0.0676	0.0116	0.0054	0.0051	0.0003	0.0738	0.0625	0.0113	0.0618	0.0379	0.0239	0.0124	0.0095	0.0029	0.0494	0.0285	0.0209	0.0000	0.0000	0.0000	0.0000	0.0000	0.0000	0.0000	0.0000	0.0000	0.0000	0.0000	0.0000	0.0000	0.0000	0.0000	0.0000	0.0000	0.0000											
12	38	0.0505	2	2	1	1	0	0	0	0	0	Y	N	N	N	N	N	N	N	N	N	N	N	0.0000	0.0000	0.0000	0.0000	0.0000	0.0000	0.0000	0.0000	0.0000	0.0000	0.0000	0.0000	0.0000	8.6883	0.0000	34.1636	0.0000	0.0000	0.0000	8.2640	0.0000	33.8521	inf	0.0000	0.4601	3.0000	2.0000	5.0000	5.0000	0.0000	0.0000	0.0000	0.0000	0.0000	0.0000	0.0000	0.0000	0.0000	1.0000	0.0000	1.0000	0.0000	0.0000	0.0000	1.0000	0.0000	1.0000	0.0784	0.0666	0.0118	0.0003	0.0003	0.0000	0.0781	0.0663	0.0118	0.1227	0.0633	0.0595	0.0017	0.0016	0.0002	0.1210	0.0617	0.0593	0.0000	0.0000	0.0000	0.0000	0.0000	0.0000	0.0000	0.0000	0.0000	8.1469	0.0000	16.8081	0.0000	0.0000	0.0000	8.2640	0.0000	16.8590						
12	39	0.1494	5	1	2	0	0	0	0	0	0	N	Y	N	N	N	N	N	N	N	N	N	N	0.0000	0.0000	0.0000	0.0000	0.0000	0.0000	0.0000	0.0000	0.0000	0.0000	0.0000	0.0000	0.0000	0.0001	0.0002	0.0000	0.0004	0.0005	0.0000	0.0000	0.0000	0.0000	0.0000	0.0000	-0.0000	3.0000	0.0217	5.0000	6.0735	0.0000	0.0000	0.0000	0.0000	0.0000	0.0000	0.0000	0.0000	0.0000	0.0000	0.0000	0.0000	0.0000	0.0000	0.0000	0.0000	0.0000	0.0000	0.0031	0.0027	0.0004	0.0012	0.0012	0.0000	0.0020	0.0015	0.0004	0.1032	0.0647	0.0385	0.0248	0.0192	0.0055	0.0785	0.0455	0.0330	0.0000	0.0000	0.0000	0.0000	0.0000	0.0000	0.0000	0.0000	0.0000	0.0001	0.0002	0.0000	0.0004	0.0005	0.0000	0.0000	0.0000	0.0000						
12	40	0.1320	4	1	1	0	0	0	0	0	0	N	N	N	N	N	N	N	N	N	N	N	N	0.0000	0.0000	0.0000	0.0000	0.0000	0.0000	0.0000	0.0000	0.0000	0.0000	0.0000	0.0000	0.0000	0.0002	0.0000	0.0004	0.0000	0.0000	0.0000	0.0002	0.0000	0.0004	inf	0.0000	0.0000	3.0000	0.0217	5.0000	4.0395	0.0000	0.0000	0.0000	0.0000	0.0000	0.0000	0.0000	0.0000	0.0000	0.0000	0.0000	0.0000	0.0000	0.0000	0.0000	0.0000	0.0000	0.0000	0.0009	0.0007	0.0001	0.0000	0.0000	0.0000	0.0008	0.0007	0.0001	0.0639	0.0384	0.0255	0.0066	0.0052	0.0014	0.0573	0.0332	0.0241	0.0000	0.0000	0.0000	0.0000	0.0000	0.0000	0.0000	0.0000	0.0000	0.0002	0.0000	0.0004	0.0000	0.0000	0.0000	0.0002	0.0000	0.0004						
12	41	0.1320	4	1	2	0	1	0	0	0	0	N	Y	N	N	N	N	N	N	N	N	N	N	0.0000	0.0000	0.0000	0.0000	0.0000	0.0000	0.0000	0.0000	0.0000	0.0000	0.0000	0.0000	0.0000	0.0000	0.0000	0.0000	0.0000	0.0000	0.0000	0.0000	3.0000	0.0000	5.0000	7.0150	0.0000	0.0000	0.0000	0.0000	0.0000	0.0000	0.0000	0.0000	0.0000	0.0000	0.0000	0.0000	0.0000	0.0000	0.0000	0.0000	0.0000	0.0000	0.0000	0.0000	0.0000	0.0000	0.0000	0.0000	0.0000	0.0000	0.0000	0.1065	0.0637	0.0428	0.0104	0.0081	0.0024	0.0961	0.0556	0.0404	0.0000	0.0000	0.0000	0.0000	0.0000	0.0000	0.0000	0.0000	0.0000	0.0000	0.0000	0.0000	0.0000	0.0000	0.0000	0.0000	0.0000	0.0000											
12	42	0.0505	2	2	1	1	0	0	0	0	0	Y	N	N	N	N	N	N	N	N	N	N	N	0.0000	0.0000	0.0000	0.0000	0.0000	0.0000	0.0000	0.0000	0.0000	0.0000	0.0000	0.0000	0.0000	0.0000	0.0000	0.0000	0.0000	0.0000	0.0000	0.0000	3.0000	0.0000	5.0000	0.0000	0.0000	0.0000	0.0000	0.0000	0.0000	0.0000	0.0000	0.0000	0.0000	0.0000	0.0000	0.0000	0.0000	0.0000	0.0000	0.0000	0.0000	0.0000	0.0000	0.0000	0.0000	0.0000	0.0000	0.0000	0.0000	0.0000	0.0000	0.0000	0.0000	0.0000	0.0000	0.0000	0.0000	0.0000	0.0000	0.0000	0.0000	0.0000	0.0000	0.0000	0.0000	0.0000	0.0000	0.0000	0.0000	0.0000	0.0000	0.0000	0.0000	0.0000	0.0000	0.0000	0.0000	0.0000											
12	45	0.1750	5	1	1	1	0	0	0	0	0	N	N	N	N	N	N	N	N	N	N	N	N	0.0000	0.0000	0.0000	0.0000	0.0000	0.0000	0.0000	0.0000	0.0000	0.0000	0.0000	0.0000	0.0000	0.0000	0.0000	0.0000	0.0000	0.0000	0.0000	0.0000	3.0000	0.0000	5.0000	0.0000	0.0000	0.0000	0.0000	0.0000	0.0000	0.0000	0.0000	0.0000	0.0000	0.0000	0.0000	0.0000	0.0000	0.0000	0.0000	0.0000	0.0000	0.0000	0.0000	0.0000	0.0000	0.0000	0.0000	0.0000	0.0000	0.0000	0.0000	0.0000	0.0000	0.0000	0.0000	0.0000	0.0000	0.0000	0.0000	0.0000	0.0000	0.0000	0.0000	0.0000	0.0000	0.0000	0.0000	0.0000	0.0000	0.0000	0.0000	0.0000	0.0000	0.0000	0.0000	0.0000	0.0000	0.0000											
12	46	0.1320	4	1	1	0	0	0	0	0	0	N	N	N	N	N	N	N	N	N	N	N	N	0.0000	0.0000	0.0000	0.0000	0.0000	0.0000	0.0000	0.0000	0.0000	0.0000	0.0000	0.0000	0.0000	0.0000	0.0000	0.0000	0.0000	0.0000	0.0000	0.0000	3.0000	4.0000	5.0000	5.9850	0.0000	0.0000	0.0000	0.0000	0.0000	0.0000	0.0000	0.0000	0.0000	0.0000	0.0000	0.0000	0.0000	0.0000	0.0000	0.0000	0.0000	0.0000	0.1549	0.1321	0.0227	0.0074	0.0071	0.0004	0.1474	0.1251	0.0223	0.1475	0.0880	0.0594	0.0142	0.0109	0.0033	0.1333	0.0772	0.0561	0.0000	0.0000	0.0000	0.0000	0.0000	0.0000	0.0000	0.0000	0.0000	0.0000	0.0000	0.0000	0.0000	0.0000	0.0000	0.0000	0.0000	0.0000											
12	47	0.2031	6	1	2	0	0	0	0	0	0	N	Y	N	N	N	N	N	N	N	N	N	N	0.0000	0.0000	0.0000	0.0000	0.0000	0.0000	0.0000	0.0000	0.0000	0.0000	0.0000	0.0000	0.0000	0.0000	0.0000	0.0000	0.0000	0.0000	0.0000	0.0000	3.0000	0.0000	5.0000	0.0000	0.0000	0.0000	0.0000	0.0000	0.0000	0.0000	0.0000	0.0000	0.0000	0.0000	0.0000	0.0000	0.0000	0.0000	0.0000	0.0000	0.0000	0.0000	0.0000	0.0000	0.0000	0.0000	0.0000	0.0000	0.0000	0.0000	0.0000	0.0000	0.0000	0.0000	0.0000	0.0000	0.0000	0.0000	0.0000	0.0000	0.0000	0.0000	0.0000	0.0000	0.0000	0.0000	0.0000	0.0000	0.0000	0.0000	0.0000	0.0000	0.0000	0.0000	0.0000	0.0000	0.0000	0.0000											
12	48	0.0663	3	2	2	1	0	0	0	0	0	Y	Y	N	N	N	N	N	N	N	N	N	N	0.0000	0.0000	0.0000	0.0000	0.0000	0.0000	0.0000	0.0000	0.0000	0.0000	0.0000	0.0000	0.0000	0.0000	0.0000	0.0000	0.0000	0.0000	0.0000	0.0000	3.0000	0.0000	5.0000	2.0152	0.0000	0.0000	0.0000	0.0000	0.0000	0.0000	0.0000	0.0000	0.0000	0.0000	0.0000	0.0000	0.0000	0.0000	0.0000	0.0000	0.0000	0.0000	0.0000	0.0000	0.0000	0.0000	0.0000	0.0000	0.0000	0.0000	0.0000	0.0338	0.0204	0.0135	0.0028	0.0024	0.0004	0.0311	0.0180	0.0131	0.0000	0.0000	0.0000	0.0000	0.0000	0.0000	0.0000	0.0000	0.0000	0.0000	0.0000	0.0000	0.0000	0.0000	0.0000	0.0000	0.0000	0.0000											
12	49	0.0620	2	2	1	1	0	0	0	0	0	Y	N	N	N	N	N	N	N	N	N	N	N	0.0000	0.0000	0.0000	0.0000	0.0000	0.0000	0.0000	0.0000	0.0000	0.0000	0.0000	0.0000	0.0000	0.0000	0.0000	0.0000	0.0000	0.0000	0.0000	0.0000	3.0000	0.0003	5.0000	1.0311	0.0000	0.0000	0.0000	0.0000	0.0000	0.0000	0.0000	0.0000	0.0000	0.0000	0.0000	0.0000	0.0000	0.0000	0.0000	0.0000	0.0000	0.0000	0.0000	0.0000	0.0000	0.0000	0.0000	0.0000	0.0000	0.0000	0.0000	0.0176	0.0107	0.0069	0.0014	0.0013	0.0002	0.0161	0.0094	0.0067	0.0000	0.0000	0.0000	0.0000	0.0000	0.0000	0.0000	0.0000	0.0000	0.0000	0.0000	0.0000	0.0000	0.0000	0.0000	0.0000	0.0000	0.0000											
12	50	0.0620	2	2	2	1	0	0	0	0	0	Y	Y	N	N	N	N	N	N	N	N	N	N	0.0000	0.0000	0.0000	0.0000	0.0000	0.0000	0.0000	0.0000	0.0000	0.0000	0.0000	0.0000	0.0000	0.0000	0.0000	0.0000	0.0000	0.0000	0.0000	0.0000	3.0000	0.0003	5.0000	1.0126	0.0000	0.0000	0.0000	0.0000	0.0000	0.0000	0.0000	0.0000	0.0000	0.0000	0.0000	0.0000	0.0000	0.0000	0.0000	0.0000	0.0000	0.0000	0.0000	0.0000	0.0000	0.0000	0.0000	0.0000	0.0000	0.0000	0.0000	0.0173	0.0105	0.0068	0.0014	0.0012	0.0001	0.0159	0.0093	0.0066	0.0000	0.0000	0.0000	0.0000	0.0000	0.0000	0.0000	0.0000	0.0000	0.0000	0.0000	0.0000	0.0000	0.0000	0.0000	0.0000	0.0000	0.0000											
12	51	0.1749	3	2	2	0	0	0	0	0	0	Y	Y	N	N	N	N	N	N	N	N	N	N	0.0000	0.0000	0.0000	0.0000	0.0000	0.0000	0.0000	0.0000	0.0000	0.0000	0.0000	0.0000	0.0000	0.0000	0.0000	0.0000	0.0000	0.0000	0.0000	0.0000	3.0000	0.0000	5.0000	1.0000	0.0000	0.0000	0.0000	0.0000	0.0000	0.0000	0.0000	0.0000	0.0000	0.0000	0.0000	0.0000	0.0000	0.0000	0.0000	0.0000	0.0000	0.0000	0.0000	0.0000	0.0000	0.0000	0.0000	0.0000	0.0000	0.0000	0.0000	0.0152	0.0095	0.0057	0.0029	0.0024	0.0006	0.0123	0.0071	0.0052	0.0000	0.0000	0.0000	0.0000	0.0000	0.0000	0.0000	0.0000	0.0000	0.0000	0.0000	0.0000	0.0000	0.0000	0.0000	0.0000	0.0000	0.0000											
12	52	0.1710	6	1	2	0	1	0	0	0	0	N	Y	N	N	N	N	N	N	N	N	N	N	0.0000	0.0000	0.0000	0.0000	0.0000	0.0000	0.0000	0.0000	0.0000	0.0000	0.0000	0.0000	0.0000	0.0000	0.0000	0.0000	0.0000	0.0000	0.0000	0.0000	3.0000	0.9995	5.0000	1.0399	0.0000	0.0000	0.0000	0.0000	0.0000	0.0000	0.0000	0.0000	0.0000	0.0000	0.0000	0.0000	0.0000	0.0000	0.0000	0.0000	0.0000	0.0000	0.0399	0.0340	0.0059	0.0022	0.0021	0.0001	0.0377	0.0319	0.0058	0.0452	0.0312	0.0139	0.0105	0.0095	0.0010	0.0347	0.0217	0.0130	0.0000	0.0000	0.0000	0.0000	0.0000	0.0000	0.0000	0.0000	0.0000	0.0000	0.0000	0.0000	0.0000	0.0000	0.0000	0.0000	0.0000	0.0000											
12	53	0.1710	6	1	1	0	1	0	0	0	0	N	N	N	N	N	N	N	N	N	N	N	N	0.0000	0.0000	0.0000	0.0000	0.0000	0.0000	0.0000	0.0000	0.0000	0.0000	0.0000	0.0000	0.0000	0.0000	0.0000	0.0000	0.0000	0.0000	0.0000	0.0000	3.0000	3.0005	5.0000	1.0125	0.0000	0.0000	0.0000	0.0000	0.0000	0.0000	0.0000	0.0000	0.0000	0.0000	0.0000	0.0000	0.0000	0.0000	0.0000	0.0000	0.0000	0.0000	0.1175	0.1002	0.0173	0.0065	0.0062	0.0003	0.1110	0.0941	0.0170	0.0757	0.0496	0.0261	0.0143	0.0125	0.0019	0.0613	0.0371	0.0242	0.0000	0.0000	0.0000	0.0000	0.0000	0.0000	0.0000	0.0000	0.0000	0.0000	0.0000	0.0000	0.0000	0.0000	0.0000	0.0000	0.0000	0.0000											
12	54	0.1628	5	1	1	0	1	0	0	0	0	N	N	N	N	N	N	N	N	N	N	N	N	0.0000	0.0000	0.0000	0.0000	0.0000	0.0000	0.0000	0.0000	0.0000	0.0000	0.0000	0.0000	0.0000	0.0000	0.0000	0.0000	0.0000	0.0000	0.0000	0.0000	3.0000	0.0013	5.0000	1.9704	0.0000	0.0000	0.0000	0.0000	0.0000	0.0000	0.0000	0.0000	0.0000	0.0000	0.0000	0.0000	0.0000	0.0000	0.0000	0.0000	0.0000	0.0000	0.0001	0.0000	0.0000	0.0000	0.0000	0.0000	0.0001	0.0000	0.0000	0.0315	0.0188	0.0127	0.0029	0.0022	0.0007	0.0285	0.0166	0.0120	0.0000	0.0000	0.0000	0.0000	0.0000	0.0000	0.0000	0.0000	0.0000	0.0000	0.0000	0.0000	0.0000	0.0000	0.0000	0.0000	0.0000	0.0000											
12	55	0.1320	4	1	1	0	1	0	0	0	0	N	N	N	N	N	N	N	N	N	N	N	N	0.0000	0.0000	0.0000	0.0000	0.0000	0.0000	0.0000	0.0000	0.0000	0.0000	0.0000	0.0000	0.0000	0.0000	0.0000	0.0000	0.0000	0.0000	0.0000	0.0000	3.0000	3.0000	5.0000	4.0155	0.0000	0.0000	0.0000	0.0000	0.0000	0.0000	0.0000	0.0000	0.0000	0.0000	0.0000	0.0000	0.0000	0.0000	0.0000	0.0000	0.0000	0.0000	0.1173	0.1000	0.0173	0.0057	0.0054	0.0003	0.1116	0.0946	0.0170	0.1065	0.0637	0.0428	0.0104	0.0081	0.0024	0.0961	0.0556	0.0404	0.0000	0.0000	0.0000	0.0000	0.0000	0.0000	0.0000	0.0000	0.0000	0.0000	0.0000	0.0000	0.0000	0.0000	0.0000	0.0000	0.0000	0.0000											
12	56	0.0526	3	1	2	1	0	0	0	0	0	N	Y	N	N	N	N	N	N	N	N	N	N	0.0677	0.0464	3.8813	3.6946	0.0001	0.0001	0.0000	0.0578	0.0579	0.0000	0.0000	0.0000	0.0000	0.0019	0.0032	0.0000	0.0149	0.0157	0.0000	0.0000	0.0000	0.0000	0.0000	0.0000	-0.0000	-0.0002	3.0000	2.0013	5.0000	5.6727	0.0000	0.0000	0.0000	0.0000	0.0000	0.0000	0.0000	0.0000	0.0000	0.0003	0.0003	0.0000	0.0003	0.0003	0.0000	0.0000	0.0000	0.0000	0.0789	0.0670	0.0119	0.0002	0.0002	0.0000	0.0787	0.0668	0.0119	0.1655	0.0963	0.0692	0.0208	0.0198	0.0011	0.1447	0.0765	0.0681	0.0677	0.0464	0.0000	3.8813	3.6946	0.0000	0.0000	0.0000	0.0000	0.0019	0.0032	0.0000	0.0149	0.0157	0.0000	0.0000	0.0000	0.0000					
12	57	0.0489	2	1	2	0	0	0	0	0	0	N	Y	N	N	N	N	N	N	N	N	N	N	237.8244	852.4286	0.0000	2258.8340	2232.3529	8.3567	inf	0.0000	1.6611	1.8974	0.0000	12.2297	12.2298	0.0000	0.0637	0.0744	0.0000	0.0070	0.0022	0.0183	0.0054	0.0055	0.0000	0.0076	0.0000	0.0186	0.0000	3.4521	-0.0001	0.0001	3.0000	0.0033	5.0000	1.3874	0.0003	0.0003	0.0000	0.0003	0.0003	0.0000	0.0000	0.0000	0.0000	0.0004	0.0001	0.0003	0.0001	0.0001	0.0000	0.0003	0.0000	0.0003	0.0002	0.0002	0.0000	0.0000	0.0000	0.0000	0.0002	0.0001	0.0000	0.0572	0.0403	0.0169	0.0166	0.0164	0.0002	0.0406	0.0239	0.0167	237.8244	852.4286	0.0000	2258.8340	2232.3529	0.0000	8.3567	inf	0.0000	0.0070	0.0022	0.0183	0.0054	0.0055	0.0000	0.0076	0.0000	0.0186	
12	59	0.0489	2	1	2	0	0	0	0	0	0	N	Y	N	N	N	N	N	N	N	N	N	N	17914.0127	12568.5658	0.0000	0.0000	inf	inf	12.7308	14.9896	0.0000	0.0000	0.0000	0.0000	12.7347	14.9948	0.0000	0.0007	0.0012	0.0000	0.0050	0.0053	0.0000	0.0000	0.0000	0.0000	0.0000	0.0000	-0.4616	-0.0000	3.0000	1.9997	5.0000	3.4660	0.9997	0.9997	0.0000	0.0000	0.0000	0.0000	0.9997	0.9997	0.0000	0.0001	0.0001	0.0000	0.0001	0.0001	0.0000	0.0000	0.0000	0.0000	0.0785	0.0667	0.0118	0.0000	0.0000	0.0000	0.0785	0.0667	0.0118	0.1266	0.0755	0.0512	0.0178	0.0171	0.0007	0.1088	0.0584	0.0505	17914.0127	12568.5658	0.0000	0.0000	0.0000	0.0000	inf	inf	0.0000	0.0007	0.0012	0.0000	0.0050	0.0053	0.0000	0.0000	0.0000	0.0000			
12	61	0.2031	6	1	1	1	0	0	0	0	0	N	N	N	N	N	N	N	N	N	N	N	N	0.0000	0.0000	0.0000	0.0000	0.0000	0.0000	0.0000	0.0000	0.0000	0.0000	0.0000	0.0000	0.0000	0.0000	0.0000	0.0000	0.0000	0.0000	0.0000	0.0000	3.0000	0.0000	5.0000	1.0000	0.0000	0.0000	0.0000	0.0000	0.0000	0.0000	0.0000	0.0000	0.0000	0.0000	0.0000	0.0000	0.0000	0.0000	0.0000	0.0000	0.0000	0.0000	0.0000	0.0000	0.0000	0.0000	0.0000	0.0000	0.0000	0.0000	0.0000	0.0146	0.0089	0.0058	0.0026	0.0018	0.0007	0.0121	0.0070	0.0050	0.0000	0.0000	0.0000	0.0000	0.0000	0.0000	0.0000	0.0000	0.0000	0.0000	0.0000	0.0000	0.0000	0.0000	0.0000	0.0000	0.0000	0.0000											
12	62	0.1988	5	1	1	0	0	0	0	0	0	N	N	N	N	N	N	N	N	N	N	N	N	0.0000	0.0000	0.0000	0.0000	0.0000	0.0000	0.0000	0.0000	0.0000	0.0000	0.0000	0.0000	0.0000	0.0000	0.0000	0.0000	0.0000	0.0000	0.0000	0.0000	3.0000	0.0001	5.0000	1.0076	0.0000	0.0000	0.0000	0.0000	0.0000	0.0000	0.0000	0.0000	0.0000	0.0000	0.0000	0.0000	0.0000	0.0000	0.0000	0.0000	0.0000	0.0000	0.0000	0.0000	0.0000	0.0000	0.0000	0.0000	0.0000	0.0000	0.0000	0.0191	0.0126	0.0065	0.0047	0.0039	0.0007	0.0144	0.0086	0.0058	0.0000	0.0000	0.0000	0.0000	0.0000	0.0000	0.0000	0.0000	0.0000	0.0000	0.0000	0.0000	0.0000	0.0000	0.0000	0.0000	0.0000	0.0000											
12	63	0.1320	4	1	1	0	0	0	0	0	0	N	N	N	N	N	N	N	N	N	N	N	N	0.0000	0.0000	0.0000	0.0000	0.0000	0.0000	0.0000	0.0000	0.0000	0.0000	0.0000	0.0000	0.0000	0.0000	0.0000	0.0000	0.0000	0.0000	0.0000	0.0000	3.0000	11.9999	5.0000	3.0574	0.0000	0.0000	0.0000	0.0000	0.0000	0.0000	0.0000	0.0000	0.0000	0.0000	0.0000	0.0000	0.0000	0.0000	0.0000	0.0000	0.0000	0.0000	0.4318	0.3700	0.0618	0.0202	0.0192	0.0010	0.4116	0.3509	0.0608	0.2133	0.1272	0.0861	0.0203	0.0154	0.0049	0.1930	0.1118	0.0812	0.0000	0.0000	0.0000	0.0000	0.0000	0.0000	0.0000	0.0000	0.0000	0.0000	0.0000	0.0000	0.0000	0.0000	0.0000	0.0000	0.0000	0.0000											
12	65	0.0756	2	1	1	0	0	0	0	0	0	N	N	N	N	N	N	N	N	N	N	N	N	0.0000	0.0000	0.0000	0.0000	0.0000	0.0000	0.0000	0.0000	0.0000	0.0000	0.0000	0.0000	0.0000	0.0000	0.0000	0.0000	6.0674	0.0001	28.7281	0.0020	0.0025	0.0000	6.0129	0.0000	28.7326	100000.0000	0.0000	0.4601	3.0000	2.0015	5.0000	10.0016	0.0000	0.0000	0.0000	0.0000	0.0000	0.0000	0.0000	0.0000	0.0000	1.0000	0.0000	1.0000	0.0000	0.0000	0.0000	1.0000	0.0000	1.0000	0.0796	0.0679	0.0117	0.0044	0.0042	0.0002	0.0751	0.0637	0.0115	0.1714	0.0997	0.0716	0.0051	0.0040	0.0011	0.1663	0.0957	0.0706	0.0000	0.0000	0.0000	0.0000	0.0000	0.0000	0.0000	0.0000	0.0000	5.8353	0.0001	13.9598	0.0020	0.0025	0.0000	6.0129	0.0000	14.1703			
12	67	0.2305	4	1	1	0	0	0	0	0	0	N	N	N	N	N	N	N	N	N	N	N	N	2.0285	1.5851	1.0441	0.8627	0.2019	0.2333	0.0000	1.5055	1.5634	0.0000	0.0000	0.0000	0.0000	0.0995	0.1472	0.0000	1.4420	1.8123	0.0000	0.0000	0.0000	0.0000	0.0000	0.0000	-0.0195	-0.0239	3.0000	4.8614	5.0000	14.2102	0.0423	0.0423	0.0000	0.0423	0.0423	0.0000	0.0000	0.0000	0.0000	0.0443	0.0443	0.0000	0.0443	0.0443	0.0000	0.0000	0.0000	0.0000	0.2094	0.1813	0.0281	0.0281	0.0270	0.0010	0.1813	0.1542	0.0271	0.4450	0.3119	0.1331	0.1715	0.1477	0.0238	0.2735	0.1642	0.1093	2.0285	1.6425	0.0000	5.8297	5.2141	0.0000	0.0000	0.0000	0.0000	0.0995	0.1420	0.0000	0.2582	0.2998	0.0000	0.0000	0.0000	0.0000					
12	68	0.0676	4	2	2	1	0	0	0	0	0	Y	Y	N	N	N	N	N	N	N	N	N	N	0.0000	0.0000	0.0000	0.0000	0.0000	0.0000	0.0000	0.0000	0.0000	0.0000	0.0000	0.0000	0.0000	0.0000	0.0000	0.0000	0.0000	0.0000	0.0000	0.0000	3.0000	0.0000	5.0000	0.0000	0.0000	0.0000	0.0000	0.0000	0.0000	0.0000	0.0000	0.0000	0.0000	0.0000	0.0000	0.0000	0.0000	0.0000	0.0000	0.0000	0.0000	0.0000	0.0000	0.0000	0.0000	0.0000	0.0000	0.0000	0.0000	0.0000	0.0000	0.0000	0.0000	0.0000	0.0000	0.0000	0.0000	0.0000	0.0000	0.0000	0.0000	0.0000	0.0000	0.0000	0.0000	0.0000	0.0000	0.0000	0.0000	0.0000	0.0000	0.0000	0.0000	0.0000	0.0000	0.0000	0.0000	0.0000											
12	69	0.0635	3	2	1	1	0	0	0	0	0	Y	N	N	N	N	N	N	N	N	N	N	N	0.0000	0.0000	0.0000	0.0000	0.0000	0.0000	0.0000	0.0000	0.0000	0.0000	0.0000	0.0000	0.0000	0.0000	0.0000	0.0000	0.0102	0.0145	0.0054	0.0859	0.1064	0.0000	0.0028	0.0000	0.0055	0.3333	0.0000	-0.0001	3.0000	0.0016	5.0000	0.9826	0.0000	0.0000	0.0000	0.0000	0.0000	0.0000	0.0000	0.0000	0.0000	0.0002	0.0002	0.0001	0.0002	0.0002	0.0000	0.0001	0.0000	0.0001	0.0002	0.0002	0.0000	0.0001	0.0001	0.0000	0.0001	0.0001	0.0000	0.0197	0.0104	0.0093	0.0019	0.0017	0.0002	0.0178	0.0087	0.0091	0.0000	0.0000	0.0000	0.0000	0.0000	0.0000	0.0000	0.0000	0.0000	0.0102	0.0145	0.0054	0.0806	0.0898	0.0000	0.0028	0.0000	0.0055			
12	70	0.0508	2	2	1	1	0	0	0	0	0	Y	N	N	N	N	N	N	N	N	N	N	N	0.0000	0.0000	0.0000	0.0000	0.0000	0.0000	0.0000	0.0000	0.0000	0.0000	0.0000	0.0000	0.0000	0.0000	0.0000	0.0000	0.0000	0.4692	0.4584	0.4448	27.2222	25.3244	0.3000	0.1634	0.0000	0.4240	1.0935	0.0000	-0.0003	3.0000	0.0061	5.0000	3.0249	0.0000	0.0000	0.0000	0.0000	0.0000	0.0000	0.0000	0.0000	0.0000	0.0175	0.0083	0.0091	0.0084	0.0083	0.0001	0.0090	0.0000	0.0090	0.0006	0.0005	0.0001	0.0002	0.0002	0.0000	0.0004	0.0004	0.0001	0.0596	0.0315	0.0280	0.0044	0.0041	0.0004	0.0551	0.0275	0.0277	0.0000	0.0000	0.0000	0.0000	0.0000	0.0000	0.0000	0.0000	0.0000	0.2930	0.2644	0.3252	1.9003	2.0441	0.3000	0.1634	0.0000	0.3255		
12	72	0.0756	2	1	2	0	0	0	0	0	0	N	Y	N	N	N	N	N	N	N	N	N	N	102082.0053	0.0000	inf	0.0000	0.0000	inf	inf	4.3611	0.0000	30.0002	0.0000	0.0000	0.0000	4.6112	0.0000	30.6216	0.0000	0.0001	0.0000	0.0014	0.0018	0.0000	0.0000	0.0000	0.0000	inf	0.0000	0.5383	-0.0000	3.0000	5.9987	5.0000	11.0016	1.0000	0.0000	1.0000	0.0000	0.0000	0.0000	1.0000	0.0000	1.0000	0.0000	0.0000	0.0000	0.0000	0.0000	0.0000	0.0000	0.0000	0.0000	0.2293	0.1960	0.0333	0.0124	0.0118	0.0007	0.2169	0.1842	0.0327	0.2341	0.1363	0.0978	0.0070	0.0055	0.0015	0.2271	0.1308	0.0963	102082.0053	0.0000	inf	0.0000	0.0000	0.0000	inf	0.0000	inf	0.0000	0.0001	0.0000	0.0014	0.0018	0.0000	0.0000	0.0000	0.0000		
12	74	0.1174	4	1	2	0	0	0	0	0	0	N	Y	N	N	N	N	N	N	N	N	N	N	101.0372	0.0000	221.2926	0.0000	0.0000	0.0000	101.7211	227.1197	4.1425	0.0000	28.7242	0.0000	0.0000	0.0000	4.4370	0.0000	29.2897	0.0410	0.0002	0.1298	0.0211	0.0011	0.1306	0.0436	0.0000	0.1290	inf	394.3333	0.5382	0.0054	3.0000	6.1274	5.0000	13.6208	1.0000	0.0000	1.0000	0.0000	0.0000	0.0000	1.0000	0.0000	1.0000	0.0119	0.0000	0.0118	0.0007	0.0000	0.0007	0.0112	0.0000	0.0112	0.2414	0.2066	0.0348	0.0160	0.0153	0.0007	0.2254	0.1912	0.0341	0.2893	0.1784	0.1108	0.0336	0.0284	0.0052	0.2556	0.1500	0.1056	101.0372	0.0000	269.1134	0.0000	0.0000	0.0000	101.7211	0.0000	277.4656	0.0410	0.0002	0.1067	0.0211	0.0011	0.1306	0.0436	0.0000	0.1056	
12	75	0.1419	7	1	1	1	0	0	0	0	0	N	N	N	N	N	N	N	N	N	N	N	N	0.0000	0.0000	0.0000	0.0000	0.0000	0.0000	0.0000	0.0000	0.0000	0.0000	0.0000	0.0000	0.0000	0.0000	0.0000	0.0000	0.0000	0.0000	0.0000	0.0000	3.0000	0.0000	5.0000	1.0003	0.0000	0.0000	0.0000	0.0000	0.0000	0.0000	0.0000	0.0000	0.0000	0.0000	0.0000	0.0000	0.0000	0.0000	0.0000	0.0000	0.0000	0.0000	0.0000	0.0000	0.0000	0.0000	0.0000	0.0000	0.0000	0.0000	0.0000	0.0183	0.0096	0.0086	0.0016	0.0013	0.0003	0.0167	0.0084	0.0083	0.0000	0.0000	0.0000	0.0000	0.0000	0.0000	0.0000	0.0000	0.0000	0.0000	0.0000	0.0000	0.0000	0.0000	0.0000	0.0000	0.0000	0.0000											
12	76	0.1378	6	1	1	1	0	0	0	0	0	N	N	N	N	N	N	N	N	N	N	N	N	0.0000	0.0000	0.0000	0.0000	0.0000	0.0000	0.0000	0.0000	0.0000	0.0000	0.0000	0.0000	0.0000	0.0000	0.0000	0.0000	0.0000	0.0000	0.0000	0.0000	3.0000	0.0000	5.0000	1.0076	0.0000	0.0000	0.0000	0.0000	0.0000	0.0000	0.0000	0.0000	0.0000	0.0000	0.0000	0.0000	0.0000	0.0000	0.0000	0.0000	0.0000	0.0000	0.0000	0.0000	0.0000	0.0000	0.0000	0.0000	0.0000	0.0000	0.0000	0.0183	0.0096	0.0086	0.0014	0.0011	0.0003	0.0168	0.0085	0.0084	0.0000	0.0000	0.0000	0.0000	0.0000	0.0000	0.0000	0.0000	0.0000	0.0000	0.0000	0.0000	0.0000	0.0000	0.0000	0.0000	0.0000	0.0000											
12	77	0.1337	5	1	1	0	0	0	0	0	0	N	N	N	N	N	N	N	N	N	N	N	N	0.0000	0.0000	0.0000	0.0000	0.0000	0.0000	0.0000	0.0000	0.0000	0.0000	0.0000	0.0000	0.0000	0.0033	0.0063	0.0000	0.0430	0.0541	0.0000	0.0000	0.0000	0.0000	0.0000	0.0000	-0.0000	3.0000	0.0026	5.0000	0.9924	0.0000	0.0000	0.0000	0.0000	0.0000	0.0000	0.0000	0.0000	0.0000	0.0001	0.0001	0.0000	0.0001	0.0001	0.0000	0.0000	0.0000	0.0000	0.0003	0.0003	0.0000	0.0001	0.0001	0.0000	0.0002	0.0002	0.0000	0.0180	0.0095	0.0085	0.0014	0.0011	0.0003	0.0166	0.0083	0.0083	0.0000	0.0000	0.0000	0.0000	0.0000	0.0000	0.0000	0.0000	0.0000	0.0033	0.0063	0.0000	0.0430	0.0541	0.0000	0.0000	0.0000	0.0000						
12	78	0.1174	4	1	1	0	0	0	0	0	0	N	N	N	N	N	N	N	N	N	N	N	N	0.0012	0.0489	0.0000	0.0363	0.1371	0.0000	0.0000	0.0000	0.0002	0.0002	0.0000	0.0020	0.0021	0.0000	0.0000	0.0000	0.0000	0.1353	0.0039	0.5145	0.0546	0.0150	0.8771	0.1538	0.0000	0.5219	0.0000	51.4859	-0.0000	0.0053	3.0000	2.8733	5.0000	1.5522	0.0000	0.0000	0.0000	0.0000	0.0000	0.0000	0.0000	0.0000	0.0000	0.0121	0.0002	0.0118	0.0009	0.0002	0.0007	0.0112	0.0000	0.0112	0.1213	0.1038	0.0175	0.0101	0.0098	0.0003	0.1112	0.0940	0.0172	0.0892	0.0583	0.0308	0.0167	0.0154	0.0013	0.0725	0.0430	0.0295	0.0012	0.0489	0.0000	0.0363	0.1371	0.0000	0.0000	0.0000	0.0000	0.1353	0.0039	0.3838	0.0546	0.0150	0.5224	0.1538	0.0000	0.3777	
12	79	0.1052	3	1	1	0	0	0	0	0	0	N	N	N	N	N	N	N	N	N	N	N	N	0.0004	0.0571	0.0002	0.0047	0.0637	0.0000	0.0002	0.0000	0.0002	0.0037	0.0026	0.0111	0.0100	0.0101	0.0000	0.0019	0.0000	0.0112	8.7245	0.0447	64.2345	2.1289	0.1580	75.5150	10.7949	0.0126	51.8754	0.6667	265.6722	-0.0000	0.3657	3.0000	0.2102	5.0000	3.4985	0.0000	0.0000	0.0000	0.0000	0.0000	0.0000	0.0000	0.0000	0.0000	0.8014	0.0030	0.7984	0.0075	0.0024	0.0050	0.7939	0.0006	0.7933	0.0136	0.0118	0.0018	0.0030	0.0030	0.0000	0.0106	0.0088	0.0018	0.0973	0.0672	0.0300	0.0237	0.0231	0.0006	0.0735	0.0441	0.0294	0.0004	0.0571	0.0004	0.0316	0.0950	0.0000	0.0002	0.0000	0.0004	8.2393	0.0447	26.5940	0.3161	0.1060	8.3057	10.7949	0.0126	26.9720
12	80	0.1363	5	1	2	0	0	0	0	0	0	N	Y	N	N	N	N	N	N	N	N	N	N	0.0000	0.0000	0.0000	0.0000	0.0000	0.0000	0.0000	0.0000	0.0000	0.0000	0.0000	0.0000	0.0000	0.0009	0.0014	0.0000	0.0072	0.0088	0.0000	0.0000	0.0000	0.0000	0.0000	0.0000	-0.0001	3.0000	2.0196	5.0000	6.0690	0.0000	0.0000	0.0000	0.0000	0.0000	0.0000	0.0000	0.0000	0.0000	0.0001	0.0001	0.0000	0.0001	0.0001	0.0000	0.0000	0.0000	0.0000	0.0812	0.0693	0.0119	0.0061	0.0057	0.0004	0.0751	0.0636	0.0115	0.1258	0.0767	0.0491	0.0153	0.0125	0.0028	0.1105	0.0642	0.0463	0.0000	0.0000	0.0000	0.0000	0.0000	0.0000	0.0000	0.0000	0.0000	0.0009	0.0014	0.0000	0.0072	0.0088	0.0000	0.0000	0.0000	0.0000						
12	81	0.1280	4	1	1	0	0	0	0	0	0	N	N	N	N	N	N	N	N	N	N	N	N	0.0000	0.0000	0.0000	0.0000	0.0000	0.0000	0.0000	0.0000	0.0000	0.0000	0.0000	0.0000	0.0000	0.0000	0.0000	0.0035	0.0048	0.0016	0.0000	0.0000	0.0000	0.0039	0.0055	0.0017	0.2222	0.0000	-0.0000	3.0000	0.9876	5.0000	0.9833	0.0000	0.0000	0.0000	0.0000	0.0000	0.0000	0.0000	0.0000	0.0000	0.0001	0.0001	0.0000	0.0000	0.0000	0.0000	0.0001	0.0001	0.0000	0.0393	0.0335	0.0058	0.0022	0.0021	0.0001	0.0371	0.0314	0.0057	0.0311	0.0187	0.0124	0.0031	0.0024	0.0007	0.0280	0.0163	0.0117	0.0000	0.0000	0.0000	0.0000	0.0000	0.0000	0.0000	0.0000	0.0000	0.0035	0.0048	0.0016	0.0000	0.0000	0.0000	0.0039	0.0055	0.0017				
12	82	0.0620	2	2	1	1	0	0	0	0	0	Y	N	N	N	N	N	N	N	N	N	N	N	0.0000	0.0000	0.0000	0.0000	0.0000	0.0000	0.0000	0.0000	0.0000	0.0000	0.0000	0.0000	0.0000	0.0000	0.0000	0.0000	0.0000	0.0000	0.0000	0.0000	3.0000	1.0000	5.0000	2.9874	0.0000	0.0000	0.0000	0.0000	0.0000	0.0000	0.0000	0.0000	0.0000	0.0000	0.0000	0.0000	0.0000	0.0000	0.0000	0.0000	0.0000	0.0000	0.0399	0.0340	0.0059	0.0017	0.0016	0.0001	0.0382	0.0323	0.0059	0.0638	0.0379	0.0259	0.0040	0.0035	0.0006	0.0598	0.0344	0.0253	0.0000	0.0000	0.0000	0.0000	0.0000	0.0000	0.0000	0.0000	0.0000	0.0000	0.0000	0.0000	0.0000	0.0000	0.0000	0.0000	0.0000	0.0000											
12	84	0.0756	2	1	2	0	1	0	0	0	0	N	Y	N	N	N	N	N	N	N	N	N	N	1.7960	inf	1.6381	1.8408	inf	1.8841	6.6626	3.8938	23.0598	0.0000	0.0000	0.0000	7.0414	4.1400	23.5357	3.7097	0.0000	14.0774	0.0000	0.0000	0.0000	3.8251	0.0000	12.4915	1.0000	inf	0.0765	0.4601	3.0000	8.0013	5.0000	12.0015	2.0000	1.0000	1.0000	0.0000	0.0000	0.0000	2.0000	1.0000	1.0000	1.0000	0.0000	1.0000	0.0000	0.0000	0.0000	1.0000	0.0000	1.0000	0.3002	0.2568	0.0434	0.0161	0.0153	0.0009	0.2840	0.2415	0.0425	0.2696	0.1570	0.1126	0.0081	0.0064	0.0017	0.2614	0.1506	0.1109	1.7960	inf	2.5961	0.0000	0.0000	0.0000	1.8408	inf	2.6093	3.7097	0.0000	8.8824	0.0000	0.0000	0.0000	3.8251	0.0000	9.0199			
12	85	0.1320	4	1	2	0	0	0	0	0	0	N	Y	N	N	N	N	N	N	N	N	N	N	0.0000	0.0000	0.0000	0.0000	0.0000	0.0000	0.0000	0.0000	0.0000	0.0000	0.0000	0.0000	0.0000	0.0000	0.0000	0.0000	0.0000	0.0000	0.0000	0.0000	3.0000	1.0000	5.0000	6.9850	0.0000	0.0000	0.0000	0.0000	0.0000	0.0000	0.0000	0.0000	0.0000	0.0000	0.0000	0.0000	0.0000	0.0000	0.0000	0.0000	0.0000	0.0000	0.0398	0.0339	0.0059	0.0019	0.0018	0.0001	0.0379	0.0321	0.0058	0.1201	0.0718	0.0483	0.0117	0.0090	0.0027	0.1084	0.0628	0.0456	0.0000	0.0000	0.0000	0.0000	0.0000	0.0000	0.0000	0.0000	0.0000	0.0000	0.0000	0.0000	0.0000	0.0000	0.0000	0.0000	0.0000	0.0000											
12	86	0.1193	3	1	1	0	0	0	0	0	0	N	N	N	N	N	N	N	N	N	N	N	N	0.0000	0.0000	0.0000	0.0000	0.0000	0.0000	0.0000	0.0000	0.0000	0.0000	0.0000	0.0000	0.0000	0.0000	0.0000	0.0066	0.0000	0.0161	0.0111	0.0000	0.0483	0.0061	0.0000	0.0143	inf	0.0000	0.0001	3.0000	1.0086	5.0000	2.0000	0.0000	0.0000	0.0000	0.0000	0.0000	0.0000	0.0000	0.0000	0.0000	0.0003	0.0000	0.0003	0.0001	0.0000	0.0001	0.0003	0.0000	0.0003	0.0406	0.0346	0.0060	0.0021	0.0020	0.0001	0.0385	0.0326	0.0059	0.0472	0.0280	0.0192	0.0045	0.0035	0.0010	0.0427	0.0245	0.0182	0.0000	0.0000	0.0000	0.0000	0.0000	0.0000	0.0000	0.0000	0.0000	0.0066	0.0000	0.0161	0.0111	0.0000	0.0483	0.0061	0.0000	0.0143				
12	89	0.1366	5	1	2	0	0	0	0	0	0	N	Y	N	N	N	N	N	N	N	N	N	N	11385.3587	7882.9821	3967.8416	3019.2394	0.8319	0.9532	0.0000	2.2202	2.2250	0.0000	0.0000	0.0000	0.0000	0.0001	0.0001	0.0000	0.0006	0.0007	0.0000	0.0000	0.0000	0.0000	0.0000	0.0000	-0.0009	-0.0000	3.0000	0.0157	5.0000	9.0253	0.0019	0.0019	0.0000	0.0019	0.0019	0.0000	0.0000	0.0000	0.0000	0.0000	0.0000	0.0000	0.0000	0.0000	0.0000	0.0000	0.0000	0.0000	0.0022	0.0019	0.0003	0.0008	0.0008	0.0000	0.0014	0.0011	0.0003	0.1369	0.0827	0.0542	0.0179	0.0136	0.0043	0.1190	0.0691	0.0499	11385.3587	7882.9821	0.0000	3967.8416	3019.2394	0.0000	0.0000	0.0000	0.0000	0.0001	0.0001	0.0000	0.0006	0.0007	0.0000	0.0000	0.0000	0.0000					
12	90	0.1280	4	1	2	0	0	0	0	0	0	N	Y	N	N	N	N	N	N	N	N	N	N	7951.5425	inf	116.4839	8019.8829	inf	116.1860	2.4988	2.9128	0.0920	0.0000	0.0000	0.0000	2.7987	3.2969	0.0972	0.0003	0.0000	0.0008	0.0000	0.0000	0.0000	0.0003	0.0000	0.0008	0.0054	inf	-0.0008	0.0000	3.0000	0.0169	5.0000	2.0013	0.0019	0.0018	0.0000	0.0000	0.0000	0.0000	0.0019	0.0018	0.0000	0.0000	0.0000	0.0000	0.0000	0.0000	0.0000	0.0000	0.0000	0.0000	0.0007	0.0006	0.0001	0.0001	0.0001	0.0000	0.0007	0.0006	0.0001	0.0318	0.0192	0.0127	0.0032	0.0025	0.0007	0.0287	0.0167	0.0120	7951.5425	inf	116.4839	0.0000	0.0000	0.0000	8019.8829	inf	116.1860	0.0003	0.0000	0.0008	0.0000	0.0000	0.0000	0.0003	0.0000	0.0008			
12	91	0.1193	3	1	1	0	0	0	0	0	0	N	N	N	N	N	N	N	N	N	N	N	N	0.0000	0.0000	0.0000	0.0000	0.0000	0.0000	0.0000	0.0000	0.0000	0.0000	0.0000	0.0000	0.0000	0.0000	0.0000	0.0095	0.0000	0.0236	0.0154	0.0000	0.0708	0.0089	0.0000	0.0208	inf	0.0000	0.0001	3.0000	1.9923	5.0000	0.0454	0.0000	0.0000	0.0000	0.0000	0.0000	0.0000	0.0000	0.0000	0.0000	0.0003	0.0000	0.0003	0.0001	0.0000	0.0001	0.0003	0.0000	0.0003	0.0790	0.0674	0.0116	0.0039	0.0037	0.0002	0.0751	0.0637	0.0115	0.0326	0.0193	0.0132	0.0032	0.0025	0.0007	0.0293	0.0168	0.0125	0.0000	0.0000	0.0000	0.0000	0.0000	0.0000	0.0000	0.0000	0.0000	0.0095	0.0000	0.0234	0.0154	0.0000	0.0708	0.0089	0.0000	0.0208				
12	92	0.0756	2	1	1	0	0	0	0	0	0	N	N	N	N	N	N	N	N	N	N	N	N	0.0000	0.0000	0.0000	0.0000	0.0000	0.0000	0.0000	0.0000	0.0000	0.0000	0.0000	0.0000	0.0000	0.0000	0.0000	0.0000	0.0000	6.8809	0.0006	34.0301	0.0000	0.0000	0.0000	7.0894	0.0006	33.2337	19992.5604	0.0000	0.4599	3.0000	1.0098	5.0000	9.0196	0.0000	0.0000	0.0000	0.0000	0.0000	0.0000	0.0000	0.0000	0.0000	0.9997	0.0001	0.9997	0.0000	0.0000	0.0000	0.9997	0.0000	0.9997	0.0406	0.0346	0.0060	0.0023	0.0022	0.0001	0.0383	0.0324	0.0059	0.1453	0.0845	0.0607	0.0043	0.0034	0.0009	0.1410	0.0812	0.0598	0.0000	0.0000	0.0000	0.0000	0.0000	0.0000	0.0000	0.0000	0.0000	6.8809	0.0006	16.4574	0.0000	0.0000	0.0000	7.0894	0.0006	16.7040		
12	93	0.1723	7	2	2	0	1	0	0	0	0	Y	Y	N	N	N	N	N	N	N	N	N	N	0.0000	0.0000	0.0000	0.0000	0.0000	0.0000	0.0000	0.0000	0.0000	0.0000	0.0000	0.0000	0.0000	0.0000	0.0000	0.0000	0.0000	0.0000	0.0000	0.0000	3.0000	0.0000	5.0000	0.0000	0.0000	0.0000	0.0000	0.0000	0.0000	0.0000	0.0000	0.0000	0.0000	0.0000	0.0000	0.0000	0.0000	0.0000	0.0000	0.0000	0.0000	0.0000	0.0000	0.0000	0.0000	0.0000	0.0000	0.0000	0.0000	0.0000	0.0000	0.0000	0.0000	0.0000	0.0000	0.0000	0.0000	0.0000	0.0000	0.0000	0.0000	0.0000	0.0000	0.0000	0.0000	0.0000	0.0000	0.0000	0.0000	0.0000	0.0000	0.0000	0.0000	0.0000	0.0000	0.0000	0.0000	0.0000											
12	94	0.1723	6	2	2	0	1	0	0	0	0	Y	Y	N	N	N	N	N	N	N	N	N	N	0.0000	0.0000	0.0000	0.0000	0.0000	0.0000	0.0000	0.0000	0.0000	0.0000	0.0000	0.0000	0.0000	0.0000	0.0000	0.0000	0.0000	0.0000	0.0000	0.0000	3.0000	0.0000	5.0000	0.0001	0.0000	0.0000	0.0000	0.0000	0.0000	0.0000	0.0000	0.0000	0.0000	0.0000	0.0000	0.0000	0.0000	0.0000	0.0000	0.0000	0.0000	0.0000	0.0000	0.0000	0.0000	0.0000	0.0000	0.0000	0.0000	0.0000	0.0000	0.0000	0.0000	0.0000	0.0000	0.0000	0.0000	0.0000	0.0000	0.0000	0.0000	0.0000	0.0000	0.0000	0.0000	0.0000	0.0000	0.0000	0.0000	0.0000	0.0000	0.0000	0.0000	0.0000	0.0000	0.0000	0.0000	0.0000											
12	95	0.1543	5	1	2	0	1	0	0	0	0	N	Y	N	N	N	N	N	N	N	N	N	N	0.0000	0.0000	0.0000	0.0000	0.0000	0.0000	0.0000	0.0000	0.0000	0.0000	0.0000	0.0000	0.0000	0.0000	0.0000	34.9980	50.2241	0.0000	4.1533	4.9928	0.0000	34.0460	58.8380	0.0000	0.0000	0.0000	-0.5302	3.0000	0.9845	5.0000	0.9903	0.0000	0.0000	0.0000	0.0000	0.0000	0.0000	0.0000	0.0000	0.0000	0.9820	0.9820	0.0000	0.0016	0.0016	0.0000	0.9804	0.9804	0.0000	0.0409	0.0350	0.0059	0.0045	0.0043	0.0002	0.0364	0.0307	0.0057	0.0321	0.0196	0.0125	0.0033	0.0029	0.0004	0.0288	0.0167	0.0121	0.0000	0.0000	0.0000	0.0000	0.0000	0.0000	0.0000	0.0000	0.0000	30.6300	50.2241	0.0000	0.4751	0.5366	0.0000	34.0460	58.8380	0.0000				
12	96	0.1515	5	1	2	0	0	0	0	0	0	N	Y	N	N	N	N	N	N	N	N	N	N	0.0000	0.0000	0.0000	0.0000	0.0000	0.0000	0.0000	0.0000	0.0000	0.0000	0.0000	0.0000	0.0000	0.0775	0.1190	0.0000	1.6070	1.9466	0.0000	0.0000	0.0000	0.0000	0.0000	0.0000	-0.0048	3.0000	1.0063	5.0000	3.7812	0.0000	0.0000	0.0000	0.0000	0.0000	0.0000	0.0000	0.0000	0.0000	0.0089	0.0089	0.0000	0.0089	0.0089	0.0000	0.0000	0.0000	0.0000	0.0409	0.0349	0.0060	0.0031	0.0029	0.0002	0.0378	0.0320	0.0058	0.1151	0.0749	0.0402	0.0332	0.0290	0.0042	0.0819	0.0460	0.0360	0.0000	0.0000	0.0000	0.0000	0.0000	0.0000	0.0000	0.0000	0.0000	0.0775	0.1190	0.0000	0.2687	0.3078	0.0000	0.0000	0.0000	0.0000						
12	97	0.1543	5	1	1	1	1	0	0	0	0	N	N	N	N	N	N	N	N	N	N	N	N	0.0000	0.0000	0.0000	0.0000	0.0000	0.0000	0.0000	0.0000	0.0000	0.0000	0.0000	0.0000	0.0000	1.1067	2.2614	0.0000	166.3527	198.5028	0.0000	0.0000	0.0000	0.0000	0.0000	0.0000	-0.0114	3.0000	1.0165	5.0000	1.0129	0.0000	0.0000	0.0000	0.0000	0.0000	0.0000	0.0000	0.0000	0.0000	0.0211	0.0211	0.0000	0.0211	0.0211	0.0000	0.0000	0.0000	0.0000	0.0421	0.0360	0.0061	0.0046	0.0044	0.0002	0.0375	0.0317	0.0058	0.0329	0.0200	0.0128	0.0033	0.0029	0.0004	0.0295	0.0171	0.0125	0.0000	0.0000	0.0000	0.0000	0.0000	0.0000	0.0000	0.0000	0.0000	0.6415	1.0526	0.0000	6.3577	7.1897	0.0000	0.0000	0.0000	0.0000						
12	98	0.1414	4	1	1	0	1	0	0	0	0	N	N	N	N	N	N	N	N	N	N	N	N	0.0000	0.0000	0.0000	0.0000	0.0000	0.0000	0.0000	0.0000	0.0000	0.0000	0.0000	0.0000	0.0000	0.0000	0.0000	0.0000	0.0000	0.0000	21.6830	39.2732	0.0027	867.4469	910.3662	0.0096	0.4696	0.8158	0.0023	0.0000	0.0000	-0.5497	3.0000	2.0241	5.0000	1.0265	0.0000	0.0000	0.0000	0.0000	0.0000	0.0000	0.0000	0.0000	0.0000	1.0181	1.0181	0.0001	0.9985	0.9985	0.0000	0.0196	0.0196	0.0000	0.0816	0.0698	0.0119	0.0064	0.0061	0.0003	0.0752	0.0637	0.0115	0.0470	0.0282	0.0188	0.0052	0.0042	0.0010	0.0417	0.0240	0.0178	0.0000	0.0000	0.0000	0.0000	0.0000	0.0000	0.0000	0.0000	0.0000	21.6830	36.1605	0.0027	191.3858	239.0678	0.0096	0.4696	0.8158	0.0023	
12	99	0.1414	4	1	1	1	1	0	0	0	0	N	N	N	N	N	N	N	N	N	N	N	N	0.0000	0.0000	0.0000	0.0000	0.0000	0.0000	0.0000	0.0000	0.0000	0.0000	0.0000	0.0000	0.0000	0.0000	0.0000	0.0000	0.0000	0.0000	0.0000	0.0000	3.0000	3.0066	5.0000	0.0000	0.0000	0.0000	0.0000	0.0000	0.0000	0.0000	0.0000	0.0000	0.0000	0.0000	0.0000	0.0000	0.0000	0.0000	0.0000	0.0000	0.0000	0.0000	0.1197	0.1023	0.0174	0.0092	0.0087	0.0005	0.1105	0.0936	0.0169	0.0463	0.0278	0.0185	0.0051	0.0041	0.0010	0.0411	0.0236	0.0175	0.0000	0.0000	0.0000	0.0000	0.0000	0.0000	0.0000	0.0000	0.0000	0.0000	0.0000	0.0000	0.0000	0.0000	0.0000	0.0000	0.0000	0.0000											
12	100	0.1671	4	1	1	1	1	0	0	0	0	N	N	N	N	N	N	N	N	N	N	N	N	0.0000	0.0000	0.0000	0.0000	0.0000	0.0000	0.0000	0.0000	0.0000	0.0000	0.0000	0.0000	0.0000	0.0000	0.0000	0.0000	0.0000	0.0000	0.0000	0.0000	3.0000	0.0000	5.0000	2.0000	0.0000	0.0000	0.0000	0.0000	0.0000	0.0000	0.0000	0.0000	0.0000	0.0000	0.0000	0.0000	0.0000	0.0000	0.0000	0.0000	0.0000	0.0000	0.0000	0.0000	0.0000	0.0000	0.0000	0.0000	0.0000	0.0000	0.0000	0.0299	0.0177	0.0122	0.0035	0.0027	0.0007	0.0264	0.0149	0.0115	0.0000	0.0000	0.0000	0.0000	0.0000	0.0000	0.0000	0.0000	0.0000	0.0000	0.0000	0.0000	0.0000	0.0000	0.0000	0.0000	0.0000	0.0000											
12	101	0.1281	3	1	1	1	1	0	0	0	0	N	N	N	N	N	N	N	N	N	N	N	N	0.0000	0.0000	0.0000	0.0000	0.0000	0.0000	0.0000	0.0000	0.0000	0.0000	0.0000	0.0000	0.0000	0.0000	0.0000	0.0444	0.0740	0.0000	0.0172	0.0204	0.0000	0.0483	0.0854	0.0000	0.0000	0.0000	-0.0034	3.0000	5.8899	5.0000	3.1847	0.0000	0.0000	0.0000	0.0000	0.0000	0.0000	0.0000	0.0000	0.0000	0.0063	0.0063	0.0000	0.0003	0.0003	0.0000	0.0060	0.0060	0.0000	0.2357	0.2017	0.0340	0.0226	0.0210	0.0016	0.2131	0.1807	0.0324	0.1429	0.0859	0.0571	0.0180	0.0152	0.0028	0.1250	0.0707	0.0543	0.0000	0.0000	0.0000	0.0000	0.0000	0.0000	0.0000	0.0000	0.0000	0.0444	0.0740	0.0000	0.0172	0.0204	0.0000	0.0483	0.0854	0.0000				
12	102	0.1749	3	2	2	0	0	0	0	0	0	Y	Y	N	N	N	N	N	N	N	N	N	N	0.0000	0.0000	0.0000	0.0000	0.0000	0.0000	0.0000	0.0000	0.0000	0.0000	0.0000	0.0000	0.0000	0.0000	0.0000	0.0000	0.0000	0.0000	0.0000	0.0000	3.0000	0.0000	5.0000	0.0000	0.0000	0.0000	0.0000	0.0000	0.0000	0.0000	0.0000	0.0000	0.0000	0.0000	0.0000	0.0000	0.0000	0.0000	0.0000	0.0000	0.0000	0.0000	0.0000	0.0000	0.0000	0.0000	0.0000	0.0000	0.0000	0.0000	0.0000	0.0000	0.0000	0.0000	0.0000	0.0000	0.0000	0.0000	0.0000	0.0000	0.0000	0.0000	0.0000	0.0000	0.0000	0.0000	0.0000	0.0000	0.0000	0.0000	0.0000	0.0000	0.0000	0.0000	0.0000	0.0000	0.0000	0.0000											
12	103	0.0756	2	2	2	0	0	0	0	0	0	Y	Y	N	N	N	N	N	N	N	N	N	N	0.0000	0.0000	0.0000	0.0000	0.0000	0.0000	0.0000	0.0000	0.0000	0.0000	0.0000	0.0000	0.0000	0.0000	0.0001	0.0000	0.0011	0.0014	0.0000	0.0000	0.0000	0.0000	0.0000	0.0000	-0.0000	3.0000	8.0012	5.0000	14.0016	0.0000	0.0000	0.0000	0.0000	0.0000	0.0000	0.0000	0.0000	0.0000	0.0000	0.0000	0.0000	0.0000	0.0000	0.0000	0.0000	0.0000	0.0000	0.3002	0.2568	0.0434	0.0161	0.0153	0.0009	0.2840	0.2415	0.0425	0.2923	0.1703	0.1221	0.0089	0.0070	0.0019	0.2835	0.1633	0.1202	0.0000	0.0000	0.0000	0.0000	0.0000	0.0000	0.0000	0.0000	0.0000	0.0000	0.0001	0.0000	0.0011	0.0014	0.0000	0.0000	0.0000	0.0000						
12	104	0.1386	3	1	2	0	0	0	0	0	0	N	Y	N	N	N	N	N	N	N	N	N	N	0.0000	0.0000	0.0000	0.0000	0.0000	0.0000	0.0000	0.0000	0.0000	0.0000	0.0000	0.0000	0.0000	0.0000	0.0000	0.0000	0.0000	0.0361	0.0010	0.0953	0.0109	0.0039	0.0342	0.0426	0.0000	0.1190	58.0000	0.0000	0.0008	3.0000	2.0010	5.0000	1.0153	0.0000	0.0000	0.0000	0.0000	0.0000	0.0000	0.0000	0.0000	0.0000	0.0018	0.0000	0.0017	0.0001	0.0000	0.0001	0.0017	0.0000	0.0017	0.0789	0.0673	0.0116	0.0043	0.0041	0.0002	0.0746	0.0632	0.0114	0.0490	0.0298	0.0192	0.0101	0.0078	0.0023	0.0389	0.0221	0.0169	0.0000	0.0000	0.0000	0.0000	0.0000	0.0000	0.0000	0.0000	0.0000	0.0361	0.0010	0.0906	0.0109	0.0039	0.0342	0.0426	0.0000	0.0984		
12	105	0.0756	2	1	2	0	0	0	0	0	0	N	Y	N	N	N	N	N	N	N	N	N	N	0.0000	0.0000	0.0000	0.0000	0.0000	0.0000	0.0000	0.0000	0.0000	0.0000	0.0000	0.0000	0.0000	0.0000	0.0000	0.0000	0.0000	5.0487	0.0010	23.1923	0.0017	0.0022	0.0000	5.2032	0.0009	22.7561	9075.1901	0.0000	0.4592	3.0000	3.0162	5.0000	11.0438	0.0000	0.0000	0.0000	0.0000	0.0000	0.0000	0.0000	0.0000	0.0000	0.9984	0.0001	0.9983	0.0000	0.0000	0.0000	0.9984	0.0001	0.9983	0.1187	0.1012	0.0174	0.0065	0.0062	0.0004	0.1121	0.0951	0.0171	0.1977	0.1151	0.0826	0.0059	0.0046	0.0012	0.1919	0.1105	0.0814	0.0000	0.0000	0.0000	0.0000	0.0000	0.0000	0.0000	0.0000	0.0000	5.0487	0.0010	12.0795	0.0017	0.0022	0.0000	5.2032	0.0009	12.2629		
12	106	0.1765	7	2	2	0	0	0	0	0	0	Y	Y	N	N	N	N	N	N	N	N	N	N	0.0000	0.0000	0.0000	0.0000	0.0000	0.0000	0.0000	0.0000	0.0000	0.0000	0.0000	0.0000	0.0000	0.0000	0.0000	0.0000	0.0000	0.0000	0.0000	0.0000	3.0000	1.0000	5.0000	1.0000	0.0000	0.0000	0.0000	0.0000	0.0000	0.0000	0.0000	0.0000	0.0000	0.0000	0.0000	0.0000	0.0000	0.0000	0.0000	0.0000	0.0000	0.0000	0.0403	0.0344	0.0059	0.0029	0.0028	0.0002	0.0374	0.0317	0.0057	0.0320	0.0203	0.0116	0.0099	0.0080	0.0020	0.0221	0.0124	0.0097	0.0000	0.0000	0.0000	0.0000	0.0000	0.0000	0.0000	0.0000	0.0000	0.0000	0.0000	0.0000	0.0000	0.0000	0.0000	0.0000	0.0000	0.0000											
12	107	0.1723	6	2	2	0	0	0	0	0	0	Y	Y	N	N	N	N	N	N	N	N	N	N	0.0000	0.0000	0.0000	0.0000	0.0000	0.0000	0.0000	0.0000	0.0000	0.0000	0.0000	0.0000	0.0000	0.0000	0.0000	0.0000	0.0000	0.0000	0.0000	0.0000	3.0000	0.0000	5.0000	0.9999	0.0000	0.0000	0.0000	0.0000	0.0000	0.0000	0.0000	0.0000	0.0000	0.0000	0.0000	0.0000	0.0000	0.0000	0.0000	0.0000	0.0000	0.0000	0.0000	0.0000	0.0000	0.0000	0.0000	0.0000	0.0000	0.0000	0.0000	0.0160	0.0100	0.0060	0.0039	0.0031	0.0008	0.0121	0.0068	0.0053	0.0000	0.0000	0.0000	0.0000	0.0000	0.0000	0.0000	0.0000	0.0000	0.0000	0.0000	0.0000	0.0000	0.0000	0.0000	0.0000	0.0000	0.0000											
12	108	0.1515	5	2	2	0	0	0	0	0	0	Y	Y	N	N	N	N	N	N	N	N	N	N	0.0000	0.0000	0.0000	0.0000	0.0000	0.0000	0.0000	0.0000	0.0000	0.0000	0.0000	0.0000	0.0000	0.0000	0.0000	8.7263	13.5824	0.0000	0.0033	0.0038	0.0000	11.8982	21.1962	0.0000	0.0000	0.0000	-0.5352	3.0000	0.0100	5.0000	4.8896	0.0000	0.0000	0.0000	0.0000	0.0000	0.0000	0.0000	0.0000	0.0000	0.9912	0.9912	0.0000	0.0001	0.0001	0.0000	0.9911	0.9911	0.0000	0.0008	0.0007	0.0001	0.0002	0.0002	0.0000	0.0006	0.0004	0.0001	0.1167	0.0759	0.0408	0.0334	0.0291	0.0043	0.0833	0.0468	0.0365	0.0000	0.0000	0.0000	0.0000	0.0000	0.0000	0.0000	0.0000	0.0000	8.4963	13.0652	0.0000	0.0033	0.0038	0.0000	11.8982	21.1962	0.0000				
12	109	0.1414	4	1	2	0	0	0	0	0	0	N	Y	N	N	N	N	N	N	N	N	N	N	0.0000	0.0000	0.0000	0.0000	0.0000	0.0000	0.0000	0.0000	0.0000	0.0000	0.0000	0.0000	0.0000	0.0000	0.0000	0.3202	0.8150	0.0047	0.0000	0.0000	0.0000	0.2702	0.4666	0.0050	0.0079	0.0000	-0.0047	3.0000	1.0007	5.0000	1.4004	0.0000	0.0000	0.0000	0.0000	0.0000	0.0000	0.0000	0.0000	0.0000	0.0089	0.0089	0.0001	0.0000	0.0000	0.0000	0.0089	0.0088	0.0001	0.0412	0.0352	0.0060	0.0034	0.0033	0.0002	0.0378	0.0319	0.0058	0.0371	0.0223	0.0149	0.0041	0.0033	0.0008	0.0330	0.0190	0.0140	0.0000	0.0000	0.0000	0.0000	0.0000	0.0000	0.0000	0.0000	0.0000	0.2402	0.3974	0.0047	0.0000	0.0000	0.0000	0.2702	0.4666	0.0050				
12	110	0.1281	3	1	1	0	0	0	0	0	0	N	N	N	N	N	N	N	N	N	N	N	N	0.0000	0.0000	0.0000	0.0000	0.0000	0.0000	0.0000	0.0000	0.0000	0.0000	0.0000	0.0000	0.0000	0.0000	0.0000	0.1080	0.2370	0.0000	0.0315	0.0353	0.0000	0.1234	0.2231	0.0000	0.0000	0.0000	-0.0034	3.0000	0.3039	5.0000	2.8719	0.0000	0.0000	0.0000	0.0000	0.0000	0.0000	0.0000	0.0000	0.0000	0.0063	0.0063	0.0000	0.0003	0.0003	0.0000	0.0060	0.0060	0.0000	0.0220	0.0188	0.0032	0.0074	0.0066	0.0007	0.0147	0.0122	0.0025	0.0588	0.0359	0.0229	0.0098	0.0088	0.0010	0.0489	0.0271	0.0219	0.0000	0.0000	0.0000	0.0000	0.0000	0.0000	0.0000	0.0000	0.0000	0.1080	0.1771	0.0000	0.0315	0.0353	0.0000	0.1234	0.2231	0.0000				
12	111	0.0756	2	1	1	0	0	0	0	0	0	N	N	N	N	N	N	N	N	N	N	N	N	0.0000	0.0000	0.0000	0.0000	0.0000	0.0000	0.0000	0.0000	0.0000	0.0000	0.0000	0.0000	0.0000	0.0000	0.0000	0.0000	0.0000	5.9549	9.9676	0.0015	0.0020	0.0025	0.0000	5.9784	10.3840	0.0016	0.0001	0.0000	-0.5366	3.0000	3.8240	5.0000	8.1760	0.0000	0.0000	0.0000	0.0000	0.0000	0.0000	0.0000	0.0000	0.0000	0.9940	0.9939	0.0001	0.0000	0.0000	0.0000	0.9940	0.9939	0.0001	0.1492	0.1274	0.0218	0.0082	0.0077	0.0004	0.1411	0.1197	0.0214	0.1713	0.0997	0.0716	0.0051	0.0040	0.0011	0.1663	0.0957	0.0706	0.0000	0.0000	0.0000	0.0000	0.0000	0.0000	0.0000	0.0000	0.0000	5.8018	9.9676	0.0015	0.0020	0.0025	0.0000	5.9784	10.3840	0.0016		
12	115	0.2682	5	1	1	0	0	0	0	0	0	N	N	N	N	N	N	N	N	N	N	N	N	6.4527	0.0000	inf	0.0540	0.0000	inf	inf	inf	0.7996	0.0000	6.1101	0.0826	0.0000	2.4518	0.9348	0.0000	6.2660	0.1239	0.2310	0.0000	1.5310	2.0336	0.0000	0.0000	0.0000	0.0000	inf	0.0000	0.1664	-0.0384	3.0000	8.9918	5.0000	13.3277	0.3092	0.0000	0.3092	0.0051	0.0000	0.0051	0.3041	0.0000	0.3041	0.0712	0.0712	0.0000	0.0712	0.0712	0.0000	0.0000	0.0000	0.0000	0.3867	0.3361	0.0506	0.0614	0.0593	0.0021	0.3253	0.2768	0.0485	0.5743	0.4155	0.1588	0.2661	0.2291	0.0371	0.3081	0.1864	0.1217	6.4527	0.0000	inf	0.3090	0.0000	inf	inf	0.0000	inf	0.1239	0.1713	0.0000	0.2674	0.3107	0.0000	0.0000	0.0000	0.0000	
13	14	0.1334	4	0	1	1	1	0	0	0	0	N	N	N	N	N	N	N	N	N	N	N	N	0.0000	0.0000	0.0000	0.0000	0.0000	0.0000	0.0000	0.0000	0.0000	0.0000	0.0000	0.0000	0.0000	0.0000	0.0000	0.0000	0.0000	0.0000	0.0000	0.0000	0.0000	2.0000	0.0000	8.0000	0.0000	0.0000	0.0000	0.0000	0.0000	0.0000	0.0000	0.0000	0.0000	0.0000	0.0000	0.0000	0.0000	0.0000	0.0000	0.0000	0.0000	0.0000	0.0000	0.0000	0.0000	0.0000	0.0000	0.0000	0.0000	0.0000	0.0000	0.0000	0.0000	0.0000	0.0000	0.0000	0.0000	0.0000	0.0000	0.0000	0.0000	0.0000	0.0000	0.0000	0.0000	0.0000	0.0000	0.0000	0.0000	0.0000	0.0000	0.0000	0.0000	0.0000	0.0000	0.0000	0.0000	0.0000											
13	15	0.0524	3	0	0	1	2	0	0	0	0	N	N	N	Y	N	N	N	N	N	N	N	N	0.0000	0.0000	0.0000	0.0000	0.0000	0.0000	0.0000	0.0000	0.0000	0.0000	0.0000	0.0000	0.0000	0.0000	0.0000	0.0000	0.0000	0.0000	0.0000	0.0000	0.0000	2.0066	0.0000	2.0000	0.0000	0.0000	0.0000	0.0000	0.0000	0.0000	0.0000	0.0000	0.0000	0.0000	0.0000	0.0000	0.0000	0.0000	0.0000	0.0000	0.0000	0.0000	0.0000	0.0000	0.0000	0.0000	0.0000	0.0000	0.0000	0.0000	0.0000	0.0000	0.0000	0.0000	0.0000	0.0000	0.0000	0.0000	0.0000	0.0000	0.0000	0.0000	0.0000	0.0000	0.0000	0.0000	0.0000	0.0000	0.0000	0.0000	0.0000	0.0000	0.0000	0.0000	0.0000	0.0000	0.0000	0.0000											
13	16	0.1480	5	0	1	1	2	0	0	0	0	N	N	N	Y	N	N	N	N	N	N	N	N	0.0000	0.0000	0.0000	0.0000	0.0000	0.0000	0.0000	0.0000	0.0000	0.0000	0.0000	0.0000	0.0000	0.0000	0.0000	0.0000	0.0000	0.0000	0.0000	0.0000	0.0000	24.0000	0.0000	5.0000	0.0000	0.0000	0.0000	0.0000	0.0000	0.0000	0.0000	0.0000	0.0000	0.0000	0.0000	0.0000	0.0000	0.0000	0.0000	0.0000	0.0000	0.0000	0.0000	0.0000	0.0000	0.0000	0.0000	0.0000	0.0000	0.0000	0.0000	0.0000	0.0000	0.0000	0.0000	0.0000	0.0000	0.0000	0.0000	0.0000	0.0000	0.0000	0.0000	0.0000	0.0000	0.0000	0.0000	0.0000	0.0000	0.0000	0.0000	0.0000	0.0000	0.0000	0.0000	0.0000	0.0000	0.0000											
13	17	0.1523	6	0	1	1	1	0	0	0	0	N	N	N	N	N	N	N	N	N	N	N	N	0.0000	0.0000	0.0000	0.0000	0.0000	0.0000	0.0000	0.0000	0.0000	0.0000	0.0000	0.0000	0.0000	0.0000	0.0000	0.0000	0.0000	0.0000	0.0000	0.0000	0.0000	0.9987	0.0000	5.5397	0.0000	0.0000	0.0000	0.0000	0.0000	0.0000	0.0000	0.0000	0.0000	0.0000	0.0000	0.0000	0.0000	0.0000	0.0000	0.0000	0.0000	0.0000	0.0000	0.0000	0.0000	0.0000	0.0000	0.0000	0.0000	0.0000	0.0000	0.0000	0.0000	0.0000	0.0000	0.0000	0.0000	0.0000	0.0000	0.0000	0.0000	0.0000	0.0000	0.0000	0.0000	0.0000	0.0000	0.0000	0.0000	0.0000	0.0000	0.0000	0.0000	0.0000	0.0000	0.0000	0.0000	0.0000											
13	18	0.0524	3	0	1	1	2	0	0	0	0	N	N	N	Y	N	N	N	N	N	N	N	N	0.0000	0.0000	0.0000	0.0000	0.0000	0.0000	0.0000	0.0000	0.0000	0.0000	0.0000	0.0000	0.0000	0.0000	0.0000	0.0000	0.0000	0.0000	0.0000	0.0000	0.0000	0.9934	0.0000	0.0000	0.0000	0.0000	0.0000	0.0000	0.0000	0.0000	0.0000	0.0000	0.0000	0.0000	0.0000	0.0000	0.0000	0.0000	0.0000	0.0000	0.0000	0.0000	0.0000	0.0000	0.0000	0.0000	0.0000	0.0000	0.0000	0.0000	0.0000	0.0000	0.0000	0.0000	0.0000	0.0000	0.0000	0.0000	0.0000	0.0000	0.0000	0.0000	0.0000	0.0000	0.0000	0.0000	0.0000	0.0000	0.0000	0.0000	0.0000	0.0000	0.0000	0.0000	0.0000	0.0000	0.0000	0.0000											
13	19	0.0916	3	1	1	1	1	0	0	0	0	N	N	N	N	N	N	N	N	N	N	N	N	0.0000	0.0000	0.0000	0.0000	0.0000	0.0000	0.0000	0.0000	0.0000	0.0000	0.0000	0.0000	0.0000	0.0000	0.0000	0.0000	0.0000	0.0000	0.0000	0.0000	0.0000	1.0015	0.0000	7.0016	0.0000	0.0000	0.0000	0.0000	0.0000	0.0000	0.0000	0.0000	0.0000	0.0000	0.0000	0.0000	0.0000	0.0000	0.0000	0.0000	0.0000	0.0000	0.0000	0.0000	0.0000	0.0000	0.0000	0.0000	0.0000	0.0000	0.0000	0.0000	0.0000	0.0000	0.0000	0.0000	0.0000	0.0000	0.0000	0.0000	0.0000	0.0000	0.0000	0.0000	0.0000	0.0000	0.0000	0.0000	0.0000	0.0000	0.0000	0.0000	0.0000	0.0000	0.0000	0.0000	0.0000	0.0000											
13	20	0.1545	4	0	1	1	1	0	0	0	0	N	N	N	N	N	N	N	N	N	N	N	N	0.0000	0.0000	0.0000	0.0000	0.0000	0.0000	0.0000	0.0000	0.0000	0.0000	0.0000	0.0000	0.0000	0.0000	0.0000	0.0000	0.0000	0.0000	0.0000	0.0000	0.0000	1.0004	0.0000	2.0077	0.0000	0.0000	0.0000	0.0000	0.0000	0.0000	0.0000	0.0000	0.0000	0.0000	0.0000	0.0000	0.0000	0.0000	0.0000	0.0000	0.0000	0.0000	0.0000	0.0000	0.0000	0.0000	0.0000	0.0000	0.0000	0.0000	0.0000	0.0000	0.0000	0.0000	0.0000	0.0000	0.0000	0.0000	0.0000	0.0000	0.0000	0.0000	0.0000	0.0000	0.0000	0.0000	0.0000	0.0000	0.0000	0.0000	0.0000	0.0000	0.0000	0.0000	0.0000	0.0000	0.0000	0.0000											
13	21	0.1788	6	0	0	1	2	0	0	0	0	N	N	N	Y	N	N	N	N	N	N	N	N	0.0000	0.0000	0.0000	0.0000	0.0000	0.0000	0.0000	0.0000	0.0000	0.0000	0.0000	0.0000	0.0000	0.0000	0.0000	0.0000	0.0000	0.0000	0.0000	0.0000	0.0000	2.0000	0.0000	1.0003	0.0000	0.0000	0.0000	0.0000	0.0000	0.0000	0.0000	0.0000	0.0000	0.0000	0.0000	0.0000	0.0000	0.0000	0.0000	0.0000	0.0000	0.0000	0.0000	0.0000	0.0000	0.0000	0.0000	0.0000	0.0000	0.0000	0.0000	0.0000	0.0000	0.0000	0.0000	0.0000	0.0000	0.0000	0.0000	0.0000	0.0000	0.0000	0.0000	0.0000	0.0000	0.0000	0.0000	0.0000	0.0000	0.0000	0.0000	0.0000	0.0000	0.0000	0.0000	0.0000	0.0000	0.0000											
13	22	0.1659	6	1	0	2	1	0	0	0	0	N	N	Y	N	N	N	N	N	N	N	N	N	0.0000	0.0000	0.0000	0.0000	0.0000	0.0000	0.0000	0.0000	0.0000	0.0000	0.0000	0.0000	0.0000	0.0000	0.0000	0.0000	0.0000	0.0000	0.0000	0.0000	0.0000	0.0000	0.0000	4.9921	0.0000	0.0000	0.0000	0.0000	0.0000	0.0000	0.0000	0.0000	0.0000	0.0000	0.0000	0.0000	0.0000	0.0000	0.0000	0.0000	0.0000	0.0000	0.0000	0.0000	0.0000	0.0000	0.0000	0.0000	0.0000	0.0000	0.0000	0.0000	0.0000	0.0000	0.0000	0.0000	0.0000	0.0000	0.0000	0.0000	0.0000	0.0000	0.0000	0.0000	0.0000	0.0000	0.0000	0.0000	0.0000	0.0000	0.0000	0.0000	0.0000	0.0000	0.0000	0.0000	0.0000	0.0000											
13	23	0.1497	6	0	1	1	1	0	0	0	0	N	N	N	N	N	N	N	N	N	N	N	N	0.0000	0.0000	0.0000	0.0000	0.0000	0.0000	0.0000	0.0000	0.0000	0.0000	0.0000	0.0000	0.0000	0.0000	0.0000	0.0000	0.0000	0.0000	0.0000	0.0000	0.0000	1.9996	0.0000	0.0142	0.0000	0.0000	0.0000	0.0000	0.0000	0.0000	0.0000	0.0000	0.0000	0.0000	0.0000	0.0000	0.0000	0.0000	0.0000	0.0000	0.0000	0.0000	0.0000	0.0000	0.0000	0.0000	0.0000	0.0000	0.0000	0.0000	0.0000	0.0000	0.0000	0.0000	0.0000	0.0000	0.0000	0.0000	0.0000	0.0000	0.0000	0.0000	0.0000	0.0000	0.0000	0.0000	0.0000	0.0000	0.0000	0.0000	0.0000	0.0000	0.0000	0.0000	0.0000	0.0000	0.0000	0.0000											
13	24	0.0916	3	0	1	1	1	0	0	0	0	N	N	N	N	N	N	N	N	N	N	N	N	0.0000	0.0000	0.0000	0.0000	0.0000	0.0000	0.0000	0.0000	0.0000	0.0000	0.0000	0.0000	0.0000	0.0000	0.0000	0.0000	0.0000	0.0000	0.0000	0.0000	0.0000	2.9988	0.0000	13.9984	0.0000	0.0000	0.0000	0.0000	0.0000	0.0000	0.0000	0.0000	0.0000	0.0000	0.0000	0.0000	0.0000	0.0000	0.0000	0.0000	0.0000	0.0000	0.0000	0.0000	0.0000	0.0000	0.0000	0.0000	0.0000	0.0000	0.0000	0.0000	0.0000	0.0000	0.0000	0.0000	0.0000	0.0000	0.0000	0.0000	0.0000	0.0000	0.0000	0.0000	0.0000	0.0000	0.0000	0.0000	0.0000	0.0000	0.0000	0.0000	0.0000	0.0000	0.0000	0.0000	0.0000	0.0000											
13	25	0.1334	4	1	1	1	1	0	0	0	0	N	N	N	N	N	N	N	N	N	N	N	N	0.0000	0.0000	0.0000	0.0000	0.0000	0.0000	0.0000	0.0000	0.0000	0.0000	0.0000	0.0000	0.0000	0.0000	0.0000	0.0000	0.0000	0.0000	0.0000	0.0000	0.0000	6.0000	0.0000	4.0000	0.0000	0.0000	0.0000	0.0000	0.0000	0.0000	0.0000	0.0000	0.0000	0.0000	0.0000	0.0000	0.0000	0.0000	0.0000	0.0000	0.0000	0.0000	0.0000	0.0000	0.0000	0.0000	0.0000	0.0000	0.0000	0.0000	0.0000	0.0000	0.0000	0.0000	0.0000	0.0000	0.0000	0.0000	0.0000	0.0000	0.0000	0.0000	0.0000	0.0000	0.0000	0.0000	0.0000	0.0000	0.0000	0.0000	0.0000	0.0000	0.0000	0.0000	0.0000	0.0000	0.0000	0.0000											
13	26	0.1538	7	0	1	1	1	0	0	0	0	N	N	N	N	N	N	N	N	N	N	N	N	0.0000	0.0000	0.0000	0.0000	0.0000	0.0000	0.0000	0.0000	0.0000	0.0000	0.0000	0.0000	0.0000	0.0000	0.0000	0.0000	0.0000	0.0000	0.0000	0.0000	0.0000	0.0000	0.0000	2.0002	0.0000	0.0000	0.0000	0.0000	0.0000	0.0000	0.0000	0.0000	0.0000	0.0000	0.0000	0.0000	0.0000	0.0000	0.0000	0.0000	0.0000	0.0000	0.0000	0.0000	0.0000	0.0000	0.0000	0.0000	0.0000	0.0000	0.0000	0.0000	0.0000	0.0000	0.0000	0.0000	0.0000	0.0000	0.0000	0.0000	0.0000	0.0000	0.0000	0.0000	0.0000	0.0000	0.0000	0.0000	0.0000	0.0000	0.0000	0.0000	0.0000	0.0000	0.0000	0.0000	0.0000	0.0000											
13	27	0.1480	5	1	1	1	1	0	0	0	0	N	N	N	N	N	N	N	N	N	N	N	N	0.0000	0.0000	0.0000	0.0000	0.0000	0.0000	0.0000	0.0000	0.0000	0.0000	0.0000	0.0000	0.0000	0.0000	0.0000	0.0000	0.0000	0.0000	0.0000	0.0000	0.0000	1.0000	0.0000	3.9850	0.0000	0.0000	0.0000	0.0000	0.0000	0.0000	0.0000	0.0000	0.0000	0.0000	0.0000	0.0000	0.0000	0.0000	0.0000	0.0000	0.0000	0.0000	0.0000	0.0000	0.0000	0.0000	0.0000	0.0000	0.0000	0.0000	0.0000	0.0000	0.0000	0.0000	0.0000	0.0000	0.0000	0.0000	0.0000	0.0000	0.0000	0.0000	0.0000	0.0000	0.0000	0.0000	0.0000	0.0000	0.0000	0.0000	0.0000	0.0000	0.0000	0.0000	0.0000	0.0000	0.0000	0.0000											
13	28	0.1334	4	0	1	1	1	0	0	0	0	N	N	N	N	N	N	N	N	N	N	N	N	0.0000	0.0000	0.0000	0.0000	0.0000	0.0000	0.0000	0.0000	0.0000	0.0000	0.0000	0.0000	0.0000	0.0000	0.0000	0.0000	0.0000	0.0000	0.0000	0.0000	0.0000	5.0000	0.0000	4.0000	0.0000	0.0000	0.0000	0.0000	0.0000	0.0000	0.0000	0.0000	0.0000	0.0000	0.0000	0.0000	0.0000	0.0000	0.0000	0.0000	0.0000	0.0000	0.0000	0.0000	0.0000	0.0000	0.0000	0.0000	0.0000	0.0000	0.0000	0.0000	0.0000	0.0000	0.0000	0.0000	0.0000	0.0000	0.0000	0.0000	0.0000	0.0000	0.0000	0.0000	0.0000	0.0000	0.0000	0.0000	0.0000	0.0000	0.0000	0.0000	0.0000	0.0000	0.0000	0.0000	0.0000	0.0000											
13	29	0.1334	4	0	1	1	1	0	0	0	0	N	N	N	N	N	N	N	N	N	N	N	N	0.0000	0.0000	0.0000	0.0000	0.0000	0.0000	0.0000	0.0000	0.0000	0.0000	0.0000	0.0000	0.0000	0.0000	0.0000	0.0000	0.0000	0.0000	0.0000	0.0000	0.0000	3.0000	0.0000	6.0000	0.0000	0.0000	0.0000	0.0000	0.0000	0.0000	0.0000	0.0000	0.0000	0.0000	0.0000	0.0000	0.0000	0.0000	0.0000	0.0000	0.0000	0.0000	0.0000	0.0000	0.0000	0.0000	0.0000	0.0000	0.0000	0.0000	0.0000	0.0000	0.0000	0.0000	0.0000	0.0000	0.0000	0.0000	0.0000	0.0000	0.0000	0.0000	0.0000	0.0000	0.0000	0.0000	0.0000	0.0000	0.0000	0.0000	0.0000	0.0000	0.0000	0.0000	0.0000	0.0000	0.0000	0.0000											
13	30	0.1823	7	0	1	2	2	0	0	0	0	N	N	Y	Y	N	N	N	N	N	N	N	N	0.0000	0.0000	0.0000	0.0000	0.0000	0.0000	0.0000	0.0000	0.0000	0.0000	0.0000	0.0000	0.0000	0.0000	0.0000	0.0000	0.0000	0.0000	0.0000	0.0000	0.0000	0.0000	0.0000	3.0000	0.0000	0.0000	0.0000	0.0000	0.0000	0.0000	0.0000	0.0000	0.0000	0.0000	0.0000	0.0000	0.0000	0.0000	0.0000	0.0000	0.0000	0.0000	0.0000	0.0000	0.0000	0.0000	0.0000	0.0000	0.0000	0.0000	0.0000	0.0000	0.0000	0.0000	0.0000	0.0000	0.0000	0.0000	0.0000	0.0000	0.0000	0.0000	0.0000	0.0000	0.0000	0.0000	0.0000	0.0000	0.0000	0.0000	0.0000	0.0000	0.0000	0.0000	0.0000	0.0000	0.0000	0.0000											
13	31	0.1654	6	0	0	1	2	0	0	0	0	N	N	N	Y	N	N	N	N	N	N	N	N	0.0000	0.0000	0.0000	0.0000	0.0000	0.0000	0.0000	0.0000	0.0000	0.0000	0.0000	0.0000	0.0000	0.0000	0.0000	0.0000	0.0000	0.0000	0.0000	0.0000	0.0000	0.9783	0.0000	3.0423	0.0000	0.0000	0.0000	0.0000	0.0000	0.0000	0.0000	0.0000	0.0000	0.0000	0.0000	0.0000	0.0000	0.0000	0.0000	0.0000	0.0000	0.0000	0.0000	0.0000	0.0000	0.0000	0.0000	0.0000	0.0000	0.0000	0.0000	0.0000	0.0000	0.0000	0.0000	0.0000	0.0000	0.0000	0.0000	0.0000	0.0000	0.0000	0.0000	0.0000	0.0000	0.0000	0.0000	0.0000	0.0000	0.0000	0.0000	0.0000	0.0000	0.0000	0.0000	0.0000	0.0000	0.0000											
13	32	0.0916	3	0	1	1	1	0	0	0	0	N	N	N	N	N	N	N	N	N	N	N	N	0.0000	0.0000	0.0000	0.0000	0.0000	0.0000	0.0000	0.0000	0.0000	0.0000	0.0000	0.0000	0.0000	0.0000	0.0000	0.0000	0.0000	0.0000	0.0000	0.0000	0.0000	6.9988	0.0000	9.0016	0.0000	0.0000	0.0000	0.0000	0.0000	0.0000	0.0000	0.0000	0.0000	0.0000	0.0000	0.0000	0.0000	0.0000	0.0000	0.0000	0.0000	0.0000	0.0000	0.0000	0.0000	0.0000	0.0000	0.0000	0.0000	0.0000	0.0000	0.0000	0.0000	0.0000	0.0000	0.0000	0.0000	0.0000	0.0000	0.0000	0.0000	0.0000	0.0000	0.0000	0.0000	0.0000	0.0000	0.0000	0.0000	0.0000	0.0000	0.0000	0.0000	0.0000	0.0000	0.0000	0.0000	0.0000											
13	33	0.0874	6	1	1	1	1	0	0	0	0	N	N	N	N	N	N	N	N	N	N	N	N	0.0000	0.0000	0.0000	0.0000	0.0000	0.0000	0.0000	0.0000	0.0000	0.0000	0.0000	0.0000	0.0000	0.0000	0.0000	0.0000	0.0000	0.0000	0.0000	0.0000	0.0000	0.0000	0.0000	0.0000	0.0000	0.0000	0.0000	0.0000	0.0000	0.0000	0.0000	0.0000	0.0000	0.0000	0.0000	0.0000	0.0000	0.0000	0.0000	0.0000	0.0000	0.0000	0.0000	0.0000	0.0000	0.0000	0.0000	0.0000	0.0000	0.0000	0.0000	0.0000	0.0000	0.0000	0.0000	0.0000	0.0000	0.0000	0.0000	0.0000	0.0000	0.0000	0.0000	0.0000	0.0000	0.0000	0.0000	0.0000	0.0000	0.0000	0.0000	0.0000	0.0000	0.0000	0.0000	0.0000	0.0000	0.0000											
13	34	0.1480	5	0	1	1	2	0	0	0	0	N	N	N	Y	N	N	N	N	N	N	N	N	0.0000	0.0000	0.0000	0.0000	0.0000	0.0000	0.0000	0.0000	0.0000	0.0000	0.0000	0.0000	0.0000	0.0000	0.0000	0.0000	0.0000	0.0000	0.0000	0.0000	0.0000	5.0000	0.0000	6.9850	0.0000	0.0000	0.0000	0.0000	0.0000	0.0000	0.0000	0.0000	0.0000	0.0000	0.0000	0.0000	0.0000	0.0000	0.0000	0.0000	0.0000	0.0000	0.0000	0.0000	0.0000	0.0000	0.0000	0.0000	0.0000	0.0000	0.0000	0.0000	0.0000	0.0000	0.0000	0.0000	0.0000	0.0000	0.0000	0.0000	0.0000	0.0000	0.0000	0.0000	0.0000	0.0000	0.0000	0.0000	0.0000	0.0000	0.0000	0.0000	0.0000	0.0000	0.0000	0.0000	0.0000	0.0000											
13	35	0.0916	3	1	1	1	1	0	0	0	0	N	N	N	N	N	N	N	N	N	N	N	N	0.0000	0.0000	0.0000	0.0000	0.0000	0.0000	0.0000	0.0000	0.0000	0.0000	0.0000	0.0000	0.0000	0.0000	0.0000	0.0000	0.0000	0.0000	0.0000	0.0000	0.0000	1.9985	0.0000	17.9985	0.0000	0.0000	0.0000	0.0000	0.0000	0.0000	0.0000	0.0000	0.0000	0.0000	0.0000	0.0000	0.0000	0.0000	0.0000	0.0000	0.0000	0.0000	0.0000	0.0000	0.0000	0.0000	0.0000	0.0000	0.0000	0.0000	0.0000	0.0000	0.0000	0.0000	0.0000	0.0000	0.0000	0.0000	0.0000	0.0000	0.0000	0.0000	0.0000	0.0000	0.0000	0.0000	0.0000	0.0000	0.0000	0.0000	0.0000	0.0000	0.0000	0.0000	0.0000	0.0000	0.0000	0.0000											
13	36	0.2148	6	0	0	2	1	0	0	0	0	N	N	Y	N	N	N	N	N	N	N	N	N	0.0000	0.0000	0.0000	0.0000	0.0000	0.0000	0.0000	0.0000	0.0000	0.0000	0.0000	0.0000	0.0000	0.0000	0.0000	0.0000	0.0000	0.0000	0.0000	0.0000	0.0000	0.0001	0.0000	0.9943	0.0000	0.0000	0.0000	0.0000	0.0000	0.0000	0.0000	0.0000	0.0000	0.0000	0.0000	0.0000	0.0000	0.0000	0.0000	0.0000	0.0000	0.0000	0.0000	0.0000	0.0000	0.0000	0.0000	0.0000	0.0000	0.0000	0.0000	0.0000	0.0000	0.0000	0.0000	0.0000	0.0000	0.0000	0.0000	0.0000	0.0000	0.0000	0.0000	0.0000	0.0000	0.0000	0.0000	0.0000	0.0000	0.0000	0.0000	0.0000	0.0000	0.0000	0.0000	0.0000	0.0000	0.0000											
13	37	0.1910	6	0	1	1	1	0	0	0	0	N	N	N	N	N	N	N	N	N	N	N	N	0.0000	0.0000	0.0000	0.0000	0.0000	0.0000	0.0000	0.0000	0.0000	0.0000	0.0000	0.0000	0.0000	0.0000	0.0000	0.0000	0.0000	0.0000	0.0000	0.0000	0.0000	2.0000	0.0000	2.0000	0.0000	0.0000	0.0000	0.0000	0.0000	0.0000	0.0000	0.0000	0.0000	0.0000	0.0000	0.0000	0.0000	0.0000	0.0000	0.0000	0.0000	0.0000	0.0000	0.0000	0.0000	0.0000	0.0000	0.0000	0.0000	0.0000	0.0000	0.0000	0.0000	0.0000	0.0000	0.0000	0.0000	0.0000	0.0000	0.0000	0.0000	0.0000	0.0000	0.0000	0.0000	0.0000	0.0000	0.0000	0.0000	0.0000	0.0000	0.0000	0.0000	0.0000	0.0000	0.0000	0.0000	0.0000											
13	38	0.1502	5	1	0	2	1	0	0	0	0	N	N	Y	N	N	N	N	N	N	N	N	N	0.0000	0.0000	0.0000	0.0000	0.0000	0.0000	0.0000	0.0000	0.0000	0.0000	0.0000	0.0000	0.0000	0.0000	0.0000	0.0000	0.0000	0.0000	0.0000	0.0000	0.0000	2.0000	0.0000	5.0000	0.0000	0.0000	0.0000	0.0000	0.0000	0.0000	0.0000	0.0000	0.0000	0.0000	0.0000	0.0000	0.0000	0.0000	0.0000	0.0000	0.0000	0.0000	0.0000	0.0000	0.0000	0.0000	0.0000	0.0000	0.0000	0.0000	0.0000	0.0000	0.0000	0.0000	0.0000	0.0000	0.0000	0.0000	0.0000	0.0000	0.0000	0.0000	0.0000	0.0000	0.0000	0.0000	0.0000	0.0000	0.0000	0.0000	0.0000	0.0000	0.0000	0.0000	0.0000	0.0000	0.0000	0.0000											
13	39	0.1654	6	0	1	1	1	0	0	0	0	N	N	N	N	N	N	N	N	N	N	N	N	0.0000	0.0000	0.0000	0.0000	0.0000	0.0000	0.0000	0.0000	0.0000	0.0000	0.0000	0.0000	0.0000	0.0000	0.0000	0.0000	0.0000	0.0000	0.0000	0.0000	0.0000	0.0217	0.0000	6.0735	0.0000	0.0000	0.0000	0.0000	0.0000	0.0000	0.0000	0.0000	0.0000	0.0000	0.0000	0.0000	0.0000	0.0000	0.0000	0.0000	0.0000	0.0000	0.0000	0.0000	0.0000	0.0000	0.0000	0.0000	0.0000	0.0000	0.0000	0.0000	0.0000	0.0000	0.0000	0.0000	0.0000	0.0000	0.0000	0.0000	0.0000	0.0000	0.0000	0.0000	0.0000	0.0000	0.0000	0.0000	0.0000	0.0000	0.0000	0.0000	0.0000	0.0000	0.0000	0.0000	0.0000	0.0000											
13	40	0.1480	5	0	0	1	1	0	0	0	0	N	N	N	N	N	N	N	N	N	N	N	N	0.0000	0.0000	0.0000	0.0000	0.0000	0.0000	0.0000	0.0000	0.0000	0.0000	0.0000	0.0000	0.0000	0.0000	0.0000	0.0000	0.0000	0.0000	0.0000	0.0000	0.0000	0.0217	0.0000	4.0395	0.0000	0.0000	0.0000	0.0000	0.0000	0.0000	0.0000	0.0000	0.0000	0.0000	0.0000	0.0000	0.0000	0.0000	0.0000	0.0000	0.0000	0.0000	0.0000	0.0000	0.0000	0.0000	0.0000	0.0000	0.0000	0.0000	0.0000	0.0000	0.0000	0.0000	0.0000	0.0000	0.0000	0.0000	0.0000	0.0000	0.0000	0.0000	0.0000	0.0000	0.0000	0.0000	0.0000	0.0000	0.0000	0.0000	0.0000	0.0000	0.0000	0.0000	0.0000	0.0000	0.0000	0.0000											
13	41	0.1480	5	0	1	1	2	0	0	0	0	N	N	N	Y	N	N	N	N	N	N	N	N	0.0000	0.0000	0.0000	0.0000	0.0000	0.0000	0.0000	0.0000	0.0000	0.0000	0.0000	0.0000	0.0000	0.0000	0.0000	0.0000	0.0000	0.0000	0.0000	0.0000	0.0000	0.0000	0.0000	7.0150	0.0000	0.0000	0.0000	0.0000	0.0000	0.0000	0.0000	0.0000	0.0000	0.0000	0.0000	0.0000	0.0000	0.0000	0.0000	0.0000	0.0000	0.0000	0.0000	0.0000	0.0000	0.0000	0.0000	0.0000	0.0000	0.0000	0.0000	0.0000	0.0000	0.0000	0.0000	0.0000	0.0000	0.0000	0.0000	0.0000	0.0000	0.0000	0.0000	0.0000	0.0000	0.0000	0.0000	0.0000	0.0000	0.0000	0.0000	0.0000	0.0000	0.0000	0.0000	0.0000	0.0000	0.0000											
13	42	0.1502	5	1	0	2	1	0	0	0	0	N	N	Y	N	N	N	N	N	N	N	N	N	0.0000	0.0000	0.0000	0.0000	0.0000	0.0000	0.0000	0.0000	0.0000	0.0000	0.0000	0.0000	0.0000	0.0000	0.0000	0.0000	0.0000	0.0000	0.0000	0.0000	0.0000	0.0000	0.0000	0.0000	0.0000	0.0000	0.0000	0.0000	0.0000	0.0000	0.0000	0.0000	0.0000	0.0000	0.0000	0.0000	0.0000	0.0000	0.0000	0.0000	0.0000	0.0000	0.0000	0.0000	0.0000	0.0000	0.0000	0.0000	0.0000	0.0000	0.0000	0.0000	0.0000	0.0000	0.0000	0.0000	0.0000	0.0000	0.0000	0.0000	0.0000	0.0000	0.0000	0.0000	0.0000	0.0000	0.0000	0.0000	0.0000	0.0000	0.0000	0.0000	0.0000	0.0000	0.0000	0.0000	0.0000	0.0000											
13	43	0.1334	4	1	0	2	1	0	0	0	0	N	N	Y	N	N	N	N	N	N	N	N	N	0.0000	0.0000	0.0000	0.0000	0.0000	0.0000	0.0000	0.0000	0.0000	0.0000	0.0000	0.0000	0.0000	0.0000	0.0000	0.0000	0.0000	0.0000	0.0000	0.0000	0.0000	1.0000	0.0000	3.0000	0.0000	0.0000	0.0000	0.0000	0.0000	0.0000	0.0000	0.0000	0.0000	0.0000	0.0000	0.0000	0.0000	0.0000	0.0000	0.0000	0.0000	0.0000	0.0000	0.0000	0.0000	0.0000	0.0000	0.0000	0.0000	0.0000	0.0000	0.0000	0.0000	0.0000	0.0000	0.0000	0.0000	0.0000	0.0000	0.0000	0.0000	0.0000	0.0000	0.0000	0.0000	0.0000	0.0000	0.0000	0.0000	0.0000	0.0000	0.0000	0.0000	0.0000	0.0000	0.0000	0.0000	0.0000											
13	44	0.1334	4	1	0	2	1	0	0	0	0	N	N	Y	N	N	N	N	N	N	N	N	N	0.0000	0.0000	0.0000	0.0000	0.0000	0.0000	0.0000	0.0000	0.0000	0.0000	0.0000	0.0000	0.0000	0.0000	0.0000	0.0000	0.0000	0.0000	0.0000	0.0000	0.0000	1.0000	0.0000	3.0000	0.0000	0.0000	0.0000	0.0000	0.0000	0.0000	0.0000	0.0000	0.0000	0.0000	0.0000	0.0000	0.0000	0.0000	0.0000	0.0000	0.0000	0.0000	0.0000	0.0000	0.0000	0.0000	0.0000	0.0000	0.0000	0.0000	0.0000	0.0000	0.0000	0.0000	0.0000	0.0000	0.0000	0.0000	0.0000	0.0000	0.0000	0.0000	0.0000	0.0000	0.0000	0.0000	0.0000	0.0000	0.0000	0.0000	0.0000	0.0000	0.0000	0.0000	0.0000	0.0000	0.0000	0.0000											
13	45	0.1910	6	0	0	2	1	0	0	0	0	N	N	Y	N	N	N	N	N	N	N	N	N	0.0000	0.0000	0.0000	0.0000	0.0000	0.0000	0.0000	0.0000	0.0000	0.0000	0.0000	0.0000	0.0000	0.0000	0.0000	0.0000	0.0000	0.0000	0.0000	0.0000	0.0000	0.0000	0.0000	0.0000	0.0000	0.0000	0.0000	0.0000	0.0000	0.0000	0.0000	0.0000	0.0000	0.0000	0.0000	0.0000	0.0000	0.0000	0.0000	0.0000	0.0000	0.0000	0.0000	0.0000	0.0000	0.0000	0.0000	0.0000	0.0000	0.0000	0.0000	0.0000	0.0000	0.0000	0.0000	0.0000	0.0000	0.0000	0.0000	0.0000	0.0000	0.0000	0.0000	0.0000	0.0000	0.0000	0.0000	0.0000	0.0000	0.0000	0.0000	0.0000	0.0000	0.0000	0.0000	0.0000	0.0000	0.0000											
13	46	0.1480	5	0	0	1	1	0	0	0	0	N	N	N	N	N	N	N	N	N	N	N	N	0.0000	0.0000	0.0000	0.0000	0.0000	0.0000	0.0000	0.0000	0.0000	0.0000	0.0000	0.0000	0.0000	0.0000	0.0000	0.0000	0.0000	0.0000	0.0000	0.0000	0.0000	4.0000	0.0000	5.9850	0.0000	0.0000	0.0000	0.0000	0.0000	0.0000	0.0000	0.0000	0.0000	0.0000	0.0000	0.0000	0.0000	0.0000	0.0000	0.0000	0.0000	0.0000	0.0000	0.0000	0.0000	0.0000	0.0000	0.0000	0.0000	0.0000	0.0000	0.0000	0.0000	0.0000	0.0000	0.0000	0.0000	0.0000	0.0000	0.0000	0.0000	0.0000	0.0000	0.0000	0.0000	0.0000	0.0000	0.0000	0.0000	0.0000	0.0000	0.0000	0.0000	0.0000	0.0000	0.0000	0.0000	0.0000											
13	47	0.2190	7	0	1	1	1	0	0	0	0	N	N	N	N	N	N	N	N	N	N	N	N	0.0000	0.0000	0.0000	0.0000	0.0000	0.0000	0.0000	0.0000	0.0000	0.0000	0.0000	0.0000	0.0000	0.0000	0.0000	0.0000	0.0000	0.0000	0.0000	0.0000	0.0000	0.0000	0.0000	0.0000	0.0000	0.0000	0.0000	0.0000	0.0000	0.0000	0.0000	0.0000	0.0000	0.0000	0.0000	0.0000	0.0000	0.0000	0.0000	0.0000	0.0000	0.0000	0.0000	0.0000	0.0000	0.0000	0.0000	0.0000	0.0000	0.0000	0.0000	0.0000	0.0000	0.0000	0.0000	0.0000	0.0000	0.0000	0.0000	0.0000	0.0000	0.0000	0.0000	0.0000	0.0000	0.0000	0.0000	0.0000	0.0000	0.0000	0.0000	0.0000	0.0000	0.0000	0.0000	0.0000	0.0000	0.0000											
13	48	0.1659	6	1	1	2	1	0	0	0	0	N	N	Y	N	N	N	N	N	N	N	N	N	0.0000	0.0000	0.0000	0.0000	0.0000	0.0000	0.0000	0.0000	0.0000	0.0000	0.0000	0.0000	0.0000	0.0000	0.0000	0.0000	0.0000	0.0000	0.0000	0.0000	0.0000	0.0000	0.0000	2.0152	0.0000	0.0000	0.0000	0.0000	0.0000	0.0000	0.0000	0.0000	0.0000	0.0000	0.0000	0.0000	0.0000	0.0000	0.0000	0.0000	0.0000	0.0000	0.0000	0.0000	0.0000	0.0000	0.0000	0.0000	0.0000	0.0000	0.0000	0.0000	0.0000	0.0000	0.0000	0.0000	0.0000	0.0000	0.0000	0.0000	0.0000	0.0000	0.0000	0.0000	0.0000	0.0000	0.0000	0.0000	0.0000	0.0000	0.0000	0.0000	0.0000	0.0000	0.0000	0.0000	0.0000	0.0000											
13	49	0.1617	5	1	0	2	1	0	0	0	0	N	N	Y	N	N	N	N	N	N	N	N	N	0.0000	0.0000	0.0000	0.0000	0.0000	0.0000	0.0000	0.0000	0.0000	0.0000	0.0000	0.0000	0.0000	0.0000	0.0000	0.0000	0.0000	0.0000	0.0000	0.0000	0.0000	0.0003	0.0000	1.0311	0.0000	0.0000	0.0000	0.0000	0.0000	0.0000	0.0000	0.0000	0.0000	0.0000	0.0000	0.0000	0.0000	0.0000	0.0000	0.0000	0.0000	0.0000	0.0000	0.0000	0.0000	0.0000	0.0000	0.0000	0.0000	0.0000	0.0000	0.0000	0.0000	0.0000	0.0000	0.0000	0.0000	0.0000	0.0000	0.0000	0.0000	0.0000	0.0000	0.0000	0.0000	0.0000	0.0000	0.0000	0.0000	0.0000	0.0000	0.0000	0.0000	0.0000	0.0000	0.0000	0.0000	0.0000											
13	50	0.1617	5	1	1	2	1	0	0	0	0	N	N	Y	N	N	N	N	N	N	N	N	N	0.0000	0.0000	0.0000	0.0000	0.0000	0.0000	0.0000	0.0000	0.0000	0.0000	0.0000	0.0000	0.0000	0.0000	0.0000	0.0000	0.0000	0.0000	0.0000	0.0000	0.0000	0.0003	0.0000	1.0126	0.0000	0.0000	0.0000	0.0000	0.0000	0.0000	0.0000	0.0000	0.0000	0.0000	0.0000	0.0000	0.0000	0.0000	0.0000	0.0000	0.0000	0.0000	0.0000	0.0000	0.0000	0.0000	0.0000	0.0000	0.0000	0.0000	0.0000	0.0000	0.0000	0.0000	0.0000	0.0000	0.0000	0.0000	0.0000	0.0000	0.0000	0.0000	0.0000	0.0000	0.0000	0.0000	0.0000	0.0000	0.0000	0.0000	0.0000	0.0000	0.0000	0.0000	0.0000	0.0000	0.0000	0.0000											
13	51	0.1909	4	1	1	1	1	0	0	0	0	N	N	N	N	N	N	N	N	N	N	N	N	0.0000	0.0000	0.0000	0.0000	0.0000	0.0000	0.0000	0.0000	0.0000	0.0000	0.0000	0.0000	0.0000	0.0000	0.0000	0.0000	0.0000	0.0000	0.0000	0.0000	0.0000	0.0000	0.0000	1.0000	0.0000	0.0000	0.0000	0.0000	0.0000	0.0000	0.0000	0.0000	0.0000	0.0000	0.0000	0.0000	0.0000	0.0000	0.0000	0.0000	0.0000	0.0000	0.0000	0.0000	0.0000	0.0000	0.0000	0.0000	0.0000	0.0000	0.0000	0.0000	0.0000	0.0000	0.0000	0.0000	0.0000	0.0000	0.0000	0.0000	0.0000	0.0000	0.0000	0.0000	0.0000	0.0000	0.0000	0.0000	0.0000	0.0000	0.0000	0.0000	0.0000	0.0000	0.0000	0.0000	0.0000	0.0000											
13	52	0.1870	7	0	1	1	2	0	0	0	0	N	N	N	Y	N	N	N	N	N	N	N	N	0.0000	0.0000	0.0000	0.0000	0.0000	0.0000	0.0000	0.0000	0.0000	0.0000	0.0000	0.0000	0.0000	0.0000	0.0000	0.0000	0.0000	0.0000	0.0000	-0.0000	0.0000	0.9995	0.0000	1.0399	0.0000	0.0000	0.0000	0.0000	0.0000	0.0000	0.0000	0.0000	0.0000	0.0000	0.0000	0.0000	0.0000	0.0000	0.0000	0.0000	0.0000	0.0000	0.0000	0.0000	0.0000	0.0000	0.0000	0.0000	0.0000	0.0000	0.0000	0.0000	0.0000	0.0000	0.0000	0.0000	0.0000	0.0000	0.0000	0.0000	0.0000	0.0000	0.0000	0.0000	0.0000	0.0000	0.0000	0.0000	0.0000	0.0000	0.0000	0.0000	0.0000	0.0000	0.0000	0.0000	0.0000	0.0000											
13	53	0.1870	7	0	0	1	2	0	0	0	0	N	N	N	Y	N	N	N	N	N	N	N	N	0.0000	0.0000	0.0000	0.0000	0.0000	0.0000	0.0000	0.0000	0.0000	0.0000	0.0000	0.0000	0.0000	0.0000	0.0000	0.0000	0.0000	0.0000	0.0000	0.0000	0.0000	3.0005	0.0000	1.0125	0.0000	0.0000	0.0000	0.0000	0.0000	0.0000	0.0000	0.0000	0.0000	0.0000	0.0000	0.0000	0.0000	0.0000	0.0000	0.0000	0.0000	0.0000	0.0000	0.0000	0.0000	0.0000	0.0000	0.0000	0.0000	0.0000	0.0000	0.0000	0.0000	0.0000	0.0000	0.0000	0.0000	0.0000	0.0000	0.0000	0.0000	0.0000	0.0000	0.0000	0.0000	0.0000	0.0000	0.0000	0.0000	0.0000	0.0000	0.0000	0.0000	0.0000	0.0000	0.0000	0.0000	0.0000											
13	54	0.1788	6	0	0	1	2	0	0	0	0	N	N	N	Y	N	N	N	N	N	N	N	N	0.0000	0.0000	0.0000	0.0000	0.0000	0.0000	0.0000	0.0000	0.0000	0.0000	0.0000	0.0000	0.0000	0.0000	0.0000	0.0000	0.0000	0.0000	0.0000	0.0000	0.0000	0.0013	0.0000	1.9704	0.0000	0.0000	0.0000	0.0000	0.0000	0.0000	0.0000	0.0000	0.0000	0.0000	0.0000	0.0000	0.0000	0.0000	0.0000	0.0000	0.0000	0.0000	0.0000	0.0000	0.0000	0.0000	0.0000	0.0000	0.0000	0.0000	0.0000	0.0000	0.0000	0.0000	0.0000	0.0000	0.0000	0.0000	0.0000	0.0000	0.0000	0.0000	0.0000	0.0000	0.0000	0.0000	0.0000	0.0000	0.0000	0.0000	0.0000	0.0000	0.0000	0.0000	0.0000	0.0000	0.0000	0.0000											
13	55	0.1480	5	0	0	1	2	0	0	0	0	N	N	N	Y	N	N	N	N	N	N	N	N	0.0000	0.0000	0.0000	0.0000	0.0000	0.0000	0.0000	0.0000	0.0000	0.0000	0.0000	0.0000	0.0000	0.0000	0.0000	0.0000	0.0000	0.0000	0.0000	0.0000	0.0000	3.0000	0.0000	4.0155	0.0000	0.0000	0.0000	0.0000	0.0000	0.0000	0.0000	0.0000	0.0000	0.0000	0.0000	0.0000	0.0000	0.0000	0.0000	0.0000	0.0000	0.0000	0.0000	0.0000	0.0000	0.0000	0.0000	0.0000	0.0000	0.0000	0.0000	0.0000	0.0000	0.0000	0.0000	0.0000	0.0000	0.0000	0.0000	0.0000	0.0000	0.0000	0.0000	0.0000	0.0000	0.0000	0.0000	0.0000	0.0000	0.0000	0.0000	0.0000	0.0000	0.0000	0.0000	0.0000	0.0000	0.0000											
13	56	0.1523	6	0	1	2	1	0	0	0	0	N	N	Y	N	N	N	N	N	N	N	N	N	0.0000	0.0000	0.0000	0.0000	0.0000	0.0000	0.0000	0.0000	0.0000	0.0000	0.0000	0.0000	0.0000	0.0000	0.0000	0.0000	0.0000	0.0000	0.0000	0.0000	0.0000	2.0013	0.0000	5.6727	0.0000	0.0000	0.0000	0.0000	0.0000	0.0000	0.0000	0.0000	0.0000	0.0000	0.0000	0.0000	0.0000	0.0000	0.0000	0.0000	0.0000	0.0000	0.0000	0.0000	0.0000	0.0000	0.0000	0.0000	0.0000	0.0000	0.0000	0.0000	0.0000	0.0000	0.0000	0.0000	0.0000	0.0000	0.0000	0.0000	0.0000	0.0000	0.0000	0.0000	0.0000	0.0000	0.0000	0.0000	0.0000	0.0000	0.0000	0.0000	0.0000	0.0000	0.0000	0.0000	0.0000	0.0000											
13	57	0.1485	5	0	1	1	1	0	0	0	0	N	N	N	N	N	N	N	N	N	N	N	N	0.0000	0.0000	0.0000	0.0000	0.0000	0.0000	0.0000	0.0000	0.0000	0.0000	0.0000	0.0000	0.0000	0.0000	0.0000	0.0000	0.0000	0.0000	0.0000	0.0000	0.0000	0.0033	0.0000	1.3874	0.0000	0.0000	0.0000	0.0000	0.0000	0.0000	0.0000	0.0000	0.0000	0.0000	0.0000	0.0000	0.0000	0.0000	0.0000	0.0000	0.0000	0.0000	0.0000	0.0000	0.0000	0.0000	0.0000	0.0000	0.0000	0.0000	0.0000	0.0000	0.0000	0.0000	0.0000	0.0000	0.0000	0.0000	0.0000	0.0000	0.0000	0.0000	0.0000	0.0000	0.0000	0.0000	0.0000	0.0000	0.0000	0.0000	0.0000	0.0000	0.0000	0.0000	0.0000	0.0000	0.0000	0.0000											
13	58	0.1334	4	1	0	2	1	0	0	0	0	N	N	Y	N	N	N	N	N	N	N	N	N	0.0000	0.0000	0.0000	0.0000	0.0000	0.0000	0.0000	0.0000	0.0000	0.0000	0.0000	0.0000	0.0000	0.0000	0.0000	0.0000	0.0000	0.0000	0.0000	0.0000	0.0000	0.0000	0.0000	2.0000	0.0000	0.0000	0.0000	0.0000	0.0000	0.0000	0.0000	0.0000	0.0000	0.0000	0.0000	0.0000	0.0000	0.0000	0.0000	0.0000	0.0000	0.0000	0.0000	0.0000	0.0000	0.0000	0.0000	0.0000	0.0000	0.0000	0.0000	0.0000	0.0000	0.0000	0.0000	0.0000	0.0000	0.0000	0.0000	0.0000	0.0000	0.0000	0.0000	0.0000	0.0000	0.0000	0.0000	0.0000	0.0000	0.0000	0.0000	0.0000	0.0000	0.0000	0.0000	0.0000	0.0000	0.0000											
13	59	0.1485	5	0	1	1	1	0	0	0	0	N	N	N	N	N	N	N	N	N	N	N	N	0.0000	0.0000	0.0000	0.0000	0.0000	0.0000	0.0000	0.0000	0.0000	0.0000	0.0000	0.0000	0.0000	0.0000	0.0000	0.0000	0.0000	0.0000	0.0000	0.0000	0.0000	1.9997	0.0000	3.4660	0.0000	0.0000	0.0000	0.0000	0.0000	0.0000	0.0000	0.0000	0.0000	0.0000	0.0000	0.0000	0.0000	0.0000	0.0000	0.0000	0.0000	0.0000	0.0000	0.0000	0.0000	0.0000	0.0000	0.0000	0.0000	0.0000	0.0000	0.0000	0.0000	0.0000	0.0000	0.0000	0.0000	0.0000	0.0000	0.0000	0.0000	0.0000	0.0000	0.0000	0.0000	0.0000	0.0000	0.0000	0.0000	0.0000	0.0000	0.0000	0.0000	0.0000	0.0000	0.0000	0.0000	0.0000											
13	60	0.1334	4	0	1	1	1	0	0	0	0	N	N	N	N	N	N	N	N	N	N	N	N	0.0000	0.0000	0.0000	0.0000	0.0000	0.0000	0.0000	0.0000	0.0000	0.0000	0.0000	0.0000	0.0000	0.0000	0.0000	0.0000	0.0000	0.0000	0.0000	0.0000	0.0000	0.0005	0.0000	3.6054	0.0000	0.0000	0.0000	0.0000	0.0000	0.0000	0.0000	0.0000	0.0000	0.0000	0.0000	0.0000	0.0000	0.0000	0.0000	0.0000	0.0000	0.0000	0.0000	0.0000	0.0000	0.0000	0.0000	0.0000	0.0000	0.0000	0.0000	0.0000	0.0000	0.0000	0.0000	0.0000	0.0000	0.0000	0.0000	0.0000	0.0000	0.0000	0.0000	0.0000	0.0000	0.0000	0.0000	0.0000	0.0000	0.0000	0.0000	0.0000	0.0000	0.0000	0.0000	0.0000	0.0000	0.0000											
13	61	0.2190	7	0	0	2	1	0	0	0	0	N	N	Y	N	N	N	N	N	N	N	N	N	0.0000	0.0000	0.0000	0.0000	0.0000	0.0000	0.0000	0.0000	0.0000	0.0000	0.0000	0.0000	0.0000	0.0000	0.0000	0.0000	0.0000	0.0000	0.0000	0.0000	0.0000	0.0000	0.0000	1.0000	0.0000	0.0000	0.0000	0.0000	0.0000	0.0000	0.0000	0.0000	0.0000	0.0000	0.0000	0.0000	0.0000	0.0000	0.0000	0.0000	0.0000	0.0000	0.0000	0.0000	0.0000	0.0000	0.0000	0.0000	0.0000	0.0000	0.0000	0.0000	0.0000	0.0000	0.0000	0.0000	0.0000	0.0000	0.0000	0.0000	0.0000	0.0000	0.0000	0.0000	0.0000	0.0000	0.0000	0.0000	0.0000	0.0000	0.0000	0.0000	0.0000	0.0000	0.0000	0.0000	0.0000	0.0000											
13	62	0.2148	6	0	0	1	1	0	0	0	0	N	N	N	N	N	N	N	N	N	N	N	N	0.0000	0.0000	0.0000	0.0000	0.0000	0.0000	0.0000	0.0000	0.0000	0.0000	0.0000	0.0000	0.0000	0.0000	0.0000	0.0000	0.0000	0.0000	0.0000	0.0000	0.0000	0.0001	0.0000	1.0076	0.0000	0.0000	0.0000	0.0000	0.0000	0.0000	0.0000	0.0000	0.0000	0.0000	0.0000	0.0000	0.0000	0.0000	0.0000	0.0000	0.0000	0.0000	0.0000	0.0000	0.0000	0.0000	0.0000	0.0000	0.0000	0.0000	0.0000	0.0000	0.0000	0.0000	0.0000	0.0000	0.0000	0.0000	0.0000	0.0000	0.0000	0.0000	0.0000	0.0000	0.0000	0.0000	0.0000	0.0000	0.0000	0.0000	0.0000	0.0000	0.0000	0.0000	0.0000	0.0000	0.0000	0.0000											
13	63	0.1480	5	0	0	1	1	0	0	0	0	N	N	N	N	N	N	N	N	N	N	N	N	0.0000	0.0000	0.0000	0.0000	0.0000	0.0000	0.0000	0.0000	0.0000	0.0000	0.0000	0.0000	0.0000	0.0000	0.0000	0.0000	0.0000	0.0000	0.0000	0.0000	0.0000	11.9999	0.0000	3.0574	0.0000	0.0000	0.0000	0.0000	0.0000	0.0000	0.0000	0.0000	0.0000	0.0000	0.0000	0.0000	0.0000	0.0000	0.0000	0.0000	0.0000	0.0000	0.0000	0.0000	0.0000	0.0000	0.0000	0.0000	0.0000	0.0000	0.0000	0.0000	0.0000	0.0000	0.0000	0.0000	0.0000	0.0000	0.0000	0.0000	0.0000	0.0000	0.0000	0.0000	0.0000	0.0000	0.0000	0.0000	0.0000	0.0000	0.0000	0.0000	0.0000	0.0000	0.0000	0.0000	0.0000	0.0000											
13	64	0.1334	4	1	1	1	1	0	0	0	0	N	N	N	N	N	N	N	N	N	N	N	N	0.0000	0.0000	0.0000	0.0000	0.0000	0.0000	0.0000	0.0000	0.0000	0.0000	0.0000	0.0000	0.0000	0.0000	0.0000	0.0000	0.0000	0.0000	0.0000	0.0000	0.0000	4.0000	0.0000	3.0000	0.0000	0.0000	0.0000	0.0000	0.0000	0.0000	0.0000	0.0000	0.0000	0.0000	0.0000	0.0000	0.0000	0.0000	0.0000	0.0000	0.0000	0.0000	0.0000	0.0000	0.0000	0.0000	0.0000	0.0000	0.0000	0.0000	0.0000	0.0000	0.0000	0.0000	0.0000	0.0000	0.0000	0.0000	0.0000	0.0000	0.0000	0.0000	0.0000	0.0000	0.0000	0.0000	0.0000	0.0000	0.0000	0.0000	0.0000	0.0000	0.0000	0.0000	0.0000	0.0000	0.0000	0.0000											
13	65	0.0916	3	0	0	1	1	0	0	0	0	N	N	N	N	N	N	N	N	N	N	N	N	0.0000	0.0000	0.0000	0.0000	0.0000	0.0000	0.0000	0.0000	0.0000	0.0000	0.0000	0.0000	0.0000	0.0000	0.0000	0.0000	0.0000	0.0000	0.0000	0.0000	0.0000	2.0015	0.0000	10.0016	0.0000	0.0000	0.0000	0.0000	0.0000	0.0000	0.0000	0.0000	0.0000	0.0000	0.0000	0.0000	0.0000	0.0000	0.0000	0.0000	0.0000	0.0000	0.0000	0.0000	0.0000	0.0000	0.0000	0.0000	0.0000	0.0000	0.0000	0.0000	0.0000	0.0000	0.0000	0.0000	0.0000	0.0000	0.0000	0.0000	0.0000	0.0000	0.0000	0.0000	0.0000	0.0000	0.0000	0.0000	0.0000	0.0000	0.0000	0.0000	0.0000	0.0000	0.0000	0.0000	0.0000	0.0000											
13	67	0.2464	5	0	0	1	1	0	0	0	0	N	N	N	N	N	N	N	N	N	N	N	N	0.0000	0.0000	0.0000	0.0000	0.0000	0.0000	0.0000	0.0000	0.0000	0.0000	0.0000	0.0000	0.0000	0.0128	0.0201	0.0000	0.0291	0.0322	0.0000	0.0000	0.0000	0.0000	0.0000	0.0000	-0.0000	0.0000	4.8614	0.0000	14.2102	0.0000	0.0000	0.0000	0.0000	0.0000	0.0000	0.0000	0.0000	0.0000	0.0000	0.0000	0.0000	0.0000	0.0000	0.0000	0.0000	0.0000	0.0000	0.0000	0.0000	0.0000	0.0000	0.0000	0.0000	0.0000	0.0000	0.0000	0.0000	0.0000	0.0000	0.0000	0.0000	0.0000	0.0000	0.0000	0.0000	0.0000	0.0000	0.0000	0.0000	0.0000	0.0000	0.0000	0.0000	0.0000	0.0128	0.0201	0.0000	0.0291	0.0322	0.0000	0.0000	0.0000	0.0000						
13	68	0.1673	7	1	1	2	1	0	0	0	0	N	N	Y	N	N	N	N	N	N	N	N	N	0.0000	0.0000	0.0000	0.0000	0.0000	0.0000	0.0000	0.0000	0.0000	0.0000	0.0000	0.0000	0.0000	0.0000	0.0000	0.0000	0.0000	0.0000	0.0000	0.0000	0.0000	0.0000	0.0000	0.0000	0.0000	0.0000	0.0000	0.0000	0.0000	0.0000	0.0000	0.0000	0.0000	0.0000	0.0000	0.0000	0.0000	0.0000	0.0000	0.0000	0.0000	0.0000	0.0000	0.0000	0.0000	0.0000	0.0000	0.0000	0.0000	0.0000	0.0000	0.0000	0.0000	0.0000	0.0000	0.0000	0.0000	0.0000	0.0000	0.0000	0.0000	0.0000	0.0000	0.0000	0.0000	0.0000	0.0000	0.0000	0.0000	0.0000	0.0000	0.0000	0.0000	0.0000	0.0000	0.0000	0.0000	0.0000											
13	69	0.1631	6	1	0	2	1	0	0	0	0	N	N	Y	N	N	N	N	N	N	N	N	N	0.0000	0.0000	0.0000	0.0000	0.0000	0.0000	0.0000	0.0000	0.0000	0.0000	0.0000	0.0000	0.0000	0.0000	0.0000	0.0000	0.0000	0.0000	0.0000	0.0000	0.0000	0.0016	0.0000	0.9826	0.0000	0.0000	0.0000	0.0000	0.0000	0.0000	0.0000	0.0000	0.0000	0.0000	0.0000	0.0000	0.0000	0.0000	0.0000	0.0000	0.0000	0.0000	0.0000	0.0000	0.0000	0.0000	0.0000	0.0000	0.0000	0.0000	0.0000	0.0000	0.0000	0.0000	0.0000	0.0000	0.0000	0.0000	0.0000	0.0000	0.0000	0.0000	0.0000	0.0000	0.0000	0.0000	0.0000	0.0000	0.0000	0.0000	0.0000	0.0000	0.0000	0.0000	0.0000	0.0000	0.0000	0.0000											
13	70	0.1504	5	1	0	2	1	0	0	0	0	N	N	Y	N	N	N	N	N	N	N	N	N	0.0000	0.0000	0.0000	0.0000	0.0000	0.0000	0.0000	0.0000	0.0000	0.0000	0.0000	0.0000	0.0000	0.0000	0.0000	0.0000	0.0000	0.0000	0.0000	0.0000	0.0000	0.0061	0.0000	3.0249	0.0000	0.0000	0.0000	0.0000	0.0000	0.0000	0.0000	0.0000	0.0000	0.0000	0.0000	0.0000	0.0000	0.0000	0.0000	0.0000	0.0000	0.0000	0.0000	0.0000	0.0000	0.0000	0.0000	0.0000	0.0000	0.0000	0.0000	0.0000	0.0000	0.0000	0.0000	0.0000	0.0000	0.0000	0.0000	0.0000	0.0000	0.0000	0.0000	0.0000	0.0000	0.0000	0.0000	0.0000	0.0000	0.0000	0.0000	0.0000	0.0000	0.0000	0.0000	0.0000	0.0000	0.0000											
13	71	0.1334	4	1	0	2	1	0	0	0	0	N	N	Y	N	N	N	N	N	N	N	N	N	0.0000	0.0000	0.0000	0.0000	0.0000	0.0000	0.0000	0.0000	0.0000	0.0000	0.0000	0.0000	0.0000	0.0000	0.0000	0.0000	0.0000	0.0000	0.0000	0.0000	0.0000	0.0044	0.0000	4.0281	0.0000	0.0000	0.0000	0.0000	0.0000	0.0000	0.0000	0.0000	0.0000	0.0000	0.0000	0.0000	0.0000	0.0000	0.0000	0.0000	0.0000	0.0000	0.0000	0.0000	0.0000	0.0000	0.0000	0.0000	0.0000	0.0000	0.0000	0.0000	0.0000	0.0000	0.0000	0.0000	0.0000	0.0000	0.0000	0.0000	0.0000	0.0000	0.0000	0.0000	0.0000	0.0000	0.0000	0.0000	0.0000	0.0000	0.0000	0.0000	0.0000	0.0000	0.0000	0.0000	0.0000	0.0000											
13	72	0.0916	3	0	1	1	1	0	0	0	0	N	N	N	N	N	N	N	N	N	N	N	N	0.0000	0.0000	0.0000	0.0000	0.0000	0.0000	0.0000	0.0000	0.0000	0.0000	0.0000	0.0000	0.0000	0.0000	0.0000	0.0000	0.0000	0.0000	0.0000	0.0000	0.0000	5.9987	0.0000	11.0016	0.0000	0.0000	0.0000	0.0000	0.0000	0.0000	0.0000	0.0000	0.0000	0.0000	0.0000	0.0000	0.0000	0.0000	0.0000	0.0000	0.0000	0.0000	0.0000	0.0000	0.0000	0.0000	0.0000	0.0000	0.0000	0.0000	0.0000	0.0000	0.0000	0.0000	0.0000	0.0000	0.0000	0.0000	0.0000	0.0000	0.0000	0.0000	0.0000	0.0000	0.0000	0.0000	0.0000	0.0000	0.0000	0.0000	0.0000	0.0000	0.0000	0.0000	0.0000	0.0000	0.0000	0.0000											
13	73	0.1334	4	1	0	2	1	0	0	0	0	N	N	Y	N	N	N	N	N	N	N	N	N	0.0000	0.0000	0.0000	0.0000	0.0000	0.0000	0.0000	0.0000	0.0000	0.0000	0.0000	0.0000	0.0000	0.0000	0.0000	0.0000	0.0000	0.0000	0.0000	0.0000	0.0000	2.0000	0.0000	5.0000	0.0000	0.0000	0.0000	0.0000	0.0000	0.0000	0.0000	0.0000	0.0000	0.0000	0.0000	0.0000	0.0000	0.0000	0.0000	0.0000	0.0000	0.0000	0.0000	0.0000	0.0000	0.0000	0.0000	0.0000	0.0000	0.0000	0.0000	0.0000	0.0000	0.0000	0.0000	0.0000	0.0000	0.0000	0.0000	0.0000	0.0000	0.0000	0.0000	0.0000	0.0000	0.0000	0.0000	0.0000	0.0000	0.0000	0.0000	0.0000	0.0000	0.0000	0.0000	0.0000	0.0000	0.0000											
13	74	0.1333	5	0	1	1	1	0	0	0	0	N	N	N	N	N	N	N	N	N	N	N	N	0.0000	0.0000	0.0000	0.0000	0.0000	0.0000	0.0000	0.0000	0.0000	0.0000	0.0000	0.0000	0.0000	0.0000	0.0000	0.0000	0.0000	0.0000	0.0000	-0.0000	0.0000	6.1274	0.0000	13.6208	0.0000	0.0000	0.0000	0.0000	0.0000	0.0000	0.0000	0.0000	0.0000	0.0000	0.0000	0.0000	0.0000	0.0000	0.0000	0.0000	0.0000	0.0000	0.0000	0.0000	0.0000	0.0000	0.0000	0.0000	0.0000	0.0000	0.0000	0.0000	0.0000	0.0000	0.0000	0.0000	0.0000	0.0000	0.0000	0.0000	0.0000	0.0000	0.0000	0.0000	0.0000	0.0000	0.0000	0.0000	0.0000	0.0000	0.0000	0.0000	0.0000	0.0000	0.0000	0.0000	0.0000	0.0000											
13	75	0.1579	8	0	0	2	1	0	0	0	0	N	N	Y	N	N	N	N	N	N	N	N	N	0.0000	0.0000	0.0000	0.0000	0.0000	0.0000	0.0000	0.0000	0.0000	0.0000	0.0000	0.0000	0.0000	0.0000	0.0000	0.0000	0.0000	0.0000	0.0000	0.0000	0.0000	0.0000	0.0000	1.0003	0.0000	0.0000	0.0000	0.0000	0.0000	0.0000	0.0000	0.0000	0.0000	0.0000	0.0000	0.0000	0.0000	0.0000	0.0000	0.0000	0.0000	0.0000	0.0000	0.0000	0.0000	0.0000	0.0000	0.0000	0.0000	0.0000	0.0000	0.0000	0.0000	0.0000	0.0000	0.0000	0.0000	0.0000	0.0000	0.0000	0.0000	0.0000	0.0000	0.0000	0.0000	0.0000	0.0000	0.0000	0.0000	0.0000	0.0000	0.0000	0.0000	0.0000	0.0000	0.0000	0.0000	0.0000											
13	76	0.1538	7	0	0	2	1	0	0	0	0	N	N	Y	N	N	N	N	N	N	N	N	N	0.0000	0.0000	0.0000	0.0000	0.0000	0.0000	0.0000	0.0000	0.0000	0.0000	0.0000	0.0000	0.0000	0.0000	0.0000	0.0000	0.0000	0.0000	0.0000	0.0000	0.0000	0.0000	0.0000	1.0076	0.0000	0.0000	0.0000	0.0000	0.0000	0.0000	0.0000	0.0000	0.0000	0.0000	0.0000	0.0000	0.0000	0.0000	0.0000	0.0000	0.0000	0.0000	0.0000	0.0000	0.0000	0.0000	0.0000	0.0000	0.0000	0.0000	0.0000	0.0000	0.0000	0.0000	0.0000	0.0000	0.0000	0.0000	0.0000	0.0000	0.0000	0.0000	0.0000	0.0000	0.0000	0.0000	0.0000	0.0000	0.0000	0.0000	0.0000	0.0000	0.0000	0.0000	0.0000	0.0000	0.0000	0.0000											
13	77	0.1497	6	0	0	1	1	0	0	0	0	N	N	N	N	N	N	N	N	N	N	N	N	0.0000	0.0000	0.0000	0.0000	0.0000	0.0000	0.0000	0.0000	0.0000	0.0000	0.0000	0.0000	0.0000	0.0000	0.0000	0.0000	0.0000	0.0000	0.0000	0.0000	0.0000	0.0026	0.0000	0.9924	0.0000	0.0000	0.0000	0.0000	0.0000	0.0000	0.0000	0.0000	0.0000	0.0000	0.0000	0.0000	0.0000	0.0000	0.0000	0.0000	0.0000	0.0000	0.0000	0.0000	0.0000	0.0000	0.0000	0.0000	0.0000	0.0000	0.0000	0.0000	0.0000	0.0000	0.0000	0.0000	0.0000	0.0000	0.0000	0.0000	0.0000	0.0000	0.0000	0.0000	0.0000	0.0000	0.0000	0.0000	0.0000	0.0000	0.0000	0.0000	0.0000	0.0000	0.0000	0.0000	0.0000	0.0000											
13	78	0.1333	5	0	0	1	1	0	0	0	0	N	N	N	N	N	N	N	N	N	N	N	N	0.0000	0.0000	0.0000	0.0000	0.0000	0.0000	0.0000	0.0000	0.0000	0.0000	0.0000	0.0000	0.0000	0.0000	0.0000	0.0000	0.0000	0.0000	0.0000	-0.0000	0.0000	2.8733	0.0000	1.5522	0.0000	0.0000	0.0000	0.0000	0.0000	0.0000	0.0000	0.0000	0.0000	0.0000	0.0000	0.0000	0.0000	0.0000	0.0000	0.0000	0.0000	0.0000	0.0000	0.0000	0.0000	0.0000	0.0000	0.0000	0.0000	0.0000	0.0000	0.0000	0.0000	0.0000	0.0000	0.0000	0.0000	0.0000	0.0000	0.0000	0.0000	0.0000	0.0000	0.0000	0.0000	0.0000	0.0000	0.0000	0.0000	0.0000	0.0000	0.0000	0.0000	0.0000	0.0000	0.0000	0.0000	0.0000											
13	79	0.1212	4	0	0	1	1	0	0	0	0	N	N	N	N	N	N	N	N	N	N	N	N	0.0000	0.0000	0.0000	0.0000	0.0000	0.0000	0.0000	0.0000	0.0000	0.0000	0.0000	0.0000	0.0000	0.0000	0.0000	0.0000	0.0000	0.0000	0.0000	-0.0000	0.0000	0.2102	0.0000	3.4985	0.0000	0.0000	0.0000	0.0000	0.0000	0.0000	0.0000	0.0000	0.0000	0.0000	0.0000	0.0000	0.0000	0.0000	0.0000	0.0000	0.0000	0.0000	0.0000	0.0000	0.0000	0.0000	0.0000	0.0000	0.0000	0.0000	0.0000	0.0000	0.0000	0.0000	0.0000	0.0000	0.0000	0.0000	0.0000	0.0000	0.0000	0.0000	0.0000	0.0000	0.0000	0.0000	0.0000	0.0000	0.0000	0.0000	0.0000	0.0000	0.0000	0.0000	0.0000	0.0000	0.0000	0.0000											
13	80	0.1523	6	0	1	1	1	0	0	0	0	N	N	N	N	N	N	N	N	N	N	N	N	0.0000	0.0000	0.0000	0.0000	0.0000	0.0000	0.0000	0.0000	0.0000	0.0000	0.0000	0.0000	0.0000	0.0000	0.0000	0.0000	0.0000	0.0000	0.0000	-0.0000	0.0000	2.0196	0.0000	6.0690	0.0000	0.0000	0.0000	0.0000	0.0000	0.0000	0.0000	0.0000	0.0000	0.0000	0.0000	0.0000	0.0000	0.0000	0.0000	0.0000	0.0000	0.0000	0.0000	0.0000	0.0000	0.0000	0.0000	0.0000	0.0000	0.0000	0.0000	0.0000	0.0000	0.0000	0.0000	0.0000	0.0000	0.0000	0.0000	0.0000	0.0000	0.0000	0.0000	0.0000	0.0000	0.0000	0.0000	0.0000	0.0000	0.0000	0.0000	0.0000	0.0000	0.0000	0.0000	0.0000	0.0000	0.0000											
13	81	0.1440	5	0	0	1	1	0	0	0	0	N	N	N	N	N	N	N	N	N	N	N	N	0.0000	0.0000	0.0000	0.0000	0.0000	0.0000	0.0000	0.0000	0.0000	0.0000	0.0000	0.0000	0.0000	0.0000	0.0000	0.0000	0.0000	0.0000	0.0000	0.0000	0.0000	0.9876	0.0000	0.9833	0.0000	0.0000	0.0000	0.0000	0.0000	0.0000	0.0000	0.0000	0.0000	0.0000	0.0000	0.0000	0.0000	0.0000	0.0000	0.0000	0.0000	0.0000	0.0000	0.0000	0.0000	0.0000	0.0000	0.0000	0.0000	0.0000	0.0000	0.0000	0.0000	0.0000	0.0000	0.0000	0.0000	0.0000	0.0000	0.0000	0.0000	0.0000	0.0000	0.0000	0.0000	0.0000	0.0000	0.0000	0.0000	0.0000	0.0000	0.0000	0.0000	0.0000	0.0000	0.0000	0.0000	0.0000											
13	82	0.1617	5	1	0	2	1	0	0	0	0	N	N	Y	N	N	N	N	N	N	N	N	N	0.0000	0.0000	0.0000	0.0000	0.0000	0.0000	0.0000	0.0000	0.0000	0.0000	0.0000	0.0000	0.0000	0.0000	0.0000	0.0000	0.0000	0.0000	0.0000	0.0000	0.0000	1.0000	0.0000	2.9874	0.0000	0.0000	0.0000	0.0000	0.0000	0.0000	0.0000	0.0000	0.0000	0.0000	0.0000	0.0000	0.0000	0.0000	0.0000	0.0000	0.0000	0.0000	0.0000	0.0000	0.0000	0.0000	0.0000	0.0000	0.0000	0.0000	0.0000	0.0000	0.0000	0.0000	0.0000	0.0000	0.0000	0.0000	0.0000	0.0000	0.0000	0.0000	0.0000	0.0000	0.0000	0.0000	0.0000	0.0000	0.0000	0.0000	0.0000	0.0000	0.0000	0.0000	0.0000	0.0000	0.0000	0.0000											
13	83	0.1334	4	1	0	2	1	0	0	0	0	N	N	Y	N	N	N	N	N	N	N	N	N	0.0000	0.0000	0.0000	0.0000	0.0000	0.0000	0.0000	0.0000	0.0000	0.0000	0.0000	0.0000	0.0000	0.0000	0.0000	0.0000	0.0000	0.0000	0.0000	0.0000	0.0000	0.9997	0.0000	6.0128	0.0000	0.0000	0.0000	0.0000	0.0000	0.0000	0.0000	0.0000	0.0000	0.0000	0.0000	0.0000	0.0000	0.0000	0.0000	0.0000	0.0000	0.0000	0.0000	0.0000	0.0000	0.0000	0.0000	0.0000	0.0000	0.0000	0.0000	0.0000	0.0000	0.0000	0.0000	0.0000	0.0000	0.0000	0.0000	0.0000	0.0000	0.0000	0.0000	0.0000	0.0000	0.0000	0.0000	0.0000	0.0000	0.0000	0.0000	0.0000	0.0000	0.0000	0.0000	0.0000	0.0000	0.0000											
13	84	0.0916	3	0	1	1	2	0	0	0	0	N	N	N	Y	N	N	N	N	N	N	N	N	0.0000	0.0000	0.0000	0.0000	0.0000	0.0000	0.0000	0.0000	0.0000	0.0000	0.0000	0.0000	0.0000	0.0000	0.0000	0.0000	0.0000	0.0000	0.0000	0.0000	0.0000	8.0013	0.0000	12.0015	0.0000	0.0000	0.0000	0.0000	0.0000	0.0000	0.0000	0.0000	0.0000	0.0000	0.0000	0.0000	0.0000	0.0000	0.0000	0.0000	0.0000	0.0000	0.0000	0.0000	0.0000	0.0000	0.0000	0.0000	0.0000	0.0000	0.0000	0.0000	0.0000	0.0000	0.0000	0.0000	0.0000	0.0000	0.0000	0.0000	0.0000	0.0000	0.0000	0.0000	0.0000	0.0000	0.0000	0.0000	0.0000	0.0000	0.0000	0.0000	0.0000	0.0000	0.0000	0.0000	0.0000	0.0000											
13	85	0.1480	5	0	1	1	1	0	0	0	0	N	N	N	N	N	N	N	N	N	N	N	N	0.0000	0.0000	0.0000	0.0000	0.0000	0.0000	0.0000	0.0000	0.0000	0.0000	0.0000	0.0000	0.0000	0.0000	0.0000	0.0000	0.0000	0.0000	0.0000	0.0000	0.0000	1.0000	0.0000	6.9850	0.0000	0.0000	0.0000	0.0000	0.0000	0.0000	0.0000	0.0000	0.0000	0.0000	0.0000	0.0000	0.0000	0.0000	0.0000	0.0000	0.0000	0.0000	0.0000	0.0000	0.0000	0.0000	0.0000	0.0000	0.0000	0.0000	0.0000	0.0000	0.0000	0.0000	0.0000	0.0000	0.0000	0.0000	0.0000	0.0000	0.0000	0.0000	0.0000	0.0000	0.0000	0.0000	0.0000	0.0000	0.0000	0.0000	0.0000	0.0000	0.0000	0.0000	0.0000	0.0000	0.0000	0.0000											
13	86	0.1353	4	0	0	1	1	0	0	0	0	N	N	N	N	N	N	N	N	N	N	N	N	0.0000	0.0000	0.0000	0.0000	0.0000	0.0000	0.0000	0.0000	0.0000	0.0000	0.0000	0.0000	0.0000	0.0000	0.0000	0.0000	0.0000	0.0000	0.0000	0.0000	0.0000	1.0086	0.0000	2.0000	0.0000	0.0000	0.0000	0.0000	0.0000	0.0000	0.0000	0.0000	0.0000	0.0000	0.0000	0.0000	0.0000	0.0000	0.0000	0.0000	0.0000	0.0000	0.0000	0.0000	0.0000	0.0000	0.0000	0.0000	0.0000	0.0000	0.0000	0.0000	0.0000	0.0000	0.0000	0.0000	0.0000	0.0000	0.0000	0.0000	0.0000	0.0000	0.0000	0.0000	0.0000	0.0000	0.0000	0.0000	0.0000	0.0000	0.0000	0.0000	0.0000	0.0000	0.0000	0.0000	0.0000	0.0000											
13	87	0.1334	4	0	1	1	1	0	0	0	0	N	N	N	N	N	N	N	N	N	N	N	N	0.0000	0.0000	0.0000	0.0000	0.0000	0.0000	0.0000	0.0000	0.0000	0.0000	0.0000	0.0000	0.0000	0.0000	0.0000	0.0000	0.0000	0.0000	0.0000	0.0000	0.0000	4.0000	0.0000	7.0000	0.0000	0.0000	0.0000	0.0000	0.0000	0.0000	0.0000	0.0000	0.0000	0.0000	0.0000	0.0000	0.0000	0.0000	0.0000	0.0000	0.0000	0.0000	0.0000	0.0000	0.0000	0.0000	0.0000	0.0000	0.0000	0.0000	0.0000	0.0000	0.0000	0.0000	0.0000	0.0000	0.0000	0.0000	0.0000	0.0000	0.0000	0.0000	0.0000	0.0000	0.0000	0.0000	0.0000	0.0000	0.0000	0.0000	0.0000	0.0000	0.0000	0.0000	0.0000	0.0000	0.0000	0.0000											
13	88	0.0916	3	0	0	1	1	0	0	0	0	N	N	N	N	N	N	N	N	N	N	N	N	0.0000	0.0000	0.0000	0.0000	0.0000	0.0000	0.0000	0.0000	0.0000	0.0000	0.0000	0.0000	0.0000	0.0000	0.0000	0.0000	0.0000	0.0000	0.0000	0.0000	0.0000	2.9985	0.0000	7.0016	0.0000	0.0000	0.0000	0.0000	0.0000	0.0000	0.0000	0.0000	0.0000	0.0000	0.0000	0.0000	0.0000	0.0000	0.0000	0.0000	0.0000	0.0000	0.0000	0.0000	0.0000	0.0000	0.0000	0.0000	0.0000	0.0000	0.0000	0.0000	0.0000	0.0000	0.0000	0.0000	0.0000	0.0000	0.0000	0.0000	0.0000	0.0000	0.0000	0.0000	0.0000	0.0000	0.0000	0.0000	0.0000	0.0000	0.0000	0.0000	0.0000	0.0000	0.0000	0.0000	0.0000	0.0000											
13	89	0.1525	6	0	1	1	1	0	0	0	0	N	N	N	N	N	N	N	N	N	N	N	N	0.0000	0.0000	0.0000	0.0000	0.0000	0.0000	0.0000	0.0000	0.0000	0.0000	0.0000	0.0000	0.0000	0.0000	0.0000	0.0000	0.0000	0.0000	0.0000	0.0000	0.0000	0.0157	0.0000	9.0253	0.0000	0.0000	0.0000	0.0000	0.0000	0.0000	0.0000	0.0000	0.0000	0.0000	0.0000	0.0000	0.0000	0.0000	0.0000	0.0000	0.0000	0.0000	0.0000	0.0000	0.0000	0.0000	0.0000	0.0000	0.0000	0.0000	0.0000	0.0000	0.0000	0.0000	0.0000	0.0000	0.0000	0.0000	0.0000	0.0000	0.0000	0.0000	0.0000	0.0000	0.0000	0.0000	0.0000	0.0000	0.0000	0.0000	0.0000	0.0000	0.0000	0.0000	0.0000	0.0000	0.0000	0.0000											
13	90	0.1440	5	0	1	1	1	0	0	0	0	N	N	N	N	N	N	N	N	N	N	N	N	0.0000	0.0000	0.0000	0.0000	0.0000	0.0000	0.0000	0.0000	0.0000	0.0000	0.0000	0.0000	0.0000	0.0000	0.0000	0.0000	0.0000	0.0000	0.0000	0.0000	0.0000	0.0169	0.0000	2.0013	0.0000	0.0000	0.0000	0.0000	0.0000	0.0000	0.0000	0.0000	0.0000	0.0000	0.0000	0.0000	0.0000	0.0000	0.0000	0.0000	0.0000	0.0000	0.0000	0.0000	0.0000	0.0000	0.0000	0.0000	0.0000	0.0000	0.0000	0.0000	0.0000	0.0000	0.0000	0.0000	0.0000	0.0000	0.0000	0.0000	0.0000	0.0000	0.0000	0.0000	0.0000	0.0000	0.0000	0.0000	0.0000	0.0000	0.0000	0.0000	0.0000	0.0000	0.0000	0.0000	0.0000	0.0000											
13	91	0.1353	4	0	0	1	1	0	0	0	0	N	N	N	N	N	N	N	N	N	N	N	N	0.0000	0.0000	0.0000	0.0000	0.0000	0.0000	0.0000	0.0000	0.0000	0.0000	0.0000	0.0000	0.0000	0.0000	0.0000	0.0000	0.0000	0.0000	0.0000	0.0000	0.0000	1.9923	0.0000	0.0454	0.0000	0.0000	0.0000	0.0000	0.0000	0.0000	0.0000	0.0000	0.0000	0.0000	0.0000	0.0000	0.0000	0.0000	0.0000	0.0000	0.0000	0.0000	0.0000	0.0000	0.0000	0.0000	0.0000	0.0000	0.0000	0.0000	0.0000	0.0000	0.0000	0.0000	0.0000	0.0000	0.0000	0.0000	0.0000	0.0000	0.0000	0.0000	0.0000	0.0000	0.0000	0.0000	0.0000	0.0000	0.0000	0.0000	0.0000	0.0000	0.0000	0.0000	0.0000	0.0000	0.0000	0.0000											
13	92	0.0916	3	0	0	1	1	0	0	0	0	N	N	N	N	N	N	N	N	N	N	N	N	0.0000	0.0000	0.0000	0.0000	0.0000	0.0000	0.0000	0.0000	0.0000	0.0000	0.0000	0.0000	0.0000	0.0000	0.0000	0.0000	0.0000	0.0000	0.0000	0.0000	0.0000	1.0098	0.0000	9.0196	0.0000	0.0000	0.0000	0.0000	0.0000	0.0000	0.0000	0.0000	0.0000	0.0000	0.0000	0.0000	0.0000	0.0000	0.0000	0.0000	0.0000	0.0000	0.0000	0.0000	0.0000	0.0000	0.0000	0.0000	0.0000	0.0000	0.0000	0.0000	0.0000	0.0000	0.0000	0.0000	0.0000	0.0000	0.0000	0.0000	0.0000	0.0000	0.0000	0.0000	0.0000	0.0000	0.0000	0.0000	0.0000	0.0000	0.0000	0.0000	0.0000	0.0000	0.0000	0.0000	0.0000	0.0000											
13	93	0.0832	6	1	1	1	2	0	0	0	0	N	N	N	Y	N	N	N	N	N	N	N	N	0.0000	0.0000	0.0000	0.0000	0.0000	0.0000	0.0000	0.0000	0.0000	0.0000	0.0000	0.0000	0.0000	0.0000	0.0000	0.0000	0.0000	0.0000	0.0000	0.0000	0.0000	0.0000	0.0000	0.0000	0.0000	0.0000	0.0000	0.0000	0.0000	0.0000	0.0000	0.0000	0.0000	0.0000	0.0000	0.0000	0.0000	0.0000	0.0000	0.0000	0.0000	0.0000	0.0000	0.0000	0.0000	0.0000	0.0000	0.0000	0.0000	0.0000	0.0000	0.0000	0.0000	0.0000	0.0000	0.0000	0.0000	0.0000	0.0000	0.0000	0.0000	0.0000	0.0000	0.0000	0.0000	0.0000	0.0000	0.0000	0.0000	0.0000	0.0000	0.0000	0.0000	0.0000	0.0000	0.0000	0.0000	0.0000											
13	94	0.0832	5	1	1	1	2	0	0	0	0	N	N	N	Y	N	N	N	N	N	N	N	N	0.0000	0.0000	0.0000	0.0000	0.0000	0.0000	0.0000	0.0000	0.0000	0.0000	0.0000	0.0000	0.0000	0.0000	0.0000	0.0000	0.0000	0.0000	0.0000	0.0000	0.0000	0.0000	0.0000	0.0001	0.0000	0.0000	0.0000	0.0000	0.0000	0.0000	0.0000	0.0000	0.0000	0.0000	0.0000	0.0000	0.0000	0.0000	0.0000	0.0000	0.0000	0.0000	0.0000	0.0000	0.0000	0.0000	0.0000	0.0000	0.0000	0.0000	0.0000	0.0000	0.0000	0.0000	0.0000	0.0000	0.0000	0.0000	0.0000	0.0000	0.0000	0.0000	0.0000	0.0000	0.0000	0.0000	0.0000	0.0000	0.0000	0.0000	0.0000	0.0000	0.0000	0.0000	0.0000	0.0000	0.0000	0.0000											
13	95	0.0653	4	0	1	1	2	0	0	0	0	N	N	N	Y	N	N	N	N	N	N	N	N	0.0000	0.0000	0.0000	0.0000	0.0000	0.0000	0.0000	0.0000	0.0000	0.0000	0.0000	0.0000	0.0000	0.0000	0.0000	0.0000	0.0000	0.0000	0.0000	0.0000	0.0000	0.9845	0.0000	0.9903	0.0000	0.0000	0.0000	0.0000	0.0000	0.0000	0.0000	0.0000	0.0000	0.0000	0.0000	0.0000	0.0000	0.0000	0.0000	0.0000	0.0000	0.0000	0.0000	0.0000	0.0000	0.0000	0.0000	0.0000	0.0000	0.0000	0.0000	0.0000	0.0000	0.0000	0.0000	0.0000	0.0000	0.0000	0.0000	0.0000	0.0000	0.0000	0.0000	0.0000	0.0000	0.0000	0.0000	0.0000	0.0000	0.0000	0.0000	0.0000	0.0000	0.0000	0.0000	0.0000	0.0000	0.0000											
13	96	0.0624	4	0	1	1	1	0	0	0	0	N	N	N	N	N	N	N	N	N	N	N	N	0.0000	0.0000	0.0000	0.0000	0.0000	0.0000	0.0000	0.0000	0.0000	0.0000	0.0000	0.0000	0.0000	0.2772	1.0110	0.0000	3.9339	3.8808	0.0000	0.0000	0.0000	0.0000	0.0000	0.0000	-0.0000	0.0000	1.0063	0.0000	3.7812	0.0000	0.0000	0.0000	0.0000	0.0000	0.0000	0.0000	0.0000	0.0000	0.0000	0.0000	0.0000	0.0000	0.0000	0.0000	0.0000	0.0000	0.0000	0.0000	0.0000	0.0000	0.0000	0.0000	0.0000	0.0000	0.0000	0.0000	0.0000	0.0000	0.0000	0.0000	0.0000	0.0000	0.0000	0.0000	0.0000	0.0000	0.0000	0.0000	0.0000	0.0000	0.0000	0.0000	0.0000	0.0000	0.2182	0.4227	0.0000	0.4675	0.4705	0.0000	0.0000	0.0000	0.0000						
13	97	0.0653	4	0	0	2	2	0	0	0	0	N	N	Y	Y	N	N	N	N	N	N	N	N	0.0000	0.0000	0.0000	0.0000	0.0000	0.0000	0.0000	0.0000	0.0000	0.0000	0.0000	0.0000	0.0000	0.0000	0.0000	0.0000	0.0000	0.0000	0.0000	0.0000	0.0000	1.0165	0.0000	1.0129	0.0000	0.0000	0.0000	0.0000	0.0000	0.0000	0.0000	0.0000	0.0000	0.0000	0.0000	0.0000	0.0000	0.0000	0.0000	0.0000	0.0000	0.0000	0.0000	0.0000	0.0000	0.0000	0.0000	0.0000	0.0000	0.0000	0.0000	0.0000	0.0000	0.0000	0.0000	0.0000	0.0000	0.0000	0.0000	0.0000	0.0000	0.0000	0.0000	0.0000	0.0000	0.0000	0.0000	0.0000	0.0000	0.0000	0.0000	0.0000	0.0000	0.0000	0.0000	0.0000	0.0000	0.0000											
13	98	0.0524	3	0	0	1	2	0	0	0	0	N	N	N	Y	N	N	N	N	N	N	N	N	0.0000	0.0000	0.0000	0.0000	0.0000	0.0000	0.0000	0.0000	0.0000	0.0000	0.0000	0.0000	0.0000	0.0000	0.0000	0.0000	0.0000	0.0000	0.0000	0.0000	0.0000	2.0241	0.0000	1.0265	0.0000	0.0000	0.0000	0.0000	0.0000	0.0000	0.0000	0.0000	0.0000	0.0000	0.0000	0.0000	0.0000	0.0000	0.0000	0.0000	0.0000	0.0000	0.0000	0.0000	0.0000	0.0000	0.0000	0.0000	0.0000	0.0000	0.0000	0.0000	0.0000	0.0000	0.0000	0.0000	0.0000	0.0000	0.0000	0.0000	0.0000	0.0000	0.0000	0.0000	0.0000	0.0000	0.0000	0.0000	0.0000	0.0000	0.0000	0.0000	0.0000	0.0000	0.0000	0.0000	0.0000	0.0000											
13	99	0.0524	3	0	0	2	2	0	0	0	0	N	N	Y	Y	N	N	N	N	N	N	N	N	0.0000	0.0000	0.0000	0.0000	0.0000	0.0000	0.0000	0.0000	0.0000	0.0000	0.0000	0.0000	0.0000	0.0000	0.0000	0.0000	0.0000	0.0000	0.0000	0.0000	0.0000	3.0066	0.0000	0.0000	0.0000	0.0000	0.0000	0.0000	0.0000	0.0000	0.0000	0.0000	0.0000	0.0000	0.0000	0.0000	0.0000	0.0000	0.0000	0.0000	0.0000	0.0000	0.0000	0.0000	0.0000	0.0000	0.0000	0.0000	0.0000	0.0000	0.0000	0.0000	0.0000	0.0000	0.0000	0.0000	0.0000	0.0000	0.0000	0.0000	0.0000	0.0000	0.0000	0.0000	0.0000	0.0000	0.0000	0.0000	0.0000	0.0000	0.0000	0.0000	0.0000	0.0000	0.0000	0.0000	0.0000	0.0000											
13	102	0.1909	4	1	1	1	1	0	0	0	0	N	N	N	N	N	N	N	N	N	N	N	N	0.0000	0.0000	0.0000	0.0000	0.0000	0.0000	0.0000	0.0000	0.0000	0.0000	0.0000	0.0000	0.0000	0.0000	0.0000	0.0000	0.0000	0.0000	0.0000	0.0000	0.0000	0.0000	0.0000	0.0000	0.0000	0.0000	0.0000	0.0000	0.0000	0.0000	0.0000	0.0000	0.0000	0.0000	0.0000	0.0000	0.0000	0.0000	0.0000	0.0000	0.0000	0.0000	0.0000	0.0000	0.0000	0.0000	0.0000	0.0000	0.0000	0.0000	0.0000	0.0000	0.0000	0.0000	0.0000	0.0000	0.0000	0.0000	0.0000	0.0000	0.0000	0.0000	0.0000	0.0000	0.0000	0.0000	0.0000	0.0000	0.0000	0.0000	0.0000	0.0000	0.0000	0.0000	0.0000	0.0000	0.0000	0.0000											
13	103	0.0916	3	1	1	1	1	0	0	0	0	N	N	N	N	N	N	N	N	N	N	N	N	0.0000	0.0000	0.0000	0.0000	0.0000	0.0000	0.0000	0.0000	0.0000	0.0000	0.0000	0.0000	0.0000	0.0000	0.0000	0.0000	0.0000	0.0000	0.0000	0.0000	0.0000	8.0012	0.0000	14.0016	0.0000	0.0000	0.0000	0.0000	0.0000	0.0000	0.0000	0.0000	0.0000	0.0000	0.0000	0.0000	0.0000	0.0000	0.0000	0.0000	0.0000	0.0000	0.0000	0.0000	0.0000	0.0000	0.0000	0.0000	0.0000	0.0000	0.0000	0.0000	0.0000	0.0000	0.0000	0.0000	0.0000	0.0000	0.0000	0.0000	0.0000	0.0000	0.0000	0.0000	0.0000	0.0000	0.0000	0.0000	0.0000	0.0000	0.0000	0.0000	0.0000	0.0000	0.0000	0.0000	0.0000	0.0000											
13	104	0.1545	4	0	1	1	1	0	0	0	0	N	N	N	N	N	N	N	N	N	N	N	N	0.0000	0.0000	0.0000	0.0000	0.0000	0.0000	0.0000	0.0000	0.0000	0.0000	0.0000	0.0000	0.0000	0.0000	0.0000	0.0000	0.0000	0.0000	0.0000	0.0000	0.0000	2.0010	0.0000	1.0153	0.0000	0.0000	0.0000	0.0000	0.0000	0.0000	0.0000	0.0000	0.0000	0.0000	0.0000	0.0000	0.0000	0.0000	0.0000	0.0000	0.0000	0.0000	0.0000	0.0000	0.0000	0.0000	0.0000	0.0000	0.0000	0.0000	0.0000	0.0000	0.0000	0.0000	0.0000	0.0000	0.0000	0.0000	0.0000	0.0000	0.0000	0.0000	0.0000	0.0000	0.0000	0.0000	0.0000	0.0000	0.0000	0.0000	0.0000	0.0000	0.0000	0.0000	0.0000	0.0000	0.0000	0.0000											
13	105	0.0916	3	0	1	1	1	0	0	0	0	N	N	N	N	N	N	N	N	N	N	N	N	0.0000	0.0000	0.0000	0.0000	0.0000	0.0000	0.0000	0.0000	0.0000	0.0000	0.0000	0.0000	0.0000	0.0000	0.0000	0.0000	0.0000	0.0000	0.0000	0.0000	0.0000	3.0162	0.0000	11.0438	0.0000	0.0000	0.0000	0.0000	0.0000	0.0000	0.0000	0.0000	0.0000	0.0000	0.0000	0.0000	0.0000	0.0000	0.0000	0.0000	0.0000	0.0000	0.0000	0.0000	0.0000	0.0000	0.0000	0.0000	0.0000	0.0000	0.0000	0.0000	0.0000	0.0000	0.0000	0.0000	0.0000	0.0000	0.0000	0.0000	0.0000	0.0000	0.0000	0.0000	0.0000	0.0000	0.0000	0.0000	0.0000	0.0000	0.0000	0.0000	0.0000	0.0000	0.0000	0.0000	0.0000	0.0000											
13	106	0.0874	6	1	1	1	1	0	0	0	0	N	N	N	N	N	N	N	N	N	N	N	N	0.0000	0.0000	0.0000	0.0000	0.0000	0.0000	0.0000	0.0000	0.0000	0.0000	0.0000	0.0000	0.0000	0.0000	0.0000	0.0000	0.0000	0.0000	0.0000	0.0000	0.0000	1.0000	0.0000	1.0000	0.0000	0.0000	0.0000	0.0000	0.0000	0.0000	0.0000	0.0000	0.0000	0.0000	0.0000	0.0000	0.0000	0.0000	0.0000	0.0000	0.0000	0.0000	0.0000	0.0000	0.0000	0.0000	0.0000	0.0000	0.0000	0.0000	0.0000	0.0000	0.0000	0.0000	0.0000	0.0000	0.0000	0.0000	0.0000	0.0000	0.0000	0.0000	0.0000	0.0000	0.0000	0.0000	0.0000	0.0000	0.0000	0.0000	0.0000	0.0000	0.0000	0.0000	0.0000	0.0000	0.0000	0.0000											
13	107	0.0832	5	1	1	1	1	0	0	0	0	N	N	N	N	N	N	N	N	N	N	N	N	0.0000	0.0000	0.0000	0.0000	0.0000	0.0000	0.0000	0.0000	0.0000	0.0000	0.0000	0.0000	0.0000	0.0000	0.0000	0.0000	0.0000	0.0000	0.0000	0.0000	0.0000	0.0000	0.0000	0.9999	0.0000	0.0000	0.0000	0.0000	0.0000	0.0000	0.0000	0.0000	0.0000	0.0000	0.0000	0.0000	0.0000	0.0000	0.0000	0.0000	0.0000	0.0000	0.0000	0.0000	0.0000	0.0000	0.0000	0.0000	0.0000	0.0000	0.0000	0.0000	0.0000	0.0000	0.0000	0.0000	0.0000	0.0000	0.0000	0.0000	0.0000	0.0000	0.0000	0.0000	0.0000	0.0000	0.0000	0.0000	0.0000	0.0000	0.0000	0.0000	0.0000	0.0000	0.0000	0.0000	0.0000	0.0000											
13	108	0.0624	4	1	1	1	1	0	0	0	0	N	N	N	N	N	N	N	N	N	N	N	N	0.0000	0.0000	0.0000	0.0000	0.0000	0.0000	0.0000	0.0000	0.0000	0.0000	0.0000	0.0000	0.0000	0.2626	0.9892	0.0000	3.8150	3.7542	0.0000	0.0000	0.0000	0.0000	0.0000	0.0000	-0.0000	0.0000	0.0100	0.0000	4.8896	0.0000	0.0000	0.0000	0.0000	0.0000	0.0000	0.0000	0.0000	0.0000	0.0000	0.0000	0.0000	0.0000	0.0000	0.0000	0.0000	0.0000	0.0000	0.0000	0.0000	0.0000	0.0000	0.0000	0.0000	0.0000	0.0000	0.0000	0.0000	0.0000	0.0000	0.0000	0.0000	0.0000	0.0000	0.0000	0.0000	0.0000	0.0000	0.0000	0.0000	0.0000	0.0000	0.0000	0.0000	0.0000	0.2176	0.4216	0.0000	0.4672	0.4701	0.0000	0.0000	0.0000	0.0000						
13	109	0.0524	3	0	1	1	1	0	0	0	0	N	N	N	N	N	N	N	N	N	N	N	N	0.0000	0.0000	0.0000	0.0000	0.0000	0.0000	0.0000	0.0000	0.0000	0.0000	0.0000	0.0000	0.0000	75.6813	142.5963	0.0000	966.5152	1046.9099	0.0000	0.0000	0.0000	0.0000	0.0000	0.0000	-0.0000	0.0000	1.0007	0.0000	1.4004	0.0000	0.0000	0.0000	0.0000	0.0000	0.0000	0.0000	0.0000	0.0000	0.0000	0.0000	0.0000	0.0000	0.0000	0.0000	0.0000	0.0000	0.0000	0.0000	0.0000	0.0000	0.0000	0.0000	0.0000	0.0000	0.0000	0.0000	0.0000	0.0000	0.0000	0.0000	0.0000	0.0000	0.0000	0.0000	0.0000	0.0000	0.0000	0.0000	0.0000	0.0000	0.0000	0.0000	0.0000	0.0000	75.6813	142.5963	0.0000	254.7099	255.8703	0.0000	0.0000	0.0000	0.0000						
13	110	0.0390	2	0	0	1	1	0	0	0	0	N	N	N	N	N	N	N	N	N	N	N	N	0.0000	0.0000	0.0000	0.0000	0.0000	0.0000	0.0000	0.0000	0.0000	0.0000	0.0000	0.0000	0.0000	0.1004	0.0000	0.3089	0.0000	0.0000	0.0000	0.1632	0.0000	0.2662	inf	0.0000	0.0000	0.0000	0.3039	0.0000	2.8719	0.0000	0.0000	0.0000	0.0000	0.0000	0.0000	0.0000	0.0000	0.0000	0.0000	0.0000	0.0000	0.0000	0.0000	0.0000	0.0000	0.0000	0.0000	0.0000	0.0000	0.0000	0.0000	0.0000	0.0000	0.0000	0.0000	0.0000	0.0000	0.0000	0.0000	0.0000	0.0000	0.0000	0.0000	0.0000	0.0000	0.0000	0.0000	0.0000	0.0000	0.0000	0.0000	0.0000	0.0000	0.0000	0.1004	0.0000	0.2116	0.0000	0.0000	0.0000	0.1632	0.0000	0.2119						
13	115	0.2842	6	0	0	1	1	0	0	0	0	N	N	N	N	N	N	N	N	N	N	N	N	0.0000	0.0000	0.0000	0.0000	0.0000	0.0000	0.0000	0.0000	0.0000	0.0000	0.0000	0.0000	0.0000	0.0411	0.0638	0.0000	0.0932	0.1166	0.0000	0.0000	0.0000	0.0000	0.0000	0.0000	-0.0000	0.0000	8.9918	0.0000	13.3277	0.0000	0.0000	0.0000	0.0000	0.0000	0.0000	0.0000	0.0000	0.0000	0.0000	0.0000	0.0000	0.0000	0.0000	0.0000	0.0000	0.0000	0.0000	0.0000	0.0000	0.0000	0.0000	0.0000	0.0000	0.0000	0.0000	0.0000	0.0000	0.0000	0.0000	0.0000	0.0000	0.0000	0.0000	0.0000	0.0000	0.0000	0.0000	0.0000	0.0000	0.0000	0.0000	0.0000	0.0000	0.0000	0.0411	0.0638	0.0000	0.0839	0.0918	0.0000	0.0000	0.0000	0.0000						
14	15	0.1504	4	0	1	0	1	0	0	0	0	N	N	N	N	N	N	N	N	N	N	N	N	inf	inf	inf	inf	0.1217	0.0000	0.8343	0.0000	0.0000	0.0000	0.1321	0.0000	0.8595	0.0000	0.0000	0.0000	0.0000	0.0000	0.0000	0.0000	0.0000	0.0000	inf	0.0036	0.0000	2.0000	2.0066	8.0000	2.0000	0.0066	0.0000	0.0066	0.0000	0.0000	0.0000	0.0066	0.0000	0.0066	0.0000	0.0000	0.0000	0.0000	0.0000	0.0000	0.0000	0.0000	0.0000	0.0545	0.0465	0.0079	0.0043	0.0041	0.0002	0.0502	0.0425	0.0077	0.0754	0.0452	0.0302	0.0084	0.0067	0.0017	0.0670	0.0385	0.0285	inf	0.0000	inf	0.0000	0.0000	0.0000	inf	0.0000	inf	0.0000	0.0000	0.0000	0.0000	0.0000	0.0000	0.0000	0.0000	0.0000						
14	16	0.1410	4	0	2	0	1	0	0	0	0	N	Y	N	N	N	N	N	N	N	N	N	N	0.0000	0.0000	0.0000	0.0000	0.0000	0.0000	0.0000	0.0000	0.0000	0.0000	0.0000	0.0000	0.0000	0.0000	0.0000	0.0000	0.0000	0.0000	0.0000	0.0000	2.0000	24.0000	8.0000	5.0000	0.0000	0.0000	0.0000	0.0000	0.0000	0.0000	0.0000	0.0000	0.0000	0.0000	0.0000	0.0000	0.0000	0.0000	0.0000	0.0000	0.0000	0.0000	0.5244	0.4518	0.0726	0.0237	0.0225	0.0012	0.5007	0.4293	0.0714	0.4567	0.2724	0.1844	0.0438	0.0331	0.0107	0.4130	0.2393	0.1737	0.0000	0.0000	0.0000	0.0000	0.0000	0.0000	0.0000	0.0000	0.0000	0.0000	0.0000	0.0000	0.0000	0.0000	0.0000	0.0000	0.0000	0.0000											
14	17	0.0616	3	0	2	0	0	0	0	0	0	N	Y	N	N	N	N	N	N	N	N	N	N	4.4421	0.0000	30.9952	4.7462	29.1904	0.0000	4.0700	0.0000	31.0093	37.1550	0.0004	245.3612	0.0852	0.0853	0.0000	37.3177	0.0000	245.3701	8.3643	9.3238	7.9161	0.0180	0.0029	0.4833	9.1689	12.0096	7.9128	99792.0000	0.4320	0.5371	-0.3406	2.0000	0.9987	8.0000	5.5397	0.9979	0.0000	0.9979	0.0000	0.0000	0.0000	0.9979	0.0000	0.9979	1.4296	0.9983	0.4313	0.0005	0.0001	0.0004	1.4291	0.9982	0.4309	0.0269	0.0228	0.0041	0.0001	0.0001	0.0000	0.0267	0.0227	0.0041	0.1809	0.1071	0.0739	0.0251	0.0239	0.0011	0.1559	0.0831	0.0727	4.7025	0.0000	42.0208	4.7462	29.1904	0.0000	4.0700	0.0000	41.4245	7.9012	9.3238	5.8390	0.0180	0.0029	0.3408	9.1689	12.0096	5.9233
14	18	0.1504	4	0	2	0	1	0	0	0	0	N	Y	N	N	N	N	N	N	N	N	N	N	inf	inf	inf	inf	36.0988	42.2703	0.0000	433.3882	456.6591	0.0000	0.0000	0.0000	0.0000	0.0000	0.0000	0.0000	0.0000	0.0000	0.0000	0.0000	0.0000	0.0000	0.0000	-0.4587	0.0000	2.0000	0.9934	8.0000	0.0000	0.9934	0.9934	0.0000	0.9934	0.9934	0.0000	0.0000	0.0000	0.0000	0.0000	0.0000	0.0000	0.0000	0.0000	0.0000	0.0000	0.0000	0.0000	0.0275	0.0235	0.0040	0.0023	0.0022	0.0001	0.0252	0.0213	0.0039	0.0191	0.0115	0.0077	0.0021	0.0017	0.0004	0.0170	0.0098	0.0072	inf	inf	0.0000	inf	inf	0.0000	0.0000	0.0000	0.0000	0.0000	0.0000	0.0000	0.0000	0.0000	0.0000	0.0000	0.0000	0.0000						
14	19	0.0845	2	1	2	0	0	0	0	0	0	N	Y	N	N	N	N	N	N	N	N	N	N	4.7569	0.0000	inf	0.0000	0.0000	inf	inf	0.0505	0.0000	0.3413	0.0000	0.0000	0.0000	0.0536	0.0000	0.3484	0.0106	0.0183	0.0000	2.4239	3.5177	0.0000	0.0000	0.0000	0.0000	inf	0.0000	0.0007	-0.0008	2.0000	1.0015	8.0000	7.0016	0.0014	0.0000	0.0014	0.0000	0.0000	0.0000	0.0014	0.0000	0.0014	0.0015	0.0015	0.0000	0.0015	0.0015	0.0000	0.0000	0.0000	0.0000	0.0271	0.0231	0.0040	0.0015	0.0015	0.0001	0.0256	0.0216	0.0039	0.1450	0.0844	0.0606	0.0043	0.0034	0.0009	0.1407	0.0810	0.0597	4.7569	0.0000	inf	0.0000	0.0000	0.0000	inf	0.0000	inf	0.0106	0.0183	0.0000	0.3599	0.4553	0.0000	0.0000	0.0000	0.0000		
14	20	0.1475	3	0	2	0	0	0	0	0	0	N	Y	N	N	N	N	N	N	N	N	N	N	0.0000	0.0000	0.0000	0.0000	0.0000	0.0000	0.0000	0.0000	0.0000	0.0000	0.0000	0.0000	0.0000	0.0000	0.0000	0.0000	0.0000	0.0000	0.0599	0.0505	0.0778	0.0210	0.0073	0.0663	0.0700	0.0657	0.0787	0.9514	0.0000	-0.0002	2.0000	1.0004	8.0000	2.0077	0.0000	0.0000	0.0000	0.0000	0.0000	0.0000	0.0000	0.0000	0.0000	0.0036	0.0018	0.0018	0.0003	0.0001	0.0002	0.0034	0.0018	0.0016	0.0270	0.0230	0.0040	0.0016	0.0015	0.0001	0.0254	0.0215	0.0039	0.0602	0.0366	0.0236	0.0124	0.0095	0.0029	0.0478	0.0271	0.0207	0.0000	0.0000	0.0000	0.0000	0.0000	0.0000	0.0000	0.0000	0.0000	0.0599	0.0505	0.0746	0.0210	0.0073	0.0663	0.0700	0.0657	0.0757	
14	21	0.1718	5	0	1	0	1	0	0	0	0	N	N	N	N	N	N	N	N	N	N	N	N	0.0000	0.0000	0.0000	0.0000	0.0000	0.0000	0.0000	0.0000	0.0000	0.0000	0.0000	0.0000	0.0000	0.0000	0.0000	0.0000	0.0000	0.0000	0.0000	0.0000	2.0000	2.0000	8.0000	1.0003	0.0000	0.0000	0.0000	0.0000	0.0000	0.0000	0.0000	0.0000	0.0000	0.0000	0.0000	0.0000	0.0000	0.0000	0.0000	0.0000	0.0000	0.0000	0.0532	0.0453	0.0079	0.0029	0.0028	0.0001	0.0503	0.0425	0.0077	0.0585	0.0349	0.0236	0.0054	0.0041	0.0013	0.0530	0.0308	0.0222	0.0000	0.0000	0.0000	0.0000	0.0000	0.0000	0.0000	0.0000	0.0000	0.0000	0.0000	0.0000	0.0000	0.0000	0.0000	0.0000	0.0000	0.0000											
14	22	0.0753	3	1	1	1	0	0	0	0	0	N	N	N	N	N	N	N	N	N	N	N	N	inf	inf	inf	inf	8.7245	0.0000	72.9686	0.0000	0.0000	0.0000	14.3471	0.0000	73.2630	0.0000	0.0000	0.0000	0.0000	0.0000	0.0000	0.0000	0.0000	0.0000	inf	0.0000	0.0000	2.0000	0.0000	8.0000	4.9921	0.0000	0.0000	0.0000	0.0000	0.0000	0.0000	0.0000	0.0000	0.0000	0.0000	0.0000	0.0000	0.0000	0.0000	0.0000	0.0000	0.0000	0.0000	0.0000	0.0000	0.0000	0.0000	0.0000	0.0000	0.0000	0.0000	0.0000	0.0982	0.0584	0.0398	0.0068	0.0058	0.0010	0.0914	0.0526	0.0388	inf	0.0000	inf	0.0000	0.0000	0.0000	inf	0.0000	inf	0.0000	0.0000	0.0000	0.0000	0.0000	0.0000	0.0000	0.0000	0.0000						
14	23	0.1427	5	0	2	0	0	0	0	0	0	N	Y	N	N	N	N	N	N	N	N	N	N	65.8818	40.8808	197.0039	167.3136	0.0150	0.0176	0.0000	0.5850	0.6293	0.0000	0.0000	0.0000	0.0000	0.0002	0.0004	0.0000	0.0030	0.0038	0.0000	0.0000	0.0000	0.0000	0.0000	0.0000	-0.0004	-0.0000	2.0000	1.9996	8.0000	0.0142	0.0008	0.0008	0.0000	0.0008	0.0008	0.0000	0.0000	0.0000	0.0000	0.0000	0.0000	0.0000	0.0000	0.0000	0.0000	0.0000	0.0000	0.0000	0.0535	0.0455	0.0080	0.0014	0.0013	0.0001	0.0521	0.0442	0.0079	0.0440	0.0232	0.0208	0.0034	0.0027	0.0007	0.0407	0.0206	0.0201	65.8818	40.8808	0.0000	197.0039	167.3136	0.0000	0.0000	0.0000	0.0000	0.0002	0.0004	0.0000	0.0030	0.0038	0.0000	0.0000	0.0000	0.0000					
14	24	0.0845	2	0	2	0	0	0	0	0	0	N	Y	N	N	N	N	N	N	N	N	N	N	7.2689	inf	0.0000	inf	inf	3.7334	inf	0.0000	25.1702	29.5153	0.0000	227.8479	240.9260	0.0000	13.3295	15.7307	0.0000	3.4627	0.0000	12.2702	0.0000	0.0000	0.0000	3.5703	0.0000	11.8131	0.0000	inf	-0.9229	0.4593	2.0000	2.9988	8.0000	13.9984	1.9986	1.9986	0.0000	0.9986	0.9986	0.0000	1.0000	1.0000	0.0000	0.9985	0.0000	0.9985	0.0000	0.0000	0.0000	0.9985	0.0000	0.9985	0.0794	0.0677	0.0117	0.0044	0.0041	0.0002	0.0750	0.0636	0.0115	0.2883	0.1679	0.1204	0.0087	0.0069	0.0018	0.2797	0.1610	0.1186	7.2689	inf	0.0000	inf	inf	0.0000	3.7334	inf	0.0000	3.4627	0.0000	8.2901	0.0000	0.0000	0.0000	3.5703	0.0000	8.4183	
14	26	0.1468	6	0	2	0	0	0	0	0	0	N	Y	N	N	N	N	N	N	N	N	N	N	0.0000	0.0000	0.0000	0.0000	0.0000	0.0000	0.0000	0.0000	0.0000	0.0000	0.0000	0.0000	0.0000	0.0000	0.0000	0.0000	0.0000	0.0000	0.0000	0.0000	2.0000	0.0000	8.0000	2.0002	0.0000	0.0000	0.0000	0.0000	0.0000	0.0000	0.0000	0.0000	0.0000	0.0000	0.0000	0.0000	0.0000	0.0000	0.0000	0.0000	0.0000	0.0000	0.0000	0.0000	0.0000	0.0000	0.0000	0.0000	0.0000	0.0000	0.0000	0.0438	0.0231	0.0206	0.0034	0.0027	0.0007	0.0404	0.0205	0.0199	0.0000	0.0000	0.0000	0.0000	0.0000	0.0000	0.0000	0.0000	0.0000	0.0000	0.0000	0.0000	0.0000	0.0000	0.0000	0.0000	0.0000	0.0000											
14	27	0.1410	4	1	2	0	0	0	0	0	0	N	Y	N	N	N	N	N	N	N	N	N	N	0.0000	0.0000	0.0000	0.0000	0.0000	0.0000	0.0000	0.0000	0.0000	0.0000	0.0000	0.0000	0.0000	10.8620	17.4830	0.0000	0.0000	0.0000	0.0000	11.6673	20.1355	0.0000	0.0000	0.0000	-0.5399	2.0000	1.0000	8.0000	3.9850	0.0000	0.0000	0.0000	0.0000	0.0000	0.0000	0.0000	0.0000	0.0000	1.0000	1.0000	0.0000	0.0000	0.0000	0.0000	1.0000	1.0000	0.0000	0.0268	0.0228	0.0040	0.0013	0.0012	0.0001	0.0255	0.0216	0.0039	0.0954	0.0572	0.0382	0.0097	0.0075	0.0021	0.0857	0.0497	0.0360	0.0000	0.0000	0.0000	0.0000	0.0000	0.0000	0.0000	0.0000	0.0000	10.4864	17.4830	0.0000	0.0000	0.0000	0.0000	11.6673	20.1355	0.0000						
14	30	0.1753	6	0	2	1	1	0	0	0	0	N	Y	N	N	N	N	N	N	N	N	N	N	0.0000	0.0000	0.0000	0.0000	0.0000	0.0000	0.0000	0.0000	0.0000	0.0000	0.0000	0.0000	0.0000	0.0000	0.0000	0.0000	0.0000	0.0000	0.0000	0.0000	2.0000	0.0000	8.0000	3.0000	0.0000	0.0000	0.0000	0.0000	0.0000	0.0000	0.0000	0.0000	0.0000	0.0000	0.0000	0.0000	0.0000	0.0000	0.0000	0.0000	0.0000	0.0000	0.0000	0.0000	0.0000	0.0000	0.0000	0.0000	0.0000	0.0000	0.0000	0.0559	0.0343	0.0216	0.0148	0.0107	0.0041	0.0411	0.0236	0.0175	0.0000	0.0000	0.0000	0.0000	0.0000	0.0000	0.0000	0.0000	0.0000	0.0000	0.0000	0.0000	0.0000	0.0000	0.0000	0.0000	0.0000	0.0000											
14	31	0.1584	5	0	1	0	1	0	0	0	0	N	N	N	N	N	N	N	N	N	N	N	N	0.0000	0.0000	0.0000	0.0000	0.0000	0.0000	0.0000	0.0000	0.0000	0.0000	0.0000	0.0000	0.0000	0.0000	0.0000	0.0000	0.0000	0.2402	0.0003	0.8105	1.1650	0.0011	1.1521	0.1832	0.0000	0.6101	873.0000	0.0000	0.0080	2.0000	0.9783	8.0000	3.0423	0.0000	0.0000	0.0000	0.0000	0.0000	0.0000	0.0000	0.0000	0.0000	0.0175	0.0000	0.0175	0.0052	0.0000	0.0052	0.0122	0.0000	0.0122	0.0277	0.0236	0.0041	0.0020	0.0020	0.0001	0.0257	0.0217	0.0040	0.0898	0.0572	0.0326	0.0230	0.0183	0.0047	0.0668	0.0389	0.0279	0.0000	0.0000	0.0000	0.0000	0.0000	0.0000	0.0000	0.0000	0.0000	0.1947	0.0003	0.5355	0.2279	0.0011	1.1089	0.1832	0.0000	0.4387		
14	32	0.0845	2	0	2	0	0	0	0	0	0	N	Y	N	N	N	N	N	N	N	N	N	N	1989.5031	1355.4628	167.3784	102.6776	inf	inf	11.2071	13.1134	0.0000	103.5713	109.5182	0.0000	5.9279	6.9787	0.0000	0.0056	0.0097	0.0000	0.6188	1.0666	0.0000	0.0000	0.0000	0.0000	0.0000	0.0000	-0.9229	-0.0008	2.0000	6.9988	8.0000	9.0016	1.9986	1.9986	0.0000	0.9986	0.9986	0.0000	1.0000	1.0000	0.0000	0.0015	0.0015	0.0000	0.0015	0.0015	0.0000	0.0000	0.0000	0.0000	0.1783	0.1524	0.0259	0.0096	0.0091	0.0005	0.1687	0.1433	0.0254	0.2734	0.1592	0.1142	0.0082	0.0065	0.0017	0.2652	0.1527	0.1125	1989.5031	1355.4628	0.0000	552.7856	461.2704	0.0000	inf	inf	0.0000	0.0056	0.0097	0.0000	0.1874	0.2374	0.0000	0.0000	0.0000	0.0000			
14	33	0.1854	7	1	2	0	0	0	0	0	0	N	Y	N	N	N	N	N	N	N	N	N	N	0.0000	0.0000	0.0000	0.0000	0.0000	0.0000	0.0000	0.0000	0.0000	0.0000	0.0000	0.0000	0.0000	0.0000	0.0000	0.0000	0.0000	0.0000	0.0000	0.0000	2.0000	0.0000	8.0000	0.0000	0.0000	0.0000	0.0000	0.0000	0.0000	0.0000	0.0000	0.0000	0.0000	0.0000	0.0000	0.0000	0.0000	0.0000	0.0000	0.0000	0.0000	0.0000	0.0000	0.0000	0.0000	0.0000	0.0000	0.0000	0.0000	0.0000	0.0000	0.0000	0.0000	0.0000	0.0000	0.0000	0.0000	0.0000	0.0000	0.0000	0.0000	0.0000	0.0000	0.0000	0.0000	0.0000	0.0000	0.0000	0.0000	0.0000	0.0000	0.0000	0.0000	0.0000	0.0000	0.0000	0.0000	0.0000											
14	34	0.1410	4	0	2	0	1	0	0	0	0	N	Y	N	N	N	N	N	N	N	N	N	N	0.0000	0.0000	0.0000	0.0000	0.0000	0.0000	0.0000	0.0000	0.0000	0.0000	0.0000	0.0000	0.0000	4.6651	0.0000	21.4418	0.0000	0.0000	0.0000	5.1606	0.0000	22.3802	inf	0.0000	0.4601	2.0000	5.0000	8.0000	6.9850	0.0000	0.0000	0.0000	0.0000	0.0000	0.0000	0.0000	0.0000	0.0000	1.0000	0.0000	1.0000	0.0000	0.0000	0.0000	1.0000	0.0000	1.0000	0.1291	0.1101	0.0189	0.0062	0.0059	0.0003	0.1229	0.1042	0.0186	0.2144	0.1279	0.0864	0.0206	0.0157	0.0049	0.1938	0.1122	0.0815	0.0000	0.0000	0.0000	0.0000	0.0000	0.0000	0.0000	0.0000	0.0000	4.6651	0.0000	11.5705	0.0000	0.0000	0.0000	5.1606	0.0000	12.2625						
14	35	0.0845	2	1	2	0	0	0	0	0	0	N	Y	N	N	N	N	N	N	N	N	N	N	3.0335	inf	0.0000	inf	inf	0.0000	0.0000	18.6774	21.9132	0.0000	335.1869	354.3329	0.0000	0.0000	0.0000	0.0000	6.1571	0.0000	29.6326	0.0000	0.0000	0.0000	6.2070	0.0000	29.2650	0.0000	inf	-0.4611	0.9194	2.0000	1.9985	8.0000	17.9985	0.9986	0.9986	0.0000	0.9986	0.9986	0.0000	0.0000	0.0000	0.0000	1.9985	0.0000	1.9985	0.0000	0.0000	0.0000	1.9985	0.0000	1.9985	0.0535	0.0456	0.0079	0.0030	0.0028	0.0002	0.0505	0.0428	0.0077	0.3321	0.1934	0.1387	0.0101	0.0080	0.0021	0.3220	0.1854	0.1365	3.1034	inf	0.0000	inf	inf	0.0000	0.0000	0.0000	0.0000	6.0184	0.0000	14.4131	0.0000	0.0000	0.0000	6.2070	0.0000	14.6380		
14	36	0.2078	5	0	1	1	0	0	0	0	0	N	N	N	N	N	N	N	N	N	N	N	N	0.0000	0.0000	0.0000	0.0000	0.0000	0.0000	0.0000	0.0000	0.0000	0.0000	0.0000	0.0000	0.0000	0.0000	0.0000	0.0125	0.0000	0.0367	0.0333	0.0000	0.2121	0.0057	0.0000	0.0143	inf	0.0000	0.0001	2.0000	0.0001	8.0000	0.9943	0.0000	0.0000	0.0000	0.0000	0.0000	0.0000	0.0000	0.0000	0.0000	0.0003	0.0000	0.0003	0.0002	0.0000	0.0002	0.0001	0.0000	0.0001	0.0000	0.0000	0.0000	0.0000	0.0000	0.0000	0.0000	0.0000	0.0000	0.0232	0.0153	0.0079	0.0057	0.0048	0.0009	0.0175	0.0105	0.0070	0.0000	0.0000	0.0000	0.0000	0.0000	0.0000	0.0000	0.0000	0.0000	0.0125	0.0000	0.0367	0.0333	0.0000	0.2121	0.0057	0.0000	0.0143				
14	37	0.1840	5	0	2	0	0	0	0	0	0	N	Y	N	N	N	N	N	N	N	N	N	N	0.0000	0.0000	0.0000	0.0000	0.0000	0.0000	0.0000	0.0000	0.0000	0.0000	0.0000	0.0000	0.0000	0.0000	0.0000	0.0000	0.0000	0.0000	0.0000	0.0000	2.0000	2.0000	8.0000	2.0000	0.0000	0.0000	0.0000	0.0000	0.0000	0.0000	0.0000	0.0000	0.0000	0.0000	0.0000	0.0000	0.0000	0.0000	0.0000	0.0000	0.0000	0.0000	0.0533	0.0455	0.0078	0.0036	0.0034	0.0002	0.0497	0.0420	0.0076	0.0761	0.0467	0.0294	0.0153	0.0117	0.0036	0.0609	0.0351	0.0258	0.0000	0.0000	0.0000	0.0000	0.0000	0.0000	0.0000	0.0000	0.0000	0.0000	0.0000	0.0000	0.0000	0.0000	0.0000	0.0000	0.0000	0.0000											
14	38	0.0595	2	1	1	1	0	0	0	0	0	N	N	N	N	N	N	N	N	N	N	N	N	inf	inf	inf	inf	18.9537	0.0000	125.5081	0.0000	0.0000	0.0000	19.0369	0.0000	125.6857	0.0000	0.0000	0.0000	0.0000	0.0000	0.0000	0.0000	0.0000	0.0000	inf	0.5383	0.0000	2.0000	2.0000	8.0000	5.0000	1.0000	0.0000	1.0000	0.0000	0.0000	0.0000	1.0000	0.0000	1.0000	0.0000	0.0000	0.0000	0.0000	0.0000	0.0000	0.0000	0.0000	0.0000	0.0528	0.0448	0.0080	0.0002	0.0002	0.0000	0.0525	0.0446	0.0080	0.1506	0.0779	0.0727	0.0021	0.0019	0.0002	0.1485	0.0760	0.0725	inf	0.0000	inf	0.0000	0.0000	0.0000	inf	0.0000	inf	0.0000	0.0000	0.0000	0.0000	0.0000	0.0000	0.0000	0.0000	0.0000						
14	39	0.1584	5	0	2	0	0	0	0	0	0	N	Y	N	N	N	N	N	N	N	N	N	N	0.0000	0.0000	0.0000	0.0000	0.0000	0.0000	0.0000	0.0000	0.0000	0.0000	0.0000	0.0000	0.0000	0.0000	0.0000	0.0000	0.0000	0.1443	0.0003	0.5079	0.4664	0.0008	0.9587	0.1266	0.0000	0.4076	873.0000	0.0000	0.0080	2.0000	0.0217	8.0000	6.0735	0.0000	0.0000	0.0000	0.0000	0.0000	0.0000	0.0000	0.0000	0.0000	0.0175	0.0000	0.0175	0.0052	0.0000	0.0052	0.0122	0.0000	0.0122	0.0021	0.0018	0.0003	0.0008	0.0008	0.0000	0.0013	0.0010	0.0003	0.1271	0.0797	0.0474	0.0304	0.0236	0.0068	0.0967	0.0560	0.0406	0.0000	0.0000	0.0000	0.0000	0.0000	0.0000	0.0000	0.0000	0.0000	0.1376	0.0003	0.3683	0.1724	0.0008	0.7690	0.1266	0.0000	0.3013		
14	40	0.1410	4	0	1	0	0	0	0	0	0	N	N	N	N	N	N	N	N	N	N	N	N	0.0000	0.0000	0.0000	0.0000	0.0000	0.0000	0.0000	0.0000	0.0000	0.0000	0.0000	0.0000	0.0000	0.0000	0.0000	12.6805	0.1108	71.3601	0.0000	0.0000	0.0000	13.9995	0.1281	70.9676	187.5076	0.0000	0.4492	2.0000	0.0217	8.0000	4.0395	0.0000	0.0000	0.0000	0.0000	0.0000	0.0000	0.0000	0.0000	0.0000	0.9878	0.0052	0.9825	0.0000	0.0000	0.0000	0.9878	0.0052	0.9825	0.0006	0.0005	0.0001	0.0000	0.0000	0.0000	0.0006	0.0005	0.0001	0.0787	0.0473	0.0314	0.0081	0.0064	0.0017	0.0706	0.0409	0.0297	0.0000	0.0000	0.0000	0.0000	0.0000	0.0000	0.0000	0.0000	0.0000	12.5511	0.1108	31.2943	0.0000	0.0000	0.0000	13.9995	0.1281	33.1244				
14	41	0.1410	4	0	2	0	1	0	0	0	0	N	Y	N	N	N	N	N	N	N	N	N	N	0.0000	0.0000	0.0000	0.0000	0.0000	0.0000	0.0000	0.0000	0.0000	0.0000	0.0000	0.0000	0.0000	7.6236	13.1540	0.0000	0.0000	0.0000	0.0000	8.4561	14.5983	0.0000	0.0000	0.0000	-0.5399	2.0000	0.0000	8.0000	7.0150	0.0000	0.0000	0.0000	0.0000	0.0000	0.0000	0.0000	0.0000	0.0000	1.0000	1.0000	0.0000	0.0000	0.0000	0.0000	1.0000	1.0000	0.0000	0.0000	0.0000	0.0000	0.0000	0.0000	0.0000	0.0000	0.0000	0.0000	0.1312	0.0785	0.0527	0.0129	0.0100	0.0029	0.1183	0.0685	0.0498	0.0000	0.0000	0.0000	0.0000	0.0000	0.0000	0.0000	0.0000	0.0000	7.6236	12.7434	0.0000	0.0000	0.0000	0.0000	8.4561	14.5983	0.0000						
14	42	0.0595	2	1	1	1	0	0	0	0	0	N	N	N	N	N	N	N	N	N	N	N	N	0.0000	0.0000	0.0000	0.0000	0.0000	0.0000	0.0000	0.0000	0.0000	0.0000	0.0000	0.0000	0.0000	0.0000	0.0000	0.0000	0.0000	0.0000	0.0000	0.0000	2.0000	0.0000	8.0000	0.0000	0.0000	0.0000	0.0000	0.0000	0.0000	0.0000	0.0000	0.0000	0.0000	0.0000	0.0000	0.0000	0.0000	0.0000	0.0000	0.0000	0.0000	0.0000	0.0000	0.0000	0.0000	0.0000	0.0000	0.0000	0.0000	0.0000	0.0000	0.0000	0.0000	0.0000	0.0000	0.0000	0.0000	0.0000	0.0000	0.0000	0.0000	0.0000	0.0000	0.0000	0.0000	0.0000	0.0000	0.0000	0.0000	0.0000	0.0000	0.0000	0.0000	0.0000	0.0000	0.0000	0.0000	0.0000											
14	45	0.1840	5	0	1	1	0	0	0	0	0	N	N	N	N	N	N	N	N	N	N	N	N	0.0000	0.0000	0.0000	0.0000	0.0000	0.0000	0.0000	0.0000	0.0000	0.0000	0.0000	0.0000	0.0000	0.0000	0.0000	0.0000	0.0000	0.0000	0.0000	0.0000	2.0000	0.0000	8.0000	0.0000	0.0000	0.0000	0.0000	0.0000	0.0000	0.0000	0.0000	0.0000	0.0000	0.0000	0.0000	0.0000	0.0000	0.0000	0.0000	0.0000	0.0000	0.0000	0.0000	0.0000	0.0000	0.0000	0.0000	0.0000	0.0000	0.0000	0.0000	0.0000	0.0000	0.0000	0.0000	0.0000	0.0000	0.0000	0.0000	0.0000	0.0000	0.0000	0.0000	0.0000	0.0000	0.0000	0.0000	0.0000	0.0000	0.0000	0.0000	0.0000	0.0000	0.0000	0.0000	0.0000	0.0000	0.0000											
14	46	0.1410	4	0	1	0	0	0	0	0	0	N	N	N	N	N	N	N	N	N	N	N	N	0.0000	0.0000	0.0000	0.0000	0.0000	0.0000	0.0000	0.0000	0.0000	0.0000	0.0000	0.0000	0.0000	5.5879	9.2196	0.0000	0.0000	0.0000	0.0000	6.0947	10.5232	0.0000	0.0000	0.0000	-0.5399	2.0000	4.0000	8.0000	5.9850	0.0000	0.0000	0.0000	0.0000	0.0000	0.0000	0.0000	0.0000	0.0000	1.0000	1.0000	0.0000	0.0000	0.0000	0.0000	1.0000	1.0000	0.0000	0.1042	0.0889	0.0153	0.0050	0.0048	0.0003	0.0992	0.0841	0.0151	0.1816	0.1085	0.0732	0.0175	0.0134	0.0041	0.1641	0.0950	0.0690	0.0000	0.0000	0.0000	0.0000	0.0000	0.0000	0.0000	0.0000	0.0000	5.5058	9.2196	0.0000	0.0000	0.0000	0.0000	6.0947	10.5232	0.0000						
14	47	0.2120	6	0	2	0	0	0	0	0	0	N	Y	N	N	N	N	N	N	N	N	N	N	0.0000	0.0000	0.0000	0.0000	0.0000	0.0000	0.0000	0.0000	0.0000	0.0000	0.0000	0.0000	0.0000	0.0000	0.0000	0.0000	0.0000	0.0000	0.0000	0.0000	2.0000	0.0000	8.0000	0.0000	0.0000	0.0000	0.0000	0.0000	0.0000	0.0000	0.0000	0.0000	0.0000	0.0000	0.0000	0.0000	0.0000	0.0000	0.0000	0.0000	0.0000	0.0000	0.0000	0.0000	0.0000	0.0000	0.0000	0.0000	0.0000	0.0000	0.0000	0.0000	0.0000	0.0000	0.0000	0.0000	0.0000	0.0000	0.0000	0.0000	0.0000	0.0000	0.0000	0.0000	0.0000	0.0000	0.0000	0.0000	0.0000	0.0000	0.0000	0.0000	0.0000	0.0000	0.0000	0.0000	0.0000	0.0000											
14	48	0.0753	3	1	2	1	0	0	0	0	0	N	Y	N	N	N	N	N	N	N	N	N	N	inf	inf	inf	inf	8.7245	0.0000	72.9686	0.0000	0.0000	0.0000	14.3471	0.0000	73.2630	0.0000	0.0000	0.0000	0.0000	0.0000	0.0000	0.0000	0.0000	0.0000	inf	0.0000	0.0000	2.0000	0.0000	8.0000	2.0152	0.0000	0.0000	0.0000	0.0000	0.0000	0.0000	0.0000	0.0000	0.0000	0.0000	0.0000	0.0000	0.0000	0.0000	0.0000	0.0000	0.0000	0.0000	0.0000	0.0000	0.0000	0.0000	0.0000	0.0000	0.0000	0.0000	0.0000	0.0417	0.0251	0.0166	0.0034	0.0030	0.0005	0.0383	0.0221	0.0161	inf	0.0000	inf	0.0000	0.0000	0.0000	inf	0.0000	inf	0.0000	0.0000	0.0000	0.0000	0.0000	0.0000	0.0000	0.0000	0.0000						
14	49	0.0710	2	1	1	1	0	0	0	0	0	N	N	N	N	N	N	N	N	N	N	N	N	inf	inf	inf	inf	inf	inf	inf	inf	8.9541	0.3396	71.2921	2.1566	0.7326	76.0051	13.7796	0.0000	70.9661	0.0000	0.0000	0.0000	0.0000	0.0000	0.0000	0.0000	0.0000	0.0000	29.0078	0.0002	0.0000	2.0000	0.0003	8.0000	1.0311	0.0003	0.0000	0.0003	0.0000	0.0000	0.0000	0.0003	0.0000	0.0003	0.0000	0.0000	0.0000	0.0000	0.0000	0.0000	0.0000	0.0000	0.0000	0.0000	0.0000	0.0000	0.0000	0.0000	0.0000	0.0000	0.0000	0.0000	0.0216	0.0131	0.0085	0.0017	0.0015	0.0002	0.0199	0.0116	0.0083	inf	inf	inf	inf	inf	inf	inf	0.0000	inf	0.0000	0.0000	0.0000	0.0000	0.0000	0.0000	0.0000	0.0000	0.0000		
14	50	0.0710	2	1	2	1	0	0	0	0	0	N	Y	N	N	N	N	N	N	N	N	N	N	inf	inf	inf	inf	inf	inf	8.7263	0.0000	72.0099	1.4391	0.0000	76.1644	13.9644	0.0000	71.7201	0.0000	0.0000	0.0000	0.0000	0.0000	0.0000	0.0000	0.0000	0.0000	inf	0.0002	0.0000	2.0000	0.0003	8.0000	1.0126	0.0003	0.0000	0.0003	0.0000	0.0000	0.0000	0.0003	0.0000	0.0003	0.0000	0.0000	0.0000	0.0000	0.0000	0.0000	0.0000	0.0000	0.0000	0.0000	0.0000	0.0000	0.0000	0.0000	0.0000	0.0000	0.0000	0.0000	0.0213	0.0129	0.0083	0.0017	0.0015	0.0002	0.0195	0.0114	0.0081	inf	0.0000	inf	inf	0.0000	inf	inf	0.0000	inf	0.0000	0.0000	0.0000	0.0000	0.0000	0.0000	0.0000	0.0000	0.0000				
14	51	0.1838	3	1	2	0	0	0	0	0	0	N	Y	N	N	N	N	N	N	N	N	N	N	0.0000	0.0000	0.0000	0.0000	0.0000	0.0000	0.0000	0.0000	0.0000	0.0000	0.0000	0.0000	0.0000	0.0000	0.0000	0.0000	0.0000	0.0000	0.0000	0.0000	2.0000	0.0000	8.0000	1.0000	0.0000	0.0000	0.0000	0.0000	0.0000	0.0000	0.0000	0.0000	0.0000	0.0000	0.0000	0.0000	0.0000	0.0000	0.0000	0.0000	0.0000	0.0000	0.0000	0.0000	0.0000	0.0000	0.0000	0.0000	0.0000	0.0000	0.0000	0.0188	0.0117	0.0071	0.0036	0.0029	0.0007	0.0152	0.0088	0.0064	0.0000	0.0000	0.0000	0.0000	0.0000	0.0000	0.0000	0.0000	0.0000	0.0000	0.0000	0.0000	0.0000	0.0000	0.0000	0.0000	0.0000	0.0000											
14	52	0.1800	6	0	2	0	1	0	0	0	0	N	Y	N	N	N	N	N	N	N	N	N	N	0.0000	0.0000	0.0000	0.0000	0.0000	0.0000	0.0000	0.0000	0.0000	0.0000	0.0000	0.0000	0.0000	0.0002	0.0003	0.0000	0.0008	0.0008	0.0000	0.0000	0.0000	0.0000	0.0000	0.0000	-0.0000	2.0000	0.9995	8.0000	1.0399	0.0000	0.0000	0.0000	0.0000	0.0000	0.0000	0.0000	0.0000	0.0000	0.0000	0.0000	0.0000	0.0000	0.0000	0.0000	0.0000	0.0000	0.0000	0.0269	0.0229	0.0040	0.0015	0.0014	0.0001	0.0254	0.0215	0.0039	0.0558	0.0386	0.0172	0.0130	0.0118	0.0012	0.0428	0.0268	0.0160	0.0000	0.0000	0.0000	0.0000	0.0000	0.0000	0.0000	0.0000	0.0000	0.0002	0.0003	0.0000	0.0008	0.0008	0.0000	0.0000	0.0000	0.0000						
14	53	0.1800	6	0	1	0	1	0	0	0	0	N	N	N	N	N	N	N	N	N	N	N	N	0.0000	0.0000	0.0000	0.0000	0.0000	0.0000	0.0000	0.0000	0.0000	0.0000	0.0000	0.0000	0.0000	0.0000	0.0000	0.0000	0.0000	0.0000	0.0000	0.0000	2.0000	3.0005	8.0000	1.0125	0.0000	0.0000	0.0000	0.0000	0.0000	0.0000	0.0000	0.0000	0.0000	0.0000	0.0000	0.0000	0.0000	0.0000	0.0000	0.0000	0.0000	0.0000	0.0791	0.0674	0.0117	0.0044	0.0041	0.0002	0.0747	0.0633	0.0115	0.0933	0.0612	0.0321	0.0177	0.0155	0.0023	0.0756	0.0458	0.0298	0.0000	0.0000	0.0000	0.0000	0.0000	0.0000	0.0000	0.0000	0.0000	0.0000	0.0000	0.0000	0.0000	0.0000	0.0000	0.0000	0.0000	0.0000											
14	54	0.1718	5	0	1	0	1	0	0	0	0	N	N	N	N	N	N	N	N	N	N	N	N	0.0000	0.0000	0.0000	0.0000	0.0000	0.0000	0.0000	0.0000	0.0000	0.0000	0.0000	0.0000	0.0000	0.0003	0.0004	0.0000	0.0000	0.0000	0.0000	0.0003	0.0005	0.0000	0.0000	0.0000	-0.0000	2.0000	0.0013	8.0000	1.9704	0.0000	0.0000	0.0000	0.0000	0.0000	0.0000	0.0000	0.0000	0.0000	0.0000	0.0000	0.0000	0.0000	0.0000	0.0000	0.0000	0.0000	0.0000	0.0000	0.0000	0.0000	0.0000	0.0000	0.0000	0.0000	0.0000	0.0000	0.0387	0.0231	0.0156	0.0036	0.0027	0.0009	0.0351	0.0204	0.0147	0.0000	0.0000	0.0000	0.0000	0.0000	0.0000	0.0000	0.0000	0.0000	0.0003	0.0004	0.0000	0.0000	0.0000	0.0000	0.0003	0.0005	0.0000						
14	55	0.1410	4	0	1	0	1	0	0	0	0	N	N	N	N	N	N	N	N	N	N	N	N	0.0000	0.0000	0.0000	0.0000	0.0000	0.0000	0.0000	0.0000	0.0000	0.0000	0.0000	0.0000	0.0000	0.0000	0.0000	0.0000	0.0000	0.0000	0.0000	0.0000	2.0000	3.0000	8.0000	4.0155	0.0000	0.0000	0.0000	0.0000	0.0000	0.0000	0.0000	0.0000	0.0000	0.0000	0.0000	0.0000	0.0000	0.0000	0.0000	0.0000	0.0000	0.0000	0.0789	0.0673	0.0117	0.0038	0.0036	0.0002	0.0751	0.0636	0.0115	0.1312	0.0785	0.0527	0.0129	0.0100	0.0029	0.1183	0.0685	0.0498	0.0000	0.0000	0.0000	0.0000	0.0000	0.0000	0.0000	0.0000	0.0000	0.0000	0.0000	0.0000	0.0000	0.0000	0.0000	0.0000	0.0000	0.0000											
14	56	0.0616	3	0	2	1	0	0	0	0	0	N	Y	N	N	N	N	N	N	N	N	N	N	0.0139	0.0096	0.0401	0.0383	0.0392	0.0462	0.0000	17.8047	17.8488	0.0000	0.0000	0.0000	0.0000	2.8123	4.8179	0.0000	444.4128	466.3015	0.0000	0.0000	0.0000	0.0000	0.0000	0.0000	-0.0010	-0.3082	2.0000	2.0013	8.0000	5.6727	0.0021	0.0021	0.0000	0.0021	0.0021	0.0000	0.0000	0.0000	0.0000	0.5709	0.5709	0.0000	0.5709	0.5709	0.0000	0.0000	0.0000	0.0000	0.0531	0.0451	0.0080	0.0001	0.0001	0.0000	0.0530	0.0449	0.0080	0.2030	0.1185	0.0845	0.0255	0.0243	0.0013	0.1774	0.0942	0.0832	0.0139	0.0096	0.0000	0.7968	0.7583	0.0000	0.0000	0.0000	0.0000	2.8123	4.8179	0.0000	22.3454	23.5371	0.0000	0.0000	0.0000	0.0000					
14	57	0.0579	2	0	2	0	0	0	0	0	0	N	Y	N	N	N	N	N	N	N	N	N	N	2.8637	0.7143	5.9050	0.0834	0.0807	0.0000	3.9627	1.6643	6.2322	20.1424	3.5691	136.1950	23.1223	23.1224	0.0000	19.6912	0.1106	136.1961	7.0337	4.9964	23.0643	277.2261	286.6302	0.9668	4.9691	0.0664	21.8535	5.4494	0.9941	0.0009	-0.0204	2.0000	0.0033	8.0000	1.3874	0.0024	0.0004	0.0021	0.0004	0.0004	0.0000	0.0021	0.0000	0.0021	0.4929	0.2472	0.2457	0.2454	0.2452	0.0002	0.2475	0.0020	0.2455	0.0001	0.0001	0.0000	0.0000	0.0000	0.0000	0.0001	0.0001	0.0000	0.0701	0.0495	0.0206	0.0203	0.0201	0.0002	0.0498	0.0294	0.0204	2.8646	0.7143	11.4335	1.9120	1.8910	0.0000	3.9627	1.6643	11.3099	7.0315	4.9964	11.9119	12.0929	12.2275	0.8084	4.9691	0.0664	12.0422
14	59	0.0579	2	0	2	0	0	0	0	0	0	N	Y	N	N	N	N	N	N	N	N	N	N	6.7976	22971.0202	0.0000	254.8042	1173.2553	0.0000	5.8492	inf	0.0000	18.9187	22.2889	0.0000	5.0206	5.0415	0.0000	18.9229	22.2950	0.0000	2.7832	0.0010	10.1083	0.0197	0.0043	0.5248	3.2351	0.0000	8.9971	0.0000	4800.3333	-0.4616	0.1987	2.0000	1.9997	8.0000	3.4660	0.9998	0.9998	0.0000	0.0001	0.0001	0.0000	0.9997	0.9997	0.0000	0.4321	0.0001	0.4320	0.0004	0.0001	0.0003	0.4317	0.0000	0.4317	0.0528	0.0449	0.0080	0.0000	0.0000	0.0000	0.0528	0.0448	0.0080	0.1553	0.0928	0.0625	0.0218	0.0209	0.0009	0.1334	0.0718	0.0616	6.7976	22971.0202	0.0000	254.8042	1173.2553	0.0000	5.8492	inf	0.0000	2.7832	0.0010	6.9115	0.0197	0.0043	0.3870	3.2351	0.0000	7.0045
14	61	0.2120	6	0	1	1	0	0	0	0	0	N	N	N	N	N	N	N	N	N	N	N	N	0.0000	0.0000	0.0000	0.0000	0.0000	0.0000	0.0000	0.0000	0.0000	0.0000	0.0000	0.0000	0.0000	0.0000	0.0000	0.0000	0.0000	0.0000	0.0000	0.0000	2.0000	0.0000	8.0000	1.0000	0.0000	0.0000	0.0000	0.0000	0.0000	0.0000	0.0000	0.0000	0.0000	0.0000	0.0000	0.0000	0.0000	0.0000	0.0000	0.0000	0.0000	0.0000	0.0000	0.0000	0.0000	0.0000	0.0000	0.0000	0.0000	0.0000	0.0000	0.0180	0.0109	0.0071	0.0031	0.0022	0.0009	0.0149	0.0087	0.0062	0.0000	0.0000	0.0000	0.0000	0.0000	0.0000	0.0000	0.0000	0.0000	0.0000	0.0000	0.0000	0.0000	0.0000	0.0000	0.0000	0.0000	0.0000											
14	62	0.2078	5	0	1	0	0	0	0	0	0	N	N	N	N	N	N	N	N	N	N	N	N	0.0000	0.0000	0.0000	0.0000	0.0000	0.0000	0.0000	0.0000	0.0000	0.0000	0.0000	0.0000	0.0000	0.0000	0.0000	0.0124	0.0000	0.0362	0.0331	0.0000	0.2093	0.0056	0.0000	0.0141	inf	0.0000	0.0001	2.0000	0.0001	8.0000	1.0076	0.0000	0.0000	0.0000	0.0000	0.0000	0.0000	0.0000	0.0000	0.0000	0.0003	0.0000	0.0003	0.0002	0.0000	0.0002	0.0001	0.0000	0.0001	0.0000	0.0000	0.0000	0.0000	0.0000	0.0000	0.0000	0.0000	0.0000	0.0235	0.0155	0.0080	0.0057	0.0048	0.0009	0.0177	0.0106	0.0071	0.0000	0.0000	0.0000	0.0000	0.0000	0.0000	0.0000	0.0000	0.0000	0.0124	0.0000	0.0362	0.0331	0.0000	0.2093	0.0056	0.0000	0.0141				
14	63	0.1410	4	0	1	0	0	0	0	0	0	N	N	N	N	N	N	N	N	N	N	N	N	0.0000	0.0000	0.0000	0.0000	0.0000	0.0000	0.0000	0.0000	0.0000	0.0000	0.0000	0.0000	0.0000	0.0000	0.0000	3.8052	0.0012	15.4895	0.0000	0.0000	0.0000	4.2072	0.0014	15.7070	5261.6316	0.0000	0.4598	2.0000	11.9999	8.0000	3.0574	0.0000	0.0000	0.0000	0.0000	0.0000	0.0000	0.0000	0.0000	0.0000	0.9999	0.0002	0.9997	0.0000	0.0000	0.0000	0.9999	0.0002	0.9997	0.2906	0.2488	0.0417	0.0136	0.0129	0.0007	0.2769	0.2359	0.0410	0.2628	0.1567	0.1060	0.0251	0.0191	0.0060	0.2377	0.1376	0.1000	0.0000	0.0000	0.0000	0.0000	0.0000	0.0000	0.0000	0.0000	0.0000	3.8052	0.0012	9.4287	0.0000	0.0000	0.0000	4.2072	0.0014	9.9958				
14	65	0.0845	2	0	1	0	0	0	0	0	0	N	N	N	N	N	N	N	N	N	N	N	N	3.5075	0.0000	inf	0.0000	0.0000	inf	inf	0.0256	0.0000	0.1733	0.0000	0.0000	0.0000	0.0271	0.0000	0.1769	0.0073	0.0125	0.0000	1.3638	2.0201	0.0000	0.0000	0.0000	0.0000	inf	0.0000	0.0007	-0.0008	2.0000	2.0015	8.0000	10.0016	0.0014	0.0000	0.0014	0.0000	0.0000	0.0000	0.0014	0.0000	0.0014	0.0015	0.0015	0.0000	0.0015	0.0015	0.0000	0.0000	0.0000	0.0000	0.0535	0.0456	0.0079	0.0030	0.0028	0.0002	0.0506	0.0428	0.0077	0.2111	0.1229	0.0882	0.0063	0.0050	0.0013	0.2048	0.1179	0.0869	3.5075	0.0000	inf	0.0000	0.0000	0.0000	inf	0.0000	inf	0.0073	0.0125	0.0000	0.2451	0.3104	0.0000	0.0000	0.0000	0.0000		
14	67	0.2394	4	0	1	0	0	0	0	0	0	N	N	N	N	N	N	N	N	N	N	N	N	0.2177	0.0928	3.1832	1.0711	1.0148	4.4966	0.0762	0.0000	2.7408	0.5050	0.3469	1.5206	2.2461	2.3230	0.2435	0.2353	0.0000	1.5693	2.3202	3.7369	0.4777	2.0969	2.2890	0.0541	3.0860	4.8720	0.5726	0.6828	0.0534	-0.0040	-0.5406	2.0000	4.8614	8.0000	14.2102	0.0711	0.0423	0.0289	0.0424	0.0423	0.0002	0.0287	0.0000	0.0287	1.1050	1.0490	0.0561	0.0648	0.0632	0.0016	1.0402	0.9858	0.0545	0.1409	0.1219	0.0190	0.0189	0.0182	0.0007	0.1220	0.1037	0.0183	0.5486	0.3845	0.1641	0.2116	0.1822	0.0294	0.3371	0.2023	0.1348	0.2507	0.1271	4.4515	7.3321	6.6945	4.4966	0.0762	0.0000	3.8823	2.0141	2.7280	0.3416	0.3063	0.3470	0.0541	3.0860	4.8720	0.4042
14	68	0.0766	4	1	2	1	0	0	0	0	0	N	Y	N	N	N	N	N	N	N	N	N	N	0.0000	0.0000	0.0000	0.0000	0.0000	0.0000	0.0000	0.0000	0.0000	0.0000	0.0000	0.0000	0.0000	0.0000	0.0000	0.0000	0.0000	0.0000	0.0000	0.0000	2.0000	0.0000	8.0000	0.0000	0.0000	0.0000	0.0000	0.0000	0.0000	0.0000	0.0000	0.0000	0.0000	0.0000	0.0000	0.0000	0.0000	0.0000	0.0000	0.0000	0.0000	0.0000	0.0000	0.0000	0.0000	0.0000	0.0000	0.0000	0.0000	0.0000	0.0000	0.0000	0.0000	0.0000	0.0000	0.0000	0.0000	0.0000	0.0000	0.0000	0.0000	0.0000	0.0000	0.0000	0.0000	0.0000	0.0000	0.0000	0.0000	0.0000	0.0000	0.0000	0.0000	0.0000	0.0000	0.0000	0.0000	0.0000											
14	69	0.0725	3	1	1	1	0	0	0	0	0	N	N	N	N	N	N	N	N	N	N	N	N	inf	inf	inf	inf	6.1876	7.0330	0.0000	17.5557	17.5558	0.0000	0.0000	0.0000	0.0000	0.0000	0.0000	0.0000	0.0000	0.0000	0.0000	0.0000	0.0000	0.0000	0.0000	-0.0004	0.0000	2.0000	0.0016	8.0000	0.9826	0.0009	0.0009	0.0000	0.0009	0.0009	0.0000	0.0000	0.0000	0.0000	0.0000	0.0000	0.0000	0.0000	0.0000	0.0000	0.0000	0.0000	0.0000	0.0001	0.0001	0.0000	0.0001	0.0001	0.0000	0.0001	0.0001	0.0000	0.0241	0.0128	0.0114	0.0023	0.0021	0.0002	0.0219	0.0107	0.0111	inf	inf	0.0000	inf	inf	0.0000	0.0000	0.0000	0.0000	0.0000	0.0000	0.0000	0.0000	0.0000	0.0000	0.0000	0.0000	0.0000						
14	70	0.0597	2	1	1	1	0	0	0	0	0	N	N	N	N	N	N	N	N	N	N	N	N	16282.6178	105.2217	inf	43.1012	39.5417	inf	inf	2.2271	0.0271	18.9378	0.0786	0.0786	0.0000	3.1672	0.0000	18.9392	0.0001	0.0003	0.0000	0.0018	0.0020	0.0000	0.0000	0.0000	0.0000	92.0847	0.0000	0.0005	-0.0000	2.0000	0.0061	8.0000	3.0249	0.0009	0.0000	0.0009	0.0000	0.0000	0.0000	0.0009	0.0000	0.0009	0.0000	0.0000	0.0000	0.0000	0.0000	0.0000	0.0000	0.0000	0.0000	0.0004	0.0004	0.0000	0.0001	0.0001	0.0000	0.0003	0.0002	0.0000	0.0731	0.0389	0.0342	0.0055	0.0050	0.0005	0.0676	0.0338	0.0338	16282.6178	105.2217	inf	43.1012	39.5417	0.0000	inf	0.0000	inf	0.0001	0.0003	0.0000	0.0018	0.0020	0.0000	0.0000	0.0000	0.0000		
14	72	0.0845	2	0	2	0	0	0	0	0	0	N	Y	N	N	N	N	N	N	N	N	N	N	3.7298	1.2525	inf	246.7578	128.0316	1.9168	0.0000	inf	12.9530	7.5770	44.4420	119.1945	126.0438	0.0000	6.8530	0.0000	45.3597	3.4728	6.0497	0.0000	0.4830	0.9845	0.0000	3.5753	6.2083	0.0000	1.0014	0.0000	0.0771	-0.5408	2.0000	5.9987	8.0000	11.0016	1.9986	0.9986	1.0000	0.9986	0.9986	0.0000	1.0000	0.0000	1.0000	1.0015	1.0015	0.0000	0.0015	0.0015	0.0000	1.0000	1.0000	0.0000	0.1543	0.1318	0.0225	0.0084	0.0079	0.0005	0.1459	0.1239	0.0220	0.2884	0.1679	0.1205	0.0087	0.0069	0.0018	0.2797	0.1611	0.1186	3.7298	1.2705	inf	672.8507	561.4215	0.0000	1.9168	0.0000	inf	3.4728	5.9639	0.0000	0.1771	0.2245	0.0000	3.5753	6.2083	0.0000	
14	74	0.1263	4	0	2	0	0	0	0	0	0	N	Y	N	N	N	N	N	N	N	N	N	N	0.1075	0.0000	1232.1000	0.1272	0.0000	21.4097	0.1017	0.0000	1310.0656	0.3002	0.0000	2.0751	0.0028	0.0000	0.0663	0.3214	0.0000	2.1145	2.7930	4.5258	0.0017	0.0219	0.0253	0.0031	3.1595	5.3827	0.0016	inf	0.0002	0.0263	-0.5375	2.0000	6.1274	8.0000	13.6208	0.0488	0.0000	0.0488	0.0000	0.0000	0.0000	0.0487	0.0000	0.0487	0.9959	0.9956	0.0002	0.0009	0.0009	0.0000	0.9950	0.9947	0.0002	0.1624	0.1389	0.0235	0.0108	0.0103	0.0005	0.1516	0.1286	0.0231	0.3566	0.2200	0.1366	0.0416	0.0352	0.0065	0.3149	0.1848	0.1301	0.1075	0.0000	1232.1000	0.1272	0.0000	21.4097	0.1017	0.0000	1310.0656	2.7930	4.5258	0.0017	0.0219	0.0253	0.0031	3.1595	5.3827	0.0016
14	75	0.1509	7	0	1	1	0	0	0	0	0	N	N	N	N	N	N	N	N	N	N	N	N	0.0000	0.0000	0.0000	0.0000	0.0000	0.0000	0.0000	0.0000	0.0000	0.0000	0.0000	0.0000	0.0000	0.0000	0.0000	0.0000	0.0000	0.0000	0.0000	0.0000	2.0000	0.0000	8.0000	1.0003	0.0000	0.0000	0.0000	0.0000	0.0000	0.0000	0.0000	0.0000	0.0000	0.0000	0.0000	0.0000	0.0000	0.0000	0.0000	0.0000	0.0000	0.0000	0.0000	0.0000	0.0000	0.0000	0.0000	0.0000	0.0000	0.0000	0.0000	0.0224	0.0119	0.0105	0.0020	0.0016	0.0004	0.0204	0.0103	0.0101	0.0000	0.0000	0.0000	0.0000	0.0000	0.0000	0.0000	0.0000	0.0000	0.0000	0.0000	0.0000	0.0000	0.0000	0.0000	0.0000	0.0000	0.0000											
14	76	0.1468	6	0	1	1	0	0	0	0	0	N	N	N	N	N	N	N	N	N	N	N	N	0.0000	0.0000	0.0000	0.0000	0.0000	0.0000	0.0000	0.0000	0.0000	0.0000	0.0000	0.0000	0.0000	0.0000	0.0000	0.0000	0.0000	0.0000	0.0000	0.0000	2.0000	0.0000	8.0000	1.0076	0.0000	0.0000	0.0000	0.0000	0.0000	0.0000	0.0000	0.0000	0.0000	0.0000	0.0000	0.0000	0.0000	0.0000	0.0000	0.0000	0.0000	0.0000	0.0000	0.0000	0.0000	0.0000	0.0000	0.0000	0.0000	0.0000	0.0000	0.0224	0.0118	0.0105	0.0018	0.0014	0.0004	0.0206	0.0104	0.0102	0.0000	0.0000	0.0000	0.0000	0.0000	0.0000	0.0000	0.0000	0.0000	0.0000	0.0000	0.0000	0.0000	0.0000	0.0000	0.0000	0.0000	0.0000											
14	77	0.1427	5	0	1	0	0	0	0	0	0	N	N	N	N	N	N	N	N	N	N	N	N	8376.5237	4920.7024	1924.4077	1533.9837	3.7946	4.2234	0.0000	11.1637	11.1881	0.0000	0.0000	0.0000	0.0000	0.0005	0.0009	0.0000	0.0058	0.0073	0.0000	0.0000	0.0000	0.0000	0.0000	0.0000	-0.0004	-0.0000	2.0000	0.0026	8.0000	0.9924	0.0008	0.0008	0.0000	0.0008	0.0008	0.0000	0.0000	0.0000	0.0000	0.0000	0.0000	0.0000	0.0000	0.0000	0.0000	0.0000	0.0000	0.0000	0.0002	0.0002	0.0000	0.0001	0.0001	0.0000	0.0001	0.0001	0.0000	0.0221	0.0117	0.0104	0.0017	0.0014	0.0004	0.0204	0.0103	0.0101	8376.5237	4920.7024	0.0000	1924.4077	1533.9837	0.0000	0.0000	0.0000	0.0000	0.0005	0.0009	0.0000	0.0058	0.0073	0.0000	0.0000	0.0000	0.0000					
14	78	0.1263	4	0	1	0	0	0	0	0	0	N	N	N	N	N	N	N	N	N	N	N	N	221.6774	176.7032	0.5455	86.1438	88.5393	0.0087	0.2117	0.0000	0.5827	11.6488	13.6203	0.0033	140.0035	144.7510	0.0001	0.0005	0.0000	0.0034	0.0525	0.0771	0.0061	1.6252	1.6349	0.0124	0.0025	0.0002	0.0058	0.0000	0.0414	-0.4389	-0.0029	2.0000	2.8733	8.0000	1.5522	0.9505	0.9505	0.0000	0.9505	0.9505	0.0000	0.0000	0.0000	0.0000	0.0058	0.0055	0.0002	0.0056	0.0055	0.0000	0.0002	0.0000	0.0002	0.0816	0.0698	0.0118	0.0068	0.0066	0.0002	0.0748	0.0632	0.0116	0.1100	0.0720	0.0380	0.0206	0.0190	0.0016	0.0894	0.0530	0.0364	221.6774	176.7032	0.5455	519.7539	497.1549	0.0087	0.2117	0.0000	0.5827	0.0525	0.0771	0.0061	0.2694	0.2912	0.0124	0.0025	0.0002	0.0058
14	79	0.1142	3	0	1	0	0	0	0	0	0	N	N	N	N	N	N	N	N	N	N	N	N	31.2613	34.2766	43.8284	16.3298	17.2926	0.0000	16.3856	0.0010	45.3485	7.3297	6.0496	15.6140	23.6735	23.8785	0.0000	2.6838	0.0001	15.8390	0.2345	0.1765	0.3563	1.4497	1.3809	0.4838	0.1638	0.0978	0.3493	0.3988	0.7746	-0.0118	-0.0023	2.0000	0.2102	8.0000	3.4985	0.0669	0.0478	0.0191	0.0478	0.0478	0.0000	0.0191	0.0000	0.0191	0.0225	0.0127	0.0098	0.0076	0.0073	0.0003	0.0148	0.0053	0.0095	0.0091	0.0079	0.0012	0.0020	0.0020	0.0000	0.0071	0.0059	0.0012	0.1200	0.0830	0.0370	0.0293	0.0286	0.0008	0.0906	0.0544	0.0362	39.1375	39.6496	58.8910	91.0952	92.9427	0.0000	16.3856	0.0010	60.2449	0.1873	0.1526	0.2651	0.2599	0.2569	0.3720	0.1638	0.0978	0.2629
14	80	0.1453	5	0	2	0	0	0	0	0	0	N	Y	N	N	N	N	N	N	N	N	N	N	0.0000	0.0000	0.0000	0.0000	0.0000	0.0000	0.0000	0.0000	0.0000	0.0000	0.0000	0.0000	0.0000	0.0000	0.0000	6.4378	11.1227	0.0000	1.2543	1.6695	0.0000	7.2952	12.5573	0.0000	0.0000	0.0000	-0.5382	2.0000	2.0196	8.0000	6.0690	0.0000	0.0000	0.0000	0.0000	0.0000	0.0000	0.0000	0.0000	0.0000	0.9967	0.9967	0.0000	0.0045	0.0045	0.0000	0.9922	0.9922	0.0000	0.0547	0.0466	0.0081	0.0041	0.0038	0.0003	0.0505	0.0428	0.0078	0.1550	0.0944	0.0605	0.0189	0.0154	0.0035	0.1360	0.0790	0.0570	0.0000	0.0000	0.0000	0.0000	0.0000	0.0000	0.0000	0.0000	0.0000	6.4321	10.5547	0.0000	0.2369	0.2912	0.0000	7.2952	12.5573	0.0000				
14	81	0.1370	4	0	1	0	0	0	0	0	0	N	N	N	N	N	N	N	N	N	N	N	N	0.0000	0.0000	0.0000	0.0000	0.0000	0.0000	0.0000	0.0000	0.0000	0.0000	0.0000	0.0000	0.0000	0.0000	0.0000	0.0000	0.0000	0.0000	0.4999	1.3289	0.0085	0.0285	0.0365	0.0000	0.3539	0.6007	0.0090	0.0107	0.0000	-0.0065	2.0000	0.9876	8.0000	0.9833	0.0000	0.0000	0.0000	0.0000	0.0000	0.0000	0.0000	0.0000	0.0000	0.0123	0.0122	0.0001	0.0001	0.0001	0.0000	0.0122	0.0121	0.0001	0.0264	0.0225	0.0039	0.0015	0.0014	0.0001	0.0249	0.0211	0.0038	0.0383	0.0231	0.0152	0.0038	0.0030	0.0008	0.0345	0.0201	0.0144	0.0000	0.0000	0.0000	0.0000	0.0000	0.0000	0.0000	0.0000	0.0000	0.3213	0.5275	0.0085	0.0285	0.0365	0.0000	0.3539	0.6007	0.0090	
14	82	0.0710	2	1	1	1	0	0	0	0	0	N	N	N	N	N	N	N	N	N	N	N	N	inf	inf	inf	inf	inf	inf	37.2317	43.7592	0.0000	867.3263	910.1991	0.0000	0.0105	0.0124	0.0000	0.0000	0.0000	0.0000	0.0000	0.0000	0.0000	0.0000	0.0000	0.0000	0.0000	-0.4617	0.0000	2.0000	1.0000	8.0000	2.9874	1.0000	1.0000	0.0000	0.9997	0.9997	0.0000	0.0003	0.0003	0.0000	0.0000	0.0000	0.0000	0.0000	0.0000	0.0000	0.0000	0.0000	0.0000	0.0269	0.0229	0.0040	0.0012	0.0011	0.0001	0.0257	0.0218	0.0040	0.0786	0.0467	0.0319	0.0050	0.0043	0.0007	0.0736	0.0424	0.0312	inf	inf	0.0000	inf	inf	0.0000	inf	inf	0.0000	0.0000	0.0000	0.0000	0.0000	0.0000	0.0000	0.0000	0.0000	0.0000				
14	84	0.0845	2	0	2	0	1	0	0	0	0	N	Y	N	N	N	N	N	N	N	N	N	N	0.8012	0.0000	inf	0.0000	0.0000	0.8437	0.0000	inf	4.9576	0.0000	34.2110	0.0000	0.0000	0.0000	5.2397	0.0000	34.9149	6.1876	10.8533	0.0000	0.3482	0.5522	0.0000	6.2102	10.7822	0.0000	inf	0.0000	0.5390	-1.0807	2.0000	8.0013	8.0000	12.0015	1.0014	0.0000	1.0014	0.0000	0.0000	0.0000	1.0014	0.0000	1.0014	2.0015	2.0015	0.0000	0.0015	0.0015	0.0000	2.0000	2.0000	0.0000	0.2020	0.1727	0.0293	0.0109	0.0103	0.0006	0.1911	0.1624	0.0287	0.3321	0.1935	0.1387	0.0101	0.0080	0.0021	0.3221	0.1855	0.1366	0.8227	0.0000	inf	0.0000	0.0000	0.0000	0.8437	0.0000	inf	6.0261	10.3464	0.0000	0.1526	0.1934	0.0000	6.2102	10.7822	0.0000	
14	85	0.1410	4	0	2	0	0	0	0	0	0	N	Y	N	N	N	N	N	N	N	N	N	N	0.0000	0.0000	0.0000	0.0000	0.0000	0.0000	0.0000	0.0000	0.0000	0.0000	0.0000	0.0000	0.0000	6.7614	12.0084	0.0000	0.0000	0.0000	0.0000	7.4933	12.9371	0.0000	0.0000	0.0000	-0.5399	2.0000	1.0000	8.0000	6.9850	0.0000	0.0000	0.0000	0.0000	0.0000	0.0000	0.0000	0.0000	0.0000	1.0000	1.0000	0.0000	0.0000	0.0000	0.0000	1.0000	1.0000	0.0000	0.0268	0.0228	0.0040	0.0013	0.0012	0.0001	0.0255	0.0216	0.0039	0.1479	0.0884	0.0595	0.0144	0.0111	0.0033	0.1335	0.0773	0.0562	0.0000	0.0000	0.0000	0.0000	0.0000	0.0000	0.0000	0.0000	0.0000	6.7614	11.3106	0.0000	0.0000	0.0000	0.0000	7.4933	12.9371	0.0000						
14	86	0.1283	3	0	1	0	0	0	0	0	0	N	N	N	N	N	N	N	N	N	N	N	N	0.0000	0.0000	0.0000	0.0000	0.0000	0.0000	0.0000	0.0000	0.0000	0.0000	0.0000	0.0000	0.0000	0.0000	0.0000	0.0000	0.0000	0.0000	0.0400	0.0553	0.0177	0.0107	0.0093	0.0156	0.0432	0.0619	0.0179	0.2199	0.0000	-0.0008	2.0000	1.0086	8.0000	2.0000	0.0000	0.0000	0.0000	0.0000	0.0000	0.0000	0.0000	0.0000	0.0000	0.0023	0.0019	0.0004	0.0001	0.0000	0.0000	0.0023	0.0019	0.0004	0.0273	0.0233	0.0040	0.0014	0.0014	0.0001	0.0259	0.0219	0.0040	0.0582	0.0345	0.0237	0.0056	0.0043	0.0013	0.0526	0.0302	0.0224	0.0000	0.0000	0.0000	0.0000	0.0000	0.0000	0.0000	0.0000	0.0000	0.0400	0.0553	0.0177	0.0107	0.0093	0.0156	0.0432	0.0619	0.0179	
14	89	0.1455	5	0	2	0	0	0	0	0	0	N	Y	N	N	N	N	N	N	N	N	N	N	4161.8453	2883.8472	1455.1929	1106.5490	1.2343	1.4151	0.0000	3.2921	3.2992	0.0000	0.0000	0.0000	0.0000	0.0003	0.0005	0.0000	0.0023	0.0030	0.0000	0.0000	0.0000	0.0000	0.0000	0.0000	-0.0009	-0.0000	2.0000	0.0157	8.0000	9.0253	0.0019	0.0019	0.0000	0.0019	0.0019	0.0000	0.0000	0.0000	0.0000	0.0001	0.0001	0.0000	0.0001	0.0001	0.0000	0.0000	0.0000	0.0000	0.0015	0.0013	0.0002	0.0006	0.0006	0.0000	0.0009	0.0007	0.0002	0.1686	0.1019	0.0667	0.0221	0.0168	0.0053	0.1465	0.0851	0.0614	4161.8453	2883.8472	0.0000	1455.1929	1106.5490	0.0000	0.0000	0.0000	0.0000	0.0003	0.0005	0.0000	0.0023	0.0030	0.0000	0.0000	0.0000	0.0000					
14	90	0.1370	4	0	2	0	0	0	0	0	0	N	Y	N	N	N	N	N	N	N	N	N	N	856.2057	601.5825	inf	0.0000	0.0000	2445.3203	1679.8499	inf	3.7138	4.3316	0.1363	0.0000	0.0000	0.0000	4.1590	4.9025	0.1439	0.0043	0.0072	0.0000	0.0281	0.0361	0.0000	0.0017	0.0029	0.0000	0.0054	0.0000	-0.0008	-0.0001	2.0000	0.0169	8.0000	2.0013	0.0019	0.0018	0.0000	0.0000	0.0000	0.0000	0.0019	0.0018	0.0000	0.0002	0.0002	0.0000	0.0001	0.0001	0.0000	0.0001	0.0001	0.0000	0.0005	0.0004	0.0001	0.0001	0.0000	0.0000	0.0004	0.0004	0.0001	0.0392	0.0236	0.0156	0.0039	0.0031	0.0009	0.0353	0.0206	0.0147	856.2057	601.5825	inf	0.0000	0.0000	0.0000	2445.3203	1679.8499	inf	0.0043	0.0072	0.0000	0.0281	0.0361	0.0000	0.0017	0.0029	0.0000	
14	91	0.1283	3	0	1	0	0	0	0	0	0	N	N	N	N	N	N	N	N	N	N	N	N	0.0000	0.0000	0.0000	0.0000	0.0000	0.0000	0.0000	0.0000	0.0000	0.0000	0.0000	0.0000	0.0000	0.0000	0.0000	0.0000	0.0000	0.0000	0.0611	0.0853	0.0258	0.0174	0.0159	0.0228	0.0660	0.0958	0.0260	0.2069	0.0000	-0.0009	2.0000	1.9923	8.0000	0.0454	0.0000	0.0000	0.0000	0.0000	0.0000	0.0000	0.0000	0.0000	0.0000	0.0024	0.0020	0.0004	0.0001	0.0000	0.0000	0.0024	0.0020	0.0004	0.0532	0.0453	0.0079	0.0026	0.0025	0.0001	0.0505	0.0428	0.0077	0.0401	0.0238	0.0163	0.0040	0.0031	0.0009	0.0361	0.0207	0.0154	0.0000	0.0000	0.0000	0.0000	0.0000	0.0000	0.0000	0.0000	0.0000	0.0611	0.0853	0.0258	0.0174	0.0159	0.0228	0.0660	0.0958	0.0260	
14	92	0.0845	2	0	1	0	0	0	0	0	0	N	N	N	N	N	N	N	N	N	N	N	N	0.0044	0.0000	0.0124	0.0000	0.0000	0.0046	0.0000	0.0142	0.0501	0.0000	0.3385	0.0000	0.0000	0.0000	0.0531	0.0000	0.3456	11.3411	9.5823	27.2330	0.0001	0.0002	0.0000	11.4943	9.9838	24.4218	inf	0.9999	0.0007	-0.0798	2.0000	1.0098	8.0000	9.0196	0.0014	0.0000	0.0014	0.0000	0.0000	0.0000	0.0014	0.0000	0.0014	1.9962	0.9982	0.9981	0.0000	0.0000	0.0000	1.9962	0.9982	0.9981	0.0273	0.0233	0.0040	0.0016	0.0015	0.0001	0.0258	0.0218	0.0040	0.1790	0.1042	0.0748	0.0053	0.0042	0.0011	0.1737	0.1000	0.0737	0.0045	0.0000	0.0254	0.0000	0.0000	0.0000	0.0046	0.0000	0.0255	11.1537	9.5823	13.3419	0.0001	0.0002	0.0000	11.4943	9.9838	13.5435	
14	93	0.1813	7	1	2	0	1	0	0	0	0	N	Y	N	N	N	N	N	N	N	N	N	N	0.0000	0.0000	0.0000	0.0000	0.0000	0.0000	0.0000	0.0000	0.0000	0.0000	0.0000	0.0000	0.0000	0.0000	0.0000	0.0000	0.0000	0.0000	0.0000	0.0000	2.0000	0.0000	8.0000	0.0000	0.0000	0.0000	0.0000	0.0000	0.0000	0.0000	0.0000	0.0000	0.0000	0.0000	0.0000	0.0000	0.0000	0.0000	0.0000	0.0000	0.0000	0.0000	0.0000	0.0000	0.0000	0.0000	0.0000	0.0000	0.0000	0.0000	0.0000	0.0000	0.0000	0.0000	0.0000	0.0000	0.0000	0.0000	0.0000	0.0000	0.0000	0.0000	0.0000	0.0000	0.0000	0.0000	0.0000	0.0000	0.0000	0.0000	0.0000	0.0000	0.0000	0.0000	0.0000	0.0000	0.0000	0.0000											
14	94	0.1813	6	1	2	0	1	0	0	0	0	N	Y	N	N	N	N	N	N	N	N	N	N	0.0000	0.0000	0.0000	0.0000	0.0000	0.0000	0.0000	0.0000	0.0000	0.0000	0.0000	0.0000	0.0000	4.4294	5.7059	0.0000	235.9252	236.1998	0.0000	0.0000	0.0000	0.0000	0.0000	0.0000	-0.0001	2.0000	0.0000	8.0000	0.0001	0.0000	0.0000	0.0000	0.0000	0.0000	0.0000	0.0000	0.0000	0.0000	0.0001	0.0001	0.0000	0.0001	0.0001	0.0000	0.0000	0.0000	0.0000	0.0000	0.0000	0.0000	0.0000	0.0000	0.0000	0.0000	0.0000	0.0000	0.0000	0.0000	0.0000	0.0000	0.0000	0.0000	0.0000	0.0000	0.0000	0.0000	0.0000	0.0000	0.0000	0.0000	0.0000	0.0000	0.0000	0.0000	4.4294	5.4100	0.0000	9.2744	9.3601	0.0000	0.0000	0.0000	0.0000						
14	95	0.1633	5	0	2	0	1	0	0	0	0	N	Y	N	N	N	N	N	N	N	N	N	N	28219.8691	20118.4799	26292.8789	24355.7588	35.7451	41.7737	0.0000	326.2670	341.4679	0.0000	0.0000	0.0000	0.0000	0.0013	0.0021	0.0000	0.0124	0.0140	0.0000	0.0000	0.0000	0.0000	0.0000	0.0000	-0.4538	-0.0000	2.0000	0.9845	8.0000	0.9903	0.9829	0.9829	0.0000	0.9829	0.9829	0.0000	0.0000	0.0000	0.0000	0.0001	0.0001	0.0000	0.0001	0.0001	0.0000	0.0000	0.0000	0.0000	0.0275	0.0235	0.0040	0.0030	0.0029	0.0001	0.0245	0.0207	0.0038	0.0395	0.0241	0.0154	0.0040	0.0036	0.0005	0.0354	0.0205	0.0149	28219.8691	20118.4799	0.0000	26292.8789	24355.7588	0.0000	0.0000	0.0000	0.0000	0.0013	0.0021	0.0000	0.0124	0.0140	0.0000	0.0000	0.0000	0.0000					
14	96	0.1605	5	0	2	0	0	0	0	0	0	N	Y	N	N	N	N	N	N	N	N	N	N	0.0007	0.0000	inf	0.0000	0.0000	0.0005	0.0000	inf	0.0047	0.0000	0.0321	0.0000	0.0000	0.0000	0.0051	0.0000	0.0331	7.0243	11.4448	0.0000	0.0081	0.0093	0.0000	9.8557	17.5558	0.0000	inf	0.0000	0.0001	-0.5358	2.0000	1.0063	8.0000	3.7812	0.0001	0.0000	0.0001	0.0000	0.0000	0.0000	0.0001	0.0000	0.0001	0.9923	0.9923	0.0000	0.0003	0.0003	0.0000	0.9919	0.9919	0.0000	0.0275	0.0235	0.0040	0.0021	0.0020	0.0001	0.0254	0.0215	0.0039	0.1413	0.0920	0.0493	0.0406	0.0355	0.0052	0.1006	0.0565	0.0441	0.0007	0.0000	inf	0.0000	0.0000	0.0000	0.0005	0.0000	inf	7.0243	10.7912	0.0000	0.0081	0.0093	0.0000	9.8557	17.5558	0.0000	
14	97	0.1633	5	0	1	1	1	0	0	0	0	N	N	N	N	N	N	N	N	N	N	N	N	inf	inf	inf	inf	0.6043	0.0000	4.1857	0.0000	0.0000	0.0000	0.6781	0.0000	4.3323	0.0000	0.0000	0.0000	0.0000	0.0000	0.0000	0.0000	0.0000	0.0000	inf	0.0092	0.0000	2.0000	1.0165	8.0000	1.0129	0.0171	0.0000	0.0171	0.0000	0.0000	0.0000	0.0171	0.0000	0.0171	0.0000	0.0000	0.0000	0.0000	0.0000	0.0000	0.0000	0.0000	0.0000	0.0283	0.0242	0.0041	0.0031	0.0029	0.0001	0.0252	0.0213	0.0040	0.0405	0.0247	0.0158	0.0041	0.0036	0.0005	0.0364	0.0210	0.0153	inf	0.0000	inf	0.0000	0.0000	0.0000	inf	0.0000	inf	0.0000	0.0000	0.0000	0.0000	0.0000	0.0000	0.0000	0.0000	0.0000						
14	98	0.1504	4	0	1	0	1	0	0	0	0	N	N	N	N	N	N	N	N	N	N	N	N	495.2504	251.4220	inf	inf	inf	132.3189	0.0000	inf	0.4282	0.3625	0.8131	3.9339	4.1598	0.0000	0.1288	0.0000	0.8377	0.0009	0.0014	0.0000	0.0000	0.0000	0.0000	0.0010	0.0017	0.0000	0.3832	0.0000	-0.0043	-0.0000	2.0000	2.0241	8.0000	1.0265	0.0235	0.0170	0.0065	0.0170	0.0170	0.0000	0.0065	0.0000	0.0065	0.0001	0.0001	0.0000	0.0000	0.0000	0.0000	0.0001	0.0001	0.0000	0.0549	0.0469	0.0080	0.0043	0.0041	0.0002	0.0506	0.0428	0.0078	0.0578	0.0347	0.0231	0.0064	0.0052	0.0013	0.0514	0.0295	0.0219	495.2504	251.4220	inf	inf	inf	0.0000	132.3189	0.0000	inf	0.0009	0.0014	0.0000	0.0000	0.0000	0.0000	0.0010	0.0017	0.0000	
14	99	0.1504	4	0	1	1	1	0	0	0	0	N	N	N	N	N	N	N	N	N	N	N	N	inf	inf	inf	inf	0.0823	0.0000	0.5655	0.0000	0.0000	0.0000	0.0892	0.0000	0.5826	0.0000	0.0000	0.0000	0.0000	0.0000	0.0000	0.0000	0.0000	0.0000	inf	0.0036	0.0000	2.0000	3.0066	8.0000	0.0000	0.0066	0.0000	0.0066	0.0000	0.0000	0.0000	0.0066	0.0000	0.0066	0.0000	0.0000	0.0000	0.0000	0.0000	0.0000	0.0000	0.0000	0.0000	0.0806	0.0688	0.0117	0.0062	0.0059	0.0003	0.0743	0.0630	0.0114	0.0570	0.0342	0.0228	0.0064	0.0051	0.0013	0.0507	0.0291	0.0216	inf	0.0000	inf	0.0000	0.0000	0.0000	inf	0.0000	inf	0.0000	0.0000	0.0000	0.0000	0.0000	0.0000	0.0000	0.0000	0.0000						
14	100	0.1761	4	0	1	1	1	0	0	0	0	N	N	N	N	N	N	N	N	N	N	N	N	0.0000	0.0000	0.0000	0.0000	0.0000	0.0000	0.0000	0.0000	0.0000	0.0000	0.0000	0.0000	0.0000	0.0000	0.0000	0.0000	0.0000	0.0000	0.0000	0.0000	2.0000	0.0000	8.0000	2.0000	0.0000	0.0000	0.0000	0.0000	0.0000	0.0000	0.0000	0.0000	0.0000	0.0000	0.0000	0.0000	0.0000	0.0000	0.0000	0.0000	0.0000	0.0000	0.0000	0.0000	0.0000	0.0000	0.0000	0.0000	0.0000	0.0000	0.0000	0.0368	0.0218	0.0150	0.0043	0.0034	0.0009	0.0325	0.0184	0.0141	0.0000	0.0000	0.0000	0.0000	0.0000	0.0000	0.0000	0.0000	0.0000	0.0000	0.0000	0.0000	0.0000	0.0000	0.0000	0.0000	0.0000	0.0000											
14	101	0.1371	3	0	1	1	1	0	0	0	0	N	N	N	N	N	N	N	N	N	N	N	N	5.9859	0.0000	inf	0.0000	0.0000	inf	inf	0.0061	0.0000	0.0423	0.0000	0.0000	0.0000	0.0068	0.0000	0.0444	0.0010	0.0017	0.0000	0.0081	0.0096	0.0000	0.0000	0.0000	0.0000	inf	0.0000	0.0005	-0.0001	2.0000	5.8899	8.0000	3.1847	0.0010	0.0000	0.0010	0.0000	0.0000	0.0000	0.0010	0.0000	0.0010	0.0002	0.0002	0.0000	0.0002	0.0002	0.0000	0.0000	0.0000	0.0000	0.1586	0.1356	0.0229	0.0152	0.0141	0.0011	0.1434	0.1215	0.0219	0.1761	0.1058	0.0703	0.0222	0.0187	0.0035	0.1539	0.0871	0.0668	5.9859	0.0000	inf	0.0000	0.0000	0.0000	inf	0.0000	inf	0.0010	0.0017	0.0000	0.0081	0.0096	0.0000	0.0000	0.0000	0.0000		
14	102	0.1838	3	1	2	0	0	0	0	0	0	N	Y	N	N	N	N	N	N	N	N	N	N	0.0000	0.0000	0.0000	0.0000	0.0000	0.0000	0.0000	0.0000	0.0000	0.0000	0.0000	0.0000	0.0000	0.0000	0.0000	0.0000	0.0000	0.0000	0.0000	0.0000	2.0000	0.0000	8.0000	0.0000	0.0000	0.0000	0.0000	0.0000	0.0000	0.0000	0.0000	0.0000	0.0000	0.0000	0.0000	0.0000	0.0000	0.0000	0.0000	0.0000	0.0000	0.0000	0.0000	0.0000	0.0000	0.0000	0.0000	0.0000	0.0000	0.0000	0.0000	0.0000	0.0000	0.0000	0.0000	0.0000	0.0000	0.0000	0.0000	0.0000	0.0000	0.0000	0.0000	0.0000	0.0000	0.0000	0.0000	0.0000	0.0000	0.0000	0.0000	0.0000	0.0000	0.0000	0.0000	0.0000	0.0000	0.0000											
14	103	0.0845	2	1	2	0	0	0	0	0	0	N	Y	N	N	N	N	N	N	N	N	N	N	0.0024	0.0000	inf	0.0000	0.0000	0.0025	0.0000	inf	0.0068	0.0000	0.0468	0.0000	0.0000	0.0000	0.0072	0.0000	0.0478	2.7803	4.7729	0.0000	0.2694	0.4654	0.0000	2.8635	4.9711	0.0000	inf	0.0000	0.0007	-0.5408	2.0000	8.0012	8.0000	14.0016	0.0014	0.0000	0.0014	0.0000	0.0000	0.0000	0.0014	0.0000	0.0014	1.0015	1.0015	0.0000	0.0015	0.0015	0.0000	1.0000	1.0000	0.0000	0.2020	0.1727	0.0293	0.0109	0.0103	0.0006	0.1911	0.1624	0.0287	0.3602	0.2098	0.1504	0.0110	0.0087	0.0023	0.3492	0.2012	0.1481	0.0024	0.0000	inf	0.0000	0.0000	0.0000	0.0025	0.0000	inf	2.7803	4.7729	0.0000	0.1400	0.1774	0.0000	2.8635	4.9711	0.0000	
14	104	0.1475	3	0	2	0	0	0	0	0	0	N	Y	N	N	N	N	N	N	N	N	N	N	0.0000	0.0000	0.0000	0.0000	0.0000	0.0000	0.0000	0.0000	0.0000	0.0000	0.0000	0.0000	0.0000	0.0000	0.0000	0.0000	0.0000	0.0000	0.0598	0.0504	0.0772	0.0209	0.0073	0.0661	0.0698	0.0655	0.0782	0.9514	0.0000	-0.0002	2.0000	2.0010	8.0000	1.0153	0.0000	0.0000	0.0000	0.0000	0.0000	0.0000	0.0000	0.0000	0.0000	0.0036	0.0018	0.0018	0.0003	0.0001	0.0002	0.0034	0.0018	0.0016	0.0531	0.0453	0.0078	0.0029	0.0027	0.0002	0.0502	0.0425	0.0077	0.0604	0.0367	0.0237	0.0124	0.0096	0.0029	0.0480	0.0272	0.0208	0.0000	0.0000	0.0000	0.0000	0.0000	0.0000	0.0000	0.0000	0.0000	0.0598	0.0504	0.0744	0.0209	0.0073	0.0661	0.0698	0.0655	0.0755	
14	105	0.0845	2	0	2	0	0	0	0	0	0	N	Y	N	N	N	N	N	N	N	N	N	N	0.0014	0.0000	0.0029	0.0000	0.0000	0.0014	0.0000	0.0031	0.0172	0.0000	0.1165	0.0000	0.0000	0.0000	0.0182	0.0000	0.1190	12.5857	7.0398	40.2451	0.0001	0.0001	0.0000	12.6736	7.3374	38.6403	inf	1.9998	0.0007	0.3795	2.0000	3.0162	8.0000	11.0438	0.0014	0.0000	0.0014	0.0000	0.0000	0.0000	0.0014	0.0000	0.0014	2.9952	0.9985	1.9967	0.0000	0.0000	0.0000	2.9952	0.9985	1.9967	0.0799	0.0681	0.0118	0.0044	0.0042	0.0002	0.0754	0.0639	0.0115	0.2436	0.1418	0.1018	0.0073	0.0058	0.0015	0.2363	0.1361	0.1003	0.0014	0.0000	0.0059	0.0000	0.0000	0.0000	0.0014	0.0000	0.0060	12.2944	7.0398	19.6163	0.0001	0.0001	0.0000	12.6736	7.3374	19.9167	
14	106	0.1854	7	1	2	0	0	0	0	0	0	N	Y	N	N	N	N	N	N	N	N	N	N	0.0000	0.0000	0.0000	0.0000	0.0000	0.0000	0.0000	0.0000	0.0000	0.0000	0.0000	0.0000	0.0000	0.0000	0.0000	0.0000	0.0000	0.0000	0.0000	0.0000	2.0000	1.0000	8.0000	1.0000	0.0000	0.0000	0.0000	0.0000	0.0000	0.0000	0.0000	0.0000	0.0000	0.0000	0.0000	0.0000	0.0000	0.0000	0.0000	0.0000	0.0000	0.0000	0.0271	0.0231	0.0040	0.0020	0.0019	0.0001	0.0252	0.0213	0.0039	0.0394	0.0250	0.0143	0.0122	0.0097	0.0024	0.0272	0.0153	0.0119	0.0000	0.0000	0.0000	0.0000	0.0000	0.0000	0.0000	0.0000	0.0000	0.0000	0.0000	0.0000	0.0000	0.0000	0.0000	0.0000	0.0000	0.0000											
14	107	0.1813	6	1	2	0	0	0	0	0	0	N	Y	N	N	N	N	N	N	N	N	N	N	0.0000	0.0000	0.0000	0.0000	0.0000	0.0000	0.0000	0.0000	0.0000	0.0000	0.0000	0.0000	0.0000	50.7213	81.5245	0.0000	0.0000	0.0000	0.0000	67.1687	118.8186	0.0000	0.0000	0.0000	-0.5399	2.0000	0.0000	8.0000	0.9999	0.0000	0.0000	0.0000	0.0000	0.0000	0.0000	0.0000	0.0000	0.0000	0.9999	0.9999	0.0000	0.0000	0.0000	0.0000	0.9999	0.9999	0.0000	0.0000	0.0000	0.0000	0.0000	0.0000	0.0000	0.0000	0.0000	0.0000	0.0197	0.0123	0.0074	0.0048	0.0038	0.0010	0.0149	0.0084	0.0065	0.0000	0.0000	0.0000	0.0000	0.0000	0.0000	0.0000	0.0000	0.0000	50.7213	81.5245	0.0000	0.0000	0.0000	0.0000	67.1687	118.8186	0.0000						
14	108	0.1605	5	1	2	0	0	0	0	0	0	N	Y	N	N	N	N	N	N	N	N	N	N	4.4481	0.0000	inf	0.0000	0.0000	299.2377	0.0000	inf	0.2538	0.0000	1.7878	0.0000	0.0000	0.0000	0.3480	0.0000	1.8170	0.0570	0.0877	0.0000	0.7164	1.0406	0.0000	0.0012	0.0021	0.0000	inf	0.0000	0.0001	-0.0044	2.0000	0.0100	8.0000	4.8896	0.0001	0.0000	0.0001	0.0000	0.0000	0.0000	0.0001	0.0000	0.0001	0.0082	0.0082	0.0000	0.0080	0.0080	0.0000	0.0001	0.0001	0.0000	0.0005	0.0004	0.0001	0.0001	0.0001	0.0000	0.0004	0.0003	0.0001	0.1432	0.0931	0.0501	0.0408	0.0356	0.0052	0.1024	0.0575	0.0449	4.4481	0.0000	inf	0.0000	0.0000	0.0000	299.2377	0.0000	inf	0.0570	0.0877	0.0000	0.1972	0.2260	0.0000	0.0012	0.0021	0.0000	
14	109	0.1504	4	0	2	0	0	0	0	0	0	N	Y	N	N	N	N	N	N	N	N	N	N	1.1466	0.0102	428.5163	inf	inf	1.3173	0.0000	416.8238	0.2439	0.0055	1.6383	0.0560	0.0590	0.0000	0.2609	0.0000	1.6874	0.2127	0.5332	0.0038	0.0000	0.0000	0.0000	0.1981	0.3417	0.0040	51.3337	0.0088	0.0035	-0.0043	2.0000	1.0007	8.0000	1.4004	0.0068	0.0001	0.0066	0.0001	0.0001	0.0000	0.0066	0.0000	0.0066	0.0080	0.0080	0.0001	0.0000	0.0000	0.0000	0.0080	0.0080	0.0001	0.0277	0.0237	0.0040	0.0023	0.0022	0.0001	0.0254	0.0215	0.0039	0.0457	0.0274	0.0183	0.0051	0.0041	0.0010	0.0406	0.0234	0.0173	1.3856	0.0188	428.5163	inf	inf	0.0000	1.3173	0.0000	416.8238	0.1760	0.2909	0.0038	0.0000	0.0000	0.0000	0.1981	0.3417	0.0040	
14	110	0.1371	3	0	1	0	0	0	0	0	0	N	N	N	N	N	N	N	N	N	N	N	N	59.9898	37.4701	inf	26.3570	26.1619	inf	inf	0.5134	0.5254	0.4438	1.3451	1.4932	0.0000	0.0978	0.0000	0.5726	0.0086	0.0140	0.0000	0.0510	0.0571	0.0000	0.0000	0.0000	0.0000	0.1455	0.0000	-0.0025	-0.0003	2.0000	0.3039	8.0000	2.8719	0.0076	0.0066	0.0010	0.0066	0.0066	0.0000	0.0010	0.0000	0.0010	0.0006	0.0006	0.0000	0.0006	0.0006	0.0000	0.0000	0.0000	0.0000	0.0148	0.0126	0.0022	0.0049	0.0044	0.0005	0.0099	0.0082	0.0017	0.0724	0.0442	0.0282	0.0121	0.0109	0.0013	0.0603	0.0334	0.0269	59.9898	37.4701	inf	26.3570	26.1619	0.0000	inf	0.0000	inf	0.0086	0.0140	0.0000	0.0510	0.0571	0.0000	0.0000	0.0000	0.0000		
14	111	0.0845	2	0	1	0	0	0	0	0	0	N	N	N	N	N	N	N	N	N	N	N	N	2.2741	0.6583	163.7723	0.1278	0.0917	4.7628	0.0000	164.6641	0.0233	0.0113	0.0928	0.1757	0.1858	0.0000	0.0144	0.0000	0.0947	0.0102	0.0172	0.0006	1.3748	2.0256	0.0000	0.0030	0.0048	0.0006	1.4129	0.0237	0.0003	-0.0011	2.0000	3.8240	8.0000	8.1760	0.0023	0.0010	0.0014	0.0010	0.0010	0.0000	0.0014	0.0000	0.0014	0.0022	0.0021	0.0000	0.0015	0.0015	0.0000	0.0006	0.0006	0.0000	0.1004	0.0857	0.0147	0.0055	0.0052	0.0003	0.0949	0.0805	0.0144	0.2111	0.1229	0.0882	0.0063	0.0050	0.0013	0.2048	0.1179	0.0869	2.2741	0.6583	163.7723	0.7167	0.5985	0.0000	4.7628	0.0000	164.6641	0.0102	0.0172	0.0006	0.2451	0.3104	0.0000	0.0030	0.0048	0.0006	
14	115	0.2772	5	0	1	0	0	0	0	0	0	N	N	N	N	N	N	N	N	N	N	N	N	7.5789	3.6640	26.7423	7.0611	5.2137	44.6401	3.9675	0.0000	24.4484	4.5117	3.8256	9.0540	21.0452	21.6503	3.6490	1.3894	0.0000	9.2832	0.5953	1.0441	0.3386	2.9804	4.1526	0.0817	0.3502	0.3932	0.3797	0.3575	0.2067	-0.2329	-0.0999	2.0000	8.9918	8.0000	13.3277	1.1740	0.8648	0.3092	0.8699	0.8648	0.0051	0.3041	0.0000	0.3041	0.2710	0.2246	0.0464	0.1379	0.1342	0.0037	0.1330	0.0904	0.0427	0.2602	0.2261	0.0341	0.0413	0.0399	0.0014	0.2189	0.1861	0.0328	0.7079	0.5121	0.1958	0.3280	0.2822	0.0458	0.3799	0.2298	0.1501	11.7872	8.7239	38.2044	50.0498	45.5416	44.6401	3.9675	0.0000	32.6511	0.3828	0.4385	0.2370	0.4205	0.4754	0.0817	0.3502	0.3932	0.2843
15	16	0.1392	5	0	1	0	2	0	0	0	0	N	N	N	Y	N	N	N	N	N	N	N	N	0.0000	0.0000	0.0000	0.0000	0.0000	0.0000	0.0000	0.0000	0.0000	0.0000	0.0000	0.0000	0.0000	0.0000	0.0000	0.0000	0.0000	0.0000	0.0000	0.0000	2.0066	24.0000	2.0000	5.0000	0.0000	0.0000	0.0000	0.0000	0.0000	0.0000	0.0000	0.0000	0.0000	0.0000	0.0000	0.0000	0.0000	0.0000	0.0000	0.0000	0.0000	0.0000	0.5422	0.4671	0.0750	0.0210	0.0197	0.0013	0.5212	0.4475	0.0737	0.1989	0.1165	0.0824	0.0284	0.0221	0.0063	0.1706	0.0945	0.0761	0.0000	0.0000	0.0000	0.0000	0.0000	0.0000	0.0000	0.0000	0.0000	0.0000	0.0000	0.0000	0.0000	0.0000	0.0000	0.0000	0.0000	0.0000											
15	17	0.1435	6	0	1	0	1	0	0	0	0	N	N	N	N	N	N	N	N	N	N	N	N	5.7191	10.5492	4.7421	9.4346	0.2383	0.0000	1.6247	0.0000	0.0000	0.0000	0.2599	0.0000	1.6728	0.0417	0.0000	0.1540	0.0000	0.0000	0.0000	0.0548	0.0000	0.1773	inf	inf	0.0036	0.0013	2.0066	0.9987	2.0000	5.5397	0.0066	0.0000	0.0066	0.0000	0.0000	0.0000	0.0066	0.0000	0.0066	0.0028	0.0000	0.0028	0.0000	0.0000	0.0000	0.0028	0.0000	0.0028	0.0278	0.0237	0.0041	0.0023	0.0022	0.0001	0.0255	0.0215	0.0040	0.0677	0.0452	0.0225	0.0162	0.0146	0.0016	0.0514	0.0305	0.0209	5.7191	0.0000	12.9636	0.0000	0.0000	0.0000	4.7421	0.0000	12.4042	0.0417	0.0000	0.1253	0.0000	0.0000	0.0000	0.0548	0.0000	0.1349					
15	19	0.0828	3	1	1	0	1	0	0	0	0	N	N	N	N	N	N	N	N	N	N	N	N	inf	inf	inf	inf	0.0003	0.0000	0.0021	0.0000	0.0000	0.0000	0.0003	0.0000	0.0021	0.0000	0.0000	0.0000	0.0000	0.0000	0.0000	0.0000	0.0000	0.0000	inf	0.0000	0.0000	2.0066	1.0015	2.0000	7.0016	0.0000	0.0000	0.0000	0.0000	0.0000	0.0000	0.0000	0.0000	0.0000	0.0000	0.0000	0.0000	0.0000	0.0000	0.0000	0.0000	0.0000	0.0000	0.0285	0.0242	0.0043	0.0008	0.0008	0.0000	0.0277	0.0235	0.0043	0.0657	0.0377	0.0280	0.0051	0.0041	0.0010	0.0606	0.0336	0.0270	inf	0.0000	inf	0.0000	0.0000	0.0000	inf	0.0000	inf	0.0000	0.0000	0.0000	0.0000	0.0000	0.0000	0.0000	0.0000	0.0000						
15	20	0.1457	4	0	1	0	1	0	0	0	0	N	N	N	N	N	N	N	N	N	N	N	N	0.0000	0.0000	0.0000	0.0000	0.0000	0.0000	0.0000	0.0000	0.0000	0.0000	0.0000	0.0000	0.0000	0.0000	0.0000	0.0000	0.0015	0.0013	0.0018	0.0040	0.0052	0.0000	0.0009	0.0000	0.0020	1.0000	0.0000	-0.0000	2.0066	1.0004	2.0000	2.0077	0.0000	0.0000	0.0000	0.0000	0.0000	0.0000	0.0000	0.0000	0.0000	0.0000	0.0000	0.0000	0.0000	0.0000	0.0000	0.0000	0.0000	0.0000	0.0282	0.0240	0.0042	0.0016	0.0015	0.0001	0.0266	0.0225	0.0041	0.0268	0.0158	0.0110	0.0050	0.0039	0.0011	0.0218	0.0119	0.0099	0.0000	0.0000	0.0000	0.0000	0.0000	0.0000	0.0000	0.0000	0.0000	0.0015	0.0013	0.0018	0.0040	0.0052	0.0000	0.0009	0.0000	0.0020			
15	21	0.1700	6	0	0	0	2	0	0	0	0	N	N	N	Y	N	N	N	N	N	N	N	N	0.0000	0.0000	0.0000	0.0000	0.0000	0.0000	0.0000	0.0000	0.0000	0.0000	0.0000	0.0000	0.0000	0.0000	0.0000	0.0000	0.0000	0.0000	0.0000	0.0000	2.0066	2.0000	2.0000	1.0003	0.0000	0.0000	0.0000	0.0000	0.0000	0.0000	0.0000	0.0000	0.0000	0.0000	0.0000	0.0000	0.0000	0.0000	0.0000	0.0000	0.0000	0.0000	0.0550	0.0468	0.0082	0.0028	0.0026	0.0002	0.0522	0.0442	0.0080	0.0247	0.0144	0.0103	0.0035	0.0027	0.0008	0.0211	0.0116	0.0095	0.0000	0.0000	0.0000	0.0000	0.0000	0.0000	0.0000	0.0000	0.0000	0.0000	0.0000	0.0000	0.0000	0.0000	0.0000	0.0000	0.0000	0.0000											
15	22	0.1571	6	1	0	1	1	0	0	0	0	N	N	N	N	N	N	N	N	N	N	N	N	inf	inf	inf	inf	0.0426	0.0000	0.2417	0.0000	0.0000	0.0000	0.0730	0.0000	0.2423	0.0000	0.0000	0.0000	0.0000	0.0000	0.0000	0.0000	0.0000	0.0000	inf	0.0000	0.0000	2.0066	0.0000	2.0000	4.9921	0.0000	0.0000	0.0000	0.0000	0.0000	0.0000	0.0000	0.0000	0.0000	0.0000	0.0000	0.0000	0.0000	0.0000	0.0000	0.0000	0.0000	0.0000	0.0000	0.0000	0.0000	0.0000	0.0000	0.0000	0.0000	0.0000	0.0000	0.0413	0.0244	0.0169	0.0058	0.0048	0.0010	0.0355	0.0196	0.0159	inf	0.0000	inf	0.0000	0.0000	0.0000	inf	0.0000	inf	0.0000	0.0000	0.0000	0.0000	0.0000	0.0000	0.0000	0.0000	0.0000						
15	23	0.1409	6	0	1	0	1	0	0	0	0	N	N	N	N	N	N	N	N	N	N	N	N	inf	inf	inf	inf	0.0001	0.0001	0.0000	0.0012	0.0013	0.0000	0.0000	0.0000	0.0000	0.0000	0.0000	0.0000	0.0000	0.0000	0.0000	0.0000	0.0000	0.0000	0.0000	-0.0000	0.0000	2.0066	1.9996	2.0000	0.0142	0.0000	0.0000	0.0000	0.0000	0.0000	0.0000	0.0000	0.0000	0.0000	0.0000	0.0000	0.0000	0.0000	0.0000	0.0000	0.0000	0.0000	0.0000	0.0560	0.0479	0.0082	0.0043	0.0041	0.0002	0.0517	0.0438	0.0079	0.0169	0.0104	0.0065	0.0024	0.0020	0.0005	0.0144	0.0084	0.0060	inf	inf	0.0000	inf	inf	0.0000	0.0000	0.0000	0.0000	0.0000	0.0000	0.0000	0.0000	0.0000	0.0000	0.0000	0.0000	0.0000						
15	24	0.0828	3	0	1	0	1	0	0	0	0	N	N	N	N	N	N	N	N	N	N	N	N	inf	inf	inf	inf	0.0794	0.0933	0.0000	2.9797	3.1352	0.0000	0.0000	0.0000	0.0000	0.0000	0.0000	0.0000	0.0000	0.0000	0.0000	0.0000	0.0000	0.0000	0.0000	-0.0031	0.0000	2.0066	2.9988	2.0000	13.9984	0.0066	0.0066	0.0000	0.0066	0.0066	0.0000	0.0000	0.0000	0.0000	0.0000	0.0000	0.0000	0.0000	0.0000	0.0000	0.0000	0.0000	0.0000	0.0834	0.0710	0.0125	0.0022	0.0021	0.0001	0.0812	0.0688	0.0123	0.1301	0.0749	0.0552	0.0102	0.0082	0.0020	0.1199	0.0667	0.0532	inf	inf	0.0000	inf	inf	0.0000	0.0000	0.0000	0.0000	0.0000	0.0000	0.0000	0.0000	0.0000	0.0000	0.0000	0.0000	0.0000						
15	25	0.1246	4	1	1	0	1	0	0	0	0	N	N	N	N	N	N	N	N	N	N	N	N	0.0000	0.0000	0.0000	0.0000	0.0000	0.0000	0.0000	0.0000	0.0000	0.0000	0.0000	0.0000	0.0000	0.0000	0.0000	0.0000	0.0000	0.0000	0.0000	0.0000	2.0066	6.0000	2.0000	4.0000	0.0000	0.0000	0.0000	0.0000	0.0000	0.0000	0.0000	0.0000	0.0000	0.0000	0.0000	0.0000	0.0000	0.0000	0.0000	0.0000	0.0000	0.0000	0.1574	0.1348	0.0227	0.0124	0.0117	0.0007	0.1450	0.1230	0.0220	0.0754	0.0452	0.0302	0.0084	0.0067	0.0017	0.0670	0.0385	0.0285	0.0000	0.0000	0.0000	0.0000	0.0000	0.0000	0.0000	0.0000	0.0000	0.0000	0.0000	0.0000	0.0000	0.0000	0.0000	0.0000	0.0000	0.0000											
15	26	0.1450	7	0	1	0	1	0	0	0	0	N	N	N	N	N	N	N	N	N	N	N	N	0.0000	0.0000	0.0000	0.0000	0.0000	0.0000	0.0000	0.0000	0.0000	0.0000	0.0000	0.0000	0.0000	0.0000	0.0000	0.0000	0.0000	0.0000	0.0000	0.0000	2.0066	0.0000	2.0000	2.0002	0.0000	0.0000	0.0000	0.0000	0.0000	0.0000	0.0000	0.0000	0.0000	0.0000	0.0000	0.0000	0.0000	0.0000	0.0000	0.0000	0.0000	0.0000	0.0000	0.0000	0.0000	0.0000	0.0000	0.0000	0.0000	0.0000	0.0000	0.0168	0.0103	0.0064	0.0024	0.0020	0.0005	0.0143	0.0084	0.0060	0.0000	0.0000	0.0000	0.0000	0.0000	0.0000	0.0000	0.0000	0.0000	0.0000	0.0000	0.0000	0.0000	0.0000	0.0000	0.0000	0.0000	0.0000											
15	27	0.1392	5	1	1	0	1	0	0	0	0	N	N	N	N	N	N	N	N	N	N	N	N	0.0000	0.0000	0.0000	0.0000	0.0000	0.0000	0.0000	0.0000	0.0000	0.0000	0.0000	0.0000	0.0000	0.0000	0.0000	0.0000	0.0000	0.0000	0.0000	0.0000	2.0066	1.0000	2.0000	3.9850	0.0000	0.0000	0.0000	0.0000	0.0000	0.0000	0.0000	0.0000	0.0000	0.0000	0.0000	0.0000	0.0000	0.0000	0.0000	0.0000	0.0000	0.0000	0.0277	0.0236	0.0042	0.0010	0.0009	0.0001	0.0267	0.0226	0.0041	0.0420	0.0246	0.0175	0.0061	0.0049	0.0013	0.0359	0.0197	0.0162	0.0000	0.0000	0.0000	0.0000	0.0000	0.0000	0.0000	0.0000	0.0000	0.0000	0.0000	0.0000	0.0000	0.0000	0.0000	0.0000	0.0000	0.0000											
15	28	0.1246	4	0	1	0	1	0	0	0	0	N	N	N	N	N	N	N	N	N	N	N	N	0.0000	0.0000	0.0000	0.0000	0.0000	0.0000	0.0000	0.0000	0.0000	0.0000	0.0000	0.0000	0.0000	0.0000	0.0000	0.0000	0.0000	0.0000	0.0000	0.0000	2.0066	5.0000	2.0000	4.0000	0.0000	0.0000	0.0000	0.0000	0.0000	0.0000	0.0000	0.0000	0.0000	0.0000	0.0000	0.0000	0.0000	0.0000	0.0000	0.0000	0.0000	0.0000	0.1324	0.1133	0.0191	0.0104	0.0099	0.0006	0.1220	0.1034	0.0186	0.0684	0.0410	0.0274	0.0076	0.0061	0.0015	0.0607	0.0349	0.0258	0.0000	0.0000	0.0000	0.0000	0.0000	0.0000	0.0000	0.0000	0.0000	0.0000	0.0000	0.0000	0.0000	0.0000	0.0000	0.0000	0.0000	0.0000											
15	29	0.1246	4	0	1	0	1	0	0	0	0	N	N	N	N	N	N	N	N	N	N	N	N	0.0000	0.0000	0.0000	0.0000	0.0000	0.0000	0.0000	0.0000	0.0000	0.0000	0.0000	0.0000	0.0000	0.0000	0.0000	0.0000	0.0000	0.0000	0.0000	0.0000	2.0066	3.0000	2.0000	6.0000	0.0000	0.0000	0.0000	0.0000	0.0000	0.0000	0.0000	0.0000	0.0000	0.0000	0.0000	0.0000	0.0000	0.0000	0.0000	0.0000	0.0000	0.0000	0.0809	0.0692	0.0118	0.0064	0.0060	0.0003	0.0746	0.0631	0.0114	0.0684	0.0410	0.0274	0.0076	0.0061	0.0015	0.0607	0.0349	0.0258	0.0000	0.0000	0.0000	0.0000	0.0000	0.0000	0.0000	0.0000	0.0000	0.0000	0.0000	0.0000	0.0000	0.0000	0.0000	0.0000	0.0000	0.0000											
15	30	0.1735	7	0	1	1	2	0	0	0	0	N	N	N	Y	N	N	N	N	N	N	N	N	0.0000	0.0000	0.0000	0.0000	0.0000	0.0000	0.0000	0.0000	0.0000	0.0000	0.0000	0.0000	0.0000	0.0000	0.0000	0.0000	0.0000	0.0000	0.0000	0.0000	2.0066	0.0000	2.0000	3.0000	0.0000	0.0000	0.0000	0.0000	0.0000	0.0000	0.0000	0.0000	0.0000	0.0000	0.0000	0.0000	0.0000	0.0000	0.0000	0.0000	0.0000	0.0000	0.0000	0.0000	0.0000	0.0000	0.0000	0.0000	0.0000	0.0000	0.0000	0.0247	0.0147	0.0099	0.0076	0.0056	0.0020	0.0171	0.0091	0.0080	0.0000	0.0000	0.0000	0.0000	0.0000	0.0000	0.0000	0.0000	0.0000	0.0000	0.0000	0.0000	0.0000	0.0000	0.0000	0.0000	0.0000	0.0000											
15	31	0.1566	6	0	0	0	2	0	0	0	0	N	N	N	Y	N	N	N	N	N	N	N	N	0.0000	0.0000	0.0000	0.0000	0.0000	0.0000	0.0000	0.0000	0.0000	0.0000	0.0000	0.0000	0.0000	0.0000	0.0000	0.0000	0.0005	0.0004	0.0007	0.0009	0.0011	0.0000	0.0004	0.0000	0.0008	1.0000	0.0000	-0.0000	2.0066	0.9783	2.0000	3.0423	0.0000	0.0000	0.0000	0.0000	0.0000	0.0000	0.0000	0.0000	0.0000	0.0000	0.0000	0.0000	0.0000	0.0000	0.0000	0.0000	0.0000	0.0000	0.0286	0.0244	0.0043	0.0017	0.0017	0.0001	0.0269	0.0227	0.0042	0.0394	0.0245	0.0149	0.0115	0.0092	0.0023	0.0279	0.0154	0.0126	0.0000	0.0000	0.0000	0.0000	0.0000	0.0000	0.0000	0.0000	0.0000	0.0005	0.0004	0.0007	0.0009	0.0011	0.0000	0.0004	0.0000	0.0008			
15	32	0.0828	3	0	1	0	1	0	0	0	0	N	N	N	N	N	N	N	N	N	N	N	N	0.0041	inf	0.0000	inf	inf	0.0000	0.0000	0.0354	0.0415	0.0000	1.3401	1.4126	0.0000	0.0000	0.0000	0.0000	8.5420	0.0000	38.5636	0.0000	0.0000	0.0000	8.7928	0.0000	38.0987	0.0000	inf	-0.0031	0.4601	2.0066	6.9988	2.0000	9.0016	0.0066	0.0066	0.0000	0.0066	0.0066	0.0000	0.0000	0.0000	0.0000	1.0000	0.0000	1.0000	0.0000	0.0000	0.0000	1.0000	0.0000	1.0000	0.1872	0.1597	0.0275	0.0049	0.0047	0.0003	0.1823	0.1550	0.0273	0.1234	0.0710	0.0524	0.0096	0.0078	0.0019	0.1137	0.0632	0.0505	0.0044	inf	0.0000	inf	inf	0.0000	0.0000	0.0000	0.0000	8.1052	0.0000	19.0887	0.0000	0.0000	0.0000	8.7928	0.0000	19.7999		
15	33	0.0519	4	1	1	0	1	0	0	0	0	N	N	N	N	N	N	N	N	N	N	N	N	0.0000	0.0000	0.0000	0.0000	0.0000	0.0000	0.0000	0.0000	0.0000	0.0000	0.0000	0.0000	0.0000	0.0000	0.0000	0.0000	0.0000	0.0000	0.0000	0.0000	2.0066	0.0000	2.0000	0.0000	0.0000	0.0000	0.0000	0.0000	0.0000	0.0000	0.0000	0.0000	0.0000	0.0000	0.0000	0.0000	0.0000	0.0000	0.0000	0.0000	0.0000	0.0000	0.0000	0.0000	0.0000	0.0000	0.0000	0.0000	0.0000	0.0000	0.0000	0.0000	0.0000	0.0000	0.0000	0.0000	0.0000	0.0000	0.0000	0.0000	0.0000	0.0000	0.0000	0.0000	0.0000	0.0000	0.0000	0.0000	0.0000	0.0000	0.0000	0.0000	0.0000	0.0000	0.0000	0.0000	0.0000	0.0000											
15	34	0.1392	5	0	1	0	2	0	0	0	0	N	N	N	Y	N	N	N	N	N	N	N	N	0.0000	0.0000	0.0000	0.0000	0.0000	0.0000	0.0000	0.0000	0.0000	0.0000	0.0000	0.0000	0.0000	10.9373	18.2280	0.0000	796.2020	835.7011	0.0000	0.0000	0.0000	0.0000	0.0000	0.0000	-0.5399	2.0066	5.0000	2.0000	6.9850	0.0000	0.0000	0.0000	0.0000	0.0000	0.0000	0.0000	0.0000	0.0000	1.0000	1.0000	0.0000	1.0000	1.0000	0.0000	0.0000	0.0000	0.0000	0.1335	0.1137	0.0197	0.0048	0.0045	0.0003	0.1287	0.1092	0.0195	0.0941	0.0549	0.0393	0.0134	0.0105	0.0029	0.0808	0.0444	0.0364	0.0000	0.0000	0.0000	0.0000	0.0000	0.0000	0.0000	0.0000	0.0000	10.6236	18.2280	0.0000	74.8097	95.6309	0.0000	0.0000	0.0000	0.0000						
15	35	0.0828	3	1	1	0	1	0	0	0	0	N	N	N	N	N	N	N	N	N	N	N	N	inf	inf	inf	inf	0.1178	0.1386	0.0000	4.3541	4.5758	0.0000	0.0000	0.0000	0.0000	0.0000	0.0000	0.0000	0.0000	0.0000	0.0000	0.0000	0.0000	0.0000	0.0000	-0.0031	0.0000	2.0066	1.9985	2.0000	17.9985	0.0066	0.0066	0.0000	0.0066	0.0066	0.0000	0.0000	0.0000	0.0000	0.0000	0.0000	0.0000	0.0000	0.0000	0.0000	0.0000	0.0000	0.0000	0.0562	0.0478	0.0084	0.0015	0.0014	0.0001	0.0547	0.0463	0.0083	0.1496	0.0862	0.0634	0.0117	0.0095	0.0023	0.1378	0.0767	0.0611	inf	inf	0.0000	inf	inf	0.0000	0.0000	0.0000	0.0000	0.0000	0.0000	0.0000	0.0000	0.0000	0.0000	0.0000	0.0000	0.0000						
15	36	0.2060	6	0	0	1	1	0	0	0	0	N	N	N	N	N	N	N	N	N	N	N	N	0.0000	0.0000	0.0000	0.0000	0.0000	0.0000	0.0000	0.0000	0.0000	0.0000	0.0000	0.0000	0.0000	0.0058	0.0090	0.0000	0.0201	0.0240	0.0000	0.0000	0.0000	0.0000	0.0000	0.0000	-0.0000	2.0066	0.0001	2.0000	0.9943	0.0000	0.0000	0.0000	0.0000	0.0000	0.0000	0.0000	0.0000	0.0000	0.0001	0.0001	0.0000	0.0001	0.0001	0.0000	0.0000	0.0000	0.0000	0.0000	0.0000	0.0000	0.0000	0.0000	0.0000	0.0000	0.0000	0.0000	0.0103	0.0067	0.0036	0.0030	0.0025	0.0005	0.0074	0.0042	0.0032	0.0000	0.0000	0.0000	0.0000	0.0000	0.0000	0.0000	0.0000	0.0000	0.0058	0.0090	0.0000	0.0201	0.0240	0.0000	0.0000	0.0000	0.0000						
15	37	0.1822	6	0	1	0	1	0	0	0	0	N	N	N	N	N	N	N	N	N	N	N	N	0.0000	0.0000	0.0000	0.0000	0.0000	0.0000	0.0000	0.0000	0.0000	0.0000	0.0000	0.0000	0.0000	0.0000	0.0000	0.0000	0.0000	0.0000	0.0000	0.0000	2.0066	2.0000	2.0000	2.0000	0.0000	0.0000	0.0000	0.0000	0.0000	0.0000	0.0000	0.0000	0.0000	0.0000	0.0000	0.0000	0.0000	0.0000	0.0000	0.0000	0.0000	0.0000	0.0560	0.0476	0.0084	0.0021	0.0020	0.0001	0.0538	0.0456	0.0082	0.0343	0.0207	0.0136	0.0089	0.0070	0.0019	0.0254	0.0137	0.0117	0.0000	0.0000	0.0000	0.0000	0.0000	0.0000	0.0000	0.0000	0.0000	0.0000	0.0000	0.0000	0.0000	0.0000	0.0000	0.0000	0.0000	0.0000											
15	38	0.1414	5	1	0	1	1	0	0	0	0	N	N	N	N	N	N	N	N	N	N	N	N	inf	inf	inf	inf	0.1218	0.0000	0.8326	0.0000	0.0000	0.0000	0.1316	0.0000	0.8564	0.0000	0.0000	0.0000	0.0000	0.0000	0.0000	0.0000	0.0000	0.0000	inf	0.0036	0.0000	2.0066	2.0000	2.0000	5.0000	0.0066	0.0000	0.0066	0.0000	0.0000	0.0000	0.0066	0.0000	0.0066	0.0000	0.0000	0.0000	0.0000	0.0000	0.0000	0.0000	0.0000	0.0000	0.0544	0.0465	0.0080	0.0041	0.0038	0.0002	0.0504	0.0426	0.0077	0.0549	0.0332	0.0217	0.0071	0.0058	0.0013	0.0478	0.0274	0.0203	inf	0.0000	inf	0.0000	0.0000	0.0000	inf	0.0000	inf	0.0000	0.0000	0.0000	0.0000	0.0000	0.0000	0.0000	0.0000	0.0000						
15	39	0.1566	6	0	1	0	1	0	0	0	0	N	N	N	N	N	N	N	N	N	N	N	N	0.0000	0.0000	0.0000	0.0000	0.0000	0.0000	0.0000	0.0000	0.0000	0.0000	0.0000	0.0000	0.0000	0.0000	0.0000	0.0000	0.0004	0.0003	0.0005	0.0006	0.0008	0.0000	0.0002	0.0000	0.0005	1.0000	0.0000	-0.0000	2.0066	0.0217	2.0000	6.0735	0.0000	0.0000	0.0000	0.0000	0.0000	0.0000	0.0000	0.0000	0.0000	0.0000	0.0000	0.0000	0.0000	0.0000	0.0000	0.0000	0.0000	0.0000	0.0021	0.0018	0.0003	0.0008	0.0008	0.0000	0.0014	0.0011	0.0003	0.0558	0.0342	0.0216	0.0155	0.0121	0.0033	0.0403	0.0221	0.0183	0.0000	0.0000	0.0000	0.0000	0.0000	0.0000	0.0000	0.0000	0.0000	0.0004	0.0003	0.0005	0.0006	0.0008	0.0000	0.0002	0.0000	0.0005			
15	40	0.1392	5	0	0	0	1	0	0	0	0	N	N	N	N	N	N	N	N	N	N	N	N	0.0000	0.0000	0.0000	0.0000	0.0000	0.0000	0.0000	0.0000	0.0000	0.0000	0.0000	0.0000	0.0000	0.0000	0.0000	0.0006	0.0010	0.0000	0.0019	0.0024	0.0000	0.0003	0.0006	0.0000	0.0000	0.0000	-0.0000	2.0066	0.0217	2.0000	4.0395	0.0000	0.0000	0.0000	0.0000	0.0000	0.0000	0.0000	0.0000	0.0000	0.0000	0.0000	0.0000	0.0000	0.0000	0.0000	0.0000	0.0000	0.0000	0.0006	0.0005	0.0001	0.0000	0.0000	0.0000	0.0006	0.0005	0.0001	0.0347	0.0203	0.0144	0.0051	0.0041	0.0010	0.0296	0.0162	0.0133	0.0000	0.0000	0.0000	0.0000	0.0000	0.0000	0.0000	0.0000	0.0000	0.0006	0.0010	0.0000	0.0019	0.0024	0.0000	0.0003	0.0006	0.0000				
15	41	0.1392	5	0	1	0	2	0	0	0	0	N	N	N	Y	N	N	N	N	N	N	N	N	0.0000	0.0000	0.0000	0.0000	0.0000	0.0000	0.0000	0.0000	0.0000	0.0000	0.0000	0.0000	0.0000	0.0000	0.0000	0.0000	0.0000	0.0000	0.0000	0.0000	2.0066	0.0000	2.0000	7.0150	0.0000	0.0000	0.0000	0.0000	0.0000	0.0000	0.0000	0.0000	0.0000	0.0000	0.0000	0.0000	0.0000	0.0000	0.0000	0.0000	0.0000	0.0000	0.0000	0.0000	0.0000	0.0000	0.0000	0.0000	0.0000	0.0000	0.0000	0.0577	0.0337	0.0241	0.0083	0.0065	0.0018	0.0494	0.0271	0.0223	0.0000	0.0000	0.0000	0.0000	0.0000	0.0000	0.0000	0.0000	0.0000	0.0000	0.0000	0.0000	0.0000	0.0000	0.0000	0.0000	0.0000	0.0000											
15	42	0.1414	5	1	0	1	1	0	0	0	0	N	N	N	N	N	N	N	N	N	N	N	N	0.0000	0.0000	0.0000	0.0000	0.0000	0.0000	0.0000	0.0000	0.0000	0.0000	0.0000	0.0000	0.0000	0.0000	0.0000	0.0000	0.0000	0.0000	0.0000	0.0000	2.0066	0.0000	2.0000	0.0000	0.0000	0.0000	0.0000	0.0000	0.0000	0.0000	0.0000	0.0000	0.0000	0.0000	0.0000	0.0000	0.0000	0.0000	0.0000	0.0000	0.0000	0.0000	0.0000	0.0000	0.0000	0.0000	0.0000	0.0000	0.0000	0.0000	0.0000	0.0000	0.0000	0.0000	0.0000	0.0000	0.0000	0.0000	0.0000	0.0000	0.0000	0.0000	0.0000	0.0000	0.0000	0.0000	0.0000	0.0000	0.0000	0.0000	0.0000	0.0000	0.0000	0.0000	0.0000	0.0000	0.0000	0.0000											
15	43	0.1246	4	1	0	1	1	0	0	0	0	N	N	N	N	N	N	N	N	N	N	N	N	0.0000	0.0000	0.0000	0.0000	0.0000	0.0000	0.0000	0.0000	0.0000	0.0000	0.0000	0.0000	0.0000	0.0000	0.0000	0.0000	0.0000	0.0000	0.0000	0.0000	2.0066	1.0000	2.0000	3.0000	0.0000	0.0000	0.0000	0.0000	0.0000	0.0000	0.0000	0.0000	0.0000	0.0000	0.0000	0.0000	0.0000	0.0000	0.0000	0.0000	0.0000	0.0000	0.0275	0.0235	0.0040	0.0022	0.0020	0.0001	0.0253	0.0214	0.0039	0.0315	0.0189	0.0126	0.0035	0.0028	0.0007	0.0281	0.0161	0.0119	0.0000	0.0000	0.0000	0.0000	0.0000	0.0000	0.0000	0.0000	0.0000	0.0000	0.0000	0.0000	0.0000	0.0000	0.0000	0.0000	0.0000	0.0000											
15	44	0.1246	4	1	0	1	1	0	0	0	0	N	N	N	N	N	N	N	N	N	N	N	N	0.0067	0.0000	inf	0.0000	0.0000	inf	inf	0.2411	0.0000	1.6472	0.0000	0.0000	0.0000	0.2617	0.0000	1.6967	36.0988	52.8915	0.0000	1537.7090	1606.0113	0.0000	0.0000	0.0000	0.0000	inf	0.0000	0.0036	-0.5399	2.0066	1.0000	2.0000	3.0000	0.0066	0.0000	0.0066	0.0000	0.0000	0.0000	0.0066	0.0000	0.0066	1.0000	1.0000	0.0000	1.0000	1.0000	0.0000	0.0000	0.0000	0.0000	0.0275	0.0235	0.0040	0.0022	0.0020	0.0001	0.0253	0.0214	0.0039	0.0315	0.0189	0.0126	0.0035	0.0028	0.0007	0.0281	0.0161	0.0119	0.0076	0.0000	inf	0.0000	0.0000	0.0000	inf	0.0000	inf	31.7014	52.8915	0.0000	286.9633	358.3047	0.0000	0.0000	0.0000	0.0000		
15	45	0.1822	6	0	0	1	1	0	0	0	0	N	N	N	N	N	N	N	N	N	N	N	N	0.0000	0.0000	0.0000	0.0000	0.0000	0.0000	0.0000	0.0000	0.0000	0.0000	0.0000	0.0000	0.0000	0.0000	0.0000	0.0000	0.0000	0.0000	0.0000	0.0000	2.0066	0.0000	2.0000	0.0000	0.0000	0.0000	0.0000	0.0000	0.0000	0.0000	0.0000	0.0000	0.0000	0.0000	0.0000	0.0000	0.0000	0.0000	0.0000	0.0000	0.0000	0.0000	0.0000	0.0000	0.0000	0.0000	0.0000	0.0000	0.0000	0.0000	0.0000	0.0000	0.0000	0.0000	0.0000	0.0000	0.0000	0.0000	0.0000	0.0000	0.0000	0.0000	0.0000	0.0000	0.0000	0.0000	0.0000	0.0000	0.0000	0.0000	0.0000	0.0000	0.0000	0.0000	0.0000	0.0000	0.0000	0.0000											
15	46	0.1392	5	0	0	0	1	0	0	0	0	N	N	N	N	N	N	N	N	N	N	N	N	0.0000	0.0000	0.0000	0.0000	0.0000	0.0000	0.0000	0.0000	0.0000	0.0000	0.0000	0.0000	0.0000	0.0000	0.0000	0.0000	0.0000	0.0000	0.0000	0.0000	2.0066	4.0000	2.0000	5.9850	0.0000	0.0000	0.0000	0.0000	0.0000	0.0000	0.0000	0.0000	0.0000	0.0000	0.0000	0.0000	0.0000	0.0000	0.0000	0.0000	0.0000	0.0000	0.1078	0.0918	0.0160	0.0039	0.0036	0.0002	0.1039	0.0881	0.0158	0.0798	0.0465	0.0333	0.0114	0.0089	0.0025	0.0685	0.0376	0.0309	0.0000	0.0000	0.0000	0.0000	0.0000	0.0000	0.0000	0.0000	0.0000	0.0000	0.0000	0.0000	0.0000	0.0000	0.0000	0.0000	0.0000	0.0000											
15	47	0.2102	7	0	1	0	1	0	0	0	0	N	N	N	N	N	N	N	N	N	N	N	N	0.0000	0.0000	0.0000	0.0000	0.0000	0.0000	0.0000	0.0000	0.0000	0.0000	0.0000	0.0000	0.0000	0.0000	0.0000	0.0000	0.0000	0.0000	0.0000	0.0000	2.0066	0.0000	2.0000	0.0000	0.0000	0.0000	0.0000	0.0000	0.0000	0.0000	0.0000	0.0000	0.0000	0.0000	0.0000	0.0000	0.0000	0.0000	0.0000	0.0000	0.0000	0.0000	0.0000	0.0000	0.0000	0.0000	0.0000	0.0000	0.0000	0.0000	0.0000	0.0000	0.0000	0.0000	0.0000	0.0000	0.0000	0.0000	0.0000	0.0000	0.0000	0.0000	0.0000	0.0000	0.0000	0.0000	0.0000	0.0000	0.0000	0.0000	0.0000	0.0000	0.0000	0.0000	0.0000	0.0000	0.0000	0.0000											
15	48	0.1571	6	1	1	1	1	0	0	0	0	N	N	N	N	N	N	N	N	N	N	N	N	inf	inf	inf	inf	0.0426	0.0000	0.2417	0.0000	0.0000	0.0000	0.0730	0.0000	0.2423	0.0000	0.0000	0.0000	0.0000	0.0000	0.0000	0.0000	0.0000	0.0000	inf	0.0000	0.0000	2.0066	0.0000	2.0000	2.0152	0.0000	0.0000	0.0000	0.0000	0.0000	0.0000	0.0000	0.0000	0.0000	0.0000	0.0000	0.0000	0.0000	0.0000	0.0000	0.0000	0.0000	0.0000	0.0000	0.0000	0.0000	0.0000	0.0000	0.0000	0.0000	0.0000	0.0000	0.0176	0.0105	0.0071	0.0026	0.0022	0.0004	0.0149	0.0083	0.0066	inf	0.0000	inf	0.0000	0.0000	0.0000	inf	0.0000	inf	0.0000	0.0000	0.0000	0.0000	0.0000	0.0000	0.0000	0.0000	0.0000						
15	49	0.1529	5	1	0	1	1	0	0	0	0	N	N	N	N	N	N	N	N	N	N	N	N	inf	inf	inf	inf	inf	inf	inf	inf	0.0438	0.0018	0.2494	0.0105	0.0035	0.9157	0.0676	0.0000	0.2367	0.0000	0.0000	0.0000	0.0000	0.0000	0.0000	0.0000	0.0000	0.0000	29.0078	0.0000	0.0000	2.0066	0.0003	2.0000	1.0311	0.0000	0.0000	0.0000	0.0000	0.0000	0.0000	0.0000	0.0000	0.0000	0.0000	0.0000	0.0000	0.0000	0.0000	0.0000	0.0000	0.0000	0.0000	0.0000	0.0000	0.0000	0.0000	0.0000	0.0000	0.0000	0.0000	0.0000	0.0091	0.0055	0.0036	0.0014	0.0012	0.0002	0.0078	0.0043	0.0034	inf	inf	inf	inf	inf	inf	inf	0.0000	inf	0.0000	0.0000	0.0000	0.0000	0.0000	0.0000	0.0000	0.0000	0.0000		
15	50	0.1529	5	1	1	1	1	0	0	0	0	N	N	N	N	N	N	N	N	N	N	N	N	inf	inf	inf	inf	inf	inf	0.0426	0.0000	0.2508	0.0070	0.0000	0.9198	0.0683	0.0000	0.2380	0.0000	0.0000	0.0000	0.0000	0.0000	0.0000	0.0000	0.0000	0.0000	inf	0.0000	0.0000	2.0066	0.0003	2.0000	1.0126	0.0000	0.0000	0.0000	0.0000	0.0000	0.0000	0.0000	0.0000	0.0000	0.0000	0.0000	0.0000	0.0000	0.0000	0.0000	0.0000	0.0000	0.0000	0.0000	0.0000	0.0000	0.0000	0.0000	0.0000	0.0000	0.0000	0.0000	0.0090	0.0054	0.0036	0.0013	0.0011	0.0002	0.0076	0.0043	0.0034	inf	0.0000	inf	inf	0.0000	inf	inf	0.0000	inf	0.0000	0.0000	0.0000	0.0000	0.0000	0.0000	0.0000	0.0000	0.0000				
15	51	0.1821	4	1	1	0	1	0	0	0	0	N	N	N	N	N	N	N	N	N	N	N	N	0.0000	0.0000	0.0000	0.0000	0.0000	0.0000	0.0000	0.0000	0.0000	0.0000	0.0000	0.0000	0.0000	0.0000	0.0000	0.0000	0.0000	0.0000	0.0000	0.0000	2.0066	0.0000	2.0000	1.0000	0.0000	0.0000	0.0000	0.0000	0.0000	0.0000	0.0000	0.0000	0.0000	0.0000	0.0000	0.0000	0.0000	0.0000	0.0000	0.0000	0.0000	0.0000	0.0000	0.0000	0.0000	0.0000	0.0000	0.0000	0.0000	0.0000	0.0000	0.0087	0.0053	0.0034	0.0018	0.0014	0.0003	0.0069	0.0038	0.0031	0.0000	0.0000	0.0000	0.0000	0.0000	0.0000	0.0000	0.0000	0.0000	0.0000	0.0000	0.0000	0.0000	0.0000	0.0000	0.0000	0.0000	0.0000											
15	52	0.1782	7	0	1	0	2	0	0	0	0	N	N	N	Y	N	N	N	N	N	N	N	N	0.0000	0.0000	0.0000	0.0000	0.0000	0.0000	0.0000	0.0000	0.0000	0.0000	0.0000	0.0000	0.0000	0.0000	0.0000	0.0000	0.0000	0.0000	0.0000	0.0000	2.0066	0.9995	2.0000	1.0399	0.0000	0.0000	0.0000	0.0000	0.0000	0.0000	0.0000	0.0000	0.0000	0.0000	0.0000	0.0000	0.0000	0.0000	0.0000	0.0000	0.0000	0.0000	0.0278	0.0236	0.0041	0.0014	0.0013	0.0001	0.0264	0.0223	0.0041	0.0233	0.0159	0.0075	0.0062	0.0056	0.0007	0.0171	0.0103	0.0068	0.0000	0.0000	0.0000	0.0000	0.0000	0.0000	0.0000	0.0000	0.0000	0.0000	0.0000	0.0000	0.0000	0.0000	0.0000	0.0000	0.0000	0.0000											
15	53	0.1782	7	0	0	0	2	0	0	0	0	N	N	N	Y	N	N	N	N	N	N	N	N	0.0000	0.0000	0.0000	0.0000	0.0000	0.0000	0.0000	0.0000	0.0000	0.0000	0.0000	0.0000	0.0000	0.0000	0.0000	0.0000	0.0000	0.0000	0.0000	0.0000	2.0066	3.0005	2.0000	1.0125	0.0000	0.0000	0.0000	0.0000	0.0000	0.0000	0.0000	0.0000	0.0000	0.0000	0.0000	0.0000	0.0000	0.0000	0.0000	0.0000	0.0000	0.0000	0.0817	0.0696	0.0121	0.0042	0.0039	0.0002	0.0775	0.0657	0.0119	0.0392	0.0252	0.0140	0.0091	0.0078	0.0013	0.0301	0.0174	0.0127	0.0000	0.0000	0.0000	0.0000	0.0000	0.0000	0.0000	0.0000	0.0000	0.0000	0.0000	0.0000	0.0000	0.0000	0.0000	0.0000	0.0000	0.0000											
15	54	0.1700	6	0	0	0	2	0	0	0	0	N	N	N	Y	N	N	N	N	N	N	N	N	0.0000	0.0000	0.0000	0.0000	0.0000	0.0000	0.0000	0.0000	0.0000	0.0000	0.0000	0.0000	0.0000	0.0000	0.0000	0.0000	0.0000	0.0000	0.0000	0.0000	2.0066	0.0013	2.0000	1.9704	0.0000	0.0000	0.0000	0.0000	0.0000	0.0000	0.0000	0.0000	0.0000	0.0000	0.0000	0.0000	0.0000	0.0000	0.0000	0.0000	0.0000	0.0000	0.0000	0.0000	0.0000	0.0000	0.0000	0.0000	0.0000	0.0000	0.0000	0.0164	0.0095	0.0068	0.0024	0.0018	0.0005	0.0140	0.0077	0.0063	0.0000	0.0000	0.0000	0.0000	0.0000	0.0000	0.0000	0.0000	0.0000	0.0000	0.0000	0.0000	0.0000	0.0000	0.0000	0.0000	0.0000	0.0000											
15	55	0.1392	5	0	0	0	2	0	0	0	0	N	N	N	Y	N	N	N	N	N	N	N	N	0.0000	0.0000	0.0000	0.0000	0.0000	0.0000	0.0000	0.0000	0.0000	0.0000	0.0000	0.0000	0.0000	0.0000	0.0000	0.0000	0.0000	0.0000	0.0000	0.0000	2.0066	3.0000	2.0000	4.0155	0.0000	0.0000	0.0000	0.0000	0.0000	0.0000	0.0000	0.0000	0.0000	0.0000	0.0000	0.0000	0.0000	0.0000	0.0000	0.0000	0.0000	0.0000	0.0816	0.0695	0.0122	0.0029	0.0028	0.0002	0.0787	0.0667	0.0120	0.0577	0.0337	0.0241	0.0083	0.0065	0.0018	0.0494	0.0271	0.0223	0.0000	0.0000	0.0000	0.0000	0.0000	0.0000	0.0000	0.0000	0.0000	0.0000	0.0000	0.0000	0.0000	0.0000	0.0000	0.0000	0.0000	0.0000											
15	56	0.1435	6	0	1	1	1	0	0	0	0	N	N	N	N	N	N	N	N	N	N	N	N	0.0000	0.0000	0.0000	0.0000	0.0003	0.0003	0.0000	0.0031	0.0033	0.0000	0.0000	0.0000	0.0000	13.1722	19.9488	0.0000	595.0361	620.5011	0.0000	0.0000	0.0000	0.0000	0.0000	0.0000	-0.0000	-0.5384	2.0066	2.0013	2.0000	5.6727	0.0000	0.0000	0.0000	0.0000	0.0000	0.0000	0.0000	0.0000	0.0000	0.9972	0.9972	0.0000	0.9972	0.9972	0.0000	0.0000	0.0000	0.0000	0.0548	0.0468	0.0080	0.0044	0.0042	0.0002	0.0504	0.0426	0.0078	0.0757	0.0500	0.0257	0.0174	0.0155	0.0019	0.0583	0.0345	0.0239	0.0000	0.0000	0.0000	0.0001	0.0001	0.0000	0.0000	0.0000	0.0000	13.1722	19.9488	0.0000	57.3994	64.2481	0.0000	0.0000	0.0000	0.0000					
15	57	0.1397	5	0	1	0	1	0	0	0	0	N	N	N	N	N	N	N	N	N	N	N	N	0.9967	0.0355	19.6035	0.0117	0.0127	8.2004	18.1641	0.1116	0.0047	0.8467	0.0212	0.0216	0.0000	0.1335	0.0000	0.8678	0.1120	0.1338	0.0432	1.8187	1.7017	0.0000	0.0163	0.0000	0.0478	25.9269	0.1026	0.0000	-0.0014	2.0066	0.0033	2.0000	1.3874	0.0000	0.0000	0.0000	0.0000	0.0000	0.0000	0.0000	0.0000	0.0000	0.0031	0.0028	0.0003	0.0028	0.0028	0.0000	0.0003	0.0000	0.0003	0.0001	0.0001	0.0000	0.0000	0.0000	0.0000	0.0001	0.0001	0.0000	0.0278	0.0211	0.0067	0.0100	0.0096	0.0004	0.0178	0.0114	0.0063	0.9967	0.0355	19.6035	0.0753	0.0736	0.0000	8.2004	0.0000	18.9495	0.1120	0.1338	0.0432	0.2820	0.2932	0.0000	0.0163	0.0000	0.0458		
15	58	0.1246	4	1	0	1	1	0	0	0	0	N	N	N	N	N	N	N	N	N	N	N	N	0.0000	0.0000	0.0000	0.0000	0.0000	0.0000	0.0000	0.0000	0.0000	0.0000	0.0000	0.0000	0.0000	0.0000	0.0000	0.0000	0.0000	0.0000	0.0000	0.0000	2.0066	0.0000	2.0000	2.0000	0.0000	0.0000	0.0000	0.0000	0.0000	0.0000	0.0000	0.0000	0.0000	0.0000	0.0000	0.0000	0.0000	0.0000	0.0000	0.0000	0.0000	0.0000	0.0000	0.0000	0.0000	0.0000	0.0000	0.0000	0.0000	0.0000	0.0000	0.0160	0.0096	0.0064	0.0018	0.0014	0.0004	0.0143	0.0082	0.0061	0.0000	0.0000	0.0000	0.0000	0.0000	0.0000	0.0000	0.0000	0.0000	0.0000	0.0000	0.0000	0.0000	0.0000	0.0000	0.0000	0.0000	0.0000											
15	59	0.1397	5	0	1	0	1	0	0	0	0	N	N	N	N	N	N	N	N	N	N	N	N	0.0020	inf	0.0000	inf	inf	0.0000	0.0000	0.0000	0.0000	0.0000	0.0001	0.0001	0.0000	0.0000	0.0000	0.0000	0.0050	0.0000	0.0153	0.0000	0.0000	0.0000	0.0066	0.0000	0.0164	0.0000	inf	-0.0000	0.0001	2.0066	1.9997	2.0000	3.4660	0.0000	0.0000	0.0000	0.0000	0.0000	0.0000	0.0000	0.0000	0.0000	0.0003	0.0000	0.0003	0.0000	0.0000	0.0000	0.0003	0.0000	0.0003	0.0545	0.0465	0.0079	0.0043	0.0041	0.0002	0.0502	0.0425	0.0077	0.0582	0.0393	0.0190	0.0141	0.0128	0.0013	0.0441	0.0265	0.0176	0.0020	inf	0.0000	inf	inf	0.0000	0.0000	0.0000	0.0000	0.0050	0.0000	0.0153	0.0000	0.0000	0.0000	0.0066	0.0000	0.0164		
15	60	0.1246	4	0	1	0	1	0	0	0	0	N	N	N	N	N	N	N	N	N	N	N	N	3.7587	0.0000	inf	0.0000	0.0000	inf	inf	0.0382	0.0000	0.2602	0.0000	0.0000	0.0000	0.0415	0.0000	0.2680	0.0102	0.0170	0.0000	0.1230	0.1839	0.0000	0.0000	0.0000	0.0000	inf	0.0000	0.0000	-0.0002	2.0066	0.0005	2.0000	3.6054	0.0000	0.0000	0.0000	0.0000	0.0000	0.0000	0.0000	0.0000	0.0000	0.0003	0.0003	0.0000	0.0003	0.0003	0.0000	0.0000	0.0000	0.0000	0.0000	0.0000	0.0000	0.0000	0.0000	0.0000	0.0000	0.0000	0.0000	0.0285	0.0171	0.0114	0.0031	0.0025	0.0006	0.0254	0.0146	0.0108	3.7587	0.0000	inf	0.0000	0.0000	0.0000	inf	0.0000	inf	0.0102	0.0170	0.0000	0.0921	0.1150	0.0000	0.0000	0.0000	0.0000		
15	61	0.2102	7	0	0	1	1	0	0	0	0	N	N	N	N	N	N	N	N	N	N	N	N	0.0000	0.0000	0.0000	0.0000	0.0000	0.0000	0.0000	0.0000	0.0000	0.0000	0.0000	0.0000	0.0000	0.0000	0.0000	0.0000	0.0000	0.0000	0.0000	0.0000	2.0066	0.0000	2.0000	1.0000	0.0000	0.0000	0.0000	0.0000	0.0000	0.0000	0.0000	0.0000	0.0000	0.0000	0.0000	0.0000	0.0000	0.0000	0.0000	0.0000	0.0000	0.0000	0.0000	0.0000	0.0000	0.0000	0.0000	0.0000	0.0000	0.0000	0.0000	0.0081	0.0048	0.0033	0.0019	0.0014	0.0005	0.0062	0.0034	0.0028	0.0000	0.0000	0.0000	0.0000	0.0000	0.0000	0.0000	0.0000	0.0000	0.0000	0.0000	0.0000	0.0000	0.0000	0.0000	0.0000	0.0000	0.0000											
15	62	0.2060	6	0	0	0	1	0	0	0	0	N	N	N	N	N	N	N	N	N	N	N	N	0.0000	0.0000	0.0000	0.0000	0.0000	0.0000	0.0000	0.0000	0.0000	0.0000	0.0000	0.0000	0.0000	0.0057	0.0089	0.0000	0.0200	0.0238	0.0000	0.0000	0.0000	0.0000	0.0000	0.0000	-0.0000	2.0066	0.0001	2.0000	1.0076	0.0000	0.0000	0.0000	0.0000	0.0000	0.0000	0.0000	0.0000	0.0000	0.0001	0.0001	0.0000	0.0001	0.0001	0.0000	0.0000	0.0000	0.0000	0.0000	0.0000	0.0000	0.0000	0.0000	0.0000	0.0000	0.0000	0.0000	0.0105	0.0068	0.0037	0.0030	0.0025	0.0005	0.0074	0.0042	0.0032	0.0000	0.0000	0.0000	0.0000	0.0000	0.0000	0.0000	0.0000	0.0000	0.0057	0.0089	0.0000	0.0200	0.0238	0.0000	0.0000	0.0000	0.0000						
15	63	0.1392	5	0	0	0	1	0	0	0	0	N	N	N	N	N	N	N	N	N	N	N	N	0.0000	0.0000	0.0000	0.0000	0.0000	0.0000	0.0000	0.0000	0.0000	0.0000	0.0000	0.0000	0.0000	8.8437	14.8827	0.0000	663.4091	701.3105	0.0000	0.0000	0.0000	0.0000	0.0000	0.0000	-0.5399	2.0066	11.9999	2.0000	3.0574	0.0000	0.0000	0.0000	0.0000	0.0000	0.0000	0.0000	0.0000	0.0000	0.9999	0.9999	0.0000	0.9999	0.9999	0.0000	0.0000	0.0000	0.0000	0.3005	0.2571	0.0433	0.0111	0.0105	0.0007	0.2893	0.2467	0.0426	0.1152	0.0672	0.0480	0.0163	0.0127	0.0036	0.0989	0.0544	0.0444	0.0000	0.0000	0.0000	0.0000	0.0000	0.0000	0.0000	0.0000	0.0000	8.6793	14.8827	0.0000	61.2207	78.4274	0.0000	0.0000	0.0000	0.0000						
15	64	0.1246	4	1	1	0	1	0	0	0	0	N	N	N	N	N	N	N	N	N	N	N	N	0.0000	0.0000	0.0000	0.0000	0.0000	0.0000	0.0000	0.0000	0.0000	0.0000	0.0000	0.0000	0.0000	0.0000	0.0000	0.0000	0.0000	0.0000	0.0000	0.0000	2.0066	4.0000	2.0000	3.0000	0.0000	0.0000	0.0000	0.0000	0.0000	0.0000	0.0000	0.0000	0.0000	0.0000	0.0000	0.0000	0.0000	0.0000	0.0000	0.0000	0.0000	0.0000	0.1069	0.0914	0.0155	0.0084	0.0080	0.0005	0.0985	0.0835	0.0150	0.0540	0.0324	0.0216	0.0060	0.0048	0.0012	0.0480	0.0276	0.0204	0.0000	0.0000	0.0000	0.0000	0.0000	0.0000	0.0000	0.0000	0.0000	0.0000	0.0000	0.0000	0.0000	0.0000	0.0000	0.0000	0.0000	0.0000											
15	65	0.0828	3	0	0	0	1	0	0	0	0	N	N	N	N	N	N	N	N	N	N	N	N	inf	inf	inf	inf	0.0002	0.0000	0.0011	0.0000	0.0000	0.0000	0.0002	0.0000	0.0011	0.0000	0.0000	0.0000	0.0000	0.0000	0.0000	0.0000	0.0000	0.0000	inf	0.0000	0.0000	2.0066	2.0015	2.0000	10.0016	0.0000	0.0000	0.0000	0.0000	0.0000	0.0000	0.0000	0.0000	0.0000	0.0000	0.0000	0.0000	0.0000	0.0000	0.0000	0.0000	0.0000	0.0000	0.0563	0.0478	0.0084	0.0015	0.0014	0.0001	0.0547	0.0464	0.0084	0.0955	0.0548	0.0406	0.0074	0.0060	0.0014	0.0880	0.0489	0.0392	inf	0.0000	inf	0.0000	0.0000	0.0000	inf	0.0000	inf	0.0000	0.0000	0.0000	0.0000	0.0000	0.0000	0.0000	0.0000	0.0000						
15	67	0.2376	5	0	0	0	1	0	0	0	0	N	N	N	N	N	N	N	N	N	N	N	N	0.0263	0.0011	inf	0.0034	0.0021	inf	0.2368	0.0000	inf	0.0013	0.0001	0.0092	0.0006	0.0005	0.0021	0.0014	0.0000	0.0094	0.0499	0.0714	0.0000	0.1757	0.2568	0.0000	0.0060	0.0102	0.0000	19.1408	0.0000	0.0001	-0.0066	2.0066	4.8614	2.0000	14.2102	0.0002	0.0000	0.0002	0.0000	0.0000	0.0000	0.0002	0.0000	0.0002	0.0123	0.0123	0.0000	0.0114	0.0114	0.0000	0.0008	0.0008	0.0000	0.1537	0.1329	0.0208	0.0189	0.0183	0.0005	0.1348	0.1145	0.0203	0.2463	0.1720	0.0743	0.1037	0.0883	0.0154	0.1426	0.0837	0.0589	0.0263	0.0011	inf	0.0053	0.0042	inf	0.2368	0.0000	inf	0.0499	0.0714	0.0000	0.1103	0.1295	0.0000	0.0060	0.0102	0.0000
15	68	0.1585	7	1	1	1	1	0	0	0	0	N	N	N	N	N	N	N	N	N	N	N	N	0.0000	0.0000	0.0000	0.0000	0.0000	0.0000	0.0000	0.0000	0.0000	0.0000	0.0000	0.0000	0.0000	0.0000	0.0000	0.0000	0.0000	0.0000	0.0000	0.0000	2.0066	0.0000	2.0000	0.0000	0.0000	0.0000	0.0000	0.0000	0.0000	0.0000	0.0000	0.0000	0.0000	0.0000	0.0000	0.0000	0.0000	0.0000	0.0000	0.0000	0.0000	0.0000	0.0000	0.0000	0.0000	0.0000	0.0000	0.0000	0.0000	0.0000	0.0000	0.0000	0.0000	0.0000	0.0000	0.0000	0.0000	0.0000	0.0000	0.0000	0.0000	0.0000	0.0000	0.0000	0.0000	0.0000	0.0000	0.0000	0.0000	0.0000	0.0000	0.0000	0.0000	0.0000	0.0000	0.0000	0.0000	0.0000											
15	69	0.1543	6	1	0	1	1	0	0	0	0	N	N	N	N	N	N	N	N	N	N	N	N	inf	inf	inf	inf	0.0336	0.0405	0.0000	0.0849	0.0852	0.0000	0.0000	0.0000	0.0000	0.0000	0.0000	0.0000	0.0000	0.0000	0.0000	0.0000	0.0000	0.0000	0.0000	-0.0000	0.0000	2.0066	0.0016	2.0000	0.9826	0.0000	0.0000	0.0000	0.0000	0.0000	0.0000	0.0000	0.0000	0.0000	0.0000	0.0000	0.0000	0.0000	0.0000	0.0000	0.0000	0.0000	0.0000	0.0002	0.0002	0.0000	0.0001	0.0001	0.0000	0.0001	0.0001	0.0000	0.0087	0.0053	0.0034	0.0016	0.0013	0.0002	0.0071	0.0040	0.0031	inf	inf	0.0000	inf	inf	0.0000	0.0000	0.0000	0.0000	0.0000	0.0000	0.0000	0.0000	0.0000	0.0000	0.0000	0.0000	0.0000						
15	70	0.1416	5	1	0	1	1	0	0	0	0	N	N	N	N	N	N	N	N	N	N	N	N	38.7687	inf	128.3326	inf	inf	47.4834	121.3798	0.0145	0.0002	0.1253	0.0005	0.0005	0.0000	0.0216	0.0000	0.1272	0.0004	0.0000	0.0010	0.0000	0.0000	0.0000	0.0005	0.0000	0.0010	92.0847	inf	0.0000	0.0000	2.0066	0.0061	2.0000	3.0249	0.0000	0.0000	0.0000	0.0000	0.0000	0.0000	0.0000	0.0000	0.0000	0.0000	0.0000	0.0000	0.0000	0.0000	0.0000	0.0000	0.0000	0.0000	0.0004	0.0004	0.0000	0.0001	0.0001	0.0000	0.0003	0.0002	0.0000	0.0266	0.0164	0.0102	0.0046	0.0039	0.0007	0.0220	0.0125	0.0095	38.7687	inf	128.3326	inf	inf	0.0000	47.4834	0.0000	121.3798	0.0004	0.0000	0.0010	0.0000	0.0000	0.0000	0.0005	0.0000	0.0010		
15	71	0.1246	4	1	0	1	1	0	0	0	0	N	N	N	N	N	N	N	N	N	N	N	N	1.7104	0.0000	inf	0.0000	0.0000	inf	inf	0.0005	0.0000	0.0037	0.0000	0.0000	0.0000	0.0006	0.0000	0.0038	0.0003	0.0005	0.0000	0.0028	0.0036	0.0000	0.0000	0.0000	0.0000	inf	0.0000	0.0000	-0.0000	2.0066	0.0044	2.0000	4.0281	0.0000	0.0000	0.0000	0.0000	0.0000	0.0000	0.0000	0.0000	0.0000	0.0000	0.0000	0.0000	0.0000	0.0000	0.0000	0.0000	0.0000	0.0000	0.0001	0.0001	0.0000	0.0000	0.0000	0.0000	0.0001	0.0001	0.0000	0.0318	0.0191	0.0127	0.0035	0.0028	0.0007	0.0283	0.0162	0.0120	1.7104	0.0000	inf	0.0000	0.0000	0.0000	inf	0.0000	inf	0.0003	0.0005	0.0000	0.0028	0.0036	0.0000	0.0000	0.0000	0.0000		
15	72	0.0828	3	0	1	0	1	0	0	0	0	N	N	N	N	N	N	N	N	N	N	N	N	inf	inf	inf	inf	0.0409	0.0480	0.0000	1.5493	1.6326	0.0000	0.0000	0.0000	0.0000	0.0000	0.0000	0.0000	0.0000	0.0000	0.0000	0.0000	0.0000	0.0000	0.0000	-0.0031	0.0000	2.0066	5.9987	2.0000	11.0016	0.0066	0.0066	0.0000	0.0066	0.0066	0.0000	0.0000	0.0000	0.0000	0.0000	0.0000	0.0000	0.0000	0.0000	0.0000	0.0000	0.0000	0.0000	0.1620	0.1381	0.0239	0.0043	0.0041	0.0002	0.1577	0.1340	0.0237	0.1301	0.0749	0.0552	0.0102	0.0082	0.0020	0.1199	0.0667	0.0532	inf	inf	0.0000	inf	inf	0.0000	0.0000	0.0000	0.0000	0.0000	0.0000	0.0000	0.0000	0.0000	0.0000	0.0000	0.0000	0.0000						
15	73	0.1246	4	1	0	1	1	0	0	0	0	N	N	N	N	N	N	N	N	N	N	N	N	inf	inf	inf	inf	0.1217	0.0000	0.8343	0.0000	0.0000	0.0000	0.1321	0.0000	0.8595	0.0000	0.0000	0.0000	0.0000	0.0000	0.0000	0.0000	0.0000	0.0000	inf	0.0036	0.0000	2.0066	2.0000	2.0000	5.0000	0.0066	0.0000	0.0066	0.0000	0.0000	0.0000	0.0066	0.0000	0.0066	0.0000	0.0000	0.0000	0.0000	0.0000	0.0000	0.0000	0.0000	0.0000	0.0545	0.0465	0.0079	0.0043	0.0041	0.0002	0.0502	0.0425	0.0077	0.0540	0.0324	0.0216	0.0060	0.0048	0.0012	0.0480	0.0276	0.0204	inf	0.0000	inf	0.0000	0.0000	0.0000	inf	0.0000	inf	0.0000	0.0000	0.0000	0.0000	0.0000	0.0000	0.0000	0.0000	0.0000						
15	74	0.1245	5	0	1	0	1	0	0	0	0	N	N	N	N	N	N	N	N	N	N	N	N	1.3606	0.0000	4.1196	0.0053	0.0000	0.0370	2.6305	7.3505	0.0019	0.0000	0.0127	0.0000	0.0000	0.0008	0.0020	0.0000	0.0128	0.0014	0.0003	0.0031	0.0047	0.0014	0.0210	0.0008	0.0000	0.0017	inf	6.3333	0.0002	0.0001	2.0066	6.1274	2.0000	13.6208	0.0003	0.0000	0.0003	0.0000	0.0000	0.0000	0.0003	0.0000	0.0003	0.0002	0.0000	0.0002	0.0001	0.0000	0.0001	0.0001	0.0000	0.0001	0.1718	0.1464	0.0254	0.0080	0.0077	0.0003	0.1638	0.1386	0.0252	0.1590	0.0975	0.0615	0.0257	0.0214	0.0043	0.1333	0.0761	0.0572	1.3606	0.0000	4.1196	0.0053	0.0000	0.0370	2.6305	0.0000	7.3505	0.0014	0.0003	0.0031	0.0047	0.0014	0.0210	0.0008	0.0000	0.0017	
15	75	0.1491	8	0	0	1	1	0	0	0	0	N	N	N	N	N	N	N	N	N	N	N	N	0.0000	0.0000	0.0000	0.0000	0.0000	0.0000	0.0000	0.0000	0.0000	0.0000	0.0000	0.0000	0.0000	0.0000	0.0000	0.0000	0.0000	0.0000	0.0000	0.0000	2.0066	0.0000	2.0000	1.0003	0.0000	0.0000	0.0000	0.0000	0.0000	0.0000	0.0000	0.0000	0.0000	0.0000	0.0000	0.0000	0.0000	0.0000	0.0000	0.0000	0.0000	0.0000	0.0000	0.0000	0.0000	0.0000	0.0000	0.0000	0.0000	0.0000	0.0000	0.0086	0.0053	0.0033	0.0012	0.0010	0.0002	0.0073	0.0043	0.0031	0.0000	0.0000	0.0000	0.0000	0.0000	0.0000	0.0000	0.0000	0.0000	0.0000	0.0000	0.0000	0.0000	0.0000	0.0000	0.0000	0.0000	0.0000											
15	76	0.1450	7	0	0	1	1	0	0	0	0	N	N	N	N	N	N	N	N	N	N	N	N	0.0000	0.0000	0.0000	0.0000	0.0000	0.0000	0.0000	0.0000	0.0000	0.0000	0.0000	0.0000	0.0000	0.0000	0.0000	0.0000	0.0000	0.0000	0.0000	0.0000	2.0066	0.0000	2.0000	1.0076	0.0000	0.0000	0.0000	0.0000	0.0000	0.0000	0.0000	0.0000	0.0000	0.0000	0.0000	0.0000	0.0000	0.0000	0.0000	0.0000	0.0000	0.0000	0.0000	0.0000	0.0000	0.0000	0.0000	0.0000	0.0000	0.0000	0.0000	0.0086	0.0053	0.0033	0.0013	0.0010	0.0002	0.0073	0.0043	0.0030	0.0000	0.0000	0.0000	0.0000	0.0000	0.0000	0.0000	0.0000	0.0000	0.0000	0.0000	0.0000	0.0000	0.0000	0.0000	0.0000	0.0000	0.0000											
15	77	0.1409	6	0	0	0	1	0	0	0	0	N	N	N	N	N	N	N	N	N	N	N	N	inf	inf	inf	inf	0.0215	0.0248	0.0000	0.0578	0.0580	0.0000	0.0000	0.0000	0.0000	0.0000	0.0000	0.0000	0.0000	0.0000	0.0000	0.0000	0.0000	0.0000	0.0000	-0.0000	0.0000	2.0066	0.0026	2.0000	0.9924	0.0000	0.0000	0.0000	0.0000	0.0000	0.0000	0.0000	0.0000	0.0000	0.0000	0.0000	0.0000	0.0000	0.0000	0.0000	0.0000	0.0000	0.0000	0.0002	0.0002	0.0000	0.0001	0.0001	0.0000	0.0002	0.0001	0.0000	0.0084	0.0052	0.0032	0.0012	0.0010	0.0002	0.0072	0.0042	0.0030	inf	inf	0.0000	inf	inf	0.0000	0.0000	0.0000	0.0000	0.0000	0.0000	0.0000	0.0000	0.0000	0.0000	0.0000	0.0000	0.0000						
15	78	0.1245	5	0	0	0	1	0	0	0	0	N	N	N	N	N	N	N	N	N	N	N	N	15.9800	89.6044	0.0018	95.2545	349.7537	0.0000	0.0012	0.0032	0.0724	0.0852	0.0000	1.0756	1.0987	0.0000	0.0000	0.0000	0.0000	0.0045	0.0010	0.0112	0.0113	0.0031	0.0836	0.0026	0.0000	0.0063	0.0000	6.3333	-0.0029	0.0001	2.0066	2.8733	2.0000	1.5522	0.0063	0.0063	0.0000	0.0063	0.0063	0.0000	0.0000	0.0000	0.0000	0.0002	0.0000	0.0002	0.0001	0.0000	0.0001	0.0001	0.0000	0.0001	0.0871	0.0740	0.0131	0.0059	0.0057	0.0001	0.0812	0.0683	0.0130	0.0486	0.0316	0.0170	0.0106	0.0096	0.0011	0.0380	0.0220	0.0159	15.9800	89.6044	0.0018	95.2545	349.7537	0.0000	0.0012	0.0000	0.0032	0.0045	0.0010	0.0112	0.0113	0.0031	0.0836	0.0026	0.0000	0.0063	
15	79	0.1124	4	0	0	0	1	0	0	0	0	N	N	N	N	N	N	N	N	N	N	N	N	1.1498	4.3823	0.6526	0.7604	6.6720	0.0000	1.4924	0.0007	3.3381	0.0434	0.0366	0.0820	0.1399	0.1405	0.0000	0.0159	0.0000	0.0824	0.0378	0.0083	0.1256	0.1840	0.0211	2.2593	0.0107	0.0009	0.0247	0.3991	5.6018	-0.0001	0.0006	2.0066	0.2102	2.0000	3.4985	0.0004	0.0003	0.0001	0.0003	0.0003	0.0000	0.0001	0.0000	0.0001	0.0020	0.0003	0.0017	0.0016	0.0003	0.0013	0.0004	0.0000	0.0004	0.0102	0.0087	0.0015	0.0023	0.0023	0.0000	0.0079	0.0064	0.0015	0.0524	0.0359	0.0165	0.0140	0.0133	0.0007	0.0384	0.0226	0.0158	1.1498	4.3823	0.8040	1.2458	6.6720	0.0000	1.4924	0.0007	3.3381	0.0378	0.0083	0.1020	0.1123	0.0211	1.8908	0.0107	0.0009	0.0247
15	80	0.1435	6	0	1	0	1	0	0	0	0	N	N	N	N	N	N	N	N	N	N	N	N	0.0000	0.0000	0.0000	0.0000	0.0000	0.0000	0.0000	0.0000	0.0000	0.0000	0.0000	0.0000	0.0000	15.2028	23.5919	0.0000	788.0969	827.1933	0.0000	0.0000	0.0000	0.0000	0.0000	0.0000	-0.5341	2.0066	2.0196	2.0000	6.0690	0.0000	0.0000	0.0000	0.0000	0.0000	0.0000	0.0000	0.0000	0.0000	0.9891	0.9891	0.0000	0.9891	0.9891	0.0000	0.0000	0.0000	0.0000	0.0562	0.0479	0.0083	0.0032	0.0030	0.0002	0.0530	0.0449	0.0081	0.0697	0.0419	0.0278	0.0138	0.0110	0.0028	0.0559	0.0310	0.0250	0.0000	0.0000	0.0000	0.0000	0.0000	0.0000	0.0000	0.0000	0.0000	14.1898	23.5919	0.0000	71.7077	90.1809	0.0000	0.0000	0.0000	0.0000						
15	81	0.1352	5	0	0	0	1	0	0	0	0	N	N	N	N	N	N	N	N	N	N	N	N	0.0000	0.0000	0.0000	0.0000	0.0000	0.0000	0.0000	0.0000	0.0000	0.0000	0.0000	0.0000	0.0000	0.0000	0.0000	0.0000	0.0000	1.1349	2.3812	0.0224	115.7536	137.1834	0.0000	0.0117	0.0013	0.0245	0.0144	0.0000	-0.0059	2.0066	0.9876	2.0000	0.9833	0.0000	0.0000	0.0000	0.0000	0.0000	0.0000	0.0000	0.0000	0.0000	0.0111	0.0110	0.0002	0.0110	0.0110	0.0000	0.0002	0.0000	0.0002	0.0273	0.0233	0.0041	0.0012	0.0011	0.0001	0.0262	0.0221	0.0040	0.0171	0.0101	0.0071	0.0027	0.0022	0.0006	0.0144	0.0079	0.0065	0.0000	0.0000	0.0000	0.0000	0.0000	0.0000	0.0000	0.0000	0.0000	0.6509	1.0923	0.0224	3.9988	5.0911	0.0000	0.0117	0.0013	0.0245		
15	82	0.1529	5	1	0	1	1	0	0	0	0	N	N	N	N	N	N	N	N	N	N	N	N	inf	inf	inf	inf	inf	inf	0.2387	0.2808	0.0000	6.1286	6.5187	0.0000	0.0001	0.0001	0.0000	0.0000	0.0000	0.0000	0.0000	0.0000	0.0000	0.0000	0.0000	0.0000	0.0000	-0.0031	0.0000	2.0066	1.0000	2.0000	2.9874	0.0066	0.0066	0.0000	0.0066	0.0066	0.0000	0.0000	0.0000	0.0000	0.0000	0.0000	0.0000	0.0000	0.0000	0.0000	0.0000	0.0000	0.0000	0.0278	0.0236	0.0042	0.0011	0.0010	0.0001	0.0267	0.0226	0.0041	0.0331	0.0195	0.0136	0.0045	0.0037	0.0008	0.0286	0.0158	0.0128	inf	inf	0.0000	inf	inf	0.0000	inf	inf	0.0000	0.0000	0.0000	0.0000	0.0000	0.0000	0.0000	0.0000	0.0000	0.0000				
15	83	0.1246	4	1	0	1	1	0	0	0	0	N	N	N	N	N	N	N	N	N	N	N	N	inf	inf	inf	inf	inf	inf	0.2411	0.0000	1.6472	0.0000	0.0000	0.0000	0.2617	0.0000	1.6967	0.0000	0.0000	0.0000	0.0000	0.0000	0.0000	0.0000	0.0000	0.0000	49985.5000	0.0036	0.0000	2.0066	0.9997	2.0000	6.0128	0.0066	0.0000	0.0066	0.0000	0.0000	0.0000	0.0066	0.0000	0.0066	0.0000	0.0000	0.0000	0.0000	0.0000	0.0000	0.0000	0.0000	0.0000	0.0275	0.0235	0.0040	0.0022	0.0020	0.0001	0.0253	0.0214	0.0039	0.0541	0.0324	0.0216	0.0060	0.0048	0.0012	0.0481	0.0276	0.0205	inf	inf	inf	0.0000	0.0000	0.0000	inf	inf	inf	0.0000	0.0000	0.0000	0.0000	0.0000	0.0000	0.0000	0.0000	0.0000				
15	84	0.0828	3	0	1	0	2	0	0	0	0	N	N	N	Y	N	N	N	N	N	N	N	N	inf	inf	inf	inf	0.0000	0.0000	0.0003	0.0000	0.0000	0.0000	0.0000	0.0000	0.0003	0.0000	0.0000	0.0000	0.0000	0.0000	0.0000	0.0000	0.0000	0.0000	inf	0.0000	0.0000	2.0066	8.0013	2.0000	12.0015	0.0000	0.0000	0.0000	0.0000	0.0000	0.0000	0.0000	0.0000	0.0000	0.0000	0.0000	0.0000	0.0000	0.0000	0.0000	0.0000	0.0000	0.0000	0.2120	0.1809	0.0311	0.0056	0.0053	0.0003	0.2064	0.1756	0.0308	0.1496	0.0862	0.0634	0.0117	0.0095	0.0023	0.1378	0.0768	0.0611	inf	0.0000	inf	0.0000	0.0000	0.0000	inf	0.0000	inf	0.0000	0.0000	0.0000	0.0000	0.0000	0.0000	0.0000	0.0000	0.0000						
15	85	0.1392	5	0	1	0	1	0	0	0	0	N	N	N	N	N	N	N	N	N	N	N	N	0.0000	0.0000	0.0000	0.0000	0.0000	0.0000	0.0000	0.0000	0.0000	0.0000	0.0000	0.0000	0.0000	0.0000	0.0000	0.0000	0.0000	0.0000	0.0000	0.0000	2.0066	1.0000	2.0000	6.9850	0.0000	0.0000	0.0000	0.0000	0.0000	0.0000	0.0000	0.0000	0.0000	0.0000	0.0000	0.0000	0.0000	0.0000	0.0000	0.0000	0.0000	0.0000	0.0277	0.0236	0.0042	0.0010	0.0009	0.0001	0.0267	0.0226	0.0041	0.0651	0.0379	0.0271	0.0093	0.0073	0.0020	0.0558	0.0306	0.0252	0.0000	0.0000	0.0000	0.0000	0.0000	0.0000	0.0000	0.0000	0.0000	0.0000	0.0000	0.0000	0.0000	0.0000	0.0000	0.0000	0.0000	0.0000											
15	86	0.1265	4	0	0	0	1	0	0	0	0	N	N	N	N	N	N	N	N	N	N	N	N	0.0000	0.0000	0.0000	0.0000	0.0000	0.0000	0.0000	0.0000	0.0000	0.0000	0.0000	0.0000	0.0000	0.0008	0.0000	0.0018	0.0000	0.0000	0.0000	0.0009	0.0000	0.0020	inf	0.0000	0.0000	2.0066	1.0086	2.0000	2.0000	0.0000	0.0000	0.0000	0.0000	0.0000	0.0000	0.0000	0.0000	0.0000	0.0000	0.0000	0.0000	0.0000	0.0000	0.0000	0.0000	0.0000	0.0000	0.0283	0.0241	0.0042	0.0011	0.0011	0.0001	0.0272	0.0230	0.0042	0.0257	0.0148	0.0108	0.0036	0.0029	0.0008	0.0220	0.0120	0.0101	0.0000	0.0000	0.0000	0.0000	0.0000	0.0000	0.0000	0.0000	0.0000	0.0008	0.0000	0.0018	0.0000	0.0000	0.0000	0.0009	0.0000	0.0020						
15	87	0.1246	4	0	1	0	1	0	0	0	0	N	N	N	N	N	N	N	N	N	N	N	N	0.0050	0.0000	inf	0.0049	0.0000	inf	0.0620	0.0000	0.4279	0.0000	0.0000	0.0000	0.0673	0.0000	0.4409	12.5206	21.2643	0.0000	0.0000	0.0000	0.0000	13.6747	23.7963	0.0000	inf	0.0000	0.0036	-0.5399	2.0066	4.0000	2.0000	7.0000	0.0066	0.0000	0.0066	0.0000	0.0000	0.0000	0.0066	0.0000	0.0066	1.0000	1.0000	0.0000	0.0000	0.0000	0.0000	1.0000	1.0000	0.0000	0.1069	0.0914	0.0155	0.0084	0.0080	0.0005	0.0985	0.0835	0.0150	0.0823	0.0494	0.0329	0.0092	0.0074	0.0018	0.0731	0.0420	0.0311	0.0051	0.0000	inf	0.0000	0.0000	0.0000	0.0049	0.0000	inf	12.1472	20.2497	0.0000	0.0000	0.0000	0.0000	13.6747	23.7963	0.0000			
15	88	0.0828	3	0	0	0	1	0	0	0	0	N	N	N	N	N	N	N	N	N	N	N	N	inf	inf	inf	inf	0.0794	0.0933	0.0000	2.9800	3.1355	0.0000	0.0000	0.0000	0.0000	0.0000	0.0000	0.0000	0.0000	0.0000	0.0000	0.0000	0.0000	0.0000	0.0000	-0.0031	0.0000	2.0066	2.9985	2.0000	7.0016	0.0066	0.0066	0.0000	0.0066	0.0066	0.0000	0.0000	0.0000	0.0000	0.0000	0.0000	0.0000	0.0000	0.0000	0.0000	0.0000	0.0000	0.0000	0.0834	0.0710	0.0124	0.0022	0.0021	0.0001	0.0812	0.0688	0.0123	0.0808	0.0464	0.0344	0.0063	0.0051	0.0012	0.0745	0.0413	0.0332	inf	inf	0.0000	inf	inf	0.0000	0.0000	0.0000	0.0000	0.0000	0.0000	0.0000	0.0000	0.0000	0.0000	0.0000	0.0000	0.0000						
15	89	0.1437	6	0	1	0	1	0	0	0	0	N	N	N	N	N	N	N	N	N	N	N	N	0.0000	0.0000	0.0000	0.0000	0.0000	0.0000	0.0000	0.0000	0.0000	0.0000	0.0000	0.0000	0.0000	0.0000	0.0000	0.0000	0.0005	0.0002	0.0010	0.0008	0.0010	0.0000	0.0005	0.0000	0.0011	3.0000	0.0000	0.0000	2.0066	0.0157	2.0000	9.0253	0.0000	0.0000	0.0000	0.0000	0.0000	0.0000	0.0000	0.0000	0.0000	0.0000	0.0000	0.0000	0.0000	0.0000	0.0000	0.0000	0.0000	0.0000	0.0015	0.0013	0.0002	0.0006	0.0006	0.0000	0.0010	0.0008	0.0002	0.0746	0.0440	0.0307	0.0132	0.0103	0.0029	0.0614	0.0337	0.0278	0.0000	0.0000	0.0000	0.0000	0.0000	0.0000	0.0000	0.0000	0.0000	0.0005	0.0002	0.0010	0.0008	0.0010	0.0000	0.0005	0.0000	0.0011			
15	90	0.1352	5	0	1	0	1	0	0	0	0	N	N	N	N	N	N	N	N	N	N	N	N	0.0000	0.0000	0.0000	0.0000	0.0000	0.0000	0.0000	0.0000	0.0000	0.0000	0.0000	0.0000	0.0000	0.0000	0.0000	0.0000	0.0000	0.0109	0.0039	0.0208	0.0107	0.0137	0.0000	0.0109	0.0012	0.0226	3.7503	0.0000	0.0000	2.0066	0.0169	2.0000	2.0013	0.0000	0.0000	0.0000	0.0000	0.0000	0.0000	0.0000	0.0000	0.0000	0.0002	0.0000	0.0001	0.0000	0.0000	0.0000	0.0002	0.0000	0.0001	0.0005	0.0004	0.0001	0.0000	0.0000	0.0000	0.0005	0.0004	0.0001	0.0175	0.0103	0.0072	0.0028	0.0022	0.0006	0.0147	0.0081	0.0066	0.0000	0.0000	0.0000	0.0000	0.0000	0.0000	0.0000	0.0000	0.0000	0.0109	0.0039	0.0208	0.0107	0.0137	0.0000	0.0109	0.0012	0.0226		
15	91	0.1265	4	0	0	0	1	0	0	0	0	N	N	N	N	N	N	N	N	N	N	N	N	0.0000	0.0000	0.0000	0.0000	0.0000	0.0000	0.0000	0.0000	0.0000	0.0000	0.0000	0.0000	0.0000	0.0000	0.0000	0.0000	0.0096	0.0147	0.0027	0.0584	0.0781	0.0000	0.0013	0.0000	0.0029	0.1333	0.0000	-0.0001	2.0066	1.9923	2.0000	0.0454	0.0000	0.0000	0.0000	0.0000	0.0000	0.0000	0.0000	0.0000	0.0000	0.0002	0.0001	0.0000	0.0001	0.0001	0.0000	0.0000	0.0000	0.0000	0.0550	0.0468	0.0082	0.0020	0.0019	0.0001	0.0530	0.0449	0.0081	0.0177	0.0102	0.0075	0.0026	0.0020	0.0005	0.0151	0.0082	0.0069	0.0000	0.0000	0.0000	0.0000	0.0000	0.0000	0.0000	0.0000	0.0000	0.0096	0.0147	0.0027	0.0584	0.0736	0.0000	0.0013	0.0000	0.0029			
15	92	0.0828	3	0	0	0	1	0	0	0	0	N	N	N	N	N	N	N	N	N	N	N	N	1.2798	0.0000	inf	0.0000	0.0000	inf	inf	0.0003	0.0000	0.0021	0.0000	0.0000	0.0000	0.0003	0.0000	0.0021	0.0002	0.0004	0.0000	0.0032	0.0039	0.0000	0.0000	0.0000	0.0000	inf	0.0000	0.0000	-0.0000	2.0066	1.0098	2.0000	9.0196	0.0000	0.0000	0.0000	0.0000	0.0000	0.0000	0.0000	0.0000	0.0000	0.0000	0.0000	0.0000	0.0000	0.0000	0.0000	0.0000	0.0000	0.0000	0.0288	0.0244	0.0043	0.0008	0.0008	0.0000	0.0279	0.0236	0.0043	0.0810	0.0465	0.0345	0.0063	0.0051	0.0012	0.0747	0.0414	0.0333	1.2798	0.0000	inf	0.0000	0.0000	0.0000	inf	0.0000	inf	0.0002	0.0004	0.0000	0.0032	0.0039	0.0000	0.0000	0.0000	0.0000		
15	93	0.0478	4	1	1	0	2	0	0	0	0	N	N	N	Y	N	N	N	N	N	N	N	N	0.0000	0.0000	0.0000	0.0000	0.0000	0.0000	0.0000	0.0000	0.0000	0.0000	0.0000	0.0000	0.0000	0.0000	0.0000	0.0000	0.0000	0.0000	0.0000	0.0000	2.0066	0.0000	2.0000	0.0000	0.0000	0.0000	0.0000	0.0000	0.0000	0.0000	0.0000	0.0000	0.0000	0.0000	0.0000	0.0000	0.0000	0.0000	0.0000	0.0000	0.0000	0.0000	0.0000	0.0000	0.0000	0.0000	0.0000	0.0000	0.0000	0.0000	0.0000	0.0000	0.0000	0.0000	0.0000	0.0000	0.0000	0.0000	0.0000	0.0000	0.0000	0.0000	0.0000	0.0000	0.0000	0.0000	0.0000	0.0000	0.0000	0.0000	0.0000	0.0000	0.0000	0.0000	0.0000	0.0000	0.0000	0.0000											
15	94	0.0478	3	1	1	0	2	0	0	0	0	N	N	N	Y	N	N	N	N	N	N	N	N	0.0000	0.0000	0.0000	0.0000	0.0000	0.0000	0.0000	0.0000	0.0000	0.0000	0.0000	0.0000	0.0000	0.0000	0.0000	0.0000	0.0000	0.0000	0.0000	0.0000	2.0066	0.0000	2.0000	0.0001	0.0000	0.0000	0.0000	0.0000	0.0000	0.0000	0.0000	0.0000	0.0000	0.0000	0.0000	0.0000	0.0000	0.0000	0.0000	0.0000	0.0000	0.0000	0.0000	0.0000	0.0000	0.0000	0.0000	0.0000	0.0000	0.0000	0.0000	0.0000	0.0000	0.0000	0.0000	0.0000	0.0000	0.0000	0.0000	0.0000	0.0000	0.0000	0.0000	0.0000	0.0000	0.0000	0.0000	0.0000	0.0000	0.0000	0.0000	0.0000	0.0000	0.0000	0.0000	0.0000	0.0000	0.0000											
15	95	0.0298	2	0	1	0	2	0	0	0	0	N	N	N	Y	N	N	N	N	N	N	N	N	0.0042	inf	0.0000	100.5635	inf	0.0000	0.0000	0.0000	0.2177	0.2572	0.0000	4.2121	4.2726	0.0000	0.0000	0.0000	0.0000	52.2793	0.0000	246.0605	0.0419	0.0000	0.5046	56.5992	0.0000	245.3726	0.0000	inf	-0.0030	0.4511	2.0066	0.9845	2.0000	0.9903	0.0065	0.0065	0.0000	0.0065	0.0065	0.0000	0.0000	0.0000	0.0000	0.9805	0.0000	0.9805	0.0001	0.0000	0.0001	0.9804	0.0000	0.9804	0.0299	0.0253	0.0046	0.0015	0.0015	0.0000	0.0284	0.0238	0.0046	0.0188	0.0110	0.0078	0.0014	0.0013	0.0002	0.0173	0.0097	0.0076	0.0042	inf	0.0000	100.5635	inf	0.0000	0.0000	0.0000	0.0000	52.2793	0.0000	126.4198	0.0419	0.0000	0.3768	56.5992	0.0000	129.0619	
15	96	0.0270	2	0	1	0	1	0	0	0	0	N	N	N	N	N	N	N	N	N	N	N	N	0.0002	0.0000	inf	0.0000	0.0000	inf	inf	0.0000	0.0000	0.0002	0.0000	0.0000	0.0000	0.0000	0.0000	0.0002	0.1369	0.3617	0.0000	6.4182	6.8750	0.0000	0.0000	0.0000	0.0000	inf	0.0000	0.0000	-0.0048	2.0066	1.0063	2.0000	3.7812	0.0000	0.0000	0.0000	0.0000	0.0000	0.0000	0.0000	0.0000	0.0000	0.0089	0.0089	0.0000	0.0089	0.0089	0.0000	0.0000	0.0000	0.0000	0.0294	0.0249	0.0045	0.0004	0.0004	0.0000	0.0290	0.0246	0.0045	0.0651	0.0410	0.0242	0.0134	0.0120	0.0014	0.0518	0.0290	0.0228	0.0002	0.0000	inf	0.0000	0.0000	0.0000	inf	0.0000	inf	0.1369	0.2178	0.0000	0.6679	0.7447	0.0000	0.0000	0.0000	0.0000		
15	97	0.0298	2	0	0	1	2	0	0	0	0	N	N	N	Y	N	N	N	N	N	N	N	N	0.0024	0.0000	inf	0.0000	0.0000	inf	inf	0.0037	0.0000	0.0240	0.0000	0.0000	0.0000	0.0039	0.0000	0.0241	1.5140	2.9253	0.0000	326.2670	341.4984	0.0000	0.0000	0.0000	0.0000	inf	0.0000	0.0001	-0.0106	2.0066	1.0165	2.0000	1.0129	0.0001	0.0000	0.0001	0.0000	0.0000	0.0000	0.0001	0.0000	0.0001	0.0196	0.0196	0.0000	0.0196	0.0196	0.0000	0.0000	0.0000	0.0000	0.0308	0.0261	0.0047	0.0016	0.0015	0.0000	0.0293	0.0246	0.0047	0.0192	0.0113	0.0080	0.0015	0.0013	0.0002	0.0178	0.0100	0.0078	0.0036	0.0000	inf	0.0000	0.0000	0.0000	inf	0.0000	inf	1.0194	1.7395	0.0000	13.4948	15.2075	0.0000	0.0000	0.0000	0.0000		
15	100	0.0693	3	0	0	1	2	0	0	0	0	N	N	N	Y	N	N	N	N	N	N	N	N	0.0000	0.0000	0.0000	0.0000	0.0000	0.0000	0.0000	0.0000	0.0000	0.0000	0.0000	0.0000	0.0000	0.0000	0.0000	0.0000	0.0000	0.0000	0.0000	0.0000	2.0066	0.0000	2.0000	2.0000	0.0000	0.0000	0.0000	0.0000	0.0000	0.0000	0.0000	0.0000	0.0000	0.0000	0.0000	0.0000	0.0000	0.0000	0.0000	0.0000	0.0000	0.0000	0.0000	0.0000	0.0000	0.0000	0.0000	0.0000	0.0000	0.0000	0.0000	0.0177	0.0101	0.0075	0.0004	0.0004	0.0001	0.0173	0.0098	0.0075	0.0000	0.0000	0.0000	0.0000	0.0000	0.0000	0.0000	0.0000	0.0000	0.0000	0.0000	0.0000	0.0000	0.0000	0.0000	0.0000	0.0000	0.0000											
15	101	0.0302	2	0	0	1	2	0	0	0	0	N	N	N	Y	N	N	N	N	N	N	N	N	0.0000	0.0000	0.0001	0.0000	0.0000	0.0000	0.0000	0.0001	0.0000	0.0000	0.0003	0.0000	0.0000	0.0000	0.0000	0.0000	0.0003	1.9326	0.0008	3.5402	0.0552	0.0127	1.4943	1.4293	0.0000	3.7184	inf	2858.2500	0.0000	0.0526	2.0066	5.8899	2.0000	3.1847	0.0000	0.0000	0.0000	0.0000	0.0000	0.0000	0.0000	0.0000	0.0000	0.1144	0.0000	0.1143	0.0002	0.0000	0.0001	0.1142	0.0000	0.1142	0.1721	0.1466	0.0255	0.0064	0.0062	0.0002	0.1657	0.1404	0.0253	0.0832	0.0487	0.0345	0.0033	0.0032	0.0001	0.0799	0.0455	0.0344	0.0000	0.0000	0.0001	0.0000	0.0000	0.0000	0.0000	0.0000	0.0001	1.3754	0.0008	3.3171	0.0552	0.0127	1.2864	1.4293	0.0000	3.3235	
15	102	0.1821	4	1	1	0	1	0	0	0	0	N	N	N	N	N	N	N	N	N	N	N	N	0.0000	0.0000	0.0000	0.0000	0.0000	0.0000	0.0000	0.0000	0.0000	0.0000	0.0000	0.0000	0.0000	0.0000	0.0000	0.0000	0.0000	0.0000	0.0000	0.0000	2.0066	0.0000	2.0000	0.0000	0.0000	0.0000	0.0000	0.0000	0.0000	0.0000	0.0000	0.0000	0.0000	0.0000	0.0000	0.0000	0.0000	0.0000	0.0000	0.0000	0.0000	0.0000	0.0000	0.0000	0.0000	0.0000	0.0000	0.0000	0.0000	0.0000	0.0000	0.0000	0.0000	0.0000	0.0000	0.0000	0.0000	0.0000	0.0000	0.0000	0.0000	0.0000	0.0000	0.0000	0.0000	0.0000	0.0000	0.0000	0.0000	0.0000	0.0000	0.0000	0.0000	0.0000	0.0000	0.0000	0.0000	0.0000											
15	103	0.0828	3	1	1	0	1	0	0	0	0	N	N	N	N	N	N	N	N	N	N	N	N	inf	inf	inf	inf	0.0000	0.0000	0.0003	0.0000	0.0000	0.0000	0.0000	0.0000	0.0003	0.0000	0.0000	0.0000	0.0000	0.0000	0.0000	0.0000	0.0000	0.0000	inf	0.0000	0.0000	2.0066	8.0012	2.0000	14.0016	0.0000	0.0000	0.0000	0.0000	0.0000	0.0000	0.0000	0.0000	0.0000	0.0000	0.0000	0.0000	0.0000	0.0000	0.0000	0.0000	0.0000	0.0000	0.2120	0.1809	0.0311	0.0056	0.0053	0.0003	0.2064	0.1756	0.0308	0.1621	0.0935	0.0686	0.0128	0.0103	0.0025	0.1493	0.0832	0.0661	inf	0.0000	inf	0.0000	0.0000	0.0000	inf	0.0000	inf	0.0000	0.0000	0.0000	0.0000	0.0000	0.0000	0.0000	0.0000	0.0000						
15	104	0.1457	4	0	1	0	1	0	0	0	0	N	N	N	N	N	N	N	N	N	N	N	N	0.0000	0.0000	0.0000	0.0000	0.0000	0.0000	0.0000	0.0000	0.0000	0.0000	0.0000	0.0000	0.0000	0.0000	0.0000	0.0000	0.0015	0.0013	0.0018	0.0040	0.0052	0.0000	0.0009	0.0000	0.0020	1.0000	0.0000	-0.0000	2.0066	2.0010	2.0000	1.0153	0.0000	0.0000	0.0000	0.0000	0.0000	0.0000	0.0000	0.0000	0.0000	0.0000	0.0000	0.0000	0.0000	0.0000	0.0000	0.0000	0.0000	0.0000	0.0552	0.0470	0.0082	0.0026	0.0024	0.0002	0.0526	0.0446	0.0080	0.0268	0.0158	0.0110	0.0050	0.0039	0.0011	0.0218	0.0119	0.0099	0.0000	0.0000	0.0000	0.0000	0.0000	0.0000	0.0000	0.0000	0.0000	0.0015	0.0013	0.0018	0.0040	0.0052	0.0000	0.0009	0.0000	0.0020			
15	105	0.0828	3	0	1	0	1	0	0	0	0	N	N	N	N	N	N	N	N	N	N	N	N	0.2979	0.0000	3.3942	0.0000	0.0000	0.5644	0.0000	3.3020	0.0001	0.0000	0.0007	0.0000	0.0000	0.0000	0.0001	0.0000	0.0007	0.0004	0.0005	0.0002	0.0023	0.0029	0.0000	0.0002	0.0002	0.0002	inf	0.3333	0.0000	-0.0000	2.0066	3.0162	2.0000	11.0438	0.0000	0.0000	0.0000	0.0000	0.0000	0.0000	0.0000	0.0000	0.0000	0.0000	0.0000	0.0000	0.0000	0.0000	0.0000	0.0000	0.0000	0.0000	0.0839	0.0714	0.0125	0.0022	0.0021	0.0001	0.0816	0.0692	0.0124	0.1101	0.0633	0.0468	0.0086	0.0069	0.0017	0.1015	0.0564	0.0451	0.2979	0.0000	3.3942	0.0000	0.0000	0.0000	0.5644	0.0000	3.3020	0.0004	0.0005	0.0002	0.0023	0.0029	0.0000	0.0002	0.0002	0.0002	
15	106	0.0519	4	1	1	0	1	0	0	0	0	N	N	N	N	N	N	N	N	N	N	N	N	0.0000	0.0000	0.0000	0.0000	0.0000	0.0000	0.0000	0.0000	0.0000	0.0000	0.0000	0.0000	0.0000	0.0000	0.0000	0.0000	0.0000	0.0000	0.0000	0.0000	2.0066	1.0000	2.0000	1.0000	0.0000	0.0000	0.0000	0.0000	0.0000	0.0000	0.0000	0.0000	0.0000	0.0000	0.0000	0.0000	0.0000	0.0000	0.0000	0.0000	0.0000	0.0000	0.0290	0.0246	0.0044	0.0002	0.0002	0.0000	0.0287	0.0243	0.0044	0.0187	0.0113	0.0074	0.0034	0.0027	0.0007	0.0153	0.0086	0.0067	0.0000	0.0000	0.0000	0.0000	0.0000	0.0000	0.0000	0.0000	0.0000	0.0000	0.0000	0.0000	0.0000	0.0000	0.0000	0.0000	0.0000	0.0000											
15	107	0.0478	3	1	1	0	1	0	0	0	0	N	N	N	N	N	N	N	N	N	N	N	N	0.0000	0.0000	0.0000	0.0000	0.0000	0.0000	0.0000	0.0000	0.0000	0.0000	0.0000	0.0000	0.0000	0.0000	0.0000	0.0000	0.0000	0.0000	0.0000	0.0000	2.0066	0.0000	2.0000	0.9999	0.0000	0.0000	0.0000	0.0000	0.0000	0.0000	0.0000	0.0000	0.0000	0.0000	0.0000	0.0000	0.0000	0.0000	0.0000	0.0000	0.0000	0.0000	0.0000	0.0000	0.0000	0.0000	0.0000	0.0000	0.0000	0.0000	0.0000	0.0094	0.0056	0.0038	0.0012	0.0009	0.0002	0.0082	0.0046	0.0036	0.0000	0.0000	0.0000	0.0000	0.0000	0.0000	0.0000	0.0000	0.0000	0.0000	0.0000	0.0000	0.0000	0.0000	0.0000	0.0000	0.0000	0.0000											
15	108	0.0270	2	1	1	0	1	0	0	0	0	N	N	N	N	N	N	N	N	N	N	N	N	0.0001	0.0000	0.0001	0.0000	0.0000	0.0000	0.0001	0.0001	0.0016	0.0000	0.0084	0.0000	0.0000	0.0000	0.0021	0.0000	0.0084	17.2468	0.0002	85.3220	0.0082	0.0008	0.0726	18.8016	0.0000	84.2948	inf	99118.0000	0.0000	0.4560	2.0066	0.0100	2.0000	4.8896	0.0000	0.0000	0.0000	0.0000	0.0000	0.0000	0.0000	0.0000	0.0000	0.9912	0.0000	0.9912	0.0001	0.0000	0.0001	0.9911	0.0000	0.9911	0.0005	0.0004	0.0001	0.0001	0.0001	0.0000	0.0004	0.0003	0.0001	0.0661	0.0415	0.0246	0.0133	0.0120	0.0014	0.0527	0.0295	0.0232	0.0001	0.0000	0.0002	0.0000	0.0000	0.0000	0.0001	0.0000	0.0002	15.0047	0.0002	40.3326	0.0082	0.0008	0.0726	18.8016	0.0000	42.7242	
15	115	0.2754	6	0	0	0	1	0	0	0	0	N	N	N	N	N	N	N	N	N	N	N	N	0.5377	0.4510	1.7435	1.4328	0.0000	0.0000	0.0206	0.0238	0.0000	0.1370	0.1413	0.0000	0.0000	0.0000	0.0000	0.0384	0.0528	0.0000	0.0786	0.0986	0.0000	0.0034	0.0057	0.0000	0.0000	0.0000	-0.0027	-0.0066	2.0066	8.9918	2.0000	13.3277	0.0058	0.0058	0.0000	0.0058	0.0058	0.0000	0.0000	0.0000	0.0000	0.0122	0.0122	0.0000	0.0117	0.0117	0.0000	0.0006	0.0006	0.0000	0.2799	0.2424	0.0375	0.0421	0.0409	0.0013	0.2378	0.2015	0.0363	0.3185	0.2314	0.0872	0.1545	0.1332	0.0213	0.1641	0.0982	0.0659	0.5377	0.4510	0.0000	1.8153	1.6139	0.0000	0.0000	0.0000	0.0000	0.0384	0.0528	0.0000	0.0755	0.0875	0.0000	0.0034	0.0057	0.0000			
16	17	0.3934	6	0	2	0	1	0	0	0	0	N	Y	N	N	N	N	N	N	N	N	N	N	0.0000	0.0000	0.0000	0.0000	0.0000	0.0000	0.0000	0.0000	0.0000	0.0000	0.0000	0.0000	0.0000	0.0000	0.0000	0.0000	0.0000	0.0000	0.0000	0.0000	24.0000	0.9987	5.0000	5.5397	0.0000	0.0000	0.0000	0.0000	0.0000	0.0000	0.0000	0.0000	0.0000	0.0000	0.0000	0.0000	0.0000	0.0000	0.0000	0.0000	0.0000	0.0000	0.2666	0.2297	0.0369	0.0131	0.0125	0.0006	0.2535	0.2172	0.0363	0.4028	0.2667	0.1361	0.0899	0.0800	0.0099	0.3129	0.1867	0.1262	0.0000	0.0000	0.0000	0.0000	0.0000	0.0000	0.0000	0.0000	0.0000	0.0000	0.0000	0.0000	0.0000	0.0000	0.0000	0.0000	0.0000	0.0000											
16	18	0.3986	5	0	2	0	2	0	0	0	0	N	Y	N	Y	N	N	N	N	N	N	N	N	0.0000	0.0000	0.0000	0.0000	0.0000	0.0000	0.0000	0.0000	0.0000	0.0000	0.0000	0.0000	0.0000	0.0000	0.0000	0.0000	0.0000	0.0000	0.0000	0.0000	24.0000	0.9934	5.0000	0.0000	0.0000	0.0000	0.0000	0.0000	0.0000	0.0000	0.0000	0.0000	0.0000	0.0000	0.0000	0.0000	0.0000	0.0000	0.0000	0.0000	0.0000	0.0000	0.2739	0.2361	0.0379	0.0120	0.0113	0.0006	0.2620	0.2248	0.0372	0.0505	0.0295	0.0209	0.0072	0.0056	0.0016	0.0433	0.0240	0.0193	0.0000	0.0000	0.0000	0.0000	0.0000	0.0000	0.0000	0.0000	0.0000	0.0000	0.0000	0.0000	0.0000	0.0000	0.0000	0.0000	0.0000	0.0000											
16	19	0.3327	3	1	2	0	1	0	0	0	0	N	Y	N	N	N	N	N	N	N	N	N	N	0.0000	0.0000	0.0000	0.0000	0.0000	0.0000	0.0000	0.0000	0.0000	0.0000	0.0000	0.0000	0.0000	0.0000	0.0000	0.0000	0.0000	0.0000	0.0000	0.0000	24.0000	1.0015	5.0000	7.0016	0.0000	0.0000	0.0000	0.0000	0.0000	0.0000	0.0000	0.0000	0.0000	0.0000	0.0000	0.0000	0.0000	0.0000	0.0000	0.0000	0.0000	0.0000	0.2695	0.2316	0.0379	0.0036	0.0034	0.0002	0.2659	0.2282	0.0376	0.3829	0.2179	0.1651	0.0242	0.0180	0.0062	0.3587	0.1998	0.1589	0.0000	0.0000	0.0000	0.0000	0.0000	0.0000	0.0000	0.0000	0.0000	0.0000	0.0000	0.0000	0.0000	0.0000	0.0000	0.0000	0.0000	0.0000											
16	20	0.3957	4	0	2	0	1	0	0	0	0	N	Y	N	N	N	N	N	N	N	N	N	N	inf	inf	inf	inf	0.0004	0.0005	0.0000	0.0000	0.0000	0.0000	0.0005	0.0005	0.0000	0.0000	0.0000	0.0000	0.0000	0.0000	0.0000	0.0000	0.0000	0.0000	0.0000	-0.0001	0.0000	24.0000	1.0004	5.0000	2.0077	0.0001	0.0001	0.0000	0.0000	0.0000	0.0000	0.0001	0.0001	0.0000	0.0000	0.0000	0.0000	0.0000	0.0000	0.0000	0.0000	0.0000	0.0000	0.2683	0.2307	0.0376	0.0038	0.0036	0.0002	0.2645	0.2271	0.0374	0.1601	0.0942	0.0659	0.0314	0.0241	0.0073	0.1287	0.0701	0.0586	inf	inf	0.0000	0.0000	0.0000	0.0000	inf	inf	0.0000	0.0000	0.0000	0.0000	0.0000	0.0000	0.0000	0.0000	0.0000	0.0000						
16	21	0.3071	2	0	1	0	2	0	0	0	0	N	N	N	Y	N	N	N	N	N	N	N	N	0.0000	0.0000	0.0000	0.0000	0.0000	0.0000	0.0000	0.0000	0.0000	0.0000	0.0000	0.0000	0.0000	0.0000	0.0000	0.0000	0.0000	0.0000	0.0000	0.0000	24.0000	2.0000	5.0000	1.0003	0.0000	0.0000	0.0000	0.0000	0.0000	0.0000	0.0000	0.0000	0.0000	0.0000	0.0000	0.0000	0.0000	0.0000	0.0000	0.0000	0.0000	0.0000	0.5286	0.4546	0.0741	0.0091	0.0086	0.0005	0.5195	0.4460	0.0735	0.1528	0.0857	0.0672	0.0019	0.0017	0.0002	0.1510	0.0840	0.0670	0.0000	0.0000	0.0000	0.0000	0.0000	0.0000	0.0000	0.0000	0.0000	0.0000	0.0000	0.0000	0.0000	0.0000	0.0000	0.0000	0.0000	0.0000											
16	22	0.4071	6	1	1	1	1	0	0	0	0	N	N	N	N	N	N	N	N	N	N	N	N	0.0000	0.0000	0.0000	0.0000	0.0000	0.0000	0.0000	0.0000	0.0000	0.0000	0.0000	0.0000	0.0000	0.0000	0.0000	0.0000	0.0000	0.0000	0.0000	0.0000	24.0000	0.0000	5.0000	4.9921	0.0000	0.0000	0.0000	0.0000	0.0000	0.0000	0.0000	0.0000	0.0000	0.0000	0.0000	0.0000	0.0000	0.0000	0.0000	0.0000	0.0000	0.0000	0.0000	0.0000	0.0000	0.0000	0.0000	0.0000	0.0000	0.0000	0.0000	0.2476	0.1479	0.0997	0.0401	0.0320	0.0081	0.2075	0.1159	0.0916	0.0000	0.0000	0.0000	0.0000	0.0000	0.0000	0.0000	0.0000	0.0000	0.0000	0.0000	0.0000	0.0000	0.0000	0.0000	0.0000	0.0000	0.0000											
16	23	0.3909	6	0	2	0	1	0	0	0	0	N	Y	N	N	N	N	N	N	N	N	N	N	0.0000	0.0000	0.0000	0.0000	0.0000	0.0000	0.0000	0.0000	0.0000	0.0000	0.0000	0.0000	0.0000	0.0000	0.0000	0.0000	0.0000	0.0000	0.0000	0.0000	24.0000	1.9996	5.0000	0.0142	0.0000	0.0000	0.0000	0.0000	0.0000	0.0000	0.0000	0.0000	0.0000	0.0000	0.0000	0.0000	0.0000	0.0000	0.0000	0.0000	0.0000	0.0000	0.5318	0.4588	0.0730	0.0334	0.0316	0.0018	0.4984	0.4272	0.0711	0.1009	0.0591	0.0417	0.0036	0.0031	0.0005	0.0972	0.0560	0.0412	0.0000	0.0000	0.0000	0.0000	0.0000	0.0000	0.0000	0.0000	0.0000	0.0000	0.0000	0.0000	0.0000	0.0000	0.0000	0.0000	0.0000	0.0000											
16	24	0.3327	3	0	2	0	1	0	0	0	0	N	Y	N	N	N	N	N	N	N	N	N	N	0.0000	0.0000	0.0000	0.0000	0.0000	0.0000	0.0000	0.0000	0.0000	0.0000	0.0000	0.0000	0.0000	0.0000	0.0000	0.0000	0.0000	0.0000	0.0000	0.0000	24.0000	2.9988	5.0000	13.9984	0.0000	0.0000	0.0000	0.0000	0.0000	0.0000	0.0000	0.0000	0.0000	0.0000	0.0000	0.0000	0.0000	0.0000	0.0000	0.0000	0.0000	0.0000	0.7897	0.6792	0.1105	0.0093	0.0086	0.0007	0.7803	0.6705	0.1098	0.7612	0.4341	0.3270	0.0488	0.0361	0.0127	0.7124	0.3980	0.3143	0.0000	0.0000	0.0000	0.0000	0.0000	0.0000	0.0000	0.0000	0.0000	0.0000	0.0000	0.0000	0.0000	0.0000	0.0000	0.0000	0.0000	0.0000											
16	25	0.3745	4	1	2	0	1	0	0	0	0	N	Y	N	N	N	N	N	N	N	N	N	N	0.0000	0.0000	0.0000	0.0000	0.0000	0.0000	0.0000	0.0000	0.0000	0.0000	0.0000	0.0000	0.0000	0.0000	0.0000	0.0000	0.0000	0.0000	0.0000	0.0000	24.0000	6.0000	5.0000	4.0000	0.0000	0.0000	0.0000	0.0000	0.0000	0.0000	0.0000	0.0000	0.0000	0.0000	0.0000	0.0000	0.0000	0.0000	0.0000	0.0000	0.0000	0.0000	1.5181	1.3101	0.2080	0.0680	0.0645	0.0035	1.4501	1.2456	0.2045	0.4567	0.2724	0.1844	0.0438	0.0331	0.0107	0.4130	0.2393	0.1737	0.0000	0.0000	0.0000	0.0000	0.0000	0.0000	0.0000	0.0000	0.0000	0.0000	0.0000	0.0000	0.0000	0.0000	0.0000	0.0000	0.0000	0.0000											
16	26	0.3949	7	0	2	0	1	0	0	0	0	N	Y	N	N	N	N	N	N	N	N	N	N	0.0000	0.0000	0.0000	0.0000	0.0000	0.0000	0.0000	0.0000	0.0000	0.0000	0.0000	0.0000	0.0000	0.0000	0.0000	0.0000	0.0000	0.0000	0.0000	0.0000	24.0000	0.0000	5.0000	2.0002	0.0000	0.0000	0.0000	0.0000	0.0000	0.0000	0.0000	0.0000	0.0000	0.0000	0.0000	0.0000	0.0000	0.0000	0.0000	0.0000	0.0000	0.0000	0.0000	0.0000	0.0000	0.0000	0.0000	0.0000	0.0000	0.0000	0.0000	0.1003	0.0588	0.0414	0.0037	0.0031	0.0005	0.0966	0.0557	0.0409	0.0000	0.0000	0.0000	0.0000	0.0000	0.0000	0.0000	0.0000	0.0000	0.0000	0.0000	0.0000	0.0000	0.0000	0.0000	0.0000	0.0000	0.0000											
16	28	0.3745	4	0	2	0	1	0	0	0	0	N	Y	N	N	N	N	N	N	N	N	N	N	inf	inf	inf	inf	inf	inf	1.5670	0.9083	5.7038	0.0000	0.0000	0.0000	1.6406	0.9554	5.8004	0.0000	0.0000	0.0000	0.0000	0.0000	0.0000	0.0000	0.0000	0.0000	1.0000	0.0765	0.0000	24.0000	5.0000	5.0000	4.0000	2.0000	1.0000	1.0000	0.0000	0.0000	0.0000	2.0000	1.0000	1.0000	0.0000	0.0000	0.0000	0.0000	0.0000	0.0000	0.0000	0.0000	0.0000	1.2763	1.1010	0.1753	0.0573	0.0543	0.0029	1.2190	1.0466	0.1724	0.4140	0.2469	0.1671	0.0396	0.0299	0.0096	0.3744	0.2169	0.1575	inf	inf	inf	0.0000	0.0000	0.0000	inf	inf	inf	0.0000	0.0000	0.0000	0.0000	0.0000	0.0000	0.0000	0.0000	0.0000				
16	29	0.3745	4	0	2	0	1	0	0	0	0	N	Y	N	N	N	N	N	N	N	N	N	N	inf	inf	inf	inf	2.5656	2.9766	0.0000	0.0000	0.0000	0.0000	2.6866	3.1320	0.0000	0.0000	0.0000	0.0000	0.0000	0.0000	0.0000	0.0000	0.0000	0.0000	0.0000	-0.9235	0.0000	24.0000	3.0000	5.0000	6.0000	2.0000	2.0000	0.0000	0.0000	0.0000	0.0000	2.0000	2.0000	0.0000	0.0000	0.0000	0.0000	0.0000	0.0000	0.0000	0.0000	0.0000	0.0000	0.7796	0.6719	0.1076	0.0351	0.0333	0.0018	0.7444	0.6386	0.1059	0.4140	0.2469	0.1671	0.0396	0.0299	0.0096	0.3744	0.2169	0.1575	inf	inf	0.0000	0.0000	0.0000	0.0000	inf	inf	0.0000	0.0000	0.0000	0.0000	0.0000	0.0000	0.0000	0.0000	0.0000	0.0000						
16	30	0.3106	3	0	2	1	2	0	0	0	0	N	Y	N	Y	N	N	N	N	N	N	N	N	0.0000	0.0000	0.0000	0.0000	0.0000	0.0000	0.0000	0.0000	0.0000	0.0000	0.0000	0.0000	0.0000	0.0000	0.0000	0.0000	0.0000	0.0000	0.0000	0.0000	24.0000	0.0000	5.0000	3.0000	0.0000	0.0000	0.0000	0.0000	0.0000	0.0000	0.0000	0.0000	0.0000	0.0000	0.0000	0.0000	0.0000	0.0000	0.0000	0.0000	0.0000	0.0000	0.0000	0.0000	0.0000	0.0000	0.0000	0.0000	0.0000	0.0000	0.0000	0.1534	0.0870	0.0664	0.0231	0.0165	0.0066	0.1304	0.0705	0.0598	0.0000	0.0000	0.0000	0.0000	0.0000	0.0000	0.0000	0.0000	0.0000	0.0000	0.0000	0.0000	0.0000	0.0000	0.0000	0.0000	0.0000	0.0000											
16	31	0.2937	2	0	1	0	2	0	0	0	0	N	N	N	Y	N	N	N	N	N	N	N	N	inf	inf	inf	inf	inf	inf	3.5606	4.1416	0.0000	0.0014	0.0014	0.0000	3.6563	4.2715	0.0000	0.0000	0.0000	0.0000	0.0000	0.0000	0.0000	0.0000	0.0000	0.0000	0.0000	-0.4517	0.0000	24.0000	0.9783	5.0000	3.0423	0.9783	0.9783	0.0000	0.0000	0.0000	0.0000	0.9783	0.9783	0.0000	0.0000	0.0000	0.0000	0.0000	0.0000	0.0000	0.0000	0.0000	0.0000	0.2748	0.2362	0.0385	0.0072	0.0072	0.0000	0.2676	0.2290	0.0385	0.2404	0.1431	0.0973	0.0385	0.0315	0.0070	0.2019	0.1116	0.0903	inf	inf	0.0000	inf	inf	0.0000	inf	inf	0.0000	0.0000	0.0000	0.0000	0.0000	0.0000	0.0000	0.0000	0.0000	0.0000				
16	32	0.3327	3	0	2	0	1	0	0	0	0	N	Y	N	N	N	N	N	N	N	N	N	N	0.0000	0.0000	0.0000	0.0000	0.0000	0.0000	0.0000	0.0000	0.0000	0.0000	0.0000	0.0000	0.0000	0.0000	0.0000	0.0000	0.0000	0.0000	0.0000	0.0000	24.0000	6.9988	5.0000	9.0016	0.0000	0.0000	0.0000	0.0000	0.0000	0.0000	0.0000	0.0000	0.0000	0.0000	0.0000	0.0000	0.0000	0.0000	0.0000	0.0000	0.0000	0.0000	1.7763	1.5303	0.2460	0.0202	0.0186	0.0016	1.7561	1.5117	0.2444	0.7217	0.4115	0.3102	0.0462	0.0342	0.0120	0.6755	0.3773	0.2982	0.0000	0.0000	0.0000	0.0000	0.0000	0.0000	0.0000	0.0000	0.0000	0.0000	0.0000	0.0000	0.0000	0.0000	0.0000	0.0000	0.0000	0.0000											
16	33	0.4336	8	1	2	0	1	0	0	0	0	N	Y	N	N	N	N	N	N	N	N	N	N	0.0000	0.0000	0.0000	0.0000	0.0000	0.0000	0.0000	0.0000	0.0000	0.0000	0.0000	0.0000	0.0000	0.0000	0.0000	0.0000	0.0000	0.0000	0.0000	0.0000	24.0000	0.0000	5.0000	0.0000	0.0000	0.0000	0.0000	0.0000	0.0000	0.0000	0.0000	0.0000	0.0000	0.0000	0.0000	0.0000	0.0000	0.0000	0.0000	0.0000	0.0000	0.0000	0.0000	0.0000	0.0000	0.0000	0.0000	0.0000	0.0000	0.0000	0.0000	0.0000	0.0000	0.0000	0.0000	0.0000	0.0000	0.0000	0.0000	0.0000	0.0000	0.0000	0.0000	0.0000	0.0000	0.0000	0.0000	0.0000	0.0000	0.0000	0.0000	0.0000	0.0000	0.0000	0.0000	0.0000	0.0000	0.0000											
16	35	0.3327	3	1	2	0	1	0	0	0	0	N	Y	N	N	N	N	N	N	N	N	N	N	0.0000	0.0000	0.0000	0.0000	0.0000	0.0000	0.0000	0.0000	0.0000	0.0000	0.0000	0.0000	0.0000	1.6929	3.0198	0.0000	0.0000	0.0000	0.0000	1.2195	2.1805	0.0000	0.0000	0.0000	-0.5399	24.0000	1.9985	5.0000	17.9985	0.0000	0.0000	0.0000	0.0000	0.0000	0.0000	0.0000	0.0000	0.0000	1.0000	1.0000	0.0000	0.0000	0.0000	0.0000	1.0000	1.0000	0.0000	0.5315	0.4570	0.0746	0.0065	0.0060	0.0005	0.5251	0.4509	0.0741	0.8765	0.5003	0.3761	0.0564	0.0417	0.0147	0.8200	0.4586	0.3614	0.0000	0.0000	0.0000	0.0000	0.0000	0.0000	0.0000	0.0000	0.0000	1.1410	1.9988	0.0000	0.0000	0.0000	0.0000	1.2195	2.1805	0.0000						
16	36	0.3430	2	0	1	1	1	0	0	0	0	N	N	N	N	N	N	N	N	N	N	N	N	0.0000	0.0000	0.0000	0.0000	0.0000	0.0000	0.0000	0.0000	0.0000	0.0000	0.0000	0.0000	0.0000	0.0000	0.0000	0.0000	0.0000	0.0000	0.0000	0.0000	24.0000	0.0001	5.0000	0.9943	0.0000	0.0000	0.0000	0.0000	0.0000	0.0000	0.0000	0.0000	0.0000	0.0000	0.0000	0.0000	0.0000	0.0000	0.0000	0.0000	0.0000	0.0000	0.0001	0.0001	0.0000	0.0000	0.0000	0.0000	0.0001	0.0000	0.0000	0.0618	0.0385	0.0233	0.0099	0.0088	0.0011	0.0519	0.0297	0.0222	0.0000	0.0000	0.0000	0.0000	0.0000	0.0000	0.0000	0.0000	0.0000	0.0000	0.0000	0.0000	0.0000	0.0000	0.0000	0.0000	0.0000	0.0000											
16	37	0.3193	2	0	2	0	1	0	0	0	0	N	Y	N	N	N	N	N	N	N	N	N	N	0.0000	0.0000	0.0000	0.0000	0.0000	0.0000	0.0000	0.0000	0.0000	0.0000	0.0000	0.0000	0.0000	0.0000	0.0000	0.0000	0.0000	0.0000	0.0000	0.0000	24.0000	2.0000	5.0000	2.0000	0.0000	0.0000	0.0000	0.0000	0.0000	0.0000	0.0000	0.0000	0.0000	0.0000	0.0000	0.0000	0.0000	0.0000	0.0000	0.0000	0.0000	0.0000	0.5304	0.4562	0.0742	0.0117	0.0109	0.0008	0.5187	0.4453	0.0734	0.2077	0.1185	0.0892	0.0222	0.0171	0.0050	0.1855	0.1013	0.0842	0.0000	0.0000	0.0000	0.0000	0.0000	0.0000	0.0000	0.0000	0.0000	0.0000	0.0000	0.0000	0.0000	0.0000	0.0000	0.0000	0.0000	0.0000											
16	38	0.3913	5	1	1	1	1	0	0	0	0	N	N	N	N	N	N	N	N	N	N	N	N	inf	inf	inf	inf	1.9095	2.2156	0.0000	0.0000	0.0000	0.0000	2.0098	2.3446	0.0000	0.0000	0.0000	0.0000	0.0000	0.0000	0.0000	0.0000	0.0000	0.0000	0.0000	-0.4617	0.0000	24.0000	2.0000	5.0000	5.0000	1.0000	1.0000	0.0000	0.0000	0.0000	0.0000	1.0000	1.0000	0.0000	0.0000	0.0000	0.0000	0.0000	0.0000	0.0000	0.0000	0.0000	0.0000	0.5237	0.4513	0.0724	0.0262	0.0248	0.0013	0.4975	0.4265	0.0710	0.3281	0.1973	0.1308	0.0367	0.0285	0.0082	0.2914	0.1688	0.1226	inf	inf	0.0000	0.0000	0.0000	0.0000	inf	inf	0.0000	0.0000	0.0000	0.0000	0.0000	0.0000	0.0000	0.0000	0.0000	0.0000						
16	39	0.2937	2	0	2	0	1	0	0	0	0	N	Y	N	N	N	N	N	N	N	N	N	N	inf	inf	inf	inf	1.0700	1.2244	0.0000	3.0027	3.0029	0.0000	0.0000	0.0000	0.0000	0.0000	0.0000	0.0000	0.0000	0.0000	0.0000	0.0000	0.0000	0.0000	0.0000	-0.0100	0.0000	24.0000	0.0217	5.0000	6.0735	0.0217	0.0217	0.0000	0.0217	0.0217	0.0000	0.0000	0.0000	0.0000	0.0000	0.0000	0.0000	0.0000	0.0000	0.0000	0.0000	0.0000	0.0000	0.0203	0.0177	0.0026	0.0072	0.0072	0.0000	0.0131	0.0105	0.0026	0.3423	0.2002	0.1421	0.0482	0.0383	0.0099	0.2941	0.1619	0.1321	inf	inf	0.0000	inf	inf	0.0000	0.0000	0.0000	0.0000	0.0000	0.0000	0.0000	0.0000	0.0000	0.0000	0.0000	0.0000	0.0000						
16	42	0.3913	5	1	1	1	1	0	0	0	0	N	N	N	N	N	N	N	N	N	N	N	N	0.0000	0.0000	0.0000	0.0000	0.0000	0.0000	0.0000	0.0000	0.0000	0.0000	0.0000	0.0000	0.0000	0.0000	0.0000	0.0000	0.0000	0.0000	0.0000	0.0000	24.0000	0.0000	5.0000	0.0000	0.0000	0.0000	0.0000	0.0000	0.0000	0.0000	0.0000	0.0000	0.0000	0.0000	0.0000	0.0000	0.0000	0.0000	0.0000	0.0000	0.0000	0.0000	0.0000	0.0000	0.0000	0.0000	0.0000	0.0000	0.0000	0.0000	0.0000	0.0000	0.0000	0.0000	0.0000	0.0000	0.0000	0.0000	0.0000	0.0000	0.0000	0.0000	0.0000	0.0000	0.0000	0.0000	0.0000	0.0000	0.0000	0.0000	0.0000	0.0000	0.0000	0.0000	0.0000	0.0000	0.0000	0.0000											
16	43	0.3745	4	1	1	1	1	0	0	0	0	N	N	N	N	N	N	N	N	N	N	N	N	0.0000	0.0000	0.0000	0.0000	0.0000	0.0000	0.0000	0.0000	0.0000	0.0000	0.0000	0.0000	0.0000	0.0000	0.0000	0.0000	0.0000	0.0000	0.0000	0.0000	24.0000	1.0000	5.0000	3.0000	0.0000	0.0000	0.0000	0.0000	0.0000	0.0000	0.0000	0.0000	0.0000	0.0000	0.0000	0.0000	0.0000	0.0000	0.0000	0.0000	0.0000	0.0000	0.2646	0.2279	0.0367	0.0120	0.0114	0.0006	0.2526	0.2165	0.0361	0.1907	0.1137	0.0770	0.0180	0.0137	0.0044	0.1726	0.1000	0.0726	0.0000	0.0000	0.0000	0.0000	0.0000	0.0000	0.0000	0.0000	0.0000	0.0000	0.0000	0.0000	0.0000	0.0000	0.0000	0.0000	0.0000	0.0000											
16	44	0.3745	4	1	1	1	1	0	0	0	0	N	N	N	N	N	N	N	N	N	N	N	N	0.0000	0.0000	0.0000	0.0000	0.0000	0.0000	0.0000	0.0000	0.0000	0.0000	0.0000	0.0000	0.0000	0.0000	0.0000	0.0000	0.0000	0.0000	0.0000	0.0000	24.0000	1.0000	5.0000	3.0000	0.0000	0.0000	0.0000	0.0000	0.0000	0.0000	0.0000	0.0000	0.0000	0.0000	0.0000	0.0000	0.0000	0.0000	0.0000	0.0000	0.0000	0.0000	0.2646	0.2279	0.0367	0.0120	0.0114	0.0006	0.2526	0.2165	0.0361	0.1907	0.1137	0.0770	0.0180	0.0137	0.0044	0.1726	0.1000	0.0726	0.0000	0.0000	0.0000	0.0000	0.0000	0.0000	0.0000	0.0000	0.0000	0.0000	0.0000	0.0000	0.0000	0.0000	0.0000	0.0000	0.0000	0.0000											
16	45	0.3193	2	0	1	1	1	0	0	0	0	N	N	N	N	N	N	N	N	N	N	N	N	0.0000	0.0000	0.0000	0.0000	0.0000	0.0000	0.0000	0.0000	0.0000	0.0000	0.0000	0.0000	0.0000	0.0000	0.0000	0.0000	0.0000	0.0000	0.0000	0.0000	24.0000	0.0000	5.0000	0.0000	0.0000	0.0000	0.0000	0.0000	0.0000	0.0000	0.0000	0.0000	0.0000	0.0000	0.0000	0.0000	0.0000	0.0000	0.0000	0.0000	0.0000	0.0000	0.0000	0.0000	0.0000	0.0000	0.0000	0.0000	0.0000	0.0000	0.0000	0.0000	0.0000	0.0000	0.0000	0.0000	0.0000	0.0000	0.0000	0.0000	0.0000	0.0000	0.0000	0.0000	0.0000	0.0000	0.0000	0.0000	0.0000	0.0000	0.0000	0.0000	0.0000	0.0000	0.0000	0.0000	0.0000	0.0000											
16	47	0.3473	3	0	2	0	1	0	0	0	0	N	Y	N	N	N	N	N	N	N	N	N	N	0.0000	0.0000	0.0000	0.0000	0.0000	0.0000	0.0000	0.0000	0.0000	0.0000	0.0000	0.0000	0.0000	0.0000	0.0000	0.0000	0.0000	0.0000	0.0000	0.0000	24.0000	0.0000	5.0000	0.0000	0.0000	0.0000	0.0000	0.0000	0.0000	0.0000	0.0000	0.0000	0.0000	0.0000	0.0000	0.0000	0.0000	0.0000	0.0000	0.0000	0.0000	0.0000	0.0000	0.0000	0.0000	0.0000	0.0000	0.0000	0.0000	0.0000	0.0000	0.0000	0.0000	0.0000	0.0000	0.0000	0.0000	0.0000	0.0000	0.0000	0.0000	0.0000	0.0000	0.0000	0.0000	0.0000	0.0000	0.0000	0.0000	0.0000	0.0000	0.0000	0.0000	0.0000	0.0000	0.0000	0.0000	0.0000											
16	48	0.4071	6	1	2	1	1	0	0	0	0	N	Y	N	N	N	N	N	N	N	N	N	N	0.0000	0.0000	0.0000	0.0000	0.0000	0.0000	0.0000	0.0000	0.0000	0.0000	0.0000	0.0000	0.0000	0.0000	0.0000	0.0000	0.0000	0.0000	0.0000	0.0000	24.0000	0.0000	5.0000	2.0152	0.0000	0.0000	0.0000	0.0000	0.0000	0.0000	0.0000	0.0000	0.0000	0.0000	0.0000	0.0000	0.0000	0.0000	0.0000	0.0000	0.0000	0.0000	0.0000	0.0000	0.0000	0.0000	0.0000	0.0000	0.0000	0.0000	0.0000	0.1052	0.0635	0.0416	0.0181	0.0146	0.0034	0.0871	0.0489	0.0382	0.0000	0.0000	0.0000	0.0000	0.0000	0.0000	0.0000	0.0000	0.0000	0.0000	0.0000	0.0000	0.0000	0.0000	0.0000	0.0000	0.0000	0.0000											
16	49	0.4028	5	1	1	1	1	0	0	0	0	N	N	N	N	N	N	N	N	N	N	N	N	0.0000	0.0000	0.0000	0.0000	0.0000	0.0000	0.0000	0.0000	0.0000	0.0000	0.0000	0.0000	0.0000	0.0000	0.0000	0.0000	0.0000	0.0000	0.0000	0.0000	24.0000	0.0003	5.0000	1.0311	0.0000	0.0000	0.0000	0.0000	0.0000	0.0000	0.0000	0.0000	0.0000	0.0000	0.0000	0.0000	0.0000	0.0000	0.0000	0.0000	0.0000	0.0000	0.0003	0.0003	0.0000	0.0001	0.0001	0.0000	0.0002	0.0002	0.0000	0.0545	0.0333	0.0213	0.0092	0.0076	0.0016	0.0453	0.0257	0.0196	0.0000	0.0000	0.0000	0.0000	0.0000	0.0000	0.0000	0.0000	0.0000	0.0000	0.0000	0.0000	0.0000	0.0000	0.0000	0.0000	0.0000	0.0000											
16	50	0.4028	5	1	2	1	1	0	0	0	0	N	Y	N	N	N	N	N	N	N	N	N	N	0.0000	0.0000	0.0000	0.0000	0.0000	0.0000	0.0000	0.0000	0.0000	0.0000	0.0000	0.0000	0.0000	0.0000	0.0000	0.0000	0.0000	0.0000	0.0000	0.0000	24.0000	0.0003	5.0000	1.0126	0.0000	0.0000	0.0000	0.0000	0.0000	0.0000	0.0000	0.0000	0.0000	0.0000	0.0000	0.0000	0.0000	0.0000	0.0000	0.0000	0.0000	0.0000	0.0003	0.0003	0.0000	0.0001	0.0001	0.0000	0.0002	0.0002	0.0000	0.0536	0.0327	0.0209	0.0091	0.0075	0.0016	0.0445	0.0253	0.0193	0.0000	0.0000	0.0000	0.0000	0.0000	0.0000	0.0000	0.0000	0.0000	0.0000	0.0000	0.0000	0.0000	0.0000	0.0000	0.0000	0.0000	0.0000											
16	51	0.4320	4	1	2	0	1	0	0	0	0	N	Y	N	N	N	N	N	N	N	N	N	N	0.0000	0.0000	0.0000	0.0000	0.0000	0.0000	0.0000	0.0000	0.0000	0.0000	0.0000	0.0000	0.0000	0.0000	0.0000	0.0000	0.0000	0.0000	0.0000	0.0000	24.0000	0.0000	5.0000	1.0000	0.0000	0.0000	0.0000	0.0000	0.0000	0.0000	0.0000	0.0000	0.0000	0.0000	0.0000	0.0000	0.0000	0.0000	0.0000	0.0000	0.0000	0.0000	0.0000	0.0000	0.0000	0.0000	0.0000	0.0000	0.0000	0.0000	0.0000	0.0496	0.0300	0.0196	0.0106	0.0083	0.0023	0.0390	0.0216	0.0174	0.0000	0.0000	0.0000	0.0000	0.0000	0.0000	0.0000	0.0000	0.0000	0.0000	0.0000	0.0000	0.0000	0.0000	0.0000	0.0000	0.0000	0.0000											
16	52	0.3153	3	0	2	0	2	0	0	0	0	N	Y	N	Y	N	N	N	N	N	N	N	N	0.0000	0.0000	0.0000	0.0000	0.0000	0.0000	0.0000	0.0000	0.0000	0.0000	0.0000	0.0000	0.0000	0.0000	0.0000	0.0000	0.0000	0.0000	0.0000	0.0000	24.0000	0.9995	5.0000	1.0399	0.0000	0.0000	0.0000	0.0000	0.0000	0.0000	0.0000	0.0000	0.0000	0.0000	0.0000	0.0000	0.0000	0.0000	0.0000	0.0000	0.0000	0.0000	0.2669	0.2294	0.0375	0.0047	0.0044	0.0003	0.2622	0.2250	0.0372	0.1477	0.0990	0.0488	0.0261	0.0253	0.0008	0.1216	0.0737	0.0480	0.0000	0.0000	0.0000	0.0000	0.0000	0.0000	0.0000	0.0000	0.0000	0.0000	0.0000	0.0000	0.0000	0.0000	0.0000	0.0000	0.0000	0.0000											
16	53	0.3153	3	0	1	0	2	0	0	0	0	N	N	N	Y	N	N	N	N	N	N	N	N	0.0000	0.0000	0.0000	0.0000	0.0000	0.0000	0.0000	0.0000	0.0000	0.0000	0.0000	0.0000	0.0000	0.0000	0.0000	0.0000	0.0000	0.0000	0.0000	0.0000	24.0000	3.0005	5.0000	1.0125	0.0000	0.0000	0.0000	0.0000	0.0000	0.0000	0.0000	0.0000	0.0000	0.0000	0.0000	0.0000	0.0000	0.0000	0.0000	0.0000	0.0000	0.0000	0.7861	0.6763	0.1098	0.0137	0.0129	0.0008	0.7724	0.6634	0.1090	0.2460	0.1546	0.0914	0.0303	0.0288	0.0015	0.2157	0.1258	0.0899	0.0000	0.0000	0.0000	0.0000	0.0000	0.0000	0.0000	0.0000	0.0000	0.0000	0.0000	0.0000	0.0000	0.0000	0.0000	0.0000	0.0000	0.0000											
16	54	0.3071	2	0	1	0	2	0	0	0	0	N	N	N	Y	N	N	N	N	N	N	N	N	0.0000	0.0000	0.0000	0.0000	0.0000	0.0000	0.0000	0.0000	0.0000	0.0000	0.0000	0.0000	0.0000	0.0000	0.0000	0.0000	0.0000	0.0000	0.0000	0.0000	24.0000	0.0013	5.0000	1.9704	0.0000	0.0000	0.0000	0.0000	0.0000	0.0000	0.0000	0.0000	0.0000	0.0000	0.0000	0.0000	0.0000	0.0000	0.0000	0.0000	0.0000	0.0000	0.0004	0.0003	0.0001	0.0000	0.0000	0.0000	0.0004	0.0003	0.0001	0.1013	0.0568	0.0445	0.0013	0.0011	0.0001	0.1000	0.0556	0.0444	0.0000	0.0000	0.0000	0.0000	0.0000	0.0000	0.0000	0.0000	0.0000	0.0000	0.0000	0.0000	0.0000	0.0000	0.0000	0.0000	0.0000	0.0000											
16	56	0.3934	6	0	2	1	1	0	0	0	0	N	Y	N	N	N	N	N	N	N	N	N	N	0.0000	0.0000	0.0000	0.0000	0.0000	0.0000	0.0000	0.0000	0.0000	0.0000	0.0000	0.0000	0.0000	0.0000	0.0000	0.0000	0.0000	0.0000	0.0000	0.0000	24.0000	2.0013	5.0000	5.6727	0.0000	0.0000	0.0000	0.0000	0.0000	0.0000	0.0000	0.0000	0.0000	0.0000	0.0000	0.0000	0.0000	0.0000	0.0000	0.0000	0.0000	0.0000	0.5270	0.4542	0.0729	0.0248	0.0236	0.0012	0.5022	0.4306	0.0717	0.4515	0.2958	0.1558	0.0960	0.0845	0.0115	0.3555	0.2113	0.1442	0.0000	0.0000	0.0000	0.0000	0.0000	0.0000	0.0000	0.0000	0.0000	0.0000	0.0000	0.0000	0.0000	0.0000	0.0000	0.0000	0.0000	0.0000											
16	57	0.3897	5	0	2	0	1	0	0	0	0	N	Y	N	N	N	N	N	N	N	N	N	N	0.0000	0.0000	0.0000	0.0000	0.0000	0.0000	0.0000	0.0000	0.0000	0.0000	0.0000	0.0000	0.0000	0.0000	0.0000	0.0000	0.0000	0.0000	0.0000	0.0000	24.0000	0.0033	5.0000	1.3874	0.0000	0.0000	0.0000	0.0000	0.0000	0.0000	0.0000	0.0000	0.0000	0.0000	0.0000	0.0000	0.0000	0.0000	0.0000	0.0000	0.0000	0.0000	0.0012	0.0011	0.0001	0.0002	0.0002	0.0000	0.0010	0.0009	0.0001	0.1592	0.1200	0.0392	0.0547	0.0525	0.0022	0.1045	0.0675	0.0370	0.0000	0.0000	0.0000	0.0000	0.0000	0.0000	0.0000	0.0000	0.0000	0.0000	0.0000	0.0000	0.0000	0.0000	0.0000	0.0000	0.0000	0.0000											
16	58	0.3745	4	1	1	1	1	0	0	0	0	N	N	N	N	N	N	N	N	N	N	N	N	0.0000	0.0000	0.0000	0.0000	0.0000	0.0000	0.0000	0.0000	0.0000	0.0000	0.0000	0.0000	0.0000	0.0000	0.0000	0.0000	0.0000	0.0000	0.0000	0.0000	24.0000	0.0000	5.0000	2.0000	0.0000	0.0000	0.0000	0.0000	0.0000	0.0000	0.0000	0.0000	0.0000	0.0000	0.0000	0.0000	0.0000	0.0000	0.0000	0.0000	0.0000	0.0000	0.0000	0.0000	0.0000	0.0000	0.0000	0.0000	0.0000	0.0000	0.0000	0.0967	0.0577	0.0391	0.0091	0.0069	0.0022	0.0876	0.0508	0.0368	0.0000	0.0000	0.0000	0.0000	0.0000	0.0000	0.0000	0.0000	0.0000	0.0000	0.0000	0.0000	0.0000	0.0000	0.0000	0.0000	0.0000	0.0000											
16	59	0.3897	5	0	2	0	1	0	0	0	0	N	Y	N	N	N	N	N	N	N	N	N	N	0.0000	0.0000	0.0000	0.0000	0.0000	0.0000	0.0000	0.0000	0.0000	0.0000	0.0000	0.0000	0.0000	0.0000	0.0000	0.0000	0.0000	0.0000	0.0000	0.0000	24.0000	1.9997	5.0000	3.4660	0.0000	0.0000	0.0000	0.0000	0.0000	0.0000	0.0000	0.0000	0.0000	0.0000	0.0000	0.0000	0.0000	0.0000	0.0000	0.0000	0.0000	0.0000	0.5246	0.4520	0.0726	0.0238	0.0226	0.0012	0.5008	0.4294	0.0714	0.3442	0.2299	0.1143	0.0767	0.0685	0.0082	0.2675	0.1613	0.1061	0.0000	0.0000	0.0000	0.0000	0.0000	0.0000	0.0000	0.0000	0.0000	0.0000	0.0000	0.0000	0.0000	0.0000	0.0000	0.0000	0.0000	0.0000											
16	60	0.3745	4	0	2	0	1	0	0	0	0	N	Y	N	N	N	N	N	N	N	N	N	N	0.0000	0.0000	0.0000	0.0000	0.0000	0.0000	0.0000	0.0000	0.0000	0.0000	0.0000	0.0000	0.0000	0.0000	0.0000	0.0000	0.0000	0.0000	0.0000	0.0000	24.0000	0.0005	5.0000	3.6054	0.0000	0.0000	0.0000	0.0000	0.0000	0.0000	0.0000	0.0000	0.0000	0.0000	0.0000	0.0000	0.0000	0.0000	0.0000	0.0000	0.0000	0.0000	0.0001	0.0001	0.0000	0.0000	0.0000	0.0000	0.0001	0.0001	0.0000	0.1724	0.1028	0.0696	0.0163	0.0123	0.0040	0.1561	0.0904	0.0656	0.0000	0.0000	0.0000	0.0000	0.0000	0.0000	0.0000	0.0000	0.0000	0.0000	0.0000	0.0000	0.0000	0.0000	0.0000	0.0000	0.0000	0.0000											
16	61	0.3473	3	0	1	1	1	0	0	0	0	N	N	N	N	N	N	N	N	N	N	N	N	0.0000	0.0000	0.0000	0.0000	0.0000	0.0000	0.0000	0.0000	0.0000	0.0000	0.0000	0.0000	0.0000	0.0000	0.0000	0.0000	0.0000	0.0000	0.0000	0.0000	24.0000	0.0000	5.0000	1.0000	0.0000	0.0000	0.0000	0.0000	0.0000	0.0000	0.0000	0.0000	0.0000	0.0000	0.0000	0.0000	0.0000	0.0000	0.0000	0.0000	0.0000	0.0000	0.0000	0.0000	0.0000	0.0000	0.0000	0.0000	0.0000	0.0000	0.0000	0.0492	0.0279	0.0213	0.0037	0.0026	0.0011	0.0455	0.0253	0.0202	0.0000	0.0000	0.0000	0.0000	0.0000	0.0000	0.0000	0.0000	0.0000	0.0000	0.0000	0.0000	0.0000	0.0000	0.0000	0.0000	0.0000	0.0000											
16	62	0.3430	2	0	1	0	1	0	0	0	0	N	N	N	N	N	N	N	N	N	N	N	N	0.0000	0.0000	0.0000	0.0000	0.0000	0.0000	0.0000	0.0000	0.0000	0.0000	0.0000	0.0000	0.0000	0.0000	0.0000	0.0000	0.0000	0.0000	0.0000	0.0000	24.0000	0.0001	5.0000	1.0076	0.0000	0.0000	0.0000	0.0000	0.0000	0.0000	0.0000	0.0000	0.0000	0.0000	0.0000	0.0000	0.0000	0.0000	0.0000	0.0000	0.0000	0.0000	0.0001	0.0001	0.0000	0.0000	0.0000	0.0000	0.0001	0.0000	0.0000	0.0624	0.0388	0.0236	0.0099	0.0088	0.0011	0.0525	0.0300	0.0225	0.0000	0.0000	0.0000	0.0000	0.0000	0.0000	0.0000	0.0000	0.0000	0.0000	0.0000	0.0000	0.0000	0.0000	0.0000	0.0000	0.0000	0.0000											
16	64	0.3745	4	1	2	0	1	0	0	0	0	N	Y	N	N	N	N	N	N	N	N	N	N	0.0000	0.0000	0.0000	0.0000	0.0000	0.0000	0.0000	0.0000	0.0000	0.0000	0.0000	0.0000	0.0000	0.0000	0.0000	0.0000	0.0000	0.0000	0.0000	0.0000	24.0000	4.0000	5.0000	3.0000	0.0000	0.0000	0.0000	0.0000	0.0000	0.0000	0.0000	0.0000	0.0000	0.0000	0.0000	0.0000	0.0000	0.0000	0.0000	0.0000	0.0000	0.0000	1.0301	0.8883	0.1419	0.0463	0.0440	0.0024	0.9838	0.8443	0.1395	0.3266	0.1947	0.1318	0.0311	0.0235	0.0076	0.2955	0.1712	0.1243	0.0000	0.0000	0.0000	0.0000	0.0000	0.0000	0.0000	0.0000	0.0000	0.0000	0.0000	0.0000	0.0000	0.0000	0.0000	0.0000	0.0000	0.0000											
16	65	0.3327	3	0	1	0	1	0	0	0	0	N	N	N	N	N	N	N	N	N	N	N	N	0.0000	0.0000	0.0000	0.0000	0.0000	0.0000	0.0000	0.0000	0.0000	0.0000	0.0000	0.0000	0.0000	2.2320	3.8955	0.0000	0.0000	0.0000	0.0000	1.9157	3.4340	0.0000	0.0000	0.0000	-0.5399	24.0000	2.0015	5.0000	10.0016	0.0000	0.0000	0.0000	0.0000	0.0000	0.0000	0.0000	0.0000	0.0000	1.0000	1.0000	0.0000	0.0000	0.0000	0.0000	1.0000	1.0000	0.0000	0.5323	0.4576	0.0747	0.0065	0.0060	0.0005	0.5258	0.4516	0.0742	0.5575	0.3175	0.2399	0.0355	0.0263	0.0092	0.5220	0.2912	0.2308	0.0000	0.0000	0.0000	0.0000	0.0000	0.0000	0.0000	0.0000	0.0000	1.7939	3.1495	0.0000	0.0000	0.0000	0.0000	1.9157	3.4340	0.0000						
16	67	0.4876	5	0	1	0	1	0	0	0	0	N	N	N	N	N	N	N	N	N	N	N	N	0.0561	0.0442	0.9318	0.8183	0.0010	0.0007	0.0007	0.0008	0.0000	0.0073	0.0076	0.0000	0.0000	0.0000	0.0000	0.0130	0.0190	0.0000	0.0078	0.0092	0.0000	0.0164	0.0281	0.0000	0.0000	0.0000	-0.0005	-0.0102	24.0000	4.8614	5.0000	14.2102	0.0010	0.0010	0.0000	0.0010	0.0010	0.0000	0.0000	0.0000	0.0000	0.0188	0.0188	0.0000	0.0044	0.0044	0.0000	0.0144	0.0144	0.0000	1.4081	1.2269	0.1812	0.1383	0.1335	0.0048	1.2697	1.0934	0.1764	1.4438	0.9909	0.4529	0.5641	0.4781	0.0860	0.8797	0.5128	0.3669	0.0561	0.0442	0.0000	0.9318	0.8183	0.0000	0.0010	0.0007	0.0000	0.0130	0.0190	0.0000	0.0078	0.0092	0.0000	0.0164	0.0281	0.0000			
16	68	0.4084	7	1	2	1	1	0	0	0	0	N	Y	N	N	N	N	N	N	N	N	N	N	0.0000	0.0000	0.0000	0.0000	0.0000	0.0000	0.0000	0.0000	0.0000	0.0000	0.0000	0.0000	0.0000	0.0000	0.0000	0.0000	0.0000	0.0000	0.0000	0.0000	24.0000	0.0000	5.0000	0.0000	0.0000	0.0000	0.0000	0.0000	0.0000	0.0000	0.0000	0.0000	0.0000	0.0000	0.0000	0.0000	0.0000	0.0000	0.0000	0.0000	0.0000	0.0000	0.0000	0.0000	0.0000	0.0000	0.0000	0.0000	0.0000	0.0000	0.0000	0.0000	0.0000	0.0000	0.0000	0.0000	0.0000	0.0000	0.0000	0.0000	0.0000	0.0000	0.0000	0.0000	0.0000	0.0000	0.0000	0.0000	0.0000	0.0000	0.0000	0.0000	0.0000	0.0000	0.0000	0.0000	0.0000	0.0000											
16	69	0.4043	6	1	1	1	1	0	0	0	0	N	N	N	N	N	N	N	N	N	N	N	N	0.0000	0.0000	0.0000	0.0000	0.0000	0.0000	0.0000	0.0000	0.0000	0.0000	0.0000	0.0000	0.0000	0.0000	0.0000	0.0000	0.0000	0.0000	0.0000	0.0000	24.0000	0.0016	5.0000	0.9826	0.0000	0.0000	0.0000	0.0000	0.0000	0.0000	0.0000	0.0000	0.0000	0.0000	0.0000	0.0000	0.0000	0.0000	0.0000	0.0000	0.0000	0.0000	0.0015	0.0014	0.0002	0.0006	0.0006	0.0000	0.0010	0.0008	0.0002	0.0525	0.0323	0.0202	0.0104	0.0087	0.0017	0.0422	0.0236	0.0185	0.0000	0.0000	0.0000	0.0000	0.0000	0.0000	0.0000	0.0000	0.0000	0.0000	0.0000	0.0000	0.0000	0.0000	0.0000	0.0000	0.0000	0.0000											
16	70	0.3916	5	1	1	1	1	0	0	0	0	N	N	N	N	N	N	N	N	N	N	N	N	inf	inf	inf	inf	0.5357	0.5998	0.0000	1.6627	1.6673	0.0000	0.0000	0.0000	0.0000	0.0000	0.0000	0.0000	0.0000	0.0000	0.0000	0.0000	0.0000	0.0000	0.0000	-0.0010	0.0000	24.0000	0.0061	5.0000	3.0249	0.0022	0.0022	0.0000	0.0022	0.0022	0.0000	0.0000	0.0000	0.0000	0.0000	0.0000	0.0000	0.0000	0.0000	0.0000	0.0000	0.0000	0.0000	0.0041	0.0037	0.0004	0.0013	0.0013	0.0000	0.0028	0.0024	0.0004	0.1621	0.1002	0.0619	0.0289	0.0243	0.0046	0.1333	0.0759	0.0574	inf	inf	0.0000	inf	inf	0.0000	0.0000	0.0000	0.0000	0.0000	0.0000	0.0000	0.0000	0.0000	0.0000	0.0000	0.0000	0.0000						
16	71	0.3745	4	1	1	1	1	0	0	0	0	N	N	N	N	N	N	N	N	N	N	N	N	inf	inf	inf	inf	inf	inf	1.8726	2.1656	0.0606	0.0000	0.0000	0.0000	1.9616	2.2795	0.0616	0.0000	0.0000	0.0000	0.0000	0.0000	0.0000	0.0000	0.0000	0.0000	0.0045	-0.0010	0.0000	24.0000	0.0044	5.0000	4.0281	0.0022	0.0022	0.0000	0.0000	0.0000	0.0000	0.0022	0.0022	0.0000	0.0000	0.0000	0.0000	0.0000	0.0000	0.0000	0.0000	0.0000	0.0000	0.0012	0.0010	0.0002	0.0001	0.0001	0.0000	0.0011	0.0010	0.0002	0.1922	0.1146	0.0776	0.0182	0.0138	0.0044	0.1740	0.1008	0.0732	inf	inf	inf	0.0000	0.0000	0.0000	inf	inf	inf	0.0000	0.0000	0.0000	0.0000	0.0000	0.0000	0.0000	0.0000	0.0000				
16	72	0.3327	3	0	2	0	1	0	0	0	0	N	Y	N	N	N	N	N	N	N	N	N	N	0.1652	0.1094	0.1564	0.1015	0.6509	0.7559	0.0000	0.0000	0.0000	0.0000	0.6584	0.7652	0.0000	3.9407	6.9090	0.0000	0.0000	0.0000	0.0000	4.2105	7.5356	0.0000	0.0000	0.0000	-0.4617	-1.6198	24.0000	5.9987	5.0000	11.0016	1.0000	1.0000	0.0000	0.0000	0.0000	0.0000	1.0000	1.0000	0.0000	3.0000	3.0000	0.0000	0.0000	0.0000	0.0000	3.0000	3.0000	0.0000	1.5363	1.3230	0.2133	0.0176	0.0162	0.0014	1.5187	1.3068	0.2119	0.7613	0.4342	0.3271	0.0488	0.0361	0.0127	0.7125	0.3981	0.3144	0.1652	0.1094	0.0000	0.0000	0.0000	0.0000	0.1564	0.1015	0.0000	3.9407	6.9090	0.0000	0.0000	0.0000	0.0000	4.2105	7.5356	0.0000					
16	73	0.3745	4	1	1	1	1	0	0	0	0	N	N	N	N	N	N	N	N	N	N	N	N	0.0000	0.0000	0.0000	0.0000	0.0000	0.0000	0.0000	0.0000	0.0000	0.0000	0.0000	0.0000	0.0000	0.0000	0.0000	0.0000	0.0000	0.0000	0.0000	0.0000	24.0000	2.0000	5.0000	5.0000	0.0000	0.0000	0.0000	0.0000	0.0000	0.0000	0.0000	0.0000	0.0000	0.0000	0.0000	0.0000	0.0000	0.0000	0.0000	0.0000	0.0000	0.0000	0.5244	0.4518	0.0726	0.0237	0.0225	0.0012	0.5007	0.4293	0.0714	0.3266	0.1947	0.1318	0.0311	0.0235	0.0076	0.2955	0.1712	0.1243	0.0000	0.0000	0.0000	0.0000	0.0000	0.0000	0.0000	0.0000	0.0000	0.0000	0.0000	0.0000	0.0000	0.0000	0.0000	0.0000	0.0000	0.0000											
16	74	0.3745	5	0	2	0	1	0	0	0	0	N	Y	N	N	N	N	N	N	N	N	N	N	0.5905	0.4052	1.2983	1.2315	0.0000	0.0000	0.0000	0.0002	0.0002	0.0000	0.0000	0.0000	0.0000	0.0000	0.0000	0.0000	0.0002	0.0002	0.0000	0.0000	0.0000	0.0000	0.0000	0.0000	-0.0000	-0.0000	24.0000	6.1274	5.0000	13.6208	0.0000	0.0000	0.0000	0.0000	0.0000	0.0000	0.0000	0.0000	0.0000	0.0000	0.0000	0.0000	0.0000	0.0000	0.0000	0.0000	0.0000	0.0000	1.6210	1.3986	0.2224	0.0483	0.0466	0.0017	1.5727	1.3520	0.2207	0.9572	0.5667	0.3905	0.0627	0.0574	0.0053	0.8945	0.5093	0.3852	0.5905	0.4052	0.0000	1.2983	1.2315	0.0000	0.0000	0.0000	0.0000	0.0000	0.0000	0.0000	0.0002	0.0002	0.0000	0.0000	0.0000	0.0000					
16	75	0.3991	8	0	1	1	1	0	0	0	0	N	N	N	N	N	N	N	N	N	N	N	N	0.0000	0.0000	0.0000	0.0000	0.0000	0.0000	0.0000	0.0000	0.0000	0.0000	0.0000	0.0000	0.0000	0.0000	0.0000	0.0000	0.0000	0.0000	0.0000	0.0000	24.0000	0.0000	5.0000	1.0003	0.0000	0.0000	0.0000	0.0000	0.0000	0.0000	0.0000	0.0000	0.0000	0.0000	0.0000	0.0000	0.0000	0.0000	0.0000	0.0000	0.0000	0.0000	0.0000	0.0000	0.0000	0.0000	0.0000	0.0000	0.0000	0.0000	0.0000	0.0513	0.0303	0.0210	0.0026	0.0022	0.0004	0.0487	0.0280	0.0206	0.0000	0.0000	0.0000	0.0000	0.0000	0.0000	0.0000	0.0000	0.0000	0.0000	0.0000	0.0000	0.0000	0.0000	0.0000	0.0000	0.0000	0.0000											
16	76	0.3949	7	0	1	1	1	0	0	0	0	N	N	N	N	N	N	N	N	N	N	N	N	0.0000	0.0000	0.0000	0.0000	0.0000	0.0000	0.0000	0.0000	0.0000	0.0000	0.0000	0.0000	0.0000	0.0000	0.0000	0.0000	0.0000	0.0000	0.0000	0.0000	24.0000	0.0000	5.0000	1.0076	0.0000	0.0000	0.0000	0.0000	0.0000	0.0000	0.0000	0.0000	0.0000	0.0000	0.0000	0.0000	0.0000	0.0000	0.0000	0.0000	0.0000	0.0000	0.0000	0.0000	0.0000	0.0000	0.0000	0.0000	0.0000	0.0000	0.0000	0.0511	0.0301	0.0211	0.0020	0.0017	0.0003	0.0491	0.0283	0.0208	0.0000	0.0000	0.0000	0.0000	0.0000	0.0000	0.0000	0.0000	0.0000	0.0000	0.0000	0.0000	0.0000	0.0000	0.0000	0.0000	0.0000	0.0000											
16	77	0.3909	6	0	1	0	1	0	0	0	0	N	N	N	N	N	N	N	N	N	N	N	N	0.0000	0.0000	0.0000	0.0000	0.0000	0.0000	0.0000	0.0000	0.0000	0.0000	0.0000	0.0000	0.0000	0.0000	0.0000	0.0000	0.0000	0.0000	0.0000	0.0000	24.0000	0.0026	5.0000	0.9924	0.0000	0.0000	0.0000	0.0000	0.0000	0.0000	0.0000	0.0000	0.0000	0.0000	0.0000	0.0000	0.0000	0.0000	0.0000	0.0000	0.0000	0.0000	0.0022	0.0020	0.0002	0.0008	0.0008	0.0000	0.0014	0.0012	0.0002	0.0505	0.0296	0.0208	0.0019	0.0017	0.0003	0.0485	0.0280	0.0206	0.0000	0.0000	0.0000	0.0000	0.0000	0.0000	0.0000	0.0000	0.0000	0.0000	0.0000	0.0000	0.0000	0.0000	0.0000	0.0000	0.0000	0.0000											
16	78	0.3745	5	0	1	0	1	0	0	0	0	N	N	N	N	N	N	N	N	N	N	N	N	0.3651	0.2702	1.1185	1.1085	0.0000	0.0000	0.0000	0.0003	0.0003	0.0000	0.0000	0.0000	0.0000	0.0000	0.0001	0.0000	0.0002	0.0002	0.0000	0.0000	0.0000	0.0000	0.0000	0.0000	-0.0000	-0.0000	24.0000	2.8733	5.0000	1.5522	0.0000	0.0000	0.0000	0.0000	0.0000	0.0000	0.0000	0.0000	0.0000	0.0000	0.0000	0.0000	0.0000	0.0000	0.0000	0.0000	0.0000	0.0000	0.8153	0.7040	0.1113	0.0396	0.0388	0.0008	0.7757	0.6652	0.1105	0.2976	0.1902	0.1074	0.0443	0.0430	0.0013	0.2533	0.1472	0.1061	0.3651	0.2702	0.0000	1.1185	1.1085	0.0000	0.0000	0.0000	0.0000	0.0000	0.0001	0.0000	0.0002	0.0002	0.0000	0.0000	0.0000	0.0000					
16	79	0.3624	4	0	1	0	1	0	0	0	0	N	N	N	N	N	N	N	N	N	N	N	N	0.8303	0.6635	1.0451	1.0115	3.4986	2.4790	0.0012	0.0013	0.0000	0.0052	0.0053	0.0000	0.0001	0.0002	0.0000	0.0014	0.0020	0.0000	0.0050	0.0052	0.0000	0.0000	0.0001	0.0000	0.0000	0.0000	-0.0001	-0.0003	24.0000	0.2102	5.0000	3.4985	0.0001	0.0001	0.0000	0.0001	0.0001	0.0000	0.0000	0.0000	0.0000	0.0005	0.0005	0.0000	0.0005	0.0005	0.0000	0.0000	0.0000	0.0000	0.0934	0.0819	0.0115	0.0191	0.0190	0.0001	0.0744	0.0629	0.0115	0.3597	0.2520	0.1078	0.0996	0.0961	0.0035	0.2601	0.1559	0.1043	0.8303	0.6635	0.0000	1.0451	1.0115	0.0000	3.4986	2.4790	0.0000	0.0014	0.0020	0.0000	0.0050	0.0052	0.0000	0.0000	0.0001	0.0000			
16	80	0.3060	4	0	2	0	1	0	0	0	0	N	Y	N	N	N	N	N	N	N	N	N	N	inf	inf	inf	inf	0.0001	0.0001	0.0000	0.0040	0.0042	0.0000	0.0000	0.0000	0.0000	0.0000	0.0000	0.0000	0.0000	0.0000	0.0000	0.0000	0.0000	0.0000	0.0000	-0.0000	0.0000	24.0000	2.0196	5.0000	6.0690	0.0001	0.0001	0.0000	0.0001	0.0001	0.0000	0.0000	0.0000	0.0000	0.0000	0.0000	0.0000	0.0000	0.0000	0.0000	0.0000	0.0000	0.0000	0.5410	0.4660	0.0751	0.0151	0.0144	0.0007	0.5259	0.4516	0.0744	0.4165	0.2400	0.1764	0.0172	0.0166	0.0006	0.3993	0.2235	0.1759	inf	inf	0.0000	inf	inf	0.0000	0.0000	0.0000	0.0000	0.0000	0.0000	0.0000	0.0000	0.0000	0.0000	0.0000	0.0000	0.0000						
16	81	0.2977	3	0	1	0	1	0	0	0	0	N	N	N	N	N	N	N	N	N	N	N	N	inf	inf	inf	inf	inf	inf	inf	inf	0.0008	0.0008	0.0003	0.0439	0.0460	0.0000	0.0002	0.0002	0.0003	0.0000	0.0000	0.0000	0.0000	0.0000	0.0000	0.0000	0.0000	0.0000	0.0526	-0.0001	0.0000	24.0000	0.9876	5.0000	0.9833	0.0002	0.0002	0.0000	0.0001	0.0001	0.0000	0.0001	0.0000	0.0000	0.0000	0.0000	0.0000	0.0000	0.0000	0.0000	0.0000	0.0000	0.0000	0.2625	0.2255	0.0370	0.0032	0.0030	0.0002	0.2593	0.2225	0.0368	0.1039	0.0587	0.0452	0.0020	0.0020	0.0000	0.1019	0.0567	0.0452	inf	inf	inf	inf	inf	0.0000	inf	inf	inf	0.0000	0.0000	0.0000	0.0000	0.0000	0.0000	0.0000	0.0000	0.0000		
16	82	0.4028	5	1	1	1	1	0	0	0	0	N	N	N	N	N	N	N	N	N	N	N	N	0.0000	0.0000	0.0000	0.0000	0.0000	0.0000	0.0000	0.0000	0.0000	0.0000	0.0000	0.0000	0.0000	0.0000	0.0000	0.0000	0.0000	0.0000	0.0000	0.0000	24.0000	1.0000	5.0000	2.9874	0.0000	0.0000	0.0000	0.0000	0.0000	0.0000	0.0000	0.0000	0.0000	0.0000	0.0000	0.0000	0.0000	0.0000	0.0000	0.0000	0.0000	0.0000	0.2666	0.2290	0.0376	0.0020	0.0018	0.0002	0.2647	0.2272	0.0374	0.1981	0.1182	0.0799	0.0309	0.0247	0.0062	0.1671	0.0935	0.0737	0.0000	0.0000	0.0000	0.0000	0.0000	0.0000	0.0000	0.0000	0.0000	0.0000	0.0000	0.0000	0.0000	0.0000	0.0000	0.0000	0.0000	0.0000											
16	83	0.3745	4	1	1	1	1	0	0	0	0	N	N	N	N	N	N	N	N	N	N	N	N	0.0000	0.0000	0.0000	0.0000	0.0000	0.0000	0.0000	0.0000	0.0000	0.0000	0.0000	0.0000	0.0000	3.1413	0.0000	11.5535	0.0000	0.0000	0.0000	3.3786	0.0000	11.1919	inf	0.0000	0.4601	24.0000	0.9997	5.0000	6.0128	0.0000	0.0000	0.0000	0.0000	0.0000	0.0000	0.0000	0.0000	0.0000	1.0000	0.0000	1.0000	0.0000	0.0000	0.0000	1.0000	0.0000	1.0000	0.2645	0.2278	0.0367	0.0120	0.0114	0.0006	0.2526	0.2164	0.0361	0.3271	0.1951	0.1321	0.0311	0.0236	0.0076	0.2960	0.1715	0.1245	0.0000	0.0000	0.0000	0.0000	0.0000	0.0000	0.0000	0.0000	0.0000	3.0570	0.0000	7.5722	0.0000	0.0000	0.0000	3.3786	0.0000	8.0330						
16	84	0.3327	3	0	2	0	2	0	0	0	0	N	Y	N	Y	N	N	N	N	N	N	N	N	0.0000	0.0000	0.0000	0.0000	0.0000	0.0000	0.0000	0.0000	0.0000	0.0000	0.0000	0.0000	0.0000	1.6640	3.0192	0.0000	0.0000	0.0000	0.0000	1.2192	2.1800	0.0000	0.0000	0.0000	-0.5399	24.0000	8.0013	5.0000	12.0015	0.0000	0.0000	0.0000	0.0000	0.0000	0.0000	0.0000	0.0000	0.0000	1.0000	1.0000	0.0000	0.0000	0.0000	0.0000	1.0000	1.0000	0.0000	2.0127	1.7347	0.2779	0.0228	0.0210	0.0018	1.9899	1.7137	0.2761	0.8767	0.5004	0.3762	0.0564	0.0417	0.0147	0.8202	0.4587	0.3615	0.0000	0.0000	0.0000	0.0000	0.0000	0.0000	0.0000	0.0000	0.0000	1.1407	1.9983	0.0000	0.0000	0.0000	0.0000	1.2192	2.1800	0.0000						
16	87	0.3745	4	0	2	0	1	0	0	0	0	N	Y	N	N	N	N	N	N	N	N	N	N	0.0000	0.0000	0.0000	0.0000	0.0000	0.0000	0.0000	0.0000	0.0000	0.0000	0.0000	0.0000	0.0000	0.0000	0.0000	0.0000	0.0000	0.0000	0.0000	0.0000	24.0000	4.0000	5.0000	7.0000	0.0000	0.0000	0.0000	0.0000	0.0000	0.0000	0.0000	0.0000	0.0000	0.0000	0.0000	0.0000	0.0000	0.0000	0.0000	0.0000	0.0000	0.0000	1.0301	0.8883	0.1419	0.0463	0.0440	0.0024	0.9838	0.8443	0.1395	0.4989	0.2975	0.2014	0.0479	0.0362	0.0117	0.4510	0.2613	0.1897	0.0000	0.0000	0.0000	0.0000	0.0000	0.0000	0.0000	0.0000	0.0000	0.0000	0.0000	0.0000	0.0000	0.0000	0.0000	0.0000	0.0000	0.0000											
16	88	0.3327	3	0	1	0	1	0	0	0	0	N	N	N	N	N	N	N	N	N	N	N	N	0.0000	0.0000	0.0000	0.0000	0.0000	0.0000	0.0000	0.0000	0.0000	0.0000	0.0000	0.0000	0.0000	0.0000	0.0000	0.0000	0.0000	0.0000	0.0000	0.0000	24.0000	2.9985	5.0000	7.0016	0.0000	0.0000	0.0000	0.0000	0.0000	0.0000	0.0000	0.0000	0.0000	0.0000	0.0000	0.0000	0.0000	0.0000	0.0000	0.0000	0.0000	0.0000	0.7896	0.6791	0.1105	0.0093	0.0086	0.0007	0.7803	0.6705	0.1098	0.4714	0.2683	0.2031	0.0299	0.0222	0.0077	0.4415	0.2461	0.1954	0.0000	0.0000	0.0000	0.0000	0.0000	0.0000	0.0000	0.0000	0.0000	0.0000	0.0000	0.0000	0.0000	0.0000	0.0000	0.0000	0.0000	0.0000											
16	89	0.3062	4	0	2	0	1	0	0	0	0	N	Y	N	N	N	N	N	N	N	N	N	N	inf	inf	inf	inf	0.8918	1.0092	0.0000	2.4969	2.4982	0.0000	0.0000	0.0000	0.0000	0.0000	0.0000	0.0000	0.0000	0.0000	0.0000	0.0000	0.0000	0.0000	0.0000	-0.0059	0.0000	24.0000	0.0157	5.0000	9.0253	0.0128	0.0128	0.0000	0.0128	0.0128	0.0000	0.0000	0.0000	0.0000	0.0000	0.0000	0.0000	0.0000	0.0000	0.0000	0.0000	0.0000	0.0000	0.0143	0.0127	0.0017	0.0051	0.0051	0.0000	0.0092	0.0076	0.0017	0.4588	0.2605	0.1983	0.0233	0.0189	0.0044	0.4355	0.2416	0.1939	inf	inf	0.0000	inf	inf	0.0000	0.0000	0.0000	0.0000	0.0000	0.0000	0.0000	0.0000	0.0000	0.0000	0.0000	0.0000	0.0000						
16	90	0.2977	3	0	2	0	1	0	0	0	0	N	Y	N	N	N	N	N	N	N	N	N	N	inf	inf	inf	inf	inf	inf	2.6182	3.0312	0.0000	0.5254	0.5306	0.0000	2.7359	3.1939	0.0000	0.0000	0.0000	0.0000	0.0000	0.0000	0.0000	0.0000	0.0000	0.0000	0.0000	-0.0060	0.0000	24.0000	0.0169	5.0000	2.0013	0.0129	0.0129	0.0000	0.0001	0.0001	0.0000	0.0128	0.0128	0.0000	0.0000	0.0000	0.0000	0.0000	0.0000	0.0000	0.0000	0.0000	0.0000	0.0049	0.0043	0.0007	0.0003	0.0003	0.0000	0.0047	0.0040	0.0007	0.1063	0.0600	0.0463	0.0020	0.0020	0.0000	0.1043	0.0581	0.0462	inf	inf	0.0000	inf	inf	0.0000	inf	inf	0.0000	0.0000	0.0000	0.0000	0.0000	0.0000	0.0000	0.0000	0.0000	0.0000				
16	91	0.2890	2	0	1	0	1	0	0	0	0	N	N	N	N	N	N	N	N	N	N	N	N	inf	inf	inf	inf	inf	inf	0.0003	0.0003	0.0000	0.0038	0.0039	0.0000	0.0003	0.0003	0.0000	0.0000	0.0000	0.0000	0.0000	0.0000	0.0000	0.0000	0.0000	0.0000	0.0000	-0.0001	0.0000	24.0000	1.9923	5.0000	0.0454	0.0001	0.0001	0.0000	0.0000	0.0000	0.0000	0.0001	0.0001	0.0000	0.0000	0.0000	0.0000	0.0000	0.0000	0.0000	0.0000	0.0000	0.0000	0.5285	0.4542	0.0742	0.0027	0.0026	0.0001	0.5258	0.4517	0.0742	0.1092	0.0608	0.0484	0.0024	0.0024	0.0000	0.1068	0.0584	0.0484	inf	inf	0.0000	inf	inf	0.0000	inf	inf	0.0000	0.0000	0.0000	0.0000	0.0000	0.0000	0.0000	0.0000	0.0000	0.0000				
16	93	0.4294	8	1	2	0	2	0	0	0	0	N	Y	N	Y	N	N	N	N	N	N	N	N	0.0000	0.0000	0.0000	0.0000	0.0000	0.0000	0.0000	0.0000	0.0000	0.0000	0.0000	0.0000	0.0000	0.0000	0.0000	0.0000	0.0000	0.0000	0.0000	0.0000	24.0000	0.0000	5.0000	0.0000	0.0000	0.0000	0.0000	0.0000	0.0000	0.0000	0.0000	0.0000	0.0000	0.0000	0.0000	0.0000	0.0000	0.0000	0.0000	0.0000	0.0000	0.0000	0.0000	0.0000	0.0000	0.0000	0.0000	0.0000	0.0000	0.0000	0.0000	0.0000	0.0000	0.0000	0.0000	0.0000	0.0000	0.0000	0.0000	0.0000	0.0000	0.0000	0.0000	0.0000	0.0000	0.0000	0.0000	0.0000	0.0000	0.0000	0.0000	0.0000	0.0000	0.0000	0.0000	0.0000	0.0000	0.0000											
16	94	0.4294	7	1	2	0	2	0	0	0	0	N	Y	N	Y	N	N	N	N	N	N	N	N	0.0000	0.0000	0.0000	0.0000	0.0000	0.0000	0.0000	0.0000	0.0000	0.0000	0.0000	0.0000	0.0000	0.0000	0.0000	0.0000	0.0000	0.0000	0.0000	0.0000	24.0000	0.0000	5.0000	0.0001	0.0000	0.0000	0.0000	0.0000	0.0000	0.0000	0.0000	0.0000	0.0000	0.0000	0.0000	0.0000	0.0000	0.0000	0.0000	0.0000	0.0000	0.0000	0.0000	0.0000	0.0000	0.0000	0.0000	0.0000	0.0000	0.0000	0.0000	0.0001	0.0001	0.0000	0.0000	0.0000	0.0000	0.0000	0.0000	0.0000	0.0000	0.0000	0.0000	0.0000	0.0000	0.0000	0.0000	0.0000	0.0000	0.0000	0.0000	0.0000	0.0000	0.0000	0.0000	0.0000	0.0000	0.0000											
16	95	0.4115	6	0	2	0	2	0	0	0	0	N	Y	N	Y	N	N	N	N	N	N	N	N	inf	inf	inf	inf	inf	inf	inf	inf	0.0058	0.0047	0.0126	0.0556	0.0581	0.0000	0.0019	0.0001	0.0129	0.0000	0.0000	0.0000	0.0000	0.0000	0.0000	0.0000	0.0000	0.0000	0.4234	-0.0003	0.0000	24.0000	0.9845	5.0000	0.9903	0.0016	0.0011	0.0005	0.0011	0.0011	0.0000	0.0005	0.0000	0.0005	0.0000	0.0000	0.0000	0.0000	0.0000	0.0000	0.0000	0.0000	0.0000	0.2742	0.2370	0.0373	0.0196	0.0188	0.0008	0.2546	0.2182	0.0364	0.1038	0.0619	0.0419	0.0137	0.0115	0.0022	0.0901	0.0504	0.0397	inf	inf	inf	inf	inf	0.0000	inf	inf	inf	0.0000	0.0000	0.0000	0.0000	0.0000	0.0000	0.0000	0.0000	0.0000		
16	96	0.4087	6	0	2	0	1	0	0	0	0	N	Y	N	N	N	N	N	N	N	N	N	N	inf	inf	inf	inf	0.0001	0.0002	0.0000	0.0041	0.0044	0.0000	0.0000	0.0000	0.0000	0.0000	0.0000	0.0000	0.0000	0.0000	0.0000	0.0000	0.0000	0.0000	0.0000	-0.0000	0.0000	24.0000	1.0063	5.0000	3.7812	0.0000	0.0000	0.0000	0.0000	0.0000	0.0000	0.0000	0.0000	0.0000	0.0000	0.0000	0.0000	0.0000	0.0000	0.0000	0.0000	0.0000	0.0000	0.2742	0.2359	0.0383	0.0097	0.0091	0.0006	0.2645	0.2268	0.0376	0.3561	0.2274	0.1287	0.1044	0.0897	0.0147	0.2516	0.1377	0.1139	inf	inf	0.0000	inf	inf	0.0000	0.0000	0.0000	0.0000	0.0000	0.0000	0.0000	0.0000	0.0000	0.0000	0.0000	0.0000	0.0000						
16	97	0.4115	6	0	1	1	2	0	0	0	0	N	N	N	Y	N	N	N	N	N	N	N	N	inf	inf	inf	inf	inf	inf	3.5371	4.0920	0.0122	0.0000	0.0000	0.0000	3.8059	4.4393	0.0125	0.0000	0.0000	0.0000	0.0000	0.0000	0.0000	0.0000	0.0000	0.0000	0.0005	-0.4610	0.0000	24.0000	1.0165	5.0000	1.0129	0.9994	0.9989	0.0005	0.0000	0.0000	0.0000	0.9994	0.9989	0.0005	0.0000	0.0000	0.0000	0.0000	0.0000	0.0000	0.0000	0.0000	0.0000	0.2825	0.2441	0.0384	0.0200	0.0191	0.0009	0.2626	0.2250	0.0376	0.1064	0.0634	0.0430	0.0140	0.0117	0.0023	0.0924	0.0517	0.0407	inf	inf	inf	0.0000	0.0000	0.0000	inf	inf	inf	0.0000	0.0000	0.0000	0.0000	0.0000	0.0000	0.0000	0.0000	0.0000				
16	98	0.3986	5	0	1	0	2	0	0	0	0	N	N	N	Y	N	N	N	N	N	N	N	N	inf	inf	inf	inf	inf	inf	3.6590	2.1250	13.2091	0.0000	0.0000	0.0000	3.8060	2.2183	13.4417	0.0000	0.0000	0.0000	0.0000	0.0000	0.0000	0.0000	0.0000	0.0000	0.9985	0.0758	0.0000	24.0000	2.0241	5.0000	1.0265	2.0006	1.0011	0.9995	0.0000	0.0000	0.0000	2.0006	1.0011	0.9995	0.0000	0.0000	0.0000	0.0000	0.0000	0.0000	0.0000	0.0000	0.0000	0.5468	0.4711	0.0757	0.0211	0.0198	0.0013	0.5256	0.4513	0.0744	0.1526	0.0894	0.0632	0.0217	0.0169	0.0048	0.1308	0.0725	0.0584	inf	inf	inf	0.0000	0.0000	0.0000	inf	inf	inf	0.0000	0.0000	0.0000	0.0000	0.0000	0.0000	0.0000	0.0000	0.0000				
16	99	0.3986	5	0	1	1	2	0	0	0	0	N	N	N	Y	N	N	N	N	N	N	N	N	0.0000	0.0000	0.0000	0.0000	0.0000	0.0000	0.0000	0.0000	0.0000	0.0000	0.0000	0.0000	0.0000	0.0000	0.0000	0.0000	0.0000	0.0000	0.0000	0.0000	24.0000	3.0066	5.0000	0.0000	0.0000	0.0000	0.0000	0.0000	0.0000	0.0000	0.0000	0.0000	0.0000	0.0000	0.0000	0.0000	0.0000	0.0000	0.0000	0.0000	0.0000	0.0000	0.8020	0.6912	0.1108	0.0297	0.0278	0.0019	0.7723	0.6634	0.1089	0.1504	0.0881	0.0623	0.0214	0.0167	0.0048	0.1290	0.0714	0.0576	0.0000	0.0000	0.0000	0.0000	0.0000	0.0000	0.0000	0.0000	0.0000	0.0000	0.0000	0.0000	0.0000	0.0000	0.0000	0.0000	0.0000	0.0000											
16	100	0.4243	5	0	1	1	2	0	0	0	0	N	N	N	Y	N	N	N	N	N	N	N	N	0.0000	0.0000	0.0000	0.0000	0.0000	0.0000	0.0000	0.0000	0.0000	0.0000	0.0000	0.0000	0.0000	0.0000	0.0000	0.0000	0.0000	0.0000	0.0000	0.0000	24.0000	0.0000	5.0000	2.0000	0.0000	0.0000	0.0000	0.0000	0.0000	0.0000	0.0000	0.0000	0.0000	0.0000	0.0000	0.0000	0.0000	0.0000	0.0000	0.0000	0.0000	0.0000	0.0000	0.0000	0.0000	0.0000	0.0000	0.0000	0.0000	0.0000	0.0000	0.0972	0.0561	0.0411	0.0143	0.0111	0.0033	0.0828	0.0450	0.0378	0.0000	0.0000	0.0000	0.0000	0.0000	0.0000	0.0000	0.0000	0.0000	0.0000	0.0000	0.0000	0.0000	0.0000	0.0000	0.0000	0.0000	0.0000											
16	101	0.3852	4	0	1	1	2	0	0	0	0	N	N	N	Y	N	N	N	N	N	N	N	N	29290.9257	19980.8378	1.5404	1.3741	inf	inf	0.6301	0.7306	0.0000	0.0002	0.0002	0.0000	0.6696	0.7794	0.0000	0.0000	0.0000	0.0000	0.0001	0.0002	0.0000	0.0000	0.0000	0.0000	0.0000	0.0000	-0.4615	-0.0000	24.0000	5.8899	5.0000	3.1847	0.9994	0.9994	0.0000	0.0000	0.0000	0.0000	0.9994	0.9994	0.0000	0.0000	0.0000	0.0000	0.0000	0.0000	0.0000	0.0000	0.0000	0.0000	1.5861	1.3680	0.2181	0.0937	0.0857	0.0080	1.4924	1.2823	0.2101	0.4649	0.2735	0.1914	0.0721	0.0589	0.0133	0.3927	0.2146	0.1781	29290.9257	19980.8378	0.0000	1.5404	1.3741	0.0000	inf	inf	0.0000	0.0000	0.0000	0.0000	0.0001	0.0002	0.0000	0.0000	0.0000	0.0000			
16	102	0.4320	4	1	2	0	1	0	0	0	0	N	Y	N	N	N	N	N	N	N	N	N	N	0.0000	0.0000	0.0000	0.0000	0.0000	0.0000	0.0000	0.0000	0.0000	0.0000	0.0000	0.0000	0.0000	0.0000	0.0000	0.0000	0.0000	0.0000	0.0000	0.0000	24.0000	0.0000	5.0000	0.0000	0.0000	0.0000	0.0000	0.0000	0.0000	0.0000	0.0000	0.0000	0.0000	0.0000	0.0000	0.0000	0.0000	0.0000	0.0000	0.0000	0.0000	0.0000	0.0000	0.0000	0.0000	0.0000	0.0000	0.0000	0.0000	0.0000	0.0000	0.0000	0.0000	0.0000	0.0000	0.0000	0.0000	0.0000	0.0000	0.0000	0.0000	0.0000	0.0000	0.0000	0.0000	0.0000	0.0000	0.0000	0.0000	0.0000	0.0000	0.0000	0.0000	0.0000	0.0000	0.0000	0.0000	0.0000											
16	103	0.3327	3	1	2	0	1	0	0	0	0	N	Y	N	N	N	N	N	N	N	N	N	N	inf	inf	inf	inf	0.4969	0.5765	0.0000	0.0000	0.0000	0.0000	0.5025	0.5835	0.0000	0.0000	0.0000	0.0000	0.0000	0.0000	0.0000	0.0000	0.0000	0.0000	0.0000	-0.4617	0.0000	24.0000	8.0012	5.0000	14.0016	1.0000	1.0000	0.0000	0.0000	0.0000	0.0000	1.0000	1.0000	0.0000	0.0000	0.0000	0.0000	0.0000	0.0000	0.0000	0.0000	0.0000	0.0000	2.0127	1.7347	0.2779	0.0228	0.0210	0.0018	1.9899	1.7137	0.2761	0.9507	0.5430	0.4077	0.0614	0.0453	0.0160	0.8894	0.4977	0.3917	inf	inf	0.0000	0.0000	0.0000	0.0000	inf	inf	0.0000	0.0000	0.0000	0.0000	0.0000	0.0000	0.0000	0.0000	0.0000	0.0000						
16	104	0.3957	4	0	2	0	1	0	0	0	0	N	Y	N	N	N	N	N	N	N	N	N	N	inf	inf	inf	inf	0.0002	0.0003	0.0000	0.0000	0.0000	0.0000	0.0002	0.0003	0.0000	0.0000	0.0000	0.0000	0.0000	0.0000	0.0000	0.0000	0.0000	0.0000	0.0000	-0.0001	0.0000	24.0000	2.0010	5.0000	1.0153	0.0001	0.0001	0.0000	0.0000	0.0000	0.0000	0.0001	0.0001	0.0000	0.0000	0.0000	0.0000	0.0000	0.0000	0.0000	0.0000	0.0000	0.0000	0.5276	0.4538	0.0739	0.0056	0.0051	0.0004	0.5221	0.4486	0.0735	0.1605	0.0944	0.0660	0.0314	0.0241	0.0073	0.1291	0.0703	0.0587	inf	inf	0.0000	0.0000	0.0000	0.0000	inf	inf	0.0000	0.0000	0.0000	0.0000	0.0000	0.0000	0.0000	0.0000	0.0000	0.0000						
16	105	0.3327	3	0	2	0	1	0	0	0	0	N	Y	N	N	N	N	N	N	N	N	N	N	inf	inf	inf	inf	1.2591	1.4640	0.0000	0.0000	0.0000	0.0000	1.2741	1.4828	0.0000	0.0000	0.0000	0.0000	0.0000	0.0000	0.0000	0.0000	0.0000	0.0000	0.0000	-0.4617	0.0000	24.0000	3.0162	5.0000	11.0438	0.9999	0.9999	0.0000	0.0000	0.0000	0.0000	0.9999	0.9999	0.0000	0.0000	0.0000	0.0000	0.0000	0.0000	0.0000	0.0000	0.0000	0.0000	0.7941	0.6830	0.1112	0.0094	0.0087	0.0007	0.7848	0.6743	0.1104	0.6432	0.3666	0.2766	0.0410	0.0304	0.0106	0.6022	0.3362	0.2660	inf	inf	0.0000	0.0000	0.0000	0.0000	inf	inf	0.0000	0.0000	0.0000	0.0000	0.0000	0.0000	0.0000	0.0000	0.0000	0.0000						
16	106	0.4336	8	1	2	0	1	0	0	0	0	N	Y	N	N	N	N	N	N	N	N	N	N	0.0000	0.0000	0.0000	0.0000	0.0000	0.0000	0.0000	0.0000	0.0000	0.0000	0.0000	0.0000	0.0000	0.0000	0.0000	0.0000	0.0000	0.0000	0.0000	0.0000	24.0000	1.0000	5.0000	1.0000	0.0000	0.0000	0.0000	0.0000	0.0000	0.0000	0.0000	0.0000	0.0000	0.0000	0.0000	0.0000	0.0000	0.0000	0.0000	0.0000	0.0000	0.0000	0.2699	0.2322	0.0377	0.0083	0.0077	0.0006	0.2616	0.2245	0.0371	0.1037	0.0638	0.0399	0.0329	0.0259	0.0070	0.0707	0.0379	0.0329	0.0000	0.0000	0.0000	0.0000	0.0000	0.0000	0.0000	0.0000	0.0000	0.0000	0.0000	0.0000	0.0000	0.0000	0.0000	0.0000	0.0000	0.0000											
16	107	0.4294	7	1	2	0	1	0	0	0	0	N	Y	N	N	N	N	N	N	N	N	N	N	0.0000	0.0000	0.0000	0.0000	0.0000	0.0000	0.0000	0.0000	0.0000	0.0000	0.0000	0.0000	0.0000	0.0000	0.0000	0.0000	0.0000	0.0000	0.0000	0.0000	24.0000	0.0000	5.0000	0.9999	0.0000	0.0000	0.0000	0.0000	0.0000	0.0000	0.0000	0.0000	0.0000	0.0000	0.0000	0.0000	0.0000	0.0000	0.0000	0.0000	0.0000	0.0000	0.0000	0.0000	0.0000	0.0000	0.0000	0.0000	0.0000	0.0000	0.0000	0.0520	0.0314	0.0206	0.0136	0.0106	0.0029	0.0384	0.0207	0.0176	0.0000	0.0000	0.0000	0.0000	0.0000	0.0000	0.0000	0.0000	0.0000	0.0000	0.0000	0.0000	0.0000	0.0000	0.0000	0.0000	0.0000	0.0000											
16	108	0.4087	6	1	2	0	1	0	0	0	0	N	Y	N	N	N	N	N	N	N	N	N	N	inf	inf	inf	inf	0.0075	0.0086	0.0000	0.0287	0.0288	0.0000	0.0000	0.0000	0.0000	0.0000	0.0000	0.0000	0.0000	0.0000	0.0000	0.0000	0.0000	0.0000	0.0000	-0.0000	0.0000	24.0000	0.0100	5.0000	4.8896	0.0000	0.0000	0.0000	0.0000	0.0000	0.0000	0.0000	0.0000	0.0000	0.0000	0.0000	0.0000	0.0000	0.0000	0.0000	0.0000	0.0000	0.0000	0.0054	0.0046	0.0007	0.0014	0.0014	0.0000	0.0040	0.0032	0.0007	0.3612	0.2304	0.1308	0.1051	0.0903	0.0149	0.2560	0.1401	0.1159	inf	inf	0.0000	inf	inf	0.0000	0.0000	0.0000	0.0000	0.0000	0.0000	0.0000	0.0000	0.0000	0.0000	0.0000	0.0000	0.0000						
16	109	0.3986	5	0	2	0	1	0	0	0	0	N	Y	N	N	N	N	N	N	N	N	N	N	inf	inf	inf	inf	0.0001	0.0002	0.0000	0.0000	0.0000	0.0000	0.0002	0.0002	0.0000	0.0000	0.0000	0.0000	0.0000	0.0000	0.0000	0.0000	0.0000	0.0000	0.0000	-0.0000	0.0000	24.0000	1.0007	5.0000	1.4004	0.0000	0.0000	0.0000	0.0000	0.0000	0.0000	0.0000	0.0000	0.0000	0.0000	0.0000	0.0000	0.0000	0.0000	0.0000	0.0000	0.0000	0.0000	0.2759	0.2378	0.0381	0.0120	0.0114	0.0007	0.2639	0.2264	0.0375	0.1207	0.0707	0.0500	0.0172	0.0134	0.0038	0.1035	0.0573	0.0462	inf	inf	0.0000	0.0000	0.0000	0.0000	inf	inf	0.0000	0.0000	0.0000	0.0000	0.0000	0.0000	0.0000	0.0000	0.0000	0.0000						
16	110	0.3852	4	0	1	0	1	0	0	0	0	N	N	N	N	N	N	N	N	N	N	N	N	77.1927	53.6556	45.8434	44.1633	0.0040	0.0047	0.0000	0.0124	0.0137	0.0000	0.0000	0.0000	0.0000	0.0001	0.0001	0.0000	0.0003	0.0003	0.0000	0.0000	0.0000	0.0000	0.0000	0.0000	-0.0003	-0.0000	24.0000	0.3039	5.0000	2.8719	0.0006	0.0006	0.0000	0.0006	0.0006	0.0000	0.0000	0.0000	0.0000	0.0000	0.0000	0.0000	0.0000	0.0000	0.0000	0.0000	0.0000	0.0000	0.1537	0.1324	0.0213	0.0501	0.0451	0.0049	0.1036	0.0872	0.0164	0.1914	0.1146	0.0768	0.0370	0.0322	0.0049	0.1543	0.0824	0.0719	77.1927	53.6556	0.0000	45.8434	44.1633	0.0000	0.0000	0.0000	0.0000	0.0001	0.0001	0.0000	0.0003	0.0003	0.0000	0.0000	0.0000	0.0000					
16	111	0.3327	3	0	1	0	1	0	0	0	0	N	N	N	N	N	N	N	N	N	N	N	N	34.5840	inf	1.7190	32.7662	inf	1.6642	0.0006	0.0007	0.0001	0.0000	0.0000	0.0000	0.0006	0.0007	0.0001	0.0000	0.0000	0.0000	0.0000	0.0000	0.0000	0.0000	0.0000	0.0000	0.0164	inf	-0.0003	0.0000	24.0000	3.8240	5.0000	8.1760	0.0006	0.0006	0.0000	0.0000	0.0000	0.0000	0.0006	0.0006	0.0000	0.0000	0.0000	0.0000	0.0000	0.0000	0.0000	0.0000	0.0000	0.0000	0.9991	0.8596	0.1395	0.0117	0.0108	0.0009	0.9875	0.8488	0.1386	0.5573	0.3174	0.2399	0.0355	0.0263	0.0092	0.5219	0.2911	0.2307	34.5840	inf	1.7190	0.0000	0.0000	0.0000	32.7662	inf	1.6642	0.0000	0.0000	0.0000	0.0000	0.0000	0.0000	0.0000	0.0000	0.0000			
16	115	0.5254	6	0	1	0	1	0	0	0	0	N	N	N	N	N	N	N	N	N	N	N	N	41.8258	34.0465	1.4803	1.3074	54.9481	37.6607	0.3796	0.4339	0.0000	0.0155	0.0160	0.0000	0.4340	0.5040	0.0000	0.0091	0.0127	0.0000	0.0105	0.0122	0.0000	0.0079	0.0134	0.0000	0.0000	0.0000	-0.4552	-0.0091	24.0000	8.9918	5.0000	13.3277	0.9858	0.9858	0.0000	0.0052	0.0052	0.0000	0.9805	0.9805	0.0000	0.0168	0.0168	0.0000	0.0089	0.0089	0.0000	0.0079	0.0079	0.0000	2.5967	2.2720	0.3248	0.3374	0.3265	0.0109	2.2593	1.9455	0.3139	1.8477	1.3159	0.5318	0.8526	0.7286	0.1239	0.9951	0.5873	0.4078	41.8258	34.0465	0.0000	1.4803	1.3074	0.0000	54.9481	37.6607	0.0000	0.0091	0.0127	0.0000	0.0105	0.0122	0.0000	0.0079	0.0134	0.0000			
17	18	0.1526	6	0	2	0	1	0	0	0	0	N	Y	N	N	N	N	N	N	N	N	N	N	inf	inf	inf	inf	70.5322	82.7295	0.0000	796.0963	835.5927	0.0000	0.0000	0.0000	0.0000	0.0000	0.0000	0.0000	0.0000	0.0000	0.0000	0.0000	0.0000	0.0000	0.0000	-0.4577	0.0000	0.9987	0.9934	5.5397	0.0000	0.9913	0.9913	0.0000	0.9913	0.9913	0.0000	0.0000	0.0000	0.0000	0.0000	0.0000	0.0000	0.0000	0.0000	0.0000	0.0000	0.0000	0.0000	0.0141	0.0120	0.0021	0.0012	0.0012	0.0001	0.0128	0.0108	0.0020	0.0172	0.0115	0.0057	0.0041	0.0037	0.0004	0.0131	0.0078	0.0053	inf	inf	0.0000	inf	inf	0.0000	0.0000	0.0000	0.0000	0.0000	0.0000	0.0000	0.0000	0.0000	0.0000	0.0000	0.0000	0.0000						
17	19	0.0867	4	1	2	0	0	0	0	0	0	N	Y	N	N	N	N	N	N	N	N	N	N	3.5177	0.0000	inf	0.0000	0.0000	inf	inf	0.0990	0.0000	0.6669	0.0000	0.0000	0.0000	0.1055	0.0000	0.6806	0.0281	0.0430	0.0000	0.3718	0.4194	0.0000	0.0000	0.0000	0.0000	inf	0.0000	0.0007	-0.0020	0.9987	1.0015	5.5397	7.0016	0.0014	0.0000	0.0014	0.0000	0.0000	0.0000	0.0014	0.0000	0.0014	0.0037	0.0037	0.0000	0.0037	0.0037	0.0000	0.0000	0.0000	0.0000	0.0138	0.0118	0.0021	0.0008	0.0008	0.0000	0.0130	0.0110	0.0020	0.1301	0.0851	0.0450	0.0233	0.0218	0.0015	0.1068	0.0633	0.0435	3.5177	0.0000	inf	0.0000	0.0000	0.0000	inf	0.0000	inf	0.0281	0.0430	0.0000	0.1574	0.1683	0.0000	0.0000	0.0000	0.0000		
17	20	0.1497	5	0	2	0	0	0	0	0	0	N	Y	N	N	N	N	N	N	N	N	N	N	0.0000	0.0000	0.0000	0.0000	0.0000	0.0000	0.0000	0.0000	0.0000	0.0000	0.0000	0.0000	0.0000	0.0000	0.0000	0.0000	0.0000	0.0000	18.4168	24.4800	0.0299	0.0109	0.0076	0.0375	23.4556	40.0034	0.0290	0.0006	0.0000	-0.5356	0.9987	1.0004	5.5397	2.0077	0.0000	0.0000	0.0000	0.0000	0.0000	0.0000	0.0000	0.0000	0.0000	0.9930	0.9924	0.0006	0.0002	0.0001	0.0001	0.9928	0.9923	0.0005	0.0137	0.0117	0.0020	0.0009	0.0008	0.0000	0.0129	0.0109	0.0020	0.0600	0.0405	0.0195	0.0177	0.0157	0.0020	0.0423	0.0248	0.0175	0.0000	0.0000	0.0000	0.0000	0.0000	0.0000	0.0000	0.0000	0.0000	16.5418	24.4800	0.0299	0.0109	0.0076	0.0375	23.4556	40.0034	0.0290	
17	21	0.1740	7	0	1	0	1	0	0	0	0	N	N	N	N	N	N	N	N	N	N	N	N	0.0000	0.0000	0.0000	0.0000	0.0000	0.0000	0.0000	0.0000	0.0000	0.0000	0.0000	0.0000	0.0000	0.0000	0.0000	0.0000	0.0000	0.0000	0.0000	0.0000	0.0000	0.0000	inf	0.0000	0.0000	0.9987	2.0000	5.5397	1.0003	0.0000	0.0000	0.0000	0.0000	0.0000	0.0000	0.0000	0.0000	0.0000	0.0000	0.0000	0.0000	0.0000	0.0000	0.0000	0.0000	0.0000	0.0000	0.0271	0.0231	0.0040	0.0016	0.0015	0.0001	0.0255	0.0215	0.0039	0.0503	0.0332	0.0171	0.0105	0.0093	0.0012	0.0398	0.0239	0.0159	0.0000	0.0000	0.0000	0.0000	0.0000	0.0000	0.0000	0.0000	0.0000	0.0000	0.0000	0.0000	0.0000	0.0000	0.0000	0.0000	0.0000	0.0000						
17	22	0.0774	5	1	1	1	0	0	0	0	0	N	N	N	N	N	N	N	N	N	N	N	N	1.2659	0.0000	1.2581	0.0000	0.0000	0.0000	1.7656	1.2590	15.1026	0.0000	90.6836	0.0000	0.0000	0.0000	25.4027	0.0000	90.9146	11.9304	0.0632	72.0825	0.8488	0.9087	0.0080	14.3875	0.0000	72.2145	inf	274.6925	0.0000	0.4572	0.9987	0.0000	5.5397	4.9921	0.0000	0.0000	0.0000	0.0000	0.0000	0.0000	0.0000	0.0000	0.0000	1.0016	0.0036	0.9980	0.0036	0.0036	0.0000	0.9980	0.0000	0.9980	0.0000	0.0000	0.0000	0.0000	0.0000	0.0000	0.0000	0.0000	0.0000	0.0870	0.0575	0.0295	0.0176	0.0164	0.0012	0.0694	0.0411	0.0283	1.3120	0.0000	2.6814	0.0000	0.0000	0.0000	1.7656	0.0000	2.5747	11.5111	0.0632	33.8195	0.2064	0.2215	0.0080	14.3875	0.0000	35.3110	
17	23	0.1449	7	0	2	0	0	0	0	0	0	N	Y	N	N	N	N	N	N	N	N	N	N	10332.7190	7339.0302	69682.6858	67359.2712	0.0294	0.0345	0.0000	0.9903	1.0537	0.0000	0.0000	0.0000	0.0000	0.0000	0.0000	0.0000	0.0000	0.0000	0.0000	0.0000	0.0000	0.0000	0.0000	0.0027	-0.0004	-0.0000	0.9987	1.9996	5.5397	0.0142	0.0008	0.0008	0.0000	0.0008	0.0008	0.0000	0.0000	0.0000	0.0000	0.0000	0.0000	0.0000	0.0000	0.0000	0.0000	0.0000	0.0000	0.0000	0.0272	0.0231	0.0041	0.0008	0.0008	0.0000	0.0264	0.0224	0.0040	0.0385	0.0232	0.0153	0.0077	0.0070	0.0007	0.0308	0.0162	0.0146	10332.7190	7339.0302	0.0000	69682.6858	67359.2712	0.0000	0.0000	0.0000	0.0000	0.0000	0.0000	0.0000	0.0000	0.0000	0.0000	0.0000	0.0000	0.0000					
17	24	0.0867	4	0	2	0	0	0	0	0	0	N	Y	N	N	N	N	N	N	N	N	N	N	8125.0322	8095.5181	0.0000	31460.7163	30925.3287	0.0000	0.0000	24.6543	28.9162	0.0000	414.1994	435.9721	0.0000	0.0000	0.0000	0.0000	0.0030	0.0036	0.0020	0.0132	0.0141	0.0000	0.0009	0.0000	0.0021	0.0000	0.3000	-0.4602	-0.0002	0.9987	2.9988	5.5397	13.9984	0.9966	0.9966	0.0000	0.9966	0.9966	0.0000	0.0000	0.0000	0.0000	0.0008	0.0006	0.0002	0.0006	0.0006	0.0000	0.0002	0.0000	0.0002	0.0404	0.0345	0.0060	0.0024	0.0023	0.0001	0.0380	0.0322	0.0058	0.2571	0.1680	0.0891	0.0456	0.0426	0.0030	0.2115	0.1254	0.0861	8125.0322	8095.5181	0.0000	31460.7163	30925.3287	0.0000	0.0000	0.0000	0.0000	0.0030	0.0036	0.0020	0.0132	0.0141	0.0000	0.0009	0.0000	0.0021		
17	25	0.0449	3	1	2	0	0	0	0	0	0	N	Y	N	N	N	N	N	N	N	N	N	N	0.0001	inf	0.0000	1.9653	inf	0.0000	0.0000	0.0000	0.0001	0.0002	0.0000	0.0298	0.0298	0.0000	0.0000	0.0000	0.0000	2.5061	0.0000	7.9161	0.0152	0.0000	0.4833	2.7646	0.0000	7.9128	0.0000	inf	-0.0000	0.1984	0.9987	6.0000	5.5397	4.0000	0.0000	0.0000	0.0000	0.0000	0.0000	0.0000	0.0000	0.0000	0.0000	0.4313	0.0000	0.4313	0.0004	0.0000	0.0004	0.4309	0.0000	0.4309	0.0776	0.0660	0.0116	0.0003	0.0003	0.0000	0.0773	0.0657	0.0116	0.1809	0.1071	0.0739	0.0251	0.0239	0.0011	0.1559	0.0831	0.0727	0.0001	inf	0.0000	1.9653	inf	0.0000	0.0000	0.0000	0.0000	2.3838	0.0000	5.8390	0.0152	0.0000	0.3408	2.7646	0.0000	5.9233	
17	26	0.1489	8	0	2	0	0	0	0	0	0	N	Y	N	N	N	N	N	N	N	N	N	N	0.0000	0.0000	0.0000	0.0000	0.0000	0.0000	0.0000	0.0000	0.0000	0.0000	0.0000	0.0000	0.0000	0.0000	0.0000	0.0000	0.0000	0.0000	0.0000	0.0000	0.9987	0.0000	5.5397	2.0002	0.0000	0.0000	0.0000	0.0000	0.0000	0.0000	0.0000	0.0000	0.0000	0.0000	0.0000	0.0000	0.0000	0.0000	0.0000	0.0000	0.0000	0.0000	0.0000	0.0000	0.0000	0.0000	0.0000	0.0000	0.0000	0.0000	0.0000	0.0383	0.0231	0.0152	0.0077	0.0069	0.0007	0.0307	0.0161	0.0145	0.0000	0.0000	0.0000	0.0000	0.0000	0.0000	0.0000	0.0000	0.0000	0.0000	0.0000	0.0000	0.0000	0.0000	0.0000	0.0000	0.0000	0.0000											
17	27	0.1432	6	1	2	0	0	0	0	0	0	N	Y	N	N	N	N	N	N	N	N	N	N	0.0000	0.0000	0.0000	0.0000	0.0000	0.0000	0.0000	0.0000	0.0000	0.0000	0.0000	0.0000	0.0000	0.0004	0.0005	0.0000	0.0015	0.0017	0.0000	0.0000	0.0000	0.0000	0.0000	0.0000	-0.0000	0.9987	1.0000	5.5397	3.9850	0.0000	0.0000	0.0000	0.0000	0.0000	0.0000	0.0000	0.0000	0.0000	0.0000	0.0000	0.0000	0.0000	0.0000	0.0000	0.0000	0.0000	0.0000	0.0136	0.0116	0.0020	0.0007	0.0007	0.0000	0.0129	0.0109	0.0020	0.0851	0.0567	0.0284	0.0195	0.0175	0.0020	0.0655	0.0391	0.0264	0.0000	0.0000	0.0000	0.0000	0.0000	0.0000	0.0000	0.0000	0.0000	0.0004	0.0005	0.0000	0.0015	0.0017	0.0000	0.0000	0.0000	0.0000						
17	28	0.0449	3	0	2	0	0	0	0	0	0	N	Y	N	N	N	N	N	N	N	N	N	N	0.0015	inf	0.0000	inf	inf	0.0000	0.0000	0.0095	0.0112	0.0000	2.1906	2.1933	0.0000	0.0000	0.0000	0.0000	6.1918	0.0000	30.8177	0.0000	0.0000	0.0000	7.0560	0.0000	30.7906	0.0000	inf	-0.0003	0.4597	0.9987	5.0000	5.5397	4.0000	0.0006	0.0006	0.0000	0.0006	0.0006	0.0000	0.0000	0.0000	0.0000	0.9992	0.0000	0.9992	0.0000	0.0000	0.0000	0.9992	0.0000	0.9992	0.0653	0.0555	0.0098	0.0003	0.0003	0.0000	0.0650	0.0552	0.0098	0.1644	0.0971	0.0672	0.0228	0.0218	0.0010	0.1416	0.0754	0.0662	0.0016	inf	0.0000	inf	inf	0.0000	0.0000	0.0000	0.0000	6.0784	0.0000	14.8605	0.0000	0.0000	0.0000	7.0560	0.0000	15.0875		
17	29	0.0449	3	0	2	0	0	0	0	0	0	N	Y	N	N	N	N	N	N	N	N	N	N	0.0002	0.0001	32.7377	31.3229	0.0000	0.0000	0.0003	0.0003	0.0000	0.0575	0.0576	0.0000	0.0000	0.0000	0.0000	1.0706	2.2874	0.0000	0.0018	0.0018	0.0000	0.7392	1.3886	0.0000	0.0000	0.0000	-0.0000	-0.0565	0.9987	3.0000	5.5397	6.0000	0.0000	0.0000	0.0000	0.0000	0.0000	0.0000	0.0000	0.0000	0.0000	0.1047	0.1047	0.0000	0.0000	0.0000	0.0000	0.1047	0.1047	0.0000	0.0399	0.0339	0.0060	0.0002	0.0002	0.0000	0.0397	0.0337	0.0060	0.1644	0.0971	0.0672	0.0228	0.0218	0.0010	0.1416	0.0754	0.0662	0.0004	0.0003	0.0000	32.7377	31.3229	0.0000	0.0000	0.0000	0.0000	0.6370	1.0780	0.0000	0.0018	0.0018	0.0000	0.7392	1.3886	0.0000			
17	30	0.1775	8	0	2	1	1	0	0	0	0	N	Y	N	N	N	N	N	N	N	N	N	N	0.0000	0.0000	0.0000	0.0000	0.0000	0.0000	0.0000	0.0000	0.0000	0.0000	0.0000	0.0000	0.0000	0.0000	0.0000	0.0000	0.0000	0.0000	0.0000	0.0000	0.9987	0.0000	5.5397	3.0000	0.0000	0.0000	0.0000	0.0000	0.0000	0.0000	0.0000	0.0000	0.0000	0.0000	0.0000	0.0000	0.0000	0.0000	0.0000	0.0000	0.0000	0.0000	0.0000	0.0000	0.0000	0.0000	0.0000	0.0000	0.0000	0.0000	0.0000	0.0504	0.0343	0.0162	0.0180	0.0149	0.0031	0.0324	0.0193	0.0131	0.0000	0.0000	0.0000	0.0000	0.0000	0.0000	0.0000	0.0000	0.0000	0.0000	0.0000	0.0000	0.0000	0.0000	0.0000	0.0000	0.0000	0.0000											
17	31	0.1606	7	0	1	0	1	0	0	0	0	N	N	N	N	N	N	N	N	N	N	N	N	0.0000	0.0000	0.0000	0.0000	0.0000	0.0000	0.0000	0.0000	0.0000	0.0000	0.0000	0.0000	0.0000	0.0000	0.0000	0.0000	0.0000	0.0000	0.0043	0.0062	0.0000	0.0124	0.0144	0.0002	0.0000	0.0000	0.0000	0.0026	0.0000	-0.0002	0.9987	0.9783	5.5397	3.0423	0.0000	0.0000	0.0000	0.0000	0.0000	0.0000	0.0000	0.0000	0.0000	0.0003	0.0003	0.0000	0.0003	0.0003	0.0000	0.0000	0.0000	0.0000	0.0141	0.0120	0.0021	0.0011	0.0011	0.0000	0.0130	0.0110	0.0021	0.0785	0.0541	0.0244	0.0270	0.0231	0.0039	0.0515	0.0310	0.0205	0.0000	0.0000	0.0000	0.0000	0.0000	0.0000	0.0000	0.0000	0.0000	0.0043	0.0062	0.0000	0.0124	0.0144	0.0002	0.0000	0.0000	0.0000	
17	32	0.0867	4	0	2	0	0	0	0	0	0	N	Y	N	N	N	N	N	N	N	N	N	N	10719.6840	8198.4964	32643.5589	32094.4287	10.9883	12.8588	0.0000	188.5678	198.4837	0.0000	0.0000	0.0000	0.0000	0.0010	0.0016	0.0000	0.0058	0.0062	0.0000	0.0000	0.0000	0.0000	0.0000	0.0000	-0.4604	-0.0001	0.9987	6.9988	5.5397	9.0016	0.9972	0.9972	0.0000	0.9972	0.9972	0.0000	0.0000	0.0000	0.0000	0.0003	0.0003	0.0000	0.0003	0.0003	0.0000	0.0000	0.0000	0.0000	0.0907	0.0775	0.0132	0.0053	0.0050	0.0003	0.0855	0.0725	0.0129	0.2439	0.1594	0.0845	0.0433	0.0404	0.0029	0.2006	0.1190	0.0816	10719.6840	8198.4964	0.0000	32643.5589	32094.4287	0.0000	0.0000	0.0000	0.0000	0.0010	0.0016	0.0000	0.0058	0.0062	0.0000	0.0000	0.0000	0.0000					
17	33	0.1876	9	1	2	0	0	0	0	0	0	N	Y	N	N	N	N	N	N	N	N	N	N	0.0000	0.0000	0.0000	0.0000	0.0000	0.0000	0.0000	0.0000	0.0000	0.0000	0.0000	0.0000	0.0000	0.0000	0.0000	0.0000	0.0000	0.0000	0.0000	0.0000	0.9987	0.0000	5.5397	0.0000	0.0000	0.0000	0.0000	0.0000	0.0000	0.0000	0.0000	0.0000	0.0000	0.0000	0.0000	0.0000	0.0000	0.0000	0.0000	0.0000	0.0000	0.0000	0.0000	0.0000	0.0000	0.0000	0.0000	0.0000	0.0000	0.0000	0.0000	0.0000	0.0000	0.0000	0.0000	0.0000	0.0000	0.0000	0.0000	0.0000	0.0000	0.0000	0.0000	0.0000	0.0000	0.0000	0.0000	0.0000	0.0000	0.0000	0.0000	0.0000	0.0000	0.0000	0.0000	0.0000	0.0000	0.0000											
17	34	0.1432	6	0	2	0	1	0	0	0	0	N	Y	N	N	N	N	N	N	N	N	N	N	0.0000	0.0000	0.0000	0.0000	0.0000	0.0000	0.0000	0.0000	0.0000	0.0000	0.0000	0.0000	0.0000	0.0000	0.0000	0.0000	0.0000	2.4345	0.0382	9.0562	0.2012	0.2287	0.0834	2.9147	0.0000	9.4589	88.9314	0.0000	0.1958	0.9987	5.0000	5.5397	6.9850	0.0000	0.0000	0.0000	0.0000	0.0000	0.0000	0.0000	0.0000	0.0000	0.4361	0.0048	0.4313	0.0052	0.0048	0.0004	0.4309	0.0000	0.4309	0.0657	0.0560	0.0096	0.0034	0.0033	0.0002	0.0622	0.0528	0.0095	0.1910	0.1268	0.0641	0.0431	0.0386	0.0046	0.1478	0.0883	0.0596	0.0000	0.0000	0.0000	0.0000	0.0000	0.0000	0.0000	0.0000	0.0000	2.2836	0.0382	6.7236	0.1212	0.1257	0.0834	2.9147	0.0000	7.2311		
17	35	0.0867	4	1	2	0	0	0	0	0	0	N	Y	N	N	N	N	N	N	N	N	N	N	7.5600	31883.5101	0.0000	48188.0799	120145.6336	0.0000	0.0000	0.0000	36.6069	42.9605	0.0000	608.9396	640.7822	0.0000	0.0000	0.0000	0.0000	4.8422	0.0013	28.8631	0.0126	0.0053	0.1150	5.8795	0.0000	29.1875	0.0000	5500.5385	-0.4602	0.6578	0.9987	1.9985	5.5397	17.9985	0.9966	0.9966	0.0000	0.9966	0.9966	0.0000	0.0000	0.0000	0.0000	1.4304	0.0003	1.4301	0.0007	0.0003	0.0004	1.4297	0.0000	1.4297	0.0272	0.0232	0.0040	0.0016	0.0016	0.0001	0.0256	0.0216	0.0039	0.2954	0.1930	0.1024	0.0522	0.0487	0.0035	0.2432	0.1442	0.0990	7.5600	31883.5101	0.0000	48188.0799	120145.6336	0.0000	0.0000	0.0000	0.0000	4.8422	0.0013	13.9604	0.0126	0.0053	0.1150	5.8795	0.0000	14.4472	
17	36	0.2100	7	0	1	1	0	0	0	0	0	N	N	N	N	N	N	N	N	N	N	N	N	0.0000	0.0000	0.0000	0.0000	0.0000	0.0000	0.0000	0.0000	0.0000	0.0000	0.0000	0.0000	0.0000	0.0000	0.0000	0.0000	0.0000	0.0000	0.0000	0.0000	0.0000	0.0000	0.0012	0.0000	-0.0000	0.9987	0.0001	5.5397	0.9943	0.0000	0.0000	0.0000	0.0000	0.0000	0.0000	0.0000	0.0000	0.0000	0.0000	0.0000	0.0000	0.0000	0.0000	0.0000	0.0000	0.0000	0.0000	0.0000	0.0000	0.0000	0.0000	0.0000	0.0000	0.0000	0.0000	0.0000	0.0199	0.0141	0.0059	0.0065	0.0058	0.0007	0.0134	0.0083	0.0051	0.0000	0.0000	0.0000	0.0000	0.0000	0.0000	0.0000	0.0000	0.0000	0.0000	0.0000	0.0000	0.0000	0.0000	0.0000	0.0000	0.0000	0.0000						
17	37	0.1862	7	0	2	0	0	0	0	0	0	N	Y	N	N	N	N	N	N	N	N	N	N	0.0000	0.0000	0.0000	0.0000	0.0000	0.0000	0.0000	0.0000	0.0000	0.0000	0.0000	0.0000	0.0000	0.0296	0.0437	0.0000	0.1372	0.1738	0.0000	0.0000	0.0000	0.0000	0.0000	0.0000	-0.0011	0.9987	2.0000	5.5397	2.0000	0.0000	0.0000	0.0000	0.0000	0.0000	0.0000	0.0000	0.0000	0.0000	0.0020	0.0020	0.0000	0.0020	0.0020	0.0000	0.0000	0.0000	0.0000	0.0271	0.0231	0.0040	0.0020	0.0019	0.0001	0.0252	0.0213	0.0039	0.0682	0.0462	0.0220	0.0209	0.0180	0.0029	0.0473	0.0282	0.0191	0.0000	0.0000	0.0000	0.0000	0.0000	0.0000	0.0000	0.0000	0.0000	0.0296	0.0437	0.0000	0.0967	0.1123	0.0000	0.0000	0.0000	0.0000						
17	38	0.0617	4	1	1	1	0	0	0	0	0	N	N	N	N	N	N	N	N	N	N	N	N	4.8701	0.0000	inf	0.0000	0.0000	4.1793	0.0000	inf	37.1991	0.0000	246.0591	0.0000	0.0000	0.0000	37.5252	0.0000	246.4116	7.6383	13.2914	0.0000	0.0005	0.0005	0.0000	8.9788	16.9455	0.0000	inf	0.0000	0.5371	-0.5391	0.9987	2.0000	5.5397	5.0000	0.9979	0.0000	0.9979	0.0000	0.0000	0.0000	0.9979	0.0000	0.9979	0.9985	0.9985	0.0000	0.0000	0.0000	0.0000	0.9985	0.9985	0.0000	0.0268	0.0228	0.0041	0.0002	0.0002	0.0000	0.0266	0.0225	0.0040	0.1307	0.0775	0.0532	0.0195	0.0186	0.0010	0.1112	0.0589	0.0523	4.8701	0.0000	inf	0.0000	0.0000	0.0000	4.1793	0.0000	inf	7.6383	12.8864	0.0000	0.0005	0.0005	0.0000	8.9788	16.9455	0.0000	
17	39	0.1606	7	0	2	0	0	0	0	0	0	N	Y	N	N	N	N	N	N	N	N	N	N	0.0000	0.0000	0.0000	0.0000	0.0000	0.0000	0.0000	0.0000	0.0000	0.0000	0.0000	0.0000	0.0000	0.0000	0.0000	0.0000	0.0000	0.0000	1.4008	2.6532	0.0000	0.0040	0.0047	0.0000	1.3980	2.3302	0.0000	0.0000	0.0000	-0.0564	0.9987	0.0217	5.5397	6.0735	0.0000	0.0000	0.0000	0.0000	0.0000	0.0000	0.0000	0.0000	0.0000	0.1045	0.1045	0.0000	0.0002	0.0001	0.0000	0.1044	0.1044	0.0000	0.0011	0.0009	0.0002	0.0004	0.0004	0.0000	0.0007	0.0005	0.0001	0.1118	0.0764	0.0354	0.0372	0.0316	0.0056	0.0747	0.0448	0.0299	0.0000	0.0000	0.0000	0.0000	0.0000	0.0000	0.0000	0.0000	0.0000	0.9346	1.3681	0.0000	0.0040	0.0047	0.0000	1.3980	2.3302	0.0000	
17	40	0.1432	6	0	1	0	0	0	0	0	0	N	N	N	N	N	N	N	N	N	N	N	N	0.0000	0.0000	0.0000	0.0000	0.0000	0.0000	0.0000	0.0000	0.0000	0.0000	0.0000	0.0000	0.0000	0.0000	0.0000	0.0000	0.0000	0.0000	0.0048	0.0070	0.0002	0.0007	0.0008	0.0001	0.0060	0.0099	0.0002	0.0165	0.0000	-0.0002	0.9987	0.0217	5.5397	4.0395	0.0000	0.0000	0.0000	0.0000	0.0000	0.0000	0.0000	0.0000	0.0000	0.0003	0.0003	0.0000	0.0000	0.0000	0.0000	0.0003	0.0003	0.0000	0.0003	0.0003	0.0000	0.0000	0.0000	0.0000	0.0003	0.0002	0.0000	0.0701	0.0468	0.0233	0.0162	0.0146	0.0016	0.0539	0.0322	0.0217	0.0000	0.0000	0.0000	0.0000	0.0000	0.0000	0.0000	0.0000	0.0000	0.0048	0.0070	0.0002	0.0007	0.0008	0.0001	0.0060	0.0099	0.0002	
17	41	0.1432	6	0	2	0	1	0	0	0	0	N	Y	N	N	N	N	N	N	N	N	N	N	0.0000	0.0000	0.0000	0.0000	0.0000	0.0000	0.0000	0.0000	0.0000	0.0000	0.0000	0.0000	0.0000	0.0000	0.0000	0.0000	0.0000	8.7270	0.0308	56.0317	0.1256	0.1447	0.0219	11.0447	0.0000	52.6706	415.9459	0.0000	0.4580	0.9987	0.0000	5.5397	7.0150	0.0000	0.0000	0.0000	0.0000	0.0000	0.0000	0.0000	0.0000	0.0000	1.0007	0.0024	0.9983	0.0025	0.0024	0.0001	0.9982	0.0000	0.9982	0.0000	0.0000	0.0000	0.0000	0.0000	0.0000	0.0000	0.0000	0.0000	0.1171	0.0779	0.0392	0.0267	0.0239	0.0028	0.0904	0.0540	0.0364	0.0000	0.0000	0.0000	0.0000	0.0000	0.0000	0.0000	0.0000	0.0000	8.5487	0.0308	25.4845	0.0922	0.1003	0.0219	11.0447	0.0000	27.4103		
17	42	0.0617	4	1	1	1	0	0	0	0	0	N	N	N	N	N	N	N	N	N	N	N	N	0.0000	0.0000	0.0000	0.0000	0.0000	0.0000	0.0000	0.0000	0.0000	0.0000	0.0000	0.0000	0.0000	0.0000	0.0000	0.0000	0.0000	0.0000	0.0000	0.0000	0.9987	0.0000	5.5397	0.0000	0.0000	0.0000	0.0000	0.0000	0.0000	0.0000	0.0000	0.0000	0.0000	0.0000	0.0000	0.0000	0.0000	0.0000	0.0000	0.0000	0.0000	0.0000	0.0000	0.0000	0.0000	0.0000	0.0000	0.0000	0.0000	0.0000	0.0000	0.0000	0.0000	0.0000	0.0000	0.0000	0.0000	0.0000	0.0000	0.0000	0.0000	0.0000	0.0000	0.0000	0.0000	0.0000	0.0000	0.0000	0.0000	0.0000	0.0000	0.0000	0.0000	0.0000	0.0000	0.0000	0.0000	0.0000											
17	43	0.0449	3	1	1	1	0	0	0	0	0	N	N	N	N	N	N	N	N	N	N	N	N	0.0000	0.0000	0.0000	0.0000	0.0000	0.0000	0.0000	0.0000	0.0000	0.0000	0.0000	0.0000	0.0000	0.0046	0.0078	0.0000	0.0329	0.0345	0.0000	0.0000	0.0000	0.0000	0.0000	0.0000	-0.0002	0.9987	1.0000	5.5397	3.0000	0.0000	0.0000	0.0000	0.0000	0.0000	0.0000	0.0000	0.0000	0.0000	0.0004	0.0004	0.0000	0.0004	0.0004	0.0000	0.0000	0.0000	0.0000	0.0136	0.0115	0.0021	0.0001	0.0001	0.0000	0.0135	0.0114	0.0021	0.0767	0.0450	0.0317	0.0106	0.0102	0.0005	0.0660	0.0348	0.0312	0.0000	0.0000	0.0000	0.0000	0.0000	0.0000	0.0000	0.0000	0.0000	0.0046	0.0078	0.0000	0.0329	0.0345	0.0000	0.0000	0.0000	0.0000						
17	44	0.0449	3	1	1	1	0	0	0	0	0	N	N	N	N	N	N	N	N	N	N	N	N	1779.8635	0.0000	inf	0.0000	0.0000	inf	inf	73.6044	0.0000	484.3565	0.0000	0.0000	0.0000	73.9282	0.0000	484.3740	0.0414	0.0705	0.0000	2.0166	2.0404	0.0000	0.0000	0.0000	0.0000	inf	0.0000	0.5371	-0.0017	0.9987	1.0000	5.5397	3.0000	0.9979	0.0000	0.9979	0.0000	0.0000	0.0000	0.9979	0.0000	0.9979	0.0032	0.0032	0.0000	0.0032	0.0032	0.0000	0.0000	0.0000	0.0000	0.0136	0.0115	0.0021	0.0001	0.0001	0.0000	0.0135	0.0114	0.0021	0.0767	0.0450	0.0317	0.0106	0.0102	0.0005	0.0660	0.0348	0.0312	1779.8635	0.0000	inf	0.0000	0.0000	0.0000	inf	0.0000	inf	0.0414	0.0705	0.0000	0.2984	0.3121	0.0000	0.0000	0.0000	0.0000		
17	45	0.1862	7	0	1	1	0	0	0	0	0	N	N	N	N	N	N	N	N	N	N	N	N	0.0000	0.0000	0.0000	0.0000	0.0000	0.0000	0.0000	0.0000	0.0000	0.0000	0.0000	0.0000	0.0000	0.0000	0.0000	0.0000	0.0000	0.0000	0.0000	0.0000	0.9987	0.0000	5.5397	0.0000	0.0000	0.0000	0.0000	0.0000	0.0000	0.0000	0.0000	0.0000	0.0000	0.0000	0.0000	0.0000	0.0000	0.0000	0.0000	0.0000	0.0000	0.0000	0.0000	0.0000	0.0000	0.0000	0.0000	0.0000	0.0000	0.0000	0.0000	0.0000	0.0000	0.0000	0.0000	0.0000	0.0000	0.0000	0.0000	0.0000	0.0000	0.0000	0.0000	0.0000	0.0000	0.0000	0.0000	0.0000	0.0000	0.0000	0.0000	0.0000	0.0000	0.0000	0.0000	0.0000	0.0000	0.0000											
17	46	0.1432	6	0	1	0	0	0	0	0	0	N	N	N	N	N	N	N	N	N	N	N	N	0.0000	0.0000	0.0000	0.0000	0.0000	0.0000	0.0000	0.0000	0.0000	0.0000	0.0000	0.0000	0.0000	0.0000	0.0000	0.0000	0.0000	6.2832	0.0009	37.3896	0.0044	0.0030	0.0156	7.9679	0.0000	38.0859	10002.3847	0.0000	0.4592	0.9987	4.0000	5.5397	5.9850	0.0000	0.0000	0.0000	0.0000	0.0000	0.0000	0.0000	0.0000	0.0000	0.9984	0.0001	0.9983	0.0002	0.0001	0.0001	0.9982	0.0000	0.9982	0.0530	0.0452	0.0078	0.0028	0.0027	0.0001	0.0503	0.0426	0.0077	0.1620	0.1076	0.0543	0.0367	0.0328	0.0038	0.1253	0.0748	0.0505	0.0000	0.0000	0.0000	0.0000	0.0000	0.0000	0.0000	0.0000	0.0000	6.1641	0.0009	18.3719	0.0044	0.0030	0.0156	7.9679	0.0000	19.7696		
17	47	0.2142	8	0	2	0	0	0	0	0	0	N	Y	N	N	N	N	N	N	N	N	N	N	0.0000	0.0000	0.0000	0.0000	0.0000	0.0000	0.0000	0.0000	0.0000	0.0000	0.0000	0.0000	0.0000	0.0000	0.0000	0.0000	0.0000	0.0000	0.0000	0.0000	0.9987	0.0000	5.5397	0.0000	0.0000	0.0000	0.0000	0.0000	0.0000	0.0000	0.0000	0.0000	0.0000	0.0000	0.0000	0.0000	0.0000	0.0000	0.0000	0.0000	0.0000	0.0000	0.0000	0.0000	0.0000	0.0000	0.0000	0.0000	0.0000	0.0000	0.0000	0.0000	0.0000	0.0000	0.0000	0.0000	0.0000	0.0000	0.0000	0.0000	0.0000	0.0000	0.0000	0.0000	0.0000	0.0000	0.0000	0.0000	0.0000	0.0000	0.0000	0.0000	0.0000	0.0000	0.0000	0.0000	0.0000	0.0000											
17	48	0.0774	5	1	2	1	0	0	0	0	0	N	Y	N	N	N	N	N	N	N	N	N	N	1035.6893	0.0000	161423.0120	0.0000	0.0000	106606.0509	154660.8620	15.1026	0.0000	90.6836	0.0000	0.0000	0.0000	25.4027	0.0000	90.9146	0.0146	0.0216	0.0006	0.0684	0.0779	0.0000	0.0002	0.0000	0.0006	inf	0.0131	0.0000	-0.0003	0.9987	0.0000	5.5397	2.0152	0.0000	0.0000	0.0000	0.0000	0.0000	0.0000	0.0000	0.0000	0.0000	0.0005	0.0005	0.0000	0.0005	0.0005	0.0000	0.0000	0.0000	0.0000	0.0000	0.0000	0.0000	0.0000	0.0000	0.0000	0.0000	0.0000	0.0000	0.0368	0.0245	0.0123	0.0077	0.0072	0.0005	0.0290	0.0173	0.0118	1035.6893	0.0000	161423.0120	0.0000	0.0000	0.0000	106606.0509	0.0000	154660.8620	0.0146	0.0216	0.0006	0.0684	0.0735	0.0000	0.0002	0.0000	0.0006		
17	49	0.0732	4	1	1	1	0	0	0	0	0	N	N	N	N	N	N	N	N	N	N	N	N	551.0552	1143.2872	982.4836	2081.5787	665.1669	5324479.5329	694.9288	944.3553	15.5150	0.6198	90.4663	3.6260	1.2346	114.1835	24.4054	0.0000	89.0955	0.0282	0.0005	0.0921	0.0017	0.0019	0.0000	0.0351	0.0000	0.0943	29.0078	76.5233	0.0002	0.0002	0.9987	0.0003	5.5397	1.0311	0.0003	0.0000	0.0003	0.0000	0.0000	0.0000	0.0003	0.0000	0.0003	0.0005	0.0000	0.0005	0.0000	0.0000	0.0000	0.0005	0.0000	0.0005	0.0000	0.0000	0.0000	0.0000	0.0000	0.0000	0.0000	0.0000	0.0000	0.0190	0.0128	0.0063	0.0040	0.0037	0.0002	0.0151	0.0090	0.0060	551.0552	1143.2872	1074.3689	2081.5787	665.1669	5324479.5329	694.9288	0.0000	1016.4945	0.0282	0.0005	0.0842	0.0017	0.0019	0.0000	0.0351	0.0000	0.0876	
17	50	0.0732	4	1	2	1	0	0	0	0	0	N	Y	N	N	N	N	N	N	N	N	N	N	6998716.4712	13914908.8484	inf	inf	9053323.8551	13168975.3215	15.1059	0.0000	91.0542	2.4194	0.0000	114.3664	24.6993	0.0000	89.6998	0.0000	0.0000	0.0000	0.0000	0.0000	0.0000	0.0000	0.0000	0.0000	inf	inf	0.0002	0.0000	0.9987	0.0003	5.5397	1.0126	0.0003	0.0000	0.0003	0.0000	0.0000	0.0000	0.0003	0.0000	0.0003	0.0000	0.0000	0.0000	0.0000	0.0000	0.0000	0.0000	0.0000	0.0000	0.0000	0.0000	0.0000	0.0000	0.0000	0.0000	0.0000	0.0000	0.0000	0.0187	0.0125	0.0062	0.0039	0.0037	0.0002	0.0148	0.0089	0.0059	6998716.4712	0.0000	13914908.8484	inf	0.0000	inf	9053323.8551	0.0000	13168975.3215	0.0000	0.0000	0.0000	0.0000	0.0000	0.0000	0.0000	0.0000	0.0000			
17	51	0.1860	5	1	2	0	0	0	0	0	0	N	Y	N	N	N	N	N	N	N	N	N	N	0.0000	0.0000	0.0000	0.0000	0.0000	0.0000	0.0000	0.0000	0.0000	0.0000	0.0000	0.0000	0.0000	0.0000	0.0000	0.0000	0.0000	0.0000	0.0000	0.0000	0.9987	0.0000	5.5397	1.0000	0.0000	0.0000	0.0000	0.0000	0.0000	0.0000	0.0000	0.0000	0.0000	0.0000	0.0000	0.0000	0.0000	0.0000	0.0000	0.0000	0.0000	0.0000	0.0000	0.0000	0.0000	0.0000	0.0000	0.0000	0.0000	0.0000	0.0000	0.0170	0.0117	0.0053	0.0052	0.0046	0.0006	0.0118	0.0071	0.0047	0.0000	0.0000	0.0000	0.0000	0.0000	0.0000	0.0000	0.0000	0.0000	0.0000	0.0000	0.0000	0.0000	0.0000	0.0000	0.0000	0.0000	0.0000											
17	52	0.1822	8	0	2	0	1	0	0	0	0	N	Y	N	N	N	N	N	N	N	N	N	N	0.0000	0.0000	0.0000	0.0000	0.0000	0.0000	0.0000	0.0000	0.0000	0.0000	0.0000	0.0000	0.0000	0.0000	0.0000	0.0000	0.0004	0.0006	0.0000	0.0015	0.0016	0.0000	0.0000	0.0000	0.0000	0.0004	0.0000	-0.0000	0.9987	0.9995	5.5397	1.0399	0.0000	0.0000	0.0000	0.0000	0.0000	0.0000	0.0000	0.0000	0.0000	0.0000	0.0000	0.0000	0.0000	0.0000	0.0000	0.0000	0.0000	0.0000	0.0137	0.0116	0.0020	0.0008	0.0008	0.0000	0.0129	0.0109	0.0020	0.0448	0.0325	0.0124	0.0133	0.0123	0.0010	0.0315	0.0201	0.0114	0.0000	0.0000	0.0000	0.0000	0.0000	0.0000	0.0000	0.0000	0.0000	0.0004	0.0006	0.0000	0.0015	0.0016	0.0000	0.0000	0.0000	0.0000			
17	53	0.1822	8	0	1	0	1	0	0	0	0	N	N	N	N	N	N	N	N	N	N	N	N	0.0000	0.0000	0.0000	0.0000	0.0000	0.0000	0.0000	0.0000	0.0000	0.0000	0.0000	0.0000	0.0000	0.0000	0.0000	0.0000	0.0000	0.0000	0.0000	0.0000	0.0000	0.0000	0.0014	0.0000	-0.0000	0.9987	3.0005	5.5397	1.0125	0.0000	0.0000	0.0000	0.0000	0.0000	0.0000	0.0000	0.0000	0.0000	0.0000	0.0000	0.0000	0.0000	0.0000	0.0000	0.0000	0.0000	0.0000	0.0402	0.0343	0.0059	0.0024	0.0023	0.0001	0.0379	0.0320	0.0058	0.0771	0.0539	0.0232	0.0209	0.0189	0.0020	0.0562	0.0349	0.0212	0.0000	0.0000	0.0000	0.0000	0.0000	0.0000	0.0000	0.0000	0.0000	0.0000	0.0000	0.0000	0.0000	0.0000	0.0000	0.0000	0.0000	0.0000						
17	54	0.1740	7	0	1	0	1	0	0	0	0	N	N	N	N	N	N	N	N	N	N	N	N	0.0000	0.0000	0.0000	0.0000	0.0000	0.0000	0.0000	0.0000	0.0000	0.0000	0.0000	0.0000	0.0000	0.0000	0.0000	0.0000	0.0000	0.0009	0.0009	0.0009	0.0014	0.0016	0.0000	0.0008	0.0006	0.0009	0.5032	0.0000	-0.0000	0.9987	0.0013	5.5397	1.9704	0.0000	0.0000	0.0000	0.0000	0.0000	0.0000	0.0000	0.0000	0.0000	0.0000	0.0000	0.0000	0.0000	0.0000	0.0000	0.0000	0.0000	0.0000	0.0000	0.0000	0.0000	0.0000	0.0000	0.0000	0.0000	0.0000	0.0000	0.0333	0.0220	0.0113	0.0070	0.0062	0.0008	0.0264	0.0158	0.0105	0.0000	0.0000	0.0000	0.0000	0.0000	0.0000	0.0000	0.0000	0.0000	0.0009	0.0009	0.0009	0.0014	0.0016	0.0000	0.0008	0.0006	0.0009		
17	55	0.1432	6	0	1	0	1	0	0	0	0	N	N	N	N	N	N	N	N	N	N	N	N	0.0000	0.0000	0.0000	0.0000	0.0000	0.0000	0.0000	0.0000	0.0000	0.0000	0.0000	0.0000	0.0000	0.0000	0.0000	0.0000	0.0000	0.0000	0.0000	0.0000	0.0001	0.0000	0.0000	0.0000	56.2286	0.0000	0.0000	0.9987	3.0000	5.5397	4.0155	0.0000	0.0000	0.0000	0.0000	0.0000	0.0000	0.0000	0.0000	0.0000	0.0000	0.0000	0.0000	0.0000	0.0000	0.0000	0.0000	0.0000	0.0000	0.0402	0.0342	0.0059	0.0021	0.0020	0.0001	0.0380	0.0322	0.0058	0.1171	0.0779	0.0392	0.0267	0.0239	0.0028	0.0904	0.0540	0.0364	0.0000	0.0000	0.0000	0.0000	0.0000	0.0000	0.0000	0.0000	0.0000	0.0000	0.0000	0.0000	0.0000	0.0000	0.0001	0.0000	0.0000	0.0000				
17	58	0.0449	3	1	1	1	0	0	0	0	0	N	N	N	N	N	N	N	N	N	N	N	N	0.0000	0.0000	0.0000	0.0000	0.0000	0.0000	0.0000	0.0000	0.0000	0.0000	0.0000	0.0000	0.0000	0.0000	0.0000	0.0000	0.0000	0.0000	0.0000	0.0000	0.9987	0.0000	5.5397	2.0000	0.0000	0.0000	0.0000	0.0000	0.0000	0.0000	0.0000	0.0000	0.0000	0.0000	0.0000	0.0000	0.0000	0.0000	0.0000	0.0000	0.0000	0.0000	0.0000	0.0000	0.0000	0.0000	0.0000	0.0000	0.0000	0.0000	0.0000	0.0391	0.0229	0.0162	0.0054	0.0052	0.0002	0.0337	0.0177	0.0160	0.0000	0.0000	0.0000	0.0000	0.0000	0.0000	0.0000	0.0000	0.0000	0.0000	0.0000	0.0000	0.0000	0.0000	0.0000	0.0000	0.0000	0.0000											
17	59	0.0298	2	0	2	0	0	0	0	0	0	N	Y	N	N	N	N	N	N	N	N	N	N	0.0035	0.1658	0.0000	19.4188	20.6428	0.0000	0.0000	0.0000	0.0033	0.0039	0.0000	0.7146	0.7156	0.0000	0.0000	0.0000	0.0000	0.9525	0.0238	1.7353	0.0368	0.0347	0.6091	0.8859	0.0000	1.6967	0.0001	40.6652	-0.0000	0.0833	0.9987	1.9997	5.5397	3.4660	0.0001	0.0001	0.0000	0.0001	0.0001	0.0000	0.0000	0.0000	0.0000	0.1909	0.0046	0.1863	0.0049	0.0046	0.0003	0.1860	0.0000	0.1860	0.0269	0.0228	0.0041	0.0001	0.0001	0.0000	0.0267	0.0227	0.0041	0.3429	0.1928	0.1501	0.1330	0.1322	0.0008	0.2100	0.0606	0.1494	0.0060	0.1658	0.0000	19.4188	20.6428	0.0000	0.0000	0.0000	0.0000	0.5567	0.0238	1.2411	0.0368	0.0347	0.3975	0.8859	0.0000	1.2456	
17	61	0.2142	8	0	1	1	0	0	0	0	0	N	N	N	N	N	N	N	N	N	N	N	N	0.0000	0.0000	0.0000	0.0000	0.0000	0.0000	0.0000	0.0000	0.0000	0.0000	0.0000	0.0000	0.0000	0.0000	0.0000	0.0000	0.0000	0.0000	0.0000	0.0000	0.9987	0.0000	5.5397	1.0000	0.0000	0.0000	0.0000	0.0000	0.0000	0.0000	0.0000	0.0000	0.0000	0.0000	0.0000	0.0000	0.0000	0.0000	0.0000	0.0000	0.0000	0.0000	0.0000	0.0000	0.0000	0.0000	0.0000	0.0000	0.0000	0.0000	0.0000	0.0164	0.0111	0.0053	0.0048	0.0041	0.0007	0.0116	0.0070	0.0046	0.0000	0.0000	0.0000	0.0000	0.0000	0.0000	0.0000	0.0000	0.0000	0.0000	0.0000	0.0000	0.0000	0.0000	0.0000	0.0000	0.0000	0.0000											
17	62	0.2100	7	0	1	0	0	0	0	0	0	N	N	N	N	N	N	N	N	N	N	N	N	0.0000	0.0000	0.0000	0.0000	0.0000	0.0000	0.0000	0.0000	0.0000	0.0000	0.0000	0.0000	0.0000	0.0000	0.0000	0.0000	0.0000	0.0000	0.0000	0.0000	0.0000	0.0000	0.0012	0.0000	-0.0000	0.9987	0.0001	5.5397	1.0076	0.0000	0.0000	0.0000	0.0000	0.0000	0.0000	0.0000	0.0000	0.0000	0.0000	0.0000	0.0000	0.0000	0.0000	0.0000	0.0000	0.0000	0.0000	0.0000	0.0000	0.0000	0.0000	0.0000	0.0000	0.0000	0.0000	0.0000	0.0202	0.0142	0.0059	0.0066	0.0059	0.0007	0.0136	0.0084	0.0052	0.0000	0.0000	0.0000	0.0000	0.0000	0.0000	0.0000	0.0000	0.0000	0.0000	0.0000	0.0000	0.0000	0.0000	0.0000	0.0000	0.0000	0.0000						
17	63	0.1432	6	0	1	0	0	0	0	0	0	N	N	N	N	N	N	N	N	N	N	N	N	0.0000	0.0000	0.0000	0.0000	0.0000	0.0000	0.0000	0.0000	0.0000	0.0000	0.0000	0.0000	0.0000	0.0000	0.0000	0.0121	0.0182	0.0000	0.0538	0.0602	0.0000	0.0000	0.0000	0.0000	0.0001	0.0000	-0.0015	0.9987	11.9999	5.5397	3.0574	0.0000	0.0000	0.0000	0.0000	0.0000	0.0000	0.0000	0.0000	0.0000	0.0028	0.0028	0.0000	0.0028	0.0028	0.0000	0.0000	0.0000	0.0000	0.1478	0.1266	0.0212	0.0076	0.0072	0.0004	0.1403	0.1194	0.0209	0.2338	0.1551	0.0786	0.0526	0.0470	0.0056	0.1811	0.1081	0.0730	0.0000	0.0000	0.0000	0.0000	0.0000	0.0000	0.0000	0.0000	0.0000	0.0121	0.0182	0.0000	0.0538	0.0602	0.0000	0.0000	0.0000	0.0000				
17	64	0.0449	3	1	2	0	0	0	0	0	0	N	Y	N	N	N	N	N	N	N	N	N	N	0.0000	0.0000	0.0000	0.0000	0.0000	0.0000	0.0000	0.0000	0.0000	0.0000	0.0000	0.0000	0.0000	0.0000	0.0000	0.0000	0.0000	0.0000	0.0000	0.0000	0.9987	4.0000	5.5397	3.0000	0.0000	0.0000	0.0000	0.0000	0.0000	0.0000	0.0000	0.0000	0.0000	0.0000	0.0000	0.0000	0.0000	0.0000	0.0000	0.0000	0.0000	0.0000	0.0527	0.0448	0.0079	0.0002	0.0002	0.0000	0.0525	0.0446	0.0079	0.1303	0.0768	0.0535	0.0181	0.0173	0.0008	0.1123	0.0595	0.0527	0.0000	0.0000	0.0000	0.0000	0.0000	0.0000	0.0000	0.0000	0.0000	0.0000	0.0000	0.0000	0.0000	0.0000	0.0000	0.0000	0.0000	0.0000											
17	65	0.0867	4	0	1	0	0	0	0	0	0	N	N	N	N	N	N	N	N	N	N	N	N	2.4285	0.0000	inf	0.0000	0.0000	inf	inf	0.0501	0.0000	0.3391	0.0000	0.0000	0.0000	0.0534	0.0000	0.3461	0.0206	0.0316	0.0000	0.1861	0.2133	0.0000	0.0000	0.0000	0.0000	inf	0.0000	0.0007	-0.0021	0.9987	2.0015	5.5397	10.0016	0.0014	0.0000	0.0014	0.0000	0.0000	0.0000	0.0014	0.0000	0.0014	0.0039	0.0039	0.0000	0.0039	0.0039	0.0000	0.0000	0.0000	0.0000	0.0273	0.0232	0.0040	0.0016	0.0016	0.0001	0.0256	0.0217	0.0040	0.1889	0.1235	0.0654	0.0336	0.0314	0.0022	0.1552	0.0921	0.0632	2.4285	0.0000	inf	0.0000	0.0000	0.0000	inf	0.0000	inf	0.0206	0.0316	0.0000	0.1159	0.1240	0.0000	0.0000	0.0000	0.0000		
17	67	0.2416	6	0	1	0	0	0	0	0	0	N	N	N	N	N	N	N	N	N	N	N	N	1.5459	0.0000	2.6441	0.2310	0.0000	0.6070	1.4495	0.0000	2.2332	0.4012	0.0000	2.9523	0.0171	0.0000	0.4832	0.4628	0.0000	3.0447	0.2595	0.0086	1.1165	0.0742	0.0167	0.7961	0.3193	0.0000	1.3634	inf	33.2860	0.0155	0.0408	0.9987	4.8614	5.5397	14.2102	0.0288	0.0000	0.0288	0.0002	0.0000	0.0002	0.0286	0.0000	0.0286	0.0947	0.0028	0.0919	0.0139	0.0028	0.0112	0.0808	0.0000	0.0808	0.0718	0.0620	0.0098	0.0099	0.0096	0.0004	0.0619	0.0525	0.0094	0.4406	0.3204	0.1202	0.1877	0.1654	0.0223	0.2529	0.1551	0.0979	1.8671	0.0000	3.8601	0.2310	0.0000	0.9660	1.4495	0.0000	3.6897	0.2149	0.0086	0.7648	0.0742	0.0167	0.5002	0.3193	0.0000	0.8252
17	68	0.0788	6	1	2	1	0	0	0	0	0	N	Y	N	N	N	N	N	N	N	N	N	N	0.0000	0.0000	0.0000	0.0000	0.0000	0.0000	0.0000	0.0000	0.0000	0.0000	0.0000	0.0000	0.0000	0.0000	0.0000	0.0000	0.0000	0.0000	0.0000	0.0000	0.9987	0.0000	5.5397	0.0000	0.0000	0.0000	0.0000	0.0000	0.0000	0.0000	0.0000	0.0000	0.0000	0.0000	0.0000	0.0000	0.0000	0.0000	0.0000	0.0000	0.0000	0.0000	0.0000	0.0000	0.0000	0.0000	0.0000	0.0000	0.0000	0.0000	0.0000	0.0000	0.0000	0.0000	0.0000	0.0000	0.0000	0.0000	0.0000	0.0000	0.0000	0.0000	0.0000	0.0000	0.0000	0.0000	0.0000	0.0000	0.0000	0.0000	0.0000	0.0000	0.0000	0.0000	0.0000	0.0000	0.0000	0.0000											
17	69	0.0747	5	1	1	1	0	0	0	0	0	N	N	N	N	N	N	N	N	N	N	N	N	6677.7900	4689.3252	0.0000	3500.0246	3307.7733	0.0000	0.0000	11.1161	13.1518	0.0000	30.3618	30.3620	0.0000	0.0000	0.0000	0.0000	0.0017	0.0028	0.0000	0.0087	0.0092	0.0000	0.0000	0.0000	0.0000	0.0000	0.0023	-0.0004	-0.0000	0.9987	0.0016	5.5397	0.9826	0.0009	0.0009	0.0000	0.0009	0.0009	0.0000	0.0000	0.0000	0.0000	0.0000	0.0000	0.0000	0.0000	0.0000	0.0000	0.0000	0.0000	0.0000	0.0001	0.0001	0.0000	0.0000	0.0000	0.0000	0.0001	0.0000	0.0000	0.0208	0.0123	0.0085	0.0040	0.0038	0.0002	0.0168	0.0085	0.0082	6677.7900	4689.3252	0.0000	3500.0246	3307.7733	0.0000	0.0000	0.0000	0.0000	0.0017	0.0028	0.0000	0.0087	0.0092	0.0000	0.0000	0.0000	0.0000		
17	70	0.0619	4	1	1	1	0	0	0	0	0	N	N	N	N	N	N	N	N	N	N	N	N	76.9457	0.5687	15524.8779	0.0782	0.0739	0.0000	5252.8359	15122.1683	4.3930	0.0534	37.1808	0.1547	0.1547	0.0000	6.2540	0.0000	37.1843	0.0571	0.0940	0.0024	1.9778	2.0917	0.0000	0.0012	0.0000	0.0025	92.0847	0.0172	0.0005	-0.0019	0.9987	0.0061	5.5397	3.0249	0.0009	0.0000	0.0009	0.0000	0.0000	0.0000	0.0009	0.0000	0.0009	0.0036	0.0035	0.0001	0.0035	0.0035	0.0000	0.0001	0.0000	0.0001	0.0002	0.0002	0.0000	0.0001	0.0001	0.0000	0.0001	0.0001	0.0000	0.0627	0.0374	0.0252	0.0119	0.0112	0.0007	0.0508	0.0262	0.0246	76.9457	0.5687	15524.8779	0.5234	0.4945	0.0000	5252.8359	0.0000	15122.1683	0.0571	0.0940	0.0024	0.2955	0.3128	0.0000	0.0012	0.0000	0.0025	
17	71	0.0449	3	1	1	1	0	0	0	0	0	N	N	N	N	N	N	N	N	N	N	N	N	141.2127	0.0000	95091.5287	0.0000	0.0000	30118.8664	0.0000	93691.8952	0.1642	0.0000	1.0767	0.0000	0.0000	0.0000	0.1649	0.0000	1.0768	0.0012	0.0020	0.0000	0.0084	0.0087	0.0000	0.0000	0.0000	0.0000	inf	0.0040	0.0000	-0.0000	0.9987	0.0044	5.5397	4.0281	0.0000	0.0000	0.0000	0.0000	0.0000	0.0000	0.0000	0.0000	0.0000	0.0001	0.0001	0.0000	0.0001	0.0001	0.0000	0.0000	0.0000	0.0000	0.0001	0.0001	0.0000	0.0000	0.0000	0.0000	0.0001	0.0001	0.0000	0.0773	0.0453	0.0319	0.0107	0.0102	0.0005	0.0665	0.0351	0.0314	141.2127	0.0000	95091.5287	0.0000	0.0000	0.0000	30118.8664	0.0000	93691.8952	0.0012	0.0020	0.0000	0.0084	0.0087	0.0000	0.0000	0.0000	0.0000	
17	72	0.0867	4	0	2	0	0	0	0	0	0	N	Y	N	N	N	N	N	N	N	N	N	N	3.2690	inf	0.0000	329466.6506	inf	0.0000	0.0000	0.0000	12.6914	14.8600	0.0000	216.8475	228.2600	0.0000	0.0000	0.0000	0.0000	3.8824	0.0000	19.2252	0.0007	0.0000	0.0100	4.7189	0.0000	18.9882	0.0000	inf	-0.4602	0.4592	0.9987	5.9987	5.5397	11.0016	0.9966	0.9966	0.0000	0.9966	0.9966	0.0000	0.0000	0.0000	0.0000	0.9981	0.0000	0.9981	0.0000	0.0000	0.0000	0.9981	0.0000	0.9981	0.0785	0.0671	0.0115	0.0046	0.0044	0.0002	0.0739	0.0627	0.0112	0.2571	0.1680	0.0891	0.0456	0.0426	0.0030	0.2115	0.1254	0.0861	3.2690	inf	0.0000	329466.6506	inf	0.0000	0.0000	0.0000	0.0000	3.8824	0.0000	11.2037	0.0007	0.0000	0.0100	4.7189	0.0000	11.5955	
17	73	0.0449	3	1	1	1	0	0	0	0	0	N	N	N	N	N	N	N	N	N	N	N	N	inf	inf	inf	inf	37.1546	0.0000	245.3612	0.0000	0.0000	0.0000	37.3177	0.0000	245.3701	0.0000	0.0000	0.0000	0.0000	0.0000	0.0000	0.0000	0.0000	0.0000	inf	0.5371	0.0000	0.9987	2.0000	5.5397	5.0000	0.9979	0.0000	0.9979	0.0000	0.0000	0.0000	0.9979	0.0000	0.9979	0.0000	0.0000	0.0000	0.0000	0.0000	0.0000	0.0000	0.0000	0.0000	0.0269	0.0228	0.0041	0.0001	0.0001	0.0000	0.0267	0.0227	0.0041	0.1303	0.0768	0.0535	0.0181	0.0173	0.0008	0.1123	0.0595	0.0527	inf	0.0000	inf	0.0000	0.0000	0.0000	inf	0.0000	inf	0.0000	0.0000	0.0000	0.0000	0.0000	0.0000	0.0000	0.0000	0.0000						
17	74	0.1285	6	0	2	0	0	0	0	0	0	N	Y	N	N	N	N	N	N	N	N	N	N	0.0609	0.0000	0.0989	0.5656	0.0000	8.3017	0.0503	0.0000	0.1017	0.5868	0.0000	4.0162	0.0050	0.0000	0.1311	0.6319	0.0000	4.0908	9.6292	4.7552	40.6217	0.0089	0.0082	0.0158	12.5701	6.9531	40.2425	inf	1.9983	0.0262	0.3789	0.9987	6.1274	5.5397	13.6208	0.0487	0.0000	0.0487	0.0000	0.0000	0.0000	0.0486	0.0000	0.0486	2.9948	0.9988	1.9960	0.0006	0.0005	0.0001	2.9942	0.9983	1.9959	0.0829	0.0708	0.0121	0.0060	0.0057	0.0002	0.0770	0.0651	0.0119	0.3110	0.2101	0.1010	0.0728	0.0665	0.0063	0.2382	0.1436	0.0946	0.0609	0.0000	0.2032	0.5656	0.0000	8.3017	0.0503	0.0000	0.1939	9.6292	4.7552	19.7694	0.0089	0.0082	0.0158	12.5701	6.9531	21.0929
17	75	0.1531	9	0	1	1	0	0	0	0	0	N	N	N	N	N	N	N	N	N	N	N	N	0.0000	0.0000	0.0000	0.0000	0.0000	0.0000	0.0000	0.0000	0.0000	0.0000	0.0000	0.0000	0.0000	0.0000	0.0000	0.0000	0.0000	0.0000	0.0000	0.0000	0.9987	0.0000	5.5397	1.0003	0.0000	0.0000	0.0000	0.0000	0.0000	0.0000	0.0000	0.0000	0.0000	0.0000	0.0000	0.0000	0.0000	0.0000	0.0000	0.0000	0.0000	0.0000	0.0000	0.0000	0.0000	0.0000	0.0000	0.0000	0.0000	0.0000	0.0000	0.0195	0.0118	0.0077	0.0040	0.0037	0.0004	0.0155	0.0081	0.0074	0.0000	0.0000	0.0000	0.0000	0.0000	0.0000	0.0000	0.0000	0.0000	0.0000	0.0000	0.0000	0.0000	0.0000	0.0000	0.0000	0.0000	0.0000											
17	76	0.1489	8	0	1	1	0	0	0	0	0	N	N	N	N	N	N	N	N	N	N	N	N	0.0000	0.0000	0.0000	0.0000	0.0000	0.0000	0.0000	0.0000	0.0000	0.0000	0.0000	0.0000	0.0000	0.0000	0.0000	0.0000	0.0000	0.0000	0.0000	0.0000	0.9987	0.0000	5.5397	1.0076	0.0000	0.0000	0.0000	0.0000	0.0000	0.0000	0.0000	0.0000	0.0000	0.0000	0.0000	0.0000	0.0000	0.0000	0.0000	0.0000	0.0000	0.0000	0.0000	0.0000	0.0000	0.0000	0.0000	0.0000	0.0000	0.0000	0.0000	0.0196	0.0118	0.0078	0.0039	0.0036	0.0004	0.0156	0.0082	0.0074	0.0000	0.0000	0.0000	0.0000	0.0000	0.0000	0.0000	0.0000	0.0000	0.0000	0.0000	0.0000	0.0000	0.0000	0.0000	0.0000	0.0000	0.0000											
17	77	0.1449	7	0	1	0	0	0	0	0	0	N	N	N	N	N	N	N	N	N	N	N	N	1245591.1185	859149.0585	715577.4645	652114.3078	7.0666	8.0741	0.0000	20.2264	20.2666	0.0000	0.0000	0.0000	0.0000	0.0000	0.0000	0.0000	0.0000	0.0000	0.0000	0.0000	0.0000	0.0000	0.0000	0.0027	-0.0004	-0.0000	0.9987	0.0026	5.5397	0.9924	0.0008	0.0008	0.0000	0.0008	0.0008	0.0000	0.0000	0.0000	0.0000	0.0000	0.0000	0.0000	0.0000	0.0000	0.0000	0.0000	0.0000	0.0000	0.0001	0.0001	0.0000	0.0000	0.0000	0.0000	0.0001	0.0001	0.0000	0.0193	0.0116	0.0077	0.0039	0.0035	0.0004	0.0154	0.0081	0.0073	1245591.1185	859149.0585	0.0000	715577.4645	652114.3078	0.0000	0.0000	0.0000	0.0000	0.0000	0.0000	0.0000	0.0000	0.0000	0.0000	0.0000	0.0000	0.0000					
17	78	0.1285	6	0	1	0	0	0	0	0	0	N	N	N	N	N	N	N	N	N	N	N	N	1006.4189	824.2309	120.0664	2852.8413	2628.3939	0.3518	133.3815	0.0000	337.2889	22.6695	26.6014	0.0063	251.1660	258.8782	0.0002	0.0010	0.0000	0.0064	0.0225	0.0323	0.0001	0.0880	0.0985	0.0006	0.0000	0.0000	0.0000	0.0000	0.0007	-0.4379	-0.0011	0.9987	2.8733	5.5397	1.5522	0.9485	0.9485	0.0000	0.9485	0.9485	0.0000	0.0000	0.0000	0.0000	0.0021	0.0021	0.0000	0.0021	0.0021	0.0000	0.0000	0.0000	0.0000	0.0418	0.0357	0.0062	0.0038	0.0037	0.0001	0.0381	0.0320	0.0061	0.0926	0.0646	0.0280	0.0255	0.0239	0.0016	0.0671	0.0407	0.0264	1006.4189	824.2309	120.0664	3071.4187	2968.7506	0.3518	133.3815	0.0000	337.2889	0.0225	0.0323	0.0001	0.0818	0.0872	0.0006	0.0000	0.0000	0.0000
17	79	0.1164	5	0	1	0	0	0	0	0	0	N	N	N	N	N	N	N	N	N	N	N	N	361.5081	362.5825	496.0362	772.1877	755.3595	0.0000	167.1945	0.0140	486.1305	13.9499	11.6785	27.2126	42.9858	43.3282	0.0000	5.1808	0.0002	27.5581	0.0386	0.0322	0.0549	0.0557	0.0574	0.0045	0.0310	0.0144	0.0567	0.3991	0.6677	-0.0118	-0.0005	0.9987	0.2102	5.5397	3.4985	0.0667	0.0477	0.0190	0.0477	0.0477	0.0000	0.0190	0.0000	0.0190	0.0037	0.0022	0.0015	0.0017	0.0017	0.0000	0.0021	0.0006	0.0015	0.0048	0.0041	0.0007	0.0011	0.0011	0.0000	0.0037	0.0030	0.0007	0.0971	0.0698	0.0274	0.0299	0.0290	0.0010	0.0672	0.0408	0.0264	361.5081	362.5825	496.0362	772.1877	755.3595	0.0000	167.1945	0.0140	486.1305	0.0386	0.0322	0.0549	0.0557	0.0574	0.0045	0.0310	0.0144	0.0567
17	80	0.1475	7	0	2	0	0	0	0	0	0	N	Y	N	N	N	N	N	N	N	N	N	N	0.0000	0.0000	21.5906	0.0023	0.0000	96.8547	0.0000	0.0000	0.7964	0.0000	0.0000	0.0001	0.0003	0.0000	0.0037	0.0000	0.0000	0.0000	7.3866	11.1987	0.0000	0.1090	0.1349	0.0000	9.5294	15.9374	0.0000	inf	0.0000	0.0000	-0.5364	0.9987	2.0196	5.5397	6.0690	0.0000	0.0000	0.0000	0.0000	0.0000	0.0000	0.0000	0.0000	0.0000	0.9934	0.9934	0.0000	0.0029	0.0029	0.0000	0.9905	0.9905	0.0000	0.0278	0.0237	0.0041	0.0022	0.0021	0.0001	0.0256	0.0217	0.0040	0.1373	0.0923	0.0451	0.0334	0.0301	0.0033	0.1039	0.0621	0.0418	0.0000	0.0000	21.5906	0.0029	0.0000	96.8547	0.0000	0.0000	0.7964	7.2328	10.7653	0.0000	0.0879	0.0975	0.0000	9.5294	15.9374	0.0000
17	81	0.1392	6	0	1	0	0	0	0	0	0	N	N	N	N	N	N	N	N	N	N	N	N	0.0001	0.0001	0.0000	0.0128	0.0121	0.0000	0.0000	0.0000	0.0000	0.0000	0.0000	0.0000	0.0007	0.0007	0.0000	0.0000	0.0000	0.0000	0.3115	0.7306	0.0040	0.0536	0.0597	0.0000	0.2934	0.4860	0.0043	0.0000	0.0055	-0.0000	-0.0044	0.9987	0.9876	5.5397	0.9833	0.0000	0.0000	0.0000	0.0000	0.0000	0.0000	0.0000	0.0000	0.0000	0.0082	0.0081	0.0000	0.0004	0.0004	0.0000	0.0077	0.0077	0.0000	0.0135	0.0115	0.0020	0.0008	0.0008	0.0000	0.0126	0.0107	0.0020	0.0343	0.0229	0.0114	0.0079	0.0071	0.0008	0.0264	0.0159	0.0106	0.0002	0.0001	0.0000	0.0128	0.0121	0.0000	0.0000	0.0000	0.0000	0.2382	0.3542	0.0040	0.0536	0.0597	0.0000	0.2934	0.4860	0.0043
17	82	0.0732	4	1	1	1	0	0	0	0	0	N	N	N	N	N	N	N	N	N	N	N	N	2520.2361	1958.4702	5265.7542	4551.1205	inf	inf	72.9775	85.7874	0.0000	1537.5861	1605.8768	0.0000	0.0207	0.0245	0.0000	0.0290	0.0438	0.0000	0.2920	0.3529	0.0000	0.0000	0.0000	0.0000	0.0000	0.0000	-0.4608	-0.0011	0.9987	1.0000	5.5397	2.9874	0.9979	0.9979	0.0000	0.9976	0.9976	0.0000	0.0003	0.0003	0.0000	0.0020	0.0020	0.0000	0.0020	0.0020	0.0000	0.0000	0.0000	0.0000	0.0137	0.0116	0.0020	0.0006	0.0006	0.0000	0.0130	0.0110	0.0020	0.0698	0.0461	0.0236	0.0139	0.0130	0.0009	0.0558	0.0331	0.0227	2520.2361	1958.4702	0.0000	10589.2463	10316.2463	0.0000	inf	inf	0.0000	0.0290	0.0438	0.0000	0.1452	0.1557	0.0000	0.0000	0.0000	0.0000			
17	83	0.0449	3	1	1	1	0	0	0	0	0	N	N	N	N	N	N	N	N	N	N	N	N	9.6190	3306.4573	12.5925	0.0000	0.0000	0.0000	8.3227	inf	12.9535	73.6042	0.0017	484.3451	0.0000	0.0000	0.0000	73.9280	0.0017	484.3626	7.6520	0.0000	38.4629	0.0011	0.0000	0.0250	8.8827	0.0000	37.3924	49985.5000	24723762.3689	0.5370	0.4595	0.9987	0.9997	5.5397	6.0128	0.9977	0.0000	0.9976	0.0000	0.0000	0.0000	0.9977	0.0000	0.9976	0.9988	0.0000	0.9988	0.0000	0.0000	0.0000	0.9988	0.0000	0.9988	0.0136	0.0115	0.0021	0.0001	0.0001	0.0000	0.0135	0.0114	0.0021	0.1305	0.0769	0.0536	0.0181	0.0173	0.0008	0.1124	0.0596	0.0528	9.6190	3306.4573	25.9916	0.0000	0.0000	0.0000	8.3227	inf	25.6050	7.6520	0.0000	18.6347	0.0011	0.0000	0.0250	8.8827	0.0000	18.9167
17	84	0.0867	4	0	2	0	1	0	0	0	0	N	Y	N	N	N	N	N	N	N	N	N	N	1.0152	0.0056	inf	0.0219	0.0207	inf	inf	0.0134	0.0001	0.0917	0.0017	0.0018	0.0000	0.0141	0.0000	0.0936	0.0132	0.0202	0.0000	0.0767	0.0851	0.0000	0.0000	0.0000	0.0000	136.7150	0.0000	0.0007	-0.0021	0.9987	8.0013	5.5397	12.0015	0.0014	0.0000	0.0014	0.0000	0.0000	0.0000	0.0014	0.0000	0.0014	0.0039	0.0039	0.0000	0.0039	0.0039	0.0000	0.0000	0.0000	0.0000	0.1028	0.0879	0.0149	0.0060	0.0057	0.0003	0.0968	0.0822	0.0146	0.2955	0.1930	0.1025	0.0522	0.0488	0.0035	0.2432	0.1442	0.0990	1.0152	0.0056	inf	0.0225	0.0221	0.0000	inf	0.0000	inf	0.0132	0.0202	0.0000	0.0747	0.0800	0.0000	0.0000	0.0000	0.0000		
17	85	0.1432	6	0	2	0	0	0	0	0	0	N	Y	N	N	N	N	N	N	N	N	N	N	21.0793	16.4688	90.2914	84.9579	0.0447	0.0525	0.0000	0.8421	0.8841	0.0000	0.0000	0.0000	0.0000	0.0021	0.0032	0.0000	0.0093	0.0104	0.0000	0.0000	0.0000	0.0000	0.0000	0.0000	-0.0003	-0.0002	0.9987	1.0000	5.5397	6.9850	0.0006	0.0006	0.0000	0.0006	0.0006	0.0000	0.0000	0.0000	0.0000	0.0003	0.0003	0.0000	0.0003	0.0003	0.0000	0.0000	0.0000	0.0000	0.0136	0.0116	0.0020	0.0007	0.0007	0.0000	0.0129	0.0109	0.0020	0.1320	0.0878	0.0442	0.0300	0.0269	0.0031	0.1020	0.0609	0.0411	21.0793	16.4688	0.0000	90.2914	84.9579	0.0000	0.0000	0.0000	0.0000	0.0021	0.0032	0.0000	0.0093	0.0104	0.0000	0.0000	0.0000	0.0000					
17	86	0.1305	5	0	1	0	0	0	0	0	0	N	N	N	N	N	N	N	N	N	N	N	N	0.0000	0.0000	0.0000	0.0000	0.0000	0.0000	0.0000	0.0000	0.0000	0.0000	0.0000	0.0000	0.0000	0.0000	0.0000	0.0000	0.0000	0.0000	0.0003	0.0004	0.0000	0.0012	0.0014	0.0000	0.0000	0.0000	0.0000	0.0154	0.0000	-0.0000	0.9987	1.0086	5.5397	2.0000	0.0000	0.0000	0.0000	0.0000	0.0000	0.0000	0.0000	0.0000	0.0000	0.0000	0.0000	0.0000	0.0000	0.0000	0.0000	0.0000	0.0000	0.0000	0.0139	0.0118	0.0021	0.0008	0.0008	0.0000	0.0131	0.0111	0.0020	0.0520	0.0344	0.0176	0.0118	0.0106	0.0012	0.0402	0.0238	0.0164	0.0000	0.0000	0.0000	0.0000	0.0000	0.0000	0.0000	0.0000	0.0000	0.0003	0.0004	0.0000	0.0012	0.0014	0.0000	0.0000	0.0000	0.0000	
17	87	0.0449	3	0	2	0	0	0	0	0	0	N	Y	N	N	N	N	N	N	N	N	N	N	10368.1011	0.0000	inf	0.0000	0.0000	inf	inf	18.9311	0.0000	125.8955	0.0000	0.0000	0.0000	19.0137	0.0000	125.9000	0.0018	0.0031	0.0000	0.0132	0.0138	0.0000	0.0000	0.0000	0.0000	inf	0.0000	0.5371	-0.0002	0.9987	4.0000	5.5397	7.0000	0.9979	0.0000	0.9979	0.0000	0.0000	0.0000	0.9979	0.0000	0.9979	0.0004	0.0004	0.0000	0.0004	0.0004	0.0000	0.0000	0.0000	0.0000	0.0527	0.0448	0.0079	0.0002	0.0002	0.0000	0.0525	0.0446	0.0079	0.1972	0.1168	0.0803	0.0273	0.0261	0.0012	0.1699	0.0907	0.0791	10368.1011	0.0000	inf	0.0000	0.0000	0.0000	inf	0.0000	inf	0.0018	0.0031	0.0000	0.0132	0.0138	0.0000	0.0000	0.0000	0.0000		
17	89	0.1477	7	0	2	0	0	0	0	0	0	N	Y	N	N	N	N	N	N	N	N	N	N	0.0738	0.0000	0.4719	0.0000	0.0000	0.0000	0.2172	0.0000	0.4268	0.0000	0.0000	0.0002	0.0000	0.0000	0.0000	0.0000	0.0000	0.0002	0.0003	0.0003	0.0004	0.0008	0.0009	0.0000	0.0002	0.0000	0.0004	inf	0.6763	0.0000	-0.0000	0.9987	0.0157	5.5397	9.0253	0.0000	0.0000	0.0000	0.0000	0.0000	0.0000	0.0000	0.0000	0.0000	0.0000	0.0000	0.0000	0.0000	0.0000	0.0000	0.0000	0.0000	0.0000	0.0008	0.0007	0.0001	0.0003	0.0003	0.0000	0.0005	0.0004	0.0001	0.1498	0.1002	0.0496	0.0376	0.0330	0.0046	0.1122	0.0672	0.0450	0.0738	0.0000	0.4719	0.0000	0.0000	0.0000	0.2172	0.0000	0.4268	0.0003	0.0003	0.0004	0.0008	0.0009	0.0000	0.0002	0.0000	0.0004
17	90	0.1392	6	0	2	0	0	0	0	0	0	N	Y	N	N	N	N	N	N	N	N	N	N	0.0228	0.0189	0.0000	0.0593	0.0574	0.0000	0.0000	0.0000	0.0000	0.0001	0.0001	0.0000	0.0007	0.0007	0.0000	0.0000	0.0000	0.0000	0.0032	0.0045	0.0005	0.0111	0.0124	0.0001	0.0008	0.0010	0.0006	0.0000	0.0573	-0.0000	-0.0001	0.9987	0.0169	5.5397	2.0013	0.0000	0.0000	0.0000	0.0000	0.0000	0.0000	0.0000	0.0000	0.0000	0.0001	0.0001	0.0000	0.0001	0.0001	0.0000	0.0000	0.0000	0.0000	0.0003	0.0002	0.0000	0.0000	0.0000	0.0000	0.0002	0.0002	0.0000	0.0351	0.0235	0.0116	0.0081	0.0073	0.0008	0.0270	0.0162	0.0108	0.0228	0.0189	0.0000	0.0593	0.0574	0.0000	0.0000	0.0000	0.0000	0.0032	0.0045	0.0005	0.0111	0.0124	0.0001	0.0008	0.0010	0.0006
17	91	0.1305	5	0	1	0	0	0	0	0	0	N	N	N	N	N	N	N	N	N	N	N	N	0.0000	0.0000	0.0000	0.0000	0.0000	0.0000	0.0000	0.0000	0.0000	0.0000	0.0000	0.0000	0.0000	0.0000	0.0000	0.0000	0.0000	0.0000	0.0024	0.0037	0.0000	0.0021	0.0023	0.0000	0.0025	0.0043	0.0000	0.0025	0.0000	-0.0000	0.9987	1.9923	5.5397	0.0454	0.0000	0.0000	0.0000	0.0000	0.0000	0.0000	0.0000	0.0000	0.0000	0.0001	0.0001	0.0000	0.0000	0.0000	0.0000	0.0001	0.0001	0.0000	0.0271	0.0231	0.0040	0.0015	0.0014	0.0001	0.0256	0.0217	0.0039	0.0358	0.0237	0.0121	0.0082	0.0074	0.0008	0.0276	0.0163	0.0113	0.0000	0.0000	0.0000	0.0000	0.0000	0.0000	0.0000	0.0000	0.0000	0.0024	0.0037	0.0000	0.0021	0.0023	0.0000	0.0025	0.0043	0.0000	
17	92	0.0867	4	0	1	0	0	0	0	0	0	N	N	N	N	N	N	N	N	N	N	N	N	1084.3639	0.0000	inf	0.0000	0.0000	964.2827	0.0000	inf	0.0982	0.0000	0.6615	0.0000	0.0000	0.0000	0.1046	0.0000	0.6751	0.0001	0.0001	0.0000	0.0000	0.0000	0.0000	0.0001	0.0002	0.0000	inf	0.0000	0.0007	-0.0000	0.9987	1.0098	5.5397	9.0196	0.0014	0.0000	0.0014	0.0000	0.0000	0.0000	0.0014	0.0000	0.0014	0.0000	0.0000	0.0000	0.0000	0.0000	0.0000	0.0000	0.0000	0.0000	0.0139	0.0119	0.0021	0.0009	0.0008	0.0000	0.0131	0.0110	0.0020	0.1603	0.1049	0.0555	0.0286	0.0268	0.0019	0.1317	0.0781	0.0536	1084.3639	0.0000	inf	0.0000	0.0000	0.0000	964.2827	0.0000	inf	0.0001	0.0001	0.0000	0.0000	0.0000	0.0000	0.0001	0.0002	0.0000	
17	93	0.1835	9	1	2	0	1	0	0	0	0	N	Y	N	N	N	N	N	N	N	N	N	N	0.0000	0.0000	0.0000	0.0000	0.0000	0.0000	0.0000	0.0000	0.0000	0.0000	0.0000	0.0000	0.0000	0.0000	0.0000	0.0000	0.0000	0.0000	0.0000	0.0000	0.9987	0.0000	5.5397	0.0000	0.0000	0.0000	0.0000	0.0000	0.0000	0.0000	0.0000	0.0000	0.0000	0.0000	0.0000	0.0000	0.0000	0.0000	0.0000	0.0000	0.0000	0.0000	0.0000	0.0000	0.0000	0.0000	0.0000	0.0000	0.0000	0.0000	0.0000	0.0000	0.0000	0.0000	0.0000	0.0000	0.0000	0.0000	0.0000	0.0000	0.0000	0.0000	0.0000	0.0000	0.0000	0.0000	0.0000	0.0000	0.0000	0.0000	0.0000	0.0000	0.0000	0.0000	0.0000	0.0000	0.0000	0.0000											
17	94	0.1835	8	1	2	0	1	0	0	0	0	N	Y	N	N	N	N	N	N	N	N	N	N	0.0000	0.0000	0.0000	0.0000	0.0000	0.0000	0.0000	0.0000	0.0000	0.0000	0.0000	0.0000	0.0000	0.0001	0.0000	0.0004	0.0001	0.0000	0.0126	0.0000	0.0000	0.0000	inf	0.0000	0.0000	0.9987	0.0000	5.5397	0.0001	0.0000	0.0000	0.0000	0.0000	0.0000	0.0000	0.0000	0.0000	0.0000	0.0000	0.0000	0.0000	0.0000	0.0000	0.0000	0.0000	0.0000	0.0000	0.0000	0.0000	0.0000	0.0000	0.0000	0.0000	0.0000	0.0000	0.0000	0.0000	0.0000	0.0000	0.0000	0.0000	0.0000	0.0000	0.0000	0.0000	0.0000	0.0000	0.0000	0.0000	0.0000	0.0000	0.0000	0.0000	0.0000	0.0001	0.0000	0.0004	0.0001	0.0000	0.0126	0.0000	0.0000	0.0000						
17	95	0.1655	7	0	2	0	1	0	0	0	0	N	Y	N	N	N	N	N	N	N	N	N	N	inf	inf	inf	inf	69.4454	81.4894	0.0000	594.9899	620.4335	0.0000	0.0000	0.0000	0.0000	0.0000	0.0000	0.0000	0.0000	0.0000	0.0000	0.0000	0.0000	0.0000	0.0000	-0.4529	0.0000	0.9987	0.9845	5.5397	0.9903	0.9808	0.9808	0.0000	0.9808	0.9808	0.0000	0.0000	0.0000	0.0000	0.0000	0.0000	0.0000	0.0000	0.0000	0.0000	0.0000	0.0000	0.0000	0.0141	0.0120	0.0021	0.0016	0.0016	0.0001	0.0125	0.0105	0.0020	0.0351	0.0236	0.0115	0.0080	0.0075	0.0005	0.0271	0.0161	0.0109	inf	inf	0.0000	inf	inf	0.0000	0.0000	0.0000	0.0000	0.0000	0.0000	0.0000	0.0000	0.0000	0.0000	0.0000	0.0000	0.0000						
17	96	0.1627	7	0	2	0	0	0	0	0	0	N	Y	N	N	N	N	N	N	N	N	N	N	36.4472	0.0000	59998.9650	0.0000	0.0000	18610.0034	0.0000	54904.9485	0.0093	0.0000	0.0629	0.0000	0.0000	0.0000	0.0101	0.0000	0.0648	0.0003	0.0004	0.0000	0.0007	0.0008	0.0000	0.0000	0.0000	0.0000	inf	0.0013	0.0001	-0.0000	0.9987	1.0063	5.5397	3.7812	0.0001	0.0000	0.0001	0.0000	0.0000	0.0000	0.0001	0.0000	0.0001	0.0000	0.0000	0.0000	0.0000	0.0000	0.0000	0.0000	0.0000	0.0000	0.0140	0.0120	0.0021	0.0011	0.0011	0.0001	0.0129	0.0109	0.0020	0.1157	0.0797	0.0359	0.0402	0.0361	0.0041	0.0755	0.0436	0.0319	36.4472	0.0000	59998.9650	0.0000	0.0000	0.0000	18610.0034	0.0000	54904.9485	0.0003	0.0004	0.0000	0.0007	0.0008	0.0000	0.0000	0.0000	0.0000	
17	97	0.1655	7	0	1	1	1	0	0	0	0	N	N	N	N	N	N	N	N	N	N	N	N	inf	inf	inf	inf	1.1743	0.0000	7.9481	0.0000	0.0000	0.0000	1.3282	0.0000	8.2147	0.0000	0.0000	0.0000	0.0000	0.0000	0.0000	0.0000	0.0000	0.0000	inf	0.0092	0.0000	0.9987	1.0165	5.5397	1.0129	0.0171	0.0000	0.0171	0.0000	0.0000	0.0000	0.0171	0.0000	0.0171	0.0000	0.0000	0.0000	0.0000	0.0000	0.0000	0.0000	0.0000	0.0000	0.0145	0.0124	0.0021	0.0017	0.0016	0.0001	0.0129	0.0108	0.0021	0.0360	0.0242	0.0118	0.0082	0.0077	0.0006	0.0278	0.0166	0.0112	inf	0.0000	inf	0.0000	0.0000	0.0000	inf	0.0000	inf	0.0000	0.0000	0.0000	0.0000	0.0000	0.0000	0.0000	0.0000	0.0000						
17	98	0.1526	6	0	1	0	1	0	0	0	0	N	N	N	N	N	N	N	N	N	N	N	N	inf	inf	inf	inf	inf	inf	inf	0.8383	0.7102	1.5836	7.2762	7.6649	0.0000	0.2533	0.0000	1.6306	0.0000	0.0000	0.0000	0.0000	0.0000	0.0000	0.0000	0.0000	0.0000	0.3832	-0.0043	-0.0000	0.9987	2.0241	5.5397	1.0265	0.0235	0.0170	0.0065	0.0170	0.0170	0.0000	0.0065	0.0000	0.0065	0.0000	0.0000	0.0000	0.0000	0.0000	0.0000	0.0000	0.0000	0.0000	0.0280	0.0239	0.0041	0.0023	0.0022	0.0001	0.0257	0.0217	0.0040	0.0519	0.0347	0.0173	0.0125	0.0112	0.0012	0.0395	0.0234	0.0160	inf	inf	inf	inf	inf	0.0000	inf	0.0000	inf	0.0000	0.0000	0.0000	0.0000	0.0000	0.0000	0.0000	0.0000	0.0000			
17	99	0.1526	6	0	1	1	1	0	0	0	0	N	N	N	N	N	N	N	N	N	N	N	N	inf	inf	inf	inf	0.1612	0.0000	1.1036	0.0000	0.0000	0.0000	0.1755	0.0000	1.1365	0.0000	0.0000	0.0000	0.0000	0.0000	0.0000	0.0000	0.0000	0.0000	inf	0.0036	0.0000	0.9987	3.0066	5.5397	0.0000	0.0066	0.0000	0.0066	0.0000	0.0000	0.0000	0.0066	0.0000	0.0066	0.0000	0.0000	0.0000	0.0000	0.0000	0.0000	0.0000	0.0000	0.0000	0.0410	0.0350	0.0060	0.0033	0.0032	0.0002	0.0377	0.0319	0.0058	0.0512	0.0342	0.0170	0.0123	0.0111	0.0012	0.0389	0.0231	0.0158	inf	0.0000	inf	0.0000	0.0000	0.0000	inf	0.0000	inf	0.0000	0.0000	0.0000	0.0000	0.0000	0.0000	0.0000	0.0000	0.0000						
17	100	0.1783	6	0	1	1	1	0	0	0	0	N	N	N	N	N	N	N	N	N	N	N	N	0.0000	0.0000	0.0000	0.0000	0.0000	0.0000	0.0000	0.0000	0.0000	0.0000	0.0000	0.0000	0.0000	0.0000	0.0000	0.0000	0.0000	0.0000	0.0000	0.0000	0.9987	0.0000	5.5397	2.0000	0.0000	0.0000	0.0000	0.0000	0.0000	0.0000	0.0000	0.0000	0.0000	0.0000	0.0000	0.0000	0.0000	0.0000	0.0000	0.0000	0.0000	0.0000	0.0000	0.0000	0.0000	0.0000	0.0000	0.0000	0.0000	0.0000	0.0000	0.0334	0.0222	0.0112	0.0083	0.0074	0.0008	0.0251	0.0147	0.0104	0.0000	0.0000	0.0000	0.0000	0.0000	0.0000	0.0000	0.0000	0.0000	0.0000	0.0000	0.0000	0.0000	0.0000	0.0000	0.0000	0.0000	0.0000											
17	101	0.1393	5	0	1	1	1	0	0	0	0	N	N	N	N	N	N	N	N	N	N	N	N	4.9783	0.0000	13.5000	0.0000	0.0000	0.0000	4.8641	0.0000	13.2645	0.0120	0.0000	0.0830	0.0000	0.0000	0.0000	0.0133	0.0000	0.0870	0.0024	0.0005	0.0061	0.0014	0.0015	0.0001	0.0027	0.0000	0.0066	inf	6.0365	0.0005	0.0001	0.9987	5.8899	5.5397	3.1847	0.0010	0.0000	0.0010	0.0000	0.0000	0.0000	0.0010	0.0000	0.0010	0.0004	0.0001	0.0003	0.0001	0.0001	0.0000	0.0003	0.0000	0.0003	0.0806	0.0690	0.0117	0.0080	0.0075	0.0005	0.0726	0.0615	0.0111	0.1560	0.1035	0.0525	0.0383	0.0349	0.0033	0.1177	0.0685	0.0491	4.9783	0.0000	13.5000	0.0000	0.0000	0.0000	4.8641	0.0000	13.2645	0.0024	0.0005	0.0061	0.0014	0.0015	0.0001	0.0027	0.0000	0.0066
17	102	0.1860	5	1	2	0	0	0	0	0	0	N	Y	N	N	N	N	N	N	N	N	N	N	0.0000	0.0000	0.0000	0.0000	0.0000	0.0000	0.0000	0.0000	0.0000	0.0000	0.0000	0.0000	0.0000	0.0000	0.0000	0.0000	0.0000	0.0000	0.0000	0.0000	0.9987	0.0000	5.5397	0.0000	0.0000	0.0000	0.0000	0.0000	0.0000	0.0000	0.0000	0.0000	0.0000	0.0000	0.0000	0.0000	0.0000	0.0000	0.0000	0.0000	0.0000	0.0000	0.0000	0.0000	0.0000	0.0000	0.0000	0.0000	0.0000	0.0000	0.0000	0.0000	0.0000	0.0000	0.0000	0.0000	0.0000	0.0000	0.0000	0.0000	0.0000	0.0000	0.0000	0.0000	0.0000	0.0000	0.0000	0.0000	0.0000	0.0000	0.0000	0.0000	0.0000	0.0000	0.0000	0.0000	0.0000	0.0000											
17	103	0.0867	4	1	2	0	0	0	0	0	0	N	Y	N	N	N	N	N	N	N	N	N	N	0.0042	0.0000	0.0065	0.0000	0.0000	0.0000	0.0037	0.0073	0.0133	0.0000	0.0917	0.0000	0.0000	0.0000	0.0141	0.0000	0.0936	3.1715	0.0029	14.1678	0.0112	0.0116	0.0053	3.7901	0.0000	12.9033	inf	1637.4426	0.0007	0.4592	0.9987	8.0012	5.5397	14.0016	0.0014	0.0000	0.0014	0.0000	0.0000	0.0000	0.0014	0.0000	0.0014	0.9994	0.0006	0.9988	0.0006	0.0006	0.0000	0.9988	0.0000	0.9988	0.1028	0.0879	0.0149	0.0060	0.0057	0.0003	0.0968	0.0822	0.0146	0.3200	0.2090	0.1110	0.0565	0.0527	0.0038	0.2635	0.1563	0.1073	0.0043	0.0000	0.0102	0.0000	0.0000	0.0000	0.0037	0.0000	0.0101	3.1232	0.0029	8.9959	0.0112	0.0116	0.0053	3.7901	0.0000	9.3129	
17	104	0.1497	5	0	2	0	0	0	0	0	0	N	Y	N	N	N	N	N	N	N	N	N	N	0.0000	0.0000	0.0000	0.0000	0.0000	0.0000	0.0000	0.0000	0.0000	0.0000	0.0000	0.0000	0.0000	0.0000	0.0000	0.0000	0.0000	0.0000	0.1244	0.2295	0.0298	2.6780	3.1509	0.0374	0.0120	0.0000	0.0290	0.0843	0.0000	-0.0035	0.9987	2.0010	5.5397	1.0153	0.0000	0.0000	0.0000	0.0000	0.0000	0.0000	0.0000	0.0000	0.0000	0.0075	0.0069	0.0006	0.0070	0.0069	0.0001	0.0005	0.0000	0.0005	0.0270	0.0230	0.0040	0.0016	0.0015	0.0001	0.0254	0.0215	0.0039	0.0602	0.0406	0.0195	0.0177	0.0158	0.0020	0.0424	0.0249	0.0176	0.0000	0.0000	0.0000	0.0000	0.0000	0.0000	0.0000	0.0000	0.0000	0.1244	0.1699	0.0298	0.3933	0.4378	0.0374	0.0120	0.0000	0.0290	
17	105	0.0867	4	0	2	0	0	0	0	0	0	N	Y	N	N	N	N	N	N	N	N	N	N	0.0145	0.0000	0.0297	0.0000	0.0000	0.0000	0.0146	0.0000	0.0305	0.0336	0.0000	0.2282	0.0000	0.0000	0.0000	0.0358	0.0000	0.2329	2.3201	0.0512	7.6903	0.0189	0.0097	0.1495	2.4439	0.0653	7.6309	inf	59.1892	0.0007	0.1942	0.9987	3.0162	5.5397	11.0438	0.0014	0.0000	0.0014	0.0000	0.0000	0.0000	0.0014	0.0000	0.0014	0.4380	0.0073	0.4308	0.0007	0.0004	0.0004	0.4373	0.0069	0.4304	0.0406	0.0347	0.0060	0.0024	0.0023	0.0001	0.0382	0.0324	0.0059	0.2176	0.1423	0.0754	0.0387	0.0361	0.0025	0.1789	0.1061	0.0728	0.0167	0.0000	0.0399	0.0000	0.0000	0.0000	0.0146	0.0000	0.0394	2.0128	0.0512	5.7161	0.0189	0.0097	0.1495	2.4439	0.0653	5.9101
17	106	0.1876	9	1	2	0	0	0	0	0	0	N	Y	N	N	N	N	N	N	N	N	N	N	0.0000	0.0000	0.0000	0.0000	0.0000	0.0000	0.0000	0.0000	0.0000	0.0000	0.0000	0.0000	0.0000	0.0171	0.0246	0.0000	0.0440	0.0510	0.0000	0.0000	0.0000	0.0000	0.0000	0.0000	-0.0003	0.9987	1.0000	5.5397	1.0000	0.0000	0.0000	0.0000	0.0000	0.0000	0.0000	0.0000	0.0000	0.0000	0.0006	0.0006	0.0000	0.0006	0.0006	0.0000	0.0000	0.0000	0.0000	0.0138	0.0118	0.0020	0.0011	0.0010	0.0001	0.0128	0.0108	0.0020	0.0351	0.0244	0.0107	0.0136	0.0118	0.0019	0.0215	0.0126	0.0089	0.0000	0.0000	0.0000	0.0000	0.0000	0.0000	0.0000	0.0000	0.0000	0.0171	0.0246	0.0000	0.0440	0.0510	0.0000	0.0000	0.0000	0.0000						
17	107	0.1835	8	1	2	0	0	0	0	0	0	N	Y	N	N	N	N	N	N	N	N	N	N	0.0000	0.0000	0.0000	0.0000	0.0000	0.0000	0.0000	0.0000	0.0000	0.0000	0.0000	0.0000	0.0000	0.0006	0.0008	0.0000	0.0017	0.0019	0.0000	0.0000	0.0000	0.0000	0.0000	0.0000	-0.0000	0.9987	0.0000	5.5397	0.9999	0.0000	0.0000	0.0000	0.0000	0.0000	0.0000	0.0000	0.0000	0.0000	0.0000	0.0000	0.0000	0.0000	0.0000	0.0000	0.0000	0.0000	0.0000	0.0000	0.0000	0.0000	0.0000	0.0000	0.0000	0.0000	0.0000	0.0000	0.0176	0.0121	0.0056	0.0060	0.0052	0.0008	0.0116	0.0069	0.0048	0.0000	0.0000	0.0000	0.0000	0.0000	0.0000	0.0000	0.0000	0.0000	0.0006	0.0008	0.0000	0.0017	0.0019	0.0000	0.0000	0.0000	0.0000						
17	108	0.1627	7	1	2	0	0	0	0	0	0	N	Y	N	N	N	N	N	N	N	N	N	N	2711.0148	0.0000	1074403.8549	0.0000	0.0000	0.0000	10587.1115	0.0000	2852891.8971	0.4989	0.0000	3.4744	0.0000	0.0000	0.0000	0.6856	0.0000	3.5301	0.0002	0.0003	0.0000	0.0004	0.0005	0.0000	0.0001	0.0001	0.0000	inf	0.0055	0.0001	-0.0000	0.9987	0.0100	5.5397	4.8896	0.0001	0.0000	0.0001	0.0000	0.0000	0.0000	0.0001	0.0000	0.0001	0.0000	0.0000	0.0000	0.0000	0.0000	0.0000	0.0000	0.0000	0.0000	0.0003	0.0002	0.0000	0.0001	0.0001	0.0000	0.0002	0.0002	0.0000	0.1174	0.0809	0.0365	0.0406	0.0365	0.0041	0.0768	0.0444	0.0324	2711.0148	0.0000	1074403.8549	0.0000	0.0000	0.0000	10587.1115	0.0000	2852891.8971	0.0002	0.0003	0.0000	0.0004	0.0005	0.0000	0.0001	0.0001	0.0000
17	109	0.1526	6	0	2	0	0	0	0	0	0	N	Y	N	N	N	N	N	N	N	N	N	N	1594.0989	23.9088	1535856.9596	127.7018	120.9381	3692.9112	0.0000	1469095.2691	0.4765	0.0107	3.1702	0.1028	0.1080	0.0000	0.5128	0.0000	3.2629	0.0003	0.0004	0.0000	0.0008	0.0009	0.0000	0.0001	0.0002	0.0000	51.3337	0.0023	0.0035	-0.0000	0.9987	1.0007	5.5397	1.4004	0.0067	0.0001	0.0066	0.0001	0.0001	0.0000	0.0066	0.0000	0.0066	0.0000	0.0000	0.0000	0.0000	0.0000	0.0000	0.0000	0.0000	0.0000	0.0142	0.0121	0.0021	0.0013	0.0012	0.0001	0.0129	0.0109	0.0020	0.0411	0.0274	0.0137	0.0099	0.0089	0.0010	0.0312	0.0185	0.0127	1594.0989	23.9088	1535856.9596	127.7018	120.9381	0.0000	3692.9112	0.0000	1469095.2691	0.0003	0.0004	0.0000	0.0008	0.0009	0.0000	0.0001	0.0002	0.0000	
17	110	0.1393	5	0	1	0	0	0	0	0	0	N	N	N	N	N	N	N	N	N	N	N	N	25.1151	17.0829	96741.7426	8.7036	8.1569	0.0000	28222.7573	0.0000	121559.1961	1.0122	1.0366	0.8712	2.6501	2.9393	0.0000	0.1929	0.0000	1.1203	0.0403	0.0607	0.0000	0.3045	0.3603	0.0000	0.0000	0.0000	0.0000	0.1455	0.0001	-0.0025	-0.0014	0.9987	0.3039	5.5397	2.8719	0.0076	0.0066	0.0010	0.0066	0.0066	0.0000	0.0010	0.0000	0.0010	0.0026	0.0026	0.0000	0.0026	0.0026	0.0000	0.0000	0.0000	0.0000	0.0075	0.0064	0.0011	0.0025	0.0022	0.0002	0.0050	0.0041	0.0009	0.0633	0.0420	0.0213	0.0172	0.0159	0.0012	0.0462	0.0261	0.0200	25.1151	17.0829	96741.7426	17.8205	18.3303	0.0000	28222.7573	0.0000	121559.1961	0.0403	0.0607	0.0000	0.1487	0.1604	0.0000	0.0000	0.0000	0.0000
17	111	0.0867	4	0	1	0	0	0	0	0	0	N	N	N	N	N	N	N	N	N	N	N	N	11.8913	3.8060	2216.1294	15.9897	15.7332	0.0000	83.8830	0.0000	2187.4376	0.0456	0.0222	0.1818	0.3195	0.3363	0.0000	0.0284	0.0000	0.1855	0.0038	0.0058	0.0001	0.0200	0.0214	0.0000	0.0003	0.0005	0.0001	1.4129	0.0075	0.0003	-0.0004	0.9987	3.8240	5.5397	8.1760	0.0023	0.0010	0.0014	0.0010	0.0010	0.0000	0.0014	0.0000	0.0014	0.0007	0.0007	0.0000	0.0007	0.0007	0.0000	0.0001	0.0000	0.0000	0.0511	0.0436	0.0075	0.0030	0.0029	0.0002	0.0481	0.0407	0.0074	0.1888	0.1235	0.0654	0.0336	0.0314	0.0022	0.1552	0.0920	0.0632	11.8913	3.8060	2216.1294	15.9897	15.7332	0.0000	83.8830	0.0000	2187.4376	0.0038	0.0058	0.0001	0.0200	0.0214	0.0000	0.0003	0.0005	0.0001
17	115	0.2794	7	0	1	0	0	0	0	0	0	N	N	N	N	N	N	N	N	N	N	N	N	31.9129	284.4269	0.0001	329.7677	911.4901	0.0036	0.0000	0.0000	0.0000	6.4912	7.4903	0.0001	39.6743	41.0058	0.0025	0.0000	0.0000	0.0000	0.2034	0.0263	0.8327	0.1203	0.0450	0.6941	0.2436	0.0009	0.9218	0.0000	7.6386	-0.3985	0.0327	0.9987	8.9918	5.5397	13.3277	0.8630	0.8630	0.0000	0.8630	0.8630	0.0000	0.0000	0.0000	0.0000	0.0950	0.0110	0.0840	0.0253	0.0108	0.0145	0.0697	0.0002	0.0695	0.1329	0.1152	0.0177	0.0218	0.0210	0.0007	0.1112	0.0942	0.0170	0.5619	0.4176	0.1443	0.2758	0.2409	0.0348	0.2861	0.1767	0.1095	38.3910	284.4269	0.0002	432.4311	911.4901	0.0061	0.0000	0.0000	0.0000	0.1691	0.0263	0.5823	0.0917	0.0450	0.4154	0.2436	0.0009	0.6354
18	19	0.0659	3	1	2	0	1	0	0	0	0	N	Y	N	N	N	N	N	N	N	N	N	N	inf	inf	inf	inf	0.0942	0.1109	0.0000	2.7199	2.8244	0.0000	0.0000	0.0000	0.0000	0.0000	0.0000	0.0000	0.0000	0.0000	0.0000	0.0000	0.0000	0.0000	0.0000	-0.0006	0.0000	0.9934	1.0015	0.0000	7.0016	0.0014	0.0014	0.0000	0.0014	0.0014	0.0000	0.0000	0.0000	0.0000	0.0000	0.0000	0.0000	0.0000	0.0000	0.0000	0.0000	0.0000	0.0000	0.0144	0.0123	0.0022	0.0005	0.0005	0.0000	0.0139	0.0118	0.0022	0.0167	0.0096	0.0071	0.0013	0.0010	0.0003	0.0154	0.0085	0.0069	inf	inf	0.0000	inf	inf	0.0000	0.0000	0.0000	0.0000	0.0000	0.0000	0.0000	0.0000	0.0000	0.0000	0.0000	0.0000	0.0000						
18	20	0.1288	4	0	2	0	1	0	0	0	0	N	Y	N	N	N	N	N	N	N	N	N	N	0.0000	0.0000	0.0000	0.0000	0.0000	0.0000	0.0000	0.0000	0.0000	0.0000	0.0000	0.0000	0.0000	0.0000	0.0000	0.0000	0.0000	0.0000	0.0000	0.0000	0.9934	1.0004	0.0000	2.0077	0.0000	0.0000	0.0000	0.0000	0.0000	0.0000	0.0000	0.0000	0.0000	0.0000	0.0000	0.0000	0.0000	0.0000	0.0000	0.0000	0.0000	0.0000	0.0143	0.0121	0.0021	0.0009	0.0008	0.0001	0.0134	0.0113	0.0021	0.0068	0.0040	0.0028	0.0013	0.0010	0.0003	0.0055	0.0030	0.0025	0.0000	0.0000	0.0000	0.0000	0.0000	0.0000	0.0000	0.0000	0.0000	0.0000	0.0000	0.0000	0.0000	0.0000	0.0000	0.0000	0.0000	0.0000											
18	21	0.1531	6	0	1	0	2	0	0	0	0	N	N	N	Y	N	N	N	N	N	N	N	N	0.0000	0.0000	0.0000	0.0000	0.0000	0.0000	0.0000	0.0000	0.0000	0.0000	0.0000	0.0000	0.0000	0.0000	0.0000	0.0000	0.0000	0.0000	0.0000	0.0000	0.9934	2.0000	0.0000	1.0003	0.0000	0.0000	0.0000	0.0000	0.0000	0.0000	0.0000	0.0000	0.0000	0.0000	0.0000	0.0000	0.0000	0.0000	0.0000	0.0000	0.0000	0.0000	0.0278	0.0237	0.0041	0.0016	0.0015	0.0001	0.0263	0.0222	0.0041	0.0063	0.0036	0.0026	0.0009	0.0007	0.0002	0.0054	0.0030	0.0024	0.0000	0.0000	0.0000	0.0000	0.0000	0.0000	0.0000	0.0000	0.0000	0.0000	0.0000	0.0000	0.0000	0.0000	0.0000	0.0000	0.0000	0.0000											
18	22	0.1402	6	1	1	1	1	0	0	0	0	N	N	N	N	N	N	N	N	N	N	N	N	inf	inf	inf	inf	10.8620	13.9792	0.0000	25.3035	25.3244	0.0000	0.0000	0.0000	0.0000	0.0000	0.0000	0.0000	0.0000	0.0000	0.0000	0.0000	0.0000	0.0000	0.0000	-0.0000	0.0000	0.9934	0.0000	0.0000	4.9921	0.0000	0.0000	0.0000	0.0000	0.0000	0.0000	0.0000	0.0000	0.0000	0.0000	0.0000	0.0000	0.0000	0.0000	0.0000	0.0000	0.0000	0.0000	0.0000	0.0000	0.0000	0.0000	0.0000	0.0000	0.0000	0.0000	0.0000	0.0105	0.0062	0.0043	0.0015	0.0012	0.0003	0.0090	0.0050	0.0040	inf	inf	0.0000	inf	inf	0.0000	0.0000	0.0000	0.0000	0.0000	0.0000	0.0000	0.0000	0.0000	0.0000	0.0000	0.0000	0.0000						
18	23	0.1240	6	0	2	0	1	0	0	0	0	N	Y	N	N	N	N	N	N	N	N	N	N	inf	inf	inf	inf	0.0281	0.0000	0.1927	0.0000	0.0000	0.0000	0.0306	0.0000	0.1979	0.0000	0.0000	0.0000	0.0000	0.0000	0.0000	0.0000	0.0000	0.0000	inf	0.0004	0.0000	0.9934	1.9996	0.0000	0.0142	0.0008	0.0000	0.0008	0.0000	0.0000	0.0000	0.0008	0.0000	0.0008	0.0000	0.0000	0.0000	0.0000	0.0000	0.0000	0.0000	0.0000	0.0000	0.0283	0.0242	0.0041	0.0023	0.0022	0.0001	0.0260	0.0220	0.0040	0.0043	0.0026	0.0016	0.0006	0.0005	0.0001	0.0037	0.0021	0.0015	inf	0.0000	inf	0.0000	0.0000	0.0000	inf	0.0000	inf	0.0000	0.0000	0.0000	0.0000	0.0000	0.0000	0.0000	0.0000	0.0000						
18	24	0.0659	3	0	2	0	1	0	0	0	0	N	Y	N	N	N	N	N	N	N	N	N	N	inf	inf	inf	inf	23.4989	0.0000	157.2578	0.0000	0.0000	0.0000	24.2853	0.0000	158.6421	0.0000	0.0000	0.0000	0.0000	0.0000	0.0000	0.0000	0.0000	0.0000	inf	0.5340	0.0000	0.9934	2.9988	0.0000	13.9984	0.9920	0.0000	0.9920	0.0000	0.0000	0.0000	0.9920	0.0000	0.9920	0.0000	0.0000	0.0000	0.0000	0.0000	0.0000	0.0000	0.0000	0.0000	0.0422	0.0359	0.0063	0.0014	0.0013	0.0001	0.0408	0.0346	0.0063	0.0330	0.0190	0.0140	0.0026	0.0021	0.0005	0.0304	0.0169	0.0135	inf	0.0000	inf	0.0000	0.0000	0.0000	inf	0.0000	inf	0.0000	0.0000	0.0000	0.0000	0.0000	0.0000	0.0000	0.0000	0.0000						
18	25	0.1077	4	1	2	0	1	0	0	0	0	N	Y	N	N	N	N	N	N	N	N	N	N	0.0000	0.0000	0.0000	0.0000	0.0000	0.0000	0.0000	0.0000	0.0000	0.0000	0.0000	0.0000	0.0000	0.0000	0.0000	0.0000	0.0000	0.0000	0.0000	0.0000	0.9934	6.0000	0.0000	4.0000	0.0000	0.0000	0.0000	0.0000	0.0000	0.0000	0.0000	0.0000	0.0000	0.0000	0.0000	0.0000	0.0000	0.0000	0.0000	0.0000	0.0000	0.0000	0.0795	0.0681	0.0115	0.0066	0.0063	0.0003	0.0729	0.0618	0.0111	0.0191	0.0115	0.0077	0.0021	0.0017	0.0004	0.0170	0.0098	0.0072	0.0000	0.0000	0.0000	0.0000	0.0000	0.0000	0.0000	0.0000	0.0000	0.0000	0.0000	0.0000	0.0000	0.0000	0.0000	0.0000	0.0000	0.0000											
18	26	0.1281	7	0	2	0	1	0	0	0	0	N	Y	N	N	N	N	N	N	N	N	N	N	0.0000	0.0000	0.0000	0.0000	0.0000	0.0000	0.0000	0.0000	0.0000	0.0000	0.0000	0.0000	0.0000	0.0000	0.0000	0.0000	0.0000	0.0000	0.0000	0.0000	0.9934	0.0000	0.0000	2.0002	0.0000	0.0000	0.0000	0.0000	0.0000	0.0000	0.0000	0.0000	0.0000	0.0000	0.0000	0.0000	0.0000	0.0000	0.0000	0.0000	0.0000	0.0000	0.0000	0.0000	0.0000	0.0000	0.0000	0.0000	0.0000	0.0000	0.0000	0.0043	0.0026	0.0016	0.0006	0.0005	0.0001	0.0036	0.0021	0.0015	0.0000	0.0000	0.0000	0.0000	0.0000	0.0000	0.0000	0.0000	0.0000	0.0000	0.0000	0.0000	0.0000	0.0000	0.0000	0.0000	0.0000	0.0000											
18	27	0.1223	5	1	2	0	1	0	0	0	0	N	Y	N	N	N	N	N	N	N	N	N	N	0.0000	0.0000	0.0000	0.0000	0.0000	0.0000	0.0000	0.0000	0.0000	0.0000	0.0000	0.0000	0.0000	0.0000	0.0000	0.0000	0.0000	0.0000	0.0000	0.0000	0.9934	1.0000	0.0000	3.9850	0.0000	0.0000	0.0000	0.0000	0.0000	0.0000	0.0000	0.0000	0.0000	0.0000	0.0000	0.0000	0.0000	0.0000	0.0000	0.0000	0.0000	0.0000	0.0140	0.0119	0.0021	0.0006	0.0005	0.0000	0.0135	0.0114	0.0021	0.0107	0.0062	0.0044	0.0016	0.0012	0.0003	0.0091	0.0050	0.0041	0.0000	0.0000	0.0000	0.0000	0.0000	0.0000	0.0000	0.0000	0.0000	0.0000	0.0000	0.0000	0.0000	0.0000	0.0000	0.0000	0.0000	0.0000											
18	28	0.1077	4	0	2	0	1	0	0	0	0	N	Y	N	N	N	N	N	N	N	N	N	N	0.0000	0.0000	0.0000	0.0000	0.0000	0.0000	0.0000	0.0000	0.0000	0.0000	0.0000	0.0000	0.0000	0.0000	0.0000	0.0000	0.0000	0.0000	0.0000	0.0000	0.9934	5.0000	0.0000	4.0000	0.0000	0.0000	0.0000	0.0000	0.0000	0.0000	0.0000	0.0000	0.0000	0.0000	0.0000	0.0000	0.0000	0.0000	0.0000	0.0000	0.0000	0.0000	0.0669	0.0572	0.0097	0.0056	0.0053	0.0003	0.0613	0.0519	0.0094	0.0173	0.0104	0.0069	0.0019	0.0015	0.0004	0.0154	0.0089	0.0066	0.0000	0.0000	0.0000	0.0000	0.0000	0.0000	0.0000	0.0000	0.0000	0.0000	0.0000	0.0000	0.0000	0.0000	0.0000	0.0000	0.0000	0.0000											
18	29	0.1077	4	0	2	0	1	0	0	0	0	N	Y	N	N	N	N	N	N	N	N	N	N	0.0000	0.0000	0.0000	0.0000	0.0000	0.0000	0.0000	0.0000	0.0000	0.0000	0.0000	0.0000	0.0000	0.0000	0.0000	0.0000	0.0000	0.0000	0.0000	0.0000	0.9934	3.0000	0.0000	6.0000	0.0000	0.0000	0.0000	0.0000	0.0000	0.0000	0.0000	0.0000	0.0000	0.0000	0.0000	0.0000	0.0000	0.0000	0.0000	0.0000	0.0000	0.0000	0.0409	0.0349	0.0059	0.0034	0.0032	0.0002	0.0375	0.0317	0.0058	0.0173	0.0104	0.0069	0.0019	0.0015	0.0004	0.0154	0.0089	0.0066	0.0000	0.0000	0.0000	0.0000	0.0000	0.0000	0.0000	0.0000	0.0000	0.0000	0.0000	0.0000	0.0000	0.0000	0.0000	0.0000	0.0000	0.0000											
18	30	0.1566	7	0	2	1	2	0	0	0	0	N	Y	N	Y	N	N	N	N	N	N	N	N	0.0000	0.0000	0.0000	0.0000	0.0000	0.0000	0.0000	0.0000	0.0000	0.0000	0.0000	0.0000	0.0000	0.0000	0.0000	0.0000	0.0000	0.0000	0.0000	0.0000	0.9934	0.0000	0.0000	3.0000	0.0000	0.0000	0.0000	0.0000	0.0000	0.0000	0.0000	0.0000	0.0000	0.0000	0.0000	0.0000	0.0000	0.0000	0.0000	0.0000	0.0000	0.0000	0.0000	0.0000	0.0000	0.0000	0.0000	0.0000	0.0000	0.0000	0.0000	0.0063	0.0037	0.0025	0.0019	0.0014	0.0005	0.0043	0.0023	0.0020	0.0000	0.0000	0.0000	0.0000	0.0000	0.0000	0.0000	0.0000	0.0000	0.0000	0.0000	0.0000	0.0000	0.0000	0.0000	0.0000	0.0000	0.0000											
18	31	0.1397	6	0	1	0	2	0	0	0	0	N	N	N	Y	N	N	N	N	N	N	N	N	0.0000	0.0000	0.0000	0.0000	0.0000	0.0000	0.0000	0.0000	0.0000	0.0000	0.0000	0.0000	0.0000	0.0000	0.0000	0.0000	0.0000	0.0000	0.0000	0.0000	0.9934	0.9783	0.0000	3.0423	0.0000	0.0000	0.0000	0.0000	0.0000	0.0000	0.0000	0.0000	0.0000	0.0000	0.0000	0.0000	0.0000	0.0000	0.0000	0.0000	0.0000	0.0000	0.0145	0.0123	0.0022	0.0009	0.0009	0.0000	0.0135	0.0114	0.0021	0.0100	0.0062	0.0038	0.0029	0.0023	0.0006	0.0071	0.0039	0.0032	0.0000	0.0000	0.0000	0.0000	0.0000	0.0000	0.0000	0.0000	0.0000	0.0000	0.0000	0.0000	0.0000	0.0000	0.0000	0.0000	0.0000	0.0000											
18	32	0.0659	3	0	2	0	1	0	0	0	0	N	Y	N	N	N	N	N	N	N	N	N	N	inf	inf	inf	inf	10.4759	0.0000	71.2240	0.0000	0.0000	0.0000	10.8214	0.0000	71.8778	0.0000	0.0000	0.0000	0.0000	0.0000	0.0000	0.0000	0.0000	0.0000	inf	0.5340	0.0000	0.9934	6.9988	0.0000	9.0016	0.9920	0.0000	0.9920	0.0000	0.0000	0.0000	0.9920	0.0000	0.9920	0.0000	0.0000	0.0000	0.0000	0.0000	0.0000	0.0000	0.0000	0.0000	0.0947	0.0808	0.0139	0.0030	0.0029	0.0001	0.0917	0.0779	0.0138	0.0313	0.0180	0.0133	0.0024	0.0020	0.0005	0.0289	0.0160	0.0128	inf	0.0000	inf	0.0000	0.0000	0.0000	inf	0.0000	inf	0.0000	0.0000	0.0000	0.0000	0.0000	0.0000	0.0000	0.0000	0.0000						
18	33	0.0350	4	1	2	0	1	0	0	0	0	N	Y	N	N	N	N	N	N	N	N	N	N	0.0000	0.0000	0.0000	0.0000	0.0000	0.0000	0.0000	0.0000	0.0000	0.0000	0.0000	0.0000	0.0000	0.0000	0.0000	0.0000	0.0000	0.0000	0.0000	0.0000	0.9934	0.0000	0.0000	0.0000	0.0000	0.0000	0.0000	0.0000	0.0000	0.0000	0.0000	0.0000	0.0000	0.0000	0.0000	0.0000	0.0000	0.0000	0.0000	0.0000	0.0000	0.0000	0.0000	0.0000	0.0000	0.0000	0.0000	0.0000	0.0000	0.0000	0.0000	0.0000	0.0000	0.0000	0.0000	0.0000	0.0000	0.0000	0.0000	0.0000	0.0000	0.0000	0.0000	0.0000	0.0000	0.0000	0.0000	0.0000	0.0000	0.0000	0.0000	0.0000	0.0000	0.0000	0.0000	0.0000	0.0000	0.0000											
18	34	0.1223	5	0	2	0	2	0	0	0	0	N	Y	N	Y	N	N	N	N	N	N	N	N	0.0000	0.0000	0.0000	0.0000	0.0000	0.0000	0.0000	0.0000	0.0000	0.0000	0.0000	0.0000	0.0000	0.0000	0.0000	0.0000	0.0000	0.0000	0.0000	0.0000	0.9934	5.0000	0.0000	6.9850	0.0000	0.0000	0.0000	0.0000	0.0000	0.0000	0.0000	0.0000	0.0000	0.0000	0.0000	0.0000	0.0000	0.0000	0.0000	0.0000	0.0000	0.0000	0.0675	0.0575	0.0100	0.0028	0.0027	0.0001	0.0647	0.0549	0.0098	0.0239	0.0139	0.0100	0.0034	0.0026	0.0007	0.0205	0.0113	0.0093	0.0000	0.0000	0.0000	0.0000	0.0000	0.0000	0.0000	0.0000	0.0000	0.0000	0.0000	0.0000	0.0000	0.0000	0.0000	0.0000	0.0000	0.0000											
18	35	0.0659	3	1	2	0	1	0	0	0	0	N	Y	N	N	N	N	N	N	N	N	N	N	inf	inf	inf	inf	34.8744	0.0000	232.3354	0.0000	0.0000	0.0000	36.0615	0.0000	234.3561	0.0000	0.0000	0.0000	0.0000	0.0000	0.0000	0.0000	0.0000	0.0000	inf	0.5340	0.0000	0.9934	1.9985	0.0000	17.9985	0.9920	0.0000	0.9920	0.0000	0.0000	0.0000	0.9920	0.0000	0.9920	0.0000	0.0000	0.0000	0.0000	0.0000	0.0000	0.0000	0.0000	0.0000	0.0284	0.0242	0.0043	0.0009	0.0009	0.0000	0.0275	0.0233	0.0042	0.0380	0.0219	0.0161	0.0030	0.0024	0.0006	0.0350	0.0195	0.0155	inf	0.0000	inf	0.0000	0.0000	0.0000	inf	0.0000	inf	0.0000	0.0000	0.0000	0.0000	0.0000	0.0000	0.0000	0.0000	0.0000						
18	36	0.1891	6	0	1	1	1	0	0	0	0	N	N	N	N	N	N	N	N	N	N	N	N	0.0000	0.0000	0.0000	0.0000	0.0000	0.0000	0.0000	0.0000	0.0000	0.0000	0.0000	0.0000	0.0000	0.0000	0.0000	0.0000	0.0000	0.0000	0.0000	0.0000	0.9934	0.0001	0.0000	0.9943	0.0000	0.0000	0.0000	0.0000	0.0000	0.0000	0.0000	0.0000	0.0000	0.0000	0.0000	0.0000	0.0000	0.0000	0.0000	0.0000	0.0000	0.0000	0.0000	0.0000	0.0000	0.0000	0.0000	0.0000	0.0000	0.0000	0.0000	0.0026	0.0017	0.0009	0.0008	0.0006	0.0001	0.0019	0.0011	0.0008	0.0000	0.0000	0.0000	0.0000	0.0000	0.0000	0.0000	0.0000	0.0000	0.0000	0.0000	0.0000	0.0000	0.0000	0.0000	0.0000	0.0000	0.0000											
18	37	0.1653	6	0	2	0	1	0	0	0	0	N	Y	N	N	N	N	N	N	N	N	N	N	0.0000	0.0000	0.0000	0.0000	0.0000	0.0000	0.0000	0.0000	0.0000	0.0000	0.0000	0.0000	0.0000	0.0000	0.0000	0.0000	0.0000	0.0000	0.0000	0.0000	0.9934	2.0000	0.0000	2.0000	0.0000	0.0000	0.0000	0.0000	0.0000	0.0000	0.0000	0.0000	0.0000	0.0000	0.0000	0.0000	0.0000	0.0000	0.0000	0.0000	0.0000	0.0000	0.0283	0.0241	0.0042	0.0012	0.0012	0.0001	0.0271	0.0229	0.0042	0.0087	0.0053	0.0035	0.0023	0.0018	0.0005	0.0065	0.0035	0.0030	0.0000	0.0000	0.0000	0.0000	0.0000	0.0000	0.0000	0.0000	0.0000	0.0000	0.0000	0.0000	0.0000	0.0000	0.0000	0.0000	0.0000	0.0000											
18	38	0.1245	5	1	1	1	1	0	0	0	0	N	N	N	N	N	N	N	N	N	N	N	N	inf	inf	inf	inf	36.1316	42.3299	0.0000	456.2843	480.8440	0.0000	0.0000	0.0000	0.0000	0.0000	0.0000	0.0000	0.0000	0.0000	0.0000	0.0000	0.0000	0.0000	0.0000	-0.4587	0.0000	0.9934	2.0000	0.0000	5.0000	0.9934	0.9934	0.0000	0.9934	0.9934	0.0000	0.0000	0.0000	0.0000	0.0000	0.0000	0.0000	0.0000	0.0000	0.0000	0.0000	0.0000	0.0000	0.0275	0.0235	0.0040	0.0022	0.0021	0.0001	0.0253	0.0214	0.0039	0.0139	0.0084	0.0055	0.0018	0.0015	0.0003	0.0121	0.0070	0.0052	inf	inf	0.0000	inf	inf	0.0000	0.0000	0.0000	0.0000	0.0000	0.0000	0.0000	0.0000	0.0000	0.0000	0.0000	0.0000	0.0000						
18	39	0.1397	6	0	2	0	1	0	0	0	0	N	Y	N	N	N	N	N	N	N	N	N	N	0.0000	0.0000	0.0000	0.0000	0.0000	0.0000	0.0000	0.0000	0.0000	0.0000	0.0000	0.0000	0.0000	0.0000	0.0000	0.0000	0.0000	0.0000	0.0000	0.0000	0.9934	0.0217	0.0000	6.0735	0.0000	0.0000	0.0000	0.0000	0.0000	0.0000	0.0000	0.0000	0.0000	0.0000	0.0000	0.0000	0.0000	0.0000	0.0000	0.0000	0.0000	0.0000	0.0011	0.0009	0.0002	0.0004	0.0004	0.0000	0.0007	0.0005	0.0002	0.0142	0.0087	0.0055	0.0039	0.0031	0.0009	0.0102	0.0056	0.0047	0.0000	0.0000	0.0000	0.0000	0.0000	0.0000	0.0000	0.0000	0.0000	0.0000	0.0000	0.0000	0.0000	0.0000	0.0000	0.0000	0.0000	0.0000											
18	40	0.1223	5	0	1	0	1	0	0	0	0	N	N	N	N	N	N	N	N	N	N	N	N	0.0000	0.0000	0.0000	0.0000	0.0000	0.0000	0.0000	0.0000	0.0000	0.0000	0.0000	0.0000	0.0000	0.0000	0.0000	0.0000	0.0000	0.0000	0.0000	0.0000	0.9934	0.0217	0.0000	4.0395	0.0000	0.0000	0.0000	0.0000	0.0000	0.0000	0.0000	0.0000	0.0000	0.0000	0.0000	0.0000	0.0000	0.0000	0.0000	0.0000	0.0000	0.0000	0.0003	0.0003	0.0000	0.0000	0.0000	0.0000	0.0003	0.0002	0.0000	0.0088	0.0052	0.0037	0.0013	0.0010	0.0003	0.0075	0.0041	0.0034	0.0000	0.0000	0.0000	0.0000	0.0000	0.0000	0.0000	0.0000	0.0000	0.0000	0.0000	0.0000	0.0000	0.0000	0.0000	0.0000	0.0000	0.0000											
18	41	0.1223	5	0	2	0	2	0	0	0	0	N	Y	N	Y	N	N	N	N	N	N	N	N	0.0000	0.0000	0.0000	0.0000	0.0000	0.0000	0.0000	0.0000	0.0000	0.0000	0.0000	0.0000	0.0000	0.0000	0.0000	0.0000	0.0000	0.0000	0.0000	0.0000	0.9934	0.0000	0.0000	7.0150	0.0000	0.0000	0.0000	0.0000	0.0000	0.0000	0.0000	0.0000	0.0000	0.0000	0.0000	0.0000	0.0000	0.0000	0.0000	0.0000	0.0000	0.0000	0.0000	0.0000	0.0000	0.0000	0.0000	0.0000	0.0000	0.0000	0.0000	0.0147	0.0085	0.0061	0.0021	0.0017	0.0004	0.0126	0.0069	0.0057	0.0000	0.0000	0.0000	0.0000	0.0000	0.0000	0.0000	0.0000	0.0000	0.0000	0.0000	0.0000	0.0000	0.0000	0.0000	0.0000	0.0000	0.0000											
18	42	0.1245	5	1	1	1	1	0	0	0	0	N	N	N	N	N	N	N	N	N	N	N	N	0.0000	0.0000	0.0000	0.0000	0.0000	0.0000	0.0000	0.0000	0.0000	0.0000	0.0000	0.0000	0.0000	0.0000	0.0000	0.0000	0.0000	0.0000	0.0000	0.0000	0.9934	0.0000	0.0000	0.0000	0.0000	0.0000	0.0000	0.0000	0.0000	0.0000	0.0000	0.0000	0.0000	0.0000	0.0000	0.0000	0.0000	0.0000	0.0000	0.0000	0.0000	0.0000	0.0000	0.0000	0.0000	0.0000	0.0000	0.0000	0.0000	0.0000	0.0000	0.0000	0.0000	0.0000	0.0000	0.0000	0.0000	0.0000	0.0000	0.0000	0.0000	0.0000	0.0000	0.0000	0.0000	0.0000	0.0000	0.0000	0.0000	0.0000	0.0000	0.0000	0.0000	0.0000	0.0000	0.0000	0.0000	0.0000											
18	43	0.1077	4	1	1	1	1	0	0	0	0	N	N	N	N	N	N	N	N	N	N	N	N	0.0000	0.0000	0.0000	0.0000	0.0000	0.0000	0.0000	0.0000	0.0000	0.0000	0.0000	0.0000	0.0000	0.0000	0.0000	0.0000	0.0000	0.0000	0.0000	0.0000	0.9934	1.0000	0.0000	3.0000	0.0000	0.0000	0.0000	0.0000	0.0000	0.0000	0.0000	0.0000	0.0000	0.0000	0.0000	0.0000	0.0000	0.0000	0.0000	0.0000	0.0000	0.0000	0.0139	0.0119	0.0020	0.0012	0.0011	0.0001	0.0127	0.0108	0.0020	0.0080	0.0048	0.0032	0.0009	0.0007	0.0002	0.0071	0.0041	0.0030	0.0000	0.0000	0.0000	0.0000	0.0000	0.0000	0.0000	0.0000	0.0000	0.0000	0.0000	0.0000	0.0000	0.0000	0.0000	0.0000	0.0000	0.0000											
18	44	0.1077	4	1	1	1	1	0	0	0	0	N	N	N	N	N	N	N	N	N	N	N	N	inf	inf	inf	inf	71.5140	83.7900	0.0000	858.9301	905.0160	0.0000	0.0000	0.0000	0.0000	0.0000	0.0000	0.0000	0.0000	0.0000	0.0000	0.0000	0.0000	0.0000	0.0000	-0.4587	0.0000	0.9934	1.0000	0.0000	3.0000	0.9934	0.9934	0.0000	0.9934	0.9934	0.0000	0.0000	0.0000	0.0000	0.0000	0.0000	0.0000	0.0000	0.0000	0.0000	0.0000	0.0000	0.0000	0.0139	0.0119	0.0020	0.0012	0.0011	0.0001	0.0127	0.0108	0.0020	0.0080	0.0048	0.0032	0.0009	0.0007	0.0002	0.0071	0.0041	0.0030	inf	inf	0.0000	inf	inf	0.0000	0.0000	0.0000	0.0000	0.0000	0.0000	0.0000	0.0000	0.0000	0.0000	0.0000	0.0000	0.0000						
18	45	0.1653	6	0	1	1	1	0	0	0	0	N	N	N	N	N	N	N	N	N	N	N	N	0.0000	0.0000	0.0000	0.0000	0.0000	0.0000	0.0000	0.0000	0.0000	0.0000	0.0000	0.0000	0.0000	0.0000	0.0000	0.0000	0.0000	0.0000	0.0000	0.0000	0.9934	0.0000	0.0000	0.0000	0.0000	0.0000	0.0000	0.0000	0.0000	0.0000	0.0000	0.0000	0.0000	0.0000	0.0000	0.0000	0.0000	0.0000	0.0000	0.0000	0.0000	0.0000	0.0000	0.0000	0.0000	0.0000	0.0000	0.0000	0.0000	0.0000	0.0000	0.0000	0.0000	0.0000	0.0000	0.0000	0.0000	0.0000	0.0000	0.0000	0.0000	0.0000	0.0000	0.0000	0.0000	0.0000	0.0000	0.0000	0.0000	0.0000	0.0000	0.0000	0.0000	0.0000	0.0000	0.0000	0.0000	0.0000											
18	46	0.1223	5	0	1	0	1	0	0	0	0	N	N	N	N	N	N	N	N	N	N	N	N	0.0000	0.0000	0.0000	0.0000	0.0000	0.0000	0.0000	0.0000	0.0000	0.0000	0.0000	0.0000	0.0000	0.0000	0.0000	0.0000	0.0000	0.0000	0.0000	0.0000	0.9934	4.0000	0.0000	5.9850	0.0000	0.0000	0.0000	0.0000	0.0000	0.0000	0.0000	0.0000	0.0000	0.0000	0.0000	0.0000	0.0000	0.0000	0.0000	0.0000	0.0000	0.0000	0.0545	0.0464	0.0081	0.0023	0.0021	0.0001	0.0523	0.0443	0.0080	0.0203	0.0118	0.0085	0.0029	0.0023	0.0006	0.0174	0.0095	0.0079	0.0000	0.0000	0.0000	0.0000	0.0000	0.0000	0.0000	0.0000	0.0000	0.0000	0.0000	0.0000	0.0000	0.0000	0.0000	0.0000	0.0000	0.0000											
18	47	0.1933	7	0	2	0	1	0	0	0	0	N	Y	N	N	N	N	N	N	N	N	N	N	0.0000	0.0000	0.0000	0.0000	0.0000	0.0000	0.0000	0.0000	0.0000	0.0000	0.0000	0.0000	0.0000	0.0000	0.0000	0.0000	0.0000	0.0000	0.0000	0.0000	0.9934	0.0000	0.0000	0.0000	0.0000	0.0000	0.0000	0.0000	0.0000	0.0000	0.0000	0.0000	0.0000	0.0000	0.0000	0.0000	0.0000	0.0000	0.0000	0.0000	0.0000	0.0000	0.0000	0.0000	0.0000	0.0000	0.0000	0.0000	0.0000	0.0000	0.0000	0.0000	0.0000	0.0000	0.0000	0.0000	0.0000	0.0000	0.0000	0.0000	0.0000	0.0000	0.0000	0.0000	0.0000	0.0000	0.0000	0.0000	0.0000	0.0000	0.0000	0.0000	0.0000	0.0000	0.0000	0.0000	0.0000	0.0000											
18	48	0.1402	6	1	2	1	1	0	0	0	0	N	Y	N	N	N	N	N	N	N	N	N	N	inf	inf	inf	inf	10.8620	13.9792	0.0000	25.3035	25.3244	0.0000	0.0000	0.0000	0.0000	0.0000	0.0000	0.0000	0.0000	0.0000	0.0000	0.0000	0.0000	0.0000	0.0000	-0.0000	0.0000	0.9934	0.0000	0.0000	2.0152	0.0000	0.0000	0.0000	0.0000	0.0000	0.0000	0.0000	0.0000	0.0000	0.0000	0.0000	0.0000	0.0000	0.0000	0.0000	0.0000	0.0000	0.0000	0.0000	0.0000	0.0000	0.0000	0.0000	0.0000	0.0000	0.0000	0.0000	0.0045	0.0027	0.0018	0.0007	0.0006	0.0001	0.0038	0.0021	0.0017	inf	inf	0.0000	inf	inf	0.0000	0.0000	0.0000	0.0000	0.0000	0.0000	0.0000	0.0000	0.0000	0.0000	0.0000	0.0000	0.0000						
18	49	0.1360	5	1	1	1	1	0	0	0	0	N	N	N	N	N	N	N	N	N	N	N	N	inf	inf	inf	inf	inf	inf	inf	11.1792	13.7622	1.7348	25.0084	25.3121	0.0000	0.6560	0.0000	1.7777	0.0000	0.0000	0.0000	0.0000	0.0000	0.0000	0.0000	0.0000	0.0000	0.0345	-0.0001	0.0000	0.9934	0.0003	0.0000	1.0311	0.0003	0.0003	0.0000	0.0003	0.0003	0.0000	0.0000	0.0000	0.0000	0.0000	0.0000	0.0000	0.0000	0.0000	0.0000	0.0000	0.0000	0.0000	0.0000	0.0000	0.0000	0.0000	0.0000	0.0000	0.0000	0.0000	0.0000	0.0023	0.0014	0.0009	0.0003	0.0003	0.0001	0.0020	0.0011	0.0009	inf	inf	inf	inf	inf	0.0000	inf	0.0000	inf	0.0000	0.0000	0.0000	0.0000	0.0000	0.0000	0.0000	0.0000	0.0000			
18	50	0.1360	5	1	2	1	1	0	0	0	0	N	Y	N	N	N	N	N	N	N	N	N	N	inf	inf	inf	inf	10.8645	13.8418	0.0000	25.0218	25.3252	0.0000	0.0000	0.0000	0.0000	0.0000	0.0000	0.0000	0.0000	0.0000	0.0000	0.0000	0.0000	0.0000	0.0000	-0.0001	0.0000	0.9934	0.0003	0.0000	1.0126	0.0003	0.0003	0.0000	0.0003	0.0003	0.0000	0.0000	0.0000	0.0000	0.0000	0.0000	0.0000	0.0000	0.0000	0.0000	0.0000	0.0000	0.0000	0.0000	0.0000	0.0000	0.0000	0.0000	0.0000	0.0000	0.0000	0.0000	0.0023	0.0014	0.0009	0.0003	0.0003	0.0001	0.0019	0.0011	0.0009	inf	inf	0.0000	inf	inf	0.0000	0.0000	0.0000	0.0000	0.0000	0.0000	0.0000	0.0000	0.0000	0.0000	0.0000	0.0000	0.0000						
18	51	0.1652	4	1	2	0	1	0	0	0	0	N	Y	N	N	N	N	N	N	N	N	N	N	0.0000	0.0000	0.0000	0.0000	0.0000	0.0000	0.0000	0.0000	0.0000	0.0000	0.0000	0.0000	0.0000	0.0000	0.0000	0.0000	0.0000	0.0000	0.0000	0.0000	0.9934	0.0000	0.0000	1.0000	0.0000	0.0000	0.0000	0.0000	0.0000	0.0000	0.0000	0.0000	0.0000	0.0000	0.0000	0.0000	0.0000	0.0000	0.0000	0.0000	0.0000	0.0000	0.0000	0.0000	0.0000	0.0000	0.0000	0.0000	0.0000	0.0000	0.0000	0.0022	0.0013	0.0009	0.0004	0.0004	0.0001	0.0018	0.0010	0.0008	0.0000	0.0000	0.0000	0.0000	0.0000	0.0000	0.0000	0.0000	0.0000	0.0000	0.0000	0.0000	0.0000	0.0000	0.0000	0.0000	0.0000	0.0000											
18	52	0.1613	7	0	2	0	2	0	0	0	0	N	Y	N	Y	N	N	N	N	N	N	N	N	0.0000	0.0000	0.0000	0.0000	0.0000	0.0000	0.0000	0.0000	0.0000	0.0000	0.0000	0.0000	0.0000	0.0000	0.0000	0.0000	0.0000	0.0000	0.0000	0.0000	0.9934	0.9995	0.0000	1.0399	0.0000	0.0000	0.0000	0.0000	0.0000	0.0000	0.0000	0.0000	0.0000	0.0000	0.0000	0.0000	0.0000	0.0000	0.0000	0.0000	0.0000	0.0000	0.0141	0.0120	0.0021	0.0008	0.0008	0.0000	0.0133	0.0112	0.0021	0.0059	0.0040	0.0019	0.0016	0.0014	0.0002	0.0043	0.0026	0.0017	0.0000	0.0000	0.0000	0.0000	0.0000	0.0000	0.0000	0.0000	0.0000	0.0000	0.0000	0.0000	0.0000	0.0000	0.0000	0.0000	0.0000	0.0000											
18	53	0.1613	7	0	1	0	2	0	0	0	0	N	N	N	Y	N	N	N	N	N	N	N	N	0.0000	0.0000	0.0000	0.0000	0.0000	0.0000	0.0000	0.0000	0.0000	0.0000	0.0000	0.0000	0.0000	0.0000	0.0000	0.0000	0.0000	0.0000	0.0000	0.0000	0.9934	3.0005	0.0000	1.0125	0.0000	0.0000	0.0000	0.0000	0.0000	0.0000	0.0000	0.0000	0.0000	0.0000	0.0000	0.0000	0.0000	0.0000	0.0000	0.0000	0.0000	0.0000	0.0414	0.0352	0.0061	0.0023	0.0022	0.0001	0.0390	0.0330	0.0060	0.0099	0.0064	0.0036	0.0023	0.0020	0.0003	0.0076	0.0044	0.0032	0.0000	0.0000	0.0000	0.0000	0.0000	0.0000	0.0000	0.0000	0.0000	0.0000	0.0000	0.0000	0.0000	0.0000	0.0000	0.0000	0.0000	0.0000											
18	54	0.1531	6	0	1	0	2	0	0	0	0	N	N	N	Y	N	N	N	N	N	N	N	N	0.0000	0.0000	0.0000	0.0000	0.0000	0.0000	0.0000	0.0000	0.0000	0.0000	0.0000	0.0000	0.0000	0.0000	0.0000	0.0000	0.0000	0.0000	0.0000	0.0000	0.9934	0.0013	0.0000	1.9704	0.0000	0.0000	0.0000	0.0000	0.0000	0.0000	0.0000	0.0000	0.0000	0.0000	0.0000	0.0000	0.0000	0.0000	0.0000	0.0000	0.0000	0.0000	0.0000	0.0000	0.0000	0.0000	0.0000	0.0000	0.0000	0.0000	0.0000	0.0042	0.0024	0.0017	0.0006	0.0005	0.0001	0.0036	0.0020	0.0016	0.0000	0.0000	0.0000	0.0000	0.0000	0.0000	0.0000	0.0000	0.0000	0.0000	0.0000	0.0000	0.0000	0.0000	0.0000	0.0000	0.0000	0.0000											
18	55	0.1223	5	0	1	0	2	0	0	0	0	N	N	N	Y	N	N	N	N	N	N	N	N	0.0000	0.0000	0.0000	0.0000	0.0000	0.0000	0.0000	0.0000	0.0000	0.0000	0.0000	0.0000	0.0000	0.0000	0.0000	0.0000	0.0000	0.0000	0.0000	0.0000	0.9934	3.0000	0.0000	4.0155	0.0000	0.0000	0.0000	0.0000	0.0000	0.0000	0.0000	0.0000	0.0000	0.0000	0.0000	0.0000	0.0000	0.0000	0.0000	0.0000	0.0000	0.0000	0.0413	0.0351	0.0062	0.0017	0.0016	0.0001	0.0396	0.0335	0.0061	0.0147	0.0085	0.0061	0.0021	0.0017	0.0004	0.0126	0.0069	0.0057	0.0000	0.0000	0.0000	0.0000	0.0000	0.0000	0.0000	0.0000	0.0000	0.0000	0.0000	0.0000	0.0000	0.0000	0.0000	0.0000	0.0000	0.0000											
18	56	0.1266	6	0	2	1	1	0	0	0	0	N	Y	N	N	N	N	N	N	N	N	N	N	inf	inf	inf	inf	0.0742	0.0000	0.5066	0.0000	0.0000	0.0000	0.0812	0.0000	0.5216	0.0000	0.0000	0.0000	0.0000	0.0000	0.0000	0.0000	0.0000	0.0000	inf	0.0011	0.0000	0.9934	2.0013	0.0000	5.6727	0.0021	0.0000	0.0021	0.0000	0.0000	0.0000	0.0021	0.0000	0.0021	0.0000	0.0000	0.0000	0.0000	0.0000	0.0000	0.0000	0.0000	0.0000	0.0277	0.0237	0.0041	0.0024	0.0023	0.0001	0.0253	0.0214	0.0039	0.0192	0.0127	0.0065	0.0044	0.0040	0.0005	0.0148	0.0088	0.0061	inf	0.0000	inf	0.0000	0.0000	0.0000	inf	0.0000	inf	0.0000	0.0000	0.0000	0.0000	0.0000	0.0000	0.0000	0.0000	0.0000						
18	57	0.1228	5	0	2	0	1	0	0	0	0	N	Y	N	N	N	N	N	N	N	N	N	N	inf	inf	inf	inf	inf	inf	inf	32.6359	36.2512	9.1018	155.1196	157.4697	0.0000	1.5199	0.0000	9.3132	0.0000	0.0000	0.0000	0.0000	0.0000	0.0000	0.0000	0.0000	0.0000	0.0386	-0.0009	0.0000	0.9934	0.0033	0.0000	1.3874	0.0021	0.0021	0.0001	0.0021	0.0021	0.0000	0.0001	0.0000	0.0001	0.0000	0.0000	0.0000	0.0000	0.0000	0.0000	0.0000	0.0000	0.0000	0.0001	0.0001	0.0000	0.0000	0.0000	0.0000	0.0001	0.0000	0.0000	0.0071	0.0054	0.0017	0.0026	0.0025	0.0001	0.0045	0.0029	0.0016	inf	inf	inf	inf	inf	0.0000	inf	0.0000	inf	0.0000	0.0000	0.0000	0.0000	0.0000	0.0000	0.0000	0.0000	0.0000			
18	58	0.1077	4	1	1	1	1	0	0	0	0	N	N	N	N	N	N	N	N	N	N	N	N	0.0000	0.0000	0.0000	0.0000	0.0000	0.0000	0.0000	0.0000	0.0000	0.0000	0.0000	0.0000	0.0000	0.0000	0.0000	0.0000	0.0000	0.0000	0.0000	0.0000	0.9934	0.0000	0.0000	2.0000	0.0000	0.0000	0.0000	0.0000	0.0000	0.0000	0.0000	0.0000	0.0000	0.0000	0.0000	0.0000	0.0000	0.0000	0.0000	0.0000	0.0000	0.0000	0.0000	0.0000	0.0000	0.0000	0.0000	0.0000	0.0000	0.0000	0.0000	0.0041	0.0024	0.0016	0.0004	0.0004	0.0001	0.0036	0.0021	0.0015	0.0000	0.0000	0.0000	0.0000	0.0000	0.0000	0.0000	0.0000	0.0000	0.0000	0.0000	0.0000	0.0000	0.0000	0.0000	0.0000	0.0000	0.0000											
18	59	0.1228	5	0	2	0	1	0	0	0	0	N	Y	N	N	N	N	N	N	N	N	N	N	inf	inf	inf	inf	0.0029	0.0000	0.0198	0.0000	0.0000	0.0000	0.0031	0.0000	0.0204	0.0000	0.0000	0.0000	0.0000	0.0000	0.0000	0.0000	0.0000	0.0000	inf	0.0000	0.0000	0.9934	1.9997	0.0000	3.4660	0.0001	0.0000	0.0001	0.0000	0.0000	0.0000	0.0001	0.0000	0.0001	0.0000	0.0000	0.0000	0.0000	0.0000	0.0000	0.0000	0.0000	0.0000	0.0275	0.0235	0.0040	0.0023	0.0022	0.0001	0.0252	0.0213	0.0039	0.0148	0.0100	0.0048	0.0036	0.0033	0.0003	0.0112	0.0067	0.0045	inf	0.0000	inf	0.0000	0.0000	0.0000	inf	0.0000	inf	0.0000	0.0000	0.0000	0.0000	0.0000	0.0000	0.0000	0.0000	0.0000						
18	60	0.1077	4	0	2	0	1	0	0	0	0	N	Y	N	N	N	N	N	N	N	N	N	N	inf	inf	inf	inf	11.3332	13.2866	0.0000	136.1772	143.4790	0.0000	0.0000	0.0000	0.0000	0.0000	0.0000	0.0000	0.0000	0.0000	0.0000	0.0000	0.0000	0.0000	0.0000	-0.0000	0.0000	0.9934	0.0005	0.0000	3.6054	0.0001	0.0001	0.0000	0.0001	0.0001	0.0000	0.0000	0.0000	0.0000	0.0000	0.0000	0.0000	0.0000	0.0000	0.0000	0.0000	0.0000	0.0000	0.0000	0.0000	0.0000	0.0000	0.0000	0.0000	0.0000	0.0000	0.0000	0.0072	0.0043	0.0029	0.0008	0.0006	0.0002	0.0064	0.0037	0.0027	inf	inf	0.0000	inf	inf	0.0000	0.0000	0.0000	0.0000	0.0000	0.0000	0.0000	0.0000	0.0000	0.0000	0.0000	0.0000	0.0000						
18	61	0.1933	7	0	1	1	1	0	0	0	0	N	N	N	N	N	N	N	N	N	N	N	N	0.0000	0.0000	0.0000	0.0000	0.0000	0.0000	0.0000	0.0000	0.0000	0.0000	0.0000	0.0000	0.0000	0.0000	0.0000	0.0000	0.0000	0.0000	0.0000	0.0000	0.9934	0.0000	0.0000	1.0000	0.0000	0.0000	0.0000	0.0000	0.0000	0.0000	0.0000	0.0000	0.0000	0.0000	0.0000	0.0000	0.0000	0.0000	0.0000	0.0000	0.0000	0.0000	0.0000	0.0000	0.0000	0.0000	0.0000	0.0000	0.0000	0.0000	0.0000	0.0021	0.0012	0.0008	0.0005	0.0004	0.0001	0.0016	0.0009	0.0007	0.0000	0.0000	0.0000	0.0000	0.0000	0.0000	0.0000	0.0000	0.0000	0.0000	0.0000	0.0000	0.0000	0.0000	0.0000	0.0000	0.0000	0.0000											
18	62	0.1891	6	0	1	0	1	0	0	0	0	N	N	N	N	N	N	N	N	N	N	N	N	0.0000	0.0000	0.0000	0.0000	0.0000	0.0000	0.0000	0.0000	0.0000	0.0000	0.0000	0.0000	0.0000	0.0000	0.0000	0.0000	0.0000	0.0000	0.0000	0.0000	0.9934	0.0001	0.0000	1.0076	0.0000	0.0000	0.0000	0.0000	0.0000	0.0000	0.0000	0.0000	0.0000	0.0000	0.0000	0.0000	0.0000	0.0000	0.0000	0.0000	0.0000	0.0000	0.0000	0.0000	0.0000	0.0000	0.0000	0.0000	0.0000	0.0000	0.0000	0.0027	0.0017	0.0009	0.0008	0.0006	0.0001	0.0019	0.0011	0.0008	0.0000	0.0000	0.0000	0.0000	0.0000	0.0000	0.0000	0.0000	0.0000	0.0000	0.0000	0.0000	0.0000	0.0000	0.0000	0.0000	0.0000	0.0000											
18	63	0.1223	5	0	1	0	1	0	0	0	0	N	N	N	N	N	N	N	N	N	N	N	N	0.0000	0.0000	0.0000	0.0000	0.0000	0.0000	0.0000	0.0000	0.0000	0.0000	0.0000	0.0000	0.0000	0.0000	0.0000	0.0000	0.0000	0.0000	0.0000	0.0000	0.9934	11.9999	0.0000	3.0574	0.0000	0.0000	0.0000	0.0000	0.0000	0.0000	0.0000	0.0000	0.0000	0.0000	0.0000	0.0000	0.0000	0.0000	0.0000	0.0000	0.0000	0.0000	0.1519	0.1300	0.0219	0.0064	0.0061	0.0003	0.1455	0.1239	0.0216	0.0293	0.0170	0.0122	0.0041	0.0032	0.0009	0.0251	0.0138	0.0113	0.0000	0.0000	0.0000	0.0000	0.0000	0.0000	0.0000	0.0000	0.0000	0.0000	0.0000	0.0000	0.0000	0.0000	0.0000	0.0000	0.0000	0.0000											
18	64	0.1077	4	1	2	0	1	0	0	0	0	N	Y	N	N	N	N	N	N	N	N	N	N	0.0000	0.0000	0.0000	0.0000	0.0000	0.0000	0.0000	0.0000	0.0000	0.0000	0.0000	0.0000	0.0000	0.0000	0.0000	0.0000	0.0000	0.0000	0.0000	0.0000	0.9934	4.0000	0.0000	3.0000	0.0000	0.0000	0.0000	0.0000	0.0000	0.0000	0.0000	0.0000	0.0000	0.0000	0.0000	0.0000	0.0000	0.0000	0.0000	0.0000	0.0000	0.0000	0.0540	0.0462	0.0078	0.0045	0.0043	0.0002	0.0495	0.0419	0.0076	0.0137	0.0082	0.0055	0.0015	0.0012	0.0003	0.0122	0.0070	0.0052	0.0000	0.0000	0.0000	0.0000	0.0000	0.0000	0.0000	0.0000	0.0000	0.0000	0.0000	0.0000	0.0000	0.0000	0.0000	0.0000	0.0000	0.0000											
18	65	0.0659	3	0	1	0	1	0	0	0	0	N	N	N	N	N	N	N	N	N	N	N	N	inf	inf	inf	inf	0.0478	0.0562	0.0000	1.4513	1.5107	0.0000	0.0000	0.0000	0.0000	0.0000	0.0000	0.0000	0.0000	0.0000	0.0000	0.0000	0.0000	0.0000	0.0000	-0.0006	0.0000	0.9934	2.0015	0.0000	10.0016	0.0014	0.0014	0.0000	0.0014	0.0014	0.0000	0.0000	0.0000	0.0000	0.0000	0.0000	0.0000	0.0000	0.0000	0.0000	0.0000	0.0000	0.0000	0.0285	0.0242	0.0043	0.0009	0.0009	0.0000	0.0275	0.0233	0.0042	0.0243	0.0139	0.0103	0.0019	0.0015	0.0004	0.0224	0.0124	0.0100	inf	inf	0.0000	inf	inf	0.0000	0.0000	0.0000	0.0000	0.0000	0.0000	0.0000	0.0000	0.0000	0.0000	0.0000	0.0000	0.0000						
18	67	0.2207	5	0	1	0	1	0	0	0	0	N	N	N	N	N	N	N	N	N	N	N	N	inf	inf	inf	inf	0.3679	0.4263	0.0000	2.8679	2.9483	0.0000	0.0000	0.0000	0.0000	0.0000	0.0000	0.0000	0.0000	0.0000	0.0000	0.0000	0.0000	0.0000	0.0000	-0.0132	0.0000	0.9934	4.8614	0.0000	14.2102	0.0287	0.0287	0.0000	0.0287	0.0287	0.0000	0.0000	0.0000	0.0000	0.0000	0.0000	0.0000	0.0000	0.0000	0.0000	0.0000	0.0000	0.0000	0.0779	0.0673	0.0107	0.0100	0.0097	0.0003	0.0680	0.0575	0.0104	0.0625	0.0436	0.0189	0.0263	0.0224	0.0039	0.0362	0.0212	0.0150	inf	inf	0.0000	inf	inf	0.0000	0.0000	0.0000	0.0000	0.0000	0.0000	0.0000	0.0000	0.0000	0.0000	0.0000	0.0000	0.0000						
18	68	0.1416	7	1	2	1	1	0	0	0	0	N	Y	N	N	N	N	N	N	N	N	N	N	0.0000	0.0000	0.0000	0.0000	0.0000	0.0000	0.0000	0.0000	0.0000	0.0000	0.0000	0.0000	0.0000	0.0000	0.0000	0.0000	0.0000	0.0000	0.0000	0.0000	0.9934	0.0000	0.0000	0.0000	0.0000	0.0000	0.0000	0.0000	0.0000	0.0000	0.0000	0.0000	0.0000	0.0000	0.0000	0.0000	0.0000	0.0000	0.0000	0.0000	0.0000	0.0000	0.0000	0.0000	0.0000	0.0000	0.0000	0.0000	0.0000	0.0000	0.0000	0.0000	0.0000	0.0000	0.0000	0.0000	0.0000	0.0000	0.0000	0.0000	0.0000	0.0000	0.0000	0.0000	0.0000	0.0000	0.0000	0.0000	0.0000	0.0000	0.0000	0.0000	0.0000	0.0000	0.0000	0.0000	0.0000	0.0000											
18	69	0.1374	6	1	1	1	1	0	0	0	0	N	N	N	N	N	N	N	N	N	N	N	N	inf	inf	inf	inf	8.8394	0.0000	42.1578	0.0000	0.0000	0.0000	14.9274	0.0000	42.3469	0.0000	0.0000	0.0000	0.0000	0.0000	0.0000	0.0000	0.0000	0.0000	inf	0.0005	0.0000	0.9934	0.0016	0.0000	0.9826	0.0009	0.0000	0.0009	0.0000	0.0000	0.0000	0.0009	0.0000	0.0009	0.0000	0.0000	0.0000	0.0000	0.0000	0.0000	0.0000	0.0000	0.0000	0.0001	0.0001	0.0000	0.0000	0.0000	0.0000	0.0001	0.0000	0.0000	0.0022	0.0014	0.0009	0.0004	0.0003	0.0001	0.0018	0.0010	0.0008	inf	0.0000	inf	0.0000	0.0000	0.0000	inf	0.0000	inf	0.0000	0.0000	0.0000	0.0000	0.0000	0.0000	0.0000	0.0000	0.0000						
18	70	0.1247	5	1	1	1	1	0	0	0	0	N	N	N	N	N	N	N	N	N	N	N	N	inf	inf	inf	inf	inf	inf	inf	4.3405	4.8544	0.4039	12.8813	12.9474	0.0000	0.0699	0.0000	0.4099	0.0000	0.0000	0.0000	0.0000	0.0000	0.0000	0.0000	0.0000	0.0000	0.0109	-0.0004	0.0000	0.9934	0.0061	0.0000	3.0249	0.0009	0.0009	0.0000	0.0009	0.0009	0.0000	0.0000	0.0000	0.0000	0.0000	0.0000	0.0000	0.0000	0.0000	0.0000	0.0000	0.0000	0.0000	0.0002	0.0002	0.0000	0.0001	0.0001	0.0000	0.0001	0.0001	0.0000	0.0068	0.0042	0.0026	0.0012	0.0010	0.0002	0.0056	0.0032	0.0024	inf	inf	inf	inf	inf	0.0000	inf	0.0000	inf	0.0000	0.0000	0.0000	0.0000	0.0000	0.0000	0.0000	0.0000	0.0000			
18	71	0.1077	4	1	1	1	1	0	0	0	0	N	N	N	N	N	N	N	N	N	N	N	N	inf	inf	inf	inf	0.1595	0.1870	0.0000	1.9170	2.0198	0.0000	0.0000	0.0000	0.0000	0.0000	0.0000	0.0000	0.0000	0.0000	0.0000	0.0000	0.0000	0.0000	0.0000	-0.0000	0.0000	0.9934	0.0044	0.0000	4.0281	0.0000	0.0000	0.0000	0.0000	0.0000	0.0000	0.0000	0.0000	0.0000	0.0000	0.0000	0.0000	0.0000	0.0000	0.0000	0.0000	0.0000	0.0000	0.0001	0.0001	0.0000	0.0000	0.0000	0.0000	0.0001	0.0000	0.0000	0.0081	0.0048	0.0032	0.0009	0.0007	0.0002	0.0072	0.0041	0.0031	inf	inf	0.0000	inf	inf	0.0000	0.0000	0.0000	0.0000	0.0000	0.0000	0.0000	0.0000	0.0000	0.0000	0.0000	0.0000	0.0000						
18	72	0.0659	3	0	2	0	1	0	0	0	0	N	Y	N	N	N	N	N	N	N	N	N	N	inf	inf	inf	inf	12.1051	0.0000	81.9871	0.0000	0.0000	0.0000	12.5047	0.0000	82.7322	0.0000	0.0000	0.0000	0.0000	0.0000	0.0000	0.0000	0.0000	0.0000	inf	0.5340	0.0000	0.9934	5.9987	0.0000	11.0016	0.9920	0.0000	0.9920	0.0000	0.0000	0.0000	0.9920	0.0000	0.9920	0.0000	0.0000	0.0000	0.0000	0.0000	0.0000	0.0000	0.0000	0.0000	0.0819	0.0699	0.0121	0.0026	0.0025	0.0001	0.0793	0.0673	0.0120	0.0330	0.0190	0.0140	0.0026	0.0021	0.0005	0.0304	0.0169	0.0135	inf	0.0000	inf	0.0000	0.0000	0.0000	inf	0.0000	inf	0.0000	0.0000	0.0000	0.0000	0.0000	0.0000	0.0000	0.0000	0.0000						
18	73	0.1077	4	1	1	1	1	0	0	0	0	N	N	N	N	N	N	N	N	N	N	N	N	inf	inf	inf	inf	36.0988	42.2703	0.0000	433.3882	456.6591	0.0000	0.0000	0.0000	0.0000	0.0000	0.0000	0.0000	0.0000	0.0000	0.0000	0.0000	0.0000	0.0000	0.0000	-0.4587	0.0000	0.9934	2.0000	0.0000	5.0000	0.9934	0.9934	0.0000	0.9934	0.9934	0.0000	0.0000	0.0000	0.0000	0.0000	0.0000	0.0000	0.0000	0.0000	0.0000	0.0000	0.0000	0.0000	0.0275	0.0235	0.0040	0.0023	0.0022	0.0001	0.0252	0.0213	0.0039	0.0137	0.0082	0.0055	0.0015	0.0012	0.0003	0.0122	0.0070	0.0052	inf	inf	0.0000	inf	inf	0.0000	0.0000	0.0000	0.0000	0.0000	0.0000	0.0000	0.0000	0.0000	0.0000	0.0000	0.0000	0.0000						
18	74	0.1076	5	0	2	0	1	0	0	0	0	N	Y	N	N	N	N	N	N	N	N	N	N	inf	inf	inf	inf	0.5546	0.6525	0.0000	10.2231	10.5076	0.0000	0.0000	0.0000	0.0000	0.0000	0.0000	0.0000	0.0000	0.0000	0.0000	0.0000	0.0000	0.0000	0.0000	-0.0224	0.0000	0.9934	6.1274	0.0000	13.6208	0.0484	0.0484	0.0000	0.0484	0.0484	0.0000	0.0000	0.0000	0.0000	0.0000	0.0000	0.0000	0.0000	0.0000	0.0000	0.0000	0.0000	0.0000	0.0873	0.0742	0.0131	0.0047	0.0046	0.0001	0.0826	0.0696	0.0130	0.0403	0.0247	0.0156	0.0065	0.0054	0.0011	0.0338	0.0193	0.0146	inf	inf	0.0000	inf	inf	0.0000	0.0000	0.0000	0.0000	0.0000	0.0000	0.0000	0.0000	0.0000	0.0000	0.0000	0.0000	0.0000						
18	75	0.1322	8	0	1	1	1	0	0	0	0	N	N	N	N	N	N	N	N	N	N	N	N	0.0000	0.0000	0.0000	0.0000	0.0000	0.0000	0.0000	0.0000	0.0000	0.0000	0.0000	0.0000	0.0000	0.0000	0.0000	0.0000	0.0000	0.0000	0.0000	0.0000	0.9934	0.0000	0.0000	1.0003	0.0000	0.0000	0.0000	0.0000	0.0000	0.0000	0.0000	0.0000	0.0000	0.0000	0.0000	0.0000	0.0000	0.0000	0.0000	0.0000	0.0000	0.0000	0.0000	0.0000	0.0000	0.0000	0.0000	0.0000	0.0000	0.0000	0.0000	0.0022	0.0013	0.0008	0.0003	0.0003	0.0001	0.0019	0.0011	0.0008	0.0000	0.0000	0.0000	0.0000	0.0000	0.0000	0.0000	0.0000	0.0000	0.0000	0.0000	0.0000	0.0000	0.0000	0.0000	0.0000	0.0000	0.0000											
18	76	0.1281	7	0	1	1	1	0	0	0	0	N	N	N	N	N	N	N	N	N	N	N	N	0.0000	0.0000	0.0000	0.0000	0.0000	0.0000	0.0000	0.0000	0.0000	0.0000	0.0000	0.0000	0.0000	0.0000	0.0000	0.0000	0.0000	0.0000	0.0000	0.0000	0.9934	0.0000	0.0000	1.0076	0.0000	0.0000	0.0000	0.0000	0.0000	0.0000	0.0000	0.0000	0.0000	0.0000	0.0000	0.0000	0.0000	0.0000	0.0000	0.0000	0.0000	0.0000	0.0000	0.0000	0.0000	0.0000	0.0000	0.0000	0.0000	0.0000	0.0000	0.0022	0.0013	0.0008	0.0003	0.0003	0.0001	0.0019	0.0011	0.0008	0.0000	0.0000	0.0000	0.0000	0.0000	0.0000	0.0000	0.0000	0.0000	0.0000	0.0000	0.0000	0.0000	0.0000	0.0000	0.0000	0.0000	0.0000											
18	77	0.1240	6	0	1	0	1	0	0	0	0	N	N	N	N	N	N	N	N	N	N	N	N	inf	inf	inf	inf	5.9205	0.0000	36.7727	0.0000	0.0000	0.0000	9.5897	0.0000	37.0474	0.0000	0.0000	0.0000	0.0000	0.0000	0.0000	0.0000	0.0000	0.0000	inf	0.0004	0.0000	0.9934	0.0026	0.0000	0.9924	0.0008	0.0000	0.0008	0.0000	0.0000	0.0000	0.0008	0.0000	0.0008	0.0000	0.0000	0.0000	0.0000	0.0000	0.0000	0.0000	0.0000	0.0000	0.0001	0.0001	0.0000	0.0001	0.0001	0.0000	0.0001	0.0001	0.0000	0.0021	0.0013	0.0008	0.0003	0.0003	0.0001	0.0018	0.0011	0.0008	inf	0.0000	inf	0.0000	0.0000	0.0000	inf	0.0000	inf	0.0000	0.0000	0.0000	0.0000	0.0000	0.0000	0.0000	0.0000	0.0000						
18	78	0.1076	5	0	1	0	1	0	0	0	0	N	N	N	N	N	N	N	N	N	N	N	N	inf	inf	inf	inf	inf	inf	inf	inf	21.1796	0.0010	136.8714	0.0199	0.0114	0.4835	22.9536	0.0000	138.1001	0.0000	0.0000	0.0000	0.0000	0.0000	0.0000	0.0000	0.0000	0.0000	24361.2623	0.5082	0.0000	0.9934	2.8733	0.0000	1.5522	0.9442	0.0000	0.9442	0.0001	0.0000	0.0000	0.9441	0.0000	0.9441	0.0000	0.0000	0.0000	0.0000	0.0000	0.0000	0.0000	0.0000	0.0000	0.0446	0.0377	0.0069	0.0034	0.0034	0.0001	0.0411	0.0343	0.0068	0.0123	0.0080	0.0043	0.0027	0.0024	0.0003	0.0096	0.0056	0.0041	inf	inf	inf	inf	inf	inf	inf	0.0000	inf	0.0000	0.0000	0.0000	0.0000	0.0000	0.0000	0.0000	0.0000	0.0000		
18	79	0.0955	4	0	1	0	1	0	0	0	0	N	N	N	N	N	N	N	N	N	N	N	N	inf	inf	inf	inf	inf	inf	inf	inf	12.3096	4.2264	52.3579	14.8170	14.8662	0.0000	11.5309	0.0091	52.6036	0.0000	0.0000	0.0000	0.0000	0.0000	0.0000	0.0000	0.0000	0.0000	2.5004	0.0168	0.0000	0.9934	0.2102	0.0000	3.4985	0.0664	0.0190	0.0474	0.0189	0.0189	0.0000	0.0475	0.0000	0.0474	0.0000	0.0000	0.0000	0.0000	0.0000	0.0000	0.0000	0.0000	0.0000	0.0054	0.0045	0.0009	0.0013	0.0013	0.0000	0.0041	0.0032	0.0009	0.0133	0.0091	0.0042	0.0035	0.0034	0.0002	0.0097	0.0057	0.0040	inf	inf	inf	inf	inf	0.0000	inf	inf	inf	0.0000	0.0000	0.0000	0.0000	0.0000	0.0000	0.0000	0.0000	0.0000		
18	80	0.1266	6	0	2	0	1	0	0	0	0	N	Y	N	N	N	N	N	N	N	N	N	N	0.0000	0.0000	0.0000	0.0000	0.0000	0.0000	0.0000	0.0000	0.0000	0.0000	0.0000	0.0000	0.0000	0.0000	0.0000	0.0000	0.0000	0.0000	0.0000	0.0000	0.9934	2.0196	0.0000	6.0690	0.0000	0.0000	0.0000	0.0000	0.0000	0.0000	0.0000	0.0000	0.0000	0.0000	0.0000	0.0000	0.0000	0.0000	0.0000	0.0000	0.0000	0.0000	0.0284	0.0243	0.0042	0.0018	0.0017	0.0001	0.0267	0.0226	0.0041	0.0177	0.0106	0.0071	0.0035	0.0028	0.0007	0.0142	0.0079	0.0064	0.0000	0.0000	0.0000	0.0000	0.0000	0.0000	0.0000	0.0000	0.0000	0.0000	0.0000	0.0000	0.0000	0.0000	0.0000	0.0000	0.0000	0.0000											
18	81	0.1183	5	0	1	0	1	0	0	0	0	N	N	N	N	N	N	N	N	N	N	N	N	0.0000	0.0000	0.0000	0.0000	0.0000	0.0000	0.0000	0.0000	0.0000	0.0000	0.0000	0.0000	0.0000	0.0000	0.0000	0.0000	0.0000	0.0000	0.0000	0.0000	0.9934	0.9876	0.0000	0.9833	0.0000	0.0000	0.0000	0.0000	0.0000	0.0000	0.0000	0.0000	0.0000	0.0000	0.0000	0.0000	0.0000	0.0000	0.0000	0.0000	0.0000	0.0000	0.0138	0.0118	0.0021	0.0007	0.0006	0.0000	0.0132	0.0111	0.0020	0.0043	0.0026	0.0018	0.0007	0.0005	0.0001	0.0037	0.0020	0.0016	0.0000	0.0000	0.0000	0.0000	0.0000	0.0000	0.0000	0.0000	0.0000	0.0000	0.0000	0.0000	0.0000	0.0000	0.0000	0.0000	0.0000	0.0000											
18	82	0.1360	5	1	1	1	1	0	0	0	0	N	N	N	N	N	N	N	N	N	N	N	N	inf	inf	inf	inf	inf	inf	70.6387	83.1136	0.0000	0.4274	0.4507	0.0000	73.9181	87.4453	0.0000	0.0000	0.0000	0.0000	0.0000	0.0000	0.0000	0.0000	0.0000	0.0000	0.0000	-0.4587	0.0000	0.9934	1.0000	0.0000	2.9874	0.9934	0.9934	0.0000	0.0003	0.0003	0.0000	0.9931	0.9931	0.0000	0.0000	0.0000	0.0000	0.0000	0.0000	0.0000	0.0000	0.0000	0.0000	0.0141	0.0120	0.0021	0.0006	0.0006	0.0000	0.0134	0.0114	0.0021	0.0084	0.0050	0.0035	0.0011	0.0009	0.0002	0.0073	0.0040	0.0033	inf	inf	0.0000	inf	inf	0.0000	inf	inf	0.0000	0.0000	0.0000	0.0000	0.0000	0.0000	0.0000	0.0000	0.0000	0.0000				
18	83	0.1077	4	1	1	1	1	0	0	0	0	N	N	N	N	N	N	N	N	N	N	N	N	inf	inf	inf	inf	71.5138	83.7898	0.0000	858.9280	905.0138	0.0000	0.0000	0.0000	0.0000	0.0000	0.0000	0.0000	0.0000	0.0000	0.0000	0.0000	0.0000	0.0000	0.0000	-0.4586	0.0000	0.9934	0.9997	0.0000	6.0128	0.9931	0.9931	0.0000	0.9931	0.9931	0.0000	0.0000	0.0000	0.0000	0.0000	0.0000	0.0000	0.0000	0.0000	0.0000	0.0000	0.0000	0.0000	0.0139	0.0119	0.0020	0.0012	0.0011	0.0001	0.0127	0.0108	0.0020	0.0137	0.0082	0.0055	0.0015	0.0012	0.0003	0.0122	0.0070	0.0052	inf	inf	0.0000	inf	inf	0.0000	0.0000	0.0000	0.0000	0.0000	0.0000	0.0000	0.0000	0.0000	0.0000	0.0000	0.0000	0.0000						
18	84	0.0659	3	0	2	0	2	0	0	0	0	N	Y	N	Y	N	N	N	N	N	N	N	N	inf	inf	inf	inf	0.0127	0.0149	0.0000	0.3976	0.4151	0.0000	0.0000	0.0000	0.0000	0.0000	0.0000	0.0000	0.0000	0.0000	0.0000	0.0000	0.0000	0.0000	0.0000	-0.0006	0.0000	0.9934	8.0013	0.0000	12.0015	0.0014	0.0014	0.0000	0.0014	0.0014	0.0000	0.0000	0.0000	0.0000	0.0000	0.0000	0.0000	0.0000	0.0000	0.0000	0.0000	0.0000	0.0000	0.1072	0.0915	0.0157	0.0034	0.0033	0.0001	0.1038	0.0882	0.0156	0.0380	0.0219	0.0161	0.0030	0.0024	0.0006	0.0350	0.0195	0.0155	inf	inf	0.0000	inf	inf	0.0000	0.0000	0.0000	0.0000	0.0000	0.0000	0.0000	0.0000	0.0000	0.0000	0.0000	0.0000	0.0000						
18	85	0.1223	5	0	2	0	1	0	0	0	0	N	Y	N	N	N	N	N	N	N	N	N	N	0.0000	0.0000	0.0000	0.0000	0.0000	0.0000	0.0000	0.0000	0.0000	0.0000	0.0000	0.0000	0.0000	0.0000	0.0000	0.0000	0.0000	0.0000	0.0000	0.0000	0.9934	1.0000	0.0000	6.9850	0.0000	0.0000	0.0000	0.0000	0.0000	0.0000	0.0000	0.0000	0.0000	0.0000	0.0000	0.0000	0.0000	0.0000	0.0000	0.0000	0.0000	0.0000	0.0140	0.0119	0.0021	0.0006	0.0005	0.0000	0.0135	0.0114	0.0021	0.0165	0.0096	0.0069	0.0024	0.0019	0.0005	0.0142	0.0078	0.0064	0.0000	0.0000	0.0000	0.0000	0.0000	0.0000	0.0000	0.0000	0.0000	0.0000	0.0000	0.0000	0.0000	0.0000	0.0000	0.0000	0.0000	0.0000											
18	86	0.1096	4	0	1	0	1	0	0	0	0	N	N	N	N	N	N	N	N	N	N	N	N	0.0000	0.0000	0.0000	0.0000	0.0000	0.0000	0.0000	0.0000	0.0000	0.0000	0.0000	0.0000	0.0000	0.0000	0.0000	0.0000	0.0000	0.0000	0.0000	0.0000	0.9934	1.0086	0.0000	2.0000	0.0000	0.0000	0.0000	0.0000	0.0000	0.0000	0.0000	0.0000	0.0000	0.0000	0.0000	0.0000	0.0000	0.0000	0.0000	0.0000	0.0000	0.0000	0.0143	0.0122	0.0021	0.0006	0.0006	0.0000	0.0137	0.0116	0.0021	0.0065	0.0038	0.0028	0.0009	0.0007	0.0002	0.0056	0.0030	0.0026	0.0000	0.0000	0.0000	0.0000	0.0000	0.0000	0.0000	0.0000	0.0000	0.0000	0.0000	0.0000	0.0000	0.0000	0.0000	0.0000	0.0000	0.0000											
18	87	0.1077	4	0	2	0	1	0	0	0	0	N	Y	N	N	N	N	N	N	N	N	N	N	inf	inf	inf	inf	18.3924	21.5116	0.0000	220.6318	232.4996	0.0000	0.0000	0.0000	0.0000	0.0000	0.0000	0.0000	0.0000	0.0000	0.0000	0.0000	0.0000	0.0000	0.0000	-0.4587	0.0000	0.9934	4.0000	0.0000	7.0000	0.9934	0.9934	0.0000	0.9934	0.9934	0.0000	0.0000	0.0000	0.0000	0.0000	0.0000	0.0000	0.0000	0.0000	0.0000	0.0000	0.0000	0.0000	0.0540	0.0462	0.0078	0.0045	0.0043	0.0002	0.0495	0.0419	0.0076	0.0209	0.0125	0.0084	0.0023	0.0019	0.0005	0.0186	0.0107	0.0079	inf	inf	0.0000	inf	inf	0.0000	0.0000	0.0000	0.0000	0.0000	0.0000	0.0000	0.0000	0.0000	0.0000	0.0000	0.0000	0.0000						
18	88	0.0659	3	0	1	0	1	0	0	0	0	N	N	N	N	N	N	N	N	N	N	N	N	inf	inf	inf	inf	23.5007	0.0000	157.2698	0.0000	0.0000	0.0000	24.2872	0.0000	158.6543	0.0000	0.0000	0.0000	0.0000	0.0000	0.0000	0.0000	0.0000	0.0000	inf	0.5340	0.0000	0.9934	2.9985	0.0000	7.0016	0.9920	0.0000	0.9920	0.0000	0.0000	0.0000	0.9920	0.0000	0.9920	0.0000	0.0000	0.0000	0.0000	0.0000	0.0000	0.0000	0.0000	0.0000	0.0422	0.0359	0.0063	0.0014	0.0013	0.0001	0.0408	0.0346	0.0063	0.0205	0.0118	0.0088	0.0016	0.0013	0.0003	0.0189	0.0105	0.0085	inf	0.0000	inf	0.0000	0.0000	0.0000	inf	0.0000	inf	0.0000	0.0000	0.0000	0.0000	0.0000	0.0000	0.0000	0.0000	0.0000						
18	89	0.1268	6	0	2	0	1	0	0	0	0	N	Y	N	N	N	N	N	N	N	N	N	N	0.0000	0.0000	0.0000	0.0000	0.0000	0.0000	0.0000	0.0000	0.0000	0.0000	0.0000	0.0000	0.0000	0.0000	0.0000	0.0000	0.0000	0.0000	0.0000	0.0000	0.9934	0.0157	0.0000	9.0253	0.0000	0.0000	0.0000	0.0000	0.0000	0.0000	0.0000	0.0000	0.0000	0.0000	0.0000	0.0000	0.0000	0.0000	0.0000	0.0000	0.0000	0.0000	0.0008	0.0007	0.0001	0.0003	0.0003	0.0000	0.0005	0.0004	0.0001	0.0190	0.0112	0.0078	0.0033	0.0026	0.0007	0.0156	0.0085	0.0071	0.0000	0.0000	0.0000	0.0000	0.0000	0.0000	0.0000	0.0000	0.0000	0.0000	0.0000	0.0000	0.0000	0.0000	0.0000	0.0000	0.0000	0.0000											
18	90	0.1183	5	0	2	0	1	0	0	0	0	N	Y	N	N	N	N	N	N	N	N	N	N	0.0000	0.0000	0.0000	0.0000	0.0000	0.0000	0.0000	0.0000	0.0000	0.0000	0.0000	0.0000	0.0000	0.0000	0.0000	0.0000	0.0000	0.0000	0.0000	0.0000	0.9934	0.0169	0.0000	2.0013	0.0000	0.0000	0.0000	0.0000	0.0000	0.0000	0.0000	0.0000	0.0000	0.0000	0.0000	0.0000	0.0000	0.0000	0.0000	0.0000	0.0000	0.0000	0.0003	0.0002	0.0000	0.0000	0.0000	0.0000	0.0002	0.0002	0.0000	0.0044	0.0026	0.0018	0.0007	0.0006	0.0002	0.0037	0.0021	0.0017	0.0000	0.0000	0.0000	0.0000	0.0000	0.0000	0.0000	0.0000	0.0000	0.0000	0.0000	0.0000	0.0000	0.0000	0.0000	0.0000	0.0000	0.0000											
18	91	0.1096	4	0	1	0	1	0	0	0	0	N	N	N	N	N	N	N	N	N	N	N	N	0.0000	0.0000	0.0000	0.0000	0.0000	0.0000	0.0000	0.0000	0.0000	0.0000	0.0000	0.0000	0.0000	0.0000	0.0000	0.0000	0.0000	0.0000	0.0000	0.0000	0.9934	1.9923	0.0000	0.0454	0.0000	0.0000	0.0000	0.0000	0.0000	0.0000	0.0000	0.0000	0.0000	0.0000	0.0000	0.0000	0.0000	0.0000	0.0000	0.0000	0.0000	0.0000	0.0278	0.0237	0.0042	0.0012	0.0011	0.0001	0.0267	0.0226	0.0041	0.0045	0.0026	0.0019	0.0007	0.0005	0.0001	0.0038	0.0021	0.0018	0.0000	0.0000	0.0000	0.0000	0.0000	0.0000	0.0000	0.0000	0.0000	0.0000	0.0000	0.0000	0.0000	0.0000	0.0000	0.0000	0.0000	0.0000											
18	92	0.0659	3	0	1	0	1	0	0	0	0	N	N	N	N	N	N	N	N	N	N	N	N	inf	inf	inf	inf	0.0934	0.1100	0.0000	2.7001	2.8040	0.0000	0.0000	0.0000	0.0000	0.0000	0.0000	0.0000	0.0000	0.0000	0.0000	0.0000	0.0000	0.0000	0.0000	-0.0006	0.0000	0.9934	1.0098	0.0000	9.0196	0.0014	0.0014	0.0000	0.0014	0.0014	0.0000	0.0000	0.0000	0.0000	0.0000	0.0000	0.0000	0.0000	0.0000	0.0000	0.0000	0.0000	0.0000	0.0146	0.0124	0.0022	0.0005	0.0005	0.0000	0.0141	0.0119	0.0022	0.0206	0.0118	0.0088	0.0016	0.0013	0.0003	0.0190	0.0105	0.0085	inf	inf	0.0000	inf	inf	0.0000	0.0000	0.0000	0.0000	0.0000	0.0000	0.0000	0.0000	0.0000	0.0000	0.0000	0.0000	0.0000						
18	93	0.0309	4	1	2	0	2	0	0	0	0	N	Y	N	Y	N	N	N	N	N	N	N	N	0.0000	0.0000	0.0000	0.0000	0.0000	0.0000	0.0000	0.0000	0.0000	0.0000	0.0000	0.0000	0.0000	0.0000	0.0000	0.0000	0.0000	0.0000	0.0000	0.0000	0.9934	0.0000	0.0000	0.0000	0.0000	0.0000	0.0000	0.0000	0.0000	0.0000	0.0000	0.0000	0.0000	0.0000	0.0000	0.0000	0.0000	0.0000	0.0000	0.0000	0.0000	0.0000	0.0000	0.0000	0.0000	0.0000	0.0000	0.0000	0.0000	0.0000	0.0000	0.0000	0.0000	0.0000	0.0000	0.0000	0.0000	0.0000	0.0000	0.0000	0.0000	0.0000	0.0000	0.0000	0.0000	0.0000	0.0000	0.0000	0.0000	0.0000	0.0000	0.0000	0.0000	0.0000	0.0000	0.0000	0.0000	0.0000											
18	94	0.0309	3	1	2	0	2	0	0	0	0	N	Y	N	Y	N	N	N	N	N	N	N	N	0.0000	0.0000	0.0000	0.0000	0.0000	0.0000	0.0000	0.0000	0.0000	0.0000	0.0000	0.0000	0.0000	0.0000	0.0000	0.0000	0.0000	0.0000	0.0000	0.0000	0.9934	0.0000	0.0000	0.0001	0.0000	0.0000	0.0000	0.0000	0.0000	0.0000	0.0000	0.0000	0.0000	0.0000	0.0000	0.0000	0.0000	0.0000	0.0000	0.0000	0.0000	0.0000	0.0000	0.0000	0.0000	0.0000	0.0000	0.0000	0.0000	0.0000	0.0000	0.0000	0.0000	0.0000	0.0000	0.0000	0.0000	0.0000	0.0000	0.0000	0.0000	0.0000	0.0000	0.0000	0.0000	0.0000	0.0000	0.0000	0.0000	0.0000	0.0000	0.0000	0.0000	0.0000	0.0000	0.0000	0.0000	0.0000											
18	95	0.0129	2	0	2	0	2	0	0	0	0	N	Y	N	Y	N	N	N	N	N	N	N	N	inf	inf	inf	inf	63.5851	0.0000	401.1899	0.0000	0.0000	0.0000	67.8611	0.0000	403.0109	0.0000	0.0000	0.0000	0.0000	0.0000	0.0000	0.0000	0.0000	0.0000	inf	0.5255	0.0000	0.9934	0.9845	0.0000	0.9903	0.9764	0.0000	0.9764	0.0000	0.0000	0.0000	0.9764	0.0000	0.9764	0.0000	0.0000	0.0000	0.0000	0.0000	0.0000	0.0000	0.0000	0.0000	0.0154	0.0129	0.0024	0.0010	0.0010	0.0000	0.0144	0.0120	0.0024	0.0048	0.0028	0.0020	0.0004	0.0003	0.0000	0.0044	0.0025	0.0019	inf	0.0000	inf	0.0000	0.0000	0.0000	inf	0.0000	inf	0.0000	0.0000	0.0000	0.0000	0.0000	0.0000	0.0000	0.0000	0.0000						
18	96	0.0101	2	0	2	0	1	0	0	0	0	N	Y	N	N	N	N	N	N	N	N	N	N	inf	inf	inf	inf	0.0087	0.0102	0.0000	0.4874	0.4909	0.0000	0.0000	0.0000	0.0000	0.0000	0.0000	0.0000	0.0000	0.0000	0.0000	0.0000	0.0000	0.0000	0.0000	-0.0001	0.0000	0.9934	1.0063	0.0000	3.7812	0.0001	0.0001	0.0000	0.0001	0.0001	0.0000	0.0000	0.0000	0.0000	0.0000	0.0000	0.0000	0.0000	0.0000	0.0000	0.0000	0.0000	0.0000	0.0149	0.0126	0.0023	0.0003	0.0003	0.0000	0.0146	0.0123	0.0023	0.0166	0.0105	0.0062	0.0034	0.0031	0.0004	0.0132	0.0074	0.0058	inf	inf	0.0000	inf	inf	0.0000	0.0000	0.0000	0.0000	0.0000	0.0000	0.0000	0.0000	0.0000	0.0000	0.0000	0.0000	0.0000						
18	97	0.0129	2	0	1	1	2	0	0	0	0	N	N	N	Y	N	N	N	N	N	N	N	N	inf	inf	inf	inf	1.0759	1.2783	0.0000	17.4107	17.6155	0.0000	0.0000	0.0000	0.0000	0.0000	0.0000	0.0000	0.0000	0.0000	0.0000	0.0000	0.0000	0.0000	0.0000	-0.0079	0.0000	0.9934	1.0165	0.0000	1.0129	0.0170	0.0170	0.0000	0.0170	0.0170	0.0000	0.0000	0.0000	0.0000	0.0000	0.0000	0.0000	0.0000	0.0000	0.0000	0.0000	0.0000	0.0000	0.0158	0.0133	0.0025	0.0010	0.0010	0.0000	0.0148	0.0123	0.0025	0.0049	0.0029	0.0020	0.0004	0.0003	0.0000	0.0045	0.0025	0.0020	inf	inf	0.0000	inf	inf	0.0000	0.0000	0.0000	0.0000	0.0000	0.0000	0.0000	0.0000	0.0000	0.0000	0.0000	0.0000	0.0000						
18	100	0.0524	3	0	1	1	2	0	0	0	0	N	N	N	Y	N	N	N	N	N	N	N	N	0.0000	0.0000	0.0000	0.0000	0.0000	0.0000	0.0000	0.0000	0.0000	0.0000	0.0000	0.0000	0.0000	0.0000	0.0000	0.0000	0.0000	0.0000	0.0000	0.0000	0.9934	0.0000	0.0000	2.0000	0.0000	0.0000	0.0000	0.0000	0.0000	0.0000	0.0000	0.0000	0.0000	0.0000	0.0000	0.0000	0.0000	0.0000	0.0000	0.0000	0.0000	0.0000	0.0000	0.0000	0.0000	0.0000	0.0000	0.0000	0.0000	0.0000	0.0000	0.0045	0.0026	0.0019	0.0001	0.0001	0.0000	0.0044	0.0025	0.0019	0.0000	0.0000	0.0000	0.0000	0.0000	0.0000	0.0000	0.0000	0.0000	0.0000	0.0000	0.0000	0.0000	0.0000	0.0000	0.0000	0.0000	0.0000											
18	101	0.0133	2	0	1	1	2	0	0	0	0	N	N	N	Y	N	N	N	N	N	N	N	N	inf	inf	inf	inf	0.0111	0.0130	0.0000	0.2611	0.2698	0.0000	0.0000	0.0000	0.0000	0.0000	0.0000	0.0000	0.0000	0.0000	0.0000	0.0000	0.0000	0.0000	0.0000	-0.0004	0.0000	0.9934	5.8899	0.0000	3.1847	0.0010	0.0010	0.0000	0.0010	0.0010	0.0000	0.0000	0.0000	0.0000	0.0000	0.0000	0.0000	0.0000	0.0000	0.0000	0.0000	0.0000	0.0000	0.0870	0.0741	0.0129	0.0037	0.0036	0.0001	0.0833	0.0705	0.0128	0.0211	0.0123	0.0088	0.0008	0.0008	0.0000	0.0203	0.0116	0.0087	inf	inf	0.0000	inf	inf	0.0000	0.0000	0.0000	0.0000	0.0000	0.0000	0.0000	0.0000	0.0000	0.0000	0.0000	0.0000	0.0000						
18	102	0.1652	4	1	2	0	1	0	0	0	0	N	Y	N	N	N	N	N	N	N	N	N	N	0.0000	0.0000	0.0000	0.0000	0.0000	0.0000	0.0000	0.0000	0.0000	0.0000	0.0000	0.0000	0.0000	0.0000	0.0000	0.0000	0.0000	0.0000	0.0000	0.0000	0.9934	0.0000	0.0000	0.0000	0.0000	0.0000	0.0000	0.0000	0.0000	0.0000	0.0000	0.0000	0.0000	0.0000	0.0000	0.0000	0.0000	0.0000	0.0000	0.0000	0.0000	0.0000	0.0000	0.0000	0.0000	0.0000	0.0000	0.0000	0.0000	0.0000	0.0000	0.0000	0.0000	0.0000	0.0000	0.0000	0.0000	0.0000	0.0000	0.0000	0.0000	0.0000	0.0000	0.0000	0.0000	0.0000	0.0000	0.0000	0.0000	0.0000	0.0000	0.0000	0.0000	0.0000	0.0000	0.0000	0.0000	0.0000											
18	103	0.0659	3	1	2	0	1	0	0	0	0	N	Y	N	N	N	N	N	N	N	N	N	N	inf	inf	inf	inf	0.0127	0.0149	0.0000	0.3976	0.4151	0.0000	0.0000	0.0000	0.0000	0.0000	0.0000	0.0000	0.0000	0.0000	0.0000	0.0000	0.0000	0.0000	0.0000	-0.0006	0.0000	0.9934	8.0012	0.0000	14.0016	0.0014	0.0014	0.0000	0.0014	0.0014	0.0000	0.0000	0.0000	0.0000	0.0000	0.0000	0.0000	0.0000	0.0000	0.0000	0.0000	0.0000	0.0000	0.1072	0.0915	0.0157	0.0034	0.0033	0.0001	0.1038	0.0882	0.0156	0.0411	0.0237	0.0174	0.0032	0.0026	0.0006	0.0379	0.0211	0.0168	inf	inf	0.0000	inf	inf	0.0000	0.0000	0.0000	0.0000	0.0000	0.0000	0.0000	0.0000	0.0000	0.0000	0.0000	0.0000	0.0000						
18	104	0.1288	4	0	2	0	1	0	0	0	0	N	Y	N	N	N	N	N	N	N	N	N	N	0.0000	0.0000	0.0000	0.0000	0.0000	0.0000	0.0000	0.0000	0.0000	0.0000	0.0000	0.0000	0.0000	0.0000	0.0000	0.0000	0.0000	0.0000	0.0000	0.0000	0.9934	2.0010	0.0000	1.0153	0.0000	0.0000	0.0000	0.0000	0.0000	0.0000	0.0000	0.0000	0.0000	0.0000	0.0000	0.0000	0.0000	0.0000	0.0000	0.0000	0.0000	0.0000	0.0279	0.0238	0.0042	0.0015	0.0014	0.0001	0.0265	0.0224	0.0041	0.0068	0.0040	0.0028	0.0013	0.0010	0.0003	0.0055	0.0030	0.0025	0.0000	0.0000	0.0000	0.0000	0.0000	0.0000	0.0000	0.0000	0.0000	0.0000	0.0000	0.0000	0.0000	0.0000	0.0000	0.0000	0.0000	0.0000											
18	105	0.0659	3	0	2	0	1	0	0	0	0	N	Y	N	N	N	N	N	N	N	N	N	N	inf	inf	inf	inf	0.0321	0.0377	0.0000	0.9901	1.0317	0.0000	0.0000	0.0000	0.0000	0.0000	0.0000	0.0000	0.0000	0.0000	0.0000	0.0000	0.0000	0.0000	0.0000	-0.0006	0.0000	0.9934	3.0162	0.0000	11.0438	0.0014	0.0014	0.0000	0.0014	0.0014	0.0000	0.0000	0.0000	0.0000	0.0000	0.0000	0.0000	0.0000	0.0000	0.0000	0.0000	0.0000	0.0000	0.0425	0.0361	0.0063	0.0014	0.0013	0.0001	0.0411	0.0348	0.0063	0.0280	0.0160	0.0119	0.0022	0.0018	0.0004	0.0258	0.0143	0.0115	inf	inf	0.0000	inf	inf	0.0000	0.0000	0.0000	0.0000	0.0000	0.0000	0.0000	0.0000	0.0000	0.0000	0.0000	0.0000	0.0000						
18	106	0.0350	4	1	2	0	1	0	0	0	0	N	Y	N	N	N	N	N	N	N	N	N	N	0.0000	0.0000	0.0000	0.0000	0.0000	0.0000	0.0000	0.0000	0.0000	0.0000	0.0000	0.0000	0.0000	0.0000	0.0000	0.0000	0.0000	0.0000	0.0000	0.0000	0.9934	1.0000	0.0000	1.0000	0.0000	0.0000	0.0000	0.0000	0.0000	0.0000	0.0000	0.0000	0.0000	0.0000	0.0000	0.0000	0.0000	0.0000	0.0000	0.0000	0.0000	0.0000	0.0146	0.0124	0.0022	0.0002	0.0002	0.0000	0.0144	0.0122	0.0022	0.0048	0.0029	0.0019	0.0009	0.0007	0.0002	0.0039	0.0022	0.0017	0.0000	0.0000	0.0000	0.0000	0.0000	0.0000	0.0000	0.0000	0.0000	0.0000	0.0000	0.0000	0.0000	0.0000	0.0000	0.0000	0.0000	0.0000											
18	107	0.0309	3	1	2	0	1	0	0	0	0	N	Y	N	N	N	N	N	N	N	N	N	N	0.0000	0.0000	0.0000	0.0000	0.0000	0.0000	0.0000	0.0000	0.0000	0.0000	0.0000	0.0000	0.0000	0.0000	0.0000	0.0000	0.0000	0.0000	0.0000	0.0000	0.9934	0.0000	0.0000	0.9999	0.0000	0.0000	0.0000	0.0000	0.0000	0.0000	0.0000	0.0000	0.0000	0.0000	0.0000	0.0000	0.0000	0.0000	0.0000	0.0000	0.0000	0.0000	0.0000	0.0000	0.0000	0.0000	0.0000	0.0000	0.0000	0.0000	0.0000	0.0024	0.0014	0.0010	0.0003	0.0002	0.0001	0.0021	0.0012	0.0009	0.0000	0.0000	0.0000	0.0000	0.0000	0.0000	0.0000	0.0000	0.0000	0.0000	0.0000	0.0000	0.0000	0.0000	0.0000	0.0000	0.0000	0.0000											
18	108	0.0101	2	1	2	0	1	0	0	0	0	N	Y	N	N	N	N	N	N	N	N	N	N	inf	inf	inf	inf	0.4764	0.5910	0.0000	2.0365	2.0371	0.0000	0.0000	0.0000	0.0000	0.0000	0.0000	0.0000	0.0000	0.0000	0.0000	0.0000	0.0000	0.0000	0.0000	-0.0001	0.0000	0.9934	0.0100	0.0000	4.8896	0.0001	0.0001	0.0000	0.0001	0.0001	0.0000	0.0000	0.0000	0.0000	0.0000	0.0000	0.0000	0.0000	0.0000	0.0000	0.0000	0.0000	0.0000	0.0003	0.0002	0.0001	0.0001	0.0001	0.0000	0.0002	0.0002	0.0001	0.0169	0.0106	0.0063	0.0034	0.0031	0.0004	0.0134	0.0075	0.0059	inf	inf	0.0000	inf	inf	0.0000	0.0000	0.0000	0.0000	0.0000	0.0000	0.0000	0.0000	0.0000	0.0000	0.0000	0.0000	0.0000						
18	115	0.2585	6	0	1	0	1	0	0	0	0	N	N	N	N	N	N	N	N	N	N	N	N	inf	inf	inf	inf	inf	inf	6.0286	0.0000	43.9395	0.0902	0.0000	3.1610	7.1341	0.0000	45.3150	0.0000	0.0000	0.0000	0.0000	0.0000	0.0000	0.0000	0.0000	0.0000	inf	0.4624	0.0000	0.9934	8.9918	0.0000	13.3277	0.8590	0.0000	0.8590	0.0020	0.0000	0.0020	0.8570	0.0000	0.8570	0.0000	0.0000	0.0000	0.0000	0.0000	0.0000	0.0000	0.0000	0.0000	0.1425	0.1229	0.0196	0.0224	0.0217	0.0006	0.1201	0.1012	0.0189	0.0808	0.0587	0.0221	0.0392	0.0338	0.0054	0.0416	0.0249	0.0167	inf	0.0000	inf	inf	0.0000	inf	inf	0.0000	inf	0.0000	0.0000	0.0000	0.0000	0.0000	0.0000	0.0000	0.0000	0.0000				
19	20	0.1019	2	1	2	0	0	0	0	0	0	N	Y	N	N	N	N	N	N	N	N	N	N	0.0033	0.0023	0.0269	0.0218	0.0000	0.0000	0.0000	0.0002	0.0002	0.0000	0.0000	0.0000	0.0000	0.0014	0.0024	0.0000	0.0077	0.0101	0.0000	0.0000	0.0000	0.0000	0.0000	0.0000	-0.0000	-0.0000	1.0015	1.0004	7.0016	2.0077	0.0000	0.0000	0.0000	0.0000	0.0000	0.0000	0.0000	0.0000	0.0000	0.0001	0.0001	0.0000	0.0001	0.0001	0.0000	0.0000	0.0000	0.0000	0.0139	0.0118	0.0021	0.0003	0.0003	0.0000	0.0136	0.0115	0.0021	0.0511	0.0296	0.0215	0.0091	0.0070	0.0021	0.0419	0.0225	0.0194	0.0033	0.0023	0.0000	0.0269	0.0218	0.0000	0.0000	0.0000	0.0000	0.0014	0.0024	0.0000	0.0077	0.0101	0.0000	0.0000	0.0000	0.0000					
19	21	0.1262	4	1	1	0	1	0	0	0	0	N	N	N	N	N	N	N	N	N	N	N	N	0.0000	0.0000	0.0000	0.0000	0.0000	0.0000	0.0000	0.0000	0.0000	0.0000	0.0000	0.0000	0.0000	0.0000	0.0000	0.0000	0.0000	0.0000	0.0000	0.0000	1.0015	2.0000	7.0016	1.0003	0.0000	0.0000	0.0000	0.0000	0.0000	0.0000	0.0000	0.0000	0.0000	0.0000	0.0000	0.0000	0.0000	0.0000	0.0000	0.0000	0.0000	0.0000	0.0273	0.0232	0.0041	0.0008	0.0007	0.0000	0.0266	0.0225	0.0041	0.0474	0.0268	0.0206	0.0031	0.0023	0.0008	0.0443	0.0245	0.0197	0.0000	0.0000	0.0000	0.0000	0.0000	0.0000	0.0000	0.0000	0.0000	0.0000	0.0000	0.0000	0.0000	0.0000	0.0000	0.0000	0.0000	0.0000											
19	22	0.1133	4	2	1	1	0	0	0	0	0	Y	N	N	N	N	N	N	N	N	N	N	N	0.0015	0.0020	0.0023	0.0020	0.0192	0.0000	0.1330	0.0000	0.0000	0.0000	0.0323	0.0000	0.1331	12.6918	0.0000	67.7779	0.0000	0.0000	0.0000	13.9253	0.0000	66.4474	inf	inf	0.0000	0.4592	1.0015	0.0000	7.0016	4.9921	0.0000	0.0000	0.0000	0.0000	0.0000	0.0000	0.0000	0.0000	0.0000	0.9981	0.0000	0.9981	0.0000	0.0000	0.0000	0.9981	0.0000	0.9981	0.0000	0.0000	0.0000	0.0000	0.0000	0.0000	0.0000	0.0000	0.0000	0.0793	0.0459	0.0334	0.0077	0.0064	0.0013	0.0717	0.0395	0.0322	0.0015	0.0000	0.0045	0.0000	0.0000	0.0000	0.0023	0.0000	0.0043	12.5796	0.0000	29.8402	0.0000	0.0000	0.0000	13.9253	0.0000	31.0141					
19	23	0.0971	4	1	2	0	0	0	0	0	0	N	Y	N	N	N	N	N	N	N	N	N	N	0.0182	0.0224	0.0000	0.0389	0.0324	0.0000	0.0000	0.0000	0.0000	0.0000	0.0007	0.0007	0.0000	0.0000	0.0000	0.0000	0.0022	0.0021	0.0023	0.0182	0.0229	0.0000	0.0010	0.0000	0.0024	0.0000	0.7500	-0.0000	-0.0000	1.0015	1.9996	7.0016	0.0142	0.0000	0.0000	0.0000	0.0000	0.0000	0.0000	0.0000	0.0000	0.0000	0.0001	0.0000	0.0000	0.0000	0.0000	0.0000	0.0000	0.0000	0.0000	0.0279	0.0238	0.0041	0.0016	0.0015	0.0001	0.0263	0.0223	0.0040	0.0325	0.0194	0.0130	0.0022	0.0017	0.0005	0.0303	0.0177	0.0126	0.0182	0.0224	0.0000	0.0389	0.0324	0.0000	0.0000	0.0000	0.0000	0.0022	0.0021	0.0023	0.0182	0.0229	0.0000	0.0010	0.0000	0.0024		
19	25	0.0808	2	2	2	0	0	0	0	0	0	Y	Y	N	N	N	N	N	N	N	N	N	N	inf	inf	inf	inf	0.0015	0.0000	0.0105	0.0000	0.0000	0.0000	0.0016	0.0000	0.0107	0.0000	0.0000	0.0000	0.0000	0.0000	0.0000	0.0000	0.0000	0.0000	inf	0.0001	0.0000	1.0015	6.0000	7.0016	4.0000	0.0001	0.0000	0.0001	0.0000	0.0000	0.0000	0.0001	0.0000	0.0001	0.0000	0.0000	0.0000	0.0000	0.0000	0.0000	0.0000	0.0000	0.0000	0.0784	0.0669	0.0114	0.0044	0.0042	0.0002	0.0739	0.0627	0.0112	0.1450	0.0844	0.0606	0.0043	0.0034	0.0009	0.1407	0.0810	0.0597	inf	0.0000	inf	0.0000	0.0000	0.0000	inf	0.0000	inf	0.0000	0.0000	0.0000	0.0000	0.0000	0.0000	0.0000	0.0000	0.0000						
19	26	0.1012	5	1	2	0	0	0	0	0	0	N	Y	N	N	N	N	N	N	N	N	N	N	0.0000	0.0000	0.0000	0.0000	0.0000	0.0000	0.0000	0.0000	0.0000	0.0000	0.0000	0.0000	0.0000	0.0000	0.0000	35.5986	0.0000	157.2849	0.0045	0.0000	0.0221	33.2329	0.0000	143.7550	inf	0.0000	0.4597	1.0015	0.0000	7.0016	2.0002	0.0000	0.0000	0.0000	0.0000	0.0000	0.0000	0.0000	0.0000	0.0000	0.9991	0.0000	0.9991	0.0000	0.0000	0.0000	0.9991	0.0000	0.9991	0.0000	0.0000	0.0000	0.0000	0.0000	0.0000	0.0000	0.0000	0.0000	0.0323	0.0194	0.0129	0.0022	0.0018	0.0005	0.0301	0.0176	0.0125	0.0000	0.0000	0.0000	0.0000	0.0000	0.0000	0.0000	0.0000	0.0000	30.9555	0.0000	77.3020	0.0045	0.0000	0.0221	33.2329	0.0000	80.1122				
19	27	0.0954	3	2	2	0	0	0	0	0	0	Y	Y	N	N	N	N	N	N	N	N	N	N	0.0000	0.0000	0.0000	0.0000	0.0000	0.0000	0.0000	0.0000	0.0000	0.0000	0.0000	0.0000	0.0000	0.0000	0.0000	0.0000	0.0000	0.0000	0.0000	0.0000	1.0015	1.0000	7.0016	3.9850	0.0000	0.0000	0.0000	0.0000	0.0000	0.0000	0.0000	0.0000	0.0000	0.0000	0.0000	0.0000	0.0000	0.0000	0.0000	0.0000	0.0000	0.0000	0.0138	0.0117	0.0021	0.0002	0.0002	0.0000	0.0136	0.0115	0.0021	0.0807	0.0458	0.0348	0.0057	0.0044	0.0013	0.0750	0.0414	0.0336	0.0000	0.0000	0.0000	0.0000	0.0000	0.0000	0.0000	0.0000	0.0000	0.0000	0.0000	0.0000	0.0000	0.0000	0.0000	0.0000	0.0000	0.0000											
19	28	0.0808	2	1	2	0	0	0	0	0	0	N	Y	N	N	N	N	N	N	N	N	N	N	0.0000	0.0000	0.0000	0.0000	0.0000	0.0000	0.0000	0.0000	0.0000	0.0000	0.0000	0.0000	0.0000	7.6081	0.0000	37.1859	0.0000	0.0000	0.0000	7.8387	0.0000	36.8805	inf	0.0000	0.4601	1.0015	5.0000	7.0016	4.0000	0.0000	0.0000	0.0000	0.0000	0.0000	0.0000	0.0000	0.0000	0.0000	1.0000	0.0000	1.0000	0.0000	0.0000	0.0000	1.0000	0.0000	1.0000	0.0659	0.0562	0.0097	0.0037	0.0035	0.0002	0.0622	0.0527	0.0095	0.1314	0.0765	0.0550	0.0039	0.0031	0.0008	0.1276	0.0734	0.0541	0.0000	0.0000	0.0000	0.0000	0.0000	0.0000	0.0000	0.0000	0.0000	7.6081	0.0000	18.1974	0.0000	0.0000	0.0000	7.8387	0.0000	18.4694						
19	29	0.0808	2	1	2	0	0	0	0	0	0	N	Y	N	N	N	N	N	N	N	N	N	N	0.0000	0.0000	0.0000	0.0000	0.0000	0.0000	0.0000	0.0000	0.0000	0.0000	0.0000	0.0000	0.0000	0.0000	0.0000	0.0000	0.0000	0.0000	0.0000	0.0000	1.0015	3.0000	7.0016	6.0000	0.0000	0.0000	0.0000	0.0000	0.0000	0.0000	0.0000	0.0000	0.0000	0.0000	0.0000	0.0000	0.0000	0.0000	0.0000	0.0000	0.0000	0.0000	0.0403	0.0343	0.0059	0.0023	0.0022	0.0001	0.0380	0.0322	0.0058	0.1314	0.0765	0.0550	0.0039	0.0031	0.0008	0.1276	0.0734	0.0541	0.0000	0.0000	0.0000	0.0000	0.0000	0.0000	0.0000	0.0000	0.0000	0.0000	0.0000	0.0000	0.0000	0.0000	0.0000	0.0000	0.0000	0.0000											
19	30	0.1297	5	1	2	1	1	0	0	0	0	N	Y	N	N	N	N	N	N	N	N	N	N	0.0000	0.0000	0.0000	0.0000	0.0000	0.0000	0.0000	0.0000	0.0000	0.0000	0.0000	0.0000	0.0000	0.0000	0.0000	0.0000	0.0000	0.0000	0.0000	0.0000	1.0015	0.0000	7.0016	3.0000	0.0000	0.0000	0.0000	0.0000	0.0000	0.0000	0.0000	0.0000	0.0000	0.0000	0.0000	0.0000	0.0000	0.0000	0.0000	0.0000	0.0000	0.0000	0.0000	0.0000	0.0000	0.0000	0.0000	0.0000	0.0000	0.0000	0.0000	0.0474	0.0275	0.0199	0.0108	0.0077	0.0030	0.0366	0.0198	0.0169	0.0000	0.0000	0.0000	0.0000	0.0000	0.0000	0.0000	0.0000	0.0000	0.0000	0.0000	0.0000	0.0000	0.0000	0.0000	0.0000	0.0000	0.0000											
19	31	0.1128	4	1	1	0	1	0	0	0	0	N	N	N	N	N	N	N	N	N	N	N	N	0.0000	0.0000	0.0000	0.0000	0.0000	0.0000	0.0000	0.0000	0.0000	0.0000	0.0000	0.0000	0.0000	0.0004	0.0007	0.0000	0.0018	0.0022	0.0000	0.0000	0.0000	0.0000	0.0000	0.0000	-0.0000	1.0015	0.9783	7.0016	3.0423	0.0000	0.0000	0.0000	0.0000	0.0000	0.0000	0.0000	0.0000	0.0000	0.0000	0.0000	0.0000	0.0000	0.0000	0.0000	0.0000	0.0000	0.0000	0.0143	0.0121	0.0022	0.0006	0.0005	0.0000	0.0137	0.0115	0.0022	0.0757	0.0460	0.0296	0.0170	0.0136	0.0035	0.0586	0.0324	0.0262	0.0000	0.0000	0.0000	0.0000	0.0000	0.0000	0.0000	0.0000	0.0000	0.0004	0.0007	0.0000	0.0018	0.0022	0.0000	0.0000	0.0000	0.0000						
19	33	0.1398	6	2	2	0	0	0	0	0	0	Y	Y	N	N	N	N	N	N	N	N	N	N	0.0000	0.0000	0.0000	0.0000	0.0000	0.0000	0.0000	0.0000	0.0000	0.0000	0.0000	0.0000	0.0000	0.0000	0.0000	0.0000	0.0000	0.0000	0.0000	0.0000	1.0015	0.0000	7.0016	0.0000	0.0000	0.0000	0.0000	0.0000	0.0000	0.0000	0.0000	0.0000	0.0000	0.0000	0.0000	0.0000	0.0000	0.0000	0.0000	0.0000	0.0000	0.0000	0.0000	0.0000	0.0000	0.0000	0.0000	0.0000	0.0000	0.0000	0.0000	0.0000	0.0000	0.0000	0.0000	0.0000	0.0000	0.0000	0.0000	0.0000	0.0000	0.0000	0.0000	0.0000	0.0000	0.0000	0.0000	0.0000	0.0000	0.0000	0.0000	0.0000	0.0000	0.0000	0.0000	0.0000	0.0000	0.0000											
19	34	0.0954	3	1	2	0	1	0	0	0	0	N	Y	N	N	N	N	N	N	N	N	N	N	0.0000	0.0000	0.0000	0.0000	0.0000	0.0000	0.0000	0.0000	0.0000	0.0000	0.0000	0.0000	0.0000	0.0001	0.0000	0.0001	0.0000	0.0000	0.0000	0.0001	0.0000	0.0001	inf	0.0000	0.0000	1.0015	5.0000	7.0016	6.9850	0.0000	0.0000	0.0000	0.0000	0.0000	0.0000	0.0000	0.0000	0.0000	0.0000	0.0000	0.0000	0.0000	0.0000	0.0000	0.0000	0.0000	0.0000	0.0664	0.0564	0.0100	0.0008	0.0008	0.0001	0.0655	0.0556	0.0099	0.1809	0.1025	0.0784	0.0117	0.0088	0.0029	0.1692	0.0936	0.0756	0.0000	0.0000	0.0000	0.0000	0.0000	0.0000	0.0000	0.0000	0.0000	0.0001	0.0000	0.0001	0.0000	0.0000	0.0000	0.0001	0.0000	0.0001						
19	36	0.1622	4	1	1	1	0	0	0	0	0	N	N	N	N	N	N	N	N	N	N	N	N	0.0000	0.0000	0.0000	0.0000	0.0000	0.0000	0.0000	0.0000	0.0000	0.0000	0.0000	0.0000	0.0000	0.0000	0.0000	0.0000	0.0000	0.0000	0.0000	0.0000	1.0015	0.0001	7.0016	0.9943	0.0000	0.0000	0.0000	0.0000	0.0000	0.0000	0.0000	0.0000	0.0000	0.0000	0.0000	0.0000	0.0000	0.0000	0.0000	0.0000	0.0000	0.0000	0.0000	0.0000	0.0000	0.0000	0.0000	0.0000	0.0000	0.0000	0.0000	0.0195	0.0123	0.0072	0.0042	0.0036	0.0006	0.0153	0.0088	0.0065	0.0000	0.0000	0.0000	0.0000	0.0000	0.0000	0.0000	0.0000	0.0000	0.0000	0.0000	0.0000	0.0000	0.0000	0.0000	0.0000	0.0000	0.0000											
19	37	0.1384	4	1	2	0	0	0	0	0	0	N	Y	N	N	N	N	N	N	N	N	N	N	0.0000	0.0000	0.0000	0.0000	0.0000	0.0000	0.0000	0.0000	0.0000	0.0000	0.0000	0.0000	0.0000	0.0000	0.0000	0.0000	0.0000	0.0000	0.0000	0.0000	1.0015	2.0000	7.0016	2.0000	0.0000	0.0000	0.0000	0.0000	0.0000	0.0000	0.0000	0.0000	0.0000	0.0000	0.0000	0.0000	0.0000	0.0000	0.0000	0.0000	0.0000	0.0000	0.0274	0.0233	0.0041	0.0009	0.0008	0.0001	0.0266	0.0225	0.0041	0.0645	0.0375	0.0270	0.0107	0.0082	0.0026	0.0538	0.0293	0.0244	0.0000	0.0000	0.0000	0.0000	0.0000	0.0000	0.0000	0.0000	0.0000	0.0000	0.0000	0.0000	0.0000	0.0000	0.0000	0.0000	0.0000	0.0000											
19	38	0.0976	3	2	1	1	0	0	0	0	0	Y	N	N	N	N	N	N	N	N	N	N	N	527.2671	0.0000	inf	0.0000	0.0000	inf	inf	0.0506	0.0000	0.3423	0.0000	0.0000	0.0000	0.0539	0.0000	0.3499	0.0001	0.0002	0.0000	0.0021	0.0025	0.0000	0.0000	0.0000	0.0000	inf	0.0000	0.0007	-0.0000	1.0015	2.0000	7.0016	5.0000	0.0014	0.0000	0.0014	0.0000	0.0000	0.0000	0.0014	0.0000	0.0014	0.0000	0.0000	0.0000	0.0000	0.0000	0.0000	0.0000	0.0000	0.0000	0.0271	0.0231	0.0040	0.0017	0.0016	0.0001	0.0254	0.0215	0.0039	0.1042	0.0612	0.0430	0.0048	0.0040	0.0008	0.0995	0.0572	0.0422	527.2671	0.0000	inf	0.0000	0.0000	0.0000	inf	0.0000	inf	0.0001	0.0002	0.0000	0.0021	0.0025	0.0000	0.0000	0.0000	0.0000		
19	39	0.1128	4	1	2	0	0	0	0	0	0	N	Y	N	N	N	N	N	N	N	N	N	N	0.0000	0.0000	0.0000	0.0000	0.0000	0.0000	0.0000	0.0000	0.0000	0.0000	0.0000	0.0000	0.0000	0.0003	0.0005	0.0000	0.0014	0.0017	0.0000	0.0000	0.0000	0.0000	0.0000	0.0000	-0.0000	1.0015	0.0217	7.0016	6.0735	0.0000	0.0000	0.0000	0.0000	0.0000	0.0000	0.0000	0.0000	0.0000	0.0000	0.0000	0.0000	0.0000	0.0000	0.0000	0.0000	0.0000	0.0000	0.0011	0.0009	0.0002	0.0004	0.0004	0.0000	0.0007	0.0005	0.0002	0.1071	0.0640	0.0431	0.0222	0.0172	0.0050	0.0849	0.0468	0.0382	0.0000	0.0000	0.0000	0.0000	0.0000	0.0000	0.0000	0.0000	0.0000	0.0003	0.0005	0.0000	0.0014	0.0017	0.0000	0.0000	0.0000	0.0000						
19	40	0.0954	3	1	1	0	0	0	0	0	0	N	N	N	N	N	N	N	N	N	N	N	N	0.0000	0.0000	0.0000	0.0000	0.0000	0.0000	0.0000	0.0000	0.0000	0.0000	0.0000	0.0000	0.0000	0.0005	0.0000	0.0010	0.0000	0.0000	0.0000	0.0005	0.0000	0.0011	inf	0.0000	0.0000	1.0015	0.0217	7.0016	4.0395	0.0000	0.0000	0.0000	0.0000	0.0000	0.0000	0.0000	0.0000	0.0000	0.0000	0.0000	0.0000	0.0000	0.0000	0.0000	0.0000	0.0000	0.0000	0.0003	0.0003	0.0000	0.0000	0.0000	0.0000	0.0003	0.0003	0.0000	0.0666	0.0379	0.0287	0.0049	0.0038	0.0010	0.0617	0.0341	0.0277	0.0000	0.0000	0.0000	0.0000	0.0000	0.0000	0.0000	0.0000	0.0000	0.0005	0.0000	0.0010	0.0000	0.0000	0.0000	0.0005	0.0000	0.0011						
19	41	0.0954	3	1	2	0	1	0	0	0	0	N	Y	N	N	N	N	N	N	N	N	N	N	0.0000	0.0000	0.0000	0.0000	0.0000	0.0000	0.0000	0.0000	0.0000	0.0000	0.0000	0.0000	0.0000	0.0000	0.0000	0.0000	0.0000	0.0000	0.0000	0.0000	1.0015	0.0000	7.0016	7.0150	0.0000	0.0000	0.0000	0.0000	0.0000	0.0000	0.0000	0.0000	0.0000	0.0000	0.0000	0.0000	0.0000	0.0000	0.0000	0.0000	0.0000	0.0000	0.0000	0.0000	0.0000	0.0000	0.0000	0.0000	0.0000	0.0000	0.0000	0.1109	0.0629	0.0480	0.0075	0.0058	0.0017	0.1034	0.0571	0.0463	0.0000	0.0000	0.0000	0.0000	0.0000	0.0000	0.0000	0.0000	0.0000	0.0000	0.0000	0.0000	0.0000	0.0000	0.0000	0.0000	0.0000	0.0000											
19	42	0.0976	3	2	1	1	0	0	0	0	0	Y	N	N	N	N	N	N	N	N	N	N	N	0.0000	0.0000	0.0000	0.0000	0.0000	0.0000	0.0000	0.0000	0.0000	0.0000	0.0000	0.0000	0.0000	0.0000	0.0000	0.0000	0.0000	0.0000	0.0000	0.0000	1.0015	0.0000	7.0016	0.0000	0.0000	0.0000	0.0000	0.0000	0.0000	0.0000	0.0000	0.0000	0.0000	0.0000	0.0000	0.0000	0.0000	0.0000	0.0000	0.0000	0.0000	0.0000	0.0000	0.0000	0.0000	0.0000	0.0000	0.0000	0.0000	0.0000	0.0000	0.0000	0.0000	0.0000	0.0000	0.0000	0.0000	0.0000	0.0000	0.0000	0.0000	0.0000	0.0000	0.0000	0.0000	0.0000	0.0000	0.0000	0.0000	0.0000	0.0000	0.0000	0.0000	0.0000	0.0000	0.0000	0.0000	0.0000											
19	43	0.0808	2	2	1	1	0	0	0	0	0	Y	N	N	N	N	N	N	N	N	N	N	N	0.0000	0.0000	0.0000	0.0000	0.0000	0.0000	0.0000	0.0000	0.0000	0.0000	0.0000	0.0000	0.0000	18.3929	29.0155	0.0000	0.0000	0.0000	0.0000	16.9860	29.5216	0.0000	0.0000	0.0000	-0.5399	1.0015	1.0000	7.0016	3.0000	0.0000	0.0000	0.0000	0.0000	0.0000	0.0000	0.0000	0.0000	0.0000	1.0000	1.0000	0.0000	0.0000	0.0000	0.0000	1.0000	1.0000	0.0000	0.0137	0.0117	0.0020	0.0008	0.0007	0.0000	0.0129	0.0109	0.0020	0.0606	0.0353	0.0254	0.0018	0.0014	0.0004	0.0589	0.0339	0.0250	0.0000	0.0000	0.0000	0.0000	0.0000	0.0000	0.0000	0.0000	0.0000	16.4955	28.3618	0.0000	0.0000	0.0000	0.0000	16.9860	29.5216	0.0000						
19	44	0.0808	2	2	1	1	0	0	0	0	0	Y	N	N	N	N	N	N	N	N	N	N	N	inf	inf	inf	inf	0.1001	0.0000	0.6738	0.0000	0.0000	0.0000	0.1062	0.0000	0.6878	0.0000	0.0000	0.0000	0.0000	0.0000	0.0000	0.0000	0.0000	0.0000	inf	0.0007	0.0000	1.0015	1.0000	7.0016	3.0000	0.0014	0.0000	0.0014	0.0000	0.0000	0.0000	0.0014	0.0000	0.0014	0.0000	0.0000	0.0000	0.0000	0.0000	0.0000	0.0000	0.0000	0.0000	0.0137	0.0117	0.0020	0.0008	0.0007	0.0000	0.0129	0.0109	0.0020	0.0606	0.0353	0.0254	0.0018	0.0014	0.0004	0.0589	0.0339	0.0250	inf	0.0000	inf	0.0000	0.0000	0.0000	inf	0.0000	inf	0.0000	0.0000	0.0000	0.0000	0.0000	0.0000	0.0000	0.0000	0.0000						
19	45	0.1384	4	1	1	1	0	0	0	0	0	N	N	N	N	N	N	N	N	N	N	N	N	0.0000	0.0000	0.0000	0.0000	0.0000	0.0000	0.0000	0.0000	0.0000	0.0000	0.0000	0.0000	0.0000	0.0000	0.0000	0.0000	0.0000	0.0000	0.0000	0.0000	1.0015	0.0000	7.0016	0.0000	0.0000	0.0000	0.0000	0.0000	0.0000	0.0000	0.0000	0.0000	0.0000	0.0000	0.0000	0.0000	0.0000	0.0000	0.0000	0.0000	0.0000	0.0000	0.0000	0.0000	0.0000	0.0000	0.0000	0.0000	0.0000	0.0000	0.0000	0.0000	0.0000	0.0000	0.0000	0.0000	0.0000	0.0000	0.0000	0.0000	0.0000	0.0000	0.0000	0.0000	0.0000	0.0000	0.0000	0.0000	0.0000	0.0000	0.0000	0.0000	0.0000	0.0000	0.0000	0.0000	0.0000	0.0000											
19	46	0.0954	3	1	1	0	0	0	0	0	0	N	N	N	N	N	N	N	N	N	N	N	N	0.0000	0.0000	0.0000	0.0000	0.0000	0.0000	0.0000	0.0000	0.0000	0.0000	0.0000	0.0000	0.0000	0.0000	0.0000	0.0000	0.0000	0.0000	0.0000	0.0000	1.0015	4.0000	7.0016	5.9850	0.0000	0.0000	0.0000	0.0000	0.0000	0.0000	0.0000	0.0000	0.0000	0.0000	0.0000	0.0000	0.0000	0.0000	0.0000	0.0000	0.0000	0.0000	0.0536	0.0455	0.0081	0.0007	0.0006	0.0000	0.0529	0.0449	0.0080	0.1534	0.0869	0.0665	0.0100	0.0076	0.0024	0.1433	0.0793	0.0641	0.0000	0.0000	0.0000	0.0000	0.0000	0.0000	0.0000	0.0000	0.0000	0.0000	0.0000	0.0000	0.0000	0.0000	0.0000	0.0000	0.0000	0.0000											
19	47	0.1664	5	1	2	0	0	0	0	0	0	N	Y	N	N	N	N	N	N	N	N	N	N	0.0000	0.0000	0.0000	0.0000	0.0000	0.0000	0.0000	0.0000	0.0000	0.0000	0.0000	0.0000	0.0000	0.0000	0.0000	0.0000	0.0000	0.0000	0.0000	0.0000	1.0015	0.0000	7.0016	0.0000	0.0000	0.0000	0.0000	0.0000	0.0000	0.0000	0.0000	0.0000	0.0000	0.0000	0.0000	0.0000	0.0000	0.0000	0.0000	0.0000	0.0000	0.0000	0.0000	0.0000	0.0000	0.0000	0.0000	0.0000	0.0000	0.0000	0.0000	0.0000	0.0000	0.0000	0.0000	0.0000	0.0000	0.0000	0.0000	0.0000	0.0000	0.0000	0.0000	0.0000	0.0000	0.0000	0.0000	0.0000	0.0000	0.0000	0.0000	0.0000	0.0000	0.0000	0.0000	0.0000	0.0000	0.0000											
19	48	0.1133	4	2	2	1	0	0	0	0	0	Y	Y	N	N	N	N	N	N	N	N	N	N	0.3406	0.0000	inf	0.0000	0.0000	inf	inf	0.0192	0.0000	0.1330	0.0000	0.0000	0.0000	0.0323	0.0000	0.1331	0.0563	0.0963	0.0000	4.8236	6.1233	0.0000	0.0000	0.0000	0.0000	inf	0.0000	0.0000	-0.0010	1.0015	0.0000	7.0016	2.0152	0.0000	0.0000	0.0000	0.0000	0.0000	0.0000	0.0000	0.0000	0.0000	0.0019	0.0019	0.0000	0.0019	0.0019	0.0000	0.0000	0.0000	0.0000	0.0000	0.0000	0.0000	0.0000	0.0000	0.0000	0.0000	0.0000	0.0000	0.0337	0.0197	0.0140	0.0037	0.0031	0.0006	0.0301	0.0166	0.0134	0.3406	0.0000	inf	0.0000	0.0000	0.0000	inf	0.0000	inf	0.0563	0.0963	0.0000	0.5199	0.6135	0.0000	0.0000	0.0000	0.0000		
19	49	0.1091	3	2	1	1	0	0	0	0	0	Y	N	N	N	N	N	N	N	N	N	N	N	0.1816	inf	0.3818	inf	inf	inf	0.2452	0.3557	0.0197	0.0008	0.1370	0.0049	0.0016	0.8849	0.0298	0.0000	0.1289	0.1086	0.0000	0.3589	0.0000	0.0000	0.0000	0.1215	0.0000	0.3625	29.0078	inf	0.0000	0.0009	1.0015	0.0003	7.0016	1.0311	0.0000	0.0000	0.0000	0.0000	0.0000	0.0000	0.0000	0.0000	0.0000	0.0019	0.0000	0.0019	0.0000	0.0000	0.0000	0.0019	0.0000	0.0019	0.0000	0.0000	0.0000	0.0000	0.0000	0.0000	0.0000	0.0000	0.0000	0.0175	0.0104	0.0071	0.0019	0.0016	0.0002	0.0156	0.0087	0.0069	0.1816	inf	0.5156	inf	inf	inf	0.2452	0.0000	0.4685	0.1086	0.0000	0.2658	0.0000	0.0000	0.0000	0.1215	0.0000	0.2752	
19	50	0.1091	3	2	2	1	0	0	0	0	0	Y	Y	N	N	N	N	N	N	N	N	N	N	inf	inf	inf	inf	inf	inf	0.0192	0.0000	0.1380	0.0033	0.0000	0.8889	0.0301	0.0000	0.1299	0.0000	0.0000	0.0000	0.0000	0.0000	0.0000	0.0000	0.0000	0.0000	inf	0.0000	0.0000	1.0015	0.0003	7.0016	1.0126	0.0000	0.0000	0.0000	0.0000	0.0000	0.0000	0.0000	0.0000	0.0000	0.0000	0.0000	0.0000	0.0000	0.0000	0.0000	0.0000	0.0000	0.0000	0.0000	0.0000	0.0000	0.0000	0.0000	0.0000	0.0000	0.0000	0.0000	0.0172	0.0102	0.0070	0.0018	0.0016	0.0002	0.0154	0.0086	0.0068	inf	0.0000	inf	inf	0.0000	inf	inf	0.0000	inf	0.0000	0.0000	0.0000	0.0000	0.0000	0.0000	0.0000	0.0000	0.0000				
19	51	0.1383	2	2	2	0	0	0	0	0	0	Y	Y	N	N	N	N	N	N	N	N	N	N	0.0000	0.0000	0.0000	0.0000	0.0000	0.0000	0.0000	0.0000	0.0000	0.0000	0.0000	0.0000	0.0000	0.0000	0.0000	0.0000	0.0000	0.0000	0.0000	0.0000	1.0015	0.0000	7.0016	1.0000	0.0000	0.0000	0.0000	0.0000	0.0000	0.0000	0.0000	0.0000	0.0000	0.0000	0.0000	0.0000	0.0000	0.0000	0.0000	0.0000	0.0000	0.0000	0.0000	0.0000	0.0000	0.0000	0.0000	0.0000	0.0000	0.0000	0.0000	0.0159	0.0094	0.0066	0.0025	0.0020	0.0005	0.0134	0.0073	0.0061	0.0000	0.0000	0.0000	0.0000	0.0000	0.0000	0.0000	0.0000	0.0000	0.0000	0.0000	0.0000	0.0000	0.0000	0.0000	0.0000	0.0000	0.0000											
19	52	0.1344	5	1	2	0	1	0	0	0	0	N	Y	N	N	N	N	N	N	N	N	N	N	0.0000	0.0000	0.0000	0.0000	0.0000	0.0000	0.0000	0.0000	0.0000	0.0000	0.0000	0.0000	0.0000	0.0011	0.0017	0.0000	0.0052	0.0057	0.0000	0.0000	0.0000	0.0000	0.0000	0.0000	-0.0000	1.0015	0.9995	7.0016	1.0399	0.0000	0.0000	0.0000	0.0000	0.0000	0.0000	0.0000	0.0000	0.0000	0.0001	0.0001	0.0000	0.0001	0.0001	0.0000	0.0000	0.0000	0.0000	0.0138	0.0117	0.0021	0.0004	0.0004	0.0000	0.0134	0.0114	0.0021	0.0451	0.0302	0.0149	0.0096	0.0088	0.0008	0.0355	0.0214	0.0141	0.0000	0.0000	0.0000	0.0000	0.0000	0.0000	0.0000	0.0000	0.0000	0.0011	0.0017	0.0000	0.0052	0.0057	0.0000	0.0000	0.0000	0.0000						
19	53	0.1344	5	1	1	0	1	0	0	0	0	N	N	N	N	N	N	N	N	N	N	N	N	0.0000	0.0000	0.0000	0.0000	0.0000	0.0000	0.0000	0.0000	0.0000	0.0000	0.0000	0.0000	0.0000	0.0000	0.0000	0.0000	0.0000	0.0000	0.0000	0.0000	1.0015	3.0005	7.0016	1.0125	0.0000	0.0000	0.0000	0.0000	0.0000	0.0000	0.0000	0.0000	0.0000	0.0000	0.0000	0.0000	0.0000	0.0000	0.0000	0.0000	0.0000	0.0000	0.0406	0.0345	0.0061	0.0011	0.0011	0.0001	0.0395	0.0335	0.0060	0.0756	0.0476	0.0279	0.0126	0.0112	0.0015	0.0629	0.0365	0.0264	0.0000	0.0000	0.0000	0.0000	0.0000	0.0000	0.0000	0.0000	0.0000	0.0000	0.0000	0.0000	0.0000	0.0000	0.0000	0.0000	0.0000	0.0000											
19	54	0.1262	4	1	1	0	1	0	0	0	0	N	N	N	N	N	N	N	N	N	N	N	N	0.0000	0.0000	0.0000	0.0000	0.0000	0.0000	0.0000	0.0000	0.0000	0.0000	0.0000	0.0000	0.0000	0.0000	0.0000	0.0016	0.0022	0.0007	0.0000	0.0000	0.0000	0.0017	0.0025	0.0008	0.2500	0.0000	-0.0000	1.0015	0.0013	7.0016	1.9704	0.0000	0.0000	0.0000	0.0000	0.0000	0.0000	0.0000	0.0000	0.0000	0.0001	0.0000	0.0000	0.0000	0.0000	0.0000	0.0001	0.0000	0.0000	0.0000	0.0000	0.0000	0.0000	0.0000	0.0000	0.0000	0.0000	0.0000	0.0314	0.0178	0.0136	0.0021	0.0015	0.0005	0.0294	0.0163	0.0131	0.0000	0.0000	0.0000	0.0000	0.0000	0.0000	0.0000	0.0000	0.0000	0.0016	0.0022	0.0007	0.0000	0.0000	0.0000	0.0017	0.0025	0.0008				
19	55	0.0954	3	1	1	0	1	0	0	0	0	N	N	N	N	N	N	N	N	N	N	N	N	0.0000	0.0000	0.0000	0.0000	0.0000	0.0000	0.0000	0.0000	0.0000	0.0000	0.0000	0.0000	0.0000	0.0000	0.0000	0.0000	0.0000	0.0000	0.0000	0.0000	1.0015	3.0000	7.0016	4.0155	0.0000	0.0000	0.0000	0.0000	0.0000	0.0000	0.0000	0.0000	0.0000	0.0000	0.0000	0.0000	0.0000	0.0000	0.0000	0.0000	0.0000	0.0000	0.0406	0.0344	0.0061	0.0005	0.0005	0.0000	0.0401	0.0340	0.0061	0.1109	0.0629	0.0480	0.0075	0.0058	0.0017	0.1034	0.0571	0.0463	0.0000	0.0000	0.0000	0.0000	0.0000	0.0000	0.0000	0.0000	0.0000	0.0000	0.0000	0.0000	0.0000	0.0000	0.0000	0.0000	0.0000	0.0000											
19	56	0.0997	4	1	2	1	0	0	0	0	0	N	Y	N	N	N	N	N	N	N	N	N	N	0.0000	0.5739	0.0000	2.1227	2.0747	0.0000	0.0000	0.0001	0.0001	0.0000	0.0018	0.0019	0.0000	0.0000	0.0000	0.0000	6.8492	0.0002	38.9670	0.0008	0.0009	0.0000	8.2106	0.0000	38.9688	0.0000	49818.0000	-0.0000	0.4584	1.0015	2.0013	7.0016	5.6727	0.0000	0.0000	0.0000	0.0000	0.0000	0.0000	0.0000	0.0000	0.0000	0.9964	0.0000	0.9964	0.0000	0.0000	0.0000	0.9964	0.0000	0.9964	0.0273	0.0232	0.0040	0.0016	0.0015	0.0001	0.0257	0.0217	0.0040	0.1455	0.0940	0.0514	0.0241	0.0224	0.0017	0.1214	0.0717	0.0497	0.0000	0.5739	0.0000	2.1227	2.0747	0.0000	0.0000	0.0000	0.0000	6.8492	0.0002	19.3715	0.0008	0.0009	0.0000	8.2106	0.0000	20.0524		
19	57	0.0960	3	1	2	0	0	0	0	0	0	N	Y	N	N	N	N	N	N	N	N	N	N	0.6091	0.1977	0.9483	0.4200	0.4167	0.5344	0.9485	0.0466	0.0020	0.3588	0.0097	0.0098	0.0000	0.0545	0.0000	0.3653	0.0764	0.0100	0.3784	0.0231	0.0236	0.0000	0.1020	0.0000	0.3851	25.9269	9.1761	0.0000	0.0015	1.0015	0.0033	7.0016	1.3874	0.0000	0.0000	0.0000	0.0000	0.0000	0.0000	0.0000	0.0000	0.0000	0.0041	0.0004	0.0037	0.0004	0.0004	0.0000	0.0037	0.0000	0.0037	0.0001	0.0001	0.0000	0.0000	0.0000	0.0000	0.0001	0.0000	0.0000	0.0531	0.0399	0.0132	0.0172	0.0169	0.0003	0.0359	0.0230	0.0128	0.6091	0.1977	1.2931	0.4200	0.4167	0.0000	0.5344	0.0000	1.2820	0.0764	0.0100	0.2775	0.0231	0.0236	0.0000	0.1020	0.0000	0.2850		
19	58	0.0808	2	2	1	1	0	0	0	0	0	Y	N	N	N	N	N	N	N	N	N	N	N	0.0000	0.0000	0.0000	0.0000	0.0000	0.0000	0.0000	0.0000	0.0000	0.0000	0.0000	0.0000	0.0000	0.0000	0.0000	0.0000	0.0000	0.0000	0.0000	0.0000	1.0015	0.0000	7.0016	2.0000	0.0000	0.0000	0.0000	0.0000	0.0000	0.0000	0.0000	0.0000	0.0000	0.0000	0.0000	0.0000	0.0000	0.0000	0.0000	0.0000	0.0000	0.0000	0.0000	0.0000	0.0000	0.0000	0.0000	0.0000	0.0000	0.0000	0.0000	0.0308	0.0179	0.0129	0.0009	0.0007	0.0002	0.0299	0.0172	0.0127	0.0000	0.0000	0.0000	0.0000	0.0000	0.0000	0.0000	0.0000	0.0000	0.0000	0.0000	0.0000	0.0000	0.0000	0.0000	0.0000	0.0000	0.0000											
19	59	0.0960	3	1	2	0	0	0	0	0	0	N	Y	N	N	N	N	N	N	N	N	N	N	0.0013	0.0010	0.0041	0.0040	0.0000	0.0000	0.0000	0.0001	0.0001	0.0000	0.0000	0.0000	0.0000	0.0031	0.0047	0.0000	0.0173	0.0184	0.0000	0.0000	0.0000	0.0000	0.0000	0.0000	-0.0000	-0.0002	1.0015	1.9997	7.0016	3.4660	0.0000	0.0000	0.0000	0.0000	0.0000	0.0000	0.0000	0.0000	0.0000	0.0003	0.0003	0.0000	0.0003	0.0003	0.0000	0.0000	0.0000	0.0000	0.0271	0.0231	0.0040	0.0016	0.0015	0.0001	0.0256	0.0216	0.0039	0.1117	0.0738	0.0379	0.0202	0.0190	0.0012	0.0915	0.0548	0.0367	0.0013	0.0010	0.0000	0.0041	0.0040	0.0000	0.0000	0.0000	0.0000	0.0031	0.0047	0.0000	0.0173	0.0184	0.0000	0.0000	0.0000	0.0000					
19	60	0.0808	2	1	2	0	0	0	0	0	0	N	Y	N	N	N	N	N	N	N	N	N	N	2.1738	6.1018	2.2388	6.1389	0.0159	0.0000	0.1064	0.0000	0.0000	0.0000	0.0168	0.0000	0.1086	0.0073	0.0000	0.0174	0.0000	0.0000	0.0000	0.0075	0.0000	0.0177	inf	inf	0.0000	0.0002	1.0015	0.0005	7.0016	3.6054	0.0000	0.0000	0.0000	0.0000	0.0000	0.0000	0.0000	0.0000	0.0000	0.0004	0.0000	0.0004	0.0000	0.0000	0.0000	0.0004	0.0000	0.0004	0.0000	0.0000	0.0000	0.0000	0.0000	0.0000	0.0000	0.0000	0.0000	0.0548	0.0319	0.0229	0.0016	0.0013	0.0003	0.0532	0.0306	0.0226	2.1738	0.0000	6.1018	0.0000	0.0000	0.0000	2.2388	0.0000	6.1389	0.0073	0.0000	0.0174	0.0000	0.0000	0.0000	0.0075	0.0000	0.0177					
19	61	0.1664	5	1	1	1	0	0	0	0	0	N	N	N	N	N	N	N	N	N	N	N	N	0.0000	0.0000	0.0000	0.0000	0.0000	0.0000	0.0000	0.0000	0.0000	0.0000	0.0000	0.0000	0.0000	0.0000	0.0000	0.0000	0.0000	0.0000	0.0000	0.0000	1.0015	0.0000	7.0016	1.0000	0.0000	0.0000	0.0000	0.0000	0.0000	0.0000	0.0000	0.0000	0.0000	0.0000	0.0000	0.0000	0.0000	0.0000	0.0000	0.0000	0.0000	0.0000	0.0000	0.0000	0.0000	0.0000	0.0000	0.0000	0.0000	0.0000	0.0000	0.0152	0.0087	0.0065	0.0021	0.0015	0.0007	0.0131	0.0073	0.0058	0.0000	0.0000	0.0000	0.0000	0.0000	0.0000	0.0000	0.0000	0.0000	0.0000	0.0000	0.0000	0.0000	0.0000	0.0000	0.0000	0.0000	0.0000											
19	62	0.1622	4	1	1	0	0	0	0	0	0	N	N	N	N	N	N	N	N	N	N	N	N	0.0000	0.0000	0.0000	0.0000	0.0000	0.0000	0.0000	0.0000	0.0000	0.0000	0.0000	0.0000	0.0000	0.0000	0.0000	0.0000	0.0000	0.0000	0.0000	0.0000	1.0015	0.0001	7.0016	1.0076	0.0000	0.0000	0.0000	0.0000	0.0000	0.0000	0.0000	0.0000	0.0000	0.0000	0.0000	0.0000	0.0000	0.0000	0.0000	0.0000	0.0000	0.0000	0.0000	0.0000	0.0000	0.0000	0.0000	0.0000	0.0000	0.0000	0.0000	0.0197	0.0124	0.0072	0.0042	0.0036	0.0006	0.0154	0.0088	0.0066	0.0000	0.0000	0.0000	0.0000	0.0000	0.0000	0.0000	0.0000	0.0000	0.0000	0.0000	0.0000	0.0000	0.0000	0.0000	0.0000	0.0000	0.0000											
19	63	0.0954	3	1	1	0	0	0	0	0	0	N	N	N	N	N	N	N	N	N	N	N	N	0.0000	0.0000	0.0000	0.0000	0.0000	0.0000	0.0000	0.0000	0.0000	0.0000	0.0000	0.0000	0.0000	0.0000	0.0000	0.0000	0.0000	0.0000	0.0000	0.0000	1.0015	11.9999	7.0016	3.0574	0.0000	0.0000	0.0000	0.0000	0.0000	0.0000	0.0000	0.0000	0.0000	0.0000	0.0000	0.0000	0.0000	0.0000	0.0000	0.0000	0.0000	0.0000	0.1494	0.1275	0.0219	0.0019	0.0018	0.0001	0.1475	0.1257	0.0218	0.2215	0.1255	0.0960	0.0142	0.0106	0.0035	0.2073	0.1148	0.0924	0.0000	0.0000	0.0000	0.0000	0.0000	0.0000	0.0000	0.0000	0.0000	0.0000	0.0000	0.0000	0.0000	0.0000	0.0000	0.0000	0.0000	0.0000											
19	64	0.0808	2	2	2	0	0	0	0	0	0	Y	Y	N	N	N	N	N	N	N	N	N	N	inf	inf	inf	inf	0.0023	0.0000	0.0153	0.0000	0.0000	0.0000	0.0024	0.0000	0.0157	0.0000	0.0000	0.0000	0.0000	0.0000	0.0000	0.0000	0.0000	0.0000	inf	0.0001	0.0000	1.0015	4.0000	7.0016	3.0000	0.0001	0.0000	0.0001	0.0000	0.0000	0.0000	0.0001	0.0000	0.0001	0.0000	0.0000	0.0000	0.0000	0.0000	0.0000	0.0000	0.0000	0.0000	0.0532	0.0454	0.0078	0.0030	0.0029	0.0002	0.0502	0.0425	0.0077	0.1037	0.0604	0.0434	0.0030	0.0024	0.0006	0.1007	0.0580	0.0428	inf	0.0000	inf	0.0000	0.0000	0.0000	inf	0.0000	inf	0.0000	0.0000	0.0000	0.0000	0.0000	0.0000	0.0000	0.0000	0.0000						
19	67	0.1938	3	1	1	0	0	0	0	0	0	N	N	N	N	N	N	N	N	N	N	N	N	0.0009	0.0000	0.0075	0.0000	0.0000	0.0041	0.0036	0.0071	0.0005	0.0000	0.0039	0.0000	0.0000	0.0013	0.0006	0.0000	0.0039	0.5869	0.7508	0.5145	7.2831	7.7775	0.3262	0.1640	0.0000	0.5530	inf	0.4683	0.0000	-0.0386	1.0015	4.8614	7.0016	14.2102	0.0000	0.0000	0.0000	0.0000	0.0000	0.0000	0.0000	0.0000	0.0000	0.1749	0.1191	0.0558	0.1265	0.1191	0.0074	0.0484	0.0000	0.0484	0.0736	0.0634	0.0102	0.0066	0.0064	0.0002	0.0671	0.0570	0.0101	0.4648	0.3195	0.1453	0.1699	0.1472	0.0227	0.2949	0.1724	0.1225	0.0014	0.0000	0.0101	0.0000	0.0000	0.0041	0.0036	0.0000	0.0099	0.3762	0.3727	0.3839	0.7444	0.8091	0.3262	0.1640	0.0000	0.3946	
19	68	0.1147	5	2	2	1	0	0	0	0	0	Y	Y	N	N	N	N	N	N	N	N	N	N	0.0000	0.0000	0.0000	0.0000	0.0000	0.0000	0.0000	0.0000	0.0000	0.0000	0.0000	0.0000	0.0000	0.0000	0.0000	0.0000	0.0000	0.0000	0.0000	0.0000	1.0015	0.0000	7.0016	0.0000	0.0000	0.0000	0.0000	0.0000	0.0000	0.0000	0.0000	0.0000	0.0000	0.0000	0.0000	0.0000	0.0000	0.0000	0.0000	0.0000	0.0000	0.0000	0.0000	0.0000	0.0000	0.0000	0.0000	0.0000	0.0000	0.0000	0.0000	0.0000	0.0000	0.0000	0.0000	0.0000	0.0000	0.0000	0.0000	0.0000	0.0000	0.0000	0.0000	0.0000	0.0000	0.0000	0.0000	0.0000	0.0000	0.0000	0.0000	0.0000	0.0000	0.0000	0.0000	0.0000	0.0000	0.0000											
19	69	0.1106	4	2	1	1	0	0	0	0	0	Y	N	N	N	N	N	N	N	N	N	N	N	0.0147	inf	0.0000	inf	inf	0.0000	0.0000	0.0144	0.0167	0.0000	0.0373	0.0373	0.0000	0.0000	0.0000	0.0000	0.9809	0.0000	1.8729	0.0000	0.0000	0.0000	0.6563	0.0000	2.0189	0.0000	inf	-0.0000	0.0044	1.0015	0.0016	7.0016	0.9826	0.0000	0.0000	0.0000	0.0000	0.0000	0.0000	0.0000	0.0000	0.0000	0.0095	0.0000	0.0095	0.0000	0.0000	0.0000	0.0095	0.0000	0.0095	0.0001	0.0001	0.0000	0.0000	0.0000	0.0000	0.0001	0.0000	0.0000	0.0167	0.0101	0.0067	0.0023	0.0020	0.0003	0.0144	0.0080	0.0064	0.0254	inf	0.0000	inf	inf	0.0000	0.0000	0.0000	0.0000	0.5665	0.0000	1.4213	0.0000	0.0000	0.0000	0.6563	0.0000	1.4842		
19	70	0.0978	3	2	1	1	0	0	0	0	0	Y	N	N	N	N	N	N	N	N	N	N	N	0.0003	0.0092	0.0005	0.0047	0.0042	0.0000	0.0004	0.0005	0.0060	0.0001	0.0513	0.0002	0.0002	0.0000	0.0088	0.0000	0.0519	19.0032	0.0079	111.0030	0.0421	0.0474	0.0000	21.4288	0.0000	98.7543	92.0847	3981.3744	0.0000	0.4444	1.0015	0.0061	7.0016	3.0249	0.0000	0.0000	0.0000	0.0000	0.0000	0.0000	0.0000	0.0000	0.0000	0.9664	0.0002	0.9662	0.0002	0.0002	0.0000	0.9662	0.0000	0.9662	0.0002	0.0002	0.0000	0.0001	0.0001	0.0000	0.0001	0.0001	0.0000	0.0509	0.0306	0.0202	0.0058	0.0051	0.0006	0.0451	0.0255	0.0196	0.0003	0.0092	0.0011	0.0047	0.0042	0.0000	0.0004	0.0000	0.0011	19.0032	0.0079	47.7153	0.0421	0.0474	0.0000	21.4288	0.0000	49.2842	
19	71	0.0808	2	2	1	1	0	0	0	0	0	Y	N	N	N	N	N	N	N	N	N	N	N	0.0004	0.0000	0.0011	0.0000	0.0000	0.0006	0.0010	0.0002	0.0000	0.0015	0.0000	0.0000	0.0000	0.0002	0.0000	0.0015	0.6323	0.0000	1.3527	0.0000	0.0001	0.0000	0.4143	0.0000	1.5339	inf	300122.1001	0.0000	0.0113	1.0015	0.0044	7.0016	4.0281	0.0000	0.0000	0.0000	0.0000	0.0000	0.0000	0.0000	0.0000	0.0000	0.0246	0.0000	0.0246	0.0000	0.0000	0.0000	0.0246	0.0000	0.0246	0.0001	0.0001	0.0000	0.0000	0.0000	0.0000	0.0001	0.0000	0.0000	0.0611	0.0355	0.0256	0.0018	0.0014	0.0004	0.0593	0.0341	0.0252	0.0006	0.0000	0.0016	0.0000	0.0000	0.0000	0.0006	0.0000	0.0016	0.4023	0.0000	0.9615	0.0000	0.0001	0.0000	0.4143	0.0000	0.9756		
19	73	0.0808	2	2	1	1	0	0	0	0	0	Y	N	N	N	N	N	N	N	N	N	N	N	inf	inf	inf	inf	0.0505	0.0000	0.3413	0.0000	0.0000	0.0000	0.0536	0.0000	0.3484	0.0000	0.0000	0.0000	0.0000	0.0000	0.0000	0.0000	0.0000	0.0000	inf	0.0007	0.0000	1.0015	2.0000	7.0016	5.0000	0.0014	0.0000	0.0014	0.0000	0.0000	0.0000	0.0014	0.0000	0.0014	0.0000	0.0000	0.0000	0.0000	0.0000	0.0000	0.0000	0.0000	0.0000	0.0271	0.0231	0.0040	0.0015	0.0015	0.0001	0.0256	0.0216	0.0039	0.1037	0.0604	0.0434	0.0030	0.0024	0.0006	0.1007	0.0580	0.0428	inf	0.0000	inf	0.0000	0.0000	0.0000	inf	0.0000	inf	0.0000	0.0000	0.0000	0.0000	0.0000	0.0000	0.0000	0.0000	0.0000						
19	74	0.0807	3	1	2	0	0	0	0	0	0	N	Y	N	N	N	N	N	N	N	N	N	N	0.0241	0.0000	0.0608	0.0021	0.0000	inf	0.0230	0.0593	0.0008	0.0000	0.0053	0.0000	0.0000	0.0022	0.0008	0.0000	0.0053	0.0326	0.0015	0.0866	0.0098	0.0114	0.0000	0.0349	0.0000	0.0888	inf	35.8997	0.0000	0.0043	1.0015	6.1274	7.0016	13.6208	0.0001	0.0000	0.0001	0.0000	0.0000	0.0000	0.0001	0.0000	0.0001	0.0100	0.0003	0.0097	0.0003	0.0003	0.0000	0.0097	0.0000	0.0097	0.0852	0.0725	0.0127	0.0020	0.0019	0.0000	0.0833	0.0706	0.0127	0.3063	0.1832	0.1230	0.0277	0.0237	0.0040	0.2786	0.1595	0.1191	0.0241	0.0000	0.0667	0.0021	0.0000	inf	0.0230	0.0000	0.0646	0.0326	0.0015	0.0789	0.0098	0.0114	0.0000	0.0349	0.0000	0.0815	
19	75	0.1053	6	1	1	1	0	0	0	0	0	N	N	N	N	N	N	N	N	N	N	N	N	0.0000	0.0000	0.0000	0.0000	0.0000	0.0000	0.0000	0.0000	0.0000	0.0000	0.0000	0.0000	0.0000	0.0000	0.0000	0.0000	0.0000	0.0000	0.0000	0.0000	1.0015	0.0000	7.0016	1.0003	0.0000	0.0000	0.0000	0.0000	0.0000	0.0000	0.0000	0.0000	0.0000	0.0000	0.0000	0.0000	0.0000	0.0000	0.0000	0.0000	0.0000	0.0000	0.0000	0.0000	0.0000	0.0000	0.0000	0.0000	0.0000	0.0000	0.0000	0.0165	0.0099	0.0066	0.0013	0.0011	0.0003	0.0152	0.0089	0.0063	0.0000	0.0000	0.0000	0.0000	0.0000	0.0000	0.0000	0.0000	0.0000	0.0000	0.0000	0.0000	0.0000	0.0000	0.0000	0.0000	0.0000	0.0000											
19	76	0.1012	5	1	1	1	0	0	0	0	0	N	N	N	N	N	N	N	N	N	N	N	N	0.0000	0.0000	0.0000	0.0000	0.0000	0.0000	0.0000	0.0000	0.0000	0.0000	0.0000	0.0000	0.0000	0.0528	0.0879	0.0000	7.4670	10.5152	0.0000	0.0000	0.0000	0.0000	0.0000	0.0000	-0.0005	1.0015	0.0000	7.0016	1.0076	0.0000	0.0000	0.0000	0.0000	0.0000	0.0000	0.0000	0.0000	0.0000	0.0009	0.0009	0.0000	0.0009	0.0009	0.0000	0.0000	0.0000	0.0000	0.0000	0.0000	0.0000	0.0000	0.0000	0.0000	0.0000	0.0000	0.0000	0.0165	0.0099	0.0066	0.0012	0.0009	0.0002	0.0153	0.0090	0.0063	0.0000	0.0000	0.0000	0.0000	0.0000	0.0000	0.0000	0.0000	0.0000	0.0528	0.0879	0.0000	0.7469	0.9307	0.0000	0.0000	0.0000	0.0000						
19	77	0.0971	4	1	1	0	0	0	0	0	0	N	N	N	N	N	N	N	N	N	N	N	N	0.1602	2.0418	0.0000	0.7276	0.5838	0.0000	0.0000	0.0000	0.0093	0.0105	0.0000	0.0257	0.0258	0.0000	0.0000	0.0000	0.0000	0.0579	0.0051	0.1769	0.0354	0.0442	0.0000	0.0596	0.0011	0.1857	0.0000	17.8117	-0.0000	0.0004	1.0015	0.0026	7.0016	0.9924	0.0000	0.0000	0.0000	0.0000	0.0000	0.0000	0.0000	0.0000	0.0000	0.0009	0.0000	0.0009	0.0000	0.0000	0.0000	0.0009	0.0000	0.0009	0.0001	0.0001	0.0000	0.0000	0.0000	0.0000	0.0001	0.0001	0.0000	0.0162	0.0097	0.0065	0.0011	0.0009	0.0002	0.0151	0.0088	0.0063	0.1602	2.0418	0.0000	0.7276	0.5838	0.0000	0.0000	0.0000	0.0000	0.0579	0.0051	0.1370	0.0354	0.0442	0.0000	0.0596	0.0011	0.1420	
19	78	0.0807	3	1	1	0	0	0	0	0	0	N	N	N	N	N	N	N	N	N	N	N	N	0.2821	7.0930	0.0000	35.0929	32.9340	0.0000	0.0000	0.0000	0.0302	0.0356	0.0000	0.6922	0.6957	0.0000	0.0000	0.0000	0.0000	0.1071	0.0050	0.3835	0.0197	0.0211	0.0000	0.1241	0.0000	0.4034	0.0000	32.4796	-0.0006	0.0043	1.0015	2.8733	7.0016	1.5522	0.0013	0.0013	0.0000	0.0013	0.0013	0.0000	0.0000	0.0000	0.0000	0.0100	0.0003	0.0097	0.0003	0.0003	0.0000	0.0097	0.0000	0.0097	0.0431	0.0366	0.0065	0.0019	0.0019	0.0000	0.0412	0.0348	0.0065	0.0938	0.0599	0.0339	0.0152	0.0142	0.0010	0.0786	0.0457	0.0329	0.2821	7.0930	0.0000	35.0929	32.9340	0.0000	0.0000	0.0000	0.0000	0.1071	0.0050	0.2875	0.0197	0.0211	0.0000	0.1241	0.0000	0.2963	
19	79	0.0686	2	1	1	0	0	0	0	0	0	N	N	N	N	N	N	N	N	N	N	N	N	0.0144	0.0809	0.0116	0.0154	0.0151	0.0000	0.0070	0.0000	0.0111	0.0185	0.0154	0.0368	0.0654	0.0654	0.0000	0.0066	0.0000	0.0369	1.2829	0.1902	3.1702	4.2433	4.3244	0.0001	0.9366	0.0019	3.3211	0.3991	6.7046	-0.0000	0.0280	1.0015	0.2102	7.0016	3.4985	0.0001	0.0001	0.0000	0.0001	0.0001	0.0000	0.0000	0.0000	0.0000	0.0848	0.0110	0.0738	0.0109	0.0109	0.0000	0.0738	0.0001	0.0738	0.0050	0.0043	0.0007	0.0010	0.0010	0.0000	0.0040	0.0033	0.0007	0.1014	0.0686	0.0327	0.0225	0.0222	0.0004	0.0788	0.0465	0.0324	0.0221	0.0960	0.0163	0.1348	0.1328	0.0000	0.0070	0.0000	0.0162	0.8362	0.1603	2.2550	0.4847	0.4924	0.0001	0.9366	0.0019	2.2798
19	80	0.0997	4	1	2	0	0	0	0	0	0	N	Y	N	N	N	N	N	N	N	N	N	N	51.1754	35.0268	138.6468	119.9565	0.0354	0.0416	0.0000	1.0435	1.0976	0.0000	0.0000	0.0000	0.0000	0.0007	0.0012	0.0000	0.0075	0.0091	0.0000	0.0000	0.0000	0.0000	0.0000	0.0000	-0.0005	-0.0000	1.0015	2.0196	7.0016	6.0690	0.0010	0.0010	0.0000	0.0010	0.0010	0.0000	0.0000	0.0000	0.0000	0.0001	0.0001	0.0000	0.0001	0.0001	0.0000	0.0000	0.0000	0.0000	0.0280	0.0238	0.0042	0.0009	0.0009	0.0000	0.0270	0.0229	0.0041	0.1301	0.0757	0.0544	0.0120	0.0098	0.0021	0.1181	0.0659	0.0523	51.1754	35.0268	0.0000	138.6468	119.9565	0.0000	0.0000	0.0000	0.0000	0.0007	0.0012	0.0000	0.0075	0.0091	0.0000	0.0000	0.0000	0.0000					
19	81	0.0914	3	1	1	0	0	0	0	0	0	N	N	N	N	N	N	N	N	N	N	N	N	21.5066	0.0000	95.5468	0.0000	0.0000	24.9479	0.0000	92.7627	0.0728	0.0000	0.4784	0.0000	0.0000	0.0000	0.0743	0.0000	0.4817	0.0034	0.0022	0.0050	0.0088	0.0113	0.0000	0.0030	0.0012	0.0052	inf	1.7500	0.0005	0.0000	1.0015	0.9876	7.0016	0.9833	0.0010	0.0000	0.0010	0.0000	0.0000	0.0000	0.0010	0.0000	0.0010	0.0001	0.0000	0.0001	0.0000	0.0000	0.0000	0.0001	0.0000	0.0001	0.0136	0.0115	0.0021	0.0003	0.0003	0.0000	0.0133	0.0113	0.0021	0.0325	0.0185	0.0140	0.0023	0.0018	0.0005	0.0302	0.0167	0.0135	21.5066	0.0000	95.5468	0.0000	0.0000	0.0000	24.9479	0.0000	92.7627	0.0034	0.0022	0.0050	0.0088	0.0113	0.0000	0.0030	0.0012	0.0052	
19	82	0.1091	3	2	1	1	0	0	0	0	0	Y	N	N	N	N	N	N	N	N	N	N	N	inf	inf	inf	inf	inf	inf	0.0992	0.1170	0.0000	6.3144	6.7538	0.0000	0.0000	0.0000	0.0000	0.0000	0.0000	0.0000	0.0000	0.0000	0.0000	0.0000	0.0000	0.0000	0.0000	-0.0006	0.0000	1.0015	1.0000	7.0016	2.9874	0.0014	0.0014	0.0000	0.0014	0.0014	0.0000	0.0000	0.0000	0.0000	0.0000	0.0000	0.0000	0.0000	0.0000	0.0000	0.0000	0.0000	0.0000	0.0138	0.0117	0.0021	0.0002	0.0002	0.0000	0.0136	0.0115	0.0021	0.0635	0.0367	0.0268	0.0058	0.0049	0.0009	0.0577	0.0318	0.0259	inf	inf	0.0000	inf	inf	0.0000	inf	inf	0.0000	0.0000	0.0000	0.0000	0.0000	0.0000	0.0000	0.0000	0.0000	0.0000				
19	83	0.0808	2	2	1	1	0	0	0	0	0	Y	N	N	N	N	N	N	N	N	N	N	N	0.0104	inf	0.0152	0.0107	inf	0.0156	0.1001	0.0000	0.6738	0.0000	0.0000	0.0000	0.1062	0.0000	0.6878	9.6223	0.0000	44.4559	0.0000	0.0000	0.0000	9.9117	0.0000	44.0442	49985.5000	inf	0.0007	0.4601	1.0015	0.9997	7.0016	6.0128	0.0014	0.0000	0.0014	0.0000	0.0000	0.0000	0.0014	0.0000	0.0014	1.0000	0.0000	1.0000	0.0000	0.0000	0.0000	1.0000	0.0000	1.0000	0.0137	0.0116	0.0020	0.0008	0.0007	0.0000	0.0129	0.0109	0.0020	0.1039	0.0605	0.0435	0.0030	0.0024	0.0006	0.1009	0.0581	0.0428	0.0104	inf	0.0293	0.0000	0.0000	0.0000	0.0107	inf	0.0295	9.6223	0.0000	23.0085	0.0000	0.0000	0.0000	9.9117	0.0000	23.3494			
19	85	0.0954	3	1	2	0	0	0	0	0	0	N	Y	N	N	N	N	N	N	N	N	N	N	0.0000	0.0000	0.0000	0.0000	0.0000	0.0000	0.0000	0.0000	0.0000	0.0000	0.0000	0.0000	0.0000	0.0000	0.0000	0.0000	0.0000	0.0000	0.0000	0.0000	1.0015	1.0000	7.0016	6.9850	0.0000	0.0000	0.0000	0.0000	0.0000	0.0000	0.0000	0.0000	0.0000	0.0000	0.0000	0.0000	0.0000	0.0000	0.0000	0.0000	0.0000	0.0000	0.0138	0.0117	0.0021	0.0002	0.0002	0.0000	0.0136	0.0115	0.0021	0.1250	0.0708	0.0542	0.0083	0.0064	0.0020	0.1167	0.0645	0.0522	0.0000	0.0000	0.0000	0.0000	0.0000	0.0000	0.0000	0.0000	0.0000	0.0000	0.0000	0.0000	0.0000	0.0000	0.0000	0.0000	0.0000	0.0000											
19	86	0.0827	2	1	1	0	0	0	0	0	0	N	N	N	N	N	N	N	N	N	N	N	N	0.0077	0.0051	0.0304	0.0242	0.0000	0.0000	0.0000	0.0003	0.0003	0.0000	0.0000	0.0000	0.0000	0.0006	0.0011	0.0000	0.0095	0.0123	0.0000	0.0000	0.0000	0.0000	0.0000	0.0000	-0.0000	-0.0000	1.0015	1.0086	7.0016	2.0000	0.0000	0.0000	0.0000	0.0000	0.0000	0.0000	0.0000	0.0000	0.0000	0.0000	0.0000	0.0000	0.0000	0.0000	0.0000	0.0000	0.0000	0.0000	0.0141	0.0119	0.0021	0.0002	0.0002	0.0000	0.0138	0.0117	0.0021	0.0493	0.0277	0.0216	0.0032	0.0025	0.0008	0.0460	0.0252	0.0209	0.0077	0.0051	0.0000	0.0304	0.0242	0.0000	0.0000	0.0000	0.0000	0.0006	0.0011	0.0000	0.0095	0.0123	0.0000	0.0000	0.0000	0.0000					
19	87	0.0808	2	1	2	0	0	0	0	0	0	N	Y	N	N	N	N	N	N	N	N	N	N	inf	inf	inf	inf	0.0280	0.0000	0.1904	0.0000	0.0000	0.0000	0.0297	0.0000	0.1944	0.0000	0.0000	0.0000	0.0000	0.0000	0.0000	0.0000	0.0000	0.0000	inf	0.0008	0.0000	1.0015	4.0000	7.0016	7.0000	0.0015	0.0000	0.0015	0.0000	0.0000	0.0000	0.0015	0.0000	0.0015	0.0000	0.0000	0.0000	0.0000	0.0000	0.0000	0.0000	0.0000	0.0000	0.0532	0.0454	0.0078	0.0030	0.0029	0.0002	0.0502	0.0425	0.0077	0.1583	0.0921	0.0662	0.0047	0.0037	0.0010	0.1536	0.0884	0.0652	inf	0.0000	inf	0.0000	0.0000	0.0000	inf	0.0000	inf	0.0000	0.0000	0.0000	0.0000	0.0000	0.0000	0.0000	0.0000	0.0000						
19	89	0.1000	4	1	2	0	0	0	0	0	0	N	Y	N	N	N	N	N	N	N	N	N	N	0.0000	0.0000	0.0000	0.0000	0.0000	0.0000	0.0000	0.0000	0.0000	0.0000	0.0000	0.0000	0.0000	0.0000	0.0000	0.0000	0.0000	6.9643	0.0032	33.8266	0.0239	0.0233	0.0258	7.7549	0.0000	34.8645	3838.7308	0.0000	0.4590	1.0015	0.0157	7.0016	9.0253	0.0000	0.0000	0.0000	0.0000	0.0000	0.0000	0.0000	0.0000	0.0000	0.9983	0.0003	0.9981	0.0003	0.0003	0.0001	0.9980	0.0000	0.9980	0.0008	0.0007	0.0001	0.0003	0.0003	0.0000	0.0005	0.0004	0.0001	0.1433	0.0822	0.0612	0.0147	0.0112	0.0035	0.1287	0.0710	0.0577	0.0000	0.0000	0.0000	0.0000	0.0000	0.0000	0.0000	0.0000	0.0000	6.9643	0.0032	16.3197	0.0239	0.0233	0.0258	7.7549	0.0000	17.3062		
19	90	0.0914	3	1	2	0	0	0	0	0	0	N	Y	N	N	N	N	N	N	N	N	N	N	0.0000	0.0000	0.0000	0.0000	0.0000	0.0000	0.0000	0.0000	0.0000	0.0000	0.0000	0.0000	0.0000	0.0000	0.0000	0.0000	0.0000	0.0695	0.0074	0.1928	0.0086	0.0111	0.0000	0.0740	0.0070	0.1969	15.5044	0.0000	0.0009	1.0015	0.0169	7.0016	2.0013	0.0000	0.0000	0.0000	0.0000	0.0000	0.0000	0.0000	0.0000	0.0000	0.0023	0.0001	0.0022	0.0000	0.0000	0.0000	0.0023	0.0001	0.0022	0.0003	0.0002	0.0000	0.0000	0.0000	0.0000	0.0002	0.0002	0.0000	0.0332	0.0189	0.0143	0.0023	0.0018	0.0005	0.0309	0.0171	0.0138	0.0000	0.0000	0.0000	0.0000	0.0000	0.0000	0.0000	0.0000	0.0000	0.0695	0.0074	0.1517	0.0086	0.0111	0.0000	0.0740	0.0070	0.1573		
19	91	0.0827	2	1	1	0	0	0	0	0	0	N	N	N	N	N	N	N	N	N	N	N	N	0.0016	0.0018	0.0000	0.0138	0.0113	0.0000	0.0000	0.0000	0.0000	0.0000	0.0002	0.0002	0.0000	0.0000	0.0000	0.0000	0.0015	0.0016	0.0013	0.0129	0.0165	0.0000	0.0006	0.0000	0.0014	0.0000	0.6524	-0.0000	-0.0000	1.0015	1.9923	7.0016	0.0454	0.0000	0.0000	0.0000	0.0000	0.0000	0.0000	0.0000	0.0000	0.0000	0.0001	0.0000	0.0000	0.0000	0.0000	0.0000	0.0000	0.0000	0.0000	0.0274	0.0232	0.0041	0.0004	0.0004	0.0000	0.0270	0.0229	0.0041	0.0340	0.0191	0.0149	0.0024	0.0019	0.0005	0.0316	0.0172	0.0144	0.0016	0.0018	0.0000	0.0138	0.0113	0.0000	0.0000	0.0000	0.0000	0.0015	0.0016	0.0013	0.0129	0.0165	0.0000	0.0006	0.0000	0.0014		
19	93	0.1357	6	2	2	0	1	0	0	0	0	Y	Y	N	N	N	N	N	N	N	N	N	N	0.0000	0.0000	0.0000	0.0000	0.0000	0.0000	0.0000	0.0000	0.0000	0.0000	0.0000	0.0000	0.0000	0.0000	0.0000	0.0000	0.0000	0.0000	0.0000	0.0000	1.0015	0.0000	7.0016	0.0000	0.0000	0.0000	0.0000	0.0000	0.0000	0.0000	0.0000	0.0000	0.0000	0.0000	0.0000	0.0000	0.0000	0.0000	0.0000	0.0000	0.0000	0.0000	0.0000	0.0000	0.0000	0.0000	0.0000	0.0000	0.0000	0.0000	0.0000	0.0000	0.0000	0.0000	0.0000	0.0000	0.0000	0.0000	0.0000	0.0000	0.0000	0.0000	0.0000	0.0000	0.0000	0.0000	0.0000	0.0000	0.0000	0.0000	0.0000	0.0000	0.0000	0.0000	0.0000	0.0000	0.0000	0.0000											
19	94	0.1357	5	2	2	0	1	0	0	0	0	Y	Y	N	N	N	N	N	N	N	N	N	N	0.0000	0.0000	0.0000	0.0000	0.0000	0.0000	0.0000	0.0000	0.0000	0.0000	0.0000	0.0000	0.0000	0.0000	0.0000	0.0000	0.0000	0.0000	0.0000	0.0000	1.0015	0.0000	7.0016	0.0001	0.0000	0.0000	0.0000	0.0000	0.0000	0.0000	0.0000	0.0000	0.0000	0.0000	0.0000	0.0000	0.0000	0.0000	0.0000	0.0000	0.0000	0.0000	0.0000	0.0000	0.0000	0.0000	0.0000	0.0000	0.0000	0.0000	0.0000	0.0000	0.0000	0.0000	0.0000	0.0000	0.0000	0.0000	0.0000	0.0000	0.0000	0.0000	0.0000	0.0000	0.0000	0.0000	0.0000	0.0000	0.0000	0.0000	0.0000	0.0000	0.0000	0.0000	0.0000	0.0000	0.0000	0.0000											
19	95	0.1177	4	1	2	0	1	0	0	0	0	N	Y	N	N	N	N	N	N	N	N	N	N	inf	inf	inf	inf	0.0924	0.1088	0.0000	1.4184	1.4625	0.0000	0.0000	0.0000	0.0000	0.0000	0.0000	0.0000	0.0000	0.0000	0.0000	0.0000	0.0000	0.0000	0.0000	-0.0006	0.0000	1.0015	0.9845	7.0016	0.9903	0.0013	0.0013	0.0000	0.0013	0.0013	0.0000	0.0000	0.0000	0.0000	0.0000	0.0000	0.0000	0.0000	0.0000	0.0000	0.0000	0.0000	0.0000	0.0146	0.0124	0.0022	0.0009	0.0009	0.0000	0.0136	0.0115	0.0022	0.0343	0.0200	0.0143	0.0024	0.0022	0.0002	0.0319	0.0178	0.0141	inf	inf	0.0000	inf	inf	0.0000	0.0000	0.0000	0.0000	0.0000	0.0000	0.0000	0.0000	0.0000	0.0000	0.0000	0.0000	0.0000						
19	96	0.1149	4	1	2	0	0	0	0	0	0	N	Y	N	N	N	N	N	N	N	N	N	N	0.0746	0.0000	inf	0.0000	0.0000	inf	inf	0.0000	0.0000	0.0001	0.0000	0.0000	0.0000	0.0000	0.0000	0.0001	0.0002	0.0003	0.0000	0.0006	0.0007	0.0000	0.0000	0.0000	0.0000	inf	0.0000	0.0000	-0.0000	1.0015	1.0063	7.0016	3.7812	0.0000	0.0000	0.0000	0.0000	0.0000	0.0000	0.0000	0.0000	0.0000	0.0000	0.0000	0.0000	0.0000	0.0000	0.0000	0.0000	0.0000	0.0000	0.0144	0.0122	0.0022	0.0003	0.0003	0.0000	0.0140	0.0119	0.0022	0.1205	0.0761	0.0444	0.0312	0.0274	0.0038	0.0893	0.0487	0.0406	0.0746	0.0000	inf	0.0000	0.0000	0.0000	inf	0.0000	inf	0.0002	0.0003	0.0000	0.0006	0.0007	0.0000	0.0000	0.0000	0.0000		
19	97	0.1177	4	1	1	1	1	0	0	0	0	N	N	N	N	N	N	N	N	N	N	N	N	inf	inf	inf	inf	0.0016	0.0000	0.0104	0.0000	0.0000	0.0000	0.0017	0.0000	0.0105	0.0000	0.0000	0.0000	0.0000	0.0000	0.0000	0.0000	0.0000	0.0000	inf	0.0000	0.0000	1.0015	1.0165	7.0016	1.0129	0.0000	0.0000	0.0000	0.0000	0.0000	0.0000	0.0000	0.0000	0.0000	0.0000	0.0000	0.0000	0.0000	0.0000	0.0000	0.0000	0.0000	0.0000	0.0150	0.0127	0.0023	0.0010	0.0009	0.0000	0.0140	0.0118	0.0022	0.0352	0.0205	0.0147	0.0024	0.0023	0.0002	0.0327	0.0183	0.0145	inf	0.0000	inf	0.0000	0.0000	0.0000	inf	0.0000	inf	0.0000	0.0000	0.0000	0.0000	0.0000	0.0000	0.0000	0.0000	0.0000						
19	98	0.1048	3	1	1	0	1	0	0	0	0	N	N	N	N	N	N	N	N	N	N	N	N	inf	inf	inf	inf	inf	inf	inf	0.0011	0.0010	0.0021	0.0285	0.0298	0.0000	0.0003	0.0000	0.0021	0.0000	0.0000	0.0000	0.0000	0.0000	0.0000	0.0000	0.0000	0.0000	0.3832	-0.0000	0.0000	1.0015	2.0241	7.0016	1.0265	0.0000	0.0000	0.0000	0.0000	0.0000	0.0000	0.0000	0.0000	0.0000	0.0000	0.0000	0.0000	0.0000	0.0000	0.0000	0.0000	0.0000	0.0000	0.0288	0.0244	0.0043	0.0008	0.0008	0.0000	0.0279	0.0237	0.0043	0.0504	0.0289	0.0215	0.0039	0.0032	0.0008	0.0465	0.0257	0.0208	inf	inf	inf	inf	inf	0.0000	inf	0.0000	inf	0.0000	0.0000	0.0000	0.0000	0.0000	0.0000	0.0000	0.0000	0.0000			
19	99	0.1048	3	1	1	1	1	0	0	0	0	N	N	N	N	N	N	N	N	N	N	N	N	inf	inf	inf	inf	0.0002	0.0000	0.0014	0.0000	0.0000	0.0000	0.0002	0.0000	0.0014	0.0000	0.0000	0.0000	0.0000	0.0000	0.0000	0.0000	0.0000	0.0000	inf	0.0000	0.0000	1.0015	3.0066	7.0016	0.0000	0.0000	0.0000	0.0000	0.0000	0.0000	0.0000	0.0000	0.0000	0.0000	0.0000	0.0000	0.0000	0.0000	0.0000	0.0000	0.0000	0.0000	0.0000	0.0421	0.0358	0.0063	0.0011	0.0011	0.0001	0.0410	0.0348	0.0063	0.0497	0.0285	0.0212	0.0039	0.0031	0.0007	0.0459	0.0254	0.0205	inf	0.0000	inf	0.0000	0.0000	0.0000	inf	0.0000	inf	0.0000	0.0000	0.0000	0.0000	0.0000	0.0000	0.0000	0.0000	0.0000						
19	100	0.1305	3	1	1	1	1	0	0	0	0	N	N	N	N	N	N	N	N	N	N	N	N	0.0000	0.0000	0.0000	0.0000	0.0000	0.0000	0.0000	0.0000	0.0000	0.0000	0.0000	0.0000	0.0000	0.0000	0.0000	0.0000	0.0000	0.0000	0.0000	0.0000	1.0015	0.0000	7.0016	2.0000	0.0000	0.0000	0.0000	0.0000	0.0000	0.0000	0.0000	0.0000	0.0000	0.0000	0.0000	0.0000	0.0000	0.0000	0.0000	0.0000	0.0000	0.0000	0.0000	0.0000	0.0000	0.0000	0.0000	0.0000	0.0000	0.0000	0.0000	0.0322	0.0182	0.0140	0.0026	0.0021	0.0005	0.0296	0.0161	0.0135	0.0000	0.0000	0.0000	0.0000	0.0000	0.0000	0.0000	0.0000	0.0000	0.0000	0.0000	0.0000	0.0000	0.0000	0.0000	0.0000	0.0000	0.0000											
19	101	0.0915	2	1	1	1	1	0	0	0	0	N	N	N	N	N	N	N	N	N	N	N	N	0.0117	0.0000	224.6832	0.0000	0.0000	0.0000	151.1784	451.2398	0.0000	0.0000	0.0001	0.0000	0.0000	0.0000	0.0000	0.0000	0.0001	0.0014	0.0024	0.0000	0.0148	0.0172	0.0000	0.0000	0.0000	0.0000	inf	0.0001	0.0000	-0.0001	1.0015	5.8899	7.0016	3.1847	0.0000	0.0000	0.0000	0.0000	0.0000	0.0000	0.0000	0.0000	0.0000	0.0002	0.0002	0.0000	0.0002	0.0002	0.0000	0.0000	0.0000	0.0000	0.0827	0.0704	0.0123	0.0037	0.0034	0.0003	0.0789	0.0670	0.0120	0.1525	0.0880	0.0646	0.0142	0.0122	0.0020	0.1383	0.0757	0.0626	0.0117	0.0000	224.6832	0.0000	0.0000	0.0000	151.1784	0.0000	451.2398	0.0014	0.0024	0.0000	0.0148	0.0172	0.0000	0.0000	0.0000	0.0000	
19	102	0.1383	2	2	2	0	0	0	0	0	0	Y	Y	N	N	N	N	N	N	N	N	N	N	0.0000	0.0000	0.0000	0.0000	0.0000	0.0000	0.0000	0.0000	0.0000	0.0000	0.0000	0.0000	0.0000	0.0000	0.0000	0.0000	0.0000	0.0000	0.0000	0.0000	1.0015	0.0000	7.0016	0.0000	0.0000	0.0000	0.0000	0.0000	0.0000	0.0000	0.0000	0.0000	0.0000	0.0000	0.0000	0.0000	0.0000	0.0000	0.0000	0.0000	0.0000	0.0000	0.0000	0.0000	0.0000	0.0000	0.0000	0.0000	0.0000	0.0000	0.0000	0.0000	0.0000	0.0000	0.0000	0.0000	0.0000	0.0000	0.0000	0.0000	0.0000	0.0000	0.0000	0.0000	0.0000	0.0000	0.0000	0.0000	0.0000	0.0000	0.0000	0.0000	0.0000	0.0000	0.0000	0.0000	0.0000	0.0000											
19	104	0.1019	2	1	2	0	0	0	0	0	0	N	Y	N	N	N	N	N	N	N	N	N	N	0.0017	0.0011	0.0162	0.0133	0.0000	0.0000	0.0000	0.0001	0.0001	0.0000	0.0000	0.0000	0.0000	0.0014	0.0024	0.0000	0.0077	0.0100	0.0000	0.0000	0.0000	0.0000	0.0000	0.0000	-0.0000	-0.0000	1.0015	2.0010	7.0016	1.0153	0.0000	0.0000	0.0000	0.0000	0.0000	0.0000	0.0000	0.0000	0.0000	0.0001	0.0001	0.0000	0.0001	0.0001	0.0000	0.0000	0.0000	0.0000	0.0273	0.0232	0.0041	0.0005	0.0005	0.0000	0.0268	0.0227	0.0041	0.0512	0.0296	0.0216	0.0092	0.0070	0.0021	0.0420	0.0226	0.0194	0.0017	0.0011	0.0000	0.0162	0.0133	0.0000	0.0000	0.0000	0.0000	0.0014	0.0024	0.0000	0.0077	0.0100	0.0000	0.0000	0.0000	0.0000					
19	106	0.1398	6	2	2	0	0	0	0	0	0	Y	Y	N	N	N	N	N	N	N	N	N	N	0.0000	0.0000	0.0000	0.0000	0.0000	0.0000	0.0000	0.0000	0.0000	0.0000	0.0000	0.0000	0.0000	0.0000	0.0000	0.0000	0.0000	0.0000	0.0000	0.0000	1.0015	1.0000	7.0016	1.0000	0.0000	0.0000	0.0000	0.0000	0.0000	0.0000	0.0000	0.0000	0.0000	0.0000	0.0000	0.0000	0.0000	0.0000	0.0000	0.0000	0.0000	0.0000	0.0142	0.0120	0.0021	0.0003	0.0003	0.0000	0.0139	0.0118	0.0021	0.0343	0.0208	0.0135	0.0091	0.0073	0.0018	0.0252	0.0136	0.0117	0.0000	0.0000	0.0000	0.0000	0.0000	0.0000	0.0000	0.0000	0.0000	0.0000	0.0000	0.0000	0.0000	0.0000	0.0000	0.0000	0.0000	0.0000											
19	107	0.1357	5	2	2	0	0	0	0	0	0	Y	Y	N	N	N	N	N	N	N	N	N	N	0.0000	0.0000	0.0000	0.0000	0.0000	0.0000	0.0000	0.0000	0.0000	0.0000	0.0000	0.0000	0.0000	0.0000	0.0000	0.0000	0.0000	0.0000	0.0000	0.0000	1.0015	0.0000	7.0016	0.9999	0.0000	0.0000	0.0000	0.0000	0.0000	0.0000	0.0000	0.0000	0.0000	0.0000	0.0000	0.0000	0.0000	0.0000	0.0000	0.0000	0.0000	0.0000	0.0000	0.0000	0.0000	0.0000	0.0000	0.0000	0.0000	0.0000	0.0000	0.0172	0.0102	0.0070	0.0035	0.0028	0.0007	0.0137	0.0074	0.0063	0.0000	0.0000	0.0000	0.0000	0.0000	0.0000	0.0000	0.0000	0.0000	0.0000	0.0000	0.0000	0.0000	0.0000	0.0000	0.0000	0.0000	0.0000											
19	108	0.1149	4	2	2	0	0	0	0	0	0	Y	Y	N	N	N	N	N	N	N	N	N	N	4.1091	0.0000	inf	0.0000	0.0000	inf	inf	0.0007	0.0000	0.0046	0.0000	0.0000	0.0000	0.0009	0.0000	0.0047	0.0002	0.0003	0.0000	0.0006	0.0007	0.0000	0.0000	0.0000	0.0000	inf	0.0000	0.0000	-0.0000	1.0015	0.0100	7.0016	4.8896	0.0000	0.0000	0.0000	0.0000	0.0000	0.0000	0.0000	0.0000	0.0000	0.0000	0.0000	0.0000	0.0000	0.0000	0.0000	0.0000	0.0000	0.0000	0.0003	0.0002	0.0000	0.0001	0.0001	0.0000	0.0002	0.0002	0.0000	0.1221	0.0770	0.0451	0.0313	0.0275	0.0038	0.0908	0.0496	0.0413	4.1091	0.0000	inf	0.0000	0.0000	0.0000	inf	0.0000	inf	0.0002	0.0003	0.0000	0.0006	0.0007	0.0000	0.0000	0.0000	0.0000		
19	109	0.1048	3	1	2	0	0	0	0	0	0	N	Y	N	N	N	N	N	N	N	N	N	N	1.2692	inf	3.5225	inf	inf	1.1895	3.4272	0.0006	0.0000	0.0041	0.0004	0.0004	0.0000	0.0006	0.0000	0.0042	0.0005	0.0000	0.0012	0.0000	0.0000	0.0000	0.0005	0.0000	0.0012	51.3337	inf	0.0000	0.0000	1.0015	1.0007	7.0016	1.4004	0.0000	0.0000	0.0000	0.0000	0.0000	0.0000	0.0000	0.0000	0.0000	0.0000	0.0000	0.0000	0.0000	0.0000	0.0000	0.0000	0.0000	0.0000	0.0146	0.0124	0.0022	0.0005	0.0005	0.0000	0.0140	0.0119	0.0022	0.0399	0.0229	0.0170	0.0031	0.0025	0.0006	0.0368	0.0204	0.0164	1.2692	inf	3.5225	inf	inf	0.0000	1.1895	0.0000	3.4272	0.0005	0.0000	0.0012	0.0000	0.0000	0.0000	0.0005	0.0000	0.0012		
19	110	0.0915	2	1	1	0	0	0	0	0	0	N	N	N	N	N	N	N	N	N	N	N	N	0.4062	0.2449	959.9881	0.1618	0.1645	0.0000	865.9661	2367.0658	0.0014	0.0014	0.0012	0.0040	0.0045	0.0000	0.0002	0.0000	0.0015	0.0034	0.0057	0.0000	0.0248	0.0271	0.0000	0.0000	0.0000	0.0000	0.1455	0.0001	-0.0000	-0.0001	1.0015	0.3039	7.0016	2.8719	0.0000	0.0000	0.0000	0.0000	0.0000	0.0000	0.0000	0.0000	0.0000	0.0002	0.0002	0.0000	0.0002	0.0002	0.0000	0.0000	0.0000	0.0000	0.0076	0.0065	0.0011	0.0023	0.0020	0.0002	0.0053	0.0044	0.0009	0.0624	0.0366	0.0258	0.0085	0.0077	0.0007	0.0539	0.0289	0.0250	0.4062	0.2449	959.9881	0.1618	0.1645	0.0000	865.9661	0.0000	2367.0658	0.0034	0.0057	0.0000	0.0248	0.0271	0.0000	0.0000	0.0000	0.0000	
19	115	0.2316	4	1	1	0	0	0	0	0	0	N	N	N	N	N	N	N	N	N	N	N	N	0.0086	0.0068	0.0000	1.1515	2.9744	0.0000	0.0000	0.0000	0.0000	0.0088	0.0102	0.0000	0.0707	0.0727	0.0000	0.0000	0.0000	0.0000	1.0215	1.4956	0.4074	0.0614	0.0244	0.3078	0.9977	1.4764	0.4074	0.0000	0.1710	-0.0006	-0.1379	1.0015	8.9918	7.0016	13.3277	0.0012	0.0012	0.0000	0.0012	0.0012	0.0000	0.0000	0.0000	0.0000	0.3500	0.2989	0.0511	0.0165	0.0057	0.0108	0.3335	0.2932	0.0403	0.1364	0.1180	0.0185	0.0170	0.0166	0.0005	0.1194	0.1014	0.0180	0.6024	0.4317	0.1707	0.2681	0.2331	0.0350	0.3343	0.1986	0.1357	0.0152	0.0148	0.0000	1.1515	2.9744	0.0000	0.0000	0.0000	0.0000	0.5810	0.6924	0.2994	0.0614	0.0244	0.3078	0.9977	1.4764	0.2972
20	21	0.1629	5	0	1	0	1	0	0	0	0	N	N	N	N	N	N	N	N	N	N	N	N	0.0000	0.0000	0.0000	0.0000	0.0000	0.0000	0.0000	0.0000	0.0000	0.0000	0.0000	0.0000	0.0000	0.0000	0.0000	0.0000	0.0000	0.1552	0.4342	0.0000	1.9372	2.5811	0.0000	0.1078	0.1997	0.0000	0.0000	0.0000	-0.0016	1.0004	2.0000	2.0077	1.0003	0.0000	0.0000	0.0000	0.0000	0.0000	0.0000	0.0000	0.0000	0.0000	0.0029	0.0029	0.0000	0.0012	0.0012	0.0000	0.0017	0.0017	0.0000	0.0272	0.0231	0.0041	0.0008	0.0007	0.0000	0.0264	0.0224	0.0041	0.0199	0.0116	0.0082	0.0041	0.0031	0.0010	0.0158	0.0085	0.0073	0.0000	0.0000	0.0000	0.0000	0.0000	0.0000	0.0000	0.0000	0.0000	0.1454	0.2482	0.0000	0.2900	0.3799	0.0000	0.1078	0.1997	0.0000		
20	22	0.1500	5	1	1	1	0	0	0	0	0	N	N	N	N	N	N	N	N	N	N	N	N	0.0000	0.0000	0.0000	0.0000	0.0000	0.0000	0.0000	0.0000	0.0000	0.0000	0.0000	0.0000	0.0000	0.0000	0.0000	0.0000	0.0009	0.0015	0.0000	0.0045	0.0057	0.0000	0.0000	0.0000	0.0000	0.0001	0.0000	-0.0000	1.0004	0.0000	2.0077	4.9921	0.0000	0.0000	0.0000	0.0000	0.0000	0.0000	0.0000	0.0000	0.0000	0.0000	0.0000	0.0000	0.0000	0.0000	0.0000	0.0000	0.0000	0.0000	0.0000	0.0000	0.0000	0.0000	0.0000	0.0000	0.0000	0.0000	0.0000	0.0329	0.0197	0.0133	0.0067	0.0052	0.0015	0.0263	0.0145	0.0118	0.0000	0.0000	0.0000	0.0000	0.0000	0.0000	0.0000	0.0000	0.0000	0.0009	0.0015	0.0000	0.0045	0.0057	0.0000	0.0000	0.0000	0.0000			
20	23	0.1338	5	0	2	0	0	0	0	0	0	N	Y	N	N	N	N	N	N	N	N	N	N	0.0000	0.0000	0.0000	0.0000	0.0000	0.0000	0.0000	0.0000	0.0000	0.0000	0.0000	0.0000	0.0000	0.0000	0.0000	0.0000	0.0000	0.0000	0.0000	0.0000	0.0000	0.0000	0.0000	inf	0.0000	0.0000	1.0004	1.9996	2.0077	0.0142	0.0000	0.0000	0.0000	0.0000	0.0000	0.0000	0.0000	0.0000	0.0000	0.0000	0.0000	0.0000	0.0000	0.0000	0.0000	0.0000	0.0000	0.0000	0.0274	0.0234	0.0040	0.0020	0.0019	0.0001	0.0253	0.0214	0.0039	0.0131	0.0081	0.0050	0.0030	0.0024	0.0007	0.0101	0.0057	0.0043	0.0000	0.0000	0.0000	0.0000	0.0000	0.0000	0.0000	0.0000	0.0000	0.0000	0.0000	0.0000	0.0000	0.0000	0.0000	0.0000	0.0000	0.0000					
20	24	0.0757	2	0	2	0	0	0	0	0	0	N	Y	N	N	N	N	N	N	N	N	N	N	0.0000	0.0000	0.0000	0.0009	0.0005	0.0000	0.0000	0.0000	0.0000	0.0000	0.0000	0.0000	0.0001	0.0001	0.0000	0.0000	0.0000	0.0000	0.0469	0.0570	0.0328	0.0864	0.1475	0.0120	0.0396	0.0434	0.0351	0.0000	0.4147	-0.0000	-0.0012	1.0004	2.9988	2.0077	13.9984	0.0000	0.0000	0.0000	0.0000	0.0000	0.0000	0.0000	0.0000	0.0000	0.0047	0.0033	0.0014	0.0014	0.0014	0.0000	0.0033	0.0020	0.0013	0.0407	0.0346	0.0061	0.0008	0.0008	0.0000	0.0398	0.0338	0.0061	0.1011	0.0587	0.0423	0.0180	0.0138	0.0042	0.0831	0.0449	0.0382	0.0000	0.0000	0.0000	0.0009	0.0008	0.0000	0.0000	0.0000	0.0000	0.0469	0.0570	0.0328	0.0807	0.1015	0.0120	0.0396	0.0434	0.0351
20	25	0.1175	3	1	2	0	0	0	0	0	0	N	Y	N	N	N	N	N	N	N	N	N	N	2.8281	inf	0.0000	76.1873	inf	0.0000	0.0000	0.0000	0.0638	0.0747	0.0000	1.1057	1.1649	0.0000	0.0000	0.0000	0.0000	0.0226	0.0000	0.0585	0.0145	0.0000	0.0628	0.0247	0.0000	0.0569	0.0000	inf	-0.0023	0.0006	1.0004	6.0000	2.0077	4.0000	0.0050	0.0050	0.0000	0.0050	0.0050	0.0000	0.0000	0.0000	0.0000	0.0014	0.0000	0.0014	0.0002	0.0000	0.0002	0.0012	0.0000	0.0012	0.0780	0.0666	0.0114	0.0045	0.0043	0.0002	0.0735	0.0624	0.0111	0.0602	0.0366	0.0236	0.0124	0.0095	0.0029	0.0478	0.0271	0.0207	2.8281	inf	0.0000	76.1873	inf	0.0000	0.0000	0.0000	0.0000	0.0226	0.0000	0.0576	0.0145	0.0000	0.0628	0.0247	0.0000	0.0569	
20	26	0.1379	6	0	2	0	0	0	0	0	0	N	Y	N	N	N	N	N	N	N	N	N	N	0.0000	0.0000	0.0000	0.0000	0.0000	0.0000	0.0000	0.0000	0.0000	0.0000	0.0000	0.0000	0.0000	0.0000	0.0000	0.0008	0.0013	0.0000	0.0034	0.0044	0.0000	0.0000	0.0000	0.0000	0.0000	0.0000	-0.0000	1.0004	0.0000	2.0077	2.0002	0.0000	0.0000	0.0000	0.0000	0.0000	0.0000	0.0000	0.0000	0.0000	0.0000	0.0000	0.0000	0.0000	0.0000	0.0000	0.0000	0.0000	0.0000	0.0000	0.0000	0.0000	0.0000	0.0000	0.0000	0.0000	0.0000	0.0000	0.0130	0.0081	0.0050	0.0030	0.0023	0.0007	0.0100	0.0057	0.0043	0.0000	0.0000	0.0000	0.0000	0.0000	0.0000	0.0000	0.0000	0.0000	0.0008	0.0013	0.0000	0.0034	0.0044	0.0000	0.0000	0.0000	0.0000				
20	27	0.1321	4	1	2	0	0	0	0	0	0	N	Y	N	N	N	N	N	N	N	N	N	N	0.0000	0.0000	0.0000	0.0000	0.0000	0.0000	0.0000	0.0000	0.0000	0.0000	0.0000	0.0000	0.0000	0.0021	0.0035	0.0000	0.0100	0.0129	0.0000	0.0000	0.0000	0.0000	0.0000	0.0000	-0.0000	1.0004	1.0000	2.0077	3.9850	0.0000	0.0000	0.0000	0.0000	0.0000	0.0000	0.0000	0.0000	0.0000	0.0001	0.0001	0.0000	0.0001	0.0001	0.0000	0.0000	0.0000	0.0000	0.0137	0.0116	0.0021	0.0002	0.0002	0.0000	0.0135	0.0115	0.0021	0.0337	0.0198	0.0139	0.0069	0.0054	0.0016	0.0268	0.0144	0.0124	0.0000	0.0000	0.0000	0.0000	0.0000	0.0000	0.0000	0.0000	0.0000	0.0021	0.0035	0.0000	0.0100	0.0129	0.0000	0.0000	0.0000	0.0000						
20	28	0.1175	3	0	2	0	0	0	0	0	0	N	Y	N	N	N	N	N	N	N	N	N	N	0.0000	0.0000	0.0000	0.0000	0.0000	0.0000	0.0000	0.0000	0.0000	0.0000	0.0000	0.0000	0.0000	0.0000	0.0000	18.6777	29.8940	0.0000	0.0116	0.0150	0.0000	22.8990	40.4129	0.0000	0.0000	0.0000	-0.5363	1.0004	5.0000	2.0077	4.0000	0.0000	0.0000	0.0000	0.0000	0.0000	0.0000	0.0000	0.0000	0.0000	0.9932	0.9932	0.0000	0.0001	0.0001	0.0000	0.9931	0.9931	0.0000	0.0656	0.0560	0.0096	0.0038	0.0036	0.0002	0.0618	0.0524	0.0094	0.0546	0.0332	0.0214	0.0113	0.0087	0.0026	0.0434	0.0246	0.0188	0.0000	0.0000	0.0000	0.0000	0.0000	0.0000	0.0000	0.0000	0.0000	18.1836	29.8940	0.0000	0.0116	0.0150	0.0000	22.8990	40.4129	0.0000				
20	29	0.1175	3	0	2	0	0	0	0	0	0	N	Y	N	N	N	N	N	N	N	N	N	N	0.0000	0.0000	0.0000	0.0000	0.0000	0.0000	0.0000	0.0000	0.0000	0.0000	0.0000	0.0000	0.0000	0.0000	0.0000	0.0000	0.0000	0.0320	0.0003	0.0904	0.0080	0.0012	0.0307	0.0383	0.0000	0.0944	174.0000	0.0000	0.0008	1.0004	3.0000	2.0077	6.0000	0.0000	0.0000	0.0000	0.0000	0.0000	0.0000	0.0000	0.0000	0.0000	0.0018	0.0000	0.0017	0.0001	0.0000	0.0001	0.0017	0.0000	0.0017	0.0401	0.0342	0.0059	0.0023	0.0022	0.0001	0.0378	0.0320	0.0058	0.0546	0.0332	0.0214	0.0113	0.0087	0.0026	0.0434	0.0246	0.0188	0.0000	0.0000	0.0000	0.0000	0.0000	0.0000	0.0000	0.0000	0.0000	0.0320	0.0003	0.0813	0.0080	0.0012	0.0307	0.0383	0.0000	0.0883		
20	30	0.1664	6	0	2	1	1	0	0	0	0	N	Y	N	N	N	N	N	N	N	N	N	N	0.0000	0.0000	0.0000	0.0000	0.0000	0.0000	0.0000	0.0000	0.0000	0.0000	0.0000	0.0000	0.0000	0.0000	0.0000	0.0000	0.0000	0.0000	0.0000	0.0000	1.0004	0.0000	2.0077	3.0000	0.0000	0.0000	0.0000	0.0000	0.0000	0.0000	0.0000	0.0000	0.0000	0.0000	0.0000	0.0000	0.0000	0.0000	0.0000	0.0000	0.0000	0.0000	0.0000	0.0000	0.0000	0.0000	0.0000	0.0000	0.0000	0.0000	0.0000	0.0199	0.0122	0.0077	0.0065	0.0051	0.0014	0.0134	0.0071	0.0063	0.0000	0.0000	0.0000	0.0000	0.0000	0.0000	0.0000	0.0000	0.0000	0.0000	0.0000	0.0000	0.0000	0.0000	0.0000	0.0000	0.0000	0.0000											
20	31	0.1495	5	0	1	0	1	0	0	0	0	N	N	N	N	N	N	N	N	N	N	N	N	0.0000	0.0000	0.0000	0.0000	0.0000	0.0000	0.0000	0.0000	0.0000	0.0000	0.0000	0.0000	0.0000	0.0000	0.0000	0.0000	0.0000	0.0000	0.0026	0.0041	0.0000	0.0040	0.0051	0.0001	0.0019	0.0035	0.0000	0.0034	0.0000	-0.0000	1.0004	0.9783	2.0077	3.0423	0.0000	0.0000	0.0000	0.0000	0.0000	0.0000	0.0000	0.0000	0.0000	0.0001	0.0001	0.0000	0.0000	0.0000	0.0000	0.0000	0.0000	0.0000	0.0142	0.0120	0.0021	0.0006	0.0005	0.0000	0.0136	0.0115	0.0021	0.0320	0.0200	0.0120	0.0107	0.0084	0.0022	0.0213	0.0116	0.0097	0.0000	0.0000	0.0000	0.0000	0.0000	0.0000	0.0000	0.0000	0.0000	0.0026	0.0041	0.0000	0.0040	0.0051	0.0001	0.0019	0.0035	0.0000	
20	32	0.0757	2	0	2	0	0	0	0	0	0	N	Y	N	N	N	N	N	N	N	N	N	N	0.0047	103.9658	0.0000	151.9260	1095.6830	0.0000	0.0000	0.0000	0.0487	0.0572	0.0000	2.4103	2.5644	0.0000	0.0000	0.0000	0.0000	10.3299	0.0006	51.8000	0.0159	0.0023	0.0605	12.4106	0.0000	51.9673	0.0000	31936.1799	-0.0021	0.4501	1.0004	6.9988	2.0077	9.0016	0.0045	0.0045	0.0000	0.0045	0.0045	0.0000	0.0000	0.0000	0.0000	0.9784	0.0000	0.9784	0.0003	0.0000	0.0002	0.9782	0.0000	0.9782	0.0913	0.0778	0.0135	0.0018	0.0017	0.0001	0.0895	0.0761	0.0134	0.0959	0.0557	0.0402	0.0171	0.0131	0.0040	0.0788	0.0426	0.0362	0.0048	103.9658	0.0000	151.9260	1095.6830	0.0000	0.0000	0.0000	0.0000	10.2052	0.0006	24.3495	0.0159	0.0023	0.0605	12.4106	0.0000	27.0118	
20	33	0.1766	7	1	2	0	0	0	0	0	0	N	Y	N	N	N	N	N	N	N	N	N	N	0.0000	0.0000	0.0000	0.0000	0.0000	0.0000	0.0000	0.0000	0.0000	0.0000	0.0000	0.0000	0.0000	0.0000	0.0000	0.0000	0.0000	0.0000	0.0000	0.0000	1.0004	0.0000	2.0077	0.0000	0.0000	0.0000	0.0000	0.0000	0.0000	0.0000	0.0000	0.0000	0.0000	0.0000	0.0000	0.0000	0.0000	0.0000	0.0000	0.0000	0.0000	0.0000	0.0000	0.0000	0.0000	0.0000	0.0000	0.0000	0.0000	0.0000	0.0000	0.0000	0.0000	0.0000	0.0000	0.0000	0.0000	0.0000	0.0000	0.0000	0.0000	0.0000	0.0000	0.0000	0.0000	0.0000	0.0000	0.0000	0.0000	0.0000	0.0000	0.0000	0.0000	0.0000	0.0000	0.0000	0.0000	0.0000											
20	34	0.1321	4	0	2	0	1	0	0	0	0	N	Y	N	N	N	N	N	N	N	N	N	N	0.0000	0.0000	0.0000	0.0000	0.0000	0.0000	0.0000	0.0000	0.0000	0.0000	0.0000	0.0000	0.0000	0.0000	0.0000	0.0000	0.0000	0.0186	0.0011	0.0442	0.0151	0.0043	0.0514	0.0195	0.0000	0.0445	27.4158	0.0000	0.0006	1.0004	5.0000	2.0077	6.9850	0.0000	0.0000	0.0000	0.0000	0.0000	0.0000	0.0000	0.0000	0.0000	0.0014	0.0000	0.0014	0.0002	0.0000	0.0002	0.0012	0.0000	0.0012	0.0660	0.0561	0.0099	0.0009	0.0008	0.0000	0.0652	0.0553	0.0098	0.0757	0.0443	0.0313	0.0152	0.0117	0.0035	0.0605	0.0327	0.0278	0.0000	0.0000	0.0000	0.0000	0.0000	0.0000	0.0000	0.0000	0.0000	0.0186	0.0011	0.0434	0.0151	0.0043	0.0514	0.0195	0.0000	0.0424		
20	35	0.0757	2	1	2	0	0	0	0	0	0	N	Y	N	N	N	N	N	N	N	N	N	N	0.0022	0.0000	0.0030	0.0000	0.0000	0.0000	0.0019	0.0000	0.0030	0.0193	0.0000	0.1283	0.0000	0.0000	0.0000	0.0198	0.0000	0.1293	8.7263	0.0430	42.5226	0.0909	0.0797	0.1064	10.2654	0.0328	43.6501	inf	336.9099	0.0003	0.4495	1.0004	1.9985	2.0077	17.9985	0.0005	0.0000	0.0005	0.0000	0.0000	0.0000	0.0005	0.0000	0.0005	0.9833	0.0029	0.9804	0.0017	0.0012	0.0005	0.9816	0.0017	0.9799	0.0274	0.0233	0.0041	0.0006	0.0005	0.0000	0.0268	0.0227	0.0041	0.1162	0.0676	0.0486	0.0206	0.0158	0.0048	0.0956	0.0518	0.0438	0.0023	0.0000	0.0064	0.0000	0.0000	0.0000	0.0019	0.0000	0.0058	8.4599	0.0430	20.1712	0.0834	0.0765	0.1064	10.2654	0.0328	22.3652
20	36	0.1989	5	0	1	1	0	0	0	0	0	N	N	N	N	N	N	N	N	N	N	N	N	0.0623	16195.2295	0.0000	0.0311	23638.0805	0.0000	0.0000	0.0000	0.0000	0.0315	0.0366	0.0000	0.0903	0.1001	0.0000	0.0000	0.0000	0.0000	0.5056	0.0000	1.5152	2.9096	0.0000	3.4784	0.2945	0.0000	1.0471	0.0000	220337.7891	-0.0000	0.0013	1.0004	0.0001	2.0077	0.9943	0.0000	0.0000	0.0000	0.0000	0.0000	0.0000	0.0000	0.0000	0.0000	0.0028	0.0000	0.0028	0.0012	0.0000	0.0012	0.0017	0.0000	0.0017	0.0000	0.0000	0.0000	0.0000	0.0000	0.0000	0.0000	0.0000	0.0000	0.0085	0.0057	0.0029	0.0029	0.0024	0.0005	0.0056	0.0033	0.0023	0.0952	16195.2295	0.0000	0.2253	23638.0805	0.0000	0.0000	0.0000	0.0000	0.3307	0.0000	0.9865	0.4011	0.0000	2.2635	0.2945	0.0000	0.7070
20	37	0.1751	5	0	2	0	0	0	0	0	0	N	Y	N	N	N	N	N	N	N	N	N	N	0.0000	0.0000	0.0000	0.0000	0.0000	0.0000	0.0000	0.0000	0.0000	0.0000	0.0000	0.0000	0.0000	0.0000	0.0000	0.0000	0.0000	0.0000	0.0000	0.0000	1.0004	2.0000	2.0077	2.0000	0.0000	0.0000	0.0000	0.0000	0.0000	0.0000	0.0000	0.0000	0.0000	0.0000	0.0000	0.0000	0.0000	0.0000	0.0000	0.0000	0.0000	0.0000	0.0275	0.0234	0.0041	0.0012	0.0011	0.0001	0.0264	0.0223	0.0040	0.0270	0.0162	0.0108	0.0080	0.0062	0.0019	0.0189	0.0100	0.0089	0.0000	0.0000	0.0000	0.0000	0.0000	0.0000	0.0000	0.0000	0.0000	0.0000	0.0000	0.0000	0.0000	0.0000	0.0000	0.0000	0.0000	0.0000											
20	38	0.1343	4	1	1	1	0	0	0	0	0	N	N	N	N	N	N	N	N	N	N	N	N	0.0000	0.0000	0.0000	0.0000	0.0000	0.0000	0.0000	0.0000	0.0000	0.0000	0.0000	0.0000	0.0000	0.0002	0.0004	0.0000	0.0010	0.0013	0.0000	0.0000	0.0000	0.0000	0.0000	0.0000	-0.0000	1.0004	2.0000	2.0077	5.0000	0.0000	0.0000	0.0000	0.0000	0.0000	0.0000	0.0000	0.0000	0.0000	0.0000	0.0000	0.0000	0.0000	0.0000	0.0000	0.0000	0.0000	0.0000	0.0270	0.0230	0.0040	0.0017	0.0016	0.0001	0.0253	0.0214	0.0039	0.0436	0.0267	0.0169	0.0096	0.0074	0.0022	0.0340	0.0193	0.0147	0.0000	0.0000	0.0000	0.0000	0.0000	0.0000	0.0000	0.0000	0.0000	0.0002	0.0004	0.0000	0.0010	0.0013	0.0000	0.0000	0.0000	0.0000						
20	39	0.1495	5	0	2	0	0	0	0	0	0	N	Y	N	N	N	N	N	N	N	N	N	N	0.0000	0.0000	0.0000	0.0000	0.0000	0.0000	0.0000	0.0000	0.0000	0.0000	0.0000	0.0000	0.0000	0.0000	0.0000	0.0000	0.0000	0.0000	0.0023	0.0037	0.0000	0.0044	0.0056	0.0001	0.0013	0.0024	0.0000	0.0030	0.0000	-0.0001	1.0004	0.0217	2.0077	6.0735	0.0000	0.0000	0.0000	0.0000	0.0000	0.0000	0.0000	0.0000	0.0000	0.0001	0.0001	0.0000	0.0001	0.0001	0.0000	0.0000	0.0000	0.0000	0.0011	0.0009	0.0002	0.0004	0.0004	0.0000	0.0007	0.0005	0.0002	0.0452	0.0280	0.0172	0.0142	0.0112	0.0030	0.0310	0.0168	0.0142	0.0000	0.0000	0.0000	0.0000	0.0000	0.0000	0.0000	0.0000	0.0000	0.0023	0.0037	0.0000	0.0044	0.0056	0.0001	0.0013	0.0024	0.0000	
20	40	0.1321	4	0	1	0	0	0	0	0	0	N	N	N	N	N	N	N	N	N	N	N	N	0.0000	0.0000	0.0000	0.0000	0.0000	0.0000	0.0000	0.0000	0.0000	0.0000	0.0000	0.0000	0.0000	0.0000	0.0000	0.0000	0.0000	0.0000	0.1031	0.2348	0.0004	0.9025	1.4524	0.0015	0.0752	0.1395	0.0002	0.0015	0.0000	-0.0015	1.0004	0.0217	2.0077	4.0395	0.0000	0.0000	0.0000	0.0000	0.0000	0.0000	0.0000	0.0000	0.0000	0.0029	0.0029	0.0000	0.0012	0.0012	0.0000	0.0017	0.0017	0.0000	0.0003	0.0003	0.0000	0.0000	0.0000	0.0000	0.0003	0.0003	0.0000	0.0279	0.0164	0.0115	0.0058	0.0045	0.0013	0.0221	0.0119	0.0102	0.0000	0.0000	0.0000	0.0000	0.0000	0.0000	0.0000	0.0000	0.0000	0.1031	0.1750	0.0004	0.2098	0.2688	0.0015	0.0752	0.1395	0.0002	
20	41	0.1321	4	0	2	0	1	0	0	0	0	N	Y	N	N	N	N	N	N	N	N	N	N	0.0000	0.0000	0.0000	0.0000	0.0000	0.0000	0.0000	0.0000	0.0000	0.0000	0.0000	0.0000	0.0000	0.0000	0.0000	0.0000	0.0000	0.0157	0.0268	0.0000	0.0297	0.0384	0.0002	0.0122	0.0226	0.0000	0.0005	0.0000	-0.0004	1.0004	0.0000	2.0077	7.0150	0.0000	0.0000	0.0000	0.0000	0.0000	0.0000	0.0000	0.0000	0.0000	0.0007	0.0007	0.0000	0.0003	0.0003	0.0000	0.0004	0.0004	0.0000	0.0000	0.0000	0.0000	0.0000	0.0000	0.0000	0.0000	0.0000	0.0000	0.0464	0.0272	0.0192	0.0094	0.0073	0.0021	0.0370	0.0199	0.0170	0.0000	0.0000	0.0000	0.0000	0.0000	0.0000	0.0000	0.0000	0.0000	0.0157	0.0268	0.0000	0.0297	0.0384	0.0002	0.0122	0.0226	0.0000		
20	42	0.1343	4	1	1	1	0	0	0	0	0	N	N	N	N	N	N	N	N	N	N	N	N	0.0000	0.0000	0.0000	0.0000	0.0000	0.0000	0.0000	0.0000	0.0000	0.0000	0.0000	0.0000	0.0000	0.0000	0.0000	0.0000	0.0000	0.0000	0.0000	0.0000	1.0004	0.0000	2.0077	0.0000	0.0000	0.0000	0.0000	0.0000	0.0000	0.0000	0.0000	0.0000	0.0000	0.0000	0.0000	0.0000	0.0000	0.0000	0.0000	0.0000	0.0000	0.0000	0.0000	0.0000	0.0000	0.0000	0.0000	0.0000	0.0000	0.0000	0.0000	0.0000	0.0000	0.0000	0.0000	0.0000	0.0000	0.0000	0.0000	0.0000	0.0000	0.0000	0.0000	0.0000	0.0000	0.0000	0.0000	0.0000	0.0000	0.0000	0.0000	0.0000	0.0000	0.0000	0.0000	0.0000	0.0000	0.0000											
20	43	0.1175	3	1	1	1	0	0	0	0	0	N	N	N	N	N	N	N	N	N	N	N	N	0.0000	0.0000	0.0000	0.0000	0.0000	0.0000	0.0000	0.0000	0.0000	0.0000	0.0000	0.0000	0.0000	0.0000	0.0000	0.0250	0.0411	0.0000	0.0346	0.0450	0.0000	0.0225	0.0397	0.0000	0.0000	0.0000	-0.0003	1.0004	1.0000	2.0077	3.0000	0.0000	0.0000	0.0000	0.0000	0.0000	0.0000	0.0000	0.0000	0.0000	0.0006	0.0006	0.0000	0.0002	0.0002	0.0000	0.0004	0.0004	0.0000	0.0136	0.0116	0.0020	0.0008	0.0007	0.0000	0.0128	0.0109	0.0020	0.0252	0.0153	0.0099	0.0052	0.0040	0.0012	0.0200	0.0113	0.0087	0.0000	0.0000	0.0000	0.0000	0.0000	0.0000	0.0000	0.0000	0.0000	0.0250	0.0411	0.0000	0.0346	0.0450	0.0000	0.0225	0.0397	0.0000				
20	44	0.1175	3	1	1	1	0	0	0	0	0	N	N	N	N	N	N	N	N	N	N	N	N	0.0000	0.0000	0.0000	0.0000	0.0000	0.0000	0.0000	0.0000	0.0000	0.0000	0.0000	0.0000	0.0000	0.0000	0.0000	0.0258	0.0424	0.0000	0.0384	0.0500	0.0000	0.0225	0.0397	0.0000	0.0000	0.0000	-0.0004	1.0004	1.0000	2.0077	3.0000	0.0000	0.0000	0.0000	0.0000	0.0000	0.0000	0.0000	0.0000	0.0000	0.0006	0.0006	0.0000	0.0002	0.0002	0.0000	0.0004	0.0004	0.0000	0.0136	0.0116	0.0020	0.0008	0.0007	0.0000	0.0128	0.0109	0.0020	0.0252	0.0153	0.0099	0.0052	0.0040	0.0012	0.0200	0.0113	0.0087	0.0000	0.0000	0.0000	0.0000	0.0000	0.0000	0.0000	0.0000	0.0000	0.0258	0.0424	0.0000	0.0384	0.0500	0.0000	0.0225	0.0397	0.0000				
20	45	0.1751	5	0	1	1	0	0	0	0	0	N	N	N	N	N	N	N	N	N	N	N	N	0.0000	0.0000	0.0000	0.0000	0.0000	0.0000	0.0000	0.0000	0.0000	0.0000	0.0000	0.0000	0.0000	0.0000	0.0000	0.0000	0.0000	0.0000	0.0000	0.0000	1.0004	0.0000	2.0077	0.0000	0.0000	0.0000	0.0000	0.0000	0.0000	0.0000	0.0000	0.0000	0.0000	0.0000	0.0000	0.0000	0.0000	0.0000	0.0000	0.0000	0.0000	0.0000	0.0000	0.0000	0.0000	0.0000	0.0000	0.0000	0.0000	0.0000	0.0000	0.0000	0.0000	0.0000	0.0000	0.0000	0.0000	0.0000	0.0000	0.0000	0.0000	0.0000	0.0000	0.0000	0.0000	0.0000	0.0000	0.0000	0.0000	0.0000	0.0000	0.0000	0.0000	0.0000	0.0000	0.0000	0.0000	0.0000											
20	46	0.1321	4	0	1	0	0	0	0	0	0	N	N	N	N	N	N	N	N	N	N	N	N	76.9435	53.0602	1205.9883	983.6401	0.0835	0.0982	0.0000	6.4944	6.8789	0.0000	0.0000	0.0000	0.0000	0.0011	0.0019	0.0000	0.0054	0.0070	0.0000	0.0000	0.0000	0.0000	0.0000	0.0000	-0.0021	-0.0000	1.0004	4.0000	2.0077	5.9850	0.0044	0.0044	0.0000	0.0044	0.0044	0.0000	0.0000	0.0000	0.0000	0.0001	0.0001	0.0000	0.0001	0.0001	0.0000	0.0000	0.0000	0.0000	0.0533	0.0453	0.0080	0.0007	0.0006	0.0000	0.0526	0.0447	0.0080	0.0642	0.0376	0.0266	0.0129	0.0100	0.0030	0.0512	0.0276	0.0236	76.9435	53.0602	0.0000	1205.9883	983.6401	0.0000	0.0000	0.0000	0.0000	0.0011	0.0019	0.0000	0.0054	0.0070	0.0000	0.0000	0.0000	0.0000					
20	47	0.2032	6	0	2	0	0	0	0	0	0	N	Y	N	N	N	N	N	N	N	N	N	N	0.0000	0.0000	0.0000	0.0000	0.0000	0.0000	0.0000	0.0000	0.0000	0.0000	0.0000	0.0000	0.0000	0.0000	0.0000	0.0000	0.0000	0.0000	0.0000	0.0000	1.0004	0.0000	2.0077	0.0000	0.0000	0.0000	0.0000	0.0000	0.0000	0.0000	0.0000	0.0000	0.0000	0.0000	0.0000	0.0000	0.0000	0.0000	0.0000	0.0000	0.0000	0.0000	0.0000	0.0000	0.0000	0.0000	0.0000	0.0000	0.0000	0.0000	0.0000	0.0000	0.0000	0.0000	0.0000	0.0000	0.0000	0.0000	0.0000	0.0000	0.0000	0.0000	0.0000	0.0000	0.0000	0.0000	0.0000	0.0000	0.0000	0.0000	0.0000	0.0000	0.0000	0.0000	0.0000	0.0000	0.0000	0.0000											
20	48	0.1500	5	1	2	1	0	0	0	0	0	N	Y	N	N	N	N	N	N	N	N	N	N	0.0000	0.0000	0.0000	0.0000	0.0000	0.0000	0.0000	0.0000	0.0000	0.0000	0.0000	0.0000	0.0000	0.0000	0.0000	0.0000	0.0000	0.0000	0.0000	0.0000	0.0002	0.0000	0.0000	0.0000	inf	0.0000	0.0000	1.0004	0.0000	2.0077	2.0152	0.0000	0.0000	0.0000	0.0000	0.0000	0.0000	0.0000	0.0000	0.0000	0.0000	0.0000	0.0000	0.0000	0.0000	0.0000	0.0000	0.0000	0.0000	0.0000	0.0000	0.0000	0.0000	0.0000	0.0000	0.0000	0.0000	0.0000	0.0140	0.0084	0.0056	0.0030	0.0023	0.0006	0.0110	0.0061	0.0049	0.0000	0.0000	0.0000	0.0000	0.0000	0.0000	0.0000	0.0000	0.0000	0.0000	0.0000	0.0000	0.0000	0.0000	0.0002	0.0000	0.0000	0.0000				
20	49	0.1458	4	1	1	1	0	0	0	0	0	N	N	N	N	N	N	N	N	N	N	N	N	0.0000	0.0000	0.0000	0.0000	0.0000	0.0000	0.0000	0.0000	0.0000	0.0000	0.0000	0.0000	0.0000	0.0000	0.0000	0.0000	0.0000	0.0000	0.0002	0.0001	0.0004	0.0000	0.0000	0.0000	0.7167	0.0000	-0.0000	1.0004	0.0003	2.0077	1.0311	0.0000	0.0000	0.0000	0.0000	0.0000	0.0000	0.0000	0.0000	0.0000	0.0000	0.0000	0.0000	0.0000	0.0000	0.0000	0.0000	0.0000	0.0000	0.0000	0.0000	0.0000	0.0000	0.0000	0.0000	0.0000	0.0000	0.0000	0.0073	0.0044	0.0028	0.0015	0.0012	0.0003	0.0057	0.0032	0.0025	0.0000	0.0000	0.0000	0.0000	0.0000	0.0000	0.0000	0.0000	0.0000	0.0000	0.0000	0.0000	0.0002	0.0001	0.0004	0.0000	0.0000	0.0000				
20	50	0.1458	4	1	2	1	0	0	0	0	0	N	Y	N	N	N	N	N	N	N	N	N	N	0.0000	0.0000	0.0000	0.0000	0.0000	0.0000	0.0000	0.0000	0.0000	0.0000	0.0000	0.0000	0.0000	0.0000	0.0000	0.0000	0.0001	0.0000	0.0004	0.0000	0.0000	0.0000	inf	0.0000	0.0000	1.0004	0.0003	2.0077	1.0126	0.0000	0.0000	0.0000	0.0000	0.0000	0.0000	0.0000	0.0000	0.0000	0.0000	0.0000	0.0000	0.0000	0.0000	0.0000	0.0000	0.0000	0.0000	0.0000	0.0000	0.0000	0.0000	0.0000	0.0000	0.0000	0.0000	0.0000	0.0071	0.0043	0.0028	0.0015	0.0012	0.0003	0.0056	0.0032	0.0025	0.0000	0.0000	0.0000	0.0000	0.0000	0.0000	0.0000	0.0000	0.0000	0.0000	0.0000	0.0000	0.0001	0.0000	0.0004	0.0000	0.0000	0.0000						
20	51	0.1750	3	1	2	0	0	0	0	0	0	N	Y	N	N	N	N	N	N	N	N	N	N	0.0000	0.0000	0.0000	0.0000	0.0000	0.0000	0.0000	0.0000	0.0000	0.0000	0.0000	0.0000	0.0000	0.0000	0.0000	0.0000	0.0000	0.0000	0.0000	0.0000	1.0004	0.0000	2.0077	1.0000	0.0000	0.0000	0.0000	0.0000	0.0000	0.0000	0.0000	0.0000	0.0000	0.0000	0.0000	0.0000	0.0000	0.0000	0.0000	0.0000	0.0000	0.0000	0.0000	0.0000	0.0000	0.0000	0.0000	0.0000	0.0000	0.0000	0.0000	0.0067	0.0041	0.0026	0.0020	0.0016	0.0004	0.0048	0.0026	0.0022	0.0000	0.0000	0.0000	0.0000	0.0000	0.0000	0.0000	0.0000	0.0000	0.0000	0.0000	0.0000	0.0000	0.0000	0.0000	0.0000	0.0000	0.0000											
20	52	0.1711	6	0	2	0	1	0	0	0	0	N	Y	N	N	N	N	N	N	N	N	N	N	0.0000	0.0000	0.0000	0.0000	0.0000	0.0000	0.0000	0.0000	0.0000	0.0000	0.0000	0.0000	0.0000	0.0000	0.0000	0.0000	0.0000	0.0021	0.0031	0.0000	0.0069	0.0080	0.0000	0.0000	0.0000	0.0000	0.0001	0.0000	-0.0000	1.0004	0.9995	2.0077	1.0399	0.0000	0.0000	0.0000	0.0000	0.0000	0.0000	0.0000	0.0000	0.0000	0.0000	0.0000	0.0000	0.0000	0.0000	0.0000	0.0000	0.0000	0.0000	0.0137	0.0117	0.0021	0.0004	0.0004	0.0000	0.0133	0.0113	0.0021	0.0185	0.0125	0.0060	0.0057	0.0049	0.0008	0.0128	0.0076	0.0052	0.0000	0.0000	0.0000	0.0000	0.0000	0.0000	0.0000	0.0000	0.0000	0.0021	0.0031	0.0000	0.0069	0.0080	0.0000	0.0000	0.0000	0.0000		
20	53	0.1711	6	0	1	0	1	0	0	0	0	N	N	N	N	N	N	N	N	N	N	N	N	0.0000	0.0000	0.0000	0.0000	0.0000	0.0000	0.0000	0.0000	0.0000	0.0000	0.0000	0.0000	0.0000	0.0000	0.0000	0.0000	0.0000	0.0000	0.0000	0.0000	0.0000	0.0000	0.0000	0.0000	0.0000	0.0108	0.0000	-0.0000	1.0004	3.0005	2.0077	1.0125	0.0000	0.0000	0.0000	0.0000	0.0000	0.0000	0.0000	0.0000	0.0000	0.0000	0.0000	0.0000	0.0000	0.0000	0.0000	0.0000	0.0000	0.0000	0.0404	0.0344	0.0061	0.0012	0.0011	0.0001	0.0393	0.0333	0.0060	0.0312	0.0201	0.0112	0.0087	0.0073	0.0014	0.0225	0.0128	0.0097	0.0000	0.0000	0.0000	0.0000	0.0000	0.0000	0.0000	0.0000	0.0000	0.0000	0.0000	0.0000	0.0000	0.0000	0.0000	0.0000	0.0000	0.0000			
20	54	0.1629	5	0	1	0	1	0	0	0	0	N	N	N	N	N	N	N	N	N	N	N	N	0.0000	0.0000	0.0000	0.0000	0.0000	0.0000	0.0000	0.0000	0.0000	0.0000	0.0000	0.0000	0.0000	0.0000	0.0000	0.0000	0.0000	0.0000	0.0037	0.0051	0.0018	0.0037	0.0049	0.0000	0.0037	0.0052	0.0020	0.2478	0.0000	-0.0000	1.0004	0.0013	2.0077	1.9704	0.0000	0.0000	0.0000	0.0000	0.0000	0.0000	0.0000	0.0000	0.0000	0.0000	0.0000	0.0000	0.0000	0.0000	0.0000	0.0000	0.0000	0.0000	0.0000	0.0000	0.0000	0.0000	0.0000	0.0000	0.0000	0.0000	0.0000	0.0132	0.0077	0.0055	0.0027	0.0021	0.0006	0.0104	0.0056	0.0048	0.0000	0.0000	0.0000	0.0000	0.0000	0.0000	0.0000	0.0000	0.0000	0.0037	0.0051	0.0018	0.0037	0.0049	0.0000	0.0037	0.0052	0.0020	
20	55	0.1321	4	0	1	0	1	0	0	0	0	N	N	N	N	N	N	N	N	N	N	N	N	0.0000	0.0000	0.0000	0.0000	0.0000	0.0000	0.0000	0.0000	0.0000	0.0000	0.0000	0.0000	0.0000	0.0000	0.0000	0.0000	0.0000	0.0000	0.0000	0.0000	0.0001	0.0000	0.0002	0.0000	0.0000	0.0000	1.4932	0.0000	0.0000	1.0004	3.0000	2.0077	4.0155	0.0000	0.0000	0.0000	0.0000	0.0000	0.0000	0.0000	0.0000	0.0000	0.0000	0.0000	0.0000	0.0000	0.0000	0.0000	0.0000	0.0000	0.0000	0.0404	0.0343	0.0061	0.0005	0.0005	0.0000	0.0399	0.0338	0.0061	0.0464	0.0272	0.0192	0.0094	0.0073	0.0021	0.0370	0.0199	0.0170	0.0000	0.0000	0.0000	0.0000	0.0000	0.0000	0.0000	0.0000	0.0000	0.0000	0.0000	0.0000	0.0001	0.0000	0.0002	0.0000	0.0000	0.0000		
20	56	0.1364	5	0	2	1	0	0	0	0	0	N	Y	N	N	N	N	N	N	N	N	N	N	0.0000	0.0000	0.0000	0.0000	0.0000	0.0000	0.0000	0.0000	0.0000	0.0000	0.0000	0.0000	0.0000	0.0000	0.0000	0.0000	0.0000	0.0000	0.0242	0.0362	0.0000	0.0938	0.1337	0.0000	0.0000	0.0000	0.0000	0.0000	0.0000	-0.0009	1.0004	2.0013	2.0077	5.6727	0.0000	0.0000	0.0000	0.0000	0.0000	0.0000	0.0000	0.0000	0.0000	0.0016	0.0016	0.0000	0.0016	0.0016	0.0000	0.0000	0.0000	0.0000	0.0271	0.0231	0.0040	0.0016	0.0015	0.0001	0.0255	0.0216	0.0039	0.0663	0.0443	0.0221	0.0188	0.0166	0.0023	0.0475	0.0277	0.0198	0.0000	0.0000	0.0000	0.0000	0.0000	0.0000	0.0000	0.0000	0.0000	0.0242	0.0362	0.0000	0.0851	0.0968	0.0000	0.0000	0.0000	0.0000	
20	57	0.1327	4	0	2	0	0	0	0	0	0	N	Y	N	N	N	N	N	N	N	N	N	N	0.0000	0.0000	0.0000	0.0000	0.0000	0.0000	0.0000	0.0000	0.0000	0.0000	0.0000	0.0000	0.0000	0.0000	0.0000	0.0000	0.0000	0.0000	0.0517	0.0528	0.0481	0.0339	0.0316	0.0850	0.0638	0.0750	0.0468	0.2892	0.0000	-0.0005	1.0004	0.0033	2.0077	1.3874	0.0000	0.0000	0.0000	0.0000	0.0000	0.0000	0.0000	0.0000	0.0000	0.0015	0.0011	0.0003	0.0004	0.0004	0.0000	0.0011	0.0008	0.0003	0.0001	0.0001	0.0000	0.0000	0.0000	0.0000	0.0001	0.0000	0.0000	0.0286	0.0217	0.0069	0.0116	0.0111	0.0005	0.0170	0.0106	0.0064	0.0000	0.0000	0.0000	0.0000	0.0000	0.0000	0.0000	0.0000	0.0000	0.0517	0.0528	0.0481	0.0339	0.0316	0.0850	0.0638	0.0750	0.0453	
20	58	0.1175	3	1	1	1	0	0	0	0	0	N	N	N	N	N	N	N	N	N	N	N	N	0.0000	0.0000	0.0000	0.0000	0.0000	0.0000	0.0000	0.0000	0.0000	0.0000	0.0000	0.0000	0.0000	0.0000	0.0000	0.0000	0.0000	0.0000	0.0000	0.0000	1.0004	0.0000	2.0077	2.0000	0.0000	0.0000	0.0000	0.0000	0.0000	0.0000	0.0000	0.0000	0.0000	0.0000	0.0000	0.0000	0.0000	0.0000	0.0000	0.0000	0.0000	0.0000	0.0000	0.0000	0.0000	0.0000	0.0000	0.0000	0.0000	0.0000	0.0000	0.0128	0.0078	0.0050	0.0026	0.0020	0.0006	0.0101	0.0057	0.0044	0.0000	0.0000	0.0000	0.0000	0.0000	0.0000	0.0000	0.0000	0.0000	0.0000	0.0000	0.0000	0.0000	0.0000	0.0000	0.0000	0.0000	0.0000											
20	59	0.1327	4	0	2	0	0	0	0	0	0	N	Y	N	N	N	N	N	N	N	N	N	N	0.0000	0.0000	0.0000	0.0000	0.0000	0.0000	0.0000	0.0000	0.0000	0.0000	0.0000	0.0000	0.0000	0.0000	0.0000	0.0000	0.0000	0.0000	0.0236	0.0183	0.0349	0.0179	0.0148	0.0442	0.0260	0.0206	0.0339	0.8857	0.0000	-0.0001	1.0004	1.9997	2.0077	3.4660	0.0000	0.0000	0.0000	0.0000	0.0000	0.0000	0.0000	0.0000	0.0000	0.0012	0.0007	0.0006	0.0003	0.0002	0.0001	0.0010	0.0004	0.0005	0.0270	0.0230	0.0040	0.0016	0.0015	0.0001	0.0254	0.0215	0.0039	0.0526	0.0359	0.0167	0.0158	0.0142	0.0017	0.0368	0.0218	0.0150	0.0000	0.0000	0.0000	0.0000	0.0000	0.0000	0.0000	0.0000	0.0000	0.0236	0.0183	0.0349	0.0179	0.0148	0.0442	0.0260	0.0206	0.0339	
20	60	0.1175	3	0	2	0	0	0	0	0	0	N	Y	N	N	N	N	N	N	N	N	N	N	0.0000	0.0000	0.0000	0.0000	0.0000	0.0000	0.0000	0.0000	0.0000	0.0000	0.0000	0.0000	0.0000	0.0000	0.0000	0.0000	0.0000	0.0000	0.0346	0.0016	0.0925	0.0206	0.0001	0.0885	0.0383	0.0021	0.0936	35.3640	0.0000	0.0003	1.0004	0.0005	2.0077	3.6054	0.0000	0.0000	0.0000	0.0000	0.0000	0.0000	0.0000	0.0000	0.0000	0.0008	0.0000	0.0008	0.0001	0.0000	0.0001	0.0007	0.0000	0.0007	0.0000	0.0000	0.0000	0.0000	0.0000	0.0000	0.0000	0.0000	0.0000	0.0228	0.0139	0.0089	0.0047	0.0036	0.0011	0.0181	0.0102	0.0078	0.0000	0.0000	0.0000	0.0000	0.0000	0.0000	0.0000	0.0000	0.0000	0.0346	0.0016	0.0858	0.0206	0.0001	0.0885	0.0383	0.0021	0.0855	
20	61	0.2032	6	0	1	1	0	0	0	0	0	N	N	N	N	N	N	N	N	N	N	N	N	0.0000	0.0000	0.0000	0.0000	0.0000	0.0000	0.0000	0.0000	0.0000	0.0000	0.0000	0.0000	0.0000	0.0000	0.0000	0.0000	0.0000	0.0000	0.0000	0.0000	1.0004	0.0000	2.0077	1.0000	0.0000	0.0000	0.0000	0.0000	0.0000	0.0000	0.0000	0.0000	0.0000	0.0000	0.0000	0.0000	0.0000	0.0000	0.0000	0.0000	0.0000	0.0000	0.0000	0.0000	0.0000	0.0000	0.0000	0.0000	0.0000	0.0000	0.0000	0.0064	0.0038	0.0026	0.0018	0.0013	0.0005	0.0046	0.0025	0.0021	0.0000	0.0000	0.0000	0.0000	0.0000	0.0000	0.0000	0.0000	0.0000	0.0000	0.0000	0.0000	0.0000	0.0000	0.0000	0.0000	0.0000	0.0000											
20	62	0.1989	5	0	1	0	0	0	0	0	0	N	N	N	N	N	N	N	N	N	N	N	N	3.7787	2.9149	0.0000	3.7029	3.3744	0.0000	0.0000	0.0000	0.0315	0.0366	0.0000	0.0903	0.1001	0.0000	0.0000	0.0000	0.0000	0.0083	0.0125	0.0000	0.0244	0.0297	0.0000	0.0001	0.0001	0.0000	0.0000	0.0000	-0.0000	-0.0000	1.0004	0.0001	2.0077	1.0076	0.0000	0.0000	0.0000	0.0000	0.0000	0.0000	0.0000	0.0000	0.0000	0.0001	0.0001	0.0000	0.0001	0.0001	0.0000	0.0000	0.0000	0.0000	0.0000	0.0000	0.0000	0.0000	0.0000	0.0000	0.0000	0.0000	0.0000	0.0086	0.0057	0.0029	0.0029	0.0024	0.0005	0.0057	0.0033	0.0024	3.7787	2.9149	0.0000	3.7029	3.3744	0.0000	0.0000	0.0000	0.0000	0.0083	0.0125	0.0000	0.0244	0.0297	0.0000	0.0001	0.0001	0.0000	
20	63	0.1321	4	0	1	0	0	0	0	0	0	N	N	N	N	N	N	N	N	N	N	N	N	20.9920	30.6827	0.0000	458.4506	551.0558	0.0000	0.0000	0.0000	0.0000	0.0299	0.0351	0.0000	2.2316	2.3621	0.0000	0.0000	0.0000	0.0000	0.0014	0.0011	0.0018	0.0049	0.0043	0.0068	0.0006	0.0000	0.0012	0.0000	1.1293	-0.0021	-0.0000	1.0004	11.9999	2.0077	3.0574	0.0044	0.0044	0.0000	0.0044	0.0044	0.0000	0.0000	0.0000	0.0000	0.0001	0.0001	0.0001	0.0001	0.0001	0.0000	0.0000	0.0000	0.0000	0.1486	0.1270	0.0217	0.0020	0.0019	0.0001	0.1467	0.1251	0.0216	0.0926	0.0543	0.0383	0.0185	0.0142	0.0043	0.0742	0.0401	0.0341	20.9920	30.6827	0.0000	458.4506	551.0558	0.0000	0.0000	0.0000	0.0000	0.0014	0.0011	0.0018	0.0049	0.0043	0.0068	0.0006	0.0000	0.0012
20	64	0.1175	3	1	2	0	0	0	0	0	0	N	Y	N	N	N	N	N	N	N	N	N	N	inf	inf	inf	inf	0.0100	0.0117	0.0000	0.1730	0.1823	0.0000	0.0000	0.0000	0.0000	0.0000	0.0000	0.0000	0.0000	0.0000	0.0000	0.0000	0.0000	0.0000	0.0000	-0.0002	0.0000	1.0004	4.0000	2.0077	3.0000	0.0005	0.0005	0.0000	0.0005	0.0005	0.0000	0.0000	0.0000	0.0000	0.0000	0.0000	0.0000	0.0000	0.0000	0.0000	0.0000	0.0000	0.0000	0.0530	0.0452	0.0078	0.0031	0.0029	0.0002	0.0499	0.0423	0.0076	0.0431	0.0262	0.0169	0.0089	0.0068	0.0021	0.0342	0.0194	0.0148	inf	inf	0.0000	inf	inf	0.0000	0.0000	0.0000	0.0000	0.0000	0.0000	0.0000	0.0000	0.0000	0.0000	0.0000	0.0000	0.0000						
20	65	0.0757	2	0	1	0	0	0	0	0	0	N	N	N	N	N	N	N	N	N	N	N	N	0.0001	0.0029	0.0000	0.0122	0.0295	0.0000	0.0000	0.0000	0.0000	0.0000	0.0000	0.0001	0.0001	0.0000	0.0000	0.0000	0.0000	0.0240	0.0009	0.0558	0.0091	0.0040	0.0259	0.0272	0.0000	0.0592	0.0000	42.8191	-0.0000	0.0008	1.0004	2.0015	2.0077	10.0016	0.0000	0.0000	0.0000	0.0000	0.0000	0.0000	0.0000	0.0000	0.0000	0.0018	0.0000	0.0017	0.0001	0.0000	0.0001	0.0017	0.0000	0.0017	0.0274	0.0233	0.0041	0.0006	0.0005	0.0000	0.0269	0.0228	0.0041	0.0742	0.0430	0.0312	0.0132	0.0102	0.0031	0.0609	0.0329	0.0281	0.0001	0.0029	0.0000	0.0122	0.0295	0.0000	0.0000	0.0000	0.0000	0.0240	0.0009	0.0558	0.0091	0.0040	0.0259	0.0272	0.0000	0.0591	
20	67	0.2305	4	0	1	0	0	0	0	0	0	N	N	N	N	N	N	N	N	N	N	N	N	6.1787	5.0385	0.0000	42.6743	38.2968	0.0000	0.0002	0.0001	0.0000	0.0537	0.0624	0.0000	0.4465	0.4829	0.0000	0.0000	0.0000	0.0000	0.0087	0.0124	0.0003	0.0105	0.0126	0.0003	0.0071	0.0121	0.0004	0.0000	0.0122	-0.0018	-0.0009	1.0004	4.8614	2.0077	14.2102	0.0040	0.0040	0.0000	0.0040	0.0040	0.0000	0.0000	0.0000	0.0000	0.0017	0.0016	0.0000	0.0010	0.0009	0.0000	0.0007	0.0007	0.0000	0.0739	0.0636	0.0103	0.0089	0.0082	0.0007	0.0650	0.0553	0.0097	0.1915	0.1327	0.0588	0.0912	0.0753	0.0159	0.1003	0.0574	0.0429	6.1787	5.0385	0.0000	42.6743	38.2968	0.0000	0.0002	0.0001	0.0000	0.0087	0.0124	0.0003	0.0105	0.0126	0.0003	0.0071	0.0121	0.0004
20	68	0.1514	6	1	2	1	0	0	0	0	0	N	Y	N	N	N	N	N	N	N	N	N	N	0.0000	0.0000	0.0000	0.0000	0.0000	0.0000	0.0000	0.0000	0.0000	0.0000	0.0000	0.0000	0.0000	0.0000	0.0000	0.0000	0.0000	0.0000	0.0000	0.0000	1.0004	0.0000	2.0077	0.0000	0.0000	0.0000	0.0000	0.0000	0.0000	0.0000	0.0000	0.0000	0.0000	0.0000	0.0000	0.0000	0.0000	0.0000	0.0000	0.0000	0.0000	0.0000	0.0000	0.0000	0.0000	0.0000	0.0000	0.0000	0.0000	0.0000	0.0000	0.0000	0.0000	0.0000	0.0000	0.0000	0.0000	0.0000	0.0000	0.0000	0.0000	0.0000	0.0000	0.0000	0.0000	0.0000	0.0000	0.0000	0.0000	0.0000	0.0000	0.0000	0.0000	0.0000	0.0000	0.0000	0.0000	0.0000											
20	69	0.1473	5	1	1	1	0	0	0	0	0	N	N	N	N	N	N	N	N	N	N	N	N	0.0000	0.0000	0.0000	0.0000	0.0000	0.0000	0.0000	0.0000	0.0000	0.0000	0.0000	0.0000	0.0000	0.0000	0.0000	0.0000	0.0000	0.0000	0.0000	0.0000	0.0001	0.0001	0.0001	0.0000	0.0000	0.0000	0.5427	0.0000	-0.0000	1.0004	0.0016	2.0077	0.9826	0.0000	0.0000	0.0000	0.0000	0.0000	0.0000	0.0000	0.0000	0.0000	0.0000	0.0000	0.0000	0.0000	0.0000	0.0000	0.0000	0.0000	0.0000	0.0001	0.0001	0.0000	0.0000	0.0000	0.0000	0.0001	0.0000	0.0000	0.0069	0.0043	0.0026	0.0016	0.0013	0.0003	0.0053	0.0029	0.0023	0.0000	0.0000	0.0000	0.0000	0.0000	0.0000	0.0000	0.0000	0.0000	0.0000	0.0000	0.0000	0.0001	0.0001	0.0001	0.0000	0.0000	0.0000		
20	70	0.1345	4	1	1	1	0	0	0	0	0	N	N	N	N	N	N	N	N	N	N	N	N	0.0000	0.0000	0.0000	0.0000	0.0000	0.0000	0.0000	0.0000	0.0000	0.0000	0.0000	0.0000	0.0000	0.0000	0.0000	0.0000	0.0000	0.0017	0.0015	0.0020	0.0045	0.0053	0.0011	0.0009	0.0000	0.0021	0.8017	0.0000	-0.0000	1.0004	0.0061	2.0077	3.0249	0.0000	0.0000	0.0000	0.0000	0.0000	0.0000	0.0000	0.0000	0.0000	0.0000	0.0000	0.0000	0.0000	0.0000	0.0000	0.0000	0.0000	0.0000	0.0002	0.0002	0.0000	0.0001	0.0001	0.0000	0.0001	0.0001	0.0000	0.0211	0.0131	0.0080	0.0046	0.0037	0.0009	0.0165	0.0094	0.0071	0.0000	0.0000	0.0000	0.0000	0.0000	0.0000	0.0000	0.0000	0.0000	0.0017	0.0015	0.0020	0.0045	0.0053	0.0011	0.0009	0.0000	0.0021		
20	71	0.1175	3	1	1	1	0	0	0	0	0	N	N	N	N	N	N	N	N	N	N	N	N	0.0000	0.0000	0.0000	0.0000	0.0000	0.0000	0.0000	0.0000	0.0000	0.0000	0.0000	0.0000	0.0000	0.0000	0.0000	0.0000	0.0000	0.0000	0.0695	0.0026	0.2214	0.0228	0.0100	0.0652	0.0817	0.0000	0.2367	42.4567	0.0000	0.0008	1.0004	0.0044	2.0077	4.0281	0.0000	0.0000	0.0000	0.0000	0.0000	0.0000	0.0000	0.0000	0.0000	0.0018	0.0000	0.0017	0.0001	0.0000	0.0001	0.0016	0.0000	0.0016	0.0001	0.0001	0.0000	0.0000	0.0000	0.0000	0.0001	0.0000	0.0000	0.0254	0.0154	0.0100	0.0053	0.0040	0.0012	0.0202	0.0114	0.0087	0.0000	0.0000	0.0000	0.0000	0.0000	0.0000	0.0000	0.0000	0.0000	0.0695	0.0026	0.1732	0.0228	0.0100	0.0652	0.0817	0.0000	0.1882	
20	72	0.0757	2	0	2	0	0	0	0	0	0	N	Y	N	N	N	N	N	N	N	N	N	N	0.0000	0.0873	0.0000	0.0672	0.9178	0.0000	0.0000	0.0000	0.0000	0.0000	0.0000	0.0000	0.0000	0.0000	0.0000	0.0000	0.0000	0.0177	0.0000	0.0423	0.0006	0.0000	0.0024	0.0214	0.0000	0.0481	0.0000	2814.0231	-0.0000	0.0008	1.0004	5.9987	2.0077	11.0016	0.0000	0.0000	0.0000	0.0000	0.0000	0.0000	0.0000	0.0000	0.0000	0.0018	0.0000	0.0018	0.0000	0.0000	0.0000	0.0018	0.0000	0.0018	0.0790	0.0673	0.0117	0.0016	0.0015	0.0001	0.0774	0.0658	0.0116	0.1011	0.0587	0.0423	0.0180	0.0138	0.0042	0.0831	0.0450	0.0382	0.0000	0.0873	0.0000	0.0672	0.9178	0.0000	0.0000	0.0000	0.0000	0.0177	0.0000	0.0423	0.0006	0.0000	0.0024	0.0214	0.0000	0.0466	
20	73	0.1175	3	1	1	1	0	0	0	0	0	N	N	N	N	N	N	N	N	N	N	N	N	0.0000	0.0000	0.0000	0.0000	0.0000	0.0000	0.0000	0.0000	0.0000	0.0000	0.0000	0.0000	0.0000	0.0000	0.0000	0.0104	0.0172	0.0000	0.0225	0.0293	0.0000	0.0073	0.0129	0.0000	0.0000	0.0000	-0.0002	1.0004	2.0000	2.0077	5.0000	0.0000	0.0000	0.0000	0.0000	0.0000	0.0000	0.0000	0.0000	0.0000	0.0004	0.0004	0.0000	0.0002	0.0002	0.0000	0.0003	0.0003	0.0000	0.0270	0.0230	0.0040	0.0016	0.0015	0.0001	0.0254	0.0215	0.0039	0.0431	0.0262	0.0169	0.0089	0.0068	0.0021	0.0342	0.0194	0.0148	0.0000	0.0000	0.0000	0.0000	0.0000	0.0000	0.0000	0.0000	0.0000	0.0104	0.0172	0.0000	0.0225	0.0293	0.0000	0.0073	0.0129	0.0000				
20	74	0.1175	4	0	2	0	0	0	0	0	0	N	Y	N	N	N	N	N	N	N	N	N	N	0.0000	0.0000	0.0000	0.0000	0.0000	0.0000	0.0000	0.0000	0.0000	0.0000	0.0000	0.0000	0.0000	0.0000	0.0000	0.0000	0.0000	0.0000	8.4750	13.6203	0.0000	0.0069	0.0086	0.0000	10.5177	18.9062	0.0000	0.0000	0.0000	-0.5361	1.0004	6.1274	2.0077	13.6208	0.0000	0.0000	0.0000	0.0000	0.0000	0.0000	0.0000	0.0000	0.0000	0.9929	0.9929	0.0000	0.0002	0.0002	0.0000	0.9927	0.9927	0.0000	0.0834	0.0712	0.0123	0.0032	0.0031	0.0001	0.0802	0.0681	0.0121	0.1235	0.0757	0.0477	0.0291	0.0232	0.0059	0.0944	0.0525	0.0419	0.0000	0.0000	0.0000	0.0000	0.0000	0.0000	0.0000	0.0000	0.0000	8.0428	13.1131	0.0000	0.0069	0.0086	0.0000	10.5177	18.9062	0.0000	
20	75	0.1420	7	0	1	1	0	0	0	0	0	N	N	N	N	N	N	N	N	N	N	N	N	0.0000	0.0000	0.0000	0.0000	0.0000	0.0000	0.0000	0.0000	0.0000	0.0000	0.0000	0.0000	0.0000	0.0000	0.0000	0.0000	0.0000	0.0001	0.0000	0.0000	0.0002	0.0000	0.0000	0.0001	inf	0.0000	0.0000	1.0004	0.0000	2.0077	1.0003	0.0000	0.0000	0.0000	0.0000	0.0000	0.0000	0.0000	0.0000	0.0000	0.0000	0.0000	0.0000	0.0000	0.0000	0.0000	0.0000	0.0000	0.0000	0.0000	0.0000	0.0000	0.0000	0.0000	0.0000	0.0000	0.0000	0.0000	0.0067	0.0041	0.0025	0.0015	0.0012	0.0003	0.0051	0.0029	0.0022	0.0000	0.0000	0.0000	0.0000	0.0000	0.0000	0.0000	0.0000	0.0000	0.0000	0.0000	0.0001	0.0000	0.0000	0.0002	0.0000	0.0000	0.0001				
20	76	0.1379	6	0	1	1	0	0	0	0	0	N	N	N	N	N	N	N	N	N	N	N	N	0.0000	0.0000	0.0000	0.0000	0.0000	0.0000	0.0000	0.0000	0.0000	0.0000	0.0000	0.0000	0.0000	0.0000	0.0000	0.0000	0.0000	0.0000	0.0435	0.0000	0.1339	0.0513	0.0000	0.2270	0.0412	0.0000	0.1062	10754.4641	0.0000	0.0001	1.0004	0.0000	2.0077	1.0076	0.0000	0.0000	0.0000	0.0000	0.0000	0.0000	0.0000	0.0000	0.0000	0.0003	0.0000	0.0003	0.0001	0.0000	0.0001	0.0002	0.0000	0.0002	0.0000	0.0000	0.0000	0.0000	0.0000	0.0000	0.0000	0.0000	0.0000	0.0067	0.0041	0.0025	0.0016	0.0012	0.0004	0.0051	0.0029	0.0022	0.0000	0.0000	0.0000	0.0000	0.0000	0.0000	0.0000	0.0000	0.0000	0.0435	0.0000	0.1141	0.0513	0.0000	0.2270	0.0412	0.0000	0.0959	
20	77	0.1338	5	0	1	0	0	0	0	0	0	N	N	N	N	N	N	N	N	N	N	N	N	0.0000	0.0000	0.0000	0.0000	0.0000	0.0000	0.0000	0.0000	0.0000	0.0000	0.0000	0.0000	0.0000	0.0000	0.0000	0.0000	0.0000	0.0000	0.0000	0.0000	0.0001	0.0001	0.0000	0.0002	0.0000	0.0000	0.0001	13.7832	0.0000	0.0000	1.0004	0.0026	2.0077	0.9924	0.0000	0.0000	0.0000	0.0000	0.0000	0.0000	0.0000	0.0000	0.0000	0.0000	0.0000	0.0000	0.0000	0.0000	0.0000	0.0000	0.0000	0.0000	0.0001	0.0001	0.0000	0.0000	0.0000	0.0000	0.0001	0.0001	0.0000	0.0066	0.0041	0.0025	0.0015	0.0012	0.0003	0.0050	0.0029	0.0022	0.0000	0.0000	0.0000	0.0000	0.0000	0.0000	0.0000	0.0000	0.0000	0.0000	0.0000	0.0001	0.0001	0.0000	0.0002	0.0000	0.0000	0.0001	
20	78	0.1175	4	0	1	0	0	0	0	0	0	N	N	N	N	N	N	N	N	N	N	N	N	0.0000	0.0000	0.0000	0.0000	0.0000	0.0000	0.0000	0.0000	0.0000	0.0000	0.0000	0.0000	0.0000	0.0000	0.0000	0.0000	0.0000	0.0000	0.0111	0.0171	0.0000	0.0394	0.0459	0.0002	0.0000	0.0000	0.0000	0.0015	0.0000	-0.0002	1.0004	2.8733	2.0077	1.5522	0.0000	0.0000	0.0000	0.0000	0.0000	0.0000	0.0000	0.0000	0.0000	0.0004	0.0004	0.0000	0.0004	0.0004	0.0000	0.0000	0.0000	0.0000	0.0421	0.0359	0.0062	0.0024	0.0024	0.0001	0.0397	0.0335	0.0061	0.0375	0.0244	0.0132	0.0106	0.0091	0.0015	0.0269	0.0153	0.0117	0.0000	0.0000	0.0000	0.0000	0.0000	0.0000	0.0000	0.0000	0.0000	0.0111	0.0171	0.0000	0.0394	0.0459	0.0002	0.0000	0.0000	0.0000	
20	79	0.1053	3	0	1	0	0	0	0	0	0	N	N	N	N	N	N	N	N	N	N	N	N	0.0054	0.0000	0.6311	0.0629	0.0000	101.9122	0.0001	0.0000	0.0099	0.0001	0.0000	0.0005	0.0003	0.0000	0.0731	0.0000	0.0000	0.0000	0.0121	0.0173	0.0008	0.0049	0.0053	0.0007	0.0154	0.0262	0.0008	inf	0.0204	0.0000	-0.0003	1.0004	0.2102	2.0077	3.4985	0.0000	0.0000	0.0000	0.0000	0.0000	0.0000	0.0000	0.0000	0.0000	0.0005	0.0005	0.0000	0.0001	0.0001	0.0000	0.0004	0.0004	0.0000	0.0048	0.0042	0.0006	0.0010	0.0010	0.0000	0.0038	0.0032	0.0006	0.0404	0.0277	0.0128	0.0128	0.0117	0.0011	0.0276	0.0160	0.0117	0.0054	0.0000	0.6311	0.0629	0.0000	101.9122	0.0001	0.0000	0.0099	0.0121	0.0173	0.0008	0.0049	0.0053	0.0007	0.0154	0.0262	0.0008
20	80	0.1364	5	0	2	0	0	0	0	0	0	N	Y	N	N	N	N	N	N	N	N	N	N	0.0000	0.0000	0.0000	0.0000	0.0000	0.0000	0.0000	0.0000	0.0000	0.0000	0.0000	0.0000	0.0000	0.0000	0.0000	0.0000	0.0000	0.0000	0.0094	0.0156	0.0000	0.0172	0.0220	0.0001	0.0068	0.0124	0.0000	0.0013	0.0000	-0.0003	1.0004	2.0196	2.0077	6.0690	0.0000	0.0000	0.0000	0.0000	0.0000	0.0000	0.0000	0.0000	0.0000	0.0005	0.0005	0.0000	0.0002	0.0002	0.0000	0.0003	0.0003	0.0000	0.0278	0.0237	0.0042	0.0010	0.0009	0.0000	0.0269	0.0228	0.0041	0.0561	0.0339	0.0222	0.0142	0.0111	0.0031	0.0418	0.0228	0.0191	0.0000	0.0000	0.0000	0.0000	0.0000	0.0000	0.0000	0.0000	0.0000	0.0094	0.0156	0.0000	0.0172	0.0220	0.0001	0.0068	0.0124	0.0000	
20	81	0.1281	4	0	1	0	0	0	0	0	0	N	N	N	N	N	N	N	N	N	N	N	N	0.0000	0.0000	0.0000	0.0000	0.0000	0.0000	0.0000	0.0000	0.0000	0.0000	0.0000	0.0000	0.0000	0.0000	0.0000	0.0000	0.0000	0.0000	0.0426	0.0720	0.0001	0.0554	0.0725	0.0002	0.0389	0.0721	0.0000	0.0006	0.0000	-0.0003	1.0004	0.9876	2.0077	0.9833	0.0000	0.0000	0.0000	0.0000	0.0000	0.0000	0.0000	0.0000	0.0000	0.0006	0.0006	0.0000	0.0002	0.0002	0.0000	0.0004	0.0004	0.0000	0.0135	0.0115	0.0021	0.0003	0.0003	0.0000	0.0133	0.0112	0.0020	0.0138	0.0081	0.0056	0.0030	0.0023	0.0007	0.0107	0.0058	0.0049	0.0000	0.0000	0.0000	0.0000	0.0000	0.0000	0.0000	0.0000	0.0000	0.0426	0.0720	0.0001	0.0554	0.0717	0.0002	0.0389	0.0721	0.0000	
20	82	0.1458	4	1	1	1	0	0	0	0	0	N	N	N	N	N	N	N	N	N	N	N	N	0.0000	0.0000	0.0000	0.0000	0.0000	0.0000	0.0000	0.0000	0.0000	0.0000	0.0000	0.0000	0.0000	0.0004	0.0006	0.0000	0.0019	0.0024	0.0000	0.0000	0.0000	0.0000	0.0000	0.0000	-0.0000	1.0004	1.0000	2.0077	2.9874	0.0000	0.0000	0.0000	0.0000	0.0000	0.0000	0.0000	0.0000	0.0000	0.0000	0.0000	0.0000	0.0000	0.0000	0.0000	0.0000	0.0000	0.0000	0.0137	0.0117	0.0021	0.0002	0.0002	0.0000	0.0135	0.0114	0.0021	0.0264	0.0157	0.0107	0.0052	0.0041	0.0012	0.0212	0.0117	0.0095	0.0000	0.0000	0.0000	0.0000	0.0000	0.0000	0.0000	0.0000	0.0000	0.0004	0.0006	0.0000	0.0019	0.0024	0.0000	0.0000	0.0000	0.0000						
20	83	0.1175	3	1	1	1	0	0	0	0	0	N	N	N	N	N	N	N	N	N	N	N	N	0.0000	0.0000	0.0000	0.0000	0.0000	0.0000	0.0000	0.0000	0.0000	0.0000	0.0000	0.0000	0.0000	0.0000	0.0000	0.0000	0.0000	0.0403	0.0000	0.1283	0.0090	0.0000	0.0388	0.0484	0.0000	0.1331	13700.7874	0.0000	0.0008	1.0004	0.9997	2.0077	6.0128	0.0000	0.0000	0.0000	0.0000	0.0000	0.0000	0.0000	0.0000	0.0000	0.0017	0.0000	0.0017	0.0001	0.0000	0.0001	0.0017	0.0000	0.0017	0.0136	0.0116	0.0020	0.0008	0.0007	0.0000	0.0128	0.0109	0.0020	0.0432	0.0263	0.0169	0.0089	0.0068	0.0021	0.0343	0.0194	0.0149	0.0000	0.0000	0.0000	0.0000	0.0000	0.0000	0.0000	0.0000	0.0000	0.0403	0.0000	0.1028	0.0090	0.0000	0.0388	0.0484	0.0000	0.1117		
20	84	0.0757	2	0	2	0	1	0	0	0	0	N	Y	N	N	N	N	N	N	N	N	N	N	0.2566	0.0000	0.9432	0.0000	0.0000	0.0000	0.2463	0.0000	0.8621	0.0051	0.0000	0.0347	0.0000	0.0000	0.0000	0.0052	0.0000	0.0350	0.0200	0.0078	0.0368	0.0141	0.0177	0.0021	0.0212	0.0048	0.0406	inf	3.3733	0.0003	0.0005	1.0004	8.0013	2.0077	12.0015	0.0005	0.0000	0.0005	0.0000	0.0000	0.0000	0.0005	0.0000	0.0005	0.0023	0.0005	0.0018	0.0003	0.0003	0.0000	0.0020	0.0002	0.0018	0.1034	0.0882	0.0153	0.0021	0.0020	0.0001	0.1014	0.0862	0.0151	0.1163	0.0676	0.0486	0.0206	0.0158	0.0048	0.0956	0.0518	0.0438	0.2566	0.0000	0.9432	0.0000	0.0000	0.0000	0.2463	0.0000	0.8621	0.0200	0.0078	0.0368	0.0141	0.0177	0.0021	0.0212	0.0048	0.0406
20	85	0.1321	4	0	2	0	0	0	0	0	0	N	Y	N	N	N	N	N	N	N	N	N	N	0.0000	0.0000	0.0000	0.0000	0.0000	0.0000	0.0000	0.0000	0.0000	0.0000	0.0000	0.0000	0.0000	0.0023	0.0039	0.0000	0.0113	0.0146	0.0000	0.0000	0.0000	0.0000	0.0000	0.0000	-0.0001	1.0004	1.0000	2.0077	6.9850	0.0000	0.0000	0.0000	0.0000	0.0000	0.0000	0.0000	0.0000	0.0000	0.0001	0.0001	0.0000	0.0001	0.0001	0.0000	0.0000	0.0000	0.0000	0.0137	0.0116	0.0021	0.0002	0.0002	0.0000	0.0135	0.0115	0.0021	0.0523	0.0307	0.0216	0.0106	0.0082	0.0024	0.0417	0.0225	0.0192	0.0000	0.0000	0.0000	0.0000	0.0000	0.0000	0.0000	0.0000	0.0000	0.0023	0.0039	0.0000	0.0113	0.0146	0.0000	0.0000	0.0000	0.0000						
20	86	0.1194	3	0	1	0	0	0	0	0	0	N	N	N	N	N	N	N	N	N	N	N	N	0.0973	0.0000	0.3140	0.0000	0.0000	0.0000	0.0931	0.0000	0.2869	0.0000	0.0000	0.0001	0.0000	0.0000	0.0000	0.0000	0.0000	0.0001	0.0002	0.0001	0.0004	0.0002	0.0002	0.0001	0.0002	0.0000	0.0005	inf	6.0716	0.0000	0.0000	1.0004	1.0086	2.0077	2.0000	0.0000	0.0000	0.0000	0.0000	0.0000	0.0000	0.0000	0.0000	0.0000	0.0000	0.0000	0.0000	0.0000	0.0000	0.0000	0.0000	0.0000	0.0000	0.0140	0.0119	0.0021	0.0002	0.0002	0.0000	0.0137	0.0116	0.0021	0.0206	0.0120	0.0086	0.0042	0.0032	0.0010	0.0164	0.0087	0.0077	0.0973	0.0000	0.3140	0.0000	0.0000	0.0000	0.0931	0.0000	0.2869	0.0002	0.0001	0.0004	0.0002	0.0002	0.0001	0.0002	0.0000	0.0005
20	87	0.1175	3	0	2	0	0	0	0	0	0	N	Y	N	N	N	N	N	N	N	N	N	N	0.9972	0.7108	11.1517	9.0350	0.0000	0.0000	0.0100	0.0117	0.0000	0.1730	0.1823	0.0000	0.0000	0.0000	0.0000	0.0100	0.0165	0.0000	0.0155	0.0202	0.0000	0.0086	0.0152	0.0000	0.0000	0.0000	-0.0002	-0.0004	1.0004	4.0000	2.0077	7.0000	0.0005	0.0005	0.0000	0.0005	0.0005	0.0000	0.0000	0.0000	0.0000	0.0007	0.0007	0.0000	0.0002	0.0002	0.0000	0.0004	0.0004	0.0000	0.0530	0.0452	0.0078	0.0031	0.0029	0.0002	0.0499	0.0423	0.0076	0.0658	0.0400	0.0258	0.0135	0.0104	0.0031	0.0522	0.0296	0.0226	0.9972	0.7108	0.0000	11.1517	9.0350	0.0000	0.0000	0.0000	0.0000	0.0100	0.0165	0.0000	0.0155	0.0202	0.0000	0.0086	0.0152	0.0000			
20	88	0.0757	2	0	1	0	0	0	0	0	0	N	N	N	N	N	N	N	N	N	N	N	N	76.9142	0.0000	inf	0.0000	0.0000	inf	inf	0.0130	0.0000	0.0867	0.0000	0.0000	0.0000	0.0133	0.0000	0.0874	0.0002	0.0003	0.0000	0.0009	0.0012	0.0000	0.0000	0.0000	0.0000	inf	0.0000	0.0003	-0.0000	1.0004	2.9985	2.0077	7.0016	0.0005	0.0000	0.0005	0.0000	0.0000	0.0000	0.0005	0.0000	0.0005	0.0000	0.0000	0.0000	0.0000	0.0000	0.0000	0.0000	0.0000	0.0000	0.0407	0.0346	0.0061	0.0008	0.0008	0.0000	0.0398	0.0338	0.0061	0.0628	0.0364	0.0264	0.0112	0.0086	0.0026	0.0516	0.0278	0.0238	76.9142	0.0000	inf	0.0000	0.0000	0.0000	inf	0.0000	inf	0.0002	0.0003	0.0000	0.0009	0.0012	0.0000	0.0000	0.0000	0.0000		
20	89	0.1367	5	0	2	0	0	0	0	0	0	N	Y	N	N	N	N	N	N	N	N	N	N	0.0000	0.0000	0.0000	0.0000	0.0000	0.0000	0.0000	0.0000	0.0000	0.0000	0.0000	0.0000	0.0000	0.0000	0.0000	0.0000	0.0000	0.0000	0.0103	0.0031	0.0208	0.0100	0.0102	0.0094	0.0104	0.0000	0.0226	4.6460	0.0000	0.0002	1.0004	0.0157	2.0077	9.0253	0.0000	0.0000	0.0000	0.0000	0.0000	0.0000	0.0000	0.0000	0.0000	0.0006	0.0001	0.0005	0.0001	0.0001	0.0000	0.0005	0.0000	0.0005	0.0008	0.0007	0.0001	0.0003	0.0003	0.0000	0.0005	0.0004	0.0001	0.0599	0.0355	0.0244	0.0140	0.0108	0.0032	0.0459	0.0247	0.0212	0.0000	0.0000	0.0000	0.0000	0.0000	0.0000	0.0000	0.0000	0.0000	0.0103	0.0031	0.0208	0.0100	0.0102	0.0094	0.0104	0.0000	0.0226	
20	90	0.1281	4	0	2	0	0	0	0	0	0	N	Y	N	N	N	N	N	N	N	N	N	N	0.0000	0.0000	0.0000	0.0000	0.0000	0.0000	0.0000	0.0000	0.0000	0.0000	0.0000	0.0000	0.0000	0.0000	0.0000	0.0000	0.0000	0.0000	0.0012	0.0019	0.0002	0.0047	0.0061	0.0001	0.0002	0.0002	0.0002	0.0564	0.0000	-0.0000	1.0004	0.0169	2.0077	2.0013	0.0000	0.0000	0.0000	0.0000	0.0000	0.0000	0.0000	0.0000	0.0000	0.0000	0.0000	0.0000	0.0000	0.0000	0.0000	0.0000	0.0000	0.0000	0.0003	0.0002	0.0000	0.0000	0.0000	0.0000	0.0002	0.0002	0.0000	0.0141	0.0083	0.0058	0.0031	0.0024	0.0007	0.0110	0.0059	0.0051	0.0000	0.0000	0.0000	0.0000	0.0000	0.0000	0.0000	0.0000	0.0000	0.0012	0.0019	0.0002	0.0047	0.0061	0.0001	0.0002	0.0002	0.0002	
20	91	0.1194	3	0	1	0	0	0	0	0	0	N	N	N	N	N	N	N	N	N	N	N	N	0.0179	0.0000	0.1108	0.0000	0.0000	0.0000	0.0178	0.0000	0.1014	0.0000	0.0000	0.0001	0.0000	0.0000	0.0000	0.0000	0.0000	0.0001	0.0006	0.0006	0.0007	0.0006	0.0007	0.0001	0.0006	0.0005	0.0007	inf	0.8090	0.0000	-0.0000	1.0004	1.9923	2.0077	0.0454	0.0000	0.0000	0.0000	0.0000	0.0000	0.0000	0.0000	0.0000	0.0000	0.0000	0.0000	0.0000	0.0000	0.0000	0.0000	0.0000	0.0000	0.0000	0.0272	0.0231	0.0041	0.0004	0.0004	0.0000	0.0268	0.0227	0.0041	0.0142	0.0082	0.0059	0.0029	0.0023	0.0007	0.0113	0.0060	0.0053	0.0179	0.0000	0.1108	0.0000	0.0000	0.0000	0.0178	0.0000	0.1014	0.0006	0.0006	0.0007	0.0006	0.0007	0.0001	0.0006	0.0005	0.0007
20	92	0.0757	2	0	1	0	0	0	0	0	0	N	N	N	N	N	N	N	N	N	N	N	N	0.8135	0.0000	1.8786	0.0000	0.0000	0.0000	0.7123	0.0000	1.8264	0.0378	0.0000	0.2499	0.0000	0.0000	0.0000	0.0387	0.0000	0.2519	0.0465	0.0003	0.1330	0.0107	0.0012	0.0419	0.0543	0.0000	0.1379	inf	282.6715	0.0003	0.0013	1.0004	1.0098	2.0077	9.0196	0.0005	0.0000	0.0005	0.0000	0.0000	0.0000	0.0005	0.0000	0.0005	0.0029	0.0000	0.0029	0.0001	0.0000	0.0001	0.0028	0.0000	0.0028	0.0140	0.0119	0.0021	0.0003	0.0003	0.0000	0.0137	0.0116	0.0021	0.0630	0.0365	0.0265	0.0113	0.0086	0.0026	0.0517	0.0278	0.0239	0.8135	0.0000	2.2695	0.0000	0.0000	0.0000	0.7123	0.0000	2.1419	0.0465	0.0003	0.1101	0.0107	0.0012	0.0419	0.0543	0.0000	0.1176
20	93	0.1724	7	1	2	0	1	0	0	0	0	N	Y	N	N	N	N	N	N	N	N	N	N	0.0000	0.0000	0.0000	0.0000	0.0000	0.0000	0.0000	0.0000	0.0000	0.0000	0.0000	0.0000	0.0000	0.0000	0.0000	0.0000	0.0000	0.0000	0.0000	0.0000	1.0004	0.0000	2.0077	0.0000	0.0000	0.0000	0.0000	0.0000	0.0000	0.0000	0.0000	0.0000	0.0000	0.0000	0.0000	0.0000	0.0000	0.0000	0.0000	0.0000	0.0000	0.0000	0.0000	0.0000	0.0000	0.0000	0.0000	0.0000	0.0000	0.0000	0.0000	0.0000	0.0000	0.0000	0.0000	0.0000	0.0000	0.0000	0.0000	0.0000	0.0000	0.0000	0.0000	0.0000	0.0000	0.0000	0.0000	0.0000	0.0000	0.0000	0.0000	0.0000	0.0000	0.0000	0.0000	0.0000	0.0000	0.0000											
20	94	0.1724	6	1	2	0	1	0	0	0	0	N	Y	N	N	N	N	N	N	N	N	N	N	0.0000	0.0000	0.0000	0.0000	0.0000	0.0000	0.0000	0.0000	0.0000	0.0000	0.0000	0.0000	0.0000	0.0000	0.0000	0.0005	0.0000	0.0029	0.0008	0.0000	0.0870	0.0003	0.0000	0.0007	inf	0.0000	0.0000	1.0004	0.0000	2.0077	0.0001	0.0000	0.0000	0.0000	0.0000	0.0000	0.0000	0.0000	0.0000	0.0000	0.0000	0.0000	0.0000	0.0000	0.0000	0.0000	0.0000	0.0000	0.0000	0.0000	0.0000	0.0000	0.0000	0.0000	0.0000	0.0000	0.0000	0.0000	0.0000	0.0000	0.0000	0.0000	0.0000	0.0000	0.0000	0.0000	0.0000	0.0000	0.0000	0.0000	0.0000	0.0000	0.0000	0.0000	0.0000	0.0000	0.0005	0.0000	0.0029	0.0008	0.0000	0.0870	0.0003	0.0000	0.0007				
20	95	0.1544	5	0	2	0	1	0	0	0	0	N	Y	N	N	N	N	N	N	N	N	N	N	0.0000	0.0000	0.0000	0.0000	0.0000	0.0000	0.0000	0.0000	0.0000	0.0000	0.0000	0.0000	0.0000	0.0000	0.0000	0.0000	0.0000	0.0016	0.0026	0.0000	0.0078	0.0095	0.0000	0.0000	0.0000	0.0000	0.0038	0.0000	-0.0000	1.0004	0.9845	2.0077	0.9903	0.0000	0.0000	0.0000	0.0000	0.0000	0.0000	0.0000	0.0000	0.0000	0.0000	0.0000	0.0000	0.0000	0.0000	0.0000	0.0000	0.0000	0.0000	0.0143	0.0122	0.0021	0.0013	0.0012	0.0001	0.0130	0.0110	0.0020	0.0140	0.0084	0.0056	0.0029	0.0023	0.0005	0.0111	0.0061	0.0050	0.0000	0.0000	0.0000	0.0000	0.0000	0.0000	0.0000	0.0000	0.0000	0.0016	0.0026	0.0000	0.0078	0.0095	0.0000	0.0000	0.0000	0.0000		
20	96	0.1516	5	0	2	0	0	0	0	0	0	N	Y	N	N	N	N	N	N	N	N	N	N	0.0000	0.0000	0.0000	0.0000	0.0000	0.0000	0.0000	0.0000	0.0000	0.0000	0.0000	0.0000	0.0000	0.0000	0.0000	0.0000	0.0000	0.0000	0.0025	0.0040	0.0000	0.0073	0.0086	0.0000	0.0002	0.0004	0.0000	0.0015	0.0000	-0.0001	1.0004	1.0063	2.0077	3.7812	0.0000	0.0000	0.0000	0.0000	0.0000	0.0000	0.0000	0.0000	0.0000	0.0001	0.0001	0.0000	0.0001	0.0001	0.0000	0.0000	0.0000	0.0000	0.0142	0.0121	0.0021	0.0007	0.0007	0.0001	0.0135	0.0114	0.0021	0.0489	0.0313	0.0176	0.0162	0.0137	0.0025	0.0327	0.0176	0.0151	0.0000	0.0000	0.0000	0.0000	0.0000	0.0000	0.0000	0.0000	0.0000	0.0025	0.0040	0.0000	0.0073	0.0086	0.0000	0.0002	0.0004	0.0000	
20	97	0.1544	5	0	1	1	1	0	0	0	0	N	N	N	N	N	N	N	N	N	N	N	N	0.0000	0.0000	0.0000	0.0000	0.0000	0.0000	0.0000	0.0000	0.0000	0.0000	0.0000	0.0000	0.0000	0.0000	0.0000	0.0000	0.0000	0.0000	0.0009	0.0015	0.0001	0.0043	0.0052	0.0004	0.0000	0.0000	0.0000	0.0318	0.0000	-0.0000	1.0004	1.0165	2.0077	1.0129	0.0000	0.0000	0.0000	0.0000	0.0000	0.0000	0.0000	0.0000	0.0000	0.0000	0.0000	0.0000	0.0000	0.0000	0.0000	0.0000	0.0000	0.0000	0.0148	0.0126	0.0022	0.0013	0.0012	0.0001	0.0135	0.0114	0.0021	0.0143	0.0086	0.0057	0.0029	0.0024	0.0005	0.0114	0.0062	0.0052	0.0000	0.0000	0.0000	0.0000	0.0000	0.0000	0.0000	0.0000	0.0000	0.0009	0.0015	0.0001	0.0043	0.0052	0.0004	0.0000	0.0000	0.0000	
20	98	0.1415	4	0	1	0	1	0	0	0	0	N	N	N	N	N	N	N	N	N	N	N	N	0.0000	0.0000	0.0000	0.0000	0.0000	0.0000	0.0000	0.0000	0.0000	0.0000	0.0000	0.0000	0.0000	0.0000	0.0000	0.0000	0.0000	0.0846	0.1550	0.0000	3.4836	5.8559	0.0000	0.0030	0.0055	0.0000	0.0000	0.0000	-0.0009	1.0004	2.0241	2.0077	1.0265	0.0000	0.0000	0.0000	0.0000	0.0000	0.0000	0.0000	0.0000	0.0000	0.0017	0.0017	0.0000	0.0017	0.0017	0.0000	0.0000	0.0000	0.0000	0.0284	0.0242	0.0042	0.0016	0.0015	0.0001	0.0269	0.0227	0.0041	0.0205	0.0121	0.0085	0.0038	0.0030	0.0009	0.0167	0.0091	0.0076	0.0000	0.0000	0.0000	0.0000	0.0000	0.0000	0.0000	0.0000	0.0000	0.0846	0.1437	0.0000	0.4402	0.5698	0.0000	0.0030	0.0055	0.0000		
20	99	0.1415	4	0	1	1	1	0	0	0	0	N	N	N	N	N	N	N	N	N	N	N	N	inf	inf	inf	inf	inf	inf	0.1068	0.1254	0.0000	1.9599	2.1133	0.0000	0.0018	0.0021	0.0000	0.0000	0.0000	0.0000	0.0000	0.0000	0.0000	0.0000	0.0000	0.0000	0.0000	-0.0021	0.0000	1.0004	3.0066	2.0077	0.0000	0.0044	0.0044	0.0000	0.0044	0.0044	0.0000	0.0001	0.0001	0.0000	0.0000	0.0000	0.0000	0.0000	0.0000	0.0000	0.0000	0.0000	0.0000	0.0417	0.0355	0.0062	0.0022	0.0021	0.0002	0.0394	0.0334	0.0060	0.0203	0.0119	0.0083	0.0038	0.0029	0.0009	0.0165	0.0090	0.0075	inf	inf	0.0000	inf	inf	0.0000	inf	inf	0.0000	0.0000	0.0000	0.0000	0.0000	0.0000	0.0000	0.0000	0.0000	0.0000				
20	100	0.1672	4	0	1	1	1	0	0	0	0	N	N	N	N	N	N	N	N	N	N	N	N	0.0000	0.0000	0.0000	0.0000	0.0000	0.0000	0.0000	0.0000	0.0000	0.0000	0.0000	0.0000	0.0000	0.0000	0.0000	0.0000	0.0000	0.0000	0.0000	0.0000	1.0004	0.0000	2.0077	2.0000	0.0000	0.0000	0.0000	0.0000	0.0000	0.0000	0.0000	0.0000	0.0000	0.0000	0.0000	0.0000	0.0000	0.0000	0.0000	0.0000	0.0000	0.0000	0.0000	0.0000	0.0000	0.0000	0.0000	0.0000	0.0000	0.0000	0.0000	0.0132	0.0077	0.0055	0.0026	0.0020	0.0006	0.0106	0.0057	0.0049	0.0000	0.0000	0.0000	0.0000	0.0000	0.0000	0.0000	0.0000	0.0000	0.0000	0.0000	0.0000	0.0000	0.0000	0.0000	0.0000	0.0000	0.0000											
20	101	0.1282	3	0	1	1	1	0	0	0	0	N	N	N	N	N	N	N	N	N	N	N	N	0.0001	0.0001	0.0000	0.0000	0.0000	0.0000	0.0000	0.0000	0.0000	0.0001	0.0001	0.0000	0.0010	0.0011	0.0000	0.0000	0.0000	0.0000	0.6043	1.4860	0.0002	32.3374	37.5628	0.0004	0.0003	0.0004	0.0002	0.0000	0.0002	-0.0000	-0.0133	1.0004	5.8899	2.0077	3.1847	0.0000	0.0000	0.0000	0.0000	0.0000	0.0000	0.0000	0.0000	0.0000	0.0246	0.0246	0.0000	0.0246	0.0246	0.0000	0.0000	0.0000	0.0000	0.0819	0.0698	0.0121	0.0059	0.0054	0.0005	0.0760	0.0644	0.0115	0.0627	0.0370	0.0257	0.0125	0.0101	0.0024	0.0501	0.0269	0.0232	0.0002	0.0001	0.0000	0.0005	0.0005	0.0000	0.0000	0.0000	0.0000	0.3932	0.6655	0.0002	1.9666	2.4418	0.0004	0.0003	0.0004	0.0002
20	102	0.1750	3	1	2	0	0	0	0	0	0	N	Y	N	N	N	N	N	N	N	N	N	N	0.0000	0.0000	0.0000	0.0000	0.0000	0.0000	0.0000	0.0000	0.0000	0.0000	0.0000	0.0000	0.0000	0.0000	0.0000	0.0000	0.0000	0.0000	0.0000	0.0000	1.0004	0.0000	2.0077	0.0000	0.0000	0.0000	0.0000	0.0000	0.0000	0.0000	0.0000	0.0000	0.0000	0.0000	0.0000	0.0000	0.0000	0.0000	0.0000	0.0000	0.0000	0.0000	0.0000	0.0000	0.0000	0.0000	0.0000	0.0000	0.0000	0.0000	0.0000	0.0000	0.0000	0.0000	0.0000	0.0000	0.0000	0.0000	0.0000	0.0000	0.0000	0.0000	0.0000	0.0000	0.0000	0.0000	0.0000	0.0000	0.0000	0.0000	0.0000	0.0000	0.0000	0.0000	0.0000	0.0000	0.0000	0.0000											
20	103	0.0757	2	1	2	0	0	0	0	0	0	N	Y	N	N	N	N	N	N	N	N	N	N	0.1943	0.0731	1.4095	0.1649	0.1285	0.0000	0.5634	1.7265	0.0493	0.0505	0.0426	2.1278	2.2639	0.0000	0.0064	0.0000	0.0429	0.2538	0.6899	0.0302	12.9016	17.6193	0.0791	0.0114	0.0000	0.0249	0.1461	0.0640	-0.0017	-0.0127	1.0004	8.0012	2.0077	14.0016	0.0051	0.0045	0.0006	0.0045	0.0045	0.0000	0.0006	0.0000	0.0006	0.0264	0.0248	0.0016	0.0252	0.0248	0.0004	0.0012	0.0000	0.0012	0.1034	0.0882	0.0153	0.0021	0.0020	0.0001	0.1014	0.0862	0.0151	0.1260	0.0734	0.0526	0.0223	0.0171	0.0052	0.1037	0.0562	0.0474	0.2351	0.1491	1.4095	1.8800	1.5610	0.0000	0.5634	0.0000	1.7265	0.2097	0.3385	0.0302	1.1318	1.4503	0.0791	0.0114	0.0000	0.0249	
20	106	0.1766	7	1	2	0	0	0	0	0	0	N	Y	N	N	N	N	N	N	N	N	N	N	0.0000	0.0000	0.0000	0.0000	0.0000	0.0000	0.0000	0.0000	0.0000	0.0000	0.0000	0.0000	0.0000	0.0000	0.0000	0.0000	0.0000	0.0000	0.0000	0.0000	1.0004	1.0000	2.0077	1.0000	0.0000	0.0000	0.0000	0.0000	0.0000	0.0000	0.0000	0.0000	0.0000	0.0000	0.0000	0.0000	0.0000	0.0000	0.0000	0.0000	0.0000	0.0000	0.0140	0.0119	0.0021	0.0007	0.0006	0.0001	0.0134	0.0113	0.0021	0.0140	0.0089	0.0051	0.0047	0.0039	0.0008	0.0093	0.0050	0.0044	0.0000	0.0000	0.0000	0.0000	0.0000	0.0000	0.0000	0.0000	0.0000	0.0000	0.0000	0.0000	0.0000	0.0000	0.0000	0.0000	0.0000	0.0000											
20	107	0.1724	6	1	2	0	0	0	0	0	0	N	Y	N	N	N	N	N	N	N	N	N	N	0.0000	0.0000	0.0000	0.0000	0.0000	0.0000	0.0000	0.0000	0.0000	0.0000	0.0000	0.0000	0.0000	0.0057	0.0092	0.0000	0.0206	0.0245	0.0000	0.0000	0.0000	0.0000	0.0000	0.0000	-0.0000	1.0004	0.0000	2.0077	0.9999	0.0000	0.0000	0.0000	0.0000	0.0000	0.0000	0.0000	0.0000	0.0000	0.0000	0.0000	0.0000	0.0000	0.0000	0.0000	0.0000	0.0000	0.0000	0.0000	0.0000	0.0000	0.0000	0.0000	0.0000	0.0000	0.0000	0.0000	0.0070	0.0044	0.0027	0.0019	0.0016	0.0003	0.0051	0.0027	0.0024	0.0000	0.0000	0.0000	0.0000	0.0000	0.0000	0.0000	0.0000	0.0000	0.0057	0.0092	0.0000	0.0206	0.0245	0.0000	0.0000	0.0000	0.0000						
20	108	0.1516	5	1	2	0	0	0	0	0	0	N	Y	N	N	N	N	N	N	N	N	N	N	0.0000	0.0000	0.0000	0.0000	0.0000	0.0000	0.0000	0.0000	0.0000	0.0000	0.0000	0.0000	0.0000	0.0000	0.0000	0.0000	0.0000	0.0000	0.0598	0.0935	0.0000	0.0814	0.1113	0.0001	0.0514	0.0954	0.0000	0.0001	0.0000	-0.0016	1.0004	0.0100	2.0077	4.8896	0.0000	0.0000	0.0000	0.0000	0.0000	0.0000	0.0000	0.0000	0.0000	0.0030	0.0030	0.0000	0.0013	0.0013	0.0000	0.0017	0.0017	0.0000	0.0003	0.0002	0.0000	0.0001	0.0001	0.0000	0.0002	0.0002	0.0000	0.0496	0.0317	0.0179	0.0163	0.0138	0.0026	0.0333	0.0179	0.0153	0.0000	0.0000	0.0000	0.0000	0.0000	0.0000	0.0000	0.0000	0.0000	0.0598	0.0935	0.0000	0.0769	0.0912	0.0001	0.0514	0.0954	0.0000	
20	109	0.1415	4	0	2	0	0	0	0	0	0	N	Y	N	N	N	N	N	N	N	N	N	N	0.0000	0.0000	0.0000	0.0000	0.0000	0.0000	0.0000	0.0000	0.0000	0.0000	0.0000	0.0000	0.0000	0.0000	0.0000	0.0000	0.0000	0.0000	0.0029	0.0048	0.0000	0.0125	0.0161	0.0002	0.0006	0.0012	0.0000	0.0069	0.0000	-0.0000	1.0004	1.0007	2.0077	1.4004	0.0000	0.0000	0.0000	0.0000	0.0000	0.0000	0.0000	0.0000	0.0000	0.0000	0.0000	0.0000	0.0000	0.0000	0.0000	0.0000	0.0000	0.0000	0.0144	0.0122	0.0021	0.0009	0.0008	0.0001	0.0135	0.0114	0.0021	0.0163	0.0096	0.0067	0.0030	0.0023	0.0007	0.0132	0.0072	0.0060	0.0000	0.0000	0.0000	0.0000	0.0000	0.0000	0.0000	0.0000	0.0000	0.0029	0.0048	0.0000	0.0125	0.0161	0.0002	0.0006	0.0012	0.0000	
20	110	0.1282	3	0	1	0	0	0	0	0	0	N	N	N	N	N	N	N	N	N	N	N	N	0.0992	0.3864	0.0000	0.5445	0.5329	0.0000	0.0000	0.0000	0.0000	0.0008	0.0010	0.0000	0.0026	0.0029	0.0000	0.0000	0.0000	0.0000	0.0082	0.0025	0.0168	0.0047	0.0054	0.0010	0.0093	0.0010	0.0183	0.0000	4.5441	-0.0000	0.0001	1.0004	0.3039	2.0077	2.8719	0.0000	0.0000	0.0000	0.0000	0.0000	0.0000	0.0000	0.0000	0.0000	0.0002	0.0000	0.0002	0.0000	0.0000	0.0000	0.0002	0.0000	0.0002	0.0076	0.0064	0.0011	0.0024	0.0021	0.0003	0.0052	0.0043	0.0009	0.0260	0.0155	0.0105	0.0062	0.0053	0.0009	0.0198	0.0103	0.0095	0.0992	0.3864	0.0000	0.5445	0.5329	0.0000	0.0000	0.0000	0.0000	0.0082	0.0025	0.0168	0.0047	0.0054	0.0010	0.0093	0.0010	0.0183
20	111	0.0757	2	0	1	0	0	0	0	0	0	N	N	N	N	N	N	N	N	N	N	N	N	1.9170	2.2821	0.0000	103.2124	179.7857	0.0000	0.0000	0.0000	0.0000	0.0864	0.1016	0.0000	4.2429	4.5117	0.0000	0.0000	0.0000	0.0000	0.0451	0.0445	0.0462	0.0411	0.0251	0.0939	0.0459	0.0505	0.0405	0.0000	0.7453	-0.0021	-0.0004	1.0004	3.8240	2.0077	8.1760	0.0044	0.0044	0.0000	0.0044	0.0044	0.0000	0.0000	0.0000	0.0000	0.0033	0.0019	0.0014	0.0005	0.0003	0.0003	0.0028	0.0017	0.0011	0.0514	0.0437	0.0077	0.0010	0.0010	0.0001	0.0504	0.0428	0.0076	0.0742	0.0430	0.0312	0.0132	0.0102	0.0031	0.0609	0.0329	0.0281	1.9170	2.2821	0.0000	103.2124	179.7857	0.0000	0.0000	0.0000	0.0000	0.0451	0.0445	0.0458	0.0411	0.0251	0.0939	0.0459	0.0505	0.0405
20	115	0.2683	5	0	1	0	0	0	0	0	0	N	N	N	N	N	N	N	N	N	N	N	N	0.5850	0.3503	3.0053	3.3517	2.0592	34.2894	0.0054	0.0000	0.0713	0.0085	0.0059	0.0248	0.0570	0.0366	0.4543	0.0001	0.0000	0.0004	0.0145	0.0169	0.0082	0.0170	0.0178	0.0132	0.0115	0.0155	0.0059	0.6468	0.1935	-0.0001	-0.0013	1.0004	8.9918	2.0077	13.3277	0.0011	0.0007	0.0004	0.0011	0.0007	0.0004	0.0000	0.0000	0.0000	0.0036	0.0030	0.0006	0.0022	0.0019	0.0003	0.0013	0.0010	0.0003	0.1352	0.1171	0.0181	0.0199	0.0190	0.0010	0.1153	0.0981	0.0172	0.2459	0.1759	0.0700	0.1317	0.1091	0.0225	0.1142	0.0668	0.0474	0.5850	0.3503	3.0053	3.3517	2.0592	34.2894	0.0054	0.0000	0.0713	0.0145	0.0169	0.0082	0.0170	0.0178	0.0132	0.0115	0.0155	0.0059
21	22	0.1744	7	1	0	1	1	0	0	0	0	N	N	N	N	N	N	N	N	N	N	N	N	0.0000	0.0000	0.0000	0.0000	0.0000	0.0000	0.0000	0.0000	0.0000	0.0000	0.0000	0.0000	0.0000	0.0000	0.0000	0.0000	0.0000	0.0000	0.0000	0.0000	2.0000	0.0000	1.0003	4.9921	0.0000	0.0000	0.0000	0.0000	0.0000	0.0000	0.0000	0.0000	0.0000	0.0000	0.0000	0.0000	0.0000	0.0000	0.0000	0.0000	0.0000	0.0000	0.0000	0.0000	0.0000	0.0000	0.0000	0.0000	0.0000	0.0000	0.0000	0.0320	0.0189	0.0131	0.0049	0.0039	0.0010	0.0271	0.0150	0.0121	0.0000	0.0000	0.0000	0.0000	0.0000	0.0000	0.0000	0.0000	0.0000	0.0000	0.0000	0.0000	0.0000	0.0000	0.0000	0.0000	0.0000	0.0000											
21	23	0.1582	7	0	1	0	1	0	0	0	0	N	N	N	N	N	N	N	N	N	N	N	N	0.0000	0.0000	0.0000	0.0000	0.0000	0.0000	0.0000	0.0000	0.0000	0.0000	0.0000	0.0000	0.0000	0.0000	0.0000	0.0000	0.0000	0.0000	0.0000	0.0000	2.0000	1.9996	1.0003	0.0142	0.0000	0.0000	0.0000	0.0000	0.0000	0.0000	0.0000	0.0000	0.0000	0.0000	0.0000	0.0000	0.0000	0.0000	0.0000	0.0000	0.0000	0.0000	0.0538	0.0460	0.0079	0.0043	0.0041	0.0002	0.0495	0.0419	0.0076	0.0124	0.0073	0.0051	0.0005	0.0004	0.0001	0.0119	0.0069	0.0050	0.0000	0.0000	0.0000	0.0000	0.0000	0.0000	0.0000	0.0000	0.0000	0.0000	0.0000	0.0000	0.0000	0.0000	0.0000	0.0000	0.0000	0.0000											
21	24	0.1001	4	0	1	0	1	0	0	0	0	N	N	N	N	N	N	N	N	N	N	N	N	0.0000	0.0000	0.0000	0.0000	0.0000	0.0000	0.0000	0.0000	0.0000	0.0000	0.0000	0.0000	0.0000	11.0232	18.7559	0.0000	0.0000	0.0000	0.0000	11.4287	20.5335	0.0000	0.0000	0.0000	-0.5399	2.0000	2.9988	1.0003	13.9984	0.0000	0.0000	0.0000	0.0000	0.0000	0.0000	0.0000	0.0000	0.0000	0.9999	0.9999	0.0000	0.0000	0.0000	0.0000	0.9999	0.9999	0.0000	0.0801	0.0680	0.0120	0.0021	0.0020	0.0001	0.0779	0.0661	0.0119	0.0938	0.0533	0.0405	0.0063	0.0046	0.0017	0.0875	0.0487	0.0388	0.0000	0.0000	0.0000	0.0000	0.0000	0.0000	0.0000	0.0000	0.0000	10.6639	18.7559	0.0000	0.0000	0.0000	0.0000	11.4287	20.5335	0.0000						
21	25	0.1419	5	1	1	0	1	0	0	0	0	N	N	N	N	N	N	N	N	N	N	N	N	0.0000	0.0000	0.0000	0.0000	0.0000	0.0000	0.0000	0.0000	0.0000	0.0000	0.0000	0.0000	0.0000	0.0000	0.0000	0.0000	0.0000	0.0000	0.0000	0.0000	2.0000	6.0000	1.0003	4.0000	0.0000	0.0000	0.0000	0.0000	0.0000	0.0000	0.0000	0.0000	0.0000	0.0000	0.0000	0.0000	0.0000	0.0000	0.0000	0.0000	0.0000	0.0000	0.1537	0.1313	0.0225	0.0084	0.0080	0.0004	0.1453	0.1232	0.0220	0.0585	0.0349	0.0236	0.0054	0.0041	0.0013	0.0530	0.0308	0.0222	0.0000	0.0000	0.0000	0.0000	0.0000	0.0000	0.0000	0.0000	0.0000	0.0000	0.0000	0.0000	0.0000	0.0000	0.0000	0.0000	0.0000	0.0000											
21	26	0.1623	8	0	1	0	1	0	0	0	0	N	N	N	N	N	N	N	N	N	N	N	N	0.0000	0.0000	0.0000	0.0000	0.0000	0.0000	0.0000	0.0000	0.0000	0.0000	0.0000	0.0000	0.0000	0.0000	0.0000	0.0000	0.0000	0.0000	0.0000	0.0000	2.0000	0.0000	1.0003	2.0002	0.0000	0.0000	0.0000	0.0000	0.0000	0.0000	0.0000	0.0000	0.0000	0.0000	0.0000	0.0000	0.0000	0.0000	0.0000	0.0000	0.0000	0.0000	0.0000	0.0000	0.0000	0.0000	0.0000	0.0000	0.0000	0.0000	0.0000	0.0123	0.0073	0.0051	0.0005	0.0004	0.0001	0.0118	0.0069	0.0050	0.0000	0.0000	0.0000	0.0000	0.0000	0.0000	0.0000	0.0000	0.0000	0.0000	0.0000	0.0000	0.0000	0.0000	0.0000	0.0000	0.0000	0.0000											
21	27	0.0436	2	1	1	0	1	0	0	0	0	N	N	N	N	N	N	N	N	N	N	N	N	0.0000	0.0000	0.0000	0.0000	0.0000	0.0000	0.0000	0.0000	0.0000	0.0000	0.0000	0.0000	0.0000	0.0108	0.0194	0.0000	4.2626	4.9241	0.0000	0.0000	0.0000	0.0000	0.0000	0.0000	-0.0002	2.0000	1.0000	1.0003	3.9850	0.0000	0.0000	0.0000	0.0000	0.0000	0.0000	0.0000	0.0000	0.0000	0.0004	0.0004	0.0000	0.0004	0.0004	0.0000	0.0000	0.0000	0.0000	0.0270	0.0229	0.0041	0.0004	0.0004	0.0000	0.0266	0.0225	0.0041	0.0323	0.0181	0.0142	0.0007	0.0007	0.0000	0.0316	0.0174	0.0142	0.0000	0.0000	0.0000	0.0000	0.0000	0.0000	0.0000	0.0000	0.0000	0.0108	0.0194	0.0000	0.5037	0.5322	0.0000	0.0000	0.0000	0.0000						
21	28	0.1419	5	0	1	0	1	0	0	0	0	N	N	N	N	N	N	N	N	N	N	N	N	0.0000	0.0000	0.0000	0.0000	0.0000	0.0000	0.0000	0.0000	0.0000	0.0000	0.0000	0.0000	0.0000	0.0000	0.0000	0.0000	0.0000	0.0000	0.0000	0.0000	2.0000	5.0000	1.0003	4.0000	0.0000	0.0000	0.0000	0.0000	0.0000	0.0000	0.0000	0.0000	0.0000	0.0000	0.0000	0.0000	0.0000	0.0000	0.0000	0.0000	0.0000	0.0000	0.1293	0.1103	0.0190	0.0071	0.0068	0.0003	0.1222	0.1036	0.0186	0.0530	0.0316	0.0214	0.0049	0.0037	0.0012	0.0481	0.0279	0.0202	0.0000	0.0000	0.0000	0.0000	0.0000	0.0000	0.0000	0.0000	0.0000	0.0000	0.0000	0.0000	0.0000	0.0000	0.0000	0.0000	0.0000	0.0000											
21	29	0.1419	5	0	1	0	1	0	0	0	0	N	N	N	N	N	N	N	N	N	N	N	N	0.0000	0.0000	0.0000	0.0000	0.0000	0.0000	0.0000	0.0000	0.0000	0.0000	0.0000	0.0000	0.0000	0.0000	0.0000	0.0000	0.0000	0.0000	0.0000	0.0000	2.0000	3.0000	1.0003	6.0000	0.0000	0.0000	0.0000	0.0000	0.0000	0.0000	0.0000	0.0000	0.0000	0.0000	0.0000	0.0000	0.0000	0.0000	0.0000	0.0000	0.0000	0.0000	0.0790	0.0674	0.0117	0.0044	0.0041	0.0002	0.0747	0.0632	0.0114	0.0530	0.0316	0.0214	0.0049	0.0037	0.0012	0.0481	0.0279	0.0202	0.0000	0.0000	0.0000	0.0000	0.0000	0.0000	0.0000	0.0000	0.0000	0.0000	0.0000	0.0000	0.0000	0.0000	0.0000	0.0000	0.0000	0.0000											
21	30	0.0779	4	0	1	1	2	0	0	0	0	N	N	N	Y	N	N	N	N	N	N	N	N	0.0000	0.0000	0.0000	0.0000	0.0000	0.0000	0.0000	0.0000	0.0000	0.0000	0.0000	0.0000	0.0000	0.0000	0.0000	0.0000	0.0000	0.0000	0.0000	0.0000	2.0000	0.0000	1.0003	3.0000	0.0000	0.0000	0.0000	0.0000	0.0000	0.0000	0.0000	0.0000	0.0000	0.0000	0.0000	0.0000	0.0000	0.0000	0.0000	0.0000	0.0000	0.0000	0.0000	0.0000	0.0000	0.0000	0.0000	0.0000	0.0000	0.0000	0.0000	0.0190	0.0108	0.0082	0.0033	0.0024	0.0009	0.0156	0.0084	0.0072	0.0000	0.0000	0.0000	0.0000	0.0000	0.0000	0.0000	0.0000	0.0000	0.0000	0.0000	0.0000	0.0000	0.0000	0.0000	0.0000	0.0000	0.0000											
21	31	0.0610	3	0	0	0	2	0	0	0	0	N	N	N	Y	N	N	N	N	N	N	N	N	0.0000	0.0000	0.0000	0.0000	0.0000	0.0000	0.0000	0.0000	0.0000	0.0000	0.0000	0.0000	0.0000	0.0000	0.0000	0.0000	0.0000	0.0000	1.2915	2.6954	0.0000	2.2285	2.9736	0.0000	0.9497	1.7207	0.0000	0.0000	0.0000	-0.0137	2.0000	0.9783	1.0003	3.0423	0.0000	0.0000	0.0000	0.0000	0.0000	0.0000	0.0000	0.0000	0.0000	0.0253	0.0253	0.0000	0.0018	0.0018	0.0000	0.0235	0.0235	0.0000	0.0280	0.0237	0.0042	0.0012	0.0012	0.0000	0.0268	0.0226	0.0042	0.0302	0.0181	0.0121	0.0055	0.0045	0.0010	0.0247	0.0136	0.0111	0.0000	0.0000	0.0000	0.0000	0.0000	0.0000	0.0000	0.0000	0.0000	0.8378	1.3967	0.0000	0.3336	0.4091	0.0000	0.9497	1.7207	0.0000	
21	32	0.1001	4	0	1	0	1	0	0	0	0	N	N	N	N	N	N	N	N	N	N	N	N	0.0000	0.0000	0.0000	0.0000	0.0000	0.0000	0.0000	0.0000	0.0000	0.0000	0.0000	0.0000	0.0000	0.0000	0.0000	0.0000	0.0000	0.0000	0.0000	0.0000	2.0000	6.9988	1.0003	9.0016	0.0000	0.0000	0.0000	0.0000	0.0000	0.0000	0.0000	0.0000	0.0000	0.0000	0.0000	0.0000	0.0000	0.0000	0.0000	0.0000	0.0000	0.0000	0.1797	0.1532	0.0266	0.0047	0.0044	0.0003	0.1750	0.1488	0.0263	0.0889	0.0505	0.0384	0.0059	0.0044	0.0016	0.0830	0.0462	0.0368	0.0000	0.0000	0.0000	0.0000	0.0000	0.0000	0.0000	0.0000	0.0000	0.0000	0.0000	0.0000	0.0000	0.0000	0.0000	0.0000	0.0000	0.0000											
21	33	0.2009	9	1	1	0	1	0	0	0	0	N	N	N	N	N	N	N	N	N	N	N	N	0.0000	0.0000	0.0000	0.0000	0.0000	0.0000	0.0000	0.0000	0.0000	0.0000	0.0000	0.0000	0.0000	0.0000	0.0000	0.0000	0.0000	0.0000	0.0000	0.0000	2.0000	0.0000	1.0003	0.0000	0.0000	0.0000	0.0000	0.0000	0.0000	0.0000	0.0000	0.0000	0.0000	0.0000	0.0000	0.0000	0.0000	0.0000	0.0000	0.0000	0.0000	0.0000	0.0000	0.0000	0.0000	0.0000	0.0000	0.0000	0.0000	0.0000	0.0000	0.0000	0.0000	0.0000	0.0000	0.0000	0.0000	0.0000	0.0000	0.0000	0.0000	0.0000	0.0000	0.0000	0.0000	0.0000	0.0000	0.0000	0.0000	0.0000	0.0000	0.0000	0.0000	0.0000	0.0000	0.0000	0.0000	0.0000											
21	34	0.0436	2	0	1	0	2	0	0	0	0	N	N	N	Y	N	N	N	N	N	N	N	N	0.0000	0.0000	0.0000	0.0000	0.0000	0.0000	0.0000	0.0000	0.0000	0.0000	0.0000	0.0000	0.0000	0.0000	0.0000	0.0000	0.0000	0.0000	0.0000	0.0000	0.0000	0.0000	0.0000	0.0000	-0.0000	2.0000	5.0000	1.0003	6.9850	0.0000	0.0000	0.0000	0.0000	0.0000	0.0000	0.0000	0.0000	0.0000	0.0000	0.0000	0.0000	0.0000	0.0000	0.0000	0.0000	0.0000	0.0000	0.1302	0.1107	0.0195	0.0021	0.0019	0.0001	0.1281	0.1087	0.0194	0.0724	0.0403	0.0320	0.0011	0.0010	0.0001	0.0713	0.0394	0.0319	0.0000	0.0000	0.0000	0.0000	0.0000	0.0000	0.0000	0.0000	0.0000	0.0000	0.0000	0.0000	0.0000	0.0000	0.0000	0.0000	0.0000	0.0000						
21	35	0.1001	4	1	1	0	1	0	0	0	0	N	N	N	N	N	N	N	N	N	N	N	N	0.0000	0.0000	0.0000	0.0000	0.0000	0.0000	0.0000	0.0000	0.0000	0.0000	0.0000	0.0000	0.0000	0.0000	0.0000	9.4614	16.2952	0.0000	0.0482	0.0656	0.0000	9.9444	17.8410	0.0000	0.0000	0.0000	-0.5401	2.0000	1.9985	1.0003	17.9985	0.0000	0.0000	0.0000	0.0000	0.0000	0.0000	0.0000	0.0000	0.0000	1.0003	1.0003	0.0000	0.0003	0.0003	0.0000	0.9999	0.9999	0.0000	0.0539	0.0458	0.0081	0.0014	0.0013	0.0001	0.0525	0.0444	0.0080	0.1078	0.0614	0.0464	0.0073	0.0053	0.0019	0.1006	0.0560	0.0445	0.0000	0.0000	0.0000	0.0000	0.0000	0.0000	0.0000	0.0000	0.0000	9.2775	16.2952	0.0000	0.0482	0.0656	0.0000	9.9444	17.8410	0.0000				
21	36	0.1104	3	0	0	1	1	0	0	0	0	N	N	N	N	N	N	N	N	N	N	N	N	0.0000	0.0000	0.0000	0.0000	0.0000	0.0000	0.0000	0.0000	0.0000	0.0000	0.0000	0.0000	0.0000	0.0000	0.0000	0.0000	0.0000	124.5767	200.4626	0.0000	5.0206	5.9844	0.0000	150.4536	265.1229	0.0000	0.0000	0.0000	-0.5269	2.0000	0.0001	1.0003	0.9943	0.0000	0.0000	0.0000	0.0000	0.0000	0.0000	0.0000	0.0000	0.0000	0.9758	0.9758	0.0000	0.0007	0.0007	0.0000	0.9751	0.9751	0.0000	0.0000	0.0000	0.0000	0.0000	0.0000	0.0000	0.0000	0.0000	0.0000	0.0078	0.0049	0.0030	0.0014	0.0012	0.0002	0.0065	0.0037	0.0028	0.0000	0.0000	0.0000	0.0000	0.0000	0.0000	0.0000	0.0000	0.0000	124.5767	200.4626	0.0000	0.5251	0.5967	0.0000	150.4536	265.1229	0.0000		
21	37	0.0866	3	0	1	0	1	0	0	0	0	N	N	N	N	N	N	N	N	N	N	N	N	0.0000	0.0000	0.0000	0.0000	0.0000	0.0000	0.0000	0.0000	0.0000	0.0000	0.0000	0.0000	0.0000	0.0000	0.0000	0.0000	0.0000	0.0000	0.0000	0.0000	2.0000	2.0000	1.0003	2.0000	0.0000	0.0000	0.0000	0.0000	0.0000	0.0000	0.0000	0.0000	0.0000	0.0000	0.0000	0.0000	0.0000	0.0000	0.0000	0.0000	0.0000	0.0000	0.0538	0.0457	0.0081	0.0012	0.0012	0.0001	0.0526	0.0445	0.0080	0.0261	0.0148	0.0113	0.0031	0.0025	0.0007	0.0229	0.0123	0.0106	0.0000	0.0000	0.0000	0.0000	0.0000	0.0000	0.0000	0.0000	0.0000	0.0000	0.0000	0.0000	0.0000	0.0000	0.0000	0.0000	0.0000	0.0000											
21	38	0.1587	6	1	0	1	1	0	0	0	0	N	N	N	N	N	N	N	N	N	N	N	N	0.0000	0.0000	0.0000	0.0000	0.0000	0.0000	0.0000	0.0000	0.0000	0.0000	0.0000	0.0000	0.0000	0.0000	0.0000	0.0000	0.0000	0.0000	0.0000	0.0000	2.0000	2.0000	1.0003	5.0000	0.0000	0.0000	0.0000	0.0000	0.0000	0.0000	0.0000	0.0000	0.0000	0.0000	0.0000	0.0000	0.0000	0.0000	0.0000	0.0000	0.0000	0.0000	0.0531	0.0453	0.0079	0.0032	0.0030	0.0002	0.0500	0.0423	0.0077	0.0420	0.0253	0.0168	0.0045	0.0035	0.0010	0.0375	0.0218	0.0157	0.0000	0.0000	0.0000	0.0000	0.0000	0.0000	0.0000	0.0000	0.0000	0.0000	0.0000	0.0000	0.0000	0.0000	0.0000	0.0000	0.0000	0.0000											
21	39	0.0610	3	0	1	0	1	0	0	0	0	N	N	N	N	N	N	N	N	N	N	N	N	0.0000	0.0000	0.0000	0.0000	0.0000	0.0000	0.0000	0.0000	0.0000	0.0000	0.0000	0.0000	0.0000	0.0000	0.0000	0.0000	0.0000	0.0000	1.0404	2.2135	0.0005	1.0422	1.4932	0.0056	0.6543	1.1910	0.0000	0.0003	0.0000	-0.0135	2.0000	0.0217	1.0003	6.0735	0.0000	0.0000	0.0000	0.0000	0.0000	0.0000	0.0000	0.0000	0.0000	0.0250	0.0250	0.0000	0.0015	0.0015	0.0000	0.0235	0.0235	0.0000	0.0021	0.0018	0.0003	0.0008	0.0008	0.0000	0.0014	0.0011	0.0003	0.0428	0.0252	0.0176	0.0069	0.0055	0.0014	0.0359	0.0197	0.0162	0.0000	0.0000	0.0000	0.0000	0.0000	0.0000	0.0000	0.0000	0.0000	0.5838	0.9912	0.0005	0.2180	0.2733	0.0056	0.6543	1.1910	0.0000	
21	40	0.0436	2	0	0	0	1	0	0	0	0	N	N	N	N	N	N	N	N	N	N	N	N	0.0000	0.0000	0.0000	0.0000	0.0000	0.0000	0.0000	0.0000	0.0000	0.0000	0.0000	0.0000	0.0000	0.0000	0.0000	0.0000	0.0000	36.6768	65.3358	0.0145	0.0126	0.0132	0.0000	37.5262	68.1429	0.0145	0.0002	0.0000	-0.5270	2.0000	0.0217	1.0003	4.0395	0.0000	0.0000	0.0000	0.0000	0.0000	0.0000	0.0000	0.0000	0.0000	0.9764	0.9763	0.0002	0.0000	0.0000	0.0000	0.9764	0.9762	0.0002	0.0006	0.0005	0.0001	0.0000	0.0000	0.0000	0.0006	0.0005	0.0001	0.0267	0.0149	0.0117	0.0006	0.0006	0.0000	0.0260	0.0143	0.0117	0.0000	0.0000	0.0000	0.0000	0.0000	0.0000	0.0000	0.0000	0.0000	36.6173	65.3358	0.0145	0.0126	0.0132	0.0000	37.5262	68.1429	0.0145		
21	41	0.0436	2	0	1	0	2	0	0	0	0	N	N	N	Y	N	N	N	N	N	N	N	N	0.0000	0.0000	0.0000	0.0000	0.0000	0.0000	0.0000	0.0000	0.0000	0.0000	0.0000	0.0000	0.0000	0.0000	0.0000	0.0000	0.0081	0.0141	0.0005	3.2853	3.7394	0.0000	0.0002	0.0000	0.0005	0.0284	0.0000	-0.0002	2.0000	0.0000	1.0003	7.0150	0.0000	0.0000	0.0000	0.0000	0.0000	0.0000	0.0000	0.0000	0.0000	0.0004	0.0003	0.0000	0.0003	0.0003	0.0000	0.0000	0.0000	0.0000	0.0000	0.0000	0.0000	0.0000	0.0000	0.0000	0.0000	0.0000	0.0000	0.0444	0.0248	0.0196	0.0008	0.0007	0.0001	0.0436	0.0240	0.0196	0.0000	0.0000	0.0000	0.0000	0.0000	0.0000	0.0000	0.0000	0.0000	0.0081	0.0141	0.0005	0.4368	0.4671	0.0000	0.0002	0.0000	0.0005			
21	42	0.1587	6	1	0	1	1	0	0	0	0	N	N	N	N	N	N	N	N	N	N	N	N	0.0000	0.0000	0.0000	0.0000	0.0000	0.0000	0.0000	0.0000	0.0000	0.0000	0.0000	0.0000	0.0000	0.0000	0.0000	0.0000	0.0000	0.0000	0.0000	0.0000	2.0000	0.0000	1.0003	0.0000	0.0000	0.0000	0.0000	0.0000	0.0000	0.0000	0.0000	0.0000	0.0000	0.0000	0.0000	0.0000	0.0000	0.0000	0.0000	0.0000	0.0000	0.0000	0.0000	0.0000	0.0000	0.0000	0.0000	0.0000	0.0000	0.0000	0.0000	0.0000	0.0000	0.0000	0.0000	0.0000	0.0000	0.0000	0.0000	0.0000	0.0000	0.0000	0.0000	0.0000	0.0000	0.0000	0.0000	0.0000	0.0000	0.0000	0.0000	0.0000	0.0000	0.0000	0.0000	0.0000	0.0000	0.0000											
21	43	0.1419	5	1	0	1	1	0	0	0	0	N	N	N	N	N	N	N	N	N	N	N	N	0.0000	0.0000	0.0000	0.0000	0.0000	0.0000	0.0000	0.0000	0.0000	0.0000	0.0000	0.0000	0.0000	0.0000	0.0000	0.0000	0.0000	0.0000	0.0000	0.0000	2.0000	1.0000	1.0003	3.0000	0.0000	0.0000	0.0000	0.0000	0.0000	0.0000	0.0000	0.0000	0.0000	0.0000	0.0000	0.0000	0.0000	0.0000	0.0000	0.0000	0.0000	0.0000	0.0268	0.0229	0.0040	0.0015	0.0014	0.0001	0.0254	0.0215	0.0039	0.0245	0.0146	0.0099	0.0022	0.0017	0.0006	0.0222	0.0129	0.0093	0.0000	0.0000	0.0000	0.0000	0.0000	0.0000	0.0000	0.0000	0.0000	0.0000	0.0000	0.0000	0.0000	0.0000	0.0000	0.0000	0.0000	0.0000											
21	44	0.1419	5	1	0	1	1	0	0	0	0	N	N	N	N	N	N	N	N	N	N	N	N	0.0000	0.0000	0.0000	0.0000	0.0000	0.0000	0.0000	0.0000	0.0000	0.0000	0.0000	0.0000	0.0000	0.0000	0.0000	0.0000	0.0000	0.0000	0.0000	0.0000	2.0000	1.0000	1.0003	3.0000	0.0000	0.0000	0.0000	0.0000	0.0000	0.0000	0.0000	0.0000	0.0000	0.0000	0.0000	0.0000	0.0000	0.0000	0.0000	0.0000	0.0000	0.0000	0.0268	0.0229	0.0040	0.0015	0.0014	0.0001	0.0254	0.0215	0.0039	0.0245	0.0146	0.0099	0.0022	0.0017	0.0006	0.0222	0.0129	0.0093	0.0000	0.0000	0.0000	0.0000	0.0000	0.0000	0.0000	0.0000	0.0000	0.0000	0.0000	0.0000	0.0000	0.0000	0.0000	0.0000	0.0000	0.0000											
21	45	0.0866	3	0	0	1	1	0	0	0	0	N	N	N	N	N	N	N	N	N	N	N	N	0.0000	0.0000	0.0000	0.0000	0.0000	0.0000	0.0000	0.0000	0.0000	0.0000	0.0000	0.0000	0.0000	0.0000	0.0000	0.0000	0.0000	0.0000	0.0000	0.0000	2.0000	0.0000	1.0003	0.0000	0.0000	0.0000	0.0000	0.0000	0.0000	0.0000	0.0000	0.0000	0.0000	0.0000	0.0000	0.0000	0.0000	0.0000	0.0000	0.0000	0.0000	0.0000	0.0000	0.0000	0.0000	0.0000	0.0000	0.0000	0.0000	0.0000	0.0000	0.0000	0.0000	0.0000	0.0000	0.0000	0.0000	0.0000	0.0000	0.0000	0.0000	0.0000	0.0000	0.0000	0.0000	0.0000	0.0000	0.0000	0.0000	0.0000	0.0000	0.0000	0.0000	0.0000	0.0000	0.0000	0.0000	0.0000											
21	46	0.0436	2	0	0	0	1	0	0	0	0	N	N	N	N	N	N	N	N	N	N	N	N	0.0000	0.0000	0.0000	0.0000	0.0000	0.0000	0.0000	0.0000	0.0000	0.0000	0.0000	0.0000	0.0000	0.0000	0.0000	0.0000	0.0000	0.0001	0.0000	0.0000	0.0000	0.0000	0.0000	0.0000	-0.0000	2.0000	4.0000	1.0003	5.9850	0.0000	0.0000	0.0000	0.0000	0.0000	0.0000	0.0000	0.0000	0.0000	0.0000	0.0000	0.0000	0.0000	0.0000	0.0000	0.0000	0.0000	0.0000	0.1051	0.0893	0.0158	0.0017	0.0016	0.0001	0.1034	0.0878	0.0157	0.0614	0.0342	0.0272	0.0010	0.0009	0.0001	0.0604	0.0333	0.0271	0.0000	0.0000	0.0000	0.0000	0.0000	0.0000	0.0000	0.0000	0.0000	0.0000	0.0000	0.0000	0.0000	0.0001	0.0000	0.0000	0.0000	0.0000						
21	47	0.1146	4	0	1	0	1	0	0	0	0	N	N	N	N	N	N	N	N	N	N	N	N	0.0000	0.0000	0.0000	0.0000	0.0000	0.0000	0.0000	0.0000	0.0000	0.0000	0.0000	0.0000	0.0000	0.0000	0.0000	0.0000	0.0000	0.0000	0.0000	0.0000	2.0000	0.0000	1.0003	0.0000	0.0000	0.0000	0.0000	0.0000	0.0000	0.0000	0.0000	0.0000	0.0000	0.0000	0.0000	0.0000	0.0000	0.0000	0.0000	0.0000	0.0000	0.0000	0.0000	0.0000	0.0000	0.0000	0.0000	0.0000	0.0000	0.0000	0.0000	0.0000	0.0000	0.0000	0.0000	0.0000	0.0000	0.0000	0.0000	0.0000	0.0000	0.0000	0.0000	0.0000	0.0000	0.0000	0.0000	0.0000	0.0000	0.0000	0.0000	0.0000	0.0000	0.0000	0.0000	0.0000	0.0000	0.0000											
21	48	0.1744	7	1	1	1	1	0	0	0	0	N	N	N	N	N	N	N	N	N	N	N	N	0.0000	0.0000	0.0000	0.0000	0.0000	0.0000	0.0000	0.0000	0.0000	0.0000	0.0000	0.0000	0.0000	0.0000	0.0000	0.0000	0.0000	0.0000	0.0000	0.0000	2.0000	0.0000	1.0003	2.0152	0.0000	0.0000	0.0000	0.0000	0.0000	0.0000	0.0000	0.0000	0.0000	0.0000	0.0000	0.0000	0.0000	0.0000	0.0000	0.0000	0.0000	0.0000	0.0000	0.0000	0.0000	0.0000	0.0000	0.0000	0.0000	0.0000	0.0000	0.0136	0.0081	0.0055	0.0022	0.0018	0.0004	0.0114	0.0063	0.0051	0.0000	0.0000	0.0000	0.0000	0.0000	0.0000	0.0000	0.0000	0.0000	0.0000	0.0000	0.0000	0.0000	0.0000	0.0000	0.0000	0.0000	0.0000											
21	49	0.1702	6	1	0	1	1	0	0	0	0	N	N	N	N	N	N	N	N	N	N	N	N	0.0000	0.0000	0.0000	0.0000	0.0000	0.0000	0.0000	0.0000	0.0000	0.0000	0.0000	0.0000	0.0000	0.0000	0.0000	0.0000	0.0000	0.0000	0.0000	0.0000	2.0000	0.0003	1.0003	1.0311	0.0000	0.0000	0.0000	0.0000	0.0000	0.0000	0.0000	0.0000	0.0000	0.0000	0.0000	0.0000	0.0000	0.0000	0.0000	0.0000	0.0000	0.0000	0.0000	0.0000	0.0000	0.0000	0.0000	0.0000	0.0000	0.0000	0.0000	0.0071	0.0043	0.0028	0.0011	0.0009	0.0002	0.0059	0.0033	0.0026	0.0000	0.0000	0.0000	0.0000	0.0000	0.0000	0.0000	0.0000	0.0000	0.0000	0.0000	0.0000	0.0000	0.0000	0.0000	0.0000	0.0000	0.0000											
21	50	0.1702	6	1	1	1	1	0	0	0	0	N	N	N	N	N	N	N	N	N	N	N	N	0.0000	0.0000	0.0000	0.0000	0.0000	0.0000	0.0000	0.0000	0.0000	0.0000	0.0000	0.0000	0.0000	0.0000	0.0000	0.0000	0.0000	0.0000	0.0000	0.0000	2.0000	0.0003	1.0003	1.0126	0.0000	0.0000	0.0000	0.0000	0.0000	0.0000	0.0000	0.0000	0.0000	0.0000	0.0000	0.0000	0.0000	0.0000	0.0000	0.0000	0.0000	0.0000	0.0000	0.0000	0.0000	0.0000	0.0000	0.0000	0.0000	0.0000	0.0000	0.0069	0.0042	0.0028	0.0011	0.0009	0.0002	0.0058	0.0033	0.0026	0.0000	0.0000	0.0000	0.0000	0.0000	0.0000	0.0000	0.0000	0.0000	0.0000	0.0000	0.0000	0.0000	0.0000	0.0000	0.0000	0.0000	0.0000											
21	51	0.1994	5	1	1	0	1	0	0	0	0	N	N	N	N	N	N	N	N	N	N	N	N	0.0000	0.0000	0.0000	0.0000	0.0000	0.0000	0.0000	0.0000	0.0000	0.0000	0.0000	0.0000	0.0000	0.0000	0.0000	0.0000	0.0000	0.0000	0.0000	0.0000	2.0000	0.0000	1.0003	1.0000	0.0000	0.0000	0.0000	0.0000	0.0000	0.0000	0.0000	0.0000	0.0000	0.0000	0.0000	0.0000	0.0000	0.0000	0.0000	0.0000	0.0000	0.0000	0.0000	0.0000	0.0000	0.0000	0.0000	0.0000	0.0000	0.0000	0.0000	0.0062	0.0037	0.0025	0.0014	0.0011	0.0003	0.0049	0.0026	0.0022	0.0000	0.0000	0.0000	0.0000	0.0000	0.0000	0.0000	0.0000	0.0000	0.0000	0.0000	0.0000	0.0000	0.0000	0.0000	0.0000	0.0000	0.0000											
21	52	0.0210	2	0	1	0	2	0	0	0	0	N	N	N	Y	N	N	N	N	N	N	N	N	12.5529	9.5886	0.0000	4123.2265	4004.9298	0.0000	0.0000	0.0103	0.0122	0.0000	21.8941	21.9080	0.0000	0.0000	0.0000	0.0000	0.0008	0.0013	0.0000	0.0053	0.0055	0.0000	0.0000	0.0000	0.0000	0.0000	0.0015	-0.0001	-0.0000	2.0000	0.9995	1.0003	1.0399	0.0003	0.0003	0.0000	0.0003	0.0003	0.0000	0.0000	0.0000	0.0000	0.0000	0.0000	0.0000	0.0000	0.0000	0.0000	0.0000	0.0000	0.0000	0.0271	0.0230	0.0042	0.0000	0.0000	0.0000	0.0271	0.0230	0.0042	0.0188	0.0121	0.0066	0.0029	0.0028	0.0001	0.0159	0.0093	0.0066	12.5529	9.5886	0.0000	4123.2265	4004.9298	0.0000	0.0000	0.0000	0.0000	0.0008	0.0013	0.0000	0.0053	0.0055	0.0000	0.0000	0.0000	0.0000		
21	53	0.0210	2	0	0	0	2	0	0	0	0	N	N	N	Y	N	N	N	N	N	N	N	N	26256.3012	0.0000	inf	0.0000	0.0000	inf	inf	12.5109	0.0000	82.3325	0.0000	0.0000	0.0000	12.5129	0.0000	82.3326	0.0005	0.0008	0.0000	0.0046	0.0048	0.0000	0.0000	0.0000	0.0000	inf	0.0000	0.5381	-0.0000	2.0000	3.0005	1.0003	1.0125	0.9997	0.0000	0.9997	0.0000	0.0000	0.0000	0.9997	0.0000	0.9997	0.0000	0.0000	0.0000	0.0000	0.0000	0.0000	0.0000	0.0000	0.0000	0.0799	0.0678	0.0121	0.0000	0.0000	0.0000	0.0799	0.0678	0.0121	0.0318	0.0193	0.0125	0.0033	0.0032	0.0002	0.0285	0.0161	0.0123	26256.3012	0.0000	inf	0.0000	0.0000	0.0000	inf	0.0000	inf	0.0005	0.0008	0.0000	0.0046	0.0048	0.0000	0.0000	0.0000	0.0000		
21	56	0.1608	7	0	1	1	1	0	0	0	0	N	N	N	N	N	N	N	N	N	N	N	N	0.0000	0.0000	0.0000	0.0000	0.0000	0.0000	0.0000	0.0000	0.0000	0.0000	0.0000	0.0000	0.0000	0.0000	0.0000	0.0000	0.0000	0.0000	0.0000	0.0000	0.0000	0.0000	inf	0.0000	0.0000	2.0000	2.0013	1.0003	5.6727	0.0000	0.0000	0.0000	0.0000	0.0000	0.0000	0.0000	0.0000	0.0000	0.0000	0.0000	0.0000	0.0000	0.0000	0.0000	0.0000	0.0000	0.0000	0.0535	0.0456	0.0079	0.0031	0.0029	0.0001	0.0504	0.0427	0.0078	0.0565	0.0369	0.0196	0.0112	0.0098	0.0014	0.0453	0.0271	0.0182	0.0000	0.0000	0.0000	0.0000	0.0000	0.0000	0.0000	0.0000	0.0000	0.0000	0.0000	0.0000	0.0000	0.0000	0.0000	0.0000	0.0000	0.0000						
21	57	0.1571	6	0	1	0	1	0	0	0	0	N	N	N	N	N	N	N	N	N	N	N	N	0.0000	0.0000	0.0000	0.0000	0.0000	0.0000	0.0000	0.0000	0.0000	0.0000	0.0000	0.0000	0.0000	0.0000	0.0000	0.0000	0.0000	0.0000	0.0000	0.0000	0.0000	0.0000	0.0000	0.0000	-0.0000	2.0000	0.0033	1.0003	1.3874	0.0000	0.0000	0.0000	0.0000	0.0000	0.0000	0.0000	0.0000	0.0000	0.0000	0.0000	0.0000	0.0000	0.0000	0.0000	0.0000	0.0000	0.0000	0.0001	0.0001	0.0000	0.0000	0.0000	0.0000	0.0001	0.0001	0.0000	0.0205	0.0155	0.0050	0.0070	0.0067	0.0003	0.0135	0.0088	0.0047	0.0000	0.0000	0.0000	0.0000	0.0000	0.0000	0.0000	0.0000	0.0000	0.0000	0.0000	0.0000	0.0000	0.0000	0.0000	0.0000	0.0000	0.0000						
21	58	0.1419	5	1	0	1	1	0	0	0	0	N	N	N	N	N	N	N	N	N	N	N	N	0.0000	0.0000	0.0000	0.0000	0.0000	0.0000	0.0000	0.0000	0.0000	0.0000	0.0000	0.0000	0.0000	0.0000	0.0000	0.0000	0.0000	0.0000	0.0000	0.0000	2.0000	0.0000	1.0003	2.0000	0.0000	0.0000	0.0000	0.0000	0.0000	0.0000	0.0000	0.0000	0.0000	0.0000	0.0000	0.0000	0.0000	0.0000	0.0000	0.0000	0.0000	0.0000	0.0000	0.0000	0.0000	0.0000	0.0000	0.0000	0.0000	0.0000	0.0000	0.0124	0.0074	0.0050	0.0011	0.0009	0.0003	0.0113	0.0065	0.0047	0.0000	0.0000	0.0000	0.0000	0.0000	0.0000	0.0000	0.0000	0.0000	0.0000	0.0000	0.0000	0.0000	0.0000	0.0000	0.0000	0.0000	0.0000											
21	59	0.1571	6	0	1	0	1	0	0	0	0	N	N	N	N	N	N	N	N	N	N	N	N	0.0000	0.0000	0.0000	0.0000	0.0000	0.0000	0.0000	0.0000	0.0000	0.0000	0.0000	0.0000	0.0000	0.0000	0.0000	0.0000	0.0000	0.0000	0.0000	0.0000	2.0000	1.9997	1.0003	3.4660	0.0000	0.0000	0.0000	0.0000	0.0000	0.0000	0.0000	0.0000	0.0000	0.0000	0.0000	0.0000	0.0000	0.0000	0.0000	0.0000	0.0000	0.0000	0.0532	0.0453	0.0079	0.0029	0.0028	0.0001	0.0503	0.0425	0.0077	0.0441	0.0295	0.0146	0.0097	0.0087	0.0010	0.0344	0.0208	0.0136	0.0000	0.0000	0.0000	0.0000	0.0000	0.0000	0.0000	0.0000	0.0000	0.0000	0.0000	0.0000	0.0000	0.0000	0.0000	0.0000	0.0000	0.0000											
21	60	0.1419	5	0	1	0	1	0	0	0	0	N	N	N	N	N	N	N	N	N	N	N	N	0.0000	0.0000	0.0000	0.0000	0.0000	0.0000	0.0000	0.0000	0.0000	0.0000	0.0000	0.0000	0.0000	0.0000	0.0000	0.0000	0.0000	0.0000	0.0000	0.0000	2.0000	0.0005	1.0003	3.6054	0.0000	0.0000	0.0000	0.0000	0.0000	0.0000	0.0000	0.0000	0.0000	0.0000	0.0000	0.0000	0.0000	0.0000	0.0000	0.0000	0.0000	0.0000	0.0000	0.0000	0.0000	0.0000	0.0000	0.0000	0.0000	0.0000	0.0000	0.0221	0.0132	0.0089	0.0020	0.0015	0.0005	0.0201	0.0117	0.0084	0.0000	0.0000	0.0000	0.0000	0.0000	0.0000	0.0000	0.0000	0.0000	0.0000	0.0000	0.0000	0.0000	0.0000	0.0000	0.0000	0.0000	0.0000											
21	61	0.1146	4	0	0	1	1	0	0	0	0	N	N	N	N	N	N	N	N	N	N	N	N	0.0000	0.0000	0.0000	0.0000	0.0000	0.0000	0.0000	0.0000	0.0000	0.0000	0.0000	0.0000	0.0000	0.0000	0.0000	0.0000	0.0000	0.0000	0.0000	0.0000	2.0000	0.0000	1.0003	1.0000	0.0000	0.0000	0.0000	0.0000	0.0000	0.0000	0.0000	0.0000	0.0000	0.0000	0.0000	0.0000	0.0000	0.0000	0.0000	0.0000	0.0000	0.0000	0.0000	0.0000	0.0000	0.0000	0.0000	0.0000	0.0000	0.0000	0.0000	0.0062	0.0034	0.0027	0.0005	0.0004	0.0002	0.0056	0.0031	0.0025	0.0000	0.0000	0.0000	0.0000	0.0000	0.0000	0.0000	0.0000	0.0000	0.0000	0.0000	0.0000	0.0000	0.0000	0.0000	0.0000	0.0000	0.0000											
21	62	0.1104	3	0	0	0	1	0	0	0	0	N	N	N	N	N	N	N	N	N	N	N	N	0.0000	0.0000	0.0000	0.0000	0.0000	0.0000	0.0000	0.0000	0.0000	0.0000	0.0000	0.0000	0.0000	0.0000	0.0000	0.0000	3.1882	5.0515	0.0000	426.4580	436.0333	0.0000	0.0000	0.0000	0.0000	0.0000	0.0000	-0.0134	2.0000	0.0001	1.0003	1.0076	0.0000	0.0000	0.0000	0.0000	0.0000	0.0000	0.0000	0.0000	0.0000	0.0248	0.0248	0.0000	0.0248	0.0248	0.0000	0.0000	0.0000	0.0000	0.0000	0.0000	0.0000	0.0000	0.0000	0.0000	0.0000	0.0000	0.0000	0.0079	0.0049	0.0030	0.0014	0.0012	0.0002	0.0066	0.0037	0.0028	0.0000	0.0000	0.0000	0.0000	0.0000	0.0000	0.0000	0.0000	0.0000	3.1359	5.0515	0.0000	18.2715	20.7828	0.0000	0.0000	0.0000	0.0000			
21	63	0.0436	2	0	0	0	1	0	0	0	0	N	N	N	N	N	N	N	N	N	N	N	N	7.8927	3.1455	0.0000	12.2088	8.0102	0.0000	3.4134	3.9965	0.0000	0.0000	0.0000	0.0000	3.4704	4.0701	0.0000	0.4325	1.2705	0.0074	0.0000	0.0000	0.0000	0.2843	0.5081	0.0074	0.0000	0.0118	-0.4617	-0.0131	2.0000	11.9999	1.0003	3.0574	1.0000	1.0000	0.0000	0.0000	0.0000	0.0000	1.0000	1.0000	0.0000	0.0248	0.0245	0.0003	0.0000	0.0000	0.0000	0.0248	0.0245	0.0003	0.2930	0.2502	0.0427	0.0048	0.0045	0.0003	0.2882	0.2457	0.0425	0.0886	0.0494	0.0392	0.0012	0.0011	0.0001	0.0873	0.0483	0.0391	12.1742	8.0443	0.0000	0.0000	0.0000	0.0000	12.2088	8.0102	0.0000	0.2804	0.4968	0.0074	0.0000	0.0000	0.0000	0.2843	0.5081	0.0074			
21	64	0.1419	5	1	1	0	1	0	0	0	0	N	N	N	N	N	N	N	N	N	N	N	N	0.0000	0.0000	0.0000	0.0000	0.0000	0.0000	0.0000	0.0000	0.0000	0.0000	0.0000	0.0000	0.0000	0.0002	0.0000	0.0006	0.0000	0.0000	0.0000	0.0003	0.0000	0.0006	inf	0.0000	0.0000	2.0000	4.0000	1.0003	3.0000	0.0000	0.0000	0.0000	0.0000	0.0000	0.0000	0.0000	0.0000	0.0000	0.0000	0.0000	0.0000	0.0000	0.0000	0.0000	0.0000	0.0000	0.0000	0.1044	0.0890	0.0154	0.0057	0.0055	0.0003	0.0987	0.0836	0.0151	0.0418	0.0250	0.0169	0.0039	0.0029	0.0010	0.0380	0.0221	0.0159	0.0000	0.0000	0.0000	0.0000	0.0000	0.0000	0.0000	0.0000	0.0000	0.0002	0.0000	0.0006	0.0000	0.0000	0.0000	0.0003	0.0000	0.0006						
21	65	0.1001	4	0	0	0	1	0	0	0	0	N	N	N	N	N	N	N	N	N	N	N	N	0.0000	0.0000	0.0000	0.0000	0.0000	0.0000	0.0000	0.0000	0.0000	0.0000	0.0000	0.0000	0.0000	0.0051	0.0090	0.0000	0.0805	0.1560	0.0000	0.0000	0.0000	0.0000	0.0000	0.0000	-0.0002	2.0000	2.0015	1.0003	10.0016	0.0000	0.0000	0.0000	0.0000	0.0000	0.0000	0.0000	0.0000	0.0000	0.0003	0.0003	0.0000	0.0003	0.0003	0.0000	0.0000	0.0000	0.0000	0.0540	0.0459	0.0081	0.0014	0.0013	0.0001	0.0526	0.0445	0.0080	0.0688	0.0390	0.0298	0.0046	0.0034	0.0012	0.0643	0.0357	0.0286	0.0000	0.0000	0.0000	0.0000	0.0000	0.0000	0.0000	0.0000	0.0000	0.0051	0.0090	0.0000	0.0769	0.1043	0.0000	0.0000	0.0000	0.0000						
21	67	0.2549	6	0	0	0	1	0	0	0	0	N	N	N	N	N	N	N	N	N	N	N	N	0.0001	0.0001	0.0000	0.0001	0.0001	0.0000	0.0000	0.0000	0.0001	0.0001	0.0000	0.0006	0.0007	0.0000	0.0000	0.0000	0.0000	0.5039	1.2397	0.0000	8.8173	11.1443	0.0001	0.0000	0.0000	0.0000	0.0000	0.0000	-0.0000	-0.0313	2.0000	4.8614	1.0003	14.2102	0.0000	0.0000	0.0000	0.0000	0.0000	0.0000	0.0000	0.0000	0.0000	0.0579	0.0579	0.0000	0.0579	0.0579	0.0000	0.0000	0.0000	0.0000	0.1422	0.1227	0.0195	0.0158	0.0152	0.0006	0.1264	0.1075	0.0189	0.1774	0.1218	0.0555	0.0694	0.0588	0.0106	0.1080	0.0630	0.0449	0.0002	0.0002	0.0000	0.0008	0.0007	0.0000	0.0000	0.0000	0.0000	0.3265	0.4754	0.0000	0.8344	0.9849	0.0001	0.0000	0.0000	0.0000	
21	68	0.1758	8	1	1	1	1	0	0	0	0	N	N	N	N	N	N	N	N	N	N	N	N	0.0000	0.0000	0.0000	0.0000	0.0000	0.0000	0.0000	0.0000	0.0000	0.0000	0.0000	0.0000	0.0000	0.0000	0.0000	0.0000	0.0000	0.0000	0.0000	0.0000	2.0000	0.0000	1.0003	0.0000	0.0000	0.0000	0.0000	0.0000	0.0000	0.0000	0.0000	0.0000	0.0000	0.0000	0.0000	0.0000	0.0000	0.0000	0.0000	0.0000	0.0000	0.0000	0.0000	0.0000	0.0000	0.0000	0.0000	0.0000	0.0000	0.0000	0.0000	0.0000	0.0000	0.0000	0.0000	0.0000	0.0000	0.0000	0.0000	0.0000	0.0000	0.0000	0.0000	0.0000	0.0000	0.0000	0.0000	0.0000	0.0000	0.0000	0.0000	0.0000	0.0000	0.0000	0.0000	0.0000	0.0000	0.0000											
21	69	0.1717	7	1	0	1	1	0	0	0	0	N	N	N	N	N	N	N	N	N	N	N	N	0.0000	0.0000	0.0000	0.0000	0.0000	0.0000	0.0000	0.0000	0.0000	0.0000	0.0000	0.0000	0.0000	0.0000	0.0000	0.0000	0.0000	0.0000	0.0000	0.0000	2.0000	0.0016	1.0003	0.9826	0.0000	0.0000	0.0000	0.0000	0.0000	0.0000	0.0000	0.0000	0.0000	0.0000	0.0000	0.0000	0.0000	0.0000	0.0000	0.0000	0.0000	0.0000	0.0002	0.0001	0.0000	0.0001	0.0001	0.0000	0.0001	0.0001	0.0000	0.0067	0.0041	0.0026	0.0012	0.0010	0.0002	0.0055	0.0031	0.0024	0.0000	0.0000	0.0000	0.0000	0.0000	0.0000	0.0000	0.0000	0.0000	0.0000	0.0000	0.0000	0.0000	0.0000	0.0000	0.0000	0.0000	0.0000											
21	70	0.1589	6	1	0	1	1	0	0	0	0	N	N	N	N	N	N	N	N	N	N	N	N	0.0000	0.0000	0.0000	0.0000	0.0000	0.0000	0.0000	0.0000	0.0000	0.0000	0.0000	0.0000	0.0000	0.0000	0.0000	0.0000	0.0000	0.0000	0.0000	0.0000	0.0000	0.0000	inf	0.0000	0.0000	2.0000	0.0061	1.0003	3.0249	0.0000	0.0000	0.0000	0.0000	0.0000	0.0000	0.0000	0.0000	0.0000	0.0000	0.0000	0.0000	0.0000	0.0000	0.0000	0.0000	0.0000	0.0000	0.0004	0.0004	0.0000	0.0001	0.0001	0.0000	0.0003	0.0002	0.0000	0.0207	0.0128	0.0080	0.0035	0.0029	0.0005	0.0173	0.0099	0.0074	0.0000	0.0000	0.0000	0.0000	0.0000	0.0000	0.0000	0.0000	0.0000	0.0000	0.0000	0.0000	0.0000	0.0000	0.0000	0.0000	0.0000	0.0000						
21	71	0.1419	5	1	0	1	1	0	0	0	0	N	N	N	N	N	N	N	N	N	N	N	N	0.0000	0.0000	0.0000	0.0000	0.0000	0.0000	0.0000	0.0000	0.0000	0.0000	0.0000	0.0000	0.0000	0.0000	0.0000	0.0000	0.0000	0.0000	0.0000	0.0000	0.0000	0.0000	0.0000	0.0000	-0.0000	2.0000	0.0044	1.0003	4.0281	0.0000	0.0000	0.0000	0.0000	0.0000	0.0000	0.0000	0.0000	0.0000	0.0000	0.0000	0.0000	0.0000	0.0000	0.0000	0.0000	0.0000	0.0000	0.0001	0.0001	0.0000	0.0000	0.0000	0.0000	0.0001	0.0001	0.0000	0.0246	0.0147	0.0100	0.0023	0.0017	0.0006	0.0224	0.0130	0.0094	0.0000	0.0000	0.0000	0.0000	0.0000	0.0000	0.0000	0.0000	0.0000	0.0000	0.0000	0.0000	0.0000	0.0000	0.0000	0.0000	0.0000	0.0000						
21	72	0.1001	4	0	1	0	1	0	0	0	0	N	N	N	N	N	N	N	N	N	N	N	N	0.0000	0.0000	0.0000	0.0000	0.0000	0.0000	0.0000	0.0000	0.0000	0.0000	0.0000	0.0000	0.0000	0.0000	0.0000	0.0000	0.0002	0.0002	0.0002	0.0016	0.0022	0.0000	0.0001	0.0000	0.0003	1.0000	0.0000	-0.0000	2.0000	5.9987	1.0003	11.0016	0.0000	0.0000	0.0000	0.0000	0.0000	0.0000	0.0000	0.0000	0.0000	0.0000	0.0000	0.0000	0.0000	0.0000	0.0000	0.0000	0.0000	0.0000	0.1555	0.1324	0.0231	0.0041	0.0038	0.0003	0.1515	0.1286	0.0228	0.0938	0.0533	0.0405	0.0063	0.0046	0.0017	0.0875	0.0487	0.0388	0.0000	0.0000	0.0000	0.0000	0.0000	0.0000	0.0000	0.0000	0.0000	0.0002	0.0002	0.0002	0.0016	0.0022	0.0000	0.0001	0.0000	0.0003			
21	73	0.1419	5	1	0	1	1	0	0	0	0	N	N	N	N	N	N	N	N	N	N	N	N	0.0000	0.0000	0.0000	0.0000	0.0000	0.0000	0.0000	0.0000	0.0000	0.0000	0.0000	0.0000	0.0000	0.0002	0.0000	0.0006	0.0000	0.0000	0.0000	0.0003	0.0000	0.0006	inf	0.0000	0.0000	2.0000	2.0000	1.0003	5.0000	0.0000	0.0000	0.0000	0.0000	0.0000	0.0000	0.0000	0.0000	0.0000	0.0000	0.0000	0.0000	0.0000	0.0000	0.0000	0.0000	0.0000	0.0000	0.0532	0.0453	0.0079	0.0029	0.0028	0.0001	0.0503	0.0425	0.0077	0.0418	0.0250	0.0169	0.0039	0.0029	0.0010	0.0380	0.0221	0.0159	0.0000	0.0000	0.0000	0.0000	0.0000	0.0000	0.0000	0.0000	0.0000	0.0002	0.0000	0.0006	0.0000	0.0000	0.0000	0.0003	0.0000	0.0006						
21	74	0.1418	6	0	1	0	1	0	0	0	0	N	N	N	N	N	N	N	N	N	N	N	N	0.0000	0.0000	0.0000	0.0000	0.0000	0.0000	0.0000	0.0000	0.0000	0.0000	0.0000	0.0000	0.0000	0.0000	0.0000	0.0000	0.0000	0.0003	0.0004	0.0000	0.0038	0.0042	0.0000	0.0000	0.0000	0.0000	0.0007	0.0000	-0.0000	2.0000	6.1274	1.0003	13.6208	0.0000	0.0000	0.0000	0.0000	0.0000	0.0000	0.0000	0.0000	0.0000	0.0000	0.0000	0.0000	0.0000	0.0000	0.0000	0.0000	0.0000	0.0000	0.1642	0.1401	0.0241	0.0073	0.0070	0.0003	0.1569	0.1331	0.0238	0.1175	0.0693	0.0482	0.0078	0.0071	0.0007	0.1096	0.0622	0.0475	0.0000	0.0000	0.0000	0.0000	0.0000	0.0000	0.0000	0.0000	0.0000	0.0003	0.0004	0.0000	0.0038	0.0042	0.0000	0.0000	0.0000	0.0000		
21	75	0.1664	9	0	0	1	1	0	0	0	0	N	N	N	N	N	N	N	N	N	N	N	N	0.0000	0.0000	0.0000	0.0000	0.0000	0.0000	0.0000	0.0000	0.0000	0.0000	0.0000	0.0000	0.0000	0.0000	0.0000	0.0000	0.0000	0.0000	0.0000	0.0000	0.0000	0.0000	0.0000	0.0000	-0.0000	2.0000	0.0000	1.0003	1.0003	0.0000	0.0000	0.0000	0.0000	0.0000	0.0000	0.0000	0.0000	0.0000	0.0000	0.0000	0.0000	0.0000	0.0000	0.0000	0.0000	0.0000	0.0000	0.0000	0.0000	0.0000	0.0000	0.0000	0.0000	0.0000	0.0000	0.0000	0.0063	0.0037	0.0026	0.0003	0.0003	0.0001	0.0060	0.0035	0.0025	0.0000	0.0000	0.0000	0.0000	0.0000	0.0000	0.0000	0.0000	0.0000	0.0000	0.0000	0.0000	0.0000	0.0000	0.0000	0.0000	0.0000	0.0000						
21	76	0.1623	8	0	0	1	1	0	0	0	0	N	N	N	N	N	N	N	N	N	N	N	N	0.0000	0.0000	0.0000	0.0000	0.0000	0.0000	0.0000	0.0000	0.0000	0.0000	0.0000	0.0000	0.0000	0.0000	0.0000	0.0000	0.0000	0.0000	0.0000	0.0000	0.0000	0.0000	inf	0.0000	0.0000	2.0000	0.0000	1.0003	1.0076	0.0000	0.0000	0.0000	0.0000	0.0000	0.0000	0.0000	0.0000	0.0000	0.0000	0.0000	0.0000	0.0000	0.0000	0.0000	0.0000	0.0000	0.0000	0.0000	0.0000	0.0000	0.0000	0.0000	0.0000	0.0000	0.0000	0.0000	0.0063	0.0037	0.0026	0.0003	0.0002	0.0000	0.0060	0.0035	0.0025	0.0000	0.0000	0.0000	0.0000	0.0000	0.0000	0.0000	0.0000	0.0000	0.0000	0.0000	0.0000	0.0000	0.0000	0.0000	0.0000	0.0000	0.0000						
21	77	0.1582	7	0	0	0	1	0	0	0	0	N	N	N	N	N	N	N	N	N	N	N	N	0.0000	0.0000	0.0000	0.0000	0.0000	0.0000	0.0000	0.0000	0.0000	0.0000	0.0000	0.0000	0.0000	0.0000	0.0000	0.0000	0.0000	0.0000	0.0000	0.0000	2.0000	0.0026	1.0003	0.9924	0.0000	0.0000	0.0000	0.0000	0.0000	0.0000	0.0000	0.0000	0.0000	0.0000	0.0000	0.0000	0.0000	0.0000	0.0000	0.0000	0.0000	0.0000	0.0002	0.0002	0.0000	0.0001	0.0001	0.0000	0.0001	0.0001	0.0000	0.0062	0.0037	0.0025	0.0002	0.0002	0.0000	0.0060	0.0034	0.0025	0.0000	0.0000	0.0000	0.0000	0.0000	0.0000	0.0000	0.0000	0.0000	0.0000	0.0000	0.0000	0.0000	0.0000	0.0000	0.0000	0.0000	0.0000											
21	78	0.1418	6	0	0	0	1	0	0	0	0	N	N	N	N	N	N	N	N	N	N	N	N	0.0000	0.0000	0.0000	0.0000	0.0000	0.0000	0.0000	0.0000	0.0000	0.0000	0.0000	0.0000	0.0000	0.0000	0.0000	0.0000	0.0000	0.0008	0.0013	0.0000	0.0056	0.0058	0.0000	0.0000	0.0000	0.0000	0.0007	0.0000	-0.0000	2.0000	2.8733	1.0003	1.5522	0.0000	0.0000	0.0000	0.0000	0.0000	0.0000	0.0000	0.0000	0.0000	0.0000	0.0000	0.0000	0.0000	0.0000	0.0000	0.0000	0.0000	0.0000	0.0828	0.0707	0.0122	0.0052	0.0051	0.0002	0.0776	0.0656	0.0120	0.0364	0.0231	0.0133	0.0053	0.0051	0.0002	0.0311	0.0180	0.0132	0.0000	0.0000	0.0000	0.0000	0.0000	0.0000	0.0000	0.0000	0.0000	0.0008	0.0013	0.0000	0.0056	0.0058	0.0000	0.0000	0.0000	0.0000		
21	79	0.1297	5	0	0	0	1	0	0	0	0	N	N	N	N	N	N	N	N	N	N	N	N	0.0000	0.0000	0.0000	0.0000	0.0000	0.0000	0.0000	0.0000	0.0000	0.0000	0.0000	0.0000	0.0000	0.0000	0.0000	0.0000	0.0000	0.0000	0.0040	0.0051	0.0015	0.0121	0.0126	0.0000	0.0009	0.0005	0.0016	0.1253	0.0000	-0.0001	2.0000	0.2102	1.0003	3.4985	0.0000	0.0000	0.0000	0.0000	0.0000	0.0000	0.0000	0.0000	0.0000	0.0002	0.0002	0.0000	0.0002	0.0002	0.0000	0.0000	0.0000	0.0000	0.0095	0.0082	0.0013	0.0020	0.0020	0.0000	0.0075	0.0062	0.0013	0.0445	0.0311	0.0134	0.0124	0.0119	0.0005	0.0321	0.0192	0.0129	0.0000	0.0000	0.0000	0.0000	0.0000	0.0000	0.0000	0.0000	0.0000	0.0040	0.0051	0.0015	0.0121	0.0126	0.0000	0.0009	0.0005	0.0016	
21	80	0.0733	5	0	1	0	1	0	0	0	0	N	N	N	N	N	N	N	N	N	N	N	N	0.0000	0.0000	0.0000	0.0000	0.0000	0.0000	0.0000	0.0000	0.0000	0.0000	0.0000	0.0000	0.0000	0.0000	0.0000	0.0000	0.0000	0.0002	0.0003	0.0000	0.0036	0.0038	0.0001	0.0000	0.0000	0.0000	0.0014	0.0000	-0.0000	2.0000	2.0196	1.0003	6.0690	0.0000	0.0000	0.0000	0.0000	0.0000	0.0000	0.0000	0.0000	0.0000	0.0000	0.0000	0.0000	0.0000	0.0000	0.0000	0.0000	0.0000	0.0000	0.0551	0.0468	0.0083	0.0019	0.0017	0.0002	0.0532	0.0451	0.0081	0.0525	0.0301	0.0225	0.0027	0.0026	0.0001	0.0498	0.0274	0.0223	0.0000	0.0000	0.0000	0.0000	0.0000	0.0000	0.0000	0.0000	0.0000	0.0002	0.0003	0.0000	0.0036	0.0038	0.0001	0.0000	0.0000	0.0000		
21	81	0.0651	4	0	0	0	1	0	0	0	0	N	N	N	N	N	N	N	N	N	N	N	N	0.0000	0.0000	0.0000	0.0000	0.0000	0.0000	0.0000	0.0000	0.0000	0.0000	0.0000	0.0000	0.0000	0.0000	0.0000	0.0000	0.0000	0.0008	0.0000	0.0018	0.0001	0.0000	0.0005	0.0008	0.0000	0.0018	709.9721	0.0000	0.0000	2.0000	0.9876	1.0003	0.9833	0.0000	0.0000	0.0000	0.0000	0.0000	0.0000	0.0000	0.0000	0.0000	0.0000	0.0000	0.0000	0.0000	0.0000	0.0000	0.0000	0.0000	0.0000	0.0267	0.0226	0.0041	0.0004	0.0004	0.0000	0.0263	0.0222	0.0040	0.0131	0.0074	0.0057	0.0004	0.0004	0.0000	0.0127	0.0070	0.0057	0.0000	0.0000	0.0000	0.0000	0.0000	0.0000	0.0000	0.0000	0.0000	0.0008	0.0000	0.0018	0.0001	0.0000	0.0005	0.0008	0.0000	0.0018		
21	82	0.1702	6	1	0	1	1	0	0	0	0	N	N	N	N	N	N	N	N	N	N	N	N	0.0000	0.0000	0.0000	0.0000	0.0000	0.0000	0.0000	0.0000	0.0000	0.0000	0.0000	0.0000	0.0000	0.0000	0.0000	0.0000	0.0000	0.0000	0.0000	0.0000	2.0000	1.0000	1.0003	2.9874	0.0000	0.0000	0.0000	0.0000	0.0000	0.0000	0.0000	0.0000	0.0000	0.0000	0.0000	0.0000	0.0000	0.0000	0.0000	0.0000	0.0000	0.0000	0.0271	0.0230	0.0041	0.0004	0.0003	0.0000	0.0267	0.0226	0.0041	0.0256	0.0151	0.0105	0.0038	0.0030	0.0008	0.0218	0.0121	0.0097	0.0000	0.0000	0.0000	0.0000	0.0000	0.0000	0.0000	0.0000	0.0000	0.0000	0.0000	0.0000	0.0000	0.0000	0.0000	0.0000	0.0000	0.0000											
21	83	0.1419	5	1	0	1	1	0	0	0	0	N	N	N	N	N	N	N	N	N	N	N	N	0.0000	0.0000	0.0000	0.0000	0.0000	0.0000	0.0000	0.0000	0.0000	0.0000	0.0000	0.0000	0.0000	0.0000	0.0000	0.0000	0.0000	0.0000	0.0000	0.0000	2.0000	0.9997	1.0003	6.0128	0.0000	0.0000	0.0000	0.0000	0.0000	0.0000	0.0000	0.0000	0.0000	0.0000	0.0000	0.0000	0.0000	0.0000	0.0000	0.0000	0.0000	0.0000	0.0268	0.0229	0.0040	0.0015	0.0014	0.0001	0.0254	0.0214	0.0039	0.0419	0.0250	0.0169	0.0039	0.0029	0.0010	0.0380	0.0221	0.0160	0.0000	0.0000	0.0000	0.0000	0.0000	0.0000	0.0000	0.0000	0.0000	0.0000	0.0000	0.0000	0.0000	0.0000	0.0000	0.0000	0.0000	0.0000											
21	84	0.1001	4	0	1	0	2	0	0	0	0	N	N	N	Y	N	N	N	N	N	N	N	N	0.0000	0.0000	0.0000	0.0000	0.0000	0.0000	0.0000	0.0000	0.0000	0.0000	0.0000	0.0000	0.0000	0.0000	0.0000	0.0000	0.0000	0.0000	0.0000	0.0000	2.0000	8.0013	1.0003	12.0015	0.0000	0.0000	0.0000	0.0000	0.0000	0.0000	0.0000	0.0000	0.0000	0.0000	0.0000	0.0000	0.0000	0.0000	0.0000	0.0000	0.0000	0.0000	0.2036	0.1736	0.0300	0.0053	0.0050	0.0004	0.1982	0.1686	0.0297	0.1078	0.0614	0.0464	0.0073	0.0053	0.0019	0.1006	0.0561	0.0445	0.0000	0.0000	0.0000	0.0000	0.0000	0.0000	0.0000	0.0000	0.0000	0.0000	0.0000	0.0000	0.0000	0.0000	0.0000	0.0000	0.0000	0.0000											
21	85	0.0436	2	0	1	0	1	0	0	0	0	N	N	N	N	N	N	N	N	N	N	N	N	0.0000	0.0000	0.0000	0.0000	0.0000	0.0000	0.0000	0.0000	0.0000	0.0000	0.0000	0.0000	0.0000	0.0000	0.0000	0.0000	0.0001	0.0001	0.0000	0.0000	0.0000	0.0000	0.0000	0.0000	-0.0000	2.0000	1.0000	1.0003	6.9850	0.0000	0.0000	0.0000	0.0000	0.0000	0.0000	0.0000	0.0000	0.0000	0.0000	0.0000	0.0000	0.0000	0.0000	0.0000	0.0000	0.0000	0.0000	0.0270	0.0229	0.0041	0.0004	0.0004	0.0000	0.0266	0.0225	0.0041	0.0500	0.0279	0.0221	0.0009	0.0008	0.0001	0.0492	0.0271	0.0221	0.0000	0.0000	0.0000	0.0000	0.0000	0.0000	0.0000	0.0000	0.0000	0.0000	0.0000	0.0000	0.0001	0.0001	0.0000	0.0000	0.0000	0.0000						
21	87	0.1419	5	0	1	0	1	0	0	0	0	N	N	N	N	N	N	N	N	N	N	N	N	0.0000	0.0000	0.0000	0.0000	0.0000	0.0000	0.0000	0.0000	0.0000	0.0000	0.0000	0.0000	0.0000	0.0055	0.0092	0.0000	0.0588	0.0827	0.0000	0.0000	0.0000	0.0000	0.0000	0.0000	-0.0002	2.0000	4.0000	1.0003	7.0000	0.0000	0.0000	0.0000	0.0000	0.0000	0.0000	0.0000	0.0000	0.0000	0.0003	0.0003	0.0000	0.0003	0.0003	0.0000	0.0000	0.0000	0.0000	0.1044	0.0890	0.0154	0.0057	0.0055	0.0003	0.0987	0.0836	0.0151	0.0638	0.0381	0.0257	0.0059	0.0045	0.0015	0.0579	0.0336	0.0243	0.0000	0.0000	0.0000	0.0000	0.0000	0.0000	0.0000	0.0000	0.0000	0.0055	0.0092	0.0000	0.0588	0.0783	0.0000	0.0000	0.0000	0.0000						
21	88	0.1001	4	0	0	0	1	0	0	0	0	N	N	N	N	N	N	N	N	N	N	N	N	0.0000	0.0000	0.0000	0.0000	0.0000	0.0000	0.0000	0.0000	0.0000	0.0000	0.0000	0.0000	0.0000	0.0000	0.0000	0.0000	0.0000	0.0000	0.0000	0.0000	2.0000	2.9985	1.0003	7.0016	0.0000	0.0000	0.0000	0.0000	0.0000	0.0000	0.0000	0.0000	0.0000	0.0000	0.0000	0.0000	0.0000	0.0000	0.0000	0.0000	0.0000	0.0000	0.0800	0.0680	0.0120	0.0021	0.0020	0.0001	0.0779	0.0661	0.0119	0.0583	0.0330	0.0252	0.0038	0.0028	0.0010	0.0544	0.0302	0.0242	0.0000	0.0000	0.0000	0.0000	0.0000	0.0000	0.0000	0.0000	0.0000	0.0000	0.0000	0.0000	0.0000	0.0000	0.0000	0.0000	0.0000	0.0000											
21	89	0.0736	5	0	1	0	1	0	0	0	0	N	N	N	N	N	N	N	N	N	N	N	N	0.0000	0.0000	0.0000	0.0000	0.0000	0.0000	0.0000	0.0000	0.0000	0.0000	0.0000	0.0000	0.0000	0.0000	0.0000	0.0061	0.0107	0.0000	0.1399	0.1858	0.0000	0.0000	0.0000	0.0000	0.0000	0.0000	-0.0002	2.0000	0.0157	1.0003	9.0253	0.0000	0.0000	0.0000	0.0000	0.0000	0.0000	0.0000	0.0000	0.0000	0.0003	0.0003	0.0000	0.0003	0.0003	0.0000	0.0000	0.0000	0.0000	0.0015	0.0013	0.0002	0.0006	0.0006	0.0000	0.0010	0.0008	0.0002	0.0575	0.0326	0.0249	0.0036	0.0030	0.0006	0.0540	0.0296	0.0243	0.0000	0.0000	0.0000	0.0000	0.0000	0.0000	0.0000	0.0000	0.0000	0.0061	0.0107	0.0000	0.0981	0.1168	0.0000	0.0000	0.0000	0.0000				
21	90	0.0651	4	0	1	0	1	0	0	0	0	N	N	N	N	N	N	N	N	N	N	N	N	0.0000	0.0000	0.0000	0.0000	0.0000	0.0000	0.0000	0.0000	0.0000	0.0000	0.0000	0.0000	0.0000	0.0000	0.0000	0.0000	0.0000	0.0001	0.0001	0.0000	0.0027	0.0027	0.0004	0.0000	0.0000	0.0000	0.0106	0.0000	-0.0000	2.0000	0.0169	1.0003	2.0013	0.0000	0.0000	0.0000	0.0000	0.0000	0.0000	0.0000	0.0000	0.0000	0.0000	0.0000	0.0000	0.0000	0.0000	0.0000	0.0000	0.0000	0.0000	0.0005	0.0004	0.0001	0.0000	0.0000	0.0000	0.0005	0.0004	0.0001	0.0134	0.0075	0.0058	0.0004	0.0004	0.0000	0.0130	0.0071	0.0058	0.0000	0.0000	0.0000	0.0000	0.0000	0.0000	0.0000	0.0000	0.0000	0.0001	0.0001	0.0000	0.0027	0.0027	0.0004	0.0000	0.0000	0.0000		
21	91	0.0563	3	0	0	0	1	0	0	0	0	N	N	N	N	N	N	N	N	N	N	N	N	0.0000	0.0000	0.0000	0.0000	0.0000	0.0000	0.0000	0.0000	0.0000	0.0000	0.0000	0.0000	0.0000	0.0000	0.0000	0.0000	0.0000	0.0000	0.0000	0.0000	0.0000	0.0000	0.0000	0.0000	0.0000	15.4218	0.0000	0.0000	2.0000	1.9923	1.0003	0.0454	0.0000	0.0000	0.0000	0.0000	0.0000	0.0000	0.0000	0.0000	0.0000	0.0000	0.0000	0.0000	0.0000	0.0000	0.0000	0.0000	0.0000	0.0000	0.0536	0.0455	0.0081	0.0011	0.0010	0.0001	0.0525	0.0445	0.0080	0.0134	0.0074	0.0060	0.0003	0.0003	0.0000	0.0132	0.0072	0.0060	0.0000	0.0000	0.0000	0.0000	0.0000	0.0000	0.0000	0.0000	0.0000	0.0000	0.0000	0.0000	0.0000	0.0000	0.0000	0.0000	0.0000	0.0000			
21	93	0.1968	9	1	1	0	2	0	0	0	0	N	N	N	Y	N	N	N	N	N	N	N	N	0.0000	0.0000	0.0000	0.0000	0.0000	0.0000	0.0000	0.0000	0.0000	0.0000	0.0000	0.0000	0.0000	0.0000	0.0000	0.0000	0.0000	0.0000	0.0000	0.0000	2.0000	0.0000	1.0003	0.0000	0.0000	0.0000	0.0000	0.0000	0.0000	0.0000	0.0000	0.0000	0.0000	0.0000	0.0000	0.0000	0.0000	0.0000	0.0000	0.0000	0.0000	0.0000	0.0000	0.0000	0.0000	0.0000	0.0000	0.0000	0.0000	0.0000	0.0000	0.0000	0.0000	0.0000	0.0000	0.0000	0.0000	0.0000	0.0000	0.0000	0.0000	0.0000	0.0000	0.0000	0.0000	0.0000	0.0000	0.0000	0.0000	0.0000	0.0000	0.0000	0.0000	0.0000	0.0000	0.0000	0.0000	0.0000											
21	94	0.1968	8	1	1	0	2	0	0	0	0	N	N	N	Y	N	N	N	N	N	N	N	N	0.0000	0.0000	0.0000	0.0000	0.0000	0.0000	0.0000	0.0000	0.0000	0.0000	0.0000	0.0000	0.0000	0.0000	0.0000	0.0000	0.0000	0.0000	0.0000	0.0000	2.0000	0.0000	1.0003	0.0001	0.0000	0.0000	0.0000	0.0000	0.0000	0.0000	0.0000	0.0000	0.0000	0.0000	0.0000	0.0000	0.0000	0.0000	0.0000	0.0000	0.0000	0.0000	0.0000	0.0000	0.0000	0.0000	0.0000	0.0000	0.0000	0.0000	0.0000	0.0000	0.0000	0.0000	0.0000	0.0000	0.0000	0.0000	0.0000	0.0000	0.0000	0.0000	0.0000	0.0000	0.0000	0.0000	0.0000	0.0000	0.0000	0.0000	0.0000	0.0000	0.0000	0.0000	0.0000	0.0000	0.0000	0.0000											
21	95	0.1788	7	0	1	0	2	0	0	0	0	N	N	N	Y	N	N	N	N	N	N	N	N	0.0000	0.0000	0.0000	0.0000	0.0000	0.0000	0.0000	0.0000	0.0000	0.0000	0.0000	0.0000	0.0000	0.0000	0.0000	0.0000	0.0000	0.0000	0.0000	0.0000	2.0000	0.9845	1.0003	0.9903	0.0000	0.0000	0.0000	0.0000	0.0000	0.0000	0.0000	0.0000	0.0000	0.0000	0.0000	0.0000	0.0000	0.0000	0.0000	0.0000	0.0000	0.0000	0.0280	0.0239	0.0041	0.0024	0.0023	0.0001	0.0256	0.0216	0.0040	0.0129	0.0077	0.0053	0.0017	0.0014	0.0003	0.0112	0.0062	0.0050	0.0000	0.0000	0.0000	0.0000	0.0000	0.0000	0.0000	0.0000	0.0000	0.0000	0.0000	0.0000	0.0000	0.0000	0.0000	0.0000	0.0000	0.0000											
21	96	0.1760	7	0	1	0	1	0	0	0	0	N	N	N	N	N	N	N	N	N	N	N	N	0.0000	0.0000	0.0000	0.0000	0.0000	0.0000	0.0000	0.0000	0.0000	0.0000	0.0000	0.0000	0.0000	0.0000	0.0000	0.0000	0.1084	0.2278	0.0000	2.3023	2.9850	0.0000	0.0000	0.0000	0.0000	0.0000	0.0000	-0.0027	2.0000	1.0063	1.0003	3.7812	0.0000	0.0000	0.0000	0.0000	0.0000	0.0000	0.0000	0.0000	0.0000	0.0050	0.0050	0.0000	0.0050	0.0050	0.0000	0.0000	0.0000	0.0000	0.0278	0.0236	0.0042	0.0013	0.0012	0.0001	0.0265	0.0224	0.0041	0.0462	0.0296	0.0167	0.0142	0.0122	0.0020	0.0320	0.0173	0.0147	0.0000	0.0000	0.0000	0.0000	0.0000	0.0000	0.0000	0.0000	0.0000	0.1084	0.1695	0.0000	0.3518	0.4091	0.0000	0.0000	0.0000	0.0000			
21	97	0.1788	7	0	0	1	2	0	0	0	0	N	N	N	Y	N	N	N	N	N	N	N	N	0.0000	0.0000	0.0000	0.0000	0.0000	0.0000	0.0000	0.0000	0.0000	0.0000	0.0000	0.0000	0.0000	0.0000	0.0000	0.0000	0.0000	0.0000	0.0000	0.0000	2.0000	1.0165	1.0003	1.0129	0.0000	0.0000	0.0000	0.0000	0.0000	0.0000	0.0000	0.0000	0.0000	0.0000	0.0000	0.0000	0.0000	0.0000	0.0000	0.0000	0.0000	0.0000	0.0288	0.0246	0.0042	0.0024	0.0023	0.0001	0.0264	0.0222	0.0041	0.0132	0.0078	0.0054	0.0018	0.0015	0.0003	0.0115	0.0064	0.0051	0.0000	0.0000	0.0000	0.0000	0.0000	0.0000	0.0000	0.0000	0.0000	0.0000	0.0000	0.0000	0.0000	0.0000	0.0000	0.0000	0.0000	0.0000											
21	98	0.1659	6	0	0	0	2	0	0	0	0	N	N	N	Y	N	N	N	N	N	N	N	N	0.0000	0.0000	0.0000	0.0000	0.0000	0.0000	0.0000	0.0000	0.0000	0.0000	0.0000	0.0000	0.0000	0.0000	0.0000	0.0000	0.0000	0.0000	0.0000	0.0000	2.0000	2.0241	1.0003	1.0265	0.0000	0.0000	0.0000	0.0000	0.0000	0.0000	0.0000	0.0000	0.0000	0.0000	0.0000	0.0000	0.0000	0.0000	0.0000	0.0000	0.0000	0.0000	0.0555	0.0472	0.0082	0.0028	0.0027	0.0002	0.0526	0.0446	0.0081	0.0189	0.0110	0.0079	0.0027	0.0021	0.0006	0.0162	0.0089	0.0073	0.0000	0.0000	0.0000	0.0000	0.0000	0.0000	0.0000	0.0000	0.0000	0.0000	0.0000	0.0000	0.0000	0.0000	0.0000	0.0000	0.0000	0.0000											
21	99	0.1659	6	0	0	1	2	0	0	0	0	N	N	N	Y	N	N	N	N	N	N	N	N	0.0000	0.0000	0.0000	0.0000	0.0000	0.0000	0.0000	0.0000	0.0000	0.0000	0.0000	0.0000	0.0000	0.0000	0.0000	0.0000	0.0000	0.0000	0.0000	0.0000	2.0000	3.0066	1.0003	0.0000	0.0000	0.0000	0.0000	0.0000	0.0000	0.0000	0.0000	0.0000	0.0000	0.0000	0.0000	0.0000	0.0000	0.0000	0.0000	0.0000	0.0000	0.0000	0.0813	0.0692	0.0121	0.0040	0.0038	0.0002	0.0773	0.0655	0.0118	0.0187	0.0109	0.0078	0.0027	0.0021	0.0006	0.0160	0.0088	0.0072	0.0000	0.0000	0.0000	0.0000	0.0000	0.0000	0.0000	0.0000	0.0000	0.0000	0.0000	0.0000	0.0000	0.0000	0.0000	0.0000	0.0000	0.0000											
21	100	0.1916	6	0	0	1	2	0	0	0	0	N	N	N	Y	N	N	N	N	N	N	N	N	0.0000	0.0000	0.0000	0.0000	0.0000	0.0000	0.0000	0.0000	0.0000	0.0000	0.0000	0.0000	0.0000	0.0000	0.0000	0.0000	0.0000	0.0000	0.0000	0.0000	2.0000	0.0000	1.0003	2.0000	0.0000	0.0000	0.0000	0.0000	0.0000	0.0000	0.0000	0.0000	0.0000	0.0000	0.0000	0.0000	0.0000	0.0000	0.0000	0.0000	0.0000	0.0000	0.0000	0.0000	0.0000	0.0000	0.0000	0.0000	0.0000	0.0000	0.0000	0.0121	0.0069	0.0051	0.0018	0.0014	0.0004	0.0103	0.0055	0.0047	0.0000	0.0000	0.0000	0.0000	0.0000	0.0000	0.0000	0.0000	0.0000	0.0000	0.0000	0.0000	0.0000	0.0000	0.0000	0.0000	0.0000	0.0000											
21	101	0.1526	5	0	0	1	2	0	0	0	0	N	N	N	Y	N	N	N	N	N	N	N	N	0.0000	0.0000	0.0000	0.0000	0.0000	0.0000	0.0000	0.0000	0.0000	0.0000	0.0000	0.0000	0.0000	0.0000	0.0000	0.0000	0.0000	0.0003	0.0006	0.0000	0.0022	0.0028	0.0000	0.0000	0.0000	0.0000	0.0011	0.0000	-0.0000	2.0000	5.8899	1.0003	3.1847	0.0000	0.0000	0.0000	0.0000	0.0000	0.0000	0.0000	0.0000	0.0000	0.0000	0.0000	0.0000	0.0000	0.0000	0.0000	0.0000	0.0000	0.0000	0.1598	0.1363	0.0235	0.0109	0.0100	0.0009	0.1488	0.1262	0.0226	0.0573	0.0336	0.0238	0.0090	0.0073	0.0017	0.0484	0.0263	0.0221	0.0000	0.0000	0.0000	0.0000	0.0000	0.0000	0.0000	0.0000	0.0000	0.0003	0.0006	0.0000	0.0022	0.0028	0.0000	0.0000	0.0000	0.0000		
21	102	0.1994	5	1	1	0	1	0	0	0	0	N	N	N	N	N	N	N	N	N	N	N	N	0.0000	0.0000	0.0000	0.0000	0.0000	0.0000	0.0000	0.0000	0.0000	0.0000	0.0000	0.0000	0.0000	0.0000	0.0000	0.0000	0.0000	0.0000	0.0000	0.0000	2.0000	0.0000	1.0003	0.0000	0.0000	0.0000	0.0000	0.0000	0.0000	0.0000	0.0000	0.0000	0.0000	0.0000	0.0000	0.0000	0.0000	0.0000	0.0000	0.0000	0.0000	0.0000	0.0000	0.0000	0.0000	0.0000	0.0000	0.0000	0.0000	0.0000	0.0000	0.0000	0.0000	0.0000	0.0000	0.0000	0.0000	0.0000	0.0000	0.0000	0.0000	0.0000	0.0000	0.0000	0.0000	0.0000	0.0000	0.0000	0.0000	0.0000	0.0000	0.0000	0.0000	0.0000	0.0000	0.0000	0.0000	0.0000											
21	103	0.1001	4	1	1	0	1	0	0	0	0	N	N	N	N	N	N	N	N	N	N	N	N	0.0000	0.0000	0.0000	0.0000	0.0000	0.0000	0.0000	0.0000	0.0000	0.0000	0.0000	0.0000	0.0000	0.0000	0.0000	0.0000	0.0000	0.0000	0.0000	0.0000	2.0000	8.0012	1.0003	14.0016	0.0000	0.0000	0.0000	0.0000	0.0000	0.0000	0.0000	0.0000	0.0000	0.0000	0.0000	0.0000	0.0000	0.0000	0.0000	0.0000	0.0000	0.0000	0.2036	0.1736	0.0300	0.0053	0.0050	0.0004	0.1982	0.1686	0.0297	0.1168	0.0666	0.0503	0.0079	0.0058	0.0021	0.1089	0.0608	0.0482	0.0000	0.0000	0.0000	0.0000	0.0000	0.0000	0.0000	0.0000	0.0000	0.0000	0.0000	0.0000	0.0000	0.0000	0.0000	0.0000	0.0000	0.0000											
21	104	0.1630	5	0	1	0	1	0	0	0	0	N	N	N	N	N	N	N	N	N	N	N	N	0.0000	0.0000	0.0000	0.0000	0.0000	0.0000	0.0000	0.0000	0.0000	0.0000	0.0000	0.0000	0.0000	0.0000	0.0000	0.0000	0.0000	0.1543	0.4294	0.0000	1.9182	2.5653	0.0000	0.1075	0.1992	0.0000	0.0000	0.0000	-0.0016	2.0000	2.0010	1.0003	1.0153	0.0000	0.0000	0.0000	0.0000	0.0000	0.0000	0.0000	0.0000	0.0000	0.0029	0.0029	0.0000	0.0012	0.0012	0.0000	0.0017	0.0017	0.0000	0.0535	0.0455	0.0081	0.0013	0.0013	0.0001	0.0522	0.0442	0.0080	0.0199	0.0117	0.0082	0.0041	0.0031	0.0010	0.0158	0.0085	0.0073	0.0000	0.0000	0.0000	0.0000	0.0000	0.0000	0.0000	0.0000	0.0000	0.1451	0.2476	0.0000	0.2893	0.3790	0.0000	0.1075	0.1992	0.0000		
21	105	0.1001	4	0	1	0	1	0	0	0	0	N	N	N	N	N	N	N	N	N	N	N	N	0.0000	0.0000	0.0000	0.0000	0.0000	0.0000	0.0000	0.0000	0.0000	0.0000	0.0000	0.0000	0.0000	0.0000	0.0000	0.0000	0.0000	12.7093	22.1532	0.0061	0.0000	0.0000	0.0000	13.4762	24.2428	0.0064	0.0002	0.0000	-0.5388	2.0000	3.0162	1.0003	11.0438	0.0000	0.0000	0.0000	0.0000	0.0000	0.0000	0.0000	0.0000	0.0000	0.9982	0.9980	0.0002	0.0000	0.0000	0.0000	0.9982	0.9980	0.0002	0.0805	0.0684	0.0121	0.0021	0.0020	0.0001	0.0784	0.0664	0.0119	0.0793	0.0450	0.0343	0.0053	0.0039	0.0014	0.0741	0.0412	0.0329	0.0000	0.0000	0.0000	0.0000	0.0000	0.0000	0.0000	0.0000	0.0000	12.5806	22.1532	0.0061	0.0000	0.0000	0.0000	13.4762	24.2428	0.0064		
21	106	0.2009	9	1	1	0	1	0	0	0	0	N	N	N	N	N	N	N	N	N	N	N	N	0.0000	0.0000	0.0000	0.0000	0.0000	0.0000	0.0000	0.0000	0.0000	0.0000	0.0000	0.0000	0.0000	0.0000	0.0000	0.0000	0.0000	0.0000	0.0000	0.0000	2.0000	1.0000	1.0003	1.0000	0.0000	0.0000	0.0000	0.0000	0.0000	0.0000	0.0000	0.0000	0.0000	0.0000	0.0000	0.0000	0.0000	0.0000	0.0000	0.0000	0.0000	0.0000	0.0274	0.0232	0.0041	0.0012	0.0011	0.0001	0.0262	0.0222	0.0040	0.0129	0.0080	0.0049	0.0044	0.0035	0.0009	0.0085	0.0045	0.0040	0.0000	0.0000	0.0000	0.0000	0.0000	0.0000	0.0000	0.0000	0.0000	0.0000	0.0000	0.0000	0.0000	0.0000	0.0000	0.0000	0.0000	0.0000											
21	107	0.1968	8	1	1	0	1	0	0	0	0	N	N	N	N	N	N	N	N	N	N	N	N	0.0000	0.0000	0.0000	0.0000	0.0000	0.0000	0.0000	0.0000	0.0000	0.0000	0.0000	0.0000	0.0000	0.0000	0.0000	0.0000	0.0000	0.0000	0.0000	0.0000	2.0000	0.0000	1.0003	0.9999	0.0000	0.0000	0.0000	0.0000	0.0000	0.0000	0.0000	0.0000	0.0000	0.0000	0.0000	0.0000	0.0000	0.0000	0.0000	0.0000	0.0000	0.0000	0.0000	0.0000	0.0000	0.0000	0.0000	0.0000	0.0000	0.0000	0.0000	0.0065	0.0039	0.0026	0.0018	0.0014	0.0004	0.0047	0.0025	0.0022	0.0000	0.0000	0.0000	0.0000	0.0000	0.0000	0.0000	0.0000	0.0000	0.0000	0.0000	0.0000	0.0000	0.0000	0.0000	0.0000	0.0000	0.0000											
21	108	0.1760	7	1	1	0	1	0	0	0	0	N	N	N	N	N	N	N	N	N	N	N	N	0.0000	0.0000	0.0000	0.0000	0.0000	0.0000	0.0000	0.0000	0.0000	0.0000	0.0000	0.0000	0.0000	0.0000	0.0000	0.0000	0.0000	21.2373	33.2555	0.0000	0.0140	0.0162	0.0000	30.5849	56.4911	0.0000	0.0000	0.0000	-0.5373	2.0000	0.0100	1.0003	4.8896	0.0000	0.0000	0.0000	0.0000	0.0000	0.0000	0.0000	0.0000	0.0000	0.9951	0.9951	0.0000	0.0002	0.0002	0.0000	0.9949	0.9949	0.0000	0.0005	0.0004	0.0001	0.0001	0.0001	0.0000	0.0004	0.0003	0.0001	0.0469	0.0299	0.0169	0.0143	0.0123	0.0020	0.0325	0.0176	0.0149	0.0000	0.0000	0.0000	0.0000	0.0000	0.0000	0.0000	0.0000	0.0000	21.2373	33.2555	0.0000	0.0140	0.0162	0.0000	30.5849	56.4911	0.0000		
21	109	0.1659	6	0	1	0	1	0	0	0	0	N	N	N	N	N	N	N	N	N	N	N	N	0.0000	0.0000	0.0000	0.0000	0.0000	0.0000	0.0000	0.0000	0.0000	0.0000	0.0000	0.0000	0.0000	0.0000	0.0000	0.0000	0.0000	0.5105	1.3661	0.0144	0.0000	0.0000	0.0000	0.3901	0.6969	0.0156	0.0183	0.0000	-0.0026	2.0000	1.0007	1.0003	1.4004	0.0000	0.0000	0.0000	0.0000	0.0000	0.0000	0.0000	0.0000	0.0000	0.0050	0.0049	0.0001	0.0000	0.0000	0.0000	0.0050	0.0049	0.0001	0.0280	0.0239	0.0042	0.0016	0.0015	0.0001	0.0264	0.0224	0.0041	0.0150	0.0087	0.0063	0.0021	0.0017	0.0005	0.0128	0.0071	0.0058	0.0000	0.0000	0.0000	0.0000	0.0000	0.0000	0.0000	0.0000	0.0000	0.3342	0.5639	0.0144	0.0000	0.0000	0.0000	0.3901	0.6969	0.0156		
21	110	0.1526	5	0	0	0	1	0	0	0	0	N	N	N	N	N	N	N	N	N	N	N	N	0.0000	0.0000	0.0000	0.0000	0.0000	0.0000	0.0000	0.0000	0.0000	0.0000	0.0000	0.0000	0.0000	0.0000	0.0000	0.0000	0.0000	0.0009	0.0014	0.0000	0.0044	0.0051	0.0000	0.0000	0.0000	0.0000	0.0011	0.0000	-0.0000	2.0000	0.3039	1.0003	2.8719	0.0000	0.0000	0.0000	0.0000	0.0000	0.0000	0.0000	0.0000	0.0000	0.0000	0.0000	0.0000	0.0000	0.0000	0.0000	0.0000	0.0000	0.0000	0.0149	0.0126	0.0022	0.0047	0.0042	0.0005	0.0102	0.0084	0.0017	0.0235	0.0140	0.0095	0.0045	0.0039	0.0006	0.0190	0.0101	0.0089	0.0000	0.0000	0.0000	0.0000	0.0000	0.0000	0.0000	0.0000	0.0000	0.0009	0.0014	0.0000	0.0044	0.0051	0.0000	0.0000	0.0000	0.0000		
21	111	0.1001	4	0	0	0	1	0	0	0	0	N	N	N	N	N	N	N	N	N	N	N	N	0.0000	0.0000	0.0000	0.0000	0.0000	0.0000	0.0000	0.0000	0.0000	0.0000	0.0000	0.0000	0.0000	0.0000	0.0000	0.0000	0.0000	0.0003	0.0003	0.0003	0.0000	0.0000	0.0000	0.0003	0.0003	0.0003	0.9979	0.0000	-0.0000	2.0000	3.8240	1.0003	8.1760	0.0000	0.0000	0.0000	0.0000	0.0000	0.0000	0.0000	0.0000	0.0000	0.0000	0.0000	0.0000	0.0000	0.0000	0.0000	0.0000	0.0000	0.0000	0.1012	0.0861	0.0152	0.0027	0.0025	0.0002	0.0986	0.0836	0.0150	0.0688	0.0390	0.0298	0.0046	0.0034	0.0012	0.0643	0.0357	0.0286	0.0000	0.0000	0.0000	0.0000	0.0000	0.0000	0.0000	0.0000	0.0000	0.0003	0.0003	0.0003	0.0000	0.0000	0.0000	0.0003	0.0003	0.0003		
21	115	0.2927	7	0	0	0	1	0	0	0	0	N	N	N	N	N	N	N	N	N	N	N	N	0.0008	0.0006	0.0000	0.0025	0.0022	0.0000	0.0000	0.0000	0.0000	0.0021	0.0025	0.0000	0.0146	0.0151	0.0000	0.0000	0.0000	0.0000	2.7364	4.2247	0.0001	5.8527	6.7203	0.0002	4.6193	7.7977	0.0000	0.0000	0.0000	-0.0003	-0.3355	2.0000	8.9918	1.0003	13.3277	0.0006	0.0006	0.0000	0.0006	0.0006	0.0000	0.0000	0.0000	0.0000	0.6213	0.6213	0.0000	0.0615	0.0615	0.0000	0.5598	0.5598	0.0000	0.2633	0.2284	0.0349	0.0385	0.0372	0.0013	0.2248	0.1912	0.0336	0.2271	0.1623	0.0648	0.1059	0.0905	0.0154	0.1212	0.0718	0.0494	0.0008	0.0006	0.0000	0.0250	0.0222	0.0000	0.0000	0.0000	0.0000	2.7364	3.8286	0.0001	0.5812	0.6799	0.0002	4.6193	7.7977	0.0000
22	23	0.1537	7	1	1	1	0	0	0	0	0	N	N	N	N	N	N	N	N	N	N	N	N	4.6102	inf	0.0000	inf	inf	0.0000	0.0000	0.0068	0.0078	0.0000	0.0170	0.0170	0.0000	0.0000	0.0000	0.0000	0.0015	0.0000	0.0039	0.0000	0.0000	0.0000	0.0017	0.0000	0.0042	0.0000	inf	-0.0000	0.0000	0.0000	1.9996	4.9921	0.0142	0.0000	0.0000	0.0000	0.0000	0.0000	0.0000	0.0000	0.0000	0.0000	0.0000	0.0000	0.0000	0.0000	0.0000	0.0000	0.0000	0.0000	0.0000	0.0000	0.0000	0.0000	0.0000	0.0000	0.0000	0.0000	0.0000	0.0000	0.0204	0.0126	0.0077	0.0031	0.0026	0.0006	0.0172	0.0100	0.0072	4.6102	inf	0.0000	inf	inf	0.0000	0.0000	0.0000	0.0000	0.0015	0.0000	0.0039	0.0000	0.0000	0.0000	0.0017	0.0000	0.0042		
22	24	0.0956	4	1	1	1	0	0	0	0	0	N	N	N	N	N	N	N	N	N	N	N	N	inf	inf	inf	inf	5.0569	5.7729	0.0000	12.6573	12.6639	0.0000	0.0000	0.0000	0.0000	0.0000	0.0000	0.0000	0.0000	0.0000	0.0000	0.0000	0.0000	0.0000	0.0000	-0.0000	0.0000	0.0000	2.9988	4.9921	13.9984	0.0000	0.0000	0.0000	0.0000	0.0000	0.0000	0.0000	0.0000	0.0000	0.0000	0.0000	0.0000	0.0000	0.0000	0.0000	0.0000	0.0000	0.0000	0.0000	0.0000	0.0000	0.0000	0.0000	0.0000	0.0000	0.0000	0.0000	0.1571	0.0913	0.0658	0.0155	0.0129	0.0026	0.1417	0.0784	0.0632	inf	inf	0.0000	inf	inf	0.0000	0.0000	0.0000	0.0000	0.0000	0.0000	0.0000	0.0000	0.0000	0.0000	0.0000	0.0000	0.0000						
22	25	0.0537	3	2	1	1	0	0	0	0	0	Y	N	N	N	N	N	N	N	N	N	N	N	0.0000	0.0000	0.0000	0.0000	0.0000	0.0000	0.0000	0.0000	0.0000	0.0000	0.0000	0.0000	0.0000	0.0000	0.0000	0.0000	0.0000	0.0000	0.0000	0.0000	0.0000	6.0000	4.9921	4.0000	0.0000	0.0000	0.0000	0.0000	0.0000	0.0000	0.0000	0.0000	0.0000	0.0000	0.0000	0.0000	0.0000	0.0000	0.0000	0.0000	0.0000	0.0000	0.0000	0.0000	0.0000	0.0000	0.0000	0.0000	0.0000	0.0000	0.0000	0.0982	0.0584	0.0398	0.0068	0.0058	0.0010	0.0914	0.0526	0.0388	0.0000	0.0000	0.0000	0.0000	0.0000	0.0000	0.0000	0.0000	0.0000	0.0000	0.0000	0.0000	0.0000	0.0000	0.0000	0.0000	0.0000	0.0000											
22	26	0.1578	8	1	1	1	0	0	0	0	0	N	N	N	N	N	N	N	N	N	N	N	N	0.0000	0.0000	0.0000	0.0000	0.0000	0.0000	0.0000	0.0000	0.0000	0.0000	0.0000	0.0000	0.0000	0.0000	0.0000	0.0000	0.0000	0.0000	0.0000	0.0000	0.0000	0.0000	4.9921	2.0002	0.0000	0.0000	0.0000	0.0000	0.0000	0.0000	0.0000	0.0000	0.0000	0.0000	0.0000	0.0000	0.0000	0.0000	0.0000	0.0000	0.0000	0.0000	0.0000	0.0000	0.0000	0.0000	0.0000	0.0000	0.0000	0.0000	0.0000	0.0202	0.0126	0.0077	0.0031	0.0026	0.0006	0.0171	0.0100	0.0071	0.0000	0.0000	0.0000	0.0000	0.0000	0.0000	0.0000	0.0000	0.0000	0.0000	0.0000	0.0000	0.0000	0.0000	0.0000	0.0000	0.0000	0.0000											
22	27	0.1520	6	2	1	1	0	0	0	0	0	Y	N	N	N	N	N	N	N	N	N	N	N	0.0000	0.0000	0.0000	0.0000	0.0000	0.0000	0.0000	0.0000	0.0000	0.0000	0.0000	0.0000	0.0000	0.0000	0.0000	0.0000	0.0000	0.0000	0.0000	0.0000	0.0000	1.0000	4.9921	3.9850	0.0000	0.0000	0.0000	0.0000	0.0000	0.0000	0.0000	0.0000	0.0000	0.0000	0.0000	0.0000	0.0000	0.0000	0.0000	0.0000	0.0000	0.0000	0.0000	0.0000	0.0000	0.0000	0.0000	0.0000	0.0000	0.0000	0.0000	0.0522	0.0310	0.0212	0.0084	0.0068	0.0016	0.0438	0.0242	0.0196	0.0000	0.0000	0.0000	0.0000	0.0000	0.0000	0.0000	0.0000	0.0000	0.0000	0.0000	0.0000	0.0000	0.0000	0.0000	0.0000	0.0000	0.0000											
22	28	0.0537	3	1	1	1	0	0	0	0	0	N	N	N	N	N	N	N	N	N	N	N	N	0.0000	0.0000	0.0000	0.0000	0.0000	0.0000	0.0000	0.0000	0.0000	0.0000	0.0000	0.0000	0.0000	0.0000	0.0000	0.0000	0.0000	0.0000	0.0000	0.0000	0.0000	5.0000	4.9921	4.0000	0.0000	0.0000	0.0000	0.0000	0.0000	0.0000	0.0000	0.0000	0.0000	0.0000	0.0000	0.0000	0.0000	0.0000	0.0000	0.0000	0.0000	0.0000	0.0000	0.0000	0.0000	0.0000	0.0000	0.0000	0.0000	0.0000	0.0000	0.0890	0.0529	0.0361	0.0061	0.0052	0.0009	0.0829	0.0477	0.0352	0.0000	0.0000	0.0000	0.0000	0.0000	0.0000	0.0000	0.0000	0.0000	0.0000	0.0000	0.0000	0.0000	0.0000	0.0000	0.0000	0.0000	0.0000											
22	29	0.0537	3	1	1	1	0	0	0	0	0	N	N	N	N	N	N	N	N	N	N	N	N	0.0000	0.0000	0.0000	0.0000	0.0000	0.0000	0.0000	0.0000	0.0000	0.0000	0.0000	0.0000	0.0000	0.0000	0.0000	0.0000	0.0000	0.0000	0.0000	0.0000	0.0000	3.0000	4.9921	6.0000	0.0000	0.0000	0.0000	0.0000	0.0000	0.0000	0.0000	0.0000	0.0000	0.0000	0.0000	0.0000	0.0000	0.0000	0.0000	0.0000	0.0000	0.0000	0.0000	0.0000	0.0000	0.0000	0.0000	0.0000	0.0000	0.0000	0.0000	0.0890	0.0529	0.0361	0.0061	0.0052	0.0009	0.0829	0.0477	0.0352	0.0000	0.0000	0.0000	0.0000	0.0000	0.0000	0.0000	0.0000	0.0000	0.0000	0.0000	0.0000	0.0000	0.0000	0.0000	0.0000	0.0000	0.0000											
22	30	0.1863	8	1	1	2	1	0	0	0	0	N	N	Y	N	N	N	N	N	N	N	N	N	0.0000	0.0000	0.0000	0.0000	0.0000	0.0000	0.0000	0.0000	0.0000	0.0000	0.0000	0.0000	0.0000	0.0000	0.0000	0.0000	0.0000	0.0000	0.0000	0.0000	0.0000	0.0000	4.9921	3.0000	0.0000	0.0000	0.0000	0.0000	0.0000	0.0000	0.0000	0.0000	0.0000	0.0000	0.0000	0.0000	0.0000	0.0000	0.0000	0.0000	0.0000	0.0000	0.0000	0.0000	0.0000	0.0000	0.0000	0.0000	0.0000	0.0000	0.0000	0.0307	0.0186	0.0120	0.0099	0.0074	0.0024	0.0208	0.0112	0.0096	0.0000	0.0000	0.0000	0.0000	0.0000	0.0000	0.0000	0.0000	0.0000	0.0000	0.0000	0.0000	0.0000	0.0000	0.0000	0.0000	0.0000	0.0000											
22	31	0.1694	7	1	0	1	1	0	0	0	0	N	N	N	N	N	N	N	N	N	N	N	N	0.0000	0.0000	0.0000	0.0000	0.0000	0.0000	0.0000	0.0000	0.0000	0.0000	0.0000	0.0000	0.0000	0.0000	0.0000	0.0000	0.0000	20.2304	0.0006	124.9680	0.0034	0.0017	0.0104	29.0560	0.0000	125.9192	49902.0123	0.0000	0.4556	0.0000	0.9783	4.9921	3.0423	0.0000	0.0000	0.0000	0.0000	0.0000	0.0000	0.0000	0.0000	0.0000	0.9903	0.0000	0.9903	0.0000	0.0000	0.0000	0.9903	0.0000	0.9903	0.0000	0.0000	0.0000	0.0000	0.0000	0.0000	0.0000	0.0000	0.0000	0.0490	0.0309	0.0181	0.0149	0.0120	0.0029	0.0341	0.0189	0.0152	0.0000	0.0000	0.0000	0.0000	0.0000	0.0000	0.0000	0.0000	0.0000	20.2304	0.0006	54.8367	0.0034	0.0017	0.0104	29.0560	0.0000	65.2094		
22	32	0.0956	4	1	1	1	0	0	0	0	0	N	N	N	N	N	N	N	N	N	N	N	N	inf	inf	inf	inf	2.3201	2.6227	0.0000	5.8527	5.8559	0.0000	0.0000	0.0000	0.0000	0.0000	0.0000	0.0000	0.0000	0.0000	0.0000	0.0000	0.0000	0.0000	0.0000	-0.0000	0.0000	0.0000	6.9988	4.9921	9.0016	0.0000	0.0000	0.0000	0.0000	0.0000	0.0000	0.0000	0.0000	0.0000	0.0000	0.0000	0.0000	0.0000	0.0000	0.0000	0.0000	0.0000	0.0000	0.0000	0.0000	0.0000	0.0000	0.0000	0.0000	0.0000	0.0000	0.0000	0.1491	0.0866	0.0625	0.0147	0.0122	0.0024	0.1344	0.0744	0.0600	inf	inf	0.0000	inf	inf	0.0000	0.0000	0.0000	0.0000	0.0000	0.0000	0.0000	0.0000	0.0000	0.0000	0.0000	0.0000	0.0000						
22	33	0.1965	9	2	1	1	0	0	0	0	0	Y	N	N	N	N	N	N	N	N	N	N	N	0.0000	0.0000	0.0000	0.0000	0.0000	0.0000	0.0000	0.0000	0.0000	0.0000	0.0000	0.0000	0.0000	0.0000	0.0000	0.0000	0.0000	0.0000	0.0000	0.0000	0.0000	0.0000	4.9921	0.0000	0.0000	0.0000	0.0000	0.0000	0.0000	0.0000	0.0000	0.0000	0.0000	0.0000	0.0000	0.0000	0.0000	0.0000	0.0000	0.0000	0.0000	0.0000	0.0000	0.0000	0.0000	0.0000	0.0000	0.0000	0.0000	0.0000	0.0000	0.0000	0.0000	0.0000	0.0000	0.0000	0.0000	0.0000	0.0000	0.0000	0.0000	0.0000	0.0000	0.0000	0.0000	0.0000	0.0000	0.0000	0.0000	0.0000	0.0000	0.0000	0.0000	0.0000	0.0000	0.0000	0.0000	0.0000											
22	34	0.1520	6	1	1	1	1	0	0	0	0	N	N	N	N	N	N	N	N	N	N	N	N	0.0000	0.0000	0.0000	0.0000	0.0000	0.0000	0.0000	0.0000	0.0000	0.0000	0.0000	0.0000	0.0000	0.0000	0.0000	0.0000	0.0000	0.0000	0.0000	0.0000	0.0000	5.0000	4.9921	6.9850	0.0000	0.0000	0.0000	0.0000	0.0000	0.0000	0.0000	0.0000	0.0000	0.0000	0.0000	0.0000	0.0000	0.0000	0.0000	0.0000	0.0000	0.0000	0.0000	0.0000	0.0000	0.0000	0.0000	0.0000	0.0000	0.0000	0.0000	0.1170	0.0695	0.0475	0.0186	0.0149	0.0037	0.0984	0.0546	0.0439	0.0000	0.0000	0.0000	0.0000	0.0000	0.0000	0.0000	0.0000	0.0000	0.0000	0.0000	0.0000	0.0000	0.0000	0.0000	0.0000	0.0000	0.0000											
22	35	0.0956	4	2	1	1	0	0	0	0	0	Y	N	N	N	N	N	N	N	N	N	N	N	1.3181	inf	0.0000	inf	inf	0.0000	0.0000	7.3866	8.4872	0.0000	18.4096	18.4191	0.0000	0.0000	0.0000	0.0000	5.6040	0.0000	24.9993	0.0000	0.0000	0.0000	6.1390	0.0000	26.3427	0.0000	inf	-0.0000	0.4598	0.0000	1.9985	4.9921	17.9985	0.0000	0.0000	0.0000	0.0000	0.0000	0.0000	0.0000	0.0000	0.0000	0.9994	0.0000	0.9994	0.0000	0.0000	0.0000	0.9994	0.0000	0.9994	0.0000	0.0000	0.0000	0.0000	0.0000	0.0000	0.0000	0.0000	0.0000	0.1807	0.1052	0.0755	0.0179	0.0150	0.0030	0.1628	0.0902	0.0725	1.3358	inf	0.0000	inf	inf	0.0000	0.0000	0.0000	0.0000	5.5296	0.0000	13.2302	0.0000	0.0000	0.0000	6.1390	0.0000	13.7754		
22	36	0.2188	7	1	0	2	0	0	0	0	0	N	N	Y	N	N	N	N	N	N	N	N	N	0.0000	0.0000	0.0000	0.0000	0.0000	0.0000	0.0000	0.0000	0.0000	0.0000	0.0000	0.0000	0.0000	0.0000	0.0000	0.0000	0.0000	0.0000	0.0000	0.0000	0.0000	0.0001	4.9921	0.9943	0.0000	0.0000	0.0000	0.0000	0.0000	0.0000	0.0000	0.0000	0.0000	0.0000	0.0000	0.0000	0.0000	0.0000	0.0000	0.0000	0.0000	0.0000	0.0000	0.0000	0.0000	0.0000	0.0000	0.0000	0.0000	0.0000	0.0000	0.0126	0.0082	0.0044	0.0037	0.0031	0.0006	0.0090	0.0051	0.0038	0.0000	0.0000	0.0000	0.0000	0.0000	0.0000	0.0000	0.0000	0.0000	0.0000	0.0000	0.0000	0.0000	0.0000	0.0000	0.0000	0.0000	0.0000											
22	37	0.1950	7	1	1	1	0	0	0	0	0	N	N	N	N	N	N	N	N	N	N	N	N	0.0000	0.0000	0.0000	0.0000	0.0000	0.0000	0.0000	0.0000	0.0000	0.0000	0.0000	0.0000	0.0000	0.0000	0.0000	0.0000	0.0000	0.0000	0.0000	0.0000	0.0000	2.0000	4.9921	2.0000	0.0000	0.0000	0.0000	0.0000	0.0000	0.0000	0.0000	0.0000	0.0000	0.0000	0.0000	0.0000	0.0000	0.0000	0.0000	0.0000	0.0000	0.0000	0.0000	0.0000	0.0000	0.0000	0.0000	0.0000	0.0000	0.0000	0.0000	0.0424	0.0259	0.0165	0.0110	0.0087	0.0023	0.0314	0.0172	0.0142	0.0000	0.0000	0.0000	0.0000	0.0000	0.0000	0.0000	0.0000	0.0000	0.0000	0.0000	0.0000	0.0000	0.0000	0.0000	0.0000	0.0000	0.0000											
22	38	0.0705	4	2	0	2	0	0	0	0	0	Y	N	Y	N	N	N	N	N	N	N	N	N	0.5776	0.0000	inf	0.9301	0.0000	inf	8.7270	0.0000	73.0305	0.0000	0.0000	0.0000	14.3778	0.0000	73.3561	15.1078	23.6324	0.0000	0.0000	0.0000	0.0000	15.4585	26.8780	0.0000	inf	0.0000	0.0000	-0.5397	0.0000	2.0000	4.9921	5.0000	0.0000	0.0000	0.0000	0.0000	0.0000	0.0000	0.0000	0.0000	0.0000	0.9995	0.9995	0.0000	0.0000	0.0000	0.0000	0.9995	0.9995	0.0000	0.0000	0.0000	0.0000	0.0000	0.0000	0.0000	0.0000	0.0000	0.0000	0.0706	0.0423	0.0283	0.0059	0.0051	0.0008	0.0647	0.0372	0.0275	0.6164	0.0000	inf	0.0000	0.0000	0.0000	0.9301	0.0000	inf	14.1591	23.6324	0.0000	0.0000	0.0000	0.0000	15.4585	26.8780	0.0000			
22	39	0.1694	7	1	1	1	0	0	0	0	0	N	N	N	N	N	N	N	N	N	N	N	N	0.0000	0.0000	0.0000	0.0000	0.0000	0.0000	0.0000	0.0000	0.0000	0.0000	0.0000	0.0000	0.0000	0.0000	0.0000	0.0000	0.1321	0.3470	0.0000	3.5282	5.9473	0.0000	0.0000	0.0000	0.0000	0.0000	0.0000	-0.0049	0.0000	0.0217	4.9921	6.0735	0.0000	0.0000	0.0000	0.0000	0.0000	0.0000	0.0000	0.0000	0.0000	0.0092	0.0092	0.0000	0.0092	0.0092	0.0000	0.0000	0.0000	0.0000	0.0000	0.0000	0.0000	0.0000	0.0000	0.0000	0.0000	0.0000	0.0000	0.0693	0.0431	0.0262	0.0201	0.0160	0.0042	0.0492	0.0271	0.0221	0.0000	0.0000	0.0000	0.0000	0.0000	0.0000	0.0000	0.0000	0.0000	0.1321	0.2125	0.0000	0.4546	0.5732	0.0000	0.0000	0.0000	0.0000			
22	40	0.1520	6	1	0	1	0	0	0	0	0	N	N	N	N	N	N	N	N	N	N	N	N	0.0000	0.0000	0.0000	0.0000	0.0000	0.0000	0.0000	0.0000	0.0000	0.0000	0.0000	0.0000	0.0000	0.0000	0.0000	0.0000	0.0000	0.2552	0.0016	0.7816	0.0000	0.0000	0.0000	0.2539	0.0020	0.8564	228.6999	0.0000	0.0042	0.0000	0.0217	4.9921	4.0395	0.0000	0.0000	0.0000	0.0000	0.0000	0.0000	0.0000	0.0000	0.0000	0.0092	0.0000	0.0091	0.0000	0.0000	0.0000	0.0092	0.0000	0.0091	0.0000	0.0000	0.0000	0.0000	0.0000	0.0000	0.0000	0.0000	0.0000	0.0431	0.0257	0.0174	0.0070	0.0057	0.0013	0.0361	0.0199	0.0161	0.0000	0.0000	0.0000	0.0000	0.0000	0.0000	0.0000	0.0000	0.0000	0.2124	0.0016	0.5231	0.0000	0.0000	0.0000	0.2539	0.0020	0.5655		
22	41	0.1520	6	1	1	1	1	0	0	0	0	N	N	N	N	N	N	N	N	N	N	N	N	0.0000	0.0000	0.0000	0.0000	0.0000	0.0000	0.0000	0.0000	0.0000	0.0000	0.0000	0.0000	0.0000	0.0001	0.0002	0.0000	0.0009	0.0011	0.0000	0.0000	0.0000	0.0000	0.0000	0.0000	-0.0000	0.0000	0.0000	4.9921	7.0150	0.0000	0.0000	0.0000	0.0000	0.0000	0.0000	0.0000	0.0000	0.0000	0.0000	0.0000	0.0000	0.0000	0.0000	0.0000	0.0000	0.0000	0.0000	0.0000	0.0000	0.0000	0.0000	0.0000	0.0000	0.0000	0.0000	0.0000	0.0718	0.0426	0.0292	0.0115	0.0093	0.0022	0.0603	0.0333	0.0269	0.0000	0.0000	0.0000	0.0000	0.0000	0.0000	0.0000	0.0000	0.0000	0.0001	0.0002	0.0000	0.0009	0.0011	0.0000	0.0000	0.0000	0.0000						
22	42	0.0705	4	2	0	2	0	0	0	0	0	Y	N	Y	N	N	N	N	N	N	N	N	N	0.0000	0.0000	0.0000	0.0000	0.0000	0.0000	0.0000	0.0000	0.0000	0.0000	0.0000	0.0000	0.0000	0.0000	0.0000	0.0000	0.0000	0.0000	0.0000	0.0000	0.0000	0.0000	4.9921	0.0000	0.0000	0.0000	0.0000	0.0000	0.0000	0.0000	0.0000	0.0000	0.0000	0.0000	0.0000	0.0000	0.0000	0.0000	0.0000	0.0000	0.0000	0.0000	0.0000	0.0000	0.0000	0.0000	0.0000	0.0000	0.0000	0.0000	0.0000	0.0000	0.0000	0.0000	0.0000	0.0000	0.0000	0.0000	0.0000	0.0000	0.0000	0.0000	0.0000	0.0000	0.0000	0.0000	0.0000	0.0000	0.0000	0.0000	0.0000	0.0000	0.0000	0.0000	0.0000	0.0000	0.0000	0.0000											
22	43	0.0537	3	2	0	2	0	0	0	0	0	Y	N	Y	N	N	N	N	N	N	N	N	N	0.0000	0.0000	0.0000	0.0000	0.0000	0.0000	0.0000	0.0000	0.0000	0.0000	0.0000	0.0000	0.0000	0.0000	0.0000	0.0000	0.0000	0.0000	0.0000	0.0000	0.0000	1.0000	4.9921	3.0000	0.0000	0.0000	0.0000	0.0000	0.0000	0.0000	0.0000	0.0000	0.0000	0.0000	0.0000	0.0000	0.0000	0.0000	0.0000	0.0000	0.0000	0.0000	0.0000	0.0000	0.0000	0.0000	0.0000	0.0000	0.0000	0.0000	0.0000	0.0411	0.0244	0.0167	0.0028	0.0024	0.0004	0.0383	0.0220	0.0163	0.0000	0.0000	0.0000	0.0000	0.0000	0.0000	0.0000	0.0000	0.0000	0.0000	0.0000	0.0000	0.0000	0.0000	0.0000	0.0000	0.0000	0.0000											
22	44	0.0537	3	2	0	2	0	0	0	0	0	Y	N	Y	N	N	N	N	N	N	N	N	N	inf	inf	inf	inf	17.2468	0.0000	143.1121	0.0000	0.0000	0.0000	28.3735	0.0000	143.6870	0.0000	0.0000	0.0000	0.0000	0.0000	0.0000	0.0000	0.0000	0.0000	inf	0.0000	0.0000	0.0000	1.0000	4.9921	3.0000	0.0000	0.0000	0.0000	0.0000	0.0000	0.0000	0.0000	0.0000	0.0000	0.0000	0.0000	0.0000	0.0000	0.0000	0.0000	0.0000	0.0000	0.0000	0.0000	0.0000	0.0000	0.0000	0.0000	0.0000	0.0000	0.0000	0.0000	0.0411	0.0244	0.0167	0.0028	0.0024	0.0004	0.0383	0.0220	0.0163	inf	0.0000	inf	0.0000	0.0000	0.0000	inf	0.0000	inf	0.0000	0.0000	0.0000	0.0000	0.0000	0.0000	0.0000	0.0000	0.0000						
22	45	0.1950	7	1	0	2	0	0	0	0	0	N	N	Y	N	N	N	N	N	N	N	N	N	0.0000	0.0000	0.0000	0.0000	0.0000	0.0000	0.0000	0.0000	0.0000	0.0000	0.0000	0.0000	0.0000	0.0000	0.0000	0.0000	0.0000	0.0000	0.0000	0.0000	0.0000	0.0000	4.9921	0.0000	0.0000	0.0000	0.0000	0.0000	0.0000	0.0000	0.0000	0.0000	0.0000	0.0000	0.0000	0.0000	0.0000	0.0000	0.0000	0.0000	0.0000	0.0000	0.0000	0.0000	0.0000	0.0000	0.0000	0.0000	0.0000	0.0000	0.0000	0.0000	0.0000	0.0000	0.0000	0.0000	0.0000	0.0000	0.0000	0.0000	0.0000	0.0000	0.0000	0.0000	0.0000	0.0000	0.0000	0.0000	0.0000	0.0000	0.0000	0.0000	0.0000	0.0000	0.0000	0.0000	0.0000	0.0000											
22	46	0.1520	6	1	0	1	0	0	0	0	0	N	N	N	N	N	N	N	N	N	N	N	N	0.0000	0.0000	0.0000	0.0000	0.0000	0.0000	0.0000	0.0000	0.0000	0.0000	0.0000	0.0000	0.0000	0.0000	0.0000	0.0000	0.0000	0.0000	9.9766	0.0616	51.9622	0.0070	0.0047	0.0161	11.8606	0.0772	51.2080	271.7245	0.0000	0.4518	0.0000	4.0000	4.9921	5.9850	0.0000	0.0000	0.0000	0.0000	0.0000	0.0000	0.0000	0.0000	0.0000	0.9900	0.0036	0.9864	0.0001	0.0001	0.0000	0.9899	0.0036	0.9863	0.0000	0.0000	0.0000	0.0000	0.0000	0.0000	0.0000	0.0000	0.0000	0.0992	0.0589	0.0403	0.0158	0.0127	0.0031	0.0835	0.0462	0.0372	0.0000	0.0000	0.0000	0.0000	0.0000	0.0000	0.0000	0.0000	0.0000	9.9766	0.0616	24.4538	0.0070	0.0047	0.0161	11.8606	0.0772	26.4874	
22	47	0.2231	8	1	1	1	0	0	0	0	0	N	N	N	N	N	N	N	N	N	N	N	N	0.0000	0.0000	0.0000	0.0000	0.0000	0.0000	0.0000	0.0000	0.0000	0.0000	0.0000	0.0000	0.0000	0.0000	0.0000	0.0000	0.0000	0.0000	0.0000	0.0000	0.0000	0.0000	4.9921	0.0000	0.0000	0.0000	0.0000	0.0000	0.0000	0.0000	0.0000	0.0000	0.0000	0.0000	0.0000	0.0000	0.0000	0.0000	0.0000	0.0000	0.0000	0.0000	0.0000	0.0000	0.0000	0.0000	0.0000	0.0000	0.0000	0.0000	0.0000	0.0000	0.0000	0.0000	0.0000	0.0000	0.0000	0.0000	0.0000	0.0000	0.0000	0.0000	0.0000	0.0000	0.0000	0.0000	0.0000	0.0000	0.0000	0.0000	0.0000	0.0000	0.0000	0.0000	0.0000	0.0000	0.0000	0.0000											
22	50	0.0255	2	2	1	2	0	0	0	0	0	Y	N	Y	N	N	N	N	N	N	N	N	N	0.1586	0.0000	50035.4370	0.0000	0.0000	0.0000	201971.1895	96466.3531	0.2428	0.0000	0.5145	0.0000	0.0000	0.0000	0.4662	0.0000	0.4967	1.5307	2.9455	0.0000	335.2074	354.3329	0.0038	0.0000	0.0000	0.0000	inf	0.0000	0.0000	-0.0068	0.0000	0.0003	4.9921	1.0126	0.0000	0.0000	0.0000	0.0000	0.0000	0.0000	0.0000	0.0000	0.0000	0.0125	0.0125	0.0000	0.0125	0.0125	0.0000	0.0000	0.0000	0.0000	0.0000	0.0000	0.0000	0.0000	0.0000	0.0000	0.0000	0.0000	0.0000	0.0123	0.0071	0.0052	0.0007	0.0007	0.0000	0.0115	0.0064	0.0052	0.2376	0.0000	50035.4370	0.0000	0.0000	0.0000	201971.1895	0.0000	96466.3531	1.0217	1.7676	0.0000	17.0272	17.1906	0.0038	0.0000	0.0000	0.0000	
22	51	0.1949	5	2	1	1	0	0	0	0	0	Y	N	N	N	N	N	N	N	N	N	N	N	0.0000	0.0000	0.0000	0.0000	0.0000	0.0000	0.0000	0.0000	0.0000	0.0000	0.0000	0.0000	0.0000	0.0000	0.0000	0.0000	0.0000	0.0000	0.0000	0.0000	0.0000	0.0000	4.9921	1.0000	0.0000	0.0000	0.0000	0.0000	0.0000	0.0000	0.0000	0.0000	0.0000	0.0000	0.0000	0.0000	0.0000	0.0000	0.0000	0.0000	0.0000	0.0000	0.0000	0.0000	0.0000	0.0000	0.0000	0.0000	0.0000	0.0000	0.0000	0.0103	0.0063	0.0040	0.0024	0.0019	0.0004	0.0080	0.0043	0.0036	0.0000	0.0000	0.0000	0.0000	0.0000	0.0000	0.0000	0.0000	0.0000	0.0000	0.0000	0.0000	0.0000	0.0000	0.0000	0.0000	0.0000	0.0000											
22	52	0.1910	8	1	1	1	1	0	0	0	0	N	N	N	N	N	N	N	N	N	N	N	N	0.0000	0.0000	0.0000	0.0000	0.0000	0.0000	0.0000	0.0000	0.0000	0.0000	0.0000	0.0000	0.0000	0.0007	0.0010	0.0000	0.0025	0.0028	0.0000	0.0000	0.0000	0.0000	0.0000	0.0000	-0.0000	0.0000	0.9995	4.9921	1.0399	0.0000	0.0000	0.0000	0.0000	0.0000	0.0000	0.0000	0.0000	0.0000	0.0000	0.0000	0.0000	0.0000	0.0000	0.0000	0.0000	0.0000	0.0000	0.0000	0.0000	0.0000	0.0000	0.0000	0.0000	0.0000	0.0000	0.0000	0.0299	0.0204	0.0095	0.0081	0.0072	0.0008	0.0218	0.0132	0.0087	0.0000	0.0000	0.0000	0.0000	0.0000	0.0000	0.0000	0.0000	0.0000	0.0007	0.0010	0.0000	0.0025	0.0028	0.0000	0.0000	0.0000	0.0000						
22	53	0.1910	8	1	0	1	1	0	0	0	0	N	N	N	N	N	N	N	N	N	N	N	N	0.0000	0.0000	0.0000	0.0000	0.0000	0.0000	0.0000	0.0000	0.0000	0.0000	0.0000	0.0000	0.0000	0.0000	0.0000	0.0000	0.0000	0.0000	0.0000	0.0000	0.0000	3.0005	4.9921	1.0125	0.0000	0.0000	0.0000	0.0000	0.0000	0.0000	0.0000	0.0000	0.0000	0.0000	0.0000	0.0000	0.0000	0.0000	0.0000	0.0000	0.0000	0.0000	0.0000	0.0000	0.0000	0.0000	0.0000	0.0000	0.0000	0.0000	0.0000	0.0505	0.0327	0.0178	0.0119	0.0103	0.0016	0.0386	0.0224	0.0162	0.0000	0.0000	0.0000	0.0000	0.0000	0.0000	0.0000	0.0000	0.0000	0.0000	0.0000	0.0000	0.0000	0.0000	0.0000	0.0000	0.0000	0.0000											
22	54	0.1828	7	1	0	1	1	0	0	0	0	N	N	N	N	N	N	N	N	N	N	N	N	0.0000	0.0000	0.0000	0.0000	0.0000	0.0000	0.0000	0.0000	0.0000	0.0000	0.0000	0.0000	0.0000	0.0000	0.0000	0.0000	0.0000	0.0009	0.0008	0.0012	0.0000	0.0000	0.0000	0.0011	0.0010	0.0012	1.0026	0.0000	-0.0000	0.0000	0.0013	4.9921	1.9704	0.0000	0.0000	0.0000	0.0000	0.0000	0.0000	0.0000	0.0000	0.0000	0.0000	0.0000	0.0000	0.0000	0.0000	0.0000	0.0000	0.0000	0.0000	0.0000	0.0000	0.0000	0.0000	0.0000	0.0000	0.0000	0.0000	0.0000	0.0212	0.0125	0.0087	0.0032	0.0026	0.0007	0.0180	0.0100	0.0080	0.0000	0.0000	0.0000	0.0000	0.0000	0.0000	0.0000	0.0000	0.0000	0.0009	0.0008	0.0012	0.0000	0.0000	0.0000	0.0011	0.0010	0.0012		
22	55	0.1520	6	1	0	1	1	0	0	0	0	N	N	N	N	N	N	N	N	N	N	N	N	0.0000	0.0000	0.0000	0.0000	0.0000	0.0000	0.0000	0.0000	0.0000	0.0000	0.0000	0.0000	0.0000	0.0000	0.0000	0.0000	0.0000	0.0000	0.0000	0.0000	0.0000	3.0000	4.9921	4.0155	0.0000	0.0000	0.0000	0.0000	0.0000	0.0000	0.0000	0.0000	0.0000	0.0000	0.0000	0.0000	0.0000	0.0000	0.0000	0.0000	0.0000	0.0000	0.0000	0.0000	0.0000	0.0000	0.0000	0.0000	0.0000	0.0000	0.0000	0.0718	0.0426	0.0292	0.0115	0.0093	0.0022	0.0603	0.0334	0.0269	0.0000	0.0000	0.0000	0.0000	0.0000	0.0000	0.0000	0.0000	0.0000	0.0000	0.0000	0.0000	0.0000	0.0000	0.0000	0.0000	0.0000	0.0000											
22	56	0.0726	5	1	1	2	0	0	0	0	0	N	N	Y	N	N	N	N	N	N	N	N	N	0.0016	0.8377	0.0000	0.4963	0.4339	0.0000	0.0000	0.0169	0.0197	0.0000	0.0423	0.0424	0.0000	0.0000	0.0000	0.0000	10.4816	0.0235	67.4867	0.0853	0.0976	0.0000	12.6160	0.0000	66.4043	0.0000	663.3295	-0.0000	0.4567	0.0000	2.0013	4.9921	5.6727	0.0000	0.0000	0.0000	0.0000	0.0000	0.0000	0.0000	0.0000	0.0000	0.9960	0.0015	0.9945	0.0015	0.0015	0.0000	0.9945	0.0000	0.9945	0.0000	0.0000	0.0000	0.0000	0.0000	0.0000	0.0000	0.0000	0.0000	0.0975	0.0637	0.0338	0.0186	0.0172	0.0015	0.0788	0.0465	0.0323	0.0017	0.8377	0.0000	0.5264	0.4860	0.0000	0.0000	0.0000	0.0000	10.2177	0.0235	29.4560	0.0804	0.0872	0.0000	12.6160	0.0000	30.7787		
22	57	0.0689	4	1	1	1	0	0	0	0	0	N	N	N	N	N	N	N	N	N	N	N	N	23.0938	0.0000	13.4442	0.0000	0.0000	32.6615	0.0000	13.0504	4.0386	0.0000	11.2162	0.0000	0.0000	0.0000	7.2080	0.0000	11.2220	0.1749	0.0155	0.8343	0.0341	0.0349	0.0000	0.2207	0.0007	0.8599	inf	12.5527	0.0000	0.0021	0.0000	0.0033	4.9921	1.3874	0.0000	0.0000	0.0000	0.0000	0.0000	0.0000	0.0000	0.0000	0.0000	0.0055	0.0004	0.0051	0.0004	0.0004	0.0000	0.0051	0.0000	0.0051	0.0000	0.0000	0.0000	0.0000	0.0000	0.0000	0.0000	0.0000	0.0000	0.0349	0.0263	0.0086	0.0117	0.0114	0.0003	0.0232	0.0149	0.0083	25.5086	0.0000	18.8776	0.0000	0.0000	0.0000	32.6615	0.0000	18.2950	0.1583	0.0155	0.5942	0.0341	0.0349	0.0000	0.2207	0.0007	0.6134	
22	58	0.0537	3	2	0	2	0	0	0	0	0	Y	N	Y	N	N	N	N	N	N	N	N	N	0.0000	0.0000	0.0000	0.0000	0.0000	0.0000	0.0000	0.0000	0.0000	0.0000	0.0000	0.0000	0.0000	0.0000	0.0000	0.0000	0.0000	0.0000	0.0000	0.0000	0.0000	0.0000	4.9921	2.0000	0.0000	0.0000	0.0000	0.0000	0.0000	0.0000	0.0000	0.0000	0.0000	0.0000	0.0000	0.0000	0.0000	0.0000	0.0000	0.0000	0.0000	0.0000	0.0000	0.0000	0.0000	0.0000	0.0000	0.0000	0.0000	0.0000	0.0000	0.0208	0.0124	0.0085	0.0014	0.0012	0.0002	0.0194	0.0112	0.0083	0.0000	0.0000	0.0000	0.0000	0.0000	0.0000	0.0000	0.0000	0.0000	0.0000	0.0000	0.0000	0.0000	0.0000	0.0000	0.0000	0.0000	0.0000											
22	59	0.0689	4	1	1	1	0	0	0	0	0	N	N	N	N	N	N	N	N	N	N	N	N	0.0000	0.0000	0.0000	0.0000	0.0000	0.0000	0.0000	0.0000	0.0000	0.0000	0.0000	0.0000	0.0000	0.0053	0.0080	0.0000	0.0261	0.0280	0.0000	0.0000	0.0000	0.0000	0.0000	-0.0000	-0.0002	0.0000	1.9997	4.9921	3.4660	0.0000	0.0000	0.0000	0.0000	0.0000	0.0000	0.0000	0.0000	0.0000	0.0004	0.0004	0.0000	0.0004	0.0004	0.0000	0.0000	0.0000	0.0000	0.0000	0.0000	0.0000	0.0000	0.0000	0.0000	0.0000	0.0000	0.0000	0.0747	0.0498	0.0249	0.0153	0.0143	0.0010	0.0594	0.0356	0.0238	0.0000	0.0000	0.0000	0.0000	0.0000	0.0000	0.0000	0.0000	0.0000	0.0053	0.0080	0.0000	0.0261	0.0280	0.0000	0.0000	0.0000	0.0000						
22	60	0.0537	3	1	1	1	0	0	0	0	0	N	N	N	N	N	N	N	N	N	N	N	N	0.0000	0.0000	0.0000	0.0000	0.0000	0.0000	0.0000	0.0000	0.0000	0.0000	0.0000	0.0000	0.0000	0.0108	0.0000	0.0265	0.0000	0.0000	0.0000	0.0115	0.0000	0.0272	inf	0.0000	0.0002	0.0000	0.0005	4.9921	3.6054	0.0000	0.0000	0.0000	0.0000	0.0000	0.0000	0.0000	0.0000	0.0000	0.0004	0.0000	0.0004	0.0000	0.0000	0.0000	0.0004	0.0000	0.0004	0.0000	0.0000	0.0000	0.0000	0.0000	0.0000	0.0000	0.0000	0.0000	0.0371	0.0221	0.0151	0.0025	0.0022	0.0004	0.0346	0.0199	0.0147	0.0000	0.0000	0.0000	0.0000	0.0000	0.0000	0.0000	0.0000	0.0000	0.0108	0.0000	0.0265	0.0000	0.0000	0.0000	0.0115	0.0000	0.0272						
22	61	0.2231	8	1	0	2	0	0	0	0	0	N	N	Y	N	N	N	N	N	N	N	N	N	0.0000	0.0000	0.0000	0.0000	0.0000	0.0000	0.0000	0.0000	0.0000	0.0000	0.0000	0.0000	0.0000	0.0000	0.0000	0.0000	0.0000	0.0000	0.0000	0.0000	0.0000	0.0000	4.9921	1.0000	0.0000	0.0000	0.0000	0.0000	0.0000	0.0000	0.0000	0.0000	0.0000	0.0000	0.0000	0.0000	0.0000	0.0000	0.0000	0.0000	0.0000	0.0000	0.0000	0.0000	0.0000	0.0000	0.0000	0.0000	0.0000	0.0000	0.0000	0.0099	0.0059	0.0040	0.0023	0.0018	0.0006	0.0076	0.0042	0.0034	0.0000	0.0000	0.0000	0.0000	0.0000	0.0000	0.0000	0.0000	0.0000	0.0000	0.0000	0.0000	0.0000	0.0000	0.0000	0.0000	0.0000	0.0000											
22	62	0.2188	7	1	0	1	0	0	0	0	0	N	N	N	N	N	N	N	N	N	N	N	N	0.0000	0.0000	0.0000	0.0000	0.0000	0.0000	0.0000	0.0000	0.0000	0.0000	0.0000	0.0000	0.0000	0.0000	0.0000	0.0000	0.0000	0.0000	0.0000	0.0000	0.0000	0.0001	4.9921	1.0076	0.0000	0.0000	0.0000	0.0000	0.0000	0.0000	0.0000	0.0000	0.0000	0.0000	0.0000	0.0000	0.0000	0.0000	0.0000	0.0000	0.0000	0.0000	0.0000	0.0000	0.0000	0.0000	0.0000	0.0000	0.0000	0.0000	0.0000	0.0128	0.0083	0.0045	0.0037	0.0031	0.0006	0.0091	0.0052	0.0039	0.0000	0.0000	0.0000	0.0000	0.0000	0.0000	0.0000	0.0000	0.0000	0.0000	0.0000	0.0000	0.0000	0.0000	0.0000	0.0000	0.0000	0.0000											
22	63	0.1520	6	1	0	1	0	0	0	0	0	N	N	N	N	N	N	N	N	N	N	N	N	0.0000	0.0000	0.0000	0.0000	0.0000	0.0000	0.0000	0.0000	0.0000	0.0000	0.0000	0.0000	0.0000	0.0000	0.0000	0.0000	0.0000	0.0000	0.0000	-0.0000	0.0000	11.9999	4.9921	3.0574	0.0000	0.0000	0.0000	0.0000	0.0000	0.0000	0.0000	0.0000	0.0000	0.0000	0.0000	0.0000	0.0000	0.0000	0.0000	0.0000	0.0000	0.0000	0.0000	0.0000	0.0000	0.0000	0.0000	0.0000	0.0000	0.0000	0.0000	0.1433	0.0851	0.0581	0.0228	0.0182	0.0045	0.1205	0.0669	0.0536	0.0000	0.0000	0.0000	0.0000	0.0000	0.0000	0.0000	0.0000	0.0000	0.0000	0.0000	0.0000	0.0000	0.0000	0.0000	0.0000	0.0000	0.0000											
22	64	0.0537	3	2	1	1	0	0	0	0	0	Y	N	N	N	N	N	N	N	N	N	N	N	0.0000	0.0000	0.0000	0.0000	0.0000	0.0000	0.0000	0.0000	0.0000	0.0000	0.0000	0.0000	0.0000	0.0000	0.0000	0.0000	0.0000	0.0000	0.0000	0.0000	0.0000	4.0000	4.9921	3.0000	0.0000	0.0000	0.0000	0.0000	0.0000	0.0000	0.0000	0.0000	0.0000	0.0000	0.0000	0.0000	0.0000	0.0000	0.0000	0.0000	0.0000	0.0000	0.0000	0.0000	0.0000	0.0000	0.0000	0.0000	0.0000	0.0000	0.0000	0.0703	0.0418	0.0285	0.0048	0.0041	0.0007	0.0655	0.0377	0.0278	0.0000	0.0000	0.0000	0.0000	0.0000	0.0000	0.0000	0.0000	0.0000	0.0000	0.0000	0.0000	0.0000	0.0000	0.0000	0.0000	0.0000	0.0000											
22	65	0.0956	4	1	0	1	0	0	0	0	0	N	N	N	N	N	N	N	N	N	N	N	N	0.0012	0.0018	0.0018	0.0019	0.0101	0.0000	0.0780	0.0000	0.0000	0.0000	0.0169	0.0000	0.0782	8.7329	0.0000	42.5386	0.0000	0.0000	0.0000	9.5902	0.0000	41.5974	inf	inf	0.0000	0.4592	0.0000	2.0015	4.9921	10.0016	0.0000	0.0000	0.0000	0.0000	0.0000	0.0000	0.0000	0.0000	0.0000	0.9981	0.0000	0.9981	0.0000	0.0000	0.0000	0.9981	0.0000	0.9981	0.0000	0.0000	0.0000	0.0000	0.0000	0.0000	0.0000	0.0000	0.0000	0.1153	0.0668	0.0485	0.0112	0.0094	0.0019	0.1041	0.0575	0.0466	0.0012	0.0000	0.0038	0.0000	0.0000	0.0000	0.0018	0.0000	0.0037	8.6552	0.0000	20.5916	0.0000	0.0000	0.0000	9.5902	0.0000	21.4148					
22	67	0.2504	6	1	0	1	0	0	0	0	0	N	N	N	N	N	N	N	N	N	N	N	N	0.0388	0.0000	3.7947	0.0000	0.0000	112.7630	0.2642	0.0000	2.7101	0.0708	0.0000	0.3481	0.0010	0.0000	0.4323	0.1233	0.0000	0.3477	1.8220	2.9455	0.0917	37.5351	42.8614	0.0038	0.4666	0.7256	0.1283	inf	0.0198	0.0000	-0.2021	0.0000	4.8614	4.9921	14.2102	0.0000	0.0000	0.0000	0.0000	0.0000	0.0000	0.0000	0.0000	0.0000	0.3882	0.3807	0.0075	0.3073	0.3073	0.0001	0.0809	0.0734	0.0075	0.0000	0.0000	0.0000	0.0000	0.0000	0.0000	0.0000	0.0000	0.0000	0.3044	0.2125	0.0919	0.1310	0.1113	0.0197	0.1734	0.1012	0.0722	0.0555	0.0000	4.2443	0.0004	0.0000	112.7630	0.2642	0.0000	3.3631	1.2756	1.7917	0.0820	2.3461	2.7613	0.0038	0.4666	0.7256	0.1034
22	68	0.0876	6	2	1	2	0	0	0	0	0	Y	N	Y	N	N	N	N	N	N	N	N	N	0.0000	0.0000	0.0000	0.0000	0.0000	0.0000	0.0000	0.0000	0.0000	0.0000	0.0000	0.0000	0.0000	0.0000	0.0000	0.0000	0.0000	0.0000	0.0000	0.0000	0.0000	0.0000	4.9921	0.0000	0.0000	0.0000	0.0000	0.0000	0.0000	0.0000	0.0000	0.0000	0.0000	0.0000	0.0000	0.0000	0.0000	0.0000	0.0000	0.0000	0.0000	0.0000	0.0000	0.0000	0.0000	0.0000	0.0000	0.0000	0.0000	0.0000	0.0000	0.0000	0.0000	0.0000	0.0000	0.0000	0.0000	0.0000	0.0000	0.0000	0.0000	0.0000	0.0000	0.0000	0.0000	0.0000	0.0000	0.0000	0.0000	0.0000	0.0000	0.0000	0.0000	0.0000	0.0000	0.0000	0.0000	0.0000											
22	69	0.0835	5	2	0	2	0	0	0	0	0	Y	N	Y	N	N	N	N	N	N	N	N	N	0.1903	inf	0.0000	inf	inf	0.0000	0.0000	0.2400	0.4654	0.0000	0.4826	0.4654	0.0000	0.0000	0.0000	0.0000	1.2614	0.0000	3.0040	0.0000	0.0000	0.0000	0.9412	0.0000	3.2545	0.0000	inf	-0.0000	0.0043	0.0000	0.0016	4.9921	0.9826	0.0000	0.0000	0.0000	0.0000	0.0000	0.0000	0.0000	0.0000	0.0000	0.0095	0.0000	0.0095	0.0000	0.0000	0.0000	0.0095	0.0000	0.0095	0.0000	0.0000	0.0000	0.0000	0.0000	0.0000	0.0000	0.0000	0.0000	0.0113	0.0069	0.0045	0.0013	0.0012	0.0001	0.0100	0.0057	0.0043	0.2876	inf	0.0000	inf	inf	0.0000	0.0000	0.0000	0.0000	0.8345	0.0000	2.1157	0.0000	0.0000	0.0000	0.9412	0.0000	2.1748		
22	70	0.0708	4	2	0	2	0	0	0	0	0	Y	N	Y	N	N	N	N	N	N	N	N	N	0.0573	0.0000	0.0864	0.0000	0.0000	0.0990	0.0878	1.7694	0.0000	12.2011	0.0000	0.0000	0.0000	3.0554	0.0000	12.2294	30.8913	0.0111	141.1877	0.0738	0.0840	0.0000	30.8509	0.0000	139.2189	inf	4152.4883	0.0000	0.4435	0.0000	0.0061	4.9921	3.0249	0.0000	0.0000	0.0000	0.0000	0.0000	0.0000	0.0000	0.0000	0.0000	0.9646	0.0002	0.9644	0.0002	0.0002	0.0000	0.9644	0.0000	0.9644	0.0000	0.0000	0.0000	0.0000	0.0000	0.0000	0.0000	0.0000	0.0000	0.0344	0.0209	0.0135	0.0031	0.0029	0.0002	0.0313	0.0180	0.0133	0.0631	0.0000	0.1708	0.0000	0.0000	0.0000	0.0990	0.0000	0.1682	28.0369	0.0111	71.4313	0.0738	0.0798	0.0000	30.8509	0.0000	72.6993		
22	71	0.0537	3	2	0	2	0	0	0	0	0	Y	N	Y	N	N	N	N	N	N	N	N	N	0.0000	0.0000	0.0000	0.0000	0.0000	0.0000	0.0000	0.0000	0.0000	0.0000	0.0000	0.0000	0.0000	1.0624	0.0000	2.0014	0.0000	0.0000	0.0000	0.6359	0.0000	2.1145	inf	0.0000	0.0113	0.0000	0.0044	4.9921	4.0281	0.0000	0.0000	0.0000	0.0000	0.0000	0.0000	0.0000	0.0000	0.0000	0.0245	0.0000	0.0245	0.0000	0.0000	0.0000	0.0245	0.0000	0.0245	0.0000	0.0000	0.0000	0.0000	0.0000	0.0000	0.0000	0.0000	0.0000	0.0414	0.0246	0.0168	0.0028	0.0024	0.0004	0.0386	0.0222	0.0164	0.0000	0.0000	0.0000	0.0000	0.0000	0.0000	0.0000	0.0000	0.0000	0.5924	0.0000	1.4596	0.0000	0.0000	0.0000	0.6359	0.0000	1.4968						
22	72	0.0956	4	1	1	1	0	0	0	0	0	N	N	N	N	N	N	N	N	N	N	N	N	inf	inf	inf	inf	2.6665	3.0192	0.0000	6.7166	6.7203	0.0000	0.0000	0.0000	0.0000	0.0000	0.0000	0.0000	0.0000	0.0000	0.0000	0.0000	0.0000	0.0000	0.0000	-0.0000	0.0000	0.0000	5.9987	4.9921	11.0016	0.0000	0.0000	0.0000	0.0000	0.0000	0.0000	0.0000	0.0000	0.0000	0.0000	0.0000	0.0000	0.0000	0.0000	0.0000	0.0000	0.0000	0.0000	0.0000	0.0000	0.0000	0.0000	0.0000	0.0000	0.0000	0.0000	0.0000	0.1572	0.0913	0.0658	0.0155	0.0129	0.0026	0.1417	0.0784	0.0632	inf	inf	0.0000	inf	inf	0.0000	0.0000	0.0000	0.0000	0.0000	0.0000	0.0000	0.0000	0.0000	0.0000	0.0000	0.0000	0.0000						
22	73	0.0537	3	2	0	2	0	0	0	0	0	Y	N	Y	N	N	N	N	N	N	N	N	N	inf	inf	inf	inf	8.7245	0.0000	72.9686	0.0000	0.0000	0.0000	14.3471	0.0000	73.2630	0.0000	0.0000	0.0000	0.0000	0.0000	0.0000	0.0000	0.0000	0.0000	inf	0.0000	0.0000	0.0000	2.0000	4.9921	5.0000	0.0000	0.0000	0.0000	0.0000	0.0000	0.0000	0.0000	0.0000	0.0000	0.0000	0.0000	0.0000	0.0000	0.0000	0.0000	0.0000	0.0000	0.0000	0.0000	0.0000	0.0000	0.0000	0.0000	0.0000	0.0000	0.0000	0.0000	0.0703	0.0418	0.0285	0.0048	0.0041	0.0007	0.0655	0.0377	0.0278	inf	0.0000	inf	0.0000	0.0000	0.0000	inf	0.0000	inf	0.0000	0.0000	0.0000	0.0000	0.0000	0.0000	0.0000	0.0000	0.0000						
22	74	0.1374	6	1	1	1	0	0	0	0	0	N	N	N	N	N	N	N	N	N	N	N	N	1.4092	0.0000	2.3514	0.0000	0.0000	0.0000	2.6062	0.0000	2.2394	0.0915	0.0000	0.4074	0.0000	0.0000	0.0000	0.1595	0.0000	0.4076	0.0650	0.0238	0.1733	0.0902	0.1343	0.0000	0.0612	0.0002	0.1820	inf	3.4296	0.0000	0.0029	0.0000	6.1274	4.9921	13.6208	0.0000	0.0000	0.0000	0.0000	0.0000	0.0000	0.0000	0.0000	0.0000	0.0125	0.0028	0.0097	0.0028	0.0028	0.0000	0.0097	0.0000	0.0097	0.0000	0.0000	0.0000	0.0000	0.0000	0.0000	0.0000	0.0000	0.0000	0.1927	0.1188	0.0739	0.0340	0.0289	0.0052	0.1587	0.0899	0.0687	1.4092	0.0000	3.1066	0.0000	0.0000	0.0000	2.6062	0.0000	2.8896	0.0650	0.0238	0.1312	0.0824	0.0972	0.0000	0.0612	0.0002	0.1411
22	75	0.1619	9	1	0	2	0	0	0	0	0	N	N	Y	N	N	N	N	N	N	N	N	N	0.0000	0.0000	0.0000	0.0000	0.0000	0.0000	0.0000	0.0000	0.0000	0.0000	0.0000	0.0000	0.0000	0.0000	0.0000	0.0000	0.0000	0.0000	0.0000	0.0000	0.0000	0.0000	4.9921	1.0003	0.0000	0.0000	0.0000	0.0000	0.0000	0.0000	0.0000	0.0000	0.0000	0.0000	0.0000	0.0000	0.0000	0.0000	0.0000	0.0000	0.0000	0.0000	0.0000	0.0000	0.0000	0.0000	0.0000	0.0000	0.0000	0.0000	0.0000	0.0103	0.0064	0.0039	0.0017	0.0014	0.0003	0.0086	0.0050	0.0036	0.0000	0.0000	0.0000	0.0000	0.0000	0.0000	0.0000	0.0000	0.0000	0.0000	0.0000	0.0000	0.0000	0.0000	0.0000	0.0000	0.0000	0.0000											
22	76	0.1578	8	1	0	2	0	0	0	0	0	N	N	Y	N	N	N	N	N	N	N	N	N	0.0000	0.0000	0.0000	0.0000	0.0000	0.0000	0.0000	0.0000	0.0000	0.0000	0.0000	0.0000	0.0000	0.0000	0.0000	0.0000	0.0000	0.0000	0.0000	0.0000	0.0000	0.0000	4.9921	1.0076	0.0000	0.0000	0.0000	0.0000	0.0000	0.0000	0.0000	0.0000	0.0000	0.0000	0.0000	0.0000	0.0000	0.0000	0.0000	0.0000	0.0000	0.0000	0.0000	0.0000	0.0000	0.0000	0.0000	0.0000	0.0000	0.0000	0.0000	0.0103	0.0064	0.0039	0.0016	0.0013	0.0003	0.0087	0.0051	0.0036	0.0000	0.0000	0.0000	0.0000	0.0000	0.0000	0.0000	0.0000	0.0000	0.0000	0.0000	0.0000	0.0000	0.0000	0.0000	0.0000	0.0000	0.0000											
22	77	0.1537	7	1	0	1	0	0	0	0	0	N	N	N	N	N	N	N	N	N	N	N	N	79.3358	inf	0.0000	inf	inf	0.0000	0.0000	0.2333	0.4431	0.0000	0.4710	0.4710	0.0000	0.0000	0.0000	0.0000	0.0029	0.0000	0.0077	0.0000	0.0000	0.0000	0.0035	0.0000	0.0084	0.0000	inf	-0.0000	0.0000	0.0000	0.0026	4.9921	0.9924	0.0000	0.0000	0.0000	0.0000	0.0000	0.0000	0.0000	0.0000	0.0000	0.0000	0.0000	0.0000	0.0000	0.0000	0.0000	0.0000	0.0000	0.0000	0.0000	0.0000	0.0000	0.0000	0.0000	0.0000	0.0000	0.0000	0.0000	0.0102	0.0063	0.0039	0.0016	0.0013	0.0003	0.0086	0.0050	0.0036	79.3358	inf	0.0000	inf	inf	0.0000	0.0000	0.0000	0.0000	0.0029	0.0000	0.0077	0.0000	0.0000	0.0000	0.0035	0.0000	0.0084		
22	78	0.1374	6	1	0	1	0	0	0	0	0	N	N	N	N	N	N	N	N	N	N	N	N	13.3562	732.1760	0.0000	411.3023	372.8323	0.0000	0.0000	0.0000	0.0000	2.6611	3.7920	0.0000	5.9522	5.9551	0.0000	0.0000	0.0000	0.0000	0.1992	0.0052	0.6581	0.0145	0.0160	0.0000	0.2130	0.0000	0.6878	0.0000	48.6587	-0.0000	0.0044	0.0000	2.8733	4.9921	1.5522	0.0000	0.0000	0.0000	0.0000	0.0000	0.0000	0.0000	0.0000	0.0000	0.0099	0.0002	0.0097	0.0002	0.0002	0.0000	0.0097	0.0000	0.0097	0.0000	0.0000	0.0000	0.0000	0.0000	0.0000	0.0000	0.0000	0.0000	0.0593	0.0385	0.0208	0.0138	0.0125	0.0013	0.0455	0.0260	0.0195	15.9479	732.1760	0.0000	411.3023	372.8323	0.0000	0.0000	0.0000	0.0000	0.1669	0.0052	0.4656	0.0145	0.0160	0.0000	0.2130	0.0000	0.4965
22	79	0.1252	5	1	0	1	0	0	0	0	0	N	N	N	N	N	N	N	N	N	N	N	N	0.3747	2.1105	0.1160	0.1738	0.1687	0.0000	0.2495	0.0000	0.1152	0.7116	0.9002	0.4665	1.0490	1.0491	0.0000	0.3940	0.0000	0.4666	1.8988	0.4265	4.0204	6.0366	6.2184	0.0003	1.5791	0.0051	4.0488	0.3991	6.7546	-0.0000	0.0279	0.0000	0.2102	4.9921	3.4985	0.0000	0.0000	0.0000	0.0000	0.0000	0.0000	0.0000	0.0000	0.0000	0.0843	0.0109	0.0735	0.0107	0.0107	0.0000	0.0736	0.0001	0.0735	0.0000	0.0000	0.0000	0.0000	0.0000	0.0000	0.0000	0.0000	0.0000	0.0646	0.0442	0.0204	0.0180	0.0172	0.0008	0.0466	0.0270	0.0197	0.5450	3.6553	0.1298	1.7578	1.6811	0.0000	0.2495	0.0000	0.1248	1.3055	0.2463	3.5938	0.5968	0.6240	0.0003	1.5791	0.0051	3.7376
22	80	0.1563	7	1	1	1	0	0	0	0	0	N	N	N	N	N	N	N	N	N	N	N	N	0.0000	0.0000	0.0000	0.0000	0.0000	0.0000	0.0000	0.0000	0.0000	0.0000	0.0000	0.0000	0.0000	0.0000	0.0000	0.0000	0.0000	0.0005	0.0008	0.0000	0.0026	0.0031	0.0000	0.0000	0.0000	0.0000	0.0116	0.0000	-0.0000	0.0000	2.0196	4.9921	6.0690	0.0000	0.0000	0.0000	0.0000	0.0000	0.0000	0.0000	0.0000	0.0000	0.0000	0.0000	0.0000	0.0000	0.0000	0.0000	0.0000	0.0000	0.0000	0.0000	0.0000	0.0000	0.0000	0.0000	0.0000	0.0000	0.0000	0.0000	0.0846	0.0511	0.0334	0.0153	0.0127	0.0026	0.0693	0.0385	0.0308	0.0000	0.0000	0.0000	0.0000	0.0000	0.0000	0.0000	0.0000	0.0000	0.0005	0.0008	0.0000	0.0026	0.0031	0.0000	0.0000	0.0000	0.0000		
22	81	0.1480	6	1	0	1	0	0	0	0	0	N	N	N	N	N	N	N	N	N	N	N	N	0.0000	0.0000	0.0000	0.0000	0.0000	0.0000	0.0000	0.0000	0.0000	0.0000	0.0000	0.0000	0.0000	0.0000	0.0000	0.0000	0.0000	0.0000	0.0022	0.0016	0.0030	0.0002	0.0002	0.0001	0.0026	0.0020	0.0033	1.2781	0.0000	0.0000	0.0000	0.9876	4.9921	0.9833	0.0000	0.0000	0.0000	0.0000	0.0000	0.0000	0.0000	0.0000	0.0000	0.0000	0.0000	0.0000	0.0000	0.0000	0.0000	0.0000	0.0000	0.0000	0.0000	0.0000	0.0000	0.0000	0.0000	0.0000	0.0000	0.0000	0.0000	0.0210	0.0125	0.0085	0.0034	0.0028	0.0006	0.0177	0.0098	0.0079	0.0000	0.0000	0.0000	0.0000	0.0000	0.0000	0.0000	0.0000	0.0000	0.0022	0.0016	0.0030	0.0002	0.0002	0.0001	0.0026	0.0020	0.0033	
22	82	0.0255	2	2	0	2	0	0	0	0	0	Y	N	Y	N	N	N	N	N	N	N	N	N	0.6575	inf	0.0000	819.1997	inf	0.0000	0.0003	inf	0.0000	14.9234	16.9981	0.0000	37.5351	37.5628	0.0000	0.0067	0.0084	0.0000	22.6965	0.0000	121.5252	0.0458	0.0000	2.4534	22.8868	0.0000	111.4175	0.0000	inf	-0.0000	0.4480	0.0000	1.0000	4.9921	2.9874	0.0000	0.0000	0.0000	0.0000	0.0000	0.0000	0.0000	0.0000	0.0000	0.9738	0.0000	0.9738	0.0000	0.0000	0.0000	0.9738	0.0000	0.9738	0.0000	0.0000	0.0000	0.0000	0.0000	0.0000	0.0000	0.0000	0.0000	0.0436	0.0248	0.0189	0.0011	0.0011	0.0000	0.0425	0.0237	0.0188	0.6685	inf	0.0000	819.1997	inf	0.0000	0.0003	inf	0.0000	22.3224	0.0000	51.6065	0.0458	0.0000	1.9444	22.8868	0.0000	51.6735
22	84	0.0956	4	1	1	1	1	0	0	0	0	N	N	N	N	N	N	N	N	N	N	N	N	0.0005	0.0010	0.0008	0.0009	0.0028	0.0000	0.0248	0.0000	0.0000	0.0000	0.0047	0.0000	0.0248	5.5999	0.0000	24.9371	0.0000	0.0000	0.0000	6.1295	0.0000	26.3222	inf	inf	0.0000	0.4592	0.0000	8.0013	4.9921	12.0015	0.0000	0.0000	0.0000	0.0000	0.0000	0.0000	0.0000	0.0000	0.0000	0.9981	0.0000	0.9981	0.0000	0.0000	0.0000	0.9981	0.0000	0.9981	0.0000	0.0000	0.0000	0.0000	0.0000	0.0000	0.0000	0.0000	0.0000	0.1808	0.1052	0.0756	0.0179	0.0150	0.0030	0.1628	0.0903	0.0726	0.0005	0.0000	0.0019	0.0000	0.0000	0.0000	0.0008	0.0000	0.0018	5.5210	0.0000	13.2097	0.0000	0.0000	0.0000	6.1295	0.0000	13.7542					
22	85	0.1520	6	1	1	1	0	0	0	0	0	N	N	N	N	N	N	N	N	N	N	N	N	0.0000	0.0000	0.0000	0.0000	0.0000	0.0000	0.0000	0.0000	0.0000	0.0000	0.0000	0.0000	0.0000	0.0001	0.0002	0.0000	0.0008	0.0010	0.0000	0.0000	0.0000	0.0000	0.0000	0.0000	-0.0000	0.0000	1.0000	4.9921	6.9850	0.0000	0.0000	0.0000	0.0000	0.0000	0.0000	0.0000	0.0000	0.0000	0.0000	0.0000	0.0000	0.0000	0.0000	0.0000	0.0000	0.0000	0.0000	0.0000	0.0000	0.0000	0.0000	0.0000	0.0000	0.0000	0.0000	0.0000	0.0809	0.0480	0.0329	0.0129	0.0104	0.0025	0.0680	0.0376	0.0304	0.0000	0.0000	0.0000	0.0000	0.0000	0.0000	0.0000	0.0000	0.0000	0.0001	0.0002	0.0000	0.0008	0.0010	0.0000	0.0000	0.0000	0.0000						
22	86	0.1393	5	1	0	1	0	0	0	0	0	N	N	N	N	N	N	N	N	N	N	N	N	0.0000	0.0000	0.0000	0.0000	0.0000	0.0000	0.0000	0.0000	0.0000	0.0000	0.0000	0.0000	0.0000	0.0000	0.0000	0.0000	0.0006	0.0011	0.0000	0.0040	0.0049	0.0000	0.0000	0.0000	0.0000	0.0054	0.0000	-0.0000	0.0000	1.0086	4.9921	2.0000	0.0000	0.0000	0.0000	0.0000	0.0000	0.0000	0.0000	0.0000	0.0000	0.0000	0.0000	0.0000	0.0000	0.0000	0.0000	0.0000	0.0000	0.0000	0.0000	0.0000	0.0000	0.0000	0.0000	0.0000	0.0000	0.0000	0.0000	0.0319	0.0187	0.0131	0.0050	0.0040	0.0010	0.0269	0.0147	0.0122	0.0000	0.0000	0.0000	0.0000	0.0000	0.0000	0.0000	0.0000	0.0000	0.0006	0.0011	0.0000	0.0040	0.0049	0.0000	0.0000	0.0000	0.0000			
22	87	0.0537	3	1	1	1	0	0	0	0	0	N	N	N	N	N	N	N	N	N	N	N	N	inf	inf	inf	inf	4.4643	0.0000	37.9313	0.0000	0.0000	0.0000	7.3351	0.0000	38.0859	0.0000	0.0000	0.0000	0.0000	0.0000	0.0000	0.0000	0.0000	0.0000	inf	0.0000	0.0000	0.0000	4.0000	4.9921	7.0000	0.0000	0.0000	0.0000	0.0000	0.0000	0.0000	0.0000	0.0000	0.0000	0.0000	0.0000	0.0000	0.0000	0.0000	0.0000	0.0000	0.0000	0.0000	0.0000	0.0000	0.0000	0.0000	0.0000	0.0000	0.0000	0.0000	0.0000	0.1073	0.0638	0.0435	0.0074	0.0063	0.0011	0.0998	0.0575	0.0424	inf	0.0000	inf	0.0000	0.0000	0.0000	inf	0.0000	inf	0.0000	0.0000	0.0000	0.0000	0.0000	0.0000	0.0000	0.0000	0.0000						
22	89	0.1566	7	1	1	1	0	0	0	0	0	N	N	N	N	N	N	N	N	N	N	N	N	0.0000	0.0000	0.0000	0.0000	0.0000	0.0000	0.0000	0.0000	0.0000	0.0000	0.0000	0.0000	0.0000	0.0000	0.0000	0.0000	0.0012	0.0021	0.0000	0.0064	0.0080	0.0000	0.0000	0.0000	0.0000	0.0001	0.0000	-0.0001	0.0000	0.0157	4.9921	9.0253	0.0000	0.0000	0.0000	0.0000	0.0000	0.0000	0.0000	0.0000	0.0000	0.0001	0.0001	0.0000	0.0001	0.0001	0.0000	0.0000	0.0000	0.0000	0.0000	0.0000	0.0000	0.0000	0.0000	0.0000	0.0000	0.0000	0.0000	0.0929	0.0557	0.0372	0.0180	0.0143	0.0036	0.0750	0.0414	0.0336	0.0000	0.0000	0.0000	0.0000	0.0000	0.0000	0.0000	0.0000	0.0000	0.0012	0.0021	0.0000	0.0064	0.0080	0.0000	0.0000	0.0000	0.0000			
22	90	0.1480	6	1	1	1	0	0	0	0	0	N	N	N	N	N	N	N	N	N	N	N	N	0.0000	0.0000	0.0000	0.0000	0.0000	0.0000	0.0000	0.0000	0.0000	0.0000	0.0000	0.0000	0.0000	0.0000	0.0000	0.0000	0.0000	0.0000	0.1194	0.2911	0.0012	7.2131	9.9252	0.0000	0.0011	0.0010	0.0013	0.0040	0.0000	-0.0014	0.0000	0.0169	4.9921	2.0013	0.0000	0.0000	0.0000	0.0000	0.0000	0.0000	0.0000	0.0000	0.0000	0.0026	0.0026	0.0000	0.0026	0.0026	0.0000	0.0000	0.0000	0.0000	0.0000	0.0000	0.0000	0.0000	0.0000	0.0000	0.0000	0.0000	0.0000	0.0215	0.0128	0.0087	0.0035	0.0028	0.0007	0.0181	0.0100	0.0080	0.0000	0.0000	0.0000	0.0000	0.0000	0.0000	0.0000	0.0000	0.0000	0.1194	0.1996	0.0012	0.7370	0.9080	0.0000	0.0011	0.0010	0.0013	
22	91	0.1393	5	1	0	1	0	0	0	0	0	N	N	N	N	N	N	N	N	N	N	N	N	0.0000	0.0000	0.0000	0.0000	0.0000	0.0000	0.0000	0.0000	0.0000	0.0000	0.0000	0.0000	0.0000	0.0000	0.0000	0.0000	0.0012	0.0020	0.0000	0.0073	0.0090	0.0000	0.0000	0.0000	0.0000	0.0042	0.0000	-0.0000	0.0000	1.9923	4.9921	0.0454	0.0000	0.0000	0.0000	0.0000	0.0000	0.0000	0.0000	0.0000	0.0000	0.0000	0.0000	0.0000	0.0000	0.0000	0.0000	0.0000	0.0000	0.0000	0.0000	0.0000	0.0000	0.0000	0.0000	0.0000	0.0000	0.0000	0.0000	0.0220	0.0129	0.0091	0.0035	0.0028	0.0007	0.0185	0.0101	0.0084	0.0000	0.0000	0.0000	0.0000	0.0000	0.0000	0.0000	0.0000	0.0000	0.0012	0.0020	0.0000	0.0073	0.0090	0.0000	0.0000	0.0000	0.0000			
22	92	0.0956	4	1	0	1	0	0	0	0	0	N	N	N	N	N	N	N	N	N	N	N	N	93.4017	0.0000	545.4691	0.0000	0.0000	142.5824	0.0000	525.3799	0.0190	0.0000	0.1322	0.0000	0.0000	0.0000	0.0320	0.0000	0.1324	0.0002	0.0002	0.0002	0.0000	0.0000	0.0000	0.0002	0.0002	0.0003	inf	1.0011	0.0000	-0.0000	0.0000	1.0098	4.9921	9.0196	0.0000	0.0000	0.0000	0.0000	0.0000	0.0000	0.0000	0.0000	0.0000	0.0000	0.0000	0.0000	0.0000	0.0000	0.0000	0.0000	0.0000	0.0000	0.0000	0.0000	0.0000	0.0000	0.0000	0.0000	0.0000	0.0000	0.0000	0.0979	0.0567	0.0412	0.0095	0.0079	0.0016	0.0884	0.0487	0.0396	93.4017	0.0000	545.4691	0.0000	0.0000	0.0000	142.5824	0.0000	525.3799	0.0002	0.0002	0.0002	0.0000	0.0000	0.0000	0.0002	0.0002	0.0003	
22	93	0.1923	9	2	1	1	1	0	0	0	0	Y	N	N	N	N	N	N	N	N	N	N	N	0.0000	0.0000	0.0000	0.0000	0.0000	0.0000	0.0000	0.0000	0.0000	0.0000	0.0000	0.0000	0.0000	0.0000	0.0000	0.0000	0.0000	0.0000	0.0000	0.0000	0.0000	0.0000	4.9921	0.0000	0.0000	0.0000	0.0000	0.0000	0.0000	0.0000	0.0000	0.0000	0.0000	0.0000	0.0000	0.0000	0.0000	0.0000	0.0000	0.0000	0.0000	0.0000	0.0000	0.0000	0.0000	0.0000	0.0000	0.0000	0.0000	0.0000	0.0000	0.0000	0.0000	0.0000	0.0000	0.0000	0.0000	0.0000	0.0000	0.0000	0.0000	0.0000	0.0000	0.0000	0.0000	0.0000	0.0000	0.0000	0.0000	0.0000	0.0000	0.0000	0.0000	0.0000	0.0000	0.0000	0.0000	0.0000											
22	94	0.1923	8	2	1	1	1	0	0	0	0	Y	N	N	N	N	N	N	N	N	N	N	N	0.0000	0.0000	0.0000	0.0000	0.0000	0.0000	0.0000	0.0000	0.0000	0.0000	0.0000	0.0000	0.0000	0.0000	0.0000	0.0000	0.0000	0.0000	0.0000	0.0000	0.0000	0.0000	4.9921	0.0001	0.0000	0.0000	0.0000	0.0000	0.0000	0.0000	0.0000	0.0000	0.0000	0.0000	0.0000	0.0000	0.0000	0.0000	0.0000	0.0000	0.0000	0.0000	0.0000	0.0000	0.0000	0.0000	0.0000	0.0000	0.0000	0.0000	0.0000	0.0000	0.0000	0.0000	0.0000	0.0000	0.0000	0.0000	0.0000	0.0000	0.0000	0.0000	0.0000	0.0000	0.0000	0.0000	0.0000	0.0000	0.0000	0.0000	0.0000	0.0000	0.0000	0.0000	0.0000	0.0000	0.0000	0.0000											
22	95	0.1743	7	1	1	1	1	0	0	0	0	N	N	N	N	N	N	N	N	N	N	N	N	inf	inf	inf	inf	7.5159	10.8533	0.0000	16.5721	16.5839	0.0000	0.0000	0.0000	0.0000	0.0000	0.0000	0.0000	0.0000	0.0000	0.0000	0.0000	0.0000	0.0000	0.0000	-0.0000	0.0000	0.0000	0.9845	4.9921	0.9903	0.0000	0.0000	0.0000	0.0000	0.0000	0.0000	0.0000	0.0000	0.0000	0.0000	0.0000	0.0000	0.0000	0.0000	0.0000	0.0000	0.0000	0.0000	0.0000	0.0000	0.0000	0.0000	0.0000	0.0000	0.0000	0.0000	0.0000	0.0216	0.0130	0.0086	0.0035	0.0031	0.0005	0.0181	0.0100	0.0081	inf	inf	0.0000	inf	inf	0.0000	0.0000	0.0000	0.0000	0.0000	0.0000	0.0000	0.0000	0.0000	0.0000	0.0000	0.0000	0.0000						
22	96	0.1715	7	1	1	1	0	0	0	0	0	N	N	N	N	N	N	N	N	N	N	N	N	8.4692	0.0000	inf	0.0000	0.0000	inf	inf	0.0019	0.0000	0.0164	0.0000	0.0000	0.0000	0.0032	0.0000	0.0164	0.0002	0.0004	0.0000	0.0008	0.0009	0.0000	0.0000	0.0000	0.0000	inf	0.0000	0.0000	-0.0000	0.0000	1.0063	4.9921	3.7812	0.0000	0.0000	0.0000	0.0000	0.0000	0.0000	0.0000	0.0000	0.0000	0.0000	0.0000	0.0000	0.0000	0.0000	0.0000	0.0000	0.0000	0.0000	0.0000	0.0000	0.0000	0.0000	0.0000	0.0000	0.0000	0.0000	0.0000	0.0765	0.0493	0.0273	0.0232	0.0203	0.0029	0.0533	0.0290	0.0244	8.4692	0.0000	inf	0.0000	0.0000	0.0000	inf	0.0000	inf	0.0002	0.0004	0.0000	0.0008	0.0009	0.0000	0.0000	0.0000	0.0000		
22	97	0.1743	7	1	0	2	1	0	0	0	0	N	N	Y	N	N	N	N	N	N	N	N	N	inf	inf	inf	inf	0.1289	0.0000	0.4236	0.0000	0.0000	0.0000	0.2356	0.0000	0.4240	0.0000	0.0000	0.0000	0.0000	0.0000	0.0000	0.0000	0.0000	0.0000	inf	0.0000	0.0000	0.0000	1.0165	4.9921	1.0129	0.0000	0.0000	0.0000	0.0000	0.0000	0.0000	0.0000	0.0000	0.0000	0.0000	0.0000	0.0000	0.0000	0.0000	0.0000	0.0000	0.0000	0.0000	0.0000	0.0000	0.0000	0.0000	0.0000	0.0000	0.0000	0.0000	0.0000	0.0221	0.0134	0.0088	0.0036	0.0031	0.0005	0.0185	0.0102	0.0083	inf	0.0000	inf	0.0000	0.0000	0.0000	inf	0.0000	inf	0.0000	0.0000	0.0000	0.0000	0.0000	0.0000	0.0000	0.0000	0.0000						
22	98	0.1614	6	1	0	1	1	0	0	0	0	N	N	N	N	N	N	N	N	N	N	N	N	inf	inf	inf	inf	inf	inf	inf	0.1500	0.1316	0.2366	0.2602	0.2604	0.0000	0.0712	0.0000	0.2371	0.0000	0.0000	0.0000	0.0000	0.0000	0.0000	0.0000	0.0000	0.0000	0.3832	-0.0000	-0.0000	0.0000	2.0241	4.9921	1.0265	0.0000	0.0000	0.0000	0.0000	0.0000	0.0000	0.0000	0.0000	0.0000	0.0000	0.0000	0.0000	0.0000	0.0000	0.0000	0.0000	0.0000	0.0000	0.0000	0.0000	0.0000	0.0000	0.0000	0.0000	0.0000	0.0000	0.0000	0.0317	0.0187	0.0130	0.0045	0.0037	0.0008	0.0272	0.0150	0.0122	inf	inf	inf	inf	inf	0.0000	inf	0.0000	inf	0.0000	0.0000	0.0000	0.0000	0.0000	0.0000	0.0000	0.0000	0.0000			
22	99	0.1614	6	1	0	2	1	0	0	0	0	N	N	Y	N	N	N	N	N	N	N	N	N	inf	inf	inf	inf	0.0305	0.0000	0.1945	0.0000	0.0000	0.0000	0.0518	0.0000	0.1950	0.0000	0.0000	0.0000	0.0000	0.0000	0.0000	0.0000	0.0000	0.0000	inf	0.0000	0.0000	0.0000	3.0066	4.9921	0.0000	0.0000	0.0000	0.0000	0.0000	0.0000	0.0000	0.0000	0.0000	0.0000	0.0000	0.0000	0.0000	0.0000	0.0000	0.0000	0.0000	0.0000	0.0000	0.0000	0.0000	0.0000	0.0000	0.0000	0.0000	0.0000	0.0000	0.0000	0.0312	0.0184	0.0128	0.0044	0.0036	0.0008	0.0268	0.0148	0.0120	inf	0.0000	inf	0.0000	0.0000	0.0000	inf	0.0000	inf	0.0000	0.0000	0.0000	0.0000	0.0000	0.0000	0.0000	0.0000	0.0000						
22	100	0.1871	6	1	0	2	1	0	0	0	0	N	N	Y	N	N	N	N	N	N	N	N	N	0.0000	0.0000	0.0000	0.0000	0.0000	0.0000	0.0000	0.0000	0.0000	0.0000	0.0000	0.0000	0.0000	0.0000	0.0000	0.0000	0.0000	0.0000	0.0000	0.0000	0.0000	0.0000	4.9921	2.0000	0.0000	0.0000	0.0000	0.0000	0.0000	0.0000	0.0000	0.0000	0.0000	0.0000	0.0000	0.0000	0.0000	0.0000	0.0000	0.0000	0.0000	0.0000	0.0000	0.0000	0.0000	0.0000	0.0000	0.0000	0.0000	0.0000	0.0000	0.0202	0.0118	0.0084	0.0029	0.0024	0.0005	0.0173	0.0094	0.0079	0.0000	0.0000	0.0000	0.0000	0.0000	0.0000	0.0000	0.0000	0.0000	0.0000	0.0000	0.0000	0.0000	0.0000	0.0000	0.0000	0.0000	0.0000											
22	101	0.1481	5	1	0	2	1	0	0	0	0	N	N	Y	N	N	N	N	N	N	N	N	N	3.6103	0.0000	191895.5357	0.0000	0.0000	69507.4728	200121.5350	0.0026	0.0000	0.0226	0.0000	0.0000	0.0000	0.0044	0.0000	0.0229	0.0007	0.0012	0.0000	0.0046	0.0055	0.0000	0.0000	0.0000	0.0000	inf	0.0001	0.0000	-0.0000	0.0000	5.8899	4.9921	3.1847	0.0000	0.0000	0.0000	0.0000	0.0000	0.0000	0.0000	0.0000	0.0000	0.0001	0.0001	0.0000	0.0001	0.0001	0.0000	0.0000	0.0000	0.0000	0.0000	0.0000	0.0000	0.0000	0.0000	0.0000	0.0000	0.0000	0.0000	0.0959	0.0569	0.0390	0.0150	0.0127	0.0022	0.0809	0.0441	0.0368	3.6103	0.0000	191895.5357	0.0000	0.0000	0.0000	69507.4728	0.0000	200121.5350	0.0007	0.0012	0.0000	0.0046	0.0055	0.0000	0.0000	0.0000	0.0000		
22	102	0.1949	5	2	1	1	0	0	0	0	0	Y	N	N	N	N	N	N	N	N	N	N	N	0.0000	0.0000	0.0000	0.0000	0.0000	0.0000	0.0000	0.0000	0.0000	0.0000	0.0000	0.0000	0.0000	0.0000	0.0000	0.0000	0.0000	0.0000	0.0000	0.0000	0.0000	0.0000	4.9921	0.0000	0.0000	0.0000	0.0000	0.0000	0.0000	0.0000	0.0000	0.0000	0.0000	0.0000	0.0000	0.0000	0.0000	0.0000	0.0000	0.0000	0.0000	0.0000	0.0000	0.0000	0.0000	0.0000	0.0000	0.0000	0.0000	0.0000	0.0000	0.0000	0.0000	0.0000	0.0000	0.0000	0.0000	0.0000	0.0000	0.0000	0.0000	0.0000	0.0000	0.0000	0.0000	0.0000	0.0000	0.0000	0.0000	0.0000	0.0000	0.0000	0.0000	0.0000	0.0000	0.0000	0.0000	0.0000											
22	103	0.0956	4	2	1	1	0	0	0	0	0	Y	N	N	N	N	N	N	N	N	N	N	N	inf	inf	inf	inf	0.0028	0.0000	0.0248	0.0000	0.0000	0.0000	0.0047	0.0000	0.0248	0.0000	0.0000	0.0000	0.0000	0.0000	0.0000	0.0000	0.0000	0.0000	inf	0.0000	0.0000	0.0000	8.0012	4.9921	14.0016	0.0000	0.0000	0.0000	0.0000	0.0000	0.0000	0.0000	0.0000	0.0000	0.0000	0.0000	0.0000	0.0000	0.0000	0.0000	0.0000	0.0000	0.0000	0.0000	0.0000	0.0000	0.0000	0.0000	0.0000	0.0000	0.0000	0.0000	0.1959	0.1141	0.0818	0.0195	0.0163	0.0033	0.1764	0.0979	0.0785	inf	0.0000	inf	0.0000	0.0000	0.0000	inf	0.0000	inf	0.0000	0.0000	0.0000	0.0000	0.0000	0.0000	0.0000	0.0000	0.0000						
22	104	0.1585	5	1	1	1	0	0	0	0	0	N	N	N	N	N	N	N	N	N	N	N	N	0.0000	0.0000	0.0000	0.0000	0.0000	0.0000	0.0000	0.0000	0.0000	0.0000	0.0000	0.0000	0.0000	0.0000	0.0000	0.0000	0.0009	0.0015	0.0000	0.0044	0.0057	0.0000	0.0000	0.0000	0.0000	0.0001	0.0000	-0.0000	0.0000	2.0010	4.9921	1.0153	0.0000	0.0000	0.0000	0.0000	0.0000	0.0000	0.0000	0.0000	0.0000	0.0000	0.0000	0.0000	0.0000	0.0000	0.0000	0.0000	0.0000	0.0000	0.0000	0.0000	0.0000	0.0000	0.0000	0.0000	0.0000	0.0000	0.0000	0.0330	0.0197	0.0133	0.0067	0.0052	0.0015	0.0263	0.0145	0.0118	0.0000	0.0000	0.0000	0.0000	0.0000	0.0000	0.0000	0.0000	0.0000	0.0009	0.0015	0.0000	0.0044	0.0057	0.0000	0.0000	0.0000	0.0000			
22	105	0.0956	4	1	1	1	0	0	0	0	0	N	N	N	N	N	N	N	N	N	N	N	N	30.7548	0.0000	155.5755	0.0000	0.0000	46.2019	0.0000	149.8024	0.0069	0.0000	0.0557	0.0000	0.0000	0.0000	0.0115	0.0000	0.0558	0.0002	0.0001	0.0004	0.0000	0.0000	0.0000	0.0002	0.0001	0.0004	inf	2.0235	0.0000	0.0000	0.0000	3.0162	4.9921	11.0438	0.0000	0.0000	0.0000	0.0000	0.0000	0.0000	0.0000	0.0000	0.0000	0.0000	0.0000	0.0000	0.0000	0.0000	0.0000	0.0000	0.0000	0.0000	0.0000	0.0000	0.0000	0.0000	0.0000	0.0000	0.0000	0.0000	0.0000	0.1329	0.0771	0.0558	0.0130	0.0109	0.0022	0.1199	0.0663	0.0536	30.7548	0.0000	155.5755	0.0000	0.0000	0.0000	46.2019	0.0000	149.8024	0.0002	0.0001	0.0004	0.0000	0.0000	0.0000	0.0002	0.0001	0.0004	
22	106	0.1965	9	2	1	1	0	0	0	0	0	Y	N	N	N	N	N	N	N	N	N	N	N	0.0000	0.0000	0.0000	0.0000	0.0000	0.0000	0.0000	0.0000	0.0000	0.0000	0.0000	0.0000	0.0000	0.0000	0.0000	0.0000	0.0000	0.0000	0.0000	0.0000	0.0000	1.0000	4.9921	1.0000	0.0000	0.0000	0.0000	0.0000	0.0000	0.0000	0.0000	0.0000	0.0000	0.0000	0.0000	0.0000	0.0000	0.0000	0.0000	0.0000	0.0000	0.0000	0.0000	0.0000	0.0000	0.0000	0.0000	0.0000	0.0000	0.0000	0.0000	0.0216	0.0135	0.0081	0.0071	0.0058	0.0013	0.0144	0.0077	0.0067	0.0000	0.0000	0.0000	0.0000	0.0000	0.0000	0.0000	0.0000	0.0000	0.0000	0.0000	0.0000	0.0000	0.0000	0.0000	0.0000	0.0000	0.0000											
22	107	0.1923	8	2	1	1	0	0	0	0	0	Y	N	N	N	N	N	N	N	N	N	N	N	0.0000	0.0000	0.0000	0.0000	0.0000	0.0000	0.0000	0.0000	0.0000	0.0000	0.0000	0.0000	0.0000	0.0000	0.0000	0.0000	0.0000	0.0000	0.0000	0.0000	0.0000	0.0000	4.9921	0.9999	0.0000	0.0000	0.0000	0.0000	0.0000	0.0000	0.0000	0.0000	0.0000	0.0000	0.0000	0.0000	0.0000	0.0000	0.0000	0.0000	0.0000	0.0000	0.0000	0.0000	0.0000	0.0000	0.0000	0.0000	0.0000	0.0000	0.0000	0.0108	0.0066	0.0042	0.0029	0.0023	0.0005	0.0079	0.0043	0.0036	0.0000	0.0000	0.0000	0.0000	0.0000	0.0000	0.0000	0.0000	0.0000	0.0000	0.0000	0.0000	0.0000	0.0000	0.0000	0.0000	0.0000	0.0000											
22	108	0.1715	7	2	1	1	0	0	0	0	0	Y	N	N	N	N	N	N	N	N	N	N	N	414.3045	0.0000	inf	0.0000	0.0000	3957.8981	0.0000	inf	0.0991	0.0000	0.3669	0.0000	0.0000	0.0000	0.1800	0.0000	0.3673	0.0002	0.0004	0.0000	0.0007	0.0008	0.0000	0.0000	0.0001	0.0000	inf	0.0000	0.0000	-0.0000	0.0000	0.0100	4.9921	4.8896	0.0000	0.0000	0.0000	0.0000	0.0000	0.0000	0.0000	0.0000	0.0000	0.0000	0.0000	0.0000	0.0000	0.0000	0.0000	0.0000	0.0000	0.0000	0.0000	0.0000	0.0000	0.0000	0.0000	0.0000	0.0000	0.0000	0.0000	0.0776	0.0499	0.0277	0.0233	0.0204	0.0029	0.0542	0.0295	0.0248	414.3045	0.0000	inf	0.0000	0.0000	0.0000	3957.8981	0.0000	inf	0.0002	0.0004	0.0000	0.0007	0.0008	0.0000	0.0000	0.0001	0.0000	
22	109	0.1614	6	1	1	1	0	0	0	0	0	N	N	N	N	N	N	N	N	N	N	N	N	132.6663	6.8305	333.7782	2.9452	2.4314	272.7766	314.2447	0.0735	0.0018	0.3242	0.0033	0.0033	0.0000	0.1263	0.0000	0.3248	0.0006	0.0003	0.0010	0.0011	0.0013	0.0000	0.0005	0.0000	0.0010	51.3337	2.5498	0.0000	0.0000	0.0000	1.0007	4.9921	1.4004	0.0000	0.0000	0.0000	0.0000	0.0000	0.0000	0.0000	0.0000	0.0000	0.0000	0.0000	0.0000	0.0000	0.0000	0.0000	0.0000	0.0000	0.0000	0.0000	0.0000	0.0000	0.0000	0.0000	0.0000	0.0000	0.0000	0.0000	0.0251	0.0148	0.0103	0.0035	0.0029	0.0006	0.0216	0.0119	0.0097	132.6663	6.8305	333.7782	2.9452	2.4314	0.0000	272.7766	0.0000	314.2447	0.0006	0.0003	0.0010	0.0011	0.0013	0.0000	0.0005	0.0000	0.0010		
22	110	0.1481	5	1	0	1	0	0	0	0	0	N	N	N	N	N	N	N	N	N	N	N	N	156.5815	99.4834	692348.2857	59.6056	53.9749	395756.7448	754899.2190	0.2772	0.2929	0.2028	0.5418	0.5526	0.0000	0.0636	0.0000	0.2135	0.0018	0.0029	0.0000	0.0091	0.0102	0.0000	0.0000	0.0000	0.0000	0.1455	0.0001	-0.0000	-0.0000	0.0000	0.3039	4.9921	2.8719	0.0000	0.0000	0.0000	0.0000	0.0000	0.0000	0.0000	0.0000	0.0000	0.0001	0.0001	0.0000	0.0001	0.0001	0.0000	0.0000	0.0000	0.0000	0.0000	0.0000	0.0000	0.0000	0.0000	0.0000	0.0000	0.0000	0.0000	0.0393	0.0236	0.0157	0.0076	0.0068	0.0009	0.0316	0.0168	0.0148	156.5815	99.4834	692348.2857	59.6056	53.9749	0.0000	395756.7448	0.0000	754899.2190	0.0018	0.0029	0.0000	0.0091	0.0102	0.0000	0.0000	0.0000	0.0000		
22	111	0.0956	4	1	0	1	0	0	0	0	0	N	N	N	N	N	N	N	N	N	N	N	N	15.6545	10.0533	55.3198	18094.0645	15103.4744	13.7579	0.0000	53.2863	0.0094	0.0045	0.0456	0.0098	0.0098	0.0000	0.0092	0.0000	0.0457	0.0006	0.0004	0.0008	0.0000	0.0000	0.0000	0.0007	0.0005	0.0009	1.4129	1.3490	0.0000	0.0000	0.0000	3.8240	4.9921	8.1760	0.0000	0.0000	0.0000	0.0000	0.0000	0.0000	0.0000	0.0000	0.0000	0.0001	0.0000	0.0000	0.0000	0.0000	0.0000	0.0001	0.0000	0.0000	0.0000	0.0000	0.0000	0.0000	0.0000	0.0000	0.0000	0.0000	0.0000	0.1153	0.0668	0.0485	0.0112	0.0094	0.0019	0.1041	0.0575	0.0466	15.6545	10.0533	55.3198	18094.0645	15103.4744	0.0000	13.7579	0.0000	53.2863	0.0006	0.0004	0.0008	0.0000	0.0000	0.0000	0.0007	0.0005	0.0009	
22	115	0.2882	7	1	0	1	0	0	0	0	0	N	N	N	N	N	N	N	N	N	N	N	N	0.4880	125.1917	0.0000	0.0453	126.7496	0.0000	0.0000	0.0000	0.0000	0.9525	1.2928	0.0000	2.1247	2.1366	0.0000	0.0000	0.0000	0.0000	1.9516	0.0103	6.1101	46.9193	0.0169	114.3840	0.2556	0.0009	0.9003	0.0000	195.2265	-0.0000	0.2591	0.0000	8.9918	4.9921	13.3277	0.0000	0.0000	0.0000	0.0000	0.0000	0.0000	0.0000	0.0000	0.0000	0.5695	0.0029	0.5666	0.5200	0.0028	0.5172	0.0495	0.0001	0.0494	0.0000	0.0000	0.0000	0.0000	0.0000	0.0000	0.0000	0.0000	0.0000	0.3886	0.2810	0.1076	0.1950	0.1661	0.0290	0.1936	0.1150	0.0786	0.6500	125.1917	0.0000	0.7969	126.7496	0.0000	0.0000	0.0000	0.0000	1.4654	0.0103	5.2668	2.6663	0.0169	17.8421	0.2556	0.0009	0.6282
23	24	0.0664	4	0	2	0	0	0	0	0	0	N	Y	N	N	N	N	N	N	N	N	N	N	0.0406	0.0000	inf	0.0000	0.0000	inf	inf	0.0098	0.0000	0.0667	0.0000	0.0000	0.0000	0.0103	0.0000	0.0679	0.2411	0.6411	0.0000	55.6060	74.0704	0.0000	0.0000	0.0000	0.0000	inf	0.0000	0.0004	-0.0068	1.9996	2.9988	0.0142	13.9984	0.0008	0.0000	0.0008	0.0000	0.0000	0.0000	0.0008	0.0000	0.0008	0.0126	0.0126	0.0000	0.0126	0.0126	0.0000	0.0000	0.0000	0.0000	0.0817	0.0697	0.0120	0.0044	0.0042	0.0002	0.0773	0.0655	0.0118	0.0645	0.0386	0.0258	0.0044	0.0035	0.0009	0.0601	0.0351	0.0249	0.0499	0.0000	inf	0.0000	0.0000	0.0000	inf	0.0000	inf	0.1962	0.3275	0.0000	2.8582	3.6153	0.0000	0.0000	0.0000	0.0000		
23	25	0.1082	5	1	2	0	0	0	0	0	0	N	Y	N	N	N	N	N	N	N	N	N	N	inf	inf	inf	inf	inf	inf	0.0014	0.0000	0.0092	0.0025	0.0000	0.0351	0.0013	0.0000	0.0089	0.0000	0.0000	0.0000	0.0000	0.0000	0.0000	0.0000	0.0000	0.0000	inf	0.0001	0.0000	1.9996	6.0000	0.0142	4.0000	0.0002	0.0000	0.0002	0.0000	0.0000	0.0000	0.0002	0.0000	0.0002	0.0000	0.0000	0.0000	0.0000	0.0000	0.0000	0.0000	0.0000	0.0000	0.1546	0.1318	0.0227	0.0040	0.0038	0.0003	0.1506	0.1281	0.0225	0.0440	0.0232	0.0208	0.0034	0.0027	0.0007	0.0407	0.0206	0.0201	inf	0.0000	inf	inf	0.0000	inf	inf	0.0000	inf	0.0000	0.0000	0.0000	0.0000	0.0000	0.0000	0.0000	0.0000	0.0000				
23	26	0.0123	2	0	2	0	0	0	0	0	0	N	Y	N	N	N	N	N	N	N	N	N	N	0.0000	0.0000	0.0000	0.0000	0.0000	0.0000	0.0000	0.0000	0.0000	0.0000	0.0000	0.0000	0.0000	0.0000	0.0000	0.0000	0.0071	0.0140	0.0001	8.9684	9.2761	0.0000	0.0001	0.0000	0.0001	0.0098	0.0000	-0.0000	1.9996	0.0000	0.0142	2.0002	0.0000	0.0000	0.0000	0.0000	0.0000	0.0000	0.0000	0.0000	0.0000	0.0001	0.0001	0.0000	0.0001	0.0001	0.0000	0.0000	0.0000	0.0000	0.0000	0.0000	0.0000	0.0000	0.0000	0.0000	0.0000	0.0000	0.0000	0.0107	0.0054	0.0053	0.0001	0.0001	0.0000	0.0106	0.0053	0.0053	0.0000	0.0000	0.0000	0.0000	0.0000	0.0000	0.0000	0.0000	0.0000	0.0071	0.0140	0.0001	0.8427	0.8497	0.0000	0.0001	0.0000	0.0001			
23	27	0.1229	6	1	2	0	0	0	0	0	0	N	Y	N	N	N	N	N	N	N	N	N	N	16.3479	0.0000	inf	0.5405	0.0000	inf	inf	inf	0.0077	0.0000	0.0525	0.0057	0.0000	0.1042	0.0079	0.0000	0.0512	0.0005	0.0008	0.0000	0.0106	0.0118	0.0000	0.0000	0.0000	0.0000	inf	0.0000	0.0001	-0.0000	1.9996	1.0000	0.0142	3.9850	0.0002	0.0000	0.0002	0.0000	0.0000	0.0000	0.0002	0.0000	0.0002	0.0000	0.0000	0.0000	0.0000	0.0000	0.0000	0.0000	0.0000	0.0000	0.0272	0.0232	0.0040	0.0018	0.0017	0.0001	0.0254	0.0215	0.0039	0.0211	0.0125	0.0087	0.0009	0.0008	0.0001	0.0202	0.0116	0.0086	16.3479	0.0000	inf	0.5405	0.0000	inf	inf	0.0000	inf	0.0005	0.0008	0.0000	0.0106	0.0118	0.0000	0.0000	0.0000	0.0000	
23	28	0.1082	5	0	2	0	0	0	0	0	0	N	Y	N	N	N	N	N	N	N	N	N	N	0.0000	0.0000	0.0000	0.0000	0.0000	0.0000	0.0000	0.0000	0.0000	0.0000	0.0000	0.0000	0.0000	0.0010	0.0019	0.0000	0.0131	0.0166	0.0000	0.0000	0.0000	0.0000	0.0000	0.0000	-0.0000	1.9996	5.0000	0.0142	4.0000	0.0000	0.0000	0.0000	0.0000	0.0000	0.0000	0.0000	0.0000	0.0000	0.0000	0.0000	0.0000	0.0000	0.0000	0.0000	0.0000	0.0000	0.0000	0.1300	0.1108	0.0192	0.0034	0.0031	0.0002	0.1266	0.1077	0.0190	0.0400	0.0211	0.0189	0.0030	0.0024	0.0006	0.0370	0.0187	0.0183	0.0000	0.0000	0.0000	0.0000	0.0000	0.0000	0.0000	0.0000	0.0000	0.0010	0.0019	0.0000	0.0131	0.0166	0.0000	0.0000	0.0000	0.0000						
23	29	0.1082	5	0	2	0	0	0	0	0	0	N	Y	N	N	N	N	N	N	N	N	N	N	0.0000	0.0000	0.0000	0.0000	0.0000	0.0000	0.0000	0.0000	0.0000	0.0000	0.0000	0.0000	0.0000	0.0000	0.0000	0.0000	0.0000	0.0000	0.0000	0.0000	1.9996	3.0000	0.0142	6.0000	0.0000	0.0000	0.0000	0.0000	0.0000	0.0000	0.0000	0.0000	0.0000	0.0000	0.0000	0.0000	0.0000	0.0000	0.0000	0.0000	0.0000	0.0000	0.0795	0.0676	0.0118	0.0020	0.0019	0.0001	0.0774	0.0657	0.0117	0.0400	0.0211	0.0189	0.0030	0.0024	0.0006	0.0370	0.0187	0.0183	0.0000	0.0000	0.0000	0.0000	0.0000	0.0000	0.0000	0.0000	0.0000	0.0000	0.0000	0.0000	0.0000	0.0000	0.0000	0.0000	0.0000	0.0000											
23	30	0.1572	8	0	2	1	1	0	0	0	0	N	Y	N	N	N	N	N	N	N	N	N	N	0.0000	0.0000	0.0000	0.0000	0.0000	0.0000	0.0000	0.0000	0.0000	0.0000	0.0000	0.0000	0.0000	0.0791	0.0000	0.2496	0.0000	0.0000	0.0000	0.0995	0.0000	0.3283	inf	0.0000	0.0005	1.9996	0.0000	0.0142	3.0000	0.0000	0.0000	0.0000	0.0000	0.0000	0.0000	0.0000	0.0000	0.0000	0.0010	0.0000	0.0010	0.0000	0.0000	0.0000	0.0010	0.0000	0.0010	0.0000	0.0000	0.0000	0.0000	0.0000	0.0000	0.0000	0.0000	0.0000	0.0124	0.0075	0.0049	0.0025	0.0019	0.0007	0.0098	0.0056	0.0042	0.0000	0.0000	0.0000	0.0000	0.0000	0.0000	0.0000	0.0000	0.0000	0.0791	0.0000	0.1996	0.0000	0.0000	0.0000	0.0995	0.0000	0.2311						
23	31	0.1403	7	0	1	0	1	0	0	0	0	N	N	N	N	N	N	N	N	N	N	N	N	0.0000	0.0000	0.0000	0.0000	0.0000	0.0000	0.0000	0.0000	0.0000	0.0000	0.0000	0.0000	0.0000	0.0000	0.0000	0.0000	0.0000	0.0000	0.0025	0.0000	0.0066	0.0001	0.0000	0.0002	0.0031	0.0000	0.0073	280.6306	0.0000	0.0000	1.9996	0.9783	0.0142	3.0423	0.0000	0.0000	0.0000	0.0000	0.0000	0.0000	0.0000	0.0000	0.0000	0.0000	0.0000	0.0000	0.0000	0.0000	0.0000	0.0000	0.0000	0.0000	0.0281	0.0239	0.0041	0.0025	0.0024	0.0001	0.0256	0.0216	0.0040	0.0201	0.0126	0.0075	0.0042	0.0035	0.0007	0.0159	0.0091	0.0067	0.0000	0.0000	0.0000	0.0000	0.0000	0.0000	0.0000	0.0000	0.0000	0.0025	0.0000	0.0066	0.0001	0.0000	0.0002	0.0031	0.0000	0.0073	
23	32	0.0664	4	0	2	0	0	0	0	0	0	N	Y	N	N	N	N	N	N	N	N	N	N	13.3146	0.0000	inf	13.0963	0.0000	inf	0.0044	0.0000	0.0301	0.0000	0.0000	0.0000	0.0046	0.0000	0.0306	0.0003	0.0005	0.0000	0.0000	0.0000	0.0000	0.0004	0.0006	0.0000	inf	0.0000	0.0004	-0.0000	1.9996	6.9988	0.0142	9.0016	0.0008	0.0000	0.0008	0.0000	0.0000	0.0000	0.0008	0.0000	0.0008	0.0000	0.0000	0.0000	0.0000	0.0000	0.0000	0.0000	0.0000	0.0000	0.1834	0.1569	0.0266	0.0097	0.0092	0.0005	0.1737	0.1476	0.0261	0.0611	0.0366	0.0245	0.0042	0.0033	0.0009	0.0569	0.0333	0.0236	13.3146	0.0000	inf	0.0000	0.0000	0.0000	13.0963	0.0000	inf	0.0003	0.0005	0.0000	0.0000	0.0000	0.0000	0.0004	0.0006	0.0000			
23	33	0.1673	9	1	2	0	0	0	0	0	0	N	Y	N	N	N	N	N	N	N	N	N	N	0.0000	0.0000	0.0000	0.0000	0.0000	0.0000	0.0000	0.0000	0.0000	0.0000	0.0000	0.0000	0.0000	0.0000	0.0000	0.0000	0.0000	0.0000	0.0000	0.0000	1.9996	0.0000	0.0142	0.0000	0.0000	0.0000	0.0000	0.0000	0.0000	0.0000	0.0000	0.0000	0.0000	0.0000	0.0000	0.0000	0.0000	0.0000	0.0000	0.0000	0.0000	0.0000	0.0000	0.0000	0.0000	0.0000	0.0000	0.0000	0.0000	0.0000	0.0000	0.0000	0.0000	0.0000	0.0000	0.0000	0.0000	0.0000	0.0000	0.0000	0.0000	0.0000	0.0000	0.0000	0.0000	0.0000	0.0000	0.0000	0.0000	0.0000	0.0000	0.0000	0.0000	0.0000	0.0000	0.0000	0.0000	0.0000											
23	34	0.1229	6	0	2	0	1	0	0	0	0	N	Y	N	N	N	N	N	N	N	N	N	N	0.0000	0.0000	0.0000	0.0000	0.0000	0.0000	0.0000	0.0000	0.0000	0.0000	0.0000	0.0000	0.0000	0.0000	0.0000	0.0000	0.0000	0.0000	0.0000	0.0000	1.9996	5.0000	0.0142	6.9850	0.0000	0.0000	0.0000	0.0000	0.0000	0.0000	0.0000	0.0000	0.0000	0.0000	0.0000	0.0000	0.0000	0.0000	0.0000	0.0000	0.0000	0.0000	0.1307	0.1117	0.0190	0.0084	0.0079	0.0005	0.1224	0.1038	0.0186	0.0475	0.0278	0.0196	0.0018	0.0016	0.0002	0.0457	0.0263	0.0194	0.0000	0.0000	0.0000	0.0000	0.0000	0.0000	0.0000	0.0000	0.0000	0.0000	0.0000	0.0000	0.0000	0.0000	0.0000	0.0000	0.0000	0.0000											
23	35	0.0664	4	1	2	0	0	0	0	0	0	N	Y	N	N	N	N	N	N	N	N	N	N	inf	inf	inf	inf	0.0145	0.0000	0.0987	0.0000	0.0000	0.0000	0.0154	0.0000	0.1006	0.0000	0.0000	0.0000	0.0000	0.0000	0.0000	0.0000	0.0000	0.0000	inf	0.0004	0.0000	1.9996	1.9985	0.0142	17.9985	0.0008	0.0000	0.0008	0.0000	0.0000	0.0000	0.0008	0.0000	0.0008	0.0000	0.0000	0.0000	0.0000	0.0000	0.0000	0.0000	0.0000	0.0000	0.0550	0.0469	0.0081	0.0030	0.0028	0.0001	0.0520	0.0441	0.0079	0.0742	0.0445	0.0298	0.0051	0.0040	0.0011	0.0691	0.0404	0.0287	inf	0.0000	inf	0.0000	0.0000	0.0000	inf	0.0000	inf	0.0000	0.0000	0.0000	0.0000	0.0000	0.0000	0.0000	0.0000	0.0000						
23	36	0.1896	7	0	1	1	0	0	0	0	0	N	N	N	N	N	N	N	N	N	N	N	N	0.0000	0.0000	0.0000	0.0000	0.0000	0.0000	0.0000	0.0000	0.0000	0.0000	0.0000	0.0000	0.0000	0.0000	0.0000	0.0000	0.0000	0.0000	0.0000	0.0000	0.0000	0.0000	0.0000	0.0000	0.0345	0.0000	-0.0000	1.9996	0.0001	0.0142	0.9943	0.0000	0.0000	0.0000	0.0000	0.0000	0.0000	0.0000	0.0000	0.0000	0.0000	0.0000	0.0000	0.0000	0.0000	0.0000	0.0000	0.0000	0.0000	0.0000	0.0000	0.0000	0.0000	0.0000	0.0000	0.0000	0.0000	0.0000	0.0052	0.0033	0.0018	0.0010	0.0008	0.0001	0.0042	0.0025	0.0017	0.0000	0.0000	0.0000	0.0000	0.0000	0.0000	0.0000	0.0000	0.0000	0.0000	0.0000	0.0000	0.0000	0.0000	0.0000	0.0000	0.0000	0.0000				
23	37	0.1659	7	0	2	0	0	0	0	0	0	N	Y	N	N	N	N	N	N	N	N	N	N	0.0000	0.0000	0.0000	0.0000	0.0000	0.0000	0.0000	0.0000	0.0000	0.0000	0.0000	0.0000	0.0000	0.0000	0.0000	0.0000	0.0000	0.0000	0.0000	0.0000	1.9996	2.0000	0.0142	2.0000	0.0000	0.0000	0.0000	0.0000	0.0000	0.0000	0.0000	0.0000	0.0000	0.0000	0.0000	0.0000	0.0000	0.0000	0.0000	0.0000	0.0000	0.0000	0.0540	0.0461	0.0079	0.0045	0.0043	0.0003	0.0495	0.0419	0.0076	0.0169	0.0102	0.0067	0.0025	0.0020	0.0005	0.0144	0.0082	0.0061	0.0000	0.0000	0.0000	0.0000	0.0000	0.0000	0.0000	0.0000	0.0000	0.0000	0.0000	0.0000	0.0000	0.0000	0.0000	0.0000	0.0000	0.0000											
23	38	0.1250	6	1	1	1	0	0	0	0	0	N	N	N	N	N	N	N	N	N	N	N	N	23.8543	inf	0.0000	inf	inf	0.0000	0.0000	0.0150	0.0176	0.0000	0.5006	0.5367	0.0000	0.0000	0.0000	0.0000	0.0006	0.0000	0.0013	0.0000	0.0000	0.0000	0.0007	0.0000	0.0014	0.0000	inf	-0.0004	0.0000	1.9996	2.0000	0.0142	5.0000	0.0008	0.0008	0.0000	0.0008	0.0008	0.0000	0.0000	0.0000	0.0000	0.0000	0.0000	0.0000	0.0000	0.0000	0.0000	0.0000	0.0000	0.0000	0.0534	0.0455	0.0080	0.0016	0.0015	0.0001	0.0518	0.0440	0.0078	0.0319	0.0169	0.0150	0.0028	0.0023	0.0005	0.0290	0.0146	0.0145	23.8543	inf	0.0000	inf	inf	0.0000	0.0000	0.0000	0.0000	0.0006	0.0000	0.0013	0.0000	0.0000	0.0000	0.0007	0.0000	0.0014		
23	39	0.1403	7	0	2	0	0	0	0	0	0	N	Y	N	N	N	N	N	N	N	N	N	N	0.0000	0.0000	0.0000	0.0000	0.0000	0.0000	0.0000	0.0000	0.0000	0.0000	0.0000	0.0000	0.0000	0.0000	0.0000	0.0000	0.0000	0.8294	1.5589	0.0000	37.5458	47.3271	0.0000	0.0000	0.0000	0.0000	0.0000	0.0000	-0.0068	1.9996	0.0217	0.0142	6.0735	0.0000	0.0000	0.0000	0.0000	0.0000	0.0000	0.0000	0.0000	0.0000	0.0126	0.0126	0.0000	0.0126	0.0126	0.0000	0.0000	0.0000	0.0000	0.0021	0.0018	0.0003	0.0008	0.0008	0.0000	0.0013	0.0010	0.0003	0.0283	0.0175	0.0109	0.0054	0.0043	0.0011	0.0230	0.0132	0.0098	0.0000	0.0000	0.0000	0.0000	0.0000	0.0000	0.0000	0.0000	0.0000	0.4449	0.7211	0.0000	2.3491	2.9238	0.0000	0.0000	0.0000	0.0000		
23	40	0.1229	6	0	1	0	0	0	0	0	0	N	N	N	N	N	N	N	N	N	N	N	N	0.0000	0.0000	0.0000	0.0000	0.0000	0.0000	0.0000	0.0000	0.0000	0.0000	0.0000	0.0000	0.0000	0.0034	0.0057	0.0000	0.0713	0.0832	0.0000	0.0000	0.0000	0.0000	0.0000	0.0000	-0.0000	1.9996	0.0217	0.0142	4.0395	0.0000	0.0000	0.0000	0.0000	0.0000	0.0000	0.0000	0.0000	0.0000	0.0001	0.0001	0.0000	0.0001	0.0001	0.0000	0.0000	0.0000	0.0000	0.0006	0.0005	0.0001	0.0000	0.0000	0.0000	0.0006	0.0005	0.0001	0.0174	0.0103	0.0071	0.0008	0.0007	0.0001	0.0166	0.0096	0.0071	0.0000	0.0000	0.0000	0.0000	0.0000	0.0000	0.0000	0.0000	0.0000	0.0034	0.0057	0.0000	0.0713	0.0791	0.0000	0.0000	0.0000	0.0000						
23	41	0.1229	6	0	2	0	1	0	0	0	0	N	Y	N	N	N	N	N	N	N	N	N	N	0.0000	0.0000	0.0000	0.0000	0.0000	0.0000	0.0000	0.0000	0.0000	0.0000	0.0000	0.0000	0.0000	0.0003	0.0006	0.0000	0.0083	0.0094	0.0000	0.0000	0.0000	0.0000	0.0000	0.0000	-0.0000	1.9996	0.0000	0.0142	7.0150	0.0000	0.0000	0.0000	0.0000	0.0000	0.0000	0.0000	0.0000	0.0000	0.0000	0.0000	0.0000	0.0000	0.0000	0.0000	0.0000	0.0000	0.0000	0.0000	0.0000	0.0000	0.0000	0.0000	0.0000	0.0000	0.0000	0.0000	0.0291	0.0171	0.0120	0.0012	0.0011	0.0001	0.0279	0.0160	0.0118	0.0000	0.0000	0.0000	0.0000	0.0000	0.0000	0.0000	0.0000	0.0000	0.0003	0.0006	0.0000	0.0083	0.0094	0.0000	0.0000	0.0000	0.0000						
23	42	0.1250	6	1	1	1	0	0	0	0	0	N	N	N	N	N	N	N	N	N	N	N	N	0.0000	0.0000	0.0000	0.0000	0.0000	0.0000	0.0000	0.0000	0.0000	0.0000	0.0000	0.0000	0.0000	0.0000	0.0000	0.0000	0.0000	0.0000	0.0000	0.0000	1.9996	0.0000	0.0142	0.0000	0.0000	0.0000	0.0000	0.0000	0.0000	0.0000	0.0000	0.0000	0.0000	0.0000	0.0000	0.0000	0.0000	0.0000	0.0000	0.0000	0.0000	0.0000	0.0000	0.0000	0.0000	0.0000	0.0000	0.0000	0.0000	0.0000	0.0000	0.0000	0.0000	0.0000	0.0000	0.0000	0.0000	0.0000	0.0000	0.0000	0.0000	0.0000	0.0000	0.0000	0.0000	0.0000	0.0000	0.0000	0.0000	0.0000	0.0000	0.0000	0.0000	0.0000	0.0000	0.0000	0.0000	0.0000											
23	43	0.1082	5	1	1	1	0	0	0	0	0	N	N	N	N	N	N	N	N	N	N	N	N	0.0000	0.0000	0.0000	0.0000	0.0000	0.0000	0.0000	0.0000	0.0000	0.0000	0.0000	0.0000	0.0000	0.0000	0.0000	0.0000	0.0000	0.0000	0.0000	0.0000	1.9996	1.0000	0.0142	3.0000	0.0000	0.0000	0.0000	0.0000	0.0000	0.0000	0.0000	0.0000	0.0000	0.0000	0.0000	0.0000	0.0000	0.0000	0.0000	0.0000	0.0000	0.0000	0.0270	0.0229	0.0040	0.0007	0.0006	0.0000	0.0263	0.0223	0.0040	0.0187	0.0097	0.0090	0.0014	0.0011	0.0003	0.0173	0.0086	0.0087	0.0000	0.0000	0.0000	0.0000	0.0000	0.0000	0.0000	0.0000	0.0000	0.0000	0.0000	0.0000	0.0000	0.0000	0.0000	0.0000	0.0000	0.0000											
23	44	0.1082	5	1	1	1	0	0	0	0	0	N	N	N	N	N	N	N	N	N	N	N	N	inf	inf	inf	inf	0.0296	0.0349	0.0000	1.1650	1.2533	0.0000	0.0000	0.0000	0.0000	0.0000	0.0000	0.0000	0.0000	0.0000	0.0000	0.0000	0.0000	0.0000	0.0000	-0.0004	0.0000	1.9996	1.0000	0.0142	3.0000	0.0008	0.0008	0.0000	0.0008	0.0008	0.0000	0.0000	0.0000	0.0000	0.0000	0.0000	0.0000	0.0000	0.0000	0.0000	0.0000	0.0000	0.0000	0.0270	0.0229	0.0040	0.0007	0.0006	0.0000	0.0263	0.0223	0.0040	0.0187	0.0097	0.0090	0.0014	0.0011	0.0003	0.0173	0.0086	0.0087	inf	inf	0.0000	inf	inf	0.0000	0.0000	0.0000	0.0000	0.0000	0.0000	0.0000	0.0000	0.0000	0.0000	0.0000	0.0000	0.0000						
23	45	0.1659	7	0	1	1	0	0	0	0	0	N	N	N	N	N	N	N	N	N	N	N	N	0.0000	0.0000	0.0000	0.0000	0.0000	0.0000	0.0000	0.0000	0.0000	0.0000	0.0000	0.0000	0.0000	0.0000	0.0000	0.0000	0.0000	0.0000	0.0000	0.0000	1.9996	0.0000	0.0142	0.0000	0.0000	0.0000	0.0000	0.0000	0.0000	0.0000	0.0000	0.0000	0.0000	0.0000	0.0000	0.0000	0.0000	0.0000	0.0000	0.0000	0.0000	0.0000	0.0000	0.0000	0.0000	0.0000	0.0000	0.0000	0.0000	0.0000	0.0000	0.0000	0.0000	0.0000	0.0000	0.0000	0.0000	0.0000	0.0000	0.0000	0.0000	0.0000	0.0000	0.0000	0.0000	0.0000	0.0000	0.0000	0.0000	0.0000	0.0000	0.0000	0.0000	0.0000	0.0000	0.0000	0.0000	0.0000											
23	46	0.1229	6	0	1	0	0	0	0	0	0	N	N	N	N	N	N	N	N	N	N	N	N	inf	inf	inf	inf	9.4587	0.0000	64.8057	0.0000	0.0000	0.0000	10.1077	0.0000	66.4042	0.0000	0.0000	0.0000	0.0000	0.0000	0.0000	0.0000	0.0000	0.0000	inf	0.5375	0.0000	1.9996	4.0000	0.0142	5.9850	0.9986	0.0000	0.9986	0.0000	0.0000	0.0000	0.9986	0.0000	0.9986	0.0000	0.0000	0.0000	0.0000	0.0000	0.0000	0.0000	0.0000	0.0000	0.1056	0.0902	0.0154	0.0068	0.0064	0.0004	0.0988	0.0838	0.0150	0.0402	0.0236	0.0166	0.0016	0.0014	0.0002	0.0387	0.0222	0.0164	inf	0.0000	inf	0.0000	0.0000	0.0000	inf	0.0000	inf	0.0000	0.0000	0.0000	0.0000	0.0000	0.0000	0.0000	0.0000	0.0000						
23	47	0.1939	8	0	2	0	0	0	0	0	0	N	Y	N	N	N	N	N	N	N	N	N	N	0.0000	0.0000	0.0000	0.0000	0.0000	0.0000	0.0000	0.0000	0.0000	0.0000	0.0000	0.0000	0.0000	0.0000	0.0000	0.0000	0.0000	0.0000	0.0000	0.0000	1.9996	0.0000	0.0142	0.0000	0.0000	0.0000	0.0000	0.0000	0.0000	0.0000	0.0000	0.0000	0.0000	0.0000	0.0000	0.0000	0.0000	0.0000	0.0000	0.0000	0.0000	0.0000	0.0000	0.0000	0.0000	0.0000	0.0000	0.0000	0.0000	0.0000	0.0000	0.0000	0.0000	0.0000	0.0000	0.0000	0.0000	0.0000	0.0000	0.0000	0.0000	0.0000	0.0000	0.0000	0.0000	0.0000	0.0000	0.0000	0.0000	0.0000	0.0000	0.0000	0.0000	0.0000	0.0000	0.0000	0.0000	0.0000											
23	48	0.1408	7	1	2	1	0	0	0	0	0	N	Y	N	N	N	N	N	N	N	N	N	N	1026.5170	739.2344	424.3687	352.3991	0.0068	0.0078	0.0000	0.0170	0.0170	0.0000	0.0000	0.0000	0.0000	0.0000	0.0000	0.0000	0.0000	0.0000	0.0000	0.0000	0.0000	0.0000	0.0000	0.0018	-0.0000	-0.0000	1.9996	0.0000	0.0142	2.0152	0.0000	0.0000	0.0000	0.0000	0.0000	0.0000	0.0000	0.0000	0.0000	0.0000	0.0000	0.0000	0.0000	0.0000	0.0000	0.0000	0.0000	0.0000	0.0000	0.0000	0.0000	0.0000	0.0000	0.0000	0.0000	0.0000	0.0000	0.0086	0.0054	0.0032	0.0014	0.0012	0.0002	0.0072	0.0042	0.0030	1026.5170	739.2344	0.0000	424.3687	352.3991	0.0000	0.0000	0.0000	0.0000	0.0000	0.0000	0.0000	0.0000	0.0000	0.0000	0.0000	0.0000	0.0000					
23	49	0.1365	6	1	1	1	0	0	0	0	0	N	N	N	N	N	N	N	N	N	N	N	N	547.1401	inf	51.5516	inf	inf	26.4817	51.3009	0.0070	0.0077	0.0018	0.0159	0.0163	0.0000	0.0004	0.0000	0.0019	0.0000	0.0000	0.0000	0.0000	0.0000	0.0000	0.0000	0.0000	0.0000	0.0345	inf	-0.0000	0.0000	1.9996	0.0003	0.0142	1.0311	0.0000	0.0000	0.0000	0.0000	0.0000	0.0000	0.0000	0.0000	0.0000	0.0000	0.0000	0.0000	0.0000	0.0000	0.0000	0.0000	0.0000	0.0000	0.0000	0.0000	0.0000	0.0000	0.0000	0.0000	0.0000	0.0000	0.0000	0.0045	0.0028	0.0016	0.0007	0.0006	0.0001	0.0038	0.0022	0.0015	547.1401	inf	51.5516	inf	inf	0.0000	26.4817	0.0000	51.3009	0.0000	0.0000	0.0000	0.0000	0.0000	0.0000	0.0000	0.0000	0.0000		
23	50	0.1365	6	1	2	1	0	0	0	0	0	N	Y	N	N	N	N	N	N	N	N	N	N	inf	inf	inf	inf	0.0068	0.0078	0.0000	0.0159	0.0163	0.0000	0.0000	0.0000	0.0000	0.0000	0.0000	0.0000	0.0000	0.0000	0.0000	0.0000	0.0000	0.0000	0.0000	-0.0000	0.0000	1.9996	0.0003	0.0142	1.0126	0.0000	0.0000	0.0000	0.0000	0.0000	0.0000	0.0000	0.0000	0.0000	0.0000	0.0000	0.0000	0.0000	0.0000	0.0000	0.0000	0.0000	0.0000	0.0000	0.0000	0.0000	0.0000	0.0000	0.0000	0.0000	0.0000	0.0000	0.0044	0.0028	0.0016	0.0007	0.0006	0.0001	0.0037	0.0022	0.0015	inf	inf	0.0000	inf	inf	0.0000	0.0000	0.0000	0.0000	0.0000	0.0000	0.0000	0.0000	0.0000	0.0000	0.0000	0.0000	0.0000						
23	51	0.1657	5	1	2	0	0	0	0	0	0	N	Y	N	N	N	N	N	N	N	N	N	N	0.0000	0.0000	0.0000	0.0000	0.0000	0.0000	0.0000	0.0000	0.0000	0.0000	0.0000	0.0000	0.0000	0.0000	0.0000	0.0000	0.0000	0.0000	0.0000	0.0000	1.9996	0.0000	0.0142	1.0000	0.0000	0.0000	0.0000	0.0000	0.0000	0.0000	0.0000	0.0000	0.0000	0.0000	0.0000	0.0000	0.0000	0.0000	0.0000	0.0000	0.0000	0.0000	0.0000	0.0000	0.0000	0.0000	0.0000	0.0000	0.0000	0.0000	0.0000	0.0043	0.0027	0.0016	0.0009	0.0008	0.0002	0.0034	0.0019	0.0014	0.0000	0.0000	0.0000	0.0000	0.0000	0.0000	0.0000	0.0000	0.0000	0.0000	0.0000	0.0000	0.0000	0.0000	0.0000	0.0000	0.0000	0.0000											
23	52	0.1619	8	0	2	0	1	0	0	0	0	N	Y	N	N	N	N	N	N	N	N	N	N	0.0000	0.0000	0.0000	0.0000	0.0000	0.0000	0.0000	0.0000	0.0000	0.0000	0.0000	0.0000	0.0000	0.0000	0.0000	0.0000	0.0000	0.0000	0.0000	0.0000	0.0000	0.0000	inf	0.0000	0.0000	1.9996	0.9995	0.0142	1.0399	0.0000	0.0000	0.0000	0.0000	0.0000	0.0000	0.0000	0.0000	0.0000	0.0000	0.0000	0.0000	0.0000	0.0000	0.0000	0.0000	0.0000	0.0000	0.0272	0.0232	0.0040	0.0022	0.0021	0.0001	0.0250	0.0211	0.0039	0.0117	0.0080	0.0037	0.0023	0.0021	0.0001	0.0095	0.0059	0.0036	0.0000	0.0000	0.0000	0.0000	0.0000	0.0000	0.0000	0.0000	0.0000	0.0000	0.0000	0.0000	0.0000	0.0000	0.0000	0.0000	0.0000	0.0000						
23	53	0.1619	8	0	1	0	1	0	0	0	0	N	N	N	N	N	N	N	N	N	N	N	N	0.0000	0.0000	0.0000	0.0000	0.0000	0.0000	0.0000	0.0000	0.0000	0.0000	0.0000	0.0000	0.0000	0.0000	0.0000	0.0000	0.0000	0.0000	0.0000	0.0000	1.9996	3.0005	0.0142	1.0125	0.0000	0.0000	0.0000	0.0000	0.0000	0.0000	0.0000	0.0000	0.0000	0.0000	0.0000	0.0000	0.0000	0.0000	0.0000	0.0000	0.0000	0.0000	0.0800	0.0684	0.0117	0.0064	0.0060	0.0004	0.0736	0.0623	0.0113	0.0197	0.0128	0.0069	0.0028	0.0026	0.0002	0.0169	0.0101	0.0067	0.0000	0.0000	0.0000	0.0000	0.0000	0.0000	0.0000	0.0000	0.0000	0.0000	0.0000	0.0000	0.0000	0.0000	0.0000	0.0000	0.0000	0.0000											
23	54	0.1536	7	0	1	0	1	0	0	0	0	N	N	N	N	N	N	N	N	N	N	N	N	0.0000	0.0000	0.0000	0.0000	0.0000	0.0000	0.0000	0.0000	0.0000	0.0000	0.0000	0.0000	0.0000	0.0000	0.0000	0.0000	0.0000	0.0000	0.0000	0.0000	0.0000	0.0000	0.0000	0.0000	-0.0000	1.9996	0.0013	0.0142	1.9704	0.0000	0.0000	0.0000	0.0000	0.0000	0.0000	0.0000	0.0000	0.0000	0.0000	0.0000	0.0000	0.0000	0.0000	0.0000	0.0000	0.0000	0.0000	0.0000	0.0000	0.0000	0.0000	0.0000	0.0000	0.0000	0.0000	0.0000	0.0082	0.0048	0.0034	0.0003	0.0003	0.0000	0.0079	0.0046	0.0033	0.0000	0.0000	0.0000	0.0000	0.0000	0.0000	0.0000	0.0000	0.0000	0.0000	0.0000	0.0000	0.0000	0.0000	0.0000	0.0000	0.0000	0.0000						
23	55	0.1229	6	0	1	0	1	0	0	0	0	N	N	N	N	N	N	N	N	N	N	N	N	inf	inf	inf	inf	12.4936	0.0000	85.3199	0.0000	0.0000	0.0000	13.3519	0.0000	87.4213	0.0000	0.0000	0.0000	0.0000	0.0000	0.0000	0.0000	0.0000	0.0000	inf	0.5375	0.0000	1.9996	3.0000	0.0142	4.0155	0.9986	0.0000	0.9986	0.0000	0.0000	0.0000	0.9986	0.0000	0.9986	0.0000	0.0000	0.0000	0.0000	0.0000	0.0000	0.0000	0.0000	0.0000	0.0799	0.0682	0.0117	0.0051	0.0049	0.0003	0.0748	0.0634	0.0114	0.0291	0.0171	0.0120	0.0012	0.0011	0.0001	0.0279	0.0160	0.0118	inf	0.0000	inf	0.0000	0.0000	0.0000	inf	0.0000	inf	0.0000	0.0000	0.0000	0.0000	0.0000	0.0000	0.0000	0.0000	0.0000						
23	56	0.1271	7	0	2	1	0	0	0	0	0	N	Y	N	N	N	N	N	N	N	N	N	N	0.0445	0.1209	0.0371	0.1166	0.0000	0.0000	0.0002	0.0000	0.0000	0.0000	0.0000	0.0000	0.0002	0.0007	0.0000	0.0017	0.0000	0.0000	0.0000	0.0009	0.0000	0.0018	inf	inf	0.0000	0.0000	1.9996	2.0013	0.0142	5.6727	0.0000	0.0000	0.0000	0.0000	0.0000	0.0000	0.0000	0.0000	0.0000	0.0000	0.0000	0.0000	0.0000	0.0000	0.0000	0.0000	0.0000	0.0000	0.0537	0.0457	0.0080	0.0015	0.0014	0.0001	0.0523	0.0443	0.0079	0.0432	0.0257	0.0175	0.0082	0.0073	0.0008	0.0350	0.0183	0.0167	0.0445	0.0000	0.1209	0.0000	0.0000	0.0000	0.0371	0.0000	0.1166	0.0007	0.0000	0.0017	0.0000	0.0000	0.0000	0.0009	0.0000	0.0018					
23	57	0.1234	6	0	2	0	0	0	0	0	0	N	Y	N	N	N	N	N	N	N	N	N	N	1471.6645	5658.9798	158.4275	15165.4877	14808.1256	54.3618	154.2645	0.0140	0.0154	0.0042	0.0900	0.0907	0.0000	0.0006	0.0000	0.0042	0.0000	0.0000	0.0000	0.0000	0.0000	0.0000	0.0000	0.0000	0.0000	0.0386	3.9051	-0.0000	0.0000	1.9996	0.0033	0.0142	1.3874	0.0000	0.0000	0.0000	0.0000	0.0000	0.0000	0.0000	0.0000	0.0000	0.0000	0.0000	0.0000	0.0000	0.0000	0.0000	0.0000	0.0000	0.0000	0.0001	0.0001	0.0000	0.0000	0.0000	0.0000	0.0001	0.0001	0.0000	0.0152	0.0108	0.0044	0.0049	0.0048	0.0002	0.0102	0.0060	0.0042	1471.6645	5658.9798	158.4275	15165.4877	14808.1256	0.0000	54.3618	0.0000	154.2645	0.0000	0.0000	0.0000	0.0000	0.0000	0.0000	0.0000	0.0000	0.0000		
23	58	0.1082	5	1	1	1	0	0	0	0	0	N	N	N	N	N	N	N	N	N	N	N	N	0.0000	0.0000	0.0000	0.0000	0.0000	0.0000	0.0000	0.0000	0.0000	0.0000	0.0000	0.0000	0.0000	0.0000	0.0000	0.0000	0.0000	0.0000	0.0000	0.0000	1.9996	0.0000	0.0142	2.0000	0.0000	0.0000	0.0000	0.0000	0.0000	0.0000	0.0000	0.0000	0.0000	0.0000	0.0000	0.0000	0.0000	0.0000	0.0000	0.0000	0.0000	0.0000	0.0000	0.0000	0.0000	0.0000	0.0000	0.0000	0.0000	0.0000	0.0000	0.0095	0.0049	0.0046	0.0007	0.0006	0.0001	0.0088	0.0044	0.0044	0.0000	0.0000	0.0000	0.0000	0.0000	0.0000	0.0000	0.0000	0.0000	0.0000	0.0000	0.0000	0.0000	0.0000	0.0000	0.0000	0.0000	0.0000											
23	59	0.1234	6	0	2	0	0	0	0	0	0	N	Y	N	N	N	N	N	N	N	N	N	N	2.4784	0.0000	18.9423	0.0000	0.0000	5.9118	18.3046	0.0000	0.0000	0.0000	0.0000	0.0000	0.0000	0.0000	0.0000	0.0000	0.0000	0.0000	0.0000	0.0000	0.0000	0.0000	0.0000	0.0000	0.0000	inf	0.5238	0.0000	-0.0000	1.9996	1.9997	0.0142	3.4660	0.0000	0.0000	0.0000	0.0000	0.0000	0.0000	0.0000	0.0000	0.0000	0.0000	0.0000	0.0000	0.0000	0.0000	0.0000	0.0000	0.0000	0.0000	0.0535	0.0455	0.0080	0.0014	0.0013	0.0001	0.0521	0.0442	0.0079	0.0331	0.0202	0.0130	0.0067	0.0061	0.0006	0.0265	0.0141	0.0124	2.4784	0.0000	18.9423	0.0000	0.0000	0.0000	5.9118	0.0000	18.3046	0.0000	0.0000	0.0000	0.0000	0.0000	0.0000	0.0000	0.0000	0.0000		
23	60	0.1082	5	0	2	0	0	0	0	0	0	N	Y	N	N	N	N	N	N	N	N	N	N	4961.1795	8833.9330	0.0000	42414.8808	36099.1396	0.0000	0.0000	0.0047	0.0055	0.0000	0.1856	0.1997	0.0000	0.0000	0.0000	0.0000	0.0000	0.0000	0.0000	0.0000	0.0000	0.0000	0.0000	0.0000	0.0000	0.0000	1.9091	-0.0000	0.0000	1.9996	0.0005	0.0142	3.6054	0.0000	0.0000	0.0000	0.0000	0.0000	0.0000	0.0000	0.0000	0.0000	0.0000	0.0000	0.0000	0.0000	0.0000	0.0000	0.0000	0.0000	0.0000	0.0000	0.0000	0.0000	0.0000	0.0000	0.0000	0.0000	0.0000	0.0000	0.0169	0.0088	0.0081	0.0013	0.0010	0.0003	0.0156	0.0078	0.0078	4961.1795	8833.9330	0.0000	42414.8808	36099.1396	0.0000	0.0000	0.0000	0.0000	0.0000	0.0000	0.0000	0.0000	0.0000	0.0000	0.0000	0.0000	0.0000		
23	61	0.1939	8	0	1	1	0	0	0	0	0	N	N	N	N	N	N	N	N	N	N	N	N	0.0000	0.0000	0.0000	0.0000	0.0000	0.0000	0.0000	0.0000	0.0000	0.0000	0.0000	0.0000	0.0000	0.0000	0.0000	0.0000	0.0000	0.0000	0.0000	0.0000	1.9996	0.0000	0.0142	1.0000	0.0000	0.0000	0.0000	0.0000	0.0000	0.0000	0.0000	0.0000	0.0000	0.0000	0.0000	0.0000	0.0000	0.0000	0.0000	0.0000	0.0000	0.0000	0.0000	0.0000	0.0000	0.0000	0.0000	0.0000	0.0000	0.0000	0.0000	0.0040	0.0024	0.0017	0.0004	0.0003	0.0001	0.0036	0.0021	0.0015	0.0000	0.0000	0.0000	0.0000	0.0000	0.0000	0.0000	0.0000	0.0000	0.0000	0.0000	0.0000	0.0000	0.0000	0.0000	0.0000	0.0000	0.0000											
23	62	0.1896	7	0	1	0	0	0	0	0	0	N	N	N	N	N	N	N	N	N	N	N	N	0.0000	0.0000	0.0000	0.0000	0.0000	0.0000	0.0000	0.0000	0.0000	0.0000	0.0000	0.0000	0.0000	0.0000	0.0000	0.0000	0.0000	0.0000	0.0000	0.0000	0.0000	0.0000	0.0000	0.0000	0.0345	0.0000	-0.0000	1.9996	0.0001	0.0142	1.0076	0.0000	0.0000	0.0000	0.0000	0.0000	0.0000	0.0000	0.0000	0.0000	0.0000	0.0000	0.0000	0.0000	0.0000	0.0000	0.0000	0.0000	0.0000	0.0000	0.0000	0.0000	0.0000	0.0000	0.0000	0.0000	0.0000	0.0000	0.0052	0.0033	0.0019	0.0010	0.0008	0.0001	0.0042	0.0025	0.0017	0.0000	0.0000	0.0000	0.0000	0.0000	0.0000	0.0000	0.0000	0.0000	0.0000	0.0000	0.0000	0.0000	0.0000	0.0000	0.0000	0.0000	0.0000				
23	63	0.1229	6	0	1	0	0	0	0	0	0	N	N	N	N	N	N	N	N	N	N	N	N	2.3706	1.6206	0.0000	0.0000	inf	inf	0.0004	0.0005	0.0000	0.0000	0.0000	0.0000	0.0004	0.0005	0.0000	0.0002	0.0003	0.0000	0.0046	0.0053	0.0000	0.0000	0.0000	0.0000	0.0000	0.0000	-0.0001	-0.0000	1.9996	11.9999	0.0142	3.0574	0.0001	0.0001	0.0000	0.0000	0.0000	0.0000	0.0001	0.0001	0.0000	0.0000	0.0000	0.0000	0.0000	0.0000	0.0000	0.0000	0.0000	0.0000	0.2945	0.2526	0.0419	0.0187	0.0177	0.0010	0.2757	0.2349	0.0409	0.0582	0.0341	0.0241	0.0022	0.0019	0.0003	0.0560	0.0322	0.0238	2.3706	1.6206	0.0000	0.0000	0.0000	0.0000	inf	inf	0.0000	0.0002	0.0003	0.0000	0.0046	0.0053	0.0000	0.0000	0.0000	0.0000			
23	64	0.1082	5	1	2	0	0	0	0	0	0	N	Y	N	N	N	N	N	N	N	N	N	N	0.0000	0.0000	0.0000	0.0000	0.0000	0.0000	0.0000	0.0000	0.0000	0.0000	0.0000	0.0000	0.0000	0.0000	0.0000	0.0000	0.0000	0.0000	0.0000	0.0000	1.9996	4.0000	0.0142	3.0000	0.0000	0.0000	0.0000	0.0000	0.0000	0.0000	0.0000	0.0000	0.0000	0.0000	0.0000	0.0000	0.0000	0.0000	0.0000	0.0000	0.0000	0.0000	0.1050	0.0894	0.0156	0.0027	0.0025	0.0002	0.1023	0.0869	0.0154	0.0317	0.0166	0.0151	0.0024	0.0019	0.0005	0.0293	0.0147	0.0146	0.0000	0.0000	0.0000	0.0000	0.0000	0.0000	0.0000	0.0000	0.0000	0.0000	0.0000	0.0000	0.0000	0.0000	0.0000	0.0000	0.0000	0.0000											
23	65	0.0664	4	0	1	0	0	0	0	0	0	N	N	N	N	N	N	N	N	N	N	N	N	21409.5980	inf	0.0000	inf	inf	21099.0116	inf	0.0000	18.1303	21.2576	0.0000	0.0004	0.0004	0.0000	19.1738	22.6307	0.0000	0.0008	0.0000	0.0021	0.0000	0.0000	0.0000	0.0009	0.0000	0.0022	0.0000	inf	-0.4611	0.0000	1.9996	2.0015	0.0142	10.0016	0.9986	0.9986	0.0000	0.0000	0.0000	0.0000	0.9986	0.9986	0.0000	0.0000	0.0000	0.0000	0.0000	0.0000	0.0000	0.0000	0.0000	0.0000	0.0551	0.0470	0.0081	0.0030	0.0029	0.0001	0.0521	0.0441	0.0080	0.0472	0.0283	0.0189	0.0032	0.0025	0.0007	0.0440	0.0257	0.0183	21409.5980	inf	0.0000	inf	inf	0.0000	21099.0116	inf	0.0000	0.0008	0.0000	0.0021	0.0000	0.0000	0.0000	0.0009	0.0000	0.0022	
23	67	0.1620	4	0	1	0	0	0	0	0	0	N	N	N	N	N	N	N	N	N	N	N	N	1.1184	3.0976	0.0000	5.5088	5.1466	0.0000	0.5419	317.9268	0.0000	0.0014	0.0016	0.0000	0.0056	0.0059	0.0000	0.0008	0.0009	0.0000	0.0013	0.0005	0.0029	0.0010	0.0011	0.0003	0.0014	0.0000	0.0035	0.0000	2.4489	-0.0001	0.0000	1.9996	4.8614	0.0142	14.2102	0.0002	0.0002	0.0000	0.0001	0.0001	0.0000	0.0001	0.0001	0.0000	0.0002	0.0000	0.0001	0.0000	0.0000	0.0000	0.0001	0.0000	0.0001	0.1443	0.1246	0.0197	0.0193	0.0184	0.0009	0.1249	0.1062	0.0188	0.1219	0.0846	0.0374	0.0454	0.0390	0.0065	0.0765	0.0456	0.0309	1.1184	3.0976	0.0000	5.5088	5.1466	0.0000	0.5419	317.9268	0.0000	0.0013	0.0005	0.0029	0.0010	0.0011	0.0003	0.0014	0.0000	0.0035
23	68	0.1421	8	1	2	1	0	0	0	0	0	N	Y	N	N	N	N	N	N	N	N	N	N	0.0000	0.0000	0.0000	0.0000	0.0000	0.0000	0.0000	0.0000	0.0000	0.0000	0.0000	0.0000	0.0000	0.0000	0.0000	0.0000	0.0000	0.0000	0.0000	0.0000	1.9996	0.0000	0.0142	0.0000	0.0000	0.0000	0.0000	0.0000	0.0000	0.0000	0.0000	0.0000	0.0000	0.0000	0.0000	0.0000	0.0000	0.0000	0.0000	0.0000	0.0000	0.0000	0.0000	0.0000	0.0000	0.0000	0.0000	0.0000	0.0000	0.0000	0.0000	0.0000	0.0000	0.0000	0.0000	0.0000	0.0000	0.0000	0.0000	0.0000	0.0000	0.0000	0.0000	0.0000	0.0000	0.0000	0.0000	0.0000	0.0000	0.0000	0.0000	0.0000	0.0000	0.0000	0.0000	0.0000	0.0000	0.0000											
23	69	0.1380	7	1	1	1	0	0	0	0	0	N	N	N	N	N	N	N	N	N	N	N	N	84.9714	320.0489	113.6200	305.2614	0.0048	0.0000	0.0382	0.0000	0.0000	0.0000	0.0076	0.0000	0.0384	0.0001	0.0000	0.0001	0.0000	0.0000	0.0000	0.0001	0.0000	0.0001	inf	inf	0.0000	0.0000	1.9996	0.0016	0.0142	0.9826	0.0000	0.0000	0.0000	0.0000	0.0000	0.0000	0.0000	0.0000	0.0000	0.0000	0.0000	0.0000	0.0000	0.0000	0.0000	0.0000	0.0000	0.0000	0.0002	0.0001	0.0000	0.0001	0.0001	0.0000	0.0001	0.0001	0.0000	0.0051	0.0027	0.0024	0.0007	0.0006	0.0001	0.0044	0.0020	0.0023	84.9714	0.0000	320.0489	0.0000	0.0000	0.0000	113.6200	0.0000	305.2614	0.0001	0.0000	0.0001	0.0000	0.0000	0.0000	0.0001	0.0000	0.0001					
23	70	0.1253	6	1	1	1	0	0	0	0	0	N	N	N	N	N	N	N	N	N	N	N	N	0.9563	1227.2356	0.0404	927.2810	805.1098	0.0128	0.0388	0.0018	0.0020	0.0002	0.0056	0.0056	0.0000	0.0000	0.0000	0.0002	0.0019	0.0000	0.0041	0.0000	0.0000	0.0000	0.0022	0.0000	0.0043	0.0109	2104.0276	-0.0000	0.0000	1.9996	0.0061	0.0142	3.0249	0.0000	0.0000	0.0000	0.0000	0.0000	0.0000	0.0000	0.0000	0.0000	0.0000	0.0000	0.0000	0.0000	0.0000	0.0000	0.0000	0.0000	0.0000	0.0004	0.0004	0.0000	0.0001	0.0001	0.0000	0.0003	0.0002	0.0000	0.0156	0.0085	0.0071	0.0023	0.0020	0.0003	0.0133	0.0066	0.0068	0.9563	1227.2356	0.0404	927.2810	805.1098	0.0000	0.0128	0.0000	0.0388	0.0019	0.0000	0.0041	0.0000	0.0000	0.0000	0.0022	0.0000	0.0043		
23	71	0.1082	5	1	1	1	0	0	0	0	0	N	N	N	N	N	N	N	N	N	N	N	N	1.6725	110.4998	0.0000	531.0079	451.8709	0.0000	0.0000	0.0001	0.0001	0.0000	0.0026	0.0028	0.0000	0.0000	0.0000	0.0000	0.0000	0.0000	0.0001	0.0000	0.0000	0.0000	0.0000	0.0000	0.0001	0.0000	106.8261	-0.0000	0.0000	1.9996	0.0044	0.0142	4.0281	0.0000	0.0000	0.0000	0.0000	0.0000	0.0000	0.0000	0.0000	0.0000	0.0000	0.0000	0.0000	0.0000	0.0000	0.0000	0.0000	0.0000	0.0000	0.0001	0.0001	0.0000	0.0000	0.0000	0.0000	0.0001	0.0001	0.0000	0.0188	0.0098	0.0090	0.0014	0.0011	0.0003	0.0174	0.0087	0.0087	1.6725	110.4998	0.0000	531.0079	451.8709	0.0000	0.0000	0.0000	0.0000	0.0000	0.0000	0.0001	0.0000	0.0000	0.0000	0.0000	0.0000	0.0001		
23	72	0.0664	4	0	2	0	0	0	0	0	0	N	Y	N	N	N	N	N	N	N	N	N	N	inf	inf	inf	inf	0.0050	0.0000	0.0347	0.0000	0.0000	0.0000	0.0053	0.0000	0.0353	0.0000	0.0000	0.0000	0.0000	0.0000	0.0000	0.0000	0.0000	0.0000	inf	0.0004	0.0000	1.9996	5.9987	0.0142	11.0016	0.0008	0.0000	0.0008	0.0000	0.0000	0.0000	0.0008	0.0000	0.0008	0.0000	0.0000	0.0000	0.0000	0.0000	0.0000	0.0000	0.0000	0.0000	0.1587	0.1356	0.0231	0.0084	0.0080	0.0004	0.1503	0.1276	0.0226	0.0645	0.0386	0.0259	0.0044	0.0035	0.0009	0.0601	0.0351	0.0249	inf	0.0000	inf	0.0000	0.0000	0.0000	inf	0.0000	inf	0.0000	0.0000	0.0000	0.0000	0.0000	0.0000	0.0000	0.0000	0.0000						
23	73	0.1082	5	1	1	1	0	0	0	0	0	N	N	N	N	N	N	N	N	N	N	N	N	inf	inf	inf	inf	0.0150	0.0176	0.0000	0.5850	0.6293	0.0000	0.0000	0.0000	0.0000	0.0000	0.0000	0.0000	0.0000	0.0000	0.0000	0.0000	0.0000	0.0000	0.0000	-0.0004	0.0000	1.9996	2.0000	0.0142	5.0000	0.0008	0.0008	0.0000	0.0008	0.0008	0.0000	0.0000	0.0000	0.0000	0.0000	0.0000	0.0000	0.0000	0.0000	0.0000	0.0000	0.0000	0.0000	0.0535	0.0455	0.0080	0.0014	0.0013	0.0001	0.0521	0.0442	0.0079	0.0317	0.0166	0.0151	0.0024	0.0019	0.0005	0.0293	0.0147	0.0146	inf	inf	0.0000	inf	inf	0.0000	0.0000	0.0000	0.0000	0.0000	0.0000	0.0000	0.0000	0.0000	0.0000	0.0000	0.0000	0.0000						
23	74	0.0246	2	0	2	0	0	0	0	0	0	N	Y	N	N	N	N	N	N	N	N	N	N	0.0479	0.0341	0.0000	0.0092	0.0110	0.0000	0.0000	0.0000	0.0004	0.0005	0.0000	0.0063	0.0066	0.0000	0.0000	0.0000	0.0000	0.0086	0.0141	0.0006	0.6880	0.6010	0.0001	0.0002	0.0000	0.0006	0.0000	0.0282	-0.0000	-0.0004	1.9996	6.1274	0.0142	13.6208	0.0001	0.0001	0.0000	0.0001	0.0001	0.0000	0.0000	0.0000	0.0000	0.0007	0.0007	0.0000	0.0007	0.0007	0.0000	0.0000	0.0000	0.0000	0.1670	0.1429	0.0242	0.0108	0.0104	0.0004	0.1562	0.1324	0.0237	0.0820	0.0485	0.0334	0.0035	0.0035	0.0001	0.0784	0.0451	0.0334	0.0479	0.0341	0.0000	0.0328	0.0333	0.0000	0.0000	0.0000	0.0000	0.0086	0.0141	0.0006	0.1934	0.1984	0.0001	0.0002	0.0000	0.0006	
23	75	0.0164	3	0	1	1	0	0	0	0	0	N	N	N	N	N	N	N	N	N	N	N	N	0.0000	0.0000	0.0000	0.0000	0.0000	0.0000	0.0000	0.0000	0.0000	0.0000	0.0000	0.0000	0.0000	0.0000	0.0000	0.0000	0.2185	0.7194	0.0000	251.2981	249.5455	0.0000	0.0000	0.0000	0.0000	0.0000	0.0000	-0.0005	1.9996	0.0000	0.0142	1.0003	0.0000	0.0000	0.0000	0.0000	0.0000	0.0000	0.0000	0.0000	0.0000	0.0010	0.0010	0.0000	0.0010	0.0010	0.0000	0.0000	0.0000	0.0000	0.0000	0.0000	0.0000	0.0000	0.0000	0.0000	0.0000	0.0000	0.0000	0.0055	0.0028	0.0027	0.0001	0.0001	0.0000	0.0054	0.0027	0.0027	0.0000	0.0000	0.0000	0.0000	0.0000	0.0000	0.0000	0.0000	0.0000	0.1781	0.3529	0.0000	9.4443	10.4421	0.0000	0.0000	0.0000	0.0000			
23	76	0.0123	2	0	1	1	0	0	0	0	0	N	N	N	N	N	N	N	N	N	N	N	N	0.0000	0.0000	0.0000	0.0000	0.0000	0.0000	0.0000	0.0000	0.0000	0.0000	0.0000	0.0000	0.0000	0.0000	0.0000	0.0000	0.0017	0.0031	0.0003	0.2661	0.2735	0.0000	0.0001	0.0000	0.0003	0.0928	0.0000	-0.0000	1.9996	0.0000	0.0142	1.0076	0.0000	0.0000	0.0000	0.0000	0.0000	0.0000	0.0000	0.0000	0.0000	0.0000	0.0000	0.0000	0.0000	0.0000	0.0000	0.0000	0.0000	0.0000	0.0000	0.0000	0.0000	0.0000	0.0000	0.0000	0.0000	0.0000	0.0000	0.0055	0.0028	0.0027	0.0001	0.0001	0.0000	0.0054	0.0027	0.0027	0.0000	0.0000	0.0000	0.0000	0.0000	0.0000	0.0000	0.0000	0.0000	0.0017	0.0031	0.0003	0.1387	0.1395	0.0000	0.0001	0.0000	0.0003			
23	80	0.1271	7	0	2	0	0	0	0	0	0	N	Y	N	N	N	N	N	N	N	N	N	N	0.0064	0.0000	0.0192	0.0000	0.0000	0.0000	0.0125	0.0342	0.0000	0.0000	0.0000	0.0000	0.0000	0.0000	0.0000	0.0000	0.0000	0.0000	0.0000	0.0000	0.0000	0.0000	0.0002	0.0000	0.0000	0.0000	inf	10.2788	0.0000	0.0000	1.9996	2.0196	0.0142	6.0690	0.0000	0.0000	0.0000	0.0000	0.0000	0.0000	0.0000	0.0000	0.0000	0.0000	0.0000	0.0000	0.0000	0.0000	0.0000	0.0000	0.0000	0.0000	0.0551	0.0470	0.0080	0.0044	0.0042	0.0002	0.0507	0.0429	0.0078	0.0345	0.0208	0.0137	0.0023	0.0021	0.0002	0.0323	0.0187	0.0135	0.0064	0.0000	0.0192	0.0000	0.0000	0.0000	0.0125	0.0000	0.0342	0.0000	0.0000	0.0000	0.0000	0.0000	0.0002	0.0000	0.0000	0.0000	
23	81	0.1189	6	0	1	0	0	0	0	0	0	N	N	N	N	N	N	N	N	N	N	N	N	469.2063	0.0021	49744.8008	0.0021	0.0020	4924.3787	0.0000	59111.7787	0.0071	0.0000	0.0480	0.0000	0.0000	0.0000	0.0076	0.0000	0.0492	0.0000	0.0000	0.0000	0.0003	0.0004	0.0000	0.0000	0.0000	0.0000	158249.1215	0.0268	0.0001	-0.0000	1.9996	0.9876	0.0142	0.9833	0.0002	0.0000	0.0002	0.0000	0.0000	0.0000	0.0002	0.0000	0.0002	0.0000	0.0000	0.0000	0.0000	0.0000	0.0000	0.0000	0.0000	0.0000	0.0268	0.0228	0.0040	0.0018	0.0017	0.0001	0.0250	0.0211	0.0039	0.0086	0.0051	0.0035	0.0004	0.0003	0.0000	0.0082	0.0048	0.0035	469.2063	0.0021	49744.8008	0.0021	0.0020	0.0000	4924.3787	0.0000	59111.7787	0.0000	0.0000	0.0000	0.0003	0.0004	0.0000	0.0000	0.0000	0.0000	
23	82	0.1365	6	1	1	1	0	0	0	0	0	N	N	N	N	N	N	N	N	N	N	N	N	inf	inf	inf	inf	inf	inf	0.0294	0.0345	0.0000	0.0001	0.0001	0.0000	0.0315	0.0373	0.0000	0.0000	0.0000	0.0000	0.0000	0.0000	0.0000	0.0000	0.0000	0.0000	0.0000	-0.0004	0.0000	1.9996	1.0000	0.0142	2.9874	0.0008	0.0008	0.0000	0.0000	0.0000	0.0000	0.0008	0.0008	0.0000	0.0000	0.0000	0.0000	0.0000	0.0000	0.0000	0.0000	0.0000	0.0000	0.0272	0.0232	0.0040	0.0018	0.0017	0.0001	0.0254	0.0215	0.0039	0.0163	0.0101	0.0062	0.0024	0.0020	0.0004	0.0139	0.0081	0.0058	inf	inf	0.0000	inf	inf	0.0000	inf	inf	0.0000	0.0000	0.0000	0.0000	0.0000	0.0000	0.0000	0.0000	0.0000	0.0000				
23	83	0.1082	5	1	1	1	0	0	0	0	0	N	N	N	N	N	N	N	N	N	N	N	N	inf	inf	inf	inf	0.0296	0.0349	0.0000	1.1650	1.2533	0.0000	0.0000	0.0000	0.0000	0.0000	0.0000	0.0000	0.0000	0.0000	0.0000	0.0000	0.0000	0.0000	0.0000	-0.0004	0.0000	1.9996	0.9997	0.0142	6.0128	0.0008	0.0008	0.0000	0.0008	0.0008	0.0000	0.0000	0.0000	0.0000	0.0000	0.0000	0.0000	0.0000	0.0000	0.0000	0.0000	0.0000	0.0000	0.0270	0.0229	0.0040	0.0007	0.0006	0.0000	0.0263	0.0223	0.0040	0.0318	0.0167	0.0151	0.0024	0.0019	0.0005	0.0294	0.0148	0.0146	inf	inf	0.0000	inf	inf	0.0000	0.0000	0.0000	0.0000	0.0000	0.0000	0.0000	0.0000	0.0000	0.0000	0.0000	0.0000	0.0000						
23	84	0.0664	4	0	2	0	1	0	0	0	0	N	Y	N	N	N	N	N	N	N	N	N	N	0.0098	0.0274	0.0000	0.0511	0.0425	0.0000	0.0000	0.0000	0.0000	0.0000	0.0001	0.0001	0.0000	0.0000	0.0000	0.0000	0.0005	0.0002	0.0010	0.0020	0.0025	0.0000	0.0004	0.0000	0.0010	0.0000	3.0000	-0.0000	0.0000	1.9996	8.0013	0.0142	12.0015	0.0000	0.0000	0.0000	0.0000	0.0000	0.0000	0.0000	0.0000	0.0000	0.0000	0.0000	0.0000	0.0000	0.0000	0.0000	0.0000	0.0000	0.0000	0.2077	0.1778	0.0300	0.0110	0.0104	0.0005	0.1968	0.1673	0.0294	0.0742	0.0445	0.0298	0.0051	0.0040	0.0011	0.0691	0.0404	0.0287	0.0098	0.0274	0.0000	0.0511	0.0425	0.0000	0.0000	0.0000	0.0000	0.0005	0.0002	0.0010	0.0020	0.0025	0.0000	0.0004	0.0000	0.0010		
23	85	0.1229	6	0	2	0	0	0	0	0	0	N	Y	N	N	N	N	N	N	N	N	N	N	0.0000	0.0000	0.0000	0.0000	0.0000	0.0000	0.0000	0.0000	0.0000	0.0000	0.0000	0.0000	0.0000	0.0000	0.0000	0.0000	0.0006	0.0005	0.0007	0.0076	0.0086	0.0000	0.0003	0.0000	0.0007	1.0000	0.0000	-0.0000	1.9996	1.0000	0.0142	6.9850	0.0000	0.0000	0.0000	0.0000	0.0000	0.0000	0.0000	0.0000	0.0000	0.0000	0.0000	0.0000	0.0000	0.0000	0.0000	0.0000	0.0000	0.0000	0.0272	0.0232	0.0040	0.0018	0.0017	0.0001	0.0254	0.0215	0.0039	0.0328	0.0193	0.0135	0.0013	0.0012	0.0002	0.0314	0.0181	0.0134	0.0000	0.0000	0.0000	0.0000	0.0000	0.0000	0.0000	0.0000	0.0000	0.0006	0.0005	0.0007	0.0076	0.0086	0.0000	0.0003	0.0000	0.0007			
23	86	0.1101	5	0	1	0	0	0	0	0	0	N	N	N	N	N	N	N	N	N	N	N	N	117873.3962	inf	0.0000	1033344.8325	inf	0.0000	0.0000	0.1517	0.1778	0.0000	2.2172	2.3317	0.0000	0.0000	0.0000	0.0000	0.0000	0.0000	0.0000	0.0000	0.0000	0.0000	0.0000	0.0000	0.0000	0.0000	inf	-0.0019	0.0000	1.9996	1.0086	0.0142	2.0000	0.0042	0.0042	0.0000	0.0042	0.0042	0.0000	0.0000	0.0000	0.0000	0.0000	0.0000	0.0000	0.0000	0.0000	0.0000	0.0000	0.0000	0.0000	0.0277	0.0236	0.0041	0.0019	0.0018	0.0001	0.0258	0.0218	0.0040	0.0129	0.0075	0.0054	0.0005	0.0005	0.0001	0.0124	0.0071	0.0053	117873.3962	inf	0.0000	1033344.8325	inf	0.0000	0.0000	0.0000	0.0000	0.0000	0.0000	0.0000	0.0000	0.0000	0.0000	0.0000	0.0000	0.0000		
23	87	0.1082	5	0	2	0	0	0	0	0	0	N	Y	N	N	N	N	N	N	N	N	N	N	inf	inf	inf	inf	0.0076	0.0089	0.0000	0.2949	0.3173	0.0000	0.0000	0.0000	0.0000	0.0000	0.0000	0.0000	0.0000	0.0000	0.0000	0.0000	0.0000	0.0000	0.0000	-0.0004	0.0000	1.9996	4.0000	0.0142	7.0000	0.0008	0.0008	0.0000	0.0008	0.0008	0.0000	0.0000	0.0000	0.0000	0.0000	0.0000	0.0000	0.0000	0.0000	0.0000	0.0000	0.0000	0.0000	0.1050	0.0894	0.0156	0.0027	0.0025	0.0002	0.1023	0.0869	0.0154	0.0480	0.0254	0.0226	0.0037	0.0029	0.0008	0.0443	0.0225	0.0218	inf	inf	0.0000	inf	inf	0.0000	0.0000	0.0000	0.0000	0.0000	0.0000	0.0000	0.0000	0.0000	0.0000	0.0000	0.0000	0.0000						
23	88	0.0664	4	0	1	0	0	0	0	0	0	N	N	N	N	N	N	N	N	N	N	N	N	0.3987	1.0903	0.3928	1.0578	0.0098	0.0000	0.0667	0.0000	0.0000	0.0000	0.0103	0.0000	0.0679	0.0245	0.0000	0.0612	0.0000	0.0000	0.0000	0.0263	0.0000	0.0642	inf	inf	0.0004	0.0005	1.9996	2.9985	0.0142	7.0016	0.0008	0.0000	0.0008	0.0000	0.0000	0.0000	0.0008	0.0000	0.0008	0.0010	0.0000	0.0010	0.0000	0.0000	0.0000	0.0010	0.0000	0.0010	0.0817	0.0697	0.0120	0.0044	0.0042	0.0002	0.0773	0.0655	0.0118	0.0399	0.0239	0.0160	0.0027	0.0022	0.0006	0.0372	0.0218	0.0155	0.3987	0.0000	1.0903	0.0000	0.0000	0.0000	0.3928	0.0000	1.0715	0.0245	0.0000	0.0612	0.0000	0.0000	0.0000	0.0263	0.0000	0.0634					
23	89	0.1274	7	0	2	0	0	0	0	0	0	N	Y	N	N	N	N	N	N	N	N	N	N	0.0000	0.0000	0.0000	0.0000	0.0000	0.0000	0.0000	0.0000	0.0000	0.0000	0.0000	0.0000	0.0000	0.0000	0.0000	0.0000	0.0000	0.0269	0.0018	0.0637	0.0146	0.0179	0.0002	0.0279	0.0000	0.0659	24.5012	0.0000	0.0004	1.9996	0.0157	0.0142	9.0253	0.0000	0.0000	0.0000	0.0000	0.0000	0.0000	0.0000	0.0000	0.0000	0.0010	0.0000	0.0010	0.0000	0.0000	0.0000	0.0010	0.0000	0.0010	0.0015	0.0013	0.0002	0.0006	0.0006	0.0000	0.0009	0.0007	0.0002	0.0378	0.0224	0.0154	0.0027	0.0022	0.0005	0.0351	0.0202	0.0148	0.0000	0.0000	0.0000	0.0000	0.0000	0.0000	0.0000	0.0000	0.0000	0.0269	0.0018	0.0637	0.0146	0.0179	0.0002	0.0279	0.0000	0.0659		
23	90	0.1189	6	0	2	0	0	0	0	0	0	N	Y	N	N	N	N	N	N	N	N	N	N	1647.5089	0.0000	5091.8371	0.0000	0.0000	1845.6151	0.0000	5156.0738	0.3789	0.0000	2.6171	0.0000	0.0000	0.0000	0.4217	0.0000	2.6788	0.0002	0.0000	0.0005	0.0003	0.0003	0.0000	0.0002	0.0000	0.0005	inf	10.4453	0.0001	0.0000	1.9996	0.0169	0.0142	2.0013	0.0002	0.0000	0.0002	0.0000	0.0000	0.0000	0.0002	0.0000	0.0002	0.0000	0.0000	0.0000	0.0000	0.0000	0.0000	0.0000	0.0000	0.0000	0.0005	0.0004	0.0001	0.0001	0.0000	0.0000	0.0005	0.0004	0.0001	0.0088	0.0052	0.0036	0.0004	0.0003	0.0000	0.0084	0.0049	0.0036	1647.5089	0.0000	5091.8371	0.0000	0.0000	0.0000	1845.6151	0.0000	5156.0738	0.0002	0.0000	0.0005	0.0003	0.0003	0.0000	0.0002	0.0000	0.0005	
23	91	0.1101	5	0	1	0	0	0	0	0	0	N	N	N	N	N	N	N	N	N	N	N	N	5559322.9038	29.0914	17620392.8552	592.6362	27.1734	inf	6552374.2164	18397472.0609	18.4485	0.0000	125.7560	0.0059	0.0002	0.1098	19.7434	0.0000	128.7127	0.0000	0.0000	0.0000	0.0000	0.0000	0.0000	0.0000	0.0000	0.0000	1244391.8691	8.5164	0.5352	0.0000	1.9996	1.9923	0.0142	0.0454	0.9943	0.0000	0.9943	0.0000	0.0000	0.0000	0.9943	0.0000	0.9943	0.0000	0.0000	0.0000	0.0000	0.0000	0.0000	0.0000	0.0000	0.0000	0.0539	0.0460	0.0079	0.0035	0.0034	0.0002	0.0504	0.0426	0.0077	0.0089	0.0052	0.0037	0.0004	0.0004	0.0000	0.0085	0.0048	0.0037	5559322.9038	29.0914	17620392.8552	592.6362	27.1734	inf	6552374.2164	0.0000	18397472.0609	0.0000	0.0000	0.0000	0.0000	0.0000	0.0000	0.0000	0.0000	0.0000	
23	92	0.0664	4	0	1	0	0	0	0	0	0	N	N	N	N	N	N	N	N	N	N	N	N	299.7189	13177.2563	810.7524	1908.0364	993.4880	295.7343	inf	796.7881	0.1496	0.0009	1.0087	0.0007	0.0007	0.0000	0.1583	0.0009	1.0274	0.0005	0.0000	0.0012	0.0000	0.0000	0.0000	0.0005	0.0000	0.0013	198.6265	12490.4375	0.0022	0.0000	1.9996	1.0098	0.0142	9.0196	0.0042	0.0000	0.0042	0.0000	0.0000	0.0000	0.0042	0.0000	0.0042	0.0000	0.0000	0.0000	0.0000	0.0000	0.0000	0.0000	0.0000	0.0000	0.0281	0.0240	0.0041	0.0016	0.0015	0.0001	0.0266	0.0225	0.0041	0.0401	0.0240	0.0161	0.0027	0.0022	0.0006	0.0373	0.0218	0.0155	299.7189	13177.2563	810.7524	1908.0364	993.4880	0.0000	295.7343	inf	796.7881	0.0005	0.0000	0.0012	0.0000	0.0000	0.0000	0.0005	0.0000	0.0013	
23	93	0.1631	9	1	2	0	1	0	0	0	0	N	Y	N	N	N	N	N	N	N	N	N	N	0.0000	0.0000	0.0000	0.0000	0.0000	0.0000	0.0000	0.0000	0.0000	0.0000	0.0000	0.0000	0.0000	0.0000	0.0000	0.0000	0.0000	0.0000	0.0000	0.0000	1.9996	0.0000	0.0142	0.0000	0.0000	0.0000	0.0000	0.0000	0.0000	0.0000	0.0000	0.0000	0.0000	0.0000	0.0000	0.0000	0.0000	0.0000	0.0000	0.0000	0.0000	0.0000	0.0000	0.0000	0.0000	0.0000	0.0000	0.0000	0.0000	0.0000	0.0000	0.0000	0.0000	0.0000	0.0000	0.0000	0.0000	0.0000	0.0000	0.0000	0.0000	0.0000	0.0000	0.0000	0.0000	0.0000	0.0000	0.0000	0.0000	0.0000	0.0000	0.0000	0.0000	0.0000	0.0000	0.0000	0.0000	0.0000											
23	94	0.1631	8	1	2	0	1	0	0	0	0	N	Y	N	N	N	N	N	N	N	N	N	N	0.0000	0.0000	0.0000	0.0000	0.0000	0.0000	0.0000	0.0000	0.0000	0.0000	0.0000	0.0000	0.0000	0.0002	0.0000	0.0011	0.0000	0.0000	0.0000	0.0004	0.0000	0.0011	inf	0.0000	0.0000	1.9996	0.0000	0.0142	0.0001	0.0000	0.0000	0.0000	0.0000	0.0000	0.0000	0.0000	0.0000	0.0000	0.0000	0.0000	0.0000	0.0000	0.0000	0.0000	0.0000	0.0000	0.0000	0.0000	0.0000	0.0000	0.0000	0.0000	0.0000	0.0000	0.0000	0.0000	0.0000	0.0000	0.0000	0.0000	0.0000	0.0000	0.0000	0.0000	0.0000	0.0000	0.0000	0.0000	0.0000	0.0000	0.0000	0.0000	0.0000	0.0000	0.0002	0.0000	0.0011	0.0000	0.0000	0.0000	0.0004	0.0000	0.0011						
23	95	0.1452	7	0	2	0	1	0	0	0	0	N	Y	N	N	N	N	N	N	N	N	N	N	222929.4249	578725.7599	inf	inf	0.0278	0.0000	0.1923	0.0000	0.0000	0.0000	0.0311	0.0000	0.1984	0.0000	0.0000	0.0000	0.0000	0.0000	0.0000	0.0000	0.0000	0.0000	inf	inf	0.0004	0.0000	1.9996	0.9845	0.0142	0.9903	0.0008	0.0000	0.0008	0.0000	0.0000	0.0000	0.0008	0.0000	0.0008	0.0000	0.0000	0.0000	0.0000	0.0000	0.0000	0.0000	0.0000	0.0000	0.0283	0.0242	0.0041	0.0030	0.0029	0.0001	0.0253	0.0213	0.0040	0.0088	0.0055	0.0033	0.0012	0.0010	0.0002	0.0076	0.0045	0.0031	222929.4249	0.0000	578725.7599	0.0000	0.0000	0.0000	inf	0.0000	inf	0.0000	0.0000	0.0000	0.0000	0.0000	0.0000	0.0000	0.0000	0.0000					
23	96	0.1424	7	0	2	0	0	0	0	0	0	N	Y	N	N	N	N	N	N	N	N	N	N	0.0066	0.0051	0.0276	0.0252	0.0000	0.0000	0.0000	0.0000	0.0001	0.0000	0.0000	0.0000	0.0000	0.0006	0.0008	0.0000	0.0018	0.0021	0.0000	0.0000	0.0000	0.0000	0.0000	0.0000	-0.0000	-0.0000	1.9996	1.0063	0.0142	3.7812	0.0000	0.0000	0.0000	0.0000	0.0000	0.0000	0.0000	0.0000	0.0000	0.0000	0.0000	0.0000	0.0000	0.0000	0.0000	0.0000	0.0000	0.0000	0.0283	0.0242	0.0041	0.0021	0.0020	0.0001	0.0262	0.0222	0.0040	0.0315	0.0208	0.0107	0.0097	0.0084	0.0013	0.0218	0.0124	0.0094	0.0066	0.0051	0.0000	0.0276	0.0252	0.0000	0.0000	0.0000	0.0000	0.0006	0.0008	0.0000	0.0018	0.0021	0.0000	0.0000	0.0000	0.0000					
23	97	0.1452	7	0	1	1	1	0	0	0	0	N	N	N	N	N	N	N	N	N	N	N	N	inf	inf	inf	inf	0.0005	0.0005	0.0000	0.0044	0.0046	0.0000	0.0000	0.0000	0.0000	0.0000	0.0000	0.0000	0.0000	0.0000	0.0000	0.0000	0.0000	0.0000	0.0000	-0.0000	0.0000	1.9996	1.0165	0.0142	1.0129	0.0000	0.0000	0.0000	0.0000	0.0000	0.0000	0.0000	0.0000	0.0000	0.0000	0.0000	0.0000	0.0000	0.0000	0.0000	0.0000	0.0000	0.0000	0.0292	0.0249	0.0042	0.0031	0.0030	0.0001	0.0261	0.0220	0.0041	0.0090	0.0057	0.0034	0.0012	0.0010	0.0002	0.0078	0.0046	0.0032	inf	inf	0.0000	inf	inf	0.0000	0.0000	0.0000	0.0000	0.0000	0.0000	0.0000	0.0000	0.0000	0.0000	0.0000	0.0000	0.0000						
23	98	0.1323	6	0	1	0	1	0	0	0	0	N	N	N	N	N	N	N	N	N	N	N	N	inf	inf	inf	inf	inf	inf	inf	0.0003	0.0001	0.0017	0.0012	0.0013	0.0000	0.0003	0.0000	0.0017	0.0000	0.0000	0.0000	0.0000	0.0000	0.0000	0.0000	0.0000	0.0000	2.6098	0.0000	-0.0000	1.9996	2.0241	0.0142	1.0265	0.0000	0.0000	0.0000	0.0000	0.0000	0.0000	0.0000	0.0000	0.0000	0.0000	0.0000	0.0000	0.0000	0.0000	0.0000	0.0000	0.0000	0.0000	0.0565	0.0483	0.0082	0.0043	0.0041	0.0002	0.0521	0.0441	0.0080	0.0129	0.0080	0.0050	0.0019	0.0015	0.0004	0.0111	0.0065	0.0046	inf	inf	inf	inf	inf	0.0000	inf	0.0000	inf	0.0000	0.0000	0.0000	0.0000	0.0000	0.0000	0.0000	0.0000	0.0000			
23	99	0.1323	6	0	1	1	1	0	0	0	0	N	N	N	N	N	N	N	N	N	N	N	N	inf	inf	inf	inf	0.0001	0.0001	0.0000	0.0008	0.0009	0.0000	0.0000	0.0000	0.0000	0.0000	0.0000	0.0000	0.0000	0.0000	0.0000	0.0000	0.0000	0.0000	0.0000	-0.0000	0.0000	1.9996	3.0066	0.0142	0.0000	0.0000	0.0000	0.0000	0.0000	0.0000	0.0000	0.0000	0.0000	0.0000	0.0000	0.0000	0.0000	0.0000	0.0000	0.0000	0.0000	0.0000	0.0000	0.0828	0.0708	0.0120	0.0062	0.0059	0.0003	0.0766	0.0649	0.0117	0.0128	0.0079	0.0049	0.0019	0.0015	0.0004	0.0109	0.0064	0.0045	inf	inf	0.0000	inf	inf	0.0000	0.0000	0.0000	0.0000	0.0000	0.0000	0.0000	0.0000	0.0000	0.0000	0.0000	0.0000	0.0000						
23	100	0.1580	6	0	1	1	1	0	0	0	0	N	N	N	N	N	N	N	N	N	N	N	N	0.0000	0.0000	0.0000	0.0000	0.0000	0.0000	0.0000	0.0000	0.0000	0.0000	0.0000	0.0000	0.0000	0.0000	0.0000	0.0000	0.0000	0.0000	0.0000	0.0000	1.9996	0.0000	0.0142	2.0000	0.0000	0.0000	0.0000	0.0000	0.0000	0.0000	0.0000	0.0000	0.0000	0.0000	0.0000	0.0000	0.0000	0.0000	0.0000	0.0000	0.0000	0.0000	0.0000	0.0000	0.0000	0.0000	0.0000	0.0000	0.0000	0.0000	0.0000	0.0083	0.0050	0.0032	0.0012	0.0010	0.0003	0.0070	0.0041	0.0030	0.0000	0.0000	0.0000	0.0000	0.0000	0.0000	0.0000	0.0000	0.0000	0.0000	0.0000	0.0000	0.0000	0.0000	0.0000	0.0000	0.0000	0.0000											
23	101	0.1189	5	0	1	1	1	0	0	0	0	N	N	N	N	N	N	N	N	N	N	N	N	11.8333	12.2271	0.0000	23.4203	25.4663	0.0000	0.0000	0.0000	0.0000	0.0000	0.0000	0.0001	0.0001	0.0000	0.0000	0.0000	0.0000	0.0000	0.0000	0.0000	0.0000	0.0000	0.0000	0.0000	0.0000	0.0000	0.0000	0.4364	-0.0000	-0.0000	1.9996	5.8899	0.0142	3.1847	0.0000	0.0000	0.0000	0.0000	0.0000	0.0000	0.0000	0.0000	0.0000	0.0000	0.0000	0.0000	0.0000	0.0000	0.0000	0.0000	0.0000	0.0000	0.1629	0.1394	0.0235	0.0152	0.0142	0.0010	0.1476	0.1252	0.0224	0.0392	0.0242	0.0151	0.0062	0.0051	0.0010	0.0331	0.0190	0.0140	11.8333	12.2271	0.0000	23.4203	25.4663	0.0000	0.0000	0.0000	0.0000	0.0000	0.0000	0.0000	0.0000	0.0000	0.0000	0.0000	0.0000	0.0000	
23	102	0.1657	5	1	2	0	0	0	0	0	0	N	Y	N	N	N	N	N	N	N	N	N	N	0.0000	0.0000	0.0000	0.0000	0.0000	0.0000	0.0000	0.0000	0.0000	0.0000	0.0000	0.0000	0.0000	0.0000	0.0000	0.0000	0.0000	0.0000	0.0000	0.0000	1.9996	0.0000	0.0142	0.0000	0.0000	0.0000	0.0000	0.0000	0.0000	0.0000	0.0000	0.0000	0.0000	0.0000	0.0000	0.0000	0.0000	0.0000	0.0000	0.0000	0.0000	0.0000	0.0000	0.0000	0.0000	0.0000	0.0000	0.0000	0.0000	0.0000	0.0000	0.0000	0.0000	0.0000	0.0000	0.0000	0.0000	0.0000	0.0000	0.0000	0.0000	0.0000	0.0000	0.0000	0.0000	0.0000	0.0000	0.0000	0.0000	0.0000	0.0000	0.0000	0.0000	0.0000	0.0000	0.0000	0.0000	0.0000											
23	103	0.0664	4	1	2	0	0	0	0	0	0	N	Y	N	N	N	N	N	N	N	N	N	N	38705.0042	0.0297	inf	0.5627	0.0461	inf	inf	inf	4.8080	0.0000	33.3034	0.0010	0.0001	0.0184	5.0762	0.0000	33.9178	0.0001	0.0002	0.0000	0.0018	0.0023	0.0000	0.0000	0.0000	0.0000	911332.1168	0.0000	0.5376	-0.0000	1.9996	8.0012	0.0142	14.0016	0.9988	0.0000	0.9988	0.0000	0.0000	0.0000	0.9988	0.0000	0.9988	0.0000	0.0000	0.0000	0.0000	0.0000	0.0000	0.0000	0.0000	0.0000	0.2077	0.1778	0.0300	0.0110	0.0104	0.0005	0.1968	0.1673	0.0294	0.0805	0.0482	0.0323	0.0056	0.0044	0.0012	0.0749	0.0438	0.0311	38705.0042	0.0297	inf	0.5627	0.0461	inf	inf	0.0000	inf	0.0001	0.0002	0.0000	0.0018	0.0023	0.0000	0.0000	0.0000	0.0000	
23	104	0.1294	5	0	2	0	0	0	0	0	0	N	Y	N	N	N	N	N	N	N	N	N	N	0.0000	0.0000	0.0000	0.0000	0.0000	0.0000	0.0000	0.0000	0.0000	0.0000	0.0000	0.0000	0.0000	0.0000	0.0000	0.0000	0.0000	0.0000	0.0000	0.0000	0.0000	0.0000	0.0000	inf	0.0000	0.0000	1.9996	2.0010	0.0142	1.0153	0.0000	0.0000	0.0000	0.0000	0.0000	0.0000	0.0000	0.0000	0.0000	0.0000	0.0000	0.0000	0.0000	0.0000	0.0000	0.0000	0.0000	0.0000	0.0538	0.0460	0.0079	0.0038	0.0036	0.0002	0.0500	0.0424	0.0076	0.0131	0.0081	0.0050	0.0031	0.0024	0.0007	0.0101	0.0058	0.0043	0.0000	0.0000	0.0000	0.0000	0.0000	0.0000	0.0000	0.0000	0.0000	0.0000	0.0000	0.0000	0.0000	0.0000	0.0000	0.0000	0.0000	0.0000					
23	105	0.0664	4	0	2	0	0	0	0	0	0	N	Y	N	N	N	N	N	N	N	N	N	N	290.8605	268.6598	484.9867	403.8319	0.0000	0.0000	0.0000	0.0002	0.0003	0.0000	0.0000	0.0000	0.0000	0.0000	0.0000	0.0000	0.0000	0.0000	0.0000	0.0000	0.0000	0.0000	0.0000	0.3158	-0.0000	-0.0000	1.9996	3.0162	0.0142	11.0438	0.0000	0.0000	0.0000	0.0000	0.0000	0.0000	0.0000	0.0000	0.0000	0.0000	0.0000	0.0000	0.0000	0.0000	0.0000	0.0000	0.0000	0.0000	0.0821	0.0701	0.0120	0.0044	0.0042	0.0002	0.0777	0.0659	0.0118	0.0545	0.0326	0.0219	0.0037	0.0029	0.0008	0.0508	0.0297	0.0211	290.8605	268.6598	0.0000	484.9867	403.8319	0.0000	0.0000	0.0000	0.0000	0.0000	0.0000	0.0000	0.0000	0.0000	0.0000	0.0000	0.0000	0.0000					
23	106	0.1673	9	1	2	0	0	0	0	0	0	N	Y	N	N	N	N	N	N	N	N	N	N	0.0000	0.0000	0.0000	0.0000	0.0000	0.0000	0.0000	0.0000	0.0000	0.0000	0.0000	0.0000	0.0000	0.0000	0.0000	0.0000	0.0000	0.0000	0.0000	0.0000	1.9996	1.0000	0.0142	1.0000	0.0000	0.0000	0.0000	0.0000	0.0000	0.0000	0.0000	0.0000	0.0000	0.0000	0.0000	0.0000	0.0000	0.0000	0.0000	0.0000	0.0000	0.0000	0.0279	0.0238	0.0041	0.0020	0.0019	0.0001	0.0259	0.0220	0.0040	0.0088	0.0057	0.0031	0.0030	0.0024	0.0006	0.0058	0.0033	0.0025	0.0000	0.0000	0.0000	0.0000	0.0000	0.0000	0.0000	0.0000	0.0000	0.0000	0.0000	0.0000	0.0000	0.0000	0.0000	0.0000	0.0000	0.0000											
23	107	0.1631	8	1	2	0	0	0	0	0	0	N	Y	N	N	N	N	N	N	N	N	N	N	0.0000	0.0000	0.0000	0.0000	0.0000	0.0000	0.0000	0.0000	0.0000	0.0000	0.0000	0.0000	0.0000	0.0023	0.0036	0.0000	0.0082	0.0103	0.0000	0.0000	0.0000	0.0000	0.0000	0.0000	-0.0000	1.9996	0.0000	0.0142	0.9999	0.0000	0.0000	0.0000	0.0000	0.0000	0.0000	0.0000	0.0000	0.0000	0.0000	0.0000	0.0000	0.0000	0.0000	0.0000	0.0000	0.0000	0.0000	0.0000	0.0000	0.0000	0.0000	0.0000	0.0000	0.0000	0.0000	0.0000	0.0044	0.0028	0.0016	0.0012	0.0010	0.0002	0.0032	0.0018	0.0014	0.0000	0.0000	0.0000	0.0000	0.0000	0.0000	0.0000	0.0000	0.0000	0.0023	0.0036	0.0000	0.0082	0.0103	0.0000	0.0000	0.0000	0.0000						
23	108	0.1424	7	1	2	0	0	0	0	0	0	N	Y	N	N	N	N	N	N	N	N	N	N	0.7383	0.5730	0.0000	1.1991	1.0476	0.0000	0.0000	0.0000	0.0000	0.0002	0.0002	0.0000	0.0007	0.0008	0.0000	0.0000	0.0000	0.0000	0.0003	0.0004	0.0000	0.0006	0.0007	0.0000	0.0001	0.0002	0.0000	0.0000	0.0094	-0.0000	-0.0000	1.9996	0.0100	0.0142	4.8896	0.0000	0.0000	0.0000	0.0000	0.0000	0.0000	0.0000	0.0000	0.0000	0.0000	0.0000	0.0000	0.0000	0.0000	0.0000	0.0000	0.0000	0.0000	0.0005	0.0004	0.0001	0.0001	0.0001	0.0000	0.0004	0.0003	0.0001	0.0320	0.0211	0.0109	0.0098	0.0085	0.0013	0.0222	0.0126	0.0096	0.7383	0.5730	0.0000	1.1991	1.0476	0.0000	0.0000	0.0000	0.0000	0.0003	0.0004	0.0000	0.0006	0.0007	0.0000	0.0001	0.0002	0.0000
23	109	0.1323	6	0	2	0	0	0	0	0	0	N	Y	N	N	N	N	N	N	N	N	N	N	0.4863	0.3439	inf	0.8496	0.7137	inf	inf	0.0002	0.0002	0.0000	0.0023	0.0024	0.0000	0.0000	0.0000	0.0000	0.0004	0.0006	0.0000	0.0027	0.0034	0.0000	0.0000	0.0000	0.0000	0.0195	0.0001	-0.0000	-0.0000	1.9996	1.0007	0.0142	1.4004	0.0000	0.0000	0.0000	0.0000	0.0000	0.0000	0.0000	0.0000	0.0000	0.0000	0.0000	0.0000	0.0000	0.0000	0.0000	0.0000	0.0000	0.0000	0.0285	0.0243	0.0042	0.0023	0.0022	0.0001	0.0262	0.0221	0.0040	0.0102	0.0063	0.0039	0.0015	0.0012	0.0003	0.0088	0.0051	0.0036	0.4863	0.3439	inf	0.8496	0.7137	0.0000	inf	0.0000	inf	0.0004	0.0006	0.0000	0.0027	0.0034	0.0000	0.0000	0.0000	0.0000		
23	110	0.1189	5	0	1	0	0	0	0	0	0	N	N	N	N	N	N	N	N	N	N	N	N	400.3420	52.7691	3029.5553	35.1001	41.3476	0.0000	2833.5582	7285.5044	0.0004	0.0001	0.0024	0.0002	0.0002	0.0000	0.0005	0.0000	0.0031	0.0000	0.0000	0.0000	0.0000	0.0000	0.0000	0.0000	0.0000	0.0000	6.8739	0.4211	0.0000	-0.0000	1.9996	0.3039	0.0142	2.8719	0.0000	0.0000	0.0000	0.0000	0.0000	0.0000	0.0000	0.0000	0.0000	0.0000	0.0000	0.0000	0.0000	0.0000	0.0000	0.0000	0.0000	0.0000	0.0150	0.0128	0.0022	0.0049	0.0044	0.0005	0.0101	0.0084	0.0017	0.0160	0.0100	0.0060	0.0031	0.0027	0.0004	0.0129	0.0073	0.0057	400.3420	52.7691	3029.5553	35.1001	41.3476	0.0000	2833.5582	0.0000	7285.5044	0.0000	0.0000	0.0000	0.0000	0.0000	0.0000	0.0000	0.0000	0.0000	
23	111	0.0664	4	0	1	0	0	0	0	0	0	N	N	N	N	N	N	N	N	N	N	N	N	49.4098	21.8132	809.2540	107.7000	89.7640	30.5999	0.0000	795.1251	0.0000	0.0000	0.0001	0.0002	0.0002	0.0000	0.0000	0.0000	0.0001	0.0000	0.0000	0.0000	0.0000	0.0000	0.0000	0.0000	0.0000	0.0000	0.7078	0.0745	-0.0000	-0.0000	1.9996	3.8240	0.0142	8.1760	0.0000	0.0000	0.0000	0.0000	0.0000	0.0000	0.0000	0.0000	0.0000	0.0000	0.0000	0.0000	0.0000	0.0000	0.0000	0.0000	0.0000	0.0000	0.1033	0.0882	0.0151	0.0055	0.0053	0.0003	0.0978	0.0829	0.0148	0.0472	0.0283	0.0189	0.0032	0.0025	0.0007	0.0440	0.0257	0.0183	49.4098	21.8132	809.2540	107.7000	89.7640	0.0000	30.5999	0.0000	795.1251	0.0000	0.0000	0.0000	0.0000	0.0000	0.0000	0.0000	0.0000	0.0000	
23	112	0.0368	3	0	1	0	0	0	0	0	0	N	N	N	N	N	N	N	N	N	N	N	N	0.2911	0.2199	1.0805	0.1877	0.1735	0.0000	0.5029	1.0645	0.0043	0.0048	0.0013	0.0136	0.0136	0.0000	0.0003	0.0000	0.0013	0.0147	0.0217	0.0012	0.0723	0.0786	0.0001	0.0005	0.0000	0.0012	0.0432	0.0285	-0.0000	-0.0003	1.9996	0.0953	0.0142	6.8761	0.0000	0.0000	0.0000	0.0000	0.0000	0.0000	0.0000	0.0000	0.0000	0.0006	0.0006	0.0000	0.0006	0.0006	0.0000	0.0000	0.0000	0.0000	0.0060	0.0052	0.0008	0.0018	0.0018	0.0000	0.0042	0.0034	0.0008	0.0436	0.0289	0.0148	0.0086	0.0082	0.0004	0.0350	0.0206	0.0144	0.2911	0.2199	1.0805	0.1877	0.1798	0.0000	0.5029	0.0000	1.0645	0.0147	0.0217	0.0012	0.0723	0.0758	0.0001	0.0005	0.0000	0.0012	
23	115	0.1997	5	0	1	0	0	0	0	0	0	N	N	N	N	N	N	N	N	N	N	N	N	0.0894	0.0405	32.3643	0.0551	0.0494	39.4070	10.1078	0.0000	27.5350	0.0066	0.0041	0.0225	0.0233	0.0239	0.0059	0.0035	0.0000	0.0232	0.0735	0.1024	0.0007	0.4223	0.4838	0.0001	0.0003	0.0000	0.0008	0.8268	0.0027	-0.0000	-0.0064	1.9996	8.9918	0.0142	13.3277	0.0018	0.0010	0.0008	0.0010	0.0010	0.0000	0.0008	0.0000	0.0008	0.0118	0.0118	0.0000	0.0118	0.0118	0.0000	0.0000	0.0000	0.0000	0.2666	0.2313	0.0353	0.0416	0.0401	0.0015	0.2250	0.1912	0.0338	0.1610	0.1152	0.0458	0.0726	0.0628	0.0098	0.0884	0.0525	0.0360	0.0894	0.0405	32.3643	0.1430	0.1271	39.4070	10.1078	0.0000	27.5350	0.0735	0.1024	0.0007	0.1627	0.1880	0.0001	0.0003	0.0000	0.0008
24	25	0.1160	2	1	2	0	0	0	0	0	0	N	Y	N	N	N	N	N	N	N	N	N	N	inf	inf	inf	inf	inf	inf	4.3574	5.0977	0.0036	0.0000	0.0000	0.0000	4.6110	5.4279	0.0037	0.0000	0.0000	0.0000	0.0000	0.0000	0.0000	0.0000	0.0000	0.0000	0.0001	-0.4617	0.0000	2.9988	6.0000	13.9984	4.0000	1.0001	1.0000	0.0001	0.0000	0.0000	0.0000	1.0001	1.0000	0.0001	0.0000	0.0000	0.0000	0.0000	0.0000	0.0000	0.0000	0.0000	0.0000	0.2295	0.1962	0.0334	0.0126	0.0119	0.0007	0.2169	0.1842	0.0327	0.2883	0.1679	0.1204	0.0087	0.0069	0.0018	0.2797	0.1610	0.1186	inf	inf	inf	0.0000	0.0000	0.0000	inf	inf	inf	0.0000	0.0000	0.0000	0.0000	0.0000	0.0000	0.0000	0.0000	0.0000				
24	26	0.1364	5	0	2	0	0	0	0	0	0	N	Y	N	N	N	N	N	N	N	N	N	N	0.0000	0.0000	0.0000	0.0000	0.0000	0.0000	0.0000	0.0000	0.0000	0.0000	0.0000	0.0000	0.0000	0.0067	0.0000	0.0168	0.0000	0.0000	0.0000	0.0072	0.0000	0.0174	inf	0.0000	0.0002	2.9988	0.0000	13.9984	2.0002	0.0000	0.0000	0.0000	0.0000	0.0000	0.0000	0.0000	0.0000	0.0000	0.0004	0.0000	0.0004	0.0000	0.0000	0.0000	0.0004	0.0000	0.0004	0.0000	0.0000	0.0000	0.0000	0.0000	0.0000	0.0000	0.0000	0.0000	0.0641	0.0385	0.0257	0.0045	0.0035	0.0009	0.0597	0.0349	0.0247	0.0000	0.0000	0.0000	0.0000	0.0000	0.0000	0.0000	0.0000	0.0000	0.0067	0.0000	0.0168	0.0000	0.0000	0.0000	0.0072	0.0000	0.0174						
24	27	0.1306	3	1	2	0	0	0	0	0	0	N	Y	N	N	N	N	N	N	N	N	N	N	0.0000	0.0000	0.0000	0.0000	0.0000	0.0000	0.0000	0.0000	0.0000	0.0000	0.0000	0.0000	0.0000	0.0000	0.0000	0.0000	0.0000	0.0000	0.0000	0.0000	2.9988	1.0000	13.9984	3.9850	0.0000	0.0000	0.0000	0.0000	0.0000	0.0000	0.0000	0.0000	0.0000	0.0000	0.0000	0.0000	0.0000	0.0000	0.0000	0.0000	0.0000	0.0000	0.0404	0.0342	0.0061	0.0004	0.0004	0.0000	0.0399	0.0339	0.0061	0.1597	0.0910	0.0686	0.0114	0.0088	0.0026	0.1483	0.0822	0.0661	0.0000	0.0000	0.0000	0.0000	0.0000	0.0000	0.0000	0.0000	0.0000	0.0000	0.0000	0.0000	0.0000	0.0000	0.0000	0.0000	0.0000	0.0000											
24	28	0.1160	2	0	2	0	0	0	0	0	0	N	Y	N	N	N	N	N	N	N	N	N	N	inf	inf	inf	inf	5.1804	6.0646	0.0000	0.0000	0.0000	0.0000	5.4822	6.4580	0.0000	0.0000	0.0000	0.0000	0.0000	0.0000	0.0000	0.0000	0.0000	0.0000	0.0000	-0.4617	0.0000	2.9988	5.0000	13.9984	4.0000	1.0000	1.0000	0.0000	0.0000	0.0000	0.0000	1.0000	1.0000	0.0000	0.0000	0.0000	0.0000	0.0000	0.0000	0.0000	0.0000	0.0000	0.0000	0.1930	0.1649	0.0281	0.0106	0.0100	0.0006	0.1824	0.1548	0.0276	0.2614	0.1522	0.1092	0.0079	0.0062	0.0017	0.2535	0.1460	0.1075	inf	inf	0.0000	0.0000	0.0000	0.0000	inf	inf	0.0000	0.0000	0.0000	0.0000	0.0000	0.0000	0.0000	0.0000	0.0000	0.0000						
24	29	0.1160	2	0	2	0	0	0	0	0	0	N	Y	N	N	N	N	N	N	N	N	N	N	inf	inf	inf	inf	8.4750	9.9325	0.0000	0.0000	0.0000	0.0000	8.9697	10.5790	0.0000	0.0000	0.0000	0.0000	0.0000	0.0000	0.0000	0.0000	0.0000	0.0000	0.0000	-0.4617	0.0000	2.9988	3.0000	13.9984	6.0000	1.0000	1.0000	0.0000	0.0000	0.0000	0.0000	1.0000	1.0000	0.0000	0.0000	0.0000	0.0000	0.0000	0.0000	0.0000	0.0000	0.0000	0.0000	0.1180	0.1007	0.0173	0.0065	0.0062	0.0004	0.1115	0.0945	0.0170	0.2614	0.1522	0.1092	0.0079	0.0062	0.0017	0.2535	0.1460	0.1075	inf	inf	0.0000	0.0000	0.0000	0.0000	inf	inf	0.0000	0.0000	0.0000	0.0000	0.0000	0.0000	0.0000	0.0000	0.0000	0.0000						
24	30	0.1649	5	0	2	1	1	0	0	0	0	N	Y	N	N	N	N	N	N	N	N	N	N	0.0000	0.0000	0.0000	0.0000	0.0000	0.0000	0.0000	0.0000	0.0000	0.0000	0.0000	0.0000	0.0000	0.0000	0.0000	0.0000	0.0000	0.0000	0.0000	0.0000	2.9988	0.0000	13.9984	3.0000	0.0000	0.0000	0.0000	0.0000	0.0000	0.0000	0.0000	0.0000	0.0000	0.0000	0.0000	0.0000	0.0000	0.0000	0.0000	0.0000	0.0000	0.0000	0.0000	0.0000	0.0000	0.0000	0.0000	0.0000	0.0000	0.0000	0.0000	0.0940	0.0546	0.0393	0.0209	0.0150	0.0059	0.0730	0.0396	0.0334	0.0000	0.0000	0.0000	0.0000	0.0000	0.0000	0.0000	0.0000	0.0000	0.0000	0.0000	0.0000	0.0000	0.0000	0.0000	0.0000	0.0000	0.0000											
24	31	0.1480	4	0	1	0	1	0	0	0	0	N	N	N	N	N	N	N	N	N	N	N	N	0.0000	0.0000	0.0000	0.0000	0.0000	0.0000	0.0000	0.0000	0.0000	0.0000	0.0000	0.0000	0.0000	0.0000	0.0000	0.0000	0.0000	0.2400	0.0427	0.5976	0.4192	0.3224	0.2202	0.2023	0.0000	0.6343	6.4381	0.0000	0.0094	2.9988	0.9783	13.9984	3.0423	0.0000	0.0000	0.0000	0.0000	0.0000	0.0000	0.0000	0.0000	0.0000	0.0289	0.0039	0.0250	0.0054	0.0039	0.0015	0.0235	0.0000	0.0235	0.0417	0.0354	0.0063	0.0016	0.0015	0.0000	0.0402	0.0339	0.0063	0.1492	0.0909	0.0584	0.0331	0.0263	0.0068	0.1161	0.0645	0.0516	0.0000	0.0000	0.0000	0.0000	0.0000	0.0000	0.0000	0.0000	0.0000	0.1934	0.0427	0.4281	0.1623	0.1475	0.2202	0.2023	0.0000	0.4553		
24	33	0.1751	6	1	2	0	0	0	0	0	0	N	Y	N	N	N	N	N	N	N	N	N	N	0.0000	0.0000	0.0000	0.0000	0.0000	0.0000	0.0000	0.0000	0.0000	0.0000	0.0000	0.0000	0.0000	0.0000	0.0000	0.0000	0.0000	0.0000	0.0000	0.0000	2.9988	0.0000	13.9984	0.0000	0.0000	0.0000	0.0000	0.0000	0.0000	0.0000	0.0000	0.0000	0.0000	0.0000	0.0000	0.0000	0.0000	0.0000	0.0000	0.0000	0.0000	0.0000	0.0000	0.0000	0.0000	0.0000	0.0000	0.0000	0.0000	0.0000	0.0000	0.0000	0.0000	0.0000	0.0000	0.0000	0.0000	0.0000	0.0000	0.0000	0.0000	0.0000	0.0000	0.0000	0.0000	0.0000	0.0000	0.0000	0.0000	0.0000	0.0000	0.0000	0.0000	0.0000	0.0000	0.0000	0.0000	0.0000											
24	34	0.1306	3	0	2	0	1	0	0	0	0	N	Y	N	N	N	N	N	N	N	N	N	N	0.0000	0.0000	0.0000	0.0000	0.0000	0.0000	0.0000	0.0000	0.0000	0.0000	0.0000	0.0000	0.0000	2.7891	4.9079	0.0000	456.7689	481.3316	0.0000	0.0000	0.0000	0.0000	0.0000	0.0000	-0.5399	2.9988	5.0000	13.9984	6.9850	0.0000	0.0000	0.0000	0.0000	0.0000	0.0000	0.0000	0.0000	0.0000	1.0000	1.0000	0.0000	1.0000	1.0000	0.0000	0.0000	0.0000	0.0000	0.1943	0.1653	0.0290	0.0021	0.0019	0.0002	0.1922	0.1634	0.0289	0.3585	0.2037	0.1548	0.0235	0.0176	0.0059	0.3350	0.1861	0.1489	0.0000	0.0000	0.0000	0.0000	0.0000	0.0000	0.0000	0.0000	0.0000	2.7891	4.9079	0.0000	42.5554	56.6953	0.0000	0.0000	0.0000	0.0000						
24	36	0.1974	4	0	1	1	0	0	0	0	0	N	N	N	N	N	N	N	N	N	N	N	N	0.0000	0.0000	0.0000	0.0000	0.0000	0.0000	0.0000	0.0000	0.0000	0.0000	0.0000	0.0000	0.0000	0.0000	0.0000	25.4136	41.8335	0.0000	0.1017	0.1508	0.0000	32.3238	56.2408	0.0000	0.0000	0.0000	-0.5269	2.9988	0.0001	13.9984	0.9943	0.0000	0.0000	0.0000	0.0000	0.0000	0.0000	0.0000	0.0000	0.0000	0.9759	0.9759	0.0000	0.0007	0.0007	0.0000	0.9752	0.9752	0.0000	0.0000	0.0000	0.0000	0.0000	0.0000	0.0000	0.0000	0.0000	0.0000	0.0384	0.0243	0.0141	0.0082	0.0070	0.0012	0.0302	0.0173	0.0128	0.0000	0.0000	0.0000	0.0000	0.0000	0.0000	0.0000	0.0000	0.0000	25.4136	40.1146	0.0000	0.0863	0.1016	0.0000	32.3238	56.2408	0.0000				
24	37	0.1736	4	0	2	0	0	0	0	0	0	N	Y	N	N	N	N	N	N	N	N	N	N	0.0000	0.0000	0.0000	0.0000	0.0000	0.0000	0.0000	0.0000	0.0000	0.0000	0.0000	0.0000	0.0000	0.0000	0.0000	0.0000	0.0000	0.0000	0.0000	0.0000	2.9988	2.0000	13.9984	2.0000	0.0000	0.0000	0.0000	0.0000	0.0000	0.0000	0.0000	0.0000	0.0000	0.0000	0.0000	0.0000	0.0000	0.0000	0.0000	0.0000	0.0000	0.0000	0.0803	0.0683	0.0120	0.0024	0.0023	0.0002	0.0778	0.0660	0.0119	0.1276	0.0743	0.0533	0.0210	0.0159	0.0051	0.1066	0.0584	0.0482	0.0000	0.0000	0.0000	0.0000	0.0000	0.0000	0.0000	0.0000	0.0000	0.0000	0.0000	0.0000	0.0000	0.0000	0.0000	0.0000	0.0000	0.0000											
24	38	0.1328	3	1	1	1	0	0	0	0	0	N	N	N	N	N	N	N	N	N	N	N	N	2.6093	inf	0.0000	inf	inf	0.0000	0.0000	12.5917	14.7609	0.0000	211.2600	223.2915	0.0000	0.0000	0.0000	0.0000	4.8257	0.0000	22.4057	0.0000	0.0000	0.0000	5.0617	0.0000	21.5959	0.0000	inf	-0.4611	0.4601	2.9988	2.0000	13.9984	5.0000	0.9986	0.9986	0.0000	0.9986	0.9986	0.0000	0.0000	0.0000	0.0000	1.0000	0.0000	1.0000	0.0000	0.0000	0.0000	1.0000	0.0000	1.0000	0.0793	0.0677	0.0117	0.0047	0.0045	0.0003	0.0746	0.0632	0.0114	0.2072	0.1217	0.0855	0.0097	0.0080	0.0017	0.1976	0.1137	0.0838	2.6093	inf	0.0000	inf	inf	0.0000	0.0000	0.0000	0.0000	4.8257	0.0000	11.6943	0.0000	0.0000	0.0000	5.0617	0.0000	11.9264		
24	39	0.1480	4	0	2	0	0	0	0	0	0	N	Y	N	N	N	N	N	N	N	N	N	N	0.0000	0.0000	0.0000	0.0000	0.0000	0.0000	0.0000	0.0000	0.0000	0.0000	0.0000	0.0000	0.0000	0.0000	0.0000	4.8256	0.0000	23.0830	0.0347	0.0000	0.1544	6.0537	0.0000	24.5595	inf	0.0000	0.4698	2.9988	0.0217	13.9984	6.0735	0.0000	0.0000	0.0000	0.0000	0.0000	0.0000	0.0000	0.0000	0.0000	1.0211	0.0000	1.0211	0.0015	0.0000	0.0015	1.0196	0.0000	1.0196	0.0032	0.0027	0.0004	0.0011	0.0011	0.0000	0.0020	0.0016	0.0004	0.2116	0.1266	0.0850	0.0432	0.0335	0.0097	0.1684	0.0932	0.0753	0.0000	0.0000	0.0000	0.0000	0.0000	0.0000	0.0000	0.0000	0.0000	4.8256	0.0000	12.0157	0.0347	0.0000	0.1544	6.0537	0.0000	13.5471				
24	40	0.1306	3	0	1	0	0	0	0	0	0	N	N	N	N	N	N	N	N	N	N	N	N	0.0000	0.0000	0.0000	0.0000	0.0000	0.0000	0.0000	0.0000	0.0000	0.0000	0.0000	0.0000	0.0000	0.0000	0.0000	7.4430	0.0199	34.2142	0.0000	0.0000	0.0000	8.0319	0.0222	35.0739	652.5867	0.0000	0.4495	2.9988	0.0217	13.9984	4.0395	0.0000	0.0000	0.0000	0.0000	0.0000	0.0000	0.0000	0.0000	0.0000	0.9804	0.0015	0.9789	0.0000	0.0000	0.0000	0.9804	0.0015	0.9789	0.0009	0.0007	0.0001	0.0000	0.0000	0.0000	0.0009	0.0007	0.0001	0.1318	0.0753	0.0565	0.0097	0.0076	0.0021	0.1221	0.0677	0.0544	0.0000	0.0000	0.0000	0.0000	0.0000	0.0000	0.0000	0.0000	0.0000	7.4407	0.0199	17.3298	0.0000	0.0000	0.0000	8.0319	0.0222	17.9975				
24	41	0.1306	3	0	2	0	1	0	0	0	0	N	Y	N	N	N	N	N	N	N	N	N	N	0.0000	0.0000	0.0000	0.0000	0.0000	0.0000	0.0000	0.0000	0.0000	0.0000	0.0000	0.0000	0.0000	0.0000	0.0000	0.0000	0.0000	0.0000	0.0000	0.0000	2.9988	0.0000	13.9984	7.0150	0.0000	0.0000	0.0000	0.0000	0.0000	0.0000	0.0000	0.0000	0.0000	0.0000	0.0000	0.0000	0.0000	0.0000	0.0000	0.0000	0.0000	0.0000	0.0000	0.0000	0.0000	0.0000	0.0000	0.0000	0.0000	0.0000	0.0000	0.2196	0.1249	0.0947	0.0150	0.0115	0.0035	0.2046	0.1135	0.0911	0.0000	0.0000	0.0000	0.0000	0.0000	0.0000	0.0000	0.0000	0.0000	0.0000	0.0000	0.0000	0.0000	0.0000	0.0000	0.0000	0.0000	0.0000											
24	42	0.1328	3	1	1	1	0	0	0	0	0	N	N	N	N	N	N	N	N	N	N	N	N	0.0000	0.0000	0.0000	0.0000	0.0000	0.0000	0.0000	0.0000	0.0000	0.0000	0.0000	0.0000	0.0000	0.0000	0.0000	0.0000	0.0000	0.0000	0.0000	0.0000	2.9988	0.0000	13.9984	0.0000	0.0000	0.0000	0.0000	0.0000	0.0000	0.0000	0.0000	0.0000	0.0000	0.0000	0.0000	0.0000	0.0000	0.0000	0.0000	0.0000	0.0000	0.0000	0.0000	0.0000	0.0000	0.0000	0.0000	0.0000	0.0000	0.0000	0.0000	0.0000	0.0000	0.0000	0.0000	0.0000	0.0000	0.0000	0.0000	0.0000	0.0000	0.0000	0.0000	0.0000	0.0000	0.0000	0.0000	0.0000	0.0000	0.0000	0.0000	0.0000	0.0000	0.0000	0.0000	0.0000	0.0000	0.0000											
24	43	0.1160	2	1	1	1	0	0	0	0	0	N	N	N	N	N	N	N	N	N	N	N	N	0.0000	0.0000	0.0000	0.0000	0.0000	0.0000	0.0000	0.0000	0.0000	0.0000	0.0000	0.0000	0.0000	0.0000	0.0000	0.0000	0.0000	0.0000	0.0000	0.0000	2.9988	1.0000	13.9984	3.0000	0.0000	0.0000	0.0000	0.0000	0.0000	0.0000	0.0000	0.0000	0.0000	0.0000	0.0000	0.0000	0.0000	0.0000	0.0000	0.0000	0.0000	0.0000	0.0401	0.0342	0.0059	0.0022	0.0021	0.0001	0.0379	0.0321	0.0058	0.1205	0.0701	0.0504	0.0036	0.0028	0.0007	0.1169	0.0673	0.0496	0.0000	0.0000	0.0000	0.0000	0.0000	0.0000	0.0000	0.0000	0.0000	0.0000	0.0000	0.0000	0.0000	0.0000	0.0000	0.0000	0.0000	0.0000											
24	44	0.1160	2	1	1	1	0	0	0	0	0	N	N	N	N	N	N	N	N	N	N	N	N	inf	inf	inf	inf	24.9162	29.2341	0.0000	450.9714	476.8560	0.0000	0.0000	0.0000	0.0000	0.0000	0.0000	0.0000	0.0000	0.0000	0.0000	0.0000	0.0000	0.0000	0.0000	-0.4611	0.0000	2.9988	1.0000	13.9984	3.0000	0.9986	0.9986	0.0000	0.9986	0.9986	0.0000	0.0000	0.0000	0.0000	0.0000	0.0000	0.0000	0.0000	0.0000	0.0000	0.0000	0.0000	0.0000	0.0401	0.0342	0.0059	0.0022	0.0021	0.0001	0.0379	0.0321	0.0058	0.1205	0.0701	0.0504	0.0036	0.0028	0.0007	0.1169	0.0673	0.0496	inf	inf	0.0000	inf	inf	0.0000	0.0000	0.0000	0.0000	0.0000	0.0000	0.0000	0.0000	0.0000	0.0000	0.0000	0.0000	0.0000						
24	45	0.1736	4	0	1	1	0	0	0	0	0	N	N	N	N	N	N	N	N	N	N	N	N	0.0000	0.0000	0.0000	0.0000	0.0000	0.0000	0.0000	0.0000	0.0000	0.0000	0.0000	0.0000	0.0000	0.0000	0.0000	0.0000	0.0000	0.0000	0.0000	0.0000	2.9988	0.0000	13.9984	0.0000	0.0000	0.0000	0.0000	0.0000	0.0000	0.0000	0.0000	0.0000	0.0000	0.0000	0.0000	0.0000	0.0000	0.0000	0.0000	0.0000	0.0000	0.0000	0.0000	0.0000	0.0000	0.0000	0.0000	0.0000	0.0000	0.0000	0.0000	0.0000	0.0000	0.0000	0.0000	0.0000	0.0000	0.0000	0.0000	0.0000	0.0000	0.0000	0.0000	0.0000	0.0000	0.0000	0.0000	0.0000	0.0000	0.0000	0.0000	0.0000	0.0000	0.0000	0.0000	0.0000	0.0000	0.0000											
24	46	0.1306	3	0	1	0	0	0	0	0	0	N	N	N	N	N	N	N	N	N	N	N	N	0.0000	0.0000	0.0000	0.0000	0.0000	0.0000	0.0000	0.0000	0.0000	0.0000	0.0000	0.0000	0.0000	0.0000	0.0000	0.0000	0.0000	0.0000	0.0000	0.0000	2.9988	4.0000	13.9984	5.9850	0.0000	0.0000	0.0000	0.0000	0.0000	0.0000	0.0000	0.0000	0.0000	0.0000	0.0000	0.0000	0.0000	0.0000	0.0000	0.0000	0.0000	0.0000	0.1569	0.1334	0.0235	0.0017	0.0016	0.0001	0.1552	0.1318	0.0234	0.3039	0.1727	0.1312	0.0201	0.0152	0.0049	0.2838	0.1575	0.1262	0.0000	0.0000	0.0000	0.0000	0.0000	0.0000	0.0000	0.0000	0.0000	0.0000	0.0000	0.0000	0.0000	0.0000	0.0000	0.0000	0.0000	0.0000											
24	47	0.2017	5	0	2	0	0	0	0	0	0	N	Y	N	N	N	N	N	N	N	N	N	N	0.0000	0.0000	0.0000	0.0000	0.0000	0.0000	0.0000	0.0000	0.0000	0.0000	0.0000	0.0000	0.0000	0.0000	0.0000	0.0000	0.0000	0.0000	0.0000	0.0000	2.9988	0.0000	13.9984	0.0000	0.0000	0.0000	0.0000	0.0000	0.0000	0.0000	0.0000	0.0000	0.0000	0.0000	0.0000	0.0000	0.0000	0.0000	0.0000	0.0000	0.0000	0.0000	0.0000	0.0000	0.0000	0.0000	0.0000	0.0000	0.0000	0.0000	0.0000	0.0000	0.0000	0.0000	0.0000	0.0000	0.0000	0.0000	0.0000	0.0000	0.0000	0.0000	0.0000	0.0000	0.0000	0.0000	0.0000	0.0000	0.0000	0.0000	0.0000	0.0000	0.0000	0.0000	0.0000	0.0000	0.0000	0.0000											
24	48	0.1486	4	1	2	1	0	0	0	0	0	N	Y	N	N	N	N	N	N	N	N	N	N	inf	inf	inf	inf	5.0569	5.7729	0.0000	12.6573	12.6639	0.0000	0.0000	0.0000	0.0000	0.0000	0.0000	0.0000	0.0000	0.0000	0.0000	0.0000	0.0000	0.0000	0.0000	-0.0000	0.0000	2.9988	0.0000	13.9984	2.0152	0.0000	0.0000	0.0000	0.0000	0.0000	0.0000	0.0000	0.0000	0.0000	0.0000	0.0000	0.0000	0.0000	0.0000	0.0000	0.0000	0.0000	0.0000	0.0000	0.0000	0.0000	0.0000	0.0000	0.0000	0.0000	0.0000	0.0000	0.0668	0.0393	0.0275	0.0074	0.0062	0.0011	0.0594	0.0330	0.0264	inf	inf	0.0000	inf	inf	0.0000	0.0000	0.0000	0.0000	0.0000	0.0000	0.0000	0.0000	0.0000	0.0000	0.0000	0.0000	0.0000						
24	49	0.1443	3	1	1	1	0	0	0	0	0	N	N	N	N	N	N	N	N	N	N	N	N	inf	inf	inf	inf	inf	inf	inf	5.1953	5.7048	1.4470	12.6424	12.6634	0.0000	0.2872	0.0000	1.4550	0.0000	0.0000	0.0000	0.0000	0.0000	0.0000	0.0000	0.0000	0.0000	0.0345	-0.0001	0.0000	2.9988	0.0003	13.9984	1.0311	0.0003	0.0003	0.0000	0.0003	0.0003	0.0000	0.0000	0.0000	0.0000	0.0000	0.0000	0.0000	0.0000	0.0000	0.0000	0.0000	0.0000	0.0000	0.0001	0.0001	0.0000	0.0000	0.0000	0.0000	0.0000	0.0000	0.0000	0.0346	0.0206	0.0141	0.0037	0.0032	0.0005	0.0309	0.0173	0.0136	inf	inf	inf	inf	inf	0.0000	inf	0.0000	inf	0.0000	0.0000	0.0000	0.0000	0.0000	0.0000	0.0000	0.0000	0.0000			
24	50	0.1443	3	1	2	1	0	0	0	0	0	N	Y	N	N	N	N	N	N	N	N	N	N	inf	inf	inf	inf	5.0580	5.7439	0.0000	12.6454	12.6662	0.0000	0.0000	0.0000	0.0000	0.0000	0.0000	0.0000	0.0000	0.0000	0.0000	0.0000	0.0000	0.0000	0.0000	-0.0001	0.0000	2.9988	0.0003	13.9984	1.0126	0.0003	0.0003	0.0000	0.0003	0.0003	0.0000	0.0000	0.0000	0.0000	0.0000	0.0000	0.0000	0.0000	0.0000	0.0000	0.0000	0.0000	0.0000	0.0001	0.0001	0.0000	0.0000	0.0000	0.0000	0.0000	0.0000	0.0000	0.0341	0.0203	0.0138	0.0037	0.0032	0.0005	0.0304	0.0170	0.0133	inf	inf	0.0000	inf	inf	0.0000	0.0000	0.0000	0.0000	0.0000	0.0000	0.0000	0.0000	0.0000	0.0000	0.0000	0.0000	0.0000						
24	51	0.1735	2	1	2	0	0	0	0	0	0	N	Y	N	N	N	N	N	N	N	N	N	N	0.0000	0.0000	0.0000	0.0000	0.0000	0.0000	0.0000	0.0000	0.0000	0.0000	0.0000	0.0000	0.0000	0.0000	0.0000	0.0000	0.0000	0.0000	0.0000	0.0000	2.9988	0.0000	13.9984	1.0000	0.0000	0.0000	0.0000	0.0000	0.0000	0.0000	0.0000	0.0000	0.0000	0.0000	0.0000	0.0000	0.0000	0.0000	0.0000	0.0000	0.0000	0.0000	0.0000	0.0000	0.0000	0.0000	0.0000	0.0000	0.0000	0.0000	0.0000	0.0315	0.0186	0.0129	0.0049	0.0039	0.0010	0.0266	0.0146	0.0120	0.0000	0.0000	0.0000	0.0000	0.0000	0.0000	0.0000	0.0000	0.0000	0.0000	0.0000	0.0000	0.0000	0.0000	0.0000	0.0000	0.0000	0.0000											
24	52	0.1696	5	0	2	0	1	0	0	0	0	N	Y	N	N	N	N	N	N	N	N	N	N	0.0000	0.0000	0.0000	0.0000	0.0000	0.0000	0.0000	0.0000	0.0000	0.0000	0.0000	0.0000	0.0000	0.0003	0.0005	0.0000	0.0015	0.0017	0.0000	0.0000	0.0000	0.0000	0.0000	0.0000	-0.0000	2.9988	0.9995	13.9984	1.0399	0.0000	0.0000	0.0000	0.0000	0.0000	0.0000	0.0000	0.0000	0.0000	0.0000	0.0000	0.0000	0.0000	0.0000	0.0000	0.0000	0.0000	0.0000	0.0404	0.0343	0.0061	0.0011	0.0010	0.0001	0.0394	0.0333	0.0060	0.0904	0.0610	0.0294	0.0196	0.0180	0.0016	0.0708	0.0430	0.0278	0.0000	0.0000	0.0000	0.0000	0.0000	0.0000	0.0000	0.0000	0.0000	0.0003	0.0005	0.0000	0.0015	0.0017	0.0000	0.0000	0.0000	0.0000						
24	53	0.1696	5	0	1	0	1	0	0	0	0	N	N	N	N	N	N	N	N	N	N	N	N	0.0000	0.0000	0.0000	0.0000	0.0000	0.0000	0.0000	0.0000	0.0000	0.0000	0.0000	0.0000	0.0000	0.0000	0.0000	0.0000	0.0000	0.0000	0.0000	0.0000	2.9988	3.0005	13.9984	1.0125	0.0000	0.0000	0.0000	0.0000	0.0000	0.0000	0.0000	0.0000	0.0000	0.0000	0.0000	0.0000	0.0000	0.0000	0.0000	0.0000	0.0000	0.0000	0.1190	0.1012	0.0178	0.0032	0.0030	0.0002	0.1158	0.0982	0.0176	0.1506	0.0956	0.0550	0.0256	0.0226	0.0030	0.1250	0.0730	0.0520	0.0000	0.0000	0.0000	0.0000	0.0000	0.0000	0.0000	0.0000	0.0000	0.0000	0.0000	0.0000	0.0000	0.0000	0.0000	0.0000	0.0000	0.0000											
24	54	0.1614	4	0	1	0	1	0	0	0	0	N	N	N	N	N	N	N	N	N	N	N	N	0.0000	0.0000	0.0000	0.0000	0.0000	0.0000	0.0000	0.0000	0.0000	0.0000	0.0000	0.0000	0.0000	0.0000	0.0000	0.0000	0.0000	0.0019	0.0031	0.0004	0.0216	0.0293	0.0000	0.0005	0.0006	0.0004	0.0909	0.0000	-0.0001	2.9988	0.0013	13.9984	1.9704	0.0000	0.0000	0.0000	0.0000	0.0000	0.0000	0.0000	0.0000	0.0000	0.0001	0.0001	0.0000	0.0001	0.0001	0.0000	0.0000	0.0000	0.0000	0.0001	0.0000	0.0000	0.0000	0.0000	0.0000	0.0001	0.0000	0.0000	0.0622	0.0353	0.0268	0.0042	0.0031	0.0011	0.0580	0.0323	0.0257	0.0000	0.0000	0.0000	0.0000	0.0000	0.0000	0.0000	0.0000	0.0000	0.0019	0.0031	0.0004	0.0216	0.0293	0.0000	0.0005	0.0006	0.0004		
24	55	0.1306	3	0	1	0	1	0	0	0	0	N	N	N	N	N	N	N	N	N	N	N	N	0.0000	0.0000	0.0000	0.0000	0.0000	0.0000	0.0000	0.0000	0.0000	0.0000	0.0000	0.0000	0.0000	0.0004	0.0007	0.0000	0.0000	0.0000	0.0000	0.0004	0.0008	0.0000	0.0000	0.0000	-0.0000	2.9988	3.0000	13.9984	4.0155	0.0000	0.0000	0.0000	0.0000	0.0000	0.0000	0.0000	0.0000	0.0000	0.0001	0.0001	0.0000	0.0000	0.0000	0.0000	0.0001	0.0001	0.0000	0.1188	0.1009	0.0179	0.0013	0.0012	0.0001	0.1175	0.0998	0.0178	0.2196	0.1249	0.0947	0.0150	0.0115	0.0035	0.2046	0.1135	0.0911	0.0000	0.0000	0.0000	0.0000	0.0000	0.0000	0.0000	0.0000	0.0000	0.0004	0.0007	0.0000	0.0000	0.0000	0.0000	0.0004	0.0008	0.0000						
24	56	0.1349	4	0	2	1	0	0	0	0	0	N	Y	N	N	N	N	N	N	N	N	N	N	0.0075	0.0000	99.7059	inf	inf	0.0066	0.0000	98.2711	0.0260	0.0001	0.1761	0.0022	0.0023	0.0000	0.0275	0.0000	0.1797	3.4736	5.3784	0.0018	0.0000	0.0000	0.0000	4.1575	7.0385	0.0018	206.7164	0.0002	0.0011	-0.5395	2.9988	2.0013	13.9984	5.6727	0.0021	0.0000	0.0021	0.0000	0.0000	0.0000	0.0021	0.0000	0.0021	0.9996	0.9994	0.0002	0.0000	0.0000	0.0000	0.9996	0.9994	0.0002	0.0798	0.0681	0.0117	0.0046	0.0043	0.0002	0.0753	0.0638	0.0115	0.2878	0.1858	0.1019	0.0473	0.0438	0.0035	0.2404	0.1420	0.0984	0.0075	0.0000	99.7059	inf	inf	0.0000	0.0066	0.0000	98.2711	3.4736	5.3784	0.0018	0.0000	0.0000	0.0000	4.1575	7.0385	0.0018	
24	57	0.1312	3	0	2	0	0	0	0	0	0	N	Y	N	N	N	N	N	N	N	N	N	N	491.6167	1417.8430	50.7523	12207.1934	12106.2100	15.9626	0.0000	46.2810	13.2765	14.5752	3.9740	73.1193	74.0488	0.0000	0.5901	0.0000	4.0466	0.0270	0.0103	0.0783	0.0060	0.0061	0.0000	0.0370	0.0133	0.0874	0.0381	2.5008	-0.0010	0.0005	2.9988	0.0033	13.9984	1.3874	0.0024	0.0024	0.0001	0.0024	0.0024	0.0000	0.0001	0.0000	0.0001	0.0028	0.0008	0.0020	0.0002	0.0002	0.0000	0.0026	0.0006	0.0020	0.0002	0.0002	0.0000	0.0000	0.0000	0.0000	0.0002	0.0001	0.0000	0.1037	0.0778	0.0259	0.0333	0.0326	0.0007	0.0703	0.0451	0.0252	491.6167	1417.8430	51.4119	12207.1934	12106.2100	0.0000	15.9626	0.0000	50.9526	0.0270	0.0103	0.0773	0.0060	0.0061	0.0000	0.0370	0.0133	0.0794	
24	58	0.1160	2	1	1	1	0	0	0	0	0	N	N	N	N	N	N	N	N	N	N	N	N	0.0000	0.0000	0.0000	0.0000	0.0000	0.0000	0.0000	0.0000	0.0000	0.0000	0.0000	0.0000	0.0000	0.0000	0.0000	0.0000	0.0000	0.0000	0.0000	0.0000	2.9988	0.0000	13.9984	2.0000	0.0000	0.0000	0.0000	0.0000	0.0000	0.0000	0.0000	0.0000	0.0000	0.0000	0.0000	0.0000	0.0000	0.0000	0.0000	0.0000	0.0000	0.0000	0.0000	0.0000	0.0000	0.0000	0.0000	0.0000	0.0000	0.0000	0.0000	0.0611	0.0356	0.0256	0.0018	0.0014	0.0004	0.0593	0.0342	0.0252	0.0000	0.0000	0.0000	0.0000	0.0000	0.0000	0.0000	0.0000	0.0000	0.0000	0.0000	0.0000	0.0000	0.0000	0.0000	0.0000	0.0000	0.0000											
24	59	0.1312	3	0	2	0	0	0	0	0	0	N	Y	N	N	N	N	N	N	N	N	N	N	1372.6356	0.0000	3205.5437	0.0000	0.0000	1205.3025	3164.2677	12.5856	0.0000	85.5244	0.0000	0.0000	0.0000	13.3246	0.0000	87.3015	0.0092	0.0001	0.0267	0.0005	0.0005	0.0000	0.0111	0.0000	0.0276	inf	100.0000	0.5381	0.0009	2.9988	1.9997	13.9984	3.4660	0.9998	0.0000	0.9998	0.0000	0.0000	0.0000	0.9998	0.0000	0.9998	0.0020	0.0000	0.0020	0.0000	0.0000	0.0000	0.0020	0.0000	0.0020	0.0794	0.0677	0.0117	0.0044	0.0042	0.0002	0.0750	0.0636	0.0115	0.2203	0.1453	0.0750	0.0394	0.0369	0.0025	0.1809	0.1084	0.0725	1372.6356	0.0000	3205.5437	0.0000	0.0000	0.0000	1205.3025	0.0000	3164.2677	0.0092	0.0001	0.0267	0.0005	0.0005	0.0000	0.0111	0.0000	0.0276		
24	60	0.1160	2	0	2	0	0	0	0	0	0	N	Y	N	N	N	N	N	N	N	N	N	N	1.9329	14695.2852	2.2300	inf	inf	1.6073	0.0000	2.2767	18.2830	4.6358	96.7309	71.4031	75.5019	0.0000	15.1733	0.0000	98.7312	9.4588	0.0003	43.3764	0.0000	0.0000	0.0000	9.4402	0.0003	43.3669	3.6300	49900.0000	0.0001	0.4591	2.9988	0.0005	13.9984	3.6054	0.0004	0.0001	0.0003	0.0001	0.0001	0.0000	0.0003	0.0000	0.0003	0.9980	0.0000	0.9980	0.0000	0.0000	0.0000	0.9980	0.0000	0.9980	0.0000	0.0000	0.0000	0.0000	0.0000	0.0000	0.0000	0.0000	0.0000	0.1089	0.0634	0.0455	0.0032	0.0025	0.0007	0.1057	0.0609	0.0449	1.9955	14695.2852	4.4131	inf	inf	0.0000	1.6073	0.0000	4.4376	9.1620	0.0003	21.9191	0.0000	0.0000	0.0000	9.4402	0.0003	22.2488	
24	61	0.2017	5	0	1	1	0	0	0	0	0	N	N	N	N	N	N	N	N	N	N	N	N	0.0000	0.0000	0.0000	0.0000	0.0000	0.0000	0.0000	0.0000	0.0000	0.0000	0.0000	0.0000	0.0000	0.0000	0.0000	0.0000	0.0000	0.0000	0.0000	0.0000	2.9988	0.0000	13.9984	1.0000	0.0000	0.0000	0.0000	0.0000	0.0000	0.0000	0.0000	0.0000	0.0000	0.0000	0.0000	0.0000	0.0000	0.0000	0.0000	0.0000	0.0000	0.0000	0.0000	0.0000	0.0000	0.0000	0.0000	0.0000	0.0000	0.0000	0.0000	0.0301	0.0174	0.0128	0.0042	0.0029	0.0013	0.0260	0.0145	0.0115	0.0000	0.0000	0.0000	0.0000	0.0000	0.0000	0.0000	0.0000	0.0000	0.0000	0.0000	0.0000	0.0000	0.0000	0.0000	0.0000	0.0000	0.0000											
24	62	0.1974	4	0	1	0	0	0	0	0	0	N	N	N	N	N	N	N	N	N	N	N	N	0.0000	0.0000	0.0000	0.0000	0.0000	0.0000	0.0000	0.0000	0.0000	0.0000	0.0000	0.0000	0.0000	1.0852	2.2338	0.0000	63.8009	73.8229	0.0000	0.0000	0.0000	0.0000	0.0000	0.0000	-0.0134	2.9988	0.0001	13.9984	1.0076	0.0000	0.0000	0.0000	0.0000	0.0000	0.0000	0.0000	0.0000	0.0000	0.0248	0.0248	0.0000	0.0248	0.0248	0.0000	0.0000	0.0000	0.0000	0.0000	0.0000	0.0000	0.0000	0.0000	0.0000	0.0000	0.0000	0.0000	0.0388	0.0246	0.0142	0.0083	0.0070	0.0013	0.0305	0.0175	0.0130	0.0000	0.0000	0.0000	0.0000	0.0000	0.0000	0.0000	0.0000	0.0000	0.6397	1.0108	0.0000	2.9963	3.5334	0.0000	0.0000	0.0000	0.0000						
24	63	0.1306	3	0	1	0	0	0	0	0	0	N	N	N	N	N	N	N	N	N	N	N	N	0.0000	0.0000	0.0000	0.0000	0.0000	0.0000	0.0000	0.0000	0.0000	0.0000	0.0000	0.0000	0.0000	0.0000	0.0000	0.0565	0.0977	0.0023	0.0000	0.0000	0.0000	0.0604	0.1068	0.0024	0.0176	0.0000	-0.0130	2.9988	11.9999	13.9984	3.0574	0.0000	0.0000	0.0000	0.0000	0.0000	0.0000	0.0000	0.0000	0.0000	0.0248	0.0244	0.0004	0.0000	0.0000	0.0000	0.0248	0.0244	0.0004	0.4375	0.3738	0.0637	0.0049	0.0045	0.0004	0.4326	0.3692	0.0634	0.4392	0.2497	0.1895	0.0285	0.0213	0.0072	0.4107	0.2284	0.1823	0.0000	0.0000	0.0000	0.0000	0.0000	0.0000	0.0000	0.0000	0.0000	0.0565	0.0977	0.0023	0.0000	0.0000	0.0000	0.0604	0.1068	0.0024				
24	64	0.1160	2	1	2	0	0	0	0	0	0	N	Y	N	N	N	N	N	N	N	N	N	N	inf	inf	inf	inf	0.0008	0.0000	0.0053	0.0000	0.0000	0.0000	0.0008	0.0000	0.0054	0.0000	0.0000	0.0000	0.0000	0.0000	0.0000	0.0000	0.0000	0.0000	inf	0.0001	0.0000	2.9988	4.0000	13.9984	3.0000	0.0001	0.0000	0.0001	0.0000	0.0000	0.0000	0.0001	0.0000	0.0001	0.0000	0.0000	0.0000	0.0000	0.0000	0.0000	0.0000	0.0000	0.0000	0.1559	0.1331	0.0228	0.0086	0.0081	0.0005	0.1473	0.1249	0.0223	0.2063	0.1201	0.0862	0.0062	0.0049	0.0013	0.2001	0.1152	0.0849	inf	0.0000	inf	0.0000	0.0000	0.0000	inf	0.0000	inf	0.0000	0.0000	0.0000	0.0000	0.0000	0.0000	0.0000	0.0000	0.0000						
24	67	0.2291	3	0	1	0	0	0	0	0	0	N	N	N	N	N	N	N	N	N	N	N	N	0.1828	1.0424	0.0000	1.2343	0.9064	0.0000	0.0000	0.0000	0.3301	0.3829	0.0000	3.7689	3.8746	0.0000	0.0000	0.0000	0.0000	1.8057	0.3673	3.5871	3.0535	4.2749	0.0707	1.6731	0.0000	4.1755	0.0000	6.8941	-0.0328	0.3758	2.9988	4.8614	13.9984	14.2102	0.0711	0.0711	0.0000	0.0711	0.0711	0.0000	0.0000	0.0000	0.0000	1.1271	0.1428	0.9843	0.1460	0.1428	0.0032	0.9811	0.0000	0.9811	0.2154	0.1857	0.0297	0.0189	0.0184	0.0005	0.1965	0.1674	0.0292	0.9257	0.6373	0.2884	0.3393	0.2937	0.0456	0.5864	0.3435	0.2429	0.2711	1.7090	0.0000	8.7580	7.9703	0.0000	0.0000	0.0000	0.0000	1.2176	0.2241	3.4129	0.4303	0.4861	0.0707	1.6731	0.0000	4.0399	
24	68	0.1499	5	1	2	1	0	0	0	0	0	N	Y	N	N	N	N	N	N	N	N	N	N	0.0000	0.0000	0.0000	0.0000	0.0000	0.0000	0.0000	0.0000	0.0000	0.0000	0.0000	0.0000	0.0000	0.0000	0.0000	0.0000	0.0000	0.0000	0.0000	0.0000	2.9988	0.0000	13.9984	0.0000	0.0000	0.0000	0.0000	0.0000	0.0000	0.0000	0.0000	0.0000	0.0000	0.0000	0.0000	0.0000	0.0000	0.0000	0.0000	0.0000	0.0000	0.0000	0.0000	0.0000	0.0000	0.0000	0.0000	0.0000	0.0000	0.0000	0.0000	0.0000	0.0000	0.0000	0.0000	0.0000	0.0000	0.0000	0.0000	0.0000	0.0000	0.0000	0.0000	0.0000	0.0000	0.0000	0.0000	0.0000	0.0000	0.0000	0.0000	0.0000	0.0000	0.0000	0.0000	0.0000	0.0000	0.0000											
24	69	0.1458	4	1	1	1	0	0	0	0	0	N	N	N	N	N	N	N	N	N	N	N	N	3098.4106	0.0000	inf	0.0000	0.0000	inf	inf	3.7298	0.0000	30.5739	0.0000	0.0000	0.0000	6.0247	0.0000	30.7768	0.0012	0.0020	0.0000	0.0087	0.0099	0.0000	0.0000	0.0000	0.0000	inf	0.0000	0.0005	-0.0000	2.9988	0.0016	13.9984	0.9826	0.0009	0.0000	0.0009	0.0000	0.0000	0.0000	0.0009	0.0000	0.0009	0.0000	0.0000	0.0000	0.0000	0.0000	0.0000	0.0000	0.0000	0.0000	0.0002	0.0002	0.0000	0.0001	0.0001	0.0000	0.0002	0.0001	0.0000	0.0332	0.0200	0.0132	0.0046	0.0040	0.0006	0.0286	0.0160	0.0127	3098.4106	0.0000	inf	0.0000	0.0000	0.0000	inf	0.0000	inf	0.0012	0.0020	0.0000	0.0087	0.0099	0.0000	0.0000	0.0000	0.0000		
24	70	0.1330	3	1	1	1	0	0	0	0	0	N	N	N	N	N	N	N	N	N	N	N	N	18.3009	12.3798	141.3184	0.6751	0.6045	0.0000	53.4895	138.2042	1.4894	1.6643	0.1395	4.5352	4.5519	0.0000	0.0237	0.0000	0.1410	0.0814	0.1344	0.0010	6.7175	7.5297	0.0000	0.0004	0.0000	0.0010	0.0109	0.0048	-0.0004	-0.0044	2.9988	0.0061	13.9984	3.0249	0.0009	0.0009	0.0000	0.0009	0.0009	0.0000	0.0000	0.0000	0.0000	0.0082	0.0082	0.0000	0.0082	0.0082	0.0000	0.0000	0.0000	0.0000	0.0006	0.0006	0.0001	0.0002	0.0002	0.0000	0.0004	0.0004	0.0001	0.1011	0.0609	0.0402	0.0116	0.0103	0.0013	0.0895	0.0506	0.0389	18.3009	12.3798	141.3184	6.4127	5.7098	0.0000	53.4895	0.0000	138.2042	0.0814	0.1344	0.0010	0.7072	0.7972	0.0000	0.0004	0.0000	0.0010	
24	71	0.1160	2	1	1	1	0	0	0	0	0	N	N	N	N	N	N	N	N	N	N	N	N	0.8242	13.9774	0.0000	inf	inf	0.0000	0.0000	0.0000	0.0556	0.0653	0.0000	1.0052	1.0629	0.0000	0.0000	0.0000	0.0000	0.0674	0.0047	0.1985	0.0000	0.0000	0.0000	0.0695	0.0049	0.1952	0.0000	23.8182	-0.0000	0.0034	2.9988	0.0044	13.9984	4.0281	0.0000	0.0000	0.0000	0.0000	0.0000	0.0000	0.0000	0.0000	0.0000	0.0082	0.0003	0.0079	0.0000	0.0000	0.0000	0.0082	0.0003	0.0079	0.0002	0.0002	0.0000	0.0000	0.0000	0.0000	0.0002	0.0001	0.0000	0.1214	0.0707	0.0508	0.0036	0.0028	0.0008	0.1179	0.0678	0.0500	0.8242	13.9774	0.0000	inf	inf	0.0000	0.0000	0.0000	0.0000	0.0674	0.0047	0.1549	0.0000	0.0000	0.0000	0.0695	0.0049	0.1572	
24	73	0.1160	2	1	1	1	0	0	0	0	0	N	N	N	N	N	N	N	N	N	N	N	N	2.5942	inf	0.0000	inf	inf	0.0000	0.0000	12.5765	14.7475	0.0000	227.8479	240.9260	0.0000	0.0000	0.0000	0.0000	4.8479	0.0000	22.1495	0.0000	0.0000	0.0000	4.9970	0.0000	20.3096	0.0000	inf	-0.4611	0.4601	2.9988	2.0000	13.9984	5.0000	0.9986	0.9986	0.0000	0.9986	0.9986	0.0000	0.0000	0.0000	0.0000	1.0000	0.0000	1.0000	0.0000	0.0000	0.0000	1.0000	0.0000	1.0000	0.0794	0.0677	0.0117	0.0044	0.0041	0.0002	0.0750	0.0636	0.0115	0.2063	0.1201	0.0862	0.0062	0.0049	0.0013	0.2001	0.1152	0.0849	2.5942	inf	0.0000	inf	inf	0.0000	0.0000	0.0000	0.0000	4.8479	0.0000	11.6027	0.0000	0.0000	0.0000	4.9970	0.0000	11.7798		
24	74	0.1160	3	0	2	0	0	0	0	0	0	N	Y	N	N	N	N	N	N	N	N	N	N	8.5798	55.8920	0.0000	241.5287	306.0533	0.0000	0.0000	0.0000	0.1955	0.2294	0.0000	9.4938	9.5911	0.0000	0.0000	0.0000	0.0000	0.0228	0.0041	0.0514	0.0393	0.0313	0.0864	0.0211	0.0000	0.0515	0.0000	8.2530	-0.0225	0.0049	2.9988	6.1274	13.9984	13.6208	0.0487	0.0487	0.0000	0.0487	0.0487	0.0000	0.0000	0.0000	0.0000	0.0139	0.0015	0.0124	0.0022	0.0015	0.0007	0.0117	0.0000	0.0117	0.2491	0.2124	0.0368	0.0051	0.0051	0.0001	0.2440	0.2073	0.0367	0.6091	0.3655	0.2435	0.0560	0.0479	0.0081	0.5531	0.3177	0.2354	8.5798	55.8920	0.0000	241.5287	306.0533	0.0000	0.0000	0.0000	0.0000	0.0228	0.0041	0.0508	0.0393	0.0313	0.0864	0.0211	0.0000	0.0496	
24	75	0.1405	6	0	1	1	0	0	0	0	0	N	N	N	N	N	N	N	N	N	N	N	N	0.0000	0.0000	0.0000	0.0000	0.0000	0.0000	0.0000	0.0000	0.0000	0.0000	0.0000	0.0000	0.0000	0.0000	0.0000	0.0000	0.0000	0.0000	0.0000	0.0000	2.9988	0.0000	13.9984	1.0003	0.0000	0.0000	0.0000	0.0000	0.0000	0.0000	0.0000	0.0000	0.0000	0.0000	0.0000	0.0000	0.0000	0.0000	0.0000	0.0000	0.0000	0.0000	0.0000	0.0000	0.0000	0.0000	0.0000	0.0000	0.0000	0.0000	0.0000	0.0328	0.0197	0.0130	0.0027	0.0022	0.0005	0.0301	0.0176	0.0125	0.0000	0.0000	0.0000	0.0000	0.0000	0.0000	0.0000	0.0000	0.0000	0.0000	0.0000	0.0000	0.0000	0.0000	0.0000	0.0000	0.0000	0.0000											
24	76	0.1364	5	0	1	1	0	0	0	0	0	N	N	N	N	N	N	N	N	N	N	N	N	0.0000	0.0000	0.0000	0.0000	0.0000	0.0000	0.0000	0.0000	0.0000	0.0000	0.0000	0.0000	0.0000	0.0131	0.0000	0.0330	0.0000	0.0000	0.0000	0.0142	0.0000	0.0342	inf	0.0000	0.0002	2.9988	0.0000	13.9984	1.0076	0.0000	0.0000	0.0000	0.0000	0.0000	0.0000	0.0000	0.0000	0.0000	0.0004	0.0000	0.0004	0.0000	0.0000	0.0000	0.0004	0.0000	0.0004	0.0000	0.0000	0.0000	0.0000	0.0000	0.0000	0.0000	0.0000	0.0000	0.0327	0.0197	0.0131	0.0023	0.0019	0.0005	0.0304	0.0178	0.0126	0.0000	0.0000	0.0000	0.0000	0.0000	0.0000	0.0000	0.0000	0.0000	0.0131	0.0000	0.0330	0.0000	0.0000	0.0000	0.0142	0.0000	0.0342						
24	77	0.1323	4	0	1	0	0	0	0	0	0	N	N	N	N	N	N	N	N	N	N	N	N	0.0676	0.0000	0.1445	0.0000	0.0000	0.1116	0.1597	2.3645	0.0000	22.7307	0.0000	0.0000	0.0000	3.6752	0.0000	22.9485	34.9953	0.0003	157.2578	0.0024	0.0030	0.0000	32.9254	0.0000	143.6870	inf	181436.7937	0.0004	0.4540	2.9988	0.0026	13.9984	0.9924	0.0008	0.0000	0.0008	0.0000	0.0000	0.0000	0.0008	0.0000	0.0008	0.9869	0.0000	0.9869	0.0000	0.0000	0.0000	0.9869	0.0000	0.9869	0.0003	0.0003	0.0000	0.0001	0.0001	0.0000	0.0002	0.0002	0.0000	0.0322	0.0194	0.0129	0.0023	0.0018	0.0005	0.0300	0.0175	0.0124	0.0773	0.0000	0.2971	0.0000	0.0000	0.0000	0.1116	0.0000	0.2892	30.6027	0.0003	76.5167	0.0024	0.0030	0.0000	32.9254	0.0000	79.3542		
24	78	0.1160	3	0	1	0	0	0	0	0	0	N	N	N	N	N	N	N	N	N	N	N	N	50.2775	0.0294	100.0410	0.1920	0.1500	2.3607	50.5441	100.5289	7.5542	0.0004	51.1208	0.0136	0.0077	1.1247	7.8717	0.0000	51.1926	0.1503	0.0124	0.5110	0.0707	0.0514	0.4764	0.1557	0.0000	0.5092	24361.2623	16.8792	0.5109	0.0107	2.9988	2.8733	13.9984	1.5522	0.9492	0.0000	0.9492	0.0001	0.0000	0.0000	0.9491	0.0000	0.9491	0.0265	0.0015	0.0250	0.0022	0.0015	0.0007	0.0243	0.0000	0.0243	0.1257	0.1071	0.0186	0.0051	0.0051	0.0000	0.1206	0.1020	0.0185	0.1870	0.1199	0.0670	0.0309	0.0288	0.0021	0.1561	0.0911	0.0650	53.3125	0.0294	137.0082	0.1920	0.1500	3.3046	50.5441	0.0000	136.8203	0.1417	0.0124	0.3731	0.0707	0.0514	0.3404	0.1557	0.0000	0.3742	
24	79	0.1038	2	0	1	0	0	0	0	0	0	N	N	N	N	N	N	N	N	N	N	N	N	1.1426	43.6851	1.0145	7.2651	53.3013	0.0000	0.7975	0.4787	1.0344	4.6582	1.5432	24.3324	6.7560	6.7586	0.0000	4.1439	0.0031	24.3459	4.0767	0.0353	23.9850	0.9299	0.1268	71.3692	5.1958	0.0064	23.5357	2.4965	168.6366	0.0169	0.3744	2.9988	0.2102	13.9984	3.4985	0.0668	0.0191	0.0477	0.0191	0.0191	0.0000	0.0477	0.0000	0.0477	0.8244	0.0049	0.8196	0.0096	0.0043	0.0053	0.8149	0.0006	0.8143	0.0143	0.0124	0.0020	0.0028	0.0028	0.0000	0.0115	0.0096	0.0020	0.2022	0.1376	0.0647	0.0454	0.0447	0.0007	0.1568	0.0929	0.0639	1.1426	43.6851	1.9195	31.9785	70.8244	0.0000	0.7975	0.4787	1.9115	4.0767	0.0353	12.6763	0.2113	0.0954	7.3615	5.1958	0.0064	12.7365
24	80	0.1349	4	0	2	0	0	0	0	0	0	N	Y	N	N	N	N	N	N	N	N	N	N	0.0000	0.0000	0.0000	0.0000	0.0000	0.0000	0.0000	0.0000	0.0000	0.0000	0.0000	0.0000	0.0000	0.0000	0.0000	0.0000	0.0000	3.8865	0.0287	15.4848	0.5952	0.8845	0.0324	4.2660	0.0000	13.8064	230.9514	0.0000	0.4567	2.9988	2.0196	13.9984	6.0690	0.0000	0.0000	0.0000	0.0000	0.0000	0.0000	0.0000	0.0000	0.0000	1.0020	0.0043	0.9977	0.0045	0.0043	0.0001	0.9976	0.0000	0.9976	0.0819	0.0697	0.0122	0.0027	0.0025	0.0001	0.0792	0.0672	0.0120	0.2578	0.1506	0.1072	0.0240	0.0197	0.0043	0.2338	0.1309	0.1029	0.0000	0.0000	0.0000	0.0000	0.0000	0.0000	0.0000	0.0000	0.0000	3.8865	0.0287	9.3038	0.1860	0.2197	0.0324	4.2660	0.0000	9.6932		
24	81	0.1266	3	0	1	0	0	0	0	0	0	N	N	N	N	N	N	N	N	N	N	N	N	0.0000	0.0000	0.0000	0.0000	0.0000	0.0000	0.0000	0.0000	0.0000	0.0000	0.0000	0.0000	0.0000	0.0000	0.0000	0.0000	0.0000	0.0000	0.1097	0.1281	0.0924	0.0676	0.0968	0.0000	0.1129	0.1325	0.0943	0.4960	0.0000	-0.0015	2.9988	0.9876	13.9984	0.9833	0.0000	0.0000	0.0000	0.0000	0.0000	0.0000	0.0000	0.0000	0.0000	0.0071	0.0047	0.0023	0.0003	0.0003	0.0000	0.0067	0.0044	0.0023	0.0398	0.0338	0.0060	0.0007	0.0007	0.0000	0.0391	0.0331	0.0060	0.0643	0.0368	0.0275	0.0046	0.0035	0.0010	0.0598	0.0333	0.0265	0.0000	0.0000	0.0000	0.0000	0.0000	0.0000	0.0000	0.0000	0.0000	0.1097	0.1281	0.0850	0.0676	0.0870	0.0000	0.1129	0.1325	0.0883	
24	82	0.1443	3	1	1	1	0	0	0	0	0	N	N	N	N	N	N	N	N	N	N	N	N	inf	inf	inf	inf	inf	inf	24.7011	29.1042	0.0000	0.4762	0.5137	0.0000	25.0452	29.5483	0.0000	0.0000	0.0000	0.0000	0.0000	0.0000	0.0000	0.0000	0.0000	0.0000	0.0000	-0.4611	0.0000	2.9988	1.0000	13.9984	2.9874	0.9986	0.9986	0.0000	0.0003	0.0003	0.0000	0.9983	0.9983	0.0000	0.0000	0.0000	0.0000	0.0000	0.0000	0.0000	0.0000	0.0000	0.0000	0.0404	0.0343	0.0061	0.0006	0.0005	0.0000	0.0399	0.0338	0.0061	0.1258	0.0730	0.0528	0.0117	0.0098	0.0019	0.1141	0.0632	0.0509	inf	inf	0.0000	inf	inf	0.0000	inf	inf	0.0000	0.0000	0.0000	0.0000	0.0000	0.0000	0.0000	0.0000	0.0000	0.0000				
24	83	0.1160	2	1	1	1	0	0	0	0	0	N	N	N	N	N	N	N	N	N	N	N	N	inf	inf	inf	inf	24.9162	29.2340	0.0000	450.9701	476.8547	0.0000	0.0000	0.0000	0.0000	0.0000	0.0000	0.0000	0.0000	0.0000	0.0000	0.0000	0.0000	0.0000	0.0000	-0.4610	0.0000	2.9988	0.9997	13.9984	6.0128	0.9984	0.9984	0.0000	0.9984	0.9984	0.0000	0.0000	0.0000	0.0000	0.0000	0.0000	0.0000	0.0000	0.0000	0.0000	0.0000	0.0000	0.0000	0.0401	0.0342	0.0059	0.0022	0.0021	0.0001	0.0379	0.0321	0.0058	0.2066	0.1203	0.0863	0.0062	0.0049	0.0013	0.2005	0.1154	0.0850	inf	inf	0.0000	inf	inf	0.0000	0.0000	0.0000	0.0000	0.0000	0.0000	0.0000	0.0000	0.0000	0.0000	0.0000	0.0000	0.0000						
24	85	0.1306	3	0	2	0	0	0	0	0	0	N	Y	N	N	N	N	N	N	N	N	N	N	0.0000	0.0000	0.0000	0.0000	0.0000	0.0000	0.0000	0.0000	0.0000	0.0000	0.0000	0.0000	0.0000	0.0000	0.0000	0.0000	0.0000	0.0000	0.0000	0.0000	2.9988	1.0000	13.9984	6.9850	0.0000	0.0000	0.0000	0.0000	0.0000	0.0000	0.0000	0.0000	0.0000	0.0000	0.0000	0.0000	0.0000	0.0000	0.0000	0.0000	0.0000	0.0000	0.0404	0.0342	0.0061	0.0004	0.0004	0.0000	0.0399	0.0339	0.0061	0.2476	0.1408	0.1068	0.0167	0.0127	0.0040	0.2309	0.1281	0.1028	0.0000	0.0000	0.0000	0.0000	0.0000	0.0000	0.0000	0.0000	0.0000	0.0000	0.0000	0.0000	0.0000	0.0000	0.0000	0.0000	0.0000	0.0000											
24	86	0.1179	2	0	1	0	0	0	0	0	0	N	N	N	N	N	N	N	N	N	N	N	N	0.0001	0.0106	0.0000	0.0089	0.0567	0.0000	0.0000	0.0000	0.0000	0.0000	0.0000	0.0001	0.0001	0.0000	0.0000	0.0000	0.0000	0.0125	0.0002	0.0284	0.0123	0.0020	0.0452	0.0125	0.0000	0.0278	0.0000	120.9345	-0.0000	0.0006	2.9988	1.0086	13.9984	2.0000	0.0000	0.0000	0.0000	0.0000	0.0000	0.0000	0.0000	0.0000	0.0000	0.0012	0.0000	0.0012	0.0001	0.0000	0.0001	0.0011	0.0000	0.0011	0.0412	0.0350	0.0062	0.0006	0.0006	0.0000	0.0406	0.0344	0.0062	0.0976	0.0550	0.0426	0.0065	0.0050	0.0015	0.0911	0.0500	0.0410	0.0001	0.0106	0.0000	0.0089	0.0567	0.0000	0.0000	0.0000	0.0000	0.0125	0.0002	0.0284	0.0123	0.0020	0.0452	0.0125	0.0000	0.0278	
24	87	0.1160	2	0	2	0	0	0	0	0	0	N	Y	N	N	N	N	N	N	N	N	N	N	inf	inf	inf	inf	inf	inf	inf	12.8237	7.5047	43.8720	116.3011	122.9790	0.0000	6.7907	0.0000	44.7881	0.0000	0.0000	0.0000	0.0000	0.0000	0.0000	0.0000	0.0000	0.0000	1.0015	0.0772	0.0000	2.9988	4.0000	13.9984	7.0000	1.9988	0.9986	1.0001	0.9986	0.9986	0.0000	1.0001	0.0000	1.0001	0.0000	0.0000	0.0000	0.0000	0.0000	0.0000	0.0000	0.0000	0.0000	0.1559	0.1331	0.0228	0.0086	0.0081	0.0005	0.1473	0.1249	0.0223	0.3149	0.1834	0.1315	0.0095	0.0075	0.0020	0.3054	0.1759	0.1295	inf	inf	inf	inf	inf	0.0000	inf	0.0000	inf	0.0000	0.0000	0.0000	0.0000	0.0000	0.0000	0.0000	0.0000	0.0000			
24	89	0.1352	4	0	2	0	0	0	0	0	0	N	Y	N	N	N	N	N	N	N	N	N	N	0.2359	inf	0.0000	258.3776	inf	0.0000	0.0000	0.0000	0.8291	0.9511	0.0000	2.2870	2.2889	0.0000	0.0000	0.0000	0.0000	3.5151	0.0000	12.2171	0.0089	0.0000	0.0365	3.9195	0.0000	12.4914	0.0000	inf	-0.0009	0.4593	2.9988	0.0157	13.9984	9.0253	0.0019	0.0019	0.0000	0.0019	0.0019	0.0000	0.0000	0.0000	0.0000	0.9984	0.0000	0.9984	0.0003	0.0000	0.0003	0.9981	0.0000	0.9981	0.0022	0.0019	0.0003	0.0008	0.0008	0.0000	0.0014	0.0011	0.0003	0.2840	0.1634	0.1206	0.0294	0.0223	0.0071	0.2547	0.1412	0.1135	0.2359	inf	0.0000	258.3776	inf	0.0000	0.0000	0.0000	0.0000	3.5151	0.0000	8.2790	0.0089	0.0000	0.0365	3.9195	0.0000	8.7960	
24	90	0.1266	3	0	2	0	0	0	0	0	0	N	Y	N	N	N	N	N	N	N	N	N	N	74.6727	2.0810	289.3629	0.0000	0.0000	0.0000	85.6699	4.4082	281.9416	2.4842	0.0315	16.7534	0.0000	0.0000	0.0000	2.6329	0.0337	16.8624	0.0333	0.0151	0.0579	0.0666	0.0948	0.0004	0.0307	0.0076	0.0598	91.5000	2.8452	0.0010	0.0004	2.9988	0.0169	13.9984	2.0013	0.0019	0.0000	0.0018	0.0000	0.0000	0.0000	0.0019	0.0000	0.0018	0.0022	0.0006	0.0016	0.0003	0.0003	0.0000	0.0019	0.0003	0.0016	0.0007	0.0006	0.0001	0.0000	0.0000	0.0000	0.0007	0.0006	0.0001	0.0658	0.0376	0.0282	0.0047	0.0036	0.0010	0.0612	0.0340	0.0271	74.6727	2.0810	291.2367	0.0000	0.0000	0.0000	85.6699	4.4082	282.3423	0.0333	0.0151	0.0575	0.0666	0.0857	0.0004	0.0307	0.0076	0.0597
24	91	0.1179	2	0	1	0	0	0	0	0	0	N	N	N	N	N	N	N	N	N	N	N	N	0.0000	0.0001	0.0000	0.0041	0.0273	0.0000	0.0000	0.0000	0.0000	0.0000	0.0000	0.0000	0.0001	0.0001	0.0000	0.0000	0.0000	0.0000	0.0227	0.0071	0.0430	0.0167	0.0027	0.0662	0.0232	0.0076	0.0443	0.0000	4.6643	-0.0000	0.0004	2.9988	1.9923	13.9984	0.0454	0.0000	0.0000	0.0000	0.0000	0.0000	0.0000	0.0000	0.0000	0.0000	0.0015	0.0003	0.0013	0.0001	0.0000	0.0001	0.0014	0.0003	0.0012	0.0801	0.0680	0.0121	0.0010	0.0009	0.0001	0.0791	0.0671	0.0120	0.0673	0.0379	0.0293	0.0048	0.0037	0.0011	0.0625	0.0342	0.0283	0.0000	0.0001	0.0000	0.0041	0.0273	0.0000	0.0000	0.0000	0.0000	0.0227	0.0071	0.0430	0.0167	0.0027	0.0662	0.0232	0.0076	0.0421
24	93	0.1709	6	1	2	0	1	0	0	0	0	N	Y	N	N	N	N	N	N	N	N	N	N	0.0000	0.0000	0.0000	0.0000	0.0000	0.0000	0.0000	0.0000	0.0000	0.0000	0.0000	0.0000	0.0000	0.0000	0.0000	0.0000	0.0000	0.0000	0.0000	0.0000	2.9988	0.0000	13.9984	0.0000	0.0000	0.0000	0.0000	0.0000	0.0000	0.0000	0.0000	0.0000	0.0000	0.0000	0.0000	0.0000	0.0000	0.0000	0.0000	0.0000	0.0000	0.0000	0.0000	0.0000	0.0000	0.0000	0.0000	0.0000	0.0000	0.0000	0.0000	0.0000	0.0000	0.0000	0.0000	0.0000	0.0000	0.0000	0.0000	0.0000	0.0000	0.0000	0.0000	0.0000	0.0000	0.0000	0.0000	0.0000	0.0000	0.0000	0.0000	0.0000	0.0000	0.0000	0.0000	0.0000	0.0000	0.0000											
24	94	0.1709	5	1	2	0	1	0	0	0	0	N	Y	N	N	N	N	N	N	N	N	N	N	0.0000	0.0000	0.0000	0.0000	0.0000	0.0000	0.0000	0.0000	0.0000	0.0000	0.0000	0.0000	0.0000	0.0000	0.0000	0.0000	0.0000	0.0000	0.0000	0.0000	2.9988	0.0000	13.9984	0.0001	0.0000	0.0000	0.0000	0.0000	0.0000	0.0000	0.0000	0.0000	0.0000	0.0000	0.0000	0.0000	0.0000	0.0000	0.0000	0.0000	0.0000	0.0000	0.0000	0.0000	0.0000	0.0000	0.0000	0.0000	0.0000	0.0000	0.0000	0.0000	0.0000	0.0000	0.0000	0.0000	0.0000	0.0000	0.0000	0.0000	0.0000	0.0000	0.0000	0.0000	0.0000	0.0000	0.0000	0.0000	0.0000	0.0000	0.0000	0.0000	0.0000	0.0000	0.0000	0.0000	0.0000	0.0000											
24	95	0.1529	4	0	2	0	1	0	0	0	0	N	Y	N	N	N	N	N	N	N	N	N	N	inf	inf	inf	inf	23.1285	0.0000	156.5536	0.0000	0.0000	0.0000	24.6536	0.0000	158.6916	0.0000	0.0000	0.0000	0.0000	0.0000	0.0000	0.0000	0.0000	0.0000	inf	0.5283	0.0000	2.9988	0.9845	13.9984	0.9903	0.9815	0.0000	0.9815	0.0000	0.0000	0.0000	0.9815	0.0000	0.9815	0.0000	0.0000	0.0000	0.0000	0.0000	0.0000	0.0000	0.0000	0.0000	0.0424	0.0362	0.0063	0.0026	0.0025	0.0001	0.0398	0.0336	0.0062	0.0679	0.0398	0.0281	0.0048	0.0044	0.0004	0.0631	0.0354	0.0277	inf	0.0000	inf	0.0000	0.0000	0.0000	inf	0.0000	inf	0.0000	0.0000	0.0000	0.0000	0.0000	0.0000	0.0000	0.0000	0.0000						
24	96	0.1501	4	0	2	0	0	0	0	0	0	N	Y	N	N	N	N	N	N	N	N	N	N	0.1445	0.1076	1.4779	1.1609	0.0031	0.0036	0.0000	0.1372	0.1449	0.0000	0.0000	0.0000	0.0000	0.0213	0.0337	0.0000	0.0929	0.1248	0.0000	0.0000	0.0000	0.0000	0.0000	0.0000	-0.0001	-0.0027	2.9988	1.0063	13.9984	3.7812	0.0001	0.0001	0.0000	0.0001	0.0001	0.0000	0.0000	0.0000	0.0000	0.0050	0.0050	0.0000	0.0050	0.0050	0.0000	0.0000	0.0000	0.0000	0.0421	0.0358	0.0063	0.0009	0.0009	0.0001	0.0412	0.0349	0.0063	0.2353	0.1488	0.0865	0.0599	0.0526	0.0073	0.1754	0.0962	0.0792	0.1445	0.1076	0.0000	1.6373	1.5189	0.0000	0.0000	0.0000	0.0000	0.0213	0.0337	0.0000	0.0838	0.0954	0.0000	0.0000	0.0000	0.0000					
24	97	0.1529	4	0	1	1	1	0	0	0	0	N	N	N	N	N	N	N	N	N	N	N	N	inf	inf	inf	inf	0.3911	0.4589	0.0000	6.4164	6.6335	0.0000	0.0000	0.0000	0.0000	0.0000	0.0000	0.0000	0.0000	0.0000	0.0000	0.0000	0.0000	0.0000	0.0000	-0.0079	0.0000	2.9988	1.0165	13.9984	1.0129	0.0171	0.0171	0.0000	0.0171	0.0171	0.0000	0.0000	0.0000	0.0000	0.0000	0.0000	0.0000	0.0000	0.0000	0.0000	0.0000	0.0000	0.0000	0.0437	0.0373	0.0065	0.0027	0.0026	0.0001	0.0411	0.0347	0.0064	0.0696	0.0408	0.0288	0.0049	0.0045	0.0004	0.0647	0.0363	0.0284	inf	inf	0.0000	inf	inf	0.0000	0.0000	0.0000	0.0000	0.0000	0.0000	0.0000	0.0000	0.0000	0.0000	0.0000	0.0000	0.0000						
24	98	0.1400	3	0	1	0	1	0	0	0	0	N	N	N	N	N	N	N	N	N	N	N	N	2786.6751	522.1474	inf	inf	inf	1907.7046	0.0000	inf	0.2793	0.0909	1.3527	2.9095	3.0617	0.0000	0.2074	0.0000	1.3648	0.0001	0.0002	0.0000	0.0000	0.0000	0.0000	0.0001	0.0002	0.0000	2.6098	0.0000	0.0061	-0.0000	2.9988	2.0241	13.9984	1.0265	0.0235	0.0065	0.0170	0.0065	0.0065	0.0000	0.0170	0.0000	0.0170	0.0000	0.0000	0.0000	0.0000	0.0000	0.0000	0.0000	0.0000	0.0000	0.0841	0.0716	0.0126	0.0022	0.0021	0.0001	0.0819	0.0694	0.0124	0.0998	0.0574	0.0424	0.0078	0.0063	0.0015	0.0920	0.0511	0.0408	2786.6751	522.1474	inf	inf	inf	0.0000	1907.7046	0.0000	inf	0.0001	0.0002	0.0000	0.0000	0.0000	0.0000	0.0001	0.0002	0.0000	
24	99	0.1400	3	0	1	1	1	0	0	0	0	N	N	N	N	N	N	N	N	N	N	N	N	inf	inf	inf	inf	0.0537	0.0631	0.0000	2.1686	2.2914	0.0000	0.0000	0.0000	0.0000	0.0000	0.0000	0.0000	0.0000	0.0000	0.0000	0.0000	0.0000	0.0000	0.0000	-0.0031	0.0000	2.9988	3.0066	13.9984	0.0000	0.0066	0.0066	0.0000	0.0066	0.0066	0.0000	0.0000	0.0000	0.0000	0.0000	0.0000	0.0000	0.0000	0.0000	0.0000	0.0000	0.0000	0.0000	0.1233	0.1049	0.0184	0.0031	0.0029	0.0002	0.1202	0.1020	0.0182	0.0984	0.0566	0.0418	0.0077	0.0062	0.0015	0.0907	0.0504	0.0403	inf	inf	0.0000	inf	inf	0.0000	0.0000	0.0000	0.0000	0.0000	0.0000	0.0000	0.0000	0.0000	0.0000	0.0000	0.0000	0.0000						
24	100	0.1657	3	0	1	1	1	0	0	0	0	N	N	N	N	N	N	N	N	N	N	N	N	0.0000	0.0000	0.0000	0.0000	0.0000	0.0000	0.0000	0.0000	0.0000	0.0000	0.0000	0.0000	0.0000	0.0000	0.0000	0.0000	0.0000	0.0000	0.0000	0.0000	2.9988	0.0000	13.9984	2.0000	0.0000	0.0000	0.0000	0.0000	0.0000	0.0000	0.0000	0.0000	0.0000	0.0000	0.0000	0.0000	0.0000	0.0000	0.0000	0.0000	0.0000	0.0000	0.0000	0.0000	0.0000	0.0000	0.0000	0.0000	0.0000	0.0000	0.0000	0.0636	0.0361	0.0275	0.0052	0.0041	0.0011	0.0585	0.0320	0.0265	0.0000	0.0000	0.0000	0.0000	0.0000	0.0000	0.0000	0.0000	0.0000	0.0000	0.0000	0.0000	0.0000	0.0000	0.0000	0.0000	0.0000	0.0000											
24	101	0.1267	2	0	1	1	1	0	0	0	0	N	N	N	N	N	N	N	N	N	N	N	N	0.5683	8.2224	0.0000	12.9301	24.3654	0.0000	0.0000	0.0000	0.0040	0.0047	0.0000	0.0909	0.0995	0.0000	0.0000	0.0000	0.0000	0.0070	0.0006	0.0159	0.0070	0.0041	0.0252	0.0070	0.0000	0.0156	0.0000	20.3063	-0.0004	0.0009	2.9988	5.8899	13.9984	3.1847	0.0010	0.0010	0.0000	0.0010	0.0010	0.0000	0.0000	0.0000	0.0000	0.0021	0.0001	0.0020	0.0002	0.0001	0.0001	0.0019	0.0000	0.0019	0.2421	0.2064	0.0357	0.0107	0.0097	0.0009	0.2315	0.1967	0.0348	0.3026	0.1752	0.1274	0.0285	0.0245	0.0040	0.2741	0.1507	0.1235	0.5683	8.2224	0.0000	12.9301	24.3654	0.0000	0.0000	0.0000	0.0000	0.0070	0.0006	0.0159	0.0070	0.0041	0.0252	0.0070	0.0000	0.0156	
24	102	0.1735	2	1	2	0	0	0	0	0	0	N	Y	N	N	N	N	N	N	N	N	N	N	0.0000	0.0000	0.0000	0.0000	0.0000	0.0000	0.0000	0.0000	0.0000	0.0000	0.0000	0.0000	0.0000	0.0000	0.0000	0.0000	0.0000	0.0000	0.0000	0.0000	2.9988	0.0000	13.9984	0.0000	0.0000	0.0000	0.0000	0.0000	0.0000	0.0000	0.0000	0.0000	0.0000	0.0000	0.0000	0.0000	0.0000	0.0000	0.0000	0.0000	0.0000	0.0000	0.0000	0.0000	0.0000	0.0000	0.0000	0.0000	0.0000	0.0000	0.0000	0.0000	0.0000	0.0000	0.0000	0.0000	0.0000	0.0000	0.0000	0.0000	0.0000	0.0000	0.0000	0.0000	0.0000	0.0000	0.0000	0.0000	0.0000	0.0000	0.0000	0.0000	0.0000	0.0000	0.0000	0.0000	0.0000	0.0000											
24	104	0.1372	2	0	2	0	0	0	0	0	0	N	Y	N	N	N	N	N	N	N	N	N	N	0.0000	0.0000	0.0000	0.0005	0.0003	0.0000	0.0000	0.0000	0.0000	0.0000	0.0000	0.0000	0.0000	0.0001	0.0000	0.0000	0.0000	0.0000	0.0468	0.0569	0.0327	0.0857	0.1464	0.0119	0.0395	0.0433	0.0350	0.0000	0.4147	-0.0000	-0.0012	2.9988	2.0010	13.9984	1.0153	0.0000	0.0000	0.0000	0.0000	0.0000	0.0000	0.0000	0.0000	0.0000	0.0047	0.0033	0.0014	0.0014	0.0014	0.0000	0.0033	0.0020	0.0013	0.0800	0.0680	0.0120	0.0014	0.0013	0.0001	0.0786	0.0667	0.0119	0.1013	0.0589	0.0424	0.0180	0.0138	0.0042	0.0833	0.0451	0.0383	0.0000	0.0000	0.0000	0.0006	0.0005	0.0000	0.0000	0.0000	0.0000	0.0468	0.0569	0.0327	0.0805	0.1013	0.0119	0.0395	0.0433	0.0350
24	106	0.1751	6	1	2	0	0	0	0	0	0	N	Y	N	N	N	N	N	N	N	N	N	N	0.0000	0.0000	0.0000	0.0000	0.0000	0.0000	0.0000	0.0000	0.0000	0.0000	0.0000	0.0000	0.0000	16.6733	24.2667	0.0000	0.0000	0.0000	0.0000	19.9097	36.8608	0.0000	0.0000	0.0000	-0.5399	2.9988	1.0000	13.9984	1.0000	0.0000	0.0000	0.0000	0.0000	0.0000	0.0000	0.0000	0.0000	0.0000	1.0000	1.0000	0.0000	0.0000	0.0000	0.0000	1.0000	1.0000	0.0000	0.0415	0.0352	0.0062	0.0008	0.0007	0.0000	0.0407	0.0345	0.0062	0.0678	0.0412	0.0266	0.0176	0.0141	0.0035	0.0502	0.0271	0.0231	0.0000	0.0000	0.0000	0.0000	0.0000	0.0000	0.0000	0.0000	0.0000	14.7450	24.2667	0.0000	0.0000	0.0000	0.0000	19.9097	36.8608	0.0000						
24	107	0.1709	5	1	2	0	0	0	0	0	0	N	Y	N	N	N	N	N	N	N	N	N	N	0.0000	0.0000	0.0000	0.0000	0.0000	0.0000	0.0000	0.0000	0.0000	0.0000	0.0000	0.0000	0.0000	0.0000	0.0000	0.0000	0.0000	0.0000	0.0000	0.0000	2.9988	0.0000	13.9984	0.9999	0.0000	0.0000	0.0000	0.0000	0.0000	0.0000	0.0000	0.0000	0.0000	0.0000	0.0000	0.0000	0.0000	0.0000	0.0000	0.0000	0.0000	0.0000	0.0000	0.0000	0.0000	0.0000	0.0000	0.0000	0.0000	0.0000	0.0000	0.0340	0.0202	0.0138	0.0068	0.0055	0.0014	0.0272	0.0148	0.0124	0.0000	0.0000	0.0000	0.0000	0.0000	0.0000	0.0000	0.0000	0.0000	0.0000	0.0000	0.0000	0.0000	0.0000	0.0000	0.0000	0.0000	0.0000											
24	108	0.1501	4	1	2	0	0	0	0	0	0	N	Y	N	N	N	N	N	N	N	N	N	N	0.0400	2936.0749	0.0000	199.0168	3679.4730	0.0000	0.0000	0.0000	0.1668	0.1948	0.0000	0.6950	0.6969	0.0000	0.0000	0.0000	0.0000	4.1706	0.0001	20.5204	0.0035	0.0002	0.0273	5.5745	0.0000	22.9592	0.0000	99519.9952	-0.0001	0.4578	2.9988	0.0100	13.9984	4.8896	0.0001	0.0001	0.0000	0.0001	0.0001	0.0000	0.0000	0.0000	0.0000	0.9952	0.0000	0.9952	0.0002	0.0000	0.0002	0.9950	0.0000	0.9950	0.0008	0.0007	0.0001	0.0002	0.0002	0.0000	0.0006	0.0005	0.0001	0.2386	0.1507	0.0879	0.0601	0.0528	0.0073	0.1785	0.0979	0.0806	0.0400	2936.0749	0.0000	199.0168	3679.4730	0.0000	0.0000	0.0000	0.0000	4.1706	0.0001	11.3183	0.0035	0.0002	0.0273	5.5745	0.0000	12.3461	
24	109	0.1400	3	0	2	0	0	0	0	0	0	N	Y	N	N	N	N	N	N	N	N	N	N	2.4964	39.5888	0.1107	inf	inf	0.0454	0.0000	0.1088	0.1587	0.1831	0.0203	4.8209	5.0237	0.0000	0.0031	0.0000	0.0205	0.0636	0.0046	0.1834	0.0000	0.0000	0.0000	0.0690	0.0052	0.1882	0.0195	22.9048	-0.0030	0.0021	2.9988	1.0007	13.9984	1.4004	0.0067	0.0066	0.0001	0.0066	0.0066	0.0000	0.0001	0.0000	0.0001	0.0050	0.0002	0.0048	0.0000	0.0000	0.0000	0.0050	0.0002	0.0048	0.0425	0.0362	0.0064	0.0014	0.0013	0.0001	0.0411	0.0348	0.0063	0.0789	0.0454	0.0335	0.0062	0.0050	0.0012	0.0728	0.0404	0.0323	2.4964	39.5888	0.1415	inf	inf	0.0000	0.0454	0.0000	0.1376	0.0636	0.0046	0.1434	0.0000	0.0000	0.0000	0.0690	0.0052	0.1488	
24	110	0.1267	2	0	1	0	0	0	0	0	0	N	N	N	N	N	N	N	N	N	N	N	N	19.7150	36.9421	49.8328	12.2745	24.9778	0.0000	23.3731	64.1804	0.3385	0.0505	1.9860	0.1436	0.1601	0.0000	0.4217	0.0000	2.5053	0.0172	0.0014	0.0399	0.0117	0.0064	0.0669	0.0180	0.0000	0.0390	6.8739	20.3063	0.0031	0.0009	2.9988	0.3039	13.9984	2.8719	0.0076	0.0010	0.0066	0.0010	0.0010	0.0000	0.0066	0.0000	0.0066	0.0021	0.0001	0.0020	0.0002	0.0001	0.0001	0.0019	0.0000	0.0019	0.0224	0.0191	0.0033	0.0067	0.0060	0.0007	0.0157	0.0130	0.0026	0.1241	0.0731	0.0509	0.0171	0.0156	0.0015	0.1070	0.0575	0.0494	19.7150	36.9421	49.8328	12.2745	24.9778	0.0000	23.3731	0.0000	64.1804	0.0172	0.0014	0.0399	0.0117	0.0064	0.0669	0.0180	0.0000	0.0390	
24	115	0.2668	4	0	1	0	0	0	0	0	0	N	N	N	N	N	N	N	N	N	N	N	N	1.2691	0.4212	2.8121	0.0342	0.0340	1.4892	1.0490	0.6499	2.6464	2.9427	0.8955	16.2091	0.1453	0.1067	1.5201	3.3334	1.0213	16.5863	2.3186	2.1261	5.7641	4.2520	3.1360	1.0207	3.1777	1.5716	6.2676	2.7933	1.8916	0.3221	0.2719	2.9988	8.9918	13.9984	13.3277	1.1728	0.3092	0.8636	0.0071	0.0051	0.0020	1.1657	0.3041	0.8616	2.3802	0.8231	1.5571	0.2629	0.2000	0.0629	2.1173	0.6231	1.4942	0.3985	0.3453	0.0533	0.0488	0.0475	0.0013	0.3497	0.2977	0.0519	1.1999	0.8602	0.3397	0.5336	0.4637	0.0699	0.6663	0.3965	0.2698	1.4834	0.9357	3.5363	0.2948	0.2473	1.6885	1.0490	0.6499	2.9951	1.9838	0.9570	4.5837	0.4928	0.4314	0.9002	3.1777	1.5716	5.5378
25	26	0.1467	6	1	2	0	0	0	0	0	0	N	Y	N	N	N	N	N	N	N	N	N	N	0.0000	0.0000	0.0000	0.0000	0.0000	0.0000	0.0000	0.0000	0.0000	0.0000	0.0000	0.0000	0.0000	0.0000	0.0000	0.0000	0.0000	0.0000	0.0000	0.0000	6.0000	0.0000	4.0000	2.0002	0.0000	0.0000	0.0000	0.0000	0.0000	0.0000	0.0000	0.0000	0.0000	0.0000	0.0000	0.0000	0.0000	0.0000	0.0000	0.0000	0.0000	0.0000	0.0000	0.0000	0.0000	0.0000	0.0000	0.0000	0.0000	0.0000	0.0000	0.0438	0.0231	0.0206	0.0034	0.0027	0.0007	0.0404	0.0205	0.0199	0.0000	0.0000	0.0000	0.0000	0.0000	0.0000	0.0000	0.0000	0.0000	0.0000	0.0000	0.0000	0.0000	0.0000	0.0000	0.0000	0.0000	0.0000											
25	27	0.1410	4	2	2	0	0	0	0	0	0	Y	Y	N	N	N	N	N	N	N	N	N	N	inf	inf	inf	inf	12.9068	0.0000	87.9557	0.0000	0.0000	0.0000	13.5626	0.0000	89.4855	0.0000	0.0000	0.0000	0.0000	0.0000	0.0000	0.0000	0.0000	0.0000	inf	0.5383	0.0000	6.0000	1.0000	4.0000	3.9850	1.0000	0.0000	1.0000	0.0000	0.0000	0.0000	1.0000	0.0000	1.0000	0.0000	0.0000	0.0000	0.0000	0.0000	0.0000	0.0000	0.0000	0.0000	0.0775	0.0661	0.0114	0.0037	0.0036	0.0002	0.0737	0.0626	0.0112	0.0954	0.0572	0.0382	0.0097	0.0075	0.0021	0.0857	0.0497	0.0360	inf	0.0000	inf	0.0000	0.0000	0.0000	inf	0.0000	inf	0.0000	0.0000	0.0000	0.0000	0.0000	0.0000	0.0000	0.0000	0.0000						
25	30	0.1753	6	1	2	1	1	0	0	0	0	N	Y	N	N	N	N	N	N	N	N	N	N	0.0000	0.0000	0.0000	0.0000	0.0000	0.0000	0.0000	0.0000	0.0000	0.0000	0.0000	0.0000	0.0000	0.0000	0.0000	0.0000	0.0000	0.0000	0.0000	0.0000	6.0000	0.0000	4.0000	3.0000	0.0000	0.0000	0.0000	0.0000	0.0000	0.0000	0.0000	0.0000	0.0000	0.0000	0.0000	0.0000	0.0000	0.0000	0.0000	0.0000	0.0000	0.0000	0.0000	0.0000	0.0000	0.0000	0.0000	0.0000	0.0000	0.0000	0.0000	0.0559	0.0343	0.0216	0.0148	0.0107	0.0041	0.0411	0.0236	0.0175	0.0000	0.0000	0.0000	0.0000	0.0000	0.0000	0.0000	0.0000	0.0000	0.0000	0.0000	0.0000	0.0000	0.0000	0.0000	0.0000	0.0000	0.0000											
25	31	0.1583	5	1	1	0	1	0	0	0	0	N	N	N	N	N	N	N	N	N	N	N	N	0.0000	0.0000	0.0000	0.0000	0.0000	0.0000	0.0000	0.0000	0.0000	0.0000	0.0000	0.0000	0.0000	0.0001	0.0002	0.0000	0.0004	0.0005	0.0000	0.0000	0.0000	0.0000	0.0000	0.0000	-0.0000	6.0000	0.9783	4.0000	3.0423	0.0000	0.0000	0.0000	0.0000	0.0000	0.0000	0.0000	0.0000	0.0000	0.0000	0.0000	0.0000	0.0000	0.0000	0.0000	0.0000	0.0000	0.0000	0.0801	0.0684	0.0117	0.0059	0.0057	0.0002	0.0742	0.0627	0.0115	0.0898	0.0572	0.0326	0.0230	0.0183	0.0047	0.0668	0.0389	0.0279	0.0000	0.0000	0.0000	0.0000	0.0000	0.0000	0.0000	0.0000	0.0000	0.0001	0.0002	0.0000	0.0004	0.0005	0.0000	0.0000	0.0000	0.0000						
25	32	0.0845	2	1	2	0	0	0	0	0	0	N	Y	N	N	N	N	N	N	N	N	N	N	inf	inf	inf	inf	inf	inf	5.8180	4.5287	13.5085	0.0000	0.0000	0.0000	6.1491	4.8150	13.7903	0.0000	0.0000	0.0000	0.0000	0.0000	0.0000	0.0000	0.0000	0.0000	0.5001	-0.3852	0.0000	6.0000	6.9988	4.0000	9.0016	3.0001	2.0000	1.0001	0.0000	0.0000	0.0000	3.0001	2.0000	1.0001	0.0000	0.0000	0.0000	0.0000	0.0000	0.0000	0.0000	0.0000	0.0000	0.5157	0.4416	0.0740	0.0278	0.0263	0.0015	0.4879	0.4154	0.0725	0.2734	0.1592	0.1142	0.0082	0.0065	0.0017	0.2652	0.1527	0.1125	inf	inf	inf	0.0000	0.0000	0.0000	inf	inf	inf	0.0000	0.0000	0.0000	0.0000	0.0000	0.0000	0.0000	0.0000	0.0000				
25	33	0.1854	7	2	2	0	0	0	0	0	0	Y	Y	N	N	N	N	N	N	N	N	N	N	0.0000	0.0000	0.0000	0.0000	0.0000	0.0000	0.0000	0.0000	0.0000	0.0000	0.0000	0.0000	0.0000	0.0000	0.0000	0.0000	0.0000	0.0000	0.0000	0.0000	6.0000	0.0000	4.0000	0.0000	0.0000	0.0000	0.0000	0.0000	0.0000	0.0000	0.0000	0.0000	0.0000	0.0000	0.0000	0.0000	0.0000	0.0000	0.0000	0.0000	0.0000	0.0000	0.0000	0.0000	0.0000	0.0000	0.0000	0.0000	0.0000	0.0000	0.0000	0.0000	0.0000	0.0000	0.0000	0.0000	0.0000	0.0000	0.0000	0.0000	0.0000	0.0000	0.0000	0.0000	0.0000	0.0000	0.0000	0.0000	0.0000	0.0000	0.0000	0.0000	0.0000	0.0000	0.0000	0.0000	0.0000	0.0000											
25	34	0.1410	4	1	2	0	1	0	0	0	0	N	Y	N	N	N	N	N	N	N	N	N	N	0.0000	0.0000	0.0000	0.0000	0.0000	0.0000	0.0000	0.0000	0.0000	0.0000	0.0000	0.0000	0.0000	4.6651	0.0000	21.4418	0.0000	0.0000	0.0000	5.1606	0.0000	22.3802	inf	0.0000	0.4601	6.0000	5.0000	4.0000	6.9850	0.0000	0.0000	0.0000	0.0000	0.0000	0.0000	0.0000	0.0000	0.0000	1.0000	0.0000	1.0000	0.0000	0.0000	0.0000	1.0000	0.0000	1.0000	0.3731	0.3190	0.0541	0.0178	0.0169	0.0009	0.3553	0.3021	0.0532	0.2144	0.1279	0.0864	0.0206	0.0157	0.0049	0.1938	0.1122	0.0815	0.0000	0.0000	0.0000	0.0000	0.0000	0.0000	0.0000	0.0000	0.0000	4.6651	0.0000	11.5705	0.0000	0.0000	0.0000	5.1606	0.0000	12.2625						
25	35	0.0845	2	2	2	0	0	0	0	0	0	Y	Y	N	N	N	N	N	N	N	N	N	N	2.1485	inf	0.0000	inf	inf	0.0000	0.0000	6.4703	7.5741	0.0000	116.5654	123.2263	0.0000	0.0000	0.0000	0.0000	3.0115	0.0000	11.1774	0.0000	0.0000	0.0000	3.1059	0.0000	9.7451	0.0000	inf	-0.4617	0.4601	6.0000	1.9985	4.0000	17.9985	0.9999	0.9999	0.0000	0.9999	0.9999	0.0000	0.0000	0.0000	0.0000	1.0000	0.0000	1.0000	0.0000	0.0000	0.0000	1.0000	0.0000	1.0000	0.1545	0.1320	0.0225	0.0086	0.0081	0.0005	0.1460	0.1239	0.0221	0.3321	0.1934	0.1387	0.0101	0.0080	0.0021	0.3220	0.1854	0.1365	2.1485	inf	0.0000	inf	inf	0.0000	0.0000	0.0000	0.0000	3.0115	0.0000	7.2121	0.0000	0.0000	0.0000	3.1059	0.0000	7.3246		
25	36	0.2077	5	1	1	1	0	0	0	0	0	N	N	N	N	N	N	N	N	N	N	N	N	inf	inf	inf	inf	1.3947	0.0000	11.7835	0.0000	0.0000	0.0000	2.0955	0.0000	12.4914	0.0000	0.0000	0.0000	0.0000	0.0000	0.0000	0.0000	0.0000	0.0000	inf	0.0000	0.0000	6.0000	0.0001	4.0000	0.9943	0.0000	0.0000	0.0000	0.0000	0.0000	0.0000	0.0000	0.0000	0.0000	0.0000	0.0000	0.0000	0.0000	0.0000	0.0000	0.0000	0.0000	0.0000	0.0000	0.0000	0.0000	0.0000	0.0000	0.0000	0.0000	0.0000	0.0000	0.0232	0.0153	0.0079	0.0057	0.0048	0.0009	0.0175	0.0105	0.0070	inf	0.0000	inf	0.0000	0.0000	0.0000	inf	0.0000	inf	0.0000	0.0000	0.0000	0.0000	0.0000	0.0000	0.0000	0.0000	0.0000						
25	37	0.1840	5	1	2	0	0	0	0	0	0	N	Y	N	N	N	N	N	N	N	N	N	N	0.0000	0.0000	0.0000	0.0000	0.0000	0.0000	0.0000	0.0000	0.0000	0.0000	0.0000	0.0000	0.0000	0.0000	0.0000	0.0000	0.0000	0.0000	0.0000	0.0000	6.0000	2.0000	4.0000	2.0000	0.0000	0.0000	0.0000	0.0000	0.0000	0.0000	0.0000	0.0000	0.0000	0.0000	0.0000	0.0000	0.0000	0.0000	0.0000	0.0000	0.0000	0.0000	0.1541	0.1318	0.0224	0.0105	0.0099	0.0006	0.1436	0.1218	0.0218	0.0761	0.0467	0.0294	0.0153	0.0117	0.0036	0.0609	0.0351	0.0258	0.0000	0.0000	0.0000	0.0000	0.0000	0.0000	0.0000	0.0000	0.0000	0.0000	0.0000	0.0000	0.0000	0.0000	0.0000	0.0000	0.0000	0.0000											
25	38	0.0595	2	2	1	1	0	0	0	0	0	Y	N	N	N	N	N	N	N	N	N	N	N	0.0000	0.0000	0.0000	0.0000	0.0000	0.0000	0.0000	0.0000	0.0000	0.0000	0.0000	0.0000	0.0000	0.0000	0.0000	0.0000	0.0000	0.0000	0.0000	0.0000	6.0000	2.0000	4.0000	5.0000	0.0000	0.0000	0.0000	0.0000	0.0000	0.0000	0.0000	0.0000	0.0000	0.0000	0.0000	0.0000	0.0000	0.0000	0.0000	0.0000	0.0000	0.0000	0.1525	0.1298	0.0227	0.0007	0.0006	0.0000	0.1518	0.1291	0.0227	0.1506	0.0779	0.0727	0.0021	0.0019	0.0002	0.1485	0.0760	0.0725	0.0000	0.0000	0.0000	0.0000	0.0000	0.0000	0.0000	0.0000	0.0000	0.0000	0.0000	0.0000	0.0000	0.0000	0.0000	0.0000	0.0000	0.0000											
25	39	0.1583	5	1	2	0	0	0	0	0	0	N	Y	N	N	N	N	N	N	N	N	N	N	0.0000	0.0000	0.0000	0.0000	0.0000	0.0000	0.0000	0.0000	0.0000	0.0000	0.0000	0.0000	0.0000	0.0001	0.0001	0.0000	0.0003	0.0004	0.0000	0.0000	0.0000	0.0000	0.0000	0.0000	-0.0000	6.0000	0.0217	4.0000	6.0735	0.0000	0.0000	0.0000	0.0000	0.0000	0.0000	0.0000	0.0000	0.0000	0.0000	0.0000	0.0000	0.0000	0.0000	0.0000	0.0000	0.0000	0.0000	0.0061	0.0053	0.0008	0.0023	0.0023	0.0000	0.0038	0.0030	0.0008	0.1271	0.0797	0.0474	0.0304	0.0236	0.0068	0.0967	0.0560	0.0406	0.0000	0.0000	0.0000	0.0000	0.0000	0.0000	0.0000	0.0000	0.0000	0.0001	0.0001	0.0000	0.0003	0.0004	0.0000	0.0000	0.0000	0.0000						
25	40	0.1410	4	1	1	0	0	0	0	0	0	N	N	N	N	N	N	N	N	N	N	N	N	0.0000	0.0000	0.0000	0.0000	0.0000	0.0000	0.0000	0.0000	0.0000	0.0000	0.0000	0.0000	0.0000	0.0001	0.0002	0.0000	0.0000	0.0000	0.0000	0.0001	0.0002	0.0000	0.0000	0.0000	-0.0000	6.0000	0.0217	4.0000	4.0395	0.0000	0.0000	0.0000	0.0000	0.0000	0.0000	0.0000	0.0000	0.0000	0.0000	0.0000	0.0000	0.0000	0.0000	0.0000	0.0000	0.0000	0.0000	0.0017	0.0014	0.0002	0.0001	0.0001	0.0000	0.0016	0.0014	0.0002	0.0787	0.0473	0.0314	0.0081	0.0064	0.0017	0.0706	0.0409	0.0297	0.0000	0.0000	0.0000	0.0000	0.0000	0.0000	0.0000	0.0000	0.0000	0.0001	0.0002	0.0000	0.0000	0.0000	0.0000	0.0001	0.0002	0.0000						
25	41	0.1410	4	1	2	0	1	0	0	0	0	N	Y	N	N	N	N	N	N	N	N	N	N	0.0000	0.0000	0.0000	0.0000	0.0000	0.0000	0.0000	0.0000	0.0000	0.0000	0.0000	0.0000	0.0000	7.6236	0.0000	38.5284	0.0000	0.0000	0.0000	8.4561	0.0000	39.1874	inf	0.0000	0.4601	6.0000	0.0000	4.0000	7.0150	0.0000	0.0000	0.0000	0.0000	0.0000	0.0000	0.0000	0.0000	0.0000	1.0000	0.0000	1.0000	0.0000	0.0000	0.0000	1.0000	0.0000	1.0000	0.0000	0.0000	0.0000	0.0000	0.0000	0.0000	0.0000	0.0000	0.0000	0.1312	0.0785	0.0527	0.0129	0.0100	0.0029	0.1183	0.0685	0.0498	0.0000	0.0000	0.0000	0.0000	0.0000	0.0000	0.0000	0.0000	0.0000	7.6236	0.0000	18.9756	0.0000	0.0000	0.0000	8.4561	0.0000	20.0978						
25	42	0.0595	2	2	1	1	0	0	0	0	0	Y	N	N	N	N	N	N	N	N	N	N	N	0.0000	0.0000	0.0000	0.0000	0.0000	0.0000	0.0000	0.0000	0.0000	0.0000	0.0000	0.0000	0.0000	0.0000	0.0000	0.0000	0.0000	0.0000	0.0000	0.0000	6.0000	0.0000	4.0000	0.0000	0.0000	0.0000	0.0000	0.0000	0.0000	0.0000	0.0000	0.0000	0.0000	0.0000	0.0000	0.0000	0.0000	0.0000	0.0000	0.0000	0.0000	0.0000	0.0000	0.0000	0.0000	0.0000	0.0000	0.0000	0.0000	0.0000	0.0000	0.0000	0.0000	0.0000	0.0000	0.0000	0.0000	0.0000	0.0000	0.0000	0.0000	0.0000	0.0000	0.0000	0.0000	0.0000	0.0000	0.0000	0.0000	0.0000	0.0000	0.0000	0.0000	0.0000	0.0000	0.0000	0.0000	0.0000											
25	45	0.1840	5	1	1	1	0	0	0	0	0	N	N	N	N	N	N	N	N	N	N	N	N	0.0000	0.0000	0.0000	0.0000	0.0000	0.0000	0.0000	0.0000	0.0000	0.0000	0.0000	0.0000	0.0000	0.0000	0.0000	0.0000	0.0000	0.0000	0.0000	0.0000	6.0000	0.0000	4.0000	0.0000	0.0000	0.0000	0.0000	0.0000	0.0000	0.0000	0.0000	0.0000	0.0000	0.0000	0.0000	0.0000	0.0000	0.0000	0.0000	0.0000	0.0000	0.0000	0.0000	0.0000	0.0000	0.0000	0.0000	0.0000	0.0000	0.0000	0.0000	0.0000	0.0000	0.0000	0.0000	0.0000	0.0000	0.0000	0.0000	0.0000	0.0000	0.0000	0.0000	0.0000	0.0000	0.0000	0.0000	0.0000	0.0000	0.0000	0.0000	0.0000	0.0000	0.0000	0.0000	0.0000	0.0000	0.0000											
25	46	0.1410	4	1	1	0	0	0	0	0	0	N	N	N	N	N	N	N	N	N	N	N	N	inf	inf	inf	inf	3.3194	0.0000	22.8337	0.0000	0.0000	0.0000	3.4862	0.0000	23.2286	0.0000	0.0000	0.0000	0.0000	0.0000	0.0000	0.0000	0.0000	0.0000	inf	0.5383	0.0000	6.0000	4.0000	4.0000	5.9850	1.0000	0.0000	1.0000	0.0000	0.0000	0.0000	1.0000	0.0000	1.0000	0.0000	0.0000	0.0000	0.0000	0.0000	0.0000	0.0000	0.0000	0.0000	0.3013	0.2575	0.0438	0.0144	0.0137	0.0007	0.2868	0.2438	0.0431	0.1816	0.1085	0.0732	0.0175	0.0134	0.0041	0.1641	0.0950	0.0690	inf	0.0000	inf	0.0000	0.0000	0.0000	inf	0.0000	inf	0.0000	0.0000	0.0000	0.0000	0.0000	0.0000	0.0000	0.0000	0.0000						
25	47	0.2120	6	1	2	0	0	0	0	0	0	N	Y	N	N	N	N	N	N	N	N	N	N	0.0000	0.0000	0.0000	0.0000	0.0000	0.0000	0.0000	0.0000	0.0000	0.0000	0.0000	0.0000	0.0000	0.0000	0.0000	0.0000	0.0000	0.0000	0.0000	0.0000	6.0000	0.0000	4.0000	0.0000	0.0000	0.0000	0.0000	0.0000	0.0000	0.0000	0.0000	0.0000	0.0000	0.0000	0.0000	0.0000	0.0000	0.0000	0.0000	0.0000	0.0000	0.0000	0.0000	0.0000	0.0000	0.0000	0.0000	0.0000	0.0000	0.0000	0.0000	0.0000	0.0000	0.0000	0.0000	0.0000	0.0000	0.0000	0.0000	0.0000	0.0000	0.0000	0.0000	0.0000	0.0000	0.0000	0.0000	0.0000	0.0000	0.0000	0.0000	0.0000	0.0000	0.0000	0.0000	0.0000	0.0000	0.0000											
25	48	0.0752	3	2	2	1	0	0	0	0	0	Y	Y	N	N	N	N	N	N	N	N	N	N	0.0000	0.0000	0.0000	0.0000	0.0000	0.0000	0.0000	0.0000	0.0000	0.0000	0.0000	0.0000	0.0000	0.0000	0.0000	0.0000	0.0000	0.0000	0.0000	0.0000	6.0000	0.0000	4.0000	2.0152	0.0000	0.0000	0.0000	0.0000	0.0000	0.0000	0.0000	0.0000	0.0000	0.0000	0.0000	0.0000	0.0000	0.0000	0.0000	0.0000	0.0000	0.0000	0.0000	0.0000	0.0000	0.0000	0.0000	0.0000	0.0000	0.0000	0.0000	0.0417	0.0251	0.0166	0.0034	0.0030	0.0005	0.0383	0.0221	0.0161	0.0000	0.0000	0.0000	0.0000	0.0000	0.0000	0.0000	0.0000	0.0000	0.0000	0.0000	0.0000	0.0000	0.0000	0.0000	0.0000	0.0000	0.0000											
25	49	0.0710	2	2	1	1	0	0	0	0	0	Y	N	N	N	N	N	N	N	N	N	N	N	0.0000	0.0000	0.0000	0.0000	0.0000	0.0000	0.0000	0.0000	0.0000	0.0000	0.0000	0.0000	0.0000	0.0000	0.0000	0.0000	0.0000	0.0000	0.0000	0.0000	6.0000	0.0003	4.0000	1.0311	0.0000	0.0000	0.0000	0.0000	0.0000	0.0000	0.0000	0.0000	0.0000	0.0000	0.0000	0.0000	0.0000	0.0000	0.0000	0.0000	0.0000	0.0000	0.0001	0.0001	0.0000	0.0000	0.0000	0.0000	0.0001	0.0000	0.0000	0.0216	0.0131	0.0085	0.0017	0.0015	0.0002	0.0199	0.0116	0.0083	0.0000	0.0000	0.0000	0.0000	0.0000	0.0000	0.0000	0.0000	0.0000	0.0000	0.0000	0.0000	0.0000	0.0000	0.0000	0.0000	0.0000	0.0000											
25	50	0.0710	2	2	2	1	0	0	0	0	0	Y	Y	N	N	N	N	N	N	N	N	N	N	0.0000	0.0000	0.0000	0.0000	0.0000	0.0000	0.0000	0.0000	0.0000	0.0000	0.0000	0.0000	0.0000	0.0000	0.0000	0.0000	0.0000	0.0000	0.0000	0.0000	6.0000	0.0003	4.0000	1.0126	0.0000	0.0000	0.0000	0.0000	0.0000	0.0000	0.0000	0.0000	0.0000	0.0000	0.0000	0.0000	0.0000	0.0000	0.0000	0.0000	0.0000	0.0000	0.0001	0.0001	0.0000	0.0000	0.0000	0.0000	0.0001	0.0000	0.0000	0.0213	0.0129	0.0083	0.0017	0.0015	0.0002	0.0195	0.0114	0.0081	0.0000	0.0000	0.0000	0.0000	0.0000	0.0000	0.0000	0.0000	0.0000	0.0000	0.0000	0.0000	0.0000	0.0000	0.0000	0.0000	0.0000	0.0000											
25	51	0.1838	3	2	2	0	0	0	0	0	0	Y	Y	N	N	N	N	N	N	N	N	N	N	0.0000	0.0000	0.0000	0.0000	0.0000	0.0000	0.0000	0.0000	0.0000	0.0000	0.0000	0.0000	0.0000	0.0000	0.0000	0.0000	0.0000	0.0000	0.0000	0.0000	6.0000	0.0000	4.0000	1.0000	0.0000	0.0000	0.0000	0.0000	0.0000	0.0000	0.0000	0.0000	0.0000	0.0000	0.0000	0.0000	0.0000	0.0000	0.0000	0.0000	0.0000	0.0000	0.0000	0.0000	0.0000	0.0000	0.0000	0.0000	0.0000	0.0000	0.0000	0.0188	0.0117	0.0071	0.0036	0.0029	0.0007	0.0152	0.0088	0.0064	0.0000	0.0000	0.0000	0.0000	0.0000	0.0000	0.0000	0.0000	0.0000	0.0000	0.0000	0.0000	0.0000	0.0000	0.0000	0.0000	0.0000	0.0000											
25	52	0.1799	6	1	2	0	1	0	0	0	0	N	Y	N	N	N	N	N	N	N	N	N	N	0.0000	0.0000	0.0000	0.0000	0.0000	0.0000	0.0000	0.0000	0.0000	0.0000	0.0000	0.0000	0.0000	0.0004	0.0005	0.0000	0.0015	0.0017	0.0000	0.0000	0.0000	0.0000	0.0000	0.0000	-0.0000	6.0000	0.9995	4.0000	1.0399	0.0000	0.0000	0.0000	0.0000	0.0000	0.0000	0.0000	0.0000	0.0000	0.0000	0.0000	0.0000	0.0000	0.0000	0.0000	0.0000	0.0000	0.0000	0.0776	0.0663	0.0114	0.0043	0.0041	0.0002	0.0733	0.0622	0.0112	0.0558	0.0386	0.0172	0.0130	0.0118	0.0012	0.0428	0.0268	0.0160	0.0000	0.0000	0.0000	0.0000	0.0000	0.0000	0.0000	0.0000	0.0000	0.0004	0.0005	0.0000	0.0015	0.0017	0.0000	0.0000	0.0000	0.0000						
25	53	0.1799	6	1	1	0	1	0	0	0	0	N	N	N	N	N	N	N	N	N	N	N	N	0.0000	0.0000	0.0000	0.0000	0.0000	0.0000	0.0000	0.0000	0.0000	0.0000	0.0000	0.0000	0.0000	0.0000	0.0000	0.0000	0.0000	0.0000	0.0000	0.0000	6.0000	3.0005	4.0000	1.0125	0.0000	0.0000	0.0000	0.0000	0.0000	0.0000	0.0000	0.0000	0.0000	0.0000	0.0000	0.0000	0.0000	0.0000	0.0000	0.0000	0.0000	0.0000	0.2285	0.1953	0.0333	0.0125	0.0119	0.0006	0.2160	0.1833	0.0327	0.0933	0.0612	0.0321	0.0177	0.0155	0.0023	0.0756	0.0458	0.0298	0.0000	0.0000	0.0000	0.0000	0.0000	0.0000	0.0000	0.0000	0.0000	0.0000	0.0000	0.0000	0.0000	0.0000	0.0000	0.0000	0.0000	0.0000											
25	54	0.1717	5	1	1	0	1	0	0	0	0	N	N	N	N	N	N	N	N	N	N	N	N	0.0000	0.0000	0.0000	0.0000	0.0000	0.0000	0.0000	0.0000	0.0000	0.0000	0.0000	0.0000	0.0000	0.0005	0.0009	0.0000	0.0000	0.0000	0.0000	0.0006	0.0010	0.0000	0.0000	0.0000	-0.0000	6.0000	0.0013	4.0000	1.9704	0.0000	0.0000	0.0000	0.0000	0.0000	0.0000	0.0000	0.0000	0.0000	0.0000	0.0000	0.0000	0.0000	0.0000	0.0000	0.0000	0.0000	0.0000	0.0001	0.0001	0.0000	0.0000	0.0000	0.0000	0.0001	0.0001	0.0000	0.0387	0.0231	0.0156	0.0036	0.0027	0.0009	0.0351	0.0204	0.0147	0.0000	0.0000	0.0000	0.0000	0.0000	0.0000	0.0000	0.0000	0.0000	0.0005	0.0009	0.0000	0.0000	0.0000	0.0000	0.0006	0.0010	0.0000						
25	55	0.1410	4	1	1	0	1	0	0	0	0	N	N	N	N	N	N	N	N	N	N	N	N	0.0000	0.0000	0.0000	0.0000	0.0000	0.0000	0.0000	0.0000	0.0000	0.0000	0.0000	0.0000	0.0000	0.0000	0.0000	0.0000	0.0000	0.0000	0.0000	0.0000	6.0000	3.0000	4.0000	4.0155	0.0000	0.0000	0.0000	0.0000	0.0000	0.0000	0.0000	0.0000	0.0000	0.0000	0.0000	0.0000	0.0000	0.0000	0.0000	0.0000	0.0000	0.0000	0.2281	0.1948	0.0333	0.0109	0.0104	0.0006	0.2171	0.1844	0.0327	0.1312	0.0785	0.0527	0.0129	0.0100	0.0029	0.1183	0.0685	0.0498	0.0000	0.0000	0.0000	0.0000	0.0000	0.0000	0.0000	0.0000	0.0000	0.0000	0.0000	0.0000	0.0000	0.0000	0.0000	0.0000	0.0000	0.0000											
25	56	0.0615	3	1	2	1	0	0	0	0	0	N	Y	N	N	N	N	N	N	N	N	N	N	0.0000	0.0000	0.0001	0.0001	0.0001	0.0001	0.0000	0.0299	0.0300	0.0000	0.0000	0.0000	0.0000	2.8034	4.8028	0.0000	433.4343	456.6994	0.0000	0.0000	0.0000	0.0000	0.0000	0.0000	-0.0000	-0.3073	6.0000	2.0013	4.0000	5.6727	0.0000	0.0000	0.0000	0.0000	0.0000	0.0000	0.0000	0.0000	0.0000	0.5691	0.5691	0.0000	0.5691	0.5691	0.0000	0.0000	0.0000	0.0000	0.1534	0.1305	0.0229	0.0003	0.0003	0.0000	0.1531	0.1302	0.0229	0.2030	0.1185	0.0845	0.0255	0.0243	0.0013	0.1774	0.0942	0.0832	0.0000	0.0000	0.0000	0.0013	0.0013	0.0000	0.0000	0.0000	0.0000	2.8034	4.8028	0.0000	22.2749	23.4629	0.0000	0.0000	0.0000	0.0000					
25	57	0.0578	2	1	2	0	0	0	0	0	0	N	Y	N	N	N	N	N	N	N	N	N	N	0.1222	0.1969	0.0000	0.0234	0.0223	0.0000	0.0066	6.8534	0.0000	0.8556	0.9761	0.0000	6.3310	6.3311	0.0000	0.0328	0.0382	0.0000	7.0045	4.9584	23.0599	270.8249	284.2496	0.9656	4.9330	0.0056	21.6723	0.0000	1.0017	-0.0001	-0.0194	6.0000	0.0033	4.0000	1.3874	0.0003	0.0003	0.0000	0.0003	0.0003	0.0000	0.0000	0.0000	0.0000	0.4910	0.2453	0.2457	0.2453	0.2451	0.0002	0.2457	0.0002	0.2455	0.0004	0.0003	0.0000	0.0000	0.0000	0.0000	0.0003	0.0003	0.0000	0.0701	0.0495	0.0206	0.0203	0.0201	0.0002	0.0498	0.0294	0.0204	0.1222	0.1969	0.0000	0.5237	0.5180	0.0000	0.0066	6.8534	0.0000	7.0045	4.9584	11.9114	12.0885	12.2231	0.8084	4.9330	0.0056	12.0417
25	59	0.0578	2	1	2	0	0	0	0	0	0	N	Y	N	N	N	N	N	N	N	N	N	N	2.3523	inf	0.0000	0.0000	0.0000	2.0238	inf	0.0000	6.5454	7.6927	0.0000	0.0000	0.0000	0.0000	6.5473	7.6954	0.0000	2.7826	0.0000	10.1083	0.0156	0.0000	0.5248	3.2351	0.0000	8.9971	0.0000	inf	-0.4616	0.1988	6.0000	1.9997	4.0000	3.4660	0.9997	0.9997	0.0000	0.0000	0.0000	0.0000	0.9997	0.9997	0.0000	0.4320	0.0000	0.4320	0.0003	0.0000	0.0003	0.4317	0.0000	0.4317	0.1527	0.1300	0.0228	0.0000	0.0000	0.0000	0.1527	0.1299	0.0228	0.1553	0.0928	0.0625	0.0218	0.0209	0.0009	0.1334	0.0718	0.0616	2.3523	inf	0.0000	0.0000	0.0000	0.0000	2.0238	inf	0.0000	2.7826	0.0000	6.9115	0.0156	0.0000	0.3870	3.2351	0.0000	7.0045	
25	61	0.2120	6	1	1	1	0	0	0	0	0	N	N	N	N	N	N	N	N	N	N	N	N	0.0000	0.0000	0.0000	0.0000	0.0000	0.0000	0.0000	0.0000	0.0000	0.0000	0.0000	0.0000	0.0000	0.0000	0.0000	0.0000	0.0000	0.0000	0.0000	0.0000	6.0000	0.0000	4.0000	1.0000	0.0000	0.0000	0.0000	0.0000	0.0000	0.0000	0.0000	0.0000	0.0000	0.0000	0.0000	0.0000	0.0000	0.0000	0.0000	0.0000	0.0000	0.0000	0.0000	0.0000	0.0000	0.0000	0.0000	0.0000	0.0000	0.0000	0.0000	0.0180	0.0109	0.0071	0.0031	0.0022	0.0009	0.0149	0.0087	0.0062	0.0000	0.0000	0.0000	0.0000	0.0000	0.0000	0.0000	0.0000	0.0000	0.0000	0.0000	0.0000	0.0000	0.0000	0.0000	0.0000	0.0000	0.0000											
25	62	0.2077	5	1	1	0	0	0	0	0	0	N	N	N	N	N	N	N	N	N	N	N	N	inf	inf	inf	inf	1.3947	0.0000	11.7835	0.0000	0.0000	0.0000	2.0955	0.0000	12.4914	0.0000	0.0000	0.0000	0.0000	0.0000	0.0000	0.0000	0.0000	0.0000	inf	0.0000	0.0000	6.0000	0.0001	4.0000	1.0076	0.0000	0.0000	0.0000	0.0000	0.0000	0.0000	0.0000	0.0000	0.0000	0.0000	0.0000	0.0000	0.0000	0.0000	0.0000	0.0000	0.0000	0.0000	0.0000	0.0000	0.0000	0.0000	0.0000	0.0000	0.0000	0.0000	0.0000	0.0235	0.0155	0.0080	0.0057	0.0048	0.0009	0.0177	0.0106	0.0071	inf	0.0000	inf	0.0000	0.0000	0.0000	inf	0.0000	inf	0.0000	0.0000	0.0000	0.0000	0.0000	0.0000	0.0000	0.0000	0.0000						
25	63	0.1410	4	1	1	0	0	0	0	0	0	N	N	N	N	N	N	N	N	N	N	N	N	inf	inf	inf	inf	1.1899	0.0000	8.3869	0.0000	0.0000	0.0000	1.2480	0.0000	8.5304	0.0000	0.0000	0.0000	0.0000	0.0000	0.0000	0.0000	0.0000	0.0000	inf	0.5382	0.0000	6.0000	11.9999	4.0000	3.0574	1.0000	0.0000	1.0000	0.0000	0.0000	0.0000	1.0000	0.0000	1.0000	0.0000	0.0000	0.0000	0.0000	0.0000	0.0000	0.0000	0.0000	0.0000	0.8404	0.7212	0.1192	0.0391	0.0371	0.0020	0.8013	0.6841	0.1172	0.2628	0.1567	0.1060	0.0251	0.0191	0.0060	0.2377	0.1376	0.1000	inf	0.0000	inf	0.0000	0.0000	0.0000	inf	0.0000	inf	0.0000	0.0000	0.0000	0.0000	0.0000	0.0000	0.0000	0.0000	0.0000						
25	65	0.0845	2	1	1	0	0	0	0	0	0	N	N	N	N	N	N	N	N	N	N	N	N	inf	inf	inf	inf	0.0008	0.0000	0.0053	0.0000	0.0000	0.0000	0.0008	0.0000	0.0054	0.0000	0.0000	0.0000	0.0000	0.0000	0.0000	0.0000	0.0000	0.0000	inf	0.0001	0.0000	6.0000	2.0015	4.0000	10.0016	0.0001	0.0000	0.0001	0.0000	0.0000	0.0000	0.0001	0.0000	0.0001	0.0000	0.0000	0.0000	0.0000	0.0000	0.0000	0.0000	0.0000	0.0000	0.1548	0.1322	0.0226	0.0086	0.0081	0.0005	0.1462	0.1241	0.0221	0.2111	0.1229	0.0882	0.0063	0.0050	0.0013	0.2048	0.1179	0.0869	inf	0.0000	inf	0.0000	0.0000	0.0000	inf	0.0000	inf	0.0000	0.0000	0.0000	0.0000	0.0000	0.0000	0.0000	0.0000	0.0000						
25	67	0.2394	4	1	1	0	0	0	0	0	0	N	N	N	N	N	N	N	N	N	N	N	N	31.7616	1.2200	inf	1.3599	0.9974	inf	inf	inf	2.2908	0.1255	16.3833	0.8168	0.8433	0.1325	2.5189	0.0000	17.0171	0.0721	0.1029	0.0000	0.6007	0.8455	0.0000	0.0000	0.0000	0.0000	20.0498	0.0000	0.4581	-0.0214	6.0000	4.8614	4.0000	14.2102	0.9336	0.0444	0.8892	0.0446	0.0444	0.0003	0.8889	0.0000	0.8889	0.0396	0.0396	0.0000	0.0396	0.0396	0.0000	0.0000	0.0000	0.0000	0.4075	0.3533	0.0543	0.0546	0.0526	0.0020	0.3529	0.3007	0.0522	0.5486	0.3845	0.1641	0.2116	0.1822	0.0294	0.3371	0.2023	0.1348	31.7616	1.2200	inf	4.3671	3.8829	inf	inf	0.0000	inf	0.0721	0.1029	0.0000	0.1870	0.2172	0.0000	0.0000	0.0000	0.0000	
25	68	0.0766	4	2	2	1	0	0	0	0	0	Y	Y	N	N	N	N	N	N	N	N	N	N	0.0000	0.0000	0.0000	0.0000	0.0000	0.0000	0.0000	0.0000	0.0000	0.0000	0.0000	0.0000	0.0000	0.0000	0.0000	0.0000	0.0000	0.0000	0.0000	0.0000	6.0000	0.0000	4.0000	0.0000	0.0000	0.0000	0.0000	0.0000	0.0000	0.0000	0.0000	0.0000	0.0000	0.0000	0.0000	0.0000	0.0000	0.0000	0.0000	0.0000	0.0000	0.0000	0.0000	0.0000	0.0000	0.0000	0.0000	0.0000	0.0000	0.0000	0.0000	0.0000	0.0000	0.0000	0.0000	0.0000	0.0000	0.0000	0.0000	0.0000	0.0000	0.0000	0.0000	0.0000	0.0000	0.0000	0.0000	0.0000	0.0000	0.0000	0.0000	0.0000	0.0000	0.0000	0.0000	0.0000	0.0000	0.0000											
25	69	0.0724	3	2	1	1	0	0	0	0	0	Y	N	N	N	N	N	N	N	N	N	N	N	0.0000	0.0000	0.0000	0.0000	0.0000	0.0000	0.0000	0.0000	0.0000	0.0000	0.0000	0.0000	0.0000	0.0000	0.0000	0.0000	0.0000	0.0000	0.0000	0.0000	6.0000	0.0016	4.0000	0.9826	0.0000	0.0000	0.0000	0.0000	0.0000	0.0000	0.0000	0.0000	0.0000	0.0000	0.0000	0.0000	0.0000	0.0000	0.0000	0.0000	0.0000	0.0000	0.0004	0.0004	0.0001	0.0002	0.0002	0.0000	0.0003	0.0002	0.0001	0.0241	0.0128	0.0114	0.0023	0.0021	0.0002	0.0219	0.0107	0.0111	0.0000	0.0000	0.0000	0.0000	0.0000	0.0000	0.0000	0.0000	0.0000	0.0000	0.0000	0.0000	0.0000	0.0000	0.0000	0.0000	0.0000	0.0000											
25	70	0.0597	2	2	1	1	0	0	0	0	0	Y	N	N	N	N	N	N	N	N	N	N	N	inf	inf	inf	inf	1.8217	2.0576	0.0000	5.9814	5.9816	0.0000	0.0000	0.0000	0.0000	0.0000	0.0000	0.0000	0.0000	0.0000	0.0000	0.0000	0.0000	0.0000	0.0000	-0.0010	0.0000	6.0000	0.0061	4.0000	3.0249	0.0022	0.0022	0.0000	0.0022	0.0022	0.0000	0.0000	0.0000	0.0000	0.0000	0.0000	0.0000	0.0000	0.0000	0.0000	0.0000	0.0000	0.0000	0.0012	0.0011	0.0001	0.0004	0.0004	0.0000	0.0008	0.0007	0.0001	0.0731	0.0389	0.0342	0.0055	0.0050	0.0005	0.0676	0.0338	0.0338	inf	inf	0.0000	inf	inf	0.0000	0.0000	0.0000	0.0000	0.0000	0.0000	0.0000	0.0000	0.0000	0.0000	0.0000	0.0000	0.0000						
25	72	0.0845	2	1	2	0	0	0	0	0	0	N	Y	N	N	N	N	N	N	N	N	N	N	inf	inf	inf	inf	2.2418	0.0000	15.5671	0.0000	0.0000	0.0000	2.3700	0.0000	15.8924	0.0000	0.0000	0.0000	0.0000	0.0000	0.0000	0.0000	0.0000	0.0000	inf	0.5383	0.0000	6.0000	5.9987	4.0000	11.0016	1.0001	0.0000	1.0001	0.0000	0.0000	0.0000	1.0001	0.0000	1.0001	0.0000	0.0000	0.0000	0.0000	0.0000	0.0000	0.0000	0.0000	0.0000	0.4461	0.3819	0.0642	0.0241	0.0228	0.0013	0.4220	0.3591	0.0629	0.2884	0.1679	0.1205	0.0087	0.0069	0.0018	0.2797	0.1611	0.1186	inf	0.0000	inf	0.0000	0.0000	0.0000	inf	0.0000	inf	0.0000	0.0000	0.0000	0.0000	0.0000	0.0000	0.0000	0.0000	0.0000						
25	74	0.1263	4	1	2	0	0	0	0	0	0	N	Y	N	N	N	N	N	N	N	N	N	N	12.6141	19.6724	0.0000	32.1263	42.5033	0.0000	0.0000	0.0000	0.0046	0.0054	0.0000	0.0694	0.0725	0.0000	0.0000	0.0000	0.0000	0.0004	0.0003	0.0005	0.0022	0.0017	0.0046	0.0001	0.0000	0.0003	0.0000	1.1667	-0.0010	-0.0000	6.0000	6.1274	4.0000	13.6208	0.0022	0.0022	0.0000	0.0022	0.0022	0.0000	0.0000	0.0000	0.0000	0.0001	0.0001	0.0001	0.0001	0.0001	0.0000	0.0000	0.0000	0.0000	0.4697	0.4026	0.0671	0.0311	0.0298	0.0013	0.4385	0.3728	0.0658	0.3566	0.2200	0.1366	0.0416	0.0352	0.0065	0.3149	0.1848	0.1301	12.6141	19.6724	0.0000	32.1263	42.5033	0.0000	0.0000	0.0000	0.0000	0.0004	0.0003	0.0005	0.0022	0.0017	0.0046	0.0001	0.0000	0.0003	
25	75	0.1508	7	1	1	1	0	0	0	0	0	N	N	N	N	N	N	N	N	N	N	N	N	0.0000	0.0000	0.0000	0.0000	0.0000	0.0000	0.0000	0.0000	0.0000	0.0000	0.0000	0.0000	0.0000	0.0000	0.0000	0.0000	0.0000	0.0000	0.0000	0.0000	6.0000	0.0000	4.0000	1.0003	0.0000	0.0000	0.0000	0.0000	0.0000	0.0000	0.0000	0.0000	0.0000	0.0000	0.0000	0.0000	0.0000	0.0000	0.0000	0.0000	0.0000	0.0000	0.0000	0.0000	0.0000	0.0000	0.0000	0.0000	0.0000	0.0000	0.0000	0.0224	0.0119	0.0105	0.0020	0.0016	0.0004	0.0204	0.0103	0.0101	0.0000	0.0000	0.0000	0.0000	0.0000	0.0000	0.0000	0.0000	0.0000	0.0000	0.0000	0.0000	0.0000	0.0000	0.0000	0.0000	0.0000	0.0000											
25	76	0.1467	6	1	1	1	0	0	0	0	0	N	N	N	N	N	N	N	N	N	N	N	N	0.0000	0.0000	0.0000	0.0000	0.0000	0.0000	0.0000	0.0000	0.0000	0.0000	0.0000	0.0000	0.0000	0.0000	0.0000	0.0000	0.0000	0.0000	0.0000	0.0000	6.0000	0.0000	4.0000	1.0076	0.0000	0.0000	0.0000	0.0000	0.0000	0.0000	0.0000	0.0000	0.0000	0.0000	0.0000	0.0000	0.0000	0.0000	0.0000	0.0000	0.0000	0.0000	0.0000	0.0000	0.0000	0.0000	0.0000	0.0000	0.0000	0.0000	0.0000	0.0224	0.0118	0.0105	0.0018	0.0014	0.0004	0.0206	0.0104	0.0102	0.0000	0.0000	0.0000	0.0000	0.0000	0.0000	0.0000	0.0000	0.0000	0.0000	0.0000	0.0000	0.0000	0.0000	0.0000	0.0000	0.0000	0.0000											
25	77	0.1427	5	1	1	0	0	0	0	0	0	N	N	N	N	N	N	N	N	N	N	N	N	inf	inf	inf	inf	inf	inf	0.3442	0.0000	3.4755	0.0482	0.0000	21.6480	0.4969	0.0000	3.3355	0.0000	0.0000	0.0000	0.0000	0.0000	0.0000	0.0000	0.0000	0.0000	inf	0.0001	0.0000	6.0000	0.0026	4.0000	0.9924	0.0002	0.0000	0.0002	0.0000	0.0000	0.0000	0.0002	0.0000	0.0002	0.0000	0.0000	0.0000	0.0000	0.0000	0.0000	0.0000	0.0000	0.0000	0.0006	0.0005	0.0001	0.0002	0.0002	0.0000	0.0004	0.0003	0.0001	0.0221	0.0117	0.0104	0.0017	0.0014	0.0004	0.0204	0.0103	0.0101	inf	0.0000	inf	inf	0.0000	inf	inf	0.0000	inf	0.0000	0.0000	0.0000	0.0000	0.0000	0.0000	0.0000	0.0000	0.0000				
25	78	0.1263	4	1	1	0	0	0	0	0	0	N	N	N	N	N	N	N	N	N	N	N	N	3579.0184	0.0619	16076.2719	0.8250	0.0076	5.8644	10303.8123	inf	27459.9372	4.2301	0.0001	29.6217	0.0036	0.0000	0.1090	4.6127	0.0001	30.1951	0.0012	0.0008	0.0018	0.0044	0.0032	0.0186	0.0004	0.0000	0.0011	95639.2977	1.1667	0.5370	-0.0000	6.0000	2.8733	4.0000	1.5522	0.9977	0.0000	0.9977	0.0001	0.0000	0.0001	0.9976	0.0000	0.9976	0.0001	0.0001	0.0001	0.0001	0.0001	0.0000	0.0000	0.0000	0.0000	0.2359	0.2022	0.0337	0.0196	0.0189	0.0006	0.2163	0.1832	0.0330	0.1100	0.0720	0.0380	0.0206	0.0190	0.0016	0.0894	0.0530	0.0364	3579.0184	0.0619	16076.2719	0.8250	0.0076	5.8644	10303.8123	inf	27459.9372	0.0012	0.0008	0.0018	0.0044	0.0032	0.0186	0.0004	0.0000	0.0011
25	79	0.1142	3	1	1	0	0	0	0	0	0	N	N	N	N	N	N	N	N	N	N	N	N	7.6672	2.7480	20.2043	1.5797	2.9499	0.0000	9.8147	4.4426	24.0096	0.0863	0.0083	0.6008	0.0205	0.0206	0.0000	0.1050	0.0041	0.6095	0.0113	0.0030	0.0297	0.0130	0.0070	0.2388	0.0107	0.0009	0.0254	11.0022	4.4006	0.0010	0.0004	6.0000	0.2102	4.0000	3.4985	0.0023	0.0002	0.0021	0.0001	0.0001	0.0000	0.0022	0.0001	0.0021	0.0013	0.0002	0.0011	0.0004	0.0002	0.0002	0.0010	0.0001	0.0009	0.0264	0.0230	0.0035	0.0059	0.0058	0.0000	0.0206	0.0171	0.0034	0.1200	0.0830	0.0370	0.0293	0.0286	0.0008	0.0906	0.0544	0.0362	7.6672	2.7480	20.2043	1.5797	2.9499	0.0000	9.8147	4.4426	24.0096	0.0113	0.0030	0.0297	0.0130	0.0070	0.2388	0.0107	0.0009	0.0254
25	80	0.1452	5	1	2	0	0	0	0	0	0	N	Y	N	N	N	N	N	N	N	N	N	N	0.0000	0.0000	0.0000	0.0000	0.0000	0.0000	0.0000	0.0000	0.0000	0.0000	0.0000	0.0000	0.0000	0.0000	0.0000	0.0003	0.0003	0.0002	0.0021	0.0019	0.0028	0.0000	0.0000	0.0000	0.3333	0.0000	-0.0000	6.0000	2.0196	4.0000	6.0690	0.0000	0.0000	0.0000	0.0000	0.0000	0.0000	0.0000	0.0000	0.0000	0.0000	0.0000	0.0000	0.0000	0.0000	0.0000	0.0000	0.0000	0.0000	0.1580	0.1350	0.0230	0.0119	0.0111	0.0008	0.1461	0.1239	0.0221	0.1550	0.0944	0.0605	0.0189	0.0154	0.0035	0.1360	0.0790	0.0570	0.0000	0.0000	0.0000	0.0000	0.0000	0.0000	0.0000	0.0000	0.0000	0.0003	0.0003	0.0002	0.0021	0.0019	0.0028	0.0000	0.0000	0.0000				
25	81	0.1370	4	1	1	0	0	0	0	0	0	N	N	N	N	N	N	N	N	N	N	N	N	0.0000	0.0000	0.0000	0.0000	0.0000	0.0000	0.0000	0.0000	0.0000	0.0000	0.0000	0.0000	0.0000	0.0000	0.0000	0.0000	0.0000	0.0010	0.0013	0.0007	0.0026	0.0033	0.0000	0.0009	0.0010	0.0007	0.3333	0.0000	-0.0000	6.0000	0.9876	4.0000	0.9833	0.0000	0.0000	0.0000	0.0000	0.0000	0.0000	0.0000	0.0000	0.0000	0.0000	0.0000	0.0000	0.0000	0.0000	0.0000	0.0000	0.0000	0.0000	0.0764	0.0652	0.0112	0.0043	0.0041	0.0002	0.0721	0.0611	0.0110	0.0383	0.0231	0.0152	0.0038	0.0030	0.0008	0.0345	0.0201	0.0144	0.0000	0.0000	0.0000	0.0000	0.0000	0.0000	0.0000	0.0000	0.0000	0.0010	0.0013	0.0007	0.0026	0.0033	0.0000	0.0009	0.0010	0.0007		
25	82	0.0710	2	2	1	1	0	0	0	0	0	Y	N	N	N	N	N	N	N	N	N	N	N	0.0000	0.0000	0.0000	0.0000	0.0000	0.0000	0.0000	0.0000	0.0000	0.0000	0.0000	0.0000	0.0000	0.0000	0.0000	0.0000	0.0000	0.0000	0.0000	0.0000	6.0000	1.0000	4.0000	2.9874	0.0000	0.0000	0.0000	0.0000	0.0000	0.0000	0.0000	0.0000	0.0000	0.0000	0.0000	0.0000	0.0000	0.0000	0.0000	0.0000	0.0000	0.0000	0.0776	0.0662	0.0114	0.0033	0.0031	0.0002	0.0743	0.0630	0.0113	0.0786	0.0467	0.0319	0.0050	0.0043	0.0007	0.0736	0.0424	0.0312	0.0000	0.0000	0.0000	0.0000	0.0000	0.0000	0.0000	0.0000	0.0000	0.0000	0.0000	0.0000	0.0000	0.0000	0.0000	0.0000	0.0000	0.0000											
25	84	0.0845	2	1	2	0	1	0	0	0	0	N	Y	N	N	N	N	N	N	N	N	N	N	inf	inf	inf	inf	inf	inf	inf	3.4239	1.9978	11.9604	31.9207	33.7597	0.0000	1.8091	0.0000	12.2096	0.0000	0.0000	0.0000	0.0000	0.0000	0.0000	0.0000	0.0000	0.0000	1.0001	0.0766	0.0000	6.0000	8.0013	4.0000	12.0015	1.9999	0.9999	1.0000	0.9999	0.9999	0.0000	1.0000	0.0000	1.0000	0.0000	0.0000	0.0000	0.0000	0.0000	0.0000	0.0000	0.0000	0.0000	0.5841	0.5005	0.0836	0.0313	0.0296	0.0017	0.5528	0.4709	0.0819	0.3321	0.1935	0.1387	0.0101	0.0080	0.0021	0.3221	0.1855	0.1366	inf	inf	inf	inf	inf	0.0000	inf	0.0000	inf	0.0000	0.0000	0.0000	0.0000	0.0000	0.0000	0.0000	0.0000	0.0000			
25	85	0.1410	4	1	2	0	0	0	0	0	0	N	Y	N	N	N	N	N	N	N	N	N	N	0.0000	0.0000	0.0000	0.0000	0.0000	0.0000	0.0000	0.0000	0.0000	0.0000	0.0000	0.0000	0.0000	6.7614	0.0000	34.2036	0.0000	0.0000	0.0000	7.4933	0.0000	34.9174	inf	0.0000	0.4601	6.0000	1.0000	4.0000	6.9850	0.0000	0.0000	0.0000	0.0000	0.0000	0.0000	0.0000	0.0000	0.0000	1.0000	0.0000	1.0000	0.0000	0.0000	0.0000	1.0000	0.0000	1.0000	0.0775	0.0661	0.0114	0.0037	0.0036	0.0002	0.0737	0.0626	0.0112	0.1479	0.0884	0.0595	0.0144	0.0111	0.0033	0.1335	0.0773	0.0562	0.0000	0.0000	0.0000	0.0000	0.0000	0.0000	0.0000	0.0000	0.0000	6.7614	0.0000	16.8109	0.0000	0.0000	0.0000	7.4933	0.0000	17.8076						
25	86	0.1282	3	1	1	0	0	0	0	0	0	N	N	N	N	N	N	N	N	N	N	N	N	41.2534	28.6554	76.5385	61.7762	0.0071	0.0083	0.0000	0.1368	0.1432	0.0000	0.0000	0.0000	0.0000	0.0002	0.0003	0.0000	0.0018	0.0023	0.0000	0.0000	0.0000	0.0000	0.0000	0.0000	-0.0003	-0.0000	6.0000	1.0086	4.0000	2.0000	0.0006	0.0006	0.0000	0.0006	0.0006	0.0000	0.0000	0.0000	0.0000	0.0000	0.0000	0.0000	0.0000	0.0000	0.0000	0.0000	0.0000	0.0000	0.0790	0.0675	0.0115	0.0041	0.0039	0.0002	0.0749	0.0635	0.0113	0.0582	0.0345	0.0237	0.0056	0.0043	0.0013	0.0526	0.0302	0.0224	41.2534	28.6554	0.0000	76.5385	61.7762	0.0000	0.0000	0.0000	0.0000	0.0002	0.0003	0.0000	0.0018	0.0023	0.0000	0.0000	0.0000	0.0000					
25	89	0.1455	5	1	2	0	0	0	0	0	0	N	Y	N	N	N	N	N	N	N	N	N	N	7245.6229	5007.4578	2539.0331	1930.7057	0.4298	0.4914	0.0000	1.1488	1.1513	0.0000	0.0000	0.0000	0.0000	0.0001	0.0001	0.0000	0.0005	0.0006	0.0000	0.0000	0.0000	0.0000	0.0000	0.0000	-0.0009	-0.0000	6.0000	0.0157	4.0000	9.0253	0.0019	0.0019	0.0000	0.0019	0.0019	0.0000	0.0000	0.0000	0.0000	0.0000	0.0000	0.0000	0.0000	0.0000	0.0000	0.0000	0.0000	0.0000	0.0043	0.0038	0.0005	0.0016	0.0016	0.0000	0.0027	0.0022	0.0005	0.1686	0.1019	0.0667	0.0221	0.0168	0.0053	0.1465	0.0851	0.0614	7245.6229	5007.4578	0.0000	2539.0331	1930.7057	0.0000	0.0000	0.0000	0.0000	0.0001	0.0001	0.0000	0.0005	0.0006	0.0000	0.0000	0.0000	0.0000					
25	90	0.1370	4	1	2	0	0	0	0	0	0	N	Y	N	N	N	N	N	N	N	N	N	N	5032.3476	3527.4548	inf	5074.7461	3477.3908	inf	1.2840	1.4941	0.0478	0.0000	0.0000	0.0000	1.4386	1.6915	0.0505	0.0003	0.0004	0.0000	0.0000	0.0000	0.0000	0.0003	0.0005	0.0000	0.0054	0.0000	-0.0008	-0.0000	6.0000	0.0169	4.0000	2.0013	0.0019	0.0018	0.0000	0.0000	0.0000	0.0000	0.0019	0.0018	0.0000	0.0000	0.0000	0.0000	0.0000	0.0000	0.0000	0.0000	0.0000	0.0000	0.0014	0.0012	0.0002	0.0002	0.0001	0.0000	0.0013	0.0011	0.0002	0.0392	0.0236	0.0156	0.0039	0.0031	0.0009	0.0353	0.0206	0.0147	5032.3476	3527.4548	inf	0.0000	0.0000	0.0000	5074.7461	3477.3908	inf	0.0003	0.0004	0.0000	0.0000	0.0000	0.0000	0.0003	0.0005	0.0000			
25	91	0.1282	3	1	1	0	0	0	0	0	0	N	N	N	N	N	N	N	N	N	N	N	N	14.6100	10.1568	29.7715	24.4443	0.0036	0.0043	0.0000	0.0741	0.0778	0.0000	0.0000	0.0000	0.0000	0.0002	0.0004	0.0000	0.0025	0.0032	0.0000	0.0000	0.0000	0.0000	0.0000	0.0000	-0.0003	-0.0000	6.0000	1.9923	4.0000	0.0454	0.0006	0.0006	0.0000	0.0006	0.0006	0.0000	0.0000	0.0000	0.0000	0.0000	0.0000	0.0000	0.0000	0.0000	0.0000	0.0000	0.0000	0.0000	0.1537	0.1313	0.0224	0.0076	0.0072	0.0004	0.1461	0.1241	0.0221	0.0401	0.0238	0.0163	0.0040	0.0031	0.0009	0.0361	0.0207	0.0154	14.6100	10.1568	0.0000	29.7715	24.4443	0.0000	0.0000	0.0000	0.0000	0.0002	0.0004	0.0000	0.0025	0.0032	0.0000	0.0000	0.0000	0.0000					
25	92	0.0845	2	1	1	0	0	0	0	0	0	N	N	N	N	N	N	N	N	N	N	N	N	226408.1880	154323.2188	inf	inf	inf	0.0157	0.0000	inf	12.6503	14.8148	0.0000	223.2416	235.7602	0.0000	0.0000	0.0000	0.0000	0.0001	0.0001	0.0000	0.0000	0.0000	0.0000	0.0001	0.0001	0.0000	0.0000	0.0000	-0.4614	-0.0000	6.0000	1.0098	4.0000	9.0196	0.9993	0.9993	0.0000	0.9993	0.9993	0.0000	0.0000	0.0000	0.0000	0.0000	0.0000	0.0000	0.0000	0.0000	0.0000	0.0000	0.0000	0.0000	0.0790	0.0675	0.0115	0.0045	0.0042	0.0002	0.0745	0.0632	0.0113	0.1790	0.1042	0.0748	0.0053	0.0042	0.0011	0.1737	0.1000	0.0737	226408.1880	154323.2188	inf	inf	inf	0.0000	0.0157	0.0000	inf	0.0001	0.0001	0.0000	0.0000	0.0000	0.0000	0.0001	0.0001	0.0000	
25	93	0.1812	7	2	2	0	1	0	0	0	0	Y	Y	N	N	N	N	N	N	N	N	N	N	0.0000	0.0000	0.0000	0.0000	0.0000	0.0000	0.0000	0.0000	0.0000	0.0000	0.0000	0.0000	0.0000	0.0000	0.0000	0.0000	0.0000	0.0000	0.0000	0.0000	6.0000	0.0000	4.0000	0.0000	0.0000	0.0000	0.0000	0.0000	0.0000	0.0000	0.0000	0.0000	0.0000	0.0000	0.0000	0.0000	0.0000	0.0000	0.0000	0.0000	0.0000	0.0000	0.0000	0.0000	0.0000	0.0000	0.0000	0.0000	0.0000	0.0000	0.0000	0.0000	0.0000	0.0000	0.0000	0.0000	0.0000	0.0000	0.0000	0.0000	0.0000	0.0000	0.0000	0.0000	0.0000	0.0000	0.0000	0.0000	0.0000	0.0000	0.0000	0.0000	0.0000	0.0000	0.0000	0.0000	0.0000	0.0000											
25	94	0.1812	6	2	2	0	1	0	0	0	0	Y	Y	N	N	N	N	N	N	N	N	N	N	0.0000	0.0000	0.0000	0.0000	0.0000	0.0000	0.0000	0.0000	0.0000	0.0000	0.0000	0.0000	0.0000	0.0000	0.0000	0.0000	0.0000	0.0000	0.0000	0.0000	6.0000	0.0000	4.0000	0.0001	0.0000	0.0000	0.0000	0.0000	0.0000	0.0000	0.0000	0.0000	0.0000	0.0000	0.0000	0.0000	0.0000	0.0000	0.0000	0.0000	0.0000	0.0000	0.0000	0.0000	0.0000	0.0000	0.0000	0.0000	0.0000	0.0000	0.0000	0.0000	0.0000	0.0000	0.0000	0.0000	0.0000	0.0000	0.0000	0.0000	0.0000	0.0000	0.0000	0.0000	0.0000	0.0000	0.0000	0.0000	0.0000	0.0000	0.0000	0.0000	0.0000	0.0000	0.0000	0.0000	0.0000	0.0000											
25	95	0.1633	5	1	2	0	1	0	0	0	0	N	Y	N	N	N	N	N	N	N	N	N	N	0.0000	0.0000	0.0000	0.0000	0.0000	0.0000	0.0000	0.0000	0.0000	0.0000	0.0000	0.0000	0.0000	0.0000	0.0000	0.0000	0.0000	0.0000	0.0000	0.0000	6.0000	0.9845	4.0000	0.9903	0.0000	0.0000	0.0000	0.0000	0.0000	0.0000	0.0000	0.0000	0.0000	0.0000	0.0000	0.0000	0.0000	0.0000	0.0000	0.0000	0.0000	0.0000	0.0794	0.0681	0.0113	0.0087	0.0083	0.0004	0.0707	0.0598	0.0109	0.0395	0.0241	0.0154	0.0040	0.0036	0.0005	0.0354	0.0205	0.0149	0.0000	0.0000	0.0000	0.0000	0.0000	0.0000	0.0000	0.0000	0.0000	0.0000	0.0000	0.0000	0.0000	0.0000	0.0000	0.0000	0.0000	0.0000											
25	96	0.1605	5	1	2	0	0	0	0	0	0	N	Y	N	N	N	N	N	N	N	N	N	N	0.0000	0.0000	0.0000	0.0000	0.0000	0.0000	0.0000	0.0000	0.0000	0.0000	0.0000	0.0000	0.0000	0.0001	0.0001	0.0000	0.0002	0.0003	0.0000	0.0000	0.0000	0.0000	0.0000	0.0000	-0.0000	6.0000	1.0063	4.0000	3.7812	0.0000	0.0000	0.0000	0.0000	0.0000	0.0000	0.0000	0.0000	0.0000	0.0000	0.0000	0.0000	0.0000	0.0000	0.0000	0.0000	0.0000	0.0000	0.0796	0.0681	0.0115	0.0061	0.0058	0.0003	0.0735	0.0623	0.0112	0.1413	0.0920	0.0493	0.0406	0.0355	0.0052	0.1006	0.0565	0.0441	0.0000	0.0000	0.0000	0.0000	0.0000	0.0000	0.0000	0.0000	0.0000	0.0001	0.0001	0.0000	0.0002	0.0003	0.0000	0.0000	0.0000	0.0000						
25	97	0.1633	5	1	1	1	1	0	0	0	0	N	N	N	N	N	N	N	N	N	N	N	N	0.0000	0.0000	0.0000	0.0000	0.0000	0.0000	0.0000	0.0000	0.0000	0.0000	0.0000	0.0000	0.0000	0.0000	0.0000	0.0000	0.0000	0.0000	0.0000	0.0000	6.0000	1.0165	4.0000	1.0129	0.0000	0.0000	0.0000	0.0000	0.0000	0.0000	0.0000	0.0000	0.0000	0.0000	0.0000	0.0000	0.0000	0.0000	0.0000	0.0000	0.0000	0.0000	0.0818	0.0702	0.0116	0.0089	0.0085	0.0004	0.0729	0.0617	0.0112	0.0405	0.0247	0.0158	0.0041	0.0036	0.0005	0.0364	0.0210	0.0153	0.0000	0.0000	0.0000	0.0000	0.0000	0.0000	0.0000	0.0000	0.0000	0.0000	0.0000	0.0000	0.0000	0.0000	0.0000	0.0000	0.0000	0.0000											
25	98	0.1504	4	1	1	0	1	0	0	0	0	N	N	N	N	N	N	N	N	N	N	N	N	0.0000	0.0000	0.0000	0.0000	0.0000	0.0000	0.0000	0.0000	0.0000	0.0000	0.0000	0.0000	0.0000	0.0000	0.0000	0.0000	0.0000	0.0000	0.0000	0.0000	6.0000	2.0241	4.0000	1.0265	0.0000	0.0000	0.0000	0.0000	0.0000	0.0000	0.0000	0.0000	0.0000	0.0000	0.0000	0.0000	0.0000	0.0000	0.0000	0.0000	0.0000	0.0000	0.1588	0.1359	0.0229	0.0125	0.0118	0.0007	0.1463	0.1241	0.0222	0.0578	0.0347	0.0231	0.0064	0.0052	0.0013	0.0514	0.0295	0.0219	0.0000	0.0000	0.0000	0.0000	0.0000	0.0000	0.0000	0.0000	0.0000	0.0000	0.0000	0.0000	0.0000	0.0000	0.0000	0.0000	0.0000	0.0000											
25	99	0.1504	4	1	1	1	1	0	0	0	0	N	N	N	N	N	N	N	N	N	N	N	N	inf	inf	inf	inf	4.2941	5.0144	0.0000	55.5224	58.7911	0.0000	0.0000	0.0000	0.0000	0.0000	0.0000	0.0000	0.0000	0.0000	0.0000	0.0000	0.0000	0.0000	0.0000	-0.4617	0.0000	6.0000	3.0066	4.0000	0.0000	1.0000	1.0000	0.0000	1.0000	1.0000	0.0000	0.0000	0.0000	0.0000	0.0000	0.0000	0.0000	0.0000	0.0000	0.0000	0.0000	0.0000	0.0000	0.2329	0.1994	0.0335	0.0180	0.0170	0.0010	0.2149	0.1824	0.0324	0.0570	0.0342	0.0228	0.0064	0.0051	0.0013	0.0507	0.0291	0.0216	inf	inf	0.0000	inf	inf	0.0000	0.0000	0.0000	0.0000	0.0000	0.0000	0.0000	0.0000	0.0000	0.0000	0.0000	0.0000	0.0000						
25	100	0.1761	4	1	1	1	1	0	0	0	0	N	N	N	N	N	N	N	N	N	N	N	N	0.0000	0.0000	0.0000	0.0000	0.0000	0.0000	0.0000	0.0000	0.0000	0.0000	0.0000	0.0000	0.0000	0.0000	0.0000	0.0000	0.0000	0.0000	0.0000	0.0000	6.0000	0.0000	4.0000	2.0000	0.0000	0.0000	0.0000	0.0000	0.0000	0.0000	0.0000	0.0000	0.0000	0.0000	0.0000	0.0000	0.0000	0.0000	0.0000	0.0000	0.0000	0.0000	0.0000	0.0000	0.0000	0.0000	0.0000	0.0000	0.0000	0.0000	0.0000	0.0368	0.0218	0.0150	0.0043	0.0034	0.0009	0.0325	0.0184	0.0141	0.0000	0.0000	0.0000	0.0000	0.0000	0.0000	0.0000	0.0000	0.0000	0.0000	0.0000	0.0000	0.0000	0.0000	0.0000	0.0000	0.0000	0.0000											
25	101	0.1370	3	1	1	1	1	0	0	0	0	N	N	N	N	N	N	N	N	N	N	N	N	0.3430	0.2404	149.1855	375.7177	344.8016	0.0000	0.0672	0.0444	inf	1.9405	2.2601	0.0212	16.0703	17.2862	0.0000	0.4339	0.5068	0.0223	5.6578	9.3995	0.0001	0.0428	0.0501	0.0029	6.4561	11.4128	0.0000	0.0016	0.0000	-0.4098	-0.5371	6.0000	5.8899	4.0000	3.1847	0.8904	0.8890	0.0014	0.7105	0.7105	0.0000	0.1799	0.1785	0.0014	0.9947	0.9947	0.0000	0.0009	0.0009	0.0000	0.9937	0.9937	0.0000	0.4589	0.3934	0.0655	0.0442	0.0411	0.0031	0.4147	0.3523	0.0624	0.1761	0.1058	0.0703	0.0222	0.0187	0.0035	0.1539	0.0871	0.0668	0.3436	0.2404	149.1855	375.7177	344.8016	0.0000	0.0672	0.0444	inf	5.6474	9.3995	0.0001	0.0428	0.0501	0.0029	6.4561	11.4128	0.0000
25	102	0.1838	3	2	2	0	0	0	0	0	0	Y	Y	N	N	N	N	N	N	N	N	N	N	0.0000	0.0000	0.0000	0.0000	0.0000	0.0000	0.0000	0.0000	0.0000	0.0000	0.0000	0.0000	0.0000	0.0000	0.0000	0.0000	0.0000	0.0000	0.0000	0.0000	6.0000	0.0000	4.0000	0.0000	0.0000	0.0000	0.0000	0.0000	0.0000	0.0000	0.0000	0.0000	0.0000	0.0000	0.0000	0.0000	0.0000	0.0000	0.0000	0.0000	0.0000	0.0000	0.0000	0.0000	0.0000	0.0000	0.0000	0.0000	0.0000	0.0000	0.0000	0.0000	0.0000	0.0000	0.0000	0.0000	0.0000	0.0000	0.0000	0.0000	0.0000	0.0000	0.0000	0.0000	0.0000	0.0000	0.0000	0.0000	0.0000	0.0000	0.0000	0.0000	0.0000	0.0000	0.0000	0.0000	0.0000	0.0000											
25	103	0.0845	2	2	2	0	0	0	0	0	0	Y	Y	N	N	N	N	N	N	N	N	N	N	inf	inf	inf	inf	inf	inf	inf	5.1359	1.9978	23.9208	31.9207	33.7597	0.0000	3.6181	0.0000	24.4191	0.0000	0.0000	0.0000	0.0000	0.0000	0.0000	0.0000	0.0000	0.0000	2.0002	0.6148	0.0000	6.0000	8.0012	4.0000	14.0016	2.9999	0.9999	2.0000	0.9999	0.9999	0.0000	2.0000	0.0000	2.0000	0.0000	0.0000	0.0000	0.0000	0.0000	0.0000	0.0000	0.0000	0.0000	0.5841	0.5005	0.0836	0.0313	0.0296	0.0017	0.5528	0.4709	0.0819	0.3602	0.2098	0.1504	0.0110	0.0087	0.0023	0.3492	0.2012	0.1481	inf	inf	inf	inf	inf	0.0000	inf	0.0000	inf	0.0000	0.0000	0.0000	0.0000	0.0000	0.0000	0.0000	0.0000	0.0000			
25	104	0.1475	3	1	2	0	0	0	0	0	0	N	Y	N	N	N	N	N	N	N	N	N	N	288.2652	inf	0.0000	5.1223	inf	0.0000	278.8781	inf	0.0000	6.4912	7.5961	0.0000	0.0742	0.0784	0.0000	6.8609	8.0785	0.0000	0.0225	0.0000	0.0575	0.0145	0.0000	0.0626	0.0246	0.0000	0.0568	0.0000	inf	-0.4600	0.0006	6.0000	2.0010	4.0000	1.0153	0.9961	0.9961	0.0000	0.0006	0.0006	0.0000	0.9955	0.9955	0.0000	0.0014	0.0000	0.0014	0.0002	0.0000	0.0002	0.0012	0.0000	0.0012	0.1535	0.1311	0.0223	0.0084	0.0079	0.0005	0.1451	0.1232	0.0219	0.0604	0.0367	0.0237	0.0124	0.0096	0.0029	0.0480	0.0272	0.0208	288.2652	inf	0.0000	5.1223	inf	0.0000	278.8781	inf	0.0000	0.0225	0.0000	0.0575	0.0145	0.0000	0.0626	0.0246	0.0000	0.0568
25	105	0.0845	2	1	2	0	0	0	0	0	0	N	Y	N	N	N	N	N	N	N	N	N	N	1.0607	4009.0430	0.0001	57396.9029	47908.7961	0.0048	18.9234	0.0001	4.3489	5.0879	0.0021	78.7544	83.2800	0.0000	0.0204	0.0236	0.0021	4.1000	0.0013	16.2092	0.0014	0.0017	0.0000	4.2264	0.0012	14.8239	0.0001	5548.0556	-0.4634	0.4593	6.0000	3.0162	4.0000	11.0438	1.0038	1.0037	0.0001	0.9993	0.9993	0.0000	0.0045	0.0044	0.0001	0.9988	0.0002	0.9987	0.0000	0.0000	0.0000	0.9988	0.0002	0.9987	0.2308	0.1973	0.0335	0.0127	0.0120	0.0007	0.2181	0.1853	0.0328	0.2436	0.1418	0.1018	0.0073	0.0058	0.0015	0.2363	0.1361	0.1003	1.0607	4009.0430	0.0002	57396.9029	47908.7961	0.0000	0.0048	18.9234	0.0002	4.1000	0.0013	9.8111	0.0014	0.0017	0.0000	4.2264	0.0012	9.9613	
25	106	0.1854	7	2	2	0	0	0	0	0	0	Y	Y	N	N	N	N	N	N	N	N	N	N	0.0000	0.0000	0.0000	0.0000	0.0000	0.0000	0.0000	0.0000	0.0000	0.0000	0.0000	0.0000	0.0000	0.0000	0.0000	0.0000	0.0000	0.0000	0.0000	0.0000	6.0000	1.0000	4.0000	1.0000	0.0000	0.0000	0.0000	0.0000	0.0000	0.0000	0.0000	0.0000	0.0000	0.0000	0.0000	0.0000	0.0000	0.0000	0.0000	0.0000	0.0000	0.0000	0.0784	0.0671	0.0114	0.0057	0.0054	0.0003	0.0727	0.0617	0.0110	0.0394	0.0250	0.0143	0.0122	0.0097	0.0024	0.0272	0.0153	0.0119	0.0000	0.0000	0.0000	0.0000	0.0000	0.0000	0.0000	0.0000	0.0000	0.0000	0.0000	0.0000	0.0000	0.0000	0.0000	0.0000	0.0000	0.0000											
25	107	0.1812	6	2	2	0	0	0	0	0	0	Y	Y	N	N	N	N	N	N	N	N	N	N	0.0000	0.0000	0.0000	0.0000	0.0000	0.0000	0.0000	0.0000	0.0000	0.0000	0.0000	0.0000	0.0000	0.0000	0.0000	0.0000	0.0000	0.0000	0.0000	0.0000	6.0000	0.0000	4.0000	0.9999	0.0000	0.0000	0.0000	0.0000	0.0000	0.0000	0.0000	0.0000	0.0000	0.0000	0.0000	0.0000	0.0000	0.0000	0.0000	0.0000	0.0000	0.0000	0.0000	0.0000	0.0000	0.0000	0.0000	0.0000	0.0000	0.0000	0.0000	0.0197	0.0123	0.0074	0.0048	0.0038	0.0010	0.0149	0.0084	0.0065	0.0000	0.0000	0.0000	0.0000	0.0000	0.0000	0.0000	0.0000	0.0000	0.0000	0.0000	0.0000	0.0000	0.0000	0.0000	0.0000	0.0000	0.0000											
25	108	0.1605	5	2	2	0	0	0	0	0	0	Y	Y	N	N	N	N	N	N	N	N	N	N	0.0000	0.0000	0.0000	0.0000	0.0000	0.0000	0.0000	0.0000	0.0000	0.0000	0.0000	0.0000	0.0000	0.0001	0.0001	0.0000	0.0002	0.0003	0.0000	0.0000	0.0000	0.0000	0.0000	0.0000	-0.0000	6.0000	0.0100	4.0000	4.8896	0.0000	0.0000	0.0000	0.0000	0.0000	0.0000	0.0000	0.0000	0.0000	0.0000	0.0000	0.0000	0.0000	0.0000	0.0000	0.0000	0.0000	0.0000	0.0015	0.0013	0.0002	0.0004	0.0004	0.0000	0.0011	0.0009	0.0002	0.1432	0.0931	0.0501	0.0408	0.0356	0.0052	0.1024	0.0575	0.0449	0.0000	0.0000	0.0000	0.0000	0.0000	0.0000	0.0000	0.0000	0.0000	0.0001	0.0001	0.0000	0.0002	0.0003	0.0000	0.0000	0.0000	0.0000						
25	109	0.1504	4	1	2	0	0	0	0	0	0	N	Y	N	N	N	N	N	N	N	N	N	N	0.0000	0.0000	0.0000	0.0000	0.0000	0.0000	0.0000	0.0000	0.0000	0.0000	0.0000	0.0000	0.0000	0.0002	0.0004	0.0000	0.0000	0.0000	0.0000	0.0002	0.0004	0.0000	0.0000	0.0000	-0.0000	6.0000	1.0007	4.0000	1.4004	0.0000	0.0000	0.0000	0.0000	0.0000	0.0000	0.0000	0.0000	0.0000	0.0000	0.0000	0.0000	0.0000	0.0000	0.0000	0.0000	0.0000	0.0000	0.0801	0.0686	0.0115	0.0067	0.0063	0.0003	0.0734	0.0622	0.0112	0.0457	0.0274	0.0183	0.0051	0.0041	0.0010	0.0406	0.0234	0.0173	0.0000	0.0000	0.0000	0.0000	0.0000	0.0000	0.0000	0.0000	0.0000	0.0002	0.0004	0.0000	0.0000	0.0000	0.0000	0.0002	0.0004	0.0000						
25	110	0.1370	3	1	1	0	0	0	0	0	0	N	N	N	N	N	N	N	N	N	N	N	N	77.2981	0.0000	131421.2601	1.5729	0.0000	10008.9209	inf	inf	6.7545	0.0000	46.5598	7.6682	0.0000	77.8407	6.2913	0.0000	37.2969	0.0874	0.1525	0.0004	4.8753	5.9562	0.0078	0.0000	0.0000	0.0000	inf	0.0016	0.1567	-0.0034	6.0000	0.3039	4.0000	2.8719	0.2911	0.0000	0.2911	0.1112	0.0000	0.1112	0.1799	0.0000	0.1799	0.0063	0.0063	0.0000	0.0063	0.0063	0.0000	0.0000	0.0000	0.0000	0.0431	0.0368	0.0063	0.0145	0.0131	0.0014	0.0286	0.0238	0.0048	0.0724	0.0442	0.0282	0.0121	0.0109	0.0013	0.0603	0.0334	0.0269	77.2981	0.0000	131421.2601	14.7172	0.0000	10008.9209	inf	0.0000	inf	0.0874	0.1429	0.0004	0.5210	0.5818	0.0078	0.0000	0.0000	0.0000	
25	111	0.0845	2	1	1	0	0	0	0	0	0	N	N	N	N	N	N	N	N	N	N	N	N	209.0434	9.3599	7959.2994	0.0000	0.0000	214.8931	9.5764	8004.4014	6.2694	0.4480	40.6070	0.0000	0.0000	0.0000	6.6320	0.4768	41.4583	0.0300	0.0479	0.0051	0.0016	0.0020	0.0000	0.0309	0.0498	0.0052	15.3683	0.0765	0.8685	-0.0030	6.0000	3.8240	4.0000	8.1760	1.8202	0.1112	1.7090	0.0000	0.0000	0.0000	1.8202	0.1112	1.7090	0.0063	0.0059	0.0005	0.0000	0.0000	0.0000	0.0063	0.0059	0.0005	0.2903	0.2482	0.0421	0.0159	0.0150	0.0009	0.2745	0.2332	0.0412	0.2111	0.1229	0.0882	0.0063	0.0050	0.0013	0.2048	0.1179	0.0869	209.0434	9.3599	7959.2994	0.0000	0.0000	0.0000	214.8931	9.5764	8004.4014	0.0300	0.0479	0.0051	0.0016	0.0020	0.0000	0.0309	0.0498	0.0052	
25	115	0.2771	5	1	1	0	0	0	0	0	0	N	N	N	N	N	N	N	N	N	N	N	N	26.7213	17.2053	inf	3.0508	1.9431	inf	inf	inf	inf	1.8250	1.6245	3.1702	0.9021	0.8893	1.2671	1.9986	1.7812	3.2524	0.0683	0.0944	0.0000	0.2957	0.4577	0.0000	0.0000	0.0000	0.0000	0.2910	0.0000	-0.3245	-0.0261	6.0000	8.9918	4.0000	13.3277	1.3729	1.0635	0.3094	0.1074	0.1023	0.0051	1.2655	0.9612	0.3043	0.0483	0.0483	0.0000	0.0483	0.0483	0.0000	0.0000	0.0000	0.0000	0.7523	0.6547	0.0976	0.1191	0.1150	0.0040	0.6332	0.5396	0.0936	0.7079	0.5121	0.1958	0.3280	0.2822	0.0458	0.3799	0.2298	0.1501	26.7213	17.2053	inf	6.1200	5.1914	inf	inf	inf	inf	0.0683	0.0944	0.0000	0.1474	0.1713	0.0000	0.0000	0.0000	0.0000
26	27	0.1268	7	1	2	0	0	0	0	0	0	N	Y	N	N	N	N	N	N	N	N	N	N	0.0000	0.0000	0.0000	0.0000	0.0000	0.0000	0.0000	0.0000	0.0000	0.0000	0.0000	0.0000	0.0000	0.0000	0.0000	0.0000	0.0000	0.0000	0.0000	0.0000	0.0000	1.0000	2.0002	3.9850	0.0000	0.0000	0.0000	0.0000	0.0000	0.0000	0.0000	0.0000	0.0000	0.0000	0.0000	0.0000	0.0000	0.0000	0.0000	0.0000	0.0000	0.0000	0.0000	0.0000	0.0000	0.0000	0.0000	0.0000	0.0000	0.0000	0.0000	0.0210	0.0124	0.0086	0.0009	0.0008	0.0001	0.0201	0.0116	0.0085	0.0000	0.0000	0.0000	0.0000	0.0000	0.0000	0.0000	0.0000	0.0000	0.0000	0.0000	0.0000	0.0000	0.0000	0.0000	0.0000	0.0000	0.0000											
26	28	0.1122	6	0	2	0	0	0	0	0	0	N	Y	N	N	N	N	N	N	N	N	N	N	0.0000	0.0000	0.0000	0.0000	0.0000	0.0000	0.0000	0.0000	0.0000	0.0000	0.0000	0.0000	0.0000	0.0000	0.0000	25.1131	0.0000	122.3989	0.0033	0.0000	0.0156	27.1971	0.0000	121.9915	inf	0.0000	0.4597	0.0000	5.0000	2.0002	4.0000	0.0000	0.0000	0.0000	0.0000	0.0000	0.0000	0.0000	0.0000	0.0000	0.9991	0.0000	0.9991	0.0000	0.0000	0.0000	0.9991	0.0000	0.9991	0.0000	0.0000	0.0000	0.0000	0.0000	0.0000	0.0000	0.0000	0.0000	0.0398	0.0210	0.0188	0.0030	0.0024	0.0006	0.0367	0.0186	0.0182	0.0000	0.0000	0.0000	0.0000	0.0000	0.0000	0.0000	0.0000	0.0000	25.1131	0.0000	53.1271	0.0033	0.0000	0.0156	27.1971	0.0000	54.9972				
26	29	0.1122	6	0	2	0	0	0	0	0	0	N	Y	N	N	N	N	N	N	N	N	N	N	0.0000	0.0000	0.0000	0.0000	0.0000	0.0000	0.0000	0.0000	0.0000	0.0000	0.0000	0.0000	0.0000	0.0000	0.0000	0.0000	0.0000	0.0000	0.0000	0.0000	0.0000	3.0000	2.0002	6.0000	0.0000	0.0000	0.0000	0.0000	0.0000	0.0000	0.0000	0.0000	0.0000	0.0000	0.0000	0.0000	0.0000	0.0000	0.0000	0.0000	0.0000	0.0000	0.0000	0.0000	0.0000	0.0000	0.0000	0.0000	0.0000	0.0000	0.0000	0.0398	0.0210	0.0188	0.0030	0.0024	0.0006	0.0367	0.0186	0.0182	0.0000	0.0000	0.0000	0.0000	0.0000	0.0000	0.0000	0.0000	0.0000	0.0000	0.0000	0.0000	0.0000	0.0000	0.0000	0.0000	0.0000	0.0000											
26	30	0.1611	9	0	2	1	1	0	0	0	0	N	Y	N	N	N	N	N	N	N	N	N	N	0.0000	0.0000	0.0000	0.0000	0.0000	0.0000	0.0000	0.0000	0.0000	0.0000	0.0000	0.0000	0.0000	0.0609	0.0000	0.1945	0.0000	0.0000	0.0000	0.0767	0.0000	0.2146	inf	0.0000	0.0003	0.0000	0.0000	2.0002	3.0000	0.0000	0.0000	0.0000	0.0000	0.0000	0.0000	0.0000	0.0000	0.0000	0.0008	0.0000	0.0008	0.0000	0.0000	0.0000	0.0008	0.0000	0.0008	0.0000	0.0000	0.0000	0.0000	0.0000	0.0000	0.0000	0.0000	0.0000	0.0123	0.0074	0.0049	0.0025	0.0019	0.0007	0.0098	0.0056	0.0042	0.0000	0.0000	0.0000	0.0000	0.0000	0.0000	0.0000	0.0000	0.0000	0.0609	0.0000	0.1538	0.0000	0.0000	0.0000	0.0767	0.0000	0.1782						
26	31	0.1442	8	0	1	0	1	0	0	0	0	N	N	N	N	N	N	N	N	N	N	N	N	0.0000	0.0000	0.0000	0.0000	0.0000	0.0000	0.0000	0.0000	0.0000	0.0000	0.0000	0.0000	0.0000	0.0001	0.0001	0.0000	0.0004	0.0005	0.0000	0.0000	0.0000	0.0000	0.0002	0.0000	-0.0000	0.0000	0.9783	2.0002	3.0423	0.0000	0.0000	0.0000	0.0000	0.0000	0.0000	0.0000	0.0000	0.0000	0.0000	0.0000	0.0000	0.0000	0.0000	0.0000	0.0000	0.0000	0.0000	0.0000	0.0000	0.0000	0.0000	0.0000	0.0000	0.0000	0.0000	0.0000	0.0198	0.0124	0.0073	0.0041	0.0034	0.0007	0.0157	0.0091	0.0066	0.0000	0.0000	0.0000	0.0000	0.0000	0.0000	0.0000	0.0000	0.0000	0.0001	0.0001	0.0000	0.0004	0.0005	0.0000	0.0000	0.0000	0.0000						
26	32	0.0704	5	0	2	0	0	0	0	0	0	N	Y	N	N	N	N	N	N	N	N	N	N	0.0000	0.0000	0.0000	0.0000	0.0000	0.0000	0.0000	0.0000	0.0000	0.0000	0.0000	0.0000	0.0000	0.0000	0.0000	0.0000	0.0000	0.0000	0.0000	0.0000	0.0000	6.9988	2.0002	9.0016	0.0000	0.0000	0.0000	0.0000	0.0000	0.0000	0.0000	0.0000	0.0000	0.0000	0.0000	0.0000	0.0000	0.0000	0.0000	0.0000	0.0000	0.0000	0.0000	0.0000	0.0000	0.0000	0.0000	0.0000	0.0000	0.0000	0.0000	0.0608	0.0365	0.0243	0.0042	0.0033	0.0009	0.0566	0.0331	0.0235	0.0000	0.0000	0.0000	0.0000	0.0000	0.0000	0.0000	0.0000	0.0000	0.0000	0.0000	0.0000	0.0000	0.0000	0.0000	0.0000	0.0000	0.0000											
26	33	0.1713	10	1	2	0	0	0	0	0	0	N	Y	N	N	N	N	N	N	N	N	N	N	0.0000	0.0000	0.0000	0.0000	0.0000	0.0000	0.0000	0.0000	0.0000	0.0000	0.0000	0.0000	0.0000	0.0000	0.0000	0.0000	0.0000	0.0000	0.0000	0.0000	0.0000	0.0000	2.0002	0.0000	0.0000	0.0000	0.0000	0.0000	0.0000	0.0000	0.0000	0.0000	0.0000	0.0000	0.0000	0.0000	0.0000	0.0000	0.0000	0.0000	0.0000	0.0000	0.0000	0.0000	0.0000	0.0000	0.0000	0.0000	0.0000	0.0000	0.0000	0.0000	0.0000	0.0000	0.0000	0.0000	0.0000	0.0000	0.0000	0.0000	0.0000	0.0000	0.0000	0.0000	0.0000	0.0000	0.0000	0.0000	0.0000	0.0000	0.0000	0.0000	0.0000	0.0000	0.0000	0.0000	0.0000	0.0000											
26	34	0.1268	7	0	2	0	1	0	0	0	0	N	Y	N	N	N	N	N	N	N	N	N	N	0.0000	0.0000	0.0000	0.0000	0.0000	0.0000	0.0000	0.0000	0.0000	0.0000	0.0000	0.0000	0.0000	0.0000	0.0000	0.0000	0.0000	0.0000	0.0000	0.0000	0.0000	5.0000	2.0002	6.9850	0.0000	0.0000	0.0000	0.0000	0.0000	0.0000	0.0000	0.0000	0.0000	0.0000	0.0000	0.0000	0.0000	0.0000	0.0000	0.0000	0.0000	0.0000	0.0000	0.0000	0.0000	0.0000	0.0000	0.0000	0.0000	0.0000	0.0000	0.0472	0.0277	0.0195	0.0018	0.0016	0.0002	0.0454	0.0261	0.0192	0.0000	0.0000	0.0000	0.0000	0.0000	0.0000	0.0000	0.0000	0.0000	0.0000	0.0000	0.0000	0.0000	0.0000	0.0000	0.0000	0.0000	0.0000											
26	35	0.0704	5	1	2	0	0	0	0	0	0	N	Y	N	N	N	N	N	N	N	N	N	N	0.0000	0.0000	0.0000	0.0000	0.0000	0.0000	0.0000	0.0000	0.0000	0.0000	0.0000	0.0000	0.0000	0.0000	0.0000	0.0000	0.0000	0.0000	0.0000	0.0000	0.0000	1.9985	2.0002	17.9985	0.0000	0.0000	0.0000	0.0000	0.0000	0.0000	0.0000	0.0000	0.0000	0.0000	0.0000	0.0000	0.0000	0.0000	0.0000	0.0000	0.0000	0.0000	0.0000	0.0000	0.0000	0.0000	0.0000	0.0000	0.0000	0.0000	0.0000	0.0738	0.0443	0.0295	0.0051	0.0041	0.0011	0.0687	0.0402	0.0285	0.0000	0.0000	0.0000	0.0000	0.0000	0.0000	0.0000	0.0000	0.0000	0.0000	0.0000	0.0000	0.0000	0.0000	0.0000	0.0000	0.0000	0.0000											
26	36	0.1936	8	0	1	1	0	0	0	0	0	N	N	N	N	N	N	N	N	N	N	N	N	0.0000	0.0000	0.0000	0.0000	0.0000	0.0000	0.0000	0.0000	0.0000	0.0000	0.0000	0.0000	0.0000	0.0000	0.0000	0.0000	0.0000	0.0000	0.0000	0.0000	0.0000	0.0001	2.0002	0.9943	0.0000	0.0000	0.0000	0.0000	0.0000	0.0000	0.0000	0.0000	0.0000	0.0000	0.0000	0.0000	0.0000	0.0000	0.0000	0.0000	0.0000	0.0000	0.0000	0.0000	0.0000	0.0000	0.0000	0.0000	0.0000	0.0000	0.0000	0.0051	0.0033	0.0018	0.0010	0.0008	0.0001	0.0042	0.0025	0.0017	0.0000	0.0000	0.0000	0.0000	0.0000	0.0000	0.0000	0.0000	0.0000	0.0000	0.0000	0.0000	0.0000	0.0000	0.0000	0.0000	0.0000	0.0000											
26	37	0.1698	8	0	2	0	0	0	0	0	0	N	Y	N	N	N	N	N	N	N	N	N	N	0.0000	0.0000	0.0000	0.0000	0.0000	0.0000	0.0000	0.0000	0.0000	0.0000	0.0000	0.0000	0.0000	0.0000	0.0000	0.0000	0.0000	0.0000	0.0000	0.0000	0.0000	2.0000	2.0002	2.0000	0.0000	0.0000	0.0000	0.0000	0.0000	0.0000	0.0000	0.0000	0.0000	0.0000	0.0000	0.0000	0.0000	0.0000	0.0000	0.0000	0.0000	0.0000	0.0000	0.0000	0.0000	0.0000	0.0000	0.0000	0.0000	0.0000	0.0000	0.0168	0.0102	0.0066	0.0025	0.0020	0.0005	0.0143	0.0082	0.0061	0.0000	0.0000	0.0000	0.0000	0.0000	0.0000	0.0000	0.0000	0.0000	0.0000	0.0000	0.0000	0.0000	0.0000	0.0000	0.0000	0.0000	0.0000											
26	38	0.1290	7	1	1	1	0	0	0	0	0	N	N	N	N	N	N	N	N	N	N	N	N	0.0000	0.0000	0.0000	0.0000	0.0000	0.0000	0.0000	0.0000	0.0000	0.0000	0.0000	0.0000	0.0000	0.0000	0.0000	0.0000	0.0000	0.0000	0.0000	0.0000	0.0000	2.0000	2.0002	5.0000	0.0000	0.0000	0.0000	0.0000	0.0000	0.0000	0.0000	0.0000	0.0000	0.0000	0.0000	0.0000	0.0000	0.0000	0.0000	0.0000	0.0000	0.0000	0.0000	0.0000	0.0000	0.0000	0.0000	0.0000	0.0000	0.0000	0.0000	0.0317	0.0168	0.0149	0.0028	0.0023	0.0005	0.0288	0.0145	0.0144	0.0000	0.0000	0.0000	0.0000	0.0000	0.0000	0.0000	0.0000	0.0000	0.0000	0.0000	0.0000	0.0000	0.0000	0.0000	0.0000	0.0000	0.0000											
26	39	0.1442	8	0	2	0	0	0	0	0	0	N	Y	N	N	N	N	N	N	N	N	N	N	0.0000	0.0000	0.0000	0.0000	0.0000	0.0000	0.0000	0.0000	0.0000	0.0000	0.0000	0.0000	0.0000	0.0000	0.0000	0.0153	0.0000	0.0401	0.0000	0.0000	0.0000	0.0188	0.0000	0.0457	inf	0.0000	0.0002	0.0000	0.0217	2.0002	6.0735	0.0000	0.0000	0.0000	0.0000	0.0000	0.0000	0.0000	0.0000	0.0000	0.0004	0.0000	0.0004	0.0000	0.0000	0.0000	0.0004	0.0000	0.0004	0.0000	0.0000	0.0000	0.0000	0.0000	0.0000	0.0000	0.0000	0.0000	0.0280	0.0173	0.0107	0.0053	0.0042	0.0010	0.0227	0.0131	0.0096	0.0000	0.0000	0.0000	0.0000	0.0000	0.0000	0.0000	0.0000	0.0000	0.0153	0.0000	0.0401	0.0000	0.0000	0.0000	0.0188	0.0000	0.0444				
26	40	0.1268	7	0	1	0	0	0	0	0	0	N	N	N	N	N	N	N	N	N	N	N	N	0.0000	0.0000	0.0000	0.0000	0.0000	0.0000	0.0000	0.0000	0.0000	0.0000	0.0000	0.0000	0.0000	0.0000	0.0000	0.0001	0.0000	0.0002	0.0000	0.0000	0.0000	0.0001	0.0000	0.0002	361.7609	0.0000	0.0000	0.0000	0.0217	2.0002	4.0395	0.0000	0.0000	0.0000	0.0000	0.0000	0.0000	0.0000	0.0000	0.0000	0.0000	0.0000	0.0000	0.0000	0.0000	0.0000	0.0000	0.0000	0.0000	0.0000	0.0000	0.0000	0.0000	0.0000	0.0000	0.0000	0.0000	0.0000	0.0173	0.0103	0.0071	0.0008	0.0007	0.0001	0.0165	0.0095	0.0070	0.0000	0.0000	0.0000	0.0000	0.0000	0.0000	0.0000	0.0000	0.0000	0.0001	0.0000	0.0002	0.0000	0.0000	0.0000	0.0001	0.0000	0.0002				
26	41	0.1268	7	0	2	0	1	0	0	0	0	N	Y	N	N	N	N	N	N	N	N	N	N	0.0000	0.0000	0.0000	0.0000	0.0000	0.0000	0.0000	0.0000	0.0000	0.0000	0.0000	0.0000	0.0000	0.0000	0.0000	0.0000	0.0000	0.0000	0.0000	0.0000	0.0000	0.0000	2.0002	7.0150	0.0000	0.0000	0.0000	0.0000	0.0000	0.0000	0.0000	0.0000	0.0000	0.0000	0.0000	0.0000	0.0000	0.0000	0.0000	0.0000	0.0000	0.0000	0.0000	0.0000	0.0000	0.0000	0.0000	0.0000	0.0000	0.0000	0.0000	0.0289	0.0170	0.0119	0.0012	0.0011	0.0001	0.0277	0.0159	0.0117	0.0000	0.0000	0.0000	0.0000	0.0000	0.0000	0.0000	0.0000	0.0000	0.0000	0.0000	0.0000	0.0000	0.0000	0.0000	0.0000	0.0000	0.0000											
26	42	0.1290	7	1	1	1	0	0	0	0	0	N	N	N	N	N	N	N	N	N	N	N	N	0.0000	0.0000	0.0000	0.0000	0.0000	0.0000	0.0000	0.0000	0.0000	0.0000	0.0000	0.0000	0.0000	0.0000	0.0000	0.0000	0.0000	0.0000	0.0000	0.0000	0.0000	0.0000	2.0002	0.0000	0.0000	0.0000	0.0000	0.0000	0.0000	0.0000	0.0000	0.0000	0.0000	0.0000	0.0000	0.0000	0.0000	0.0000	0.0000	0.0000	0.0000	0.0000	0.0000	0.0000	0.0000	0.0000	0.0000	0.0000	0.0000	0.0000	0.0000	0.0000	0.0000	0.0000	0.0000	0.0000	0.0000	0.0000	0.0000	0.0000	0.0000	0.0000	0.0000	0.0000	0.0000	0.0000	0.0000	0.0000	0.0000	0.0000	0.0000	0.0000	0.0000	0.0000	0.0000	0.0000	0.0000	0.0000											
26	43	0.1122	6	1	1	1	0	0	0	0	0	N	N	N	N	N	N	N	N	N	N	N	N	0.0000	0.0000	0.0000	0.0000	0.0000	0.0000	0.0000	0.0000	0.0000	0.0000	0.0000	0.0000	0.0000	0.0000	0.0000	0.0000	0.0000	0.0000	0.0000	0.0000	0.0000	1.0000	2.0002	3.0000	0.0000	0.0000	0.0000	0.0000	0.0000	0.0000	0.0000	0.0000	0.0000	0.0000	0.0000	0.0000	0.0000	0.0000	0.0000	0.0000	0.0000	0.0000	0.0000	0.0000	0.0000	0.0000	0.0000	0.0000	0.0000	0.0000	0.0000	0.0186	0.0097	0.0089	0.0014	0.0011	0.0003	0.0172	0.0086	0.0086	0.0000	0.0000	0.0000	0.0000	0.0000	0.0000	0.0000	0.0000	0.0000	0.0000	0.0000	0.0000	0.0000	0.0000	0.0000	0.0000	0.0000	0.0000											
26	44	0.1122	6	1	1	1	0	0	0	0	0	N	N	N	N	N	N	N	N	N	N	N	N	0.0000	0.0000	0.0000	0.0000	0.0000	0.0000	0.0000	0.0000	0.0000	0.0000	0.0000	0.0000	0.0000	0.0000	0.0000	0.0000	0.0000	0.0000	0.0000	0.0000	0.0000	1.0000	2.0002	3.0000	0.0000	0.0000	0.0000	0.0000	0.0000	0.0000	0.0000	0.0000	0.0000	0.0000	0.0000	0.0000	0.0000	0.0000	0.0000	0.0000	0.0000	0.0000	0.0000	0.0000	0.0000	0.0000	0.0000	0.0000	0.0000	0.0000	0.0000	0.0186	0.0097	0.0089	0.0014	0.0011	0.0003	0.0172	0.0086	0.0086	0.0000	0.0000	0.0000	0.0000	0.0000	0.0000	0.0000	0.0000	0.0000	0.0000	0.0000	0.0000	0.0000	0.0000	0.0000	0.0000	0.0000	0.0000											
26	45	0.1698	8	0	1	1	0	0	0	0	0	N	N	N	N	N	N	N	N	N	N	N	N	0.0000	0.0000	0.0000	0.0000	0.0000	0.0000	0.0000	0.0000	0.0000	0.0000	0.0000	0.0000	0.0000	0.0000	0.0000	0.0000	0.0000	0.0000	0.0000	0.0000	0.0000	0.0000	2.0002	0.0000	0.0000	0.0000	0.0000	0.0000	0.0000	0.0000	0.0000	0.0000	0.0000	0.0000	0.0000	0.0000	0.0000	0.0000	0.0000	0.0000	0.0000	0.0000	0.0000	0.0000	0.0000	0.0000	0.0000	0.0000	0.0000	0.0000	0.0000	0.0000	0.0000	0.0000	0.0000	0.0000	0.0000	0.0000	0.0000	0.0000	0.0000	0.0000	0.0000	0.0000	0.0000	0.0000	0.0000	0.0000	0.0000	0.0000	0.0000	0.0000	0.0000	0.0000	0.0000	0.0000	0.0000	0.0000											
26	46	0.1268	7	0	1	0	0	0	0	0	0	N	N	N	N	N	N	N	N	N	N	N	N	0.0000	0.0000	0.0000	0.0000	0.0000	0.0000	0.0000	0.0000	0.0000	0.0000	0.0000	0.0000	0.0000	0.0000	0.0000	0.0000	0.0000	0.0000	0.0000	0.0000	0.0000	4.0000	2.0002	5.9850	0.0000	0.0000	0.0000	0.0000	0.0000	0.0000	0.0000	0.0000	0.0000	0.0000	0.0000	0.0000	0.0000	0.0000	0.0000	0.0000	0.0000	0.0000	0.0000	0.0000	0.0000	0.0000	0.0000	0.0000	0.0000	0.0000	0.0000	0.0400	0.0235	0.0165	0.0016	0.0014	0.0002	0.0384	0.0221	0.0163	0.0000	0.0000	0.0000	0.0000	0.0000	0.0000	0.0000	0.0000	0.0000	0.0000	0.0000	0.0000	0.0000	0.0000	0.0000	0.0000	0.0000	0.0000											
26	47	0.1979	9	0	2	0	0	0	0	0	0	N	Y	N	N	N	N	N	N	N	N	N	N	0.0000	0.0000	0.0000	0.0000	0.0000	0.0000	0.0000	0.0000	0.0000	0.0000	0.0000	0.0000	0.0000	0.0000	0.0000	0.0000	0.0000	0.0000	0.0000	0.0000	0.0000	0.0000	2.0002	0.0000	0.0000	0.0000	0.0000	0.0000	0.0000	0.0000	0.0000	0.0000	0.0000	0.0000	0.0000	0.0000	0.0000	0.0000	0.0000	0.0000	0.0000	0.0000	0.0000	0.0000	0.0000	0.0000	0.0000	0.0000	0.0000	0.0000	0.0000	0.0000	0.0000	0.0000	0.0000	0.0000	0.0000	0.0000	0.0000	0.0000	0.0000	0.0000	0.0000	0.0000	0.0000	0.0000	0.0000	0.0000	0.0000	0.0000	0.0000	0.0000	0.0000	0.0000	0.0000	0.0000	0.0000	0.0000											
26	48	0.1447	8	1	2	1	0	0	0	0	0	N	Y	N	N	N	N	N	N	N	N	N	N	0.0000	0.0000	0.0000	0.0000	0.0000	0.0000	0.0000	0.0000	0.0000	0.0000	0.0000	0.0000	0.0000	0.0000	0.0000	0.0000	0.0000	0.0000	0.0000	0.0000	0.0000	0.0000	2.0002	2.0152	0.0000	0.0000	0.0000	0.0000	0.0000	0.0000	0.0000	0.0000	0.0000	0.0000	0.0000	0.0000	0.0000	0.0000	0.0000	0.0000	0.0000	0.0000	0.0000	0.0000	0.0000	0.0000	0.0000	0.0000	0.0000	0.0000	0.0000	0.0086	0.0054	0.0032	0.0014	0.0012	0.0002	0.0072	0.0042	0.0030	0.0000	0.0000	0.0000	0.0000	0.0000	0.0000	0.0000	0.0000	0.0000	0.0000	0.0000	0.0000	0.0000	0.0000	0.0000	0.0000	0.0000	0.0000											
26	49	0.1405	7	1	1	1	0	0	0	0	0	N	N	N	N	N	N	N	N	N	N	N	N	0.0000	0.0000	0.0000	0.0000	0.0000	0.0000	0.0000	0.0000	0.0000	0.0000	0.0000	0.0000	0.0000	0.0000	0.0000	0.0000	0.0000	0.0000	0.0000	0.0000	0.0000	0.0003	2.0002	1.0311	0.0000	0.0000	0.0000	0.0000	0.0000	0.0000	0.0000	0.0000	0.0000	0.0000	0.0000	0.0000	0.0000	0.0000	0.0000	0.0000	0.0000	0.0000	0.0000	0.0000	0.0000	0.0000	0.0000	0.0000	0.0000	0.0000	0.0000	0.0045	0.0028	0.0016	0.0007	0.0006	0.0001	0.0037	0.0022	0.0015	0.0000	0.0000	0.0000	0.0000	0.0000	0.0000	0.0000	0.0000	0.0000	0.0000	0.0000	0.0000	0.0000	0.0000	0.0000	0.0000	0.0000	0.0000											
26	50	0.1405	7	1	2	1	0	0	0	0	0	N	Y	N	N	N	N	N	N	N	N	N	N	0.0000	0.0000	0.0000	0.0000	0.0000	0.0000	0.0000	0.0000	0.0000	0.0000	0.0000	0.0000	0.0000	0.0000	0.0000	0.0000	0.0000	0.0000	0.0000	0.0000	0.0000	0.0003	2.0002	1.0126	0.0000	0.0000	0.0000	0.0000	0.0000	0.0000	0.0000	0.0000	0.0000	0.0000	0.0000	0.0000	0.0000	0.0000	0.0000	0.0000	0.0000	0.0000	0.0000	0.0000	0.0000	0.0000	0.0000	0.0000	0.0000	0.0000	0.0000	0.0044	0.0028	0.0016	0.0007	0.0006	0.0001	0.0037	0.0022	0.0015	0.0000	0.0000	0.0000	0.0000	0.0000	0.0000	0.0000	0.0000	0.0000	0.0000	0.0000	0.0000	0.0000	0.0000	0.0000	0.0000	0.0000	0.0000											
26	51	0.1697	6	1	2	0	0	0	0	0	0	N	Y	N	N	N	N	N	N	N	N	N	N	0.0000	0.0000	0.0000	0.0000	0.0000	0.0000	0.0000	0.0000	0.0000	0.0000	0.0000	0.0000	0.0000	0.0000	0.0000	0.0000	0.0000	0.0000	0.0000	0.0000	0.0000	0.0000	2.0002	1.0000	0.0000	0.0000	0.0000	0.0000	0.0000	0.0000	0.0000	0.0000	0.0000	0.0000	0.0000	0.0000	0.0000	0.0000	0.0000	0.0000	0.0000	0.0000	0.0000	0.0000	0.0000	0.0000	0.0000	0.0000	0.0000	0.0000	0.0000	0.0043	0.0027	0.0016	0.0009	0.0008	0.0002	0.0033	0.0019	0.0014	0.0000	0.0000	0.0000	0.0000	0.0000	0.0000	0.0000	0.0000	0.0000	0.0000	0.0000	0.0000	0.0000	0.0000	0.0000	0.0000	0.0000	0.0000											
26	52	0.1658	9	0	2	0	1	0	0	0	0	N	Y	N	N	N	N	N	N	N	N	N	N	0.0000	0.0000	0.0000	0.0000	0.0000	0.0000	0.0000	0.0000	0.0000	0.0000	0.0000	0.0000	0.0000	0.0000	0.0000	0.0000	0.0043	0.0063	0.0000	0.0223	0.0234	0.0003	0.0000	0.0000	0.0000	0.0006	0.0000	-0.0000	0.0000	0.9995	2.0002	1.0399	0.0000	0.0000	0.0000	0.0000	0.0000	0.0000	0.0000	0.0000	0.0000	0.0000	0.0000	0.0000	0.0000	0.0000	0.0000	0.0000	0.0000	0.0000	0.0000	0.0000	0.0000	0.0000	0.0000	0.0000	0.0000	0.0000	0.0000	0.0117	0.0080	0.0037	0.0022	0.0021	0.0001	0.0094	0.0059	0.0036	0.0000	0.0000	0.0000	0.0000	0.0000	0.0000	0.0000	0.0000	0.0000	0.0043	0.0063	0.0000	0.0223	0.0234	0.0003	0.0000	0.0000	0.0000			
26	53	0.1658	9	0	1	0	1	0	0	0	0	N	N	N	N	N	N	N	N	N	N	N	N	0.0000	0.0000	0.0000	0.0000	0.0000	0.0000	0.0000	0.0000	0.0000	0.0000	0.0000	0.0000	0.0000	0.0000	0.0000	0.0000	0.0000	0.0000	0.0000	0.0000	0.0000	3.0005	2.0002	1.0125	0.0000	0.0000	0.0000	0.0000	0.0000	0.0000	0.0000	0.0000	0.0000	0.0000	0.0000	0.0000	0.0000	0.0000	0.0000	0.0000	0.0000	0.0000	0.0000	0.0000	0.0000	0.0000	0.0000	0.0000	0.0000	0.0000	0.0000	0.0196	0.0127	0.0069	0.0028	0.0026	0.0002	0.0168	0.0101	0.0067	0.0000	0.0000	0.0000	0.0000	0.0000	0.0000	0.0000	0.0000	0.0000	0.0000	0.0000	0.0000	0.0000	0.0000	0.0000	0.0000	0.0000	0.0000											
26	54	0.1576	8	0	1	0	1	0	0	0	0	N	N	N	N	N	N	N	N	N	N	N	N	0.0000	0.0000	0.0000	0.0000	0.0000	0.0000	0.0000	0.0000	0.0000	0.0000	0.0000	0.0000	0.0000	0.0000	0.0000	0.0000	0.0000	0.0061	0.0083	0.0030	0.0001	0.0001	0.0000	0.0064	0.0088	0.0030	0.2498	0.0000	-0.0000	0.0000	0.0013	2.0002	1.9704	0.0000	0.0000	0.0000	0.0000	0.0000	0.0000	0.0000	0.0000	0.0000	0.0000	0.0000	0.0000	0.0000	0.0000	0.0000	0.0000	0.0000	0.0000	0.0000	0.0000	0.0000	0.0000	0.0000	0.0000	0.0000	0.0000	0.0000	0.0082	0.0048	0.0034	0.0003	0.0003	0.0000	0.0078	0.0045	0.0033	0.0000	0.0000	0.0000	0.0000	0.0000	0.0000	0.0000	0.0000	0.0000	0.0061	0.0083	0.0030	0.0001	0.0001	0.0000	0.0064	0.0088	0.0030		
26	55	0.1268	7	0	1	0	1	0	0	0	0	N	N	N	N	N	N	N	N	N	N	N	N	0.0000	0.0000	0.0000	0.0000	0.0000	0.0000	0.0000	0.0000	0.0000	0.0000	0.0000	0.0000	0.0000	0.0000	0.0000	0.0000	0.0000	0.0000	0.0000	0.0000	0.0000	3.0000	2.0002	4.0155	0.0000	0.0000	0.0000	0.0000	0.0000	0.0000	0.0000	0.0000	0.0000	0.0000	0.0000	0.0000	0.0000	0.0000	0.0000	0.0000	0.0000	0.0000	0.0000	0.0000	0.0000	0.0000	0.0000	0.0000	0.0000	0.0000	0.0000	0.0289	0.0170	0.0119	0.0012	0.0011	0.0001	0.0277	0.0159	0.0117	0.0000	0.0000	0.0000	0.0000	0.0000	0.0000	0.0000	0.0000	0.0000	0.0000	0.0000	0.0000	0.0000	0.0000	0.0000	0.0000	0.0000	0.0000											
26	56	0.1311	8	0	2	1	0	0	0	0	0	N	Y	N	N	N	N	N	N	N	N	N	N	0.0000	0.0000	0.0000	0.0000	0.0000	0.0000	0.0000	0.0000	0.0000	0.0000	0.0000	0.0000	0.0000	0.0000	0.0000	0.0000	0.0000	0.0000	0.0000	0.0000	0.0000	2.0013	2.0002	5.6727	0.0000	0.0000	0.0000	0.0000	0.0000	0.0000	0.0000	0.0000	0.0000	0.0000	0.0000	0.0000	0.0000	0.0000	0.0000	0.0000	0.0000	0.0000	0.0000	0.0000	0.0000	0.0000	0.0000	0.0000	0.0000	0.0000	0.0000	0.0429	0.0255	0.0174	0.0081	0.0073	0.0008	0.0348	0.0182	0.0166	0.0000	0.0000	0.0000	0.0000	0.0000	0.0000	0.0000	0.0000	0.0000	0.0000	0.0000	0.0000	0.0000	0.0000	0.0000	0.0000	0.0000	0.0000											
26	57	0.1274	7	0	2	0	0	0	0	0	0	N	Y	N	N	N	N	N	N	N	N	N	N	0.0000	0.0000	0.0000	0.0000	0.0000	0.0000	0.0000	0.0000	0.0000	0.0000	0.0000	0.0000	0.0000	0.0000	0.0000	0.0000	0.0000	0.0000	0.0000	0.0000	0.0000	0.0033	2.0002	1.3874	0.0000	0.0000	0.0000	0.0000	0.0000	0.0000	0.0000	0.0000	0.0000	0.0000	0.0000	0.0000	0.0000	0.0000	0.0000	0.0000	0.0000	0.0000	0.0000	0.0000	0.0000	0.0000	0.0000	0.0000	0.0000	0.0000	0.0000	0.0151	0.0107	0.0043	0.0049	0.0048	0.0002	0.0101	0.0060	0.0042	0.0000	0.0000	0.0000	0.0000	0.0000	0.0000	0.0000	0.0000	0.0000	0.0000	0.0000	0.0000	0.0000	0.0000	0.0000	0.0000	0.0000	0.0000											
26	58	0.1122	6	1	1	1	0	0	0	0	0	N	N	N	N	N	N	N	N	N	N	N	N	0.0000	0.0000	0.0000	0.0000	0.0000	0.0000	0.0000	0.0000	0.0000	0.0000	0.0000	0.0000	0.0000	0.0000	0.0000	0.0000	0.0000	0.0000	0.0000	0.0000	0.0000	0.0000	2.0002	2.0000	0.0000	0.0000	0.0000	0.0000	0.0000	0.0000	0.0000	0.0000	0.0000	0.0000	0.0000	0.0000	0.0000	0.0000	0.0000	0.0000	0.0000	0.0000	0.0000	0.0000	0.0000	0.0000	0.0000	0.0000	0.0000	0.0000	0.0000	0.0095	0.0049	0.0046	0.0007	0.0006	0.0001	0.0088	0.0044	0.0044	0.0000	0.0000	0.0000	0.0000	0.0000	0.0000	0.0000	0.0000	0.0000	0.0000	0.0000	0.0000	0.0000	0.0000	0.0000	0.0000	0.0000	0.0000											
26	59	0.1274	7	0	2	0	0	0	0	0	0	N	Y	N	N	N	N	N	N	N	N	N	N	0.0000	0.0000	0.0000	0.0000	0.0000	0.0000	0.0000	0.0000	0.0000	0.0000	0.0000	0.0000	0.0000	0.0000	0.0000	0.0000	0.0000	0.0000	0.0000	0.0000	0.0000	1.9997	2.0002	3.4660	0.0000	0.0000	0.0000	0.0000	0.0000	0.0000	0.0000	0.0000	0.0000	0.0000	0.0000	0.0000	0.0000	0.0000	0.0000	0.0000	0.0000	0.0000	0.0000	0.0000	0.0000	0.0000	0.0000	0.0000	0.0000	0.0000	0.0000	0.0329	0.0200	0.0129	0.0066	0.0061	0.0006	0.0263	0.0140	0.0123	0.0000	0.0000	0.0000	0.0000	0.0000	0.0000	0.0000	0.0000	0.0000	0.0000	0.0000	0.0000	0.0000	0.0000	0.0000	0.0000	0.0000	0.0000											
26	60	0.1122	6	0	2	0	0	0	0	0	0	N	Y	N	N	N	N	N	N	N	N	N	N	0.0000	0.0000	0.0000	0.0000	0.0000	0.0000	0.0000	0.0000	0.0000	0.0000	0.0000	0.0000	0.0000	0.0000	0.0000	0.0000	0.0000	0.0000	0.0000	0.0000	0.0000	0.0005	2.0002	3.6054	0.0000	0.0000	0.0000	0.0000	0.0000	0.0000	0.0000	0.0000	0.0000	0.0000	0.0000	0.0000	0.0000	0.0000	0.0000	0.0000	0.0000	0.0000	0.0000	0.0000	0.0000	0.0000	0.0000	0.0000	0.0000	0.0000	0.0000	0.0168	0.0087	0.0081	0.0013	0.0010	0.0003	0.0155	0.0078	0.0078	0.0000	0.0000	0.0000	0.0000	0.0000	0.0000	0.0000	0.0000	0.0000	0.0000	0.0000	0.0000	0.0000	0.0000	0.0000	0.0000	0.0000	0.0000											
26	61	0.1979	9	0	1	1	0	0	0	0	0	N	N	N	N	N	N	N	N	N	N	N	N	0.0000	0.0000	0.0000	0.0000	0.0000	0.0000	0.0000	0.0000	0.0000	0.0000	0.0000	0.0000	0.0000	0.0000	0.0000	0.0000	0.0000	0.0000	0.0000	0.0000	0.0000	0.0000	2.0002	1.0000	0.0000	0.0000	0.0000	0.0000	0.0000	0.0000	0.0000	0.0000	0.0000	0.0000	0.0000	0.0000	0.0000	0.0000	0.0000	0.0000	0.0000	0.0000	0.0000	0.0000	0.0000	0.0000	0.0000	0.0000	0.0000	0.0000	0.0000	0.0040	0.0023	0.0017	0.0004	0.0003	0.0001	0.0036	0.0021	0.0015	0.0000	0.0000	0.0000	0.0000	0.0000	0.0000	0.0000	0.0000	0.0000	0.0000	0.0000	0.0000	0.0000	0.0000	0.0000	0.0000	0.0000	0.0000											
26	62	0.1936	8	0	1	0	0	0	0	0	0	N	N	N	N	N	N	N	N	N	N	N	N	0.0000	0.0000	0.0000	0.0000	0.0000	0.0000	0.0000	0.0000	0.0000	0.0000	0.0000	0.0000	0.0000	0.0000	0.0000	0.0000	0.0000	0.0000	0.0000	0.0000	0.0000	0.0001	2.0002	1.0076	0.0000	0.0000	0.0000	0.0000	0.0000	0.0000	0.0000	0.0000	0.0000	0.0000	0.0000	0.0000	0.0000	0.0000	0.0000	0.0000	0.0000	0.0000	0.0000	0.0000	0.0000	0.0000	0.0000	0.0000	0.0000	0.0000	0.0000	0.0052	0.0033	0.0018	0.0010	0.0008	0.0001	0.0042	0.0025	0.0017	0.0000	0.0000	0.0000	0.0000	0.0000	0.0000	0.0000	0.0000	0.0000	0.0000	0.0000	0.0000	0.0000	0.0000	0.0000	0.0000	0.0000	0.0000											
26	63	0.1268	7	0	1	0	0	0	0	0	0	N	N	N	N	N	N	N	N	N	N	N	N	0.0000	0.0000	0.0000	0.0000	0.0000	0.0000	0.0000	0.0000	0.0000	0.0000	0.0000	0.0000	0.0000	0.0000	0.0000	0.0000	0.0000	0.0000	0.0000	0.0000	0.0000	11.9999	2.0002	3.0574	0.0000	0.0000	0.0000	0.0000	0.0000	0.0000	0.0000	0.0000	0.0000	0.0000	0.0000	0.0000	0.0000	0.0000	0.0000	0.0000	0.0000	0.0000	0.0000	0.0000	0.0000	0.0000	0.0000	0.0000	0.0000	0.0000	0.0000	0.0578	0.0339	0.0239	0.0022	0.0019	0.0003	0.0556	0.0320	0.0236	0.0000	0.0000	0.0000	0.0000	0.0000	0.0000	0.0000	0.0000	0.0000	0.0000	0.0000	0.0000	0.0000	0.0000	0.0000	0.0000	0.0000	0.0000											
26	64	0.1122	6	1	2	0	0	0	0	0	0	N	Y	N	N	N	N	N	N	N	N	N	N	0.0000	0.0000	0.0000	0.0000	0.0000	0.0000	0.0000	0.0000	0.0000	0.0000	0.0000	0.0000	0.0000	0.0000	0.0000	0.0000	0.0000	0.0000	0.0000	0.0000	0.0000	4.0000	2.0002	3.0000	0.0000	0.0000	0.0000	0.0000	0.0000	0.0000	0.0000	0.0000	0.0000	0.0000	0.0000	0.0000	0.0000	0.0000	0.0000	0.0000	0.0000	0.0000	0.0000	0.0000	0.0000	0.0000	0.0000	0.0000	0.0000	0.0000	0.0000	0.0315	0.0166	0.0150	0.0024	0.0019	0.0005	0.0291	0.0147	0.0145	0.0000	0.0000	0.0000	0.0000	0.0000	0.0000	0.0000	0.0000	0.0000	0.0000	0.0000	0.0000	0.0000	0.0000	0.0000	0.0000	0.0000	0.0000											
26	65	0.0704	5	0	1	0	0	0	0	0	0	N	N	N	N	N	N	N	N	N	N	N	N	0.0000	0.0000	0.0000	0.0000	0.0000	0.0000	0.0000	0.0000	0.0000	0.0000	0.0000	0.0000	0.0000	0.0000	0.0000	0.0000	0.0000	0.0000	0.0000	0.0000	0.0000	2.0015	2.0002	10.0016	0.0000	0.0000	0.0000	0.0000	0.0000	0.0000	0.0000	0.0000	0.0000	0.0000	0.0000	0.0000	0.0000	0.0000	0.0000	0.0000	0.0000	0.0000	0.0000	0.0000	0.0000	0.0000	0.0000	0.0000	0.0000	0.0000	0.0000	0.0470	0.0282	0.0188	0.0032	0.0026	0.0007	0.0437	0.0256	0.0181	0.0000	0.0000	0.0000	0.0000	0.0000	0.0000	0.0000	0.0000	0.0000	0.0000	0.0000	0.0000	0.0000	0.0000	0.0000	0.0000	0.0000	0.0000											
26	67	0.1660	5	0	1	0	0	0	0	0	0	N	N	N	N	N	N	N	N	N	N	N	N	0.0000	0.0000	0.0000	0.0000	0.0000	0.0000	0.0000	0.0000	0.0000	0.0000	0.0000	0.0000	0.0000	0.0000	0.0000	0.0000	0.0000	0.6121	0.0009	1.7627	0.4467	0.0019	1.1771	0.5382	0.0000	1.7513	657.5709	0.0000	0.0222	0.0000	4.8614	2.0002	14.2102	0.0000	0.0000	0.0000	0.0000	0.0000	0.0000	0.0000	0.0000	0.0000	0.0483	0.0001	0.0483	0.0075	0.0001	0.0074	0.0409	0.0000	0.0409	0.0000	0.0000	0.0000	0.0000	0.0000	0.0000	0.0000	0.0000	0.0000	0.1210	0.0840	0.0370	0.0451	0.0386	0.0064	0.0759	0.0454	0.0306	0.0000	0.0000	0.0000	0.0000	0.0000	0.0000	0.0000	0.0000	0.0000	0.3997	0.0009	1.3052	0.1662	0.0019	1.1537	0.5382	0.0000	1.3370		
26	68	0.1461	9	1	2	1	0	0	0	0	0	N	Y	N	N	N	N	N	N	N	N	N	N	0.0000	0.0000	0.0000	0.0000	0.0000	0.0000	0.0000	0.0000	0.0000	0.0000	0.0000	0.0000	0.0000	0.0000	0.0000	0.0000	0.0000	0.0000	0.0000	0.0000	0.0000	0.0000	2.0002	0.0000	0.0000	0.0000	0.0000	0.0000	0.0000	0.0000	0.0000	0.0000	0.0000	0.0000	0.0000	0.0000	0.0000	0.0000	0.0000	0.0000	0.0000	0.0000	0.0000	0.0000	0.0000	0.0000	0.0000	0.0000	0.0000	0.0000	0.0000	0.0000	0.0000	0.0000	0.0000	0.0000	0.0000	0.0000	0.0000	0.0000	0.0000	0.0000	0.0000	0.0000	0.0000	0.0000	0.0000	0.0000	0.0000	0.0000	0.0000	0.0000	0.0000	0.0000	0.0000	0.0000	0.0000	0.0000											
26	69	0.1420	8	1	1	1	0	0	0	0	0	N	N	N	N	N	N	N	N	N	N	N	N	0.0000	0.0000	0.0000	0.0000	0.0000	0.0000	0.0000	0.0000	0.0000	0.0000	0.0000	0.0000	0.0000	0.0000	0.0000	0.0000	0.0000	0.0000	0.0000	0.0000	0.0000	0.0016	2.0002	0.9826	0.0000	0.0000	0.0000	0.0000	0.0000	0.0000	0.0000	0.0000	0.0000	0.0000	0.0000	0.0000	0.0000	0.0000	0.0000	0.0000	0.0000	0.0000	0.0000	0.0000	0.0000	0.0000	0.0000	0.0000	0.0000	0.0000	0.0000	0.0051	0.0027	0.0024	0.0007	0.0006	0.0001	0.0043	0.0020	0.0023	0.0000	0.0000	0.0000	0.0000	0.0000	0.0000	0.0000	0.0000	0.0000	0.0000	0.0000	0.0000	0.0000	0.0000	0.0000	0.0000	0.0000	0.0000											
26	70	0.1292	7	1	1	1	0	0	0	0	0	N	N	N	N	N	N	N	N	N	N	N	N	0.0000	0.0000	0.0000	0.0000	0.0000	0.0000	0.0000	0.0000	0.0000	0.0000	0.0000	0.0000	0.0000	0.0000	0.0000	0.0000	0.0000	0.0000	0.0000	0.0000	0.0000	0.0061	2.0002	3.0249	0.0000	0.0000	0.0000	0.0000	0.0000	0.0000	0.0000	0.0000	0.0000	0.0000	0.0000	0.0000	0.0000	0.0000	0.0000	0.0000	0.0000	0.0000	0.0000	0.0000	0.0000	0.0000	0.0000	0.0000	0.0000	0.0000	0.0000	0.0155	0.0085	0.0071	0.0023	0.0020	0.0003	0.0133	0.0065	0.0067	0.0000	0.0000	0.0000	0.0000	0.0000	0.0000	0.0000	0.0000	0.0000	0.0000	0.0000	0.0000	0.0000	0.0000	0.0000	0.0000	0.0000	0.0000											
26	71	0.1122	6	1	1	1	0	0	0	0	0	N	N	N	N	N	N	N	N	N	N	N	N	0.0000	0.0000	0.0000	0.0000	0.0000	0.0000	0.0000	0.0000	0.0000	0.0000	0.0000	0.0000	0.0000	0.0000	0.0000	0.0000	0.0000	0.0000	0.0000	-0.0000	0.0000	0.0044	2.0002	4.0281	0.0000	0.0000	0.0000	0.0000	0.0000	0.0000	0.0000	0.0000	0.0000	0.0000	0.0000	0.0000	0.0000	0.0000	0.0000	0.0000	0.0000	0.0000	0.0000	0.0000	0.0000	0.0000	0.0000	0.0000	0.0000	0.0000	0.0000	0.0187	0.0098	0.0090	0.0014	0.0011	0.0003	0.0173	0.0086	0.0087	0.0000	0.0000	0.0000	0.0000	0.0000	0.0000	0.0000	0.0000	0.0000	0.0000	0.0000	0.0000	0.0000	0.0000	0.0000	0.0000	0.0000	0.0000											
26	72	0.0704	5	0	2	0	0	0	0	0	0	N	Y	N	N	N	N	N	N	N	N	N	N	0.0000	0.0000	0.0000	0.0000	0.0000	0.0000	0.0000	0.0000	0.0000	0.0000	0.0000	0.0000	0.0000	0.0000	0.0000	0.0000	0.0000	0.0000	0.0000	0.0000	0.0000	5.9987	2.0002	11.0016	0.0000	0.0000	0.0000	0.0000	0.0000	0.0000	0.0000	0.0000	0.0000	0.0000	0.0000	0.0000	0.0000	0.0000	0.0000	0.0000	0.0000	0.0000	0.0000	0.0000	0.0000	0.0000	0.0000	0.0000	0.0000	0.0000	0.0000	0.0641	0.0385	0.0257	0.0045	0.0035	0.0009	0.0597	0.0349	0.0247	0.0000	0.0000	0.0000	0.0000	0.0000	0.0000	0.0000	0.0000	0.0000	0.0000	0.0000	0.0000	0.0000	0.0000	0.0000	0.0000	0.0000	0.0000											
26	73	0.1122	6	1	1	1	0	0	0	0	0	N	N	N	N	N	N	N	N	N	N	N	N	0.0000	0.0000	0.0000	0.0000	0.0000	0.0000	0.0000	0.0000	0.0000	0.0000	0.0000	0.0000	0.0000	0.0000	0.0000	0.0000	0.0000	0.0000	0.0000	0.0000	0.0000	2.0000	2.0002	5.0000	0.0000	0.0000	0.0000	0.0000	0.0000	0.0000	0.0000	0.0000	0.0000	0.0000	0.0000	0.0000	0.0000	0.0000	0.0000	0.0000	0.0000	0.0000	0.0000	0.0000	0.0000	0.0000	0.0000	0.0000	0.0000	0.0000	0.0000	0.0315	0.0166	0.0150	0.0024	0.0019	0.0005	0.0291	0.0147	0.0145	0.0000	0.0000	0.0000	0.0000	0.0000	0.0000	0.0000	0.0000	0.0000	0.0000	0.0000	0.0000	0.0000	0.0000	0.0000	0.0000	0.0000	0.0000											
26	74	0.0286	3	0	2	0	0	0	0	0	0	N	Y	N	N	N	N	N	N	N	N	N	N	0.0000	0.0000	0.0000	0.0000	0.0000	0.0000	0.0000	0.0000	0.0000	0.0000	0.0000	0.0000	0.0000	0.0000	0.0000	0.0076	0.0127	0.0000	0.4885	0.4712	0.0001	0.0000	0.0000	0.0000	0.0000	0.0000	-0.0003	0.0000	6.1274	2.0002	13.6208	0.0000	0.0000	0.0000	0.0000	0.0000	0.0000	0.0000	0.0000	0.0000	0.0006	0.0006	0.0000	0.0006	0.0006	0.0000	0.0000	0.0000	0.0000	0.0000	0.0000	0.0000	0.0000	0.0000	0.0000	0.0000	0.0000	0.0000	0.0813	0.0482	0.0331	0.0034	0.0034	0.0001	0.0778	0.0448	0.0330	0.0000	0.0000	0.0000	0.0000	0.0000	0.0000	0.0000	0.0000	0.0000	0.0076	0.0127	0.0000	0.1781	0.1831	0.0001	0.0000	0.0000	0.0000				
26	75	0.0123	2	0	1	1	0	0	0	0	0	N	N	N	N	N	N	N	N	N	N	N	N	0.0000	0.0000	0.0000	0.0000	0.0000	0.0000	0.0000	0.0000	0.0000	0.0000	0.0000	0.0000	0.0000	0.0000	0.0000	0.0000	0.1500	0.5148	0.0000	223.2444	249.4742	0.0000	0.0000	0.0000	0.0000	0.0001	0.0000	-0.0004	0.0000	0.0000	2.0002	1.0003	0.0000	0.0000	0.0000	0.0000	0.0000	0.0000	0.0000	0.0000	0.0000	0.0008	0.0008	0.0000	0.0008	0.0008	0.0000	0.0000	0.0000	0.0000	0.0000	0.0000	0.0000	0.0000	0.0000	0.0000	0.0000	0.0000	0.0000	0.0054	0.0027	0.0027	0.0001	0.0001	0.0000	0.0053	0.0027	0.0027	0.0000	0.0000	0.0000	0.0000	0.0000	0.0000	0.0000	0.0000	0.0000	0.1398	0.2773	0.0000	8.6873	9.7606	0.0000	0.0000	0.0000	0.0000			
26	80	0.1311	8	0	2	0	0	0	0	0	0	N	Y	N	N	N	N	N	N	N	N	N	N	0.0000	0.0000	0.0000	0.0000	0.0000	0.0000	0.0000	0.0000	0.0000	0.0000	0.0000	0.0000	0.0000	0.0003	0.0005	0.0000	0.0044	0.0048	0.0000	0.0000	0.0000	0.0000	0.0000	0.0000	-0.0000	0.0000	2.0196	2.0002	6.0690	0.0000	0.0000	0.0000	0.0000	0.0000	0.0000	0.0000	0.0000	0.0000	0.0000	0.0000	0.0000	0.0000	0.0000	0.0000	0.0000	0.0000	0.0000	0.0000	0.0000	0.0000	0.0000	0.0000	0.0000	0.0000	0.0000	0.0000	0.0343	0.0207	0.0136	0.0023	0.0021	0.0002	0.0320	0.0186	0.0134	0.0000	0.0000	0.0000	0.0000	0.0000	0.0000	0.0000	0.0000	0.0000	0.0003	0.0005	0.0000	0.0044	0.0048	0.0000	0.0000	0.0000	0.0000						
26	81	0.1228	7	0	1	0	0	0	0	0	0	N	N	N	N	N	N	N	N	N	N	N	N	0.0000	0.0000	0.0000	0.0000	0.0000	0.0000	0.0000	0.0000	0.0000	0.0000	0.0000	0.0000	0.0000	0.0000	0.0000	0.0023	0.0039	0.0000	0.0269	0.0300	0.0000	0.0012	0.0021	0.0000	0.0000	0.0000	-0.0000	0.0000	0.9876	2.0002	0.9833	0.0000	0.0000	0.0000	0.0000	0.0000	0.0000	0.0000	0.0000	0.0000	0.0000	0.0000	0.0000	0.0000	0.0000	0.0000	0.0000	0.0000	0.0000	0.0000	0.0000	0.0000	0.0000	0.0000	0.0000	0.0000	0.0000	0.0000	0.0085	0.0051	0.0035	0.0004	0.0003	0.0000	0.0082	0.0047	0.0034	0.0000	0.0000	0.0000	0.0000	0.0000	0.0000	0.0000	0.0000	0.0000	0.0023	0.0039	0.0000	0.0269	0.0300	0.0000	0.0012	0.0021	0.0000				
26	82	0.1405	7	1	1	1	0	0	0	0	0	N	N	N	N	N	N	N	N	N	N	N	N	0.0000	0.0000	0.0000	0.0000	0.0000	0.0000	0.0000	0.0000	0.0000	0.0000	0.0000	0.0000	0.0000	0.0000	0.0000	0.0000	0.0000	0.0000	0.0000	0.0000	0.0000	1.0000	2.0002	2.9874	0.0000	0.0000	0.0000	0.0000	0.0000	0.0000	0.0000	0.0000	0.0000	0.0000	0.0000	0.0000	0.0000	0.0000	0.0000	0.0000	0.0000	0.0000	0.0000	0.0000	0.0000	0.0000	0.0000	0.0000	0.0000	0.0000	0.0000	0.0162	0.0100	0.0062	0.0024	0.0020	0.0004	0.0138	0.0080	0.0057	0.0000	0.0000	0.0000	0.0000	0.0000	0.0000	0.0000	0.0000	0.0000	0.0000	0.0000	0.0000	0.0000	0.0000	0.0000	0.0000	0.0000	0.0000											
26	83	0.1122	6	1	1	1	0	0	0	0	0	N	N	N	N	N	N	N	N	N	N	N	N	0.0000	0.0000	0.0000	0.0000	0.0000	0.0000	0.0000	0.0000	0.0000	0.0000	0.0000	0.0000	0.0000	0.0000	0.0000	0.0000	0.0000	0.0000	0.0000	0.0000	0.0000	0.9997	2.0002	6.0128	0.0000	0.0000	0.0000	0.0000	0.0000	0.0000	0.0000	0.0000	0.0000	0.0000	0.0000	0.0000	0.0000	0.0000	0.0000	0.0000	0.0000	0.0000	0.0000	0.0000	0.0000	0.0000	0.0000	0.0000	0.0000	0.0000	0.0000	0.0316	0.0166	0.0150	0.0024	0.0019	0.0005	0.0292	0.0147	0.0145	0.0000	0.0000	0.0000	0.0000	0.0000	0.0000	0.0000	0.0000	0.0000	0.0000	0.0000	0.0000	0.0000	0.0000	0.0000	0.0000	0.0000	0.0000											
26	84	0.0704	5	0	2	0	1	0	0	0	0	N	Y	N	N	N	N	N	N	N	N	N	N	0.0000	0.0000	0.0000	0.0000	0.0000	0.0000	0.0000	0.0000	0.0000	0.0000	0.0000	0.0000	0.0000	0.0000	0.0000	0.0000	0.0000	0.0000	0.0000	0.0000	0.0000	8.0013	2.0002	12.0015	0.0000	0.0000	0.0000	0.0000	0.0000	0.0000	0.0000	0.0000	0.0000	0.0000	0.0000	0.0000	0.0000	0.0000	0.0000	0.0000	0.0000	0.0000	0.0000	0.0000	0.0000	0.0000	0.0000	0.0000	0.0000	0.0000	0.0000	0.0738	0.0443	0.0296	0.0051	0.0041	0.0011	0.0687	0.0402	0.0285	0.0000	0.0000	0.0000	0.0000	0.0000	0.0000	0.0000	0.0000	0.0000	0.0000	0.0000	0.0000	0.0000	0.0000	0.0000	0.0000	0.0000	0.0000											
26	85	0.1268	7	0	2	0	0	0	0	0	0	N	Y	N	N	N	N	N	N	N	N	N	N	0.0000	0.0000	0.0000	0.0000	0.0000	0.0000	0.0000	0.0000	0.0000	0.0000	0.0000	0.0000	0.0000	0.0000	0.0000	0.0000	0.0000	0.0000	0.0000	0.0000	0.0000	1.0000	2.0002	6.9850	0.0000	0.0000	0.0000	0.0000	0.0000	0.0000	0.0000	0.0000	0.0000	0.0000	0.0000	0.0000	0.0000	0.0000	0.0000	0.0000	0.0000	0.0000	0.0000	0.0000	0.0000	0.0000	0.0000	0.0000	0.0000	0.0000	0.0000	0.0326	0.0192	0.0134	0.0013	0.0012	0.0002	0.0312	0.0180	0.0133	0.0000	0.0000	0.0000	0.0000	0.0000	0.0000	0.0000	0.0000	0.0000	0.0000	0.0000	0.0000	0.0000	0.0000	0.0000	0.0000	0.0000	0.0000											
26	86	0.1141	6	0	1	0	0	0	0	0	0	N	N	N	N	N	N	N	N	N	N	N	N	0.0000	0.0000	0.0000	0.0000	0.0000	0.0000	0.0000	0.0000	0.0000	0.0000	0.0000	0.0000	0.0000	0.0000	0.0000	0.0000	0.0000	0.0000	0.0000	0.0000	0.0000	1.0086	2.0002	2.0000	0.0000	0.0000	0.0000	0.0000	0.0000	0.0000	0.0000	0.0000	0.0000	0.0000	0.0000	0.0000	0.0000	0.0000	0.0000	0.0000	0.0000	0.0000	0.0000	0.0000	0.0000	0.0000	0.0000	0.0000	0.0000	0.0000	0.0000	0.0128	0.0075	0.0053	0.0005	0.0005	0.0001	0.0123	0.0070	0.0053	0.0000	0.0000	0.0000	0.0000	0.0000	0.0000	0.0000	0.0000	0.0000	0.0000	0.0000	0.0000	0.0000	0.0000	0.0000	0.0000	0.0000	0.0000											
26	87	0.1122	6	0	2	0	0	0	0	0	0	N	Y	N	N	N	N	N	N	N	N	N	N	0.0000	0.0000	0.0000	0.0000	0.0000	0.0000	0.0000	0.0000	0.0000	0.0000	0.0000	0.0000	0.0000	0.0000	0.0000	0.0000	0.0000	0.0000	0.0000	0.0000	0.0000	4.0000	2.0002	7.0000	0.0000	0.0000	0.0000	0.0000	0.0000	0.0000	0.0000	0.0000	0.0000	0.0000	0.0000	0.0000	0.0000	0.0000	0.0000	0.0000	0.0000	0.0000	0.0000	0.0000	0.0000	0.0000	0.0000	0.0000	0.0000	0.0000	0.0000	0.0477	0.0253	0.0224	0.0037	0.0029	0.0008	0.0440	0.0224	0.0217	0.0000	0.0000	0.0000	0.0000	0.0000	0.0000	0.0000	0.0000	0.0000	0.0000	0.0000	0.0000	0.0000	0.0000	0.0000	0.0000	0.0000	0.0000											
26	88	0.0704	5	0	1	0	0	0	0	0	0	N	N	N	N	N	N	N	N	N	N	N	N	0.0000	0.0000	0.0000	0.0000	0.0000	0.0000	0.0000	0.0000	0.0000	0.0000	0.0000	0.0000	0.0000	0.0189	0.0000	0.0471	0.0000	0.0000	0.0000	0.0203	0.0000	0.0512	inf	0.0000	0.0003	0.0000	2.9985	2.0002	7.0016	0.0000	0.0000	0.0000	0.0000	0.0000	0.0000	0.0000	0.0000	0.0000	0.0008	0.0000	0.0008	0.0000	0.0000	0.0000	0.0008	0.0000	0.0008	0.0000	0.0000	0.0000	0.0000	0.0000	0.0000	0.0000	0.0000	0.0000	0.0397	0.0238	0.0159	0.0027	0.0022	0.0006	0.0370	0.0217	0.0153	0.0000	0.0000	0.0000	0.0000	0.0000	0.0000	0.0000	0.0000	0.0000	0.0189	0.0000	0.0471	0.0000	0.0000	0.0000	0.0203	0.0000	0.0489						
26	89	0.1314	8	0	2	0	0	0	0	0	0	N	Y	N	N	N	N	N	N	N	N	N	N	0.0000	0.0000	0.0000	0.0000	0.0000	0.0000	0.0000	0.0000	0.0000	0.0000	0.0000	0.0000	0.0000	0.0000	0.0000	26.5382	0.0000	134.7939	0.0363	0.0000	0.1962	28.6333	0.0000	130.8878	inf	0.0000	0.4591	0.0000	0.0157	2.0002	9.0253	0.0000	0.0000	0.0000	0.0000	0.0000	0.0000	0.0000	0.0000	0.0000	0.9980	0.0000	0.9980	0.0001	0.0000	0.0001	0.9979	0.0000	0.9979	0.0000	0.0000	0.0000	0.0000	0.0000	0.0000	0.0000	0.0000	0.0000	0.0376	0.0224	0.0153	0.0028	0.0022	0.0005	0.0348	0.0201	0.0147	0.0000	0.0000	0.0000	0.0000	0.0000	0.0000	0.0000	0.0000	0.0000	26.5382	0.0000	65.4204	0.0363	0.0000	0.1962	28.6333	0.0000	67.6739				
26	90	0.1228	7	0	2	0	0	0	0	0	0	N	Y	N	N	N	N	N	N	N	N	N	N	0.0000	0.0000	0.0000	0.0000	0.0000	0.0000	0.0000	0.0000	0.0000	0.0000	0.0000	0.0000	0.0000	0.0000	0.0000	0.0000	0.0000	0.0000	0.3001	0.0193	0.8116	0.0264	0.0295	0.0005	0.2426	0.0186	0.8147	19.4047	0.0000	0.0008	0.0000	0.0169	2.0002	2.0013	0.0000	0.0000	0.0000	0.0000	0.0000	0.0000	0.0000	0.0000	0.0000	0.0020	0.0001	0.0019	0.0000	0.0000	0.0000	0.0020	0.0001	0.0019	0.0000	0.0000	0.0000	0.0000	0.0000	0.0000	0.0000	0.0000	0.0000	0.0087	0.0052	0.0036	0.0004	0.0003	0.0000	0.0084	0.0048	0.0035	0.0000	0.0000	0.0000	0.0000	0.0000	0.0000	0.0000	0.0000	0.0000	0.2333	0.0193	0.5440	0.0264	0.0295	0.0005	0.2426	0.0186	0.5501	
26	91	0.1141	6	0	1	0	0	0	0	0	0	N	N	N	N	N	N	N	N	N	N	N	N	0.0000	0.0000	0.0000	0.0000	0.0000	0.0000	0.0000	0.0000	0.0000	0.0000	0.0000	0.0000	0.0000	0.0000	0.0000	0.0000	0.0023	0.0019	0.0027	0.0251	0.0279	0.0000	0.0012	0.0000	0.0028	1.0011	0.0000	-0.0000	0.0000	1.9923	2.0002	0.0454	0.0000	0.0000	0.0000	0.0000	0.0000	0.0000	0.0000	0.0000	0.0000	0.0000	0.0000	0.0000	0.0000	0.0000	0.0000	0.0000	0.0000	0.0000	0.0000	0.0000	0.0000	0.0000	0.0000	0.0000	0.0000	0.0000	0.0000	0.0088	0.0052	0.0037	0.0004	0.0004	0.0000	0.0084	0.0048	0.0036	0.0000	0.0000	0.0000	0.0000	0.0000	0.0000	0.0000	0.0000	0.0000	0.0023	0.0019	0.0027	0.0251	0.0279	0.0000	0.0012	0.0000	0.0028			
26	92	0.0704	5	0	1	0	0	0	0	0	0	N	N	N	N	N	N	N	N	N	N	N	N	0.0000	0.0000	0.0000	0.0000	0.0000	0.0000	0.0000	0.0000	0.0000	0.0000	0.0000	0.0000	0.0000	0.0003	0.0000	0.0006	0.0000	0.0000	0.0000	0.0003	0.0000	0.0006	inf	0.0000	0.0000	0.0000	1.0098	2.0002	9.0196	0.0000	0.0000	0.0000	0.0000	0.0000	0.0000	0.0000	0.0000	0.0000	0.0000	0.0000	0.0000	0.0000	0.0000	0.0000	0.0000	0.0000	0.0000	0.0000	0.0000	0.0000	0.0000	0.0000	0.0000	0.0000	0.0000	0.0000	0.0398	0.0239	0.0160	0.0027	0.0022	0.0006	0.0371	0.0217	0.0154	0.0000	0.0000	0.0000	0.0000	0.0000	0.0000	0.0000	0.0000	0.0000	0.0003	0.0000	0.0006	0.0000	0.0000	0.0000	0.0003	0.0000	0.0006						
26	93	0.1671	10	1	2	0	1	0	0	0	0	N	Y	N	N	N	N	N	N	N	N	N	N	0.0000	0.0000	0.0000	0.0000	0.0000	0.0000	0.0000	0.0000	0.0000	0.0000	0.0000	0.0000	0.0000	0.0000	0.0000	0.0000	0.0000	0.0000	0.0000	0.0000	0.0000	0.0000	2.0002	0.0000	0.0000	0.0000	0.0000	0.0000	0.0000	0.0000	0.0000	0.0000	0.0000	0.0000	0.0000	0.0000	0.0000	0.0000	0.0000	0.0000	0.0000	0.0000	0.0000	0.0000	0.0000	0.0000	0.0000	0.0000	0.0000	0.0000	0.0000	0.0000	0.0000	0.0000	0.0000	0.0000	0.0000	0.0000	0.0000	0.0000	0.0000	0.0000	0.0000	0.0000	0.0000	0.0000	0.0000	0.0000	0.0000	0.0000	0.0000	0.0000	0.0000	0.0000	0.0000	0.0000	0.0000	0.0000											
26	94	0.1671	9	1	2	0	1	0	0	0	0	N	Y	N	N	N	N	N	N	N	N	N	N	0.0000	0.0000	0.0000	0.0000	0.0000	0.0000	0.0000	0.0000	0.0000	0.0000	0.0000	0.0000	0.0000	0.0000	0.0000	0.0000	0.0000	0.0000	0.0000	0.0000	0.0000	0.0000	2.0002	0.0001	0.0000	0.0000	0.0000	0.0000	0.0000	0.0000	0.0000	0.0000	0.0000	0.0000	0.0000	0.0000	0.0000	0.0000	0.0000	0.0000	0.0000	0.0000	0.0000	0.0000	0.0000	0.0000	0.0000	0.0000	0.0000	0.0000	0.0000	0.0000	0.0000	0.0000	0.0000	0.0000	0.0000	0.0000	0.0000	0.0000	0.0000	0.0000	0.0000	0.0000	0.0000	0.0000	0.0000	0.0000	0.0000	0.0000	0.0000	0.0000	0.0000	0.0000	0.0000	0.0000	0.0000	0.0000											
26	95	0.1491	8	0	2	0	1	0	0	0	0	N	Y	N	N	N	N	N	N	N	N	N	N	0.0000	0.0000	0.0000	0.0000	0.0000	0.0000	0.0000	0.0000	0.0000	0.0000	0.0000	0.0000	0.0000	0.0000	0.0000	0.0000	0.0000	0.0000	0.0000	0.0000	0.0000	0.9845	2.0002	0.9903	0.0000	0.0000	0.0000	0.0000	0.0000	0.0000	0.0000	0.0000	0.0000	0.0000	0.0000	0.0000	0.0000	0.0000	0.0000	0.0000	0.0000	0.0000	0.0000	0.0000	0.0000	0.0000	0.0000	0.0000	0.0000	0.0000	0.0000	0.0088	0.0055	0.0033	0.0012	0.0010	0.0002	0.0076	0.0045	0.0031	0.0000	0.0000	0.0000	0.0000	0.0000	0.0000	0.0000	0.0000	0.0000	0.0000	0.0000	0.0000	0.0000	0.0000	0.0000	0.0000	0.0000	0.0000											
26	96	0.1463	8	0	2	0	0	0	0	0	0	N	Y	N	N	N	N	N	N	N	N	N	N	0.0000	0.0000	0.0000	0.0000	0.0000	0.0000	0.0000	0.0000	0.0000	0.0000	0.0000	0.0000	0.0000	0.0000	0.0000	0.0000	0.0000	0.0000	0.0000	0.0000	0.0000	1.0063	2.0002	3.7812	0.0000	0.0000	0.0000	0.0000	0.0000	0.0000	0.0000	0.0000	0.0000	0.0000	0.0000	0.0000	0.0000	0.0000	0.0000	0.0000	0.0000	0.0000	0.0000	0.0000	0.0000	0.0000	0.0000	0.0000	0.0000	0.0000	0.0000	0.0314	0.0207	0.0106	0.0097	0.0084	0.0013	0.0217	0.0123	0.0094	0.0000	0.0000	0.0000	0.0000	0.0000	0.0000	0.0000	0.0000	0.0000	0.0000	0.0000	0.0000	0.0000	0.0000	0.0000	0.0000	0.0000	0.0000											
26	97	0.1491	8	0	1	1	1	0	0	0	0	N	N	N	N	N	N	N	N	N	N	N	N	0.0000	0.0000	0.0000	0.0000	0.0000	0.0000	0.0000	0.0000	0.0000	0.0000	0.0000	0.0000	0.0000	0.0000	0.0000	0.0000	0.0000	0.0000	0.0000	0.0000	0.0000	1.0165	2.0002	1.0129	0.0000	0.0000	0.0000	0.0000	0.0000	0.0000	0.0000	0.0000	0.0000	0.0000	0.0000	0.0000	0.0000	0.0000	0.0000	0.0000	0.0000	0.0000	0.0000	0.0000	0.0000	0.0000	0.0000	0.0000	0.0000	0.0000	0.0000	0.0090	0.0056	0.0034	0.0012	0.0010	0.0002	0.0078	0.0046	0.0032	0.0000	0.0000	0.0000	0.0000	0.0000	0.0000	0.0000	0.0000	0.0000	0.0000	0.0000	0.0000	0.0000	0.0000	0.0000	0.0000	0.0000	0.0000											
26	98	0.1362	7	0	1	0	1	0	0	0	0	N	N	N	N	N	N	N	N	N	N	N	N	0.0000	0.0000	0.0000	0.0000	0.0000	0.0000	0.0000	0.0000	0.0000	0.0000	0.0000	0.0000	0.0000	0.0000	0.0000	0.0000	0.0000	0.0000	0.0000	0.0000	0.0000	2.0241	2.0002	1.0265	0.0000	0.0000	0.0000	0.0000	0.0000	0.0000	0.0000	0.0000	0.0000	0.0000	0.0000	0.0000	0.0000	0.0000	0.0000	0.0000	0.0000	0.0000	0.0000	0.0000	0.0000	0.0000	0.0000	0.0000	0.0000	0.0000	0.0000	0.0129	0.0079	0.0049	0.0019	0.0015	0.0004	0.0110	0.0064	0.0046	0.0000	0.0000	0.0000	0.0000	0.0000	0.0000	0.0000	0.0000	0.0000	0.0000	0.0000	0.0000	0.0000	0.0000	0.0000	0.0000	0.0000	0.0000											
26	99	0.1362	7	0	1	1	1	0	0	0	0	N	N	N	N	N	N	N	N	N	N	N	N	0.0000	0.0000	0.0000	0.0000	0.0000	0.0000	0.0000	0.0000	0.0000	0.0000	0.0000	0.0000	0.0000	0.0000	0.0000	0.0000	0.0000	0.0000	0.0000	0.0000	0.0000	3.0066	2.0002	0.0000	0.0000	0.0000	0.0000	0.0000	0.0000	0.0000	0.0000	0.0000	0.0000	0.0000	0.0000	0.0000	0.0000	0.0000	0.0000	0.0000	0.0000	0.0000	0.0000	0.0000	0.0000	0.0000	0.0000	0.0000	0.0000	0.0000	0.0000	0.0127	0.0078	0.0049	0.0018	0.0015	0.0004	0.0108	0.0063	0.0045	0.0000	0.0000	0.0000	0.0000	0.0000	0.0000	0.0000	0.0000	0.0000	0.0000	0.0000	0.0000	0.0000	0.0000	0.0000	0.0000	0.0000	0.0000											
26	100	0.1619	7	0	1	1	1	0	0	0	0	N	N	N	N	N	N	N	N	N	N	N	N	0.0000	0.0000	0.0000	0.0000	0.0000	0.0000	0.0000	0.0000	0.0000	0.0000	0.0000	0.0000	0.0000	0.0000	0.0000	0.0000	0.0000	0.0000	0.0000	0.0000	0.0000	0.0000	2.0002	2.0000	0.0000	0.0000	0.0000	0.0000	0.0000	0.0000	0.0000	0.0000	0.0000	0.0000	0.0000	0.0000	0.0000	0.0000	0.0000	0.0000	0.0000	0.0000	0.0000	0.0000	0.0000	0.0000	0.0000	0.0000	0.0000	0.0000	0.0000	0.0082	0.0050	0.0032	0.0012	0.0010	0.0003	0.0070	0.0040	0.0030	0.0000	0.0000	0.0000	0.0000	0.0000	0.0000	0.0000	0.0000	0.0000	0.0000	0.0000	0.0000	0.0000	0.0000	0.0000	0.0000	0.0000	0.0000											
26	101	0.1229	6	0	1	1	1	0	0	0	0	N	N	N	N	N	N	N	N	N	N	N	N	0.0000	0.0000	0.0000	0.0000	0.0000	0.0000	0.0000	0.0000	0.0000	0.0000	0.0000	0.0000	0.0000	0.0000	0.0000	0.0005	0.0009	0.0000	0.0034	0.0041	0.0000	0.0000	0.0000	0.0000	0.0000	0.0000	-0.0000	0.0000	5.8899	2.0002	3.1847	0.0000	0.0000	0.0000	0.0000	0.0000	0.0000	0.0000	0.0000	0.0000	0.0000	0.0000	0.0000	0.0000	0.0000	0.0000	0.0000	0.0000	0.0000	0.0000	0.0000	0.0000	0.0000	0.0000	0.0000	0.0000	0.0000	0.0000	0.0390	0.0240	0.0150	0.0062	0.0051	0.0010	0.0329	0.0189	0.0139	0.0000	0.0000	0.0000	0.0000	0.0000	0.0000	0.0000	0.0000	0.0000	0.0005	0.0009	0.0000	0.0034	0.0041	0.0000	0.0000	0.0000	0.0000				
26	102	0.1697	6	1	2	0	0	0	0	0	0	N	Y	N	N	N	N	N	N	N	N	N	N	0.0000	0.0000	0.0000	0.0000	0.0000	0.0000	0.0000	0.0000	0.0000	0.0000	0.0000	0.0000	0.0000	0.0000	0.0000	0.0000	0.0000	0.0000	0.0000	0.0000	0.0000	0.0000	2.0002	0.0000	0.0000	0.0000	0.0000	0.0000	0.0000	0.0000	0.0000	0.0000	0.0000	0.0000	0.0000	0.0000	0.0000	0.0000	0.0000	0.0000	0.0000	0.0000	0.0000	0.0000	0.0000	0.0000	0.0000	0.0000	0.0000	0.0000	0.0000	0.0000	0.0000	0.0000	0.0000	0.0000	0.0000	0.0000	0.0000	0.0000	0.0000	0.0000	0.0000	0.0000	0.0000	0.0000	0.0000	0.0000	0.0000	0.0000	0.0000	0.0000	0.0000	0.0000	0.0000	0.0000	0.0000	0.0000											
26	103	0.0704	5	1	2	0	0	0	0	0	0	N	Y	N	N	N	N	N	N	N	N	N	N	0.0000	0.0000	0.0000	0.0000	0.0000	0.0000	0.0000	0.0000	0.0000	0.0000	0.0000	0.0000	0.0000	0.0000	0.0000	0.0000	0.0000	0.0000	0.0000	0.0000	0.0000	8.0012	2.0002	14.0016	0.0000	0.0000	0.0000	0.0000	0.0000	0.0000	0.0000	0.0000	0.0000	0.0000	0.0000	0.0000	0.0000	0.0000	0.0000	0.0000	0.0000	0.0000	0.0000	0.0000	0.0000	0.0000	0.0000	0.0000	0.0000	0.0000	0.0000	0.0801	0.0480	0.0320	0.0056	0.0044	0.0012	0.0745	0.0436	0.0309	0.0000	0.0000	0.0000	0.0000	0.0000	0.0000	0.0000	0.0000	0.0000	0.0000	0.0000	0.0000	0.0000	0.0000	0.0000	0.0000	0.0000	0.0000											
26	104	0.1334	6	0	2	0	0	0	0	0	0	N	Y	N	N	N	N	N	N	N	N	N	N	0.0000	0.0000	0.0000	0.0000	0.0000	0.0000	0.0000	0.0000	0.0000	0.0000	0.0000	0.0000	0.0000	0.0000	0.0000	0.0008	0.0013	0.0000	0.0034	0.0044	0.0000	0.0000	0.0000	0.0000	0.0000	0.0000	-0.0000	0.0000	2.0010	2.0002	1.0153	0.0000	0.0000	0.0000	0.0000	0.0000	0.0000	0.0000	0.0000	0.0000	0.0000	0.0000	0.0000	0.0000	0.0000	0.0000	0.0000	0.0000	0.0000	0.0000	0.0000	0.0000	0.0000	0.0000	0.0000	0.0000	0.0000	0.0000	0.0131	0.0081	0.0050	0.0030	0.0023	0.0007	0.0100	0.0057	0.0043	0.0000	0.0000	0.0000	0.0000	0.0000	0.0000	0.0000	0.0000	0.0000	0.0008	0.0013	0.0000	0.0034	0.0044	0.0000	0.0000	0.0000	0.0000				
26	105	0.0704	5	0	2	0	0	0	0	0	0	N	Y	N	N	N	N	N	N	N	N	N	N	0.0000	0.0000	0.0000	0.0000	0.0000	0.0000	0.0000	0.0000	0.0000	0.0000	0.0000	0.0000	0.0000	0.0000	0.0000	0.0194	0.0323	0.0000	1.8092	2.2929	0.0000	0.0002	0.0003	0.0000	0.0000	0.0000	-0.0006	0.0000	3.0162	2.0002	11.0438	0.0000	0.0000	0.0000	0.0000	0.0000	0.0000	0.0000	0.0000	0.0000	0.0010	0.0010	0.0000	0.0010	0.0010	0.0000	0.0000	0.0000	0.0000	0.0000	0.0000	0.0000	0.0000	0.0000	0.0000	0.0000	0.0000	0.0000	0.0542	0.0325	0.0217	0.0037	0.0030	0.0008	0.0505	0.0295	0.0209	0.0000	0.0000	0.0000	0.0000	0.0000	0.0000	0.0000	0.0000	0.0000	0.0194	0.0323	0.0000	0.2776	0.3502	0.0000	0.0002	0.0003	0.0000				
26	106	0.1713	10	1	2	0	0	0	0	0	0	N	Y	N	N	N	N	N	N	N	N	N	N	0.0000	0.0000	0.0000	0.0000	0.0000	0.0000	0.0000	0.0000	0.0000	0.0000	0.0000	0.0000	0.0000	0.0000	0.0000	0.0000	0.0000	0.0000	0.0000	0.0000	0.0000	1.0000	2.0002	1.0000	0.0000	0.0000	0.0000	0.0000	0.0000	0.0000	0.0000	0.0000	0.0000	0.0000	0.0000	0.0000	0.0000	0.0000	0.0000	0.0000	0.0000	0.0000	0.0000	0.0000	0.0000	0.0000	0.0000	0.0000	0.0000	0.0000	0.0000	0.0088	0.0057	0.0030	0.0030	0.0024	0.0006	0.0058	0.0033	0.0025	0.0000	0.0000	0.0000	0.0000	0.0000	0.0000	0.0000	0.0000	0.0000	0.0000	0.0000	0.0000	0.0000	0.0000	0.0000	0.0000	0.0000	0.0000											
26	107	0.1671	9	1	2	0	0	0	0	0	0	N	Y	N	N	N	N	N	N	N	N	N	N	0.0000	0.0000	0.0000	0.0000	0.0000	0.0000	0.0000	0.0000	0.0000	0.0000	0.0000	0.0000	0.0000	0.0000	0.0000	0.0000	0.0000	0.0000	0.0000	0.0000	0.0000	0.0000	2.0002	0.9999	0.0000	0.0000	0.0000	0.0000	0.0000	0.0000	0.0000	0.0000	0.0000	0.0000	0.0000	0.0000	0.0000	0.0000	0.0000	0.0000	0.0000	0.0000	0.0000	0.0000	0.0000	0.0000	0.0000	0.0000	0.0000	0.0000	0.0000	0.0044	0.0028	0.0016	0.0012	0.0010	0.0002	0.0032	0.0018	0.0013	0.0000	0.0000	0.0000	0.0000	0.0000	0.0000	0.0000	0.0000	0.0000	0.0000	0.0000	0.0000	0.0000	0.0000	0.0000	0.0000	0.0000	0.0000											
26	108	0.1463	8	1	2	0	0	0	0	0	0	N	Y	N	N	N	N	N	N	N	N	N	N	0.0000	0.0000	0.0000	0.0000	0.0000	0.0000	0.0000	0.0000	0.0000	0.0000	0.0000	0.0000	0.0000	0.0000	0.0000	0.0000	0.0000	0.0000	0.0000	0.0000	0.0000	0.0100	2.0002	4.8896	0.0000	0.0000	0.0000	0.0000	0.0000	0.0000	0.0000	0.0000	0.0000	0.0000	0.0000	0.0000	0.0000	0.0000	0.0000	0.0000	0.0000	0.0000	0.0000	0.0000	0.0000	0.0000	0.0000	0.0000	0.0000	0.0000	0.0000	0.0318	0.0210	0.0108	0.0097	0.0084	0.0013	0.0220	0.0125	0.0095	0.0000	0.0000	0.0000	0.0000	0.0000	0.0000	0.0000	0.0000	0.0000	0.0000	0.0000	0.0000	0.0000	0.0000	0.0000	0.0000	0.0000	0.0000											
26	109	0.1362	7	0	2	0	0	0	0	0	0	N	Y	N	N	N	N	N	N	N	N	N	N	0.0000	0.0000	0.0000	0.0000	0.0000	0.0000	0.0000	0.0000	0.0000	0.0000	0.0000	0.0000	0.0000	0.0000	0.0000	0.0000	0.0000	0.0000	0.0000	0.0000	0.0000	1.0007	2.0002	1.4004	0.0000	0.0000	0.0000	0.0000	0.0000	0.0000	0.0000	0.0000	0.0000	0.0000	0.0000	0.0000	0.0000	0.0000	0.0000	0.0000	0.0000	0.0000	0.0000	0.0000	0.0000	0.0000	0.0000	0.0000	0.0000	0.0000	0.0000	0.0102	0.0063	0.0039	0.0015	0.0012	0.0003	0.0087	0.0051	0.0036	0.0000	0.0000	0.0000	0.0000	0.0000	0.0000	0.0000	0.0000	0.0000	0.0000	0.0000	0.0000	0.0000	0.0000	0.0000	0.0000	0.0000	0.0000											
26	110	0.1229	6	0	1	0	0	0	0	0	0	N	N	N	N	N	N	N	N	N	N	N	N	0.0000	0.0000	0.0000	0.0000	0.0000	0.0000	0.0000	0.0000	0.0000	0.0000	0.0000	0.0000	0.0000	0.0000	0.0000	0.0013	0.0021	0.0000	0.0069	0.0078	0.0000	0.0000	0.0000	0.0000	0.0000	0.0000	-0.0000	0.0000	0.3039	2.0002	2.8719	0.0000	0.0000	0.0000	0.0000	0.0000	0.0000	0.0000	0.0000	0.0000	0.0000	0.0000	0.0000	0.0000	0.0000	0.0000	0.0000	0.0000	0.0000	0.0000	0.0000	0.0000	0.0000	0.0000	0.0000	0.0000	0.0000	0.0000	0.0160	0.0099	0.0060	0.0031	0.0027	0.0004	0.0129	0.0072	0.0056	0.0000	0.0000	0.0000	0.0000	0.0000	0.0000	0.0000	0.0000	0.0000	0.0013	0.0021	0.0000	0.0069	0.0078	0.0000	0.0000	0.0000	0.0000				
26	111	0.0704	5	0	1	0	0	0	0	0	0	N	N	N	N	N	N	N	N	N	N	N	N	0.0000	0.0000	0.0000	0.0000	0.0000	0.0000	0.0000	0.0000	0.0000	0.0000	0.0000	0.0000	0.0000	0.0000	0.0000	0.0225	0.0376	0.0000	2.1515	2.9497	0.0000	0.0005	0.0008	0.0000	0.0000	0.0000	-0.0006	0.0000	3.8240	2.0002	8.1760	0.0000	0.0000	0.0000	0.0000	0.0000	0.0000	0.0000	0.0000	0.0000	0.0011	0.0011	0.0000	0.0010	0.0010	0.0000	0.0000	0.0000	0.0000	0.0000	0.0000	0.0000	0.0000	0.0000	0.0000	0.0000	0.0000	0.0000	0.0470	0.0282	0.0188	0.0032	0.0026	0.0007	0.0437	0.0256	0.0181	0.0000	0.0000	0.0000	0.0000	0.0000	0.0000	0.0000	0.0000	0.0000	0.0225	0.0376	0.0000	0.3211	0.4047	0.0000	0.0005	0.0008	0.0000				
26	112	0.0407	4	0	1	0	0	0	0	0	0	N	N	N	N	N	N	N	N	N	N	N	N	0.0000	0.0000	0.0000	0.0000	0.0000	0.0000	0.0000	0.0000	0.0000	0.0000	0.0000	0.0000	0.0000	0.0000	0.0000	0.0000	0.0000	0.0000	0.0419	0.0632	0.0000	0.9859	0.9667	0.0000	0.0000	0.0000	0.0000	0.0000	0.0000	-0.0010	0.0000	0.0953	2.0002	6.8761	0.0000	0.0000	0.0000	0.0000	0.0000	0.0000	0.0000	0.0000	0.0000	0.0018	0.0018	0.0000	0.0018	0.0018	0.0000	0.0000	0.0000	0.0000	0.0000	0.0000	0.0000	0.0000	0.0000	0.0000	0.0000	0.0000	0.0000	0.0431	0.0286	0.0145	0.0085	0.0081	0.0004	0.0346	0.0205	0.0141	0.0000	0.0000	0.0000	0.0000	0.0000	0.0000	0.0000	0.0000	0.0000	0.0419	0.0632	0.0000	0.2129	0.2235	0.0000	0.0000	0.0000	0.0000	
26	115	0.2037	6	0	1	0	0	0	0	0	0	N	N	N	N	N	N	N	N	N	N	N	N	0.0000	0.0000	0.0000	0.0000	0.0000	0.0000	0.0000	0.0000	0.0000	0.0000	0.0000	0.0000	0.0000	0.0000	0.0000	0.0000	0.0000	0.4284	0.0022	1.5206	0.3534	0.0041	1.1251	0.3795	0.0000	1.4598	174.8509	0.0000	0.0200	0.0000	8.9918	2.0002	13.3277	0.0000	0.0000	0.0000	0.0000	0.0000	0.0000	0.0000	0.0000	0.0000	0.0439	0.0002	0.0437	0.0110	0.0002	0.0108	0.0329	0.0000	0.0329	0.0000	0.0000	0.0000	0.0000	0.0000	0.0000	0.0000	0.0000	0.0000	0.1576	0.1134	0.0442	0.0710	0.0612	0.0097	0.0867	0.0522	0.0345	0.0000	0.0000	0.0000	0.0000	0.0000	0.0000	0.0000	0.0000	0.0000	0.2786	0.0022	0.9876	0.1552	0.0041	1.1064	0.3795	0.0000	0.9541		
27	28	0.1195	4	1	2	0	0	0	0	0	0	N	Y	N	N	N	N	N	N	N	N	N	N	0.0000	0.0000	0.0000	0.0000	0.0000	0.0000	0.0000	0.0000	0.0000	0.0000	0.0000	0.0000	0.0000	0.0000	0.0000	0.0000	0.0000	0.0000	0.0000	0.0000	1.0000	5.0000	3.9850	4.0000	0.0000	0.0000	0.0000	0.0000	0.0000	0.0000	0.0000	0.0000	0.0000	0.0000	0.0000	0.0000	0.0000	0.0000	0.0000	0.0000	0.0000	0.0000	0.0652	0.0556	0.0096	0.0032	0.0030	0.0002	0.0620	0.0526	0.0094	0.0865	0.0519	0.0346	0.0087	0.0068	0.0019	0.0777	0.0450	0.0327	0.0000	0.0000	0.0000	0.0000	0.0000	0.0000	0.0000	0.0000	0.0000	0.0000	0.0000	0.0000	0.0000	0.0000	0.0000	0.0000	0.0000	0.0000											
27	29	0.1195	4	1	2	0	0	0	0	0	0	N	Y	N	N	N	N	N	N	N	N	N	N	0.0000	0.0000	0.0000	0.0000	0.0000	0.0000	0.0000	0.0000	0.0000	0.0000	0.0000	0.0000	0.0000	0.0000	0.0000	0.0000	0.0000	0.0000	0.0000	0.0000	1.0000	3.0000	3.9850	6.0000	0.0000	0.0000	0.0000	0.0000	0.0000	0.0000	0.0000	0.0000	0.0000	0.0000	0.0000	0.0000	0.0000	0.0000	0.0000	0.0000	0.0000	0.0000	0.0398	0.0339	0.0059	0.0019	0.0018	0.0001	0.0379	0.0321	0.0058	0.0865	0.0519	0.0346	0.0087	0.0068	0.0019	0.0777	0.0450	0.0327	0.0000	0.0000	0.0000	0.0000	0.0000	0.0000	0.0000	0.0000	0.0000	0.0000	0.0000	0.0000	0.0000	0.0000	0.0000	0.0000	0.0000	0.0000											
27	30	0.0555	3	1	2	1	1	0	0	0	0	N	Y	N	N	N	N	N	N	N	N	N	N	0.0000	0.0000	0.0000	0.0000	0.0000	0.0000	0.0000	0.0000	0.0000	0.0000	0.0000	0.0000	0.0000	0.0000	0.0000	0.0000	0.0000	0.0000	0.0000	0.0000	1.0000	0.0000	3.9850	3.0000	0.0000	0.0000	0.0000	0.0000	0.0000	0.0000	0.0000	0.0000	0.0000	0.0000	0.0000	0.0000	0.0000	0.0000	0.0000	0.0000	0.0000	0.0000	0.0000	0.0000	0.0000	0.0000	0.0000	0.0000	0.0000	0.0000	0.0000	0.0323	0.0184	0.0139	0.0055	0.0041	0.0015	0.0268	0.0143	0.0125	0.0000	0.0000	0.0000	0.0000	0.0000	0.0000	0.0000	0.0000	0.0000	0.0000	0.0000	0.0000	0.0000	0.0000	0.0000	0.0000	0.0000	0.0000											
27	31	0.0386	2	1	1	0	1	0	0	0	0	N	N	N	N	N	N	N	N	N	N	N	N	0.0000	0.0000	0.0000	0.0000	0.0000	0.0000	0.0000	0.0000	0.0000	0.0000	0.0000	0.0000	0.0000	0.0000	0.0000	0.0000	0.0000	0.0000	19.4630	1.3812	100.2713	6.4506	6.8810	0.3270	23.5370	0.5316	101.4164	54.7237	0.0000	0.4400	1.0000	0.9783	3.9850	3.0423	0.0000	0.0000	0.0000	0.0000	0.0000	0.0000	0.0000	0.0000	0.0000	0.9953	0.0179	0.9775	0.0061	0.0056	0.0005	0.9892	0.0122	0.9770	0.0141	0.0120	0.0022	0.0004	0.0004	0.0000	0.0137	0.0116	0.0021	0.0511	0.0305	0.0206	0.0091	0.0075	0.0016	0.0420	0.0230	0.0190	0.0000	0.0000	0.0000	0.0000	0.0000	0.0000	0.0000	0.0000	0.0000	19.4630	0.5847	47.4704	0.6740	0.7473	0.3270	23.5370	0.5316	51.4153	
27	32	0.0777	3	1	2	0	0	0	0	0	0	N	Y	N	N	N	N	N	N	N	N	N	N	0.0000	0.0000	0.0000	0.0000	0.0000	0.0000	0.0000	0.0000	0.0000	0.0000	0.0000	0.0000	0.0000	0.0000	0.0000	0.0000	0.0000	0.0000	0.0000	0.0000	1.0000	6.9988	3.9850	9.0016	0.0000	0.0000	0.0000	0.0000	0.0000	0.0000	0.0000	0.0000	0.0000	0.0000	0.0000	0.0000	0.0000	0.0000	0.0000	0.0000	0.0000	0.0000	0.0906	0.0771	0.0135	0.0009	0.0008	0.0001	0.0897	0.0762	0.0135	0.1515	0.0863	0.0651	0.0108	0.0084	0.0024	0.1407	0.0780	0.0627	0.0000	0.0000	0.0000	0.0000	0.0000	0.0000	0.0000	0.0000	0.0000	0.0000	0.0000	0.0000	0.0000	0.0000	0.0000	0.0000	0.0000	0.0000											
27	33	0.1785	8	2	2	0	0	0	0	0	0	Y	Y	N	N	N	N	N	N	N	N	N	N	0.0000	0.0000	0.0000	0.0000	0.0000	0.0000	0.0000	0.0000	0.0000	0.0000	0.0000	0.0000	0.0000	0.0000	0.0000	0.0000	0.0000	0.0000	0.0000	0.0000	1.0000	0.0000	3.9850	0.0000	0.0000	0.0000	0.0000	0.0000	0.0000	0.0000	0.0000	0.0000	0.0000	0.0000	0.0000	0.0000	0.0000	0.0000	0.0000	0.0000	0.0000	0.0000	0.0000	0.0000	0.0000	0.0000	0.0000	0.0000	0.0000	0.0000	0.0000	0.0000	0.0000	0.0000	0.0000	0.0000	0.0000	0.0000	0.0000	0.0000	0.0000	0.0000	0.0000	0.0000	0.0000	0.0000	0.0000	0.0000	0.0000	0.0000	0.0000	0.0000	0.0000	0.0000	0.0000	0.0000	0.0000	0.0000											
27	35	0.0777	3	2	2	0	0	0	0	0	0	Y	Y	N	N	N	N	N	N	N	N	N	N	0.0000	0.0000	0.0000	0.0000	0.0000	0.0000	0.0000	0.0000	0.0000	0.0000	0.0000	0.0000	0.0000	5.5454	9.5434	0.0000	0.0000	0.0000	0.0000	5.8666	10.5683	0.0000	0.0000	0.0000	-0.5399	1.0000	1.9985	3.9850	17.9985	0.0000	0.0000	0.0000	0.0000	0.0000	0.0000	0.0000	0.0000	0.0000	1.0000	1.0000	0.0000	0.0000	0.0000	0.0000	1.0000	1.0000	0.0000	0.0272	0.0231	0.0041	0.0003	0.0003	0.0000	0.0269	0.0228	0.0041	0.1836	0.1048	0.0788	0.0131	0.0102	0.0030	0.1705	0.0946	0.0758	0.0000	0.0000	0.0000	0.0000	0.0000	0.0000	0.0000	0.0000	0.0000	5.4471	9.5434	0.0000	0.0000	0.0000	0.0000	5.8666	10.5683	0.0000						
27	36	0.0880	2	1	1	1	0	0	0	0	0	N	N	N	N	N	N	N	N	N	N	N	N	0.0000	0.0000	0.0000	0.0000	0.0000	0.0000	0.0000	0.0000	0.0000	0.0000	0.0000	0.0000	0.0000	0.0000	0.0000	0.0221	0.0354	0.0000	0.0924	0.1230	0.0000	0.0092	0.0162	0.0000	0.0000	0.0000	-0.0002	1.0000	0.0001	3.9850	0.9943	0.0000	0.0000	0.0000	0.0000	0.0000	0.0000	0.0000	0.0000	0.0000	0.0003	0.0003	0.0000	0.0002	0.0002	0.0000	0.0001	0.0001	0.0000	0.0000	0.0000	0.0000	0.0000	0.0000	0.0000	0.0000	0.0000	0.0000	0.0132	0.0082	0.0049	0.0023	0.0020	0.0002	0.0109	0.0062	0.0047	0.0000	0.0000	0.0000	0.0000	0.0000	0.0000	0.0000	0.0000	0.0000	0.0221	0.0354	0.0000	0.0838	0.0941	0.0000	0.0092	0.0162	0.0000				
27	37	0.0642	2	1	2	0	0	0	0	0	0	N	Y	N	N	N	N	N	N	N	N	N	N	0.0000	0.0000	0.0000	0.0000	0.0000	0.0000	0.0000	0.0000	0.0000	0.0000	0.0000	0.0000	0.0000	0.0000	0.0000	0.0000	0.0000	0.0000	0.0000	0.0000	1.0000	2.0000	3.9850	2.0000	0.0000	0.0000	0.0000	0.0000	0.0000	0.0000	0.0000	0.0000	0.0000	0.0000	0.0000	0.0000	0.0000	0.0000	0.0000	0.0000	0.0000	0.0000	0.0271	0.0230	0.0041	0.0005	0.0005	0.0000	0.0266	0.0225	0.0041	0.0440	0.0252	0.0188	0.0053	0.0043	0.0010	0.0387	0.0209	0.0178	0.0000	0.0000	0.0000	0.0000	0.0000	0.0000	0.0000	0.0000	0.0000	0.0000	0.0000	0.0000	0.0000	0.0000	0.0000	0.0000	0.0000	0.0000											
27	38	0.1363	5	2	1	1	0	0	0	0	0	Y	N	N	N	N	N	N	N	N	N	N	N	0.0000	0.0000	0.0000	0.0000	0.0000	0.0000	0.0000	0.0000	0.0000	0.0000	0.0000	0.0000	0.0000	15.5378	0.0000	81.8604	0.0000	0.0000	0.0000	16.5035	0.0000	82.7339	inf	0.0000	0.4601	1.0000	2.0000	3.9850	5.0000	0.0000	0.0000	0.0000	0.0000	0.0000	0.0000	0.0000	0.0000	0.0000	1.0000	0.0000	1.0000	0.0000	0.0000	0.0000	1.0000	0.0000	1.0000	0.0268	0.0228	0.0040	0.0014	0.0013	0.0001	0.0254	0.0215	0.0039	0.0686	0.0415	0.0271	0.0080	0.0064	0.0016	0.0606	0.0351	0.0255	0.0000	0.0000	0.0000	0.0000	0.0000	0.0000	0.0000	0.0000	0.0000	14.5836	0.0000	36.8888	0.0000	0.0000	0.0000	16.5035	0.0000	39.2238						
27	39	0.0386	2	1	2	0	0	0	0	0	0	N	Y	N	N	N	N	N	N	N	N	N	N	0.0000	0.0000	0.0000	0.0000	0.0000	0.0000	0.0000	0.0000	0.0000	0.0000	0.0000	0.0000	0.0000	0.0000	0.0000	0.0000	0.0000	0.9551	2.1482	0.0000	41.4440	49.6163	0.0000	0.2005	0.3676	0.0000	0.0000	0.0000	-0.0221	1.0000	0.0217	3.9850	6.0735	0.0000	0.0000	0.0000	0.0000	0.0000	0.0000	0.0000	0.0000	0.0000	0.0409	0.0409	0.0000	0.0287	0.0287	0.0000	0.0122	0.0122	0.0000	0.0011	0.0009	0.0002	0.0004	0.0004	0.0000	0.0007	0.0005	0.0002	0.0726	0.0426	0.0300	0.0115	0.0093	0.0022	0.0611	0.0333	0.0278	0.0000	0.0000	0.0000	0.0000	0.0000	0.0000	0.0000	0.0000	0.0000	0.5637	0.9611	0.0000	2.4919	3.0956	0.0000	0.2005	0.3676	0.0000		
27	42	0.1363	5	2	1	1	0	0	0	0	0	Y	N	N	N	N	N	N	N	N	N	N	N	0.0000	0.0000	0.0000	0.0000	0.0000	0.0000	0.0000	0.0000	0.0000	0.0000	0.0000	0.0000	0.0000	0.0000	0.0000	0.0000	0.0000	0.0000	0.0000	0.0000	1.0000	0.0000	3.9850	0.0000	0.0000	0.0000	0.0000	0.0000	0.0000	0.0000	0.0000	0.0000	0.0000	0.0000	0.0000	0.0000	0.0000	0.0000	0.0000	0.0000	0.0000	0.0000	0.0000	0.0000	0.0000	0.0000	0.0000	0.0000	0.0000	0.0000	0.0000	0.0000	0.0000	0.0000	0.0000	0.0000	0.0000	0.0000	0.0000	0.0000	0.0000	0.0000	0.0000	0.0000	0.0000	0.0000	0.0000	0.0000	0.0000	0.0000	0.0000	0.0000	0.0000	0.0000	0.0000	0.0000	0.0000	0.0000											
27	43	0.1195	4	2	1	1	0	0	0	0	0	Y	N	N	N	N	N	N	N	N	N	N	N	0.0000	0.0000	0.0000	0.0000	0.0000	0.0000	0.0000	0.0000	0.0000	0.0000	0.0000	0.0000	0.0000	0.0000	0.0000	0.0000	0.0000	0.0000	0.0000	0.0000	1.0000	1.0000	3.9850	3.0000	0.0000	0.0000	0.0000	0.0000	0.0000	0.0000	0.0000	0.0000	0.0000	0.0000	0.0000	0.0000	0.0000	0.0000	0.0000	0.0000	0.0000	0.0000	0.0135	0.0115	0.0020	0.0007	0.0006	0.0000	0.0129	0.0109	0.0020	0.0399	0.0239	0.0160	0.0040	0.0031	0.0009	0.0359	0.0208	0.0151	0.0000	0.0000	0.0000	0.0000	0.0000	0.0000	0.0000	0.0000	0.0000	0.0000	0.0000	0.0000	0.0000	0.0000	0.0000	0.0000	0.0000	0.0000											
27	44	0.1195	4	2	1	1	0	0	0	0	0	Y	N	N	N	N	N	N	N	N	N	N	N	0.0000	0.0000	0.0000	0.0000	0.0000	0.0000	0.0000	0.0000	0.0000	0.0000	0.0000	0.0000	0.0000	0.0000	0.0000	0.0000	0.0000	0.0000	0.0000	0.0000	1.0000	1.0000	3.9850	3.0000	0.0000	0.0000	0.0000	0.0000	0.0000	0.0000	0.0000	0.0000	0.0000	0.0000	0.0000	0.0000	0.0000	0.0000	0.0000	0.0000	0.0000	0.0000	0.0135	0.0115	0.0020	0.0007	0.0006	0.0000	0.0129	0.0109	0.0020	0.0399	0.0239	0.0160	0.0040	0.0031	0.0009	0.0359	0.0208	0.0151	0.0000	0.0000	0.0000	0.0000	0.0000	0.0000	0.0000	0.0000	0.0000	0.0000	0.0000	0.0000	0.0000	0.0000	0.0000	0.0000	0.0000	0.0000											
27	45	0.0642	2	1	1	1	0	0	0	0	0	N	N	N	N	N	N	N	N	N	N	N	N	0.0000	0.0000	0.0000	0.0000	0.0000	0.0000	0.0000	0.0000	0.0000	0.0000	0.0000	0.0000	0.0000	0.0000	0.0000	0.0000	0.0000	0.0000	0.0000	0.0000	1.0000	0.0000	3.9850	0.0000	0.0000	0.0000	0.0000	0.0000	0.0000	0.0000	0.0000	0.0000	0.0000	0.0000	0.0000	0.0000	0.0000	0.0000	0.0000	0.0000	0.0000	0.0000	0.0000	0.0000	0.0000	0.0000	0.0000	0.0000	0.0000	0.0000	0.0000	0.0000	0.0000	0.0000	0.0000	0.0000	0.0000	0.0000	0.0000	0.0000	0.0000	0.0000	0.0000	0.0000	0.0000	0.0000	0.0000	0.0000	0.0000	0.0000	0.0000	0.0000	0.0000	0.0000	0.0000	0.0000	0.0000	0.0000											
27	47	0.0922	3	1	2	0	0	0	0	0	0	N	Y	N	N	N	N	N	N	N	N	N	N	0.0000	0.0000	0.0000	0.0000	0.0000	0.0000	0.0000	0.0000	0.0000	0.0000	0.0000	0.0000	0.0000	0.0000	0.0000	0.0000	0.0000	0.0000	0.0000	0.0000	1.0000	0.0000	3.9850	0.0000	0.0000	0.0000	0.0000	0.0000	0.0000	0.0000	0.0000	0.0000	0.0000	0.0000	0.0000	0.0000	0.0000	0.0000	0.0000	0.0000	0.0000	0.0000	0.0000	0.0000	0.0000	0.0000	0.0000	0.0000	0.0000	0.0000	0.0000	0.0000	0.0000	0.0000	0.0000	0.0000	0.0000	0.0000	0.0000	0.0000	0.0000	0.0000	0.0000	0.0000	0.0000	0.0000	0.0000	0.0000	0.0000	0.0000	0.0000	0.0000	0.0000	0.0000	0.0000	0.0000	0.0000	0.0000											
27	48	0.1520	6	2	2	1	0	0	0	0	0	Y	Y	N	N	N	N	N	N	N	N	N	N	0.0000	0.0000	0.0000	0.0000	0.0000	0.0000	0.0000	0.0000	0.0000	0.0000	0.0000	0.0000	0.0000	0.0000	0.0000	0.0000	0.0000	0.0000	0.0000	0.0000	1.0000	0.0000	3.9850	2.0152	0.0000	0.0000	0.0000	0.0000	0.0000	0.0000	0.0000	0.0000	0.0000	0.0000	0.0000	0.0000	0.0000	0.0000	0.0000	0.0000	0.0000	0.0000	0.0000	0.0000	0.0000	0.0000	0.0000	0.0000	0.0000	0.0000	0.0000	0.0222	0.0133	0.0089	0.0038	0.0031	0.0007	0.0184	0.0102	0.0082	0.0000	0.0000	0.0000	0.0000	0.0000	0.0000	0.0000	0.0000	0.0000	0.0000	0.0000	0.0000	0.0000	0.0000	0.0000	0.0000	0.0000	0.0000											
27	49	0.1478	5	2	1	1	0	0	0	0	0	Y	N	N	N	N	N	N	N	N	N	N	N	0.0000	0.0000	0.0000	0.0000	0.0000	0.0000	0.0000	0.0000	0.0000	0.0000	0.0000	0.0000	0.0000	0.0000	0.0000	0.0000	0.0000	0.0000	0.0000	0.0000	1.0000	0.0003	3.9850	1.0311	0.0000	0.0000	0.0000	0.0000	0.0000	0.0000	0.0000	0.0000	0.0000	0.0000	0.0000	0.0000	0.0000	0.0000	0.0000	0.0000	0.0000	0.0000	0.0000	0.0000	0.0000	0.0000	0.0000	0.0000	0.0000	0.0000	0.0000	0.0115	0.0070	0.0045	0.0019	0.0016	0.0003	0.0096	0.0054	0.0042	0.0000	0.0000	0.0000	0.0000	0.0000	0.0000	0.0000	0.0000	0.0000	0.0000	0.0000	0.0000	0.0000	0.0000	0.0000	0.0000	0.0000	0.0000											
27	50	0.1478	5	2	2	1	0	0	0	0	0	Y	Y	N	N	N	N	N	N	N	N	N	N	0.0000	0.0000	0.0000	0.0000	0.0000	0.0000	0.0000	0.0000	0.0000	0.0000	0.0000	0.0000	0.0000	0.0000	0.0000	0.0000	0.0000	0.0000	0.0000	0.0000	1.0000	0.0003	3.9850	1.0126	0.0000	0.0000	0.0000	0.0000	0.0000	0.0000	0.0000	0.0000	0.0000	0.0000	0.0000	0.0000	0.0000	0.0000	0.0000	0.0000	0.0000	0.0000	0.0000	0.0000	0.0000	0.0000	0.0000	0.0000	0.0000	0.0000	0.0000	0.0113	0.0069	0.0044	0.0019	0.0016	0.0003	0.0094	0.0053	0.0041	0.0000	0.0000	0.0000	0.0000	0.0000	0.0000	0.0000	0.0000	0.0000	0.0000	0.0000	0.0000	0.0000	0.0000	0.0000	0.0000	0.0000	0.0000											
27	51	0.1770	4	2	2	0	0	0	0	0	0	Y	Y	N	N	N	N	N	N	N	N	N	N	0.0000	0.0000	0.0000	0.0000	0.0000	0.0000	0.0000	0.0000	0.0000	0.0000	0.0000	0.0000	0.0000	0.0000	0.0000	0.0000	0.0000	0.0000	0.0000	0.0000	1.0000	0.0000	3.9850	1.0000	0.0000	0.0000	0.0000	0.0000	0.0000	0.0000	0.0000	0.0000	0.0000	0.0000	0.0000	0.0000	0.0000	0.0000	0.0000	0.0000	0.0000	0.0000	0.0000	0.0000	0.0000	0.0000	0.0000	0.0000	0.0000	0.0000	0.0000	0.0105	0.0064	0.0041	0.0023	0.0019	0.0005	0.0082	0.0045	0.0037	0.0000	0.0000	0.0000	0.0000	0.0000	0.0000	0.0000	0.0000	0.0000	0.0000	0.0000	0.0000	0.0000	0.0000	0.0000	0.0000	0.0000	0.0000											
27	52	0.0602	3	1	2	0	1	0	0	0	0	N	Y	N	N	N	N	N	N	N	N	N	N	0.0000	0.0000	0.0000	0.0000	0.0000	0.0000	0.0000	0.0000	0.0000	0.0000	0.0000	0.0000	0.0000	0.0000	0.0000	0.8484	1.7235	0.0000	0.0077	0.0080	0.0000	0.5914	0.9955	0.0000	0.0000	0.0000	-0.0080	1.0000	0.9995	3.9850	1.0399	0.0000	0.0000	0.0000	0.0000	0.0000	0.0000	0.0000	0.0000	0.0000	0.0148	0.0148	0.0000	0.0000	0.0000	0.0000	0.0147	0.0147	0.0000	0.0137	0.0116	0.0021	0.0002	0.0002	0.0000	0.0134	0.0114	0.0021	0.0301	0.0198	0.0103	0.0052	0.0050	0.0002	0.0249	0.0148	0.0101	0.0000	0.0000	0.0000	0.0000	0.0000	0.0000	0.0000	0.0000	0.0000	0.4907	0.7450	0.0000	0.0077	0.0080	0.0000	0.5914	0.9955	0.0000				
27	53	0.0602	3	1	1	0	1	0	0	0	0	N	N	N	N	N	N	N	N	N	N	N	N	0.0000	0.0000	0.0000	0.0000	0.0000	0.0000	0.0000	0.0000	0.0000	0.0000	0.0000	0.0000	0.0000	0.0000	0.0000	0.4639	1.2252	0.0000	0.0048	0.0050	0.0000	0.3308	0.5766	0.0000	0.0000	0.0000	-0.0080	1.0000	3.0005	3.9850	1.0125	0.0000	0.0000	0.0000	0.0000	0.0000	0.0000	0.0000	0.0000	0.0000	0.0148	0.0148	0.0000	0.0000	0.0000	0.0000	0.0147	0.0147	0.0000	0.0402	0.0341	0.0061	0.0006	0.0006	0.0000	0.0396	0.0335	0.0060	0.0508	0.0315	0.0193	0.0063	0.0060	0.0003	0.0445	0.0255	0.0190	0.0000	0.0000	0.0000	0.0000	0.0000	0.0000	0.0000	0.0000	0.0000	0.2904	0.4679	0.0000	0.0048	0.0050	0.0000	0.3308	0.5766	0.0000				
27	54	0.0520	2	1	1	0	1	0	0	0	0	N	N	N	N	N	N	N	N	N	N	N	N	0.0000	0.0000	0.0000	0.0000	0.0000	0.0000	0.0000	0.0000	0.0000	0.0000	0.0000	0.0000	0.0000	0.0000	0.0000	0.0000	0.0000	0.0000	45.9840	82.2626	0.0011	0.0112	0.0118	0.0001	47.0082	85.4173	0.0011	0.0000	0.0000	-0.5318	1.0000	0.0013	3.9850	1.9704	0.0000	0.0000	0.0000	0.0000	0.0000	0.0000	0.0000	0.0000	0.0000	0.9849	0.9849	0.0000	0.0000	0.0000	0.0000	0.9849	0.9849	0.0000	0.0000	0.0000	0.0000	0.0000	0.0000	0.0000	0.0000	0.0000	0.0000	0.0214	0.0120	0.0094	0.0005	0.0004	0.0000	0.0210	0.0115	0.0094	0.0000	0.0000	0.0000	0.0000	0.0000	0.0000	0.0000	0.0000	0.0000	45.9840	82.2626	0.0011	0.0112	0.0118	0.0001	47.0082	85.4173	0.0011	
27	56	0.1383	6	1	2	1	0	0	0	0	0	N	Y	N	N	N	N	N	N	N	N	N	N	0.0000	0.0000	0.0000	0.0000	0.0000	0.0000	0.0000	0.0000	0.0000	0.0000	0.0000	0.0000	0.0000	0.0003	0.0005	0.0000	0.0014	0.0016	0.0000	0.0000	0.0000	0.0000	0.0000	0.0000	-0.0000	1.0000	2.0013	3.9850	5.6727	0.0000	0.0000	0.0000	0.0000	0.0000	0.0000	0.0000	0.0000	0.0000	0.0000	0.0000	0.0000	0.0000	0.0000	0.0000	0.0000	0.0000	0.0000	0.0270	0.0230	0.0040	0.0014	0.0013	0.0001	0.0256	0.0217	0.0039	0.0952	0.0628	0.0324	0.0209	0.0185	0.0023	0.0744	0.0442	0.0301	0.0000	0.0000	0.0000	0.0000	0.0000	0.0000	0.0000	0.0000	0.0000	0.0003	0.0005	0.0000	0.0014	0.0016	0.0000	0.0000	0.0000	0.0000						
27	57	0.1346	5	1	2	0	0	0	0	0	0	N	Y	N	N	N	N	N	N	N	N	N	N	0.0000	0.0000	0.0000	0.0000	0.0000	0.0000	0.0000	0.0000	0.0000	0.0000	0.0000	0.0000	0.0000	0.0009	0.0011	0.0000	0.0000	0.0000	0.0000	0.0013	0.0021	0.0000	0.0000	0.0000	-0.0000	1.0000	0.0033	3.9850	1.3874	0.0000	0.0000	0.0000	0.0000	0.0000	0.0000	0.0000	0.0000	0.0000	0.0000	0.0000	0.0000	0.0000	0.0000	0.0000	0.0000	0.0000	0.0000	0.0001	0.0001	0.0000	0.0000	0.0000	0.0000	0.0001	0.0000	0.0000	0.0345	0.0261	0.0084	0.0121	0.0117	0.0004	0.0224	0.0145	0.0079	0.0000	0.0000	0.0000	0.0000	0.0000	0.0000	0.0000	0.0000	0.0000	0.0009	0.0011	0.0000	0.0000	0.0000	0.0000	0.0013	0.0021	0.0000						
27	58	0.1195	4	2	1	1	0	0	0	0	0	Y	N	N	N	N	N	N	N	N	N	N	N	0.0000	0.0000	0.0000	0.0000	0.0000	0.0000	0.0000	0.0000	0.0000	0.0000	0.0000	0.0000	0.0000	0.0000	0.0000	0.0000	0.0000	0.0000	0.0000	0.0000	1.0000	0.0000	3.9850	2.0000	0.0000	0.0000	0.0000	0.0000	0.0000	0.0000	0.0000	0.0000	0.0000	0.0000	0.0000	0.0000	0.0000	0.0000	0.0000	0.0000	0.0000	0.0000	0.0000	0.0000	0.0000	0.0000	0.0000	0.0000	0.0000	0.0000	0.0000	0.0203	0.0121	0.0081	0.0020	0.0016	0.0004	0.0182	0.0106	0.0077	0.0000	0.0000	0.0000	0.0000	0.0000	0.0000	0.0000	0.0000	0.0000	0.0000	0.0000	0.0000	0.0000	0.0000	0.0000	0.0000	0.0000	0.0000											
27	59	0.1346	5	1	2	0	0	0	0	0	0	N	Y	N	N	N	N	N	N	N	N	N	N	0.0000	0.0000	0.0000	0.0000	0.0000	0.0000	0.0000	0.0000	0.0000	0.0000	0.0000	0.0000	0.0000	0.0000	0.0000	0.0000	0.0000	0.0000	0.0000	0.0000	1.0000	1.9997	3.9850	3.4660	0.0000	0.0000	0.0000	0.0000	0.0000	0.0000	0.0000	0.0000	0.0000	0.0000	0.0000	0.0000	0.0000	0.0000	0.0000	0.0000	0.0000	0.0000	0.0268	0.0228	0.0040	0.0013	0.0012	0.0001	0.0255	0.0216	0.0039	0.0731	0.0492	0.0239	0.0169	0.0152	0.0016	0.0562	0.0339	0.0223	0.0000	0.0000	0.0000	0.0000	0.0000	0.0000	0.0000	0.0000	0.0000	0.0000	0.0000	0.0000	0.0000	0.0000	0.0000	0.0000	0.0000	0.0000											
27	60	0.1195	4	1	2	0	0	0	0	0	0	N	Y	N	N	N	N	N	N	N	N	N	N	0.0000	0.0000	0.0000	0.0000	0.0000	0.0000	0.0000	0.0000	0.0000	0.0000	0.0000	0.0000	0.0000	0.0000	0.0000	0.0000	0.0000	0.0000	0.0000	0.0000	1.0000	0.0005	3.9850	3.6054	0.0000	0.0000	0.0000	0.0000	0.0000	0.0000	0.0000	0.0000	0.0000	0.0000	0.0000	0.0000	0.0000	0.0000	0.0000	0.0000	0.0000	0.0000	0.0000	0.0000	0.0000	0.0000	0.0000	0.0000	0.0000	0.0000	0.0000	0.0361	0.0216	0.0144	0.0036	0.0028	0.0008	0.0325	0.0188	0.0137	0.0000	0.0000	0.0000	0.0000	0.0000	0.0000	0.0000	0.0000	0.0000	0.0000	0.0000	0.0000	0.0000	0.0000	0.0000	0.0000	0.0000	0.0000											
27	61	0.0922	3	1	1	1	0	0	0	0	0	N	N	N	N	N	N	N	N	N	N	N	N	0.0000	0.0000	0.0000	0.0000	0.0000	0.0000	0.0000	0.0000	0.0000	0.0000	0.0000	0.0000	0.0000	0.0000	0.0000	0.0000	0.0000	0.0000	0.0000	0.0000	1.0000	0.0000	3.9850	1.0000	0.0000	0.0000	0.0000	0.0000	0.0000	0.0000	0.0000	0.0000	0.0000	0.0000	0.0000	0.0000	0.0000	0.0000	0.0000	0.0000	0.0000	0.0000	0.0000	0.0000	0.0000	0.0000	0.0000	0.0000	0.0000	0.0000	0.0000	0.0104	0.0059	0.0045	0.0009	0.0007	0.0003	0.0095	0.0052	0.0043	0.0000	0.0000	0.0000	0.0000	0.0000	0.0000	0.0000	0.0000	0.0000	0.0000	0.0000	0.0000	0.0000	0.0000	0.0000	0.0000	0.0000	0.0000											
27	62	0.0880	2	1	1	0	0	0	0	0	0	N	N	N	N	N	N	N	N	N	N	N	N	0.0000	0.0000	0.0000	0.0000	0.0000	0.0000	0.0000	0.0000	0.0000	0.0000	0.0000	0.0000	0.0000	0.0000	0.0000	0.0219	0.0351	0.0000	0.0907	0.1182	0.0000	0.0091	0.0160	0.0000	0.0000	0.0000	-0.0002	1.0000	0.0001	3.9850	1.0076	0.0000	0.0000	0.0000	0.0000	0.0000	0.0000	0.0000	0.0000	0.0000	0.0003	0.0003	0.0000	0.0002	0.0002	0.0000	0.0001	0.0001	0.0000	0.0000	0.0000	0.0000	0.0000	0.0000	0.0000	0.0000	0.0000	0.0000	0.0133	0.0083	0.0050	0.0023	0.0020	0.0003	0.0110	0.0062	0.0048	0.0000	0.0000	0.0000	0.0000	0.0000	0.0000	0.0000	0.0000	0.0000	0.0219	0.0351	0.0000	0.0834	0.0937	0.0000	0.0091	0.0160	0.0000				
27	64	0.1195	4	2	2	0	0	0	0	0	0	Y	Y	N	N	N	N	N	N	N	N	N	N	0.0000	0.0000	0.0000	0.0000	0.0000	0.0000	0.0000	0.0000	0.0000	0.0000	0.0000	0.0000	0.0000	0.0000	0.0000	0.0000	0.0000	0.0000	0.0000	0.0000	1.0000	4.0000	3.9850	3.0000	0.0000	0.0000	0.0000	0.0000	0.0000	0.0000	0.0000	0.0000	0.0000	0.0000	0.0000	0.0000	0.0000	0.0000	0.0000	0.0000	0.0000	0.0000	0.0526	0.0448	0.0078	0.0026	0.0024	0.0001	0.0501	0.0424	0.0076	0.0683	0.0409	0.0273	0.0069	0.0054	0.0015	0.0614	0.0356	0.0258	0.0000	0.0000	0.0000	0.0000	0.0000	0.0000	0.0000	0.0000	0.0000	0.0000	0.0000	0.0000	0.0000	0.0000	0.0000	0.0000	0.0000	0.0000											
27	65	0.0777	3	1	1	0	0	0	0	0	0	N	N	N	N	N	N	N	N	N	N	N	N	0.0000	0.0000	0.0000	0.0000	0.0000	0.0000	0.0000	0.0000	0.0000	0.0000	0.0000	0.0000	0.0000	8.7270	0.0000	41.2972	0.0000	0.0000	0.0000	9.1816	0.0000	39.3586	inf	0.0000	0.4601	1.0000	2.0015	3.9850	10.0016	0.0000	0.0000	0.0000	0.0000	0.0000	0.0000	0.0000	0.0000	0.0000	1.0000	0.0000	1.0000	0.0000	0.0000	0.0000	1.0000	0.0000	1.0000	0.0272	0.0231	0.0041	0.0003	0.0003	0.0000	0.0269	0.0228	0.0041	0.1172	0.0667	0.0505	0.0083	0.0065	0.0018	0.1089	0.0602	0.0487	0.0000	0.0000	0.0000	0.0000	0.0000	0.0000	0.0000	0.0000	0.0000	8.5307	0.0000	19.7967	0.0000	0.0000	0.0000	9.1816	0.0000	20.5477						
27	67	0.2325	5	1	1	0	0	0	0	0	0	N	N	N	N	N	N	N	N	N	N	N	N	0.0000	0.0000	0.0000	0.0000	0.0000	0.0000	0.0000	0.0000	0.0000	0.0000	0.0000	0.0000	0.0000	0.0000	0.0000	0.0000	0.0000	3.1458	0.0433	15.6140	1.8312	0.1031	1.5210	4.8358	0.0000	18.9405	102.0639	0.0000	0.4102	1.0000	4.8614	3.9850	14.2102	0.0000	0.0000	0.0000	0.0000	0.0000	0.0000	0.0000	0.0000	0.0000	0.9108	0.0088	0.9020	0.0328	0.0088	0.0240	0.8780	0.0000	0.8780	0.0717	0.0618	0.0099	0.0070	0.0067	0.0002	0.0648	0.0551	0.0097	0.2976	0.2040	0.0936	0.1161	0.0987	0.0173	0.1816	0.1053	0.0763	0.0000	0.0000	0.0000	0.0000	0.0000	0.0000	0.0000	0.0000	0.0000	3.0602	0.0433	9.6342	0.2829	0.0895	1.3838	4.8358	0.0000	11.5100		
27	68	0.1534	7	2	2	1	0	0	0	0	0	Y	Y	N	N	N	N	N	N	N	N	N	N	0.0000	0.0000	0.0000	0.0000	0.0000	0.0000	0.0000	0.0000	0.0000	0.0000	0.0000	0.0000	0.0000	0.0000	0.0000	0.0000	0.0000	0.0000	0.0000	0.0000	1.0000	0.0000	3.9850	0.0000	0.0000	0.0000	0.0000	0.0000	0.0000	0.0000	0.0000	0.0000	0.0000	0.0000	0.0000	0.0000	0.0000	0.0000	0.0000	0.0000	0.0000	0.0000	0.0000	0.0000	0.0000	0.0000	0.0000	0.0000	0.0000	0.0000	0.0000	0.0000	0.0000	0.0000	0.0000	0.0000	0.0000	0.0000	0.0000	0.0000	0.0000	0.0000	0.0000	0.0000	0.0000	0.0000	0.0000	0.0000	0.0000	0.0000	0.0000	0.0000	0.0000	0.0000	0.0000	0.0000	0.0000	0.0000											
27	69	0.1492	6	2	1	1	0	0	0	0	0	Y	N	N	N	N	N	N	N	N	N	N	N	0.0000	0.0000	0.0000	0.0000	0.0000	0.0000	0.0000	0.0000	0.0000	0.0000	0.0000	0.0000	0.0000	0.0000	0.0000	0.0000	0.0000	0.0000	0.0000	0.0000	1.0000	0.0016	3.9850	0.9826	0.0000	0.0000	0.0000	0.0000	0.0000	0.0000	0.0000	0.0000	0.0000	0.0000	0.0000	0.0000	0.0000	0.0000	0.0000	0.0000	0.0000	0.0000	0.0001	0.0001	0.0000	0.0000	0.0000	0.0000	0.0001	0.0000	0.0000	0.0110	0.0068	0.0042	0.0022	0.0018	0.0003	0.0088	0.0049	0.0039	0.0000	0.0000	0.0000	0.0000	0.0000	0.0000	0.0000	0.0000	0.0000	0.0000	0.0000	0.0000	0.0000	0.0000	0.0000	0.0000	0.0000	0.0000											
27	70	0.1365	5	2	1	1	0	0	0	0	0	Y	N	N	N	N	N	N	N	N	N	N	N	0.0000	0.0000	0.0000	0.0000	0.0000	0.0000	0.0000	0.0000	0.0000	0.0000	0.0000	0.0000	0.0000	0.0009	0.0014	0.0000	0.0049	0.0057	0.0000	0.0000	0.0000	0.0000	0.0000	0.0000	-0.0000	1.0000	0.0061	3.9850	3.0249	0.0000	0.0000	0.0000	0.0000	0.0000	0.0000	0.0000	0.0000	0.0000	0.0000	0.0000	0.0000	0.0000	0.0000	0.0000	0.0000	0.0000	0.0000	0.0002	0.0002	0.0000	0.0001	0.0001	0.0000	0.0001	0.0001	0.0000	0.0339	0.0210	0.0128	0.0061	0.0052	0.0009	0.0277	0.0158	0.0119	0.0000	0.0000	0.0000	0.0000	0.0000	0.0000	0.0000	0.0000	0.0000	0.0009	0.0014	0.0000	0.0049	0.0057	0.0000	0.0000	0.0000	0.0000						
27	71	0.1195	4	2	1	1	0	0	0	0	0	Y	N	N	N	N	N	N	N	N	N	N	N	0.0000	0.0000	0.0000	0.0000	0.0000	0.0000	0.0000	0.0000	0.0000	0.0000	0.0000	0.0000	0.0000	0.0007	0.0012	0.0000	0.0000	0.0000	0.0000	0.0008	0.0014	0.0000	0.0000	0.0000	-0.0000	1.0000	0.0044	3.9850	4.0281	0.0000	0.0000	0.0000	0.0000	0.0000	0.0000	0.0000	0.0000	0.0000	0.0000	0.0000	0.0000	0.0000	0.0000	0.0000	0.0000	0.0000	0.0000	0.0001	0.0001	0.0000	0.0000	0.0000	0.0000	0.0001	0.0000	0.0000	0.0402	0.0241	0.0161	0.0040	0.0032	0.0009	0.0362	0.0210	0.0152	0.0000	0.0000	0.0000	0.0000	0.0000	0.0000	0.0000	0.0000	0.0000	0.0007	0.0012	0.0000	0.0000	0.0000	0.0000	0.0008	0.0014	0.0000						
27	72	0.0777	3	1	2	0	0	0	0	0	0	N	Y	N	N	N	N	N	N	N	N	N	N	0.0000	0.0000	0.0000	0.0000	0.0000	0.0000	0.0000	0.0000	0.0000	0.0000	0.0000	0.0000	0.0000	0.0000	0.0000	0.0000	0.0000	0.0000	0.0000	0.0000	1.0000	5.9987	3.9850	11.0016	0.0000	0.0000	0.0000	0.0000	0.0000	0.0000	0.0000	0.0000	0.0000	0.0000	0.0000	0.0000	0.0000	0.0000	0.0000	0.0000	0.0000	0.0000	0.0784	0.0667	0.0118	0.0008	0.0007	0.0001	0.0776	0.0659	0.0117	0.1597	0.0911	0.0686	0.0114	0.0088	0.0026	0.1483	0.0822	0.0661	0.0000	0.0000	0.0000	0.0000	0.0000	0.0000	0.0000	0.0000	0.0000	0.0000	0.0000	0.0000	0.0000	0.0000	0.0000	0.0000	0.0000	0.0000											
27	73	0.1195	4	2	1	1	0	0	0	0	0	Y	N	N	N	N	N	N	N	N	N	N	N	0.0000	0.0000	0.0000	0.0000	0.0000	0.0000	0.0000	0.0000	0.0000	0.0000	0.0000	0.0000	0.0000	0.0000	0.0000	0.0000	0.0000	0.0000	0.0000	0.0000	1.0000	2.0000	3.9850	5.0000	0.0000	0.0000	0.0000	0.0000	0.0000	0.0000	0.0000	0.0000	0.0000	0.0000	0.0000	0.0000	0.0000	0.0000	0.0000	0.0000	0.0000	0.0000	0.0268	0.0228	0.0040	0.0013	0.0012	0.0001	0.0255	0.0216	0.0039	0.0683	0.0409	0.0273	0.0069	0.0054	0.0015	0.0614	0.0356	0.0258	0.0000	0.0000	0.0000	0.0000	0.0000	0.0000	0.0000	0.0000	0.0000	0.0000	0.0000	0.0000	0.0000	0.0000	0.0000	0.0000	0.0000	0.0000											
27	74	0.1194	5	1	2	0	0	0	0	0	0	N	Y	N	N	N	N	N	N	N	N	N	N	0.0052	24.3170	0.0000	16.7520	81.1063	0.0000	0.0000	0.0000	0.0261	0.0306	0.0000	0.8907	0.9210	0.0000	0.0000	0.0000	0.0000	4.9929	0.0013	23.3007	0.0532	0.0114	0.9081	5.3680	0.0000	22.9486	0.0000	6714.8894	-0.0010	0.4578	1.0000	6.1274	3.9850	13.6208	0.0022	0.0022	0.0000	0.0022	0.0022	0.0000	0.0000	0.0000	0.0000	0.9955	0.0001	0.9953	0.0007	0.0001	0.0006	0.9947	0.0000	0.9947	0.0828	0.0705	0.0123	0.0024	0.0023	0.0001	0.0804	0.0682	0.0122	0.1994	0.1177	0.0817	0.0141	0.0131	0.0010	0.1853	0.1047	0.0806	0.0052	24.3170	0.0000	16.7520	81.1063	0.0000	0.0000	0.0000	0.0000	4.9929	0.0013	12.1900	0.0532	0.0114	0.5885	5.3680	0.0000	12.3367	
27	75	0.1440	8	1	1	1	0	0	0	0	0	N	N	N	N	N	N	N	N	N	N	N	N	0.0000	0.0000	0.0000	0.0000	0.0000	0.0000	0.0000	0.0000	0.0000	0.0000	0.0000	0.0000	0.0000	0.0000	0.0000	0.0000	0.0000	0.0000	0.0000	0.0000	1.0000	0.0000	3.9850	1.0003	0.0000	0.0000	0.0000	0.0000	0.0000	0.0000	0.0000	0.0000	0.0000	0.0000	0.0000	0.0000	0.0000	0.0000	0.0000	0.0000	0.0000	0.0000	0.0000	0.0000	0.0000	0.0000	0.0000	0.0000	0.0000	0.0000	0.0000	0.0107	0.0064	0.0044	0.0006	0.0005	0.0001	0.0101	0.0058	0.0043	0.0000	0.0000	0.0000	0.0000	0.0000	0.0000	0.0000	0.0000	0.0000	0.0000	0.0000	0.0000	0.0000	0.0000	0.0000	0.0000	0.0000	0.0000											
27	76	0.1399	7	1	1	1	0	0	0	0	0	N	N	N	N	N	N	N	N	N	N	N	N	0.0000	0.0000	0.0000	0.0000	0.0000	0.0000	0.0000	0.0000	0.0000	0.0000	0.0000	0.0000	0.0000	0.0000	0.0000	0.0000	0.0000	0.0000	0.0000	0.0000	1.0000	0.0000	3.9850	1.0076	0.0000	0.0000	0.0000	0.0000	0.0000	0.0000	0.0000	0.0000	0.0000	0.0000	0.0000	0.0000	0.0000	0.0000	0.0000	0.0000	0.0000	0.0000	0.0000	0.0000	0.0000	0.0000	0.0000	0.0000	0.0000	0.0000	0.0000	0.0107	0.0063	0.0044	0.0005	0.0005	0.0001	0.0102	0.0059	0.0043	0.0000	0.0000	0.0000	0.0000	0.0000	0.0000	0.0000	0.0000	0.0000	0.0000	0.0000	0.0000	0.0000	0.0000	0.0000	0.0000	0.0000	0.0000											
27	77	0.1358	6	1	1	0	0	0	0	0	0	N	N	N	N	N	N	N	N	N	N	N	N	1968.0631	0.0000	inf	12.1281	0.0000	inf	inf	inf	1.8614	0.0000	18.6215	0.2458	0.0000	70.0890	2.7728	0.0000	17.9620	0.0009	0.0016	0.0000	0.0203	0.0225	0.0000	0.0000	0.0000	0.0000	inf	0.0000	0.0001	-0.0000	1.0000	0.0026	3.9850	0.9924	0.0002	0.0000	0.0002	0.0000	0.0000	0.0000	0.0002	0.0000	0.0002	0.0000	0.0000	0.0000	0.0000	0.0000	0.0000	0.0000	0.0000	0.0000	0.0001	0.0001	0.0000	0.0000	0.0000	0.0000	0.0001	0.0001	0.0000	0.0106	0.0062	0.0043	0.0005	0.0004	0.0000	0.0101	0.0058	0.0043	1968.0631	0.0000	inf	12.1281	0.0000	inf	inf	0.0000	inf	0.0009	0.0016	0.0000	0.0203	0.0225	0.0000	0.0000	0.0000	0.0000	
27	78	0.1194	5	1	1	0	0	0	0	0	0	N	N	N	N	N	N	N	N	N	N	N	N	271.5690	0.0021	364881.5623	0.0058	0.0000	74712.4950	132233.1626	inf	363304.5482	23.8783	0.0003	161.2002	0.0346	0.0002	1.7814	25.1008	0.0003	162.2186	0.0879	0.1385	0.0004	5.9816	6.0512	0.0000	0.0002	0.0000	0.0004	95639.2977	0.0018	0.5370	-0.0029	1.0000	2.8733	3.9850	1.5522	0.9977	0.0000	0.9977	0.0001	0.0000	0.0001	0.9976	0.0000	0.9976	0.0054	0.0054	0.0000	0.0054	0.0054	0.0000	0.0000	0.0000	0.0000	0.0418	0.0356	0.0062	0.0020	0.0020	0.0000	0.0397	0.0336	0.0061	0.0615	0.0390	0.0225	0.0091	0.0089	0.0003	0.0524	0.0301	0.0223	271.5690	0.0021	364881.5623	0.0583	0.0004	74712.4950	132233.1626	inf	363304.5482	0.0879	0.1385	0.0004	0.5930	0.6099	0.0000	0.0002	0.0000	0.0004
27	79	0.1073	4	1	1	0	0	0	0	0	0	N	N	N	N	N	N	N	N	N	N	N	N	3.5717	0.2330	12.4131	0.0275	0.0325	0.0000	5.6768	0.9772	11.0898	0.4564	0.0218	3.2407	0.0206	0.0207	0.0000	0.5673	0.0221	3.2540	0.1278	0.0934	0.2611	0.7502	0.6346	0.0035	0.0999	0.0226	0.2934	23.2329	0.9588	0.0011	-0.0005	1.0000	0.2102	3.9850	3.4985	0.0022	0.0001	0.0021	0.0000	0.0000	0.0000	0.0022	0.0001	0.0021	0.0095	0.0049	0.0047	0.0041	0.0041	0.0000	0.0054	0.0007	0.0047	0.0048	0.0041	0.0006	0.0010	0.0010	0.0000	0.0038	0.0032	0.0006	0.0744	0.0520	0.0225	0.0206	0.0199	0.0007	0.0538	0.0321	0.0217	3.5717	0.2330	15.6368	0.1027	0.0994	0.0000	5.6768	0.9772	15.2018	0.1278	0.0934	0.2072	0.2005	0.2077	0.0035	0.0999	0.0226	0.2141
27	80	0.0509	4	1	2	0	0	0	0	0	0	N	Y	N	N	N	N	N	N	N	N	N	N	0.0000	0.0000	0.0000	0.0000	0.0000	0.0000	0.0000	0.0000	0.0000	0.0000	0.0000	0.0000	0.0000	0.0510	0.0887	0.0000	11.1785	12.4946	0.0000	0.0000	0.0000	0.0000	0.0000	0.0000	-0.0024	1.0000	2.0196	3.9850	6.0690	0.0000	0.0000	0.0000	0.0000	0.0000	0.0000	0.0000	0.0000	0.0000	0.0045	0.0045	0.0000	0.0045	0.0045	0.0000	0.0000	0.0000	0.0000	0.0276	0.0235	0.0042	0.0007	0.0007	0.0000	0.0269	0.0228	0.0041	0.0877	0.0504	0.0373	0.0043	0.0042	0.0001	0.0833	0.0462	0.0371	0.0000	0.0000	0.0000	0.0000	0.0000	0.0000	0.0000	0.0000	0.0000	0.0510	0.0887	0.0000	1.0299	1.0593	0.0000	0.0000	0.0000	0.0000						
27	81	0.0427	3	1	1	0	0	0	0	0	0	N	N	N	N	N	N	N	N	N	N	N	N	0.0000	0.0000	0.0000	0.0000	0.0000	0.0000	0.0000	0.0000	0.0000	0.0000	0.0000	0.0000	0.0000	0.0000	0.0000	0.0000	0.0000	0.0000	0.2488	0.0493	0.5657	0.1840	0.1769	0.0072	0.2096	0.0459	0.5805	6.4478	0.0000	0.0015	1.0000	0.9876	3.9850	0.9833	0.0000	0.0000	0.0000	0.0000	0.0000	0.0000	0.0000	0.0000	0.0000	0.0045	0.0006	0.0039	0.0001	0.0001	0.0000	0.0045	0.0005	0.0039	0.0134	0.0114	0.0021	0.0001	0.0001	0.0000	0.0133	0.0112	0.0020	0.0219	0.0124	0.0096	0.0006	0.0006	0.0000	0.0213	0.0117	0.0096	0.0000	0.0000	0.0000	0.0000	0.0000	0.0000	0.0000	0.0000	0.0000	0.2068	0.0493	0.4100	0.1124	0.1133	0.0072	0.2096	0.0459	0.4103	
27	82	0.1478	5	2	1	1	0	0	0	0	0	Y	N	N	N	N	N	N	N	N	N	N	N	0.0000	0.0000	0.0000	0.0000	0.0000	0.0000	0.0000	0.0000	0.0000	0.0000	0.0000	0.0000	0.0000	0.0000	0.0000	0.0000	0.0000	0.0000	0.0000	0.0000	1.0000	1.0000	3.9850	2.9874	0.0000	0.0000	0.0000	0.0000	0.0000	0.0000	0.0000	0.0000	0.0000	0.0000	0.0000	0.0000	0.0000	0.0000	0.0000	0.0000	0.0000	0.0000	0.0136	0.0116	0.0021	0.0001	0.0001	0.0000	0.0136	0.0115	0.0021	0.0418	0.0248	0.0170	0.0066	0.0053	0.0012	0.0353	0.0195	0.0157	0.0000	0.0000	0.0000	0.0000	0.0000	0.0000	0.0000	0.0000	0.0000	0.0000	0.0000	0.0000	0.0000	0.0000	0.0000	0.0000	0.0000	0.0000											
27	83	0.1195	4	2	1	1	0	0	0	0	0	Y	N	N	N	N	N	N	N	N	N	N	N	0.0000	0.0000	0.0000	0.0000	0.0000	0.0000	0.0000	0.0000	0.0000	0.0000	0.0000	0.0000	0.0000	0.0000	0.0000	0.0000	0.0000	0.0000	0.0000	0.0000	1.0000	0.9997	3.9850	6.0128	0.0000	0.0000	0.0000	0.0000	0.0000	0.0000	0.0000	0.0000	0.0000	0.0000	0.0000	0.0000	0.0000	0.0000	0.0000	0.0000	0.0000	0.0000	0.0135	0.0115	0.0020	0.0007	0.0006	0.0000	0.0129	0.0109	0.0020	0.0684	0.0410	0.0274	0.0069	0.0054	0.0015	0.0615	0.0356	0.0259	0.0000	0.0000	0.0000	0.0000	0.0000	0.0000	0.0000	0.0000	0.0000	0.0000	0.0000	0.0000	0.0000	0.0000	0.0000	0.0000	0.0000	0.0000											
27	84	0.0777	3	1	2	0	1	0	0	0	0	N	Y	N	N	N	N	N	N	N	N	N	N	0.0000	0.0000	0.0000	0.0000	0.0000	0.0000	0.0000	0.0000	0.0000	0.0000	0.0000	0.0000	0.0000	5.4820	0.0000	24.3344	0.0000	0.0000	0.0000	5.8652	0.0000	24.3471	inf	0.0000	0.4601	1.0000	8.0013	3.9850	12.0015	0.0000	0.0000	0.0000	0.0000	0.0000	0.0000	0.0000	0.0000	0.0000	1.0000	0.0000	1.0000	0.0000	0.0000	0.0000	1.0000	0.0000	1.0000	0.1026	0.0874	0.0153	0.0010	0.0010	0.0001	0.1016	0.0864	0.0152	0.1836	0.1048	0.0788	0.0131	0.0102	0.0030	0.1705	0.0946	0.0759	0.0000	0.0000	0.0000	0.0000	0.0000	0.0000	0.0000	0.0000	0.0000	5.4457	0.0000	12.6872	0.0000	0.0000	0.0000	5.8652	0.0000	13.1836						
27	87	0.1195	4	1	2	0	0	0	0	0	0	N	Y	N	N	N	N	N	N	N	N	N	N	0.0000	0.0000	0.0000	0.0000	0.0000	0.0000	0.0000	0.0000	0.0000	0.0000	0.0000	0.0000	0.0000	9.6042	16.0117	0.0000	0.0000	0.0000	0.0000	10.6878	18.4443	0.0000	0.0000	0.0000	-0.5399	1.0000	4.0000	3.9850	7.0000	0.0000	0.0000	0.0000	0.0000	0.0000	0.0000	0.0000	0.0000	0.0000	1.0000	1.0000	0.0000	0.0000	0.0000	0.0000	1.0000	1.0000	0.0000	0.0526	0.0448	0.0078	0.0026	0.0024	0.0001	0.0501	0.0424	0.0076	0.1041	0.0625	0.0417	0.0106	0.0082	0.0023	0.0936	0.0542	0.0393	0.0000	0.0000	0.0000	0.0000	0.0000	0.0000	0.0000	0.0000	0.0000	9.6042	16.0117	0.0000	0.0000	0.0000	0.0000	10.6878	18.4443	0.0000						
27	88	0.0777	3	1	1	0	0	0	0	0	0	N	N	N	N	N	N	N	N	N	N	N	N	0.0000	0.0000	0.0000	0.0000	0.0000	0.0000	0.0000	0.0000	0.0000	0.0000	0.0000	0.0000	0.0000	0.0000	0.0000	0.0000	0.0000	0.0000	0.0000	0.0000	1.0000	2.9985	3.9850	7.0016	0.0000	0.0000	0.0000	0.0000	0.0000	0.0000	0.0000	0.0000	0.0000	0.0000	0.0000	0.0000	0.0000	0.0000	0.0000	0.0000	0.0000	0.0000	0.0404	0.0342	0.0061	0.0004	0.0004	0.0000	0.0399	0.0338	0.0061	0.0992	0.0564	0.0428	0.0070	0.0055	0.0016	0.0922	0.0510	0.0412	0.0000	0.0000	0.0000	0.0000	0.0000	0.0000	0.0000	0.0000	0.0000	0.0000	0.0000	0.0000	0.0000	0.0000	0.0000	0.0000	0.0000	0.0000											
27	89	0.0512	4	1	2	0	0	0	0	0	0	N	Y	N	N	N	N	N	N	N	N	N	N	0.0000	0.0000	0.0000	0.0000	0.0000	0.0000	0.0000	0.0000	0.0000	0.0000	0.0000	0.0000	0.0000	0.0000	0.0000	10.6608	18.2113	0.0000	0.0997	0.1454	0.0000	10.9639	19.9679	0.0000	0.0000	0.0000	-0.5385	1.0000	0.0157	3.9850	9.0253	0.0000	0.0000	0.0000	0.0000	0.0000	0.0000	0.0000	0.0000	0.0000	0.9974	0.9974	0.0000	0.0005	0.0005	0.0000	0.9969	0.9969	0.0000	0.0008	0.0007	0.0001	0.0003	0.0003	0.0000	0.0005	0.0004	0.0001	0.0966	0.0548	0.0419	0.0057	0.0048	0.0008	0.0909	0.0499	0.0410	0.0000	0.0000	0.0000	0.0000	0.0000	0.0000	0.0000	0.0000	0.0000	10.3230	18.2113	0.0000	0.0860	0.1011	0.0000	10.9639	19.9679	0.0000				
27	90	0.0427	3	1	2	0	0	0	0	0	0	N	Y	N	N	N	N	N	N	N	N	N	N	0.0000	0.0000	0.0000	0.0000	0.0000	0.0000	0.0000	0.0000	0.0000	0.0000	0.0000	0.0000	0.0000	0.0000	0.0000	0.0000	0.0000	0.0000	0.1517	0.3839	0.0240	0.1813	0.1724	0.0012	0.1439	0.2421	0.0235	0.0772	0.0000	-0.0015	1.0000	0.0169	3.9850	2.0013	0.0000	0.0000	0.0000	0.0000	0.0000	0.0000	0.0000	0.0000	0.0000	0.0032	0.0030	0.0002	0.0001	0.0001	0.0000	0.0031	0.0029	0.0002	0.0003	0.0002	0.0000	0.0000	0.0000	0.0000	0.0002	0.0002	0.0000	0.0225	0.0126	0.0098	0.0006	0.0006	0.0000	0.0218	0.0120	0.0098	0.0000	0.0000	0.0000	0.0000	0.0000	0.0000	0.0000	0.0000	0.0000	0.1430	0.2357	0.0235	0.1112	0.1122	0.0012	0.1439	0.2421	0.0235	
27	91	0.0339	2	1	1	0	0	0	0	0	0	N	N	N	N	N	N	N	N	N	N	N	N	0.0000	0.0000	0.0000	0.0000	0.0000	0.0000	0.0000	0.0000	0.0000	0.0000	0.0000	0.0000	0.0000	0.0000	0.0000	0.0000	0.0000	0.0271	0.0465	0.0029	6.4165	6.6633	0.0000	0.0031	0.0033	0.0029	0.0506	0.0000	-0.0003	1.0000	1.9923	3.9850	0.0454	0.0000	0.0000	0.0000	0.0000	0.0000	0.0000	0.0000	0.0000	0.0000	0.0006	0.0006	0.0000	0.0006	0.0006	0.0000	0.0001	0.0000	0.0000	0.0270	0.0229	0.0041	0.0001	0.0001	0.0000	0.0269	0.0228	0.0041	0.0233	0.0129	0.0104	0.0009	0.0008	0.0000	0.0225	0.0121	0.0104	0.0000	0.0000	0.0000	0.0000	0.0000	0.0000	0.0000	0.0000	0.0000	0.0271	0.0465	0.0029	0.6587	0.6635	0.0000	0.0031	0.0033	0.0029		
27	93	0.1744	8	2	2	0	1	0	0	0	0	Y	Y	N	N	N	N	N	N	N	N	N	N	0.0000	0.0000	0.0000	0.0000	0.0000	0.0000	0.0000	0.0000	0.0000	0.0000	0.0000	0.0000	0.0000	0.0000	0.0000	0.0000	0.0000	0.0000	0.0000	0.0000	1.0000	0.0000	3.9850	0.0000	0.0000	0.0000	0.0000	0.0000	0.0000	0.0000	0.0000	0.0000	0.0000	0.0000	0.0000	0.0000	0.0000	0.0000	0.0000	0.0000	0.0000	0.0000	0.0000	0.0000	0.0000	0.0000	0.0000	0.0000	0.0000	0.0000	0.0000	0.0000	0.0000	0.0000	0.0000	0.0000	0.0000	0.0000	0.0000	0.0000	0.0000	0.0000	0.0000	0.0000	0.0000	0.0000	0.0000	0.0000	0.0000	0.0000	0.0000	0.0000	0.0000	0.0000	0.0000	0.0000	0.0000	0.0000											
27	94	0.1744	7	2	2	0	1	0	0	0	0	Y	Y	N	N	N	N	N	N	N	N	N	N	0.0000	0.0000	0.0000	0.0000	0.0000	0.0000	0.0000	0.0000	0.0000	0.0000	0.0000	0.0000	0.0000	8.7245	10.6429	0.0000	342.7593	354.3356	0.0000	0.0000	0.0000	0.0000	0.0000	0.0000	-0.0001	1.0000	0.0000	3.9850	0.0001	0.0000	0.0000	0.0000	0.0000	0.0000	0.0000	0.0000	0.0000	0.0000	0.0001	0.0001	0.0000	0.0001	0.0001	0.0000	0.0000	0.0000	0.0000	0.0000	0.0000	0.0000	0.0000	0.0000	0.0000	0.0000	0.0000	0.0000	0.0000	0.0000	0.0000	0.0000	0.0000	0.0000	0.0000	0.0000	0.0000	0.0000	0.0000	0.0000	0.0000	0.0000	0.0000	0.0000	0.0000	0.0000	8.3153	10.1994	0.0000	17.3631	17.5508	0.0000	0.0000	0.0000	0.0000						
27	95	0.1564	6	1	2	0	1	0	0	0	0	N	Y	N	N	N	N	N	N	N	N	N	N	0.0000	0.0000	0.0000	0.0000	0.0000	0.0000	0.0000	0.0000	0.0000	0.0000	0.0000	0.0000	0.0000	0.0023	0.0038	0.0000	0.0168	0.0196	0.0000	0.0000	0.0000	0.0000	0.0000	0.0000	-0.0000	1.0000	0.9845	3.9850	0.9903	0.0000	0.0000	0.0000	0.0000	0.0000	0.0000	0.0000	0.0000	0.0000	0.0001	0.0001	0.0000	0.0001	0.0001	0.0000	0.0000	0.0000	0.0000	0.0141	0.0120	0.0021	0.0010	0.0010	0.0000	0.0131	0.0111	0.0020	0.0220	0.0130	0.0089	0.0030	0.0025	0.0004	0.0190	0.0105	0.0085	0.0000	0.0000	0.0000	0.0000	0.0000	0.0000	0.0000	0.0000	0.0000	0.0023	0.0038	0.0000	0.0168	0.0196	0.0000	0.0000	0.0000	0.0000						
27	96	0.1536	6	1	2	0	0	0	0	0	0	N	Y	N	N	N	N	N	N	N	N	N	N	0.0000	0.0000	0.0000	0.0000	0.0000	0.0000	0.0000	0.0000	0.0000	0.0000	0.0000	0.0000	0.0000	0.0000	0.0000	0.0000	0.0000	12.8322	0.0004	73.0385	0.0144	0.0010	0.1000	18.4414	0.0000	82.8852	50106.5484	0.0000	0.4565	1.0000	1.0063	3.9850	3.7812	0.0000	0.0000	0.0000	0.0000	0.0000	0.0000	0.0000	0.0000	0.0000	0.9923	0.0000	0.9923	0.0003	0.0000	0.0003	0.9919	0.0000	0.9919	0.0140	0.0119	0.0021	0.0004	0.0004	0.0000	0.0136	0.0115	0.0021	0.0773	0.0494	0.0279	0.0235	0.0203	0.0032	0.0538	0.0291	0.0247	0.0000	0.0000	0.0000	0.0000	0.0000	0.0000	0.0000	0.0000	0.0000	12.8322	0.0004	35.5293	0.0144	0.0010	0.1000	18.4414	0.0000	40.1125		
27	97	0.1564	6	1	1	1	1	0	0	0	0	N	N	N	N	N	N	N	N	N	N	N	N	0.0000	0.0000	0.0000	0.0000	0.0000	0.0000	0.0000	0.0000	0.0000	0.0000	0.0000	0.0000	0.0000	0.0000	0.0000	0.0000	0.0000	0.0000	0.0000	0.0000	1.0000	1.0165	3.9850	1.0129	0.0000	0.0000	0.0000	0.0000	0.0000	0.0000	0.0000	0.0000	0.0000	0.0000	0.0000	0.0000	0.0000	0.0000	0.0000	0.0000	0.0000	0.0000	0.0145	0.0124	0.0022	0.0010	0.0010	0.0000	0.0135	0.0114	0.0021	0.0225	0.0134	0.0091	0.0030	0.0026	0.0005	0.0195	0.0108	0.0087	0.0000	0.0000	0.0000	0.0000	0.0000	0.0000	0.0000	0.0000	0.0000	0.0000	0.0000	0.0000	0.0000	0.0000	0.0000	0.0000	0.0000	0.0000											
27	98	0.1435	5	1	1	0	1	0	0	0	0	N	N	N	N	N	N	N	N	N	N	N	N	0.0000	0.0000	0.0000	0.0000	0.0000	0.0000	0.0000	0.0000	0.0000	0.0000	0.0000	0.0000	0.0000	0.0000	0.0000	0.0016	0.0021	0.0007	0.0000	0.0000	0.0000	0.0018	0.0026	0.0008	0.2500	0.0000	-0.0000	1.0000	2.0241	3.9850	1.0265	0.0000	0.0000	0.0000	0.0000	0.0000	0.0000	0.0000	0.0000	0.0000	0.0001	0.0000	0.0000	0.0000	0.0000	0.0000	0.0001	0.0000	0.0000	0.0280	0.0238	0.0042	0.0010	0.0009	0.0001	0.0270	0.0228	0.0041	0.0322	0.0188	0.0134	0.0047	0.0037	0.0010	0.0275	0.0151	0.0124	0.0000	0.0000	0.0000	0.0000	0.0000	0.0000	0.0000	0.0000	0.0000	0.0016	0.0021	0.0007	0.0000	0.0000	0.0000	0.0018	0.0026	0.0008				
27	99	0.1435	5	1	1	1	1	0	0	0	0	N	N	N	N	N	N	N	N	N	N	N	N	0.0000	0.0000	0.0000	0.0000	0.0000	0.0000	0.0000	0.0000	0.0000	0.0000	0.0000	0.0000	0.0000	0.0000	0.0000	0.0000	0.0000	0.0000	0.0000	0.0000	1.0000	3.0066	3.9850	0.0000	0.0000	0.0000	0.0000	0.0000	0.0000	0.0000	0.0000	0.0000	0.0000	0.0000	0.0000	0.0000	0.0000	0.0000	0.0000	0.0000	0.0000	0.0000	0.0410	0.0348	0.0061	0.0014	0.0013	0.0001	0.0396	0.0336	0.0061	0.0318	0.0186	0.0132	0.0046	0.0037	0.0010	0.0272	0.0149	0.0123	0.0000	0.0000	0.0000	0.0000	0.0000	0.0000	0.0000	0.0000	0.0000	0.0000	0.0000	0.0000	0.0000	0.0000	0.0000	0.0000	0.0000	0.0000											
27	100	0.1692	5	1	1	1	1	0	0	0	0	N	N	N	N	N	N	N	N	N	N	N	N	0.0000	0.0000	0.0000	0.0000	0.0000	0.0000	0.0000	0.0000	0.0000	0.0000	0.0000	0.0000	0.0000	0.0000	0.0000	0.0000	0.0000	0.0000	0.0000	0.0000	1.0000	0.0000	3.9850	2.0000	0.0000	0.0000	0.0000	0.0000	0.0000	0.0000	0.0000	0.0000	0.0000	0.0000	0.0000	0.0000	0.0000	0.0000	0.0000	0.0000	0.0000	0.0000	0.0000	0.0000	0.0000	0.0000	0.0000	0.0000	0.0000	0.0000	0.0000	0.0206	0.0119	0.0087	0.0031	0.0025	0.0007	0.0175	0.0094	0.0081	0.0000	0.0000	0.0000	0.0000	0.0000	0.0000	0.0000	0.0000	0.0000	0.0000	0.0000	0.0000	0.0000	0.0000	0.0000	0.0000	0.0000	0.0000											
27	101	0.1302	4	1	1	1	1	0	0	0	0	N	N	N	N	N	N	N	N	N	N	N	N	0.0000	0.0000	0.0000	0.0000	0.0000	0.0000	0.0000	0.0000	0.0000	0.0000	0.0000	0.0000	0.0000	0.0024	0.0042	0.0000	0.0155	0.0188	0.0000	0.0000	0.0000	0.0000	0.0000	0.0000	-0.0001	1.0000	5.8899	3.9850	3.1847	0.0000	0.0000	0.0000	0.0000	0.0000	0.0000	0.0000	0.0000	0.0000	0.0002	0.0002	0.0000	0.0002	0.0002	0.0000	0.0000	0.0000	0.0000	0.0805	0.0686	0.0120	0.0043	0.0039	0.0004	0.0763	0.0647	0.0116	0.0974	0.0572	0.0402	0.0154	0.0127	0.0027	0.0820	0.0445	0.0376	0.0000	0.0000	0.0000	0.0000	0.0000	0.0000	0.0000	0.0000	0.0000	0.0024	0.0042	0.0000	0.0155	0.0188	0.0000	0.0000	0.0000	0.0000						
27	102	0.1770	4	2	2	0	0	0	0	0	0	Y	Y	N	N	N	N	N	N	N	N	N	N	0.0000	0.0000	0.0000	0.0000	0.0000	0.0000	0.0000	0.0000	0.0000	0.0000	0.0000	0.0000	0.0000	0.0000	0.0000	0.0000	0.0000	0.0000	0.0000	0.0000	1.0000	0.0000	3.9850	0.0000	0.0000	0.0000	0.0000	0.0000	0.0000	0.0000	0.0000	0.0000	0.0000	0.0000	0.0000	0.0000	0.0000	0.0000	0.0000	0.0000	0.0000	0.0000	0.0000	0.0000	0.0000	0.0000	0.0000	0.0000	0.0000	0.0000	0.0000	0.0000	0.0000	0.0000	0.0000	0.0000	0.0000	0.0000	0.0000	0.0000	0.0000	0.0000	0.0000	0.0000	0.0000	0.0000	0.0000	0.0000	0.0000	0.0000	0.0000	0.0000	0.0000	0.0000	0.0000	0.0000	0.0000	0.0000											
27	103	0.0777	3	2	2	0	0	0	0	0	0	Y	Y	N	N	N	N	N	N	N	N	N	N	1.9384	2.8858	1.8178	2.9808	9.7429	0.0000	65.4707	0.0000	0.0000	0.0000	9.8421	0.0000	65.8153	5.0263	0.0000	22.6873	0.0000	0.0000	0.0000	5.4144	0.0000	22.0799	inf	inf	0.5383	0.4601	1.0000	8.0012	3.9850	14.0016	1.0000	0.0000	1.0000	0.0000	0.0000	0.0000	1.0000	0.0000	1.0000	1.0000	0.0000	1.0000	0.0000	0.0000	0.0000	1.0000	0.0000	1.0000	0.1026	0.0874	0.0153	0.0010	0.0010	0.0001	0.1016	0.0864	0.0152	0.1990	0.1136	0.0853	0.0143	0.0110	0.0032	0.1847	0.1026	0.0821	1.9384	0.0000	5.5859	0.0000	0.0000	0.0000	1.8178	0.0000	5.4023	5.0263	0.0000	11.7208	0.0000	0.0000	0.0000	5.4144	0.0000	12.1828					
27	104	0.1406	4	1	2	0	0	0	0	0	0	N	Y	N	N	N	N	N	N	N	N	N	N	0.0000	0.0000	0.0000	0.0000	0.0000	0.0000	0.0000	0.0000	0.0000	0.0000	0.0000	0.0000	0.0000	0.0021	0.0035	0.0000	0.0100	0.0129	0.0000	0.0000	0.0000	0.0000	0.0000	0.0000	-0.0000	1.0000	2.0010	3.9850	1.0153	0.0000	0.0000	0.0000	0.0000	0.0000	0.0000	0.0000	0.0000	0.0000	0.0001	0.0001	0.0000	0.0001	0.0001	0.0000	0.0000	0.0000	0.0000	0.0270	0.0229	0.0041	0.0003	0.0002	0.0000	0.0267	0.0227	0.0041	0.0338	0.0199	0.0140	0.0070	0.0054	0.0016	0.0269	0.0145	0.0124	0.0000	0.0000	0.0000	0.0000	0.0000	0.0000	0.0000	0.0000	0.0000	0.0021	0.0035	0.0000	0.0100	0.0129	0.0000	0.0000	0.0000	0.0000						
27	105	0.0777	3	1	2	0	0	0	0	0	0	N	Y	N	N	N	N	N	N	N	N	N	N	0.0000	0.0000	0.0000	0.0000	0.0000	0.0000	0.0000	0.0000	0.0000	0.0000	0.0000	0.0000	0.0000	0.0000	0.0000	0.0005	0.0008	0.0002	0.0000	0.0000	0.0000	0.0006	0.0009	0.0002	0.1678	0.0000	-0.0000	1.0000	3.0162	3.9850	11.0438	0.0000	0.0000	0.0000	0.0000	0.0000	0.0000	0.0000	0.0000	0.0000	0.0001	0.0001	0.0000	0.0000	0.0000	0.0000	0.0001	0.0001	0.0000	0.0406	0.0344	0.0062	0.0004	0.0004	0.0000	0.0402	0.0340	0.0061	0.1351	0.0770	0.0582	0.0096	0.0075	0.0021	0.1255	0.0695	0.0560	0.0000	0.0000	0.0000	0.0000	0.0000	0.0000	0.0000	0.0000	0.0000	0.0005	0.0008	0.0002	0.0000	0.0000	0.0000	0.0006	0.0009	0.0002				
27	106	0.1785	8	2	2	0	0	0	0	0	0	Y	Y	N	N	N	N	N	N	N	N	N	N	0.0000	0.0000	0.0000	0.0000	0.0000	0.0000	0.0000	0.0000	0.0000	0.0000	0.0000	0.0000	0.0000	0.0000	0.0000	0.0000	0.0000	0.0000	0.0000	0.0000	1.0000	1.0000	3.9850	1.0000	0.0000	0.0000	0.0000	0.0000	0.0000	0.0000	0.0000	0.0000	0.0000	0.0000	0.0000	0.0000	0.0000	0.0000	0.0000	0.0000	0.0000	0.0000	0.0138	0.0117	0.0021	0.0004	0.0003	0.0000	0.0134	0.0114	0.0021	0.0219	0.0136	0.0084	0.0073	0.0058	0.0015	0.0147	0.0078	0.0069	0.0000	0.0000	0.0000	0.0000	0.0000	0.0000	0.0000	0.0000	0.0000	0.0000	0.0000	0.0000	0.0000	0.0000	0.0000	0.0000	0.0000	0.0000											
27	107	0.1744	7	2	2	0	0	0	0	0	0	Y	Y	N	N	N	N	N	N	N	N	N	N	0.0000	0.0000	0.0000	0.0000	0.0000	0.0000	0.0000	0.0000	0.0000	0.0000	0.0000	0.0000	0.0000	90.9346	0.0000	283.6846	0.0000	0.0000	0.0000	124.7305	0.0000	284.5365	inf	0.0000	0.4600	1.0000	0.0000	3.9850	0.9999	0.0000	0.0000	0.0000	0.0000	0.0000	0.0000	0.0000	0.0000	0.0000	0.9999	0.0000	0.9999	0.0000	0.0000	0.0000	0.9999	0.0000	0.9999	0.0000	0.0000	0.0000	0.0000	0.0000	0.0000	0.0000	0.0000	0.0000	0.0110	0.0067	0.0043	0.0030	0.0024	0.0006	0.0080	0.0043	0.0037	0.0000	0.0000	0.0000	0.0000	0.0000	0.0000	0.0000	0.0000	0.0000	90.9346	0.0000	230.3377	0.0000	0.0000	0.0000	124.7305	0.0000	268.0017						
27	108	0.1536	6	2	2	0	0	0	0	0	0	Y	Y	N	N	N	N	N	N	N	N	N	N	0.0000	0.0000	0.0000	0.0000	0.0000	0.0000	0.0000	0.0000	0.0000	0.0000	0.0000	0.0000	0.0000	0.0000	0.0000	0.0000	0.0000	0.1043	0.1948	0.0042	2.2377	2.8051	0.0000	0.0022	0.0000	0.0047	0.0148	0.0000	-0.0043	1.0000	0.0100	3.9850	4.8896	0.0000	0.0000	0.0000	0.0000	0.0000	0.0000	0.0000	0.0000	0.0000	0.0082	0.0081	0.0001	0.0081	0.0081	0.0000	0.0001	0.0000	0.0001	0.0003	0.0002	0.0000	0.0001	0.0001	0.0000	0.0002	0.0002	0.0000	0.0784	0.0500	0.0284	0.0237	0.0205	0.0032	0.0547	0.0296	0.0251	0.0000	0.0000	0.0000	0.0000	0.0000	0.0000	0.0000	0.0000	0.0000	0.1043	0.1611	0.0042	0.3402	0.3939	0.0000	0.0022	0.0000	0.0047		
27	109	0.1435	5	1	2	0	0	0	0	0	0	N	Y	N	N	N	N	N	N	N	N	N	N	0.0000	0.0000	0.0000	0.0000	0.0000	0.0000	0.0000	0.0000	0.0000	0.0000	0.0000	0.0000	0.0000	0.0000	0.0000	0.4990	0.0228	1.0282	0.0000	0.0000	0.0000	0.3698	0.0284	1.1505	22.7190	0.0000	0.0034	1.0000	1.0007	3.9850	1.4004	0.0000	0.0000	0.0000	0.0000	0.0000	0.0000	0.0000	0.0000	0.0000	0.0081	0.0003	0.0077	0.0000	0.0000	0.0000	0.0081	0.0003	0.0077	0.0141	0.0120	0.0021	0.0006	0.0006	0.0000	0.0136	0.0115	0.0021	0.0255	0.0149	0.0106	0.0037	0.0030	0.0008	0.0218	0.0119	0.0099	0.0000	0.0000	0.0000	0.0000	0.0000	0.0000	0.0000	0.0000	0.0000	0.3159	0.0228	0.7270	0.0000	0.0000	0.0000	0.3698	0.0284	0.7837				
27	110	0.1302	4	1	1	0	0	0	0	0	0	N	N	N	N	N	N	N	N	N	N	N	N	0.0000	0.0000	0.0000	0.0000	0.0000	0.0000	0.0000	0.0000	0.0000	0.0000	0.0000	0.0000	0.0000	0.0060	0.0100	0.0000	0.0310	0.0355	0.0000	0.0000	0.0000	0.0000	0.0000	0.0000	-0.0001	1.0000	0.3039	3.9850	2.8719	0.0000	0.0000	0.0000	0.0000	0.0000	0.0000	0.0000	0.0000	0.0000	0.0002	0.0002	0.0000	0.0002	0.0002	0.0000	0.0000	0.0000	0.0000	0.0075	0.0064	0.0011	0.0023	0.0021	0.0002	0.0052	0.0043	0.0009	0.0399	0.0238	0.0161	0.0077	0.0067	0.0010	0.0322	0.0171	0.0151	0.0000	0.0000	0.0000	0.0000	0.0000	0.0000	0.0000	0.0000	0.0000	0.0060	0.0100	0.0000	0.0310	0.0355	0.0000	0.0000	0.0000	0.0000						
27	111	0.0777	3	1	1	0	0	0	0	0	0	N	N	N	N	N	N	N	N	N	N	N	N	0.0000	0.0000	0.0000	0.0000	0.0000	0.0000	0.0000	0.0000	0.0000	0.0000	0.0000	0.0000	0.0000	0.0000	0.0000	0.0020	0.0030	0.0008	0.0000	0.0000	0.0000	0.0022	0.0033	0.0008	0.2006	0.0000	-0.0001	1.0000	3.8240	3.9850	8.1760	0.0000	0.0000	0.0000	0.0000	0.0000	0.0000	0.0000	0.0000	0.0000	0.0002	0.0002	0.0000	0.0000	0.0000	0.0000	0.0002	0.0002	0.0000	0.0511	0.0433	0.0077	0.0005	0.0005	0.0000	0.0505	0.0428	0.0077	0.1172	0.0667	0.0505	0.0083	0.0065	0.0018	0.1089	0.0602	0.0487	0.0000	0.0000	0.0000	0.0000	0.0000	0.0000	0.0000	0.0000	0.0000	0.0020	0.0030	0.0008	0.0000	0.0000	0.0000	0.0022	0.0033	0.0008				
27	115	0.2703	6	1	1	0	0	0	0	0	0	N	N	N	N	N	N	N	N	N	N	N	N	0.0003	0.0002	0.0002	0.0002	0.0002	0.0002	0.0000	0.0011	0.0012	0.0000	0.0000	0.0000	0.0000	0.4543	0.8778	0.0000	6.1312	6.7588	0.0000	0.0000	0.0000	0.0000	0.0000	0.0000	-0.0000	-0.0583	1.0000	8.9918	3.9850	13.3277	0.0000	0.0000	0.0000	0.0000	0.0000	0.0000	0.0000	0.0000	0.0000	0.1079	0.1079	0.0000	0.1079	0.1079	0.0000	0.0000	0.0000	0.0000	0.1328	0.1150	0.0178	0.0176	0.0170	0.0005	0.1152	0.0980	0.0172	0.3804	0.2710	0.1093	0.1762	0.1510	0.0252	0.2041	0.1200	0.0841	0.0005	0.0004	0.0000	0.0019	0.0016	0.0000	0.0000	0.0000	0.0000	0.2838	0.3983	0.0000	0.6125	0.7147	0.0000	0.0000	0.0000	0.0000					
28	30	0.1711	6	0	2	1	1	0	0	0	0	N	Y	N	N	N	N	N	N	N	N	N	N	0.0000	0.0000	0.0000	0.0000	0.0000	0.0000	0.0000	0.0000	0.0000	0.0000	0.0000	0.0000	0.0000	0.0000	0.0000	0.0000	0.0000	0.0000	0.0000	0.0000	5.0000	0.0000	4.0000	3.0000	0.0000	0.0000	0.0000	0.0000	0.0000	0.0000	0.0000	0.0000	0.0000	0.0000	0.0000	0.0000	0.0000	0.0000	0.0000	0.0000	0.0000	0.0000	0.0000	0.0000	0.0000	0.0000	0.0000	0.0000	0.0000	0.0000	0.0000	0.0507	0.0311	0.0196	0.0134	0.0097	0.0037	0.0372	0.0214	0.0159	0.0000	0.0000	0.0000	0.0000	0.0000	0.0000	0.0000	0.0000	0.0000	0.0000	0.0000	0.0000	0.0000	0.0000	0.0000	0.0000	0.0000	0.0000											
28	31	0.1542	5	0	1	0	1	0	0	0	0	N	N	N	N	N	N	N	N	N	N	N	N	0.0000	0.0000	0.0000	0.0000	0.0000	0.0000	0.0000	0.0000	0.0000	0.0000	0.0000	0.0000	0.0000	0.0001	0.0002	0.0000	0.0005	0.0006	0.0000	0.0000	0.0000	0.0000	0.0000	0.0000	-0.0000	5.0000	0.9783	4.0000	3.0423	0.0000	0.0000	0.0000	0.0000	0.0000	0.0000	0.0000	0.0000	0.0000	0.0000	0.0000	0.0000	0.0000	0.0000	0.0000	0.0000	0.0000	0.0000	0.0674	0.0575	0.0099	0.0049	0.0048	0.0002	0.0624	0.0527	0.0097	0.0815	0.0519	0.0296	0.0209	0.0166	0.0043	0.0606	0.0353	0.0253	0.0000	0.0000	0.0000	0.0000	0.0000	0.0000	0.0000	0.0000	0.0000	0.0001	0.0002	0.0000	0.0005	0.0006	0.0000	0.0000	0.0000	0.0000						
28	32	0.0803	2	0	2	0	0	0	0	0	0	N	Y	N	N	N	N	N	N	N	N	N	N	inf	inf	inf	inf	inf	inf	4.6120	2.6940	16.0118	0.0000	0.0000	0.0000	4.8748	2.8646	16.3448	0.0000	0.0000	0.0000	0.0000	0.0000	0.0000	0.0000	0.0000	0.0000	1.0000	0.0765	0.0000	5.0000	6.9988	4.0000	9.0016	2.0000	1.0000	1.0000	0.0000	0.0000	0.0000	2.0000	1.0000	1.0000	0.0000	0.0000	0.0000	0.0000	0.0000	0.0000	0.0000	0.0000	0.0000	0.4337	0.3712	0.0625	0.0234	0.0221	0.0013	0.4103	0.3491	0.0612	0.2478	0.1443	0.1035	0.0074	0.0059	0.0016	0.2404	0.1384	0.1020	inf	inf	inf	0.0000	0.0000	0.0000	inf	inf	inf	0.0000	0.0000	0.0000	0.0000	0.0000	0.0000	0.0000	0.0000	0.0000				
28	33	0.1812	7	1	2	0	0	0	0	0	0	N	Y	N	N	N	N	N	N	N	N	N	N	0.0000	0.0000	0.0000	0.0000	0.0000	0.0000	0.0000	0.0000	0.0000	0.0000	0.0000	0.0000	0.0000	0.0000	0.0000	0.0000	0.0000	0.0000	0.0000	0.0000	5.0000	0.0000	4.0000	0.0000	0.0000	0.0000	0.0000	0.0000	0.0000	0.0000	0.0000	0.0000	0.0000	0.0000	0.0000	0.0000	0.0000	0.0000	0.0000	0.0000	0.0000	0.0000	0.0000	0.0000	0.0000	0.0000	0.0000	0.0000	0.0000	0.0000	0.0000	0.0000	0.0000	0.0000	0.0000	0.0000	0.0000	0.0000	0.0000	0.0000	0.0000	0.0000	0.0000	0.0000	0.0000	0.0000	0.0000	0.0000	0.0000	0.0000	0.0000	0.0000	0.0000	0.0000	0.0000	0.0000	0.0000	0.0000											
28	34	0.1368	4	0	2	0	1	0	0	0	0	N	Y	N	N	N	N	N	N	N	N	N	N	0.0000	0.0000	0.0000	0.0000	0.0000	0.0000	0.0000	0.0000	0.0000	0.0000	0.0000	0.0000	0.0000	0.0000	0.0000	0.0000	0.0000	0.0000	0.0000	0.0000	5.0000	5.0000	4.0000	6.9850	0.0000	0.0000	0.0000	0.0000	0.0000	0.0000	0.0000	0.0000	0.0000	0.0000	0.0000	0.0000	0.0000	0.0000	0.0000	0.0000	0.0000	0.0000	0.3138	0.2682	0.0456	0.0150	0.0142	0.0008	0.2988	0.2539	0.0448	0.1943	0.1160	0.0784	0.0186	0.0142	0.0044	0.1757	0.1018	0.0740	0.0000	0.0000	0.0000	0.0000	0.0000	0.0000	0.0000	0.0000	0.0000	0.0000	0.0000	0.0000	0.0000	0.0000	0.0000	0.0000	0.0000	0.0000											
28	35	0.0803	2	1	2	0	0	0	0	0	0	N	Y	N	N	N	N	N	N	N	N	N	N	0.0000	0.0000	0.0000	0.0000	0.0000	0.0000	0.0000	0.0000	0.0000	0.0000	0.0000	0.0000	0.0000	0.0000	0.0000	0.0000	0.0000	0.0000	0.0000	0.0000	5.0000	1.9985	4.0000	17.9985	0.0000	0.0000	0.0000	0.0000	0.0000	0.0000	0.0000	0.0000	0.0000	0.0000	0.0000	0.0000	0.0000	0.0000	0.0000	0.0000	0.0000	0.0000	0.1300	0.1110	0.0190	0.0072	0.0068	0.0004	0.1227	0.1041	0.0186	0.3010	0.1753	0.1257	0.0091	0.0072	0.0019	0.2919	0.1681	0.1238	0.0000	0.0000	0.0000	0.0000	0.0000	0.0000	0.0000	0.0000	0.0000	0.0000	0.0000	0.0000	0.0000	0.0000	0.0000	0.0000	0.0000	0.0000											
28	36	0.2035	5	0	1	1	0	0	0	0	0	N	N	N	N	N	N	N	N	N	N	N	N	0.0000	0.0000	0.0000	0.0000	0.0000	0.0000	0.0000	0.0000	0.0000	0.0000	0.0000	0.0000	0.0000	0.0000	0.0000	0.0000	0.0000	0.0000	0.0000	0.0000	5.0000	0.0001	4.0000	0.9943	0.0000	0.0000	0.0000	0.0000	0.0000	0.0000	0.0000	0.0000	0.0000	0.0000	0.0000	0.0000	0.0000	0.0000	0.0000	0.0000	0.0000	0.0000	0.0000	0.0000	0.0000	0.0000	0.0000	0.0000	0.0000	0.0000	0.0000	0.0211	0.0139	0.0072	0.0052	0.0044	0.0008	0.0159	0.0095	0.0064	0.0000	0.0000	0.0000	0.0000	0.0000	0.0000	0.0000	0.0000	0.0000	0.0000	0.0000	0.0000	0.0000	0.0000	0.0000	0.0000	0.0000	0.0000											
28	37	0.1798	5	0	2	0	0	0	0	0	0	N	Y	N	N	N	N	N	N	N	N	N	N	0.0000	0.0000	0.0000	0.0000	0.0000	0.0000	0.0000	0.0000	0.0000	0.0000	0.0000	0.0000	0.0000	0.0000	0.0000	0.0000	0.0000	0.0000	0.0000	0.0000	5.0000	2.0000	4.0000	2.0000	0.0000	0.0000	0.0000	0.0000	0.0000	0.0000	0.0000	0.0000	0.0000	0.0000	0.0000	0.0000	0.0000	0.0000	0.0000	0.0000	0.0000	0.0000	0.1296	0.1107	0.0189	0.0089	0.0084	0.0005	0.1208	0.1024	0.0184	0.0690	0.0424	0.0267	0.0139	0.0106	0.0033	0.0552	0.0318	0.0234	0.0000	0.0000	0.0000	0.0000	0.0000	0.0000	0.0000	0.0000	0.0000	0.0000	0.0000	0.0000	0.0000	0.0000	0.0000	0.0000	0.0000	0.0000											
28	38	0.0553	2	1	1	1	0	0	0	0	0	N	N	N	N	N	N	N	N	N	N	N	N	0.0000	0.0000	0.0000	0.0000	0.0000	0.0000	0.0000	0.0000	0.0000	0.0000	0.0000	0.0000	0.0000	0.0000	0.0000	0.0000	0.0000	0.0000	0.0000	0.0000	5.0000	2.0000	4.0000	5.0000	0.0000	0.0000	0.0000	0.0000	0.0000	0.0000	0.0000	0.0000	0.0000	0.0000	0.0000	0.0000	0.0000	0.0000	0.0000	0.0000	0.0000	0.0000	0.1282	0.1091	0.0192	0.0006	0.0005	0.0000	0.1277	0.1085	0.0191	0.1368	0.0706	0.0662	0.0019	0.0017	0.0002	0.1349	0.0689	0.0660	0.0000	0.0000	0.0000	0.0000	0.0000	0.0000	0.0000	0.0000	0.0000	0.0000	0.0000	0.0000	0.0000	0.0000	0.0000	0.0000	0.0000	0.0000											
28	39	0.1542	5	0	2	0	0	0	0	0	0	N	Y	N	N	N	N	N	N	N	N	N	N	0.0000	0.0000	0.0000	0.0000	0.0000	0.0000	0.0000	0.0000	0.0000	0.0000	0.0000	0.0000	0.0000	0.0001	0.0001	0.0000	0.0004	0.0005	0.0000	0.0000	0.0000	0.0000	0.0000	0.0000	-0.0000	5.0000	0.0217	4.0000	6.0735	0.0000	0.0000	0.0000	0.0000	0.0000	0.0000	0.0000	0.0000	0.0000	0.0000	0.0000	0.0000	0.0000	0.0000	0.0000	0.0000	0.0000	0.0000	0.0051	0.0044	0.0007	0.0019	0.0019	0.0000	0.0032	0.0025	0.0007	0.1152	0.0723	0.0430	0.0276	0.0215	0.0062	0.0876	0.0508	0.0368	0.0000	0.0000	0.0000	0.0000	0.0000	0.0000	0.0000	0.0000	0.0000	0.0001	0.0001	0.0000	0.0004	0.0005	0.0000	0.0000	0.0000	0.0000						
28	40	0.1368	4	0	1	0	0	0	0	0	0	N	N	N	N	N	N	N	N	N	N	N	N	0.0000	0.0000	0.0000	0.0000	0.0000	0.0000	0.0000	0.0000	0.0000	0.0000	0.0000	0.0000	0.0000	0.0001	0.0000	0.0004	0.0000	0.0000	0.0000	0.0002	0.0000	0.0004	inf	0.0000	0.0000	5.0000	0.0217	4.0000	4.0395	0.0000	0.0000	0.0000	0.0000	0.0000	0.0000	0.0000	0.0000	0.0000	0.0000	0.0000	0.0000	0.0000	0.0000	0.0000	0.0000	0.0000	0.0000	0.0014	0.0012	0.0002	0.0001	0.0001	0.0000	0.0014	0.0012	0.0002	0.0714	0.0429	0.0285	0.0074	0.0058	0.0016	0.0640	0.0371	0.0269	0.0000	0.0000	0.0000	0.0000	0.0000	0.0000	0.0000	0.0000	0.0000	0.0001	0.0000	0.0004	0.0000	0.0000	0.0000	0.0002	0.0000	0.0004						
28	41	0.1368	4	0	2	0	1	0	0	0	0	N	Y	N	N	N	N	N	N	N	N	N	N	0.0000	0.0000	0.0000	0.0000	0.0000	0.0000	0.0000	0.0000	0.0000	0.0000	0.0000	0.0000	0.0000	0.0000	0.0000	0.0000	0.0000	0.0000	0.0000	0.0000	5.0000	0.0000	4.0000	7.0150	0.0000	0.0000	0.0000	0.0000	0.0000	0.0000	0.0000	0.0000	0.0000	0.0000	0.0000	0.0000	0.0000	0.0000	0.0000	0.0000	0.0000	0.0000	0.0000	0.0000	0.0000	0.0000	0.0000	0.0000	0.0000	0.0000	0.0000	0.1189	0.0711	0.0478	0.0117	0.0090	0.0027	0.1072	0.0621	0.0451	0.0000	0.0000	0.0000	0.0000	0.0000	0.0000	0.0000	0.0000	0.0000	0.0000	0.0000	0.0000	0.0000	0.0000	0.0000	0.0000	0.0000	0.0000											
28	42	0.0553	2	1	1	1	0	0	0	0	0	N	N	N	N	N	N	N	N	N	N	N	N	0.0000	0.0000	0.0000	0.0000	0.0000	0.0000	0.0000	0.0000	0.0000	0.0000	0.0000	0.0000	0.0000	0.0000	0.0000	0.0000	0.0000	0.0000	0.0000	0.0000	5.0000	0.0000	4.0000	0.0000	0.0000	0.0000	0.0000	0.0000	0.0000	0.0000	0.0000	0.0000	0.0000	0.0000	0.0000	0.0000	0.0000	0.0000	0.0000	0.0000	0.0000	0.0000	0.0000	0.0000	0.0000	0.0000	0.0000	0.0000	0.0000	0.0000	0.0000	0.0000	0.0000	0.0000	0.0000	0.0000	0.0000	0.0000	0.0000	0.0000	0.0000	0.0000	0.0000	0.0000	0.0000	0.0000	0.0000	0.0000	0.0000	0.0000	0.0000	0.0000	0.0000	0.0000	0.0000	0.0000	0.0000	0.0000											
28	45	0.1798	5	0	1	1	0	0	0	0	0	N	N	N	N	N	N	N	N	N	N	N	N	0.0000	0.0000	0.0000	0.0000	0.0000	0.0000	0.0000	0.0000	0.0000	0.0000	0.0000	0.0000	0.0000	0.0000	0.0000	0.0000	0.0000	0.0000	0.0000	0.0000	5.0000	0.0000	4.0000	0.0000	0.0000	0.0000	0.0000	0.0000	0.0000	0.0000	0.0000	0.0000	0.0000	0.0000	0.0000	0.0000	0.0000	0.0000	0.0000	0.0000	0.0000	0.0000	0.0000	0.0000	0.0000	0.0000	0.0000	0.0000	0.0000	0.0000	0.0000	0.0000	0.0000	0.0000	0.0000	0.0000	0.0000	0.0000	0.0000	0.0000	0.0000	0.0000	0.0000	0.0000	0.0000	0.0000	0.0000	0.0000	0.0000	0.0000	0.0000	0.0000	0.0000	0.0000	0.0000	0.0000	0.0000	0.0000											
28	46	0.1368	4	0	1	0	0	0	0	0	0	N	N	N	N	N	N	N	N	N	N	N	N	0.0000	0.0000	0.0000	0.0000	0.0000	0.0000	0.0000	0.0000	0.0000	0.0000	0.0000	0.0000	0.0000	0.0000	0.0000	0.0000	0.0000	0.0000	0.0000	0.0000	5.0000	4.0000	4.0000	5.9850	0.0000	0.0000	0.0000	0.0000	0.0000	0.0000	0.0000	0.0000	0.0000	0.0000	0.0000	0.0000	0.0000	0.0000	0.0000	0.0000	0.0000	0.0000	0.2534	0.2164	0.0370	0.0121	0.0115	0.0006	0.2412	0.2049	0.0363	0.1647	0.0983	0.0663	0.0159	0.0122	0.0037	0.1488	0.0862	0.0626	0.0000	0.0000	0.0000	0.0000	0.0000	0.0000	0.0000	0.0000	0.0000	0.0000	0.0000	0.0000	0.0000	0.0000	0.0000	0.0000	0.0000	0.0000											
28	47	0.2078	6	0	2	0	0	0	0	0	0	N	Y	N	N	N	N	N	N	N	N	N	N	0.0000	0.0000	0.0000	0.0000	0.0000	0.0000	0.0000	0.0000	0.0000	0.0000	0.0000	0.0000	0.0000	0.0000	0.0000	0.0000	0.0000	0.0000	0.0000	0.0000	5.0000	0.0000	4.0000	0.0000	0.0000	0.0000	0.0000	0.0000	0.0000	0.0000	0.0000	0.0000	0.0000	0.0000	0.0000	0.0000	0.0000	0.0000	0.0000	0.0000	0.0000	0.0000	0.0000	0.0000	0.0000	0.0000	0.0000	0.0000	0.0000	0.0000	0.0000	0.0000	0.0000	0.0000	0.0000	0.0000	0.0000	0.0000	0.0000	0.0000	0.0000	0.0000	0.0000	0.0000	0.0000	0.0000	0.0000	0.0000	0.0000	0.0000	0.0000	0.0000	0.0000	0.0000	0.0000	0.0000	0.0000	0.0000											
28	48	0.0710	3	1	2	1	0	0	0	0	0	N	Y	N	N	N	N	N	N	N	N	N	N	0.0000	0.0000	0.0000	0.0000	0.0000	0.0000	0.0000	0.0000	0.0000	0.0000	0.0000	0.0000	0.0000	0.0000	0.0000	0.0000	0.0000	0.0000	0.0000	0.0000	5.0000	0.0000	4.0000	2.0152	0.0000	0.0000	0.0000	0.0000	0.0000	0.0000	0.0000	0.0000	0.0000	0.0000	0.0000	0.0000	0.0000	0.0000	0.0000	0.0000	0.0000	0.0000	0.0000	0.0000	0.0000	0.0000	0.0000	0.0000	0.0000	0.0000	0.0000	0.0378	0.0227	0.0151	0.0031	0.0027	0.0004	0.0347	0.0201	0.0146	0.0000	0.0000	0.0000	0.0000	0.0000	0.0000	0.0000	0.0000	0.0000	0.0000	0.0000	0.0000	0.0000	0.0000	0.0000	0.0000	0.0000	0.0000											
28	49	0.0668	2	1	1	1	0	0	0	0	0	N	N	N	N	N	N	N	N	N	N	N	N	0.0000	0.0000	0.0000	0.0000	0.0000	0.0000	0.0000	0.0000	0.0000	0.0000	0.0000	0.0000	0.0000	0.0005	0.0008	0.0000	0.0064	0.0071	0.0000	0.0000	0.0000	0.0000	0.0000	0.0000	-0.0000	5.0000	0.0003	4.0000	1.0311	0.0000	0.0000	0.0000	0.0000	0.0000	0.0000	0.0000	0.0000	0.0000	0.0000	0.0000	0.0000	0.0000	0.0000	0.0000	0.0000	0.0000	0.0000	0.0001	0.0001	0.0000	0.0000	0.0000	0.0000	0.0000	0.0000	0.0000	0.0196	0.0119	0.0077	0.0016	0.0014	0.0002	0.0180	0.0105	0.0075	0.0000	0.0000	0.0000	0.0000	0.0000	0.0000	0.0000	0.0000	0.0000	0.0005	0.0008	0.0000	0.0064	0.0071	0.0000	0.0000	0.0000	0.0000						
28	50	0.0668	2	1	2	1	0	0	0	0	0	N	Y	N	N	N	N	N	N	N	N	N	N	0.0000	0.0000	0.0000	0.0000	0.0000	0.0000	0.0000	0.0000	0.0000	0.0000	0.0000	0.0000	0.0000	0.0005	0.0009	0.0000	0.0064	0.0072	0.0000	0.0000	0.0000	0.0000	0.0000	0.0000	-0.0000	5.0000	0.0003	4.0000	1.0126	0.0000	0.0000	0.0000	0.0000	0.0000	0.0000	0.0000	0.0000	0.0000	0.0000	0.0000	0.0000	0.0000	0.0000	0.0000	0.0000	0.0000	0.0000	0.0001	0.0001	0.0000	0.0000	0.0000	0.0000	0.0000	0.0000	0.0000	0.0193	0.0117	0.0075	0.0016	0.0014	0.0002	0.0177	0.0103	0.0074	0.0000	0.0000	0.0000	0.0000	0.0000	0.0000	0.0000	0.0000	0.0000	0.0005	0.0009	0.0000	0.0064	0.0072	0.0000	0.0000	0.0000	0.0000						
28	51	0.1796	3	1	2	0	0	0	0	0	0	N	Y	N	N	N	N	N	N	N	N	N	N	0.0000	0.0000	0.0000	0.0000	0.0000	0.0000	0.0000	0.0000	0.0000	0.0000	0.0000	0.0000	0.0000	0.0000	0.0000	0.0000	0.0000	0.0000	0.0000	0.0000	5.0000	0.0000	4.0000	1.0000	0.0000	0.0000	0.0000	0.0000	0.0000	0.0000	0.0000	0.0000	0.0000	0.0000	0.0000	0.0000	0.0000	0.0000	0.0000	0.0000	0.0000	0.0000	0.0000	0.0000	0.0000	0.0000	0.0000	0.0000	0.0000	0.0000	0.0000	0.0170	0.0106	0.0064	0.0033	0.0026	0.0006	0.0137	0.0080	0.0058	0.0000	0.0000	0.0000	0.0000	0.0000	0.0000	0.0000	0.0000	0.0000	0.0000	0.0000	0.0000	0.0000	0.0000	0.0000	0.0000	0.0000	0.0000											
28	52	0.1758	6	0	2	0	1	0	0	0	0	N	Y	N	N	N	N	N	N	N	N	N	N	0.0000	0.0000	0.0000	0.0000	0.0000	0.0000	0.0000	0.0000	0.0000	0.0000	0.0000	0.0000	0.0000	0.0010	0.0014	0.0000	0.0043	0.0047	0.0000	0.0000	0.0000	0.0000	0.0000	0.0000	-0.0000	5.0000	0.9995	4.0000	1.0399	0.0000	0.0000	0.0000	0.0000	0.0000	0.0000	0.0000	0.0000	0.0000	0.0001	0.0001	0.0000	0.0001	0.0001	0.0000	0.0000	0.0000	0.0000	0.0653	0.0557	0.0096	0.0036	0.0035	0.0002	0.0617	0.0522	0.0094	0.0505	0.0349	0.0156	0.0117	0.0107	0.0011	0.0388	0.0243	0.0145	0.0000	0.0000	0.0000	0.0000	0.0000	0.0000	0.0000	0.0000	0.0000	0.0010	0.0014	0.0000	0.0043	0.0047	0.0000	0.0000	0.0000	0.0000						
28	53	0.1758	6	0	1	0	1	0	0	0	0	N	N	N	N	N	N	N	N	N	N	N	N	0.0000	0.0000	0.0000	0.0000	0.0000	0.0000	0.0000	0.0000	0.0000	0.0000	0.0000	0.0000	0.0000	0.0000	0.0000	0.0000	0.0000	0.0000	0.0000	0.0000	5.0000	3.0005	4.0000	1.0125	0.0000	0.0000	0.0000	0.0000	0.0000	0.0000	0.0000	0.0000	0.0000	0.0000	0.0000	0.0000	0.0000	0.0000	0.0000	0.0000	0.0000	0.0000	0.1922	0.1641	0.0281	0.0106	0.0100	0.0005	0.1816	0.1541	0.0276	0.0846	0.0555	0.0291	0.0161	0.0140	0.0021	0.0685	0.0415	0.0270	0.0000	0.0000	0.0000	0.0000	0.0000	0.0000	0.0000	0.0000	0.0000	0.0000	0.0000	0.0000	0.0000	0.0000	0.0000	0.0000	0.0000	0.0000											
28	54	0.1675	5	0	1	0	1	0	0	0	0	N	N	N	N	N	N	N	N	N	N	N	N	0.0000	0.0000	0.0000	0.0000	0.0000	0.0000	0.0000	0.0000	0.0000	0.0000	0.0000	0.0000	0.0000	0.0000	0.0000	0.0014	0.0019	0.0007	0.0000	0.0000	0.0000	0.0016	0.0022	0.0007	0.2500	0.0000	-0.0000	5.0000	0.0013	4.0000	1.9704	0.0000	0.0000	0.0000	0.0000	0.0000	0.0000	0.0000	0.0000	0.0000	0.0001	0.0000	0.0000	0.0000	0.0000	0.0000	0.0001	0.0000	0.0000	0.0001	0.0001	0.0000	0.0000	0.0000	0.0000	0.0001	0.0001	0.0000	0.0351	0.0210	0.0142	0.0033	0.0025	0.0008	0.0319	0.0185	0.0134	0.0000	0.0000	0.0000	0.0000	0.0000	0.0000	0.0000	0.0000	0.0000	0.0014	0.0019	0.0007	0.0000	0.0000	0.0000	0.0016	0.0022	0.0007				
28	55	0.1368	4	0	1	0	1	0	0	0	0	N	N	N	N	N	N	N	N	N	N	N	N	0.0000	0.0000	0.0000	0.0000	0.0000	0.0000	0.0000	0.0000	0.0000	0.0000	0.0000	0.0000	0.0000	0.0000	0.0000	0.0000	0.0000	0.0000	0.0000	0.0000	5.0000	3.0000	4.0000	4.0155	0.0000	0.0000	0.0000	0.0000	0.0000	0.0000	0.0000	0.0000	0.0000	0.0000	0.0000	0.0000	0.0000	0.0000	0.0000	0.0000	0.0000	0.0000	0.1918	0.1638	0.0281	0.0092	0.0087	0.0005	0.1826	0.1550	0.0276	0.1189	0.0712	0.0478	0.0117	0.0090	0.0027	0.1073	0.0621	0.0451	0.0000	0.0000	0.0000	0.0000	0.0000	0.0000	0.0000	0.0000	0.0000	0.0000	0.0000	0.0000	0.0000	0.0000	0.0000	0.0000	0.0000	0.0000											
28	56	0.0574	3	0	2	1	0	0	0	0	0	N	Y	N	N	N	N	N	N	N	N	N	N	1785.5526	0.0122	inf	1.0299	0.9802	inf	inf	7.7456	0.0001	51.7987	0.0355	0.0356	0.0000	7.7625	0.0000	51.8005	0.0043	0.0074	0.0000	0.0345	0.0363	0.0000	0.0000	0.0000	0.0000	99939.0000	0.0000	0.5379	-0.0004	5.0000	2.0013	4.0000	5.6727	0.9994	0.0000	0.9994	0.0000	0.0000	0.0000	0.9994	0.0000	0.9994	0.0008	0.0008	0.0000	0.0008	0.0008	0.0000	0.0000	0.0000	0.0000	0.1290	0.1097	0.0193	0.0003	0.0003	0.0000	0.1287	0.1095	0.0193	0.1844	0.1075	0.0769	0.0232	0.0220	0.0012	0.1612	0.0855	0.0757	1785.5526	0.0122	inf	1.0299	0.9802	0.0000	inf	0.0000	inf	0.0043	0.0074	0.0000	0.0345	0.0363	0.0000	0.0000	0.0000	0.0000		
28	57	0.0536	2	0	2	0	0	0	0	0	0	N	Y	N	N	N	N	N	N	N	N	N	N	242.3268	2696.5960	392.1651	7175.9752	7091.6419	136.8096	inf	368.5246	3.1178	1.1990	16.7021	7.7691	7.7692	0.0000	2.4175	0.0455	16.7022	0.0129	0.0004	0.0426	0.0011	0.0011	0.0000	0.0177	0.0000	0.0453	1.9678	40.0312	0.0002	0.0004	5.0000	0.0033	4.0000	1.3874	0.0009	0.0003	0.0006	0.0003	0.0003	0.0000	0.0006	0.0000	0.0006	0.0008	0.0000	0.0008	0.0000	0.0000	0.0000	0.0008	0.0000	0.0008	0.0003	0.0003	0.0000	0.0000	0.0000	0.0000	0.0003	0.0002	0.0000	0.0637	0.0449	0.0188	0.0185	0.0182	0.0002	0.0453	0.0267	0.0186	242.3268	2696.5960	392.1651	7175.9752	7091.6419	0.0000	136.8096	inf	387.6363	0.0129	0.0004	0.0426	0.0011	0.0011	0.0000	0.0177	0.0000	0.0431	
28	59	0.0536	2	0	2	0	0	0	0	0	0	N	Y	N	N	N	N	N	N	N	N	N	N	54902.3363	38522.6825	257.9484	248.6027	inf	inf	7.7824	9.1520	0.0000	0.2600	0.2610	0.0000	7.7846	9.1552	0.0000	0.0001	0.0002	0.0000	0.0010	0.0010	0.0000	0.0000	0.0000	0.0000	0.0000	0.0000	-0.4616	-0.0000	5.0000	1.9997	4.0000	3.4660	0.9997	0.9997	0.0000	0.0000	0.0000	0.0000	0.9997	0.9997	0.0000	0.0000	0.0000	0.0000	0.0000	0.0000	0.0000	0.0000	0.0000	0.0000	0.1285	0.1092	0.0192	0.0000	0.0000	0.0000	0.1284	0.1092	0.0192	0.1411	0.0842	0.0569	0.0198	0.0190	0.0008	0.1212	0.0651	0.0561	54902.3363	38522.6825	0.0000	257.9484	248.6027	0.0000	inf	inf	0.0000	0.0001	0.0002	0.0000	0.0010	0.0010	0.0000	0.0000	0.0000	0.0000			
28	61	0.2078	6	0	1	1	0	0	0	0	0	N	N	N	N	N	N	N	N	N	N	N	N	0.0000	0.0000	0.0000	0.0000	0.0000	0.0000	0.0000	0.0000	0.0000	0.0000	0.0000	0.0000	0.0000	0.0000	0.0000	0.0000	0.0000	0.0000	0.0000	0.0000	5.0000	0.0000	4.0000	1.0000	0.0000	0.0000	0.0000	0.0000	0.0000	0.0000	0.0000	0.0000	0.0000	0.0000	0.0000	0.0000	0.0000	0.0000	0.0000	0.0000	0.0000	0.0000	0.0000	0.0000	0.0000	0.0000	0.0000	0.0000	0.0000	0.0000	0.0000	0.0163	0.0099	0.0064	0.0029	0.0020	0.0008	0.0135	0.0079	0.0056	0.0000	0.0000	0.0000	0.0000	0.0000	0.0000	0.0000	0.0000	0.0000	0.0000	0.0000	0.0000	0.0000	0.0000	0.0000	0.0000	0.0000	0.0000											
28	62	0.2035	5	0	1	0	0	0	0	0	0	N	N	N	N	N	N	N	N	N	N	N	N	0.0000	0.0000	0.0000	0.0000	0.0000	0.0000	0.0000	0.0000	0.0000	0.0000	0.0000	0.0000	0.0000	0.0000	0.0000	0.0000	0.0000	0.0000	0.0000	0.0000	5.0000	0.0001	4.0000	1.0076	0.0000	0.0000	0.0000	0.0000	0.0000	0.0000	0.0000	0.0000	0.0000	0.0000	0.0000	0.0000	0.0000	0.0000	0.0000	0.0000	0.0000	0.0000	0.0000	0.0000	0.0000	0.0000	0.0000	0.0000	0.0000	0.0000	0.0000	0.0213	0.0140	0.0073	0.0052	0.0044	0.0008	0.0161	0.0096	0.0064	0.0000	0.0000	0.0000	0.0000	0.0000	0.0000	0.0000	0.0000	0.0000	0.0000	0.0000	0.0000	0.0000	0.0000	0.0000	0.0000	0.0000	0.0000											
28	63	0.1368	4	0	1	0	0	0	0	0	0	N	N	N	N	N	N	N	N	N	N	N	N	0.0000	0.0000	0.0000	0.0000	0.0000	0.0000	0.0000	0.0000	0.0000	0.0000	0.0000	0.0000	0.0000	0.0000	0.0000	0.0000	0.0000	0.0000	0.0000	0.0000	5.0000	11.9999	4.0000	3.0574	0.0000	0.0000	0.0000	0.0000	0.0000	0.0000	0.0000	0.0000	0.0000	0.0000	0.0000	0.0000	0.0000	0.0000	0.0000	0.0000	0.0000	0.0000	0.7067	0.6061	0.1006	0.0329	0.0312	0.0017	0.6737	0.5749	0.0989	0.2382	0.1421	0.0961	0.0227	0.0173	0.0054	0.2155	0.1248	0.0907	0.0000	0.0000	0.0000	0.0000	0.0000	0.0000	0.0000	0.0000	0.0000	0.0000	0.0000	0.0000	0.0000	0.0000	0.0000	0.0000	0.0000	0.0000											
28	65	0.0803	2	0	1	0	0	0	0	0	0	N	N	N	N	N	N	N	N	N	N	N	N	0.0000	0.0000	0.0000	0.0000	0.0000	0.0000	0.0000	0.0000	0.0000	0.0000	0.0000	0.0000	0.0000	0.0000	0.0000	0.0000	0.0000	0.0000	0.0000	0.0000	5.0000	2.0015	4.0000	10.0016	0.0000	0.0000	0.0000	0.0000	0.0000	0.0000	0.0000	0.0000	0.0000	0.0000	0.0000	0.0000	0.0000	0.0000	0.0000	0.0000	0.0000	0.0000	0.1302	0.1111	0.0190	0.0072	0.0068	0.0004	0.1229	0.1043	0.0186	0.1914	0.1114	0.0800	0.0057	0.0045	0.0012	0.1857	0.1069	0.0788	0.0000	0.0000	0.0000	0.0000	0.0000	0.0000	0.0000	0.0000	0.0000	0.0000	0.0000	0.0000	0.0000	0.0000	0.0000	0.0000	0.0000	0.0000											
28	67	0.2352	4	0	1	0	0	0	0	0	0	N	N	N	N	N	N	N	N	N	N	N	N	1.2515	40.7737	0.0000	20.6008	129.5938	0.0000	0.0005	inf	0.0000	0.1247	0.1439	0.0000	0.9296	0.9655	0.0000	0.0001	0.0001	0.0000	0.0996	0.0035	0.4438	0.0451	0.0075	0.2790	0.1338	0.0000	0.4306	0.0000	39.2764	-0.0197	0.0216	5.0000	4.8614	4.0000	14.2102	0.0427	0.0427	0.0000	0.0427	0.0427	0.0000	0.0000	0.0000	0.0000	0.0495	0.0012	0.0483	0.0086	0.0012	0.0074	0.0409	0.0000	0.0409	0.3427	0.2969	0.0458	0.0459	0.0442	0.0017	0.2967	0.2527	0.0441	0.4972	0.3485	0.1487	0.1917	0.1651	0.0266	0.3055	0.1834	0.1221	1.2515	40.7737	0.0000	20.6008	129.5938	0.0000	0.0005	inf	0.0000	0.0996	0.0035	0.3248	0.0451	0.0075	0.2790	0.1338	0.0000	0.3348
28	68	0.0724	4	1	2	1	0	0	0	0	0	N	Y	N	N	N	N	N	N	N	N	N	N	0.0000	0.0000	0.0000	0.0000	0.0000	0.0000	0.0000	0.0000	0.0000	0.0000	0.0000	0.0000	0.0000	0.0000	0.0000	0.0000	0.0000	0.0000	0.0000	0.0000	5.0000	0.0000	4.0000	0.0000	0.0000	0.0000	0.0000	0.0000	0.0000	0.0000	0.0000	0.0000	0.0000	0.0000	0.0000	0.0000	0.0000	0.0000	0.0000	0.0000	0.0000	0.0000	0.0000	0.0000	0.0000	0.0000	0.0000	0.0000	0.0000	0.0000	0.0000	0.0000	0.0000	0.0000	0.0000	0.0000	0.0000	0.0000	0.0000	0.0000	0.0000	0.0000	0.0000	0.0000	0.0000	0.0000	0.0000	0.0000	0.0000	0.0000	0.0000	0.0000	0.0000	0.0000	0.0000	0.0000	0.0000	0.0000											
28	69	0.0682	3	1	1	1	0	0	0	0	0	N	N	N	N	N	N	N	N	N	N	N	N	inf	inf	inf	inf	1.9692	2.2324	0.0000	5.5926	5.5926	0.0000	0.0000	0.0000	0.0000	0.0000	0.0000	0.0000	0.0000	0.0000	0.0000	0.0000	0.0000	0.0000	0.0000	-0.0003	0.0000	5.0000	0.0016	4.0000	0.9826	0.0007	0.0007	0.0000	0.0007	0.0007	0.0000	0.0000	0.0000	0.0000	0.0000	0.0000	0.0000	0.0000	0.0000	0.0000	0.0000	0.0000	0.0000	0.0004	0.0003	0.0000	0.0001	0.0001	0.0000	0.0002	0.0002	0.0000	0.0219	0.0116	0.0104	0.0021	0.0019	0.0002	0.0199	0.0097	0.0101	inf	inf	0.0000	inf	inf	0.0000	0.0000	0.0000	0.0000	0.0000	0.0000	0.0000	0.0000	0.0000	0.0000	0.0000	0.0000	0.0000						
28	70	0.0555	2	1	1	1	0	0	0	0	0	N	N	N	N	N	N	N	N	N	N	N	N	inf	inf	inf	inf	inf	inf	inf	2.8949	2.4814	6.0742	7.2107	7.2109	0.0000	1.0052	0.0000	6.0747	0.0000	0.0000	0.0000	0.0000	0.0000	0.0000	0.0000	0.0000	0.0000	0.3184	-0.0006	0.0000	5.0000	0.0061	4.0000	3.0249	0.0029	0.0022	0.0007	0.0022	0.0022	0.0000	0.0007	0.0000	0.0007	0.0000	0.0000	0.0000	0.0000	0.0000	0.0000	0.0000	0.0000	0.0000	0.0010	0.0009	0.0001	0.0003	0.0003	0.0000	0.0007	0.0006	0.0001	0.0664	0.0352	0.0312	0.0050	0.0046	0.0004	0.0614	0.0307	0.0308	inf	inf	inf	inf	inf	0.0000	inf	0.0000	inf	0.0000	0.0000	0.0000	0.0000	0.0000	0.0000	0.0000	0.0000	0.0000			
28	72	0.0803	2	0	2	0	0	0	0	0	0	N	Y	N	N	N	N	N	N	N	N	N	N	inf	inf	inf	inf	5.3308	0.0000	36.9018	0.0000	0.0000	0.0000	5.6359	0.0000	37.6706	0.0000	0.0000	0.0000	0.0000	0.0000	0.0000	0.0000	0.0000	0.0000	inf	1.0765	0.0000	5.0000	5.9987	4.0000	11.0016	2.0000	0.0000	2.0000	0.0000	0.0000	0.0000	2.0000	0.0000	2.0000	0.0000	0.0000	0.0000	0.0000	0.0000	0.0000	0.0000	0.0000	0.0000	0.3752	0.3210	0.0542	0.0203	0.0192	0.0011	0.3549	0.3018	0.0531	0.2614	0.1522	0.1092	0.0079	0.0062	0.0017	0.2536	0.1460	0.1076	inf	0.0000	inf	0.0000	0.0000	0.0000	inf	0.0000	inf	0.0000	0.0000	0.0000	0.0000	0.0000	0.0000	0.0000	0.0000	0.0000						
28	74	0.1221	4	0	2	0	0	0	0	0	0	N	Y	N	N	N	N	N	N	N	N	N	N	0.8015	0.0000	1.4750	0.0000	0.0000	0.0000	0.7741	1.4752	2.5308	0.0000	17.6625	0.0000	0.0000	0.0000	2.7105	0.0000	18.0124	3.1576	0.0008	11.9747	0.0042	0.0047	0.0017	3.5014	0.0000	12.2104	inf	6664.0000	0.5380	0.4598	5.0000	6.1274	4.0000	13.6208	0.9996	0.0000	0.9996	0.0000	0.0000	0.0000	0.9996	0.0000	0.9996	0.9997	0.0001	0.9996	0.0002	0.0001	0.0000	0.9996	0.0000	0.9996	0.3950	0.3384	0.0566	0.0262	0.0251	0.0011	0.3688	0.3133	0.0555	0.3232	0.1994	0.1238	0.0377	0.0318	0.0058	0.2855	0.1675	0.1180	0.8180	0.0000	2.1874	0.0000	0.0000	0.0000	0.7741	0.0000	2.1256	3.0938	0.0008	8.0748	0.0042	0.0047	0.0017	3.5014	0.0000	8.4741	
28	75	0.1466	7	0	1	1	0	0	0	0	0	N	N	N	N	N	N	N	N	N	N	N	N	0.0000	0.0000	0.0000	0.0000	0.0000	0.0000	0.0000	0.0000	0.0000	0.0000	0.0000	0.0000	0.0000	0.0000	0.0000	0.0000	0.0000	0.0000	0.0000	0.0000	5.0000	0.0000	4.0000	1.0003	0.0000	0.0000	0.0000	0.0000	0.0000	0.0000	0.0000	0.0000	0.0000	0.0000	0.0000	0.0000	0.0000	0.0000	0.0000	0.0000	0.0000	0.0000	0.0000	0.0000	0.0000	0.0000	0.0000	0.0000	0.0000	0.0000	0.0000	0.0203	0.0108	0.0096	0.0018	0.0014	0.0004	0.0186	0.0093	0.0092	0.0000	0.0000	0.0000	0.0000	0.0000	0.0000	0.0000	0.0000	0.0000	0.0000	0.0000	0.0000	0.0000	0.0000	0.0000	0.0000	0.0000	0.0000											
28	76	0.1425	6	0	1	1	0	0	0	0	0	N	N	N	N	N	N	N	N	N	N	N	N	0.0000	0.0000	0.0000	0.0000	0.0000	0.0000	0.0000	0.0000	0.0000	0.0000	0.0000	0.0000	0.0000	0.0428	0.0811	0.0000	5.5037	6.7487	0.0000	0.0000	0.0000	0.0000	0.0000	0.0000	-0.0005	5.0000	0.0000	4.0000	1.0076	0.0000	0.0000	0.0000	0.0000	0.0000	0.0000	0.0000	0.0000	0.0000	0.0009	0.0009	0.0000	0.0009	0.0009	0.0000	0.0000	0.0000	0.0000	0.0000	0.0000	0.0000	0.0000	0.0000	0.0000	0.0000	0.0000	0.0000	0.0203	0.0107	0.0096	0.0016	0.0013	0.0003	0.0187	0.0095	0.0093	0.0000	0.0000	0.0000	0.0000	0.0000	0.0000	0.0000	0.0000	0.0000	0.0428	0.0811	0.0000	0.5458	0.6852	0.0000	0.0000	0.0000	0.0000						
28	77	0.1385	5	0	1	0	0	0	0	0	0	N	N	N	N	N	N	N	N	N	N	N	N	0.0000	0.0000	0.0000	0.0000	0.0000	0.0000	0.0000	0.0000	0.0000	0.0000	0.0000	0.0000	0.0000	0.0000	0.0000	0.0000	0.0000	0.0469	0.0076	0.0969	0.0449	0.0564	0.0000	0.0470	0.0011	0.0972	10.7542	0.0000	0.0004	5.0000	0.0026	4.0000	0.9924	0.0000	0.0000	0.0000	0.0000	0.0000	0.0000	0.0000	0.0000	0.0000	0.0009	0.0001	0.0009	0.0001	0.0001	0.0000	0.0009	0.0000	0.0009	0.0005	0.0005	0.0001	0.0002	0.0002	0.0000	0.0003	0.0003	0.0001	0.0201	0.0106	0.0095	0.0016	0.0012	0.0003	0.0185	0.0093	0.0092	0.0000	0.0000	0.0000	0.0000	0.0000	0.0000	0.0000	0.0000	0.0000	0.0469	0.0076	0.0906	0.0449	0.0564	0.0000	0.0470	0.0011	0.0937		
28	78	0.1221	4	0	1	0	0	0	0	0	0	N	N	N	N	N	N	N	N	N	N	N	N	0.3110	0.2673	0.0000	0.7890	0.7520	0.0000	0.0000	0.0000	0.0020	0.0023	0.0000	0.0237	0.0245	0.0000	0.0000	0.0000	0.0000	0.0063	0.0086	0.0020	0.0300	0.0325	0.0000	0.0009	0.0000	0.0021	0.0000	0.1250	-0.0002	-0.0003	5.0000	2.8733	4.0000	1.5522	0.0004	0.0004	0.0000	0.0004	0.0004	0.0000	0.0000	0.0000	0.0000	0.0006	0.0006	0.0001	0.0006	0.0006	0.0000	0.0001	0.0000	0.0001	0.1984	0.1699	0.0284	0.0165	0.0159	0.0005	0.1819	0.1540	0.0279	0.0997	0.0652	0.0344	0.0187	0.0172	0.0015	0.0810	0.0480	0.0330	0.3110	0.2673	0.0000	0.7890	0.7520	0.0000	0.0000	0.0000	0.0000	0.0063	0.0086	0.0020	0.0300	0.0325	0.0000	0.0009	0.0000	0.0021	
28	79	0.1100	3	0	1	0	0	0	0	0	0	N	N	N	N	N	N	N	N	N	N	N	N	1.3210	0.3951	8.5655	0.5613	0.5516	0.0000	3.3096	0.0000	8.5136	0.0243	0.0078	0.1328	0.0304	0.0307	0.0000	0.0226	0.0000	0.1347	0.0184	0.0197	0.0155	0.0543	0.0557	0.0000	0.0068	0.0008	0.0158	2.6002	0.3513	0.0001	-0.0006	5.0000	0.2102	4.0000	3.4985	0.0005	0.0001	0.0004	0.0001	0.0001	0.0000	0.0004	0.0000	0.0004	0.0020	0.0015	0.0005	0.0014	0.0014	0.0000	0.0006	0.0000	0.0005	0.0222	0.0193	0.0029	0.0049	0.0049	0.0000	0.0173	0.0144	0.0029	0.1087	0.0752	0.0335	0.0265	0.0259	0.0007	0.0822	0.0493	0.0329	1.3210	0.3951	8.5655	0.5613	0.5516	0.0000	3.3096	0.0000	8.5136	0.0184	0.0197	0.0155	0.0543	0.0557	0.0000	0.0068	0.0008	0.0158
28	80	0.1410	5	0	2	0	0	0	0	0	0	N	Y	N	N	N	N	N	N	N	N	N	N	98.3295	70.1617	159.1792	139.4165	0.0070	0.0082	0.0000	0.0928	0.0999	0.0000	0.0000	0.0000	0.0000	0.0001	0.0001	0.0000	0.0006	0.0007	0.0000	0.0000	0.0000	0.0000	0.0000	0.0000	-0.0004	-0.0000	5.0000	2.0196	4.0000	6.0690	0.0009	0.0009	0.0000	0.0009	0.0009	0.0000	0.0000	0.0000	0.0000	0.0000	0.0000	0.0000	0.0000	0.0000	0.0000	0.0000	0.0000	0.0000	0.1329	0.1135	0.0194	0.0100	0.0093	0.0007	0.1229	0.1042	0.0187	0.1405	0.0856	0.0549	0.0172	0.0140	0.0032	0.1233	0.0717	0.0517	98.3295	70.1617	0.0000	159.1792	139.4165	0.0000	0.0000	0.0000	0.0000	0.0001	0.0001	0.0000	0.0006	0.0007	0.0000	0.0000	0.0000	0.0000					
28	81	0.1328	4	0	1	0	0	0	0	0	0	N	N	N	N	N	N	N	N	N	N	N	N	25.1359	17.3701	inf	0.0000	0.0000	47.9709	32.2846	inf	0.0145	0.0166	0.0021	0.0000	0.0000	0.0000	0.0153	0.0177	0.0022	0.0006	0.0010	0.0000	0.0029	0.0037	0.0000	0.0003	0.0005	0.0000	0.0220	0.0000	-0.0004	-0.0000	5.0000	0.9876	4.0000	0.9833	0.0009	0.0009	0.0000	0.0000	0.0000	0.0000	0.0009	0.0009	0.0000	0.0000	0.0000	0.0000	0.0000	0.0000	0.0000	0.0000	0.0000	0.0000	0.0643	0.0548	0.0094	0.0037	0.0035	0.0002	0.0606	0.0514	0.0093	0.0347	0.0209	0.0138	0.0035	0.0027	0.0008	0.0313	0.0182	0.0130	25.1359	17.3701	inf	0.0000	0.0000	0.0000	47.9709	32.2846	inf	0.0006	0.0010	0.0000	0.0029	0.0037	0.0000	0.0003	0.0005	0.0000	
28	82	0.0668	2	1	1	1	0	0	0	0	0	N	N	N	N	N	N	N	N	N	N	N	N	0.0000	0.0000	0.0000	0.0000	0.0000	0.0000	0.0000	0.0000	0.0000	0.0000	0.0000	0.0000	0.0000	15.0775	0.0000	72.9686	0.0000	0.0000	0.0000	14.9837	0.0000	73.2630	inf	0.0000	0.4601	5.0000	1.0000	4.0000	2.9874	0.0000	0.0000	0.0000	0.0000	0.0000	0.0000	0.0000	0.0000	0.0000	1.0000	0.0000	1.0000	0.0000	0.0000	0.0000	1.0000	0.0000	1.0000	0.0653	0.0556	0.0096	0.0028	0.0026	0.0001	0.0625	0.0530	0.0095	0.0713	0.0423	0.0289	0.0045	0.0039	0.0006	0.0667	0.0385	0.0283	0.0000	0.0000	0.0000	0.0000	0.0000	0.0000	0.0000	0.0000	0.0000	14.0325	0.0000	34.5755	0.0000	0.0000	0.0000	14.9837	0.0000	35.3544						
28	84	0.0803	2	0	2	0	1	0	0	0	0	N	Y	N	N	N	N	N	N	N	N	N	N	inf	inf	inf	inf	4.0717	0.0000	28.3585	0.0000	0.0000	0.0000	4.3027	0.0000	28.9475	0.0000	0.0000	0.0000	0.0000	0.0000	0.0000	0.0000	0.0000	0.0000	inf	1.0765	0.0000	5.0000	8.0013	4.0000	12.0015	2.0000	0.0000	2.0000	0.0000	0.0000	0.0000	2.0000	0.0000	2.0000	0.0000	0.0000	0.0000	0.0000	0.0000	0.0000	0.0000	0.0000	0.0000	0.4912	0.4207	0.0705	0.0264	0.0249	0.0014	0.4648	0.3957	0.0691	0.3011	0.1753	0.1257	0.0091	0.0072	0.0019	0.2920	0.1682	0.1238	inf	0.0000	inf	0.0000	0.0000	0.0000	inf	0.0000	inf	0.0000	0.0000	0.0000	0.0000	0.0000	0.0000	0.0000	0.0000	0.0000						
28	85	0.1368	4	0	2	0	0	0	0	0	0	N	Y	N	N	N	N	N	N	N	N	N	N	inf	inf	inf	inf	15.3453	17.9945	0.0000	0.0000	0.0000	0.0000	16.1265	19.0188	0.0000	0.0000	0.0000	0.0000	0.0000	0.0000	0.0000	0.0000	0.0000	0.0000	0.0000	-0.4617	0.0000	5.0000	1.0000	4.0000	6.9850	1.0000	1.0000	0.0000	0.0000	0.0000	0.0000	1.0000	1.0000	0.0000	0.0000	0.0000	0.0000	0.0000	0.0000	0.0000	0.0000	0.0000	0.0000	0.0652	0.0556	0.0096	0.0032	0.0030	0.0002	0.0620	0.0526	0.0094	0.1341	0.0802	0.0539	0.0131	0.0101	0.0030	0.1210	0.0701	0.0509	inf	inf	0.0000	0.0000	0.0000	0.0000	inf	inf	0.0000	0.0000	0.0000	0.0000	0.0000	0.0000	0.0000	0.0000	0.0000	0.0000						
28	86	0.1240	3	0	1	0	0	0	0	0	0	N	N	N	N	N	N	N	N	N	N	N	N	0.0000	0.0000	0.0000	0.0000	0.0000	0.0000	0.0000	0.0000	0.0000	0.0000	0.0000	0.0000	0.0000	0.0284	0.0479	0.0000	1.9916	2.6269	0.0000	0.0000	0.0000	0.0000	0.0000	0.0000	-0.0008	5.0000	1.0086	4.0000	2.0000	0.0000	0.0000	0.0000	0.0000	0.0000	0.0000	0.0000	0.0000	0.0000	0.0015	0.0015	0.0000	0.0015	0.0015	0.0000	0.0000	0.0000	0.0000	0.0664	0.0567	0.0097	0.0034	0.0033	0.0002	0.0630	0.0534	0.0096	0.0527	0.0313	0.0215	0.0051	0.0039	0.0012	0.0477	0.0274	0.0203	0.0000	0.0000	0.0000	0.0000	0.0000	0.0000	0.0000	0.0000	0.0000	0.0284	0.0479	0.0000	0.2963	0.3844	0.0000	0.0000	0.0000	0.0000						
28	89	0.1413	5	0	2	0	0	0	0	0	0	N	Y	N	N	N	N	N	N	N	N	N	N	0.0781	inf	0.0000	302.8572	inf	0.0000	0.0000	0.0000	0.5102	0.5838	0.0000	1.3630	1.3659	0.0000	0.0000	0.0000	0.0000	6.5301	0.0000	34.1625	0.0045	0.0000	0.0187	7.5124	0.0000	35.0114	0.0000	inf	-0.0009	0.4592	5.0000	0.0157	4.0000	9.0253	0.0019	0.0019	0.0000	0.0019	0.0019	0.0000	0.0000	0.0000	0.0000	0.9981	0.0000	0.9981	0.0001	0.0000	0.0001	0.9980	0.0000	0.9980	0.0036	0.0032	0.0005	0.0014	0.0014	0.0000	0.0023	0.0018	0.0005	0.1528	0.0924	0.0605	0.0200	0.0152	0.0048	0.1328	0.0772	0.0557	0.0781	inf	0.0000	302.8572	inf	0.0000	0.0000	0.0000	0.0000	6.5301	0.0000	16.5041	0.0045	0.0000	0.0187	7.5124	0.0000	17.9315	
28	90	0.1328	4	0	2	0	0	0	0	0	0	N	Y	N	N	N	N	N	N	N	N	N	N	26.5982	380.5914	0.3113	0.0000	0.0000	26.9579	416.8817	0.3195	1.5269	1.7778	0.0566	0.0000	0.0000	0.0000	1.7106	2.0125	0.0598	0.0574	0.0047	0.1819	0.0028	0.0036	0.0000	0.0635	0.0048	0.1872	0.0054	19.4037	-0.0008	0.0008	5.0000	0.0169	4.0000	2.0013	0.0019	0.0018	0.0000	0.0000	0.0000	0.0000	0.0019	0.0018	0.0000	0.0020	0.0001	0.0019	0.0000	0.0000	0.0000	0.0020	0.0001	0.0019	0.0012	0.0010	0.0002	0.0001	0.0001	0.0000	0.0011	0.0009	0.0002	0.0355	0.0214	0.0141	0.0035	0.0028	0.0008	0.0320	0.0186	0.0133	26.5982	380.5914	0.4125	0.0000	0.0000	0.0000	26.9579	416.8817	0.4114	0.0574	0.0047	0.1373	0.0028	0.0036	0.0000	0.0635	0.0048	0.1453	
28	91	0.1240	3	0	1	0	0	0	0	0	0	N	N	N	N	N	N	N	N	N	N	N	N	0.0000	0.0000	0.0000	0.0000	0.0000	0.0000	0.0000	0.0000	0.0000	0.0000	0.0000	0.0000	0.0000	0.0000	0.0000	0.0000	0.0006	0.0000	0.0014	0.0001	0.0001	0.0000	0.0006	0.0000	0.0014	73.8626	0.0000	0.0000	5.0000	1.9923	4.0000	0.0454	0.0000	0.0000	0.0000	0.0000	0.0000	0.0000	0.0000	0.0000	0.0000	0.0000	0.0000	0.0000	0.0000	0.0000	0.0000	0.0000	0.0000	0.0000	0.1293	0.1103	0.0189	0.0064	0.0061	0.0003	0.1229	0.1043	0.0186	0.0364	0.0216	0.0148	0.0036	0.0028	0.0008	0.0327	0.0187	0.0140	0.0000	0.0000	0.0000	0.0000	0.0000	0.0000	0.0000	0.0000	0.0000	0.0006	0.0000	0.0014	0.0001	0.0001	0.0000	0.0006	0.0000	0.0014			
28	92	0.0803	2	0	1	0	0	0	0	0	0	N	N	N	N	N	N	N	N	N	N	N	N	0.0000	0.0000	0.0000	0.0000	0.0000	0.0000	0.0000	0.0000	0.0000	0.0000	0.0000	0.0000	0.0000	0.0092	0.0000	0.0221	0.0000	0.0000	0.0000	0.0095	0.0000	0.0224	inf	0.0000	0.0007	5.0000	1.0098	4.0000	9.0196	0.0000	0.0000	0.0000	0.0000	0.0000	0.0000	0.0000	0.0000	0.0000	0.0015	0.0000	0.0015	0.0000	0.0000	0.0000	0.0015	0.0000	0.0015	0.0664	0.0567	0.0097	0.0038	0.0036	0.0002	0.0627	0.0531	0.0095	0.1623	0.0944	0.0678	0.0048	0.0038	0.0010	0.1575	0.0906	0.0668	0.0000	0.0000	0.0000	0.0000	0.0000	0.0000	0.0000	0.0000	0.0000	0.0092	0.0000	0.0221	0.0000	0.0000	0.0000	0.0095	0.0000	0.0224						
28	93	0.1770	7	1	2	0	1	0	0	0	0	N	Y	N	N	N	N	N	N	N	N	N	N	0.0000	0.0000	0.0000	0.0000	0.0000	0.0000	0.0000	0.0000	0.0000	0.0000	0.0000	0.0000	0.0000	0.0000	0.0000	0.0000	0.0000	0.0000	0.0000	0.0000	5.0000	0.0000	4.0000	0.0000	0.0000	0.0000	0.0000	0.0000	0.0000	0.0000	0.0000	0.0000	0.0000	0.0000	0.0000	0.0000	0.0000	0.0000	0.0000	0.0000	0.0000	0.0000	0.0000	0.0000	0.0000	0.0000	0.0000	0.0000	0.0000	0.0000	0.0000	0.0000	0.0000	0.0000	0.0000	0.0000	0.0000	0.0000	0.0000	0.0000	0.0000	0.0000	0.0000	0.0000	0.0000	0.0000	0.0000	0.0000	0.0000	0.0000	0.0000	0.0000	0.0000	0.0000	0.0000	0.0000	0.0000	0.0000											
28	94	0.1770	6	1	2	0	1	0	0	0	0	N	Y	N	N	N	N	N	N	N	N	N	N	0.0000	0.0000	0.0000	0.0000	0.0000	0.0000	0.0000	0.0000	0.0000	0.0000	0.0000	0.0000	0.0000	0.0000	0.0000	0.0000	0.0000	0.0000	0.0000	0.0000	5.0000	0.0000	4.0000	0.0001	0.0000	0.0000	0.0000	0.0000	0.0000	0.0000	0.0000	0.0000	0.0000	0.0000	0.0000	0.0000	0.0000	0.0000	0.0000	0.0000	0.0000	0.0000	0.0000	0.0000	0.0000	0.0000	0.0000	0.0000	0.0000	0.0000	0.0000	0.0000	0.0000	0.0000	0.0000	0.0000	0.0000	0.0000	0.0000	0.0000	0.0000	0.0000	0.0000	0.0000	0.0000	0.0000	0.0000	0.0000	0.0000	0.0000	0.0000	0.0000	0.0000	0.0000	0.0000	0.0000	0.0000	0.0000											
28	95	0.1591	5	0	2	0	1	0	0	0	0	N	Y	N	N	N	N	N	N	N	N	N	N	0.0000	0.0000	0.0000	0.0000	0.0000	0.0000	0.0000	0.0000	0.0000	0.0000	0.0000	0.0000	0.0000	0.0000	0.0000	0.0000	0.0000	0.0000	0.0000	0.0000	5.0000	0.9845	4.0000	0.9903	0.0000	0.0000	0.0000	0.0000	0.0000	0.0000	0.0000	0.0000	0.0000	0.0000	0.0000	0.0000	0.0000	0.0000	0.0000	0.0000	0.0000	0.0000	0.0668	0.0573	0.0095	0.0073	0.0070	0.0003	0.0595	0.0503	0.0092	0.0358	0.0218	0.0140	0.0036	0.0032	0.0004	0.0321	0.0186	0.0135	0.0000	0.0000	0.0000	0.0000	0.0000	0.0000	0.0000	0.0000	0.0000	0.0000	0.0000	0.0000	0.0000	0.0000	0.0000	0.0000	0.0000	0.0000											
28	96	0.1563	5	0	2	0	0	0	0	0	0	N	Y	N	N	N	N	N	N	N	N	N	N	0.0000	0.0000	0.0000	0.0000	0.0000	0.0000	0.0000	0.0000	0.0000	0.0000	0.0000	0.0000	0.0000	0.0000	0.0000	0.0000	0.0000	0.0000	0.0000	0.0000	5.0000	1.0063	4.0000	3.7812	0.0000	0.0000	0.0000	0.0000	0.0000	0.0000	0.0000	0.0000	0.0000	0.0000	0.0000	0.0000	0.0000	0.0000	0.0000	0.0000	0.0000	0.0000	0.0670	0.0572	0.0097	0.0051	0.0048	0.0003	0.0619	0.0524	0.0095	0.1283	0.0835	0.0448	0.0370	0.0323	0.0047	0.0914	0.0513	0.0401	0.0000	0.0000	0.0000	0.0000	0.0000	0.0000	0.0000	0.0000	0.0000	0.0000	0.0000	0.0000	0.0000	0.0000	0.0000	0.0000	0.0000	0.0000											
28	97	0.1591	5	0	1	1	1	0	0	0	0	N	N	N	N	N	N	N	N	N	N	N	N	0.0000	0.0000	0.0000	0.0000	0.0000	0.0000	0.0000	0.0000	0.0000	0.0000	0.0000	0.0000	0.0000	0.0000	0.0000	0.0000	0.0000	0.0000	0.0000	0.0000	5.0000	1.0165	4.0000	1.0129	0.0000	0.0000	0.0000	0.0000	0.0000	0.0000	0.0000	0.0000	0.0000	0.0000	0.0000	0.0000	0.0000	0.0000	0.0000	0.0000	0.0000	0.0000	0.0688	0.0590	0.0098	0.0075	0.0072	0.0003	0.0614	0.0519	0.0095	0.0367	0.0224	0.0143	0.0037	0.0033	0.0004	0.0330	0.0191	0.0139	0.0000	0.0000	0.0000	0.0000	0.0000	0.0000	0.0000	0.0000	0.0000	0.0000	0.0000	0.0000	0.0000	0.0000	0.0000	0.0000	0.0000	0.0000											
28	98	0.1462	4	0	1	0	1	0	0	0	0	N	N	N	N	N	N	N	N	N	N	N	N	0.0000	0.0000	0.0000	0.0000	0.0000	0.0000	0.0000	0.0000	0.0000	0.0000	0.0000	0.0000	0.0000	0.0000	0.0000	0.0000	0.0000	0.0000	0.0000	0.0000	5.0000	2.0241	4.0000	1.0265	0.0000	0.0000	0.0000	0.0000	0.0000	0.0000	0.0000	0.0000	0.0000	0.0000	0.0000	0.0000	0.0000	0.0000	0.0000	0.0000	0.0000	0.0000	0.1335	0.1142	0.0193	0.0105	0.0100	0.0006	0.1230	0.1043	0.0187	0.0524	0.0314	0.0210	0.0058	0.0047	0.0012	0.0466	0.0268	0.0198	0.0000	0.0000	0.0000	0.0000	0.0000	0.0000	0.0000	0.0000	0.0000	0.0000	0.0000	0.0000	0.0000	0.0000	0.0000	0.0000	0.0000	0.0000											
28	99	0.1462	4	0	1	1	1	0	0	0	0	N	N	N	N	N	N	N	N	N	N	N	N	0.0000	0.0000	0.0000	0.0000	0.0000	0.0000	0.0000	0.0000	0.0000	0.0000	0.0000	0.0000	0.0000	0.0000	0.0000	0.0000	0.0000	0.0000	0.0000	0.0000	5.0000	3.0066	4.0000	0.0000	0.0000	0.0000	0.0000	0.0000	0.0000	0.0000	0.0000	0.0000	0.0000	0.0000	0.0000	0.0000	0.0000	0.0000	0.0000	0.0000	0.0000	0.0000	0.1959	0.1676	0.0282	0.0151	0.0143	0.0008	0.1807	0.1533	0.0274	0.0517	0.0310	0.0207	0.0058	0.0046	0.0011	0.0459	0.0264	0.0195	0.0000	0.0000	0.0000	0.0000	0.0000	0.0000	0.0000	0.0000	0.0000	0.0000	0.0000	0.0000	0.0000	0.0000	0.0000	0.0000	0.0000	0.0000											
28	100	0.1719	4	0	1	1	1	0	0	0	0	N	N	N	N	N	N	N	N	N	N	N	N	0.0000	0.0000	0.0000	0.0000	0.0000	0.0000	0.0000	0.0000	0.0000	0.0000	0.0000	0.0000	0.0000	0.0000	0.0000	0.0000	0.0000	0.0000	0.0000	0.0000	5.0000	0.0000	4.0000	2.0000	0.0000	0.0000	0.0000	0.0000	0.0000	0.0000	0.0000	0.0000	0.0000	0.0000	0.0000	0.0000	0.0000	0.0000	0.0000	0.0000	0.0000	0.0000	0.0000	0.0000	0.0000	0.0000	0.0000	0.0000	0.0000	0.0000	0.0000	0.0333	0.0197	0.0136	0.0039	0.0031	0.0008	0.0295	0.0167	0.0128	0.0000	0.0000	0.0000	0.0000	0.0000	0.0000	0.0000	0.0000	0.0000	0.0000	0.0000	0.0000	0.0000	0.0000	0.0000	0.0000	0.0000	0.0000											
28	101	0.1328	3	0	1	1	1	0	0	0	0	N	N	N	N	N	N	N	N	N	N	N	N	6.6213	0.0000	inf	0.0000	0.0000	inf	inf	0.0021	0.0000	0.0145	0.0000	0.0000	0.0000	0.0023	0.0000	0.0152	0.0003	0.0005	0.0000	0.0025	0.0029	0.0000	0.0000	0.0000	0.0000	inf	0.0000	0.0004	-0.0000	5.0000	5.8899	4.0000	3.1847	0.0008	0.0000	0.0008	0.0000	0.0000	0.0000	0.0008	0.0000	0.0008	0.0001	0.0001	0.0000	0.0001	0.0001	0.0000	0.0000	0.0000	0.0000	0.3858	0.3306	0.0553	0.0371	0.0345	0.0026	0.3487	0.2961	0.0526	0.1597	0.0959	0.0637	0.0201	0.0170	0.0031	0.1396	0.0789	0.0606	6.6213	0.0000	inf	0.0000	0.0000	0.0000	inf	0.0000	inf	0.0003	0.0005	0.0000	0.0025	0.0029	0.0000	0.0000	0.0000	0.0000		
28	102	0.1796	3	1	2	0	0	0	0	0	0	N	Y	N	N	N	N	N	N	N	N	N	N	0.0000	0.0000	0.0000	0.0000	0.0000	0.0000	0.0000	0.0000	0.0000	0.0000	0.0000	0.0000	0.0000	0.0000	0.0000	0.0000	0.0000	0.0000	0.0000	0.0000	5.0000	0.0000	4.0000	0.0000	0.0000	0.0000	0.0000	0.0000	0.0000	0.0000	0.0000	0.0000	0.0000	0.0000	0.0000	0.0000	0.0000	0.0000	0.0000	0.0000	0.0000	0.0000	0.0000	0.0000	0.0000	0.0000	0.0000	0.0000	0.0000	0.0000	0.0000	0.0000	0.0000	0.0000	0.0000	0.0000	0.0000	0.0000	0.0000	0.0000	0.0000	0.0000	0.0000	0.0000	0.0000	0.0000	0.0000	0.0000	0.0000	0.0000	0.0000	0.0000	0.0000	0.0000	0.0000	0.0000	0.0000	0.0000											
28	103	0.0803	2	1	2	0	0	0	0	0	0	N	Y	N	N	N	N	N	N	N	N	N	N	inf	inf	inf	inf	2.0359	0.0000	14.1793	0.0000	0.0000	0.0000	2.1513	0.0000	14.4737	0.0000	0.0000	0.0000	0.0000	0.0000	0.0000	0.0000	0.0000	0.0000	inf	0.5383	0.0000	5.0000	8.0012	4.0000	14.0016	1.0000	0.0000	1.0000	0.0000	0.0000	0.0000	1.0000	0.0000	1.0000	0.0000	0.0000	0.0000	0.0000	0.0000	0.0000	0.0000	0.0000	0.0000	0.4912	0.4207	0.0705	0.0264	0.0249	0.0014	0.4648	0.3957	0.0691	0.3265	0.1902	0.1363	0.0099	0.0078	0.0021	0.3166	0.1824	0.1342	inf	0.0000	inf	0.0000	0.0000	0.0000	inf	0.0000	inf	0.0000	0.0000	0.0000	0.0000	0.0000	0.0000	0.0000	0.0000	0.0000						
28	104	0.1433	3	0	2	0	0	0	0	0	0	N	Y	N	N	N	N	N	N	N	N	N	N	0.0000	0.0000	0.0000	0.0000	0.0000	0.0000	0.0000	0.0000	0.0000	0.0000	0.0000	0.0000	0.0000	0.1264	0.3396	0.0000	6.1929	7.6336	0.0000	0.0000	0.0000	0.0000	0.0000	0.0000	-0.0037	5.0000	2.0010	4.0000	1.0153	0.0000	0.0000	0.0000	0.0000	0.0000	0.0000	0.0000	0.0000	0.0000	0.0069	0.0069	0.0000	0.0069	0.0069	0.0000	0.0000	0.0000	0.0000	0.1291	0.1102	0.0188	0.0070	0.0067	0.0004	0.1220	0.1036	0.0185	0.0548	0.0333	0.0215	0.0113	0.0087	0.0026	0.0435	0.0246	0.0188	0.0000	0.0000	0.0000	0.0000	0.0000	0.0000	0.0000	0.0000	0.0000	0.1264	0.2078	0.0000	0.6135	0.7981	0.0000	0.0000	0.0000	0.0000						
28	105	0.0803	2	0	2	0	0	0	0	0	0	N	Y	N	N	N	N	N	N	N	N	N	N	0.0000	0.0000	0.0000	0.0000	0.0000	0.0000	0.0000	0.0000	0.0000	0.0000	0.0000	0.0000	0.0000	0.0000	0.0000	0.0313	0.0534	0.0007	0.0000	0.0000	0.0000	0.0323	0.0556	0.0007	0.0087	0.0000	-0.0037	5.0000	3.0162	4.0000	11.0438	0.0000	0.0000	0.0000	0.0000	0.0000	0.0000	0.0000	0.0000	0.0000	0.0069	0.0069	0.0001	0.0000	0.0000	0.0000	0.0069	0.0069	0.0001	0.1941	0.1658	0.0283	0.0107	0.0101	0.0006	0.1834	0.1557	0.0277	0.2209	0.1286	0.0923	0.0066	0.0052	0.0014	0.2143	0.1234	0.0909	0.0000	0.0000	0.0000	0.0000	0.0000	0.0000	0.0000	0.0000	0.0000	0.0313	0.0534	0.0007	0.0000	0.0000	0.0000	0.0323	0.0556	0.0007				
28	106	0.1812	7	1	2	0	0	0	0	0	0	N	Y	N	N	N	N	N	N	N	N	N	N	0.0000	0.0000	0.0000	0.0000	0.0000	0.0000	0.0000	0.0000	0.0000	0.0000	0.0000	0.0000	0.0000	0.0000	0.0000	0.0000	0.0000	0.0000	0.0000	0.0000	5.0000	1.0000	4.0000	1.0000	0.0000	0.0000	0.0000	0.0000	0.0000	0.0000	0.0000	0.0000	0.0000	0.0000	0.0000	0.0000	0.0000	0.0000	0.0000	0.0000	0.0000	0.0000	0.0660	0.0564	0.0096	0.0048	0.0045	0.0003	0.0612	0.0519	0.0093	0.0357	0.0227	0.0130	0.0111	0.0089	0.0022	0.0246	0.0139	0.0108	0.0000	0.0000	0.0000	0.0000	0.0000	0.0000	0.0000	0.0000	0.0000	0.0000	0.0000	0.0000	0.0000	0.0000	0.0000	0.0000	0.0000	0.0000											
28	107	0.1770	6	1	2	0	0	0	0	0	0	N	Y	N	N	N	N	N	N	N	N	N	N	0.0000	0.0000	0.0000	0.0000	0.0000	0.0000	0.0000	0.0000	0.0000	0.0000	0.0000	0.0000	0.0000	0.0000	0.0000	0.0000	0.0000	0.0000	0.0000	0.0000	5.0000	0.0000	4.0000	0.9999	0.0000	0.0000	0.0000	0.0000	0.0000	0.0000	0.0000	0.0000	0.0000	0.0000	0.0000	0.0000	0.0000	0.0000	0.0000	0.0000	0.0000	0.0000	0.0000	0.0000	0.0000	0.0000	0.0000	0.0000	0.0000	0.0000	0.0000	0.0179	0.0111	0.0068	0.0044	0.0035	0.0009	0.0135	0.0076	0.0059	0.0000	0.0000	0.0000	0.0000	0.0000	0.0000	0.0000	0.0000	0.0000	0.0000	0.0000	0.0000	0.0000	0.0000	0.0000	0.0000	0.0000	0.0000											
28	108	0.1563	5	1	2	0	0	0	0	0	0	N	Y	N	N	N	N	N	N	N	N	N	N	0.0000	0.0000	0.0000	0.0000	0.0000	0.0000	0.0000	0.0000	0.0000	0.0000	0.0000	0.0000	0.0000	0.0000	0.0000	0.0000	0.0000	0.0000	0.0000	0.0000	5.0000	0.0100	4.0000	4.8896	0.0000	0.0000	0.0000	0.0000	0.0000	0.0000	0.0000	0.0000	0.0000	0.0000	0.0000	0.0000	0.0000	0.0000	0.0000	0.0000	0.0000	0.0000	0.0013	0.0011	0.0002	0.0003	0.0003	0.0000	0.0009	0.0007	0.0002	0.1300	0.0846	0.0455	0.0371	0.0324	0.0047	0.0929	0.0522	0.0407	0.0000	0.0000	0.0000	0.0000	0.0000	0.0000	0.0000	0.0000	0.0000	0.0000	0.0000	0.0000	0.0000	0.0000	0.0000	0.0000	0.0000	0.0000											
28	109	0.1462	4	0	2	0	0	0	0	0	0	N	Y	N	N	N	N	N	N	N	N	N	N	0.0000	0.0000	0.0000	0.0000	0.0000	0.0000	0.0000	0.0000	0.0000	0.0000	0.0000	0.0000	0.0000	0.0000	0.0000	0.0000	0.0000	0.0000	0.0000	0.0000	5.0000	1.0007	4.0000	1.4004	0.0000	0.0000	0.0000	0.0000	0.0000	0.0000	0.0000	0.0000	0.0000	0.0000	0.0000	0.0000	0.0000	0.0000	0.0000	0.0000	0.0000	0.0000	0.0674	0.0576	0.0097	0.0056	0.0053	0.0003	0.0617	0.0523	0.0094	0.0415	0.0249	0.0166	0.0046	0.0037	0.0009	0.0369	0.0212	0.0157	0.0000	0.0000	0.0000	0.0000	0.0000	0.0000	0.0000	0.0000	0.0000	0.0000	0.0000	0.0000	0.0000	0.0000	0.0000	0.0000	0.0000	0.0000											
28	110	0.1328	3	0	1	0	0	0	0	0	0	N	N	N	N	N	N	N	N	N	N	N	N	29.0435	0.0000	inf	0.0000	0.0000	inf	inf	0.0221	0.0000	0.1520	0.0000	0.0000	0.0000	0.0333	0.0000	0.1968	0.0008	0.0012	0.0000	0.0045	0.0051	0.0000	0.0000	0.0000	0.0000	inf	0.0000	0.0004	-0.0000	5.0000	0.3039	4.0000	2.8719	0.0008	0.0000	0.0008	0.0000	0.0000	0.0000	0.0008	0.0000	0.0008	0.0001	0.0001	0.0000	0.0001	0.0001	0.0000	0.0000	0.0000	0.0000	0.0362	0.0309	0.0053	0.0121	0.0109	0.0012	0.0240	0.0200	0.0041	0.0657	0.0401	0.0256	0.0110	0.0098	0.0012	0.0547	0.0302	0.0244	29.0435	0.0000	inf	0.0000	0.0000	0.0000	inf	0.0000	inf	0.0008	0.0012	0.0000	0.0045	0.0051	0.0000	0.0000	0.0000	0.0000		
28	111	0.0803	2	0	1	0	0	0	0	0	0	N	N	N	N	N	N	N	N	N	N	N	N	15660.7768	0.0000	75016.2909	16076.2344	0.0000	75441.9112	4.0922	0.0000	28.1404	0.0000	0.0000	0.0000	4.3292	0.0000	28.7288	0.0003	0.0002	0.0004	0.0000	0.0000	0.0000	0.0003	0.0002	0.0004	inf	1.5000	0.5378	0.0000	5.0000	3.8240	4.0000	8.1760	0.9992	0.0000	0.9992	0.0000	0.0000	0.0000	0.9992	0.0000	0.9992	0.0001	0.0000	0.0000	0.0000	0.0000	0.0000	0.0001	0.0000	0.0000	0.2442	0.2087	0.0355	0.0134	0.0126	0.0007	0.2308	0.1960	0.0348	0.1913	0.1114	0.0800	0.0057	0.0045	0.0012	0.1857	0.1069	0.0788	15660.7768	0.0000	75016.2909	0.0000	0.0000	0.0000	16076.2344	0.0000	75441.9112	0.0003	0.0002	0.0004	0.0000	0.0000	0.0000	0.0003	0.0002	0.0004			
28	115	0.2730	5	0	1	0	0	0	0	0	0	N	N	N	N	N	N	N	N	N	N	N	N	6.6188	0.6539	11.0030	1.6681	2.0487	5.7505	6.0467	11.2246	0.4944	0.0065	3.7558	0.0864	0.0371	1.4941	0.5712	0.0000	3.8530	0.0747	0.0100	0.3413	0.0518	0.0181	0.2598	0.0945	0.0000	0.3433	86.1198	9.3499	0.1648	0.0174	5.0000	8.9918	4.0000	13.3277	0.3128	0.0036	0.3092	0.0087	0.0036	0.0051	0.3041	0.0000	0.3041	0.0479	0.0046	0.0433	0.0154	0.0046	0.0108	0.0325	0.0000	0.0325	0.6326	0.5503	0.0823	0.1002	0.0968	0.0034	0.5324	0.4535	0.0789	0.6416	0.4641	0.1774	0.2973	0.2558	0.0415	0.3443	0.2083	0.1360	6.6188	0.6539	15.3947	1.6681	2.0487	5.7505	6.0467	0.0000	16.1126	0.0747	0.0100	0.2440	0.0518	0.0181	0.2598	0.0945	0.0000	0.2391	
29	30	0.1710	6	0	2	1	1	0	0	0	0	N	Y	N	N	N	N	N	N	N	N	N	N	0.0000	0.0000	0.0000	0.0000	0.0000	0.0000	0.0000	0.0000	0.0000	0.0000	0.0000	0.0000	0.0000	0.0000	0.0000	0.0000	0.0000	0.0000	0.0000	0.0000	3.0000	0.0000	6.0000	3.0000	0.0000	0.0000	0.0000	0.0000	0.0000	0.0000	0.0000	0.0000	0.0000	0.0000	0.0000	0.0000	0.0000	0.0000	0.0000	0.0000	0.0000	0.0000	0.0000	0.0000	0.0000	0.0000	0.0000	0.0000	0.0000	0.0000	0.0000	0.0507	0.0311	0.0196	0.0134	0.0097	0.0037	0.0372	0.0214	0.0159	0.0000	0.0000	0.0000	0.0000	0.0000	0.0000	0.0000	0.0000	0.0000	0.0000	0.0000	0.0000	0.0000	0.0000	0.0000	0.0000	0.0000	0.0000											
29	31	0.1541	5	0	1	0	1	0	0	0	0	N	N	N	N	N	N	N	N	N	N	N	N	0.0000	0.0000	0.0000	0.0000	0.0000	0.0000	0.0000	0.0000	0.0000	0.0000	0.0000	0.0000	0.0000	0.0000	0.0000	0.0000	0.2383	0.0569	0.5871	0.2909	0.4656	0.0000	0.2059	0.0000	0.6823	4.2271	0.0000	0.0041	3.0000	0.9783	6.0000	3.0423	0.0000	0.0000	0.0000	0.0000	0.0000	0.0000	0.0000	0.0000	0.0000	0.0154	0.0029	0.0125	0.0029	0.0029	0.0000	0.0125	0.0000	0.0125	0.0412	0.0351	0.0061	0.0030	0.0029	0.0001	0.0382	0.0322	0.0060	0.0815	0.0519	0.0296	0.0209	0.0166	0.0043	0.0606	0.0353	0.0253	0.0000	0.0000	0.0000	0.0000	0.0000	0.0000	0.0000	0.0000	0.0000	0.1893	0.0569	0.4217	0.1412	0.1776	0.0000	0.2059	0.0000	0.4930			
29	32	0.0802	2	0	2	0	0	0	0	0	0	N	Y	N	N	N	N	N	N	N	N	N	N	inf	inf	inf	inf	3.7732	4.4127	0.0000	0.0000	0.0000	0.0000	3.9886	4.6930	0.0000	0.0000	0.0000	0.0000	0.0000	0.0000	0.0000	0.0000	0.0000	0.0000	0.0000	-0.4617	0.0000	3.0000	6.9988	6.0000	9.0016	1.0000	1.0000	0.0000	0.0000	0.0000	0.0000	1.0000	1.0000	0.0000	0.0000	0.0000	0.0000	0.0000	0.0000	0.0000	0.0000	0.0000	0.0000	0.2650	0.2266	0.0384	0.0143	0.0135	0.0008	0.2507	0.2131	0.0376	0.2478	0.1443	0.1035	0.0074	0.0059	0.0016	0.2404	0.1384	0.1020	inf	inf	0.0000	0.0000	0.0000	0.0000	inf	inf	0.0000	0.0000	0.0000	0.0000	0.0000	0.0000	0.0000	0.0000	0.0000	0.0000						
29	33	0.1811	7	1	2	0	0	0	0	0	0	N	Y	N	N	N	N	N	N	N	N	N	N	0.0000	0.0000	0.0000	0.0000	0.0000	0.0000	0.0000	0.0000	0.0000	0.0000	0.0000	0.0000	0.0000	0.0000	0.0000	0.0000	0.0000	0.0000	0.0000	0.0000	3.0000	0.0000	6.0000	0.0000	0.0000	0.0000	0.0000	0.0000	0.0000	0.0000	0.0000	0.0000	0.0000	0.0000	0.0000	0.0000	0.0000	0.0000	0.0000	0.0000	0.0000	0.0000	0.0000	0.0000	0.0000	0.0000	0.0000	0.0000	0.0000	0.0000	0.0000	0.0000	0.0000	0.0000	0.0000	0.0000	0.0000	0.0000	0.0000	0.0000	0.0000	0.0000	0.0000	0.0000	0.0000	0.0000	0.0000	0.0000	0.0000	0.0000	0.0000	0.0000	0.0000	0.0000	0.0000	0.0000	0.0000	0.0000											
29	34	0.1367	4	0	2	0	1	0	0	0	0	N	Y	N	N	N	N	N	N	N	N	N	N	0.0000	0.0000	0.0000	0.0000	0.0000	0.0000	0.0000	0.0000	0.0000	0.0000	0.0000	0.0000	0.0000	0.0000	0.0000	0.0000	0.0000	0.0000	0.0000	0.0000	3.0000	5.0000	6.0000	6.9850	0.0000	0.0000	0.0000	0.0000	0.0000	0.0000	0.0000	0.0000	0.0000	0.0000	0.0000	0.0000	0.0000	0.0000	0.0000	0.0000	0.0000	0.0000	0.1918	0.1637	0.0281	0.0092	0.0087	0.0005	0.1826	0.1550	0.0276	0.1943	0.1160	0.0784	0.0186	0.0142	0.0044	0.1757	0.1018	0.0740	0.0000	0.0000	0.0000	0.0000	0.0000	0.0000	0.0000	0.0000	0.0000	0.0000	0.0000	0.0000	0.0000	0.0000	0.0000	0.0000	0.0000	0.0000											
29	35	0.0802	2	1	2	0	0	0	0	0	0	N	Y	N	N	N	N	N	N	N	N	N	N	0.0000	0.0000	0.0000	0.0000	0.0000	0.0000	0.0000	0.0000	0.0000	0.0000	0.0000	0.0000	0.0000	0.0000	0.0000	0.0000	0.0000	0.0000	0.0000	0.0000	3.0000	1.9985	6.0000	17.9985	0.0000	0.0000	0.0000	0.0000	0.0000	0.0000	0.0000	0.0000	0.0000	0.0000	0.0000	0.0000	0.0000	0.0000	0.0000	0.0000	0.0000	0.0000	0.0794	0.0678	0.0117	0.0044	0.0042	0.0002	0.0750	0.0636	0.0115	0.3010	0.1753	0.1257	0.0091	0.0072	0.0019	0.2919	0.1681	0.1238	0.0000	0.0000	0.0000	0.0000	0.0000	0.0000	0.0000	0.0000	0.0000	0.0000	0.0000	0.0000	0.0000	0.0000	0.0000	0.0000	0.0000	0.0000											
29	36	0.2035	5	0	1	1	0	0	0	0	0	N	N	N	N	N	N	N	N	N	N	N	N	0.0000	0.0000	0.0000	0.0000	0.0000	0.0000	0.0000	0.0000	0.0000	0.0000	0.0000	0.0000	0.0000	0.0000	0.0000	0.0000	0.0000	0.0000	0.0000	0.0000	3.0000	0.0001	6.0000	0.9943	0.0000	0.0000	0.0000	0.0000	0.0000	0.0000	0.0000	0.0000	0.0000	0.0000	0.0000	0.0000	0.0000	0.0000	0.0000	0.0000	0.0000	0.0000	0.0000	0.0000	0.0000	0.0000	0.0000	0.0000	0.0000	0.0000	0.0000	0.0211	0.0139	0.0072	0.0052	0.0044	0.0008	0.0159	0.0095	0.0064	0.0000	0.0000	0.0000	0.0000	0.0000	0.0000	0.0000	0.0000	0.0000	0.0000	0.0000	0.0000	0.0000	0.0000	0.0000	0.0000	0.0000	0.0000											
29	37	0.1797	5	0	2	0	0	0	0	0	0	N	Y	N	N	N	N	N	N	N	N	N	N	0.0000	0.0000	0.0000	0.0000	0.0000	0.0000	0.0000	0.0000	0.0000	0.0000	0.0000	0.0000	0.0000	0.0000	0.0000	0.0000	0.0000	0.0000	0.0000	0.0000	3.0000	2.0000	6.0000	2.0000	0.0000	0.0000	0.0000	0.0000	0.0000	0.0000	0.0000	0.0000	0.0000	0.0000	0.0000	0.0000	0.0000	0.0000	0.0000	0.0000	0.0000	0.0000	0.0792	0.0676	0.0116	0.0054	0.0051	0.0003	0.0738	0.0625	0.0113	0.0690	0.0424	0.0267	0.0139	0.0106	0.0033	0.0552	0.0318	0.0234	0.0000	0.0000	0.0000	0.0000	0.0000	0.0000	0.0000	0.0000	0.0000	0.0000	0.0000	0.0000	0.0000	0.0000	0.0000	0.0000	0.0000	0.0000											
29	38	0.0552	2	1	1	1	0	0	0	0	0	N	N	N	N	N	N	N	N	N	N	N	N	0.0000	0.0000	0.0000	0.0000	0.0000	0.0000	0.0000	0.0000	0.0000	0.0000	0.0000	0.0000	0.0000	0.0000	0.0000	0.0000	0.0000	0.0000	0.0000	0.0000	3.0000	2.0000	6.0000	5.0000	0.0000	0.0000	0.0000	0.0000	0.0000	0.0000	0.0000	0.0000	0.0000	0.0000	0.0000	0.0000	0.0000	0.0000	0.0000	0.0000	0.0000	0.0000	0.0784	0.0666	0.0118	0.0003	0.0003	0.0000	0.0781	0.0663	0.0118	0.1368	0.0706	0.0662	0.0019	0.0017	0.0002	0.1349	0.0689	0.0660	0.0000	0.0000	0.0000	0.0000	0.0000	0.0000	0.0000	0.0000	0.0000	0.0000	0.0000	0.0000	0.0000	0.0000	0.0000	0.0000	0.0000	0.0000											
29	39	0.1541	5	0	2	0	0	0	0	0	0	N	Y	N	N	N	N	N	N	N	N	N	N	0.0000	0.0000	0.0000	0.0000	0.0000	0.0000	0.0000	0.0000	0.0000	0.0000	0.0000	0.0000	0.0000	0.0000	0.0000	8.9542	0.0000	51.1209	0.0022	0.0000	0.0097	11.5204	0.0000	56.3457	inf	0.0000	0.4645	3.0000	0.0217	6.0000	6.0735	0.0000	0.0000	0.0000	0.0000	0.0000	0.0000	0.0000	0.0000	0.0000	1.0096	0.0000	1.0096	0.0001	0.0000	0.0001	1.0095	0.0000	1.0095	0.0031	0.0027	0.0004	0.0012	0.0012	0.0000	0.0020	0.0015	0.0004	0.1152	0.0723	0.0430	0.0276	0.0215	0.0062	0.0876	0.0508	0.0368	0.0000	0.0000	0.0000	0.0000	0.0000	0.0000	0.0000	0.0000	0.0000	8.7604	0.0000	23.4833	0.0022	0.0000	0.0097	11.5204	0.0000	27.4113				
29	40	0.1367	4	0	1	0	0	0	0	0	0	N	N	N	N	N	N	N	N	N	N	N	N	0.0000	0.0000	0.0000	0.0000	0.0000	0.0000	0.0000	0.0000	0.0000	0.0000	0.0000	0.0000	0.0000	0.0000	0.0000	14.5301	0.0014	73.0305	0.0000	0.0000	0.0000	15.4783	0.0016	73.2630	16507.0000	0.0000	0.4556	3.0000	0.0217	6.0000	4.0395	0.0000	0.0000	0.0000	0.0000	0.0000	0.0000	0.0000	0.0000	0.0000	0.9905	0.0001	0.9904	0.0000	0.0000	0.0000	0.9905	0.0001	0.9904	0.0009	0.0007	0.0001	0.0000	0.0000	0.0000	0.0008	0.0007	0.0001	0.0714	0.0429	0.0285	0.0074	0.0058	0.0016	0.0640	0.0371	0.0269	0.0000	0.0000	0.0000	0.0000	0.0000	0.0000	0.0000	0.0000	0.0000	13.8794	0.0014	34.7875	0.0000	0.0000	0.0000	15.4783	0.0016	36.8146				
29	41	0.1367	4	0	2	0	1	0	0	0	0	N	Y	N	N	N	N	N	N	N	N	N	N	0.0000	0.0000	0.0000	0.0000	0.0000	0.0000	0.0000	0.0000	0.0000	0.0000	0.0000	0.0000	0.0000	0.0000	0.0000	0.0000	0.0000	0.0000	0.0000	0.0000	3.0000	0.0000	6.0000	7.0150	0.0000	0.0000	0.0000	0.0000	0.0000	0.0000	0.0000	0.0000	0.0000	0.0000	0.0000	0.0000	0.0000	0.0000	0.0000	0.0000	0.0000	0.0000	0.0000	0.0000	0.0000	0.0000	0.0000	0.0000	0.0000	0.0000	0.0000	0.1189	0.0711	0.0478	0.0117	0.0090	0.0027	0.1072	0.0621	0.0451	0.0000	0.0000	0.0000	0.0000	0.0000	0.0000	0.0000	0.0000	0.0000	0.0000	0.0000	0.0000	0.0000	0.0000	0.0000	0.0000	0.0000	0.0000											
29	42	0.0552	2	1	1	1	0	0	0	0	0	N	N	N	N	N	N	N	N	N	N	N	N	0.0000	0.0000	0.0000	0.0000	0.0000	0.0000	0.0000	0.0000	0.0000	0.0000	0.0000	0.0000	0.0000	0.0000	0.0000	0.0000	0.0000	0.0000	0.0000	0.0000	3.0000	0.0000	6.0000	0.0000	0.0000	0.0000	0.0000	0.0000	0.0000	0.0000	0.0000	0.0000	0.0000	0.0000	0.0000	0.0000	0.0000	0.0000	0.0000	0.0000	0.0000	0.0000	0.0000	0.0000	0.0000	0.0000	0.0000	0.0000	0.0000	0.0000	0.0000	0.0000	0.0000	0.0000	0.0000	0.0000	0.0000	0.0000	0.0000	0.0000	0.0000	0.0000	0.0000	0.0000	0.0000	0.0000	0.0000	0.0000	0.0000	0.0000	0.0000	0.0000	0.0000	0.0000	0.0000	0.0000	0.0000	0.0000											
29	45	0.1797	5	0	1	1	0	0	0	0	0	N	N	N	N	N	N	N	N	N	N	N	N	0.0000	0.0000	0.0000	0.0000	0.0000	0.0000	0.0000	0.0000	0.0000	0.0000	0.0000	0.0000	0.0000	0.0000	0.0000	0.0000	0.0000	0.0000	0.0000	0.0000	3.0000	0.0000	6.0000	0.0000	0.0000	0.0000	0.0000	0.0000	0.0000	0.0000	0.0000	0.0000	0.0000	0.0000	0.0000	0.0000	0.0000	0.0000	0.0000	0.0000	0.0000	0.0000	0.0000	0.0000	0.0000	0.0000	0.0000	0.0000	0.0000	0.0000	0.0000	0.0000	0.0000	0.0000	0.0000	0.0000	0.0000	0.0000	0.0000	0.0000	0.0000	0.0000	0.0000	0.0000	0.0000	0.0000	0.0000	0.0000	0.0000	0.0000	0.0000	0.0000	0.0000	0.0000	0.0000	0.0000	0.0000	0.0000											
29	46	0.1367	4	0	1	0	0	0	0	0	0	N	N	N	N	N	N	N	N	N	N	N	N	0.0000	0.0000	0.0000	0.0000	0.0000	0.0000	0.0000	0.0000	0.0000	0.0000	0.0000	0.0000	0.0000	0.0000	0.0000	0.0000	0.0000	0.0000	0.0000	0.0000	3.0000	4.0000	6.0000	5.9850	0.0000	0.0000	0.0000	0.0000	0.0000	0.0000	0.0000	0.0000	0.0000	0.0000	0.0000	0.0000	0.0000	0.0000	0.0000	0.0000	0.0000	0.0000	0.1549	0.1321	0.0227	0.0074	0.0071	0.0004	0.1474	0.1251	0.0223	0.1647	0.0983	0.0663	0.0159	0.0122	0.0037	0.1488	0.0862	0.0626	0.0000	0.0000	0.0000	0.0000	0.0000	0.0000	0.0000	0.0000	0.0000	0.0000	0.0000	0.0000	0.0000	0.0000	0.0000	0.0000	0.0000	0.0000											
29	47	0.2077	6	0	2	0	0	0	0	0	0	N	Y	N	N	N	N	N	N	N	N	N	N	0.0000	0.0000	0.0000	0.0000	0.0000	0.0000	0.0000	0.0000	0.0000	0.0000	0.0000	0.0000	0.0000	0.0000	0.0000	0.0000	0.0000	0.0000	0.0000	0.0000	3.0000	0.0000	6.0000	0.0000	0.0000	0.0000	0.0000	0.0000	0.0000	0.0000	0.0000	0.0000	0.0000	0.0000	0.0000	0.0000	0.0000	0.0000	0.0000	0.0000	0.0000	0.0000	0.0000	0.0000	0.0000	0.0000	0.0000	0.0000	0.0000	0.0000	0.0000	0.0000	0.0000	0.0000	0.0000	0.0000	0.0000	0.0000	0.0000	0.0000	0.0000	0.0000	0.0000	0.0000	0.0000	0.0000	0.0000	0.0000	0.0000	0.0000	0.0000	0.0000	0.0000	0.0000	0.0000	0.0000	0.0000	0.0000											
29	48	0.0710	3	1	2	1	0	0	0	0	0	N	Y	N	N	N	N	N	N	N	N	N	N	0.0000	0.0000	0.0000	0.0000	0.0000	0.0000	0.0000	0.0000	0.0000	0.0000	0.0000	0.0000	0.0000	0.0000	0.0000	0.0000	0.0000	0.0000	0.0000	0.0000	3.0000	0.0000	6.0000	2.0152	0.0000	0.0000	0.0000	0.0000	0.0000	0.0000	0.0000	0.0000	0.0000	0.0000	0.0000	0.0000	0.0000	0.0000	0.0000	0.0000	0.0000	0.0000	0.0000	0.0000	0.0000	0.0000	0.0000	0.0000	0.0000	0.0000	0.0000	0.0378	0.0227	0.0151	0.0031	0.0027	0.0004	0.0347	0.0201	0.0146	0.0000	0.0000	0.0000	0.0000	0.0000	0.0000	0.0000	0.0000	0.0000	0.0000	0.0000	0.0000	0.0000	0.0000	0.0000	0.0000	0.0000	0.0000											
29	49	0.0667	2	1	1	1	0	0	0	0	0	N	N	N	N	N	N	N	N	N	N	N	N	0.0000	0.0000	0.0000	0.0000	0.0000	0.0000	0.0000	0.0000	0.0000	0.0000	0.0000	0.0000	0.0000	0.0000	0.0000	0.0000	0.0000	0.0000	0.0000	0.0000	3.0000	0.0003	6.0000	1.0311	0.0000	0.0000	0.0000	0.0000	0.0000	0.0000	0.0000	0.0000	0.0000	0.0000	0.0000	0.0000	0.0000	0.0000	0.0000	0.0000	0.0000	0.0000	0.0000	0.0000	0.0000	0.0000	0.0000	0.0000	0.0000	0.0000	0.0000	0.0196	0.0119	0.0077	0.0016	0.0014	0.0002	0.0180	0.0105	0.0075	0.0000	0.0000	0.0000	0.0000	0.0000	0.0000	0.0000	0.0000	0.0000	0.0000	0.0000	0.0000	0.0000	0.0000	0.0000	0.0000	0.0000	0.0000											
29	50	0.0667	2	1	2	1	0	0	0	0	0	N	Y	N	N	N	N	N	N	N	N	N	N	0.0000	0.0000	0.0000	0.0000	0.0000	0.0000	0.0000	0.0000	0.0000	0.0000	0.0000	0.0000	0.0000	0.0000	0.0000	0.0000	0.0000	0.0000	0.0000	0.0000	3.0000	0.0003	6.0000	1.0126	0.0000	0.0000	0.0000	0.0000	0.0000	0.0000	0.0000	0.0000	0.0000	0.0000	0.0000	0.0000	0.0000	0.0000	0.0000	0.0000	0.0000	0.0000	0.0000	0.0000	0.0000	0.0000	0.0000	0.0000	0.0000	0.0000	0.0000	0.0193	0.0117	0.0075	0.0016	0.0014	0.0002	0.0177	0.0103	0.0074	0.0000	0.0000	0.0000	0.0000	0.0000	0.0000	0.0000	0.0000	0.0000	0.0000	0.0000	0.0000	0.0000	0.0000	0.0000	0.0000	0.0000	0.0000											
29	51	0.1796	3	1	2	0	0	0	0	0	0	N	Y	N	N	N	N	N	N	N	N	N	N	0.0000	0.0000	0.0000	0.0000	0.0000	0.0000	0.0000	0.0000	0.0000	0.0000	0.0000	0.0000	0.0000	0.0000	0.0000	0.0000	0.0000	0.0000	0.0000	0.0000	3.0000	0.0000	6.0000	1.0000	0.0000	0.0000	0.0000	0.0000	0.0000	0.0000	0.0000	0.0000	0.0000	0.0000	0.0000	0.0000	0.0000	0.0000	0.0000	0.0000	0.0000	0.0000	0.0000	0.0000	0.0000	0.0000	0.0000	0.0000	0.0000	0.0000	0.0000	0.0170	0.0106	0.0064	0.0033	0.0026	0.0006	0.0137	0.0080	0.0058	0.0000	0.0000	0.0000	0.0000	0.0000	0.0000	0.0000	0.0000	0.0000	0.0000	0.0000	0.0000	0.0000	0.0000	0.0000	0.0000	0.0000	0.0000											
29	52	0.1757	6	0	2	0	1	0	0	0	0	N	Y	N	N	N	N	N	N	N	N	N	N	0.0000	0.0000	0.0000	0.0000	0.0000	0.0000	0.0000	0.0000	0.0000	0.0000	0.0000	0.0000	0.0000	0.0000	0.0000	0.0000	0.0000	0.0000	0.0000	0.0000	3.0000	0.9995	6.0000	1.0399	0.0000	0.0000	0.0000	0.0000	0.0000	0.0000	0.0000	0.0000	0.0000	0.0000	0.0000	0.0000	0.0000	0.0000	0.0000	0.0000	0.0000	0.0000	0.0399	0.0340	0.0059	0.0022	0.0021	0.0001	0.0377	0.0319	0.0058	0.0505	0.0349	0.0156	0.0117	0.0107	0.0011	0.0388	0.0243	0.0145	0.0000	0.0000	0.0000	0.0000	0.0000	0.0000	0.0000	0.0000	0.0000	0.0000	0.0000	0.0000	0.0000	0.0000	0.0000	0.0000	0.0000	0.0000											
29	53	0.1757	6	0	1	0	1	0	0	0	0	N	N	N	N	N	N	N	N	N	N	N	N	0.0000	0.0000	0.0000	0.0000	0.0000	0.0000	0.0000	0.0000	0.0000	0.0000	0.0000	0.0000	0.0000	0.0000	0.0000	0.0000	0.0000	0.0000	0.0000	0.0000	3.0000	3.0005	6.0000	1.0125	0.0000	0.0000	0.0000	0.0000	0.0000	0.0000	0.0000	0.0000	0.0000	0.0000	0.0000	0.0000	0.0000	0.0000	0.0000	0.0000	0.0000	0.0000	0.1175	0.1002	0.0173	0.0065	0.0062	0.0003	0.1110	0.0941	0.0170	0.0846	0.0555	0.0291	0.0161	0.0140	0.0021	0.0685	0.0415	0.0270	0.0000	0.0000	0.0000	0.0000	0.0000	0.0000	0.0000	0.0000	0.0000	0.0000	0.0000	0.0000	0.0000	0.0000	0.0000	0.0000	0.0000	0.0000											
29	54	0.1675	5	0	1	0	1	0	0	0	0	N	N	N	N	N	N	N	N	N	N	N	N	0.0000	0.0000	0.0000	0.0000	0.0000	0.0000	0.0000	0.0000	0.0000	0.0000	0.0000	0.0000	0.0000	0.0000	0.0000	0.0000	0.0000	0.0000	0.0000	0.0000	3.0000	0.0013	6.0000	1.9704	0.0000	0.0000	0.0000	0.0000	0.0000	0.0000	0.0000	0.0000	0.0000	0.0000	0.0000	0.0000	0.0000	0.0000	0.0000	0.0000	0.0000	0.0000	0.0001	0.0000	0.0000	0.0000	0.0000	0.0000	0.0001	0.0000	0.0000	0.0351	0.0210	0.0142	0.0033	0.0025	0.0008	0.0319	0.0185	0.0134	0.0000	0.0000	0.0000	0.0000	0.0000	0.0000	0.0000	0.0000	0.0000	0.0000	0.0000	0.0000	0.0000	0.0000	0.0000	0.0000	0.0000	0.0000											
29	55	0.1367	4	0	1	0	1	0	0	0	0	N	N	N	N	N	N	N	N	N	N	N	N	0.0000	0.0000	0.0000	0.0000	0.0000	0.0000	0.0000	0.0000	0.0000	0.0000	0.0000	0.0000	0.0000	0.0000	0.0000	0.0000	0.0000	0.0000	0.0000	0.0000	3.0000	3.0000	6.0000	4.0155	0.0000	0.0000	0.0000	0.0000	0.0000	0.0000	0.0000	0.0000	0.0000	0.0000	0.0000	0.0000	0.0000	0.0000	0.0000	0.0000	0.0000	0.0000	0.1173	0.1000	0.0173	0.0057	0.0054	0.0003	0.1116	0.0946	0.0170	0.1189	0.0712	0.0478	0.0117	0.0090	0.0027	0.1073	0.0621	0.0451	0.0000	0.0000	0.0000	0.0000	0.0000	0.0000	0.0000	0.0000	0.0000	0.0000	0.0000	0.0000	0.0000	0.0000	0.0000	0.0000	0.0000	0.0000											
29	56	0.0573	3	0	2	1	0	0	0	0	0	N	Y	N	N	N	N	N	N	N	N	N	N	0.0001	0.0001	33.5188	31.9033	0.0000	0.0000	0.0001	0.0001	0.0000	0.0578	0.0579	0.0000	0.0000	0.0000	0.0000	0.9870	2.2027	0.0000	0.0017	0.0018	0.0000	0.6494	1.2249	0.0000	0.0000	0.0000	-0.0000	-0.0565	3.0000	2.0013	6.0000	5.6727	0.0000	0.0000	0.0000	0.0000	0.0000	0.0000	0.0000	0.0000	0.0000	0.1047	0.1047	0.0000	0.0000	0.0000	0.0000	0.1047	0.1047	0.0000	0.0789	0.0670	0.0119	0.0002	0.0002	0.0000	0.0787	0.0668	0.0119	0.1844	0.1075	0.0769	0.0232	0.0220	0.0012	0.1612	0.0855	0.0757	0.0002	0.0002	0.0000	33.5188	31.9033	0.0000	0.0000	0.0000	0.0000	0.5678	0.9741	0.0000	0.0017	0.0018	0.0000	0.6494	1.2249	0.0000			
29	57	0.0536	2	0	2	0	0	0	0	0	0	N	Y	N	N	N	N	N	N	N	N	N	N	0.1219	0.0982	0.0000	17.5558	21.1399	0.0000	0.0033	0.0023	0.0000	1.6611	1.8974	0.0000	12.2297	12.2298	0.0000	0.0637	0.0744	0.0000	13.6229	19.3157	0.0011	0.6966	0.5785	0.0032	19.0977	32.3747	0.0010	0.0000	0.0000	-0.0001	-0.4688	3.0000	0.0033	6.0000	1.3874	0.0003	0.0003	0.0000	0.0003	0.0003	0.0000	0.0000	0.0000	0.0000	0.8682	0.8682	0.0000	0.0036	0.0036	0.0000	0.8646	0.8646	0.0000	0.0002	0.0002	0.0000	0.0000	0.0000	0.0000	0.0002	0.0001	0.0000	0.0637	0.0449	0.0188	0.0185	0.0182	0.0002	0.0453	0.0267	0.0186	0.1219	0.0982	0.0000	62.6545	61.9299	0.0000	0.0033	0.0023	0.0000	13.6229	19.3157	0.0011	0.1952	0.1975	0.0032	19.0977	32.3747	0.0010
29	59	0.0536	2	0	2	0	0	0	0	0	0	N	Y	N	N	N	N	N	N	N	N	N	N	37.6147	16.7336	0.0000	0.0000	inf	inf	12.7308	14.9896	0.0000	0.0000	0.0000	0.0000	12.7347	14.9948	0.0000	0.3385	0.8958	0.0000	22.6960	22.1920	0.0000	0.0000	0.0000	0.0000	0.0000	0.0000	-0.4616	-0.0185	3.0000	1.9997	6.0000	3.4660	0.9997	0.9997	0.0000	0.0000	0.0000	0.0000	0.9997	0.9997	0.0000	0.0343	0.0343	0.0000	0.0343	0.0343	0.0000	0.0000	0.0000	0.0000	0.0785	0.0667	0.0118	0.0000	0.0000	0.0000	0.0785	0.0667	0.0118	0.1411	0.0842	0.0569	0.0198	0.0190	0.0008	0.1212	0.0651	0.0561	52.3382	36.7680	0.0000	0.0000	0.0000	0.0000	inf	inf	0.0000	0.2432	0.4077	0.0000	1.7293	1.8017	0.0000	0.0000	0.0000	0.0000			
29	61	0.2077	6	0	1	1	0	0	0	0	0	N	N	N	N	N	N	N	N	N	N	N	N	0.0000	0.0000	0.0000	0.0000	0.0000	0.0000	0.0000	0.0000	0.0000	0.0000	0.0000	0.0000	0.0000	0.0000	0.0000	0.0000	0.0000	0.0000	0.0000	0.0000	3.0000	0.0000	6.0000	1.0000	0.0000	0.0000	0.0000	0.0000	0.0000	0.0000	0.0000	0.0000	0.0000	0.0000	0.0000	0.0000	0.0000	0.0000	0.0000	0.0000	0.0000	0.0000	0.0000	0.0000	0.0000	0.0000	0.0000	0.0000	0.0000	0.0000	0.0000	0.0163	0.0099	0.0064	0.0029	0.0020	0.0008	0.0135	0.0079	0.0056	0.0000	0.0000	0.0000	0.0000	0.0000	0.0000	0.0000	0.0000	0.0000	0.0000	0.0000	0.0000	0.0000	0.0000	0.0000	0.0000	0.0000	0.0000											
29	62	0.2035	5	0	1	0	0	0	0	0	0	N	N	N	N	N	N	N	N	N	N	N	N	0.0000	0.0000	0.0000	0.0000	0.0000	0.0000	0.0000	0.0000	0.0000	0.0000	0.0000	0.0000	0.0000	0.0000	0.0000	0.0000	0.0000	0.0000	0.0000	0.0000	3.0000	0.0001	6.0000	1.0076	0.0000	0.0000	0.0000	0.0000	0.0000	0.0000	0.0000	0.0000	0.0000	0.0000	0.0000	0.0000	0.0000	0.0000	0.0000	0.0000	0.0000	0.0000	0.0000	0.0000	0.0000	0.0000	0.0000	0.0000	0.0000	0.0000	0.0000	0.0213	0.0140	0.0073	0.0052	0.0044	0.0008	0.0161	0.0096	0.0064	0.0000	0.0000	0.0000	0.0000	0.0000	0.0000	0.0000	0.0000	0.0000	0.0000	0.0000	0.0000	0.0000	0.0000	0.0000	0.0000	0.0000	0.0000											
29	63	0.1367	4	0	1	0	0	0	0	0	0	N	N	N	N	N	N	N	N	N	N	N	N	0.0000	0.0000	0.0000	0.0000	0.0000	0.0000	0.0000	0.0000	0.0000	0.0000	0.0000	0.0000	0.0000	0.0000	0.0000	0.0000	0.0000	0.0000	0.0000	0.0000	3.0000	11.9999	6.0000	3.0574	0.0000	0.0000	0.0000	0.0000	0.0000	0.0000	0.0000	0.0000	0.0000	0.0000	0.0000	0.0000	0.0000	0.0000	0.0000	0.0000	0.0000	0.0000	0.4318	0.3700	0.0618	0.0202	0.0192	0.0010	0.4116	0.3509	0.0608	0.2382	0.1421	0.0961	0.0227	0.0173	0.0054	0.2155	0.1248	0.0907	0.0000	0.0000	0.0000	0.0000	0.0000	0.0000	0.0000	0.0000	0.0000	0.0000	0.0000	0.0000	0.0000	0.0000	0.0000	0.0000	0.0000	0.0000											
29	65	0.0802	2	0	1	0	0	0	0	0	0	N	N	N	N	N	N	N	N	N	N	N	N	0.0000	0.0000	0.0000	0.0000	0.0000	0.0000	0.0000	0.0000	0.0000	0.0000	0.0000	0.0000	0.0000	5.2249	0.0000	23.9493	0.0000	0.0000	0.0000	5.3846	0.0000	23.2856	inf	0.0000	0.4601	3.0000	2.0015	6.0000	10.0016	0.0000	0.0000	0.0000	0.0000	0.0000	0.0000	0.0000	0.0000	0.0000	1.0000	0.0000	1.0000	0.0000	0.0000	0.0000	1.0000	0.0000	1.0000	0.0796	0.0679	0.0117	0.0044	0.0042	0.0002	0.0751	0.0637	0.0115	0.1914	0.1114	0.0800	0.0057	0.0045	0.0012	0.1857	0.1069	0.0788	0.0000	0.0000	0.0000	0.0000	0.0000	0.0000	0.0000	0.0000	0.0000	5.2249	0.0000	12.5012	0.0000	0.0000	0.0000	5.3846	0.0000	12.6906						
29	67	0.2351	4	0	1	0	0	0	0	0	0	N	N	N	N	N	N	N	N	N	N	N	N	38.7206	31.3512	111.2494	99.4966	inf	inf	0.2033	0.2348	0.0000	1.5148	1.5730	0.0000	0.0001	0.0001	0.0000	0.0052	0.0075	0.0000	0.0136	0.0158	0.0000	0.0000	0.0000	0.0000	0.0000	0.0000	-0.0197	-0.0014	3.0000	4.8614	6.0000	14.2102	0.0426	0.0426	0.0000	0.0425	0.0425	0.0000	0.0000	0.0000	0.0000	0.0026	0.0026	0.0000	0.0026	0.0026	0.0000	0.0000	0.0000	0.0000	0.2094	0.1813	0.0281	0.0281	0.0270	0.0010	0.1813	0.1542	0.0271	0.4972	0.3485	0.1487	0.1917	0.1651	0.0266	0.3055	0.1834	0.1221	38.7206	31.3512	0.0000	111.2494	99.4966	0.0000	inf	inf	0.0000	0.0052	0.0075	0.0000	0.0136	0.0158	0.0000	0.0000	0.0000	0.0000			
29	68	0.0723	4	1	2	1	0	0	0	0	0	N	Y	N	N	N	N	N	N	N	N	N	N	0.0000	0.0000	0.0000	0.0000	0.0000	0.0000	0.0000	0.0000	0.0000	0.0000	0.0000	0.0000	0.0000	0.0000	0.0000	0.0000	0.0000	0.0000	0.0000	0.0000	3.0000	0.0000	6.0000	0.0000	0.0000	0.0000	0.0000	0.0000	0.0000	0.0000	0.0000	0.0000	0.0000	0.0000	0.0000	0.0000	0.0000	0.0000	0.0000	0.0000	0.0000	0.0000	0.0000	0.0000	0.0000	0.0000	0.0000	0.0000	0.0000	0.0000	0.0000	0.0000	0.0000	0.0000	0.0000	0.0000	0.0000	0.0000	0.0000	0.0000	0.0000	0.0000	0.0000	0.0000	0.0000	0.0000	0.0000	0.0000	0.0000	0.0000	0.0000	0.0000	0.0000	0.0000	0.0000	0.0000	0.0000	0.0000											
29	69	0.0682	3	1	1	1	0	0	0	0	0	N	N	N	N	N	N	N	N	N	N	N	N	0.0000	0.0000	0.0000	0.0000	0.0000	0.0000	0.0000	0.0000	0.0000	0.0000	0.0000	0.0000	0.0000	0.0023	0.0000	0.0048	0.0000	0.0000	0.0000	0.0025	0.0000	0.0049	inf	0.0000	0.0000	3.0000	0.0016	6.0000	0.9826	0.0000	0.0000	0.0000	0.0000	0.0000	0.0000	0.0000	0.0000	0.0000	0.0001	0.0000	0.0001	0.0000	0.0000	0.0000	0.0001	0.0000	0.0001	0.0002	0.0002	0.0000	0.0001	0.0001	0.0000	0.0001	0.0001	0.0000	0.0219	0.0116	0.0104	0.0021	0.0019	0.0002	0.0199	0.0097	0.0101	0.0000	0.0000	0.0000	0.0000	0.0000	0.0000	0.0000	0.0000	0.0000	0.0023	0.0000	0.0048	0.0000	0.0000	0.0000	0.0025	0.0000	0.0049						
29	70	0.0554	2	1	1	1	0	0	0	0	0	N	N	N	N	N	N	N	N	N	N	N	N	26.3398	2876.3857	0.0000	365.9010	1080.8273	0.0000	0.0000	0.0000	3.5771	4.0461	0.0000	11.7500	11.7503	0.0000	0.0000	0.0000	0.0000	0.1358	0.0014	0.3896	0.0321	0.0109	0.2682	0.1442	0.0000	0.4016	0.0000	180.9946	-0.0010	0.0041	3.0000	0.0061	6.0000	3.0249	0.0022	0.0022	0.0000	0.0022	0.0022	0.0000	0.0000	0.0000	0.0000	0.0090	0.0000	0.0090	0.0002	0.0000	0.0001	0.0089	0.0000	0.0089	0.0006	0.0005	0.0001	0.0002	0.0002	0.0000	0.0004	0.0004	0.0001	0.0664	0.0352	0.0312	0.0050	0.0046	0.0004	0.0614	0.0307	0.0308	26.3398	2876.3857	0.0000	365.9010	1080.8273	0.0000	0.0000	0.0000	0.0000	0.1358	0.0014	0.2877	0.0321	0.0109	0.2682	0.1442	0.0000	0.2879	
29	72	0.0802	2	0	2	0	0	0	0	0	0	N	Y	N	N	N	N	N	N	N	N	N	N	inf	inf	inf	inf	8.7222	0.0000	60.0005	0.0000	0.0000	0.0000	9.2225	0.0000	61.2431	0.0000	0.0000	0.0000	0.0000	0.0000	0.0000	0.0000	0.0000	0.0000	inf	1.0765	0.0000	3.0000	5.9987	6.0000	11.0016	2.0000	0.0000	2.0000	0.0000	0.0000	0.0000	2.0000	0.0000	2.0000	0.0000	0.0000	0.0000	0.0000	0.0000	0.0000	0.0000	0.0000	0.0000	0.2293	0.1960	0.0333	0.0124	0.0118	0.0007	0.2169	0.1842	0.0327	0.2614	0.1522	0.1092	0.0079	0.0062	0.0017	0.2536	0.1460	0.1076	inf	0.0000	inf	0.0000	0.0000	0.0000	inf	0.0000	inf	0.0000	0.0000	0.0000	0.0000	0.0000	0.0000	0.0000	0.0000	0.0000						
29	74	0.1220	4	0	2	0	0	0	0	0	0	N	Y	N	N	N	N	N	N	N	N	N	N	0.0000	0.0000	0.0000	0.0000	0.0000	0.0000	0.0000	0.0000	0.0000	0.0000	0.0000	0.0000	0.0000	0.0001	0.0001	0.0000	0.0005	0.0006	0.0000	0.0000	0.0000	0.0000	0.0000	0.0000	-0.0000	3.0000	6.1274	6.0000	13.6208	0.0000	0.0000	0.0000	0.0000	0.0000	0.0000	0.0000	0.0000	0.0000	0.0000	0.0000	0.0000	0.0000	0.0000	0.0000	0.0000	0.0000	0.0000	0.2414	0.2066	0.0348	0.0160	0.0153	0.0007	0.2254	0.1912	0.0341	0.3232	0.1994	0.1238	0.0377	0.0318	0.0058	0.2855	0.1675	0.1180	0.0000	0.0000	0.0000	0.0000	0.0000	0.0000	0.0000	0.0000	0.0000	0.0001	0.0001	0.0000	0.0005	0.0006	0.0000	0.0000	0.0000	0.0000						
29	75	0.1466	7	0	1	1	0	0	0	0	0	N	N	N	N	N	N	N	N	N	N	N	N	0.0000	0.0000	0.0000	0.0000	0.0000	0.0000	0.0000	0.0000	0.0000	0.0000	0.0000	0.0000	0.0000	0.0000	0.0000	0.0000	0.0000	0.0000	0.0000	0.0000	3.0000	0.0000	6.0000	1.0003	0.0000	0.0000	0.0000	0.0000	0.0000	0.0000	0.0000	0.0000	0.0000	0.0000	0.0000	0.0000	0.0000	0.0000	0.0000	0.0000	0.0000	0.0000	0.0000	0.0000	0.0000	0.0000	0.0000	0.0000	0.0000	0.0000	0.0000	0.0203	0.0108	0.0096	0.0018	0.0014	0.0004	0.0186	0.0093	0.0092	0.0000	0.0000	0.0000	0.0000	0.0000	0.0000	0.0000	0.0000	0.0000	0.0000	0.0000	0.0000	0.0000	0.0000	0.0000	0.0000	0.0000	0.0000											
29	76	0.1425	6	0	1	1	0	0	0	0	0	N	N	N	N	N	N	N	N	N	N	N	N	0.0000	0.0000	0.0000	0.0000	0.0000	0.0000	0.0000	0.0000	0.0000	0.0000	0.0000	0.0000	0.0000	0.0000	0.0000	0.0000	0.0000	0.0000	0.0000	0.0000	3.0000	0.0000	6.0000	1.0076	0.0000	0.0000	0.0000	0.0000	0.0000	0.0000	0.0000	0.0000	0.0000	0.0000	0.0000	0.0000	0.0000	0.0000	0.0000	0.0000	0.0000	0.0000	0.0000	0.0000	0.0000	0.0000	0.0000	0.0000	0.0000	0.0000	0.0000	0.0203	0.0107	0.0096	0.0016	0.0013	0.0003	0.0187	0.0095	0.0093	0.0000	0.0000	0.0000	0.0000	0.0000	0.0000	0.0000	0.0000	0.0000	0.0000	0.0000	0.0000	0.0000	0.0000	0.0000	0.0000	0.0000	0.0000											
29	77	0.1384	5	0	1	0	0	0	0	0	0	N	N	N	N	N	N	N	N	N	N	N	N	0.0000	0.0000	0.0000	0.0000	0.0000	0.0000	0.0000	0.0000	0.0000	0.0000	0.0000	0.0000	0.0000	0.0000	0.0000	0.0000	0.0000	0.0000	0.0000	0.0000	3.0000	0.0026	6.0000	0.9924	0.0000	0.0000	0.0000	0.0000	0.0000	0.0000	0.0000	0.0000	0.0000	0.0000	0.0000	0.0000	0.0000	0.0000	0.0000	0.0000	0.0000	0.0000	0.0003	0.0003	0.0000	0.0001	0.0001	0.0000	0.0002	0.0002	0.0000	0.0201	0.0106	0.0095	0.0016	0.0012	0.0003	0.0185	0.0093	0.0092	0.0000	0.0000	0.0000	0.0000	0.0000	0.0000	0.0000	0.0000	0.0000	0.0000	0.0000	0.0000	0.0000	0.0000	0.0000	0.0000	0.0000	0.0000											
29	78	0.1220	4	0	1	0	0	0	0	0	0	N	N	N	N	N	N	N	N	N	N	N	N	0.0000	0.0000	0.0000	0.0000	0.0000	0.0000	0.0000	0.0000	0.0000	0.0000	0.0000	0.0000	0.0000	0.0003	0.0005	0.0000	0.0016	0.0017	0.0000	0.0000	0.0000	0.0000	0.0000	0.0000	-0.0000	3.0000	2.8733	6.0000	1.5522	0.0000	0.0000	0.0000	0.0000	0.0000	0.0000	0.0000	0.0000	0.0000	0.0000	0.0000	0.0000	0.0000	0.0000	0.0000	0.0000	0.0000	0.0000	0.1213	0.1038	0.0175	0.0101	0.0098	0.0003	0.1112	0.0940	0.0172	0.0997	0.0652	0.0344	0.0187	0.0172	0.0015	0.0810	0.0480	0.0330	0.0000	0.0000	0.0000	0.0000	0.0000	0.0000	0.0000	0.0000	0.0000	0.0003	0.0005	0.0000	0.0016	0.0017	0.0000	0.0000	0.0000	0.0000						
29	79	0.1099	3	0	1	0	0	0	0	0	0	N	N	N	N	N	N	N	N	N	N	N	N	8.0117	9.1317	0.0000	12.6192	12.4016	0.0000	0.0000	0.0074	0.0085	0.0000	0.0333	0.0336	0.0000	0.0000	0.0000	0.0000	0.0009	0.0009	0.0009	0.0026	0.0027	0.0000	0.0004	0.0000	0.0009	0.0000	0.4286	-0.0000	-0.0000	3.0000	0.2102	6.0000	3.4985	0.0001	0.0001	0.0000	0.0001	0.0001	0.0000	0.0000	0.0000	0.0000	0.0001	0.0001	0.0000	0.0001	0.0001	0.0000	0.0000	0.0000	0.0000	0.0136	0.0118	0.0018	0.0030	0.0030	0.0000	0.0106	0.0088	0.0018	0.1087	0.0752	0.0335	0.0265	0.0259	0.0007	0.0822	0.0493	0.0329	8.0117	9.1317	0.0000	12.6192	12.4016	0.0000	0.0000	0.0000	0.0000	0.0009	0.0009	0.0009	0.0026	0.0027	0.0000	0.0004	0.0000	0.0009		
29	80	0.1410	5	0	2	0	0	0	0	0	0	N	Y	N	N	N	N	N	N	N	N	N	N	0.0000	0.0000	0.0000	0.0000	0.0000	0.0000	0.0000	0.0000	0.0000	0.0000	0.0000	0.0000	0.0000	0.0007	0.0012	0.0000	0.0058	0.0072	0.0000	0.0000	0.0000	0.0000	0.0000	0.0000	-0.0001	3.0000	2.0196	6.0000	6.0690	0.0000	0.0000	0.0000	0.0000	0.0000	0.0000	0.0000	0.0000	0.0000	0.0001	0.0001	0.0000	0.0001	0.0001	0.0000	0.0000	0.0000	0.0000	0.0812	0.0693	0.0119	0.0061	0.0057	0.0004	0.0751	0.0636	0.0115	0.1405	0.0856	0.0549	0.0172	0.0140	0.0032	0.1233	0.0717	0.0517	0.0000	0.0000	0.0000	0.0000	0.0000	0.0000	0.0000	0.0000	0.0000	0.0007	0.0012	0.0000	0.0058	0.0072	0.0000	0.0000	0.0000	0.0000						
29	81	0.1327	4	0	1	0	0	0	0	0	0	N	N	N	N	N	N	N	N	N	N	N	N	0.0000	0.0000	0.0000	0.0000	0.0000	0.0000	0.0000	0.0000	0.0000	0.0000	0.0000	0.0000	0.0000	0.0000	0.0000	0.0029	0.0038	0.0014	0.0000	0.0000	0.0000	0.0032	0.0044	0.0015	0.2500	0.0000	-0.0000	3.0000	0.9876	6.0000	0.9833	0.0000	0.0000	0.0000	0.0000	0.0000	0.0000	0.0000	0.0000	0.0000	0.0001	0.0001	0.0000	0.0000	0.0000	0.0000	0.0001	0.0001	0.0000	0.0393	0.0335	0.0058	0.0022	0.0021	0.0001	0.0371	0.0314	0.0057	0.0347	0.0209	0.0138	0.0035	0.0027	0.0008	0.0313	0.0182	0.0130	0.0000	0.0000	0.0000	0.0000	0.0000	0.0000	0.0000	0.0000	0.0000	0.0029	0.0038	0.0014	0.0000	0.0000	0.0000	0.0032	0.0044	0.0015				
29	82	0.0667	2	1	1	1	0	0	0	0	0	N	N	N	N	N	N	N	N	N	N	N	N	0.0000	0.0000	0.0000	0.0000	0.0000	0.0000	0.0000	0.0000	0.0000	0.0000	0.0000	0.0000	0.0000	0.0000	0.0000	0.0000	0.0000	0.0000	0.0000	0.0000	3.0000	1.0000	6.0000	2.9874	0.0000	0.0000	0.0000	0.0000	0.0000	0.0000	0.0000	0.0000	0.0000	0.0000	0.0000	0.0000	0.0000	0.0000	0.0000	0.0000	0.0000	0.0000	0.0399	0.0340	0.0059	0.0017	0.0016	0.0001	0.0382	0.0323	0.0059	0.0713	0.0423	0.0289	0.0045	0.0039	0.0006	0.0667	0.0385	0.0283	0.0000	0.0000	0.0000	0.0000	0.0000	0.0000	0.0000	0.0000	0.0000	0.0000	0.0000	0.0000	0.0000	0.0000	0.0000	0.0000	0.0000	0.0000											
29	84	0.0802	2	0	2	0	1	0	0	0	0	N	Y	N	N	N	N	N	N	N	N	N	N	inf	inf	inf	inf	3.3313	0.0000	23.0598	0.0000	0.0000	0.0000	3.5207	0.0000	23.5357	0.0000	0.0000	0.0000	0.0000	0.0000	0.0000	0.0000	0.0000	0.0000	inf	0.5383	0.0000	3.0000	8.0013	6.0000	12.0015	1.0000	0.0000	1.0000	0.0000	0.0000	0.0000	1.0000	0.0000	1.0000	0.0000	0.0000	0.0000	0.0000	0.0000	0.0000	0.0000	0.0000	0.0000	0.3002	0.2568	0.0434	0.0161	0.0153	0.0009	0.2840	0.2415	0.0425	0.3011	0.1753	0.1257	0.0091	0.0072	0.0019	0.2920	0.1682	0.1238	inf	0.0000	inf	0.0000	0.0000	0.0000	inf	0.0000	inf	0.0000	0.0000	0.0000	0.0000	0.0000	0.0000	0.0000	0.0000	0.0000						
29	85	0.1367	4	0	2	0	0	0	0	0	0	N	Y	N	N	N	N	N	N	N	N	N	N	0.0000	0.0000	0.0000	0.0000	0.0000	0.0000	0.0000	0.0000	0.0000	0.0000	0.0000	0.0000	0.0000	0.0000	0.0000	0.0000	0.0000	0.0000	0.0000	0.0000	3.0000	1.0000	6.0000	6.9850	0.0000	0.0000	0.0000	0.0000	0.0000	0.0000	0.0000	0.0000	0.0000	0.0000	0.0000	0.0000	0.0000	0.0000	0.0000	0.0000	0.0000	0.0000	0.0398	0.0339	0.0059	0.0019	0.0018	0.0001	0.0379	0.0321	0.0058	0.1341	0.0802	0.0539	0.0131	0.0101	0.0030	0.1210	0.0701	0.0509	0.0000	0.0000	0.0000	0.0000	0.0000	0.0000	0.0000	0.0000	0.0000	0.0000	0.0000	0.0000	0.0000	0.0000	0.0000	0.0000	0.0000	0.0000											
29	86	0.1240	3	0	1	0	0	0	0	0	0	N	N	N	N	N	N	N	N	N	N	N	N	0.0000	0.0000	0.0000	0.0000	0.0000	0.0000	0.0000	0.0000	0.0000	0.0000	0.0000	0.0000	0.0000	0.0000	0.0000	0.0000	0.0000	0.0000	0.0000	0.0000	3.0000	1.0086	6.0000	2.0000	0.0000	0.0000	0.0000	0.0000	0.0000	0.0000	0.0000	0.0000	0.0000	0.0000	0.0000	0.0000	0.0000	0.0000	0.0000	0.0000	0.0000	0.0000	0.0406	0.0346	0.0060	0.0021	0.0020	0.0001	0.0385	0.0326	0.0059	0.0527	0.0313	0.0215	0.0051	0.0039	0.0012	0.0477	0.0274	0.0203	0.0000	0.0000	0.0000	0.0000	0.0000	0.0000	0.0000	0.0000	0.0000	0.0000	0.0000	0.0000	0.0000	0.0000	0.0000	0.0000	0.0000	0.0000											
29	89	0.1412	5	0	2	0	0	0	0	0	0	N	Y	N	N	N	N	N	N	N	N	N	N	2119.2635	1467.4265	739.9946	562.8910	0.8319	0.9532	0.0000	2.2202	2.2250	0.0000	0.0000	0.0000	0.0000	0.0004	0.0006	0.0000	0.0030	0.0040	0.0000	0.0000	0.0000	0.0000	0.0000	0.0000	-0.0009	-0.0000	3.0000	0.0157	6.0000	9.0253	0.0019	0.0019	0.0000	0.0019	0.0019	0.0000	0.0000	0.0000	0.0000	0.0001	0.0001	0.0000	0.0001	0.0001	0.0000	0.0000	0.0000	0.0000	0.0022	0.0019	0.0003	0.0008	0.0008	0.0000	0.0014	0.0011	0.0003	0.1528	0.0924	0.0605	0.0200	0.0152	0.0048	0.1328	0.0772	0.0557	2119.2635	1467.4265	0.0000	739.9946	562.8910	0.0000	0.0000	0.0000	0.0000	0.0004	0.0006	0.0000	0.0030	0.0040	0.0000	0.0000	0.0000	0.0000					
29	90	0.1327	4	0	2	0	0	0	0	0	0	N	Y	N	N	N	N	N	N	N	N	N	N	1479.9098	2078.1441	43.3519	1492.2604	2048.7802	43.2323	2.4988	2.9128	0.0920	0.0000	0.0000	0.0000	2.7987	3.2969	0.0972	0.0017	0.0014	0.0021	0.0000	0.0000	0.0000	0.0019	0.0016	0.0022	0.0054	1.0000	-0.0008	-0.0000	3.0000	0.0169	6.0000	2.0013	0.0019	0.0018	0.0000	0.0000	0.0000	0.0000	0.0019	0.0018	0.0000	0.0001	0.0000	0.0000	0.0000	0.0000	0.0000	0.0001	0.0000	0.0000	0.0007	0.0006	0.0001	0.0001	0.0001	0.0000	0.0007	0.0006	0.0001	0.0355	0.0214	0.0141	0.0035	0.0028	0.0008	0.0320	0.0186	0.0133	1479.9098	2078.1441	43.3519	0.0000	0.0000	0.0000	1492.2604	2048.7802	43.2323	0.0017	0.0014	0.0021	0.0000	0.0000	0.0000	0.0019	0.0016	0.0022			
29	91	0.1240	3	0	1	0	0	0	0	0	0	N	N	N	N	N	N	N	N	N	N	N	N	0.0000	0.0000	0.0000	0.0000	0.0000	0.0000	0.0000	0.0000	0.0000	0.0000	0.0000	0.0000	0.0000	0.0000	0.0000	0.0000	0.0000	0.0000	0.0000	0.0000	3.0000	1.9923	6.0000	0.0454	0.0000	0.0000	0.0000	0.0000	0.0000	0.0000	0.0000	0.0000	0.0000	0.0000	0.0000	0.0000	0.0000	0.0000	0.0000	0.0000	0.0000	0.0000	0.0790	0.0674	0.0116	0.0039	0.0037	0.0002	0.0751	0.0637	0.0115	0.0364	0.0216	0.0148	0.0036	0.0028	0.0008	0.0327	0.0187	0.0140	0.0000	0.0000	0.0000	0.0000	0.0000	0.0000	0.0000	0.0000	0.0000	0.0000	0.0000	0.0000	0.0000	0.0000	0.0000	0.0000	0.0000	0.0000											
29	92	0.0802	2	0	1	0	0	0	0	0	0	N	N	N	N	N	N	N	N	N	N	N	N	0.0000	0.0000	0.0000	0.0000	0.0000	0.0000	0.0000	0.0000	0.0000	0.0000	0.0000	0.0000	0.0000	0.0000	0.0000	0.0000	0.0000	0.0000	0.0000	0.0000	3.0000	1.0098	6.0000	9.0196	0.0000	0.0000	0.0000	0.0000	0.0000	0.0000	0.0000	0.0000	0.0000	0.0000	0.0000	0.0000	0.0000	0.0000	0.0000	0.0000	0.0000	0.0000	0.0406	0.0346	0.0060	0.0023	0.0022	0.0001	0.0383	0.0324	0.0059	0.1623	0.0944	0.0678	0.0048	0.0038	0.0010	0.1575	0.0906	0.0668	0.0000	0.0000	0.0000	0.0000	0.0000	0.0000	0.0000	0.0000	0.0000	0.0000	0.0000	0.0000	0.0000	0.0000	0.0000	0.0000	0.0000	0.0000											
29	93	0.1770	7	1	2	0	1	0	0	0	0	N	Y	N	N	N	N	N	N	N	N	N	N	0.0000	0.0000	0.0000	0.0000	0.0000	0.0000	0.0000	0.0000	0.0000	0.0000	0.0000	0.0000	0.0000	0.0000	0.0000	0.0000	0.0000	0.0000	0.0000	0.0000	3.0000	0.0000	6.0000	0.0000	0.0000	0.0000	0.0000	0.0000	0.0000	0.0000	0.0000	0.0000	0.0000	0.0000	0.0000	0.0000	0.0000	0.0000	0.0000	0.0000	0.0000	0.0000	0.0000	0.0000	0.0000	0.0000	0.0000	0.0000	0.0000	0.0000	0.0000	0.0000	0.0000	0.0000	0.0000	0.0000	0.0000	0.0000	0.0000	0.0000	0.0000	0.0000	0.0000	0.0000	0.0000	0.0000	0.0000	0.0000	0.0000	0.0000	0.0000	0.0000	0.0000	0.0000	0.0000	0.0000	0.0000	0.0000											
29	94	0.1770	6	1	2	0	1	0	0	0	0	N	Y	N	N	N	N	N	N	N	N	N	N	0.0000	0.0000	0.0000	0.0000	0.0000	0.0000	0.0000	0.0000	0.0000	0.0000	0.0000	0.0000	0.0000	0.0000	0.0000	0.0000	0.0000	0.0000	0.0000	0.0000	3.0000	0.0000	6.0000	0.0001	0.0000	0.0000	0.0000	0.0000	0.0000	0.0000	0.0000	0.0000	0.0000	0.0000	0.0000	0.0000	0.0000	0.0000	0.0000	0.0000	0.0000	0.0000	0.0000	0.0000	0.0000	0.0000	0.0000	0.0000	0.0000	0.0000	0.0000	0.0000	0.0000	0.0000	0.0000	0.0000	0.0000	0.0000	0.0000	0.0000	0.0000	0.0000	0.0000	0.0000	0.0000	0.0000	0.0000	0.0000	0.0000	0.0000	0.0000	0.0000	0.0000	0.0000	0.0000	0.0000	0.0000	0.0000											
29	95	0.1590	5	0	2	0	1	0	0	0	0	N	Y	N	N	N	N	N	N	N	N	N	N	0.0000	0.0000	0.0000	0.0000	0.0000	0.0000	0.0000	0.0000	0.0000	0.0000	0.0000	0.0000	0.0000	0.4273	1.1070	0.0000	46.9193	47.3884	0.0000	0.0000	0.0000	0.0000	0.0000	0.0000	-0.0053	3.0000	0.9845	6.0000	0.9903	0.0000	0.0000	0.0000	0.0000	0.0000	0.0000	0.0000	0.0000	0.0000	0.0097	0.0097	0.0000	0.0097	0.0097	0.0000	0.0000	0.0000	0.0000	0.0409	0.0350	0.0059	0.0045	0.0043	0.0002	0.0364	0.0307	0.0057	0.0358	0.0218	0.0140	0.0036	0.0032	0.0004	0.0321	0.0186	0.0135	0.0000	0.0000	0.0000	0.0000	0.0000	0.0000	0.0000	0.0000	0.0000	0.2718	0.4457	0.0000	2.6672	3.0127	0.0000	0.0000	0.0000	0.0000						
29	96	0.1562	5	0	2	0	0	0	0	0	0	N	Y	N	N	N	N	N	N	N	N	N	N	0.0000	0.0000	0.0000	0.0000	0.0000	0.0000	0.0000	0.0000	0.0000	0.0000	0.0000	0.0000	0.0000	7.7479	0.0000	43.9472	0.0000	0.0000	0.0000	10.8244	0.0000	45.3159	inf	0.0000	0.4549	3.0000	1.0063	6.0000	3.7812	0.0000	0.0000	0.0000	0.0000	0.0000	0.0000	0.0000	0.0000	0.0000	0.9889	0.0000	0.9889	0.0000	0.0000	0.0000	0.9889	0.0000	0.9889	0.0409	0.0349	0.0060	0.0031	0.0029	0.0002	0.0378	0.0320	0.0058	0.1283	0.0835	0.0448	0.0370	0.0323	0.0047	0.0914	0.0513	0.0401	0.0000	0.0000	0.0000	0.0000	0.0000	0.0000	0.0000	0.0000	0.0000	7.7072	0.0000	22.0811	0.0000	0.0000	0.0000	10.8244	0.0000	24.6692						
29	97	0.1590	5	0	1	1	1	0	0	0	0	N	N	N	N	N	N	N	N	N	N	N	N	0.0000	0.0000	0.0000	0.0000	0.0000	0.0000	0.0000	0.0000	0.0000	0.0000	0.0000	0.0000	0.0000	0.0000	0.0000	0.0000	27.0701	0.0662	136.5447	2.7227	3.3522	0.0000	30.0684	0.0000	136.7225	670.1014	0.0000	0.4555	3.0000	1.0165	6.0000	1.0129	0.0000	0.0000	0.0000	0.0000	0.0000	0.0000	0.0000	0.0000	0.0000	0.9932	0.0015	0.9918	0.0015	0.0015	0.0000	0.9918	0.0000	0.9918	0.0421	0.0360	0.0061	0.0046	0.0044	0.0002	0.0375	0.0317	0.0058	0.0367	0.0224	0.0143	0.0037	0.0033	0.0004	0.0330	0.0191	0.0139	0.0000	0.0000	0.0000	0.0000	0.0000	0.0000	0.0000	0.0000	0.0000	27.0701	0.0662	69.2222	0.3991	0.4515	0.0000	30.0684	0.0000	71.3635			
29	98	0.1461	4	0	1	0	1	0	0	0	0	N	N	N	N	N	N	N	N	N	N	N	N	0.0000	0.0000	0.0000	0.0000	0.0000	0.0000	0.0000	0.0000	0.0000	0.0000	0.0000	0.0000	0.0000	0.0000	0.0000	0.0000	0.0000	19.2018	31.7575	0.5640	858.9433	905.0242	0.0086	0.1771	0.0000	0.5826	0.0083	0.0000	-0.5353	3.0000	2.0241	6.0000	1.0265	0.0000	0.0000	0.0000	0.0000	0.0000	0.0000	0.0000	0.0000	0.0000	1.0068	0.9985	0.0083	0.9985	0.9985	0.0000	0.0083	0.0000	0.0083	0.0816	0.0698	0.0119	0.0064	0.0061	0.0003	0.0752	0.0637	0.0115	0.0524	0.0314	0.0210	0.0058	0.0047	0.0012	0.0466	0.0268	0.0198	0.0000	0.0000	0.0000	0.0000	0.0000	0.0000	0.0000	0.0000	0.0000	19.2018	31.7575	0.3935	171.1263	213.7785	0.0086	0.1771	0.0000	0.4161		
29	99	0.1461	4	0	1	1	1	0	0	0	0	N	N	N	N	N	N	N	N	N	N	N	N	0.0000	0.0000	0.0000	0.0000	0.0000	0.0000	0.0000	0.0000	0.0000	0.0000	0.0000	0.0000	0.0000	0.0000	0.0000	0.0000	0.0000	0.0000	0.0000	0.0000	3.0000	3.0066	6.0000	0.0000	0.0000	0.0000	0.0000	0.0000	0.0000	0.0000	0.0000	0.0000	0.0000	0.0000	0.0000	0.0000	0.0000	0.0000	0.0000	0.0000	0.0000	0.0000	0.1197	0.1023	0.0174	0.0092	0.0087	0.0005	0.1105	0.0936	0.0169	0.0517	0.0310	0.0207	0.0058	0.0046	0.0011	0.0459	0.0264	0.0195	0.0000	0.0000	0.0000	0.0000	0.0000	0.0000	0.0000	0.0000	0.0000	0.0000	0.0000	0.0000	0.0000	0.0000	0.0000	0.0000	0.0000	0.0000											
29	100	0.1718	4	0	1	1	1	0	0	0	0	N	N	N	N	N	N	N	N	N	N	N	N	0.0000	0.0000	0.0000	0.0000	0.0000	0.0000	0.0000	0.0000	0.0000	0.0000	0.0000	0.0000	0.0000	0.0000	0.0000	0.0000	0.0000	0.0000	0.0000	0.0000	3.0000	0.0000	6.0000	2.0000	0.0000	0.0000	0.0000	0.0000	0.0000	0.0000	0.0000	0.0000	0.0000	0.0000	0.0000	0.0000	0.0000	0.0000	0.0000	0.0000	0.0000	0.0000	0.0000	0.0000	0.0000	0.0000	0.0000	0.0000	0.0000	0.0000	0.0000	0.0333	0.0197	0.0136	0.0039	0.0031	0.0008	0.0295	0.0167	0.0128	0.0000	0.0000	0.0000	0.0000	0.0000	0.0000	0.0000	0.0000	0.0000	0.0000	0.0000	0.0000	0.0000	0.0000	0.0000	0.0000	0.0000	0.0000											
29	101	0.1328	3	0	1	1	1	0	0	0	0	N	N	N	N	N	N	N	N	N	N	N	N	0.0000	0.0000	0.0000	0.0000	0.0000	0.0000	0.0000	0.0000	0.0000	0.0000	0.0000	0.0000	0.0000	0.0000	0.0000	0.0395	0.0658	0.0000	0.0134	0.0159	0.0000	0.0433	0.0765	0.0000	0.0000	0.0000	-0.0034	3.0000	5.8899	6.0000	3.1847	0.0000	0.0000	0.0000	0.0000	0.0000	0.0000	0.0000	0.0000	0.0000	0.0063	0.0063	0.0000	0.0003	0.0003	0.0000	0.0060	0.0060	0.0000	0.2357	0.2017	0.0340	0.0226	0.0210	0.0016	0.2131	0.1807	0.0324	0.1597	0.0959	0.0637	0.0201	0.0170	0.0031	0.1396	0.0789	0.0606	0.0000	0.0000	0.0000	0.0000	0.0000	0.0000	0.0000	0.0000	0.0000	0.0395	0.0658	0.0000	0.0134	0.0159	0.0000	0.0433	0.0765	0.0000				
29	102	0.1796	3	1	2	0	0	0	0	0	0	N	Y	N	N	N	N	N	N	N	N	N	N	0.0000	0.0000	0.0000	0.0000	0.0000	0.0000	0.0000	0.0000	0.0000	0.0000	0.0000	0.0000	0.0000	0.0000	0.0000	0.0000	0.0000	0.0000	0.0000	0.0000	3.0000	0.0000	6.0000	0.0000	0.0000	0.0000	0.0000	0.0000	0.0000	0.0000	0.0000	0.0000	0.0000	0.0000	0.0000	0.0000	0.0000	0.0000	0.0000	0.0000	0.0000	0.0000	0.0000	0.0000	0.0000	0.0000	0.0000	0.0000	0.0000	0.0000	0.0000	0.0000	0.0000	0.0000	0.0000	0.0000	0.0000	0.0000	0.0000	0.0000	0.0000	0.0000	0.0000	0.0000	0.0000	0.0000	0.0000	0.0000	0.0000	0.0000	0.0000	0.0000	0.0000	0.0000	0.0000	0.0000	0.0000	0.0000											
29	103	0.0802	2	1	2	0	0	0	0	0	0	N	Y	N	N	N	N	N	N	N	N	N	N	0.0000	0.0000	0.0000	0.0000	0.0000	0.0000	0.0000	0.0000	0.0000	0.0000	0.0000	0.0000	0.0000	0.0000	0.0000	0.0000	0.0000	0.0000	0.0000	0.0000	3.0000	8.0012	6.0000	14.0016	0.0000	0.0000	0.0000	0.0000	0.0000	0.0000	0.0000	0.0000	0.0000	0.0000	0.0000	0.0000	0.0000	0.0000	0.0000	0.0000	0.0000	0.0000	0.3002	0.2568	0.0434	0.0161	0.0153	0.0009	0.2840	0.2415	0.0425	0.3265	0.1902	0.1363	0.0099	0.0078	0.0021	0.3166	0.1824	0.1342	0.0000	0.0000	0.0000	0.0000	0.0000	0.0000	0.0000	0.0000	0.0000	0.0000	0.0000	0.0000	0.0000	0.0000	0.0000	0.0000	0.0000	0.0000											
29	104	0.1432	3	0	2	0	0	0	0	0	0	N	Y	N	N	N	N	N	N	N	N	N	N	0.0000	0.0000	0.0000	0.0000	0.0000	0.0000	0.0000	0.0000	0.0000	0.0000	0.0000	0.0000	0.0000	0.0000	0.0000	0.0000	0.0000	0.0320	0.0003	0.0898	0.0080	0.0012	0.0307	0.0382	0.0000	0.0943	174.0000	0.0000	0.0008	3.0000	2.0010	6.0000	1.0153	0.0000	0.0000	0.0000	0.0000	0.0000	0.0000	0.0000	0.0000	0.0000	0.0018	0.0000	0.0017	0.0001	0.0000	0.0001	0.0017	0.0000	0.0017	0.0789	0.0673	0.0116	0.0043	0.0041	0.0002	0.0746	0.0632	0.0114	0.0548	0.0333	0.0215	0.0113	0.0087	0.0026	0.0435	0.0246	0.0188	0.0000	0.0000	0.0000	0.0000	0.0000	0.0000	0.0000	0.0000	0.0000	0.0320	0.0003	0.0811	0.0080	0.0012	0.0307	0.0382	0.0000	0.0881		
29	105	0.0802	2	0	2	0	0	0	0	0	0	N	Y	N	N	N	N	N	N	N	N	N	N	0.0000	0.0000	0.0000	0.0000	0.0000	0.0000	0.0000	0.0000	0.0000	0.0000	0.0000	0.0000	0.0000	0.0000	0.0000	4.5204	0.0006	18.9386	0.0000	0.0000	0.0000	4.6593	0.0006	18.0228	12478.3750	0.0000	0.4592	3.0000	3.0162	6.0000	11.0438	0.0000	0.0000	0.0000	0.0000	0.0000	0.0000	0.0000	0.0000	0.0000	0.9983	0.0001	0.9983	0.0000	0.0000	0.0000	0.9983	0.0001	0.9983	0.1187	0.1012	0.0174	0.0065	0.0062	0.0004	0.1121	0.0951	0.0171	0.2209	0.1286	0.0923	0.0066	0.0052	0.0014	0.2143	0.1234	0.0909	0.0000	0.0000	0.0000	0.0000	0.0000	0.0000	0.0000	0.0000	0.0000	4.5204	0.0006	10.8170	0.0000	0.0000	0.0000	4.6593	0.0006	10.9820				
29	106	0.1811	7	1	2	0	0	0	0	0	0	N	Y	N	N	N	N	N	N	N	N	N	N	0.0000	0.0000	0.0000	0.0000	0.0000	0.0000	0.0000	0.0000	0.0000	0.0000	0.0000	0.0000	0.0000	0.0000	0.0000	0.0000	0.0000	0.0000	0.0000	0.0000	3.0000	1.0000	6.0000	1.0000	0.0000	0.0000	0.0000	0.0000	0.0000	0.0000	0.0000	0.0000	0.0000	0.0000	0.0000	0.0000	0.0000	0.0000	0.0000	0.0000	0.0000	0.0000	0.0403	0.0344	0.0059	0.0029	0.0028	0.0002	0.0374	0.0317	0.0057	0.0357	0.0227	0.0130	0.0111	0.0089	0.0022	0.0246	0.0139	0.0108	0.0000	0.0000	0.0000	0.0000	0.0000	0.0000	0.0000	0.0000	0.0000	0.0000	0.0000	0.0000	0.0000	0.0000	0.0000	0.0000	0.0000	0.0000											
29	107	0.1770	6	1	2	0	0	0	0	0	0	N	Y	N	N	N	N	N	N	N	N	N	N	0.0000	0.0000	0.0000	0.0000	0.0000	0.0000	0.0000	0.0000	0.0000	0.0000	0.0000	0.0000	0.0000	0.0000	0.0000	0.0000	0.0000	0.0000	0.0000	0.0000	3.0000	0.0000	6.0000	0.9999	0.0000	0.0000	0.0000	0.0000	0.0000	0.0000	0.0000	0.0000	0.0000	0.0000	0.0000	0.0000	0.0000	0.0000	0.0000	0.0000	0.0000	0.0000	0.0000	0.0000	0.0000	0.0000	0.0000	0.0000	0.0000	0.0000	0.0000	0.0179	0.0111	0.0068	0.0044	0.0035	0.0009	0.0135	0.0076	0.0059	0.0000	0.0000	0.0000	0.0000	0.0000	0.0000	0.0000	0.0000	0.0000	0.0000	0.0000	0.0000	0.0000	0.0000	0.0000	0.0000	0.0000	0.0000											
29	108	0.1562	5	1	2	0	0	0	0	0	0	N	Y	N	N	N	N	N	N	N	N	N	N	0.0000	0.0000	0.0000	0.0000	0.0000	0.0000	0.0000	0.0000	0.0000	0.0000	0.0000	0.0000	0.0000	0.0854	0.1313	0.0000	2.0390	2.2643	0.0000	0.0000	0.0000	0.0000	0.0000	0.0000	-0.0060	3.0000	0.0100	6.0000	4.8896	0.0000	0.0000	0.0000	0.0000	0.0000	0.0000	0.0000	0.0000	0.0000	0.0111	0.0111	0.0000	0.0111	0.0111	0.0000	0.0000	0.0000	0.0000	0.0008	0.0007	0.0001	0.0002	0.0002	0.0000	0.0006	0.0004	0.0001	0.1300	0.0846	0.0455	0.0371	0.0324	0.0047	0.0929	0.0522	0.0407	0.0000	0.0000	0.0000	0.0000	0.0000	0.0000	0.0000	0.0000	0.0000	0.0854	0.1313	0.0000	0.2989	0.3427	0.0000	0.0000	0.0000	0.0000						
29	109	0.1461	4	0	2	0	0	0	0	0	0	N	Y	N	N	N	N	N	N	N	N	N	N	0.0000	0.0000	0.0000	0.0000	0.0000	0.0000	0.0000	0.0000	0.0000	0.0000	0.0000	0.0000	0.0000	0.4061	0.0000	0.8784	0.0000	0.0000	0.0000	0.3011	0.0000	1.0772	inf	0.0000	0.0051	3.0000	1.0007	6.0000	1.4004	0.0000	0.0000	0.0000	0.0000	0.0000	0.0000	0.0000	0.0000	0.0000	0.0111	0.0000	0.0111	0.0000	0.0000	0.0000	0.0111	0.0000	0.0111	0.0412	0.0352	0.0060	0.0034	0.0033	0.0002	0.0378	0.0319	0.0058	0.0415	0.0249	0.0166	0.0046	0.0037	0.0009	0.0369	0.0212	0.0157	0.0000	0.0000	0.0000	0.0000	0.0000	0.0000	0.0000	0.0000	0.0000	0.2676	0.0000	0.6685	0.0000	0.0000	0.0000	0.3011	0.0000	0.7077						
29	110	0.1328	3	0	1	0	0	0	0	0	0	N	N	N	N	N	N	N	N	N	N	N	N	0.0000	0.0000	0.0000	0.0000	0.0000	0.0000	0.0000	0.0000	0.0000	0.0000	0.0000	0.0000	0.0000	0.0000	0.0000	0.0961	0.1845	0.0000	0.0246	0.0275	0.0000	0.1105	0.1998	0.0000	0.0000	0.0000	-0.0034	3.0000	0.3039	6.0000	2.8719	0.0000	0.0000	0.0000	0.0000	0.0000	0.0000	0.0000	0.0000	0.0000	0.0063	0.0063	0.0000	0.0003	0.0003	0.0000	0.0060	0.0060	0.0000	0.0220	0.0188	0.0032	0.0074	0.0066	0.0007	0.0147	0.0122	0.0025	0.0657	0.0401	0.0256	0.0110	0.0098	0.0012	0.0547	0.0302	0.0244	0.0000	0.0000	0.0000	0.0000	0.0000	0.0000	0.0000	0.0000	0.0000	0.0961	0.1575	0.0000	0.0246	0.0275	0.0000	0.1105	0.1998	0.0000				
29	111	0.0802	2	0	1	0	0	0	0	0	0	N	N	N	N	N	N	N	N	N	N	N	N	0.0000	0.0000	0.0000	0.0000	0.0000	0.0000	0.0000	0.0000	0.0000	0.0000	0.0000	0.0000	0.0000	0.0000	0.0000	5.1947	8.9238	0.0014	0.0000	0.0000	0.0000	5.3535	9.2980	0.0014	0.0001	0.0000	-0.5366	3.0000	3.8240	6.0000	8.1760	0.0000	0.0000	0.0000	0.0000	0.0000	0.0000	0.0000	0.0000	0.0000	0.9940	0.9939	0.0001	0.0000	0.0000	0.0000	0.9940	0.9939	0.0001	0.1492	0.1274	0.0218	0.0082	0.0077	0.0004	0.1411	0.1197	0.0214	0.1913	0.1114	0.0800	0.0057	0.0045	0.0012	0.1857	0.1069	0.0788	0.0000	0.0000	0.0000	0.0000	0.0000	0.0000	0.0000	0.0000	0.0000	5.1947	8.9238	0.0014	0.0000	0.0000	0.0000	5.3535	9.2980	0.0014				
29	115	0.2729	5	0	1	0	0	0	0	0	0	N	N	N	N	N	N	N	N	N	N	N	N	53.1587	0.0457	inf	2.7031	0.1429	inf	inf	inf	0.8004	0.0010	6.1101	0.0878	0.0054	2.4518	0.9348	0.0000	6.2660	0.0151	0.0208	0.0000	0.0325	0.0378	0.0000	0.0000	0.0000	0.0000	966.1562	0.0000	0.1663	-0.0052	3.0000	8.9918	6.0000	13.3277	0.3095	0.0003	0.3092	0.0054	0.0003	0.0051	0.3041	0.0000	0.3041	0.0097	0.0097	0.0000	0.0097	0.0097	0.0000	0.0000	0.0000	0.0000	0.3867	0.3361	0.0506	0.0614	0.0593	0.0021	0.3253	0.2768	0.0485	0.6416	0.4641	0.1774	0.2973	0.2558	0.0415	0.3443	0.2083	0.1360	53.1587	0.0457	inf	2.7031	0.1429	inf	inf	0.0000	inf	0.0151	0.0208	0.0000	0.0325	0.0378	0.0000	0.0000	0.0000	0.0000	
30	32	0.1033	5	0	2	1	1	0	0	0	0	N	Y	N	N	N	N	N	N	N	N	N	N	0.0000	0.0000	0.0000	0.0000	0.0000	0.0000	0.0000	0.0000	0.0000	0.0000	0.0000	0.0000	0.0000	0.0000	0.0000	0.0000	0.0000	0.0000	0.0000	0.0000	0.0000	6.9988	3.0000	9.0016	0.0000	0.0000	0.0000	0.0000	0.0000	0.0000	0.0000	0.0000	0.0000	0.0000	0.0000	0.0000	0.0000	0.0000	0.0000	0.0000	0.0000	0.0000	0.0000	0.0000	0.0000	0.0000	0.0000	0.0000	0.0000	0.0000	0.0000	0.0891	0.0518	0.0373	0.0199	0.0143	0.0056	0.0692	0.0375	0.0317	0.0000	0.0000	0.0000	0.0000	0.0000	0.0000	0.0000	0.0000	0.0000	0.0000	0.0000	0.0000	0.0000	0.0000	0.0000	0.0000	0.0000	0.0000											
30	33	0.2042	10	1	2	1	1	0	0	0	0	N	Y	N	N	N	N	N	N	N	N	N	N	0.0000	0.0000	0.0000	0.0000	0.0000	0.0000	0.0000	0.0000	0.0000	0.0000	0.0000	0.0000	0.0000	0.0000	0.0000	0.0000	0.0000	0.0000	0.0000	0.0000	0.0000	0.0000	3.0000	0.0000	0.0000	0.0000	0.0000	0.0000	0.0000	0.0000	0.0000	0.0000	0.0000	0.0000	0.0000	0.0000	0.0000	0.0000	0.0000	0.0000	0.0000	0.0000	0.0000	0.0000	0.0000	0.0000	0.0000	0.0000	0.0000	0.0000	0.0000	0.0000	0.0000	0.0000	0.0000	0.0000	0.0000	0.0000	0.0000	0.0000	0.0000	0.0000	0.0000	0.0000	0.0000	0.0000	0.0000	0.0000	0.0000	0.0000	0.0000	0.0000	0.0000	0.0000	0.0000	0.0000	0.0000	0.0000											
30	34	0.0468	3	0	2	1	2	0	0	0	0	N	Y	N	Y	N	N	N	N	N	N	N	N	0.0000	0.0000	0.0000	0.0000	0.0000	0.0000	0.0000	0.0000	0.0000	0.0000	0.0000	0.0000	0.0000	0.0000	0.0000	0.0000	0.0000	0.0000	0.0000	0.0000	0.0000	5.0000	3.0000	6.9850	0.0000	0.0000	0.0000	0.0000	0.0000	0.0000	0.0000	0.0000	0.0000	0.0000	0.0000	0.0000	0.0000	0.0000	0.0000	0.0000	0.0000	0.0000	0.0000	0.0000	0.0000	0.0000	0.0000	0.0000	0.0000	0.0000	0.0000	0.0725	0.0410	0.0314	0.0117	0.0085	0.0033	0.0607	0.0325	0.0282	0.0000	0.0000	0.0000	0.0000	0.0000	0.0000	0.0000	0.0000	0.0000	0.0000	0.0000	0.0000	0.0000	0.0000	0.0000	0.0000	0.0000	0.0000											
30	35	0.1033	5	1	2	1	1	0	0	0	0	N	Y	N	N	N	N	N	N	N	N	N	N	0.0000	0.0000	0.0000	0.0000	0.0000	0.0000	0.0000	0.0000	0.0000	0.0000	0.0000	0.0000	0.0000	0.0000	0.0000	0.0000	0.0000	0.0000	0.0000	0.0000	0.0000	1.9985	3.0000	17.9985	0.0000	0.0000	0.0000	0.0000	0.0000	0.0000	0.0000	0.0000	0.0000	0.0000	0.0000	0.0000	0.0000	0.0000	0.0000	0.0000	0.0000	0.0000	0.0000	0.0000	0.0000	0.0000	0.0000	0.0000	0.0000	0.0000	0.0000	0.1081	0.0629	0.0452	0.0239	0.0171	0.0068	0.0841	0.0457	0.0384	0.0000	0.0000	0.0000	0.0000	0.0000	0.0000	0.0000	0.0000	0.0000	0.0000	0.0000	0.0000	0.0000	0.0000	0.0000	0.0000	0.0000	0.0000											
30	36	0.1136	4	0	1	2	1	0	0	0	0	N	N	Y	N	N	N	N	N	N	N	N	N	0.0000	0.0000	0.0000	0.0000	0.0000	0.0000	0.0000	0.0000	0.0000	0.0000	0.0000	0.0000	0.0000	0.0000	0.0000	0.0000	0.0000	0.0000	0.0000	0.0000	0.0000	0.0001	3.0000	0.9943	0.0000	0.0000	0.0000	0.0000	0.0000	0.0000	0.0000	0.0000	0.0000	0.0000	0.0000	0.0000	0.0000	0.0000	0.0000	0.0000	0.0000	0.0000	0.0000	0.0000	0.0000	0.0000	0.0000	0.0000	0.0000	0.0000	0.0000	0.0082	0.0048	0.0035	0.0026	0.0017	0.0009	0.0056	0.0031	0.0025	0.0000	0.0000	0.0000	0.0000	0.0000	0.0000	0.0000	0.0000	0.0000	0.0000	0.0000	0.0000	0.0000	0.0000	0.0000	0.0000	0.0000	0.0000											
30	37	0.0898	4	0	2	1	1	0	0	0	0	N	Y	N	N	N	N	N	N	N	N	N	N	0.0000	0.0000	0.0000	0.0000	0.0000	0.0000	0.0000	0.0000	0.0000	0.0000	0.0000	0.0000	0.0000	0.0000	0.0000	0.0000	0.0000	0.0000	0.0000	0.0000	0.0000	2.0000	3.0000	2.0000	0.0000	0.0000	0.0000	0.0000	0.0000	0.0000	0.0000	0.0000	0.0000	0.0000	0.0000	0.0000	0.0000	0.0000	0.0000	0.0000	0.0000	0.0000	0.0000	0.0000	0.0000	0.0000	0.0000	0.0000	0.0000	0.0000	0.0000	0.0258	0.0151	0.0107	0.0071	0.0052	0.0018	0.0187	0.0098	0.0089	0.0000	0.0000	0.0000	0.0000	0.0000	0.0000	0.0000	0.0000	0.0000	0.0000	0.0000	0.0000	0.0000	0.0000	0.0000	0.0000	0.0000	0.0000											
30	38	0.1619	7	1	1	2	1	0	0	0	0	N	N	Y	N	N	N	N	N	N	N	N	N	0.0000	0.0000	0.0000	0.0000	0.0000	0.0000	0.0000	0.0000	0.0000	0.0000	0.0000	0.0000	0.0000	0.0000	0.0000	0.0000	0.0000	0.0000	0.0000	0.0000	0.0000	2.0000	3.0000	5.0000	0.0000	0.0000	0.0000	0.0000	0.0000	0.0000	0.0000	0.0000	0.0000	0.0000	0.0000	0.0000	0.0000	0.0000	0.0000	0.0000	0.0000	0.0000	0.0000	0.0000	0.0000	0.0000	0.0000	0.0000	0.0000	0.0000	0.0000	0.0402	0.0249	0.0153	0.0113	0.0083	0.0030	0.0289	0.0165	0.0123	0.0000	0.0000	0.0000	0.0000	0.0000	0.0000	0.0000	0.0000	0.0000	0.0000	0.0000	0.0000	0.0000	0.0000	0.0000	0.0000	0.0000	0.0000											
30	39	0.0295	2	0	2	1	1	0	0	0	0	N	Y	N	N	N	N	N	N	N	N	N	N	0.0000	0.0000	0.0000	0.0000	0.0000	0.0000	0.0000	0.0000	0.0000	0.0000	0.0000	0.0000	0.0000	0.0000	0.0000	0.0000	0.0000	0.0000	0.0000	0.0000	0.0000	0.0217	3.0000	6.0735	0.0000	0.0000	0.0000	0.0000	0.0000	0.0000	0.0000	0.0000	0.0000	0.0000	0.0000	0.0000	0.0000	0.0000	0.0000	0.0000	0.0000	0.0000	0.0000	0.0000	0.0000	0.0000	0.0000	0.0000	0.0000	0.0000	0.0000	0.0444	0.0251	0.0193	0.0045	0.0039	0.0005	0.0399	0.0211	0.0188	0.0000	0.0000	0.0000	0.0000	0.0000	0.0000	0.0000	0.0000	0.0000	0.0000	0.0000	0.0000	0.0000	0.0000	0.0000	0.0000	0.0000	0.0000											
30	41	0.0468	3	0	2	1	2	0	0	0	0	N	Y	N	Y	N	N	N	N	N	N	N	N	0.0000	0.0000	0.0000	0.0000	0.0000	0.0000	0.0000	0.0000	0.0000	0.0000	0.0000	0.0000	0.0000	0.0000	0.0000	0.0000	0.0000	0.0000	0.0000	0.0000	0.0000	0.0000	3.0000	7.0150	0.0000	0.0000	0.0000	0.0000	0.0000	0.0000	0.0000	0.0000	0.0000	0.0000	0.0000	0.0000	0.0000	0.0000	0.0000	0.0000	0.0000	0.0000	0.0000	0.0000	0.0000	0.0000	0.0000	0.0000	0.0000	0.0000	0.0000	0.0444	0.0252	0.0192	0.0074	0.0054	0.0020	0.0370	0.0198	0.0172	0.0000	0.0000	0.0000	0.0000	0.0000	0.0000	0.0000	0.0000	0.0000	0.0000	0.0000	0.0000	0.0000	0.0000	0.0000	0.0000	0.0000	0.0000											
30	42	0.1619	7	1	1	2	1	0	0	0	0	N	N	Y	N	N	N	N	N	N	N	N	N	0.0000	0.0000	0.0000	0.0000	0.0000	0.0000	0.0000	0.0000	0.0000	0.0000	0.0000	0.0000	0.0000	0.0000	0.0000	0.0000	0.0000	0.0000	0.0000	0.0000	0.0000	0.0000	3.0000	0.0000	0.0000	0.0000	0.0000	0.0000	0.0000	0.0000	0.0000	0.0000	0.0000	0.0000	0.0000	0.0000	0.0000	0.0000	0.0000	0.0000	0.0000	0.0000	0.0000	0.0000	0.0000	0.0000	0.0000	0.0000	0.0000	0.0000	0.0000	0.0000	0.0000	0.0000	0.0000	0.0000	0.0000	0.0000	0.0000	0.0000	0.0000	0.0000	0.0000	0.0000	0.0000	0.0000	0.0000	0.0000	0.0000	0.0000	0.0000	0.0000	0.0000	0.0000	0.0000	0.0000	0.0000	0.0000											
30	43	0.1451	6	1	1	2	1	0	0	0	0	N	N	Y	N	N	N	N	N	N	N	N	N	0.0000	0.0000	0.0000	0.0000	0.0000	0.0000	0.0000	0.0000	0.0000	0.0000	0.0000	0.0000	0.0000	0.0000	0.0000	0.0000	0.0000	0.0000	0.0000	0.0000	0.0000	1.0000	3.0000	3.0000	0.0000	0.0000	0.0000	0.0000	0.0000	0.0000	0.0000	0.0000	0.0000	0.0000	0.0000	0.0000	0.0000	0.0000	0.0000	0.0000	0.0000	0.0000	0.0000	0.0000	0.0000	0.0000	0.0000	0.0000	0.0000	0.0000	0.0000	0.0234	0.0143	0.0090	0.0063	0.0045	0.0017	0.0171	0.0098	0.0073	0.0000	0.0000	0.0000	0.0000	0.0000	0.0000	0.0000	0.0000	0.0000	0.0000	0.0000	0.0000	0.0000	0.0000	0.0000	0.0000	0.0000	0.0000											
30	44	0.1451	6	1	1	2	1	0	0	0	0	N	N	Y	N	N	N	N	N	N	N	N	N	0.0000	0.0000	0.0000	0.0000	0.0000	0.0000	0.0000	0.0000	0.0000	0.0000	0.0000	0.0000	0.0000	0.0000	0.0000	0.0000	0.0000	0.0000	0.0000	0.0000	0.0000	1.0000	3.0000	3.0000	0.0000	0.0000	0.0000	0.0000	0.0000	0.0000	0.0000	0.0000	0.0000	0.0000	0.0000	0.0000	0.0000	0.0000	0.0000	0.0000	0.0000	0.0000	0.0000	0.0000	0.0000	0.0000	0.0000	0.0000	0.0000	0.0000	0.0000	0.0234	0.0143	0.0090	0.0063	0.0045	0.0017	0.0171	0.0098	0.0073	0.0000	0.0000	0.0000	0.0000	0.0000	0.0000	0.0000	0.0000	0.0000	0.0000	0.0000	0.0000	0.0000	0.0000	0.0000	0.0000	0.0000	0.0000											
30	45	0.0898	4	0	1	2	1	0	0	0	0	N	N	Y	N	N	N	N	N	N	N	N	N	0.0000	0.0000	0.0000	0.0000	0.0000	0.0000	0.0000	0.0000	0.0000	0.0000	0.0000	0.0000	0.0000	0.0000	0.0000	0.0000	0.0000	0.0000	0.0000	0.0000	0.0000	0.0000	3.0000	0.0000	0.0000	0.0000	0.0000	0.0000	0.0000	0.0000	0.0000	0.0000	0.0000	0.0000	0.0000	0.0000	0.0000	0.0000	0.0000	0.0000	0.0000	0.0000	0.0000	0.0000	0.0000	0.0000	0.0000	0.0000	0.0000	0.0000	0.0000	0.0000	0.0000	0.0000	0.0000	0.0000	0.0000	0.0000	0.0000	0.0000	0.0000	0.0000	0.0000	0.0000	0.0000	0.0000	0.0000	0.0000	0.0000	0.0000	0.0000	0.0000	0.0000	0.0000	0.0000	0.0000	0.0000	0.0000											
30	46	0.0468	3	0	1	1	1	0	0	0	0	N	N	N	N	N	N	N	N	N	N	N	N	0.0000	0.0000	0.0000	0.0000	0.0000	0.0000	0.0000	0.0000	0.0000	0.0000	0.0000	0.0000	0.0000	0.0000	0.0000	0.0000	0.0000	0.0000	0.0000	0.0000	0.0000	4.0000	3.0000	5.9850	0.0000	0.0000	0.0000	0.0000	0.0000	0.0000	0.0000	0.0000	0.0000	0.0000	0.0000	0.0000	0.0000	0.0000	0.0000	0.0000	0.0000	0.0000	0.0000	0.0000	0.0000	0.0000	0.0000	0.0000	0.0000	0.0000	0.0000	0.0614	0.0348	0.0266	0.0101	0.0073	0.0028	0.0514	0.0275	0.0239	0.0000	0.0000	0.0000	0.0000	0.0000	0.0000	0.0000	0.0000	0.0000	0.0000	0.0000	0.0000	0.0000	0.0000	0.0000	0.0000	0.0000	0.0000											
30	47	0.1179	5	0	2	1	1	0	0	0	0	N	Y	N	N	N	N	N	N	N	N	N	N	0.0000	0.0000	0.0000	0.0000	0.0000	0.0000	0.0000	0.0000	0.0000	0.0000	0.0000	0.0000	0.0000	0.0000	0.0000	0.0000	0.0000	0.0000	0.0000	0.0000	0.0000	0.0000	3.0000	0.0000	0.0000	0.0000	0.0000	0.0000	0.0000	0.0000	0.0000	0.0000	0.0000	0.0000	0.0000	0.0000	0.0000	0.0000	0.0000	0.0000	0.0000	0.0000	0.0000	0.0000	0.0000	0.0000	0.0000	0.0000	0.0000	0.0000	0.0000	0.0000	0.0000	0.0000	0.0000	0.0000	0.0000	0.0000	0.0000	0.0000	0.0000	0.0000	0.0000	0.0000	0.0000	0.0000	0.0000	0.0000	0.0000	0.0000	0.0000	0.0000	0.0000	0.0000	0.0000	0.0000	0.0000	0.0000											
30	48	0.1777	8	1	2	2	1	0	0	0	0	N	Y	Y	N	N	N	N	N	N	N	N	N	0.0000	0.0000	0.0000	0.0000	0.0000	0.0000	0.0000	0.0000	0.0000	0.0000	0.0000	0.0000	0.0000	0.0000	0.0000	0.0000	0.0000	0.0000	0.0000	0.0000	0.0000	0.0000	3.0000	2.0152	0.0000	0.0000	0.0000	0.0000	0.0000	0.0000	0.0000	0.0000	0.0000	0.0000	0.0000	0.0000	0.0000	0.0000	0.0000	0.0000	0.0000	0.0000	0.0000	0.0000	0.0000	0.0000	0.0000	0.0000	0.0000	0.0000	0.0000	0.0130	0.0080	0.0050	0.0043	0.0033	0.0010	0.0088	0.0047	0.0040	0.0000	0.0000	0.0000	0.0000	0.0000	0.0000	0.0000	0.0000	0.0000	0.0000	0.0000	0.0000	0.0000	0.0000	0.0000	0.0000	0.0000	0.0000											
30	49	0.1734	7	1	1	2	1	0	0	0	0	N	N	Y	N	N	N	N	N	N	N	N	N	0.0000	0.0000	0.0000	0.0000	0.0000	0.0000	0.0000	0.0000	0.0000	0.0000	0.0000	0.0000	0.0000	0.0000	0.0000	0.0000	0.0000	0.0000	0.0000	0.0000	0.0000	0.0003	3.0000	1.0311	0.0000	0.0000	0.0000	0.0000	0.0000	0.0000	0.0000	0.0000	0.0000	0.0000	0.0000	0.0000	0.0000	0.0000	0.0000	0.0000	0.0000	0.0000	0.0000	0.0000	0.0000	0.0000	0.0000	0.0000	0.0000	0.0000	0.0000	0.0068	0.0042	0.0026	0.0022	0.0017	0.0005	0.0046	0.0025	0.0021	0.0000	0.0000	0.0000	0.0000	0.0000	0.0000	0.0000	0.0000	0.0000	0.0000	0.0000	0.0000	0.0000	0.0000	0.0000	0.0000	0.0000	0.0000											
30	50	0.1734	7	1	2	2	1	0	0	0	0	N	Y	Y	N	N	N	N	N	N	N	N	N	0.0000	0.0000	0.0000	0.0000	0.0000	0.0000	0.0000	0.0000	0.0000	0.0000	0.0000	0.0000	0.0000	0.0000	0.0000	0.0000	0.0000	0.0000	0.0000	0.0000	0.0000	0.0003	3.0000	1.0126	0.0000	0.0000	0.0000	0.0000	0.0000	0.0000	0.0000	0.0000	0.0000	0.0000	0.0000	0.0000	0.0000	0.0000	0.0000	0.0000	0.0000	0.0000	0.0000	0.0000	0.0000	0.0000	0.0000	0.0000	0.0000	0.0000	0.0000	0.0067	0.0041	0.0025	0.0022	0.0017	0.0005	0.0045	0.0025	0.0020	0.0000	0.0000	0.0000	0.0000	0.0000	0.0000	0.0000	0.0000	0.0000	0.0000	0.0000	0.0000	0.0000	0.0000	0.0000	0.0000	0.0000	0.0000											
30	51	0.2026	6	1	2	1	1	0	0	0	0	N	Y	N	N	N	N	N	N	N	N	N	N	0.0000	0.0000	0.0000	0.0000	0.0000	0.0000	0.0000	0.0000	0.0000	0.0000	0.0000	0.0000	0.0000	0.0000	0.0000	0.0000	0.0000	0.0000	0.0000	0.0000	0.0000	0.0000	3.0000	1.0000	0.0000	0.0000	0.0000	0.0000	0.0000	0.0000	0.0000	0.0000	0.0000	0.0000	0.0000	0.0000	0.0000	0.0000	0.0000	0.0000	0.0000	0.0000	0.0000	0.0000	0.0000	0.0000	0.0000	0.0000	0.0000	0.0000	0.0000	0.0062	0.0038	0.0023	0.0020	0.0016	0.0004	0.0041	0.0022	0.0019	0.0000	0.0000	0.0000	0.0000	0.0000	0.0000	0.0000	0.0000	0.0000	0.0000	0.0000	0.0000	0.0000	0.0000	0.0000	0.0000	0.0000	0.0000											
30	52	0.0858	5	0	2	1	2	0	0	0	0	N	Y	N	Y	N	N	N	N	N	N	N	N	0.0000	0.0000	0.0000	0.0000	0.0000	0.0000	0.0000	0.0000	0.0000	0.0000	0.0000	0.0000	0.0000	0.0000	0.0000	0.0000	0.0000	0.0000	0.0000	0.0000	0.0000	0.9995	3.0000	1.0399	0.0000	0.0000	0.0000	0.0000	0.0000	0.0000	0.0000	0.0000	0.0000	0.0000	0.0000	0.0000	0.0000	0.0000	0.0000	0.0000	0.0000	0.0000	0.0000	0.0000	0.0000	0.0000	0.0000	0.0000	0.0000	0.0000	0.0000	0.0182	0.0121	0.0061	0.0055	0.0045	0.0009	0.0127	0.0076	0.0052	0.0000	0.0000	0.0000	0.0000	0.0000	0.0000	0.0000	0.0000	0.0000	0.0000	0.0000	0.0000	0.0000	0.0000	0.0000	0.0000	0.0000	0.0000											
30	53	0.0858	5	0	1	1	2	0	0	0	0	N	N	N	Y	N	N	N	N	N	N	N	N	0.0000	0.0000	0.0000	0.0000	0.0000	0.0000	0.0000	0.0000	0.0000	0.0000	0.0000	0.0000	0.0000	0.0000	0.0000	0.0000	0.0000	0.0000	0.0000	0.0000	0.0000	3.0005	3.0000	1.0125	0.0000	0.0000	0.0000	0.0000	0.0000	0.0000	0.0000	0.0000	0.0000	0.0000	0.0000	0.0000	0.0000	0.0000	0.0000	0.0000	0.0000	0.0000	0.0000	0.0000	0.0000	0.0000	0.0000	0.0000	0.0000	0.0000	0.0000	0.0304	0.0190	0.0114	0.0076	0.0060	0.0016	0.0228	0.0130	0.0098	0.0000	0.0000	0.0000	0.0000	0.0000	0.0000	0.0000	0.0000	0.0000	0.0000	0.0000	0.0000	0.0000	0.0000	0.0000	0.0000	0.0000	0.0000											
30	54	0.0776	4	0	1	1	2	0	0	0	0	N	N	N	Y	N	N	N	N	N	N	N	N	0.0000	0.0000	0.0000	0.0000	0.0000	0.0000	0.0000	0.0000	0.0000	0.0000	0.0000	0.0000	0.0000	0.0000	0.0000	0.0000	0.0000	0.0000	0.0000	0.0000	0.0000	0.0013	3.0000	1.9704	0.0000	0.0000	0.0000	0.0000	0.0000	0.0000	0.0000	0.0000	0.0000	0.0000	0.0000	0.0000	0.0000	0.0000	0.0000	0.0000	0.0000	0.0000	0.0000	0.0000	0.0000	0.0000	0.0000	0.0000	0.0000	0.0000	0.0000	0.0126	0.0072	0.0054	0.0022	0.0016	0.0006	0.0104	0.0056	0.0048	0.0000	0.0000	0.0000	0.0000	0.0000	0.0000	0.0000	0.0000	0.0000	0.0000	0.0000	0.0000	0.0000	0.0000	0.0000	0.0000	0.0000	0.0000											
30	55	0.0468	3	0	1	1	2	0	0	0	0	N	N	N	Y	N	N	N	N	N	N	N	N	0.0000	0.0000	0.0000	0.0000	0.0000	0.0000	0.0000	0.0000	0.0000	0.0000	0.0000	0.0000	0.0000	0.0000	0.0000	0.0000	0.0000	0.0000	0.0000	0.0000	0.0000	3.0000	3.0000	4.0155	0.0000	0.0000	0.0000	0.0000	0.0000	0.0000	0.0000	0.0000	0.0000	0.0000	0.0000	0.0000	0.0000	0.0000	0.0000	0.0000	0.0000	0.0000	0.0000	0.0000	0.0000	0.0000	0.0000	0.0000	0.0000	0.0000	0.0000	0.0444	0.0252	0.0192	0.0074	0.0054	0.0020	0.0370	0.0198	0.0172	0.0000	0.0000	0.0000	0.0000	0.0000	0.0000	0.0000	0.0000	0.0000	0.0000	0.0000	0.0000	0.0000	0.0000	0.0000	0.0000	0.0000	0.0000											
30	56	0.1640	8	0	2	2	1	0	0	0	0	N	Y	Y	N	N	N	N	N	N	N	N	N	0.0000	0.0000	0.0000	0.0000	0.0000	0.0000	0.0000	0.0000	0.0000	0.0000	0.0000	0.0000	0.0000	0.0000	0.0000	0.0000	0.0000	0.0000	0.0000	0.0000	0.0000	2.0013	3.0000	5.6727	0.0000	0.0000	0.0000	0.0000	0.0000	0.0000	0.0000	0.0000	0.0000	0.0000	0.0000	0.0000	0.0000	0.0000	0.0000	0.0000	0.0000	0.0000	0.0000	0.0000	0.0000	0.0000	0.0000	0.0000	0.0000	0.0000	0.0000	0.0564	0.0379	0.0185	0.0198	0.0162	0.0036	0.0366	0.0217	0.0149	0.0000	0.0000	0.0000	0.0000	0.0000	0.0000	0.0000	0.0000	0.0000	0.0000	0.0000	0.0000	0.0000	0.0000	0.0000	0.0000	0.0000	0.0000											
30	57	0.1603	7	0	2	1	1	0	0	0	0	N	Y	N	N	N	N	N	N	N	N	N	N	0.0000	0.0000	0.0000	0.0000	0.0000	0.0000	0.0000	0.0000	0.0000	0.0000	0.0000	0.0000	0.0000	0.0000	0.0000	0.0000	0.0000	0.0000	0.0000	0.0000	0.0000	0.0033	3.0000	1.3874	0.0000	0.0000	0.0000	0.0000	0.0000	0.0000	0.0000	0.0000	0.0000	0.0000	0.0000	0.0000	0.0000	0.0000	0.0000	0.0000	0.0000	0.0000	0.0000	0.0000	0.0000	0.0000	0.0000	0.0000	0.0000	0.0000	0.0000	0.0208	0.0159	0.0049	0.0088	0.0081	0.0007	0.0120	0.0078	0.0042	0.0000	0.0000	0.0000	0.0000	0.0000	0.0000	0.0000	0.0000	0.0000	0.0000	0.0000	0.0000	0.0000	0.0000	0.0000	0.0000	0.0000	0.0000											
30	58	0.1451	6	1	1	2	1	0	0	0	0	N	N	Y	N	N	N	N	N	N	N	N	N	0.0000	0.0000	0.0000	0.0000	0.0000	0.0000	0.0000	0.0000	0.0000	0.0000	0.0000	0.0000	0.0000	0.0000	0.0000	0.0000	0.0000	0.0000	0.0000	0.0000	0.0000	0.0000	3.0000	2.0000	0.0000	0.0000	0.0000	0.0000	0.0000	0.0000	0.0000	0.0000	0.0000	0.0000	0.0000	0.0000	0.0000	0.0000	0.0000	0.0000	0.0000	0.0000	0.0000	0.0000	0.0000	0.0000	0.0000	0.0000	0.0000	0.0000	0.0000	0.0119	0.0073	0.0046	0.0032	0.0023	0.0009	0.0087	0.0050	0.0037	0.0000	0.0000	0.0000	0.0000	0.0000	0.0000	0.0000	0.0000	0.0000	0.0000	0.0000	0.0000	0.0000	0.0000	0.0000	0.0000	0.0000	0.0000											
30	59	0.1603	7	0	2	1	1	0	0	0	0	N	Y	N	N	N	N	N	N	N	N	N	N	0.0000	0.0000	0.0000	0.0000	0.0000	0.0000	0.0000	0.0000	0.0000	0.0000	0.0000	0.0000	0.0000	0.0000	0.0000	0.0000	0.0000	0.0000	0.0000	0.0000	0.0000	1.9997	3.0000	3.4660	0.0000	0.0000	0.0000	0.0000	0.0000	0.0000	0.0000	0.0000	0.0000	0.0000	0.0000	0.0000	0.0000	0.0000	0.0000	0.0000	0.0000	0.0000	0.0000	0.0000	0.0000	0.0000	0.0000	0.0000	0.0000	0.0000	0.0000	0.0434	0.0297	0.0136	0.0155	0.0129	0.0026	0.0279	0.0169	0.0110	0.0000	0.0000	0.0000	0.0000	0.0000	0.0000	0.0000	0.0000	0.0000	0.0000	0.0000	0.0000	0.0000	0.0000	0.0000	0.0000	0.0000	0.0000											
30	60	0.1451	6	0	2	1	1	0	0	0	0	N	Y	N	N	N	N	N	N	N	N	N	N	0.0000	0.0000	0.0000	0.0000	0.0000	0.0000	0.0000	0.0000	0.0000	0.0000	0.0000	0.0000	0.0000	0.0000	0.0000	0.0000	0.0000	0.0000	0.0000	0.0000	0.0000	0.0005	3.0000	3.6054	0.0000	0.0000	0.0000	0.0000	0.0000	0.0000	0.0000	0.0000	0.0000	0.0000	0.0000	0.0000	0.0000	0.0000	0.0000	0.0000	0.0000	0.0000	0.0000	0.0000	0.0000	0.0000	0.0000	0.0000	0.0000	0.0000	0.0000	0.0211	0.0130	0.0081	0.0057	0.0041	0.0016	0.0155	0.0089	0.0066	0.0000	0.0000	0.0000	0.0000	0.0000	0.0000	0.0000	0.0000	0.0000	0.0000	0.0000	0.0000	0.0000	0.0000	0.0000	0.0000	0.0000	0.0000											
30	61	0.1179	5	0	1	2	1	0	0	0	0	N	N	Y	N	N	N	N	N	N	N	N	N	0.0000	0.0000	0.0000	0.0000	0.0000	0.0000	0.0000	0.0000	0.0000	0.0000	0.0000	0.0000	0.0000	0.0000	0.0000	0.0000	0.0000	0.0000	0.0000	0.0000	0.0000	0.0000	3.0000	1.0000	0.0000	0.0000	0.0000	0.0000	0.0000	0.0000	0.0000	0.0000	0.0000	0.0000	0.0000	0.0000	0.0000	0.0000	0.0000	0.0000	0.0000	0.0000	0.0000	0.0000	0.0000	0.0000	0.0000	0.0000	0.0000	0.0000	0.0000	0.0061	0.0034	0.0027	0.0007	0.0006	0.0002	0.0054	0.0029	0.0025	0.0000	0.0000	0.0000	0.0000	0.0000	0.0000	0.0000	0.0000	0.0000	0.0000	0.0000	0.0000	0.0000	0.0000	0.0000	0.0000	0.0000	0.0000											
30	62	0.1136	4	0	1	1	1	0	0	0	0	N	N	N	N	N	N	N	N	N	N	N	N	0.0000	0.0000	0.0000	0.0000	0.0000	0.0000	0.0000	0.0000	0.0000	0.0000	0.0000	0.0000	0.0000	0.0000	0.0000	0.0000	0.0000	0.0000	0.0000	0.0000	0.0000	0.0001	3.0000	1.0076	0.0000	0.0000	0.0000	0.0000	0.0000	0.0000	0.0000	0.0000	0.0000	0.0000	0.0000	0.0000	0.0000	0.0000	0.0000	0.0000	0.0000	0.0000	0.0000	0.0000	0.0000	0.0000	0.0000	0.0000	0.0000	0.0000	0.0000	0.0083	0.0048	0.0035	0.0026	0.0017	0.0009	0.0057	0.0031	0.0026	0.0000	0.0000	0.0000	0.0000	0.0000	0.0000	0.0000	0.0000	0.0000	0.0000	0.0000	0.0000	0.0000	0.0000	0.0000	0.0000	0.0000	0.0000											
30	63	0.0468	3	0	1	1	1	0	0	0	0	N	N	N	N	N	N	N	N	N	N	N	N	0.0000	0.0000	0.0000	0.0000	0.0000	0.0000	0.0000	0.0000	0.0000	0.0000	0.0000	0.0000	0.0000	0.0000	0.0000	0.0000	0.0000	0.0000	0.0000	0.0000	0.0000	11.9999	3.0000	3.0574	0.0000	0.0000	0.0000	0.0000	0.0000	0.0000	0.0000	0.0000	0.0000	0.0000	0.0000	0.0000	0.0000	0.0000	0.0000	0.0000	0.0000	0.0000	0.0000	0.0000	0.0000	0.0000	0.0000	0.0000	0.0000	0.0000	0.0000	0.0887	0.0502	0.0385	0.0142	0.0102	0.0040	0.0746	0.0400	0.0345	0.0000	0.0000	0.0000	0.0000	0.0000	0.0000	0.0000	0.0000	0.0000	0.0000	0.0000	0.0000	0.0000	0.0000	0.0000	0.0000	0.0000	0.0000											
30	64	0.1451	6	1	2	1	1	0	0	0	0	N	Y	N	N	N	N	N	N	N	N	N	N	0.0000	0.0000	0.0000	0.0000	0.0000	0.0000	0.0000	0.0000	0.0000	0.0000	0.0000	0.0000	0.0000	0.0000	0.0000	0.0000	0.0000	0.0000	0.0000	0.0000	0.0000	4.0000	3.0000	3.0000	0.0000	0.0000	0.0000	0.0000	0.0000	0.0000	0.0000	0.0000	0.0000	0.0000	0.0000	0.0000	0.0000	0.0000	0.0000	0.0000	0.0000	0.0000	0.0000	0.0000	0.0000	0.0000	0.0000	0.0000	0.0000	0.0000	0.0000	0.0400	0.0246	0.0154	0.0106	0.0077	0.0029	0.0293	0.0168	0.0125	0.0000	0.0000	0.0000	0.0000	0.0000	0.0000	0.0000	0.0000	0.0000	0.0000	0.0000	0.0000	0.0000	0.0000	0.0000	0.0000	0.0000	0.0000											
30	65	0.1033	5	0	1	1	1	0	0	0	0	N	N	N	N	N	N	N	N	N	N	N	N	0.0000	0.0000	0.0000	0.0000	0.0000	0.0000	0.0000	0.0000	0.0000	0.0000	0.0000	0.0000	0.0000	0.0000	0.0000	0.0000	0.0000	0.0000	0.0000	0.0000	0.0000	2.0015	3.0000	10.0016	0.0000	0.0000	0.0000	0.0000	0.0000	0.0000	0.0000	0.0000	0.0000	0.0000	0.0000	0.0000	0.0000	0.0000	0.0000	0.0000	0.0000	0.0000	0.0000	0.0000	0.0000	0.0000	0.0000	0.0000	0.0000	0.0000	0.0000	0.0689	0.0400	0.0289	0.0155	0.0111	0.0044	0.0534	0.0289	0.0245	0.0000	0.0000	0.0000	0.0000	0.0000	0.0000	0.0000	0.0000	0.0000	0.0000	0.0000	0.0000	0.0000	0.0000	0.0000	0.0000	0.0000	0.0000											
30	67	0.2582	7	0	1	1	1	0	0	0	0	N	N	N	N	N	N	N	N	N	N	N	N	0.0000	0.0000	0.0000	0.0000	0.0000	0.0000	0.0000	0.0000	0.0000	0.0000	0.0000	0.0000	0.0000	0.0000	0.0000	0.0000	0.0000	0.0671	0.0059	0.2495	0.0220	0.0107	0.0697	0.1063	0.0000	0.3476	15.7429	0.0000	0.0047	0.0000	4.8614	3.0000	14.2102	0.0000	0.0000	0.0000	0.0000	0.0000	0.0000	0.0000	0.0000	0.0000	0.0117	0.0007	0.0110	0.0018	0.0007	0.0011	0.0099	0.0000	0.0099	0.0000	0.0000	0.0000	0.0000	0.0000	0.0000	0.0000	0.0000	0.0000	0.1746	0.1189	0.0556	0.0810	0.0655	0.0155	0.0935	0.0534	0.0401	0.0000	0.0000	0.0000	0.0000	0.0000	0.0000	0.0000	0.0000	0.0000	0.0671	0.0059	0.1982	0.0220	0.0107	0.0697	0.1063	0.0000	0.2478		
30	68	0.1790	9	1	2	2	1	0	0	0	0	N	Y	Y	N	N	N	N	N	N	N	N	N	0.0000	0.0000	0.0000	0.0000	0.0000	0.0000	0.0000	0.0000	0.0000	0.0000	0.0000	0.0000	0.0000	0.0000	0.0000	0.0000	0.0000	0.0000	0.0000	0.0000	0.0000	0.0000	3.0000	0.0000	0.0000	0.0000	0.0000	0.0000	0.0000	0.0000	0.0000	0.0000	0.0000	0.0000	0.0000	0.0000	0.0000	0.0000	0.0000	0.0000	0.0000	0.0000	0.0000	0.0000	0.0000	0.0000	0.0000	0.0000	0.0000	0.0000	0.0000	0.0000	0.0000	0.0000	0.0000	0.0000	0.0000	0.0000	0.0000	0.0000	0.0000	0.0000	0.0000	0.0000	0.0000	0.0000	0.0000	0.0000	0.0000	0.0000	0.0000	0.0000	0.0000	0.0000	0.0000	0.0000	0.0000	0.0000											
30	69	0.1749	8	1	1	2	1	0	0	0	0	N	N	Y	N	N	N	N	N	N	N	N	N	0.0000	0.0000	0.0000	0.0000	0.0000	0.0000	0.0000	0.0000	0.0000	0.0000	0.0000	0.0000	0.0000	0.0000	0.0000	0.0000	0.0000	0.0000	0.0000	0.0000	0.0000	0.0016	3.0000	0.9826	0.0000	0.0000	0.0000	0.0000	0.0000	0.0000	0.0000	0.0000	0.0000	0.0000	0.0000	0.0000	0.0000	0.0000	0.0000	0.0000	0.0000	0.0000	0.0000	0.0000	0.0000	0.0000	0.0000	0.0000	0.0000	0.0000	0.0000	0.0064	0.0041	0.0024	0.0023	0.0018	0.0005	0.0041	0.0023	0.0019	0.0000	0.0000	0.0000	0.0000	0.0000	0.0000	0.0000	0.0000	0.0000	0.0000	0.0000	0.0000	0.0000	0.0000	0.0000	0.0000	0.0000	0.0000											
30	70	0.1622	7	1	1	2	1	0	0	0	0	N	N	Y	N	N	N	N	N	N	N	N	N	0.0000	0.0000	0.0000	0.0000	0.0000	0.0000	0.0000	0.0000	0.0000	0.0000	0.0000	0.0000	0.0000	0.0000	0.0000	0.0000	0.0000	0.0000	0.0000	0.0000	0.0000	0.0061	3.0000	3.0249	0.0000	0.0000	0.0000	0.0000	0.0000	0.0000	0.0000	0.0000	0.0000	0.0000	0.0000	0.0000	0.0000	0.0000	0.0000	0.0000	0.0000	0.0000	0.0000	0.0000	0.0000	0.0000	0.0000	0.0000	0.0000	0.0000	0.0000	0.0199	0.0126	0.0073	0.0067	0.0052	0.0015	0.0133	0.0074	0.0058	0.0000	0.0000	0.0000	0.0000	0.0000	0.0000	0.0000	0.0000	0.0000	0.0000	0.0000	0.0000	0.0000	0.0000	0.0000	0.0000	0.0000	0.0000											
30	71	0.1451	6	1	1	2	1	0	0	0	0	N	N	Y	N	N	N	N	N	N	N	N	N	0.0000	0.0000	0.0000	0.0000	0.0000	0.0000	0.0000	0.0000	0.0000	0.0000	0.0000	0.0000	0.0000	0.0000	0.0000	0.0000	0.0000	0.0000	0.0000	0.0000	0.0000	0.0044	3.0000	4.0281	0.0000	0.0000	0.0000	0.0000	0.0000	0.0000	0.0000	0.0000	0.0000	0.0000	0.0000	0.0000	0.0000	0.0000	0.0000	0.0000	0.0000	0.0000	0.0000	0.0000	0.0000	0.0000	0.0000	0.0000	0.0000	0.0000	0.0000	0.0235	0.0145	0.0091	0.0063	0.0046	0.0017	0.0172	0.0099	0.0074	0.0000	0.0000	0.0000	0.0000	0.0000	0.0000	0.0000	0.0000	0.0000	0.0000	0.0000	0.0000	0.0000	0.0000	0.0000	0.0000	0.0000	0.0000											
30	72	0.1033	5	0	2	1	1	0	0	0	0	N	Y	N	N	N	N	N	N	N	N	N	N	0.0000	0.0000	0.0000	0.0000	0.0000	0.0000	0.0000	0.0000	0.0000	0.0000	0.0000	0.0000	0.0000	0.0000	0.0000	0.0000	0.0000	0.0000	0.0000	0.0000	0.0000	5.9987	3.0000	11.0016	0.0000	0.0000	0.0000	0.0000	0.0000	0.0000	0.0000	0.0000	0.0000	0.0000	0.0000	0.0000	0.0000	0.0000	0.0000	0.0000	0.0000	0.0000	0.0000	0.0000	0.0000	0.0000	0.0000	0.0000	0.0000	0.0000	0.0000	0.0940	0.0546	0.0393	0.0209	0.0150	0.0059	0.0730	0.0396	0.0334	0.0000	0.0000	0.0000	0.0000	0.0000	0.0000	0.0000	0.0000	0.0000	0.0000	0.0000	0.0000	0.0000	0.0000	0.0000	0.0000	0.0000	0.0000											
30	73	0.1451	6	1	1	2	1	0	0	0	0	N	N	Y	N	N	N	N	N	N	N	N	N	0.0000	0.0000	0.0000	0.0000	0.0000	0.0000	0.0000	0.0000	0.0000	0.0000	0.0000	0.0000	0.0000	0.0000	0.0000	0.0000	0.0000	0.0000	0.0000	0.0000	0.0000	2.0000	3.0000	5.0000	0.0000	0.0000	0.0000	0.0000	0.0000	0.0000	0.0000	0.0000	0.0000	0.0000	0.0000	0.0000	0.0000	0.0000	0.0000	0.0000	0.0000	0.0000	0.0000	0.0000	0.0000	0.0000	0.0000	0.0000	0.0000	0.0000	0.0000	0.0400	0.0246	0.0154	0.0106	0.0077	0.0029	0.0293	0.0168	0.0125	0.0000	0.0000	0.0000	0.0000	0.0000	0.0000	0.0000	0.0000	0.0000	0.0000	0.0000	0.0000	0.0000	0.0000	0.0000	0.0000	0.0000	0.0000											
30	74	0.1451	7	0	2	1	1	0	0	0	0	N	Y	N	N	N	N	N	N	N	N	N	N	0.0000	0.0000	0.0000	0.0000	0.0000	0.0000	0.0000	0.0000	0.0000	0.0000	0.0000	0.0000	0.0000	5.2470	8.7365	0.0000	450.9701	476.8547	0.0000	0.0000	0.0000	0.0000	0.0000	0.0000	-0.3335	0.0000	6.1274	3.0000	13.6208	0.0000	0.0000	0.0000	0.0000	0.0000	0.0000	0.0000	0.0000	0.0000	0.6176	0.6176	0.0000	0.6176	0.6176	0.0000	0.0000	0.0000	0.0000	0.0000	0.0000	0.0000	0.0000	0.0000	0.0000	0.0000	0.0000	0.0000	0.1177	0.0707	0.0470	0.0244	0.0188	0.0056	0.0933	0.0519	0.0414	0.0000	0.0000	0.0000	0.0000	0.0000	0.0000	0.0000	0.0000	0.0000	5.2470	8.7365	0.0000	25.2949	32.8459	0.0000	0.0000	0.0000	0.0000						
30	75	0.1696	10	0	1	2	1	0	0	0	0	N	N	Y	N	N	N	N	N	N	N	N	N	0.0000	0.0000	0.0000	0.0000	0.0000	0.0000	0.0000	0.0000	0.0000	0.0000	0.0000	0.0000	0.0000	158.3173	260.8440	0.0000	3331.4384	3586.4840	0.0000	0.0000	0.0000	0.0000	0.0000	0.0000	-0.5382	0.0000	0.0000	3.0000	1.0003	0.0000	0.0000	0.0000	0.0000	0.0000	0.0000	0.0000	0.0000	0.0000	0.9967	0.9967	0.0000	0.9967	0.9967	0.0000	0.0000	0.0000	0.0000	0.0000	0.0000	0.0000	0.0000	0.0000	0.0000	0.0000	0.0000	0.0000	0.0063	0.0038	0.0025	0.0014	0.0010	0.0004	0.0049	0.0028	0.0021	0.0000	0.0000	0.0000	0.0000	0.0000	0.0000	0.0000	0.0000	0.0000	158.3173	260.8440	0.0000	728.7167	980.5023	0.0000	0.0000	0.0000	0.0000						
30	76	0.1655	9	0	1	2	1	0	0	0	0	N	N	Y	N	N	N	N	N	N	N	N	N	0.0000	0.0000	0.0000	0.0000	0.0000	0.0000	0.0000	0.0000	0.0000	0.0000	0.0000	0.0000	0.0000	0.0000	0.0000	0.0000	1.0684	1.8979	0.4166	43.0023	55.9474	0.0000	0.1503	0.0000	0.4823	0.2302	0.0000	-0.0014	0.0000	0.0000	3.0000	1.0076	0.0000	0.0000	0.0000	0.0000	0.0000	0.0000	0.0000	0.0000	0.0000	0.0040	0.0032	0.0007	0.0032	0.0032	0.0000	0.0007	0.0000	0.0007	0.0000	0.0000	0.0000	0.0000	0.0000	0.0000	0.0000	0.0000	0.0000	0.0063	0.0038	0.0025	0.0013	0.0010	0.0003	0.0050	0.0028	0.0021	0.0000	0.0000	0.0000	0.0000	0.0000	0.0000	0.0000	0.0000	0.0000	0.6364	0.8547	0.3017	2.4924	3.3709	0.0000	0.1503	0.0000	0.3497			
30	77	0.1614	8	0	1	1	1	0	0	0	0	N	N	N	N	N	N	N	N	N	N	N	N	0.0000	0.0000	0.0000	0.0000	0.0000	0.0000	0.0000	0.0000	0.0000	0.0000	0.0000	0.0000	0.0000	0.0000	0.0000	0.0000	0.4287	0.2929	0.5644	5.8570	7.3340	0.0000	0.1994	0.0000	0.6510	1.3070	0.0000	0.0000	0.0000	0.0026	3.0000	0.9924	0.0000	0.0000	0.0000	0.0000	0.0000	0.0000	0.0000	0.0000	0.0000	0.0017	0.0007	0.0010	0.0007	0.0007	0.0000	0.0010	0.0000	0.0010	0.0000	0.0000	0.0000	0.0000	0.0000	0.0000	0.0000	0.0000	0.0000	0.0062	0.0037	0.0024	0.0013	0.0009	0.0003	0.0049	0.0028	0.0021	0.0000	0.0000	0.0000	0.0000	0.0000	0.0000	0.0000	0.0000	0.0000	0.2790	0.2000	0.3998	0.5836	0.7897	0.0000	0.1994	0.0000	0.4631			
30	78	0.1451	7	0	1	1	1	0	0	0	0	N	N	N	N	N	N	N	N	N	N	N	N	0.0000	0.0000	0.0000	0.0000	0.0000	0.0000	0.0000	0.0000	0.0000	0.0000	0.0000	0.0000	0.0000	0.0000	0.0000	0.0000	0.0000	10.8755	0.0293	67.4826	0.2526	0.0858	0.5651	14.4048	0.0000	71.0727	558.5675	0.0000	0.1757	0.0000	2.8733	3.0000	1.5522	0.0000	0.0000	0.0000	0.0000	0.0000	0.0000	0.0000	0.0000	0.0000	0.3834	0.0007	0.3827	0.0013	0.0007	0.0006	0.3821	0.0000	0.3821	0.0000	0.0000	0.0000	0.0000	0.0000	0.0000	0.0000	0.0000	0.0000	0.0364	0.0234	0.0130	0.0099	0.0083	0.0016	0.0265	0.0151	0.0114	0.0000	0.0000	0.0000	0.0000	0.0000	0.0000	0.0000	0.0000	0.0000	10.5299	0.0293	29.4075	0.1320	0.0824	0.3943	14.4048	0.0000	33.3900		
30	79	0.1329	6	0	1	1	1	0	0	0	0	N	N	N	N	N	N	N	N	N	N	N	N	0.0000	0.0000	0.0000	0.0000	0.0000	0.0000	0.0000	0.0000	0.0000	0.0000	0.0000	0.0000	0.0000	0.0000	0.0000	0.0000	0.0000	0.0000	11.0949	7.5229	37.9313	328.0670	347.3229	0.2842	8.6047	0.0145	41.5506	1.0341	0.0000	-0.0151	0.0000	0.2102	3.0000	3.4985	0.0000	0.0000	0.0000	0.0000	0.0000	0.0000	0.0000	0.0000	0.0000	0.4769	0.2344	0.2424	0.2347	0.2342	0.0005	0.2422	0.0002	0.2420	0.0000	0.0000	0.0000	0.0000	0.0000	0.0000	0.0000	0.0000	0.0000	0.0443	0.0312	0.0130	0.0161	0.0145	0.0016	0.0281	0.0167	0.0114	0.0000	0.0000	0.0000	0.0000	0.0000	0.0000	0.0000	0.0000	0.0000	10.7742	7.5069	18.6053	14.5646	16.1694	0.2842	8.6047	0.0145	21.2207	
30	80	0.0766	6	0	2	1	1	0	0	0	0	N	Y	N	N	N	N	N	N	N	N	N	N	0.0000	0.0000	0.0000	0.0000	0.0000	0.0000	0.0000	0.0000	0.0000	0.0000	0.0000	0.0000	0.0000	0.0002	0.0003	0.0000	0.0010	0.0013	0.0000	0.0000	0.0000	0.0000	0.0000	0.0000	-0.0000	0.0000	2.0196	3.0000	6.0690	0.0000	0.0000	0.0000	0.0000	0.0000	0.0000	0.0000	0.0000	0.0000	0.0000	0.0000	0.0000	0.0000	0.0000	0.0000	0.0000	0.0000	0.0000	0.0000	0.0000	0.0000	0.0000	0.0000	0.0000	0.0000	0.0000	0.0000	0.0513	0.0300	0.0214	0.0100	0.0075	0.0024	0.0414	0.0224	0.0189	0.0000	0.0000	0.0000	0.0000	0.0000	0.0000	0.0000	0.0000	0.0000	0.0002	0.0003	0.0000	0.0010	0.0013	0.0000	0.0000	0.0000	0.0000						
30	81	0.0683	5	0	1	1	1	0	0	0	0	N	N	N	N	N	N	N	N	N	N	N	N	0.0000	0.0000	0.0000	0.0000	0.0000	0.0000	0.0000	0.0000	0.0000	0.0000	0.0000	0.0000	0.0000	0.0000	0.0000	0.0016	0.0027	0.0000	0.0043	0.0059	0.0000	0.0009	0.0018	0.0000	0.0000	0.0000	-0.0000	0.0000	0.9876	3.0000	0.9833	0.0000	0.0000	0.0000	0.0000	0.0000	0.0000	0.0000	0.0000	0.0000	0.0000	0.0000	0.0000	0.0000	0.0000	0.0000	0.0000	0.0000	0.0000	0.0000	0.0000	0.0000	0.0000	0.0000	0.0000	0.0000	0.0000	0.0000	0.0129	0.0074	0.0055	0.0023	0.0017	0.0006	0.0106	0.0057	0.0049	0.0000	0.0000	0.0000	0.0000	0.0000	0.0000	0.0000	0.0000	0.0000	0.0016	0.0027	0.0000	0.0043	0.0059	0.0000	0.0009	0.0018	0.0000				
30	82	0.1734	7	1	1	2	1	0	0	0	0	N	N	Y	N	N	N	N	N	N	N	N	N	0.0000	0.0000	0.0000	0.0000	0.0000	0.0000	0.0000	0.0000	0.0000	0.0000	0.0000	0.0000	0.0000	0.0000	0.0000	0.0000	0.0000	0.0000	0.0000	0.0000	0.0000	1.0000	3.0000	2.9874	0.0000	0.0000	0.0000	0.0000	0.0000	0.0000	0.0000	0.0000	0.0000	0.0000	0.0000	0.0000	0.0000	0.0000	0.0000	0.0000	0.0000	0.0000	0.0000	0.0000	0.0000	0.0000	0.0000	0.0000	0.0000	0.0000	0.0000	0.0246	0.0149	0.0096	0.0078	0.0059	0.0019	0.0168	0.0090	0.0077	0.0000	0.0000	0.0000	0.0000	0.0000	0.0000	0.0000	0.0000	0.0000	0.0000	0.0000	0.0000	0.0000	0.0000	0.0000	0.0000	0.0000	0.0000											
30	83	0.1451	6	1	1	2	1	0	0	0	0	N	N	Y	N	N	N	N	N	N	N	N	N	0.0000	0.0000	0.0000	0.0000	0.0000	0.0000	0.0000	0.0000	0.0000	0.0000	0.0000	0.0000	0.0000	0.0000	0.0000	0.0000	0.0000	0.0000	0.0000	0.0000	0.0000	0.9997	3.0000	6.0128	0.0000	0.0000	0.0000	0.0000	0.0000	0.0000	0.0000	0.0000	0.0000	0.0000	0.0000	0.0000	0.0000	0.0000	0.0000	0.0000	0.0000	0.0000	0.0000	0.0000	0.0000	0.0000	0.0000	0.0000	0.0000	0.0000	0.0000	0.0401	0.0246	0.0155	0.0107	0.0077	0.0029	0.0294	0.0169	0.0125	0.0000	0.0000	0.0000	0.0000	0.0000	0.0000	0.0000	0.0000	0.0000	0.0000	0.0000	0.0000	0.0000	0.0000	0.0000	0.0000	0.0000	0.0000											
30	84	0.1033	5	0	2	1	2	0	0	0	0	N	Y	N	Y	N	N	N	N	N	N	N	N	0.0000	0.0000	0.0000	0.0000	0.0000	0.0000	0.0000	0.0000	0.0000	0.0000	0.0000	0.0000	0.0000	0.0000	0.0000	0.0000	0.0000	0.0000	0.0000	0.0000	0.0000	8.0013	3.0000	12.0015	0.0000	0.0000	0.0000	0.0000	0.0000	0.0000	0.0000	0.0000	0.0000	0.0000	0.0000	0.0000	0.0000	0.0000	0.0000	0.0000	0.0000	0.0000	0.0000	0.0000	0.0000	0.0000	0.0000	0.0000	0.0000	0.0000	0.0000	0.1081	0.0629	0.0452	0.0239	0.0172	0.0068	0.0842	0.0457	0.0384	0.0000	0.0000	0.0000	0.0000	0.0000	0.0000	0.0000	0.0000	0.0000	0.0000	0.0000	0.0000	0.0000	0.0000	0.0000	0.0000	0.0000	0.0000											
30	85	0.0468	3	0	2	1	1	0	0	0	0	N	Y	N	N	N	N	N	N	N	N	N	N	0.0000	0.0000	0.0000	0.0000	0.0000	0.0000	0.0000	0.0000	0.0000	0.0000	0.0000	0.0000	0.0000	0.0000	0.0000	0.0000	0.0000	0.0000	0.0000	0.0000	0.0000	1.0000	3.0000	6.9850	0.0000	0.0000	0.0000	0.0000	0.0000	0.0000	0.0000	0.0000	0.0000	0.0000	0.0000	0.0000	0.0000	0.0000	0.0000	0.0000	0.0000	0.0000	0.0000	0.0000	0.0000	0.0000	0.0000	0.0000	0.0000	0.0000	0.0000	0.0501	0.0284	0.0217	0.0083	0.0060	0.0023	0.0417	0.0223	0.0194	0.0000	0.0000	0.0000	0.0000	0.0000	0.0000	0.0000	0.0000	0.0000	0.0000	0.0000	0.0000	0.0000	0.0000	0.0000	0.0000	0.0000	0.0000											
30	87	0.1451	6	0	2	1	1	0	0	0	0	N	Y	N	N	N	N	N	N	N	N	N	N	0.0000	0.0000	0.0000	0.0000	0.0000	0.0000	0.0000	0.0000	0.0000	0.0000	0.0000	0.0000	0.0000	0.0000	0.0000	0.0000	0.0000	0.0000	0.0000	0.0000	0.0000	4.0000	3.0000	7.0000	0.0000	0.0000	0.0000	0.0000	0.0000	0.0000	0.0000	0.0000	0.0000	0.0000	0.0000	0.0000	0.0000	0.0000	0.0000	0.0000	0.0000	0.0000	0.0000	0.0000	0.0000	0.0000	0.0000	0.0000	0.0000	0.0000	0.0000	0.0610	0.0375	0.0236	0.0161	0.0117	0.0044	0.0449	0.0258	0.0192	0.0000	0.0000	0.0000	0.0000	0.0000	0.0000	0.0000	0.0000	0.0000	0.0000	0.0000	0.0000	0.0000	0.0000	0.0000	0.0000	0.0000	0.0000											
30	88	0.1033	5	0	1	1	1	0	0	0	0	N	N	N	N	N	N	N	N	N	N	N	N	0.0000	0.0000	0.0000	0.0000	0.0000	0.0000	0.0000	0.0000	0.0000	0.0000	0.0000	0.0000	0.0000	18.5438	0.0000	85.5246	0.0000	0.0000	0.0000	22.1647	0.0000	90.9146	inf	0.0000	0.4601	0.0000	2.9985	3.0000	7.0016	0.0000	0.0000	0.0000	0.0000	0.0000	0.0000	0.0000	0.0000	0.0000	1.0000	0.0000	1.0000	0.0000	0.0000	0.0000	1.0000	0.0000	1.0000	0.0000	0.0000	0.0000	0.0000	0.0000	0.0000	0.0000	0.0000	0.0000	0.0583	0.0338	0.0245	0.0132	0.0095	0.0037	0.0451	0.0244	0.0208	0.0000	0.0000	0.0000	0.0000	0.0000	0.0000	0.0000	0.0000	0.0000	17.1493	0.0000	40.8571	0.0000	0.0000	0.0000	22.1647	0.0000	48.1794						
30	89	0.0768	6	0	2	1	1	0	0	0	0	N	Y	N	N	N	N	N	N	N	N	N	N	0.0000	0.0000	0.0000	0.0000	0.0000	0.0000	0.0000	0.0000	0.0000	0.0000	0.0000	0.0000	0.0000	0.0000	0.0000	18.6344	0.0000	85.5717	0.0068	0.0000	0.0256	22.0327	0.0000	89.4876	inf	0.0000	0.4592	0.0000	0.0157	3.0000	9.0253	0.0000	0.0000	0.0000	0.0000	0.0000	0.0000	0.0000	0.0000	0.0000	0.9981	0.0000	0.9981	0.0001	0.0000	0.0001	0.9980	0.0000	0.9980	0.0000	0.0000	0.0000	0.0000	0.0000	0.0000	0.0000	0.0000	0.0000	0.0570	0.0329	0.0241	0.0117	0.0086	0.0031	0.0453	0.0243	0.0210	0.0000	0.0000	0.0000	0.0000	0.0000	0.0000	0.0000	0.0000	0.0000	17.5050	0.0000	41.3823	0.0068	0.0000	0.0256	22.0327	0.0000	47.5416				
30	90	0.0683	5	0	2	1	1	0	0	0	0	N	Y	N	N	N	N	N	N	N	N	N	N	0.0000	0.0000	0.0000	0.0000	0.0000	0.0000	0.0000	0.0000	0.0000	0.0000	0.0000	0.0000	0.0000	0.0000	0.0000	0.0000	0.0000	0.1613	0.0119	0.4665	0.0042	0.0057	0.0000	0.1809	0.0137	0.5200	20.8932	0.0000	0.0008	0.0000	0.0169	3.0000	2.0013	0.0000	0.0000	0.0000	0.0000	0.0000	0.0000	0.0000	0.0000	0.0000	0.0020	0.0001	0.0019	0.0000	0.0000	0.0000	0.0020	0.0001	0.0019	0.0000	0.0000	0.0000	0.0000	0.0000	0.0000	0.0000	0.0000	0.0000	0.0132	0.0076	0.0056	0.0024	0.0017	0.0006	0.0108	0.0058	0.0050	0.0000	0.0000	0.0000	0.0000	0.0000	0.0000	0.0000	0.0000	0.0000	0.1493	0.0119	0.3349	0.0042	0.0057	0.0000	0.1809	0.0137	0.3761		
30	91	0.0596	4	0	1	1	1	0	0	0	0	N	N	N	N	N	N	N	N	N	N	N	N	0.0000	0.0000	0.0000	0.0000	0.0000	0.0000	0.0000	0.0000	0.0000	0.0000	0.0000	0.0000	0.0000	0.0007	0.0000	0.0017	0.0000	0.0000	0.0000	0.0009	0.0000	0.0019	inf	0.0000	0.0000	0.0000	1.9923	3.0000	0.0454	0.0000	0.0000	0.0000	0.0000	0.0000	0.0000	0.0000	0.0000	0.0000	0.0000	0.0000	0.0000	0.0000	0.0000	0.0000	0.0000	0.0000	0.0000	0.0000	0.0000	0.0000	0.0000	0.0000	0.0000	0.0000	0.0000	0.0000	0.0135	0.0077	0.0059	0.0024	0.0018	0.0006	0.0111	0.0059	0.0052	0.0000	0.0000	0.0000	0.0000	0.0000	0.0000	0.0000	0.0000	0.0000	0.0007	0.0000	0.0017	0.0000	0.0000	0.0000	0.0009	0.0000	0.0019						
30	93	0.2000	10	1	2	1	2	0	0	0	0	N	Y	N	Y	N	N	N	N	N	N	N	N	0.0000	0.0000	0.0000	0.0000	0.0000	0.0000	0.0000	0.0000	0.0000	0.0000	0.0000	0.0000	0.0000	0.0000	0.0000	0.0000	0.0000	0.0000	0.0000	0.0000	0.0000	0.0000	3.0000	0.0000	0.0000	0.0000	0.0000	0.0000	0.0000	0.0000	0.0000	0.0000	0.0000	0.0000	0.0000	0.0000	0.0000	0.0000	0.0000	0.0000	0.0000	0.0000	0.0000	0.0000	0.0000	0.0000	0.0000	0.0000	0.0000	0.0000	0.0000	0.0000	0.0000	0.0000	0.0000	0.0000	0.0000	0.0000	0.0000	0.0000	0.0000	0.0000	0.0000	0.0000	0.0000	0.0000	0.0000	0.0000	0.0000	0.0000	0.0000	0.0000	0.0000	0.0000	0.0000	0.0000	0.0000	0.0000											
30	94	0.2000	9	1	2	1	2	0	0	0	0	N	Y	N	Y	N	N	N	N	N	N	N	N	0.0000	0.0000	0.0000	0.0000	0.0000	0.0000	0.0000	0.0000	0.0000	0.0000	0.0000	0.0000	0.0000	0.0000	0.0000	0.0000	0.0000	0.0000	0.0000	0.0000	0.0000	0.0000	3.0000	0.0001	0.0000	0.0000	0.0000	0.0000	0.0000	0.0000	0.0000	0.0000	0.0000	0.0000	0.0000	0.0000	0.0000	0.0000	0.0000	0.0000	0.0000	0.0000	0.0000	0.0000	0.0000	0.0000	0.0000	0.0000	0.0000	0.0000	0.0000	0.0000	0.0000	0.0000	0.0000	0.0000	0.0000	0.0000	0.0000	0.0000	0.0000	0.0000	0.0000	0.0000	0.0000	0.0000	0.0000	0.0000	0.0000	0.0000	0.0000	0.0000	0.0000	0.0000	0.0000	0.0000	0.0000	0.0000											
30	95	0.1821	8	0	2	1	2	0	0	0	0	N	Y	N	Y	N	N	N	N	N	N	N	N	0.0000	0.0000	0.0000	0.0000	0.0000	0.0000	0.0000	0.0000	0.0000	0.0000	0.0000	0.0000	0.0000	0.0000	0.0000	0.0000	0.0000	0.0000	0.0000	0.0000	0.0000	0.9845	3.0000	0.9903	0.0000	0.0000	0.0000	0.0000	0.0000	0.0000	0.0000	0.0000	0.0000	0.0000	0.0000	0.0000	0.0000	0.0000	0.0000	0.0000	0.0000	0.0000	0.0000	0.0000	0.0000	0.0000	0.0000	0.0000	0.0000	0.0000	0.0000	0.0130	0.0079	0.0051	0.0038	0.0029	0.0009	0.0092	0.0050	0.0043	0.0000	0.0000	0.0000	0.0000	0.0000	0.0000	0.0000	0.0000	0.0000	0.0000	0.0000	0.0000	0.0000	0.0000	0.0000	0.0000	0.0000	0.0000											
30	96	0.1792	8	0	2	1	1	0	0	0	0	N	Y	N	N	N	N	N	N	N	N	N	N	0.0000	0.0000	0.0000	0.0000	0.0000	0.0000	0.0000	0.0000	0.0000	0.0000	0.0000	0.0000	0.0000	0.0000	0.0000	0.0000	0.0000	0.0000	0.0000	0.0000	0.0000	1.0063	3.0000	3.7812	0.0000	0.0000	0.0000	0.0000	0.0000	0.0000	0.0000	0.0000	0.0000	0.0000	0.0000	0.0000	0.0000	0.0000	0.0000	0.0000	0.0000	0.0000	0.0000	0.0000	0.0000	0.0000	0.0000	0.0000	0.0000	0.0000	0.0000	0.0311	0.0187	0.0124	0.0101	0.0075	0.0025	0.0211	0.0112	0.0099	0.0000	0.0000	0.0000	0.0000	0.0000	0.0000	0.0000	0.0000	0.0000	0.0000	0.0000	0.0000	0.0000	0.0000	0.0000	0.0000	0.0000	0.0000											
30	97	0.1821	8	0	1	2	2	0	0	0	0	N	N	Y	Y	N	N	N	N	N	N	N	N	0.0000	0.0000	0.0000	0.0000	0.0000	0.0000	0.0000	0.0000	0.0000	0.0000	0.0000	0.0000	0.0000	0.0000	0.0000	0.0000	0.0000	0.0000	0.0000	0.0000	0.0000	1.0165	3.0000	1.0129	0.0000	0.0000	0.0000	0.0000	0.0000	0.0000	0.0000	0.0000	0.0000	0.0000	0.0000	0.0000	0.0000	0.0000	0.0000	0.0000	0.0000	0.0000	0.0000	0.0000	0.0000	0.0000	0.0000	0.0000	0.0000	0.0000	0.0000	0.0134	0.0081	0.0053	0.0039	0.0030	0.0009	0.0095	0.0051	0.0044	0.0000	0.0000	0.0000	0.0000	0.0000	0.0000	0.0000	0.0000	0.0000	0.0000	0.0000	0.0000	0.0000	0.0000	0.0000	0.0000	0.0000	0.0000											
30	98	0.1692	7	0	1	1	2	0	0	0	0	N	N	N	Y	N	N	N	N	N	N	N	N	0.0000	0.0000	0.0000	0.0000	0.0000	0.0000	0.0000	0.0000	0.0000	0.0000	0.0000	0.0000	0.0000	0.0000	0.0000	0.0000	0.0000	0.0000	0.0000	0.0000	0.0000	2.0241	3.0000	1.0265	0.0000	0.0000	0.0000	0.0000	0.0000	0.0000	0.0000	0.0000	0.0000	0.0000	0.0000	0.0000	0.0000	0.0000	0.0000	0.0000	0.0000	0.0000	0.0000	0.0000	0.0000	0.0000	0.0000	0.0000	0.0000	0.0000	0.0000	0.0189	0.0113	0.0076	0.0058	0.0043	0.0015	0.0131	0.0070	0.0061	0.0000	0.0000	0.0000	0.0000	0.0000	0.0000	0.0000	0.0000	0.0000	0.0000	0.0000	0.0000	0.0000	0.0000	0.0000	0.0000	0.0000	0.0000											
30	99	0.1692	7	0	1	2	2	0	0	0	0	N	N	Y	Y	N	N	N	N	N	N	N	N	0.0000	0.0000	0.0000	0.0000	0.0000	0.0000	0.0000	0.0000	0.0000	0.0000	0.0000	0.0000	0.0000	0.0000	0.0000	0.0000	0.0000	0.0000	0.0000	0.0000	0.0000	3.0066	3.0000	0.0000	0.0000	0.0000	0.0000	0.0000	0.0000	0.0000	0.0000	0.0000	0.0000	0.0000	0.0000	0.0000	0.0000	0.0000	0.0000	0.0000	0.0000	0.0000	0.0000	0.0000	0.0000	0.0000	0.0000	0.0000	0.0000	0.0000	0.0000	0.0187	0.0111	0.0075	0.0057	0.0042	0.0015	0.0129	0.0069	0.0060	0.0000	0.0000	0.0000	0.0000	0.0000	0.0000	0.0000	0.0000	0.0000	0.0000	0.0000	0.0000	0.0000	0.0000	0.0000	0.0000	0.0000	0.0000											
30	100	0.1949	7	0	1	2	2	0	0	0	0	N	N	Y	Y	N	N	N	N	N	N	N	N	0.0000	0.0000	0.0000	0.0000	0.0000	0.0000	0.0000	0.0000	0.0000	0.0000	0.0000	0.0000	0.0000	0.0000	0.0000	0.0000	0.0000	0.0000	0.0000	0.0000	0.0000	0.0000	3.0000	2.0000	0.0000	0.0000	0.0000	0.0000	0.0000	0.0000	0.0000	0.0000	0.0000	0.0000	0.0000	0.0000	0.0000	0.0000	0.0000	0.0000	0.0000	0.0000	0.0000	0.0000	0.0000	0.0000	0.0000	0.0000	0.0000	0.0000	0.0000	0.0121	0.0071	0.0050	0.0039	0.0028	0.0010	0.0082	0.0043	0.0039	0.0000	0.0000	0.0000	0.0000	0.0000	0.0000	0.0000	0.0000	0.0000	0.0000	0.0000	0.0000	0.0000	0.0000	0.0000	0.0000	0.0000	0.0000											
30	101	0.1558	6	0	1	2	2	0	0	0	0	N	N	Y	Y	N	N	N	N	N	N	N	N	0.0000	0.0000	0.0000	0.0000	0.0000	0.0000	0.0000	0.0000	0.0000	0.0000	0.0000	0.0000	0.0000	0.0002	0.0003	0.0000	0.0006	0.0007	0.0000	0.0000	0.0000	0.0000	0.0000	0.0000	-0.0000	0.0000	5.8899	3.0000	3.1847	0.0000	0.0000	0.0000	0.0000	0.0000	0.0000	0.0000	0.0000	0.0000	0.0000	0.0000	0.0000	0.0000	0.0000	0.0000	0.0000	0.0000	0.0000	0.0000	0.0000	0.0000	0.0000	0.0000	0.0000	0.0000	0.0000	0.0000	0.0574	0.0343	0.0230	0.0175	0.0134	0.0042	0.0398	0.0210	0.0189	0.0000	0.0000	0.0000	0.0000	0.0000	0.0000	0.0000	0.0000	0.0000	0.0002	0.0003	0.0000	0.0006	0.0007	0.0000	0.0000	0.0000	0.0000						
30	102	0.2026	6	1	2	1	1	0	0	0	0	N	Y	N	N	N	N	N	N	N	N	N	N	0.0000	0.0000	0.0000	0.0000	0.0000	0.0000	0.0000	0.0000	0.0000	0.0000	0.0000	0.0000	0.0000	0.0000	0.0000	0.0000	0.0000	0.0000	0.0000	0.0000	0.0000	0.0000	3.0000	0.0000	0.0000	0.0000	0.0000	0.0000	0.0000	0.0000	0.0000	0.0000	0.0000	0.0000	0.0000	0.0000	0.0000	0.0000	0.0000	0.0000	0.0000	0.0000	0.0000	0.0000	0.0000	0.0000	0.0000	0.0000	0.0000	0.0000	0.0000	0.0000	0.0000	0.0000	0.0000	0.0000	0.0000	0.0000	0.0000	0.0000	0.0000	0.0000	0.0000	0.0000	0.0000	0.0000	0.0000	0.0000	0.0000	0.0000	0.0000	0.0000	0.0000	0.0000	0.0000	0.0000	0.0000	0.0000											
30	103	0.1033	5	1	2	1	1	0	0	0	0	N	Y	N	N	N	N	N	N	N	N	N	N	0.0000	0.0000	0.0000	0.0000	0.0000	0.0000	0.0000	0.0000	0.0000	0.0000	0.0000	0.0000	0.0000	0.0000	0.0000	0.0000	0.0000	0.0000	0.0000	0.0000	0.0000	8.0012	3.0000	14.0016	0.0000	0.0000	0.0000	0.0000	0.0000	0.0000	0.0000	0.0000	0.0000	0.0000	0.0000	0.0000	0.0000	0.0000	0.0000	0.0000	0.0000	0.0000	0.0000	0.0000	0.0000	0.0000	0.0000	0.0000	0.0000	0.0000	0.0000	0.1172	0.0682	0.0490	0.0258	0.0185	0.0073	0.0913	0.0497	0.0417	0.0000	0.0000	0.0000	0.0000	0.0000	0.0000	0.0000	0.0000	0.0000	0.0000	0.0000	0.0000	0.0000	0.0000	0.0000	0.0000	0.0000	0.0000											
30	104	0.1663	6	0	2	1	1	0	0	0	0	N	Y	N	N	N	N	N	N	N	N	N	N	0.0000	0.0000	0.0000	0.0000	0.0000	0.0000	0.0000	0.0000	0.0000	0.0000	0.0000	0.0000	0.0000	0.0000	0.0000	0.0000	0.0000	0.0000	0.0000	0.0000	0.0000	2.0010	3.0000	1.0153	0.0000	0.0000	0.0000	0.0000	0.0000	0.0000	0.0000	0.0000	0.0000	0.0000	0.0000	0.0000	0.0000	0.0000	0.0000	0.0000	0.0000	0.0000	0.0000	0.0000	0.0000	0.0000	0.0000	0.0000	0.0000	0.0000	0.0000	0.0200	0.0122	0.0078	0.0066	0.0052	0.0014	0.0134	0.0071	0.0064	0.0000	0.0000	0.0000	0.0000	0.0000	0.0000	0.0000	0.0000	0.0000	0.0000	0.0000	0.0000	0.0000	0.0000	0.0000	0.0000	0.0000	0.0000											
30	105	0.1033	5	0	2	1	1	0	0	0	0	N	Y	N	N	N	N	N	N	N	N	N	N	0.0000	0.0000	0.0000	0.0000	0.0000	0.0000	0.0000	0.0000	0.0000	0.0000	0.0000	0.0000	0.0000	0.0000	0.0000	0.0000	0.0000	0.0000	0.0000	0.0000	0.0000	3.0162	3.0000	11.0438	0.0000	0.0000	0.0000	0.0000	0.0000	0.0000	0.0000	0.0000	0.0000	0.0000	0.0000	0.0000	0.0000	0.0000	0.0000	0.0000	0.0000	0.0000	0.0000	0.0000	0.0000	0.0000	0.0000	0.0000	0.0000	0.0000	0.0000	0.0795	0.0462	0.0333	0.0178	0.0128	0.0050	0.0616	0.0334	0.0283	0.0000	0.0000	0.0000	0.0000	0.0000	0.0000	0.0000	0.0000	0.0000	0.0000	0.0000	0.0000	0.0000	0.0000	0.0000	0.0000	0.0000	0.0000											
30	106	0.2042	10	1	2	1	1	0	0	0	0	N	Y	N	N	N	N	N	N	N	N	N	N	0.0000	0.0000	0.0000	0.0000	0.0000	0.0000	0.0000	0.0000	0.0000	0.0000	0.0000	0.0000	0.0000	0.0000	0.0000	0.0000	0.0000	0.0000	0.0000	0.0000	0.0000	1.0000	3.0000	1.0000	0.0000	0.0000	0.0000	0.0000	0.0000	0.0000	0.0000	0.0000	0.0000	0.0000	0.0000	0.0000	0.0000	0.0000	0.0000	0.0000	0.0000	0.0000	0.0000	0.0000	0.0000	0.0000	0.0000	0.0000	0.0000	0.0000	0.0000	0.0129	0.0078	0.0052	0.0037	0.0031	0.0007	0.0092	0.0047	0.0045	0.0000	0.0000	0.0000	0.0000	0.0000	0.0000	0.0000	0.0000	0.0000	0.0000	0.0000	0.0000	0.0000	0.0000	0.0000	0.0000	0.0000	0.0000											
30	107	0.2000	9	1	2	1	1	0	0	0	0	N	Y	N	N	N	N	N	N	N	N	N	N	0.0000	0.0000	0.0000	0.0000	0.0000	0.0000	0.0000	0.0000	0.0000	0.0000	0.0000	0.0000	0.0000	0.0000	0.0000	0.0000	0.0000	0.0000	0.0000	0.0000	0.0000	0.0000	3.0000	0.9999	0.0000	0.0000	0.0000	0.0000	0.0000	0.0000	0.0000	0.0000	0.0000	0.0000	0.0000	0.0000	0.0000	0.0000	0.0000	0.0000	0.0000	0.0000	0.0000	0.0000	0.0000	0.0000	0.0000	0.0000	0.0000	0.0000	0.0000	0.0065	0.0038	0.0027	0.0018	0.0014	0.0004	0.0047	0.0024	0.0023	0.0000	0.0000	0.0000	0.0000	0.0000	0.0000	0.0000	0.0000	0.0000	0.0000	0.0000	0.0000	0.0000	0.0000	0.0000	0.0000	0.0000	0.0000											
30	108	0.1792	8	1	2	1	1	0	0	0	0	N	Y	N	N	N	N	N	N	N	N	N	N	0.0000	0.0000	0.0000	0.0000	0.0000	0.0000	0.0000	0.0000	0.0000	0.0000	0.0000	0.0000	0.0000	0.0000	0.0000	0.0000	0.0000	0.0000	0.0000	0.0000	0.0000	0.0100	3.0000	4.8896	0.0000	0.0000	0.0000	0.0000	0.0000	0.0000	0.0000	0.0000	0.0000	0.0000	0.0000	0.0000	0.0000	0.0000	0.0000	0.0000	0.0000	0.0000	0.0000	0.0000	0.0000	0.0000	0.0000	0.0000	0.0000	0.0000	0.0000	0.0318	0.0191	0.0127	0.0103	0.0077	0.0026	0.0215	0.0114	0.0101	0.0000	0.0000	0.0000	0.0000	0.0000	0.0000	0.0000	0.0000	0.0000	0.0000	0.0000	0.0000	0.0000	0.0000	0.0000	0.0000	0.0000	0.0000											
30	109	0.1692	7	0	2	1	1	0	0	0	0	N	Y	N	N	N	N	N	N	N	N	N	N	0.0000	0.0000	0.0000	0.0000	0.0000	0.0000	0.0000	0.0000	0.0000	0.0000	0.0000	0.0000	0.0000	0.0000	0.0000	0.0000	0.0000	0.0000	0.0000	0.0000	0.0000	1.0007	3.0000	1.4004	0.0000	0.0000	0.0000	0.0000	0.0000	0.0000	0.0000	0.0000	0.0000	0.0000	0.0000	0.0000	0.0000	0.0000	0.0000	0.0000	0.0000	0.0000	0.0000	0.0000	0.0000	0.0000	0.0000	0.0000	0.0000	0.0000	0.0000	0.0150	0.0089	0.0060	0.0046	0.0034	0.0012	0.0104	0.0055	0.0049	0.0000	0.0000	0.0000	0.0000	0.0000	0.0000	0.0000	0.0000	0.0000	0.0000	0.0000	0.0000	0.0000	0.0000	0.0000	0.0000	0.0000	0.0000											
30	110	0.1558	6	0	1	1	1	0	0	0	0	N	N	N	N	N	N	N	N	N	N	N	N	0.0000	0.0000	0.0000	0.0000	0.0000	0.0000	0.0000	0.0000	0.0000	0.0000	0.0000	0.0000	0.0000	0.0004	0.0007	0.0000	0.0013	0.0016	0.0000	0.0000	0.0000	0.0000	0.0000	0.0000	-0.0000	0.0000	0.3039	3.0000	2.8719	0.0000	0.0000	0.0000	0.0000	0.0000	0.0000	0.0000	0.0000	0.0000	0.0000	0.0000	0.0000	0.0000	0.0000	0.0000	0.0000	0.0000	0.0000	0.0000	0.0000	0.0000	0.0000	0.0000	0.0000	0.0000	0.0000	0.0000	0.0235	0.0143	0.0092	0.0077	0.0062	0.0016	0.0158	0.0081	0.0077	0.0000	0.0000	0.0000	0.0000	0.0000	0.0000	0.0000	0.0000	0.0000	0.0004	0.0007	0.0000	0.0013	0.0016	0.0000	0.0000	0.0000	0.0000						
30	111	0.1033	5	0	1	1	1	0	0	0	0	N	N	N	N	N	N	N	N	N	N	N	N	0.0000	0.0000	0.0000	0.0000	0.0000	0.0000	0.0000	0.0000	0.0000	0.0000	0.0000	0.0000	0.0000	0.0001	0.0003	0.0000	0.0000	0.0000	0.0000	0.0002	0.0003	0.0000	0.0000	0.0000	-0.0000	0.0000	3.8240	3.0000	8.1760	0.0000	0.0000	0.0000	0.0000	0.0000	0.0000	0.0000	0.0000	0.0000	0.0000	0.0000	0.0000	0.0000	0.0000	0.0000	0.0000	0.0000	0.0000	0.0000	0.0000	0.0000	0.0000	0.0000	0.0000	0.0000	0.0000	0.0000	0.0689	0.0400	0.0289	0.0155	0.0111	0.0044	0.0534	0.0289	0.0245	0.0000	0.0000	0.0000	0.0000	0.0000	0.0000	0.0000	0.0000	0.0000	0.0001	0.0003	0.0000	0.0000	0.0000	0.0000	0.0002	0.0003	0.0000						
30	115	0.2959	8	0	1	1	1	0	0	0	0	N	N	N	N	N	N	N	N	N	N	N	N	0.0000	0.0000	0.0000	0.0000	0.0000	0.0000	0.0000	0.0000	0.0000	0.0000	0.0000	0.0000	0.0000	0.0000	0.0000	0.0000	0.0000	0.0399	0.0277	0.0723	0.0488	0.0466	0.0600	0.0306	0.0000	0.0775	1.0222	0.0000	-0.0003	0.0000	8.9918	3.0000	13.3277	0.0000	0.0000	0.0000	0.0000	0.0000	0.0000	0.0000	0.0000	0.0000	0.0091	0.0045	0.0046	0.0057	0.0045	0.0012	0.0034	0.0000	0.0034	0.0000	0.0000	0.0000	0.0000	0.0000	0.0000	0.0000	0.0000	0.0000	0.2278	0.1623	0.0655	0.1165	0.0967	0.0198	0.1113	0.0657	0.0456	0.0000	0.0000	0.0000	0.0000	0.0000	0.0000	0.0000	0.0000	0.0000	0.0399	0.0277	0.0703	0.0488	0.0466	0.0600	0.0306	0.0000	0.0747		
31	32	0.0908	4	0	1	0	1	0	0	0	0	N	N	N	N	N	N	N	N	N	N	N	N	0.0000	0.0000	0.0000	0.0000	0.0000	0.0000	0.0000	0.0000	0.0000	0.0000	0.0000	0.0000	0.0000	0.0001	0.0001	0.0000	0.0003	0.0004	0.0000	0.0000	0.0000	0.0000	0.0000	0.0000	-0.0000	0.9783	6.9988	3.0423	9.0016	0.0000	0.0000	0.0000	0.0000	0.0000	0.0000	0.0000	0.0000	0.0000	0.0000	0.0000	0.0000	0.0000	0.0000	0.0000	0.0000	0.0000	0.0000	0.0936	0.0797	0.0139	0.0034	0.0033	0.0001	0.0902	0.0764	0.0138	0.1416	0.0862	0.0554	0.0314	0.0250	0.0064	0.1102	0.0612	0.0490	0.0000	0.0000	0.0000	0.0000	0.0000	0.0000	0.0000	0.0000	0.0000	0.0001	0.0001	0.0000	0.0003	0.0004	0.0000	0.0000	0.0000	0.0000						
31	33	0.1916	9	1	1	0	1	0	0	0	0	N	N	N	N	N	N	N	N	N	N	N	N	0.0000	0.0000	0.0000	0.0000	0.0000	0.0000	0.0000	0.0000	0.0000	0.0000	0.0000	0.0000	0.0000	0.0000	0.0000	0.0000	0.0000	0.0000	0.0000	0.0000	0.9783	0.0000	3.0423	0.0000	0.0000	0.0000	0.0000	0.0000	0.0000	0.0000	0.0000	0.0000	0.0000	0.0000	0.0000	0.0000	0.0000	0.0000	0.0000	0.0000	0.0000	0.0000	0.0000	0.0000	0.0000	0.0000	0.0000	0.0000	0.0000	0.0000	0.0000	0.0000	0.0000	0.0000	0.0000	0.0000	0.0000	0.0000	0.0000	0.0000	0.0000	0.0000	0.0000	0.0000	0.0000	0.0000	0.0000	0.0000	0.0000	0.0000	0.0000	0.0000	0.0000	0.0000	0.0000	0.0000	0.0000	0.0000											
31	34	0.0343	2	0	1	0	2	0	0	0	0	N	N	N	Y	N	N	N	N	N	N	N	N	0.0000	0.0000	0.0000	0.0000	0.0000	0.0000	0.0000	0.0000	0.0000	0.0000	0.0000	0.0000	0.0000	0.0000	0.0000	0.0000	0.0038	0.0063	0.0000	0.0221	0.0270	0.0000	0.0000	0.0000	0.0000	0.0005	0.0000	-0.0002	0.9783	5.0000	3.0423	6.9850	0.0000	0.0000	0.0000	0.0000	0.0000	0.0000	0.0000	0.0000	0.0000	0.0004	0.0004	0.0000	0.0004	0.0004	0.0000	0.0000	0.0000	0.0000	0.0678	0.0576	0.0102	0.0018	0.0018	0.0000	0.0660	0.0558	0.0102	0.1145	0.0681	0.0463	0.0195	0.0160	0.0035	0.0950	0.0521	0.0428	0.0000	0.0000	0.0000	0.0000	0.0000	0.0000	0.0000	0.0000	0.0000	0.0038	0.0063	0.0000	0.0221	0.0270	0.0000	0.0000	0.0000	0.0000			
31	35	0.0908	4	1	1	0	1	0	0	0	0	N	N	N	N	N	N	N	N	N	N	N	N	0.0000	0.0000	0.0000	0.0000	0.0000	0.0000	0.0000	0.0000	0.0000	0.0000	0.0000	0.0000	0.0000	0.0000	0.0000	0.0000	0.0000	0.0000	12.1929	9.3656	32.0040	0.0542	0.0176	0.1963	14.9084	13.1446	34.2289	1.0393	0.0000	-0.0604	0.9783	1.9985	3.0423	17.9985	0.0000	0.0000	0.0000	0.0000	0.0000	0.0000	0.0000	0.0000	0.0000	1.9933	0.9775	1.0159	0.0020	0.0005	0.0015	1.9913	0.9769	1.0143	0.0281	0.0238	0.0042	0.0011	0.0010	0.0000	0.0270	0.0228	0.0042	0.1714	0.1044	0.0670	0.0378	0.0300	0.0077	0.1336	0.0743	0.0592	0.0000	0.0000	0.0000	0.0000	0.0000	0.0000	0.0000	0.0000	0.0000	11.6325	9.3656	15.1643	0.0542	0.0176	0.1963	14.9084	13.1446	17.1210	
31	36	0.1011	3	0	0	1	1	0	0	0	0	N	N	N	N	N	N	N	N	N	N	N	N	0.0000	0.0000	0.0000	0.0000	0.0000	0.0000	0.0000	0.0000	0.0000	0.0000	0.0000	0.0000	0.0000	0.0000	0.0000	0.0000	0.0000	0.0000	2.1677	3.5863	0.0009	1.6989	2.8022	0.0019	2.4337	4.1814	0.0005	0.0002	0.0000	-0.0132	0.9783	0.0001	3.0423	0.9943	0.0000	0.0000	0.0000	0.0000	0.0000	0.0000	0.0000	0.0000	0.0000	0.0244	0.0244	0.0000	0.0015	0.0015	0.0000	0.0229	0.0229	0.0000	0.0000	0.0000	0.0000	0.0000	0.0000	0.0000	0.0000	0.0000	0.0000	0.0148	0.0092	0.0056	0.0054	0.0037	0.0016	0.0094	0.0055	0.0039	0.0000	0.0000	0.0000	0.0000	0.0000	0.0000	0.0000	0.0000	0.0000	1.6484	2.6460	0.0009	0.2740	0.3938	0.0019	2.4337	4.1814	0.0005	
31	37	0.0773	3	0	1	0	1	0	0	0	0	N	N	N	N	N	N	N	N	N	N	N	N	0.0000	0.0000	0.0000	0.0000	0.0000	0.0000	0.0000	0.0000	0.0000	0.0000	0.0000	0.0000	0.0000	0.0000	0.0000	0.0000	0.0000	0.0000	0.0000	0.0000	0.9783	2.0000	3.0423	2.0000	0.0000	0.0000	0.0000	0.0000	0.0000	0.0000	0.0000	0.0000	0.0000	0.0000	0.0000	0.0000	0.0000	0.0000	0.0000	0.0000	0.0000	0.0000	0.0280	0.0238	0.0042	0.0013	0.0013	0.0000	0.0267	0.0226	0.0042	0.0410	0.0251	0.0160	0.0109	0.0087	0.0021	0.0302	0.0164	0.0138	0.0000	0.0000	0.0000	0.0000	0.0000	0.0000	0.0000	0.0000	0.0000	0.0000	0.0000	0.0000	0.0000	0.0000	0.0000	0.0000	0.0000	0.0000											
31	38	0.1494	6	1	0	1	1	0	0	0	0	N	N	N	N	N	N	N	N	N	N	N	N	inf	inf	inf	inf	inf	inf	35.3164	0.0000	239.0724	0.0046	0.0000	0.1361	38.2963	0.0000	243.4412	0.0000	0.0000	0.0000	0.0000	0.0000	0.0000	0.0000	0.0000	0.0000	inf	0.5266	0.0000	0.9783	2.0000	3.0423	5.0000	0.9783	0.0000	0.9783	0.0000	0.0000	0.0000	0.9783	0.0000	0.9783	0.0000	0.0000	0.0000	0.0000	0.0000	0.0000	0.0000	0.0000	0.0000	0.0277	0.0236	0.0041	0.0022	0.0021	0.0001	0.0255	0.0215	0.0040	0.0646	0.0414	0.0232	0.0175	0.0140	0.0035	0.0472	0.0275	0.0197	inf	0.0000	inf	inf	0.0000	inf	inf	0.0000	inf	0.0000	0.0000	0.0000	0.0000	0.0000	0.0000	0.0000	0.0000	0.0000				
31	41	0.0343	2	0	1	0	2	0	0	0	0	N	N	N	Y	N	N	N	N	N	N	N	N	0.0000	0.0000	0.0000	0.0000	0.0000	0.0000	0.0000	0.0000	0.0000	0.0000	0.0000	0.0000	0.0000	0.0000	0.0000	0.0000	0.0000	14.8999	0.0014	72.9686	0.0472	0.0059	0.2384	16.8493	0.0000	73.2642	16354.6755	0.0000	0.4497	0.9783	0.0000	3.0423	7.0150	0.0000	0.0000	0.0000	0.0000	0.0000	0.0000	0.0000	0.0000	0.0000	0.9775	0.0001	0.9775	0.0006	0.0001	0.0005	0.9770	0.0000	0.9770	0.0000	0.0000	0.0000	0.0000	0.0000	0.0000	0.0000	0.0000	0.0000	0.0703	0.0419	0.0284	0.0123	0.0101	0.0022	0.0580	0.0318	0.0262	0.0000	0.0000	0.0000	0.0000	0.0000	0.0000	0.0000	0.0000	0.0000	13.9070	0.0014	34.4382	0.0472	0.0059	0.2384	16.8493	0.0000	37.2906		
31	42	0.1494	6	1	0	1	1	0	0	0	0	N	N	N	N	N	N	N	N	N	N	N	N	0.0000	0.0000	0.0000	0.0000	0.0000	0.0000	0.0000	0.0000	0.0000	0.0000	0.0000	0.0000	0.0000	0.0000	0.0000	0.0000	0.0000	0.0000	0.0000	0.0000	0.9783	0.0000	3.0423	0.0000	0.0000	0.0000	0.0000	0.0000	0.0000	0.0000	0.0000	0.0000	0.0000	0.0000	0.0000	0.0000	0.0000	0.0000	0.0000	0.0000	0.0000	0.0000	0.0000	0.0000	0.0000	0.0000	0.0000	0.0000	0.0000	0.0000	0.0000	0.0000	0.0000	0.0000	0.0000	0.0000	0.0000	0.0000	0.0000	0.0000	0.0000	0.0000	0.0000	0.0000	0.0000	0.0000	0.0000	0.0000	0.0000	0.0000	0.0000	0.0000	0.0000	0.0000	0.0000	0.0000	0.0000	0.0000											
31	43	0.1326	5	1	0	1	1	0	0	0	0	N	N	N	N	N	N	N	N	N	N	N	N	0.0000	0.0000	0.0000	0.0000	0.0000	0.0000	0.0000	0.0000	0.0000	0.0000	0.0000	0.0000	0.0000	0.0000	0.0000	0.0000	0.0000	0.0000	0.0000	0.0000	0.9783	1.0000	3.0423	3.0000	0.0000	0.0000	0.0000	0.0000	0.0000	0.0000	0.0000	0.0000	0.0000	0.0000	0.0000	0.0000	0.0000	0.0000	0.0000	0.0000	0.0000	0.0000	0.0140	0.0119	0.0021	0.0010	0.0010	0.0000	0.0130	0.0109	0.0020	0.0377	0.0240	0.0137	0.0097	0.0077	0.0020	0.0279	0.0163	0.0117	0.0000	0.0000	0.0000	0.0000	0.0000	0.0000	0.0000	0.0000	0.0000	0.0000	0.0000	0.0000	0.0000	0.0000	0.0000	0.0000	0.0000	0.0000											
31	44	0.1326	5	1	0	1	1	0	0	0	0	N	N	N	N	N	N	N	N	N	N	N	N	0.0000	0.0000	0.0000	0.0000	0.0000	0.0000	0.0000	0.0000	0.0000	0.0000	0.0000	0.0000	0.0000	0.0003	0.0004	0.0000	0.0010	0.0013	0.0000	0.0000	0.0000	0.0000	0.0000	0.0000	-0.0000	0.9783	1.0000	3.0423	3.0000	0.0000	0.0000	0.0000	0.0000	0.0000	0.0000	0.0000	0.0000	0.0000	0.0000	0.0000	0.0000	0.0000	0.0000	0.0000	0.0000	0.0000	0.0000	0.0140	0.0119	0.0021	0.0010	0.0010	0.0000	0.0130	0.0109	0.0020	0.0377	0.0240	0.0137	0.0097	0.0077	0.0020	0.0279	0.0163	0.0117	0.0000	0.0000	0.0000	0.0000	0.0000	0.0000	0.0000	0.0000	0.0000	0.0003	0.0004	0.0000	0.0010	0.0013	0.0000	0.0000	0.0000	0.0000						
31	45	0.0773	3	0	0	1	1	0	0	0	0	N	N	N	N	N	N	N	N	N	N	N	N	0.0000	0.0000	0.0000	0.0000	0.0000	0.0000	0.0000	0.0000	0.0000	0.0000	0.0000	0.0000	0.0000	0.0000	0.0000	0.0000	0.0000	0.0000	0.0000	0.0000	0.9783	0.0000	3.0423	0.0000	0.0000	0.0000	0.0000	0.0000	0.0000	0.0000	0.0000	0.0000	0.0000	0.0000	0.0000	0.0000	0.0000	0.0000	0.0000	0.0000	0.0000	0.0000	0.0000	0.0000	0.0000	0.0000	0.0000	0.0000	0.0000	0.0000	0.0000	0.0000	0.0000	0.0000	0.0000	0.0000	0.0000	0.0000	0.0000	0.0000	0.0000	0.0000	0.0000	0.0000	0.0000	0.0000	0.0000	0.0000	0.0000	0.0000	0.0000	0.0000	0.0000	0.0000	0.0000	0.0000	0.0000	0.0000											
31	46	0.0343	2	0	0	0	1	0	0	0	0	N	N	N	N	N	N	N	N	N	N	N	N	0.0000	0.0000	0.0000	0.0000	0.0000	0.0000	0.0000	0.0000	0.0000	0.0000	0.0000	0.0000	0.0000	0.0000	0.0000	0.0000	0.0954	0.1873	0.0000	5.6455	6.7203	0.0000	0.0000	0.0000	0.0000	0.0000	0.0000	-0.0050	0.9783	4.0000	3.0423	5.9850	0.0000	0.0000	0.0000	0.0000	0.0000	0.0000	0.0000	0.0000	0.0000	0.0093	0.0093	0.0000	0.0093	0.0093	0.0000	0.0000	0.0000	0.0000	0.0548	0.0465	0.0083	0.0015	0.0015	0.0000	0.0533	0.0450	0.0083	0.0971	0.0578	0.0393	0.0167	0.0137	0.0030	0.0804	0.0441	0.0363	0.0000	0.0000	0.0000	0.0000	0.0000	0.0000	0.0000	0.0000	0.0000	0.0954	0.1601	0.0000	0.5540	0.6754	0.0000	0.0000	0.0000	0.0000			
31	47	0.1053	4	0	1	0	1	0	0	0	0	N	N	N	N	N	N	N	N	N	N	N	N	0.0000	0.0000	0.0000	0.0000	0.0000	0.0000	0.0000	0.0000	0.0000	0.0000	0.0000	0.0000	0.0000	0.0000	0.0000	0.0000	0.0000	0.0000	0.0000	0.0000	0.9783	0.0000	3.0423	0.0000	0.0000	0.0000	0.0000	0.0000	0.0000	0.0000	0.0000	0.0000	0.0000	0.0000	0.0000	0.0000	0.0000	0.0000	0.0000	0.0000	0.0000	0.0000	0.0000	0.0000	0.0000	0.0000	0.0000	0.0000	0.0000	0.0000	0.0000	0.0000	0.0000	0.0000	0.0000	0.0000	0.0000	0.0000	0.0000	0.0000	0.0000	0.0000	0.0000	0.0000	0.0000	0.0000	0.0000	0.0000	0.0000	0.0000	0.0000	0.0000	0.0000	0.0000	0.0000	0.0000	0.0000	0.0000											
31	48	0.1651	7	1	1	1	1	0	0	0	0	N	N	N	N	N	N	N	N	N	N	N	N	0.0000	0.0000	0.0000	0.0000	0.0000	0.0000	0.0000	0.0000	0.0000	0.0000	0.0000	0.0000	0.0000	0.0000	0.0000	0.0000	0.0000	0.0287	0.0451	0.0000	0.1274	0.1821	0.0001	0.0000	0.0000	0.0000	0.0003	0.0000	-0.0003	0.9783	0.0000	3.0423	2.0152	0.0000	0.0000	0.0000	0.0000	0.0000	0.0000	0.0000	0.0000	0.0000	0.0006	0.0006	0.0000	0.0006	0.0006	0.0000	0.0000	0.0000	0.0000	0.0000	0.0000	0.0000	0.0000	0.0000	0.0000	0.0000	0.0000	0.0000	0.0208	0.0132	0.0076	0.0064	0.0052	0.0012	0.0143	0.0080	0.0063	0.0000	0.0000	0.0000	0.0000	0.0000	0.0000	0.0000	0.0000	0.0000	0.0287	0.0451	0.0000	0.0924	0.1138	0.0001	0.0000	0.0000	0.0000		
31	49	0.1609	6	1	0	1	1	0	0	0	0	N	N	N	N	N	N	N	N	N	N	N	N	0.0000	0.0000	0.0000	0.0000	0.0000	0.0000	0.0000	0.0000	0.0000	0.0000	0.0000	0.0000	0.0000	0.0000	0.0000	0.0000	0.0000	0.0553	0.0000	0.1946	0.0001	0.0001	0.0002	0.0798	0.0000	0.2265	3842.2689	0.0000	0.0003	0.9783	0.0003	3.0423	1.0311	0.0000	0.0000	0.0000	0.0000	0.0000	0.0000	0.0000	0.0000	0.0000	0.0006	0.0000	0.0006	0.0000	0.0000	0.0000	0.0006	0.0000	0.0006	0.0000	0.0000	0.0000	0.0000	0.0000	0.0000	0.0000	0.0000	0.0000	0.0108	0.0069	0.0039	0.0033	0.0027	0.0006	0.0074	0.0042	0.0033	0.0000	0.0000	0.0000	0.0000	0.0000	0.0000	0.0000	0.0000	0.0000	0.0553	0.0000	0.1540	0.0001	0.0001	0.0002	0.0798	0.0000	0.1826		
31	50	0.1609	6	1	1	1	1	0	0	0	0	N	N	N	N	N	N	N	N	N	N	N	N	0.0000	0.0000	0.0000	0.0000	0.0000	0.0000	0.0000	0.0000	0.0000	0.0000	0.0000	0.0000	0.0000	0.0000	0.0000	0.0000	0.0000	0.0000	0.0002	0.0000	0.0000	0.0000	inf	0.0000	0.0000	0.9783	0.0003	3.0423	1.0126	0.0000	0.0000	0.0000	0.0000	0.0000	0.0000	0.0000	0.0000	0.0000	0.0000	0.0000	0.0000	0.0000	0.0000	0.0000	0.0000	0.0000	0.0000	0.0000	0.0000	0.0000	0.0000	0.0000	0.0000	0.0000	0.0000	0.0000	0.0106	0.0068	0.0038	0.0033	0.0027	0.0006	0.0073	0.0041	0.0032	0.0000	0.0000	0.0000	0.0000	0.0000	0.0000	0.0000	0.0000	0.0000	0.0000	0.0000	0.0000	0.0000	0.0000	0.0002	0.0000	0.0000	0.0000						
31	51	0.1901	5	1	1	0	1	0	0	0	0	N	N	N	N	N	N	N	N	N	N	N	N	0.0000	0.0000	0.0000	0.0000	0.0000	0.0000	0.0000	0.0000	0.0000	0.0000	0.0000	0.0000	0.0000	0.0000	0.0000	0.0000	0.0000	0.0000	0.0000	0.0000	0.9783	0.0000	3.0423	1.0000	0.0000	0.0000	0.0000	0.0000	0.0000	0.0000	0.0000	0.0000	0.0000	0.0000	0.0000	0.0000	0.0000	0.0000	0.0000	0.0000	0.0000	0.0000	0.0000	0.0000	0.0000	0.0000	0.0000	0.0000	0.0000	0.0000	0.0000	0.0099	0.0063	0.0036	0.0032	0.0026	0.0006	0.0067	0.0037	0.0031	0.0000	0.0000	0.0000	0.0000	0.0000	0.0000	0.0000	0.0000	0.0000	0.0000	0.0000	0.0000	0.0000	0.0000	0.0000	0.0000	0.0000	0.0000											
31	52	0.0733	4	0	1	0	2	0	0	0	0	N	N	N	Y	N	N	N	N	N	N	N	N	0.0000	0.0000	0.0000	0.0000	0.0000	0.0000	0.0000	0.0000	0.0000	0.0000	0.0000	0.0000	0.0000	0.0000	0.0000	0.0000	0.0000	0.8872	1.8147	0.0000	0.4265	0.4928	0.0000	0.6814	1.2234	0.0000	0.0000	0.0000	-0.0087	0.9783	0.9995	3.0423	1.0399	0.0000	0.0000	0.0000	0.0000	0.0000	0.0000	0.0000	0.0000	0.0000	0.0161	0.0161	0.0000	0.0017	0.0017	0.0000	0.0144	0.0144	0.0000	0.0141	0.0120	0.0021	0.0006	0.0006	0.0000	0.0135	0.0114	0.0021	0.0317	0.0209	0.0108	0.0106	0.0092	0.0014	0.0211	0.0118	0.0094	0.0000	0.0000	0.0000	0.0000	0.0000	0.0000	0.0000	0.0000	0.0000	0.5086	0.7696	0.0000	0.1637	0.1886	0.0000	0.6814	1.2234	0.0000		
31	53	0.0733	4	0	0	0	2	0	0	0	0	N	N	N	Y	N	N	N	N	N	N	N	N	0.0000	0.0000	0.0000	0.0000	0.0000	0.0000	0.0000	0.0000	0.0000	0.0000	0.0000	0.0000	0.0000	0.0000	0.0000	0.4524	1.0740	0.0000	0.0025	0.0029	0.0000	0.3982	0.7213	0.0000	0.0000	0.0000	-0.0078	0.9783	3.0005	3.0423	1.0125	0.0000	0.0000	0.0000	0.0000	0.0000	0.0000	0.0000	0.0000	0.0000	0.0144	0.0144	0.0000	0.0000	0.0000	0.0000	0.0144	0.0144	0.0000	0.0415	0.0353	0.0063	0.0018	0.0017	0.0000	0.0398	0.0336	0.0062	0.0511	0.0326	0.0185	0.0150	0.0126	0.0024	0.0361	0.0200	0.0162	0.0000	0.0000	0.0000	0.0000	0.0000	0.0000	0.0000	0.0000	0.0000	0.2823	0.4431	0.0000	0.0025	0.0029	0.0000	0.3982	0.7213	0.0000				
31	54	0.0651	3	0	0	0	2	0	0	0	0	N	N	N	Y	N	N	N	N	N	N	N	N	0.0000	0.0000	0.0000	0.0000	0.0000	0.0000	0.0000	0.0000	0.0000	0.0000	0.0000	0.0000	0.0000	0.0000	0.0000	0.0000	0.0000	0.0000	48.0710	80.1330	0.0012	5.9522	6.7638	0.0000	58.6903	106.3807	0.0013	0.0000	0.0000	-0.5207	0.9783	0.0013	3.0423	1.9704	0.0000	0.0000	0.0000	0.0000	0.0000	0.0000	0.0000	0.0000	0.0000	0.9644	0.9644	0.0000	0.0021	0.0021	0.0000	0.9622	0.9622	0.0000	0.0000	0.0000	0.0000	0.0000	0.0000	0.0000	0.0000	0.0000	0.0000	0.0201	0.0120	0.0080	0.0037	0.0030	0.0007	0.0164	0.0090	0.0073	0.0000	0.0000	0.0000	0.0000	0.0000	0.0000	0.0000	0.0000	0.0000	48.0710	80.1330	0.0012	0.5852	0.7177	0.0000	58.6903	106.3807	0.0013	
31	55	0.0343	2	0	0	0	2	0	0	0	0	N	N	N	Y	N	N	N	N	N	N	N	N	0.0000	0.0000	0.0000	0.0000	0.0000	0.0000	0.0000	0.0000	0.0000	0.0000	0.0000	0.0000	0.0000	0.0000	0.0000	0.0000	0.0000	0.0000	0.0057	0.0094	0.0003	0.0042	0.0050	0.0005	0.0061	0.0108	0.0003	0.0205	0.0000	-0.0002	0.9783	3.0000	3.0423	4.0155	0.0000	0.0000	0.0000	0.0000	0.0000	0.0000	0.0000	0.0000	0.0000	0.0004	0.0004	0.0000	0.0001	0.0001	0.0000	0.0004	0.0003	0.0000	0.0415	0.0352	0.0063	0.0011	0.0011	0.0000	0.0404	0.0341	0.0063	0.0703	0.0419	0.0284	0.0123	0.0101	0.0022	0.0580	0.0318	0.0262	0.0000	0.0000	0.0000	0.0000	0.0000	0.0000	0.0000	0.0000	0.0000	0.0057	0.0094	0.0003	0.0042	0.0050	0.0005	0.0061	0.0108	0.0003	
31	56	0.1515	7	0	1	1	1	0	0	0	0	N	N	N	N	N	N	N	N	N	N	N	N	0.0000	0.0000	0.0000	0.0000	0.0000	0.0000	0.0000	0.0000	0.0000	0.0000	0.0000	0.0000	0.0000	0.0000	0.0000	0.0000	0.0000	0.0000	0.0039	0.0056	0.0002	0.0116	0.0134	0.0013	0.0000	0.0000	0.0000	0.0169	0.0000	-0.0002	0.9783	2.0013	3.0423	5.6727	0.0000	0.0000	0.0000	0.0000	0.0000	0.0000	0.0000	0.0000	0.0000	0.0003	0.0003	0.0000	0.0003	0.0003	0.0000	0.0000	0.0000	0.0000	0.0279	0.0238	0.0041	0.0021	0.0020	0.0001	0.0258	0.0217	0.0041	0.0881	0.0602	0.0279	0.0297	0.0252	0.0045	0.0584	0.0350	0.0234	0.0000	0.0000	0.0000	0.0000	0.0000	0.0000	0.0000	0.0000	0.0000	0.0039	0.0056	0.0002	0.0116	0.0134	0.0013	0.0000	0.0000	0.0000	
31	57	0.1477	6	0	1	0	1	0	0	0	0	N	N	N	N	N	N	N	N	N	N	N	N	0.0000	0.0000	0.0000	0.0000	0.0000	0.0000	0.0000	0.0000	0.0000	0.0000	0.0000	0.0000	0.0000	0.0000	0.0000	0.0000	0.0000	0.0000	0.0849	0.1106	0.0018	0.8426	0.8962	0.0141	0.0006	0.0009	0.0000	0.0051	0.0000	-0.0014	0.9783	0.0033	3.0423	1.3874	0.0000	0.0000	0.0000	0.0000	0.0000	0.0000	0.0000	0.0000	0.0000	0.0026	0.0026	0.0000	0.0026	0.0026	0.0000	0.0000	0.0000	0.0000	0.0001	0.0001	0.0000	0.0000	0.0000	0.0000	0.0001	0.0000	0.0000	0.0303	0.0232	0.0071	0.0125	0.0116	0.0009	0.0179	0.0116	0.0062	0.0000	0.0000	0.0000	0.0000	0.0000	0.0000	0.0000	0.0000	0.0000	0.0849	0.1106	0.0018	0.2059	0.2211	0.0141	0.0006	0.0009	0.0000	
31	58	0.1326	5	1	0	1	1	0	0	0	0	N	N	N	N	N	N	N	N	N	N	N	N	0.0000	0.0000	0.0000	0.0000	0.0000	0.0000	0.0000	0.0000	0.0000	0.0000	0.0000	0.0000	0.0000	0.0000	0.0000	0.0000	0.0000	0.0000	0.0000	0.0000	0.9783	0.0000	3.0423	2.0000	0.0000	0.0000	0.0000	0.0000	0.0000	0.0000	0.0000	0.0000	0.0000	0.0000	0.0000	0.0000	0.0000	0.0000	0.0000	0.0000	0.0000	0.0000	0.0000	0.0000	0.0000	0.0000	0.0000	0.0000	0.0000	0.0000	0.0000	0.0191	0.0122	0.0069	0.0050	0.0039	0.0010	0.0142	0.0083	0.0059	0.0000	0.0000	0.0000	0.0000	0.0000	0.0000	0.0000	0.0000	0.0000	0.0000	0.0000	0.0000	0.0000	0.0000	0.0000	0.0000	0.0000	0.0000											
31	59	0.1477	6	0	1	0	1	0	0	0	0	N	N	N	N	N	N	N	N	N	N	N	N	0.0000	0.0000	0.0000	0.0000	0.0000	0.0000	0.0000	0.0000	0.0000	0.0000	0.0000	0.0000	0.0000	0.0000	0.0000	0.0000	0.0000	0.0016	0.0001	0.0050	0.0046	0.0002	0.0316	0.0000	0.0000	0.0001	23.4566	0.0000	0.0000	0.9783	1.9997	3.0423	3.4660	0.0000	0.0000	0.0000	0.0000	0.0000	0.0000	0.0000	0.0000	0.0000	0.0001	0.0000	0.0001	0.0001	0.0000	0.0001	0.0000	0.0000	0.0000	0.0277	0.0236	0.0041	0.0020	0.0020	0.0001	0.0257	0.0217	0.0040	0.0669	0.0464	0.0205	0.0227	0.0196	0.0032	0.0441	0.0268	0.0173	0.0000	0.0000	0.0000	0.0000	0.0000	0.0000	0.0000	0.0000	0.0000	0.0016	0.0001	0.0050	0.0046	0.0002	0.0316	0.0000	0.0000	0.0001		
31	60	0.1326	5	0	1	0	1	0	0	0	0	N	N	N	N	N	N	N	N	N	N	N	N	0.0000	0.0000	0.0000	0.0000	0.0000	0.0000	0.0000	0.0000	0.0000	0.0000	0.0000	0.0000	0.0000	0.0031	0.0049	0.0000	0.0122	0.0153	0.0000	0.0000	0.0000	0.0000	0.0000	0.0000	-0.0001	0.9783	0.0005	3.0423	3.6054	0.0000	0.0000	0.0000	0.0000	0.0000	0.0000	0.0000	0.0000	0.0000	0.0001	0.0001	0.0000	0.0001	0.0001	0.0000	0.0000	0.0000	0.0000	0.0000	0.0000	0.0000	0.0000	0.0000	0.0000	0.0000	0.0000	0.0000	0.0341	0.0217	0.0123	0.0088	0.0070	0.0018	0.0253	0.0147	0.0106	0.0000	0.0000	0.0000	0.0000	0.0000	0.0000	0.0000	0.0000	0.0000	0.0031	0.0049	0.0000	0.0122	0.0153	0.0000	0.0000	0.0000	0.0000						
31	61	0.1053	4	0	0	1	1	0	0	0	0	N	N	N	N	N	N	N	N	N	N	N	N	0.0000	0.0000	0.0000	0.0000	0.0000	0.0000	0.0000	0.0000	0.0000	0.0000	0.0000	0.0000	0.0000	0.0000	0.0000	0.0000	0.0000	0.0000	0.0000	0.0000	0.9783	0.0000	3.0423	1.0000	0.0000	0.0000	0.0000	0.0000	0.0000	0.0000	0.0000	0.0000	0.0000	0.0000	0.0000	0.0000	0.0000	0.0000	0.0000	0.0000	0.0000	0.0000	0.0000	0.0000	0.0000	0.0000	0.0000	0.0000	0.0000	0.0000	0.0000	0.0099	0.0059	0.0040	0.0013	0.0012	0.0002	0.0085	0.0047	0.0038	0.0000	0.0000	0.0000	0.0000	0.0000	0.0000	0.0000	0.0000	0.0000	0.0000	0.0000	0.0000	0.0000	0.0000	0.0000	0.0000	0.0000	0.0000											
31	62	0.1011	3	0	0	0	1	0	0	0	0	N	N	N	N	N	N	N	N	N	N	N	N	0.0000	0.0000	0.0000	0.0000	0.0000	0.0000	0.0000	0.0000	0.0000	0.0000	0.0000	0.0000	0.0000	0.0000	0.0000	0.0000	0.0000	0.0000	0.0419	0.0667	0.0009	0.1757	0.3541	0.0019	0.0035	0.0058	0.0005	0.0082	0.0000	-0.0003	0.9783	0.0001	3.0423	1.0076	0.0000	0.0000	0.0000	0.0000	0.0000	0.0000	0.0000	0.0000	0.0000	0.0006	0.0006	0.0000	0.0006	0.0006	0.0000	0.0000	0.0000	0.0000	0.0000	0.0000	0.0000	0.0000	0.0000	0.0000	0.0000	0.0000	0.0000	0.0149	0.0093	0.0056	0.0054	0.0037	0.0016	0.0095	0.0055	0.0040	0.0000	0.0000	0.0000	0.0000	0.0000	0.0000	0.0000	0.0000	0.0000	0.0419	0.0667	0.0009	0.1096	0.1569	0.0019	0.0035	0.0058	0.0005	
31	63	0.0343	2	0	0	0	1	0	0	0	0	N	N	N	N	N	N	N	N	N	N	N	N	0.0000	0.0000	0.0000	0.0000	0.0000	0.0000	0.0000	0.0000	0.0000	0.0000	0.0000	0.0000	0.0000	0.0000	0.0000	0.0000	0.0000	0.0000	0.1296	0.0081	0.4239	1.1500	0.0050	1.2675	0.1102	0.0090	0.3307	25.9895	0.0000	0.0077	0.9783	11.9999	3.0423	3.0574	0.0000	0.0000	0.0000	0.0000	0.0000	0.0000	0.0000	0.0000	0.0000	0.0181	0.0007	0.0175	0.0053	0.0001	0.0052	0.0128	0.0006	0.0123	0.1525	0.1302	0.0223	0.0041	0.0041	0.0000	0.1484	0.1261	0.0223	0.1400	0.0833	0.0567	0.0236	0.0193	0.0043	0.1164	0.0640	0.0524	0.0000	0.0000	0.0000	0.0000	0.0000	0.0000	0.0000	0.0000	0.0000	0.1296	0.0081	0.3084	0.2256	0.0050	1.2209	0.1102	0.0090	0.2339	
31	64	0.1326	5	1	1	0	1	0	0	0	0	N	N	N	N	N	N	N	N	N	N	N	N	0.0000	0.0000	0.0000	0.0000	0.0000	0.0000	0.0000	0.0000	0.0000	0.0000	0.0000	0.0000	0.0000	0.0000	0.0000	0.0000	0.0000	0.0000	0.0000	0.0000	0.9783	4.0000	3.0423	3.0000	0.0000	0.0000	0.0000	0.0000	0.0000	0.0000	0.0000	0.0000	0.0000	0.0000	0.0000	0.0000	0.0000	0.0000	0.0000	0.0000	0.0000	0.0000	0.0544	0.0464	0.0080	0.0040	0.0039	0.0001	0.0504	0.0426	0.0079	0.0644	0.0410	0.0234	0.0166	0.0132	0.0034	0.0478	0.0278	0.0200	0.0000	0.0000	0.0000	0.0000	0.0000	0.0000	0.0000	0.0000	0.0000	0.0000	0.0000	0.0000	0.0000	0.0000	0.0000	0.0000	0.0000	0.0000											
31	65	0.0908	4	0	0	0	1	0	0	0	0	N	N	N	N	N	N	N	N	N	N	N	N	0.0000	0.0000	0.0000	0.0000	0.0000	0.0000	0.0000	0.0000	0.0000	0.0000	0.0000	0.0000	0.0000	0.0000	0.0000	0.0000	0.0000	9.4114	0.0001	44.4200	0.0216	0.0005	0.1039	11.4649	0.0000	46.1651	97747.0000	0.0000	0.4497	0.9783	2.0015	3.0423	10.0016	0.0000	0.0000	0.0000	0.0000	0.0000	0.0000	0.0000	0.0000	0.0000	0.9775	0.0000	0.9775	0.0005	0.0000	0.0005	0.9769	0.0000	0.9769	0.0281	0.0239	0.0043	0.0011	0.0010	0.0000	0.0271	0.0228	0.0042	0.1098	0.0668	0.0430	0.0245	0.0195	0.0050	0.0852	0.0473	0.0380	0.0000	0.0000	0.0000	0.0000	0.0000	0.0000	0.0000	0.0000	0.0000	8.9058	0.0001	22.7509	0.0216	0.0005	0.1039	11.4649	0.0000	25.7377		
31	67	0.2456	6	0	0	0	1	0	0	0	0	N	N	N	N	N	N	N	N	N	N	N	N	0.0329	0.0278	0.0000	0.2525	0.1743	0.0000	0.0000	0.0000	0.0000	0.0027	0.0031	0.0000	0.0227	0.0233	0.0000	0.0000	0.0000	0.0000	0.0808	0.1109	0.0122	0.0900	0.1338	0.0113	0.0796	0.1289	0.0125	0.0000	0.0483	-0.0001	-0.0110	0.9783	4.8614	3.0423	14.2102	0.0002	0.0002	0.0000	0.0002	0.0002	0.0000	0.0000	0.0000	0.0000	0.0222	0.0212	0.0010	0.0107	0.0104	0.0003	0.0115	0.0108	0.0008	0.0737	0.0635	0.0102	0.0086	0.0084	0.0002	0.0651	0.0551	0.0100	0.2752	0.1912	0.0841	0.1302	0.1075	0.0227	0.1450	0.0836	0.0614	0.0329	0.0278	0.0000	0.2769	0.2404	0.0000	0.0000	0.0000	0.0000	0.0808	0.1109	0.0122	0.0820	0.0970	0.0113	0.0796	0.1289	0.0125
31	68	0.1665	8	1	1	1	1	0	0	0	0	N	N	N	N	N	N	N	N	N	N	N	N	0.0000	0.0000	0.0000	0.0000	0.0000	0.0000	0.0000	0.0000	0.0000	0.0000	0.0000	0.0000	0.0000	0.0000	0.0000	0.0000	0.0000	0.0000	0.0000	0.0000	0.9783	0.0000	3.0423	0.0000	0.0000	0.0000	0.0000	0.0000	0.0000	0.0000	0.0000	0.0000	0.0000	0.0000	0.0000	0.0000	0.0000	0.0000	0.0000	0.0000	0.0000	0.0000	0.0000	0.0000	0.0000	0.0000	0.0000	0.0000	0.0000	0.0000	0.0000	0.0000	0.0000	0.0000	0.0000	0.0000	0.0000	0.0000	0.0000	0.0000	0.0000	0.0000	0.0000	0.0000	0.0000	0.0000	0.0000	0.0000	0.0000	0.0000	0.0000	0.0000	0.0000	0.0000	0.0000	0.0000	0.0000	0.0000											
31	69	0.1623	7	1	0	1	1	0	0	0	0	N	N	N	N	N	N	N	N	N	N	N	N	0.0000	0.0000	0.0000	0.0000	0.0000	0.0000	0.0000	0.0000	0.0000	0.0000	0.0000	0.0000	0.0000	0.0000	0.0000	0.0000	0.0000	0.0000	0.0000	0.0000	0.0000	0.0000	0.0000	0.0000	0.1563	0.0000	-0.0000	0.9783	0.0016	3.0423	0.9826	0.0000	0.0000	0.0000	0.0000	0.0000	0.0000	0.0000	0.0000	0.0000	0.0000	0.0000	0.0000	0.0000	0.0000	0.0000	0.0000	0.0000	0.0000	0.0001	0.0001	0.0000	0.0000	0.0000	0.0000	0.0001	0.0000	0.0000	0.0103	0.0067	0.0036	0.0034	0.0028	0.0006	0.0068	0.0039	0.0030	0.0000	0.0000	0.0000	0.0000	0.0000	0.0000	0.0000	0.0000	0.0000	0.0000	0.0000	0.0000	0.0000	0.0000	0.0000	0.0000	0.0000	0.0000				
31	70	0.1496	6	1	0	1	1	0	0	0	0	N	N	N	N	N	N	N	N	N	N	N	N	0.0000	0.0000	0.0000	0.0000	0.0000	0.0000	0.0000	0.0000	0.0000	0.0000	0.0000	0.0000	0.0000	0.0000	0.0000	0.0000	0.0000	0.0000	0.0006	0.0010	0.0000	0.0020	0.0024	0.0001	0.0000	0.0000	0.0000	0.0049	0.0000	-0.0000	0.9783	0.0061	3.0423	3.0249	0.0000	0.0000	0.0000	0.0000	0.0000	0.0000	0.0000	0.0000	0.0000	0.0000	0.0000	0.0000	0.0000	0.0000	0.0000	0.0000	0.0000	0.0000	0.0002	0.0002	0.0000	0.0001	0.0001	0.0000	0.0001	0.0001	0.0000	0.0315	0.0206	0.0110	0.0099	0.0082	0.0017	0.0216	0.0124	0.0092	0.0000	0.0000	0.0000	0.0000	0.0000	0.0000	0.0000	0.0000	0.0000	0.0006	0.0010	0.0000	0.0020	0.0024	0.0001	0.0000	0.0000	0.0000	
31	71	0.1326	5	1	0	1	1	0	0	0	0	N	N	N	N	N	N	N	N	N	N	N	N	0.0000	0.0000	0.0000	0.0000	0.0000	0.0000	0.0000	0.0000	0.0000	0.0000	0.0000	0.0000	0.0000	0.0000	0.0000	0.0003	0.0004	0.0000	0.0000	0.0001	0.0000	0.0004	0.0006	0.0000	0.0000	0.0000	-0.0000	0.9783	0.0044	3.0423	4.0281	0.0000	0.0000	0.0000	0.0000	0.0000	0.0000	0.0000	0.0000	0.0000	0.0000	0.0000	0.0000	0.0000	0.0000	0.0000	0.0000	0.0000	0.0000	0.0001	0.0001	0.0000	0.0000	0.0000	0.0000	0.0001	0.0000	0.0000	0.0380	0.0242	0.0138	0.0098	0.0078	0.0020	0.0282	0.0164	0.0118	0.0000	0.0000	0.0000	0.0000	0.0000	0.0000	0.0000	0.0000	0.0000	0.0003	0.0004	0.0000	0.0000	0.0001	0.0000	0.0004	0.0006	0.0000				
31	72	0.0908	4	0	1	0	1	0	0	0	0	N	N	N	N	N	N	N	N	N	N	N	N	0.0000	0.0000	0.0000	0.0000	0.0000	0.0000	0.0000	0.0000	0.0000	0.0000	0.0000	0.0000	0.0000	0.0222	0.0364	0.0000	0.1437	0.2343	0.0000	0.0000	0.0000	0.0000	0.0000	0.0000	-0.0018	0.9783	5.9987	3.0423	11.0016	0.0000	0.0000	0.0000	0.0000	0.0000	0.0000	0.0000	0.0000	0.0000	0.0033	0.0033	0.0000	0.0033	0.0033	0.0000	0.0000	0.0000	0.0000	0.0810	0.0689	0.0121	0.0030	0.0029	0.0001	0.0780	0.0660	0.0120	0.1492	0.0909	0.0584	0.0331	0.0263	0.0068	0.1161	0.0646	0.0516	0.0000	0.0000	0.0000	0.0000	0.0000	0.0000	0.0000	0.0000	0.0000	0.0222	0.0364	0.0000	0.1000	0.1258	0.0000	0.0000	0.0000	0.0000						
31	73	0.1326	5	1	0	1	1	0	0	0	0	N	N	N	N	N	N	N	N	N	N	N	N	0.0000	0.0000	0.0000	0.0000	0.0000	0.0000	0.0000	0.0000	0.0000	0.0000	0.0000	0.0000	0.0000	0.0547	0.0858	0.0000	0.9856	1.4417	0.0000	0.0000	0.0000	0.0000	0.0000	0.0000	-0.0019	0.9783	2.0000	3.0423	5.0000	0.0000	0.0000	0.0000	0.0000	0.0000	0.0000	0.0000	0.0000	0.0000	0.0035	0.0035	0.0000	0.0035	0.0035	0.0000	0.0000	0.0000	0.0000	0.0277	0.0236	0.0041	0.0020	0.0020	0.0001	0.0257	0.0217	0.0040	0.0644	0.0410	0.0234	0.0166	0.0132	0.0034	0.0478	0.0278	0.0200	0.0000	0.0000	0.0000	0.0000	0.0000	0.0000	0.0000	0.0000	0.0000	0.0547	0.0858	0.0000	0.2126	0.2672	0.0000	0.0000	0.0000	0.0000						
31	74	0.1325	6	0	1	0	1	0	0	0	0	N	N	N	N	N	N	N	N	N	N	N	N	0.0011	0.0008	0.0000	0.0081	0.0053	0.0000	0.0000	0.0000	0.0000	0.0001	0.0001	0.0000	0.0021	0.0022	0.0000	0.0000	0.0000	0.0000	0.1020	0.1745	0.0192	0.2615	0.4061	0.0002	0.0928	0.1476	0.0211	0.0000	0.0765	-0.0000	-0.0088	0.9783	6.1274	3.0423	13.6208	0.0000	0.0000	0.0000	0.0000	0.0000	0.0000	0.0000	0.0000	0.0000	0.0188	0.0175	0.0013	0.0053	0.0053	0.0000	0.0135	0.0122	0.0013	0.0854	0.0728	0.0126	0.0046	0.0045	0.0001	0.0808	0.0683	0.0125	0.1842	0.1148	0.0694	0.0386	0.0323	0.0063	0.1456	0.0825	0.0632	0.0011	0.0009	0.0000	0.0155	0.0132	0.0000	0.0000	0.0000	0.0000	0.1020	0.1521	0.0192	0.1369	0.1633	0.0002	0.0928	0.1476	0.0211
31	75	0.1571	9	0	0	1	1	0	0	0	0	N	N	N	N	N	N	N	N	N	N	N	N	0.0000	0.0000	0.0000	0.0000	0.0000	0.0000	0.0000	0.0000	0.0000	0.0000	0.0000	0.0000	0.0000	0.0000	0.0000	0.0000	0.0000	0.0000	0.0000	0.0000	0.0000	0.0000	inf	0.0000	0.0000	0.9783	0.0000	3.0423	1.0003	0.0000	0.0000	0.0000	0.0000	0.0000	0.0000	0.0000	0.0000	0.0000	0.0000	0.0000	0.0000	0.0000	0.0000	0.0000	0.0000	0.0000	0.0000	0.0000	0.0000	0.0000	0.0000	0.0000	0.0000	0.0000	0.0000	0.0000	0.0101	0.0064	0.0037	0.0022	0.0018	0.0004	0.0079	0.0046	0.0033	0.0000	0.0000	0.0000	0.0000	0.0000	0.0000	0.0000	0.0000	0.0000	0.0000	0.0000	0.0000	0.0000	0.0000	0.0000	0.0000	0.0000	0.0000						
31	76	0.1530	8	0	0	1	1	0	0	0	0	N	N	N	N	N	N	N	N	N	N	N	N	0.0000	0.0000	0.0000	0.0000	0.0000	0.0000	0.0000	0.0000	0.0000	0.0000	0.0000	0.0000	0.0000	0.0002	0.0003	0.0000	0.0008	0.0010	0.0000	0.0000	0.0000	0.0000	0.0002	0.0000	-0.0000	0.9783	0.0000	3.0423	1.0076	0.0000	0.0000	0.0000	0.0000	0.0000	0.0000	0.0000	0.0000	0.0000	0.0000	0.0000	0.0000	0.0000	0.0000	0.0000	0.0000	0.0000	0.0000	0.0000	0.0000	0.0000	0.0000	0.0000	0.0000	0.0000	0.0000	0.0000	0.0101	0.0064	0.0037	0.0021	0.0017	0.0004	0.0080	0.0046	0.0034	0.0000	0.0000	0.0000	0.0000	0.0000	0.0000	0.0000	0.0000	0.0000	0.0002	0.0003	0.0000	0.0008	0.0010	0.0000	0.0000	0.0000	0.0000						
31	77	0.1489	7	0	0	0	1	0	0	0	0	N	N	N	N	N	N	N	N	N	N	N	N	0.0000	0.0000	0.0000	0.0000	0.0000	0.0000	0.0000	0.0000	0.0000	0.0000	0.0000	0.0000	0.0000	0.0000	0.0000	0.0000	0.0000	0.5885	1.4053	0.0000	23.2254	30.4223	0.0000	0.0000	0.0000	0.0000	0.0000	0.0000	-0.0021	0.9783	0.0026	3.0423	0.9924	0.0000	0.0000	0.0000	0.0000	0.0000	0.0000	0.0000	0.0000	0.0000	0.0038	0.0038	0.0000	0.0038	0.0038	0.0000	0.0000	0.0000	0.0000	0.0001	0.0001	0.0000	0.0000	0.0000	0.0000	0.0001	0.0001	0.0000	0.0101	0.0063	0.0038	0.0022	0.0018	0.0004	0.0080	0.0046	0.0034	0.0000	0.0000	0.0000	0.0000	0.0000	0.0000	0.0000	0.0000	0.0000	0.3779	0.6032	0.0000	1.7666	2.1315	0.0000	0.0000	0.0000	0.0000		
31	78	0.1325	6	0	0	0	1	0	0	0	0	N	N	N	N	N	N	N	N	N	N	N	N	0.0613	0.0488	0.0000	0.2609	0.2332	0.0000	0.0000	0.0000	0.0000	0.0002	0.0003	0.0000	0.0032	0.0032	0.0000	0.0000	0.0000	0.0000	0.0037	0.0055	0.0004	0.0122	0.0138	0.0005	0.0006	0.0008	0.0003	0.0000	0.0338	-0.0000	-0.0001	0.9783	2.8733	3.0423	1.5522	0.0000	0.0000	0.0000	0.0000	0.0000	0.0000	0.0000	0.0000	0.0000	0.0002	0.0002	0.0000	0.0002	0.0002	0.0000	0.0000	0.0000	0.0000	0.0430	0.0367	0.0063	0.0031	0.0030	0.0000	0.0399	0.0336	0.0063	0.0561	0.0369	0.0192	0.0150	0.0132	0.0018	0.0411	0.0237	0.0174	0.0613	0.0488	0.0000	0.2609	0.2332	0.0000	0.0000	0.0000	0.0000	0.0037	0.0055	0.0004	0.0122	0.0138	0.0005	0.0006	0.0008	0.0003
31	79	0.1204	5	0	0	0	1	0	0	0	0	N	N	N	N	N	N	N	N	N	N	N	N	1.0585	0.6166	12.5748	1.8969	1.7695	0.0000	0.7542	0.0000	13.4972	0.0061	0.0047	0.0150	0.0190	0.0190	0.0000	0.0026	0.0000	0.0150	0.0057	0.0076	0.0012	0.0100	0.0108	0.0019	0.0034	0.0049	0.0011	0.5000	0.0640	-0.0000	-0.0002	0.9783	0.2102	3.0423	3.4985	0.0000	0.0000	0.0000	0.0000	0.0000	0.0000	0.0000	0.0000	0.0000	0.0004	0.0004	0.0000	0.0002	0.0002	0.0000	0.0001	0.0001	0.0000	0.0048	0.0042	0.0007	0.0010	0.0010	0.0000	0.0038	0.0032	0.0007	0.0657	0.0466	0.0190	0.0231	0.0212	0.0019	0.0425	0.0254	0.0171	1.0585	0.6166	12.5748	1.8969	1.7695	0.0000	0.7542	0.0000	13.4972	0.0057	0.0076	0.0012	0.0100	0.0108	0.0019	0.0034	0.0049	0.0011
31	80	0.0640	5	0	1	0	1	0	0	0	0	N	N	N	N	N	N	N	N	N	N	N	N	1.0123	0.7400	0.0000	4.5459	3.9407	0.0000	0.0000	0.0000	0.0000	0.0017	0.0020	0.0000	0.0336	0.0344	0.0000	0.0000	0.0000	0.0000	0.0017	0.0027	0.0001	0.0074	0.0087	0.0007	0.0003	0.0005	0.0000	0.0000	0.0166	-0.0000	-0.0001	0.9783	2.0196	3.0423	6.0690	0.0000	0.0000	0.0000	0.0000	0.0000	0.0000	0.0000	0.0000	0.0000	0.0001	0.0001	0.0000	0.0001	0.0001	0.0000	0.0000	0.0000	0.0000	0.0286	0.0243	0.0043	0.0015	0.0014	0.0000	0.0271	0.0229	0.0042	0.0817	0.0499	0.0318	0.0164	0.0137	0.0027	0.0653	0.0363	0.0290	1.0123	0.7400	0.0000	4.5459	3.9407	0.0000	0.0000	0.0000	0.0000	0.0017	0.0027	0.0001	0.0074	0.0087	0.0007	0.0003	0.0005	0.0000
31	81	0.0558	4	0	0	0	1	0	0	0	0	N	N	N	N	N	N	N	N	N	N	N	N	1.8412	1.0482	15.9257	17.5426	14.9039	0.0000	0.6546	0.0000	15.5695	0.0134	0.0116	0.0231	0.2567	0.2604	0.0000	0.0037	0.0000	0.0232	0.0073	0.0111	0.0014	0.0146	0.0175	0.0010	0.0056	0.0089	0.0015	0.3571	0.0861	-0.0000	-0.0001	0.9783	0.9876	3.0423	0.9833	0.0002	0.0001	0.0000	0.0001	0.0001	0.0000	0.0000	0.0000	0.0000	0.0001	0.0001	0.0000	0.0001	0.0001	0.0000	0.0001	0.0001	0.0000	0.0139	0.0118	0.0021	0.0005	0.0005	0.0000	0.0134	0.0113	0.0021	0.0205	0.0124	0.0081	0.0038	0.0031	0.0007	0.0167	0.0092	0.0075	1.8412	1.0482	15.9257	17.5426	14.9039	0.0000	0.6546	0.0000	15.5695	0.0073	0.0111	0.0014	0.0146	0.0175	0.0010	0.0056	0.0089	0.0015
31	82	0.1609	6	1	0	1	1	0	0	0	0	N	N	N	N	N	N	N	N	N	N	N	N	0.0000	0.0000	0.0000	0.0000	0.0000	0.0000	0.0000	0.0000	0.0000	0.0000	0.0000	0.0000	0.0000	0.0003	0.0004	0.0000	0.0008	0.0010	0.0000	0.0000	0.0000	0.0000	0.0000	0.0000	-0.0000	0.9783	1.0000	3.0423	2.9874	0.0000	0.0000	0.0000	0.0000	0.0000	0.0000	0.0000	0.0000	0.0000	0.0000	0.0000	0.0000	0.0000	0.0000	0.0000	0.0000	0.0000	0.0000	0.0141	0.0120	0.0021	0.0005	0.0005	0.0000	0.0136	0.0115	0.0021	0.0392	0.0248	0.0145	0.0118	0.0095	0.0023	0.0274	0.0152	0.0122	0.0000	0.0000	0.0000	0.0000	0.0000	0.0000	0.0000	0.0000	0.0000	0.0003	0.0004	0.0000	0.0008	0.0010	0.0000	0.0000	0.0000	0.0000						
31	83	0.1326	5	1	0	1	1	0	0	0	0	N	N	N	N	N	N	N	N	N	N	N	N	0.0000	0.0000	0.0000	0.0000	0.0000	0.0000	0.0000	0.0000	0.0000	0.0000	0.0000	0.0000	0.0000	0.0000	0.0000	0.0000	0.0000	0.0000	0.0000	0.0000	0.0000	0.0000	0.0000	0.0000	-0.0000	0.9783	0.9997	3.0423	6.0128	0.0000	0.0000	0.0000	0.0000	0.0000	0.0000	0.0000	0.0000	0.0000	0.0000	0.0000	0.0000	0.0000	0.0000	0.0000	0.0000	0.0000	0.0000	0.0140	0.0119	0.0021	0.0010	0.0010	0.0000	0.0130	0.0109	0.0020	0.0645	0.0411	0.0234	0.0166	0.0132	0.0034	0.0479	0.0279	0.0200	0.0000	0.0000	0.0000	0.0000	0.0000	0.0000	0.0000	0.0000	0.0000	0.0000	0.0000	0.0000	0.0000	0.0000	0.0000	0.0000	0.0000	0.0000						
31	84	0.0908	4	0	1	0	2	0	0	0	0	N	N	N	Y	N	N	N	N	N	N	N	N	0.0000	0.0000	0.0000	0.0000	0.0000	0.0000	0.0000	0.0000	0.0000	0.0000	0.0000	0.0000	0.0000	0.0000	0.0000	0.1019	0.2264	0.0000	0.2654	0.4616	0.0000	0.0916	0.1646	0.0000	0.0000	0.0000	-0.0094	0.9783	8.0013	3.0423	12.0015	0.0000	0.0000	0.0000	0.0000	0.0000	0.0000	0.0000	0.0000	0.0000	0.0175	0.0175	0.0000	0.0052	0.0052	0.0000	0.0122	0.0122	0.0000	0.1060	0.0903	0.0157	0.0039	0.0038	0.0001	0.1022	0.0866	0.0156	0.1714	0.1044	0.0670	0.0378	0.0301	0.0077	0.1336	0.0743	0.0593	0.0000	0.0000	0.0000	0.0000	0.0000	0.0000	0.0000	0.0000	0.0000	0.1019	0.1673	0.0000	0.1384	0.1740	0.0000	0.0916	0.1646	0.0000				
31	85	0.0343	2	0	1	0	1	0	0	0	0	N	N	N	N	N	N	N	N	N	N	N	N	0.0000	0.0000	0.0000	0.0000	0.0000	0.0000	0.0000	0.0000	0.0000	0.0000	0.0000	0.0000	0.0000	0.0000	0.0000	0.0000	0.0051	0.0085	0.0000	0.0292	0.0355	0.0000	0.0000	0.0000	0.0000	0.0006	0.0000	-0.0002	0.9783	1.0000	3.0423	6.9850	0.0000	0.0000	0.0000	0.0000	0.0000	0.0000	0.0000	0.0000	0.0000	0.0004	0.0004	0.0000	0.0004	0.0004	0.0000	0.0000	0.0000	0.0000	0.0141	0.0120	0.0022	0.0004	0.0004	0.0000	0.0137	0.0116	0.0021	0.0792	0.0472	0.0320	0.0138	0.0113	0.0025	0.0654	0.0359	0.0296	0.0000	0.0000	0.0000	0.0000	0.0000	0.0000	0.0000	0.0000	0.0000	0.0051	0.0085	0.0000	0.0292	0.0355	0.0000	0.0000	0.0000	0.0000			
31	87	0.1326	5	0	1	0	1	0	0	0	0	N	N	N	N	N	N	N	N	N	N	N	N	0.0000	0.0000	0.0000	0.0000	0.0000	0.0000	0.0000	0.0000	0.0000	0.0000	0.0000	0.0000	0.0000	0.0000	0.0000	9.9744	15.6636	0.0000	0.0212	0.0266	0.0000	13.3933	22.9971	0.0000	0.0000	0.0000	-0.5278	0.9783	4.0000	3.0423	7.0000	0.0000	0.0000	0.0000	0.0000	0.0000	0.0000	0.0000	0.0000	0.0000	0.9775	0.9775	0.0000	0.0005	0.0005	0.0000	0.9769	0.9769	0.0000	0.0544	0.0464	0.0080	0.0040	0.0039	0.0001	0.0504	0.0426	0.0079	0.0980	0.0624	0.0356	0.0251	0.0199	0.0051	0.0729	0.0425	0.0305	0.0000	0.0000	0.0000	0.0000	0.0000	0.0000	0.0000	0.0000	0.0000	9.9744	15.6636	0.0000	0.0212	0.0266	0.0000	13.3933	22.9971	0.0000				
31	88	0.0908	4	0	0	0	1	0	0	0	0	N	N	N	N	N	N	N	N	N	N	N	N	0.0000	0.0000	0.0000	0.0000	0.0000	0.0000	0.0000	0.0000	0.0000	0.0000	0.0000	0.0000	0.0000	0.0000	0.0000	0.0000	0.0000	0.0000	0.0000	0.0000	0.9783	2.9985	3.0423	7.0016	0.0000	0.0000	0.0000	0.0000	0.0000	0.0000	0.0000	0.0000	0.0000	0.0000	0.0000	0.0000	0.0000	0.0000	0.0000	0.0000	0.0000	0.0000	0.0417	0.0354	0.0063	0.0016	0.0015	0.0000	0.0402	0.0339	0.0063	0.0930	0.0566	0.0364	0.0209	0.0166	0.0042	0.0721	0.0400	0.0322	0.0000	0.0000	0.0000	0.0000	0.0000	0.0000	0.0000	0.0000	0.0000	0.0000	0.0000	0.0000	0.0000	0.0000	0.0000	0.0000	0.0000	0.0000											
31	89	0.0643	5	0	1	0	1	0	0	0	0	N	N	N	N	N	N	N	N	N	N	N	N	0.6266	0.5931	0.0000	287.3417	233.9748	0.0000	0.0000	0.0000	0.0000	6.9524	10.6182	0.0000	15.6912	15.7003	0.0000	0.0000	0.0000	0.0000	11.0956	17.9018	0.0000	0.0546	0.0671	0.0001	13.6466	24.7930	0.0000	0.0000	0.0000	-0.0058	-0.5264	0.9783	0.0157	3.0423	9.0253	0.0125	0.0125	0.0000	0.0125	0.0125	0.0000	0.0000	0.0000	0.0000	0.9749	0.9749	0.0000	0.0010	0.0010	0.0000	0.9739	0.9739	0.0000	0.0018	0.0012	0.0006	0.0008	0.0008	0.0000	0.0010	0.0004	0.0006	0.0900	0.0545	0.0356	0.0187	0.0152	0.0035	0.0714	0.0393	0.0321	0.6420	0.5931	0.0000	287.3417	233.9748	0.0000	0.0000	0.0000	0.0000	10.8298	17.9018	0.0000	0.0546	0.0671	0.0001	13.6466	24.7930	0.0000
31	90	0.0558	4	0	1	0	1	0	0	0	0	N	N	N	N	N	N	N	N	N	N	N	N	295.7164	1.7341	10971.7011	500.9162	418.2421	3121.4864	288.0637	0.1630	10130.5193	46.7408	0.6402	283.6467	5.4971	5.5216	0.9652	50.8697	0.0484	284.4984	0.1581	0.3692	0.0259	0.0110	0.0132	0.0003	0.1766	0.2971	0.0281	86.2165	0.0756	0.0067	-0.0014	0.9783	0.0169	3.0423	2.0013	0.0126	0.0001	0.0125	0.0001	0.0001	0.0000	0.0125	0.0000	0.0125	0.0031	0.0028	0.0002	0.0000	0.0000	0.0000	0.0030	0.0028	0.0002	0.0003	0.0002	0.0000	0.0000	0.0000	0.0000	0.0002	0.0002	0.0000	0.0210	0.0126	0.0083	0.0039	0.0032	0.0007	0.0171	0.0094	0.0077	320.0954	2.8431	10971.7011	500.9162	418.2421	3121.4864	288.0637	0.1630	10130.5193	0.1460	0.2252	0.0259	0.0110	0.0132	0.0003	0.1766	0.2971	0.0281
31	91	0.0470	3	0	0	0	1	0	0	0	0	N	N	N	N	N	N	N	N	N	N	N	N	2.7247	0.1284	957.1430	3.8696	3.2631	1.4865	2.9503	0.0000	1528.6144	0.0053	0.0004	0.0324	0.0111	0.0112	0.0003	0.0051	0.0000	0.0324	0.0019	0.0032	0.0000	0.0029	0.0034	0.0002	0.0017	0.0031	0.0000	14.0020	0.0071	0.0001	-0.0000	0.9783	1.9923	3.0423	0.0454	0.0001	0.0000	0.0001	0.0000	0.0000	0.0000	0.0001	0.0000	0.0001	0.0000	0.0000	0.0000	0.0000	0.0000	0.0000	0.0000	0.0000	0.0000	0.0279	0.0237	0.0042	0.0009	0.0009	0.0000	0.0271	0.0228	0.0042	0.0214	0.0128	0.0087	0.0039	0.0033	0.0007	0.0175	0.0095	0.0080	2.7247	0.1284	957.1430	3.8696	3.2631	1.4865	2.9503	0.0000	1528.6144	0.0019	0.0032	0.0000	0.0029	0.0034	0.0002	0.0017	0.0031	0.0000
31	93	0.1875	9	1	1	0	2	0	0	0	0	N	N	N	Y	N	N	N	N	N	N	N	N	0.0000	0.0000	0.0000	0.0000	0.0000	0.0000	0.0000	0.0000	0.0000	0.0000	0.0000	0.0000	0.0000	0.0000	0.0000	0.0000	0.0000	0.0000	0.0000	0.0000	0.9783	0.0000	3.0423	0.0000	0.0000	0.0000	0.0000	0.0000	0.0000	0.0000	0.0000	0.0000	0.0000	0.0000	0.0000	0.0000	0.0000	0.0000	0.0000	0.0000	0.0000	0.0000	0.0000	0.0000	0.0000	0.0000	0.0000	0.0000	0.0000	0.0000	0.0000	0.0000	0.0000	0.0000	0.0000	0.0000	0.0000	0.0000	0.0000	0.0000	0.0000	0.0000	0.0000	0.0000	0.0000	0.0000	0.0000	0.0000	0.0000	0.0000	0.0000	0.0000	0.0000	0.0000	0.0000	0.0000	0.0000	0.0000											
31	94	0.1875	8	1	1	0	2	0	0	0	0	N	N	N	Y	N	N	N	N	N	N	N	N	0.0000	0.0000	0.0000	0.0000	0.0000	0.0000	0.0000	0.0000	0.0000	0.0000	0.0000	0.0000	0.0000	0.0000	0.0000	0.1040	0.1786	0.0000	0.1224	0.2802	0.0000	0.1807	0.2167	0.0000	0.0000	0.0000	-0.0000	0.9783	0.0000	3.0423	0.0001	0.0000	0.0000	0.0000	0.0000	0.0000	0.0000	0.0000	0.0000	0.0000	0.0000	0.0000	0.0000	0.0000	0.0000	0.0000	0.0000	0.0000	0.0000	0.0000	0.0000	0.0000	0.0000	0.0000	0.0000	0.0000	0.0000	0.0000	0.0000	0.0000	0.0000	0.0000	0.0000	0.0000	0.0000	0.0000	0.0000	0.0000	0.0000	0.0000	0.0000	0.0000	0.0000	0.0000	0.0000	0.0000	0.1040	0.1532	0.0000	0.0919	0.1404	0.0000	0.1807	0.2167	0.0000				
31	95	0.1695	7	0	1	0	2	0	0	0	0	N	N	N	Y	N	N	N	N	N	N	N	N	0.0000	0.0000	0.0000	0.0000	0.0000	0.0000	0.0000	0.0000	0.0000	0.0000	0.0000	0.0000	0.0000	0.0000	0.0000	0.0054	0.0086	0.0000	0.0190	0.0228	0.0000	0.0000	0.0000	0.0000	0.0000	0.0000	-0.0001	0.9783	0.9845	3.0423	0.9903	0.0000	0.0000	0.0000	0.0000	0.0000	0.0000	0.0000	0.0000	0.0000	0.0001	0.0001	0.0000	0.0001	0.0001	0.0000	0.0000	0.0000	0.0000	0.0145	0.0124	0.0021	0.0014	0.0013	0.0000	0.0132	0.0111	0.0021	0.0211	0.0132	0.0079	0.0060	0.0050	0.0010	0.0151	0.0082	0.0069	0.0000	0.0000	0.0000	0.0000	0.0000	0.0000	0.0000	0.0000	0.0000	0.0054	0.0086	0.0000	0.0190	0.0228	0.0000	0.0000	0.0000	0.0000				
31	96	0.1667	7	0	1	0	1	0	0	0	0	N	N	N	N	N	N	N	N	N	N	N	N	0.0040	0.0042	0.0000	0.0748	0.0475	0.0000	0.0000	0.0000	0.0000	0.0027	0.0032	0.0000	0.0477	0.0493	0.0000	0.0000	0.0000	0.0000	0.6830	0.7526	0.6754	0.6370	1.0392	0.0000	0.5736	0.5326	0.8660	0.0000	0.7063	-0.0000	-0.0038	0.9783	1.0063	3.0423	3.7812	0.0000	0.0000	0.0000	0.0000	0.0000	0.0000	0.0000	0.0000	0.0000	0.0298	0.0175	0.0123	0.0053	0.0053	0.0000	0.0245	0.0121	0.0123	0.0145	0.0123	0.0022	0.0008	0.0008	0.0000	0.0136	0.0115	0.0022	0.0708	0.0464	0.0244	0.0281	0.0236	0.0045	0.0427	0.0228	0.0199	0.0064	0.0085	0.0000	0.2519	0.2189	0.0000	0.0000	0.0000	0.0000	0.4210	0.3763	0.5059	0.1892	0.2254	0.0000	0.5736	0.5326	0.6207
31	97	0.1695	7	0	0	1	2	0	0	0	0	N	N	N	Y	N	N	N	N	N	N	N	N	0.0000	0.0000	0.0000	0.0000	0.0000	0.0000	0.0000	0.0000	0.0000	0.0000	0.0000	0.0000	0.0000	0.0000	0.0000	1.0139	0.0000	2.0850	0.0000	0.0000	0.0002	0.8000	0.0000	2.7493	inf	0.0000	0.0057	0.9783	1.0165	3.0423	1.0129	0.0000	0.0000	0.0000	0.0000	0.0000	0.0000	0.0000	0.0000	0.0000	0.0124	0.0000	0.0124	0.0000	0.0000	0.0000	0.0124	0.0000	0.0124	0.0150	0.0128	0.0022	0.0014	0.0013	0.0000	0.0136	0.0114	0.0022	0.0216	0.0135	0.0081	0.0061	0.0051	0.0010	0.0155	0.0084	0.0070	0.0000	0.0000	0.0000	0.0000	0.0000	0.0000	0.0000	0.0000	0.0000	0.5733	0.0000	1.5344	0.0000	0.0000	0.0002	0.8000	0.0000	1.7597				
31	98	0.1566	6	0	0	0	2	0	0	0	0	N	N	N	Y	N	N	N	N	N	N	N	N	0.0000	0.0000	0.0000	0.0000	0.0000	0.0000	0.0000	0.0000	0.0000	0.0000	0.0000	0.0000	0.0000	0.0000	0.0000	0.0000	0.0000	0.0034	0.0001	0.0090	0.0001	0.0001	0.0000	0.0048	0.0001	0.0107	95.8630	0.0000	0.0000	0.9783	2.0241	3.0423	1.0265	0.0000	0.0000	0.0000	0.0000	0.0000	0.0000	0.0000	0.0000	0.0000	0.0001	0.0000	0.0001	0.0000	0.0000	0.0000	0.0001	0.0000	0.0001	0.0289	0.0246	0.0043	0.0017	0.0017	0.0001	0.0271	0.0229	0.0043	0.0303	0.0188	0.0114	0.0088	0.0070	0.0018	0.0214	0.0118	0.0097	0.0000	0.0000	0.0000	0.0000	0.0000	0.0000	0.0000	0.0000	0.0000	0.0034	0.0001	0.0090	0.0001	0.0001	0.0000	0.0048	0.0001	0.0107		
31	99	0.1566	6	0	0	1	2	0	0	0	0	N	N	N	Y	N	N	N	N	N	N	N	N	0.0000	0.0000	0.0000	0.0000	0.0000	0.0000	0.0000	0.0000	0.0000	0.0000	0.0000	0.0000	0.0000	0.0000	0.0000	0.0000	0.0000	0.0000	0.0000	0.0000	0.9783	3.0066	3.0423	0.0000	0.0000	0.0000	0.0000	0.0000	0.0000	0.0000	0.0000	0.0000	0.0000	0.0000	0.0000	0.0000	0.0000	0.0000	0.0000	0.0000	0.0000	0.0000	0.0423	0.0360	0.0063	0.0025	0.0024	0.0001	0.0398	0.0336	0.0062	0.0298	0.0186	0.0113	0.0087	0.0070	0.0018	0.0211	0.0116	0.0095	0.0000	0.0000	0.0000	0.0000	0.0000	0.0000	0.0000	0.0000	0.0000	0.0000	0.0000	0.0000	0.0000	0.0000	0.0000	0.0000	0.0000	0.0000											
31	100	0.1823	6	0	0	1	2	0	0	0	0	N	N	N	Y	N	N	N	N	N	N	N	N	0.0000	0.0000	0.0000	0.0000	0.0000	0.0000	0.0000	0.0000	0.0000	0.0000	0.0000	0.0000	0.0000	0.0000	0.0000	0.0000	0.0000	0.0000	0.0000	0.0000	0.9783	0.0000	3.0423	2.0000	0.0000	0.0000	0.0000	0.0000	0.0000	0.0000	0.0000	0.0000	0.0000	0.0000	0.0000	0.0000	0.0000	0.0000	0.0000	0.0000	0.0000	0.0000	0.0000	0.0000	0.0000	0.0000	0.0000	0.0000	0.0000	0.0000	0.0000	0.0194	0.0120	0.0074	0.0059	0.0047	0.0012	0.0136	0.0073	0.0063	0.0000	0.0000	0.0000	0.0000	0.0000	0.0000	0.0000	0.0000	0.0000	0.0000	0.0000	0.0000	0.0000	0.0000	0.0000	0.0000	0.0000	0.0000											
31	101	0.1433	5	0	0	1	2	0	0	0	0	N	N	N	Y	N	N	N	N	N	N	N	N	0.1689	0.1276	0.0000	0.6620	0.5799	0.0000	0.0000	0.0000	0.0000	0.0001	0.0001	0.0000	0.0015	0.0016	0.0000	0.0000	0.0000	0.0000	0.0007	0.0011	0.0001	0.0023	0.0028	0.0002	0.0000	0.0000	0.0000	0.0000	0.0352	-0.0000	-0.0000	0.9783	5.8899	3.0423	3.1847	0.0000	0.0000	0.0000	0.0000	0.0000	0.0000	0.0000	0.0000	0.0000	0.0001	0.0001	0.0000	0.0001	0.0001	0.0000	0.0000	0.0000	0.0000	0.0830	0.0708	0.0123	0.0063	0.0060	0.0004	0.0767	0.0648	0.0119	0.0905	0.0563	0.0342	0.0264	0.0215	0.0049	0.0641	0.0348	0.0293	0.1689	0.1276	0.0000	0.6620	0.5799	0.0000	0.0000	0.0000	0.0000	0.0007	0.0011	0.0001	0.0023	0.0028	0.0002	0.0000	0.0000	0.0000
31	102	0.1901	5	1	1	0	1	0	0	0	0	N	N	N	N	N	N	N	N	N	N	N	N	0.0000	0.0000	0.0000	0.0000	0.0000	0.0000	0.0000	0.0000	0.0000	0.0000	0.0000	0.0000	0.0000	0.0000	0.0000	0.0000	0.0000	0.0000	0.0000	0.0000	0.9783	0.0000	3.0423	0.0000	0.0000	0.0000	0.0000	0.0000	0.0000	0.0000	0.0000	0.0000	0.0000	0.0000	0.0000	0.0000	0.0000	0.0000	0.0000	0.0000	0.0000	0.0000	0.0000	0.0000	0.0000	0.0000	0.0000	0.0000	0.0000	0.0000	0.0000	0.0000	0.0000	0.0000	0.0000	0.0000	0.0000	0.0000	0.0000	0.0000	0.0000	0.0000	0.0000	0.0000	0.0000	0.0000	0.0000	0.0000	0.0000	0.0000	0.0000	0.0000	0.0000	0.0000	0.0000	0.0000	0.0000	0.0000											
31	103	0.0908	4	1	1	0	1	0	0	0	0	N	N	N	N	N	N	N	N	N	N	N	N	0.0000	0.0000	0.0000	0.0000	0.0000	0.0000	0.0000	0.0000	0.0000	0.0000	0.0000	0.0000	0.0000	0.0000	0.0000	0.0941	0.1825	0.0000	0.2255	0.3677	0.0000	0.0845	0.1518	0.0000	0.0000	0.0000	-0.0094	0.9783	8.0012	3.0423	14.0016	0.0000	0.0000	0.0000	0.0000	0.0000	0.0000	0.0000	0.0000	0.0000	0.0175	0.0175	0.0000	0.0052	0.0052	0.0000	0.0122	0.0122	0.0000	0.1060	0.0903	0.0157	0.0039	0.0038	0.0001	0.1022	0.0866	0.0156	0.1856	0.1130	0.0725	0.0408	0.0324	0.0084	0.1448	0.0806	0.0642	0.0000	0.0000	0.0000	0.0000	0.0000	0.0000	0.0000	0.0000	0.0000	0.0941	0.1545	0.0000	0.1280	0.1611	0.0000	0.0845	0.1518	0.0000				
31	104	0.1537	5	0	1	0	1	0	0	0	0	N	N	N	N	N	N	N	N	N	N	N	N	0.0000	0.0000	0.0000	0.0000	0.0000	0.0000	0.0000	0.0000	0.0000	0.0000	0.0000	0.0000	0.0000	0.0000	0.0000	0.0000	0.0000	0.0000	0.0026	0.0041	0.0000	0.0040	0.0051	0.0001	0.0019	0.0035	0.0000	0.0034	0.0000	-0.0000	0.9783	2.0010	3.0423	1.0153	0.0000	0.0000	0.0000	0.0000	0.0000	0.0000	0.0000	0.0000	0.0000	0.0001	0.0001	0.0000	0.0000	0.0000	0.0000	0.0000	0.0000	0.0000	0.0279	0.0237	0.0042	0.0010	0.0010	0.0000	0.0269	0.0227	0.0042	0.0320	0.0201	0.0120	0.0107	0.0085	0.0023	0.0213	0.0116	0.0097	0.0000	0.0000	0.0000	0.0000	0.0000	0.0000	0.0000	0.0000	0.0000	0.0026	0.0041	0.0000	0.0040	0.0051	0.0001	0.0019	0.0035	0.0000	
31	105	0.0908	4	0	1	0	1	0	0	0	0	N	N	N	N	N	N	N	N	N	N	N	N	0.0000	0.0000	0.0000	0.0000	0.0000	0.0000	0.0000	0.0000	0.0000	0.0000	0.0000	0.0000	0.0000	0.0000	0.0000	0.0000	0.0000	0.0000	0.2428	0.6360	0.0005	0.0532	0.0668	0.0003	0.2388	0.4298	0.0005	0.0010	0.0000	-0.0135	0.9783	3.0162	3.0423	11.0438	0.0000	0.0000	0.0000	0.0000	0.0000	0.0000	0.0000	0.0000	0.0000	0.0250	0.0249	0.0000	0.0015	0.0015	0.0000	0.0235	0.0234	0.0000	0.0420	0.0356	0.0063	0.0016	0.0015	0.0000	0.0404	0.0341	0.0063	0.1264	0.0769	0.0495	0.0282	0.0224	0.0058	0.0982	0.0545	0.0437	0.0000	0.0000	0.0000	0.0000	0.0000	0.0000	0.0000	0.0000	0.0000	0.1974	0.3240	0.0005	0.0532	0.0668	0.0003	0.2388	0.4298	0.0005	
31	106	0.1916	9	1	1	0	1	0	0	0	0	N	N	N	N	N	N	N	N	N	N	N	N	0.0000	0.0000	0.0000	0.0000	0.0000	0.0000	0.0000	0.0000	0.0000	0.0000	0.0000	0.0000	0.0000	0.0000	0.0000	0.0000	0.0000	0.0000	0.0000	0.0000	0.9783	1.0000	3.0423	1.0000	0.0000	0.0000	0.0000	0.0000	0.0000	0.0000	0.0000	0.0000	0.0000	0.0000	0.0000	0.0000	0.0000	0.0000	0.0000	0.0000	0.0000	0.0000	0.0143	0.0121	0.0021	0.0008	0.0007	0.0000	0.0135	0.0114	0.0021	0.0210	0.0133	0.0077	0.0069	0.0058	0.0011	0.0140	0.0075	0.0065	0.0000	0.0000	0.0000	0.0000	0.0000	0.0000	0.0000	0.0000	0.0000	0.0000	0.0000	0.0000	0.0000	0.0000	0.0000	0.0000	0.0000	0.0000											
31	107	0.1875	8	1	1	0	1	0	0	0	0	N	N	N	N	N	N	N	N	N	N	N	N	0.0000	0.0000	0.0000	0.0000	0.0000	0.0000	0.0000	0.0000	0.0000	0.0000	0.0000	0.0000	0.0000	0.0000	0.0000	2.1711	3.6728	0.0000	20.7345	23.4230	0.0000	1.7077	3.1622	0.0000	0.0000	0.0000	-0.0094	0.9783	0.0000	3.0423	0.9999	0.0000	0.0000	0.0000	0.0000	0.0000	0.0000	0.0000	0.0000	0.0000	0.0175	0.0175	0.0000	0.0052	0.0052	0.0000	0.0122	0.0122	0.0000	0.0000	0.0000	0.0000	0.0000	0.0000	0.0000	0.0000	0.0000	0.0000	0.0105	0.0066	0.0039	0.0033	0.0027	0.0006	0.0072	0.0039	0.0033	0.0000	0.0000	0.0000	0.0000	0.0000	0.0000	0.0000	0.0000	0.0000	1.6641	2.6497	0.0000	1.5699	1.9201	0.0000	1.7077	3.1622	0.0000				
31	108	0.1667	7	1	1	0	1	0	0	0	0	N	N	N	N	N	N	N	N	N	N	N	N	0.2749	27.0989	0.0000	9.2953	51.4800	0.0000	0.0000	0.0000	0.0000	0.1475	0.1732	0.0000	0.5743	0.5766	0.0000	0.0000	0.0000	0.0000	0.5364	0.0064	1.5672	0.0618	0.0112	0.3254	0.5396	0.0015	1.6733	0.0000	82.7164	-0.0000	0.0113	0.9783	0.0100	3.0423	4.8896	0.0000	0.0000	0.0000	0.0000	0.0000	0.0000	0.0000	0.0000	0.0000	0.0252	0.0003	0.0249	0.0018	0.0003	0.0015	0.0234	0.0000	0.0234	0.0003	0.0002	0.0000	0.0001	0.0001	0.0000	0.0002	0.0002	0.0000	0.0718	0.0470	0.0248	0.0284	0.0238	0.0046	0.0434	0.0232	0.0202	0.4207	27.0989	0.0000	9.2953	51.4800	0.0000	0.0000	0.0000	0.0000	0.3505	0.0064	1.0042	0.0618	0.0112	0.3254	0.5396	0.0015	1.1579
31	109	0.1566	6	0	1	0	1	0	0	0	0	N	N	N	N	N	N	N	N	N	N	N	N	0.1553	0.0000	0.6253	0.0000	0.0000	0.0000	0.1337	0.0000	0.5512	0.0027	0.0000	0.0179	0.0000	0.0000	0.0000	0.0029	0.0000	0.0182	0.0173	0.0103	0.0287	0.0071	0.0075	0.0054	0.0215	0.0120	0.0330	inf	1.6857	0.0000	0.0000	0.9783	1.0007	3.0423	1.4004	0.0000	0.0000	0.0000	0.0000	0.0000	0.0000	0.0000	0.0000	0.0000	0.0004	0.0002	0.0003	0.0000	0.0000	0.0000	0.0004	0.0001	0.0003	0.0146	0.0124	0.0022	0.0010	0.0009	0.0000	0.0136	0.0115	0.0022	0.0240	0.0149	0.0091	0.0070	0.0056	0.0014	0.0170	0.0093	0.0076	0.1553	0.0000	0.6253	0.0000	0.0000	0.0000	0.1337	0.0000	0.5512	0.0173	0.0103	0.0287	0.0071	0.0075	0.0054	0.0215	0.0120	0.0330
31	110	0.1433	5	0	0	0	1	0	0	0	0	N	N	N	N	N	N	N	N	N	N	N	N	0.6699	0.5013	0.0000	0.6742	0.6359	0.0000	0.0000	0.0000	0.0000	0.0013	0.0015	0.0000	0.0041	0.0046	0.0000	0.0000	0.0000	0.0000	0.0019	0.0030	0.0001	0.0062	0.0072	0.0005	0.0000	0.0000	0.0000	0.0000	0.0144	-0.0000	-0.0000	0.9783	0.3039	3.0423	2.8719	0.0000	0.0000	0.0000	0.0000	0.0000	0.0000	0.0000	0.0000	0.0000	0.0001	0.0001	0.0000	0.0001	0.0001	0.0000	0.0000	0.0000	0.0000	0.0075	0.0064	0.0011	0.0024	0.0021	0.0002	0.0052	0.0043	0.0009	0.0366	0.0230	0.0136	0.0115	0.0096	0.0018	0.0252	0.0134	0.0118	0.6699	0.5013	0.0000	0.6742	0.6359	0.0000	0.0000	0.0000	0.0000	0.0019	0.0030	0.0001	0.0062	0.0072	0.0005	0.0000	0.0000	0.0000
31	111	0.0908	4	0	0	0	1	0	0	0	0	N	N	N	N	N	N	N	N	N	N	N	N	0.3224	0.0000	5.1623	0.0000	0.0000	0.0000	0.2714	0.0000	4.5939	0.0002	0.0000	0.0012	0.0000	0.0000	0.0000	0.0002	0.0000	0.0012	0.0006	0.0008	0.0002	0.0001	0.0001	0.0000	0.0007	0.0011	0.0003	inf	0.1944	0.0000	-0.0000	0.9783	3.8240	3.0423	8.1760	0.0000	0.0000	0.0000	0.0000	0.0000	0.0000	0.0000	0.0000	0.0000	0.0001	0.0001	0.0000	0.0000	0.0000	0.0000	0.0001	0.0001	0.0000	0.0528	0.0448	0.0079	0.0020	0.0019	0.0000	0.0508	0.0429	0.0079	0.1097	0.0668	0.0430	0.0245	0.0195	0.0050	0.0852	0.0472	0.0379	0.3224	0.0000	5.1623	0.0000	0.0000	0.0000	0.2714	0.0000	4.5939	0.0006	0.0008	0.0002	0.0001	0.0001	0.0000	0.0007	0.0011	0.0003
31	115	0.2834	7	0	0	0	1	0	0	0	0	N	N	N	N	N	N	N	N	N	N	N	N	0.0758	0.1049	0.0000	0.2084	0.1897	0.0000	0.0000	0.0000	0.0000	0.0080	0.0092	0.0000	0.0532	0.0546	0.0000	0.0000	0.0000	0.0000	0.1052	0.0877	0.1906	0.2551	0.2879	0.0793	0.0762	0.0027	0.2094	0.0000	0.6814	-0.0005	-0.0052	0.9783	8.9918	3.0423	13.3277	0.0011	0.0011	0.0000	0.0011	0.0011	0.0000	0.0000	0.0000	0.0000	0.0384	0.0228	0.0155	0.0249	0.0225	0.0023	0.0135	0.0003	0.0132	0.1362	0.1180	0.0182	0.0204	0.0199	0.0005	0.1158	0.0981	0.0177	0.3648	0.2601	0.1047	0.1876	0.1583	0.0293	0.1771	0.1018	0.0753	0.0758	0.1049	0.0000	0.4011	0.3836	0.0000	0.0000	0.0000	0.0000	0.1052	0.0877	0.1485	0.1325	0.1424	0.0793	0.0762	0.0027	0.1755
32	33	0.1713	6	1	2	0	0	0	0	0	0	N	Y	N	N	N	N	N	N	N	N	N	N	0.0000	0.0000	0.0000	0.0000	0.0000	0.0000	0.0000	0.0000	0.0000	0.0000	0.0000	0.0000	0.0000	0.0000	0.0000	0.0000	0.0000	0.0000	0.0000	0.0000	6.9988	0.0000	9.0016	0.0000	0.0000	0.0000	0.0000	0.0000	0.0000	0.0000	0.0000	0.0000	0.0000	0.0000	0.0000	0.0000	0.0000	0.0000	0.0000	0.0000	0.0000	0.0000	0.0000	0.0000	0.0000	0.0000	0.0000	0.0000	0.0000	0.0000	0.0000	0.0000	0.0000	0.0000	0.0000	0.0000	0.0000	0.0000	0.0000	0.0000	0.0000	0.0000	0.0000	0.0000	0.0000	0.0000	0.0000	0.0000	0.0000	0.0000	0.0000	0.0000	0.0000	0.0000	0.0000	0.0000	0.0000	0.0000											
32	34	0.1269	3	0	2	0	1	0	0	0	0	N	Y	N	N	N	N	N	N	N	N	N	N	0.0000	0.0000	0.0000	0.0000	0.0000	0.0000	0.0000	0.0000	0.0000	0.0000	0.0000	0.0000	0.0000	0.0000	0.0000	0.0001	0.0000	0.0000	0.0000	0.0000	0.0000	0.0001	inf	0.0000	0.0000	6.9988	5.0000	9.0016	6.9850	0.0000	0.0000	0.0000	0.0000	0.0000	0.0000	0.0000	0.0000	0.0000	0.0000	0.0000	0.0000	0.0000	0.0000	0.0000	0.0000	0.0000	0.0000	0.4364	0.3721	0.0643	0.0045	0.0042	0.0004	0.4319	0.3680	0.0639	0.3401	0.1932	0.1469	0.0223	0.0167	0.0055	0.3178	0.1765	0.1413	0.0000	0.0000	0.0000	0.0000	0.0000	0.0000	0.0000	0.0000	0.0000	0.0000	0.0000	0.0001	0.0000	0.0000	0.0000	0.0000	0.0000	0.0001						
32	36	0.1936	4	0	1	1	0	0	0	0	0	N	N	N	N	N	N	N	N	N	N	N	N	inf	inf	inf	inf	1.2124	0.0000	10.1083	0.0000	0.0000	0.0000	1.7063	0.0000	10.3803	0.0000	0.0000	0.0000	0.0000	0.0000	0.0000	0.0000	0.0000	0.0000	inf	0.0000	0.0000	6.9988	0.0001	9.0016	0.9943	0.0000	0.0000	0.0000	0.0000	0.0000	0.0000	0.0000	0.0000	0.0000	0.0000	0.0000	0.0000	0.0000	0.0000	0.0000	0.0000	0.0000	0.0000	0.0000	0.0000	0.0000	0.0000	0.0000	0.0000	0.0000	0.0000	0.0000	0.0364	0.0231	0.0134	0.0078	0.0066	0.0012	0.0286	0.0164	0.0122	inf	0.0000	inf	0.0000	0.0000	0.0000	inf	0.0000	inf	0.0000	0.0000	0.0000	0.0000	0.0000	0.0000	0.0000	0.0000	0.0000						
32	37	0.1699	4	0	2	0	0	0	0	0	0	N	Y	N	N	N	N	N	N	N	N	N	N	0.0000	0.0000	0.0000	0.0000	0.0000	0.0000	0.0000	0.0000	0.0000	0.0000	0.0000	0.0000	0.0000	0.0000	0.0000	0.0000	0.0000	0.0000	0.0000	0.0000	6.9988	2.0000	9.0016	2.0000	0.0000	0.0000	0.0000	0.0000	0.0000	0.0000	0.0000	0.0000	0.0000	0.0000	0.0000	0.0000	0.0000	0.0000	0.0000	0.0000	0.0000	0.0000	0.1803	0.1537	0.0266	0.0055	0.0051	0.0004	0.1748	0.1486	0.0262	0.1210	0.0705	0.0506	0.0200	0.0151	0.0049	0.1011	0.0554	0.0457	0.0000	0.0000	0.0000	0.0000	0.0000	0.0000	0.0000	0.0000	0.0000	0.0000	0.0000	0.0000	0.0000	0.0000	0.0000	0.0000	0.0000	0.0000											
32	38	0.1290	3	1	1	1	0	0	0	0	0	N	N	N	N	N	N	N	N	N	N	N	N	1.1015	0.7567	87507.7643	76571.2910	0.0000	0.0000	5.6066	6.5583	0.0000	95.7515	101.2036	0.0000	0.0000	0.0000	0.0000	5.0897	8.6664	0.0000	0.0011	0.0013	0.0000	5.3380	9.2745	0.0000	0.0000	0.0000	-0.4611	-0.5399	6.9988	2.0000	9.0016	5.0000	0.9986	0.9986	0.0000	0.9986	0.9986	0.0000	0.0000	0.0000	0.0000	1.0000	1.0000	0.0000	0.0000	0.0000	0.0000	1.0000	1.0000	0.0000	0.1781	0.1523	0.0258	0.0104	0.0099	0.0006	0.1677	0.1424	0.0253	0.1965	0.1154	0.0811	0.0091	0.0076	0.0016	0.1873	0.1078	0.0795	1.1015	0.7567	0.0000	87507.7643	76571.2910	0.0000	0.0000	0.0000	0.0000	5.0897	8.6664	0.0000	0.0011	0.0013	0.0000	5.3380	9.2745	0.0000			
32	39	0.1443	4	0	2	0	0	0	0	0	0	N	Y	N	N	N	N	N	N	N	N	N	N	0.0000	0.0000	0.0000	0.0000	0.0000	0.0000	0.0000	0.0000	0.0000	0.0000	0.0000	0.0000	0.0000	0.0000	0.0001	0.0000	0.0002	0.0003	0.0000	0.0000	0.0000	0.0000	0.0000	0.0000	-0.0000	6.9988	0.0217	9.0016	6.0735	0.0000	0.0000	0.0000	0.0000	0.0000	0.0000	0.0000	0.0000	0.0000	0.0000	0.0000	0.0000	0.0000	0.0000	0.0000	0.0000	0.0000	0.0000	0.0071	0.0061	0.0010	0.0026	0.0026	0.0000	0.0045	0.0035	0.0010	0.2008	0.1201	0.0807	0.0410	0.0318	0.0092	0.1597	0.0883	0.0714	0.0000	0.0000	0.0000	0.0000	0.0000	0.0000	0.0000	0.0000	0.0000	0.0000	0.0001	0.0000	0.0002	0.0003	0.0000	0.0000	0.0000	0.0000						
32	40	0.1269	3	0	1	0	0	0	0	0	0	N	N	N	N	N	N	N	N	N	N	N	N	0.0000	0.0000	0.0000	0.0000	0.0000	0.0000	0.0000	0.0000	0.0000	0.0000	0.0000	0.0000	0.0000	0.0001	0.0001	0.0000	0.0000	0.0000	0.0000	0.0001	0.0002	0.0000	0.0000	0.0000	-0.0000	6.9988	0.0217	9.0016	4.0395	0.0000	0.0000	0.0000	0.0000	0.0000	0.0000	0.0000	0.0000	0.0000	0.0000	0.0000	0.0000	0.0000	0.0000	0.0000	0.0000	0.0000	0.0000	0.0020	0.0017	0.0003	0.0000	0.0000	0.0000	0.0020	0.0017	0.0003	0.1250	0.0714	0.0536	0.0092	0.0072	0.0020	0.1158	0.0642	0.0516	0.0000	0.0000	0.0000	0.0000	0.0000	0.0000	0.0000	0.0000	0.0000	0.0001	0.0001	0.0000	0.0000	0.0000	0.0000	0.0001	0.0002	0.0000						
32	41	0.1269	3	0	2	0	1	0	0	0	0	N	Y	N	N	N	N	N	N	N	N	N	N	0.0000	0.0000	0.0000	0.0000	0.0000	0.0000	0.0000	0.0000	0.0000	0.0000	0.0000	0.0000	0.0000	0.0000	0.0000	0.0000	0.0000	0.0000	0.0000	0.0000	6.9988	0.0000	9.0016	7.0150	0.0000	0.0000	0.0000	0.0000	0.0000	0.0000	0.0000	0.0000	0.0000	0.0000	0.0000	0.0000	0.0000	0.0000	0.0000	0.0000	0.0000	0.0000	0.0000	0.0000	0.0000	0.0000	0.0000	0.0000	0.0000	0.0000	0.0000	0.2083	0.1185	0.0898	0.0142	0.0109	0.0034	0.1941	0.1076	0.0865	0.0000	0.0000	0.0000	0.0000	0.0000	0.0000	0.0000	0.0000	0.0000	0.0000	0.0000	0.0000	0.0000	0.0000	0.0000	0.0000	0.0000	0.0000											
32	42	0.1290	3	1	1	1	0	0	0	0	0	N	N	N	N	N	N	N	N	N	N	N	N	0.0000	0.0000	0.0000	0.0000	0.0000	0.0000	0.0000	0.0000	0.0000	0.0000	0.0000	0.0000	0.0000	0.0000	0.0000	0.0000	0.0000	0.0000	0.0000	0.0000	6.9988	0.0000	9.0016	0.0000	0.0000	0.0000	0.0000	0.0000	0.0000	0.0000	0.0000	0.0000	0.0000	0.0000	0.0000	0.0000	0.0000	0.0000	0.0000	0.0000	0.0000	0.0000	0.0000	0.0000	0.0000	0.0000	0.0000	0.0000	0.0000	0.0000	0.0000	0.0000	0.0000	0.0000	0.0000	0.0000	0.0000	0.0000	0.0000	0.0000	0.0000	0.0000	0.0000	0.0000	0.0000	0.0000	0.0000	0.0000	0.0000	0.0000	0.0000	0.0000	0.0000	0.0000	0.0000	0.0000	0.0000	0.0000											
32	43	0.1122	2	1	1	1	0	0	0	0	0	N	N	N	N	N	N	N	N	N	N	N	N	0.0000	0.0000	0.0000	0.0000	0.0000	0.0000	0.0000	0.0000	0.0000	0.0000	0.0000	0.0000	0.0000	0.0000	0.0000	0.0000	0.0000	0.0000	0.0000	0.0000	6.9988	1.0000	9.0016	3.0000	0.0000	0.0000	0.0000	0.0000	0.0000	0.0000	0.0000	0.0000	0.0000	0.0000	0.0000	0.0000	0.0000	0.0000	0.0000	0.0000	0.0000	0.0000	0.0900	0.0769	0.0131	0.0049	0.0046	0.0003	0.0851	0.0723	0.0129	0.1142	0.0665	0.0478	0.0034	0.0027	0.0007	0.1109	0.0638	0.0470	0.0000	0.0000	0.0000	0.0000	0.0000	0.0000	0.0000	0.0000	0.0000	0.0000	0.0000	0.0000	0.0000	0.0000	0.0000	0.0000	0.0000	0.0000											
32	44	0.1122	2	1	1	1	0	0	0	0	0	N	N	N	N	N	N	N	N	N	N	N	N	inf	inf	inf	inf	11.0949	12.9891	0.0000	205.0042	216.7662	0.0000	0.0000	0.0000	0.0000	0.0000	0.0000	0.0000	0.0000	0.0000	0.0000	0.0000	0.0000	0.0000	0.0000	-0.4611	0.0000	6.9988	1.0000	9.0016	3.0000	0.9986	0.9986	0.0000	0.9986	0.9986	0.0000	0.0000	0.0000	0.0000	0.0000	0.0000	0.0000	0.0000	0.0000	0.0000	0.0000	0.0000	0.0000	0.0900	0.0769	0.0131	0.0049	0.0046	0.0003	0.0851	0.0723	0.0129	0.1142	0.0665	0.0478	0.0034	0.0027	0.0007	0.1109	0.0638	0.0470	inf	inf	0.0000	inf	inf	0.0000	0.0000	0.0000	0.0000	0.0000	0.0000	0.0000	0.0000	0.0000	0.0000	0.0000	0.0000	0.0000						
32	45	0.1699	4	0	1	1	0	0	0	0	0	N	N	N	N	N	N	N	N	N	N	N	N	0.0000	0.0000	0.0000	0.0000	0.0000	0.0000	0.0000	0.0000	0.0000	0.0000	0.0000	0.0000	0.0000	0.0000	0.0000	0.0000	0.0000	0.0000	0.0000	0.0000	6.9988	0.0000	9.0016	0.0000	0.0000	0.0000	0.0000	0.0000	0.0000	0.0000	0.0000	0.0000	0.0000	0.0000	0.0000	0.0000	0.0000	0.0000	0.0000	0.0000	0.0000	0.0000	0.0000	0.0000	0.0000	0.0000	0.0000	0.0000	0.0000	0.0000	0.0000	0.0000	0.0000	0.0000	0.0000	0.0000	0.0000	0.0000	0.0000	0.0000	0.0000	0.0000	0.0000	0.0000	0.0000	0.0000	0.0000	0.0000	0.0000	0.0000	0.0000	0.0000	0.0000	0.0000	0.0000	0.0000	0.0000	0.0000											
32	46	0.1269	3	0	1	0	0	0	0	0	0	N	N	N	N	N	N	N	N	N	N	N	N	inf	inf	inf	inf	2.8377	0.0000	19.2021	0.0000	0.0000	0.0000	2.8673	0.0000	19.3062	0.0000	0.0000	0.0000	0.0000	0.0000	0.0000	0.0000	0.0000	0.0000	inf	0.5383	0.0000	6.9988	4.0000	9.0016	5.9850	1.0000	0.0000	1.0000	0.0000	0.0000	0.0000	1.0000	0.0000	1.0000	0.0000	0.0000	0.0000	0.0000	0.0000	0.0000	0.0000	0.0000	0.0000	0.3524	0.3003	0.0521	0.0036	0.0033	0.0003	0.3488	0.2970	0.0518	0.2883	0.1638	0.1245	0.0191	0.0144	0.0047	0.2692	0.1494	0.1198	inf	0.0000	inf	0.0000	0.0000	0.0000	inf	0.0000	inf	0.0000	0.0000	0.0000	0.0000	0.0000	0.0000	0.0000	0.0000	0.0000						
32	47	0.1979	5	0	2	0	0	0	0	0	0	N	Y	N	N	N	N	N	N	N	N	N	N	0.0000	0.0000	0.0000	0.0000	0.0000	0.0000	0.0000	0.0000	0.0000	0.0000	0.0000	0.0000	0.0000	0.0000	0.0000	0.0000	0.0000	0.0000	0.0000	0.0000	6.9988	0.0000	9.0016	0.0000	0.0000	0.0000	0.0000	0.0000	0.0000	0.0000	0.0000	0.0000	0.0000	0.0000	0.0000	0.0000	0.0000	0.0000	0.0000	0.0000	0.0000	0.0000	0.0000	0.0000	0.0000	0.0000	0.0000	0.0000	0.0000	0.0000	0.0000	0.0000	0.0000	0.0000	0.0000	0.0000	0.0000	0.0000	0.0000	0.0000	0.0000	0.0000	0.0000	0.0000	0.0000	0.0000	0.0000	0.0000	0.0000	0.0000	0.0000	0.0000	0.0000	0.0000	0.0000	0.0000	0.0000	0.0000											
32	48	0.1448	4	1	2	1	0	0	0	0	0	N	Y	N	N	N	N	N	N	N	N	N	N	inf	inf	inf	inf	2.3201	2.6227	0.0000	5.8527	5.8559	0.0000	0.0000	0.0000	0.0000	0.0000	0.0000	0.0000	0.0000	0.0000	0.0000	0.0000	0.0000	0.0000	0.0000	-0.0000	0.0000	6.9988	0.0000	9.0016	2.0152	0.0000	0.0000	0.0000	0.0000	0.0000	0.0000	0.0000	0.0000	0.0000	0.0000	0.0000	0.0000	0.0000	0.0000	0.0000	0.0000	0.0000	0.0000	0.0000	0.0000	0.0000	0.0000	0.0000	0.0000	0.0000	0.0000	0.0000	0.0633	0.0372	0.0261	0.0070	0.0059	0.0011	0.0564	0.0313	0.0250	inf	inf	0.0000	inf	inf	0.0000	0.0000	0.0000	0.0000	0.0000	0.0000	0.0000	0.0000	0.0000	0.0000	0.0000	0.0000	0.0000						
32	49	0.1405	3	1	1	1	0	0	0	0	0	N	N	N	N	N	N	N	N	N	N	N	N	inf	inf	inf	inf	inf	inf	inf	2.3831	2.5922	0.7137	5.8496	5.8556	0.0000	0.1310	0.0000	0.7163	0.0000	0.0000	0.0000	0.0000	0.0000	0.0000	0.0000	0.0000	0.0000	0.0345	-0.0001	0.0000	6.9988	0.0003	9.0016	1.0311	0.0003	0.0003	0.0000	0.0003	0.0003	0.0000	0.0000	0.0000	0.0000	0.0000	0.0000	0.0000	0.0000	0.0000	0.0000	0.0000	0.0000	0.0000	0.0001	0.0001	0.0000	0.0000	0.0000	0.0000	0.0001	0.0001	0.0000	0.0329	0.0195	0.0133	0.0035	0.0031	0.0005	0.0293	0.0164	0.0129	inf	inf	inf	inf	inf	0.0000	inf	0.0000	inf	0.0000	0.0000	0.0000	0.0000	0.0000	0.0000	0.0000	0.0000	0.0000			
32	50	0.1405	3	1	2	1	0	0	0	0	0	N	Y	N	N	N	N	N	N	N	N	N	N	inf	inf	inf	inf	2.3206	2.6104	0.0000	5.8510	5.8569	0.0000	0.0000	0.0000	0.0000	0.0000	0.0000	0.0000	0.0000	0.0000	0.0000	0.0000	0.0000	0.0000	0.0000	-0.0001	0.0000	6.9988	0.0003	9.0016	1.0126	0.0003	0.0003	0.0000	0.0003	0.0003	0.0000	0.0000	0.0000	0.0000	0.0000	0.0000	0.0000	0.0000	0.0000	0.0000	0.0000	0.0000	0.0000	0.0001	0.0001	0.0000	0.0000	0.0000	0.0000	0.0001	0.0001	0.0000	0.0323	0.0192	0.0131	0.0035	0.0030	0.0005	0.0288	0.0162	0.0126	inf	inf	0.0000	inf	inf	0.0000	0.0000	0.0000	0.0000	0.0000	0.0000	0.0000	0.0000	0.0000	0.0000	0.0000	0.0000	0.0000						
32	51	0.1697	2	1	2	0	0	0	0	0	0	N	Y	N	N	N	N	N	N	N	N	N	N	0.0000	0.0000	0.0000	0.0000	0.0000	0.0000	0.0000	0.0000	0.0000	0.0000	0.0000	0.0000	0.0000	0.0000	0.0000	0.0000	0.0000	0.0000	0.0000	0.0000	6.9988	0.0000	9.0016	1.0000	0.0000	0.0000	0.0000	0.0000	0.0000	0.0000	0.0000	0.0000	0.0000	0.0000	0.0000	0.0000	0.0000	0.0000	0.0000	0.0000	0.0000	0.0000	0.0000	0.0000	0.0000	0.0000	0.0000	0.0000	0.0000	0.0000	0.0000	0.0299	0.0176	0.0123	0.0046	0.0037	0.0009	0.0253	0.0139	0.0114	0.0000	0.0000	0.0000	0.0000	0.0000	0.0000	0.0000	0.0000	0.0000	0.0000	0.0000	0.0000	0.0000	0.0000	0.0000	0.0000	0.0000	0.0000											
32	52	0.1659	5	0	2	0	1	0	0	0	0	N	Y	N	N	N	N	N	N	N	N	N	N	0.0000	0.0000	0.0000	0.0000	0.0000	0.0000	0.0000	0.0000	0.0000	0.0000	0.0000	0.0000	0.0000	0.0008	0.0012	0.0000	0.0038	0.0041	0.0000	0.0000	0.0000	0.0000	0.0000	0.0000	-0.0000	6.9988	0.9995	9.0016	1.0399	0.0000	0.0000	0.0000	0.0000	0.0000	0.0000	0.0000	0.0000	0.0000	0.0001	0.0001	0.0000	0.0001	0.0001	0.0000	0.0000	0.0000	0.0000	0.0908	0.0773	0.0135	0.0024	0.0022	0.0002	0.0884	0.0751	0.0133	0.0856	0.0577	0.0279	0.0185	0.0170	0.0015	0.0671	0.0407	0.0264	0.0000	0.0000	0.0000	0.0000	0.0000	0.0000	0.0000	0.0000	0.0000	0.0008	0.0012	0.0000	0.0038	0.0041	0.0000	0.0000	0.0000	0.0000						
32	53	0.1659	5	0	1	0	1	0	0	0	0	N	N	N	N	N	N	N	N	N	N	N	N	0.0000	0.0000	0.0000	0.0000	0.0000	0.0000	0.0000	0.0000	0.0000	0.0000	0.0000	0.0000	0.0000	0.0000	0.0000	0.0000	0.0000	0.0000	0.0000	0.0000	6.9988	3.0005	9.0016	1.0125	0.0000	0.0000	0.0000	0.0000	0.0000	0.0000	0.0000	0.0000	0.0000	0.0000	0.0000	0.0000	0.0000	0.0000	0.0000	0.0000	0.0000	0.0000	0.2672	0.2278	0.0394	0.0071	0.0066	0.0005	0.2602	0.2212	0.0389	0.1428	0.0906	0.0522	0.0242	0.0214	0.0028	0.1185	0.0692	0.0494	0.0000	0.0000	0.0000	0.0000	0.0000	0.0000	0.0000	0.0000	0.0000	0.0000	0.0000	0.0000	0.0000	0.0000	0.0000	0.0000	0.0000	0.0000											
32	54	0.1577	4	0	1	0	1	0	0	0	0	N	N	N	N	N	N	N	N	N	N	N	N	0.0000	0.0000	0.0000	0.0000	0.0000	0.0000	0.0000	0.0000	0.0000	0.0000	0.0000	0.0000	0.0000	0.0000	0.0000	0.0012	0.0018	0.0004	0.0000	0.0000	0.0000	0.0013	0.0020	0.0004	0.1667	0.0000	-0.0000	6.9988	0.0013	9.0016	1.9704	0.0000	0.0000	0.0000	0.0000	0.0000	0.0000	0.0000	0.0000	0.0000	0.0001	0.0001	0.0000	0.0000	0.0000	0.0000	0.0001	0.0001	0.0000	0.0001	0.0001	0.0000	0.0000	0.0000	0.0000	0.0001	0.0001	0.0000	0.0590	0.0335	0.0255	0.0039	0.0029	0.0010	0.0550	0.0306	0.0244	0.0000	0.0000	0.0000	0.0000	0.0000	0.0000	0.0000	0.0000	0.0000	0.0012	0.0018	0.0004	0.0000	0.0000	0.0000	0.0013	0.0020	0.0004				
32	55	0.1269	3	0	1	0	1	0	0	0	0	N	N	N	N	N	N	N	N	N	N	N	N	inf	inf	inf	inf	3.7484	4.4010	0.0000	0.0000	0.0000	0.0000	3.7872	4.4504	0.0000	0.0000	0.0000	0.0000	0.0000	0.0000	0.0000	0.0000	0.0000	0.0000	0.0000	-0.4617	0.0000	6.9988	3.0000	9.0016	4.0155	1.0000	1.0000	0.0000	0.0000	0.0000	0.0000	1.0000	1.0000	0.0000	0.0000	0.0000	0.0000	0.0000	0.0000	0.0000	0.0000	0.0000	0.0000	0.2668	0.2272	0.0396	0.0027	0.0025	0.0002	0.2641	0.2247	0.0394	0.2083	0.1185	0.0898	0.0142	0.0109	0.0034	0.1941	0.1076	0.0865	inf	inf	0.0000	0.0000	0.0000	0.0000	inf	inf	0.0000	0.0000	0.0000	0.0000	0.0000	0.0000	0.0000	0.0000	0.0000	0.0000						
32	56	0.1311	4	0	2	1	0	0	0	0	0	N	Y	N	N	N	N	N	N	N	N	N	N	6099.5961	0.0460	inf	0.1788	0.1747	inf	inf	5.5858	0.0001	38.4708	0.0010	0.0010	0.0000	5.9176	0.0000	39.2615	0.0009	0.0014	0.0000	0.0056	0.0060	0.0000	0.0000	0.0000	0.0000	100145.7164	0.0000	0.5390	-0.0001	6.9988	2.0013	9.0016	5.6727	1.0015	0.0000	1.0015	0.0000	0.0000	0.0000	1.0015	0.0000	1.0015	0.0003	0.0003	0.0000	0.0003	0.0003	0.0000	0.0000	0.0000	0.0000	0.1793	0.1533	0.0260	0.0101	0.0095	0.0005	0.1692	0.1437	0.0255	0.2730	0.1763	0.0967	0.0449	0.0416	0.0033	0.2281	0.1347	0.0934	6099.5961	0.0460	inf	0.1788	0.1747	0.0000	inf	0.0000	inf	0.0009	0.0014	0.0000	0.0056	0.0060	0.0000	0.0000	0.0000	0.0000		
32	57	0.1274	3	0	2	0	0	0	0	0	0	N	Y	N	N	N	N	N	N	N	N	N	N	345.7439	227.7672	inf	563.3583	558.7041	549.2020	0.0000	inf	7.4397	6.5298	14.0735	33.2286	33.6486	0.0000	2.0521	0.0000	14.3298	0.0215	0.0287	0.0000	0.0590	0.0602	0.0000	0.0037	0.0058	0.0000	0.2956	0.0000	-0.0007	-0.0011	6.9988	0.0033	9.0016	1.3874	0.0031	0.0024	0.0007	0.0024	0.0024	0.0000	0.0007	0.0000	0.0007	0.0021	0.0021	0.0000	0.0019	0.0019	0.0000	0.0002	0.0002	0.0000	0.0004	0.0004	0.0000	0.0001	0.0001	0.0000	0.0003	0.0003	0.0000	0.0985	0.0739	0.0246	0.0317	0.0310	0.0007	0.0668	0.0429	0.0239	345.7439	227.7672	inf	563.3583	558.7041	0.0000	549.2020	0.0000	inf	0.0215	0.0287	0.0000	0.0590	0.0602	0.0000	0.0037	0.0058	0.0000	
32	58	0.1122	2	1	1	1	0	0	0	0	0	N	N	N	N	N	N	N	N	N	N	N	N	0.0000	0.0000	0.0000	0.0000	0.0000	0.0000	0.0000	0.0000	0.0000	0.0000	0.0000	0.0000	0.0000	0.0000	0.0000	0.0000	0.0000	0.0000	0.0000	0.0000	6.9988	0.0000	9.0016	2.0000	0.0000	0.0000	0.0000	0.0000	0.0000	0.0000	0.0000	0.0000	0.0000	0.0000	0.0000	0.0000	0.0000	0.0000	0.0000	0.0000	0.0000	0.0000	0.0000	0.0000	0.0000	0.0000	0.0000	0.0000	0.0000	0.0000	0.0000	0.0580	0.0337	0.0242	0.0017	0.0013	0.0004	0.0563	0.0324	0.0239	0.0000	0.0000	0.0000	0.0000	0.0000	0.0000	0.0000	0.0000	0.0000	0.0000	0.0000	0.0000	0.0000	0.0000	0.0000	0.0000	0.0000	0.0000											
32	59	0.1274	3	0	2	0	0	0	0	0	0	N	Y	N	N	N	N	N	N	N	N	N	N	1.1738	0.0000	inf	3.8622	3.8274	1.0190	0.0000	inf	5.6038	0.0001	38.5634	0.0010	0.0011	0.0000	5.9258	0.0000	39.3584	4.7741	7.3784	0.0000	0.0003	0.0003	0.0000	5.8154	9.7035	0.0000	99977.9890	0.0000	0.5381	-0.5389	6.9988	1.9997	9.0016	3.4660	0.9998	0.0000	0.9998	0.0000	0.0000	0.0000	0.9998	0.0000	0.9998	0.9981	0.9981	0.0000	0.0000	0.0000	0.0000	0.9981	0.9981	0.0000	0.1784	0.1525	0.0259	0.0097	0.0092	0.0005	0.1687	0.1433	0.0254	0.2091	0.1380	0.0711	0.0374	0.0351	0.0023	0.1716	0.1029	0.0688	1.1738	0.0000	inf	3.8622	3.8274	0.0000	1.0190	0.0000	inf	4.7741	7.2349	0.0000	0.0003	0.0003	0.0000	5.8154	9.7035	0.0000	
32	60	0.1122	2	0	2	0	0	0	0	0	0	N	Y	N	N	N	N	N	N	N	N	N	N	461.8667	66.5682	194906.5573	inf	inf	374.2943	0.0000	195962.6299	8.3621	2.0599	45.1407	32.4601	34.3212	0.0000	6.9818	0.0000	46.0657	0.0181	0.0309	0.0002	0.0000	0.0000	0.0000	0.0187	0.0322	0.0002	3.7551	0.0054	0.0001	-0.0010	6.9988	0.0005	9.0016	3.6054	0.0004	0.0001	0.0003	0.0001	0.0001	0.0000	0.0003	0.0000	0.0003	0.0019	0.0019	0.0000	0.0000	0.0000	0.0000	0.0019	0.0019	0.0000	0.0000	0.0000	0.0000	0.0000	0.0000	0.0000	0.0000	0.0000	0.0000	0.1033	0.0601	0.0432	0.0030	0.0024	0.0006	0.1003	0.0577	0.0425	461.8667	66.5682	194906.5573	inf	inf	0.0000	374.2943	0.0000	195962.6299	0.0181	0.0309	0.0002	0.0000	0.0000	0.0000	0.0187	0.0322	0.0002	
32	61	0.1979	5	0	1	1	0	0	0	0	0	N	N	N	N	N	N	N	N	N	N	N	N	0.0000	0.0000	0.0000	0.0000	0.0000	0.0000	0.0000	0.0000	0.0000	0.0000	0.0000	0.0000	0.0000	0.0000	0.0000	0.0000	0.0000	0.0000	0.0000	0.0000	6.9988	0.0000	9.0016	1.0000	0.0000	0.0000	0.0000	0.0000	0.0000	0.0000	0.0000	0.0000	0.0000	0.0000	0.0000	0.0000	0.0000	0.0000	0.0000	0.0000	0.0000	0.0000	0.0000	0.0000	0.0000	0.0000	0.0000	0.0000	0.0000	0.0000	0.0000	0.0286	0.0165	0.0121	0.0040	0.0028	0.0012	0.0246	0.0137	0.0109	0.0000	0.0000	0.0000	0.0000	0.0000	0.0000	0.0000	0.0000	0.0000	0.0000	0.0000	0.0000	0.0000	0.0000	0.0000	0.0000	0.0000	0.0000											
32	62	0.1936	4	0	1	0	0	0	0	0	0	N	N	N	N	N	N	N	N	N	N	N	N	inf	inf	inf	inf	1.2124	0.0000	10.1083	0.0000	0.0000	0.0000	1.7063	0.0000	10.3803	0.0000	0.0000	0.0000	0.0000	0.0000	0.0000	0.0000	0.0000	0.0000	inf	0.0000	0.0000	6.9988	0.0001	9.0016	1.0076	0.0000	0.0000	0.0000	0.0000	0.0000	0.0000	0.0000	0.0000	0.0000	0.0000	0.0000	0.0000	0.0000	0.0000	0.0000	0.0000	0.0000	0.0000	0.0000	0.0000	0.0000	0.0000	0.0000	0.0000	0.0000	0.0000	0.0000	0.0368	0.0233	0.0135	0.0079	0.0067	0.0012	0.0290	0.0166	0.0123	inf	0.0000	inf	0.0000	0.0000	0.0000	inf	0.0000	inf	0.0000	0.0000	0.0000	0.0000	0.0000	0.0000	0.0000	0.0000	0.0000						
32	63	0.1269	3	0	1	0	0	0	0	0	0	N	N	N	N	N	N	N	N	N	N	N	N	inf	inf	inf	inf	1.0171	0.0000	7.0717	0.0000	0.0000	0.0000	1.0282	0.0000	7.1131	0.0000	0.0000	0.0000	0.0000	0.0000	0.0000	0.0000	0.0000	0.0000	inf	0.5382	0.0000	6.9988	11.9999	9.0016	3.0574	1.0000	0.0000	1.0000	0.0000	0.0000	0.0000	1.0000	0.0000	1.0000	0.0000	0.0000	0.0000	0.0000	0.0000	0.0000	0.0000	0.0000	0.0000	0.9832	0.8417	0.1414	0.0106	0.0097	0.0008	0.9726	0.8320	0.1406	0.4165	0.2367	0.1798	0.0270	0.0202	0.0068	0.3896	0.2166	0.1730	inf	0.0000	inf	0.0000	0.0000	0.0000	inf	0.0000	inf	0.0000	0.0000	0.0000	0.0000	0.0000	0.0000	0.0000	0.0000	0.0000						
32	64	0.1122	2	1	2	0	0	0	0	0	0	N	Y	N	N	N	N	N	N	N	N	N	N	inf	inf	inf	inf	0.0003	0.0000	0.0024	0.0000	0.0000	0.0000	0.0004	0.0000	0.0024	0.0000	0.0000	0.0000	0.0000	0.0000	0.0000	0.0000	0.0000	0.0000	inf	0.0001	0.0000	6.9988	4.0000	9.0016	3.0000	0.0001	0.0000	0.0001	0.0000	0.0000	0.0000	0.0001	0.0000	0.0001	0.0000	0.0000	0.0000	0.0000	0.0000	0.0000	0.0000	0.0000	0.0000	0.3501	0.2995	0.0506	0.0189	0.0179	0.0010	0.3312	0.2817	0.0496	0.1956	0.1139	0.0817	0.0058	0.0046	0.0012	0.1898	0.1093	0.0805	inf	0.0000	inf	0.0000	0.0000	0.0000	inf	0.0000	inf	0.0000	0.0000	0.0000	0.0000	0.0000	0.0000	0.0000	0.0000	0.0000						
32	67	0.2253	3	0	1	0	0	0	0	0	0	N	N	N	N	N	N	N	N	N	N	N	N	8.0911	0.3235	8884369.3071	0.2990	0.2743	175541.3221	3111807.0786	8810804.5511	1.9894	0.1754	13.5133	1.7457	1.7892	0.2294	2.0126	0.0000	13.7553	0.2459	0.5423	0.0000	5.8387	6.5234	0.0000	0.0000	0.0000	0.0000	12.1258	0.0000	0.4447	-0.0973	6.9988	4.8614	9.0016	14.2102	0.9625	0.0733	0.8892	0.0736	0.0733	0.0003	0.8889	0.0000	0.8889	0.1802	0.1802	0.0000	0.1802	0.1802	0.0000	0.0000	0.0000	0.0000	0.4838	0.4180	0.0658	0.0422	0.0410	0.0012	0.4417	0.3770	0.0646	0.8775	0.6040	0.2735	0.3215	0.2784	0.0432	0.5560	0.3256	0.2303	9.6865	0.5879	8884369.3071	3.1144	2.7636	175541.3221	3111807.0786	0.0000	8810804.5511	0.2054	0.2984	0.0000	0.5605	0.6474	0.0000	0.0000	0.0000	0.0000	
32	68	0.1461	5	1	2	1	0	0	0	0	0	N	Y	N	N	N	N	N	N	N	N	N	N	0.0000	0.0000	0.0000	0.0000	0.0000	0.0000	0.0000	0.0000	0.0000	0.0000	0.0000	0.0000	0.0000	0.0000	0.0000	0.0000	0.0000	0.0000	0.0000	0.0000	6.9988	0.0000	9.0016	0.0000	0.0000	0.0000	0.0000	0.0000	0.0000	0.0000	0.0000	0.0000	0.0000	0.0000	0.0000	0.0000	0.0000	0.0000	0.0000	0.0000	0.0000	0.0000	0.0000	0.0000	0.0000	0.0000	0.0000	0.0000	0.0000	0.0000	0.0000	0.0000	0.0000	0.0000	0.0000	0.0000	0.0000	0.0000	0.0000	0.0000	0.0000	0.0000	0.0000	0.0000	0.0000	0.0000	0.0000	0.0000	0.0000	0.0000	0.0000	0.0000	0.0000	0.0000	0.0000	0.0000	0.0000	0.0000											
32	69	0.1420	4	1	1	1	0	0	0	0	0	N	N	N	N	N	N	N	N	N	N	N	N	inf	inf	inf	inf	1.6928	0.0000	14.6845	0.0000	0.0000	0.0000	2.7230	0.0000	14.7874	0.0000	0.0000	0.0000	0.0000	0.0000	0.0000	0.0000	0.0000	0.0000	inf	0.0005	0.0000	6.9988	0.0016	9.0016	0.9826	0.0009	0.0000	0.0009	0.0000	0.0000	0.0000	0.0009	0.0000	0.0009	0.0000	0.0000	0.0000	0.0000	0.0000	0.0000	0.0000	0.0000	0.0000	0.0005	0.0005	0.0001	0.0002	0.0002	0.0000	0.0003	0.0003	0.0001	0.0315	0.0190	0.0125	0.0044	0.0038	0.0005	0.0272	0.0152	0.0120	inf	0.0000	inf	0.0000	0.0000	0.0000	inf	0.0000	inf	0.0000	0.0000	0.0000	0.0000	0.0000	0.0000	0.0000	0.0000	0.0000						
32	70	0.1293	3	1	1	1	0	0	0	0	0	N	N	N	N	N	N	N	N	N	N	N	N	2599194.6307	inf	29284.0659	20319786.1128	inf	0.0000	11381.0587	29830.6035	2.2310	2.5075	0.0629	6.8490	6.8736	0.0000	0.0105	0.0000	0.0636	0.0000	0.0000	0.0000	0.0000	0.0000	0.0000	0.0000	0.0000	0.0000	0.0032	inf	-0.0014	0.0000	6.9988	0.0061	9.0016	3.0249	0.0031	0.0031	0.0000	0.0031	0.0031	0.0000	0.0000	0.0000	0.0000	0.0000	0.0000	0.0000	0.0000	0.0000	0.0000	0.0000	0.0000	0.0000	0.0014	0.0012	0.0002	0.0005	0.0005	0.0000	0.0009	0.0008	0.0002	0.0959	0.0578	0.0381	0.0110	0.0097	0.0012	0.0849	0.0480	0.0369	2599194.6307	inf	29284.0659	20319786.1128	inf	0.0000	11381.0587	0.0000	29830.6035	0.0000	0.0000	0.0000	0.0000	0.0000	0.0000	0.0000	0.0000	0.0000	
32	71	0.1122	2	1	1	1	0	0	0	0	0	N	N	N	N	N	N	N	N	N	N	N	N	7702050.2738	47484.1654	inf	18910.5620	15792.7302	inf	inf	inf	5.4783	0.0580	37.1107	0.4569	0.4831	0.0000	5.7659	0.0309	37.8713	0.0000	0.0000	0.0000	0.0000	0.0000	0.0000	0.0000	0.0000	0.0000	109.5751	0.0000	0.0012	-0.0000	6.9988	0.0044	9.0016	4.0281	0.0022	0.0000	0.0022	0.0000	0.0000	0.0000	0.0022	0.0000	0.0022	0.0000	0.0000	0.0000	0.0000	0.0000	0.0000	0.0000	0.0000	0.0000	0.0004	0.0003	0.0001	0.0000	0.0000	0.0000	0.0004	0.0003	0.0001	0.1151	0.0670	0.0481	0.0034	0.0027	0.0007	0.1118	0.0643	0.0474	7702050.2738	47484.1654	inf	18910.5620	15792.7302	0.0000	inf	inf	inf	0.0000	0.0000	0.0000	0.0000	0.0000	0.0000	0.0000	0.0000	0.0000	
32	73	0.1122	2	1	1	1	0	0	0	0	0	N	N	N	N	N	N	N	N	N	N	N	N	inf	inf	inf	inf	5.5997	6.5522	0.0000	103.5713	109.5182	0.0000	0.0000	0.0000	0.0000	0.0000	0.0000	0.0000	0.0000	0.0000	0.0000	0.0000	0.0000	0.0000	0.0000	-0.4611	0.0000	6.9988	2.0000	9.0016	5.0000	0.9986	0.9986	0.0000	0.9986	0.9986	0.0000	0.0000	0.0000	0.0000	0.0000	0.0000	0.0000	0.0000	0.0000	0.0000	0.0000	0.0000	0.0000	0.1783	0.1524	0.0259	0.0096	0.0091	0.0005	0.1687	0.1433	0.0254	0.1956	0.1139	0.0817	0.0058	0.0046	0.0012	0.1898	0.1093	0.0805	inf	inf	0.0000	inf	inf	0.0000	0.0000	0.0000	0.0000	0.0000	0.0000	0.0000	0.0000	0.0000	0.0000	0.0000	0.0000	0.0000						
32	74	0.1122	3	0	2	0	0	0	0	0	0	N	Y	N	N	N	N	N	N	N	N	N	N	0.0391	1.0813	0.0000	423.9902	491.2518	0.0000	0.0000	0.0000	0.0000	0.0871	0.1019	0.0000	4.4061	4.4505	0.0000	0.0000	0.0000	0.0000	2.2287	0.0943	5.2059	0.0104	0.0091	0.0183	1.9629	0.1071	5.2985	0.0000	30.5400	-0.0225	0.4412	6.9988	6.1274	9.0016	13.6208	0.0487	0.0487	0.0000	0.0487	0.0487	0.0000	0.0000	0.0000	0.0000	1.0301	0.0327	0.9975	0.0006	0.0004	0.0001	1.0296	0.0323	0.9973	0.5591	0.4778	0.0813	0.0111	0.0109	0.0001	0.5480	0.4668	0.0812	0.5775	0.3465	0.2310	0.0530	0.0453	0.0077	0.5245	0.3012	0.2234	0.0488	1.0813	0.0000	423.9902	491.2518	0.0000	0.0000	0.0000	0.0000	1.7838	0.0943	4.3177	0.0104	0.0091	0.0183	1.9629	0.1071	4.4652
32	75	0.1368	6	0	1	1	0	0	0	0	0	N	N	N	N	N	N	N	N	N	N	N	N	0.0000	0.0000	0.0000	0.0000	0.0000	0.0000	0.0000	0.0000	0.0000	0.0000	0.0000	0.0000	0.0000	0.0000	0.0000	0.0000	0.0000	0.0000	0.0000	0.0000	6.9988	0.0000	9.0016	1.0003	0.0000	0.0000	0.0000	0.0000	0.0000	0.0000	0.0000	0.0000	0.0000	0.0000	0.0000	0.0000	0.0000	0.0000	0.0000	0.0000	0.0000	0.0000	0.0000	0.0000	0.0000	0.0000	0.0000	0.0000	0.0000	0.0000	0.0000	0.0311	0.0187	0.0124	0.0025	0.0020	0.0005	0.0285	0.0167	0.0118	0.0000	0.0000	0.0000	0.0000	0.0000	0.0000	0.0000	0.0000	0.0000	0.0000	0.0000	0.0000	0.0000	0.0000	0.0000	0.0000	0.0000	0.0000											
32	76	0.1326	5	0	1	1	0	0	0	0	0	N	N	N	N	N	N	N	N	N	N	N	N	0.0000	0.0000	0.0000	0.0000	0.0000	0.0000	0.0000	0.0000	0.0000	0.0000	0.0000	0.0000	0.0000	0.0000	0.0000	0.0000	0.0000	0.0000	0.0000	0.0000	6.9988	0.0000	9.0016	1.0076	0.0000	0.0000	0.0000	0.0000	0.0000	0.0000	0.0000	0.0000	0.0000	0.0000	0.0000	0.0000	0.0000	0.0000	0.0000	0.0000	0.0000	0.0000	0.0000	0.0000	0.0000	0.0000	0.0000	0.0000	0.0000	0.0000	0.0000	0.0310	0.0187	0.0124	0.0022	0.0018	0.0004	0.0288	0.0169	0.0119	0.0000	0.0000	0.0000	0.0000	0.0000	0.0000	0.0000	0.0000	0.0000	0.0000	0.0000	0.0000	0.0000	0.0000	0.0000	0.0000	0.0000	0.0000											
32	77	0.1286	4	0	1	0	0	0	0	0	0	N	N	N	N	N	N	N	N	N	N	N	N	1623.9903	0.0000	inf	2340.8670	0.0000	inf	1.0621	0.0000	10.7258	0.0000	0.0000	0.0000	1.6470	0.0000	10.8335	0.0007	0.0011	0.0000	0.0000	0.0000	0.0000	0.0007	0.0012	0.0000	inf	0.0000	0.0004	-0.0000	6.9988	0.0026	9.0016	0.9924	0.0008	0.0000	0.0008	0.0000	0.0000	0.0000	0.0008	0.0000	0.0008	0.0000	0.0000	0.0000	0.0000	0.0000	0.0000	0.0000	0.0000	0.0000	0.0008	0.0007	0.0001	0.0003	0.0003	0.0000	0.0005	0.0004	0.0001	0.0306	0.0183	0.0122	0.0022	0.0017	0.0004	0.0284	0.0166	0.0118	1623.9903	0.0000	inf	0.0000	0.0000	0.0000	2340.8670	0.0000	inf	0.0007	0.0011	0.0000	0.0000	0.0000	0.0000	0.0007	0.0012	0.0000			
32	78	0.1122	3	0	1	0	0	0	0	0	0	N	N	N	N	N	N	N	N	N	N	N	N	13.8177	0.0003	inf	0.0385	0.0194	inf	16.0966	0.0000	inf	3.3696	0.0002	23.1891	0.0062	0.0035	0.5345	3.5070	0.0000	23.2202	0.2439	0.5837	0.0000	0.1620	0.1823	0.0000	0.2179	0.3734	0.0000	24361.2623	0.0000	0.5109	-0.0191	6.9988	2.8733	9.0016	1.5522	0.9492	0.0000	0.9492	0.0001	0.0000	0.0000	0.9491	0.0000	0.9491	0.0354	0.0354	0.0000	0.0031	0.0031	0.0000	0.0322	0.0322	0.0000	0.2817	0.2408	0.0409	0.0111	0.0110	0.0001	0.2706	0.2298	0.0409	0.1772	0.1136	0.0636	0.0292	0.0273	0.0019	0.1480	0.0864	0.0617	16.8887	0.0005	inf	0.0585	0.0310	inf	16.0966	0.0000	inf	0.1995	0.3112	0.0000	0.1065	0.1141	0.0000	0.2179	0.3734	0.0000
32	79	0.1001	2	0	1	0	0	0	0	0	0	N	N	N	N	N	N	N	N	N	N	N	N	0.4373	0.0980	243.4958	18.3397	19.0736	0.0000	0.3025	0.0001	233.7136	2.0848	0.6896	11.1756	3.0532	3.0543	0.0000	1.8495	0.0014	11.1817	4.7674	7.0330	0.0459	0.1665	0.1601	0.0235	6.1145	10.2957	0.0478	2.4874	0.0031	0.0168	-0.4906	6.9988	0.2102	9.0016	3.4985	0.0669	0.0192	0.0477	0.0191	0.0191	0.0000	0.0477	0.0000	0.0477	0.9138	0.9110	0.0028	0.0046	0.0046	0.0000	0.9092	0.9064	0.0028	0.0321	0.0278	0.0043	0.0063	0.0063	0.0000	0.0258	0.0215	0.0043	0.1917	0.1303	0.0613	0.0430	0.0423	0.0007	0.1487	0.0880	0.0607	0.4373	0.0987	245.1360	28.3645	28.0204	0.0000	0.3025	0.0001	243.9335	4.7674	6.9897	0.0456	0.1076	0.1090	0.0235	6.1145	10.2957	0.0458
32	80	0.1311	4	0	2	0	0	0	0	0	0	N	Y	N	N	N	N	N	N	N	N	N	N	41.2263	28.2068	117.9340	102.0208	0.0051	0.0059	0.0000	0.1557	0.1643	0.0000	0.0000	0.0000	0.0000	0.0001	0.0002	0.0000	0.0013	0.0016	0.0000	0.0000	0.0000	0.0000	0.0000	0.0000	-0.0004	-0.0000	6.9988	2.0196	9.0016	6.0690	0.0009	0.0009	0.0000	0.0009	0.0009	0.0000	0.0000	0.0000	0.0000	0.0000	0.0000	0.0000	0.0000	0.0000	0.0000	0.0000	0.0000	0.0000	0.1839	0.1569	0.0270	0.0060	0.0057	0.0003	0.1779	0.1512	0.0267	0.2445	0.1428	0.1018	0.0227	0.0186	0.0041	0.2218	0.1241	0.0977	41.2263	28.2068	0.0000	117.9340	102.0208	0.0000	0.0000	0.0000	0.0000	0.0001	0.0002	0.0000	0.0013	0.0016	0.0000	0.0000	0.0000	0.0000					
32	81	0.1229	3	0	1	0	0	0	0	0	0	N	N	N	N	N	N	N	N	N	N	N	N	21.1700	20.8838	3.9246	20.0316	19.2582	3.8062	0.0104	0.0120	0.0015	0.0000	0.0000	0.0000	0.0106	0.0122	0.0015	0.0005	0.0006	0.0004	0.0000	0.0000	0.0000	0.0005	0.0006	0.0004	0.0220	0.5000	-0.0004	-0.0000	6.9988	0.9876	9.0016	0.9833	0.0009	0.0009	0.0000	0.0000	0.0000	0.0000	0.0009	0.0009	0.0000	0.0000	0.0000	0.0000	0.0000	0.0000	0.0000	0.0000	0.0000	0.0000	0.0894	0.0761	0.0133	0.0016	0.0015	0.0001	0.0877	0.0745	0.0132	0.0610	0.0349	0.0261	0.0043	0.0034	0.0010	0.0567	0.0315	0.0252	21.1700	20.8838	3.9246	0.0000	0.0000	0.0000	20.0316	19.2582	3.8062	0.0005	0.0006	0.0004	0.0000	0.0000	0.0000	0.0005	0.0006	0.0004			
32	82	0.1405	3	1	1	1	0	0	0	0	0	N	N	N	N	N	N	N	N	N	N	N	N	inf	inf	inf	inf	inf	inf	11.0027	12.9303	0.0000	0.2192	0.2370	0.0000	11.1509	13.1200	0.0000	0.0000	0.0000	0.0000	0.0000	0.0000	0.0000	0.0000	0.0000	0.0000	0.0000	-0.4611	0.0000	6.9988	1.0000	9.0016	2.9874	0.9986	0.9986	0.0000	0.0003	0.0003	0.0000	0.9983	0.9983	0.0000	0.0000	0.0000	0.0000	0.0000	0.0000	0.0000	0.0000	0.0000	0.0000	0.0908	0.0772	0.0135	0.0012	0.0011	0.0001	0.0895	0.0761	0.0134	0.1193	0.0692	0.0501	0.0111	0.0093	0.0018	0.1082	0.0600	0.0483	inf	inf	0.0000	inf	inf	0.0000	inf	inf	0.0000	0.0000	0.0000	0.0000	0.0000	0.0000	0.0000	0.0000	0.0000	0.0000				
32	83	0.1122	2	1	1	1	0	0	0	0	0	N	N	N	N	N	N	N	N	N	N	N	N	2.1736	inf	0.0000	inf	inf	0.0000	0.0000	11.0949	12.9891	0.0000	205.0036	216.7655	0.0000	0.0000	0.0000	0.0000	5.1043	0.0000	23.7152	0.0000	0.0000	0.0000	5.2608	0.0000	23.2302	0.0000	inf	-0.4610	0.4601	6.9988	0.9997	9.0016	6.0128	0.9984	0.9984	0.0000	0.9984	0.9984	0.0000	0.0000	0.0000	0.0000	1.0000	0.0000	1.0000	0.0000	0.0000	0.0000	1.0000	0.0000	1.0000	0.0900	0.0769	0.0131	0.0049	0.0046	0.0003	0.0851	0.0723	0.0129	0.1959	0.1140	0.0819	0.0058	0.0046	0.0012	0.1901	0.1094	0.0806	2.1736	inf	0.0000	inf	inf	0.0000	0.0000	0.0000	0.0000	5.1043	0.0000	12.2151	0.0000	0.0000	0.0000	5.2608	0.0000	12.4009		
32	85	0.1269	3	0	2	0	0	0	0	0	0	N	Y	N	N	N	N	N	N	N	N	N	N	2.5911	inf	0.0000	2.4412	inf	0.0000	11.0342	12.9716	0.0000	0.0000	0.0000	0.0000	11.1471	13.1158	0.0000	4.2585	0.0000	16.2171	0.0000	0.0000	0.0000	4.5663	0.0000	15.8627	0.0000	inf	-0.4617	0.4601	6.9988	1.0000	9.0016	6.9850	1.0000	1.0000	0.0000	0.0000	0.0000	0.0000	1.0000	1.0000	0.0000	1.0000	0.0000	1.0000	0.0000	0.0000	0.0000	1.0000	0.0000	1.0000	0.0906	0.0771	0.0135	0.0009	0.0008	0.0001	0.0897	0.0762	0.0135	0.2348	0.1335	0.1014	0.0158	0.0120	0.0038	0.2190	0.1214	0.0976	2.5911	inf	0.0000	0.0000	0.0000	0.0000	2.4412	inf	0.0000	4.2585	0.0000	9.8667	0.0000	0.0000	0.0000	4.5663	0.0000	10.2503			
32	86	0.1141	2	0	1	0	0	0	0	0	0	N	N	N	N	N	N	N	N	N	N	N	N	0.0001	0.0001	0.0101	0.0080	0.0000	0.0000	0.0000	0.0000	0.0000	0.0000	0.0001	0.0000	0.0000	0.0000	0.0000	0.0084	0.0150	0.0000	0.0050	0.0065	0.0000	0.0087	0.0158	0.0000	0.0000	0.0000	-0.0000	-0.0004	6.9988	1.0086	9.0016	2.0000	0.0000	0.0000	0.0000	0.0000	0.0000	0.0000	0.0000	0.0000	0.0000	0.0008	0.0008	0.0000	0.0000	0.0000	0.0000	0.0008	0.0008	0.0000	0.0925	0.0788	0.0137	0.0013	0.0013	0.0001	0.0911	0.0775	0.0137	0.0926	0.0521	0.0404	0.0062	0.0047	0.0015	0.0864	0.0474	0.0390	0.0001	0.0001	0.0000	0.0101	0.0080	0.0000	0.0000	0.0000	0.0000	0.0084	0.0150	0.0000	0.0050	0.0065	0.0000	0.0087	0.0158	0.0000			
32	87	0.1122	2	0	2	0	0	0	0	0	0	N	Y	N	N	N	N	N	N	N	N	N	N	0.8517	0.5763	inf	inf	inf	0.0001	0.0000	inf	2.8526	3.3339	0.0024	52.8615	55.9020	0.0000	0.0004	0.0000	0.0024	3.3494	5.7854	0.0000	0.0000	0.0000	0.0000	3.4536	5.9970	0.0000	0.0001	0.0000	-0.4611	-0.5399	6.9988	4.0000	9.0016	7.0000	0.9988	0.9986	0.0001	0.9986	0.9986	0.0000	0.0001	0.0000	0.0001	1.0000	1.0000	0.0000	0.0000	0.0000	0.0000	1.0000	1.0000	0.0000	0.3501	0.2995	0.0506	0.0189	0.0179	0.0010	0.3312	0.2817	0.0496	0.2986	0.1739	0.1247	0.0090	0.0071	0.0019	0.2896	0.1667	0.1228	0.8517	0.5796	inf	inf	inf	0.0000	0.0001	0.0000	inf	3.3494	5.7519	0.0000	0.0000	0.0000	0.0000	3.4536	5.9970	0.0000	
32	89	0.1314	4	0	2	0	0	0	0	0	0	N	Y	N	N	N	N	N	N	N	N	N	N	12754.3753	8393.0951	3641.7801	2763.1785	0.4734	0.5416	0.0000	1.3088	1.3099	0.0000	0.0000	0.0000	0.0000	0.0000	0.0001	0.0000	0.0004	0.0005	0.0000	0.0000	0.0000	0.0000	0.0000	0.0000	-0.0011	-0.0000	6.9988	0.0157	9.0016	9.0253	0.0024	0.0024	0.0000	0.0024	0.0024	0.0000	0.0000	0.0000	0.0000	0.0000	0.0000	0.0000	0.0000	0.0000	0.0000	0.0000	0.0000	0.0000	0.0050	0.0044	0.0006	0.0018	0.0018	0.0000	0.0032	0.0026	0.0006	0.2694	0.1550	0.1144	0.0278	0.0211	0.0067	0.2416	0.1339	0.1077	12754.3753	8393.0951	0.0000	3641.7801	2763.1785	0.0000	0.0000	0.0000	0.0000	0.0000	0.0001	0.0000	0.0004	0.0005	0.0000	0.0000	0.0000	0.0000					
32	90	0.1229	3	0	2	0	0	0	0	0	0	N	Y	N	N	N	N	N	N	N	N	N	N	8802.5109	1321.2345	inf	8672.2173	1277.8073	inf	1.4101	0.3701	7.5697	0.0000	0.0000	0.0000	1.4948	0.3959	7.6196	0.0002	0.0003	0.0000	0.0000	0.0000	0.0000	0.0002	0.0003	0.0000	3.4528	0.0000	0.0007	-0.0000	6.9988	0.0169	9.0016	2.0013	0.0024	0.0005	0.0018	0.0000	0.0000	0.0000	0.0024	0.0005	0.0018	0.0000	0.0000	0.0000	0.0000	0.0000	0.0000	0.0000	0.0000	0.0000	0.0017	0.0014	0.0002	0.0001	0.0001	0.0000	0.0016	0.0013	0.0002	0.0624	0.0357	0.0267	0.0044	0.0034	0.0010	0.0580	0.0323	0.0257	8802.5109	1321.2345	inf	0.0000	0.0000	0.0000	8672.2173	1277.8073	inf	0.0002	0.0003	0.0000	0.0000	0.0000	0.0000	0.0002	0.0003	0.0000			
32	91	0.1141	2	0	1	0	0	0	0	0	0	N	N	N	N	N	N	N	N	N	N	N	N	0.0000	0.0000	0.0048	0.0039	0.0000	0.0000	0.0000	0.0000	0.0000	0.0000	0.0000	0.0000	0.0000	0.0000	0.0000	0.0122	0.0217	0.0000	0.0068	0.0087	0.0000	0.0127	0.0231	0.0000	0.0000	0.0000	-0.0000	-0.0004	6.9988	1.9923	9.0016	0.0454	0.0000	0.0000	0.0000	0.0000	0.0000	0.0000	0.0000	0.0000	0.0000	0.0008	0.0008	0.0000	0.0000	0.0000	0.0000	0.0008	0.0008	0.0000	0.1799	0.1532	0.0267	0.0021	0.0020	0.0001	0.1778	0.1512	0.0266	0.0638	0.0360	0.0278	0.0045	0.0035	0.0010	0.0593	0.0325	0.0268	0.0000	0.0000	0.0000	0.0048	0.0039	0.0000	0.0000	0.0000	0.0000	0.0122	0.0217	0.0000	0.0068	0.0087	0.0000	0.0127	0.0231	0.0000			
32	93	0.1671	6	1	2	0	1	0	0	0	0	N	Y	N	N	N	N	N	N	N	N	N	N	0.0000	0.0000	0.0000	0.0000	0.0000	0.0000	0.0000	0.0000	0.0000	0.0000	0.0000	0.0000	0.0000	0.0000	0.0000	0.0000	0.0000	0.0000	0.0000	0.0000	6.9988	0.0000	9.0016	0.0000	0.0000	0.0000	0.0000	0.0000	0.0000	0.0000	0.0000	0.0000	0.0000	0.0000	0.0000	0.0000	0.0000	0.0000	0.0000	0.0000	0.0000	0.0000	0.0000	0.0000	0.0000	0.0000	0.0000	0.0000	0.0000	0.0000	0.0000	0.0000	0.0000	0.0000	0.0000	0.0000	0.0000	0.0000	0.0000	0.0000	0.0000	0.0000	0.0000	0.0000	0.0000	0.0000	0.0000	0.0000	0.0000	0.0000	0.0000	0.0000	0.0000	0.0000	0.0000	0.0000	0.0000	0.0000											
32	94	0.1671	5	1	2	0	1	0	0	0	0	N	Y	N	N	N	N	N	N	N	N	N	N	0.0000	0.0000	0.0000	0.0000	0.0000	0.0000	0.0000	0.0000	0.0000	0.0000	0.0000	0.0000	0.0000	0.0000	0.0000	0.0000	0.0000	0.0000	0.0000	0.0000	6.9988	0.0000	9.0016	0.0001	0.0000	0.0000	0.0000	0.0000	0.0000	0.0000	0.0000	0.0000	0.0000	0.0000	0.0000	0.0000	0.0000	0.0000	0.0000	0.0000	0.0000	0.0000	0.0000	0.0000	0.0000	0.0000	0.0000	0.0000	0.0000	0.0000	0.0000	0.0000	0.0000	0.0000	0.0000	0.0000	0.0000	0.0000	0.0000	0.0000	0.0000	0.0000	0.0000	0.0000	0.0000	0.0000	0.0000	0.0000	0.0000	0.0000	0.0000	0.0000	0.0000	0.0000	0.0000	0.0000	0.0000	0.0000											
32	95	0.1492	4	0	2	0	1	0	0	0	0	N	Y	N	N	N	N	N	N	N	N	N	N	0.5965	0.9426	0.0000	0.0000	0.6709	0.9849	10.3251	0.0000	71.1534	0.0000	0.0000	0.0000	10.9935	0.0000	72.1568	17.3095	0.0000	75.4888	0.0131	0.0000	0.1633	16.3864	0.0000	73.2630	inf	inf	0.5283	0.4511	6.9988	0.9845	9.0016	0.9903	0.9815	0.0000	0.9815	0.0000	0.0000	0.0000	0.9815	0.0000	0.9815	0.9805	0.0000	0.9805	0.0001	0.0000	0.0001	0.9804	0.0000	0.9804	0.0951	0.0813	0.0138	0.0058	0.0056	0.0002	0.0893	0.0757	0.0136	0.0644	0.0377	0.0267	0.0046	0.0042	0.0004	0.0598	0.0335	0.0263	0.6782	0.0000	1.9346	0.0000	0.0000	0.0000	0.6709	0.0000	1.9350	15.2251	0.0000	36.7786	0.0131	0.0000	0.1633	16.3864	0.0000	37.2904			
32	96	0.1464	4	0	2	0	0	0	0	0	0	N	Y	N	N	N	N	N	N	N	N	N	N	0.0345	0.0256	0.1696	0.1384	0.0014	0.0016	0.0000	0.0612	0.0647	0.0000	0.0000	0.0000	0.0000	0.0399	0.0630	0.0000	0.3606	0.4673	0.0000	0.0000	0.0000	0.0000	0.0000	0.0000	-0.0001	-0.0048	6.9988	1.0063	9.0016	3.7812	0.0001	0.0001	0.0000	0.0001	0.0001	0.0000	0.0000	0.0000	0.0000	0.0089	0.0089	0.0000	0.0089	0.0089	0.0000	0.0000	0.0000	0.0000	0.0945	0.0805	0.0140	0.0021	0.0020	0.0001	0.0924	0.0785	0.0139	0.2235	0.1413	0.0822	0.0570	0.0501	0.0069	0.1665	0.0913	0.0753	0.0345	0.0256	0.0000	0.3912	0.3635	0.0000	0.0000	0.0000	0.0000	0.0399	0.0630	0.0000	0.1563	0.1779	0.0000	0.0000	0.0000	0.0000					
32	97	0.1492	4	0	1	1	1	0	0	0	0	N	N	N	N	N	N	N	N	N	N	N	N	0.3663	0.1580	0.0244	0.0245	0.1746	0.2042	0.0000	2.9134	3.0151	0.0000	0.0000	0.0000	0.0000	0.4766	1.2928	0.0000	119.1945	122.9821	0.0000	0.0000	0.0000	0.0000	0.0000	0.0000	-0.0079	-0.0106	6.9988	1.0165	9.0016	1.0129	0.0171	0.0171	0.0000	0.0171	0.0171	0.0000	0.0000	0.0000	0.0000	0.0196	0.0196	0.0000	0.0196	0.0196	0.0000	0.0000	0.0000	0.0000	0.0979	0.0837	0.0142	0.0059	0.0057	0.0002	0.0921	0.0780	0.0140	0.0660	0.0387	0.0274	0.0046	0.0042	0.0004	0.0614	0.0344	0.0270	0.5880	0.4028	0.0000	0.6875	0.6535	0.0000	0.0000	0.0000	0.0000	0.2969	0.5070	0.0000	4.2375	4.6141	0.0000	0.0000	0.0000	0.0000					
32	98	0.1363	3	0	1	0	1	0	0	0	0	N	N	N	N	N	N	N	N	N	N	N	N	0.4930	36.6706	0.9154	inf	inf	0.4113	0.0000	0.8965	0.1244	0.0404	0.6118	1.3085	1.3794	0.0000	0.0924	0.0000	0.6175	0.2524	0.0011	0.6684	0.0000	0.0000	0.0000	0.2246	0.0012	0.6888	2.6098	325.6667	0.0061	0.0090	6.9988	2.0241	9.0016	1.0265	0.0235	0.0065	0.0170	0.0065	0.0065	0.0000	0.0170	0.0000	0.0170	0.0196	0.0001	0.0195	0.0000	0.0000	0.0000	0.0196	0.0001	0.0195	0.1888	0.1610	0.0278	0.0050	0.0047	0.0003	0.1838	0.1563	0.0275	0.0947	0.0544	0.0402	0.0074	0.0060	0.0014	0.0873	0.0485	0.0388	0.6009	36.6706	1.2591	inf	inf	0.0000	0.4113	0.0000	1.2252	0.2071	0.0011	0.4859	0.0000	0.0000	0.0000	0.2246	0.0012	0.5040	
32	99	0.1363	3	0	1	1	1	0	0	0	0	N	N	N	N	N	N	N	N	N	N	N	N	inf	inf	inf	inf	3.6374	4.2628	0.0000	147.9287	156.5983	0.0000	0.0000	0.0000	0.0000	0.0000	0.0000	0.0000	0.0000	0.0000	0.0000	0.0000	0.0000	0.0000	0.0000	-0.4648	0.0000	6.9988	3.0066	9.0016	0.0000	1.0066	1.0066	0.0000	1.0066	1.0066	0.0000	0.0000	0.0000	0.0000	0.0000	0.0000	0.0000	0.0000	0.0000	0.0000	0.0000	0.0000	0.0000	0.2767	0.2361	0.0406	0.0068	0.0064	0.0004	0.2699	0.2297	0.0402	0.0933	0.0537	0.0396	0.0073	0.0059	0.0014	0.0860	0.0478	0.0382	inf	inf	0.0000	inf	inf	0.0000	0.0000	0.0000	0.0000	0.0000	0.0000	0.0000	0.0000	0.0000	0.0000	0.0000	0.0000	0.0000						
32	100	0.1620	3	0	1	1	1	0	0	0	0	N	N	N	N	N	N	N	N	N	N	N	N	0.0000	0.0000	0.0000	0.0000	0.0000	0.0000	0.0000	0.0000	0.0000	0.0000	0.0000	0.0000	0.0000	0.0000	0.0000	0.0000	0.0000	0.0000	0.0000	0.0000	6.9988	0.0000	9.0016	2.0000	0.0000	0.0000	0.0000	0.0000	0.0000	0.0000	0.0000	0.0000	0.0000	0.0000	0.0000	0.0000	0.0000	0.0000	0.0000	0.0000	0.0000	0.0000	0.0000	0.0000	0.0000	0.0000	0.0000	0.0000	0.0000	0.0000	0.0000	0.0604	0.0342	0.0261	0.0049	0.0039	0.0010	0.0555	0.0303	0.0251	0.0000	0.0000	0.0000	0.0000	0.0000	0.0000	0.0000	0.0000	0.0000	0.0000	0.0000	0.0000	0.0000	0.0000	0.0000	0.0000	0.0000	0.0000											
32	101	0.1229	2	0	1	1	1	0	0	0	0	N	N	N	N	N	N	N	N	N	N	N	N	0.0332	0.0056	68194.6914	0.0022	0.0023	0.0000	45120.7710	137084.2804	0.0043	0.0021	0.0175	0.0400	0.0438	0.0000	0.0027	0.0000	0.0180	0.1306	0.3702	0.0000	17.8076	19.3659	0.0000	0.0000	0.0000	0.0000	1.4350	0.0000	0.0003	-0.0202	6.9988	5.8899	9.0016	3.1847	0.0024	0.0010	0.0014	0.0010	0.0010	0.0000	0.0014	0.0000	0.0014	0.0375	0.0375	0.0000	0.0375	0.0375	0.0000	0.0000	0.0000	0.0000	0.5443	0.4651	0.0792	0.0242	0.0221	0.0021	0.5201	0.4430	0.0771	0.2870	0.1660	0.1209	0.0270	0.0232	0.0038	0.2600	0.1429	0.1171	0.0332	0.0092	68194.6914	0.0288	0.0271	0.0000	45120.7710	0.0000	137084.2804	0.1306	0.2258	0.0000	1.3909	1.6167	0.0000	0.0000	0.0000	0.0000	
32	102	0.1697	2	1	2	0	0	0	0	0	0	N	Y	N	N	N	N	N	N	N	N	N	N	0.0000	0.0000	0.0000	0.0000	0.0000	0.0000	0.0000	0.0000	0.0000	0.0000	0.0000	0.0000	0.0000	0.0000	0.0000	0.0000	0.0000	0.0000	0.0000	0.0000	6.9988	0.0000	9.0016	0.0000	0.0000	0.0000	0.0000	0.0000	0.0000	0.0000	0.0000	0.0000	0.0000	0.0000	0.0000	0.0000	0.0000	0.0000	0.0000	0.0000	0.0000	0.0000	0.0000	0.0000	0.0000	0.0000	0.0000	0.0000	0.0000	0.0000	0.0000	0.0000	0.0000	0.0000	0.0000	0.0000	0.0000	0.0000	0.0000	0.0000	0.0000	0.0000	0.0000	0.0000	0.0000	0.0000	0.0000	0.0000	0.0000	0.0000	0.0000	0.0000	0.0000	0.0000	0.0000	0.0000	0.0000	0.0000											
32	104	0.1334	2	0	2	0	0	0	0	0	0	N	Y	N	N	N	N	N	N	N	N	N	N	19.4543	8.1180	0.0018	0.0015	inf	inf	5.5432	6.5058	0.0000	0.0301	0.0325	0.0000	5.6367	6.6253	0.0000	0.2849	0.8014	0.0000	16.9753	21.4493	0.0000	0.0000	0.0000	0.0000	0.0000	0.0000	-0.4597	-0.0118	6.9988	2.0010	9.0016	1.0153	0.9956	0.9956	0.0000	0.0001	0.0001	0.0000	0.9955	0.9955	0.0000	0.0219	0.0219	0.0000	0.0219	0.0219	0.0000	0.0000	0.0000	0.0000	0.1796	0.1530	0.0266	0.0030	0.0028	0.0002	0.1766	0.1503	0.0264	0.0961	0.0558	0.0403	0.0171	0.0131	0.0040	0.0790	0.0427	0.0363	24.3730	16.6160	0.0000	0.0235	0.0195	0.0000	inf	inf	0.0000	0.2274	0.3915	0.0000	1.2786	1.6665	0.0000	0.0000	0.0000	0.0000			
32	106	0.1713	6	1	2	0	0	0	0	0	0	N	Y	N	N	N	N	N	N	N	N	N	N	0.0000	0.0000	0.0000	0.0000	0.0000	0.0000	0.0000	0.0000	0.0000	0.0000	0.0000	0.0000	0.0000	0.0000	0.0000	0.0000	0.0000	0.0000	0.0000	0.0000	6.9988	1.0000	9.0016	1.0000	0.0000	0.0000	0.0000	0.0000	0.0000	0.0000	0.0000	0.0000	0.0000	0.0000	0.0000	0.0000	0.0000	0.0000	0.0000	0.0000	0.0000	0.0000	0.0931	0.0793	0.0138	0.0017	0.0016	0.0001	0.0914	0.0777	0.0137	0.0643	0.0391	0.0252	0.0167	0.0134	0.0033	0.0476	0.0257	0.0219	0.0000	0.0000	0.0000	0.0000	0.0000	0.0000	0.0000	0.0000	0.0000	0.0000	0.0000	0.0000	0.0000	0.0000	0.0000	0.0000	0.0000	0.0000											
32	107	0.1671	5	1	2	0	0	0	0	0	0	N	Y	N	N	N	N	N	N	N	N	N	N	0.0000	0.0000	0.0000	0.0000	0.0000	0.0000	0.0000	0.0000	0.0000	0.0000	0.0000	0.0000	0.0000	0.0000	0.0000	0.0000	0.0000	0.0000	0.0000	0.0000	6.9988	0.0000	9.0016	0.9999	0.0000	0.0000	0.0000	0.0000	0.0000	0.0000	0.0000	0.0000	0.0000	0.0000	0.0000	0.0000	0.0000	0.0000	0.0000	0.0000	0.0000	0.0000	0.0000	0.0000	0.0000	0.0000	0.0000	0.0000	0.0000	0.0000	0.0000	0.0322	0.0192	0.0131	0.0065	0.0052	0.0013	0.0258	0.0140	0.0117	0.0000	0.0000	0.0000	0.0000	0.0000	0.0000	0.0000	0.0000	0.0000	0.0000	0.0000	0.0000	0.0000	0.0000	0.0000	0.0000	0.0000	0.0000											
32	108	0.1464	4	1	2	0	0	0	0	0	0	N	Y	N	N	N	N	N	N	N	N	N	N	0.0168	inf	0.0000	173.7592	inf	0.0000	0.0000	0.0000	0.0736	0.0858	0.0000	0.3036	0.3045	0.0000	0.0000	0.0000	0.0000	4.3726	0.0000	23.0598	0.0017	0.0000	0.0143	5.8487	0.0000	24.1293	0.0000	inf	-0.0001	0.4560	6.9988	0.0100	9.0016	4.8896	0.0001	0.0001	0.0000	0.0001	0.0001	0.0000	0.0000	0.0000	0.0000	0.9912	0.0000	0.9912	0.0001	0.0000	0.0001	0.9911	0.0000	0.9911	0.0018	0.0015	0.0003	0.0004	0.0004	0.0000	0.0013	0.0011	0.0002	0.2267	0.1431	0.0835	0.0572	0.0502	0.0070	0.1695	0.0929	0.0766	0.0168	inf	0.0000	173.7592	inf	0.0000	0.0000	0.0000	0.0000	4.3726	0.0000	11.8641	0.0017	0.0000	0.0143	5.8487	0.0000	12.9444	
32	109	0.1363	3	0	2	0	0	0	0	0	0	N	Y	N	N	N	N	N	N	N	N	N	N	0.5948	35.0460	0.0251	inf	inf	0.0108	0.0000	0.0231	0.0708	0.0814	0.0092	2.1796	2.2752	0.0000	0.0014	0.0000	0.0093	0.1190	0.0023	0.3669	0.0000	0.0000	0.0000	0.1291	0.0026	0.4013	0.0195	88.0999	-0.0030	0.0040	6.9988	1.0007	9.0016	1.4004	0.0067	0.0066	0.0001	0.0066	0.0066	0.0000	0.0001	0.0000	0.0001	0.0089	0.0001	0.0088	0.0000	0.0000	0.0000	0.0089	0.0001	0.0088	0.0954	0.0813	0.0140	0.0030	0.0029	0.0001	0.0923	0.0784	0.0139	0.0749	0.0431	0.0318	0.0059	0.0047	0.0011	0.0690	0.0383	0.0307	0.5948	35.0460	0.0332	inf	inf	0.0000	0.0108	0.0000	0.0323	0.1190	0.0023	0.2768	0.0000	0.0000	0.0000	0.1291	0.0026	0.2871	
32	110	0.1229	2	0	1	0	0	0	0	0	0	N	N	N	N	N	N	N	N	N	N	N	N	0.0203	0.0016	1670927.0331	1.8425	1.8728	0.0000	0.0239	0.0000	4152808.0670	0.1767	0.0222	1.0753	0.0626	0.0698	0.0000	0.2263	0.0000	1.3633	8.7223	13.8956	0.0000	0.0340	0.0373	0.0000	9.4874	17.6458	0.0000	8.3185	0.0000	0.0039	-0.5201	6.9988	0.3039	9.0016	2.8719	0.0090	0.0010	0.0080	0.0010	0.0010	0.0000	0.0080	0.0000	0.0080	0.9632	0.9632	0.0000	0.0006	0.0005	0.0000	0.9626	0.9626	0.0000	0.0507	0.0433	0.0074	0.0154	0.0138	0.0016	0.0354	0.0295	0.0059	0.1176	0.0693	0.0483	0.0162	0.0148	0.0014	0.1015	0.0546	0.0469	0.0216	0.0016	1670927.0331	1.8425	1.8728	0.0000	0.0239	0.0000	4152808.0670	8.1872	13.8956	0.0000	0.0340	0.0373	0.0000	9.4874	17.6458	0.0000
32	115	0.2631	4	0	1	0	0	0	0	0	0	N	N	N	N	N	N	N	N	N	N	N	N	2.1001	0.7027	5.9764	14.8090	25.1830	4.2370	2.1213	0.5810	5.1032	2.5048	0.5331	15.4863	1.0420	1.0400	1.1156	2.7069	0.4533	15.8615	1.1927	0.7586	2.5912	0.0704	0.0413	0.2633	1.2760	0.7802	3.1081	4.4121	1.7029	0.7918	0.0758	6.9988	8.9918	9.0016	13.3277	2.2400	0.4139	1.8261	0.1131	0.1098	0.0033	2.1268	0.3041	1.8227	0.8415	0.3113	0.5302	0.0356	0.0182	0.0174	0.8059	0.2932	0.5127	0.8943	0.7764	0.1179	0.1086	0.1056	0.0030	0.7857	0.6708	0.1149	1.1374	0.8154	0.3220	0.5058	0.4396	0.0662	0.6316	0.3758	0.2558	3.3856	1.3962	9.4071	14.8090	25.1830	4.2370	2.1213	0.5810	7.9137	0.7398	0.3818	1.6462	0.0704	0.0413	0.2633	1.2760	0.7802	2.0043
33	34	0.1573	8	1	2	0	1	0	0	0	0	N	Y	N	N	N	N	N	N	N	N	N	N	0.0000	0.0000	0.0000	0.0000	0.0000	0.0000	0.0000	0.0000	0.0000	0.0000	0.0000	0.0000	0.0000	0.0000	0.0000	0.0000	0.0000	0.0000	0.0000	0.0000	0.0000	5.0000	0.0000	6.9850	0.0000	0.0000	0.0000	0.0000	0.0000	0.0000	0.0000	0.0000	0.0000	0.0000	0.0000	0.0000	0.0000	0.0000	0.0000	0.0000	0.0000	0.0000	0.0000	0.0000	0.0000	0.0000	0.0000	0.0000	0.0000	0.0000	0.0000	0.0000	0.0000	0.0000	0.0000	0.0000	0.0000	0.0000	0.0000	0.0000	0.0000	0.0000	0.0000	0.0000	0.0000	0.0000	0.0000	0.0000	0.0000	0.0000	0.0000	0.0000	0.0000	0.0000	0.0000	0.0000	0.0000	0.0000											
33	35	0.1009	6	2	2	0	0	0	0	0	0	Y	Y	N	N	N	N	N	N	N	N	N	N	0.0000	0.0000	0.0000	0.0000	0.0000	0.0000	0.0000	0.0000	0.0000	0.0000	0.0000	0.0000	0.0000	0.0000	0.0000	0.0000	0.0000	0.0000	0.0000	0.0000	0.0000	1.9985	0.0000	17.9985	0.0000	0.0000	0.0000	0.0000	0.0000	0.0000	0.0000	0.0000	0.0000	0.0000	0.0000	0.0000	0.0000	0.0000	0.0000	0.0000	0.0000	0.0000	0.0000	0.0000	0.0000	0.0000	0.0000	0.0000	0.0000	0.0000	0.0000	0.0000	0.0000	0.0000	0.0000	0.0000	0.0000	0.0000	0.0000	0.0000	0.0000	0.0000	0.0000	0.0000	0.0000	0.0000	0.0000	0.0000	0.0000	0.0000	0.0000	0.0000	0.0000	0.0000	0.0000	0.0000	0.0000	0.0000											
33	36	0.2241	9	1	1	1	0	0	0	0	0	N	N	N	N	N	N	N	N	N	N	N	N	0.0000	0.0000	0.0000	0.0000	0.0000	0.0000	0.0000	0.0000	0.0000	0.0000	0.0000	0.0000	0.0000	0.0000	0.0000	0.0000	0.0000	0.0000	0.0000	0.0000	0.0000	0.0001	0.0000	0.9943	0.0000	0.0000	0.0000	0.0000	0.0000	0.0000	0.0000	0.0000	0.0000	0.0000	0.0000	0.0000	0.0000	0.0000	0.0000	0.0000	0.0000	0.0000	0.0000	0.0000	0.0000	0.0000	0.0000	0.0000	0.0000	0.0000	0.0000	0.0000	0.0000	0.0000	0.0000	0.0000	0.0000	0.0000	0.0000	0.0000	0.0000	0.0000	0.0000	0.0000	0.0000	0.0000	0.0000	0.0000	0.0000	0.0000	0.0000	0.0000	0.0000	0.0000	0.0000	0.0000	0.0000	0.0000											
33	37	0.2003	9	1	2	0	0	0	0	0	0	N	Y	N	N	N	N	N	N	N	N	N	N	0.0000	0.0000	0.0000	0.0000	0.0000	0.0000	0.0000	0.0000	0.0000	0.0000	0.0000	0.0000	0.0000	0.0000	0.0000	0.0000	0.0000	0.0000	0.0000	0.0000	0.0000	2.0000	0.0000	2.0000	0.0000	0.0000	0.0000	0.0000	0.0000	0.0000	0.0000	0.0000	0.0000	0.0000	0.0000	0.0000	0.0000	0.0000	0.0000	0.0000	0.0000	0.0000	0.0000	0.0000	0.0000	0.0000	0.0000	0.0000	0.0000	0.0000	0.0000	0.0000	0.0000	0.0000	0.0000	0.0000	0.0000	0.0000	0.0000	0.0000	0.0000	0.0000	0.0000	0.0000	0.0000	0.0000	0.0000	0.0000	0.0000	0.0000	0.0000	0.0000	0.0000	0.0000	0.0000	0.0000	0.0000	0.0000											
33	38	0.1595	8	2	1	1	0	0	0	0	0	Y	N	N	N	N	N	N	N	N	N	N	N	0.0000	0.0000	0.0000	0.0000	0.0000	0.0000	0.0000	0.0000	0.0000	0.0000	0.0000	0.0000	0.0000	0.0000	0.0000	0.0000	0.0000	0.0000	0.0000	0.0000	0.0000	2.0000	0.0000	5.0000	0.0000	0.0000	0.0000	0.0000	0.0000	0.0000	0.0000	0.0000	0.0000	0.0000	0.0000	0.0000	0.0000	0.0000	0.0000	0.0000	0.0000	0.0000	0.0000	0.0000	0.0000	0.0000	0.0000	0.0000	0.0000	0.0000	0.0000	0.0000	0.0000	0.0000	0.0000	0.0000	0.0000	0.0000	0.0000	0.0000	0.0000	0.0000	0.0000	0.0000	0.0000	0.0000	0.0000	0.0000	0.0000	0.0000	0.0000	0.0000	0.0000	0.0000	0.0000	0.0000	0.0000	0.0000											
33	39	0.1747	9	1	2	0	0	0	0	0	0	N	Y	N	N	N	N	N	N	N	N	N	N	0.0000	0.0000	0.0000	0.0000	0.0000	0.0000	0.0000	0.0000	0.0000	0.0000	0.0000	0.0000	0.0000	0.0000	0.0000	0.0000	0.0000	0.0000	0.0000	0.0000	0.0000	0.0217	0.0000	6.0735	0.0000	0.0000	0.0000	0.0000	0.0000	0.0000	0.0000	0.0000	0.0000	0.0000	0.0000	0.0000	0.0000	0.0000	0.0000	0.0000	0.0000	0.0000	0.0000	0.0000	0.0000	0.0000	0.0000	0.0000	0.0000	0.0000	0.0000	0.0000	0.0000	0.0000	0.0000	0.0000	0.0000	0.0000	0.0000	0.0000	0.0000	0.0000	0.0000	0.0000	0.0000	0.0000	0.0000	0.0000	0.0000	0.0000	0.0000	0.0000	0.0000	0.0000	0.0000	0.0000	0.0000	0.0000											
33	40	0.1573	8	1	1	0	0	0	0	0	0	N	N	N	N	N	N	N	N	N	N	N	N	0.0000	0.0000	0.0000	0.0000	0.0000	0.0000	0.0000	0.0000	0.0000	0.0000	0.0000	0.0000	0.0000	0.0000	0.0000	0.0000	0.0000	0.0000	0.0000	0.0000	0.0000	0.0217	0.0000	4.0395	0.0000	0.0000	0.0000	0.0000	0.0000	0.0000	0.0000	0.0000	0.0000	0.0000	0.0000	0.0000	0.0000	0.0000	0.0000	0.0000	0.0000	0.0000	0.0000	0.0000	0.0000	0.0000	0.0000	0.0000	0.0000	0.0000	0.0000	0.0000	0.0000	0.0000	0.0000	0.0000	0.0000	0.0000	0.0000	0.0000	0.0000	0.0000	0.0000	0.0000	0.0000	0.0000	0.0000	0.0000	0.0000	0.0000	0.0000	0.0000	0.0000	0.0000	0.0000	0.0000	0.0000	0.0000											
33	41	0.1573	8	1	2	0	1	0	0	0	0	N	Y	N	N	N	N	N	N	N	N	N	N	0.0000	0.0000	0.0000	0.0000	0.0000	0.0000	0.0000	0.0000	0.0000	0.0000	0.0000	0.0000	0.0000	0.0000	0.0000	0.0000	0.0000	0.0000	0.0000	0.0000	0.0000	0.0000	0.0000	7.0150	0.0000	0.0000	0.0000	0.0000	0.0000	0.0000	0.0000	0.0000	0.0000	0.0000	0.0000	0.0000	0.0000	0.0000	0.0000	0.0000	0.0000	0.0000	0.0000	0.0000	0.0000	0.0000	0.0000	0.0000	0.0000	0.0000	0.0000	0.0000	0.0000	0.0000	0.0000	0.0000	0.0000	0.0000	0.0000	0.0000	0.0000	0.0000	0.0000	0.0000	0.0000	0.0000	0.0000	0.0000	0.0000	0.0000	0.0000	0.0000	0.0000	0.0000	0.0000	0.0000	0.0000	0.0000											
33	42	0.1595	8	2	1	1	0	0	0	0	0	Y	N	N	N	N	N	N	N	N	N	N	N	0.0000	0.0000	0.0000	0.0000	0.0000	0.0000	0.0000	0.0000	0.0000	0.0000	0.0000	0.0000	0.0000	0.0000	0.0000	0.0000	0.0000	0.0000	0.0000	0.0000	0.0000	0.0000	0.0000	0.0000	0.0000	0.0000	0.0000	0.0000	0.0000	0.0000	0.0000	0.0000	0.0000	0.0000	0.0000	0.0000	0.0000	0.0000	0.0000	0.0000	0.0000	0.0000	0.0000	0.0000	0.0000	0.0000	0.0000	0.0000	0.0000	0.0000	0.0000	0.0000	0.0000	0.0000	0.0000	0.0000	0.0000	0.0000	0.0000	0.0000	0.0000	0.0000	0.0000	0.0000	0.0000	0.0000	0.0000	0.0000	0.0000	0.0000	0.0000	0.0000	0.0000	0.0000	0.0000	0.0000	0.0000	0.0000											
33	43	0.1427	7	2	1	1	0	0	0	0	0	Y	N	N	N	N	N	N	N	N	N	N	N	0.0000	0.0000	0.0000	0.0000	0.0000	0.0000	0.0000	0.0000	0.0000	0.0000	0.0000	0.0000	0.0000	0.0000	0.0000	0.0000	0.0000	0.0000	0.0000	0.0000	0.0000	1.0000	0.0000	3.0000	0.0000	0.0000	0.0000	0.0000	0.0000	0.0000	0.0000	0.0000	0.0000	0.0000	0.0000	0.0000	0.0000	0.0000	0.0000	0.0000	0.0000	0.0000	0.0000	0.0000	0.0000	0.0000	0.0000	0.0000	0.0000	0.0000	0.0000	0.0000	0.0000	0.0000	0.0000	0.0000	0.0000	0.0000	0.0000	0.0000	0.0000	0.0000	0.0000	0.0000	0.0000	0.0000	0.0000	0.0000	0.0000	0.0000	0.0000	0.0000	0.0000	0.0000	0.0000	0.0000	0.0000	0.0000											
33	44	0.1427	7	2	1	1	0	0	0	0	0	Y	N	N	N	N	N	N	N	N	N	N	N	0.0000	0.0000	0.0000	0.0000	0.0000	0.0000	0.0000	0.0000	0.0000	0.0000	0.0000	0.0000	0.0000	0.0000	0.0000	0.0000	0.0000	0.0000	0.0000	0.0000	0.0000	1.0000	0.0000	3.0000	0.0000	0.0000	0.0000	0.0000	0.0000	0.0000	0.0000	0.0000	0.0000	0.0000	0.0000	0.0000	0.0000	0.0000	0.0000	0.0000	0.0000	0.0000	0.0000	0.0000	0.0000	0.0000	0.0000	0.0000	0.0000	0.0000	0.0000	0.0000	0.0000	0.0000	0.0000	0.0000	0.0000	0.0000	0.0000	0.0000	0.0000	0.0000	0.0000	0.0000	0.0000	0.0000	0.0000	0.0000	0.0000	0.0000	0.0000	0.0000	0.0000	0.0000	0.0000	0.0000	0.0000	0.0000											
33	45	0.2003	9	1	1	1	0	0	0	0	0	N	N	N	N	N	N	N	N	N	N	N	N	0.0000	0.0000	0.0000	0.0000	0.0000	0.0000	0.0000	0.0000	0.0000	0.0000	0.0000	0.0000	0.0000	0.0000	0.0000	0.0000	0.0000	0.0000	0.0000	0.0000	0.0000	0.0000	0.0000	0.0000	0.0000	0.0000	0.0000	0.0000	0.0000	0.0000	0.0000	0.0000	0.0000	0.0000	0.0000	0.0000	0.0000	0.0000	0.0000	0.0000	0.0000	0.0000	0.0000	0.0000	0.0000	0.0000	0.0000	0.0000	0.0000	0.0000	0.0000	0.0000	0.0000	0.0000	0.0000	0.0000	0.0000	0.0000	0.0000	0.0000	0.0000	0.0000	0.0000	0.0000	0.0000	0.0000	0.0000	0.0000	0.0000	0.0000	0.0000	0.0000	0.0000	0.0000	0.0000	0.0000	0.0000	0.0000											
33	46	0.1573	8	1	1	0	0	0	0	0	0	N	N	N	N	N	N	N	N	N	N	N	N	0.0000	0.0000	0.0000	0.0000	0.0000	0.0000	0.0000	0.0000	0.0000	0.0000	0.0000	0.0000	0.0000	0.0000	0.0000	0.0000	0.0000	0.0000	0.0000	0.0000	0.0000	4.0000	0.0000	5.9850	0.0000	0.0000	0.0000	0.0000	0.0000	0.0000	0.0000	0.0000	0.0000	0.0000	0.0000	0.0000	0.0000	0.0000	0.0000	0.0000	0.0000	0.0000	0.0000	0.0000	0.0000	0.0000	0.0000	0.0000	0.0000	0.0000	0.0000	0.0000	0.0000	0.0000	0.0000	0.0000	0.0000	0.0000	0.0000	0.0000	0.0000	0.0000	0.0000	0.0000	0.0000	0.0000	0.0000	0.0000	0.0000	0.0000	0.0000	0.0000	0.0000	0.0000	0.0000	0.0000	0.0000	0.0000											
33	47	0.2284	10	1	2	0	0	0	0	0	0	N	Y	N	N	N	N	N	N	N	N	N	N	0.0000	0.0000	0.0000	0.0000	0.0000	0.0000	0.0000	0.0000	0.0000	0.0000	0.0000	0.0000	0.0000	0.0000	0.0000	0.0000	0.0000	0.0000	0.0000	0.0000	0.0000	0.0000	0.0000	0.0000	0.0000	0.0000	0.0000	0.0000	0.0000	0.0000	0.0000	0.0000	0.0000	0.0000	0.0000	0.0000	0.0000	0.0000	0.0000	0.0000	0.0000	0.0000	0.0000	0.0000	0.0000	0.0000	0.0000	0.0000	0.0000	0.0000	0.0000	0.0000	0.0000	0.0000	0.0000	0.0000	0.0000	0.0000	0.0000	0.0000	0.0000	0.0000	0.0000	0.0000	0.0000	0.0000	0.0000	0.0000	0.0000	0.0000	0.0000	0.0000	0.0000	0.0000	0.0000	0.0000	0.0000	0.0000											
33	48	0.1752	9	2	2	1	0	0	0	0	0	Y	Y	N	N	N	N	N	N	N	N	N	N	0.0000	0.0000	0.0000	0.0000	0.0000	0.0000	0.0000	0.0000	0.0000	0.0000	0.0000	0.0000	0.0000	0.0000	0.0000	0.0000	0.0000	0.0000	0.0000	0.0000	0.0000	0.0000	0.0000	2.0152	0.0000	0.0000	0.0000	0.0000	0.0000	0.0000	0.0000	0.0000	0.0000	0.0000	0.0000	0.0000	0.0000	0.0000	0.0000	0.0000	0.0000	0.0000	0.0000	0.0000	0.0000	0.0000	0.0000	0.0000	0.0000	0.0000	0.0000	0.0000	0.0000	0.0000	0.0000	0.0000	0.0000	0.0000	0.0000	0.0000	0.0000	0.0000	0.0000	0.0000	0.0000	0.0000	0.0000	0.0000	0.0000	0.0000	0.0000	0.0000	0.0000	0.0000	0.0000	0.0000	0.0000	0.0000											
33	49	0.1710	8	2	1	1	0	0	0	0	0	Y	N	N	N	N	N	N	N	N	N	N	N	0.0000	0.0000	0.0000	0.0000	0.0000	0.0000	0.0000	0.0000	0.0000	0.0000	0.0000	0.0000	0.0000	0.0000	0.0000	0.0000	0.0000	0.0000	0.0000	0.0000	0.0000	0.0003	0.0000	1.0311	0.0000	0.0000	0.0000	0.0000	0.0000	0.0000	0.0000	0.0000	0.0000	0.0000	0.0000	0.0000	0.0000	0.0000	0.0000	0.0000	0.0000	0.0000	0.0000	0.0000	0.0000	0.0000	0.0000	0.0000	0.0000	0.0000	0.0000	0.0000	0.0000	0.0000	0.0000	0.0000	0.0000	0.0000	0.0000	0.0000	0.0000	0.0000	0.0000	0.0000	0.0000	0.0000	0.0000	0.0000	0.0000	0.0000	0.0000	0.0000	0.0000	0.0000	0.0000	0.0000	0.0000	0.0000											
33	50	0.1710	8	2	2	1	0	0	0	0	0	Y	Y	N	N	N	N	N	N	N	N	N	N	0.0000	0.0000	0.0000	0.0000	0.0000	0.0000	0.0000	0.0000	0.0000	0.0000	0.0000	0.0000	0.0000	0.0000	0.0000	0.0000	0.0000	0.0000	0.0000	0.0000	0.0000	0.0003	0.0000	1.0126	0.0000	0.0000	0.0000	0.0000	0.0000	0.0000	0.0000	0.0000	0.0000	0.0000	0.0000	0.0000	0.0000	0.0000	0.0000	0.0000	0.0000	0.0000	0.0000	0.0000	0.0000	0.0000	0.0000	0.0000	0.0000	0.0000	0.0000	0.0000	0.0000	0.0000	0.0000	0.0000	0.0000	0.0000	0.0000	0.0000	0.0000	0.0000	0.0000	0.0000	0.0000	0.0000	0.0000	0.0000	0.0000	0.0000	0.0000	0.0000	0.0000	0.0000	0.0000	0.0000	0.0000	0.0000											
33	51	0.2002	7	2	2	0	0	0	0	0	0	Y	Y	N	N	N	N	N	N	N	N	N	N	0.0000	0.0000	0.0000	0.0000	0.0000	0.0000	0.0000	0.0000	0.0000	0.0000	0.0000	0.0000	0.0000	0.0000	0.0000	0.0000	0.0000	0.0000	0.0000	0.0000	0.0000	0.0000	0.0000	1.0000	0.0000	0.0000	0.0000	0.0000	0.0000	0.0000	0.0000	0.0000	0.0000	0.0000	0.0000	0.0000	0.0000	0.0000	0.0000	0.0000	0.0000	0.0000	0.0000	0.0000	0.0000	0.0000	0.0000	0.0000	0.0000	0.0000	0.0000	0.0000	0.0000	0.0000	0.0000	0.0000	0.0000	0.0000	0.0000	0.0000	0.0000	0.0000	0.0000	0.0000	0.0000	0.0000	0.0000	0.0000	0.0000	0.0000	0.0000	0.0000	0.0000	0.0000	0.0000	0.0000	0.0000	0.0000											
33	52	0.1963	10	1	2	0	1	0	0	0	0	N	Y	N	N	N	N	N	N	N	N	N	N	0.0000	0.0000	0.0000	0.0000	0.0000	0.0000	0.0000	0.0000	0.0000	0.0000	0.0000	0.0000	0.0000	0.0000	0.0000	0.0000	0.0000	0.0000	0.0000	0.0000	0.0000	0.9995	0.0000	1.0399	0.0000	0.0000	0.0000	0.0000	0.0000	0.0000	0.0000	0.0000	0.0000	0.0000	0.0000	0.0000	0.0000	0.0000	0.0000	0.0000	0.0000	0.0000	0.0000	0.0000	0.0000	0.0000	0.0000	0.0000	0.0000	0.0000	0.0000	0.0000	0.0000	0.0000	0.0000	0.0000	0.0000	0.0000	0.0000	0.0000	0.0000	0.0000	0.0000	0.0000	0.0000	0.0000	0.0000	0.0000	0.0000	0.0000	0.0000	0.0000	0.0000	0.0000	0.0000	0.0000	0.0000	0.0000											
33	53	0.1963	10	1	1	0	1	0	0	0	0	N	N	N	N	N	N	N	N	N	N	N	N	0.0000	0.0000	0.0000	0.0000	0.0000	0.0000	0.0000	0.0000	0.0000	0.0000	0.0000	0.0000	0.0000	0.0000	0.0000	0.0000	0.0000	0.0000	0.0000	0.0000	0.0000	3.0005	0.0000	1.0125	0.0000	0.0000	0.0000	0.0000	0.0000	0.0000	0.0000	0.0000	0.0000	0.0000	0.0000	0.0000	0.0000	0.0000	0.0000	0.0000	0.0000	0.0000	0.0000	0.0000	0.0000	0.0000	0.0000	0.0000	0.0000	0.0000	0.0000	0.0000	0.0000	0.0000	0.0000	0.0000	0.0000	0.0000	0.0000	0.0000	0.0000	0.0000	0.0000	0.0000	0.0000	0.0000	0.0000	0.0000	0.0000	0.0000	0.0000	0.0000	0.0000	0.0000	0.0000	0.0000	0.0000	0.0000											
33	54	0.1881	9	1	1	0	1	0	0	0	0	N	N	N	N	N	N	N	N	N	N	N	N	0.0000	0.0000	0.0000	0.0000	0.0000	0.0000	0.0000	0.0000	0.0000	0.0000	0.0000	0.0000	0.0000	0.0000	0.0000	0.0000	0.0000	0.0000	0.0000	0.0000	0.0000	0.0013	0.0000	1.9704	0.0000	0.0000	0.0000	0.0000	0.0000	0.0000	0.0000	0.0000	0.0000	0.0000	0.0000	0.0000	0.0000	0.0000	0.0000	0.0000	0.0000	0.0000	0.0000	0.0000	0.0000	0.0000	0.0000	0.0000	0.0000	0.0000	0.0000	0.0000	0.0000	0.0000	0.0000	0.0000	0.0000	0.0000	0.0000	0.0000	0.0000	0.0000	0.0000	0.0000	0.0000	0.0000	0.0000	0.0000	0.0000	0.0000	0.0000	0.0000	0.0000	0.0000	0.0000	0.0000	0.0000	0.0000											
33	55	0.1573	8	1	1	0	1	0	0	0	0	N	N	N	N	N	N	N	N	N	N	N	N	0.0000	0.0000	0.0000	0.0000	0.0000	0.0000	0.0000	0.0000	0.0000	0.0000	0.0000	0.0000	0.0000	0.0000	0.0000	0.0000	0.0000	0.0000	0.0000	0.0000	0.0000	3.0000	0.0000	4.0155	0.0000	0.0000	0.0000	0.0000	0.0000	0.0000	0.0000	0.0000	0.0000	0.0000	0.0000	0.0000	0.0000	0.0000	0.0000	0.0000	0.0000	0.0000	0.0000	0.0000	0.0000	0.0000	0.0000	0.0000	0.0000	0.0000	0.0000	0.0000	0.0000	0.0000	0.0000	0.0000	0.0000	0.0000	0.0000	0.0000	0.0000	0.0000	0.0000	0.0000	0.0000	0.0000	0.0000	0.0000	0.0000	0.0000	0.0000	0.0000	0.0000	0.0000	0.0000	0.0000	0.0000	0.0000											
33	56	0.1616	9	1	2	1	0	0	0	0	0	N	Y	N	N	N	N	N	N	N	N	N	N	0.0000	0.0000	0.0000	0.0000	0.0000	0.0000	0.0000	0.0000	0.0000	0.0000	0.0000	0.0000	0.0000	0.0000	0.0000	0.0000	0.0000	0.0000	0.0000	0.0000	0.0000	2.0013	0.0000	5.6727	0.0000	0.0000	0.0000	0.0000	0.0000	0.0000	0.0000	0.0000	0.0000	0.0000	0.0000	0.0000	0.0000	0.0000	0.0000	0.0000	0.0000	0.0000	0.0000	0.0000	0.0000	0.0000	0.0000	0.0000	0.0000	0.0000	0.0000	0.0000	0.0000	0.0000	0.0000	0.0000	0.0000	0.0000	0.0000	0.0000	0.0000	0.0000	0.0000	0.0000	0.0000	0.0000	0.0000	0.0000	0.0000	0.0000	0.0000	0.0000	0.0000	0.0000	0.0000	0.0000	0.0000	0.0000											
33	57	0.1579	8	1	2	0	0	0	0	0	0	N	Y	N	N	N	N	N	N	N	N	N	N	0.0000	0.0000	0.0000	0.0000	0.0000	0.0000	0.0000	0.0000	0.0000	0.0000	0.0000	0.0000	0.0000	0.0000	0.0000	0.0000	0.0000	0.0000	0.0000	0.0000	0.0000	0.0033	0.0000	1.3874	0.0000	0.0000	0.0000	0.0000	0.0000	0.0000	0.0000	0.0000	0.0000	0.0000	0.0000	0.0000	0.0000	0.0000	0.0000	0.0000	0.0000	0.0000	0.0000	0.0000	0.0000	0.0000	0.0000	0.0000	0.0000	0.0000	0.0000	0.0000	0.0000	0.0000	0.0000	0.0000	0.0000	0.0000	0.0000	0.0000	0.0000	0.0000	0.0000	0.0000	0.0000	0.0000	0.0000	0.0000	0.0000	0.0000	0.0000	0.0000	0.0000	0.0000	0.0000	0.0000	0.0000	0.0000											
33	58	0.1427	7	2	1	1	0	0	0	0	0	Y	N	N	N	N	N	N	N	N	N	N	N	0.0000	0.0000	0.0000	0.0000	0.0000	0.0000	0.0000	0.0000	0.0000	0.0000	0.0000	0.0000	0.0000	0.0000	0.0000	0.0000	0.0000	0.0000	0.0000	0.0000	0.0000	0.0000	0.0000	2.0000	0.0000	0.0000	0.0000	0.0000	0.0000	0.0000	0.0000	0.0000	0.0000	0.0000	0.0000	0.0000	0.0000	0.0000	0.0000	0.0000	0.0000	0.0000	0.0000	0.0000	0.0000	0.0000	0.0000	0.0000	0.0000	0.0000	0.0000	0.0000	0.0000	0.0000	0.0000	0.0000	0.0000	0.0000	0.0000	0.0000	0.0000	0.0000	0.0000	0.0000	0.0000	0.0000	0.0000	0.0000	0.0000	0.0000	0.0000	0.0000	0.0000	0.0000	0.0000	0.0000	0.0000	0.0000											
33	59	0.1579	8	1	2	0	0	0	0	0	0	N	Y	N	N	N	N	N	N	N	N	N	N	0.0000	0.0000	0.0000	0.0000	0.0000	0.0000	0.0000	0.0000	0.0000	0.0000	0.0000	0.0000	0.0000	0.0000	0.0000	0.0000	0.0000	0.0000	0.0000	0.0000	0.0000	1.9997	0.0000	3.4660	0.0000	0.0000	0.0000	0.0000	0.0000	0.0000	0.0000	0.0000	0.0000	0.0000	0.0000	0.0000	0.0000	0.0000	0.0000	0.0000	0.0000	0.0000	0.0000	0.0000	0.0000	0.0000	0.0000	0.0000	0.0000	0.0000	0.0000	0.0000	0.0000	0.0000	0.0000	0.0000	0.0000	0.0000	0.0000	0.0000	0.0000	0.0000	0.0000	0.0000	0.0000	0.0000	0.0000	0.0000	0.0000	0.0000	0.0000	0.0000	0.0000	0.0000	0.0000	0.0000	0.0000	0.0000											
33	60	0.1427	7	1	2	0	0	0	0	0	0	N	Y	N	N	N	N	N	N	N	N	N	N	0.0000	0.0000	0.0000	0.0000	0.0000	0.0000	0.0000	0.0000	0.0000	0.0000	0.0000	0.0000	0.0000	0.0000	0.0000	0.0000	0.0000	0.0000	0.0000	0.0000	0.0000	0.0005	0.0000	3.6054	0.0000	0.0000	0.0000	0.0000	0.0000	0.0000	0.0000	0.0000	0.0000	0.0000	0.0000	0.0000	0.0000	0.0000	0.0000	0.0000	0.0000	0.0000	0.0000	0.0000	0.0000	0.0000	0.0000	0.0000	0.0000	0.0000	0.0000	0.0000	0.0000	0.0000	0.0000	0.0000	0.0000	0.0000	0.0000	0.0000	0.0000	0.0000	0.0000	0.0000	0.0000	0.0000	0.0000	0.0000	0.0000	0.0000	0.0000	0.0000	0.0000	0.0000	0.0000	0.0000	0.0000	0.0000											
33	61	0.2284	10	1	1	1	0	0	0	0	0	N	N	N	N	N	N	N	N	N	N	N	N	0.0000	0.0000	0.0000	0.0000	0.0000	0.0000	0.0000	0.0000	0.0000	0.0000	0.0000	0.0000	0.0000	0.0000	0.0000	0.0000	0.0000	0.0000	0.0000	0.0000	0.0000	0.0000	0.0000	1.0000	0.0000	0.0000	0.0000	0.0000	0.0000	0.0000	0.0000	0.0000	0.0000	0.0000	0.0000	0.0000	0.0000	0.0000	0.0000	0.0000	0.0000	0.0000	0.0000	0.0000	0.0000	0.0000	0.0000	0.0000	0.0000	0.0000	0.0000	0.0000	0.0000	0.0000	0.0000	0.0000	0.0000	0.0000	0.0000	0.0000	0.0000	0.0000	0.0000	0.0000	0.0000	0.0000	0.0000	0.0000	0.0000	0.0000	0.0000	0.0000	0.0000	0.0000	0.0000	0.0000	0.0000	0.0000											
33	62	0.2241	9	1	1	0	0	0	0	0	0	N	N	N	N	N	N	N	N	N	N	N	N	0.0000	0.0000	0.0000	0.0000	0.0000	0.0000	0.0000	0.0000	0.0000	0.0000	0.0000	0.0000	0.0000	0.0000	0.0000	0.0000	0.0000	0.0000	0.0000	0.0000	0.0000	0.0001	0.0000	1.0076	0.0000	0.0000	0.0000	0.0000	0.0000	0.0000	0.0000	0.0000	0.0000	0.0000	0.0000	0.0000	0.0000	0.0000	0.0000	0.0000	0.0000	0.0000	0.0000	0.0000	0.0000	0.0000	0.0000	0.0000	0.0000	0.0000	0.0000	0.0000	0.0000	0.0000	0.0000	0.0000	0.0000	0.0000	0.0000	0.0000	0.0000	0.0000	0.0000	0.0000	0.0000	0.0000	0.0000	0.0000	0.0000	0.0000	0.0000	0.0000	0.0000	0.0000	0.0000	0.0000	0.0000	0.0000											
33	63	0.1573	8	1	1	0	0	0	0	0	0	N	N	N	N	N	N	N	N	N	N	N	N	0.0000	0.0000	0.0000	0.0000	0.0000	0.0000	0.0000	0.0000	0.0000	0.0000	0.0000	0.0000	0.0000	0.0000	0.0000	0.0000	0.0000	0.0000	0.0000	0.0000	0.0000	11.9999	0.0000	3.0574	0.0000	0.0000	0.0000	0.0000	0.0000	0.0000	0.0000	0.0000	0.0000	0.0000	0.0000	0.0000	0.0000	0.0000	0.0000	0.0000	0.0000	0.0000	0.0000	0.0000	0.0000	0.0000	0.0000	0.0000	0.0000	0.0000	0.0000	0.0000	0.0000	0.0000	0.0000	0.0000	0.0000	0.0000	0.0000	0.0000	0.0000	0.0000	0.0000	0.0000	0.0000	0.0000	0.0000	0.0000	0.0000	0.0000	0.0000	0.0000	0.0000	0.0000	0.0000	0.0000	0.0000	0.0000											
33	64	0.1427	7	2	2	0	0	0	0	0	0	Y	Y	N	N	N	N	N	N	N	N	N	N	0.0000	0.0000	0.0000	0.0000	0.0000	0.0000	0.0000	0.0000	0.0000	0.0000	0.0000	0.0000	0.0000	0.0000	0.0000	0.0000	0.0000	0.0000	0.0000	0.0000	0.0000	4.0000	0.0000	3.0000	0.0000	0.0000	0.0000	0.0000	0.0000	0.0000	0.0000	0.0000	0.0000	0.0000	0.0000	0.0000	0.0000	0.0000	0.0000	0.0000	0.0000	0.0000	0.0000	0.0000	0.0000	0.0000	0.0000	0.0000	0.0000	0.0000	0.0000	0.0000	0.0000	0.0000	0.0000	0.0000	0.0000	0.0000	0.0000	0.0000	0.0000	0.0000	0.0000	0.0000	0.0000	0.0000	0.0000	0.0000	0.0000	0.0000	0.0000	0.0000	0.0000	0.0000	0.0000	0.0000	0.0000	0.0000											
33	65	0.1009	6	1	1	0	0	0	0	0	0	N	N	N	N	N	N	N	N	N	N	N	N	0.0000	0.0000	0.0000	0.0000	0.0000	0.0000	0.0000	0.0000	0.0000	0.0000	0.0000	0.0000	0.0000	0.0000	0.0000	0.0000	0.0000	0.0000	0.0000	0.0000	0.0000	2.0015	0.0000	10.0016	0.0000	0.0000	0.0000	0.0000	0.0000	0.0000	0.0000	0.0000	0.0000	0.0000	0.0000	0.0000	0.0000	0.0000	0.0000	0.0000	0.0000	0.0000	0.0000	0.0000	0.0000	0.0000	0.0000	0.0000	0.0000	0.0000	0.0000	0.0000	0.0000	0.0000	0.0000	0.0000	0.0000	0.0000	0.0000	0.0000	0.0000	0.0000	0.0000	0.0000	0.0000	0.0000	0.0000	0.0000	0.0000	0.0000	0.0000	0.0000	0.0000	0.0000	0.0000	0.0000	0.0000	0.0000											
33	67	0.2558	8	1	1	0	0	0	0	0	0	N	N	N	N	N	N	N	N	N	N	N	N	0.0000	0.0000	0.0000	0.0000	0.0000	0.0000	0.0000	0.0000	0.0000	0.0000	0.0000	0.0000	0.0000	0.0000	0.0000	0.0000	0.0000	0.0000	0.0000	0.0000	0.0000	4.8614	0.0000	14.2102	0.0000	0.0000	0.0000	0.0000	0.0000	0.0000	0.0000	0.0000	0.0000	0.0000	0.0000	0.0000	0.0000	0.0000	0.0000	0.0000	0.0000	0.0000	0.0000	0.0000	0.0000	0.0000	0.0000	0.0000	0.0000	0.0000	0.0000	0.0000	0.0000	0.0000	0.0000	0.0000	0.0000	0.0000	0.0000	0.0000	0.0000	0.0000	0.0000	0.0000	0.0000	0.0000	0.0000	0.0000	0.0000	0.0000	0.0000	0.0000	0.0000	0.0000	0.0000	0.0000	0.0000	0.0000											
33	68	0.1766	10	2	2	1	0	0	0	0	0	Y	Y	N	N	N	N	N	N	N	N	N	N	0.0000	0.0000	0.0000	0.0000	0.0000	0.0000	0.0000	0.0000	0.0000	0.0000	0.0000	0.0000	0.0000	0.0000	0.0000	0.0000	0.0000	0.0000	0.0000	0.0000	0.0000	0.0000	0.0000	0.0000	0.0000	0.0000	0.0000	0.0000	0.0000	0.0000	0.0000	0.0000	0.0000	0.0000	0.0000	0.0000	0.0000	0.0000	0.0000	0.0000	0.0000	0.0000	0.0000	0.0000	0.0000	0.0000	0.0000	0.0000	0.0000	0.0000	0.0000	0.0000	0.0000	0.0000	0.0000	0.0000	0.0000	0.0000	0.0000	0.0000	0.0000	0.0000	0.0000	0.0000	0.0000	0.0000	0.0000	0.0000	0.0000	0.0000	0.0000	0.0000	0.0000	0.0000	0.0000	0.0000	0.0000	0.0000											
33	69	0.1725	9	2	1	1	0	0	0	0	0	Y	N	N	N	N	N	N	N	N	N	N	N	0.0000	0.0000	0.0000	0.0000	0.0000	0.0000	0.0000	0.0000	0.0000	0.0000	0.0000	0.0000	0.0000	0.0000	0.0000	0.0000	0.0000	0.0000	0.0000	0.0000	0.0000	0.0016	0.0000	0.9826	0.0000	0.0000	0.0000	0.0000	0.0000	0.0000	0.0000	0.0000	0.0000	0.0000	0.0000	0.0000	0.0000	0.0000	0.0000	0.0000	0.0000	0.0000	0.0000	0.0000	0.0000	0.0000	0.0000	0.0000	0.0000	0.0000	0.0000	0.0000	0.0000	0.0000	0.0000	0.0000	0.0000	0.0000	0.0000	0.0000	0.0000	0.0000	0.0000	0.0000	0.0000	0.0000	0.0000	0.0000	0.0000	0.0000	0.0000	0.0000	0.0000	0.0000	0.0000	0.0000	0.0000	0.0000											
33	70	0.1597	8	2	1	1	0	0	0	0	0	Y	N	N	N	N	N	N	N	N	N	N	N	0.0000	0.0000	0.0000	0.0000	0.0000	0.0000	0.0000	0.0000	0.0000	0.0000	0.0000	0.0000	0.0000	0.0000	0.0000	0.0000	0.0000	0.0000	0.0000	0.0000	0.0000	0.0061	0.0000	3.0249	0.0000	0.0000	0.0000	0.0000	0.0000	0.0000	0.0000	0.0000	0.0000	0.0000	0.0000	0.0000	0.0000	0.0000	0.0000	0.0000	0.0000	0.0000	0.0000	0.0000	0.0000	0.0000	0.0000	0.0000	0.0000	0.0000	0.0000	0.0000	0.0000	0.0000	0.0000	0.0000	0.0000	0.0000	0.0000	0.0000	0.0000	0.0000	0.0000	0.0000	0.0000	0.0000	0.0000	0.0000	0.0000	0.0000	0.0000	0.0000	0.0000	0.0000	0.0000	0.0000	0.0000	0.0000											
33	71	0.1427	7	2	1	1	0	0	0	0	0	Y	N	N	N	N	N	N	N	N	N	N	N	0.0000	0.0000	0.0000	0.0000	0.0000	0.0000	0.0000	0.0000	0.0000	0.0000	0.0000	0.0000	0.0000	0.0000	0.0000	0.0000	0.0000	0.0000	0.0000	0.0000	0.0000	0.0044	0.0000	4.0281	0.0000	0.0000	0.0000	0.0000	0.0000	0.0000	0.0000	0.0000	0.0000	0.0000	0.0000	0.0000	0.0000	0.0000	0.0000	0.0000	0.0000	0.0000	0.0000	0.0000	0.0000	0.0000	0.0000	0.0000	0.0000	0.0000	0.0000	0.0000	0.0000	0.0000	0.0000	0.0000	0.0000	0.0000	0.0000	0.0000	0.0000	0.0000	0.0000	0.0000	0.0000	0.0000	0.0000	0.0000	0.0000	0.0000	0.0000	0.0000	0.0000	0.0000	0.0000	0.0000	0.0000	0.0000											
33	72	0.1009	6	1	2	0	0	0	0	0	0	N	Y	N	N	N	N	N	N	N	N	N	N	0.0000	0.0000	0.0000	0.0000	0.0000	0.0000	0.0000	0.0000	0.0000	0.0000	0.0000	0.0000	0.0000	0.0000	0.0000	0.0000	0.0000	0.0000	0.0000	0.0000	0.0000	5.9987	0.0000	11.0016	0.0000	0.0000	0.0000	0.0000	0.0000	0.0000	0.0000	0.0000	0.0000	0.0000	0.0000	0.0000	0.0000	0.0000	0.0000	0.0000	0.0000	0.0000	0.0000	0.0000	0.0000	0.0000	0.0000	0.0000	0.0000	0.0000	0.0000	0.0000	0.0000	0.0000	0.0000	0.0000	0.0000	0.0000	0.0000	0.0000	0.0000	0.0000	0.0000	0.0000	0.0000	0.0000	0.0000	0.0000	0.0000	0.0000	0.0000	0.0000	0.0000	0.0000	0.0000	0.0000	0.0000	0.0000											
33	73	0.1427	7	2	1	1	0	0	0	0	0	Y	N	N	N	N	N	N	N	N	N	N	N	0.0000	0.0000	0.0000	0.0000	0.0000	0.0000	0.0000	0.0000	0.0000	0.0000	0.0000	0.0000	0.0000	0.0000	0.0000	0.0000	0.0000	0.0000	0.0000	0.0000	0.0000	2.0000	0.0000	5.0000	0.0000	0.0000	0.0000	0.0000	0.0000	0.0000	0.0000	0.0000	0.0000	0.0000	0.0000	0.0000	0.0000	0.0000	0.0000	0.0000	0.0000	0.0000	0.0000	0.0000	0.0000	0.0000	0.0000	0.0000	0.0000	0.0000	0.0000	0.0000	0.0000	0.0000	0.0000	0.0000	0.0000	0.0000	0.0000	0.0000	0.0000	0.0000	0.0000	0.0000	0.0000	0.0000	0.0000	0.0000	0.0000	0.0000	0.0000	0.0000	0.0000	0.0000	0.0000	0.0000	0.0000	0.0000											
33	74	0.1427	8	1	2	0	0	0	0	0	0	N	Y	N	N	N	N	N	N	N	N	N	N	0.0000	0.0000	0.0000	0.0000	0.0000	0.0000	0.0000	0.0000	0.0000	0.0000	0.0000	0.0000	0.0000	0.0000	0.0000	0.0000	0.0000	0.0000	0.0000	0.0000	0.0000	6.1274	0.0000	13.6208	0.0000	0.0000	0.0000	0.0000	0.0000	0.0000	0.0000	0.0000	0.0000	0.0000	0.0000	0.0000	0.0000	0.0000	0.0000	0.0000	0.0000	0.0000	0.0000	0.0000	0.0000	0.0000	0.0000	0.0000	0.0000	0.0000	0.0000	0.0000	0.0000	0.0000	0.0000	0.0000	0.0000	0.0000	0.0000	0.0000	0.0000	0.0000	0.0000	0.0000	0.0000	0.0000	0.0000	0.0000	0.0000	0.0000	0.0000	0.0000	0.0000	0.0000	0.0000	0.0000	0.0000	0.0000											
33	75	0.1672	11	1	1	1	0	0	0	0	0	N	N	N	N	N	N	N	N	N	N	N	N	0.0000	0.0000	0.0000	0.0000	0.0000	0.0000	0.0000	0.0000	0.0000	0.0000	0.0000	0.0000	0.0000	0.0000	0.0000	0.0000	0.0000	0.0000	0.0000	0.0000	0.0000	0.0000	0.0000	1.0003	0.0000	0.0000	0.0000	0.0000	0.0000	0.0000	0.0000	0.0000	0.0000	0.0000	0.0000	0.0000	0.0000	0.0000	0.0000	0.0000	0.0000	0.0000	0.0000	0.0000	0.0000	0.0000	0.0000	0.0000	0.0000	0.0000	0.0000	0.0000	0.0000	0.0000	0.0000	0.0000	0.0000	0.0000	0.0000	0.0000	0.0000	0.0000	0.0000	0.0000	0.0000	0.0000	0.0000	0.0000	0.0000	0.0000	0.0000	0.0000	0.0000	0.0000	0.0000	0.0000	0.0000	0.0000											
33	76	0.1631	10	1	1	1	0	0	0	0	0	N	N	N	N	N	N	N	N	N	N	N	N	0.0000	0.0000	0.0000	0.0000	0.0000	0.0000	0.0000	0.0000	0.0000	0.0000	0.0000	0.0000	0.0000	0.0000	0.0000	0.0000	0.0000	0.0000	0.0000	0.0000	0.0000	0.0000	0.0000	1.0076	0.0000	0.0000	0.0000	0.0000	0.0000	0.0000	0.0000	0.0000	0.0000	0.0000	0.0000	0.0000	0.0000	0.0000	0.0000	0.0000	0.0000	0.0000	0.0000	0.0000	0.0000	0.0000	0.0000	0.0000	0.0000	0.0000	0.0000	0.0000	0.0000	0.0000	0.0000	0.0000	0.0000	0.0000	0.0000	0.0000	0.0000	0.0000	0.0000	0.0000	0.0000	0.0000	0.0000	0.0000	0.0000	0.0000	0.0000	0.0000	0.0000	0.0000	0.0000	0.0000	0.0000	0.0000											
33	77	0.1590	9	1	1	0	0	0	0	0	0	N	N	N	N	N	N	N	N	N	N	N	N	0.0000	0.0000	0.0000	0.0000	0.0000	0.0000	0.0000	0.0000	0.0000	0.0000	0.0000	0.0000	0.0000	0.0000	0.0000	0.0000	0.0000	0.0000	0.0000	0.0000	0.0000	0.0026	0.0000	0.9924	0.0000	0.0000	0.0000	0.0000	0.0000	0.0000	0.0000	0.0000	0.0000	0.0000	0.0000	0.0000	0.0000	0.0000	0.0000	0.0000	0.0000	0.0000	0.0000	0.0000	0.0000	0.0000	0.0000	0.0000	0.0000	0.0000	0.0000	0.0000	0.0000	0.0000	0.0000	0.0000	0.0000	0.0000	0.0000	0.0000	0.0000	0.0000	0.0000	0.0000	0.0000	0.0000	0.0000	0.0000	0.0000	0.0000	0.0000	0.0000	0.0000	0.0000	0.0000	0.0000	0.0000	0.0000											
33	78	0.1427	8	1	1	0	0	0	0	0	0	N	N	N	N	N	N	N	N	N	N	N	N	0.0000	0.0000	0.0000	0.0000	0.0000	0.0000	0.0000	0.0000	0.0000	0.0000	0.0000	0.0000	0.0000	0.0000	0.0000	0.0000	0.0000	0.0000	0.0000	0.0000	0.0000	2.8733	0.0000	1.5522	0.0000	0.0000	0.0000	0.0000	0.0000	0.0000	0.0000	0.0000	0.0000	0.0000	0.0000	0.0000	0.0000	0.0000	0.0000	0.0000	0.0000	0.0000	0.0000	0.0000	0.0000	0.0000	0.0000	0.0000	0.0000	0.0000	0.0000	0.0000	0.0000	0.0000	0.0000	0.0000	0.0000	0.0000	0.0000	0.0000	0.0000	0.0000	0.0000	0.0000	0.0000	0.0000	0.0000	0.0000	0.0000	0.0000	0.0000	0.0000	0.0000	0.0000	0.0000	0.0000	0.0000	0.0000											
33	79	0.1305	7	1	1	0	0	0	0	0	0	N	N	N	N	N	N	N	N	N	N	N	N	0.0000	0.0000	0.0000	0.0000	0.0000	0.0000	0.0000	0.0000	0.0000	0.0000	0.0000	0.0000	0.0000	0.0000	0.0000	0.0000	0.0000	0.0000	0.0000	0.0000	0.0000	0.2102	0.0000	3.4985	0.0000	0.0000	0.0000	0.0000	0.0000	0.0000	0.0000	0.0000	0.0000	0.0000	0.0000	0.0000	0.0000	0.0000	0.0000	0.0000	0.0000	0.0000	0.0000	0.0000	0.0000	0.0000	0.0000	0.0000	0.0000	0.0000	0.0000	0.0000	0.0000	0.0000	0.0000	0.0000	0.0000	0.0000	0.0000	0.0000	0.0000	0.0000	0.0000	0.0000	0.0000	0.0000	0.0000	0.0000	0.0000	0.0000	0.0000	0.0000	0.0000	0.0000	0.0000	0.0000	0.0000	0.0000											
33	80	0.1616	9	1	2	0	0	0	0	0	0	N	Y	N	N	N	N	N	N	N	N	N	N	0.0000	0.0000	0.0000	0.0000	0.0000	0.0000	0.0000	0.0000	0.0000	0.0000	0.0000	0.0000	0.0000	0.0000	0.0000	0.0000	0.0000	0.0000	0.0000	0.0000	0.0000	2.0196	0.0000	6.0690	0.0000	0.0000	0.0000	0.0000	0.0000	0.0000	0.0000	0.0000	0.0000	0.0000	0.0000	0.0000	0.0000	0.0000	0.0000	0.0000	0.0000	0.0000	0.0000	0.0000	0.0000	0.0000	0.0000	0.0000	0.0000	0.0000	0.0000	0.0000	0.0000	0.0000	0.0000	0.0000	0.0000	0.0000	0.0000	0.0000	0.0000	0.0000	0.0000	0.0000	0.0000	0.0000	0.0000	0.0000	0.0000	0.0000	0.0000	0.0000	0.0000	0.0000	0.0000	0.0000	0.0000	0.0000											
33	81	0.1533	8	1	1	0	0	0	0	0	0	N	N	N	N	N	N	N	N	N	N	N	N	0.0000	0.0000	0.0000	0.0000	0.0000	0.0000	0.0000	0.0000	0.0000	0.0000	0.0000	0.0000	0.0000	0.0000	0.0000	0.0000	0.0000	0.0000	0.0000	0.0000	0.0000	0.9876	0.0000	0.9833	0.0000	0.0000	0.0000	0.0000	0.0000	0.0000	0.0000	0.0000	0.0000	0.0000	0.0000	0.0000	0.0000	0.0000	0.0000	0.0000	0.0000	0.0000	0.0000	0.0000	0.0000	0.0000	0.0000	0.0000	0.0000	0.0000	0.0000	0.0000	0.0000	0.0000	0.0000	0.0000	0.0000	0.0000	0.0000	0.0000	0.0000	0.0000	0.0000	0.0000	0.0000	0.0000	0.0000	0.0000	0.0000	0.0000	0.0000	0.0000	0.0000	0.0000	0.0000	0.0000	0.0000	0.0000											
33	82	0.1710	8	2	1	1	0	0	0	0	0	Y	N	N	N	N	N	N	N	N	N	N	N	0.0000	0.0000	0.0000	0.0000	0.0000	0.0000	0.0000	0.0000	0.0000	0.0000	0.0000	0.0000	0.0000	0.0000	0.0000	0.0000	0.0000	0.0000	0.0000	0.0000	0.0000	1.0000	0.0000	2.9874	0.0000	0.0000	0.0000	0.0000	0.0000	0.0000	0.0000	0.0000	0.0000	0.0000	0.0000	0.0000	0.0000	0.0000	0.0000	0.0000	0.0000	0.0000	0.0000	0.0000	0.0000	0.0000	0.0000	0.0000	0.0000	0.0000	0.0000	0.0000	0.0000	0.0000	0.0000	0.0000	0.0000	0.0000	0.0000	0.0000	0.0000	0.0000	0.0000	0.0000	0.0000	0.0000	0.0000	0.0000	0.0000	0.0000	0.0000	0.0000	0.0000	0.0000	0.0000	0.0000	0.0000	0.0000											
33	83	0.1427	7	2	1	1	0	0	0	0	0	Y	N	N	N	N	N	N	N	N	N	N	N	0.0000	0.0000	0.0000	0.0000	0.0000	0.0000	0.0000	0.0000	0.0000	0.0000	0.0000	0.0000	0.0000	0.0000	0.0000	0.0000	0.0000	0.0000	0.0000	0.0000	0.0000	0.9997	0.0000	6.0128	0.0000	0.0000	0.0000	0.0000	0.0000	0.0000	0.0000	0.0000	0.0000	0.0000	0.0000	0.0000	0.0000	0.0000	0.0000	0.0000	0.0000	0.0000	0.0000	0.0000	0.0000	0.0000	0.0000	0.0000	0.0000	0.0000	0.0000	0.0000	0.0000	0.0000	0.0000	0.0000	0.0000	0.0000	0.0000	0.0000	0.0000	0.0000	0.0000	0.0000	0.0000	0.0000	0.0000	0.0000	0.0000	0.0000	0.0000	0.0000	0.0000	0.0000	0.0000	0.0000	0.0000	0.0000											
33	84	0.1009	6	1	2	0	1	0	0	0	0	N	Y	N	N	N	N	N	N	N	N	N	N	0.0000	0.0000	0.0000	0.0000	0.0000	0.0000	0.0000	0.0000	0.0000	0.0000	0.0000	0.0000	0.0000	0.0000	0.0000	0.0000	0.0000	0.0000	0.0000	0.0000	0.0000	8.0013	0.0000	12.0015	0.0000	0.0000	0.0000	0.0000	0.0000	0.0000	0.0000	0.0000	0.0000	0.0000	0.0000	0.0000	0.0000	0.0000	0.0000	0.0000	0.0000	0.0000	0.0000	0.0000	0.0000	0.0000	0.0000	0.0000	0.0000	0.0000	0.0000	0.0000	0.0000	0.0000	0.0000	0.0000	0.0000	0.0000	0.0000	0.0000	0.0000	0.0000	0.0000	0.0000	0.0000	0.0000	0.0000	0.0000	0.0000	0.0000	0.0000	0.0000	0.0000	0.0000	0.0000	0.0000	0.0000	0.0000											
33	85	0.1573	8	1	2	0	0	0	0	0	0	N	Y	N	N	N	N	N	N	N	N	N	N	0.0000	0.0000	0.0000	0.0000	0.0000	0.0000	0.0000	0.0000	0.0000	0.0000	0.0000	0.0000	0.0000	0.0000	0.0000	0.0000	0.0000	0.0000	0.0000	0.0000	0.0000	1.0000	0.0000	6.9850	0.0000	0.0000	0.0000	0.0000	0.0000	0.0000	0.0000	0.0000	0.0000	0.0000	0.0000	0.0000	0.0000	0.0000	0.0000	0.0000	0.0000	0.0000	0.0000	0.0000	0.0000	0.0000	0.0000	0.0000	0.0000	0.0000	0.0000	0.0000	0.0000	0.0000	0.0000	0.0000	0.0000	0.0000	0.0000	0.0000	0.0000	0.0000	0.0000	0.0000	0.0000	0.0000	0.0000	0.0000	0.0000	0.0000	0.0000	0.0000	0.0000	0.0000	0.0000	0.0000	0.0000	0.0000											
33	86	0.1446	7	1	1	0	0	0	0	0	0	N	N	N	N	N	N	N	N	N	N	N	N	0.0000	0.0000	0.0000	0.0000	0.0000	0.0000	0.0000	0.0000	0.0000	0.0000	0.0000	0.0000	0.0000	0.0000	0.0000	0.0000	0.0000	0.0000	0.0000	0.0000	0.0000	1.0086	0.0000	2.0000	0.0000	0.0000	0.0000	0.0000	0.0000	0.0000	0.0000	0.0000	0.0000	0.0000	0.0000	0.0000	0.0000	0.0000	0.0000	0.0000	0.0000	0.0000	0.0000	0.0000	0.0000	0.0000	0.0000	0.0000	0.0000	0.0000	0.0000	0.0000	0.0000	0.0000	0.0000	0.0000	0.0000	0.0000	0.0000	0.0000	0.0000	0.0000	0.0000	0.0000	0.0000	0.0000	0.0000	0.0000	0.0000	0.0000	0.0000	0.0000	0.0000	0.0000	0.0000	0.0000	0.0000	0.0000											
33	87	0.1427	7	1	2	0	0	0	0	0	0	N	Y	N	N	N	N	N	N	N	N	N	N	0.0000	0.0000	0.0000	0.0000	0.0000	0.0000	0.0000	0.0000	0.0000	0.0000	0.0000	0.0000	0.0000	0.0000	0.0000	0.0000	0.0000	0.0000	0.0000	0.0000	0.0000	4.0000	0.0000	7.0000	0.0000	0.0000	0.0000	0.0000	0.0000	0.0000	0.0000	0.0000	0.0000	0.0000	0.0000	0.0000	0.0000	0.0000	0.0000	0.0000	0.0000	0.0000	0.0000	0.0000	0.0000	0.0000	0.0000	0.0000	0.0000	0.0000	0.0000	0.0000	0.0000	0.0000	0.0000	0.0000	0.0000	0.0000	0.0000	0.0000	0.0000	0.0000	0.0000	0.0000	0.0000	0.0000	0.0000	0.0000	0.0000	0.0000	0.0000	0.0000	0.0000	0.0000	0.0000	0.0000	0.0000	0.0000											
33	88	0.1009	6	1	1	0	0	0	0	0	0	N	N	N	N	N	N	N	N	N	N	N	N	0.0000	0.0000	0.0000	0.0000	0.0000	0.0000	0.0000	0.0000	0.0000	0.0000	0.0000	0.0000	0.0000	0.0000	0.0000	0.0000	0.0000	0.0000	0.0000	0.0000	0.0000	2.9985	0.0000	7.0016	0.0000	0.0000	0.0000	0.0000	0.0000	0.0000	0.0000	0.0000	0.0000	0.0000	0.0000	0.0000	0.0000	0.0000	0.0000	0.0000	0.0000	0.0000	0.0000	0.0000	0.0000	0.0000	0.0000	0.0000	0.0000	0.0000	0.0000	0.0000	0.0000	0.0000	0.0000	0.0000	0.0000	0.0000	0.0000	0.0000	0.0000	0.0000	0.0000	0.0000	0.0000	0.0000	0.0000	0.0000	0.0000	0.0000	0.0000	0.0000	0.0000	0.0000	0.0000	0.0000	0.0000	0.0000											
33	89	0.1619	9	1	2	0	0	0	0	0	0	N	Y	N	N	N	N	N	N	N	N	N	N	0.0000	0.0000	0.0000	0.0000	0.0000	0.0000	0.0000	0.0000	0.0000	0.0000	0.0000	0.0000	0.0000	0.0000	0.0000	0.0000	0.0000	0.0000	0.0000	0.0000	0.0000	0.0157	0.0000	9.0253	0.0000	0.0000	0.0000	0.0000	0.0000	0.0000	0.0000	0.0000	0.0000	0.0000	0.0000	0.0000	0.0000	0.0000	0.0000	0.0000	0.0000	0.0000	0.0000	0.0000	0.0000	0.0000	0.0000	0.0000	0.0000	0.0000	0.0000	0.0000	0.0000	0.0000	0.0000	0.0000	0.0000	0.0000	0.0000	0.0000	0.0000	0.0000	0.0000	0.0000	0.0000	0.0000	0.0000	0.0000	0.0000	0.0000	0.0000	0.0000	0.0000	0.0000	0.0000	0.0000	0.0000	0.0000											
33	90	0.1533	8	1	2	0	0	0	0	0	0	N	Y	N	N	N	N	N	N	N	N	N	N	0.0000	0.0000	0.0000	0.0000	0.0000	0.0000	0.0000	0.0000	0.0000	0.0000	0.0000	0.0000	0.0000	0.0000	0.0000	0.0000	0.0000	0.0000	0.0000	0.0000	0.0000	0.0169	0.0000	2.0013	0.0000	0.0000	0.0000	0.0000	0.0000	0.0000	0.0000	0.0000	0.0000	0.0000	0.0000	0.0000	0.0000	0.0000	0.0000	0.0000	0.0000	0.0000	0.0000	0.0000	0.0000	0.0000	0.0000	0.0000	0.0000	0.0000	0.0000	0.0000	0.0000	0.0000	0.0000	0.0000	0.0000	0.0000	0.0000	0.0000	0.0000	0.0000	0.0000	0.0000	0.0000	0.0000	0.0000	0.0000	0.0000	0.0000	0.0000	0.0000	0.0000	0.0000	0.0000	0.0000	0.0000	0.0000											
33	91	0.1446	7	1	1	0	0	0	0	0	0	N	N	N	N	N	N	N	N	N	N	N	N	0.0000	0.0000	0.0000	0.0000	0.0000	0.0000	0.0000	0.0000	0.0000	0.0000	0.0000	0.0000	0.0000	0.0000	0.0000	0.0000	0.0000	0.0000	0.0000	0.0000	0.0000	1.9923	0.0000	0.0454	0.0000	0.0000	0.0000	0.0000	0.0000	0.0000	0.0000	0.0000	0.0000	0.0000	0.0000	0.0000	0.0000	0.0000	0.0000	0.0000	0.0000	0.0000	0.0000	0.0000	0.0000	0.0000	0.0000	0.0000	0.0000	0.0000	0.0000	0.0000	0.0000	0.0000	0.0000	0.0000	0.0000	0.0000	0.0000	0.0000	0.0000	0.0000	0.0000	0.0000	0.0000	0.0000	0.0000	0.0000	0.0000	0.0000	0.0000	0.0000	0.0000	0.0000	0.0000	0.0000	0.0000	0.0000											
33	92	0.1009	6	1	1	0	0	0	0	0	0	N	N	N	N	N	N	N	N	N	N	N	N	0.0000	0.0000	0.0000	0.0000	0.0000	0.0000	0.0000	0.0000	0.0000	0.0000	0.0000	0.0000	0.0000	0.0000	0.0000	0.0000	0.0000	0.0000	0.0000	0.0000	0.0000	1.0098	0.0000	9.0196	0.0000	0.0000	0.0000	0.0000	0.0000	0.0000	0.0000	0.0000	0.0000	0.0000	0.0000	0.0000	0.0000	0.0000	0.0000	0.0000	0.0000	0.0000	0.0000	0.0000	0.0000	0.0000	0.0000	0.0000	0.0000	0.0000	0.0000	0.0000	0.0000	0.0000	0.0000	0.0000	0.0000	0.0000	0.0000	0.0000	0.0000	0.0000	0.0000	0.0000	0.0000	0.0000	0.0000	0.0000	0.0000	0.0000	0.0000	0.0000	0.0000	0.0000	0.0000	0.0000	0.0000	0.0000											
33	93	0.0042	3	2	2	0	1	0	0	0	0	Y	Y	N	N	N	N	N	N	N	N	N	N	0.0000	0.0000	0.0000	0.0000	0.0000	0.0000	0.0000	0.0000	0.0000	0.0000	0.0000	0.0000	0.0000	0.0000	0.0000	0.0000	0.0000	0.0000	0.0000	0.0000	0.0000	0.0000	0.0000	0.0000	0.0000	0.0000	0.0000	0.0000	0.0000	0.0000	0.0000	0.0000	0.0000	0.0000	0.0000	0.0000	0.0000	0.0000	0.0000	0.0000	0.0000	0.0000	0.0000	0.0000	0.0000	0.0000	0.0000	0.0000	0.0000	0.0000	0.0000	0.0000	0.0000	0.0000	0.0000	0.0000	0.0000	0.0000	0.0000	0.0000	0.0000	0.0000	0.0000	0.0000	0.0000	0.0000	0.0000	0.0000	0.0000	0.0000	0.0000	0.0000	0.0000	0.0000	0.0000	0.0000	0.0000	0.0000											
33	94	0.0042	2	2	2	0	1	0	0	0	0	Y	Y	N	N	N	N	N	N	N	N	N	N	0.0000	0.0000	0.0000	0.0000	0.0000	0.0000	0.0000	0.0000	0.0000	0.0000	0.0000	0.0000	0.0000	0.0000	0.0000	0.0000	0.0000	0.0000	0.0000	0.0000	0.0000	0.0000	0.0000	0.0001	0.0000	0.0000	0.0000	0.0000	0.0000	0.0000	0.0000	0.0000	0.0000	0.0000	0.0000	0.0000	0.0000	0.0000	0.0000	0.0000	0.0000	0.0000	0.0000	0.0000	0.0000	0.0000	0.0000	0.0000	0.0000	0.0000	0.0000	0.0000	0.0000	0.0000	0.0000	0.0000	0.0000	0.0000	0.0000	0.0000	0.0000	0.0000	0.0000	0.0000	0.0000	0.0000	0.0000	0.0000	0.0000	0.0000	0.0000	0.0000	0.0000	0.0000	0.0000	0.0000	0.0000	0.0000											
33	95	0.0479	5	1	2	0	1	0	0	0	0	N	Y	N	N	N	N	N	N	N	N	N	N	0.0000	0.0000	0.0000	0.0000	0.0000	0.0000	0.0000	0.0000	0.0000	0.0000	0.0000	0.0000	0.0000	0.0000	0.0000	0.0000	0.0000	0.0000	0.0000	0.0000	0.0000	0.9845	0.0000	0.9903	0.0000	0.0000	0.0000	0.0000	0.0000	0.0000	0.0000	0.0000	0.0000	0.0000	0.0000	0.0000	0.0000	0.0000	0.0000	0.0000	0.0000	0.0000	0.0000	0.0000	0.0000	0.0000	0.0000	0.0000	0.0000	0.0000	0.0000	0.0000	0.0000	0.0000	0.0000	0.0000	0.0000	0.0000	0.0000	0.0000	0.0000	0.0000	0.0000	0.0000	0.0000	0.0000	0.0000	0.0000	0.0000	0.0000	0.0000	0.0000	0.0000	0.0000	0.0000	0.0000	0.0000	0.0000											
33	96	0.0249	3	1	2	0	0	0	0	0	0	N	Y	N	N	N	N	N	N	N	N	N	N	0.0000	0.0000	0.0000	0.0000	0.0000	0.0000	0.0000	0.0000	0.0000	0.0000	0.0000	0.0000	0.0000	0.0000	0.0000	0.0000	0.0000	0.0000	0.0000	0.0000	0.0000	1.0063	0.0000	3.7812	0.0000	0.0000	0.0000	0.0000	0.0000	0.0000	0.0000	0.0000	0.0000	0.0000	0.0000	0.0000	0.0000	0.0000	0.0000	0.0000	0.0000	0.0000	0.0000	0.0000	0.0000	0.0000	0.0000	0.0000	0.0000	0.0000	0.0000	0.0000	0.0000	0.0000	0.0000	0.0000	0.0000	0.0000	0.0000	0.0000	0.0000	0.0000	0.0000	0.0000	0.0000	0.0000	0.0000	0.0000	0.0000	0.0000	0.0000	0.0000	0.0000	0.0000	0.0000	0.0000	0.0000	0.0000											
33	97	0.0479	5	1	1	1	1	0	0	0	0	N	N	N	N	N	N	N	N	N	N	N	N	0.0000	0.0000	0.0000	0.0000	0.0000	0.0000	0.0000	0.0000	0.0000	0.0000	0.0000	0.0000	0.0000	0.0000	0.0000	0.0000	0.0000	0.0000	0.0000	0.0000	0.0000	1.0165	0.0000	1.0129	0.0000	0.0000	0.0000	0.0000	0.0000	0.0000	0.0000	0.0000	0.0000	0.0000	0.0000	0.0000	0.0000	0.0000	0.0000	0.0000	0.0000	0.0000	0.0000	0.0000	0.0000	0.0000	0.0000	0.0000	0.0000	0.0000	0.0000	0.0000	0.0000	0.0000	0.0000	0.0000	0.0000	0.0000	0.0000	0.0000	0.0000	0.0000	0.0000	0.0000	0.0000	0.0000	0.0000	0.0000	0.0000	0.0000	0.0000	0.0000	0.0000	0.0000	0.0000	0.0000	0.0000	0.0000											
33	98	0.0350	4	1	1	0	1	0	0	0	0	N	N	N	N	N	N	N	N	N	N	N	N	0.0000	0.0000	0.0000	0.0000	0.0000	0.0000	0.0000	0.0000	0.0000	0.0000	0.0000	0.0000	0.0000	0.0000	0.0000	0.0000	0.0000	0.0000	0.0000	0.0000	0.0000	2.0241	0.0000	1.0265	0.0000	0.0000	0.0000	0.0000	0.0000	0.0000	0.0000	0.0000	0.0000	0.0000	0.0000	0.0000	0.0000	0.0000	0.0000	0.0000	0.0000	0.0000	0.0000	0.0000	0.0000	0.0000	0.0000	0.0000	0.0000	0.0000	0.0000	0.0000	0.0000	0.0000	0.0000	0.0000	0.0000	0.0000	0.0000	0.0000	0.0000	0.0000	0.0000	0.0000	0.0000	0.0000	0.0000	0.0000	0.0000	0.0000	0.0000	0.0000	0.0000	0.0000	0.0000	0.0000	0.0000	0.0000											
33	99	0.0350	4	1	1	1	1	0	0	0	0	N	N	N	N	N	N	N	N	N	N	N	N	0.0000	0.0000	0.0000	0.0000	0.0000	0.0000	0.0000	0.0000	0.0000	0.0000	0.0000	0.0000	0.0000	0.0000	0.0000	0.0000	0.0000	0.0000	0.0000	0.0000	0.0000	3.0066	0.0000	0.0000	0.0000	0.0000	0.0000	0.0000	0.0000	0.0000	0.0000	0.0000	0.0000	0.0000	0.0000	0.0000	0.0000	0.0000	0.0000	0.0000	0.0000	0.0000	0.0000	0.0000	0.0000	0.0000	0.0000	0.0000	0.0000	0.0000	0.0000	0.0000	0.0000	0.0000	0.0000	0.0000	0.0000	0.0000	0.0000	0.0000	0.0000	0.0000	0.0000	0.0000	0.0000	0.0000	0.0000	0.0000	0.0000	0.0000	0.0000	0.0000	0.0000	0.0000	0.0000	0.0000	0.0000	0.0000											
33	100	0.0874	6	1	1	1	1	0	0	0	0	N	N	N	N	N	N	N	N	N	N	N	N	0.0000	0.0000	0.0000	0.0000	0.0000	0.0000	0.0000	0.0000	0.0000	0.0000	0.0000	0.0000	0.0000	0.0000	0.0000	0.0000	0.0000	0.0000	0.0000	0.0000	0.0000	0.0000	0.0000	2.0000	0.0000	0.0000	0.0000	0.0000	0.0000	0.0000	0.0000	0.0000	0.0000	0.0000	0.0000	0.0000	0.0000	0.0000	0.0000	0.0000	0.0000	0.0000	0.0000	0.0000	0.0000	0.0000	0.0000	0.0000	0.0000	0.0000	0.0000	0.0000	0.0000	0.0000	0.0000	0.0000	0.0000	0.0000	0.0000	0.0000	0.0000	0.0000	0.0000	0.0000	0.0000	0.0000	0.0000	0.0000	0.0000	0.0000	0.0000	0.0000	0.0000	0.0000	0.0000	0.0000	0.0000	0.0000											
33	101	0.0484	5	1	1	1	1	0	0	0	0	N	N	N	N	N	N	N	N	N	N	N	N	0.0000	0.0000	0.0000	0.0000	0.0000	0.0000	0.0000	0.0000	0.0000	0.0000	0.0000	0.0000	0.0000	0.0000	0.0000	0.0000	0.0000	0.0000	0.0000	0.0000	0.0000	5.8899	0.0000	3.1847	0.0000	0.0000	0.0000	0.0000	0.0000	0.0000	0.0000	0.0000	0.0000	0.0000	0.0000	0.0000	0.0000	0.0000	0.0000	0.0000	0.0000	0.0000	0.0000	0.0000	0.0000	0.0000	0.0000	0.0000	0.0000	0.0000	0.0000	0.0000	0.0000	0.0000	0.0000	0.0000	0.0000	0.0000	0.0000	0.0000	0.0000	0.0000	0.0000	0.0000	0.0000	0.0000	0.0000	0.0000	0.0000	0.0000	0.0000	0.0000	0.0000	0.0000	0.0000	0.0000	0.0000	0.0000											
33	102	0.2002	7	2	2	0	0	0	0	0	0	Y	Y	N	N	N	N	N	N	N	N	N	N	0.0000	0.0000	0.0000	0.0000	0.0000	0.0000	0.0000	0.0000	0.0000	0.0000	0.0000	0.0000	0.0000	0.0000	0.0000	0.0000	0.0000	0.0000	0.0000	0.0000	0.0000	0.0000	0.0000	0.0000	0.0000	0.0000	0.0000	0.0000	0.0000	0.0000	0.0000	0.0000	0.0000	0.0000	0.0000	0.0000	0.0000	0.0000	0.0000	0.0000	0.0000	0.0000	0.0000	0.0000	0.0000	0.0000	0.0000	0.0000	0.0000	0.0000	0.0000	0.0000	0.0000	0.0000	0.0000	0.0000	0.0000	0.0000	0.0000	0.0000	0.0000	0.0000	0.0000	0.0000	0.0000	0.0000	0.0000	0.0000	0.0000	0.0000	0.0000	0.0000	0.0000	0.0000	0.0000	0.0000	0.0000	0.0000											
33	103	0.1009	6	2	2	0	0	0	0	0	0	Y	Y	N	N	N	N	N	N	N	N	N	N	0.0000	0.0000	0.0000	0.0000	0.0000	0.0000	0.0000	0.0000	0.0000	0.0000	0.0000	0.0000	0.0000	0.0000	0.0000	0.0000	0.0000	0.0000	0.0000	0.0000	0.0000	8.0012	0.0000	14.0016	0.0000	0.0000	0.0000	0.0000	0.0000	0.0000	0.0000	0.0000	0.0000	0.0000	0.0000	0.0000	0.0000	0.0000	0.0000	0.0000	0.0000	0.0000	0.0000	0.0000	0.0000	0.0000	0.0000	0.0000	0.0000	0.0000	0.0000	0.0000	0.0000	0.0000	0.0000	0.0000	0.0000	0.0000	0.0000	0.0000	0.0000	0.0000	0.0000	0.0000	0.0000	0.0000	0.0000	0.0000	0.0000	0.0000	0.0000	0.0000	0.0000	0.0000	0.0000	0.0000	0.0000	0.0000											
33	104	0.1639	7	1	2	0	0	0	0	0	0	N	Y	N	N	N	N	N	N	N	N	N	N	0.0000	0.0000	0.0000	0.0000	0.0000	0.0000	0.0000	0.0000	0.0000	0.0000	0.0000	0.0000	0.0000	0.0000	0.0000	0.0000	0.0000	0.0000	0.0000	0.0000	0.0000	2.0010	0.0000	1.0153	0.0000	0.0000	0.0000	0.0000	0.0000	0.0000	0.0000	0.0000	0.0000	0.0000	0.0000	0.0000	0.0000	0.0000	0.0000	0.0000	0.0000	0.0000	0.0000	0.0000	0.0000	0.0000	0.0000	0.0000	0.0000	0.0000	0.0000	0.0000	0.0000	0.0000	0.0000	0.0000	0.0000	0.0000	0.0000	0.0000	0.0000	0.0000	0.0000	0.0000	0.0000	0.0000	0.0000	0.0000	0.0000	0.0000	0.0000	0.0000	0.0000	0.0000	0.0000	0.0000	0.0000	0.0000											
33	105	0.1009	6	1	2	0	0	0	0	0	0	N	Y	N	N	N	N	N	N	N	N	N	N	0.0000	0.0000	0.0000	0.0000	0.0000	0.0000	0.0000	0.0000	0.0000	0.0000	0.0000	0.0000	0.0000	0.0000	0.0000	0.0000	0.0000	0.0000	0.0000	0.0000	0.0000	3.0162	0.0000	11.0438	0.0000	0.0000	0.0000	0.0000	0.0000	0.0000	0.0000	0.0000	0.0000	0.0000	0.0000	0.0000	0.0000	0.0000	0.0000	0.0000	0.0000	0.0000	0.0000	0.0000	0.0000	0.0000	0.0000	0.0000	0.0000	0.0000	0.0000	0.0000	0.0000	0.0000	0.0000	0.0000	0.0000	0.0000	0.0000	0.0000	0.0000	0.0000	0.0000	0.0000	0.0000	0.0000	0.0000	0.0000	0.0000	0.0000	0.0000	0.0000	0.0000	0.0000	0.0000	0.0000	0.0000	0.0000											
33	115	0.2935	9	1	1	0	0	0	0	0	0	N	N	N	N	N	N	N	N	N	N	N	N	0.0000	0.0000	0.0000	0.0000	0.0000	0.0000	0.0000	0.0000	0.0000	0.0000	0.0000	0.0000	0.0000	0.0000	0.0000	0.0000	0.0000	0.0000	0.0000	0.0000	0.0000	8.9918	0.0000	13.3277	0.0000	0.0000	0.0000	0.0000	0.0000	0.0000	0.0000	0.0000	0.0000	0.0000	0.0000	0.0000	0.0000	0.0000	0.0000	0.0000	0.0000	0.0000	0.0000	0.0000	0.0000	0.0000	0.0000	0.0000	0.0000	0.0000	0.0000	0.0000	0.0000	0.0000	0.0000	0.0000	0.0000	0.0000	0.0000	0.0000	0.0000	0.0000	0.0000	0.0000	0.0000	0.0000	0.0000	0.0000	0.0000	0.0000	0.0000	0.0000	0.0000	0.0000	0.0000	0.0000	0.0000	0.0000											
34	35	0.1092	3	1	2	0	1	0	0	0	0	N	Y	N	N	N	N	N	N	N	N	N	N	0.0000	0.0000	0.0000	0.0000	0.0000	0.0000	0.0000	0.0000	0.0000	0.0000	0.0000	0.0000	0.0000	2.5248	0.0000	7.0957	0.0000	0.0000	0.0000	2.5954	0.0000	6.3384	inf	0.0000	0.4601	5.0000	1.9985	6.9850	17.9985	0.0000	0.0000	0.0000	0.0000	0.0000	0.0000	0.0000	0.0000	0.0000	1.0000	0.0000	1.0000	0.0000	0.0000	0.0000	1.0000	0.0000	1.0000	0.1309	0.1112	0.0196	0.0015	0.0014	0.0001	0.1294	0.1099	0.0195	0.4125	0.2346	0.1778	0.0272	0.0204	0.0068	0.3853	0.2143	0.1710	0.0000	0.0000	0.0000	0.0000	0.0000	0.0000	0.0000	0.0000	0.0000	2.4245	0.0000	5.6239	0.0000	0.0000	0.0000	2.5954	0.0000	5.8476						
34	36	0.1196	2	0	1	1	1	0	0	0	0	N	N	N	N	N	N	N	N	N	N	N	N	0.0000	0.0000	0.0000	0.0000	0.0000	0.0000	0.0000	0.0000	0.0000	0.0000	0.0000	0.0000	0.0000	0.0000	0.0000	0.0021	0.0033	0.0000	0.0002	0.0002	0.0000	0.0024	0.0043	0.0000	0.0000	0.0000	-0.0000	5.0000	0.0001	6.9850	0.9943	0.0000	0.0000	0.0000	0.0000	0.0000	0.0000	0.0000	0.0000	0.0000	0.0001	0.0001	0.0000	0.0000	0.0000	0.0000	0.0001	0.0001	0.0000	0.0000	0.0000	0.0000	0.0000	0.0000	0.0000	0.0000	0.0000	0.0000	0.0294	0.0183	0.0111	0.0049	0.0044	0.0005	0.0245	0.0140	0.0106	0.0000	0.0000	0.0000	0.0000	0.0000	0.0000	0.0000	0.0000	0.0000	0.0021	0.0033	0.0000	0.0002	0.0002	0.0000	0.0024	0.0043	0.0000				
34	37	0.0958	2	0	2	0	1	0	0	0	0	N	Y	N	N	N	N	N	N	N	N	N	N	0.0000	0.0000	0.0000	0.0000	0.0000	0.0000	0.0000	0.0000	0.0000	0.0000	0.0000	0.0000	0.0000	10.2580	0.0000	51.1377	0.0000	0.0000	0.0000	11.4596	0.0000	45.3736	inf	0.0000	0.4601	5.0000	2.0000	6.9850	2.0000	0.0000	0.0000	0.0000	0.0000	0.0000	0.0000	0.0000	0.0000	0.0000	1.0000	0.0000	1.0000	0.0000	0.0000	0.0000	1.0000	0.0000	1.0000	0.1305	0.1110	0.0195	0.0026	0.0024	0.0002	0.1279	0.1086	0.0193	0.0984	0.0560	0.0424	0.0111	0.0088	0.0024	0.0873	0.0473	0.0400	0.0000	0.0000	0.0000	0.0000	0.0000	0.0000	0.0000	0.0000	0.0000	10.1615	0.0000	23.5995	0.0000	0.0000	0.0000	11.4596	0.0000	24.9979						
34	38	0.1678	5	1	1	1	1	0	0	0	0	N	N	N	N	N	N	N	N	N	N	N	N	0.0000	0.0000	0.0000	0.0000	0.0000	0.0000	0.0000	0.0000	0.0000	0.0000	0.0000	0.0000	0.0000	6.4903	11.3444	0.0000	609.0569	676.3122	0.0000	0.0000	0.0000	0.0000	0.0000	0.0000	-0.5399	5.0000	2.0000	6.9850	5.0000	0.0000	0.0000	0.0000	0.0000	0.0000	0.0000	0.0000	0.0000	0.0000	1.0000	1.0000	0.0000	1.0000	1.0000	0.0000	0.0000	0.0000	0.0000	0.1289	0.1100	0.0189	0.0068	0.0064	0.0003	0.1221	0.1036	0.0185	0.1541	0.0927	0.0614	0.0172	0.0135	0.0037	0.1369	0.0793	0.0576	0.0000	0.0000	0.0000	0.0000	0.0000	0.0000	0.0000	0.0000	0.0000	6.4903	10.7860	0.0000	58.1957	74.2857	0.0000	0.0000	0.0000	0.0000						
34	39	0.0702	2	0	2	0	1	0	0	0	0	N	Y	N	N	N	N	N	N	N	N	N	N	0.0000	0.0000	0.0000	0.0000	0.0000	0.0000	0.0000	0.0000	0.0000	0.0000	0.0000	0.0000	0.0000	0.0000	0.0000	0.0000	0.0027	0.0045	0.0000	0.0176	0.0221	0.0000	0.0000	0.0000	0.0000	0.0005	0.0000	-0.0002	5.0000	0.0217	6.9850	6.0735	0.0000	0.0000	0.0000	0.0000	0.0000	0.0000	0.0000	0.0000	0.0000	0.0004	0.0004	0.0000	0.0004	0.0004	0.0000	0.0000	0.0000	0.0000	0.0051	0.0044	0.0007	0.0019	0.0019	0.0000	0.0033	0.0026	0.0007	0.1625	0.0950	0.0675	0.0245	0.0195	0.0050	0.1381	0.0755	0.0626	0.0000	0.0000	0.0000	0.0000	0.0000	0.0000	0.0000	0.0000	0.0000	0.0027	0.0045	0.0000	0.0176	0.0221	0.0000	0.0000	0.0000	0.0000			
34	42	0.1678	5	1	1	1	1	0	0	0	0	N	N	N	N	N	N	N	N	N	N	N	N	0.0000	0.0000	0.0000	0.0000	0.0000	0.0000	0.0000	0.0000	0.0000	0.0000	0.0000	0.0000	0.0000	0.0000	0.0000	0.0000	0.0000	0.0000	0.0000	0.0000	5.0000	0.0000	6.9850	0.0000	0.0000	0.0000	0.0000	0.0000	0.0000	0.0000	0.0000	0.0000	0.0000	0.0000	0.0000	0.0000	0.0000	0.0000	0.0000	0.0000	0.0000	0.0000	0.0000	0.0000	0.0000	0.0000	0.0000	0.0000	0.0000	0.0000	0.0000	0.0000	0.0000	0.0000	0.0000	0.0000	0.0000	0.0000	0.0000	0.0000	0.0000	0.0000	0.0000	0.0000	0.0000	0.0000	0.0000	0.0000	0.0000	0.0000	0.0000	0.0000	0.0000	0.0000	0.0000	0.0000	0.0000	0.0000											
34	43	0.1511	4	1	1	1	1	0	0	0	0	N	N	N	N	N	N	N	N	N	N	N	N	0.0000	0.0000	0.0000	0.0000	0.0000	0.0000	0.0000	0.0000	0.0000	0.0000	0.0000	0.0000	0.0000	0.0000	0.0000	0.0000	0.0000	0.0000	0.0000	0.0000	5.0000	1.0000	6.9850	3.0000	0.0000	0.0000	0.0000	0.0000	0.0000	0.0000	0.0000	0.0000	0.0000	0.0000	0.0000	0.0000	0.0000	0.0000	0.0000	0.0000	0.0000	0.0000	0.0651	0.0556	0.0096	0.0031	0.0030	0.0002	0.0620	0.0526	0.0094	0.0896	0.0535	0.0362	0.0085	0.0065	0.0020	0.0811	0.0470	0.0342	0.0000	0.0000	0.0000	0.0000	0.0000	0.0000	0.0000	0.0000	0.0000	0.0000	0.0000	0.0000	0.0000	0.0000	0.0000	0.0000	0.0000	0.0000											
34	44	0.1511	4	1	1	1	1	0	0	0	0	N	N	N	N	N	N	N	N	N	N	N	N	0.0000	0.0000	0.0000	0.0000	0.0000	0.0000	0.0000	0.0000	0.0000	0.0000	0.0000	0.0000	0.0000	11.6093	18.7031	0.0000	0.0000	0.0000	0.0000	12.3276	21.2910	0.0000	0.0000	0.0000	-0.5399	5.0000	1.0000	6.9850	3.0000	0.0000	0.0000	0.0000	0.0000	0.0000	0.0000	0.0000	0.0000	0.0000	1.0000	1.0000	0.0000	0.0000	0.0000	0.0000	1.0000	1.0000	0.0000	0.0651	0.0556	0.0096	0.0031	0.0030	0.0002	0.0620	0.0526	0.0094	0.0896	0.0535	0.0362	0.0085	0.0065	0.0020	0.0811	0.0470	0.0342	0.0000	0.0000	0.0000	0.0000	0.0000	0.0000	0.0000	0.0000	0.0000	11.1585	18.7031	0.0000	0.0000	0.0000	0.0000	12.3276	21.2910	0.0000						
34	45	0.0958	2	0	1	1	1	0	0	0	0	N	N	N	N	N	N	N	N	N	N	N	N	0.0000	0.0000	0.0000	0.0000	0.0000	0.0000	0.0000	0.0000	0.0000	0.0000	0.0000	0.0000	0.0000	0.0000	0.0000	0.0000	0.0000	0.0000	0.0000	0.0000	5.0000	0.0000	6.9850	0.0000	0.0000	0.0000	0.0000	0.0000	0.0000	0.0000	0.0000	0.0000	0.0000	0.0000	0.0000	0.0000	0.0000	0.0000	0.0000	0.0000	0.0000	0.0000	0.0000	0.0000	0.0000	0.0000	0.0000	0.0000	0.0000	0.0000	0.0000	0.0000	0.0000	0.0000	0.0000	0.0000	0.0000	0.0000	0.0000	0.0000	0.0000	0.0000	0.0000	0.0000	0.0000	0.0000	0.0000	0.0000	0.0000	0.0000	0.0000	0.0000	0.0000	0.0000	0.0000	0.0000	0.0000	0.0000											
34	47	0.1238	3	0	2	0	1	0	0	0	0	N	Y	N	N	N	N	N	N	N	N	N	N	0.0000	0.0000	0.0000	0.0000	0.0000	0.0000	0.0000	0.0000	0.0000	0.0000	0.0000	0.0000	0.0000	0.0000	0.0000	0.0000	0.0000	0.0000	0.0000	0.0000	5.0000	0.0000	6.9850	0.0000	0.0000	0.0000	0.0000	0.0000	0.0000	0.0000	0.0000	0.0000	0.0000	0.0000	0.0000	0.0000	0.0000	0.0000	0.0000	0.0000	0.0000	0.0000	0.0000	0.0000	0.0000	0.0000	0.0000	0.0000	0.0000	0.0000	0.0000	0.0000	0.0000	0.0000	0.0000	0.0000	0.0000	0.0000	0.0000	0.0000	0.0000	0.0000	0.0000	0.0000	0.0000	0.0000	0.0000	0.0000	0.0000	0.0000	0.0000	0.0000	0.0000	0.0000	0.0000	0.0000	0.0000	0.0000											
34	48	0.1836	6	1	2	1	1	0	0	0	0	N	Y	N	N	N	N	N	N	N	N	N	N	0.0000	0.0000	0.0000	0.0000	0.0000	0.0000	0.0000	0.0000	0.0000	0.0000	0.0000	0.0000	0.0000	0.0000	0.0000	0.0000	0.0000	0.0000	0.0000	0.0000	5.0000	0.0000	6.9850	2.0152	0.0000	0.0000	0.0000	0.0000	0.0000	0.0000	0.0000	0.0000	0.0000	0.0000	0.0000	0.0000	0.0000	0.0000	0.0000	0.0000	0.0000	0.0000	0.0000	0.0000	0.0000	0.0000	0.0000	0.0000	0.0000	0.0000	0.0000	0.0497	0.0298	0.0199	0.0084	0.0068	0.0016	0.0413	0.0230	0.0183	0.0000	0.0000	0.0000	0.0000	0.0000	0.0000	0.0000	0.0000	0.0000	0.0000	0.0000	0.0000	0.0000	0.0000	0.0000	0.0000	0.0000	0.0000											
34	49	0.1793	5	1	1	1	1	0	0	0	0	N	N	N	N	N	N	N	N	N	N	N	N	0.0000	0.0000	0.0000	0.0000	0.0000	0.0000	0.0000	0.0000	0.0000	0.0000	0.0000	0.0000	0.0000	0.0008	0.0013	0.0000	0.0047	0.0057	0.0000	0.0000	0.0000	0.0000	0.0000	0.0000	-0.0000	5.0000	0.0003	6.9850	1.0311	0.0000	0.0000	0.0000	0.0000	0.0000	0.0000	0.0000	0.0000	0.0000	0.0000	0.0000	0.0000	0.0000	0.0000	0.0000	0.0000	0.0000	0.0000	0.0001	0.0001	0.0000	0.0000	0.0000	0.0000	0.0001	0.0000	0.0000	0.0258	0.0156	0.0102	0.0043	0.0035	0.0007	0.0215	0.0121	0.0094	0.0000	0.0000	0.0000	0.0000	0.0000	0.0000	0.0000	0.0000	0.0000	0.0008	0.0013	0.0000	0.0047	0.0057	0.0000	0.0000	0.0000	0.0000						
34	50	0.1793	5	1	2	1	1	0	0	0	0	N	Y	N	N	N	N	N	N	N	N	N	N	0.0000	0.0000	0.0000	0.0000	0.0000	0.0000	0.0000	0.0000	0.0000	0.0000	0.0000	0.0000	0.0000	0.0008	0.0013	0.0000	0.0047	0.0057	0.0000	0.0000	0.0000	0.0000	0.0000	0.0000	-0.0000	5.0000	0.0003	6.9850	1.0126	0.0000	0.0000	0.0000	0.0000	0.0000	0.0000	0.0000	0.0000	0.0000	0.0000	0.0000	0.0000	0.0000	0.0000	0.0000	0.0000	0.0000	0.0000	0.0001	0.0001	0.0000	0.0000	0.0000	0.0000	0.0001	0.0000	0.0000	0.0254	0.0154	0.0100	0.0042	0.0035	0.0007	0.0211	0.0119	0.0092	0.0000	0.0000	0.0000	0.0000	0.0000	0.0000	0.0000	0.0000	0.0000	0.0008	0.0013	0.0000	0.0047	0.0057	0.0000	0.0000	0.0000	0.0000						
34	51	0.2085	4	1	2	0	1	0	0	0	0	N	Y	N	N	N	N	N	N	N	N	N	N	0.0000	0.0000	0.0000	0.0000	0.0000	0.0000	0.0000	0.0000	0.0000	0.0000	0.0000	0.0000	0.0000	0.0000	0.0000	0.0000	0.0000	0.0000	0.0000	0.0000	5.0000	0.0000	6.9850	1.0000	0.0000	0.0000	0.0000	0.0000	0.0000	0.0000	0.0000	0.0000	0.0000	0.0000	0.0000	0.0000	0.0000	0.0000	0.0000	0.0000	0.0000	0.0000	0.0000	0.0000	0.0000	0.0000	0.0000	0.0000	0.0000	0.0000	0.0000	0.0235	0.0142	0.0093	0.0051	0.0041	0.0011	0.0184	0.0101	0.0083	0.0000	0.0000	0.0000	0.0000	0.0000	0.0000	0.0000	0.0000	0.0000	0.0000	0.0000	0.0000	0.0000	0.0000	0.0000	0.0000	0.0000	0.0000											
34	52	0.0918	3	0	2	0	2	0	0	0	0	N	Y	N	Y	N	N	N	N	N	N	N	N	inf	inf	inf	inf	15.1999	17.8851	0.0000	0.0000	0.0000	0.0000	15.4515	18.2138	0.0000	0.0000	0.0000	0.0000	0.0000	0.0000	0.0000	0.0000	0.0000	0.0000	0.0000	-0.4613	0.0000	5.0000	0.9995	6.9850	1.0399	0.9991	0.9991	0.0000	0.0000	0.0000	0.0000	0.9991	0.9991	0.0000	0.0000	0.0000	0.0000	0.0000	0.0000	0.0000	0.0000	0.0000	0.0000	0.0657	0.0559	0.0099	0.0011	0.0010	0.0001	0.0647	0.0549	0.0098	0.0683	0.0452	0.0232	0.0117	0.0113	0.0004	0.0566	0.0338	0.0228	inf	inf	0.0000	0.0000	0.0000	0.0000	inf	inf	0.0000	0.0000	0.0000	0.0000	0.0000	0.0000	0.0000	0.0000	0.0000	0.0000						
34	53	0.0918	3	0	1	0	2	0	0	0	0	N	N	N	Y	N	N	N	N	N	N	N	N	inf	inf	inf	inf	0.0047	0.0055	0.0000	0.2917	0.3101	0.0000	0.0000	0.0000	0.0000	0.0000	0.0000	0.0000	0.0000	0.0000	0.0000	0.0000	0.0000	0.0000	0.0000	-0.0004	0.0000	5.0000	3.0005	6.9850	1.0125	0.0009	0.0009	0.0000	0.0009	0.0009	0.0000	0.0000	0.0000	0.0000	0.0000	0.0000	0.0000	0.0000	0.0000	0.0000	0.0000	0.0000	0.0000	0.1935	0.1646	0.0288	0.0031	0.0029	0.0002	0.1904	0.1617	0.0287	0.1148	0.0713	0.0434	0.0139	0.0132	0.0007	0.1009	0.0581	0.0427	inf	inf	0.0000	inf	inf	0.0000	0.0000	0.0000	0.0000	0.0000	0.0000	0.0000	0.0000	0.0000	0.0000	0.0000	0.0000	0.0000						
34	54	0.0836	2	0	1	0	2	0	0	0	0	N	N	N	Y	N	N	N	N	N	N	N	N	10514060.2103	6897856.9516	0.0000	0.0000	inf	inf	10.1918	11.9986	0.0000	0.0000	0.0000	0.0000	10.4159	12.2965	0.0000	0.0000	0.0000	0.0000	0.0001	0.0001	0.0000	0.0000	0.0000	0.0000	0.0000	0.0000	-0.0004	-0.0000	5.0000	0.0013	6.9850	1.9704	0.0009	0.0009	0.0000	0.0000	0.0000	0.0000	0.0009	0.0009	0.0000	0.0000	0.0000	0.0000	0.0000	0.0000	0.0000	0.0000	0.0000	0.0000	0.0001	0.0001	0.0000	0.0000	0.0000	0.0000	0.0001	0.0001	0.0000	0.0480	0.0267	0.0212	0.0007	0.0007	0.0001	0.0473	0.0261	0.0212	10514060.2103	6897856.9516	0.0000	0.0000	0.0000	0.0000	inf	inf	0.0000	0.0000	0.0000	0.0000	0.0001	0.0001	0.0000	0.0000	0.0000	0.0000			
34	56	0.1699	6	0	2	1	1	0	0	0	0	N	Y	N	N	N	N	N	N	N	N	N	N	0.0000	0.0000	0.0000	0.0000	0.0000	0.0000	0.0000	0.0000	0.0000	0.0000	0.0000	0.0000	0.0000	0.0000	0.0000	0.0000	12.4939	4.2635	64.3916	277.4577	328.8008	0.0000	11.8895	0.0000	64.9823	3.5059	0.0000	0.6106	5.0000	2.0013	6.9850	5.6727	0.0000	0.0000	0.0000	0.0000	0.0000	0.0000	0.0000	0.0000	0.0000	2.5642	0.5691	1.9951	0.5691	0.5691	0.0000	1.9951	0.0000	1.9951	0.1298	0.1107	0.0190	0.0065	0.0062	0.0003	0.1233	0.1046	0.0187	0.2138	0.1404	0.0734	0.0460	0.0407	0.0053	0.1678	0.0997	0.0681	0.0000	0.0000	0.0000	0.0000	0.0000	0.0000	0.0000	0.0000	0.0000	11.9931	4.0522	27.1928	12.3711	13.9852	0.0000	11.8895	0.0000	29.3141			
34	57	0.1662	5	0	2	0	1	0	0	0	0	N	Y	N	N	N	N	N	N	N	N	N	N	0.0000	0.0000	0.0000	0.0000	0.0000	0.0000	0.0000	0.0000	0.0000	0.0000	0.0000	0.0000	0.0000	0.0000	0.0000	0.0000	0.0000	0.0000	6.4512	4.2843	27.1326	227.8479	240.9932	0.1901	4.9841	0.0054	28.0711	1.0197	0.0000	-0.0174	5.0000	0.0033	6.9850	1.3874	0.0000	0.0000	0.0000	0.0000	0.0000	0.0000	0.0000	0.0000	0.0000	0.4962	0.2457	0.2505	0.2457	0.2455	0.0002	0.2505	0.0002	0.2503	0.0003	0.0003	0.0000	0.0001	0.0001	0.0000	0.0002	0.0002	0.0000	0.0771	0.0583	0.0188	0.0268	0.0258	0.0010	0.0503	0.0325	0.0178	0.0000	0.0000	0.0000	0.0000	0.0000	0.0000	0.0000	0.0000	0.0000	6.4357	4.2144	13.3219	9.1541	9.5071	0.1901	4.9841	0.0054	14.0726	
34	58	0.1511	4	1	1	1	1	0	0	0	0	N	N	N	N	N	N	N	N	N	N	N	N	0.0000	0.0000	0.0000	0.0000	0.0000	0.0000	0.0000	0.0000	0.0000	0.0000	0.0000	0.0000	0.0000	0.0000	0.0000	0.0000	0.0000	0.0000	0.0000	0.0000	5.0000	0.0000	6.9850	2.0000	0.0000	0.0000	0.0000	0.0000	0.0000	0.0000	0.0000	0.0000	0.0000	0.0000	0.0000	0.0000	0.0000	0.0000	0.0000	0.0000	0.0000	0.0000	0.0000	0.0000	0.0000	0.0000	0.0000	0.0000	0.0000	0.0000	0.0000	0.0455	0.0271	0.0184	0.0043	0.0033	0.0010	0.0412	0.0238	0.0173	0.0000	0.0000	0.0000	0.0000	0.0000	0.0000	0.0000	0.0000	0.0000	0.0000	0.0000	0.0000	0.0000	0.0000	0.0000	0.0000	0.0000	0.0000											
34	59	0.1662	5	0	2	0	1	0	0	0	0	N	Y	N	N	N	N	N	N	N	N	N	N	0.0000	0.0000	0.0000	0.0000	0.0000	0.0000	0.0000	0.0000	0.0000	0.0000	0.0000	0.0000	0.0000	0.0000	0.0000	0.0000	0.0000	2.6392	0.0037	11.9608	0.0202	0.0123	0.0899	3.4079	0.0000	12.3962	1053.7317	0.0000	0.1985	5.0000	1.9997	6.9850	3.4660	0.0000	0.0000	0.0000	0.0000	0.0000	0.0000	0.0000	0.0000	0.0000	0.4324	0.0004	0.4320	0.0008	0.0004	0.0003	0.4317	0.0000	0.4317	0.1291	0.1102	0.0189	0.0062	0.0059	0.0003	0.1229	0.1043	0.0186	0.1639	0.1098	0.0540	0.0372	0.0334	0.0038	0.1267	0.0764	0.0502	0.0000	0.0000	0.0000	0.0000	0.0000	0.0000	0.0000	0.0000	0.0000	2.6392	0.0037	7.9978	0.0202	0.0123	0.0899	3.4079	0.0000	8.5935		
34	60	0.1511	4	0	2	0	1	0	0	0	0	N	Y	N	N	N	N	N	N	N	N	N	N	0.0000	0.0000	0.0000	0.0000	0.0000	0.0000	0.0000	0.0000	0.0000	0.0000	0.0000	0.0000	0.0000	0.0000	0.0000	7.0189	0.0070	35.5561	0.0000	0.0000	0.0000	7.7536	0.0080	35.8544	1671.6765	0.0000	0.2613	5.0000	0.0005	6.9850	3.6054	0.0000	0.0000	0.0000	0.0000	0.0000	0.0000	0.0000	0.0000	0.0000	0.5687	0.0003	0.5684	0.0000	0.0000	0.0000	0.5687	0.0003	0.5684	0.0000	0.0000	0.0000	0.0000	0.0000	0.0000	0.0000	0.0000	0.0000	0.0810	0.0483	0.0327	0.0077	0.0059	0.0018	0.0733	0.0425	0.0309	0.0000	0.0000	0.0000	0.0000	0.0000	0.0000	0.0000	0.0000	0.0000	7.0189	0.0070	17.3889	0.0000	0.0000	0.0000	7.7536	0.0080	18.4059				
34	61	0.1238	3	0	1	1	1	0	0	0	0	N	N	N	N	N	N	N	N	N	N	N	N	0.0000	0.0000	0.0000	0.0000	0.0000	0.0000	0.0000	0.0000	0.0000	0.0000	0.0000	0.0000	0.0000	0.0000	0.0000	0.0000	0.0000	0.0000	0.0000	0.0000	5.0000	0.0000	6.9850	1.0000	0.0000	0.0000	0.0000	0.0000	0.0000	0.0000	0.0000	0.0000	0.0000	0.0000	0.0000	0.0000	0.0000	0.0000	0.0000	0.0000	0.0000	0.0000	0.0000	0.0000	0.0000	0.0000	0.0000	0.0000	0.0000	0.0000	0.0000	0.0233	0.0132	0.0102	0.0019	0.0013	0.0006	0.0214	0.0118	0.0096	0.0000	0.0000	0.0000	0.0000	0.0000	0.0000	0.0000	0.0000	0.0000	0.0000	0.0000	0.0000	0.0000	0.0000	0.0000	0.0000	0.0000	0.0000											
34	62	0.1196	2	0	1	0	1	0	0	0	0	N	N	N	N	N	N	N	N	N	N	N	N	0.0000	0.0000	0.0000	0.0000	0.0000	0.0000	0.0000	0.0000	0.0000	0.0000	0.0000	0.0000	0.0000	0.0000	0.0000	0.0020	0.0033	0.0000	0.0002	0.0002	0.0000	0.0024	0.0043	0.0000	0.0000	0.0000	-0.0000	5.0000	0.0001	6.9850	1.0076	0.0000	0.0000	0.0000	0.0000	0.0000	0.0000	0.0000	0.0000	0.0000	0.0001	0.0001	0.0000	0.0000	0.0000	0.0000	0.0001	0.0001	0.0000	0.0000	0.0000	0.0000	0.0000	0.0000	0.0000	0.0000	0.0000	0.0000	0.0297	0.0185	0.0113	0.0049	0.0044	0.0006	0.0248	0.0141	0.0107	0.0000	0.0000	0.0000	0.0000	0.0000	0.0000	0.0000	0.0000	0.0000	0.0020	0.0033	0.0000	0.0002	0.0002	0.0000	0.0024	0.0043	0.0000				
34	64	0.1511	4	1	2	0	1	0	0	0	0	N	Y	N	N	N	N	N	N	N	N	N	N	0.0000	0.0000	0.0000	0.0000	0.0000	0.0000	0.0000	0.0000	0.0000	0.0000	0.0000	0.0000	0.0000	0.0000	0.0000	0.0000	0.0000	0.0000	0.0000	0.0000	5.0000	4.0000	6.9850	3.0000	0.0000	0.0000	0.0000	0.0000	0.0000	0.0000	0.0000	0.0000	0.0000	0.0000	0.0000	0.0000	0.0000	0.0000	0.0000	0.0000	0.0000	0.0000	0.2533	0.2164	0.0369	0.0121	0.0115	0.0006	0.2412	0.2049	0.0363	0.1534	0.0915	0.0619	0.0146	0.0112	0.0035	0.1387	0.0803	0.0584	0.0000	0.0000	0.0000	0.0000	0.0000	0.0000	0.0000	0.0000	0.0000	0.0000	0.0000	0.0000	0.0000	0.0000	0.0000	0.0000	0.0000	0.0000											
34	65	0.1092	3	0	1	0	1	0	0	0	0	N	N	N	N	N	N	N	N	N	N	N	N	0.0000	0.0000	0.0000	0.0000	0.0000	0.0000	0.0000	0.0000	0.0000	0.0000	0.0000	0.0000	0.0000	0.0000	0.0000	0.0001	0.0000	0.0000	0.0000	0.0000	0.0000	0.0001	inf	0.0000	0.0000	5.0000	2.0015	6.9850	10.0016	0.0000	0.0000	0.0000	0.0000	0.0000	0.0000	0.0000	0.0000	0.0000	0.0000	0.0000	0.0000	0.0000	0.0000	0.0000	0.0000	0.0000	0.0000	0.1310	0.1114	0.0196	0.0015	0.0014	0.0001	0.1296	0.1100	0.0195	0.2630	0.1492	0.1138	0.0171	0.0129	0.0042	0.2459	0.1363	0.1096	0.0000	0.0000	0.0000	0.0000	0.0000	0.0000	0.0000	0.0000	0.0000	0.0000	0.0000	0.0001	0.0000	0.0000	0.0000	0.0000	0.0000	0.0001						
34	67	0.2641	5	0	1	0	1	0	0	0	0	N	N	N	N	N	N	N	N	N	N	N	N	0.0000	0.0000	0.0000	0.0000	0.0000	0.0000	0.0000	0.0000	0.0000	0.0000	0.0000	0.0000	0.0000	0.0000	0.0000	0.0000	0.0000	0.0000	0.0920	0.0442	0.2455	0.0680	0.0549	0.1420	0.1073	0.0343	0.2604	2.0365	0.0000	0.0081	5.0000	4.8614	6.9850	14.2102	0.0000	0.0000	0.0000	0.0000	0.0000	0.0000	0.0000	0.0000	0.0000	0.0620	0.0204	0.0416	0.0179	0.0122	0.0056	0.0442	0.0082	0.0360	0.3455	0.2983	0.0471	0.0336	0.0325	0.0011	0.3119	0.2658	0.0460	0.6740	0.4618	0.2122	0.2626	0.2229	0.0397	0.4114	0.2389	0.1725	0.0000	0.0000	0.0000	0.0000	0.0000	0.0000	0.0000	0.0000	0.0000	0.0920	0.0442	0.1960	0.0680	0.0549	0.1420	0.1073	0.0343	0.2085	
34	68	0.1850	7	1	2	1	1	0	0	0	0	N	Y	N	N	N	N	N	N	N	N	N	N	0.0000	0.0000	0.0000	0.0000	0.0000	0.0000	0.0000	0.0000	0.0000	0.0000	0.0000	0.0000	0.0000	0.0000	0.0000	0.0000	0.0000	0.0000	0.0000	0.0000	5.0000	0.0000	6.9850	0.0000	0.0000	0.0000	0.0000	0.0000	0.0000	0.0000	0.0000	0.0000	0.0000	0.0000	0.0000	0.0000	0.0000	0.0000	0.0000	0.0000	0.0000	0.0000	0.0000	0.0000	0.0000	0.0000	0.0000	0.0000	0.0000	0.0000	0.0000	0.0000	0.0000	0.0000	0.0000	0.0000	0.0000	0.0000	0.0000	0.0000	0.0000	0.0000	0.0000	0.0000	0.0000	0.0000	0.0000	0.0000	0.0000	0.0000	0.0000	0.0000	0.0000	0.0000	0.0000	0.0000	0.0000	0.0000											
34	69	0.1808	6	1	1	1	1	0	0	0	0	N	N	N	N	N	N	N	N	N	N	N	N	0.0000	0.0000	0.0000	0.0000	0.0000	0.0000	0.0000	0.0000	0.0000	0.0000	0.0000	0.0000	0.0000	0.0000	0.0000	0.0000	0.0612	0.0968	0.0042	2.0818	2.3230	0.0000	0.0020	0.0000	0.0046	0.0272	0.0000	-0.0008	5.0000	0.0016	6.9850	0.9826	0.0000	0.0000	0.0000	0.0000	0.0000	0.0000	0.0000	0.0000	0.0000	0.0015	0.0015	0.0000	0.0015	0.0015	0.0000	0.0000	0.0000	0.0000	0.0004	0.0003	0.0000	0.0001	0.0001	0.0000	0.0002	0.0002	0.0000	0.0247	0.0152	0.0095	0.0048	0.0041	0.0008	0.0199	0.0111	0.0087	0.0000	0.0000	0.0000	0.0000	0.0000	0.0000	0.0000	0.0000	0.0000	0.0612	0.0968	0.0042	0.3037	0.3626	0.0000	0.0020	0.0000	0.0046			
34	70	0.1681	5	1	1	1	1	0	0	0	0	N	N	N	N	N	N	N	N	N	N	N	N	0.0000	0.0000	0.0000	0.0000	0.0000	0.0000	0.0000	0.0000	0.0000	0.0000	0.0000	0.0000	0.0000	0.0000	0.0000	0.0000	0.0000	0.0000	0.1280	0.0036	0.4577	0.0311	0.0078	0.1584	0.1489	0.0022	0.4674	56.5357	0.0000	0.0043	5.0000	0.0061	6.9850	3.0249	0.0000	0.0000	0.0000	0.0000	0.0000	0.0000	0.0000	0.0000	0.0000	0.0097	0.0002	0.0096	0.0004	0.0001	0.0003	0.0093	0.0001	0.0092	0.0010	0.0009	0.0001	0.0003	0.0003	0.0000	0.0007	0.0006	0.0001	0.0762	0.0471	0.0291	0.0135	0.0114	0.0021	0.0627	0.0357	0.0270	0.0000	0.0000	0.0000	0.0000	0.0000	0.0000	0.0000	0.0000	0.0000	0.1280	0.0036	0.3294	0.0311	0.0078	0.1584	0.1489	0.0022	0.3426	
34	71	0.1511	4	1	1	1	1	0	0	0	0	N	N	N	N	N	N	N	N	N	N	N	N	0.0000	0.0000	0.0000	0.0000	0.0000	0.0000	0.0000	0.0000	0.0000	0.0000	0.0000	0.0000	0.0000	0.0000	0.0000	0.0000	0.0000	0.0912	0.1755	0.0008	10.5119	14.8691	0.0000	0.0006	0.0004	0.0009	0.0037	0.0000	-0.0044	5.0000	0.0044	6.9850	4.0281	0.0000	0.0000	0.0000	0.0000	0.0000	0.0000	0.0000	0.0000	0.0000	0.0082	0.0082	0.0000	0.0082	0.0082	0.0000	0.0000	0.0000	0.0000	0.0003	0.0002	0.0000	0.0000	0.0000	0.0000	0.0003	0.0002	0.0000	0.0903	0.0539	0.0364	0.0086	0.0066	0.0020	0.0818	0.0473	0.0344	0.0000	0.0000	0.0000	0.0000	0.0000	0.0000	0.0000	0.0000	0.0000	0.0912	0.1523	0.0008	0.9560	1.2503	0.0000	0.0006	0.0004	0.0009		
34	72	0.1092	3	0	2	0	1	0	0	0	0	N	Y	N	N	N	N	N	N	N	N	N	N	0.0000	0.0000	0.0000	0.0000	0.0000	0.0000	0.0000	0.0000	0.0000	0.0000	0.0000	0.0000	0.0000	0.0000	0.0000	0.0001	0.0000	0.0000	0.0000	0.0000	0.0000	0.0001	inf	0.0000	0.0000	5.0000	5.9987	6.9850	11.0016	0.0000	0.0000	0.0000	0.0000	0.0000	0.0000	0.0000	0.0000	0.0000	0.0000	0.0000	0.0000	0.0000	0.0000	0.0000	0.0000	0.0000	0.0000	0.3776	0.3218	0.0558	0.0039	0.0036	0.0003	0.3737	0.3182	0.0555	0.3586	0.2038	0.1548	0.0235	0.0176	0.0059	0.3351	0.1861	0.1489	0.0000	0.0000	0.0000	0.0000	0.0000	0.0000	0.0000	0.0000	0.0000	0.0000	0.0000	0.0001	0.0000	0.0000	0.0000	0.0000	0.0000	0.0001						
34	73	0.1511	4	1	1	1	1	0	0	0	0	N	N	N	N	N	N	N	N	N	N	N	N	0.0000	0.0000	0.0000	0.0000	0.0000	0.0000	0.0000	0.0000	0.0000	0.0000	0.0000	0.0000	0.0000	0.0000	0.0000	0.0000	0.0000	0.0000	0.0000	0.0000	5.0000	2.0000	6.9850	5.0000	0.0000	0.0000	0.0000	0.0000	0.0000	0.0000	0.0000	0.0000	0.0000	0.0000	0.0000	0.0000	0.0000	0.0000	0.0000	0.0000	0.0000	0.0000	0.1291	0.1101	0.0189	0.0062	0.0059	0.0003	0.1229	0.1042	0.0186	0.1534	0.0915	0.0619	0.0146	0.0112	0.0035	0.1387	0.0803	0.0584	0.0000	0.0000	0.0000	0.0000	0.0000	0.0000	0.0000	0.0000	0.0000	0.0000	0.0000	0.0000	0.0000	0.0000	0.0000	0.0000	0.0000	0.0000											
34	74	0.1510	5	0	2	0	1	0	0	0	0	N	Y	N	N	N	N	N	N	N	N	N	N	0.0000	0.0000	0.0000	0.0000	0.0000	0.0000	0.0000	0.0000	0.0000	0.0000	0.0000	0.0000	0.0000	0.0272	0.0461	0.0000	2.9142	3.3015	0.0000	0.0000	0.0000	0.0000	0.0000	0.0000	-0.0066	5.0000	6.1274	6.9850	13.6208	0.0000	0.0000	0.0000	0.0000	0.0000	0.0000	0.0000	0.0000	0.0000	0.0122	0.0122	0.0000	0.0122	0.0122	0.0000	0.0000	0.0000	0.0000	0.3987	0.3405	0.0582	0.0117	0.0113	0.0004	0.3870	0.3292	0.0579	0.4490	0.2646	0.1844	0.0295	0.0272	0.0024	0.4195	0.2375	0.1820	0.0000	0.0000	0.0000	0.0000	0.0000	0.0000	0.0000	0.0000	0.0000	0.0272	0.0461	0.0000	0.4129	0.4488	0.0000	0.0000	0.0000	0.0000						
34	75	0.1756	8	0	1	1	1	0	0	0	0	N	N	N	N	N	N	N	N	N	N	N	N	0.0000	0.0000	0.0000	0.0000	0.0000	0.0000	0.0000	0.0000	0.0000	0.0000	0.0000	0.0000	0.0000	0.0000	0.0000	0.0000	0.0000	0.0000	0.0000	0.0000	5.0000	0.0000	6.9850	1.0003	0.0000	0.0000	0.0000	0.0000	0.0000	0.0000	0.0000	0.0000	0.0000	0.0000	0.0000	0.0000	0.0000	0.0000	0.0000	0.0000	0.0000	0.0000	0.0000	0.0000	0.0000	0.0000	0.0000	0.0000	0.0000	0.0000	0.0000	0.0241	0.0142	0.0099	0.0013	0.0011	0.0002	0.0229	0.0132	0.0097	0.0000	0.0000	0.0000	0.0000	0.0000	0.0000	0.0000	0.0000	0.0000	0.0000	0.0000	0.0000	0.0000	0.0000	0.0000	0.0000	0.0000	0.0000											
34	76	0.1714	7	0	1	1	1	0	0	0	0	N	N	N	N	N	N	N	N	N	N	N	N	0.0000	0.0000	0.0000	0.0000	0.0000	0.0000	0.0000	0.0000	0.0000	0.0000	0.0000	0.0000	0.0000	0.0000	0.0000	0.0000	0.0000	0.0000	0.0000	0.0000	5.0000	0.0000	6.9850	1.0076	0.0000	0.0000	0.0000	0.0000	0.0000	0.0000	0.0000	0.0000	0.0000	0.0000	0.0000	0.0000	0.0000	0.0000	0.0000	0.0000	0.0000	0.0000	0.0000	0.0000	0.0000	0.0000	0.0000	0.0000	0.0000	0.0000	0.0000	0.0241	0.0142	0.0099	0.0010	0.0009	0.0001	0.0231	0.0133	0.0098	0.0000	0.0000	0.0000	0.0000	0.0000	0.0000	0.0000	0.0000	0.0000	0.0000	0.0000	0.0000	0.0000	0.0000	0.0000	0.0000	0.0000	0.0000											
34	77	0.1674	6	0	1	0	1	0	0	0	0	N	N	N	N	N	N	N	N	N	N	N	N	0.0000	0.0000	0.0000	0.0000	0.0000	0.0000	0.0000	0.0000	0.0000	0.0000	0.0000	0.0000	0.0000	0.0000	0.0000	0.0000	0.0000	0.0000	0.0000	0.0000	5.0000	0.0026	6.9850	0.9924	0.0000	0.0000	0.0000	0.0000	0.0000	0.0000	0.0000	0.0000	0.0000	0.0000	0.0000	0.0000	0.0000	0.0000	0.0000	0.0000	0.0000	0.0000	0.0005	0.0005	0.0001	0.0002	0.0002	0.0000	0.0003	0.0003	0.0001	0.0237	0.0140	0.0098	0.0010	0.0008	0.0001	0.0228	0.0131	0.0097	0.0000	0.0000	0.0000	0.0000	0.0000	0.0000	0.0000	0.0000	0.0000	0.0000	0.0000	0.0000	0.0000	0.0000	0.0000	0.0000	0.0000	0.0000											
34	78	0.1510	5	0	1	0	1	0	0	0	0	N	N	N	N	N	N	N	N	N	N	N	N	0.0000	0.0000	0.0000	0.0000	0.0000	0.0000	0.0000	0.0000	0.0000	0.0000	0.0000	0.0000	0.0000	0.0878	0.1384	0.0000	6.1164	6.2027	0.0000	0.0000	0.0000	0.0000	0.0000	0.0000	-0.0066	5.0000	2.8733	6.9850	1.5522	0.0000	0.0000	0.0000	0.0000	0.0000	0.0000	0.0000	0.0000	0.0000	0.0122	0.0122	0.0000	0.0122	0.0122	0.0000	0.0000	0.0000	0.0000	0.2010	0.1717	0.0293	0.0098	0.0096	0.0002	0.1912	0.1621	0.0291	0.1390	0.0881	0.0508	0.0203	0.0197	0.0006	0.1187	0.0684	0.0503	0.0000	0.0000	0.0000	0.0000	0.0000	0.0000	0.0000	0.0000	0.0000	0.0878	0.1384	0.0000	0.6013	0.6190	0.0000	0.0000	0.0000	0.0000						
34	79	0.1389	4	0	1	0	1	0	0	0	0	N	N	N	N	N	N	N	N	N	N	N	N	0.0000	0.0000	0.0000	0.0000	0.0000	0.0000	0.0000	0.0000	0.0000	0.0000	0.0000	0.0000	0.0000	0.0000	0.0000	0.0000	0.0000	0.0000	4.7697	6.8091	0.0465	339.1148	354.8710	0.0347	0.0216	0.0051	0.0480	0.0029	0.0000	-0.4316	5.0000	0.2102	6.9850	3.4985	0.0000	0.0000	0.0000	0.0000	0.0000	0.0000	0.0000	0.0000	0.0000	0.8036	0.8013	0.0023	0.8010	0.8009	0.0001	0.0026	0.0004	0.0023	0.0230	0.0199	0.0031	0.0047	0.0047	0.0000	0.0183	0.0153	0.0030	0.1685	0.1177	0.0508	0.0465	0.0448	0.0016	0.1220	0.0728	0.0492	0.0000	0.0000	0.0000	0.0000	0.0000	0.0000	0.0000	0.0000	0.0000	4.7697	6.8091	0.0458	17.2335	17.8654	0.0347	0.0216	0.0051	0.0462	
34	80	0.0825	4	0	2	0	1	0	0	0	0	N	Y	N	N	N	N	N	N	N	N	N	N	0.0000	0.0000	0.0000	0.0000	0.0000	0.0000	0.0000	0.0000	0.0000	0.0000	0.0000	0.0000	0.0000	0.0000	0.0000	0.0000	0.0000	5.0284	0.0009	22.7358	0.0163	0.0120	0.1453	5.2558	0.0000	21.1389	9964.5071	0.0000	0.4550	5.0000	2.0196	6.9850	6.0690	0.0000	0.0000	0.0000	0.0000	0.0000	0.0000	0.0000	0.0000	0.0000	0.9892	0.0001	0.9891	0.0001	0.0001	0.0000	0.9890	0.0000	0.9890	0.1331	0.1133	0.0197	0.0034	0.0033	0.0002	0.1297	0.1101	0.0196	0.1967	0.1128	0.0839	0.0085	0.0083	0.0003	0.1882	0.1046	0.0836	0.0000	0.0000	0.0000	0.0000	0.0000	0.0000	0.0000	0.0000	0.0000	5.0284	0.0009	11.7889	0.0163	0.0120	0.1453	5.2558	0.0000	11.8272		
34	81	0.0742	3	0	1	0	1	0	0	0	0	N	N	N	N	N	N	N	N	N	N	N	N	0.0000	0.0000	0.0000	0.0000	0.0000	0.0000	0.0000	0.0000	0.0000	0.0000	0.0000	0.0000	0.0000	0.0000	0.0000	0.0000	0.0000	0.2986	0.0126	0.6970	1.0075	0.8009	0.0000	0.2300	0.0045	0.7017	31.4581	0.0000	0.0048	5.0000	0.9876	6.9850	0.9833	0.0000	0.0000	0.0000	0.0000	0.0000	0.0000	0.0000	0.0000	0.0000	0.0113	0.0003	0.0109	0.0002	0.0002	0.0000	0.0111	0.0001	0.0109	0.0647	0.0549	0.0097	0.0007	0.0007	0.0000	0.0639	0.0542	0.0097	0.0492	0.0276	0.0216	0.0011	0.0011	0.0000	0.0481	0.0266	0.0215	0.0000	0.0000	0.0000	0.0000	0.0000	0.0000	0.0000	0.0000	0.0000	0.2297	0.0126	0.5080	0.2144	0.2169	0.0000	0.2300	0.0045	0.5083		
34	82	0.1793	5	1	1	1	1	0	0	0	0	N	N	N	N	N	N	N	N	N	N	N	N	0.0000	0.0000	0.0000	0.0000	0.0000	0.0000	0.0000	0.0000	0.0000	0.0000	0.0000	0.0000	0.0000	11.0361	0.0000	62.9454	0.0000	0.0000	0.0000	12.6117	0.0000	64.9681	inf	0.0000	0.4600	5.0000	1.0000	6.9850	2.9874	0.0000	0.0000	0.0000	0.0000	0.0000	0.0000	0.0000	0.0000	0.0000	1.0000	0.0000	1.0000	0.0000	0.0000	0.0000	1.0000	0.0000	1.0000	0.0657	0.0558	0.0099	0.0004	0.0004	0.0000	0.0652	0.0554	0.0099	0.0937	0.0556	0.0381	0.0144	0.0116	0.0028	0.0793	0.0440	0.0353	0.0000	0.0000	0.0000	0.0000	0.0000	0.0000	0.0000	0.0000	0.0000	10.6743	0.0000	26.2350	0.0000	0.0000	0.0000	12.6117	0.0000	28.3391						
34	83	0.1511	4	1	1	1	1	0	0	0	0	N	N	N	N	N	N	N	N	N	N	N	N	0.0000	0.0000	0.0000	0.0000	0.0000	0.0000	0.0000	0.0000	0.0000	0.0000	0.0000	0.0000	0.0000	0.0001	0.0000	0.0003	0.0000	0.0000	0.0000	0.0001	0.0000	0.0003	inf	0.0000	0.0000	5.0000	0.9997	6.9850	6.0128	0.0000	0.0000	0.0000	0.0000	0.0000	0.0000	0.0000	0.0000	0.0000	0.0000	0.0000	0.0000	0.0000	0.0000	0.0000	0.0000	0.0000	0.0000	0.0651	0.0555	0.0096	0.0031	0.0030	0.0002	0.0620	0.0526	0.0094	0.1536	0.0917	0.0620	0.0147	0.0112	0.0035	0.1390	0.0805	0.0585	0.0000	0.0000	0.0000	0.0000	0.0000	0.0000	0.0000	0.0000	0.0000	0.0001	0.0000	0.0003	0.0000	0.0000	0.0000	0.0001	0.0000	0.0003						
34	84	0.1092	3	0	2	0	2	0	0	0	0	N	Y	N	Y	N	N	N	N	N	N	N	N	0.0000	0.0000	0.0000	0.0000	0.0000	0.0000	0.0000	0.0000	0.0000	0.0000	0.0000	0.0000	0.0000	2.5216	4.3332	0.0000	450.9909	476.8706	0.0000	0.0000	0.0000	0.0000	0.0000	0.0000	-0.5399	5.0000	8.0013	6.9850	12.0015	0.0000	0.0000	0.0000	0.0000	0.0000	0.0000	0.0000	0.0000	0.0000	1.0000	1.0000	0.0000	1.0000	1.0000	0.0000	0.0000	0.0000	0.0000	0.4943	0.4218	0.0725	0.0051	0.0047	0.0004	0.4892	0.4171	0.0721	0.4126	0.2347	0.1779	0.0272	0.0204	0.0068	0.3854	0.2143	0.1711	0.0000	0.0000	0.0000	0.0000	0.0000	0.0000	0.0000	0.0000	0.0000	2.4239	4.2607	0.0000	36.8170	49.1235	0.0000	0.0000	0.0000	0.0000						
34	87	0.1511	4	0	2	0	1	0	0	0	0	N	Y	N	N	N	N	N	N	N	N	N	N	0.0000	0.0000	0.0000	0.0000	0.0000	0.0000	0.0000	0.0000	0.0000	0.0000	0.0000	0.0000	0.0000	0.0000	0.0000	0.0000	0.0000	0.0000	0.0000	0.0000	5.0000	4.0000	6.9850	7.0000	0.0000	0.0000	0.0000	0.0000	0.0000	0.0000	0.0000	0.0000	0.0000	0.0000	0.0000	0.0000	0.0000	0.0000	0.0000	0.0000	0.0000	0.0000	0.2533	0.2164	0.0369	0.0121	0.0115	0.0006	0.2412	0.2049	0.0363	0.2341	0.1397	0.0944	0.0225	0.0172	0.0053	0.2116	0.1225	0.0890	0.0000	0.0000	0.0000	0.0000	0.0000	0.0000	0.0000	0.0000	0.0000	0.0000	0.0000	0.0000	0.0000	0.0000	0.0000	0.0000	0.0000	0.0000											
34	88	0.1092	3	0	1	0	1	0	0	0	0	N	N	N	N	N	N	N	N	N	N	N	N	0.0000	0.0000	0.0000	0.0000	0.0000	0.0000	0.0000	0.0000	0.0000	0.0000	0.0000	0.0000	0.0000	0.0000	0.0000	0.0001	0.0000	0.0000	0.0000	0.0000	0.0000	0.0001	inf	0.0000	0.0000	5.0000	2.9985	6.9850	7.0016	0.0000	0.0000	0.0000	0.0000	0.0000	0.0000	0.0000	0.0000	0.0000	0.0000	0.0000	0.0000	0.0000	0.0000	0.0000	0.0000	0.0000	0.0000	0.1943	0.1653	0.0290	0.0021	0.0019	0.0002	0.1922	0.1633	0.0289	0.2225	0.1261	0.0964	0.0144	0.0109	0.0036	0.2081	0.1152	0.0928	0.0000	0.0000	0.0000	0.0000	0.0000	0.0000	0.0000	0.0000	0.0000	0.0000	0.0000	0.0001	0.0000	0.0000	0.0000	0.0000	0.0000	0.0001						
34	89	0.0828	4	0	2	0	1	0	0	0	0	N	Y	N	N	N	N	N	N	N	N	N	N	0.0000	0.0000	0.0000	0.0000	0.0000	0.0000	0.0000	0.0000	0.0000	0.0000	0.0000	0.0000	0.0000	0.0000	0.0000	0.0000	0.0000	4.6448	0.0798	18.9378	9.8513	12.1328	0.1468	4.8554	0.0000	16.8701	101.9566	0.0000	0.4534	5.0000	0.0157	6.9850	9.0253	0.0000	0.0000	0.0000	0.0000	0.0000	0.0000	0.0000	0.0000	0.0000	1.0069	0.0098	0.9971	0.0101	0.0098	0.0003	0.9968	0.0000	0.9968	0.0036	0.0032	0.0005	0.0013	0.0013	0.0000	0.0023	0.0019	0.0005	0.2168	0.1225	0.0943	0.0115	0.0095	0.0020	0.2053	0.1130	0.0923	0.0000	0.0000	0.0000	0.0000	0.0000	0.0000	0.0000	0.0000	0.0000	4.6448	0.0798	10.5791	0.8774	1.0294	0.1468	4.8554	0.0000	10.8025		
34	90	0.0742	3	0	2	0	1	0	0	0	0	N	Y	N	N	N	N	N	N	N	N	N	N	0.0000	0.0000	0.0000	0.0000	0.0000	0.0000	0.0000	0.0000	0.0000	0.0000	0.0000	0.0000	0.0000	0.0000	0.0000	0.0000	0.0000	0.3937	0.0194	0.8144	0.9902	0.7878	0.0000	0.2636	0.0118	0.8569	23.0414	0.0000	0.0055	5.0000	0.0169	6.9850	2.0013	0.0000	0.0000	0.0000	0.0000	0.0000	0.0000	0.0000	0.0000	0.0000	0.0132	0.0005	0.0127	0.0002	0.0002	0.0000	0.0130	0.0003	0.0127	0.0012	0.0010	0.0002	0.0001	0.0001	0.0000	0.0012	0.0010	0.0002	0.0503	0.0283	0.0221	0.0011	0.0011	0.0000	0.0492	0.0272	0.0220	0.0000	0.0000	0.0000	0.0000	0.0000	0.0000	0.0000	0.0000	0.0000	0.2625	0.0194	0.5740	0.2136	0.2161	0.0000	0.2636	0.0118	0.5743		
34	91	0.0655	2	0	1	0	1	0	0	0	0	N	N	N	N	N	N	N	N	N	N	N	N	0.0000	0.0000	0.0000	0.0000	0.0000	0.0000	0.0000	0.0000	0.0000	0.0000	0.0000	0.0000	0.0000	0.0000	0.0000	0.0000	0.0216	0.0311	0.0100	6.3345	6.6351	0.0000	0.0046	0.0000	0.0100	0.2585	0.0000	-0.0004	5.0000	1.9923	6.9850	0.0454	0.0000	0.0000	0.0000	0.0000	0.0000	0.0000	0.0000	0.0000	0.0000	0.0011	0.0009	0.0002	0.0009	0.0009	0.0000	0.0002	0.0000	0.0002	0.1301	0.1106	0.0195	0.0006	0.0006	0.0000	0.1295	0.1100	0.0195	0.0518	0.0287	0.0231	0.0014	0.0013	0.0000	0.0505	0.0273	0.0231	0.0000	0.0000	0.0000	0.0000	0.0000	0.0000	0.0000	0.0000	0.0000	0.0216	0.0311	0.0100	0.6566	0.6630	0.0000	0.0046	0.0000	0.0100			
34	93	0.2059	8	1	2	0	2	0	0	0	0	N	Y	N	Y	N	N	N	N	N	N	N	N	0.0000	0.0000	0.0000	0.0000	0.0000	0.0000	0.0000	0.0000	0.0000	0.0000	0.0000	0.0000	0.0000	0.0000	0.0000	0.0000	0.0000	0.0000	0.0000	0.0000	5.0000	0.0000	6.9850	0.0000	0.0000	0.0000	0.0000	0.0000	0.0000	0.0000	0.0000	0.0000	0.0000	0.0000	0.0000	0.0000	0.0000	0.0000	0.0000	0.0000	0.0000	0.0000	0.0000	0.0000	0.0000	0.0000	0.0000	0.0000	0.0000	0.0000	0.0000	0.0000	0.0000	0.0000	0.0000	0.0000	0.0000	0.0000	0.0000	0.0000	0.0000	0.0000	0.0000	0.0000	0.0000	0.0000	0.0000	0.0000	0.0000	0.0000	0.0000	0.0000	0.0000	0.0000	0.0000	0.0000	0.0000	0.0000											
34	94	0.2059	7	1	2	0	2	0	0	0	0	N	Y	N	Y	N	N	N	N	N	N	N	N	0.0000	0.0000	0.0000	0.0000	0.0000	0.0000	0.0000	0.0000	0.0000	0.0000	0.0000	0.0000	0.0000	0.0000	0.0000	0.0000	0.0000	0.0000	0.0000	0.0000	5.0000	0.0000	6.9850	0.0001	0.0000	0.0000	0.0000	0.0000	0.0000	0.0000	0.0000	0.0000	0.0000	0.0000	0.0000	0.0000	0.0000	0.0000	0.0000	0.0000	0.0000	0.0000	0.0000	0.0000	0.0000	0.0000	0.0000	0.0000	0.0000	0.0000	0.0000	0.0000	0.0000	0.0000	0.0000	0.0000	0.0000	0.0000	0.0000	0.0000	0.0000	0.0000	0.0000	0.0000	0.0000	0.0000	0.0000	0.0000	0.0000	0.0000	0.0000	0.0000	0.0000	0.0000	0.0000	0.0000	0.0000	0.0000											
34	95	0.1880	6	0	2	0	2	0	0	0	0	N	Y	N	Y	N	N	N	N	N	N	N	N	0.0000	0.0000	0.0000	0.0000	0.0000	0.0000	0.0000	0.0000	0.0000	0.0000	0.0000	0.0000	0.0000	0.0000	0.0000	0.0000	0.0000	0.0000	0.0000	0.0000	5.0000	0.9845	6.9850	0.9903	0.0000	0.0000	0.0000	0.0000	0.0000	0.0000	0.0000	0.0000	0.0000	0.0000	0.0000	0.0000	0.0000	0.0000	0.0000	0.0000	0.0000	0.0000	0.0678	0.0579	0.0099	0.0048	0.0046	0.0002	0.0630	0.0533	0.0097	0.0492	0.0292	0.0200	0.0065	0.0055	0.0010	0.0427	0.0237	0.0190	0.0000	0.0000	0.0000	0.0000	0.0000	0.0000	0.0000	0.0000	0.0000	0.0000	0.0000	0.0000	0.0000	0.0000	0.0000	0.0000	0.0000	0.0000											
34	96	0.1852	6	0	2	0	1	0	0	0	0	N	Y	N	N	N	N	N	N	N	N	N	N	0.0000	0.0000	0.0000	0.0000	0.0000	0.0000	0.0000	0.0000	0.0000	0.0000	0.0000	0.0000	0.0000	0.0000	0.0000	0.0000	0.0000	0.0003	0.0003	0.0003	0.0008	0.0007	0.0014	0.0001	0.0000	0.0002	0.6711	0.0000	-0.0000	5.0000	1.0063	6.9850	3.7812	0.0000	0.0000	0.0000	0.0000	0.0000	0.0000	0.0000	0.0000	0.0000	0.0000	0.0000	0.0000	0.0000	0.0000	0.0000	0.0000	0.0000	0.0000	0.0674	0.0573	0.0101	0.0022	0.0020	0.0001	0.0652	0.0553	0.0099	0.1723	0.1099	0.0624	0.0517	0.0445	0.0072	0.1206	0.0654	0.0552	0.0000	0.0000	0.0000	0.0000	0.0000	0.0000	0.0000	0.0000	0.0000	0.0003	0.0003	0.0003	0.0008	0.0007	0.0014	0.0001	0.0000	0.0002		
34	97	0.1880	6	0	1	1	2	0	0	0	0	N	N	N	Y	N	N	N	N	N	N	N	N	0.0000	0.0000	0.0000	0.0000	0.0000	0.0000	0.0000	0.0000	0.0000	0.0000	0.0000	0.0000	0.0000	0.0000	0.0000	0.0000	0.0000	0.0000	0.0000	0.0000	5.0000	1.0165	6.9850	1.0129	0.0000	0.0000	0.0000	0.0000	0.0000	0.0000	0.0000	0.0000	0.0000	0.0000	0.0000	0.0000	0.0000	0.0000	0.0000	0.0000	0.0000	0.0000	0.0698	0.0597	0.0102	0.0049	0.0047	0.0002	0.0650	0.0550	0.0100	0.0504	0.0299	0.0205	0.0066	0.0056	0.0010	0.0438	0.0243	0.0195	0.0000	0.0000	0.0000	0.0000	0.0000	0.0000	0.0000	0.0000	0.0000	0.0000	0.0000	0.0000	0.0000	0.0000	0.0000	0.0000	0.0000	0.0000											
34	98	0.1751	5	0	1	0	2	0	0	0	0	N	N	N	Y	N	N	N	N	N	N	N	N	0.0000	0.0000	0.0000	0.0000	0.0000	0.0000	0.0000	0.0000	0.0000	0.0000	0.0000	0.0000	0.0000	0.0000	0.0000	0.0000	0.0000	0.0000	0.0000	0.0000	5.0000	2.0241	6.9850	1.0265	0.0000	0.0000	0.0000	0.0000	0.0000	0.0000	0.0000	0.0000	0.0000	0.0000	0.0000	0.0000	0.0000	0.0000	0.0000	0.0000	0.0000	0.0000	0.1346	0.1147	0.0199	0.0049	0.0046	0.0003	0.1297	0.1101	0.0196	0.0722	0.0421	0.0301	0.0102	0.0080	0.0022	0.0620	0.0341	0.0279	0.0000	0.0000	0.0000	0.0000	0.0000	0.0000	0.0000	0.0000	0.0000	0.0000	0.0000	0.0000	0.0000	0.0000	0.0000	0.0000	0.0000	0.0000											
34	99	0.1751	5	0	1	1	2	0	0	0	0	N	N	N	Y	N	N	N	N	N	N	N	N	0.0000	0.0000	0.0000	0.0000	0.0000	0.0000	0.0000	0.0000	0.0000	0.0000	0.0000	0.0000	0.0000	0.0000	0.0000	0.0000	0.0000	0.0000	0.0000	0.0000	5.0000	3.0066	6.9850	0.0000	0.0000	0.0000	0.0000	0.0000	0.0000	0.0000	0.0000	0.0000	0.0000	0.0000	0.0000	0.0000	0.0000	0.0000	0.0000	0.0000	0.0000	0.0000	0.1973	0.1682	0.0291	0.0068	0.0063	0.0004	0.1905	0.1618	0.0287	0.0712	0.0415	0.0297	0.0101	0.0079	0.0022	0.0611	0.0336	0.0275	0.0000	0.0000	0.0000	0.0000	0.0000	0.0000	0.0000	0.0000	0.0000	0.0000	0.0000	0.0000	0.0000	0.0000	0.0000	0.0000	0.0000	0.0000											
34	100	0.2008	5	0	1	1	2	0	0	0	0	N	N	N	Y	N	N	N	N	N	N	N	N	0.0000	0.0000	0.0000	0.0000	0.0000	0.0000	0.0000	0.0000	0.0000	0.0000	0.0000	0.0000	0.0000	0.0000	0.0000	0.0000	0.0000	0.0000	0.0000	0.0000	5.0000	0.0000	6.9850	2.0000	0.0000	0.0000	0.0000	0.0000	0.0000	0.0000	0.0000	0.0000	0.0000	0.0000	0.0000	0.0000	0.0000	0.0000	0.0000	0.0000	0.0000	0.0000	0.0000	0.0000	0.0000	0.0000	0.0000	0.0000	0.0000	0.0000	0.0000	0.0461	0.0265	0.0196	0.0068	0.0053	0.0015	0.0393	0.0212	0.0181	0.0000	0.0000	0.0000	0.0000	0.0000	0.0000	0.0000	0.0000	0.0000	0.0000	0.0000	0.0000	0.0000	0.0000	0.0000	0.0000	0.0000	0.0000											
34	101	0.1618	4	0	1	1	2	0	0	0	0	N	N	N	Y	N	N	N	N	N	N	N	N	0.0000	0.0000	0.0000	0.0000	0.0000	0.0000	0.0000	0.0000	0.0000	0.0000	0.0000	0.0000	0.0000	0.0000	0.0000	0.8996	1.9978	0.0003	102.4091	111.1130	0.0049	0.0000	0.0000	0.0000	0.0003	0.0000	-0.0618	5.0000	5.8899	6.9850	3.1847	0.0000	0.0000	0.0000	0.0000	0.0000	0.0000	0.0000	0.0000	0.0000	0.1145	0.1145	0.0000	0.1145	0.1145	0.0000	0.0000	0.0000	0.0000	0.3882	0.3313	0.0568	0.0210	0.0192	0.0018	0.3672	0.3122	0.0550	0.2189	0.1282	0.0907	0.0338	0.0276	0.0061	0.1851	0.1005	0.0846	0.0000	0.0000	0.0000	0.0000	0.0000	0.0000	0.0000	0.0000	0.0000	0.5233	0.8934	0.0003	3.3908	4.1432	0.0049	0.0000	0.0000	0.0000				
34	102	0.2085	4	1	2	0	1	0	0	0	0	N	Y	N	N	N	N	N	N	N	N	N	N	0.0000	0.0000	0.0000	0.0000	0.0000	0.0000	0.0000	0.0000	0.0000	0.0000	0.0000	0.0000	0.0000	0.0000	0.0000	0.0000	0.0000	0.0000	0.0000	0.0000	5.0000	0.0000	6.9850	0.0000	0.0000	0.0000	0.0000	0.0000	0.0000	0.0000	0.0000	0.0000	0.0000	0.0000	0.0000	0.0000	0.0000	0.0000	0.0000	0.0000	0.0000	0.0000	0.0000	0.0000	0.0000	0.0000	0.0000	0.0000	0.0000	0.0000	0.0000	0.0000	0.0000	0.0000	0.0000	0.0000	0.0000	0.0000	0.0000	0.0000	0.0000	0.0000	0.0000	0.0000	0.0000	0.0000	0.0000	0.0000	0.0000	0.0000	0.0000	0.0000	0.0000	0.0000	0.0000	0.0000	0.0000	0.0000											
34	103	0.1092	3	1	2	0	1	0	0	0	0	N	Y	N	N	N	N	N	N	N	N	N	N	0.0000	0.0000	0.0000	0.0000	0.0000	0.0000	0.0000	0.0000	0.0000	0.0000	0.0000	0.0000	0.0000	0.0000	0.0000	0.0001	0.0000	0.0000	0.0000	0.0000	0.0000	0.0001	inf	0.0000	0.0000	5.0000	8.0012	6.9850	14.0016	0.0000	0.0000	0.0000	0.0000	0.0000	0.0000	0.0000	0.0000	0.0000	0.0000	0.0000	0.0000	0.0000	0.0000	0.0000	0.0000	0.0000	0.0000	0.4943	0.4218	0.0725	0.0051	0.0047	0.0004	0.4892	0.4171	0.0721	0.4471	0.2545	0.1926	0.0295	0.0221	0.0074	0.4176	0.2324	0.1852	0.0000	0.0000	0.0000	0.0000	0.0000	0.0000	0.0000	0.0000	0.0000	0.0000	0.0000	0.0001	0.0000	0.0000	0.0000	0.0000	0.0000	0.0001						
34	104	0.1722	4	0	2	0	1	0	0	0	0	N	Y	N	N	N	N	N	N	N	N	N	N	0.0000	0.0000	0.0000	0.0000	0.0000	0.0000	0.0000	0.0000	0.0000	0.0000	0.0000	0.0000	0.0000	0.0000	0.0000	0.0000	0.0000	0.0186	0.0011	0.0436	0.0151	0.0042	0.0512	0.0195	0.0000	0.0444	27.4158	0.0000	0.0006	5.0000	2.0010	6.9850	1.0153	0.0000	0.0000	0.0000	0.0000	0.0000	0.0000	0.0000	0.0000	0.0000	0.0014	0.0000	0.0014	0.0002	0.0000	0.0002	0.0012	0.0000	0.0012	0.1299	0.1105	0.0194	0.0012	0.0011	0.0001	0.1287	0.1093	0.0193	0.0759	0.0445	0.0314	0.0152	0.0117	0.0035	0.0607	0.0328	0.0279	0.0000	0.0000	0.0000	0.0000	0.0000	0.0000	0.0000	0.0000	0.0000	0.0186	0.0011	0.0433	0.0151	0.0042	0.0512	0.0195	0.0000	0.0423		
34	105	0.1092	3	0	2	0	1	0	0	0	0	N	Y	N	N	N	N	N	N	N	N	N	N	0.0000	0.0000	0.0000	0.0000	0.0000	0.0000	0.0000	0.0000	0.0000	0.0000	0.0000	0.0000	0.0000	0.0000	0.0000	0.0000	0.0000	3.2940	0.0012	11.7835	0.0005	0.0007	0.0000	3.5239	0.0013	11.1821	4764.5492	0.0000	0.4593	5.0000	3.0162	6.9850	11.0438	0.0000	0.0000	0.0000	0.0000	0.0000	0.0000	0.0000	0.0000	0.0000	0.9989	0.0002	0.9987	0.0000	0.0000	0.0000	0.9989	0.0002	0.9987	0.1954	0.1662	0.0292	0.0021	0.0020	0.0002	0.1933	0.1643	0.0290	0.3032	0.1721	0.1311	0.0198	0.0149	0.0049	0.2835	0.1573	0.1262	0.0000	0.0000	0.0000	0.0000	0.0000	0.0000	0.0000	0.0000	0.0000	3.2940	0.0012	7.6177	0.0005	0.0007	0.0000	3.5239	0.0013	7.9142		
34	106	0.2101	8	1	2	0	1	0	0	0	0	N	Y	N	N	N	N	N	N	N	N	N	N	0.0000	0.0000	0.0000	0.0000	0.0000	0.0000	0.0000	0.0000	0.0000	0.0000	0.0000	0.0000	0.0000	0.0000	0.0000	0.0000	0.0000	0.0000	0.0000	0.0000	5.0000	1.0000	6.9850	1.0000	0.0000	0.0000	0.0000	0.0000	0.0000	0.0000	0.0000	0.0000	0.0000	0.0000	0.0000	0.0000	0.0000	0.0000	0.0000	0.0000	0.0000	0.0000	0.0664	0.0565	0.0099	0.0019	0.0017	0.0001	0.0645	0.0548	0.0098	0.0491	0.0303	0.0189	0.0160	0.0127	0.0033	0.0331	0.0176	0.0155	0.0000	0.0000	0.0000	0.0000	0.0000	0.0000	0.0000	0.0000	0.0000	0.0000	0.0000	0.0000	0.0000	0.0000	0.0000	0.0000	0.0000	0.0000											
34	107	0.2059	7	1	2	0	1	0	0	0	0	N	Y	N	N	N	N	N	N	N	N	N	N	0.0000	0.0000	0.0000	0.0000	0.0000	0.0000	0.0000	0.0000	0.0000	0.0000	0.0000	0.0000	0.0000	0.0000	0.0000	0.0000	0.0000	0.0000	0.0000	0.0000	5.0000	0.0000	6.9850	0.9999	0.0000	0.0000	0.0000	0.0000	0.0000	0.0000	0.0000	0.0000	0.0000	0.0000	0.0000	0.0000	0.0000	0.0000	0.0000	0.0000	0.0000	0.0000	0.0000	0.0000	0.0000	0.0000	0.0000	0.0000	0.0000	0.0000	0.0000	0.0246	0.0148	0.0098	0.0066	0.0052	0.0014	0.0181	0.0097	0.0084	0.0000	0.0000	0.0000	0.0000	0.0000	0.0000	0.0000	0.0000	0.0000	0.0000	0.0000	0.0000	0.0000	0.0000	0.0000	0.0000	0.0000	0.0000											
34	108	0.1852	6	1	2	0	1	0	0	0	0	N	Y	N	N	N	N	N	N	N	N	N	N	0.0000	0.0000	0.0000	0.0000	0.0000	0.0000	0.0000	0.0000	0.0000	0.0000	0.0000	0.0000	0.0000	0.0000	0.0000	0.0000	0.0000	0.0003	0.0003	0.0003	0.0008	0.0007	0.0014	0.0001	0.0000	0.0002	0.6711	0.0000	-0.0000	5.0000	0.0100	6.9850	4.8896	0.0000	0.0000	0.0000	0.0000	0.0000	0.0000	0.0000	0.0000	0.0000	0.0000	0.0000	0.0000	0.0000	0.0000	0.0000	0.0000	0.0000	0.0000	0.0013	0.0011	0.0002	0.0003	0.0003	0.0000	0.0009	0.0008	0.0002	0.1747	0.1113	0.0634	0.0520	0.0448	0.0072	0.1227	0.0665	0.0562	0.0000	0.0000	0.0000	0.0000	0.0000	0.0000	0.0000	0.0000	0.0000	0.0003	0.0003	0.0003	0.0008	0.0007	0.0014	0.0001	0.0000	0.0002		
34	109	0.1751	5	0	2	0	1	0	0	0	0	N	Y	N	N	N	N	N	N	N	N	N	N	0.0000	0.0000	0.0000	0.0000	0.0000	0.0000	0.0000	0.0000	0.0000	0.0000	0.0000	0.0000	0.0000	0.0000	0.0000	0.0009	0.0015	0.0000	0.0025	0.0032	0.0000	0.0006	0.0011	0.0000	0.0000	0.0000	-0.0000	5.0000	1.0007	6.9850	1.4004	0.0000	0.0000	0.0000	0.0000	0.0000	0.0000	0.0000	0.0000	0.0000	0.0000	0.0000	0.0000	0.0000	0.0000	0.0000	0.0000	0.0000	0.0000	0.0680	0.0580	0.0101	0.0028	0.0027	0.0001	0.0652	0.0553	0.0099	0.0571	0.0333	0.0239	0.0081	0.0063	0.0018	0.0490	0.0269	0.0221	0.0000	0.0000	0.0000	0.0000	0.0000	0.0000	0.0000	0.0000	0.0000	0.0009	0.0015	0.0000	0.0025	0.0032	0.0000	0.0006	0.0011	0.0000				
34	110	0.1618	4	0	1	0	1	0	0	0	0	N	N	N	N	N	N	N	N	N	N	N	N	0.0000	0.0000	0.0000	0.0000	0.0000	0.0000	0.0000	0.0000	0.0000	0.0000	0.0000	0.0000	0.0000	0.0000	0.0000	0.0000	0.0000	9.8680	0.0033	51.8700	0.0203	0.0120	0.0753	12.1929	0.0000	51.1927	4970.2405	0.0000	0.4074	5.0000	0.3039	6.9850	2.8719	0.0000	0.0000	0.0000	0.0000	0.0000	0.0000	0.0000	0.0000	0.0000	0.8860	0.0002	0.8858	0.0003	0.0002	0.0002	0.8857	0.0000	0.8857	0.0363	0.0310	0.0054	0.0113	0.0101	0.0012	0.0251	0.0209	0.0042	0.0898	0.0535	0.0363	0.0171	0.0149	0.0023	0.0726	0.0386	0.0341	0.0000	0.0000	0.0000	0.0000	0.0000	0.0000	0.0000	0.0000	0.0000	9.8680	0.0033	24.3823	0.0203	0.0120	0.0753	12.1929	0.0000	25.9938		
34	111	0.1092	3	0	1	0	1	0	0	0	0	N	N	N	N	N	N	N	N	N	N	N	N	0.0000	0.0000	0.0000	0.0000	0.0000	0.0000	0.0000	0.0000	0.0000	0.0000	0.0000	0.0000	0.0000	0.0000	0.0000	0.0000	0.0000	0.7116	0.0021	1.5275	0.0018	0.0023	0.0000	0.4659	0.0021	1.5780	358.7331	0.0000	0.0524	5.0000	3.8240	6.9850	8.1760	0.0000	0.0000	0.0000	0.0000	0.0000	0.0000	0.0000	0.0000	0.0000	0.1145	0.0003	0.1142	0.0000	0.0000	0.0000	0.1145	0.0003	0.1142	0.2458	0.2092	0.0366	0.0026	0.0024	0.0002	0.2432	0.2068	0.0364	0.2629	0.1491	0.1138	0.0171	0.0129	0.0042	0.2458	0.1363	0.1096	0.0000	0.0000	0.0000	0.0000	0.0000	0.0000	0.0000	0.0000	0.0000	0.4357	0.0021	1.0039	0.0018	0.0023	0.0000	0.4659	0.0021	1.0427		
34	115	0.3019	6	0	1	0	1	0	0	0	0	N	N	N	N	N	N	N	N	N	N	N	N	0.0003	0.0006	0.0000	0.0013	0.0017	0.0000	0.0000	0.0000	0.0000	0.0000	0.0000	0.0000	0.0002	0.0002	0.0000	0.0000	0.0000	0.0000	0.0954	0.0607	0.2301	0.1762	0.1450	0.1720	0.0819	0.0108	0.2329	0.0000	1.2044	-0.0000	0.0005	5.0000	8.9918	6.9850	13.3277	0.0000	0.0000	0.0000	0.0000	0.0000	0.0000	0.0000	0.0000	0.0000	0.0822	0.0373	0.0449	0.0442	0.0343	0.0099	0.0380	0.0029	0.0350	0.6391	0.5547	0.0844	0.0843	0.0817	0.0026	0.5548	0.4730	0.0818	0.8620	0.6139	0.2481	0.3987	0.3412	0.0575	0.4633	0.2727	0.1906	0.0003	0.0006	0.0000	0.0021	0.0024	0.0000	0.0000	0.0000	0.0000	0.0954	0.0607	0.1810	0.1110	0.1007	0.1720	0.0819	0.0108	0.1837
35	36	0.2122	4	1	1	1	0	0	0	0	0	N	N	N	N	N	N	N	N	N	N	N	N	0.0000	0.0000	0.0000	0.0000	0.0000	0.0000	0.0000	0.0000	0.0000	0.0000	0.0000	0.0000	0.0000	0.0000	0.0000	22.6698	36.2675	0.0000	0.0785	0.0999	0.0000	28.1290	48.9012	0.0000	0.0000	0.0000	-0.5269	1.9985	0.0001	17.9985	0.9943	0.0000	0.0000	0.0000	0.0000	0.0000	0.0000	0.0000	0.0000	0.0000	0.9759	0.9759	0.0000	0.0007	0.0007	0.0000	0.9752	0.9752	0.0000	0.0000	0.0000	0.0000	0.0000	0.0000	0.0000	0.0000	0.0000	0.0000	0.0441	0.0279	0.0161	0.0094	0.0080	0.0014	0.0347	0.0199	0.0147	0.0000	0.0000	0.0000	0.0000	0.0000	0.0000	0.0000	0.0000	0.0000	22.1338	34.9254	0.0000	0.0754	0.0887	0.0000	28.1290	48.9012	0.0000				
35	37	0.1884	4	1	2	0	0	0	0	0	0	N	Y	N	N	N	N	N	N	N	N	N	N	0.0000	0.0000	0.0000	0.0000	0.0000	0.0000	0.0000	0.0000	0.0000	0.0000	0.0000	0.0000	0.0000	0.0000	0.0000	0.0000	0.0000	0.0000	0.0000	0.0000	1.9985	2.0000	17.9985	2.0000	0.0000	0.0000	0.0000	0.0000	0.0000	0.0000	0.0000	0.0000	0.0000	0.0000	0.0000	0.0000	0.0000	0.0000	0.0000	0.0000	0.0000	0.0000	0.0541	0.0459	0.0081	0.0017	0.0015	0.0001	0.0524	0.0444	0.0080	0.1467	0.0855	0.0612	0.0241	0.0182	0.0059	0.1226	0.0673	0.0553	0.0000	0.0000	0.0000	0.0000	0.0000	0.0000	0.0000	0.0000	0.0000	0.0000	0.0000	0.0000	0.0000	0.0000	0.0000	0.0000	0.0000	0.0000											
35	38	0.1475	3	2	1	1	0	0	0	0	0	Y	N	N	N	N	N	N	N	N	N	N	N	446192.0044	307452.1100	348399.8956	304575.3209	18.6998	21.9330	0.0000	311.1174	328.7586	0.0000	0.0000	0.0000	0.0000	0.0000	0.0001	0.0000	0.0009	0.0011	0.0000	0.0000	0.0000	0.0000	0.0000	0.0000	-0.4611	-0.0000	1.9985	2.0000	17.9985	5.0000	0.9986	0.9986	0.0000	0.9986	0.9986	0.0000	0.0000	0.0000	0.0000	0.0000	0.0000	0.0000	0.0000	0.0000	0.0000	0.0000	0.0000	0.0000	0.0534	0.0455	0.0079	0.0032	0.0030	0.0002	0.0502	0.0425	0.0077	0.2386	0.1402	0.0984	0.0112	0.0093	0.0019	0.2274	0.1309	0.0965	446192.0044	307452.1100	0.0000	348399.8956	304575.3209	0.0000	0.0000	0.0000	0.0000	0.0000	0.0001	0.0000	0.0009	0.0011	0.0000	0.0000	0.0000	0.0000					
35	39	0.1628	4	1	2	0	0	0	0	0	0	N	Y	N	N	N	N	N	N	N	N	N	N	0.0000	0.0000	0.0000	0.0000	0.0000	0.0000	0.0000	0.0000	0.0000	0.0000	0.0000	0.0000	0.0000	0.0000	0.0000	0.0000	0.0000	0.3014	0.3632	0.3421	6.4981	8.9692	0.1340	0.1212	0.0000	0.3509	0.7760	0.0000	-0.0059	1.9985	0.0217	17.9985	6.0735	0.0000	0.0000	0.0000	0.0000	0.0000	0.0000	0.0000	0.0000	0.0000	0.0572	0.0322	0.0250	0.0337	0.0322	0.0015	0.0235	0.0000	0.0235	0.0021	0.0018	0.0003	0.0008	0.0008	0.0000	0.0014	0.0011	0.0003	0.2431	0.1456	0.0976	0.0493	0.0382	0.0111	0.1938	0.1073	0.0865	0.0000	0.0000	0.0000	0.0000	0.0000	0.0000	0.0000	0.0000	0.0000	0.2351	0.2211	0.2560	0.6825	0.8422	0.1340	0.1212	0.0000	0.2717		
35	40	0.1454	3	1	1	0	0	0	0	0	0	N	N	N	N	N	N	N	N	N	N	N	N	0.0000	0.0000	0.0000	0.0000	0.0000	0.0000	0.0000	0.0000	0.0000	0.0000	0.0000	0.0000	0.0000	0.0000	0.0000	6.6589	0.5256	32.6145	0.0000	0.0000	0.0000	7.1897	0.3114	32.8561	40.5955	0.0000	0.4398	1.9985	0.0217	17.9985	4.0395	0.0000	0.0000	0.0000	0.0000	0.0000	0.0000	0.0000	0.0000	0.0000	1.0087	0.0243	0.9844	0.0000	0.0000	0.0000	1.0087	0.0243	0.9844	0.0006	0.0005	0.0001	0.0000	0.0000	0.0000	0.0006	0.0005	0.0001	0.1515	0.0866	0.0648	0.0112	0.0087	0.0024	0.1403	0.0779	0.0624	0.0000	0.0000	0.0000	0.0000	0.0000	0.0000	0.0000	0.0000	0.0000	6.6589	0.2799	15.1805	0.0000	0.0000	0.0000	7.1897	0.3114	15.7722				
35	41	0.1454	3	1	2	0	1	0	0	0	0	N	Y	N	N	N	N	N	N	N	N	N	N	0.0000	0.0000	0.0000	0.0000	0.0000	0.0000	0.0000	0.0000	0.0000	0.0000	0.0000	0.0000	0.0000	3.9598	6.9529	0.0000	0.0000	0.0000	0.0000	4.2515	7.6560	0.0000	0.0000	0.0000	-0.5399	1.9985	0.0000	17.9985	7.0150	0.0000	0.0000	0.0000	0.0000	0.0000	0.0000	0.0000	0.0000	0.0000	1.0000	1.0000	0.0000	0.0000	0.0000	0.0000	1.0000	1.0000	0.0000	0.0000	0.0000	0.0000	0.0000	0.0000	0.0000	0.0000	0.0000	0.0000	0.2525	0.1438	0.1087	0.0173	0.0132	0.0041	0.2352	0.1306	0.1046	0.0000	0.0000	0.0000	0.0000	0.0000	0.0000	0.0000	0.0000	0.0000	3.9598	6.9529	0.0000	0.0000	0.0000	0.0000	4.2515	7.6560	0.0000						
35	42	0.1475	3	2	1	1	0	0	0	0	0	Y	N	N	N	N	N	N	N	N	N	N	N	0.0000	0.0000	0.0000	0.0000	0.0000	0.0000	0.0000	0.0000	0.0000	0.0000	0.0000	0.0000	0.0000	0.0000	0.0000	0.0000	0.0000	0.0000	0.0000	0.0000	1.9985	0.0000	17.9985	0.0000	0.0000	0.0000	0.0000	0.0000	0.0000	0.0000	0.0000	0.0000	0.0000	0.0000	0.0000	0.0000	0.0000	0.0000	0.0000	0.0000	0.0000	0.0000	0.0000	0.0000	0.0000	0.0000	0.0000	0.0000	0.0000	0.0000	0.0000	0.0000	0.0000	0.0000	0.0000	0.0000	0.0000	0.0000	0.0000	0.0000	0.0000	0.0000	0.0000	0.0000	0.0000	0.0000	0.0000	0.0000	0.0000	0.0000	0.0000	0.0000	0.0000	0.0000	0.0000	0.0000	0.0000	0.0000											
35	43	0.1308	2	2	1	1	0	0	0	0	0	Y	N	N	N	N	N	N	N	N	N	N	N	0.0000	0.0000	0.0000	0.0000	0.0000	0.0000	0.0000	0.0000	0.0000	0.0000	0.0000	0.0000	0.0000	0.0000	0.0000	0.0000	0.0000	0.0000	0.0000	0.0000	1.9985	1.0000	17.9985	3.0000	0.0000	0.0000	0.0000	0.0000	0.0000	0.0000	0.0000	0.0000	0.0000	0.0000	0.0000	0.0000	0.0000	0.0000	0.0000	0.0000	0.0000	0.0000	0.0270	0.0230	0.0040	0.0015	0.0014	0.0001	0.0255	0.0216	0.0039	0.1387	0.0808	0.0580	0.0041	0.0033	0.0009	0.1346	0.0775	0.0571	0.0000	0.0000	0.0000	0.0000	0.0000	0.0000	0.0000	0.0000	0.0000	0.0000	0.0000	0.0000	0.0000	0.0000	0.0000	0.0000	0.0000	0.0000											
35	44	0.1308	2	2	1	1	0	0	0	0	0	Y	N	N	N	N	N	N	N	N	N	N	N	inf	inf	inf	inf	37.0023	43.4379	0.0000	663.4110	701.3124	0.0000	0.0000	0.0000	0.0000	0.0000	0.0000	0.0000	0.0000	0.0000	0.0000	0.0000	0.0000	0.0000	0.0000	-0.4611	0.0000	1.9985	1.0000	17.9985	3.0000	0.9986	0.9986	0.0000	0.9986	0.9986	0.0000	0.0000	0.0000	0.0000	0.0000	0.0000	0.0000	0.0000	0.0000	0.0000	0.0000	0.0000	0.0000	0.0270	0.0230	0.0040	0.0015	0.0014	0.0001	0.0255	0.0216	0.0039	0.1387	0.0808	0.0580	0.0041	0.0033	0.0009	0.1346	0.0775	0.0571	inf	inf	0.0000	inf	inf	0.0000	0.0000	0.0000	0.0000	0.0000	0.0000	0.0000	0.0000	0.0000	0.0000	0.0000	0.0000	0.0000						
35	45	0.1884	4	1	1	1	0	0	0	0	0	N	N	N	N	N	N	N	N	N	N	N	N	0.0000	0.0000	0.0000	0.0000	0.0000	0.0000	0.0000	0.0000	0.0000	0.0000	0.0000	0.0000	0.0000	0.0000	0.0000	0.0000	0.0000	0.0000	0.0000	0.0000	1.9985	0.0000	17.9985	0.0000	0.0000	0.0000	0.0000	0.0000	0.0000	0.0000	0.0000	0.0000	0.0000	0.0000	0.0000	0.0000	0.0000	0.0000	0.0000	0.0000	0.0000	0.0000	0.0000	0.0000	0.0000	0.0000	0.0000	0.0000	0.0000	0.0000	0.0000	0.0000	0.0000	0.0000	0.0000	0.0000	0.0000	0.0000	0.0000	0.0000	0.0000	0.0000	0.0000	0.0000	0.0000	0.0000	0.0000	0.0000	0.0000	0.0000	0.0000	0.0000	0.0000	0.0000	0.0000	0.0000	0.0000	0.0000											
35	46	0.1454	3	1	1	0	0	0	0	0	0	N	N	N	N	N	N	N	N	N	N	N	N	0.0000	0.0000	0.0000	0.0000	0.0000	0.0000	0.0000	0.0000	0.0000	0.0000	0.0000	0.0000	0.0000	0.0000	0.0000	0.0000	0.0000	0.0000	0.0000	0.0000	1.9985	4.0000	17.9985	5.9850	0.0000	0.0000	0.0000	0.0000	0.0000	0.0000	0.0000	0.0000	0.0000	0.0000	0.0000	0.0000	0.0000	0.0000	0.0000	0.0000	0.0000	0.0000	0.1057	0.0898	0.0159	0.0012	0.0011	0.0001	0.1045	0.0887	0.0158	0.3496	0.1989	0.1507	0.0233	0.0175	0.0057	0.3263	0.1814	0.1449	0.0000	0.0000	0.0000	0.0000	0.0000	0.0000	0.0000	0.0000	0.0000	0.0000	0.0000	0.0000	0.0000	0.0000	0.0000	0.0000	0.0000	0.0000											
35	47	0.2164	5	1	2	0	0	0	0	0	0	N	Y	N	N	N	N	N	N	N	N	N	N	0.0000	0.0000	0.0000	0.0000	0.0000	0.0000	0.0000	0.0000	0.0000	0.0000	0.0000	0.0000	0.0000	0.0000	0.0000	0.0000	0.0000	0.0000	0.0000	0.0000	1.9985	0.0000	17.9985	0.0000	0.0000	0.0000	0.0000	0.0000	0.0000	0.0000	0.0000	0.0000	0.0000	0.0000	0.0000	0.0000	0.0000	0.0000	0.0000	0.0000	0.0000	0.0000	0.0000	0.0000	0.0000	0.0000	0.0000	0.0000	0.0000	0.0000	0.0000	0.0000	0.0000	0.0000	0.0000	0.0000	0.0000	0.0000	0.0000	0.0000	0.0000	0.0000	0.0000	0.0000	0.0000	0.0000	0.0000	0.0000	0.0000	0.0000	0.0000	0.0000	0.0000	0.0000	0.0000	0.0000	0.0000	0.0000											
35	48	0.1633	4	2	2	1	0	0	0	0	0	Y	Y	N	N	N	N	N	N	N	N	N	N	945.6018	639.9983	262.2020	208.3292	7.3866	8.4872	0.0000	18.4096	18.4191	0.0000	0.0000	0.0000	0.0000	0.0078	0.0133	0.0000	0.0702	0.0884	0.0000	0.0000	0.0000	0.0000	0.0000	0.0000	-0.0000	-0.0003	1.9985	0.0000	17.9985	2.0152	0.0000	0.0000	0.0000	0.0000	0.0000	0.0000	0.0000	0.0000	0.0000	0.0006	0.0006	0.0000	0.0006	0.0006	0.0000	0.0000	0.0000	0.0000	0.0000	0.0000	0.0000	0.0000	0.0000	0.0000	0.0000	0.0000	0.0000	0.0768	0.0452	0.0316	0.0085	0.0072	0.0013	0.0683	0.0380	0.0302	945.6018	639.9983	0.0000	262.2020	221.8805	0.0000	0.0000	0.0000	0.0000	0.0078	0.0133	0.0000	0.0702	0.0830	0.0000	0.0000	0.0000	0.0000					
35	49	0.1590	3	2	1	1	0	0	0	0	0	Y	N	N	N	N	N	N	N	N	N	N	N	503.9040	inf	54.3382	inf	inf	24.9094	52.7546	7.5898	8.3857	2.0222	18.3781	18.4184	0.0000	0.4210	0.0000	2.0364	0.0151	0.0000	0.0372	0.0000	0.0000	0.0000	0.0169	0.0000	0.0386	0.0345	inf	-0.0001	0.0003	1.9985	0.0003	17.9985	1.0311	0.0003	0.0003	0.0000	0.0003	0.0003	0.0000	0.0000	0.0000	0.0000	0.0006	0.0000	0.0006	0.0000	0.0000	0.0000	0.0006	0.0000	0.0006	0.0000	0.0000	0.0000	0.0000	0.0000	0.0000	0.0000	0.0000	0.0000	0.0398	0.0237	0.0161	0.0043	0.0038	0.0006	0.0355	0.0200	0.0155	503.9040	inf	54.3382	inf	inf	0.0000	24.9094	0.0000	52.7546	0.0151	0.0000	0.0372	0.0000	0.0000	0.0000	0.0169	0.0000	0.0386		
35	50	0.1590	3	2	2	1	0	0	0	0	0	Y	Y	N	N	N	N	N	N	N	N	N	N	inf	inf	inf	inf	7.3882	8.4425	0.0000	18.3825	18.4225	0.0000	0.0000	0.0000	0.0000	0.0000	0.0000	0.0000	0.0000	0.0000	0.0000	0.0000	0.0000	0.0000	0.0000	-0.0001	0.0000	1.9985	0.0003	17.9985	1.0126	0.0003	0.0003	0.0000	0.0003	0.0003	0.0000	0.0000	0.0000	0.0000	0.0000	0.0000	0.0000	0.0000	0.0000	0.0000	0.0000	0.0000	0.0000	0.0000	0.0000	0.0000	0.0000	0.0000	0.0000	0.0000	0.0000	0.0000	0.0392	0.0233	0.0158	0.0043	0.0037	0.0006	0.0349	0.0196	0.0153	inf	inf	0.0000	inf	inf	0.0000	0.0000	0.0000	0.0000	0.0000	0.0000	0.0000	0.0000	0.0000	0.0000	0.0000	0.0000	0.0000						
35	51	0.1882	2	2	2	0	0	0	0	0	0	Y	Y	N	N	N	N	N	N	N	N	N	N	0.0000	0.0000	0.0000	0.0000	0.0000	0.0000	0.0000	0.0000	0.0000	0.0000	0.0000	0.0000	0.0000	0.0000	0.0000	0.0000	0.0000	0.0000	0.0000	0.0000	1.9985	0.0000	17.9985	1.0000	0.0000	0.0000	0.0000	0.0000	0.0000	0.0000	0.0000	0.0000	0.0000	0.0000	0.0000	0.0000	0.0000	0.0000	0.0000	0.0000	0.0000	0.0000	0.0000	0.0000	0.0000	0.0000	0.0000	0.0000	0.0000	0.0000	0.0000	0.0362	0.0214	0.0149	0.0056	0.0045	0.0011	0.0306	0.0169	0.0138	0.0000	0.0000	0.0000	0.0000	0.0000	0.0000	0.0000	0.0000	0.0000	0.0000	0.0000	0.0000	0.0000	0.0000	0.0000	0.0000	0.0000	0.0000											
35	52	0.1844	5	1	2	0	1	0	0	0	0	N	Y	N	N	N	N	N	N	N	N	N	N	0.0000	0.0000	0.0000	0.0000	0.0000	0.0000	0.0000	0.0000	0.0000	0.0000	0.0000	0.0000	0.0000	0.0000	0.0000	0.1516	0.3466	0.0000	0.0044	0.0048	0.0000	0.1804	0.2965	0.0000	0.0000	0.0000	-0.0080	1.9985	0.9995	17.9985	1.0399	0.0000	0.0000	0.0000	0.0000	0.0000	0.0000	0.0000	0.0000	0.0000	0.0148	0.0148	0.0000	0.0001	0.0001	0.0000	0.0147	0.0147	0.0000	0.0272	0.0231	0.0041	0.0007	0.0007	0.0000	0.0265	0.0224	0.0041	0.1044	0.0706	0.0338	0.0227	0.0209	0.0018	0.0816	0.0497	0.0320	0.0000	0.0000	0.0000	0.0000	0.0000	0.0000	0.0000	0.0000	0.0000	0.1421	0.2101	0.0000	0.0044	0.0048	0.0000	0.1804	0.2965	0.0000				
35	53	0.1844	5	1	1	0	1	0	0	0	0	N	N	N	N	N	N	N	N	N	N	N	N	0.0000	0.0000	0.0000	0.0000	0.0000	0.0000	0.0000	0.0000	0.0000	0.0000	0.0000	0.0000	0.0000	0.0000	0.0000	0.0850	0.1337	0.0000	0.0010	0.0011	0.0000	0.1023	0.1749	0.0000	0.0000	0.0000	-0.0080	1.9985	3.0005	17.9985	1.0125	0.0000	0.0000	0.0000	0.0000	0.0000	0.0000	0.0000	0.0000	0.0000	0.0148	0.0148	0.0000	0.0000	0.0000	0.0000	0.0147	0.0147	0.0000	0.0801	0.0681	0.0120	0.0022	0.0020	0.0001	0.0780	0.0661	0.0119	0.1736	0.1104	0.0632	0.0297	0.0262	0.0035	0.1439	0.0842	0.0597	0.0000	0.0000	0.0000	0.0000	0.0000	0.0000	0.0000	0.0000	0.0000	0.0850	0.1337	0.0000	0.0010	0.0011	0.0000	0.1023	0.1749	0.0000				
35	54	0.1762	4	1	1	0	1	0	0	0	0	N	N	N	N	N	N	N	N	N	N	N	N	0.0000	0.0000	0.0000	0.0000	0.0000	0.0000	0.0000	0.0000	0.0000	0.0000	0.0000	0.0000	0.0000	0.0000	0.0000	0.0000	0.0000	0.0000	14.5218	24.2143	0.0010	0.0197	0.0268	0.0000	14.7801	26.5268	0.0010	0.0000	0.0000	-0.5319	1.9985	0.0013	17.9985	1.9704	0.0000	0.0000	0.0000	0.0000	0.0000	0.0000	0.0000	0.0000	0.0000	0.9851	0.9851	0.0000	0.0001	0.0001	0.0000	0.9850	0.9850	0.0000	0.0000	0.0000	0.0000	0.0000	0.0000	0.0000	0.0000	0.0000	0.0000	0.0715	0.0407	0.0308	0.0048	0.0035	0.0013	0.0666	0.0371	0.0295	0.0000	0.0000	0.0000	0.0000	0.0000	0.0000	0.0000	0.0000	0.0000	13.7836	24.2143	0.0010	0.0197	0.0268	0.0000	14.7801	26.5268	0.0010	
35	55	0.1454	3	1	1	0	1	0	0	0	0	N	N	N	N	N	N	N	N	N	N	N	N	0.0000	0.0000	0.0000	0.0000	0.0000	0.0000	0.0000	0.0000	0.0000	0.0000	0.0000	0.0000	0.0000	0.0017	0.0031	0.0000	0.0000	0.0000	0.0000	0.0019	0.0034	0.0000	0.0000	0.0000	-0.0002	1.9985	3.0000	17.9985	4.0155	0.0000	0.0000	0.0000	0.0000	0.0000	0.0000	0.0000	0.0000	0.0000	0.0004	0.0004	0.0000	0.0000	0.0000	0.0000	0.0004	0.0004	0.0000	0.0800	0.0679	0.0121	0.0009	0.0008	0.0001	0.0791	0.0671	0.0120	0.2526	0.1438	0.1087	0.0173	0.0132	0.0041	0.2352	0.1306	0.1046	0.0000	0.0000	0.0000	0.0000	0.0000	0.0000	0.0000	0.0000	0.0000	0.0017	0.0031	0.0000	0.0000	0.0000	0.0000	0.0019	0.0034	0.0000						
35	56	0.1496	4	1	2	1	0	0	0	0	0	N	Y	N	N	N	N	N	N	N	N	N	N	0.0174	0.0000	inf	0.0000	0.0000	inf	inf	0.0384	0.0000	0.2606	0.0000	0.0000	0.0000	0.0408	0.0000	0.2660	2.2144	3.7204	0.0000	268.7610	259.0642	0.0000	0.0000	0.0000	0.0000	inf	0.0000	0.0011	-0.3080	1.9985	2.0013	17.9985	5.6727	0.0021	0.0000	0.0021	0.0000	0.0000	0.0000	0.0021	0.0000	0.0021	0.5705	0.5705	0.0000	0.5705	0.5705	0.0000	0.0000	0.0000	0.0000	0.0538	0.0458	0.0079	0.0031	0.0029	0.0002	0.0507	0.0429	0.0078	0.3308	0.2135	0.1173	0.0543	0.0502	0.0040	0.2765	0.1633	0.1132	0.0223	0.0000	inf	0.0000	0.0000	0.0000	inf	0.0000	inf	1.7248	2.6719	0.0000	10.5126	11.3602	0.0000	0.0000	0.0000	0.0000		
35	57	0.1459	3	1	2	0	0	0	0	0	0	N	Y	N	N	N	N	N	N	N	N	N	N	4.1446	5.0005	0.4233	0.5146	0.4885	0.0000	0.2538	0.0000	0.4329	17.2698	18.9669	5.2020	94.5659	95.7660	0.0000	0.7782	0.0000	5.2966	4.1669	3.7930	12.2878	183.7528	196.0337	0.2425	3.0657	0.0086	12.2363	0.0386	0.9976	-0.0009	-0.0200	1.9985	0.0033	17.9985	1.3874	0.0021	0.0021	0.0001	0.0021	0.0021	0.0000	0.0001	0.0000	0.0001	0.4943	0.2475	0.2469	0.2472	0.2470	0.0002	0.2471	0.0004	0.2467	0.0001	0.0001	0.0000	0.0000	0.0000	0.0000	0.0001	0.0001	0.0000	0.1186	0.0890	0.0297	0.0380	0.0372	0.0008	0.0806	0.0517	0.0289	4.1446	6.8195	0.6250	14.5464	14.4334	0.0000	0.2538	0.0000	0.6197	4.1669	2.7813	8.3233	6.5010	6.6350	0.2425	3.0657	0.0086	8.5466
35	58	0.1308	2	2	1	1	0	0	0	0	0	Y	N	N	N	N	N	N	N	N	N	N	N	0.0000	0.0000	0.0000	0.0000	0.0000	0.0000	0.0000	0.0000	0.0000	0.0000	0.0000	0.0000	0.0000	0.0000	0.0000	0.0000	0.0000	0.0000	0.0000	0.0000	1.9985	0.0000	17.9985	2.0000	0.0000	0.0000	0.0000	0.0000	0.0000	0.0000	0.0000	0.0000	0.0000	0.0000	0.0000	0.0000	0.0000	0.0000	0.0000	0.0000	0.0000	0.0000	0.0000	0.0000	0.0000	0.0000	0.0000	0.0000	0.0000	0.0000	0.0000	0.0704	0.0410	0.0294	0.0021	0.0016	0.0004	0.0683	0.0393	0.0290	0.0000	0.0000	0.0000	0.0000	0.0000	0.0000	0.0000	0.0000	0.0000	0.0000	0.0000	0.0000	0.0000	0.0000	0.0000	0.0000	0.0000	0.0000											
35	59	0.1459	3	1	2	0	0	0	0	0	0	N	Y	N	N	N	N	N	N	N	N	N	N	0.0003	0.0000	0.0017	0.0000	0.0000	0.0000	0.0002	0.0000	0.0017	0.0015	0.0000	0.0101	0.0000	0.0000	0.0000	0.0016	0.0000	0.0103	5.6859	6.0524	5.9138	0.0084	0.0009	0.1192	6.8762	8.0095	6.1083	inf	0.4328	0.0000	-0.3402	1.9985	1.9997	17.9985	3.4660	0.0001	0.0000	0.0001	0.0000	0.0000	0.0000	0.0001	0.0000	0.0001	1.4302	0.9982	0.4320	0.0004	0.0000	0.0003	1.4298	0.9981	0.4317	0.0535	0.0456	0.0079	0.0030	0.0028	0.0002	0.0505	0.0428	0.0077	0.2530	0.1668	0.0862	0.0451	0.0422	0.0029	0.2079	0.1246	0.0833	0.0003	0.0000	0.0020	0.0000	0.0000	0.0000	0.0002	0.0000	0.0020	5.6531	5.9836	5.0134	0.0084	0.0009	0.1192	6.8762	8.0095	5.1810
35	60	0.1308	2	1	2	0	0	0	0	0	0	N	Y	N	N	N	N	N	N	N	N	N	N	1.2898	228.5947	0.0000	inf	inf	0.0000	0.0000	0.0000	5.8641	6.8881	0.0000	105.0370	111.0399	0.0000	0.0000	0.0000	0.0000	4.5466	0.0301	18.9700	0.0000	0.0000	0.0000	4.6858	0.0314	18.2899	0.0000	258.1818	-0.0000	0.2601	1.9985	0.0005	17.9985	3.6054	0.0001	0.0001	0.0000	0.0001	0.0001	0.0000	0.0000	0.0000	0.0000	0.5702	0.0022	0.5680	0.0000	0.0000	0.0000	0.5702	0.0022	0.5680	0.0000	0.0000	0.0000	0.0000	0.0000	0.0000	0.0000	0.0000	0.0000	0.1254	0.0730	0.0524	0.0037	0.0029	0.0008	0.1217	0.0701	0.0516	1.2898	228.5947	0.0000	inf	inf	0.0000	0.0000	0.0000	0.0000	4.5466	0.0301	10.8396	0.0000	0.0000	0.0000	4.6858	0.0314	11.0042	
35	61	0.2164	5	1	1	1	0	0	0	0	0	N	N	N	N	N	N	N	N	N	N	N	N	0.0000	0.0000	0.0000	0.0000	0.0000	0.0000	0.0000	0.0000	0.0000	0.0000	0.0000	0.0000	0.0000	0.0000	0.0000	0.0000	0.0000	0.0000	0.0000	0.0000	1.9985	0.0000	17.9985	1.0000	0.0000	0.0000	0.0000	0.0000	0.0000	0.0000	0.0000	0.0000	0.0000	0.0000	0.0000	0.0000	0.0000	0.0000	0.0000	0.0000	0.0000	0.0000	0.0000	0.0000	0.0000	0.0000	0.0000	0.0000	0.0000	0.0000	0.0000	0.0346	0.0200	0.0146	0.0048	0.0033	0.0015	0.0298	0.0167	0.0132	0.0000	0.0000	0.0000	0.0000	0.0000	0.0000	0.0000	0.0000	0.0000	0.0000	0.0000	0.0000	0.0000	0.0000	0.0000	0.0000	0.0000	0.0000											
35	62	0.2122	4	1	1	0	0	0	0	0	0	N	N	N	N	N	N	N	N	N	N	N	N	0.0000	0.0000	0.0000	0.0000	0.0000	0.0000	0.0000	0.0000	0.0000	0.0000	0.0000	0.0000	0.0000	0.9525	1.9497	0.0000	46.9193	49.6163	0.0000	0.0000	0.0000	0.0000	0.0000	0.0000	-0.0134	1.9985	0.0001	17.9985	1.0076	0.0000	0.0000	0.0000	0.0000	0.0000	0.0000	0.0000	0.0000	0.0000	0.0248	0.0248	0.0000	0.0248	0.0248	0.0000	0.0000	0.0000	0.0000	0.0000	0.0000	0.0000	0.0000	0.0000	0.0000	0.0000	0.0000	0.0000	0.0445	0.0282	0.0163	0.0095	0.0080	0.0014	0.0351	0.0202	0.0149	0.0000	0.0000	0.0000	0.0000	0.0000	0.0000	0.0000	0.0000	0.0000	0.5572	0.8800	0.0000	2.6175	3.0864	0.0000	0.0000	0.0000	0.0000						
35	63	0.1454	3	1	1	0	0	0	0	0	0	N	N	N	N	N	N	N	N	N	N	N	N	0.0000	0.0000	0.0000	0.0000	0.0000	0.0000	0.0000	0.0000	0.0000	0.0000	0.0000	0.0000	0.0000	0.0000	0.0000	0.0491	0.0848	0.0020	0.0000	0.0000	0.0000	0.0525	0.0927	0.0021	0.0176	0.0000	-0.0130	1.9985	11.9999	17.9985	3.0574	0.0000	0.0000	0.0000	0.0000	0.0000	0.0000	0.0000	0.0000	0.0000	0.0248	0.0244	0.0004	0.0000	0.0000	0.0000	0.0248	0.0244	0.0004	0.2946	0.2515	0.0430	0.0034	0.0032	0.0002	0.2911	0.2484	0.0428	0.5054	0.2876	0.2178	0.0329	0.0246	0.0084	0.4724	0.2630	0.2094	0.0000	0.0000	0.0000	0.0000	0.0000	0.0000	0.0000	0.0000	0.0000	0.0491	0.0848	0.0020	0.0000	0.0000	0.0000	0.0525	0.0927	0.0021				
35	64	0.1308	2	2	2	0	0	0	0	0	0	Y	Y	N	N	N	N	N	N	N	N	N	N	inf	inf	inf	inf	9.5275	11.1654	0.0000	171.3112	181.0964	0.0000	0.0000	0.0000	0.0000	0.0000	0.0000	0.0000	0.0000	0.0000	0.0000	0.0000	0.0000	0.0000	0.0000	-0.4617	0.0000	1.9985	4.0000	17.9985	3.0000	0.9999	0.9999	0.0000	0.9999	0.9999	0.0000	0.0000	0.0000	0.0000	0.0000	0.0000	0.0000	0.0000	0.0000	0.0000	0.0000	0.0000	0.0000	0.1049	0.0896	0.0154	0.0058	0.0055	0.0003	0.0991	0.0840	0.0151	0.2375	0.1383	0.0992	0.0071	0.0056	0.0015	0.2304	0.1327	0.0977	inf	inf	0.0000	inf	inf	0.0000	0.0000	0.0000	0.0000	0.0000	0.0000	0.0000	0.0000	0.0000	0.0000	0.0000	0.0000	0.0000						
35	67	0.2438	3	1	1	0	0	0	0	0	0	N	N	N	N	N	N	N	N	N	N	N	N	0.1225	0.0792	0.0000	0.3353	0.2823	0.0000	0.0000	0.0000	0.0000	0.1989	0.2308	0.0000	2.2592	2.3219	0.0000	0.0000	0.0000	0.0000	1.6227	2.9128	0.0176	6.7384	8.2245	0.0034	1.3265	2.2484	0.0203	0.0000	0.0050	-0.0133	-0.6282	1.9985	4.8614	17.9985	14.2102	0.0289	0.0289	0.0000	0.0289	0.0289	0.0000	0.0000	0.0000	0.0000	1.1744	1.1685	0.0058	0.2786	0.2784	0.0002	0.8958	0.8901	0.0057	0.1451	0.1250	0.0201	0.0128	0.0124	0.0003	0.1323	0.1126	0.0197	1.0665	0.7345	0.3320	0.3912	0.3386	0.0526	0.6753	0.3959	0.2794	0.1806	0.1451	0.0000	3.1725	2.8242	0.0000	0.0000	0.0000	0.0000	1.1012	1.5909	0.0176	0.7121	0.8222	0.0034	1.3265	2.2484	0.0203
35	68	0.1647	5	2	2	1	0	0	0	0	0	Y	Y	N	N	N	N	N	N	N	N	N	N	0.0000	0.0000	0.0000	0.0000	0.0000	0.0000	0.0000	0.0000	0.0000	0.0000	0.0000	0.0000	0.0000	0.0000	0.0000	0.0000	0.0000	0.0000	0.0000	0.0000	1.9985	0.0000	17.9985	0.0000	0.0000	0.0000	0.0000	0.0000	0.0000	0.0000	0.0000	0.0000	0.0000	0.0000	0.0000	0.0000	0.0000	0.0000	0.0000	0.0000	0.0000	0.0000	0.0000	0.0000	0.0000	0.0000	0.0000	0.0000	0.0000	0.0000	0.0000	0.0000	0.0000	0.0000	0.0000	0.0000	0.0000	0.0000	0.0000	0.0000	0.0000	0.0000	0.0000	0.0000	0.0000	0.0000	0.0000	0.0000	0.0000	0.0000	0.0000	0.0000	0.0000	0.0000	0.0000	0.0000	0.0000	0.0000											
35	69	0.1605	4	2	1	1	0	0	0	0	0	Y	N	N	N	N	N	N	N	N	N	N	N	inf	inf	inf	inf	5.4761	0.0000	43.3659	0.0000	0.0000	0.0000	8.8669	0.0000	43.6421	0.0000	0.0000	0.0000	0.0000	0.0000	0.0000	0.0000	0.0000	0.0000	inf	0.0005	0.0000	1.9985	0.0016	17.9985	0.9826	0.0009	0.0000	0.0009	0.0000	0.0000	0.0000	0.0009	0.0000	0.0009	0.0000	0.0000	0.0000	0.0000	0.0000	0.0000	0.0000	0.0000	0.0000	0.0002	0.0001	0.0000	0.0001	0.0001	0.0000	0.0001	0.0001	0.0000	0.0383	0.0230	0.0152	0.0053	0.0046	0.0007	0.0329	0.0184	0.0146	inf	0.0000	inf	0.0000	0.0000	0.0000	inf	0.0000	inf	0.0000	0.0000	0.0000	0.0000	0.0000	0.0000	0.0000	0.0000	0.0000						
35	70	0.1478	3	2	1	1	0	0	0	0	0	Y	N	N	N	N	N	N	N	N	N	N	N	25560.3464	17362.4034	116691.6782	9010.3277	8022.5354	0.0000	46185.8546	118847.9379	2.2134	2.4744	0.2066	6.7381	6.7630	0.0000	0.0352	0.0000	0.2088	0.0001	0.0001	0.0000	0.0007	0.0008	0.0000	0.0000	0.0000	0.0000	0.0109	0.0082	-0.0004	-0.0000	1.9985	0.0061	17.9985	3.0249	0.0009	0.0009	0.0000	0.0009	0.0009	0.0000	0.0000	0.0000	0.0000	0.0000	0.0000	0.0000	0.0000	0.0000	0.0000	0.0000	0.0000	0.0000	0.0004	0.0004	0.0000	0.0001	0.0001	0.0000	0.0003	0.0002	0.0000	0.1164	0.0702	0.0463	0.0134	0.0119	0.0015	0.1031	0.0583	0.0447	25560.3464	17362.4034	116691.6782	9010.3277	8022.5354	0.0000	46185.8546	0.0000	118847.9379	0.0001	0.0001	0.0000	0.0007	0.0008	0.0000	0.0000	0.0000	0.0000	
35	71	0.1308	2	2	1	1	0	0	0	0	0	Y	N	N	N	N	N	N	N	N	N	N	N	1144.7824	782.8527	75112.2664	62693.6754	0.0000	0.0000	0.0826	0.0970	0.0000	1.4786	1.5631	0.0000	0.0000	0.0000	0.0000	0.0001	0.0001	0.0000	0.0000	0.0000	0.0000	0.0001	0.0001	0.0000	0.0000	0.0000	-0.0000	-0.0000	1.9985	0.0044	17.9985	4.0281	0.0000	0.0000	0.0000	0.0000	0.0000	0.0000	0.0000	0.0000	0.0000	0.0000	0.0000	0.0000	0.0000	0.0000	0.0000	0.0000	0.0000	0.0000	0.0001	0.0001	0.0000	0.0000	0.0000	0.0000	0.0001	0.0001	0.0000	0.1398	0.0814	0.0584	0.0042	0.0033	0.0009	0.1357	0.0781	0.0575	1144.7824	782.8527	0.0000	75112.2664	62693.6754	0.0000	0.0000	0.0000	0.0000	0.0001	0.0001	0.0000	0.0000	0.0000	0.0000	0.0001	0.0001	0.0000			
35	73	0.1308	2	2	1	1	0	0	0	0	0	Y	N	N	N	N	N	N	N	N	N	N	N	inf	inf	inf	inf	18.6774	21.9132	0.0000	335.1869	354.3329	0.0000	0.0000	0.0000	0.0000	0.0000	0.0000	0.0000	0.0000	0.0000	0.0000	0.0000	0.0000	0.0000	0.0000	-0.4611	0.0000	1.9985	2.0000	17.9985	5.0000	0.9986	0.9986	0.0000	0.9986	0.9986	0.0000	0.0000	0.0000	0.0000	0.0000	0.0000	0.0000	0.0000	0.0000	0.0000	0.0000	0.0000	0.0000	0.0535	0.0456	0.0079	0.0030	0.0028	0.0002	0.0505	0.0428	0.0077	0.2375	0.1383	0.0992	0.0071	0.0056	0.0015	0.2304	0.1327	0.0977	inf	inf	0.0000	inf	inf	0.0000	0.0000	0.0000	0.0000	0.0000	0.0000	0.0000	0.0000	0.0000	0.0000	0.0000	0.0000	0.0000						
35	74	0.1307	3	1	2	0	0	0	0	0	0	N	Y	N	N	N	N	N	N	N	N	N	N	0.1018	0.1026	0.0000	1771.1308	2248.5036	0.0000	0.0000	0.0000	0.0000	0.2902	0.3407	0.0000	13.6697	13.8077	0.0000	0.0000	0.0000	0.0000	2.8501	3.3191	3.9728	0.0077	0.0061	0.0170	3.1394	2.7309	4.0156	0.0000	0.9994	-0.0225	-0.0801	1.9985	6.1274	17.9985	13.6208	0.0487	0.0487	0.0000	0.0487	0.0487	0.0000	0.0000	0.0000	0.0000	1.9991	0.9998	0.9992	0.0005	0.0003	0.0002	1.9986	0.9995	0.9991	0.1678	0.1430	0.0249	0.0036	0.0035	0.0000	0.1643	0.1394	0.0248	0.7014	0.4214	0.2800	0.0648	0.0554	0.0094	0.6366	0.3660	0.2706	0.1018	0.1436	0.0000	1771.1308	2248.5036	0.0000	0.0000	0.0000	0.0000	2.8501	2.3728	3.5683	0.0077	0.0061	0.0170	3.1394	2.7309	3.6918
35	75	0.1553	6	1	1	1	0	0	0	0	0	N	N	N	N	N	N	N	N	N	N	N	N	0.0000	0.0000	0.0000	0.0000	0.0000	0.0000	0.0000	0.0000	0.0000	0.0000	0.0000	0.0000	0.0000	0.0000	0.0000	0.0000	0.0000	0.0000	0.0000	0.0000	1.9985	0.0000	17.9985	1.0003	0.0000	0.0000	0.0000	0.0000	0.0000	0.0000	0.0000	0.0000	0.0000	0.0000	0.0000	0.0000	0.0000	0.0000	0.0000	0.0000	0.0000	0.0000	0.0000	0.0000	0.0000	0.0000	0.0000	0.0000	0.0000	0.0000	0.0000	0.0377	0.0227	0.0150	0.0031	0.0025	0.0006	0.0346	0.0202	0.0144	0.0000	0.0000	0.0000	0.0000	0.0000	0.0000	0.0000	0.0000	0.0000	0.0000	0.0000	0.0000	0.0000	0.0000	0.0000	0.0000	0.0000	0.0000											
35	76	0.1511	5	1	1	1	0	0	0	0	0	N	N	N	N	N	N	N	N	N	N	N	N	0.0000	0.0000	0.0000	0.0000	0.0000	0.0000	0.0000	0.0000	0.0000	0.0000	0.0000	0.0000	0.0000	0.0000	0.0000	0.0000	0.0000	0.0000	0.0000	0.0000	1.9985	0.0000	17.9985	1.0076	0.0000	0.0000	0.0000	0.0000	0.0000	0.0000	0.0000	0.0000	0.0000	0.0000	0.0000	0.0000	0.0000	0.0000	0.0000	0.0000	0.0000	0.0000	0.0000	0.0000	0.0000	0.0000	0.0000	0.0000	0.0000	0.0000	0.0000	0.0377	0.0227	0.0150	0.0027	0.0022	0.0005	0.0350	0.0205	0.0145	0.0000	0.0000	0.0000	0.0000	0.0000	0.0000	0.0000	0.0000	0.0000	0.0000	0.0000	0.0000	0.0000	0.0000	0.0000	0.0000	0.0000	0.0000											
35	77	0.1471	4	1	1	0	0	0	0	0	0	N	N	N	N	N	N	N	N	N	N	N	N	inf	inf	inf	inf	3.4894	0.0000	32.6013	0.0000	0.0000	0.0000	5.4324	0.0000	32.9037	0.0000	0.0000	0.0000	0.0000	0.0000	0.0000	0.0000	0.0000	0.0000	inf	0.0004	0.0000	1.9985	0.0026	17.9985	0.9924	0.0008	0.0000	0.0008	0.0000	0.0000	0.0000	0.0008	0.0000	0.0008	0.0000	0.0000	0.0000	0.0000	0.0000	0.0000	0.0000	0.0000	0.0000	0.0002	0.0002	0.0000	0.0001	0.0001	0.0000	0.0001	0.0001	0.0000	0.0371	0.0223	0.0148	0.0026	0.0021	0.0005	0.0345	0.0202	0.0143	inf	0.0000	inf	0.0000	0.0000	0.0000	inf	0.0000	inf	0.0000	0.0000	0.0000	0.0000	0.0000	0.0000	0.0000	0.0000	0.0000						
35	78	0.1307	3	1	1	0	0	0	0	0	0	N	N	N	N	N	N	N	N	N	N	N	N	463.4866	0.0219	3228.4256	0.1441	0.0737	196.3005	1180.1321	3167.9738	11.2059	0.0005	75.4099	0.0197	0.0112	1.6419	11.6873	0.0000	75.5169	0.0242	0.0246	0.0234	0.1368	0.1521	0.0084	0.0099	0.0000	0.0238	24361.2623	0.5277	0.5109	-0.0010	1.9985	2.8733	17.9985	1.5522	0.9492	0.0000	0.9492	0.0001	0.0000	0.0000	0.9491	0.0000	0.9491	0.0052	0.0034	0.0018	0.0034	0.0034	0.0000	0.0018	0.0000	0.0018	0.0847	0.0721	0.0126	0.0035	0.0035	0.0000	0.0812	0.0686	0.0126	0.2155	0.1384	0.0770	0.0358	0.0334	0.0024	0.1797	0.1050	0.0747	463.4866	0.0219	3228.4256	0.2056	0.1097	196.3005	1180.1321	0.0000	3167.9738	0.0242	0.0246	0.0234	0.0959	0.1021	0.0084	0.0099	0.0000	0.0238	
35	79	0.1186	2	1	1	0	0	0	0	0	0	N	N	N	N	N	N	N	N	N	N	N	N	29.2043	71.7368	43.8636	96.5945	114.2756	0.0000	28.1373	0.6273	49.6107	6.8908	2.2851	35.5330	9.9199	9.9238	0.0000	6.1423	0.0046	35.5527	0.2360	0.0319	0.8101	0.1027	0.0868	0.4327	0.2183	0.0073	0.7166	2.5004	7.6943	0.0169	0.0152	1.9985	0.2102	17.9985	3.4985	0.0668	0.0191	0.0477	0.0190	0.0190	0.0000	0.0477	0.0000	0.0477	0.0440	0.0051	0.0389	0.0046	0.0043	0.0003	0.0394	0.0008	0.0386	0.0097	0.0083	0.0013	0.0019	0.0019	0.0000	0.0078	0.0064	0.0013	0.2331	0.1588	0.0743	0.0525	0.0517	0.0008	0.1806	0.1071	0.0735	36.5239	71.7368	67.8393	114.3018	119.8746	0.0000	28.1373	0.6273	67.5959	0.1887	0.0319	0.5238	0.0868	0.0828	0.3332	0.2183	0.0073	0.5260
35	80	0.1497	4	1	2	0	0	0	0	0	0	N	Y	N	N	N	N	N	N	N	N	N	N	0.0000	0.0000	0.0000	0.0000	0.0000	0.0000	0.0000	0.0000	0.0000	0.0000	0.0000	0.0000	0.0000	0.0003	0.0006	0.0000	0.0036	0.0044	0.0000	0.0000	0.0000	0.0000	0.0000	0.0000	-0.0001	1.9985	2.0196	17.9985	6.0690	0.0000	0.0000	0.0000	0.0000	0.0000	0.0000	0.0000	0.0000	0.0000	0.0001	0.0001	0.0000	0.0001	0.0001	0.0000	0.0000	0.0000	0.0000	0.0551	0.0469	0.0082	0.0018	0.0017	0.0001	0.0533	0.0452	0.0081	0.2966	0.1734	0.1232	0.0277	0.0227	0.0050	0.2689	0.1507	0.1181	0.0000	0.0000	0.0000	0.0000	0.0000	0.0000	0.0000	0.0000	0.0000	0.0003	0.0006	0.0000	0.0036	0.0044	0.0000	0.0000	0.0000	0.0000						
35	81	0.1414	3	1	1	0	0	0	0	0	0	N	N	N	N	N	N	N	N	N	N	N	N	0.0000	0.0000	0.0000	0.0000	0.0000	0.0000	0.0000	0.0000	0.0000	0.0000	0.0000	0.0000	0.0000	0.0000	0.0000	0.0000	0.0000	0.0020	0.0026	0.0013	0.0057	0.0073	0.0000	0.0017	0.0021	0.0013	0.3636	0.0000	-0.0000	1.9985	0.9876	17.9985	0.9833	0.0000	0.0000	0.0000	0.0000	0.0000	0.0000	0.0000	0.0000	0.0000	0.0001	0.0001	0.0000	0.0000	0.0000	0.0000	0.0001	0.0001	0.0000	0.0268	0.0227	0.0041	0.0005	0.0005	0.0000	0.0263	0.0223	0.0040	0.0740	0.0424	0.0316	0.0053	0.0041	0.0012	0.0687	0.0383	0.0304	0.0000	0.0000	0.0000	0.0000	0.0000	0.0000	0.0000	0.0000	0.0000	0.0020	0.0026	0.0013	0.0057	0.0073	0.0000	0.0017	0.0021	0.0013		
35	82	0.1590	3	2	1	1	0	0	0	0	0	Y	N	N	N	N	N	N	N	N	N	N	N	inf	inf	inf	inf	inf	inf	36.6762	43.2417	0.0000	0.6864	0.7388	0.0000	37.2030	43.9242	0.0000	0.0000	0.0000	0.0000	0.0000	0.0000	0.0000	0.0000	0.0000	0.0000	0.0000	-0.4611	0.0000	1.9985	1.0000	17.9985	2.9874	0.9986	0.9986	0.0000	0.0003	0.0003	0.0000	0.9983	0.9983	0.0000	0.0000	0.0000	0.0000	0.0000	0.0000	0.0000	0.0000	0.0000	0.0000	0.0272	0.0231	0.0041	0.0004	0.0004	0.0000	0.0268	0.0227	0.0041	0.1446	0.0841	0.0605	0.0135	0.0113	0.0022	0.1311	0.0728	0.0583	inf	inf	0.0000	inf	inf	0.0000	inf	inf	0.0000	0.0000	0.0000	0.0000	0.0000	0.0000	0.0000	0.0000	0.0000	0.0000				
35	83	0.1308	2	2	1	1	0	0	0	0	0	Y	N	N	N	N	N	N	N	N	N	N	N	2.9060	5.8959	0.0000	inf	inf	0.0000	0.0000	0.0000	37.0022	43.4378	0.0000	663.4091	701.3105	0.0000	0.0000	0.0000	0.0000	12.7330	7.3675	42.1657	0.0000	0.0000	0.0000	13.0001	7.5245	39.2576	0.0000	2.0000	-0.4610	0.3802	1.9985	0.9997	17.9985	6.0128	0.9984	0.9984	0.0000	0.9984	0.9984	0.0000	0.0000	0.0000	0.0000	3.0000	1.0000	2.0000	0.0000	0.0000	0.0000	3.0000	1.0000	2.0000	0.0270	0.0230	0.0040	0.0015	0.0014	0.0001	0.0255	0.0216	0.0039	0.2379	0.1385	0.0994	0.0072	0.0056	0.0015	0.2308	0.1329	0.0979	2.9346	6.0181	0.0000	inf	inf	0.0000	0.0000	0.0000	0.0000	12.6091	7.2178	20.1255	0.0000	0.0000	0.0000	13.0001	7.5245	20.4357	
35	85	0.1454	3	1	2	0	0	0	0	0	0	N	Y	N	N	N	N	N	N	N	N	N	N	0.0000	0.0000	0.0000	0.0000	0.0000	0.0000	0.0000	0.0000	0.0000	0.0000	0.0000	0.0000	0.0000	3.5122	0.0000	12.2017	0.0000	0.0000	0.0000	3.7675	0.0000	12.2294	inf	0.0000	0.4601	1.9985	1.0000	17.9985	6.9850	0.0000	0.0000	0.0000	0.0000	0.0000	0.0000	0.0000	0.0000	0.0000	1.0000	0.0000	1.0000	0.0000	0.0000	0.0000	1.0000	0.0000	1.0000	0.0272	0.0231	0.0041	0.0003	0.0003	0.0000	0.0269	0.0228	0.0041	0.2847	0.1621	0.1226	0.0193	0.0146	0.0047	0.2654	0.1474	0.1180	0.0000	0.0000	0.0000	0.0000	0.0000	0.0000	0.0000	0.0000	0.0000	3.5122	0.0000	8.1533	0.0000	0.0000	0.0000	3.7675	0.0000	8.4751						
35	86	0.1327	2	1	1	0	0	0	0	0	0	N	N	N	N	N	N	N	N	N	N	N	N	3.3853	0.0000	10.0581	0.0000	0.0000	0.0000	3.7050	10.9049	0.0202	0.0000	0.1336	0.0000	0.0000	0.0000	0.0205	0.0000	0.1341	0.0060	0.0003	0.0133	0.0119	0.0035	0.0389	0.0055	0.0000	0.0123	inf	32.4548	0.0003	0.0003	1.9985	1.0086	17.9985	2.0000	0.0006	0.0000	0.0006	0.0000	0.0000	0.0000	0.0006	0.0000	0.0006	0.0007	0.0000	0.0006	0.0001	0.0000	0.0001	0.0006	0.0000	0.0006	0.0277	0.0235	0.0042	0.0004	0.0004	0.0000	0.0273	0.0231	0.0042	0.1122	0.0633	0.0489	0.0075	0.0058	0.0018	0.1047	0.0576	0.0471	3.3853	0.0000	10.0581	0.0000	0.0000	0.0000	3.7050	0.0000	10.9049	0.0060	0.0003	0.0133	0.0119	0.0035	0.0389	0.0055	0.0000	0.0123	
35	87	0.1308	2	1	2	0	0	0	0	0	0	N	Y	N	N	N	N	N	N	N	N	N	N	6.9062	inf	0.0000	inf	inf	0.0000	0.0000	19.0431	22.3168	0.0000	342.4082	361.9664	0.0000	0.0000	0.0000	0.0000	2.7574	0.0000	8.3949	0.0000	0.0000	0.0000	2.8441	0.0000	8.5313	0.0000	inf	-0.9228	0.4601	1.9985	4.0000	17.9985	7.0000	1.9985	1.9985	0.0000	1.9985	1.9985	0.0000	0.0000	0.0000	0.0000	1.0000	0.0000	1.0000	0.0000	0.0000	0.0000	1.0000	0.0000	1.0000	0.1049	0.0896	0.0154	0.0058	0.0055	0.0003	0.0991	0.0840	0.0151	0.3627	0.2112	0.1514	0.0111	0.0087	0.0023	0.3516	0.2025	0.1491	6.9062	inf	0.0000	inf	inf	0.0000	0.0000	0.0000	0.0000	2.7574	0.0000	6.6041	0.0000	0.0000	0.0000	2.8441	0.0000	6.7076		
35	89	0.1499	4	1	2	0	0	0	0	0	0	N	Y	N	N	N	N	N	N	N	N	N	N	0.0000	0.0000	0.0000	0.0000	0.0000	0.0000	0.0000	0.0000	0.0000	0.0000	0.0000	0.0000	0.0000	0.0000	0.0000	0.0000	0.0000	3.1378	0.0001	10.9111	0.0133	0.0004	0.0533	3.4049	0.0000	10.9134	99734.0000	0.0000	0.4588	1.9985	0.0157	17.9985	9.0253	0.0000	0.0000	0.0000	0.0000	0.0000	0.0000	0.0000	0.0000	0.0000	0.9973	0.0000	0.9973	0.0004	0.0000	0.0004	0.9969	0.0000	0.9969	0.0015	0.0013	0.0002	0.0005	0.0005	0.0000	0.0010	0.0008	0.0002	0.3267	0.1882	0.1385	0.0339	0.0257	0.0083	0.2928	0.1625	0.1302	0.0000	0.0000	0.0000	0.0000	0.0000	0.0000	0.0000	0.0000	0.0000	3.0527	0.0001	7.2009	0.0133	0.0004	0.0533	3.4049	0.0000	7.6542		
35	90	0.1414	3	1	2	0	0	0	0	0	0	N	Y	N	N	N	N	N	N	N	N	N	N	0.0000	0.0000	0.0000	0.0000	0.0000	0.0000	0.0000	0.0000	0.0000	0.0000	0.0000	0.0000	0.0000	0.0000	0.0000	0.0000	0.0000	0.0000	0.0414	0.0111	0.0915	0.0056	0.0072	0.0000	0.0441	0.0115	0.0910	5.5218	0.0000	0.0010	1.9985	0.0169	17.9985	2.0013	0.0000	0.0000	0.0000	0.0000	0.0000	0.0000	0.0000	0.0000	0.0000	0.0031	0.0005	0.0026	0.0000	0.0000	0.0000	0.0031	0.0004	0.0026	0.0005	0.0004	0.0001	0.0000	0.0000	0.0000	0.0005	0.0004	0.0001	0.0757	0.0433	0.0323	0.0054	0.0042	0.0012	0.0703	0.0392	0.0311	0.0000	0.0000	0.0000	0.0000	0.0000	0.0000	0.0000	0.0000	0.0000	0.0414	0.0111	0.0820	0.0056	0.0072	0.0000	0.0441	0.0115	0.0852	
35	91	0.1327	2	1	1	0	0	0	0	0	0	N	N	N	N	N	N	N	N	N	N	N	N	1.1482	0.0000	3.4546	0.0000	0.0000	0.0000	1.2390	0.0000	3.7333	0.0104	0.0000	0.0687	0.0000	0.0000	0.0000	0.0105	0.0000	0.0690	0.0090	0.0007	0.0199	0.0163	0.0046	0.0570	0.0085	0.0003	0.0185	inf	22.3061	0.0003	0.0003	1.9985	1.9923	17.9985	0.0454	0.0006	0.0000	0.0006	0.0000	0.0000	0.0000	0.0006	0.0000	0.0006	0.0007	0.0000	0.0007	0.0001	0.0000	0.0001	0.0006	0.0000	0.0006	0.0539	0.0458	0.0081	0.0007	0.0006	0.0000	0.0533	0.0452	0.0081	0.0774	0.0437	0.0337	0.0055	0.0043	0.0012	0.0718	0.0394	0.0324	1.1482	0.0000	3.4546	0.0000	0.0000	0.0000	1.2390	0.0000	3.7333	0.0090	0.0007	0.0199	0.0163	0.0046	0.0570	0.0085	0.0003	0.0185
35	93	0.1856	6	2	2	0	1	0	0	0	0	Y	Y	N	N	N	N	N	N	N	N	N	N	0.0000	0.0000	0.0000	0.0000	0.0000	0.0000	0.0000	0.0000	0.0000	0.0000	0.0000	0.0000	0.0000	0.0000	0.0000	0.0000	0.0000	0.0000	0.0000	0.0000	1.9985	0.0000	17.9985	0.0000	0.0000	0.0000	0.0000	0.0000	0.0000	0.0000	0.0000	0.0000	0.0000	0.0000	0.0000	0.0000	0.0000	0.0000	0.0000	0.0000	0.0000	0.0000	0.0000	0.0000	0.0000	0.0000	0.0000	0.0000	0.0000	0.0000	0.0000	0.0000	0.0000	0.0000	0.0000	0.0000	0.0000	0.0000	0.0000	0.0000	0.0000	0.0000	0.0000	0.0000	0.0000	0.0000	0.0000	0.0000	0.0000	0.0000	0.0000	0.0000	0.0000	0.0000	0.0000	0.0000	0.0000	0.0000											
35	94	0.1856	5	2	2	0	1	0	0	0	0	Y	Y	N	N	N	N	N	N	N	N	N	N	0.0000	0.0000	0.0000	0.0000	0.0000	0.0000	0.0000	0.0000	0.0000	0.0000	0.0000	0.0000	0.0000	0.0000	0.0000	0.0000	0.0000	0.0000	0.0000	0.0000	1.9985	0.0000	17.9985	0.0001	0.0000	0.0000	0.0000	0.0000	0.0000	0.0000	0.0000	0.0000	0.0000	0.0000	0.0000	0.0000	0.0000	0.0000	0.0000	0.0000	0.0000	0.0000	0.0000	0.0000	0.0000	0.0000	0.0000	0.0000	0.0000	0.0000	0.0000	0.0000	0.0000	0.0000	0.0000	0.0000	0.0000	0.0000	0.0000	0.0000	0.0000	0.0000	0.0000	0.0000	0.0000	0.0000	0.0000	0.0000	0.0000	0.0000	0.0000	0.0000	0.0000	0.0000	0.0000	0.0000	0.0000	0.0000											
35	95	0.1677	4	1	2	0	1	0	0	0	0	N	Y	N	N	N	N	N	N	N	N	N	N	inf	inf	inf	inf	34.2977	0.0000	230.7494	0.0000	0.0000	0.0000	36.5925	0.0000	233.8661	0.0000	0.0000	0.0000	0.0000	0.0000	0.0000	0.0000	0.0000	0.0000	inf	0.5283	0.0000	1.9985	0.9845	17.9985	0.9903	0.9815	0.0000	0.9815	0.0000	0.0000	0.0000	0.9815	0.0000	0.9815	0.0000	0.0000	0.0000	0.0000	0.0000	0.0000	0.0000	0.0000	0.0000	0.0286	0.0244	0.0043	0.0018	0.0017	0.0001	0.0268	0.0226	0.0042	0.0780	0.0458	0.0322	0.0056	0.0051	0.0005	0.0725	0.0407	0.0318	inf	0.0000	inf	0.0000	0.0000	0.0000	inf	0.0000	inf	0.0000	0.0000	0.0000	0.0000	0.0000	0.0000	0.0000	0.0000	0.0000						
35	96	0.1649	4	1	2	0	0	0	0	0	0	N	Y	N	N	N	N	N	N	N	N	N	N	0.2452	0.1827	2.7254	2.3360	0.0046	0.0054	0.0000	0.2010	0.2120	0.0000	0.0000	0.0000	0.0000	0.0187	0.0295	0.0000	0.0738	0.0908	0.0000	0.0000	0.0000	0.0000	0.0000	0.0000	-0.0001	-0.0027	1.9985	1.0063	17.9985	3.7812	0.0001	0.0001	0.0000	0.0001	0.0001	0.0000	0.0000	0.0000	0.0000	0.0050	0.0050	0.0000	0.0050	0.0050	0.0000	0.0000	0.0000	0.0000	0.0284	0.0241	0.0043	0.0006	0.0006	0.0000	0.0277	0.0235	0.0042	0.2694	0.1704	0.0990	0.0682	0.0599	0.0083	0.2012	0.1105	0.0907	0.2452	0.1827	0.0000	2.7254	2.5252	0.0000	0.0000	0.0000	0.0000	0.0187	0.0295	0.0000	0.0738	0.0840	0.0000	0.0000	0.0000	0.0000					
35	97	0.1677	4	1	1	1	1	0	0	0	0	N	N	N	N	N	N	N	N	N	N	N	N	inf	inf	inf	inf	0.5800	0.6813	0.0000	9.3865	9.6981	0.0000	0.0000	0.0000	0.0000	0.0000	0.0000	0.0000	0.0000	0.0000	0.0000	0.0000	0.0000	0.0000	0.0000	-0.0079	0.0000	1.9985	1.0165	17.9985	1.0129	0.0171	0.0171	0.0000	0.0171	0.0171	0.0000	0.0000	0.0000	0.0000	0.0000	0.0000	0.0000	0.0000	0.0000	0.0000	0.0000	0.0000	0.0000	0.0295	0.0251	0.0044	0.0018	0.0018	0.0001	0.0277	0.0233	0.0043	0.0800	0.0469	0.0331	0.0056	0.0052	0.0005	0.0744	0.0418	0.0326	inf	inf	0.0000	inf	inf	0.0000	0.0000	0.0000	0.0000	0.0000	0.0000	0.0000	0.0000	0.0000	0.0000	0.0000	0.0000	0.0000						
35	98	0.1548	3	1	1	0	1	0	0	0	0	N	N	N	N	N	N	N	N	N	N	N	N	4756.4280	inf	9725.7261	inf	inf	3256.7204	9456.5550	0.4146	0.1351	2.0001	4.2515	4.4685	0.0000	0.3081	0.0000	2.0178	0.0001	0.0000	0.0002	0.0000	0.0000	0.0000	0.0001	0.0000	0.0002	2.6098	inf	0.0061	0.0000	1.9985	2.0241	17.9985	1.0265	0.0235	0.0065	0.0170	0.0065	0.0065	0.0000	0.0170	0.0000	0.0170	0.0000	0.0000	0.0000	0.0000	0.0000	0.0000	0.0000	0.0000	0.0000	0.0567	0.0482	0.0085	0.0015	0.0015	0.0001	0.0551	0.0467	0.0084	0.1147	0.0661	0.0486	0.0090	0.0072	0.0018	0.1057	0.0589	0.0469	4756.4280	inf	9725.7261	inf	inf	0.0000	3256.7204	0.0000	9456.5550	0.0001	0.0000	0.0002	0.0000	0.0000	0.0000	0.0001	0.0000	0.0002		
35	99	0.1548	3	1	1	1	1	0	0	0	0	N	N	N	N	N	N	N	N	N	N	N	N	inf	inf	inf	inf	0.0797	0.0937	0.0000	3.1703	3.3457	0.0000	0.0000	0.0000	0.0000	0.0000	0.0000	0.0000	0.0000	0.0000	0.0000	0.0000	0.0000	0.0000	0.0000	-0.0031	0.0000	1.9985	3.0066	17.9985	0.0000	0.0066	0.0066	0.0000	0.0066	0.0066	0.0000	0.0000	0.0000	0.0000	0.0000	0.0000	0.0000	0.0000	0.0000	0.0000	0.0000	0.0000	0.0000	0.0830	0.0706	0.0124	0.0021	0.0020	0.0001	0.0809	0.0686	0.0123	0.1131	0.0652	0.0479	0.0089	0.0071	0.0017	0.1042	0.0580	0.0462	inf	inf	0.0000	inf	inf	0.0000	0.0000	0.0000	0.0000	0.0000	0.0000	0.0000	0.0000	0.0000	0.0000	0.0000	0.0000	0.0000						
35	100	0.1805	3	1	1	1	1	0	0	0	0	N	N	N	N	N	N	N	N	N	N	N	N	0.0000	0.0000	0.0000	0.0000	0.0000	0.0000	0.0000	0.0000	0.0000	0.0000	0.0000	0.0000	0.0000	0.0000	0.0000	0.0000	0.0000	0.0000	0.0000	0.0000	1.9985	0.0000	17.9985	2.0000	0.0000	0.0000	0.0000	0.0000	0.0000	0.0000	0.0000	0.0000	0.0000	0.0000	0.0000	0.0000	0.0000	0.0000	0.0000	0.0000	0.0000	0.0000	0.0000	0.0000	0.0000	0.0000	0.0000	0.0000	0.0000	0.0000	0.0000	0.0732	0.0415	0.0316	0.0060	0.0047	0.0012	0.0672	0.0368	0.0304	0.0000	0.0000	0.0000	0.0000	0.0000	0.0000	0.0000	0.0000	0.0000	0.0000	0.0000	0.0000	0.0000	0.0000	0.0000	0.0000	0.0000	0.0000											
35	101	0.1415	2	1	1	1	1	0	0	0	0	N	N	N	N	N	N	N	N	N	N	N	N	8.2765	5.6302	17.6732	16.6388	0.0059	0.0070	0.0000	0.1345	0.1471	0.0000	0.0000	0.0000	0.0000	0.0007	0.0012	0.0000	0.0076	0.0088	0.0000	0.0000	0.0000	0.0000	0.0000	0.0000	-0.0004	-0.0001	1.9985	5.8899	17.9985	3.1847	0.0010	0.0010	0.0000	0.0010	0.0010	0.0000	0.0000	0.0000	0.0000	0.0002	0.0002	0.0000	0.0002	0.0002	0.0000	0.0000	0.0000	0.0000	0.1630	0.1389	0.0241	0.0072	0.0066	0.0006	0.1558	0.1323	0.0235	0.3482	0.2018	0.1464	0.0328	0.0283	0.0046	0.3153	0.1735	0.1418	8.2765	5.6302	0.0000	17.6732	16.6388	0.0000	0.0000	0.0000	0.0000	0.0007	0.0012	0.0000	0.0076	0.0088	0.0000	0.0000	0.0000	0.0000					
35	102	0.1882	2	2	2	0	0	0	0	0	0	Y	Y	N	N	N	N	N	N	N	N	N	N	0.0000	0.0000	0.0000	0.0000	0.0000	0.0000	0.0000	0.0000	0.0000	0.0000	0.0000	0.0000	0.0000	0.0000	0.0000	0.0000	0.0000	0.0000	0.0000	0.0000	1.9985	0.0000	17.9985	0.0000	0.0000	0.0000	0.0000	0.0000	0.0000	0.0000	0.0000	0.0000	0.0000	0.0000	0.0000	0.0000	0.0000	0.0000	0.0000	0.0000	0.0000	0.0000	0.0000	0.0000	0.0000	0.0000	0.0000	0.0000	0.0000	0.0000	0.0000	0.0000	0.0000	0.0000	0.0000	0.0000	0.0000	0.0000	0.0000	0.0000	0.0000	0.0000	0.0000	0.0000	0.0000	0.0000	0.0000	0.0000	0.0000	0.0000	0.0000	0.0000	0.0000	0.0000	0.0000	0.0000	0.0000	0.0000											
35	104	0.1519	2	1	2	0	0	0	0	0	0	N	Y	N	N	N	N	N	N	N	N	N	N	0.0338	0.0000	1.5834	0.0000	0.0000	0.0000	0.2791	0.0000	1.6625	0.0098	0.0000	0.0653	0.0000	0.0000	0.0000	0.0100	0.0000	0.0658	0.2913	0.7482	0.0412	12.6573	17.7652	0.0562	0.0359	0.0327	0.0396	inf	0.0812	0.0003	-0.0124	1.9985	2.0010	17.9985	1.0153	0.0005	0.0000	0.0005	0.0000	0.0000	0.0000	0.0005	0.0000	0.0005	0.0267	0.0247	0.0020	0.0233	0.0230	0.0003	0.0034	0.0017	0.0017	0.0539	0.0458	0.0081	0.0009	0.0009	0.0001	0.0529	0.0449	0.0081	0.1165	0.0678	0.0487	0.0207	0.0159	0.0048	0.0959	0.0519	0.0439	0.0429	0.0000	1.5834	0.0000	0.0000	0.0000	0.2791	0.0000	1.6625	0.2296	0.3649	0.0412	1.1284	1.4532	0.0562	0.0359	0.0327	0.0396
35	106	0.1898	6	2	2	0	0	0	0	0	0	Y	Y	N	N	N	N	N	N	N	N	N	N	0.0000	0.0000	0.0000	0.0000	0.0000	0.0000	0.0000	0.0000	0.0000	0.0000	0.0000	0.0000	0.0000	0.0000	0.0000	0.0000	0.0000	0.0000	0.0000	0.0000	1.9985	1.0000	17.9985	1.0000	0.0000	0.0000	0.0000	0.0000	0.0000	0.0000	0.0000	0.0000	0.0000	0.0000	0.0000	0.0000	0.0000	0.0000	0.0000	0.0000	0.0000	0.0000	0.0279	0.0237	0.0042	0.0005	0.0005	0.0000	0.0274	0.0232	0.0042	0.0780	0.0474	0.0306	0.0201	0.0161	0.0040	0.0579	0.0313	0.0266	0.0000	0.0000	0.0000	0.0000	0.0000	0.0000	0.0000	0.0000	0.0000	0.0000	0.0000	0.0000	0.0000	0.0000	0.0000	0.0000	0.0000	0.0000											
35	107	0.1856	5	2	2	0	0	0	0	0	0	Y	Y	N	N	N	N	N	N	N	N	N	N	0.0000	0.0000	0.0000	0.0000	0.0000	0.0000	0.0000	0.0000	0.0000	0.0000	0.0000	0.0000	0.0000	0.0000	0.0000	0.0000	0.0000	0.0000	0.0000	0.0000	1.9985	0.0000	17.9985	0.9999	0.0000	0.0000	0.0000	0.0000	0.0000	0.0000	0.0000	0.0000	0.0000	0.0000	0.0000	0.0000	0.0000	0.0000	0.0000	0.0000	0.0000	0.0000	0.0000	0.0000	0.0000	0.0000	0.0000	0.0000	0.0000	0.0000	0.0000	0.0391	0.0233	0.0158	0.0078	0.0062	0.0016	0.0313	0.0170	0.0142	0.0000	0.0000	0.0000	0.0000	0.0000	0.0000	0.0000	0.0000	0.0000	0.0000	0.0000	0.0000	0.0000	0.0000	0.0000	0.0000	0.0000	0.0000											
35	108	0.1649	4	2	2	0	0	0	0	0	0	Y	Y	N	N	N	N	N	N	N	N	N	N	0.0682	2504.1453	0.0000	322.5268	3123.1774	0.0000	0.0000	0.0000	0.2483	0.2902	0.0000	1.0363	1.0391	0.0000	0.0000	0.0000	0.0000	3.6427	0.0001	16.3956	0.0032	0.0003	0.0239	4.8598	0.0000	16.8625	0.0000	49759.5000	-0.0001	0.4578	1.9985	0.0100	17.9985	4.8896	0.0001	0.0001	0.0000	0.0001	0.0001	0.0000	0.0000	0.0000	0.0000	0.9952	0.0000	0.9952	0.0002	0.0000	0.0002	0.9950	0.0000	0.9950	0.0005	0.0004	0.0001	0.0001	0.0001	0.0000	0.0004	0.0003	0.0001	0.2732	0.1726	0.1006	0.0685	0.0601	0.0084	0.2047	0.1125	0.0923	0.0682	2504.1453	0.0000	322.5268	3123.1774	0.0000	0.0000	0.0000	0.0000	3.6427	0.0001	9.8913	0.0032	0.0003	0.0239	4.8598	0.0000	10.7851	
35	109	0.1548	3	1	2	0	0	0	0	0	0	N	Y	N	N	N	N	N	N	N	N	N	N	4.2512	64.6166	0.1972	inf	inf	0.0774	0.0000	0.1713	0.2356	0.2719	0.0300	7.0378	7.3266	0.0000	0.0047	0.0000	0.0303	0.0554	0.0042	0.1521	0.0000	0.0000	0.0000	0.0601	0.0047	0.1766	0.0195	21.8636	-0.0030	0.0021	1.9985	1.0007	17.9985	1.4004	0.0067	0.0066	0.0001	0.0066	0.0066	0.0000	0.0001	0.0000	0.0001	0.0050	0.0002	0.0048	0.0000	0.0000	0.0000	0.0050	0.0002	0.0048	0.0286	0.0243	0.0043	0.0009	0.0009	0.0000	0.0277	0.0234	0.0043	0.0908	0.0523	0.0385	0.0071	0.0057	0.0014	0.0836	0.0465	0.0371	4.2512	64.6166	0.2399	inf	inf	0.0000	0.0774	0.0000	0.2333	0.0554	0.0042	0.1250	0.0000	0.0000	0.0000	0.0601	0.0047	0.1297	
35	110	0.1415	2	1	1	0	0	0	0	0	0	N	N	N	N	N	N	N	N	N	N	N	N	287.9351	25.3717	inf	16.9497	17.2498	inf	inf	0.5038	0.0752	2.9458	0.2144	0.2391	0.0000	0.6270	0.0000	3.7109	0.0017	0.0030	0.0000	0.0126	0.0139	0.0000	0.0000	0.0000	0.0000	6.8739	0.0000	0.0031	-0.0001	1.9985	0.3039	17.9985	2.8719	0.0076	0.0010	0.0066	0.0010	0.0010	0.0000	0.0066	0.0000	0.0066	0.0002	0.0002	0.0000	0.0002	0.0002	0.0000	0.0000	0.0000	0.0000	0.0150	0.0128	0.0022	0.0045	0.0040	0.0005	0.0105	0.0088	0.0018	0.1429	0.0843	0.0585	0.0198	0.0180	0.0017	0.1231	0.0663	0.0568	287.9351	25.3717	inf	16.9497	17.2498	0.0000	inf	0.0000	inf	0.0017	0.0030	0.0000	0.0126	0.0139	0.0000	0.0000	0.0000	0.0000		
35	115	0.2816	4	1	1	0	0	0	0	0	0	N	N	N	N	N	N	N	N	N	N	N	N	1.4655	0.0004	6.8885	0.0116	0.0017	2.1294	1.4063	0.0000	6.1997	3.2169	0.0011	23.9485	0.0691	0.0081	2.2582	3.6594	0.0000	24.5023	2.1950	2.5107	3.4766	5.9556	4.8808	1.0605	2.6021	2.0045	3.9522	3321.9188	0.9682	0.4647	-0.1134	1.9985	8.9918	17.9985	13.3277	0.8639	0.0003	0.8636	0.0023	0.0003	0.0020	0.8616	0.0000	0.8616	2.3613	1.1997	1.1616	0.3632	0.2834	0.0799	1.9980	0.9163	1.0817	0.2685	0.2325	0.0361	0.0331	0.0322	0.0009	0.2354	0.2003	0.0352	1.3824	0.9911	0.3913	0.6146	0.5340	0.0806	0.7679	0.4571	0.3107	1.8834	0.0009	8.0676	0.1169	0.0152	2.2782	1.4063	0.0000	7.0382	1.7081	1.2104	2.9685	0.5911	0.5307	0.9912	2.6021	2.0045	3.4813
36	37	0.1140	3	0	1	1	0	0	0	0	0	N	N	N	N	N	N	N	N	N	N	N	N	0.0000	0.0000	0.0000	0.0000	0.0000	0.0000	0.0000	0.0000	0.0000	0.0000	0.0000	0.0000	0.0000	0.0000	0.0000	0.0000	0.0000	0.0000	0.0000	0.0000	0.0001	2.0000	0.9943	2.0000	0.0000	0.0000	0.0000	0.0000	0.0000	0.0000	0.0000	0.0000	0.0000	0.0000	0.0000	0.0000	0.0000	0.0000	0.0000	0.0000	0.0000	0.0000	0.0000	0.0000	0.0000	0.0000	0.0000	0.0000	0.0000	0.0000	0.0000	0.0107	0.0068	0.0039	0.0027	0.0023	0.0004	0.0080	0.0045	0.0035	0.0000	0.0000	0.0000	0.0000	0.0000	0.0000	0.0000	0.0000	0.0000	0.0000	0.0000	0.0000	0.0000	0.0000	0.0000	0.0000	0.0000	0.0000											
36	38	0.1860	6	1	0	2	0	0	0	0	0	N	N	Y	N	N	N	N	N	N	N	N	N	0.0000	0.0000	0.0000	0.0000	0.0000	0.0000	0.0000	0.0000	0.0000	0.0000	0.0000	0.0000	0.0000	0.0000	0.0000	0.0000	0.0000	0.0000	0.0000	0.0000	0.0001	2.0000	0.9943	5.0000	0.0000	0.0000	0.0000	0.0000	0.0000	0.0000	0.0000	0.0000	0.0000	0.0000	0.0000	0.0000	0.0000	0.0000	0.0000	0.0000	0.0000	0.0000	0.0000	0.0000	0.0000	0.0000	0.0000	0.0000	0.0000	0.0000	0.0000	0.0167	0.0111	0.0056	0.0043	0.0037	0.0007	0.0124	0.0074	0.0050	0.0000	0.0000	0.0000	0.0000	0.0000	0.0000	0.0000	0.0000	0.0000	0.0000	0.0000	0.0000	0.0000	0.0000	0.0000	0.0000	0.0000	0.0000											
36	39	0.0884	3	0	1	1	0	0	0	0	0	N	N	N	N	N	N	N	N	N	N	N	N	0.0000	0.0000	0.0000	0.0000	0.0000	0.0000	0.0000	0.0000	0.0000	0.0000	0.0000	0.0000	0.0000	0.0000	0.0000	0.0000	0.0000	0.0000	1.8053	3.0055	0.0006	1.0490	2.1235	0.0015	1.7139	2.9932	0.0003	0.0002	0.0000	-0.0132	0.0001	0.0217	0.9943	6.0735	0.0000	0.0000	0.0000	0.0000	0.0000	0.0000	0.0000	0.0000	0.0000	0.0244	0.0244	0.0000	0.0015	0.0015	0.0000	0.0229	0.0229	0.0000	0.0000	0.0000	0.0000	0.0000	0.0000	0.0000	0.0000	0.0000	0.0000	0.0201	0.0122	0.0079	0.0067	0.0046	0.0021	0.0134	0.0077	0.0057	0.0000	0.0000	0.0000	0.0000	0.0000	0.0000	0.0000	0.0000	0.0000	1.2143	1.9937	0.0006	0.2196	0.3215	0.0015	1.7139	2.9932	0.0003	
36	40	0.0710	2	0	0	1	0	0	0	0	0	N	N	N	N	N	N	N	N	N	N	N	N	0.0000	0.0000	0.0000	0.0000	0.0000	0.0000	0.0000	0.0000	0.0000	0.0000	0.0000	0.0000	0.0000	0.0000	0.0000	0.0000	0.0000	0.0000	87.8312	140.3556	0.5273	3.6312	3.0035	1.0249	106.3583	186.9371	0.4967	0.0017	0.0000	-0.5131	0.0001	0.0217	0.9943	4.0395	0.0000	0.0000	0.0000	0.0000	0.0000	0.0000	0.0000	0.0000	0.0000	0.9532	0.9517	0.0016	0.0009	0.0007	0.0002	0.9524	0.9510	0.0014	0.0000	0.0000	0.0000	0.0000	0.0000	0.0000	0.0000	0.0000	0.0000	0.0109	0.0068	0.0041	0.0019	0.0017	0.0002	0.0090	0.0051	0.0039	0.0000	0.0000	0.0000	0.0000	0.0000	0.0000	0.0000	0.0000	0.0000	87.8312	140.3556	0.3863	0.4644	0.4099	0.9127	106.3583	186.9371	0.3583	
36	41	0.0710	2	0	1	1	1	0	0	0	0	N	N	N	N	N	N	N	N	N	N	N	N	0.0000	0.0000	0.0000	0.0000	0.0000	0.0000	0.0000	0.0000	0.0000	0.0000	0.0000	0.0000	0.0000	0.0000	0.0000	0.0000	0.0094	0.0009	0.0234	0.0032	0.0036	0.0000	0.0106	0.0000	0.0246	15.9256	0.0000	0.0001	0.0001	0.0000	0.9943	7.0150	0.0000	0.0000	0.0000	0.0000	0.0000	0.0000	0.0000	0.0000	0.0000	0.0002	0.0000	0.0002	0.0000	0.0000	0.0000	0.0002	0.0000	0.0002	0.0000	0.0000	0.0000	0.0000	0.0000	0.0000	0.0000	0.0000	0.0000	0.0181	0.0113	0.0068	0.0031	0.0027	0.0003	0.0150	0.0085	0.0065	0.0000	0.0000	0.0000	0.0000	0.0000	0.0000	0.0000	0.0000	0.0000	0.0094	0.0009	0.0234	0.0032	0.0036	0.0000	0.0106	0.0000	0.0246			
36	42	0.1860	6	1	0	2	0	0	0	0	0	N	N	Y	N	N	N	N	N	N	N	N	N	0.0000	0.0000	0.0000	0.0000	0.0000	0.0000	0.0000	0.0000	0.0000	0.0000	0.0000	0.0000	0.0000	0.0000	0.0000	0.0000	0.0000	0.0000	0.0000	0.0000	0.0001	0.0000	0.9943	0.0000	0.0000	0.0000	0.0000	0.0000	0.0000	0.0000	0.0000	0.0000	0.0000	0.0000	0.0000	0.0000	0.0000	0.0000	0.0000	0.0000	0.0000	0.0000	0.0000	0.0000	0.0000	0.0000	0.0000	0.0000	0.0000	0.0000	0.0000	0.0000	0.0000	0.0000	0.0000	0.0000	0.0000	0.0000	0.0000	0.0000	0.0000	0.0000	0.0000	0.0000	0.0000	0.0000	0.0000	0.0000	0.0000	0.0000	0.0000	0.0000	0.0000	0.0000	0.0000	0.0000	0.0000	0.0000											
36	43	0.1693	5	1	0	2	0	0	0	0	0	N	N	Y	N	N	N	N	N	N	N	N	N	0.0000	0.0000	0.0000	0.0000	0.0000	0.0000	0.0000	0.0000	0.0000	0.0000	0.0000	0.0000	0.0000	0.0000	0.0000	0.0000	0.0000	0.0000	0.0000	0.0000	0.0001	1.0000	0.9943	3.0000	0.0000	0.0000	0.0000	0.0000	0.0000	0.0000	0.0000	0.0000	0.0000	0.0000	0.0000	0.0000	0.0000	0.0000	0.0000	0.0000	0.0000	0.0000	0.0000	0.0000	0.0000	0.0000	0.0000	0.0000	0.0000	0.0000	0.0000	0.0097	0.0064	0.0033	0.0024	0.0020	0.0004	0.0073	0.0044	0.0029	0.0000	0.0000	0.0000	0.0000	0.0000	0.0000	0.0000	0.0000	0.0000	0.0000	0.0000	0.0000	0.0000	0.0000	0.0000	0.0000	0.0000	0.0000											
36	44	0.1693	5	1	0	2	0	0	0	0	0	N	N	Y	N	N	N	N	N	N	N	N	N	0.0000	0.0000	0.0000	0.0000	0.0000	0.0000	0.0000	0.0000	0.0000	0.0000	0.0000	0.0000	0.0000	0.0062	0.0093	0.0000	0.0000	0.0000	0.0000	0.0082	0.0136	0.0000	0.0000	0.0000	-0.0000	0.0001	1.0000	0.9943	3.0000	0.0000	0.0000	0.0000	0.0000	0.0000	0.0000	0.0000	0.0000	0.0000	0.0001	0.0001	0.0000	0.0000	0.0000	0.0000	0.0001	0.0001	0.0000	0.0000	0.0000	0.0000	0.0000	0.0000	0.0000	0.0000	0.0000	0.0000	0.0097	0.0064	0.0033	0.0024	0.0020	0.0004	0.0073	0.0044	0.0029	0.0000	0.0000	0.0000	0.0000	0.0000	0.0000	0.0000	0.0000	0.0000	0.0062	0.0093	0.0000	0.0000	0.0000	0.0000	0.0082	0.0136	0.0000						
36	45	0.1140	3	0	0	2	0	0	0	0	0	N	N	Y	N	N	N	N	N	N	N	N	N	0.0000	0.0000	0.0000	0.0000	0.0000	0.0000	0.0000	0.0000	0.0000	0.0000	0.0000	0.0000	0.0000	0.0000	0.0000	0.0000	0.0000	0.0000	0.0000	0.0000	0.0001	0.0000	0.9943	0.0000	0.0000	0.0000	0.0000	0.0000	0.0000	0.0000	0.0000	0.0000	0.0000	0.0000	0.0000	0.0000	0.0000	0.0000	0.0000	0.0000	0.0000	0.0000	0.0000	0.0000	0.0000	0.0000	0.0000	0.0000	0.0000	0.0000	0.0000	0.0000	0.0000	0.0000	0.0000	0.0000	0.0000	0.0000	0.0000	0.0000	0.0000	0.0000	0.0000	0.0000	0.0000	0.0000	0.0000	0.0000	0.0000	0.0000	0.0000	0.0000	0.0000	0.0000	0.0000	0.0000	0.0000	0.0000											
36	46	0.0710	2	0	0	1	0	0	0	0	0	N	N	N	N	N	N	N	N	N	N	N	N	139778.9087	0.0000	inf	0.0000	0.0000	inf	inf	4.1621	0.0000	34.2036	0.0000	0.0000	0.0000	5.8109	0.0000	35.0101	0.0000	0.0000	0.0000	0.0002	0.0002	0.0000	0.0000	0.0000	0.0000	inf	0.0000	0.0000	-0.0000	0.0001	4.0000	0.9943	5.9850	0.0001	0.0000	0.0001	0.0000	0.0000	0.0000	0.0001	0.0000	0.0001	0.0000	0.0000	0.0000	0.0000	0.0000	0.0000	0.0000	0.0000	0.0000	0.0000	0.0000	0.0000	0.0000	0.0000	0.0000	0.0000	0.0000	0.0000	0.0250	0.0156	0.0094	0.0042	0.0037	0.0005	0.0208	0.0118	0.0090	139778.9087	0.0000	inf	0.0000	0.0000	0.0000	inf	0.0000	inf	0.0000	0.0000	0.0000	0.0002	0.0002	0.0000	0.0000	0.0000	0.0000		
36	47	0.0085	2	0	1	1	0	0	0	0	0	N	N	N	N	N	N	N	N	N	N	N	N	0.0000	0.0000	0.0000	0.0000	0.0000	0.0000	0.0000	0.0000	0.0000	0.0000	0.0000	0.0000	0.0000	0.0000	0.0000	0.0000	0.0000	0.0000	0.0000	0.0000	0.0001	0.0000	0.9943	0.0000	0.0000	0.0000	0.0000	0.0000	0.0000	0.0000	0.0000	0.0000	0.0000	0.0000	0.0000	0.0000	0.0000	0.0000	0.0000	0.0000	0.0000	0.0000	0.0000	0.0000	0.0000	0.0000	0.0000	0.0000	0.0000	0.0000	0.0000	0.0000	0.0000	0.0000	0.0000	0.0000	0.0000	0.0000	0.0000	0.0000	0.0000	0.0000	0.0000	0.0000	0.0000	0.0000	0.0000	0.0000	0.0000	0.0000	0.0000	0.0000	0.0000	0.0000	0.0000	0.0000	0.0000	0.0000											
36	48	0.2018	7	1	1	2	0	0	0	0	0	N	N	Y	N	N	N	N	N	N	N	N	N	0.0000	0.0000	0.0000	0.0000	0.0000	0.0000	0.0000	0.0000	0.0000	0.0000	0.0000	0.0000	0.0000	0.0000	0.0000	0.0000	0.0000	0.0000	0.0000	0.0000	0.0001	0.0000	0.9943	2.0152	0.0000	0.0000	0.0000	0.0000	0.0000	0.0000	0.0000	0.0000	0.0000	0.0000	0.0000	0.0000	0.0000	0.0000	0.0000	0.0000	0.0000	0.0000	0.0000	0.0000	0.0000	0.0000	0.0000	0.0000	0.0000	0.0000	0.0000	0.0053	0.0035	0.0018	0.0016	0.0013	0.0002	0.0038	0.0022	0.0016	0.0000	0.0000	0.0000	0.0000	0.0000	0.0000	0.0000	0.0000	0.0000	0.0000	0.0000	0.0000	0.0000	0.0000	0.0000	0.0000	0.0000	0.0000											
36	49	0.1976	6	1	0	2	0	0	0	0	0	N	N	Y	N	N	N	N	N	N	N	N	N	0.0000	0.0000	0.0000	0.0000	0.0000	0.0000	0.0000	0.0000	0.0000	0.0000	0.0000	0.0000	0.0000	0.0000	0.0000	0.0000	0.0000	0.0000	0.0000	-0.0000	0.0001	0.0003	0.9943	1.0311	0.0000	0.0000	0.0000	0.0000	0.0000	0.0000	0.0000	0.0000	0.0000	0.0000	0.0000	0.0000	0.0000	0.0000	0.0000	0.0000	0.0000	0.0000	0.0000	0.0000	0.0000	0.0000	0.0000	0.0000	0.0000	0.0000	0.0000	0.0028	0.0018	0.0009	0.0008	0.0007	0.0001	0.0020	0.0011	0.0008	0.0000	0.0000	0.0000	0.0000	0.0000	0.0000	0.0000	0.0000	0.0000	0.0000	0.0000	0.0000	0.0000	0.0000	0.0000	0.0000	0.0000	0.0000											
36	50	0.1976	6	1	1	2	0	0	0	0	0	N	N	Y	N	N	N	N	N	N	N	N	N	0.0000	0.0000	0.0000	0.0000	0.0000	0.0000	0.0000	0.0000	0.0000	0.0000	0.0000	0.0000	0.0000	0.0000	0.0000	0.0000	0.0000	0.0000	0.0000	0.0000	0.0001	0.0003	0.9943	1.0126	0.0000	0.0000	0.0000	0.0000	0.0000	0.0000	0.0000	0.0000	0.0000	0.0000	0.0000	0.0000	0.0000	0.0000	0.0000	0.0000	0.0000	0.0000	0.0000	0.0000	0.0000	0.0000	0.0000	0.0000	0.0000	0.0000	0.0000	0.0027	0.0018	0.0009	0.0008	0.0007	0.0001	0.0019	0.0011	0.0008	0.0000	0.0000	0.0000	0.0000	0.0000	0.0000	0.0000	0.0000	0.0000	0.0000	0.0000	0.0000	0.0000	0.0000	0.0000	0.0000	0.0000	0.0000											
36	51	0.2267	5	1	1	1	0	0	0	0	0	N	N	N	N	N	N	N	N	N	N	N	N	0.0000	0.0000	0.0000	0.0000	0.0000	0.0000	0.0000	0.0000	0.0000	0.0000	0.0000	0.0000	0.0000	0.0000	0.0000	0.0000	0.0000	0.0000	0.0000	0.0000	0.0001	0.0000	0.9943	1.0000	0.0000	0.0000	0.0000	0.0000	0.0000	0.0000	0.0000	0.0000	0.0000	0.0000	0.0000	0.0000	0.0000	0.0000	0.0000	0.0000	0.0000	0.0000	0.0000	0.0000	0.0000	0.0000	0.0000	0.0000	0.0000	0.0000	0.0000	0.0026	0.0017	0.0009	0.0008	0.0007	0.0001	0.0018	0.0010	0.0008	0.0000	0.0000	0.0000	0.0000	0.0000	0.0000	0.0000	0.0000	0.0000	0.0000	0.0000	0.0000	0.0000	0.0000	0.0000	0.0000	0.0000	0.0000											
36	52	0.1100	4	0	1	1	1	0	0	0	0	N	N	N	N	N	N	N	N	N	N	N	N	0.0000	0.0000	0.0000	0.0000	0.0000	0.0000	0.0000	0.0000	0.0000	0.0000	0.0000	0.0000	0.0000	0.0000	0.0000	0.0000	0.0000	0.0000	0.0000	0.0000	0.0001	0.9995	0.9943	1.0399	0.0000	0.0000	0.0000	0.0000	0.0000	0.0000	0.0000	0.0000	0.0000	0.0000	0.0000	0.0000	0.0000	0.0000	0.0000	0.0000	0.0000	0.0000	0.0000	0.0000	0.0000	0.0000	0.0000	0.0000	0.0000	0.0000	0.0000	0.0070	0.0048	0.0021	0.0019	0.0017	0.0001	0.0051	0.0031	0.0020	0.0000	0.0000	0.0000	0.0000	0.0000	0.0000	0.0000	0.0000	0.0000	0.0000	0.0000	0.0000	0.0000	0.0000	0.0000	0.0000	0.0000	0.0000											
36	53	0.1100	4	0	0	1	1	0	0	0	0	N	N	N	N	N	N	N	N	N	N	N	N	0.0000	0.0000	0.0000	0.0000	0.0000	0.0000	0.0000	0.0000	0.0000	0.0000	0.0000	0.0000	0.0000	0.0000	0.0000	0.0000	0.0000	0.0000	0.0000	0.0000	0.0001	3.0005	0.9943	1.0125	0.0000	0.0000	0.0000	0.0000	0.0000	0.0000	0.0000	0.0000	0.0000	0.0000	0.0000	0.0000	0.0000	0.0000	0.0000	0.0000	0.0000	0.0000	0.0000	0.0000	0.0000	0.0000	0.0000	0.0000	0.0000	0.0000	0.0000	0.0120	0.0080	0.0040	0.0029	0.0026	0.0003	0.0091	0.0054	0.0037	0.0000	0.0000	0.0000	0.0000	0.0000	0.0000	0.0000	0.0000	0.0000	0.0000	0.0000	0.0000	0.0000	0.0000	0.0000	0.0000	0.0000	0.0000											
36	54	0.1018	3	0	0	1	1	0	0	0	0	N	N	N	N	N	N	N	N	N	N	N	N	0.0000	0.0000	0.0000	0.0000	0.0000	0.0000	0.0000	0.0000	0.0000	0.0000	0.0000	0.0000	0.0000	0.0000	0.0000	0.0000	0.0000	0.0169	0.0272	0.0000	0.1372	0.1645	0.0000	0.0000	0.0000	0.0000	0.0000	0.0000	-0.0000	0.0001	0.0013	0.9943	1.9704	0.0000	0.0000	0.0000	0.0000	0.0000	0.0000	0.0000	0.0000	0.0000	0.0001	0.0001	0.0000	0.0001	0.0001	0.0000	0.0000	0.0000	0.0000	0.0000	0.0000	0.0000	0.0000	0.0000	0.0000	0.0000	0.0000	0.0000	0.0052	0.0032	0.0020	0.0009	0.0008	0.0001	0.0043	0.0024	0.0019	0.0000	0.0000	0.0000	0.0000	0.0000	0.0000	0.0000	0.0000	0.0000	0.0169	0.0272	0.0000	0.0974	0.1108	0.0000	0.0000	0.0000	0.0000		
36	55	0.0710	2	0	0	1	1	0	0	0	0	N	N	N	N	N	N	N	N	N	N	N	N	67.1923	134.1443	0.0000	0.0000	0.0000	77.7855	149.2649	0.0000	0.9181	1.0460	0.0000	0.0000	0.0000	0.0000	1.2809	1.5369	0.0000	0.0137	0.0078	0.0234	0.0000	0.0000	0.0000	0.0165	0.0103	0.0246	0.0000	1.8132	-0.0000	0.0000	0.0001	3.0000	0.9943	4.0155	0.0000	0.0000	0.0000	0.0000	0.0000	0.0000	0.0000	0.0000	0.0000	0.0002	0.0001	0.0002	0.0000	0.0000	0.0000	0.0002	0.0001	0.0002	0.0000	0.0000	0.0000	0.0000	0.0000	0.0000	0.0000	0.0000	0.0000	0.0181	0.0113	0.0068	0.0031	0.0027	0.0003	0.0150	0.0085	0.0065	67.1923	134.1443	0.0000	0.0000	0.0000	0.0000	77.7855	149.2649	0.0000	0.0137	0.0078	0.0234	0.0000	0.0000	0.0000	0.0165	0.0103	0.0246	
36	56	0.1881	7	0	1	2	0	0	0	0	0	N	N	Y	N	N	N	N	N	N	N	N	N	0.0000	0.0000	0.0000	0.0000	0.0000	0.0000	0.0000	0.0000	0.0000	0.0000	0.0000	0.0000	0.0000	0.0000	0.0000	0.0027	0.0038	0.0000	0.0000	0.0000	0.0000	0.0039	0.0064	0.0000	0.0000	0.0000	-0.0000	0.0001	2.0013	0.9943	5.6727	0.0000	0.0000	0.0000	0.0000	0.0000	0.0000	0.0000	0.0000	0.0000	0.0001	0.0001	0.0000	0.0000	0.0000	0.0000	0.0001	0.0001	0.0000	0.0000	0.0000	0.0000	0.0000	0.0000	0.0000	0.0000	0.0000	0.0000	0.0224	0.0157	0.0067	0.0072	0.0064	0.0008	0.0152	0.0093	0.0059	0.0000	0.0000	0.0000	0.0000	0.0000	0.0000	0.0000	0.0000	0.0000	0.0027	0.0038	0.0000	0.0000	0.0000	0.0000	0.0039	0.0064	0.0000				
36	57	0.1844	6	0	1	1	0	0	0	0	0	N	N	N	N	N	N	N	N	N	N	N	N	0.0000	0.0000	0.0000	0.0000	0.0000	0.0000	0.0000	0.0000	0.0000	0.0000	0.0000	0.0000	0.0000	0.0000	0.0000	0.0000	0.0000	0.0000	0.0000	0.0000	0.0000	0.0000	0.0001	0.0000	0.0005	0.0000	-0.0000	0.0001	0.0033	0.9943	1.3874	0.0000	0.0000	0.0000	0.0000	0.0000	0.0000	0.0000	0.0000	0.0000	0.0000	0.0000	0.0000	0.0000	0.0000	0.0000	0.0000	0.0000	0.0000	0.0000	0.0000	0.0000	0.0000	0.0000	0.0000	0.0000	0.0000	0.0000	0.0077	0.0060	0.0017	0.0031	0.0029	0.0002	0.0046	0.0030	0.0016	0.0000	0.0000	0.0000	0.0000	0.0000	0.0000	0.0000	0.0000	0.0000	0.0000	0.0000	0.0000	0.0000	0.0000	0.0000	0.0000	0.0001	0.0000				
36	58	0.1693	5	1	0	2	0	0	0	0	0	N	N	Y	N	N	N	N	N	N	N	N	N	0.0000	0.0000	0.0000	0.0000	0.0000	0.0000	0.0000	0.0000	0.0000	0.0000	0.0000	0.0000	0.0000	0.0000	0.0000	0.0000	0.0000	0.0000	0.0000	0.0000	0.0001	0.0000	0.9943	2.0000	0.0000	0.0000	0.0000	0.0000	0.0000	0.0000	0.0000	0.0000	0.0000	0.0000	0.0000	0.0000	0.0000	0.0000	0.0000	0.0000	0.0000	0.0000	0.0000	0.0000	0.0000	0.0000	0.0000	0.0000	0.0000	0.0000	0.0000	0.0050	0.0033	0.0017	0.0012	0.0010	0.0002	0.0037	0.0022	0.0015	0.0000	0.0000	0.0000	0.0000	0.0000	0.0000	0.0000	0.0000	0.0000	0.0000	0.0000	0.0000	0.0000	0.0000	0.0000	0.0000	0.0000	0.0000											
36	59	0.1844	6	0	1	1	0	0	0	0	0	N	N	N	N	N	N	N	N	N	N	N	N	0.0000	0.0000	0.0000	0.0000	0.0000	0.0000	0.0000	0.0000	0.0000	0.0000	0.0000	0.0000	0.0000	0.0000	0.0000	0.0000	0.0000	0.0000	0.0000	0.0000	0.0000	0.0000	0.0057	0.0000	-0.0000	0.0001	1.9997	0.9943	3.4660	0.0000	0.0000	0.0000	0.0000	0.0000	0.0000	0.0000	0.0000	0.0000	0.0000	0.0000	0.0000	0.0000	0.0000	0.0000	0.0000	0.0000	0.0000	0.0000	0.0000	0.0000	0.0000	0.0000	0.0000	0.0000	0.0000	0.0000	0.0171	0.0122	0.0050	0.0056	0.0050	0.0006	0.0115	0.0072	0.0044	0.0000	0.0000	0.0000	0.0000	0.0000	0.0000	0.0000	0.0000	0.0000	0.0000	0.0000	0.0000	0.0000	0.0000	0.0000	0.0000	0.0000	0.0000						
36	60	0.1693	5	0	1	1	0	0	0	0	0	N	N	N	N	N	N	N	N	N	N	N	N	0.0000	0.0000	0.0000	0.0000	0.0000	0.0000	0.0000	0.0000	0.0000	0.0000	0.0000	0.0000	0.0000	0.0000	0.0000	0.0000	0.0000	0.0000	0.0000	0.0000	0.0000	0.0000	0.0000	0.0000	-0.0000	0.0001	0.0005	0.9943	3.6054	0.0000	0.0000	0.0000	0.0000	0.0000	0.0000	0.0000	0.0000	0.0000	0.0000	0.0000	0.0000	0.0000	0.0000	0.0000	0.0000	0.0000	0.0000	0.0000	0.0000	0.0000	0.0000	0.0000	0.0000	0.0000	0.0000	0.0000	0.0088	0.0058	0.0030	0.0022	0.0018	0.0003	0.0066	0.0040	0.0027	0.0000	0.0000	0.0000	0.0000	0.0000	0.0000	0.0000	0.0000	0.0000	0.0000	0.0000	0.0000	0.0000	0.0000	0.0000	0.0000	0.0000	0.0000						
36	61	0.0085	2	0	0	2	0	0	0	0	0	N	N	Y	N	N	N	N	N	N	N	N	N	0.0000	0.0000	0.0000	0.0000	0.0000	0.0000	0.0000	0.0000	0.0000	0.0000	0.0000	0.0000	0.0000	0.0000	0.0000	0.0000	0.0000	0.0000	0.0000	0.0000	0.0001	0.0000	0.9943	1.0000	0.0000	0.0000	0.0000	0.0000	0.0000	0.0000	0.0000	0.0000	0.0000	0.0000	0.0000	0.0000	0.0000	0.0000	0.0000	0.0000	0.0000	0.0000	0.0000	0.0000	0.0000	0.0000	0.0000	0.0000	0.0000	0.0000	0.0000	0.0027	0.0016	0.0011	0.0003	0.0003	0.0000	0.0025	0.0014	0.0011	0.0000	0.0000	0.0000	0.0000	0.0000	0.0000	0.0000	0.0000	0.0000	0.0000	0.0000	0.0000	0.0000	0.0000	0.0000	0.0000	0.0000	0.0000											
36	64	0.1693	5	1	1	1	0	0	0	0	0	N	N	N	N	N	N	N	N	N	N	N	N	inf	inf	inf	inf	0.6874	0.0000	5.7641	0.0000	0.0000	0.0000	1.0314	0.0000	6.1083	0.0000	0.0000	0.0000	0.0000	0.0000	0.0000	0.0000	0.0000	0.0000	inf	0.0000	0.0000	0.0001	4.0000	0.9943	3.0000	0.0000	0.0000	0.0000	0.0000	0.0000	0.0000	0.0000	0.0000	0.0000	0.0000	0.0000	0.0000	0.0000	0.0000	0.0000	0.0000	0.0000	0.0000	0.0000	0.0000	0.0000	0.0000	0.0000	0.0000	0.0000	0.0000	0.0000	0.0166	0.0110	0.0057	0.0041	0.0035	0.0006	0.0126	0.0075	0.0050	inf	0.0000	inf	0.0000	0.0000	0.0000	inf	0.0000	inf	0.0000	0.0000	0.0000	0.0000	0.0000	0.0000	0.0000	0.0000	0.0000						
36	65	0.1274	4	0	0	1	0	0	0	0	0	N	N	N	N	N	N	N	N	N	N	N	N	inf	inf	inf	inf	1.3614	1.5514	0.0000	0.0000	0.0000	0.0000	1.9095	2.2932	0.0000	0.0000	0.0000	0.0000	0.0000	0.0000	0.0000	0.0000	0.0000	0.0000	0.0000	-0.0000	0.0000	0.0001	2.0015	0.9943	10.0016	0.0000	0.0000	0.0000	0.0000	0.0000	0.0000	0.0000	0.0000	0.0000	0.0000	0.0000	0.0000	0.0000	0.0000	0.0000	0.0000	0.0000	0.0000	0.0000	0.0000	0.0000	0.0000	0.0000	0.0000	0.0000	0.0000	0.0000	0.0283	0.0179	0.0104	0.0061	0.0052	0.0009	0.0222	0.0127	0.0094	inf	inf	0.0000	0.0000	0.0000	0.0000	inf	inf	0.0000	0.0000	0.0000	0.0000	0.0000	0.0000	0.0000	0.0000	0.0000	0.0000						
36	67	0.2823	6	0	0	1	0	0	0	0	0	N	N	N	N	N	N	N	N	N	N	N	N	0.7381	0.0000	104735.5560	0.0000	0.0000	7983.8396	11.2288	0.0000	80624.4780	0.8866	0.0000	3.4766	0.0008	0.0000	0.0896	1.4515	0.0000	3.5170	1.2013	2.4339	0.0000	17.7214	21.6503	0.0000	0.1293	0.2242	0.0000	inf	0.0000	0.0000	-0.0371	0.0001	4.8614	0.9943	14.2102	0.0000	0.0000	0.0000	0.0000	0.0000	0.0000	0.0000	0.0000	0.0000	0.0687	0.0686	0.0000	0.0628	0.0628	0.0000	0.0058	0.0058	0.0000	0.0000	0.0000	0.0000	0.0000	0.0000	0.0000	0.0000	0.0000	0.0000	0.0910	0.0627	0.0282	0.0458	0.0367	0.0091	0.0452	0.0260	0.0191	1.1749	0.0000	104735.5560	0.0006	0.0000	7983.8396	11.2288	0.0000	80624.4780	0.7547	1.0942	0.0000	1.3720	1.7117	0.0000	0.1293	0.2242	0.0000
36	68	0.2032	8	1	1	2	0	0	0	0	0	N	N	Y	N	N	N	N	N	N	N	N	N	0.0000	0.0000	0.0000	0.0000	0.0000	0.0000	0.0000	0.0000	0.0000	0.0000	0.0000	0.0000	0.0000	0.0000	0.0000	0.0000	0.0000	0.0000	0.0000	0.0000	0.0001	0.0000	0.9943	0.0000	0.0000	0.0000	0.0000	0.0000	0.0000	0.0000	0.0000	0.0000	0.0000	0.0000	0.0000	0.0000	0.0000	0.0000	0.0000	0.0000	0.0000	0.0000	0.0000	0.0000	0.0000	0.0000	0.0000	0.0000	0.0000	0.0000	0.0000	0.0000	0.0000	0.0000	0.0000	0.0000	0.0000	0.0000	0.0000	0.0000	0.0000	0.0000	0.0000	0.0000	0.0000	0.0000	0.0000	0.0000	0.0000	0.0000	0.0000	0.0000	0.0000	0.0000	0.0000	0.0000	0.0000	0.0000											
36	69	0.1990	7	1	0	2	0	0	0	0	0	N	N	Y	N	N	N	N	N	N	N	N	N	0.0000	0.0000	0.0000	0.0000	0.0000	0.0000	0.0000	0.0000	0.0000	0.0000	0.0000	0.0000	0.0000	0.0000	0.0000	0.0000	0.0000	0.0000	0.0000	0.0000	0.0001	0.0016	0.9943	0.9826	0.0000	0.0000	0.0000	0.0000	0.0000	0.0000	0.0000	0.0000	0.0000	0.0000	0.0000	0.0000	0.0000	0.0000	0.0000	0.0000	0.0000	0.0000	0.0000	0.0000	0.0000	0.0000	0.0000	0.0000	0.0000	0.0000	0.0000	0.0026	0.0017	0.0008	0.0008	0.0007	0.0001	0.0018	0.0010	0.0007	0.0000	0.0000	0.0000	0.0000	0.0000	0.0000	0.0000	0.0000	0.0000	0.0000	0.0000	0.0000	0.0000	0.0000	0.0000	0.0000	0.0000	0.0000											
36	70	0.1863	6	1	0	2	0	0	0	0	0	N	N	Y	N	N	N	N	N	N	N	N	N	0.0000	0.0000	0.0000	0.0000	0.0000	0.0000	0.0000	0.0000	0.0000	0.0000	0.0000	0.0000	0.0000	0.0000	0.0000	0.0000	0.0000	0.0000	0.0000	0.0000	0.0000	0.0000	0.0556	0.0000	-0.0000	0.0001	0.0061	0.9943	3.0249	0.0000	0.0000	0.0000	0.0000	0.0000	0.0000	0.0000	0.0000	0.0000	0.0000	0.0000	0.0000	0.0000	0.0000	0.0000	0.0000	0.0000	0.0000	0.0000	0.0000	0.0000	0.0000	0.0000	0.0000	0.0000	0.0000	0.0000	0.0079	0.0054	0.0026	0.0024	0.0020	0.0003	0.0056	0.0034	0.0022	0.0000	0.0000	0.0000	0.0000	0.0000	0.0000	0.0000	0.0000	0.0000	0.0000	0.0000	0.0000	0.0000	0.0000	0.0000	0.0000	0.0000	0.0000						
36	71	0.1693	5	1	0	2	0	0	0	0	0	N	N	Y	N	N	N	N	N	N	N	N	N	0.0000	0.0000	0.0000	0.0000	0.0000	0.0000	0.0000	0.0000	0.0000	0.0000	0.0000	0.0000	0.0000	0.0000	0.0000	0.0000	0.0000	0.0000	0.0000	0.0000	0.0000	0.0000	0.0000	0.0000	0.0000	0.0000	-0.0000	0.0001	0.0044	0.9943	4.0281	0.0000	0.0000	0.0000	0.0000	0.0000	0.0000	0.0000	0.0000	0.0000	0.0000	0.0000	0.0000	0.0000	0.0000	0.0000	0.0000	0.0000	0.0000	0.0000	0.0000	0.0000	0.0000	0.0000	0.0000	0.0000	0.0000	0.0000	0.0098	0.0065	0.0033	0.0024	0.0020	0.0004	0.0074	0.0044	0.0030	0.0000	0.0000	0.0000	0.0000	0.0000	0.0000	0.0000	0.0000	0.0000	0.0000	0.0000	0.0000	0.0000	0.0000	0.0000	0.0000	0.0000	0.0000				
36	72	0.1274	4	0	1	1	0	0	0	0	0	N	N	N	N	N	N	N	N	N	N	N	N	inf	inf	inf	inf	0.4681	0.5322	0.0000	0.0000	0.0000	0.0000	0.6583	0.7884	0.0000	0.0000	0.0000	0.0000	0.0000	0.0000	0.0000	0.0000	0.0000	0.0000	0.0000	-0.0000	0.0000	0.0001	5.9987	0.9943	11.0016	0.0000	0.0000	0.0000	0.0000	0.0000	0.0000	0.0000	0.0000	0.0000	0.0000	0.0000	0.0000	0.0000	0.0000	0.0000	0.0000	0.0000	0.0000	0.0000	0.0000	0.0000	0.0000	0.0000	0.0000	0.0000	0.0000	0.0000	0.0384	0.0243	0.0141	0.0082	0.0070	0.0012	0.0302	0.0173	0.0128	inf	inf	0.0000	0.0000	0.0000	0.0000	inf	inf	0.0000	0.0000	0.0000	0.0000	0.0000	0.0000	0.0000	0.0000	0.0000	0.0000						
36	73	0.1693	5	1	0	2	0	0	0	0	0	N	N	Y	N	N	N	N	N	N	N	N	N	inf	inf	inf	inf	4.0643	0.0000	33.8266	0.0000	0.0000	0.0000	6.0901	0.0000	35.8345	0.0000	0.0000	0.0000	0.0000	0.0000	0.0000	0.0000	0.0000	0.0000	inf	0.0000	0.0000	0.0001	2.0000	0.9943	5.0000	0.0000	0.0000	0.0000	0.0000	0.0000	0.0000	0.0000	0.0000	0.0000	0.0000	0.0000	0.0000	0.0000	0.0000	0.0000	0.0000	0.0000	0.0000	0.0000	0.0000	0.0000	0.0000	0.0000	0.0000	0.0000	0.0000	0.0000	0.0166	0.0110	0.0057	0.0041	0.0035	0.0006	0.0126	0.0075	0.0050	inf	0.0000	inf	0.0000	0.0000	0.0000	inf	0.0000	inf	0.0000	0.0000	0.0000	0.0000	0.0000	0.0000	0.0000	0.0000	0.0000						
36	74	0.1692	6	0	1	1	0	0	0	0	0	N	N	N	N	N	N	N	N	N	N	N	N	67.0323	48.7416	0.0000	0.0000	0.0000	0.0000	244.7050	169.6295	0.0000	0.4524	0.5141	0.0000	0.0000	0.0000	0.0000	0.6407	0.7675	0.0000	0.0067	0.0105	0.0001	0.0239	0.0268	0.0009	0.0026	0.0045	0.0000	0.0000	0.0034	-0.0000	-0.0002	0.0001	6.1274	0.9943	13.6208	0.0000	0.0000	0.0000	0.0000	0.0000	0.0000	0.0000	0.0000	0.0000	0.0003	0.0003	0.0000	0.0002	0.0002	0.0000	0.0001	0.0001	0.0000	0.0000	0.0000	0.0000	0.0000	0.0000	0.0000	0.0000	0.0000	0.0000	0.0473	0.0301	0.0171	0.0092	0.0082	0.0010	0.0381	0.0220	0.0161	67.0323	48.7416	0.0000	0.0000	0.0000	0.0000	244.7050	169.6295	0.0000	0.0067	0.0105	0.0001	0.0239	0.0268	0.0009	0.0026	0.0045	0.0000
36	75	0.1938	9	0	0	2	0	0	0	0	0	N	N	Y	N	N	N	N	N	N	N	N	N	0.0000	0.0000	0.0000	0.0000	0.0000	0.0000	0.0000	0.0000	0.0000	0.0000	0.0000	0.0000	0.0000	0.0000	0.0000	0.0000	0.0000	0.0000	0.0000	0.0000	0.0001	0.0000	0.9943	1.0003	0.0000	0.0000	0.0000	0.0000	0.0000	0.0000	0.0000	0.0000	0.0000	0.0000	0.0000	0.0000	0.0000	0.0000	0.0000	0.0000	0.0000	0.0000	0.0000	0.0000	0.0000	0.0000	0.0000	0.0000	0.0000	0.0000	0.0000	0.0026	0.0017	0.0009	0.0005	0.0004	0.0001	0.0021	0.0012	0.0009	0.0000	0.0000	0.0000	0.0000	0.0000	0.0000	0.0000	0.0000	0.0000	0.0000	0.0000	0.0000	0.0000	0.0000	0.0000	0.0000	0.0000	0.0000											
36	76	0.1897	8	0	0	2	0	0	0	0	0	N	N	Y	N	N	N	N	N	N	N	N	N	0.0000	0.0000	0.0000	0.0000	0.0000	0.0000	0.0000	0.0000	0.0000	0.0000	0.0000	0.0000	0.0000	0.0000	0.0000	0.0000	0.0000	0.0000	0.0000	0.0000	0.0001	0.0000	0.9943	1.0076	0.0000	0.0000	0.0000	0.0000	0.0000	0.0000	0.0000	0.0000	0.0000	0.0000	0.0000	0.0000	0.0000	0.0000	0.0000	0.0000	0.0000	0.0000	0.0000	0.0000	0.0000	0.0000	0.0000	0.0000	0.0000	0.0000	0.0000	0.0026	0.0017	0.0009	0.0005	0.0004	0.0001	0.0021	0.0013	0.0009	0.0000	0.0000	0.0000	0.0000	0.0000	0.0000	0.0000	0.0000	0.0000	0.0000	0.0000	0.0000	0.0000	0.0000	0.0000	0.0000	0.0000	0.0000											
36	77	0.1856	7	0	0	1	0	0	0	0	0	N	N	N	N	N	N	N	N	N	N	N	N	0.0000	0.0000	0.0000	0.0000	0.0000	0.0000	0.0000	0.0000	0.0000	0.0000	0.0000	0.0000	0.0000	0.0000	0.0000	0.0000	0.0000	0.0000	0.0000	0.0000	0.0000	0.0000	0.0000	0.0000	0.0345	0.0000	-0.0000	0.0001	0.0026	0.9943	0.9924	0.0000	0.0000	0.0000	0.0000	0.0000	0.0000	0.0000	0.0000	0.0000	0.0000	0.0000	0.0000	0.0000	0.0000	0.0000	0.0000	0.0000	0.0000	0.0000	0.0000	0.0000	0.0000	0.0000	0.0000	0.0000	0.0000	0.0000	0.0026	0.0017	0.0009	0.0005	0.0004	0.0001	0.0021	0.0012	0.0009	0.0000	0.0000	0.0000	0.0000	0.0000	0.0000	0.0000	0.0000	0.0000	0.0000	0.0000	0.0000	0.0000	0.0000	0.0000	0.0000	0.0000	0.0000				
36	78	0.1692	6	0	0	1	0	0	0	0	0	N	N	N	N	N	N	N	N	N	N	N	N	0.0495	0.0390	0.0000	0.0426	0.0405	0.0000	0.0000	0.0000	0.0000	0.0001	0.0001	0.0000	0.0004	0.0004	0.0000	0.0000	0.0000	0.0000	0.0022	0.0032	0.0002	0.0088	0.0093	0.0029	0.0001	0.0001	0.0000	0.0000	0.0350	-0.0000	-0.0000	0.0001	2.8733	0.9943	1.5522	0.0000	0.0000	0.0000	0.0000	0.0000	0.0000	0.0000	0.0000	0.0000	0.0000	0.0000	0.0000	0.0000	0.0000	0.0000	0.0000	0.0000	0.0000	0.0000	0.0000	0.0000	0.0000	0.0000	0.0000	0.0000	0.0000	0.0000	0.0142	0.0095	0.0047	0.0035	0.0032	0.0003	0.0107	0.0063	0.0044	0.0495	0.0390	0.0000	0.0426	0.0405	0.0000	0.0000	0.0000	0.0000	0.0022	0.0032	0.0002	0.0088	0.0093	0.0029	0.0001	0.0001	0.0000
36	79	0.1571	5	0	0	1	0	0	0	0	0	N	N	N	N	N	N	N	N	N	N	N	N	0.2836	0.2550	0.0000	0.2127	0.2155	0.0000	0.5871	0.5127	0.0000	0.0034	0.0039	0.0000	0.0063	0.0064	0.0000	0.0019	0.0023	0.0000	0.0121	0.0153	0.0035	0.0297	0.0297	0.0293	0.0032	0.0045	0.0011	0.0000	0.0871	-0.0000	-0.0001	0.0001	0.2102	0.9943	3.4985	0.0000	0.0000	0.0000	0.0000	0.0000	0.0000	0.0000	0.0000	0.0000	0.0002	0.0002	0.0000	0.0002	0.0001	0.0000	0.0000	0.0000	0.0000	0.0000	0.0000	0.0000	0.0000	0.0000	0.0000	0.0000	0.0000	0.0000	0.0161	0.0117	0.0044	0.0054	0.0050	0.0004	0.0107	0.0067	0.0040	0.2836	0.2550	0.0000	0.2127	0.2155	0.0000	0.5871	0.5127	0.0000	0.0121	0.0153	0.0035	0.0297	0.0297	0.0293	0.0032	0.0045	0.0011
36	80	0.1007	5	0	1	1	0	0	0	0	0	N	N	N	N	N	N	N	N	N	N	N	N	5.9770	4.3076	0.0000	0.2656	0.2516	0.0000	9.1372	6.2364	0.0000	0.0199	0.0227	0.0000	0.0007	0.0007	0.0000	0.0320	0.0383	0.0000	0.0033	0.0053	0.0000	0.0026	0.0029	0.0001	0.0035	0.0061	0.0000	0.0000	0.0009	-0.0000	-0.0000	0.0001	2.0196	0.9943	6.0690	0.0000	0.0000	0.0000	0.0000	0.0000	0.0000	0.0000	0.0000	0.0000	0.0001	0.0001	0.0000	0.0000	0.0000	0.0000	0.0001	0.0001	0.0000	0.0000	0.0000	0.0000	0.0000	0.0000	0.0000	0.0000	0.0000	0.0000	0.0211	0.0133	0.0078	0.0040	0.0036	0.0005	0.0171	0.0098	0.0074	5.9770	4.3076	0.0000	0.2656	0.2516	0.0000	9.1372	6.2364	0.0000	0.0033	0.0053	0.0000	0.0026	0.0029	0.0001	0.0035	0.0061	0.0000
36	81	0.0924	4	0	0	1	0	0	0	0	0	N	N	N	N	N	N	N	N	N	N	N	N	1210.8270	868.1872	0.0000	0.0000	0.0000	0.0000	1522.7871	1046.2152	0.0000	2.6932	3.0729	0.0000	0.0000	0.0000	0.0000	3.7842	4.5485	0.0000	0.0022	0.0035	0.0000	0.0010	0.0011	0.0002	0.0025	0.0043	0.0000	0.0000	0.0043	-0.0000	-0.0000	0.0001	0.9876	0.9943	0.9833	0.0000	0.0000	0.0000	0.0000	0.0000	0.0000	0.0000	0.0000	0.0000	0.0000	0.0000	0.0000	0.0000	0.0000	0.0000	0.0000	0.0000	0.0000	0.0000	0.0000	0.0000	0.0000	0.0000	0.0000	0.0000	0.0000	0.0000	0.0053	0.0033	0.0020	0.0009	0.0008	0.0001	0.0044	0.0025	0.0019	1210.8270	868.1872	0.0000	0.0000	0.0000	0.0000	1522.7871	1046.2152	0.0000	0.0022	0.0035	0.0000	0.0010	0.0011	0.0002	0.0025	0.0043	0.0000
36	82	0.1976	6	1	0	2	0	0	0	0	0	N	N	Y	N	N	N	N	N	N	N	N	N	0.0000	0.0000	0.0000	0.0000	0.0000	0.0000	0.0000	0.0000	0.0000	0.0000	0.0000	0.0000	0.0000	0.0000	0.0000	0.0000	0.0000	0.0000	0.0000	0.0000	0.0001	1.0000	0.9943	2.9874	0.0000	0.0000	0.0000	0.0000	0.0000	0.0000	0.0000	0.0000	0.0000	0.0000	0.0000	0.0000	0.0000	0.0000	0.0000	0.0000	0.0000	0.0000	0.0000	0.0000	0.0000	0.0000	0.0000	0.0000	0.0000	0.0000	0.0000	0.0102	0.0066	0.0035	0.0029	0.0025	0.0005	0.0072	0.0041	0.0031	0.0000	0.0000	0.0000	0.0000	0.0000	0.0000	0.0000	0.0000	0.0000	0.0000	0.0000	0.0000	0.0000	0.0000	0.0000	0.0000	0.0000	0.0000											
36	83	0.1693	5	1	0	2	0	0	0	0	0	N	N	Y	N	N	N	N	N	N	N	N	N	0.0000	0.0000	0.0000	0.0000	0.0000	0.0000	0.0000	0.0000	0.0000	0.0000	0.0000	0.0000	0.0000	0.0000	0.0000	0.0000	0.0000	0.0000	0.0000	0.0000	0.0001	0.9997	0.9943	6.0128	0.0000	0.0000	0.0000	0.0000	0.0000	0.0000	0.0000	0.0000	0.0000	0.0000	0.0000	0.0000	0.0000	0.0000	0.0000	0.0000	0.0000	0.0000	0.0000	0.0000	0.0000	0.0000	0.0000	0.0000	0.0000	0.0000	0.0000	0.0167	0.0110	0.0057	0.0041	0.0035	0.0006	0.0126	0.0075	0.0050	0.0000	0.0000	0.0000	0.0000	0.0000	0.0000	0.0000	0.0000	0.0000	0.0000	0.0000	0.0000	0.0000	0.0000	0.0000	0.0000	0.0000	0.0000											
36	84	0.1274	4	0	1	1	1	0	0	0	0	N	N	N	N	N	N	N	N	N	N	N	N	0.0000	0.0000	0.0000	0.0000	0.0000	0.0000	0.0000	0.0000	0.0000	0.0000	0.0000	0.0000	0.0000	0.0000	0.0000	0.0066	0.0104	0.0000	0.0202	0.0237	0.0000	0.0029	0.0050	0.0000	0.0000	0.0000	-0.0002	0.0001	8.0013	0.9943	12.0015	0.0000	0.0000	0.0000	0.0000	0.0000	0.0000	0.0000	0.0000	0.0000	0.0003	0.0003	0.0000	0.0002	0.0002	0.0000	0.0001	0.0001	0.0000	0.0000	0.0000	0.0000	0.0000	0.0000	0.0000	0.0000	0.0000	0.0000	0.0441	0.0279	0.0162	0.0094	0.0080	0.0014	0.0347	0.0199	0.0147	0.0000	0.0000	0.0000	0.0000	0.0000	0.0000	0.0000	0.0000	0.0000	0.0066	0.0104	0.0000	0.0202	0.0237	0.0000	0.0029	0.0050	0.0000				
36	85	0.0710	2	0	1	1	0	0	0	0	0	N	N	N	N	N	N	N	N	N	N	N	N	0.0000	0.0000	0.0000	0.0000	0.0000	0.0000	0.0000	0.0000	0.0000	0.0000	0.0000	0.0000	0.0000	0.0005	0.0008	0.0000	0.0031	0.0035	0.0000	0.0000	0.0000	0.0000	0.0000	0.0000	-0.0000	0.0001	1.0000	0.9943	6.9850	0.0000	0.0000	0.0000	0.0000	0.0000	0.0000	0.0000	0.0000	0.0000	0.0000	0.0000	0.0000	0.0000	0.0000	0.0000	0.0000	0.0000	0.0000	0.0000	0.0000	0.0000	0.0000	0.0000	0.0000	0.0000	0.0000	0.0000	0.0204	0.0127	0.0077	0.0035	0.0031	0.0004	0.0169	0.0096	0.0073	0.0000	0.0000	0.0000	0.0000	0.0000	0.0000	0.0000	0.0000	0.0000	0.0005	0.0008	0.0000	0.0031	0.0035	0.0000	0.0000	0.0000	0.0000						
36	87	0.1693	5	0	1	1	0	0	0	0	0	N	N	N	N	N	N	N	N	N	N	N	N	0.0000	0.0000	0.0000	0.0000	0.0000	0.0000	0.0000	0.0000	0.0000	0.0000	0.0000	0.0000	0.0000	0.0000	0.0000	0.0000	0.0000	0.0000	0.0000	0.0000	0.0001	4.0000	0.9943	7.0000	0.0000	0.0000	0.0000	0.0000	0.0000	0.0000	0.0000	0.0000	0.0000	0.0000	0.0000	0.0000	0.0000	0.0000	0.0000	0.0000	0.0000	0.0000	0.0000	0.0000	0.0000	0.0000	0.0000	0.0000	0.0000	0.0000	0.0000	0.0253	0.0167	0.0086	0.0062	0.0052	0.0010	0.0191	0.0115	0.0077	0.0000	0.0000	0.0000	0.0000	0.0000	0.0000	0.0000	0.0000	0.0000	0.0000	0.0000	0.0000	0.0000	0.0000	0.0000	0.0000	0.0000	0.0000											
36	88	0.1274	4	0	0	1	0	0	0	0	0	N	N	N	N	N	N	N	N	N	N	N	N	inf	inf	inf	inf	0.9158	1.0430	0.0000	0.0000	0.0000	0.0000	1.2853	1.5425	0.0000	0.0000	0.0000	0.0000	0.0000	0.0000	0.0000	0.0000	0.0000	0.0000	0.0000	-0.0000	0.0000	0.0001	2.9985	0.9943	7.0016	0.0000	0.0000	0.0000	0.0000	0.0000	0.0000	0.0000	0.0000	0.0000	0.0000	0.0000	0.0000	0.0000	0.0000	0.0000	0.0000	0.0000	0.0000	0.0000	0.0000	0.0000	0.0000	0.0000	0.0000	0.0000	0.0000	0.0000	0.0239	0.0152	0.0088	0.0052	0.0044	0.0008	0.0188	0.0108	0.0080	inf	inf	0.0000	0.0000	0.0000	0.0000	inf	inf	0.0000	0.0000	0.0000	0.0000	0.0000	0.0000	0.0000	0.0000	0.0000	0.0000						
36	89	0.1010	5	0	1	1	0	0	0	0	0	N	N	N	N	N	N	N	N	N	N	N	N	0.0000	0.0000	0.0000	0.0000	0.0000	0.0000	0.0000	0.0000	0.0000	0.0000	0.0000	0.0000	0.0000	0.0000	0.0000	0.0000	0.0000	0.0004	0.0007	0.0000	0.0022	0.0025	0.0000	0.0000	0.0000	0.0000	0.0008	0.0000	-0.0000	0.0001	0.0157	0.9943	9.0253	0.0000	0.0000	0.0000	0.0000	0.0000	0.0000	0.0000	0.0000	0.0000	0.0000	0.0000	0.0000	0.0000	0.0000	0.0000	0.0000	0.0000	0.0000	0.0000	0.0000	0.0000	0.0000	0.0000	0.0000	0.0000	0.0000	0.0000	0.0232	0.0146	0.0087	0.0046	0.0040	0.0006	0.0186	0.0106	0.0081	0.0000	0.0000	0.0000	0.0000	0.0000	0.0000	0.0000	0.0000	0.0000	0.0004	0.0007	0.0000	0.0022	0.0025	0.0000	0.0000	0.0000	0.0000		
36	90	0.0924	4	0	1	1	0	0	0	0	0	N	N	N	N	N	N	N	N	N	N	N	N	1556.6490	1314.5817	0.0000	890.6892	906.3999	0.0000	0.0000	0.0000	0.0434	0.0507	0.0000	0.1143	0.1304	0.0000	0.0000	0.0000	0.0000	0.0000	0.0000	0.0000	0.0001	0.0001	0.0000	0.0000	0.0000	0.0000	0.0000	0.1546	-0.0000	-0.0000	0.0001	0.0169	0.9943	2.0013	0.0000	0.0000	0.0000	0.0000	0.0000	0.0000	0.0000	0.0000	0.0000	0.0000	0.0000	0.0000	0.0000	0.0000	0.0000	0.0000	0.0000	0.0000	0.0000	0.0000	0.0000	0.0000	0.0000	0.0000	0.0000	0.0000	0.0000	0.0054	0.0034	0.0020	0.0009	0.0008	0.0001	0.0045	0.0026	0.0019	1556.6490	1314.5817	0.0000	890.6892	906.3999	0.0000	0.0000	0.0000	0.0000	0.0000	0.0000	0.0000	0.0001	0.0001	0.0000	0.0000	0.0000	0.0000	
36	91	0.0837	3	0	0	1	0	0	0	0	0	N	N	N	N	N	N	N	N	N	N	N	N	0.9078	40.4383	0.0000	0.0000	0.0000	1.0584	148.7661	0.0000	0.0005	0.0005	0.0000	0.0000	0.0000	0.0000	0.0007	0.0008	0.0000	0.0005	0.0000	0.0013	0.0000	0.0000	0.0000	0.0006	0.0000	0.0014	0.0000	62.1319	-0.0000	0.0000	0.0001	1.9923	0.9943	0.0454	0.0000	0.0000	0.0000	0.0000	0.0000	0.0000	0.0000	0.0000	0.0000	0.0000	0.0000	0.0000	0.0000	0.0000	0.0000	0.0000	0.0000	0.0000	0.0000	0.0000	0.0000	0.0000	0.0000	0.0000	0.0000	0.0000	0.0000	0.0055	0.0034	0.0021	0.0010	0.0009	0.0001	0.0045	0.0026	0.0020	0.9078	40.4383	0.0000	0.0000	0.0000	0.0000	1.0584	148.7661	0.0000	0.0005	0.0000	0.0013	0.0000	0.0000	0.0000	0.0006	0.0000	0.0014	
36	93	0.2242	9	1	1	1	1	0	0	0	0	N	N	N	N	N	N	N	N	N	N	N	N	0.0000	0.0000	0.0000	0.0000	0.0000	0.0000	0.0000	0.0000	0.0000	0.0000	0.0000	0.0000	0.0000	0.0000	0.0000	0.0000	0.0000	0.0000	0.0000	0.0000	0.0001	0.0000	0.9943	0.0000	0.0000	0.0000	0.0000	0.0000	0.0000	0.0000	0.0000	0.0000	0.0000	0.0000	0.0000	0.0000	0.0000	0.0000	0.0000	0.0000	0.0000	0.0000	0.0000	0.0000	0.0000	0.0000	0.0000	0.0000	0.0000	0.0000	0.0000	0.0000	0.0000	0.0000	0.0000	0.0000	0.0000	0.0000	0.0000	0.0000	0.0000	0.0000	0.0000	0.0000	0.0000	0.0000	0.0000	0.0000	0.0000	0.0000	0.0000	0.0000	0.0000	0.0000	0.0000	0.0000	0.0000	0.0000											
36	94	0.2242	8	1	1	1	1	0	0	0	0	N	N	N	N	N	N	N	N	N	N	N	N	0.0000	0.0000	0.0000	0.0000	0.0000	0.0000	0.0000	0.0000	0.0000	0.0000	0.0000	0.0000	0.0000	0.0000	0.0000	0.0103	0.0163	0.0000	0.0053	0.0084	0.0000	0.0887	0.1454	0.0000	0.0000	0.0000	-0.0000	0.0001	0.0000	0.9943	0.0001	0.0000	0.0000	0.0000	0.0000	0.0000	0.0000	0.0000	0.0000	0.0000	0.0000	0.0000	0.0000	0.0000	0.0000	0.0000	0.0000	0.0000	0.0000	0.0000	0.0000	0.0000	0.0000	0.0000	0.0000	0.0000	0.0000	0.0000	0.0000	0.0000	0.0000	0.0000	0.0000	0.0000	0.0000	0.0000	0.0000	0.0000	0.0000	0.0000	0.0000	0.0000	0.0000	0.0000	0.0000	0.0000	0.0103	0.0163	0.0000	0.0053	0.0084	0.0000	0.0887	0.1454	0.0000				
36	95	0.2062	7	0	1	1	1	0	0	0	0	N	N	N	N	N	N	N	N	N	N	N	N	0.0000	0.0000	0.0000	0.0000	0.0000	0.0000	0.0000	0.0000	0.0000	0.0000	0.0000	0.0000	0.0000	0.0000	0.0000	0.0000	0.0000	0.0000	0.0000	0.0000	0.0000	0.0000	0.0000	0.0000	0.0000	0.0000	-0.0000	0.0001	0.9845	0.9943	0.9903	0.0000	0.0000	0.0000	0.0000	0.0000	0.0000	0.0000	0.0000	0.0000	0.0000	0.0000	0.0000	0.0000	0.0000	0.0000	0.0000	0.0000	0.0000	0.0000	0.0000	0.0000	0.0000	0.0000	0.0000	0.0000	0.0000	0.0000	0.0054	0.0035	0.0019	0.0015	0.0013	0.0002	0.0039	0.0022	0.0017	0.0000	0.0000	0.0000	0.0000	0.0000	0.0000	0.0000	0.0000	0.0000	0.0000	0.0000	0.0000	0.0000	0.0000	0.0000	0.0000	0.0000	0.0000				
36	96	0.2034	7	0	1	1	0	0	0	0	0	N	N	N	N	N	N	N	N	N	N	N	N	0.0000	0.0000	0.0000	0.0000	0.0000	0.0000	0.0000	0.0000	0.0000	0.0000	0.0000	0.0000	0.0000	0.0000	0.0000	0.4296	0.9532	0.0000	6.7037	8.0050	0.0000	0.0091	0.0163	0.0000	0.0000	0.0000	-0.0028	0.0001	1.0063	0.9943	3.7812	0.0000	0.0000	0.0000	0.0000	0.0000	0.0000	0.0000	0.0000	0.0000	0.0052	0.0052	0.0000	0.0051	0.0051	0.0000	0.0001	0.0001	0.0000	0.0000	0.0000	0.0000	0.0000	0.0000	0.0000	0.0000	0.0000	0.0000	0.0185	0.0125	0.0060	0.0074	0.0063	0.0011	0.0111	0.0062	0.0049	0.0000	0.0000	0.0000	0.0000	0.0000	0.0000	0.0000	0.0000	0.0000	0.2803	0.4150	0.0000	0.6895	0.8108	0.0000	0.0091	0.0163	0.0000				
36	97	0.2062	7	0	0	2	1	0	0	0	0	N	N	Y	N	N	N	N	N	N	N	N	N	0.0000	0.0000	0.0000	0.0000	0.0000	0.0000	0.0000	0.0000	0.0000	0.0000	0.0000	0.0000	0.0000	0.0000	0.0000	0.0000	0.0000	0.0000	0.0000	0.0000	0.0001	1.0165	0.9943	1.0129	0.0000	0.0000	0.0000	0.0000	0.0000	0.0000	0.0000	0.0000	0.0000	0.0000	0.0000	0.0000	0.0000	0.0000	0.0000	0.0000	0.0000	0.0000	0.0000	0.0000	0.0000	0.0000	0.0000	0.0000	0.0000	0.0000	0.0000	0.0055	0.0036	0.0019	0.0015	0.0013	0.0002	0.0040	0.0023	0.0017	0.0000	0.0000	0.0000	0.0000	0.0000	0.0000	0.0000	0.0000	0.0000	0.0000	0.0000	0.0000	0.0000	0.0000	0.0000	0.0000	0.0000	0.0000											
36	98	0.1933	6	0	0	1	1	0	0	0	0	N	N	N	N	N	N	N	N	N	N	N	N	0.0000	0.0000	0.0000	0.0000	0.0000	0.0000	0.0000	0.0000	0.0000	0.0000	0.0000	0.0000	0.0000	0.0000	0.0000	0.0000	0.0000	0.0000	0.0000	0.0000	0.0000	0.0000	0.0000	0.0000	0.0000	0.0000	-0.0000	0.0001	2.0241	0.9943	1.0265	0.0000	0.0000	0.0000	0.0000	0.0000	0.0000	0.0000	0.0000	0.0000	0.0000	0.0000	0.0000	0.0000	0.0000	0.0000	0.0000	0.0000	0.0000	0.0000	0.0000	0.0000	0.0000	0.0000	0.0000	0.0000	0.0000	0.0000	0.0079	0.0051	0.0028	0.0023	0.0019	0.0004	0.0057	0.0032	0.0024	0.0000	0.0000	0.0000	0.0000	0.0000	0.0000	0.0000	0.0000	0.0000	0.0000	0.0000	0.0000	0.0000	0.0000	0.0000	0.0000	0.0000	0.0000				
36	99	0.1933	6	0	0	2	1	0	0	0	0	N	N	Y	N	N	N	N	N	N	N	N	N	inf	inf	inf	inf	2.1933	2.4618	0.0000	6.7036	6.7566	0.0000	0.0000	0.0000	0.0000	0.0000	0.0000	0.0000	0.0000	0.0000	0.0000	0.0000	0.0000	0.0000	0.0000	-0.0000	0.0000	0.0001	3.0066	0.9943	0.0000	0.0000	0.0000	0.0000	0.0000	0.0000	0.0000	0.0000	0.0000	0.0000	0.0000	0.0000	0.0000	0.0000	0.0000	0.0000	0.0000	0.0000	0.0000	0.0000	0.0000	0.0000	0.0000	0.0000	0.0000	0.0000	0.0000	0.0000	0.0078	0.0051	0.0028	0.0023	0.0019	0.0004	0.0056	0.0032	0.0024	inf	inf	0.0000	inf	inf	0.0000	0.0000	0.0000	0.0000	0.0000	0.0000	0.0000	0.0000	0.0000	0.0000	0.0000	0.0000	0.0000						
36	100	0.2190	6	0	0	2	1	0	0	0	0	N	N	Y	N	N	N	N	N	N	N	N	N	0.0000	0.0000	0.0000	0.0000	0.0000	0.0000	0.0000	0.0000	0.0000	0.0000	0.0000	0.0000	0.0000	0.0000	0.0000	0.0000	0.0000	0.0000	0.0000	0.0000	0.0001	0.0000	0.9943	2.0000	0.0000	0.0000	0.0000	0.0000	0.0000	0.0000	0.0000	0.0000	0.0000	0.0000	0.0000	0.0000	0.0000	0.0000	0.0000	0.0000	0.0000	0.0000	0.0000	0.0000	0.0000	0.0000	0.0000	0.0000	0.0000	0.0000	0.0000	0.0052	0.0034	0.0018	0.0015	0.0013	0.0002	0.0037	0.0021	0.0016	0.0000	0.0000	0.0000	0.0000	0.0000	0.0000	0.0000	0.0000	0.0000	0.0000	0.0000	0.0000	0.0000	0.0000	0.0000	0.0000	0.0000	0.0000											
36	101	0.1800	5	0	0	2	1	0	0	0	0	N	N	Y	N	N	N	N	N	N	N	N	N	332.0348	243.1795	632.5822	0.0000	0.0000	0.0000	512731.4096	477336.7562	20894.3546	0.3757	0.4210	0.0140	0.0000	0.0000	0.0000	0.5642	0.6697	0.0146	0.0011	0.0017	0.0000	0.0037	0.0045	0.0001	0.0000	0.0000	0.0000	0.0042	0.0069	-0.0000	-0.0000	0.0001	5.8899	0.9943	3.1847	0.0000	0.0000	0.0000	0.0000	0.0000	0.0000	0.0000	0.0000	0.0000	0.0000	0.0000	0.0000	0.0000	0.0000	0.0000	0.0000	0.0000	0.0000	0.0000	0.0000	0.0000	0.0000	0.0000	0.0000	0.0000	0.0000	0.0000	0.0235	0.0153	0.0082	0.0071	0.0059	0.0012	0.0164	0.0093	0.0070	332.0348	243.1795	632.5822	0.0000	0.0000	0.0000	512731.4096	477336.7562	20894.3546	0.0011	0.0017	0.0000	0.0037	0.0045	0.0001	0.0000	0.0000	0.0000
36	102	0.2267	5	1	1	1	0	0	0	0	0	N	N	N	N	N	N	N	N	N	N	N	N	0.0000	0.0000	0.0000	0.0000	0.0000	0.0000	0.0000	0.0000	0.0000	0.0000	0.0000	0.0000	0.0000	0.0000	0.0000	0.0000	0.0000	0.0000	0.0000	0.0000	0.0001	0.0000	0.9943	0.0000	0.0000	0.0000	0.0000	0.0000	0.0000	0.0000	0.0000	0.0000	0.0000	0.0000	0.0000	0.0000	0.0000	0.0000	0.0000	0.0000	0.0000	0.0000	0.0000	0.0000	0.0000	0.0000	0.0000	0.0000	0.0000	0.0000	0.0000	0.0000	0.0000	0.0000	0.0000	0.0000	0.0000	0.0000	0.0000	0.0000	0.0000	0.0000	0.0000	0.0000	0.0000	0.0000	0.0000	0.0000	0.0000	0.0000	0.0000	0.0000	0.0000	0.0000	0.0000	0.0000	0.0000	0.0000											
36	103	0.1274	4	1	1	1	0	0	0	0	0	N	N	N	N	N	N	N	N	N	N	N	N	1.7957	0.0000	inf	0.0000	0.0000	564.9821	0.0000	inf	1.0682	0.0000	8.9425	0.0000	0.0000	0.0000	1.5044	0.0000	9.1834	0.5949	1.4000	0.0000	23.3935	26.9607	0.0000	0.0027	0.0046	0.0000	inf	0.0000	0.0000	-0.0098	0.0001	8.0012	0.9943	14.0016	0.0000	0.0000	0.0000	0.0000	0.0000	0.0000	0.0000	0.0000	0.0000	0.0181	0.0181	0.0000	0.0180	0.0180	0.0000	0.0001	0.0001	0.0000	0.0000	0.0000	0.0000	0.0000	0.0000	0.0000	0.0000	0.0000	0.0000	0.0477	0.0303	0.0175	0.0102	0.0086	0.0015	0.0376	0.0216	0.0159	2.8126	0.0000	inf	0.0000	0.0000	0.0000	564.9821	0.0000	inf	0.3798	0.5992	0.0000	1.7709	2.0857	0.0000	0.0027	0.0046	0.0000	
36	104	0.1904	5	0	1	1	0	0	0	0	0	N	N	N	N	N	N	N	N	N	N	N	N	7.5423	1942890.9647	0.0000	0.0004	270.7113	0.0000	19.0364	8157741.4371	0.0000	3.8019	4.3757	0.0000	0.0011	0.0011	0.0000	5.5918	6.6867	0.0000	0.5041	0.0000	1.4513	2.8443	0.0000	3.1627	0.2937	0.0000	1.0285	0.0000	220337.7891	-0.0000	0.0013	0.0001	2.0010	0.9943	1.0153	0.0000	0.0000	0.0000	0.0000	0.0000	0.0000	0.0000	0.0000	0.0000	0.0028	0.0000	0.0028	0.0012	0.0000	0.0012	0.0017	0.0000	0.0017	0.0000	0.0000	0.0000	0.0000	0.0000	0.0000	0.0000	0.0000	0.0000	0.0085	0.0057	0.0029	0.0029	0.0024	0.0005	0.0056	0.0033	0.0024	11.5251	1942890.9647	0.0000	0.0027	270.7113	0.0000	19.0364	8157741.4371	0.0000	0.3299	0.0000	0.9840	0.4001	0.0000	2.2580	0.2937	0.0000	0.7052
36	105	0.1274	4	0	1	1	0	0	0	0	0	N	N	N	N	N	N	N	N	N	N	N	N	0.0003	0.2418	0.0000	0.0000	0.0000	0.0000	0.0004	0.2547	0.0000	0.0122	0.0136	0.0016	0.0000	0.0000	0.0000	0.0171	0.0202	0.0016	34.8754	0.0564	174.8410	0.1456	0.0001	0.9198	38.1107	0.0791	184.8012	0.0160	837.8972	-0.0000	0.4470	0.0001	3.0162	0.9943	11.0438	0.0000	0.0000	0.0000	0.0000	0.0000	0.0000	0.0000	0.0000	0.0000	0.9742	0.0012	0.9731	0.0007	0.0000	0.0007	0.9735	0.0012	0.9724	0.0000	0.0000	0.0000	0.0000	0.0000	0.0000	0.0000	0.0000	0.0000	0.0325	0.0206	0.0119	0.0070	0.0059	0.0011	0.0255	0.0147	0.0109	0.0004	0.2418	0.0000	0.0000	0.0000	0.0000	0.0004	0.2547	0.0000	29.9395	0.0564	81.5474	0.1013	0.0001	0.6699	38.1107	0.0791	89.4068
36	106	0.2283	9	1	1	1	0	0	0	0	0	N	N	N	N	N	N	N	N	N	N	N	N	inf	inf	inf	inf	2.1666	2.4339	0.0000	0.0000	0.0000	0.0000	3.2105	3.8175	0.0000	0.0000	0.0000	0.0000	0.0000	0.0000	0.0000	0.0000	0.0000	0.0000	0.0000	-0.0000	0.0000	0.0001	1.0000	0.9943	1.0000	0.0000	0.0000	0.0000	0.0000	0.0000	0.0000	0.0000	0.0000	0.0000	0.0000	0.0000	0.0000	0.0000	0.0000	0.0000	0.0000	0.0000	0.0000	0.0000	0.0000	0.0000	0.0000	0.0000	0.0000	0.0000	0.0000	0.0000	0.0057	0.0036	0.0021	0.0028	0.0020	0.0008	0.0028	0.0015	0.0013	inf	inf	0.0000	0.0000	0.0000	0.0000	inf	inf	0.0000	0.0000	0.0000	0.0000	0.0000	0.0000	0.0000	0.0000	0.0000	0.0000						
36	107	0.2242	8	1	1	1	0	0	0	0	0	N	N	N	N	N	N	N	N	N	N	N	N	0.0000	0.0000	0.0000	0.0000	0.0000	0.0000	0.0000	0.0000	0.0000	0.0000	0.0000	0.0000	0.0000	0.0000	0.0000	0.1015	0.2062	0.0000	0.2570	0.5526	0.0000	0.0698	0.1282	0.0000	0.0000	0.0000	-0.0002	0.0001	0.0000	0.9943	0.9999	0.0000	0.0000	0.0000	0.0000	0.0000	0.0000	0.0000	0.0000	0.0000	0.0003	0.0003	0.0000	0.0002	0.0002	0.0000	0.0001	0.0001	0.0000	0.0000	0.0000	0.0000	0.0000	0.0000	0.0000	0.0000	0.0000	0.0000	0.0029	0.0018	0.0011	0.0014	0.0010	0.0004	0.0014	0.0008	0.0007	0.0000	0.0000	0.0000	0.0000	0.0000	0.0000	0.0000	0.0000	0.0000	0.1015	0.1649	0.0000	0.1333	0.1943	0.0000	0.0698	0.1282	0.0000				
36	108	0.2034	7	1	1	1	0	0	0	0	0	N	N	N	N	N	N	N	N	N	N	N	N	0.0000	0.0000	0.0000	0.0000	0.0000	0.0000	0.0000	0.0000	0.0000	0.0000	0.0000	0.0000	0.0000	0.0000	0.0000	51.7710	76.6979	0.0000	0.2060	0.3050	0.0000	85.7795	153.2890	0.0000	0.0000	0.0000	-0.5244	0.0001	0.0100	0.9943	4.8896	0.0000	0.0000	0.0000	0.0000	0.0000	0.0000	0.0000	0.0000	0.0000	0.9712	0.9712	0.0000	0.0009	0.0009	0.0000	0.9703	0.9703	0.0000	0.0000	0.0000	0.0000	0.0000	0.0000	0.0000	0.0000	0.0000	0.0000	0.0188	0.0127	0.0061	0.0074	0.0063	0.0011	0.0113	0.0063	0.0050	0.0000	0.0000	0.0000	0.0000	0.0000	0.0000	0.0000	0.0000	0.0000	51.7710	76.6979	0.0000	0.1220	0.1435	0.0000	85.7795	153.2890	0.0000				
36	109	0.1933	6	0	1	1	0	0	0	0	0	N	N	N	N	N	N	N	N	N	N	N	N	0.0000	0.0000	0.0000	0.0000	0.0000	0.0000	0.0000	0.0000	0.0000	0.0000	0.0000	0.0000	0.0000	0.0000	0.0000	0.0000	0.0000	0.0000	1.2262	2.4748	0.0484	0.0050	0.0059	0.0003	1.0920	1.8739	0.0557	0.0224	0.0000	-0.0025	0.0001	1.0007	0.9943	1.4004	0.0000	0.0000	0.0000	0.0000	0.0000	0.0000	0.0000	0.0000	0.0000	0.0049	0.0048	0.0001	0.0000	0.0000	0.0000	0.0049	0.0048	0.0001	0.0000	0.0000	0.0000	0.0000	0.0000	0.0000	0.0000	0.0000	0.0000	0.0063	0.0041	0.0022	0.0018	0.0015	0.0003	0.0045	0.0026	0.0019	0.0000	0.0000	0.0000	0.0000	0.0000	0.0000	0.0000	0.0000	0.0000	0.7785	1.1766	0.0484	0.0050	0.0059	0.0003	1.0920	1.8739	0.0557	
36	110	0.1800	5	0	0	1	0	0	0	0	0	N	N	N	N	N	N	N	N	N	N	N	N	3.8078	0.9580	2305.7959	3.6416	3.1804	0.0000	4.0600	0.0000	84894.6635	0.0296	0.0114	0.1297	0.0225	0.0240	0.0000	0.0349	0.0000	0.1560	0.0078	0.0119	0.0001	0.0062	0.0075	0.0003	0.0086	0.0151	0.0000	2.0746	0.0025	0.0000	-0.0000	0.0001	0.3039	0.9943	2.8719	0.0000	0.0000	0.0000	0.0000	0.0000	0.0000	0.0000	0.0000	0.0000	0.0001	0.0001	0.0000	0.0000	0.0000	0.0000	0.0001	0.0001	0.0000	0.0000	0.0000	0.0000	0.0000	0.0000	0.0000	0.0000	0.0000	0.0000	0.0094	0.0061	0.0033	0.0032	0.0026	0.0006	0.0062	0.0035	0.0027	3.8078	0.9580	2305.7959	3.6416	3.1804	0.0000	4.0600	0.0000	84894.6635	0.0078	0.0119	0.0001	0.0062	0.0075	0.0003	0.0086	0.0151	0.0000
36	111	0.1274	4	0	0	1	0	0	0	0	0	N	N	N	N	N	N	N	N	N	N	N	N	2301.9075	1.1126	38462135.1680	0.0000	0.0000	2556.7583	1.1801	35988557.1315	2.1663	0.0017	17.8123	0.0000	0.0000	0.0000	3.0421	0.0024	18.2899	0.0009	0.0015	0.0000	0.0000	0.0000	0.0000	0.0012	0.0021	0.0000	1490.4478	0.0002	0.0000	-0.0000	0.0001	3.8240	0.9943	8.1760	0.0000	0.0000	0.0000	0.0000	0.0000	0.0000	0.0000	0.0000	0.0000	0.0000	0.0000	0.0000	0.0000	0.0000	0.0000	0.0000	0.0000	0.0000	0.0000	0.0000	0.0000	0.0000	0.0000	0.0000	0.0000	0.0000	0.0000	0.0283	0.0179	0.0104	0.0061	0.0052	0.0009	0.0222	0.0127	0.0094	2301.9075	1.1126	38462135.1680	0.0000	0.0000	0.0000	2556.7583	1.1801	35988557.1315	0.0009	0.0015	0.0000	0.0000	0.0000	0.0000	0.0012	0.0021	0.0000	
36	115	0.3201	7	0	0	1	0	0	0	0	0	N	N	N	N	N	N	N	N	N	N	N	N	0.0122	0.0107	0.0000	0.0154	0.0112	0.0000	0.0000	0.0000	0.0000	0.0687	0.0854	0.0000	0.1840	0.1860	0.0000	0.0000	0.0000	0.0000	5.6393	7.9631	0.0000	11.9485	16.5854	0.0000	11.3025	19.1467	0.0000	0.0000	0.0000	-0.0000	-0.3286	0.0001	8.9918	0.9943	13.3277	0.0000	0.0000	0.0000	0.0000	0.0000	0.0000	0.0000	0.0000	0.0000	0.6085	0.6085	0.0000	0.0625	0.0625	0.0000	0.5460	0.5460	0.0000	0.0000	0.0000	0.0000	0.0000	0.0000	0.0000	0.0000	0.0000	0.0000	0.1080	0.0764	0.0315	0.0597	0.0479	0.0118	0.0483	0.0285	0.0198	0.0122	0.0107	0.0000	0.1755	0.1425	0.0000	0.0000	0.0000	0.0000	5.6362	7.9631	0.0000	1.0484	1.3058	0.0000	11.3025	19.1467	0.0000
37	38	0.1747	6	1	1	1	0	0	0	0	0	N	N	N	N	N	N	N	N	N	N	N	N	0.0000	0.0000	0.0000	0.0000	0.0000	0.0000	0.0000	0.0000	0.0000	0.0000	0.0000	0.0000	0.0000	0.0000	0.0000	0.0000	0.0000	0.0000	0.0000	0.0000	2.0000	2.0000	2.0000	5.0000	0.0000	0.0000	0.0000	0.0000	0.0000	0.0000	0.0000	0.0000	0.0000	0.0000	0.0000	0.0000	0.0000	0.0000	0.0000	0.0000	0.0000	0.0000	0.0533	0.0454	0.0078	0.0039	0.0037	0.0002	0.0494	0.0418	0.0076	0.0547	0.0339	0.0209	0.0118	0.0092	0.0027	0.0429	0.0247	0.0182	0.0000	0.0000	0.0000	0.0000	0.0000	0.0000	0.0000	0.0000	0.0000	0.0000	0.0000	0.0000	0.0000	0.0000	0.0000	0.0000	0.0000	0.0000											
37	39	0.0770	3	0	2	0	0	0	0	0	0	N	Y	N	N	N	N	N	N	N	N	N	N	0.0000	0.0000	0.0000	0.0000	0.0000	0.0000	0.0000	0.0000	0.0000	0.0000	0.0000	0.0000	0.0000	0.0000	0.0000	0.0000	0.0000	0.0000	0.0000	0.0000	2.0000	0.0217	2.0000	6.0735	0.0000	0.0000	0.0000	0.0000	0.0000	0.0000	0.0000	0.0000	0.0000	0.0000	0.0000	0.0000	0.0000	0.0000	0.0000	0.0000	0.0000	0.0000	0.0021	0.0018	0.0003	0.0008	0.0008	0.0000	0.0013	0.0011	0.0003	0.0581	0.0349	0.0232	0.0144	0.0113	0.0031	0.0437	0.0236	0.0201	0.0000	0.0000	0.0000	0.0000	0.0000	0.0000	0.0000	0.0000	0.0000	0.0000	0.0000	0.0000	0.0000	0.0000	0.0000	0.0000	0.0000	0.0000											
37	40	0.0596	2	0	1	0	0	0	0	0	0	N	N	N	N	N	N	N	N	N	N	N	N	0.0000	0.0000	0.0000	0.0000	0.0000	0.0000	0.0000	0.0000	0.0000	0.0000	0.0000	0.0000	0.0000	0.0000	0.0000	0.0000	0.0000	0.0000	0.0000	0.0000	2.0000	0.0217	2.0000	4.0395	0.0000	0.0000	0.0000	0.0000	0.0000	0.0000	0.0000	0.0000	0.0000	0.0000	0.0000	0.0000	0.0000	0.0000	0.0000	0.0000	0.0000	0.0000	0.0006	0.0005	0.0001	0.0000	0.0000	0.0000	0.0006	0.0005	0.0001	0.0364	0.0208	0.0155	0.0045	0.0036	0.0009	0.0319	0.0172	0.0147	0.0000	0.0000	0.0000	0.0000	0.0000	0.0000	0.0000	0.0000	0.0000	0.0000	0.0000	0.0000	0.0000	0.0000	0.0000	0.0000	0.0000	0.0000											
37	41	0.0596	2	0	2	0	1	0	0	0	0	N	Y	N	N	N	N	N	N	N	N	N	N	0.0000	0.0000	0.0000	0.0000	0.0000	0.0000	0.0000	0.0000	0.0000	0.0000	0.0000	0.0000	0.0000	18.4368	0.0000	82.8065	0.0000	0.0000	0.0000	18.7529	0.0000	83.1201	inf	0.0000	0.4601	2.0000	0.0000	2.0000	7.0150	0.0000	0.0000	0.0000	0.0000	0.0000	0.0000	0.0000	0.0000	0.0000	1.0000	0.0000	1.0000	0.0000	0.0000	0.0000	1.0000	0.0000	1.0000	0.0000	0.0000	0.0000	0.0000	0.0000	0.0000	0.0000	0.0000	0.0000	0.0604	0.0345	0.0260	0.0071	0.0057	0.0014	0.0533	0.0288	0.0245	0.0000	0.0000	0.0000	0.0000	0.0000	0.0000	0.0000	0.0000	0.0000	16.5466	0.0000	38.5140	0.0000	0.0000	0.0000	18.7529	0.0000	40.7809						
37	42	0.1747	6	1	1	1	0	0	0	0	0	N	N	N	N	N	N	N	N	N	N	N	N	0.0000	0.0000	0.0000	0.0000	0.0000	0.0000	0.0000	0.0000	0.0000	0.0000	0.0000	0.0000	0.0000	0.0000	0.0000	0.0000	0.0000	0.0000	0.0000	0.0000	2.0000	0.0000	2.0000	0.0000	0.0000	0.0000	0.0000	0.0000	0.0000	0.0000	0.0000	0.0000	0.0000	0.0000	0.0000	0.0000	0.0000	0.0000	0.0000	0.0000	0.0000	0.0000	0.0000	0.0000	0.0000	0.0000	0.0000	0.0000	0.0000	0.0000	0.0000	0.0000	0.0000	0.0000	0.0000	0.0000	0.0000	0.0000	0.0000	0.0000	0.0000	0.0000	0.0000	0.0000	0.0000	0.0000	0.0000	0.0000	0.0000	0.0000	0.0000	0.0000	0.0000	0.0000	0.0000	0.0000	0.0000	0.0000											
37	43	0.1579	5	1	1	1	0	0	0	0	0	N	N	N	N	N	N	N	N	N	N	N	N	0.0000	0.0000	0.0000	0.0000	0.0000	0.0000	0.0000	0.0000	0.0000	0.0000	0.0000	0.0000	0.0000	0.0000	0.0000	0.0000	0.0000	0.0000	0.0000	0.0000	2.0000	1.0000	2.0000	3.0000	0.0000	0.0000	0.0000	0.0000	0.0000	0.0000	0.0000	0.0000	0.0000	0.0000	0.0000	0.0000	0.0000	0.0000	0.0000	0.0000	0.0000	0.0000	0.0269	0.0229	0.0040	0.0018	0.0017	0.0001	0.0251	0.0212	0.0039	0.0319	0.0196	0.0123	0.0064	0.0049	0.0015	0.0254	0.0147	0.0108	0.0000	0.0000	0.0000	0.0000	0.0000	0.0000	0.0000	0.0000	0.0000	0.0000	0.0000	0.0000	0.0000	0.0000	0.0000	0.0000	0.0000	0.0000											
37	44	0.1579	5	1	1	1	0	0	0	0	0	N	N	N	N	N	N	N	N	N	N	N	N	0.0000	0.0000	0.0000	0.0000	0.0000	0.0000	0.0000	0.0000	0.0000	0.0000	0.0000	0.0000	0.0000	0.0000	0.0000	0.0000	0.0000	0.0000	0.0000	0.0000	2.0000	1.0000	2.0000	3.0000	0.0000	0.0000	0.0000	0.0000	0.0000	0.0000	0.0000	0.0000	0.0000	0.0000	0.0000	0.0000	0.0000	0.0000	0.0000	0.0000	0.0000	0.0000	0.0269	0.0229	0.0040	0.0018	0.0017	0.0001	0.0251	0.0212	0.0039	0.0319	0.0196	0.0123	0.0064	0.0049	0.0015	0.0254	0.0147	0.0108	0.0000	0.0000	0.0000	0.0000	0.0000	0.0000	0.0000	0.0000	0.0000	0.0000	0.0000	0.0000	0.0000	0.0000	0.0000	0.0000	0.0000	0.0000											
37	47	0.1307	4	0	2	0	0	0	0	0	0	N	Y	N	N	N	N	N	N	N	N	N	N	0.0000	0.0000	0.0000	0.0000	0.0000	0.0000	0.0000	0.0000	0.0000	0.0000	0.0000	0.0000	0.0000	0.0000	0.0000	0.0000	0.0000	0.0000	0.0000	0.0000	2.0000	0.0000	2.0000	0.0000	0.0000	0.0000	0.0000	0.0000	0.0000	0.0000	0.0000	0.0000	0.0000	0.0000	0.0000	0.0000	0.0000	0.0000	0.0000	0.0000	0.0000	0.0000	0.0000	0.0000	0.0000	0.0000	0.0000	0.0000	0.0000	0.0000	0.0000	0.0000	0.0000	0.0000	0.0000	0.0000	0.0000	0.0000	0.0000	0.0000	0.0000	0.0000	0.0000	0.0000	0.0000	0.0000	0.0000	0.0000	0.0000	0.0000	0.0000	0.0000	0.0000	0.0000	0.0000	0.0000	0.0000	0.0000											
37	48	0.1904	7	1	2	1	0	0	0	0	0	N	Y	N	N	N	N	N	N	N	N	N	N	0.0000	0.0000	0.0000	0.0000	0.0000	0.0000	0.0000	0.0000	0.0000	0.0000	0.0000	0.0000	0.0000	0.0000	0.0000	0.0000	0.0000	0.0000	0.0000	0.0000	2.0000	0.0000	2.0000	2.0152	0.0000	0.0000	0.0000	0.0000	0.0000	0.0000	0.0000	0.0000	0.0000	0.0000	0.0000	0.0000	0.0000	0.0000	0.0000	0.0000	0.0000	0.0000	0.0000	0.0000	0.0000	0.0000	0.0000	0.0000	0.0000	0.0000	0.0000	0.0184	0.0114	0.0070	0.0050	0.0041	0.0010	0.0134	0.0074	0.0060	0.0000	0.0000	0.0000	0.0000	0.0000	0.0000	0.0000	0.0000	0.0000	0.0000	0.0000	0.0000	0.0000	0.0000	0.0000	0.0000	0.0000	0.0000											
37	49	0.1862	6	1	1	1	0	0	0	0	0	N	N	N	N	N	N	N	N	N	N	N	N	0.0000	0.0000	0.0000	0.0000	0.0000	0.0000	0.0000	0.0000	0.0000	0.0000	0.0000	0.0000	0.0000	0.0020	0.0032	0.0000	0.0074	0.0089	0.0000	0.0000	0.0000	0.0000	0.0000	0.0000	-0.0000	2.0000	0.0003	2.0000	1.0311	0.0000	0.0000	0.0000	0.0000	0.0000	0.0000	0.0000	0.0000	0.0000	0.0000	0.0000	0.0000	0.0000	0.0000	0.0000	0.0000	0.0000	0.0000	0.0000	0.0000	0.0000	0.0000	0.0000	0.0000	0.0000	0.0000	0.0000	0.0098	0.0062	0.0036	0.0027	0.0022	0.0005	0.0071	0.0040	0.0031	0.0000	0.0000	0.0000	0.0000	0.0000	0.0000	0.0000	0.0000	0.0000	0.0020	0.0032	0.0000	0.0074	0.0089	0.0000	0.0000	0.0000	0.0000						
37	50	0.1862	6	1	2	1	0	0	0	0	0	N	Y	N	N	N	N	N	N	N	N	N	N	0.0000	0.0000	0.0000	0.0000	0.0000	0.0000	0.0000	0.0000	0.0000	0.0000	0.0000	0.0000	0.0000	0.0021	0.0033	0.0000	0.0075	0.0090	0.0000	0.0000	0.0000	0.0000	0.0000	0.0000	-0.0000	2.0000	0.0003	2.0000	1.0126	0.0000	0.0000	0.0000	0.0000	0.0000	0.0000	0.0000	0.0000	0.0000	0.0000	0.0000	0.0000	0.0000	0.0000	0.0000	0.0000	0.0000	0.0000	0.0000	0.0000	0.0000	0.0000	0.0000	0.0000	0.0000	0.0000	0.0000	0.0097	0.0061	0.0035	0.0027	0.0022	0.0005	0.0070	0.0039	0.0031	0.0000	0.0000	0.0000	0.0000	0.0000	0.0000	0.0000	0.0000	0.0000	0.0021	0.0033	0.0000	0.0075	0.0090	0.0000	0.0000	0.0000	0.0000						
37	51	0.2154	5	1	2	0	0	0	0	0	0	N	Y	N	N	N	N	N	N	N	N	N	N	0.0000	0.0000	0.0000	0.0000	0.0000	0.0000	0.0000	0.0000	0.0000	0.0000	0.0000	0.0000	0.0000	0.0000	0.0000	0.0000	0.0000	0.0000	0.0000	0.0000	2.0000	0.0000	2.0000	1.0000	0.0000	0.0000	0.0000	0.0000	0.0000	0.0000	0.0000	0.0000	0.0000	0.0000	0.0000	0.0000	0.0000	0.0000	0.0000	0.0000	0.0000	0.0000	0.0000	0.0000	0.0000	0.0000	0.0000	0.0000	0.0000	0.0000	0.0000	0.0087	0.0054	0.0033	0.0029	0.0023	0.0006	0.0058	0.0031	0.0027	0.0000	0.0000	0.0000	0.0000	0.0000	0.0000	0.0000	0.0000	0.0000	0.0000	0.0000	0.0000	0.0000	0.0000	0.0000	0.0000	0.0000	0.0000											
37	52	0.0986	4	0	2	0	1	0	0	0	0	N	Y	N	N	N	N	N	N	N	N	N	N	0.0000	0.0000	0.0000	0.0000	0.0000	0.0000	0.0000	0.0000	0.0000	0.0000	0.0000	0.0000	0.0000	0.0000	0.0000	0.0000	0.0000	0.0000	0.0000	0.0000	2.0000	0.9995	2.0000	1.0399	0.0000	0.0000	0.0000	0.0000	0.0000	0.0000	0.0000	0.0000	0.0000	0.0000	0.0000	0.0000	0.0000	0.0000	0.0000	0.0000	0.0000	0.0000	0.0272	0.0231	0.0041	0.0006	0.0006	0.0000	0.0265	0.0225	0.0041	0.0243	0.0161	0.0081	0.0060	0.0054	0.0006	0.0183	0.0107	0.0076	0.0000	0.0000	0.0000	0.0000	0.0000	0.0000	0.0000	0.0000	0.0000	0.0000	0.0000	0.0000	0.0000	0.0000	0.0000	0.0000	0.0000	0.0000											
37	53	0.0986	4	0	1	0	1	0	0	0	0	N	N	N	N	N	N	N	N	N	N	N	N	0.0000	0.0000	0.0000	0.0000	0.0000	0.0000	0.0000	0.0000	0.0000	0.0000	0.0000	0.0000	0.0000	0.0000	0.0000	0.0000	0.0000	0.0000	0.0000	0.0000	2.0000	3.0005	2.0000	1.0125	0.0000	0.0000	0.0000	0.0000	0.0000	0.0000	0.0000	0.0000	0.0000	0.0000	0.0000	0.0000	0.0000	0.0000	0.0000	0.0000	0.0000	0.0000	0.0800	0.0680	0.0120	0.0019	0.0017	0.0001	0.0781	0.0662	0.0119	0.0410	0.0257	0.0153	0.0085	0.0074	0.0011	0.0325	0.0183	0.0142	0.0000	0.0000	0.0000	0.0000	0.0000	0.0000	0.0000	0.0000	0.0000	0.0000	0.0000	0.0000	0.0000	0.0000	0.0000	0.0000	0.0000	0.0000											
37	54	0.0904	3	0	1	0	1	0	0	0	0	N	N	N	N	N	N	N	N	N	N	N	N	0.0000	0.0000	0.0000	0.0000	0.0000	0.0000	0.0000	0.0000	0.0000	0.0000	0.0000	0.0000	0.0000	0.0000	0.0000	0.0000	0.0000	0.0000	0.0000	0.0000	2.0000	0.0013	2.0000	1.9704	0.0000	0.0000	0.0000	0.0000	0.0000	0.0000	0.0000	0.0000	0.0000	0.0000	0.0000	0.0000	0.0000	0.0000	0.0000	0.0000	0.0000	0.0000	0.0000	0.0000	0.0000	0.0000	0.0000	0.0000	0.0000	0.0000	0.0000	0.0173	0.0098	0.0075	0.0021	0.0017	0.0004	0.0152	0.0082	0.0070	0.0000	0.0000	0.0000	0.0000	0.0000	0.0000	0.0000	0.0000	0.0000	0.0000	0.0000	0.0000	0.0000	0.0000	0.0000	0.0000	0.0000	0.0000											
37	55	0.0596	2	0	1	0	1	0	0	0	0	N	N	N	N	N	N	N	N	N	N	N	N	0.0000	0.0000	0.0000	0.0000	0.0000	0.0000	0.0000	0.0000	0.0000	0.0000	0.0000	0.0000	0.0000	0.0000	0.0000	0.0000	0.0000	0.0000	0.0000	0.0000	2.0000	3.0000	2.0000	4.0155	0.0000	0.0000	0.0000	0.0000	0.0000	0.0000	0.0000	0.0000	0.0000	0.0000	0.0000	0.0000	0.0000	0.0000	0.0000	0.0000	0.0000	0.0000	0.0798	0.0678	0.0120	0.0016	0.0015	0.0001	0.0782	0.0663	0.0119	0.0604	0.0345	0.0260	0.0071	0.0057	0.0014	0.0533	0.0288	0.0245	0.0000	0.0000	0.0000	0.0000	0.0000	0.0000	0.0000	0.0000	0.0000	0.0000	0.0000	0.0000	0.0000	0.0000	0.0000	0.0000	0.0000	0.0000											
37	56	0.1768	7	0	2	1	0	0	0	0	0	N	Y	N	N	N	N	N	N	N	N	N	N	0.0000	0.0000	0.0000	0.0000	0.0000	0.0000	0.0000	0.0000	0.0000	0.0000	0.0000	0.0000	0.0000	13.0851	0.0000	84.2823	0.0000	0.0000	0.0000	18.6489	0.0000	87.3256	inf	0.0000	0.4591	2.0000	2.0013	2.0000	5.6727	0.0000	0.0000	0.0000	0.0000	0.0000	0.0000	0.0000	0.0000	0.0000	0.9980	0.0000	0.9980	0.0000	0.0000	0.0000	0.9980	0.0000	0.9980	0.0536	0.0457	0.0079	0.0038	0.0036	0.0002	0.0498	0.0422	0.0077	0.0763	0.0512	0.0251	0.0228	0.0194	0.0034	0.0535	0.0318	0.0217	0.0000	0.0000	0.0000	0.0000	0.0000	0.0000	0.0000	0.0000	0.0000	13.0851	0.0000	39.7555	0.0000	0.0000	0.0000	18.6489	0.0000	45.8983						
37	57	0.1731	6	0	2	0	0	0	0	0	0	N	Y	N	N	N	N	N	N	N	N	N	N	0.0000	0.0000	0.0000	0.0000	0.0000	0.0000	0.0000	0.0000	0.0000	0.0000	0.0000	0.0000	0.0000	0.0000	0.0000	0.0000	0.0770	0.0056	0.4236	0.0109	0.0116	0.0000	0.1199	0.0000	0.4666	16.8654	0.0000	0.0009	2.0000	0.0033	2.0000	1.3874	0.0000	0.0000	0.0000	0.0000	0.0000	0.0000	0.0000	0.0000	0.0000	0.0021	0.0001	0.0020	0.0001	0.0001	0.0000	0.0020	0.0000	0.0020	0.0001	0.0001	0.0000	0.0000	0.0000	0.0000	0.0001	0.0001	0.0000	0.0278	0.0212	0.0066	0.0109	0.0103	0.0006	0.0168	0.0109	0.0059	0.0000	0.0000	0.0000	0.0000	0.0000	0.0000	0.0000	0.0000	0.0000	0.0770	0.0056	0.3082	0.0109	0.0116	0.0000	0.1199	0.0000	0.3417			
37	58	0.1579	5	1	1	1	0	0	0	0	0	N	N	N	N	N	N	N	N	N	N	N	N	0.0000	0.0000	0.0000	0.0000	0.0000	0.0000	0.0000	0.0000	0.0000	0.0000	0.0000	0.0000	0.0000	0.0000	0.0000	0.0000	0.0000	0.0000	0.0000	0.0000	2.0000	0.0000	2.0000	2.0000	0.0000	0.0000	0.0000	0.0000	0.0000	0.0000	0.0000	0.0000	0.0000	0.0000	0.0000	0.0000	0.0000	0.0000	0.0000	0.0000	0.0000	0.0000	0.0000	0.0000	0.0000	0.0000	0.0000	0.0000	0.0000	0.0000	0.0000	0.0162	0.0099	0.0062	0.0033	0.0025	0.0008	0.0129	0.0074	0.0055	0.0000	0.0000	0.0000	0.0000	0.0000	0.0000	0.0000	0.0000	0.0000	0.0000	0.0000	0.0000	0.0000	0.0000	0.0000	0.0000	0.0000	0.0000											
37	59	0.1731	6	0	2	0	0	0	0	0	0	N	Y	N	N	N	N	N	N	N	N	N	N	0.0000	0.0000	0.0000	0.0000	0.0000	0.0000	0.0000	0.0000	0.0000	0.0000	0.0000	0.0000	0.0000	0.0020	0.0030	0.0000	0.0067	0.0077	0.0000	0.0000	0.0000	0.0000	0.0000	0.0000	-0.0001	2.0000	1.9997	2.0000	3.4660	0.0000	0.0000	0.0000	0.0000	0.0000	0.0000	0.0000	0.0000	0.0000	0.0001	0.0001	0.0000	0.0001	0.0001	0.0000	0.0000	0.0000	0.0000	0.0533	0.0455	0.0078	0.0037	0.0035	0.0002	0.0497	0.0421	0.0076	0.0586	0.0401	0.0185	0.0180	0.0155	0.0024	0.0406	0.0245	0.0161	0.0000	0.0000	0.0000	0.0000	0.0000	0.0000	0.0000	0.0000	0.0000	0.0020	0.0030	0.0000	0.0067	0.0077	0.0000	0.0000	0.0000	0.0000						
37	60	0.1579	5	0	2	0	0	0	0	0	0	N	Y	N	N	N	N	N	N	N	N	N	N	0.0000	0.0000	0.0000	0.0000	0.0000	0.0000	0.0000	0.0000	0.0000	0.0000	0.0000	0.0000	0.0000	0.0042	0.0000	0.0108	0.0000	0.0000	0.0000	0.0052	0.0000	0.0123	inf	0.0000	0.0001	2.0000	0.0005	2.0000	3.6054	0.0000	0.0000	0.0000	0.0000	0.0000	0.0000	0.0000	0.0000	0.0000	0.0001	0.0000	0.0001	0.0000	0.0000	0.0000	0.0001	0.0000	0.0001	0.0000	0.0000	0.0000	0.0000	0.0000	0.0000	0.0000	0.0000	0.0000	0.0288	0.0177	0.0111	0.0058	0.0044	0.0014	0.0230	0.0132	0.0098	0.0000	0.0000	0.0000	0.0000	0.0000	0.0000	0.0000	0.0000	0.0000	0.0042	0.0000	0.0108	0.0000	0.0000	0.0000	0.0052	0.0000	0.0123						
37	61	0.1307	4	0	1	1	0	0	0	0	0	N	N	N	N	N	N	N	N	N	N	N	N	0.0000	0.0000	0.0000	0.0000	0.0000	0.0000	0.0000	0.0000	0.0000	0.0000	0.0000	0.0000	0.0000	0.0000	0.0000	0.0000	0.0000	0.0000	0.0000	0.0000	2.0000	0.0000	2.0000	1.0000	0.0000	0.0000	0.0000	0.0000	0.0000	0.0000	0.0000	0.0000	0.0000	0.0000	0.0000	0.0000	0.0000	0.0000	0.0000	0.0000	0.0000	0.0000	0.0000	0.0000	0.0000	0.0000	0.0000	0.0000	0.0000	0.0000	0.0000	0.0085	0.0050	0.0035	0.0016	0.0012	0.0004	0.0069	0.0038	0.0031	0.0000	0.0000	0.0000	0.0000	0.0000	0.0000	0.0000	0.0000	0.0000	0.0000	0.0000	0.0000	0.0000	0.0000	0.0000	0.0000	0.0000	0.0000											
37	62	0.1264	3	0	1	0	0	0	0	0	0	N	N	N	N	N	N	N	N	N	N	N	N	0.0000	0.0000	0.0000	0.0000	0.0000	0.0000	0.0000	0.0000	0.0000	0.0000	0.0000	0.0000	0.0000	0.0000	0.0000	0.0000	0.0000	0.0000	0.0000	0.0000	2.0000	0.0001	2.0000	1.0076	0.0000	0.0000	0.0000	0.0000	0.0000	0.0000	0.0000	0.0000	0.0000	0.0000	0.0000	0.0000	0.0000	0.0000	0.0000	0.0000	0.0000	0.0000	0.0000	0.0000	0.0000	0.0000	0.0000	0.0000	0.0000	0.0000	0.0000	0.0108	0.0069	0.0039	0.0027	0.0023	0.0004	0.0081	0.0046	0.0035	0.0000	0.0000	0.0000	0.0000	0.0000	0.0000	0.0000	0.0000	0.0000	0.0000	0.0000	0.0000	0.0000	0.0000	0.0000	0.0000	0.0000	0.0000											
37	63	0.0596	2	0	1	0	0	0	0	0	0	N	N	N	N	N	N	N	N	N	N	N	N	0.0000	0.0000	0.0000	0.0000	0.0000	0.0000	0.0000	0.0000	0.0000	0.0000	0.0000	0.0000	0.0000	0.0000	0.0000	0.0000	0.0000	0.0000	0.0000	0.0000	2.0000	11.9999	2.0000	3.0574	0.0000	0.0000	0.0000	0.0000	0.0000	0.0000	0.0000	0.0000	0.0000	0.0000	0.0000	0.0000	0.0000	0.0000	0.0000	0.0000	0.0000	0.0000	0.2939	0.2511	0.0428	0.0061	0.0057	0.0004	0.2877	0.2454	0.0424	0.1204	0.0686	0.0518	0.0134	0.0105	0.0029	0.1070	0.0580	0.0489	0.0000	0.0000	0.0000	0.0000	0.0000	0.0000	0.0000	0.0000	0.0000	0.0000	0.0000	0.0000	0.0000	0.0000	0.0000	0.0000	0.0000	0.0000											
37	64	0.1579	5	1	2	0	0	0	0	0	0	N	Y	N	N	N	N	N	N	N	N	N	N	0.0000	0.0000	0.0000	0.0000	0.0000	0.0000	0.0000	0.0000	0.0000	0.0000	0.0000	0.0000	0.0000	0.0000	0.0000	0.0000	0.0000	0.0000	0.0000	0.0000	2.0000	4.0000	2.0000	3.0000	0.0000	0.0000	0.0000	0.0000	0.0000	0.0000	0.0000	0.0000	0.0000	0.0000	0.0000	0.0000	0.0000	0.0000	0.0000	0.0000	0.0000	0.0000	0.1047	0.0894	0.0153	0.0072	0.0067	0.0004	0.0975	0.0826	0.0149	0.0545	0.0335	0.0210	0.0110	0.0084	0.0026	0.0436	0.0251	0.0185	0.0000	0.0000	0.0000	0.0000	0.0000	0.0000	0.0000	0.0000	0.0000	0.0000	0.0000	0.0000	0.0000	0.0000	0.0000	0.0000	0.0000	0.0000											
37	65	0.1161	4	0	1	0	0	0	0	0	0	N	N	N	N	N	N	N	N	N	N	N	N	0.0000	0.0000	0.0000	0.0000	0.0000	0.0000	0.0000	0.0000	0.0000	0.0000	0.0000	0.0000	0.0000	0.0000	0.0000	0.0000	0.0000	0.0000	0.0000	0.0000	2.0000	2.0015	2.0000	10.0016	0.0000	0.0000	0.0000	0.0000	0.0000	0.0000	0.0000	0.0000	0.0000	0.0000	0.0000	0.0000	0.0000	0.0000	0.0000	0.0000	0.0000	0.0000	0.0541	0.0460	0.0081	0.0017	0.0015	0.0001	0.0525	0.0445	0.0080	0.0937	0.0545	0.0392	0.0155	0.0118	0.0037	0.0782	0.0427	0.0354	0.0000	0.0000	0.0000	0.0000	0.0000	0.0000	0.0000	0.0000	0.0000	0.0000	0.0000	0.0000	0.0000	0.0000	0.0000	0.0000	0.0000	0.0000											
37	67	0.2709	6	0	1	0	0	0	0	0	0	N	N	N	N	N	N	N	N	N	N	N	N	0.0000	0.0000	0.0000	0.0000	0.0000	0.0000	0.0000	0.0000	0.0000	0.0000	0.0000	0.0000	0.0000	0.0043	0.0063	0.0000	0.0103	0.0121	0.0000	0.0000	0.0000	0.0000	0.0000	0.0000	-0.0006	2.0000	4.8614	2.0000	14.2102	0.0000	0.0000	0.0000	0.0000	0.0000	0.0000	0.0000	0.0000	0.0000	0.0011	0.0011	0.0000	0.0011	0.0011	0.0000	0.0000	0.0000	0.0000	0.1482	0.1283	0.0199	0.0189	0.0183	0.0006	0.1292	0.1100	0.0192	0.2510	0.1721	0.0789	0.1062	0.0898	0.0164	0.1448	0.0824	0.0625	0.0000	0.0000	0.0000	0.0000	0.0000	0.0000	0.0000	0.0000	0.0000	0.0043	0.0063	0.0000	0.0103	0.0121	0.0000	0.0000	0.0000	0.0000						
37	68	0.1918	8	1	2	1	0	0	0	0	0	N	Y	N	N	N	N	N	N	N	N	N	N	0.0000	0.0000	0.0000	0.0000	0.0000	0.0000	0.0000	0.0000	0.0000	0.0000	0.0000	0.0000	0.0000	0.0000	0.0000	0.0000	0.0000	0.0000	0.0000	0.0000	2.0000	0.0000	2.0000	0.0000	0.0000	0.0000	0.0000	0.0000	0.0000	0.0000	0.0000	0.0000	0.0000	0.0000	0.0000	0.0000	0.0000	0.0000	0.0000	0.0000	0.0000	0.0000	0.0000	0.0000	0.0000	0.0000	0.0000	0.0000	0.0000	0.0000	0.0000	0.0000	0.0000	0.0000	0.0000	0.0000	0.0000	0.0000	0.0000	0.0000	0.0000	0.0000	0.0000	0.0000	0.0000	0.0000	0.0000	0.0000	0.0000	0.0000	0.0000	0.0000	0.0000	0.0000	0.0000	0.0000	0.0000	0.0000											
37	69	0.1877	7	1	1	1	0	0	0	0	0	N	N	N	N	N	N	N	N	N	N	N	N	0.0000	0.0000	0.0000	0.0000	0.0000	0.0000	0.0000	0.0000	0.0000	0.0000	0.0000	0.0000	0.0000	0.0000	0.0000	0.0000	0.0000	0.0000	0.0000	0.0000	2.0000	0.0016	2.0000	0.9826	0.0000	0.0000	0.0000	0.0000	0.0000	0.0000	0.0000	0.0000	0.0000	0.0000	0.0000	0.0000	0.0000	0.0000	0.0000	0.0000	0.0000	0.0000	0.0002	0.0001	0.0000	0.0001	0.0001	0.0000	0.0001	0.0001	0.0000	0.0092	0.0058	0.0035	0.0028	0.0023	0.0005	0.0064	0.0034	0.0030	0.0000	0.0000	0.0000	0.0000	0.0000	0.0000	0.0000	0.0000	0.0000	0.0000	0.0000	0.0000	0.0000	0.0000	0.0000	0.0000	0.0000	0.0000											
37	70	0.1749	6	1	1	1	0	0	0	0	0	N	N	N	N	N	N	N	N	N	N	N	N	0.0000	0.0000	0.0000	0.0000	0.0000	0.0000	0.0000	0.0000	0.0000	0.0000	0.0000	0.0000	0.0000	0.0000	0.0000	0.0000	0.0000	0.0000	0.0000	0.0000	2.0000	0.0061	2.0000	3.0249	0.0000	0.0000	0.0000	0.0000	0.0000	0.0000	0.0000	0.0000	0.0000	0.0000	0.0000	0.0000	0.0000	0.0000	0.0000	0.0000	0.0000	0.0000	0.0004	0.0004	0.0000	0.0001	0.0001	0.0000	0.0003	0.0002	0.0000	0.0271	0.0172	0.0099	0.0074	0.0060	0.0013	0.0197	0.0111	0.0086	0.0000	0.0000	0.0000	0.0000	0.0000	0.0000	0.0000	0.0000	0.0000	0.0000	0.0000	0.0000	0.0000	0.0000	0.0000	0.0000	0.0000	0.0000											
37	71	0.1579	5	1	1	1	0	0	0	0	0	N	N	N	N	N	N	N	N	N	N	N	N	0.0000	0.0000	0.0000	0.0000	0.0000	0.0000	0.0000	0.0000	0.0000	0.0000	0.0000	0.0000	0.0000	0.0000	0.0000	0.0000	0.0000	0.0000	0.0000	0.0000	2.0000	0.0044	2.0000	4.0281	0.0000	0.0000	0.0000	0.0000	0.0000	0.0000	0.0000	0.0000	0.0000	0.0000	0.0000	0.0000	0.0000	0.0000	0.0000	0.0000	0.0000	0.0000	0.0001	0.0001	0.0000	0.0000	0.0000	0.0000	0.0001	0.0001	0.0000	0.0321	0.0197	0.0124	0.0065	0.0049	0.0015	0.0256	0.0148	0.0109	0.0000	0.0000	0.0000	0.0000	0.0000	0.0000	0.0000	0.0000	0.0000	0.0000	0.0000	0.0000	0.0000	0.0000	0.0000	0.0000	0.0000	0.0000											
37	72	0.1161	4	0	2	0	0	0	0	0	0	N	Y	N	N	N	N	N	N	N	N	N	N	0.0000	0.0000	0.0000	0.0000	0.0000	0.0000	0.0000	0.0000	0.0000	0.0000	0.0000	0.0000	0.0000	0.0000	0.0000	0.0000	0.0000	0.0000	0.0000	0.0000	2.0000	5.9987	2.0000	11.0016	0.0000	0.0000	0.0000	0.0000	0.0000	0.0000	0.0000	0.0000	0.0000	0.0000	0.0000	0.0000	0.0000	0.0000	0.0000	0.0000	0.0000	0.0000	0.1560	0.1329	0.0231	0.0047	0.0044	0.0003	0.1513	0.1285	0.0228	0.1276	0.0743	0.0533	0.0210	0.0159	0.0051	0.1066	0.0584	0.0482	0.0000	0.0000	0.0000	0.0000	0.0000	0.0000	0.0000	0.0000	0.0000	0.0000	0.0000	0.0000	0.0000	0.0000	0.0000	0.0000	0.0000	0.0000											
37	73	0.1579	5	1	1	1	0	0	0	0	0	N	N	N	N	N	N	N	N	N	N	N	N	0.0000	0.0000	0.0000	0.0000	0.0000	0.0000	0.0000	0.0000	0.0000	0.0000	0.0000	0.0000	0.0000	0.0000	0.0000	0.0000	0.0000	0.0000	0.0000	0.0000	2.0000	2.0000	2.0000	5.0000	0.0000	0.0000	0.0000	0.0000	0.0000	0.0000	0.0000	0.0000	0.0000	0.0000	0.0000	0.0000	0.0000	0.0000	0.0000	0.0000	0.0000	0.0000	0.0533	0.0455	0.0078	0.0036	0.0034	0.0002	0.0497	0.0420	0.0076	0.0545	0.0335	0.0210	0.0110	0.0084	0.0026	0.0436	0.0251	0.0185	0.0000	0.0000	0.0000	0.0000	0.0000	0.0000	0.0000	0.0000	0.0000	0.0000	0.0000	0.0000	0.0000	0.0000	0.0000	0.0000	0.0000	0.0000											
37	74	0.1579	6	0	2	0	0	0	0	0	0	N	Y	N	N	N	N	N	N	N	N	N	N	0.0000	0.0000	0.0000	0.0000	0.0000	0.0000	0.0000	0.0000	0.0000	0.0000	0.0000	0.0000	0.0000	0.0001	0.0001	0.0000	0.0004	0.0005	0.0000	0.0000	0.0000	0.0000	0.0000	0.0000	-0.0000	2.0000	6.1274	2.0000	13.6208	0.0000	0.0000	0.0000	0.0000	0.0000	0.0000	0.0000	0.0000	0.0000	0.0000	0.0000	0.0000	0.0000	0.0000	0.0000	0.0000	0.0000	0.0000	0.1647	0.1406	0.0241	0.0080	0.0076	0.0004	0.1567	0.1329	0.0238	0.1585	0.0954	0.0631	0.0253	0.0209	0.0045	0.1331	0.0745	0.0586	0.0000	0.0000	0.0000	0.0000	0.0000	0.0000	0.0000	0.0000	0.0000	0.0001	0.0001	0.0000	0.0004	0.0005	0.0000	0.0000	0.0000	0.0000						
37	75	0.1824	9	0	1	1	0	0	0	0	0	N	N	N	N	N	N	N	N	N	N	N	N	0.0000	0.0000	0.0000	0.0000	0.0000	0.0000	0.0000	0.0000	0.0000	0.0000	0.0000	0.0000	0.0000	0.0000	0.0000	0.0000	0.0000	0.0000	0.0000	0.0000	2.0000	0.0000	2.0000	1.0003	0.0000	0.0000	0.0000	0.0000	0.0000	0.0000	0.0000	0.0000	0.0000	0.0000	0.0000	0.0000	0.0000	0.0000	0.0000	0.0000	0.0000	0.0000	0.0000	0.0000	0.0000	0.0000	0.0000	0.0000	0.0000	0.0000	0.0000	0.0086	0.0052	0.0034	0.0014	0.0011	0.0003	0.0072	0.0041	0.0031	0.0000	0.0000	0.0000	0.0000	0.0000	0.0000	0.0000	0.0000	0.0000	0.0000	0.0000	0.0000	0.0000	0.0000	0.0000	0.0000	0.0000	0.0000											
37	76	0.1783	8	0	1	1	0	0	0	0	0	N	N	N	N	N	N	N	N	N	N	N	N	0.0000	0.0000	0.0000	0.0000	0.0000	0.0000	0.0000	0.0000	0.0000	0.0000	0.0000	0.0000	0.0000	0.0000	0.0000	0.0000	0.0000	0.0000	0.0000	0.0000	2.0000	0.0000	2.0000	1.0076	0.0000	0.0000	0.0000	0.0000	0.0000	0.0000	0.0000	0.0000	0.0000	0.0000	0.0000	0.0000	0.0000	0.0000	0.0000	0.0000	0.0000	0.0000	0.0000	0.0000	0.0000	0.0000	0.0000	0.0000	0.0000	0.0000	0.0000	0.0085	0.0052	0.0034	0.0013	0.0010	0.0003	0.0073	0.0042	0.0031	0.0000	0.0000	0.0000	0.0000	0.0000	0.0000	0.0000	0.0000	0.0000	0.0000	0.0000	0.0000	0.0000	0.0000	0.0000	0.0000	0.0000	0.0000											
37	77	0.1742	7	0	1	0	0	0	0	0	0	N	N	N	N	N	N	N	N	N	N	N	N	0.0000	0.0000	0.0000	0.0000	0.0000	0.0000	0.0000	0.0000	0.0000	0.0000	0.0000	0.0000	0.0000	0.0000	0.0000	0.0000	0.0000	0.0000	0.0000	0.0000	2.0000	0.0026	2.0000	0.9924	0.0000	0.0000	0.0000	0.0000	0.0000	0.0000	0.0000	0.0000	0.0000	0.0000	0.0000	0.0000	0.0000	0.0000	0.0000	0.0000	0.0000	0.0000	0.0002	0.0002	0.0000	0.0001	0.0001	0.0000	0.0001	0.0001	0.0000	0.0084	0.0051	0.0033	0.0013	0.0010	0.0003	0.0072	0.0041	0.0031	0.0000	0.0000	0.0000	0.0000	0.0000	0.0000	0.0000	0.0000	0.0000	0.0000	0.0000	0.0000	0.0000	0.0000	0.0000	0.0000	0.0000	0.0000											
37	78	0.1579	6	0	1	0	0	0	0	0	0	N	N	N	N	N	N	N	N	N	N	N	N	0.0000	0.0000	0.0000	0.0000	0.0000	0.0000	0.0000	0.0000	0.0000	0.0000	0.0000	0.0000	0.0000	0.0002	0.0003	0.0000	0.0009	0.0011	0.0000	0.0000	0.0000	0.0000	0.0000	0.0000	-0.0000	2.0000	2.8733	2.0000	1.5522	0.0000	0.0000	0.0000	0.0000	0.0000	0.0000	0.0000	0.0000	0.0000	0.0000	0.0000	0.0000	0.0000	0.0000	0.0000	0.0000	0.0000	0.0000	0.0831	0.0709	0.0122	0.0056	0.0054	0.0002	0.0775	0.0655	0.0120	0.0483	0.0309	0.0174	0.0106	0.0095	0.0011	0.0376	0.0214	0.0162	0.0000	0.0000	0.0000	0.0000	0.0000	0.0000	0.0000	0.0000	0.0000	0.0002	0.0003	0.0000	0.0009	0.0011	0.0000	0.0000	0.0000	0.0000						
37	79	0.1457	5	0	1	0	0	0	0	0	0	N	N	N	N	N	N	N	N	N	N	N	N	0.0000	0.0000	0.0000	0.0000	0.0000	0.0000	0.0000	0.0000	0.0000	0.0000	0.0000	0.0000	0.0000	0.0000	0.0000	0.0000	0.0005	0.0005	0.0006	0.0011	0.0011	0.0000	0.0003	0.0000	0.0006	0.5000	0.0000	-0.0000	2.0000	0.2102	2.0000	3.4985	0.0000	0.0000	0.0000	0.0000	0.0000	0.0000	0.0000	0.0000	0.0000	0.0000	0.0000	0.0000	0.0000	0.0000	0.0000	0.0000	0.0000	0.0000	0.0095	0.0082	0.0013	0.0020	0.0020	0.0000	0.0075	0.0062	0.0013	0.0580	0.0406	0.0174	0.0188	0.0174	0.0014	0.0392	0.0232	0.0160	0.0000	0.0000	0.0000	0.0000	0.0000	0.0000	0.0000	0.0000	0.0000	0.0005	0.0005	0.0006	0.0011	0.0011	0.0000	0.0003	0.0000	0.0006			
37	80	0.0893	5	0	2	0	0	0	0	0	0	N	Y	N	N	N	N	N	N	N	N	N	N	0.0000	0.0000	0.0000	0.0000	0.0000	0.0000	0.0000	0.0000	0.0000	0.0000	0.0000	0.0000	0.0000	0.0001	0.0002	0.0000	0.0009	0.0011	0.0000	0.0000	0.0000	0.0000	0.0000	0.0000	-0.0000	2.0000	2.0196	2.0000	6.0690	0.0000	0.0000	0.0000	0.0000	0.0000	0.0000	0.0000	0.0000	0.0000	0.0000	0.0000	0.0000	0.0000	0.0000	0.0000	0.0000	0.0000	0.0000	0.0550	0.0468	0.0082	0.0018	0.0017	0.0001	0.0532	0.0451	0.0081	0.0709	0.0419	0.0290	0.0109	0.0091	0.0018	0.0600	0.0328	0.0272	0.0000	0.0000	0.0000	0.0000	0.0000	0.0000	0.0000	0.0000	0.0000	0.0001	0.0002	0.0000	0.0009	0.0011	0.0000	0.0000	0.0000	0.0000						
37	81	0.0811	4	0	1	0	0	0	0	0	0	N	N	N	N	N	N	N	N	N	N	N	N	0.0000	0.0000	0.0000	0.0000	0.0000	0.0000	0.0000	0.0000	0.0000	0.0000	0.0000	0.0000	0.0000	0.0000	0.0000	0.0000	0.0039	0.0058	0.0013	0.0251	0.0306	0.0000	0.0007	0.0000	0.0014	0.1667	0.0000	-0.0000	2.0000	0.9876	2.0000	0.9833	0.0000	0.0000	0.0000	0.0000	0.0000	0.0000	0.0000	0.0000	0.0000	0.0001	0.0001	0.0000	0.0001	0.0001	0.0000	0.0000	0.0000	0.0000	0.0267	0.0227	0.0041	0.0005	0.0005	0.0000	0.0262	0.0222	0.0040	0.0178	0.0103	0.0075	0.0024	0.0020	0.0004	0.0154	0.0083	0.0070	0.0000	0.0000	0.0000	0.0000	0.0000	0.0000	0.0000	0.0000	0.0000	0.0039	0.0058	0.0013	0.0251	0.0306	0.0000	0.0007	0.0000	0.0014			
37	82	0.1862	6	1	1	1	0	0	0	0	0	N	N	N	N	N	N	N	N	N	N	N	N	0.0000	0.0000	0.0000	0.0000	0.0000	0.0000	0.0000	0.0000	0.0000	0.0000	0.0000	0.0000	0.0000	34.4138	0.0000	143.1732	0.0000	0.0000	0.0000	39.5674	0.0000	162.3008	inf	0.0000	0.4600	2.0000	1.0000	2.0000	2.9874	0.0000	0.0000	0.0000	0.0000	0.0000	0.0000	0.0000	0.0000	0.0000	1.0000	0.0000	1.0000	0.0000	0.0000	0.0000	1.0000	0.0000	1.0000	0.0271	0.0230	0.0041	0.0007	0.0007	0.0001	0.0264	0.0224	0.0041	0.0340	0.0208	0.0132	0.0087	0.0070	0.0018	0.0253	0.0138	0.0114	0.0000	0.0000	0.0000	0.0000	0.0000	0.0000	0.0000	0.0000	0.0000	29.3918	0.0000	75.6222	0.0000	0.0000	0.0000	39.5674	0.0000	87.4702						
37	83	0.1579	5	1	1	1	0	0	0	0	0	N	N	N	N	N	N	N	N	N	N	N	N	0.0000	0.0000	0.0000	0.0000	0.0000	0.0000	0.0000	0.0000	0.0000	0.0000	0.0000	0.0000	0.0000	0.0004	0.0000	0.0009	0.0000	0.0000	0.0000	0.0005	0.0000	0.0011	inf	0.0000	0.0000	2.0000	0.9997	2.0000	6.0128	0.0000	0.0000	0.0000	0.0000	0.0000	0.0000	0.0000	0.0000	0.0000	0.0000	0.0000	0.0000	0.0000	0.0000	0.0000	0.0000	0.0000	0.0000	0.0269	0.0229	0.0040	0.0018	0.0017	0.0001	0.0251	0.0212	0.0039	0.0546	0.0335	0.0211	0.0110	0.0084	0.0026	0.0436	0.0251	0.0185	0.0000	0.0000	0.0000	0.0000	0.0000	0.0000	0.0000	0.0000	0.0000	0.0004	0.0000	0.0009	0.0000	0.0000	0.0000	0.0005	0.0000	0.0011						
37	84	0.1161	4	0	2	0	1	0	0	0	0	N	Y	N	N	N	N	N	N	N	N	N	N	0.0000	0.0000	0.0000	0.0000	0.0000	0.0000	0.0000	0.0000	0.0000	0.0000	0.0000	0.0000	0.0000	0.0000	0.0000	0.0000	0.0000	0.0000	0.0000	0.0000	2.0000	8.0013	2.0000	12.0015	0.0000	0.0000	0.0000	0.0000	0.0000	0.0000	0.0000	0.0000	0.0000	0.0000	0.0000	0.0000	0.0000	0.0000	0.0000	0.0000	0.0000	0.0000	0.2042	0.1741	0.0301	0.0062	0.0058	0.0005	0.1980	0.1684	0.0296	0.1467	0.0855	0.0612	0.0241	0.0182	0.0059	0.1226	0.0673	0.0553	0.0000	0.0000	0.0000	0.0000	0.0000	0.0000	0.0000	0.0000	0.0000	0.0000	0.0000	0.0000	0.0000	0.0000	0.0000	0.0000	0.0000	0.0000											
37	85	0.0596	2	0	2	0	0	0	0	0	0	N	Y	N	N	N	N	N	N	N	N	N	N	0.0000	0.0000	0.0000	0.0000	0.0000	0.0000	0.0000	0.0000	0.0000	0.0000	0.0000	0.0000	0.0000	0.0000	0.0000	0.0000	0.0000	0.0000	0.0000	0.0000	2.0000	1.0000	2.0000	6.9850	0.0000	0.0000	0.0000	0.0000	0.0000	0.0000	0.0000	0.0000	0.0000	0.0000	0.0000	0.0000	0.0000	0.0000	0.0000	0.0000	0.0000	0.0000	0.0271	0.0230	0.0041	0.0005	0.0005	0.0000	0.0266	0.0225	0.0041	0.0681	0.0388	0.0293	0.0079	0.0063	0.0016	0.0602	0.0325	0.0276	0.0000	0.0000	0.0000	0.0000	0.0000	0.0000	0.0000	0.0000	0.0000	0.0000	0.0000	0.0000	0.0000	0.0000	0.0000	0.0000	0.0000	0.0000											
37	87	0.1579	5	0	2	0	0	0	0	0	0	N	Y	N	N	N	N	N	N	N	N	N	N	0.0000	0.0000	0.0000	0.0000	0.0000	0.0000	0.0000	0.0000	0.0000	0.0000	0.0000	0.0000	0.0000	0.0000	0.0000	0.0000	0.0000	0.0000	0.0000	0.0000	2.0000	4.0000	2.0000	7.0000	0.0000	0.0000	0.0000	0.0000	0.0000	0.0000	0.0000	0.0000	0.0000	0.0000	0.0000	0.0000	0.0000	0.0000	0.0000	0.0000	0.0000	0.0000	0.1047	0.0894	0.0153	0.0072	0.0067	0.0004	0.0975	0.0826	0.0149	0.0831	0.0510	0.0321	0.0167	0.0127	0.0040	0.0665	0.0383	0.0282	0.0000	0.0000	0.0000	0.0000	0.0000	0.0000	0.0000	0.0000	0.0000	0.0000	0.0000	0.0000	0.0000	0.0000	0.0000	0.0000	0.0000	0.0000											
37	88	0.1161	4	0	1	0	0	0	0	0	0	N	N	N	N	N	N	N	N	N	N	N	N	0.0000	0.0000	0.0000	0.0000	0.0000	0.0000	0.0000	0.0000	0.0000	0.0000	0.0000	0.0000	0.0000	0.0000	0.0000	0.0000	0.0000	0.0000	0.0000	0.0000	2.0000	2.9985	2.0000	7.0016	0.0000	0.0000	0.0000	0.0000	0.0000	0.0000	0.0000	0.0000	0.0000	0.0000	0.0000	0.0000	0.0000	0.0000	0.0000	0.0000	0.0000	0.0000	0.0803	0.0682	0.0120	0.0024	0.0023	0.0002	0.0778	0.0660	0.0119	0.0793	0.0461	0.0332	0.0132	0.0100	0.0032	0.0661	0.0361	0.0300	0.0000	0.0000	0.0000	0.0000	0.0000	0.0000	0.0000	0.0000	0.0000	0.0000	0.0000	0.0000	0.0000	0.0000	0.0000	0.0000	0.0000	0.0000											
37	89	0.0896	5	0	2	0	0	0	0	0	0	N	Y	N	N	N	N	N	N	N	N	N	N	0.0000	0.0000	0.0000	0.0000	0.0000	0.0000	0.0000	0.0000	0.0000	0.0000	0.0000	0.0000	0.0000	0.1244	0.3521	0.0000	7.6719	10.9657	0.0000	0.0000	0.0000	0.0000	0.0000	0.0000	-0.0052	2.0000	0.0157	2.0000	9.0253	0.0000	0.0000	0.0000	0.0000	0.0000	0.0000	0.0000	0.0000	0.0000	0.0097	0.0097	0.0000	0.0097	0.0097	0.0000	0.0000	0.0000	0.0000	0.0015	0.0013	0.0002	0.0005	0.0005	0.0000	0.0010	0.0008	0.0002	0.0782	0.0455	0.0326	0.0126	0.0101	0.0025	0.0655	0.0354	0.0301	0.0000	0.0000	0.0000	0.0000	0.0000	0.0000	0.0000	0.0000	0.0000	0.1244	0.2135	0.0000	0.7687	0.9594	0.0000	0.0000	0.0000	0.0000						
37	90	0.0811	4	0	2	0	0	0	0	0	0	N	Y	N	N	N	N	N	N	N	N	N	N	0.0000	0.0000	0.0000	0.0000	0.0000	0.0000	0.0000	0.0000	0.0000	0.0000	0.0000	0.0000	0.0000	0.0000	0.0000	0.0000	0.9158	0.0056	1.7449	0.0244	0.0297	0.0000	0.6179	0.0000	1.7863	163.5819	0.0000	0.0044	2.0000	0.0169	2.0000	2.0013	0.0000	0.0000	0.0000	0.0000	0.0000	0.0000	0.0000	0.0000	0.0000	0.0098	0.0001	0.0097	0.0001	0.0001	0.0000	0.0097	0.0000	0.0097	0.0005	0.0004	0.0001	0.0000	0.0000	0.0000	0.0005	0.0004	0.0001	0.0182	0.0105	0.0076	0.0024	0.0020	0.0004	0.0157	0.0085	0.0072	0.0000	0.0000	0.0000	0.0000	0.0000	0.0000	0.0000	0.0000	0.0000	0.5382	0.0056	1.2725	0.0244	0.0297	0.0000	0.6179	0.0000	1.3497			
37	91	0.0723	3	0	1	0	0	0	0	0	0	N	N	N	N	N	N	N	N	N	N	N	N	0.0000	0.0000	0.0000	0.0000	0.0000	0.0000	0.0000	0.0000	0.0000	0.0000	0.0000	0.0000	0.0000	0.0033	0.0000	0.0076	0.0000	0.0000	0.0000	0.0037	0.0000	0.0081	inf	0.0000	0.0000	2.0000	1.9923	2.0000	0.0454	0.0000	0.0000	0.0000	0.0000	0.0000	0.0000	0.0000	0.0000	0.0000	0.0001	0.0000	0.0001	0.0000	0.0000	0.0000	0.0001	0.0000	0.0001	0.0537	0.0456	0.0081	0.0013	0.0012	0.0001	0.0524	0.0444	0.0080	0.0183	0.0104	0.0079	0.0023	0.0019	0.0004	0.0160	0.0086	0.0074	0.0000	0.0000	0.0000	0.0000	0.0000	0.0000	0.0000	0.0000	0.0000	0.0033	0.0000	0.0076	0.0000	0.0000	0.0000	0.0037	0.0000	0.0081						
37	93	0.2128	9	1	2	0	1	0	0	0	0	N	Y	N	N	N	N	N	N	N	N	N	N	0.0000	0.0000	0.0000	0.0000	0.0000	0.0000	0.0000	0.0000	0.0000	0.0000	0.0000	0.0000	0.0000	0.0000	0.0000	0.0000	0.0000	0.0000	0.0000	0.0000	2.0000	0.0000	2.0000	0.0000	0.0000	0.0000	0.0000	0.0000	0.0000	0.0000	0.0000	0.0000	0.0000	0.0000	0.0000	0.0000	0.0000	0.0000	0.0000	0.0000	0.0000	0.0000	0.0000	0.0000	0.0000	0.0000	0.0000	0.0000	0.0000	0.0000	0.0000	0.0000	0.0000	0.0000	0.0000	0.0000	0.0000	0.0000	0.0000	0.0000	0.0000	0.0000	0.0000	0.0000	0.0000	0.0000	0.0000	0.0000	0.0000	0.0000	0.0000	0.0000	0.0000	0.0000	0.0000	0.0000	0.0000	0.0000											
37	94	0.2128	8	1	2	0	1	0	0	0	0	N	Y	N	N	N	N	N	N	N	N	N	N	0.0000	0.0000	0.0000	0.0000	0.0000	0.0000	0.0000	0.0000	0.0000	0.0000	0.0000	0.0000	0.0000	0.0000	0.0000	0.0000	0.0000	0.0000	0.0000	0.0000	2.0000	0.0000	2.0000	0.0001	0.0000	0.0000	0.0000	0.0000	0.0000	0.0000	0.0000	0.0000	0.0000	0.0000	0.0000	0.0000	0.0000	0.0000	0.0000	0.0000	0.0000	0.0000	0.0000	0.0000	0.0000	0.0000	0.0000	0.0000	0.0000	0.0000	0.0000	0.0000	0.0000	0.0000	0.0000	0.0000	0.0000	0.0000	0.0000	0.0000	0.0000	0.0000	0.0000	0.0000	0.0000	0.0000	0.0000	0.0000	0.0000	0.0000	0.0000	0.0000	0.0000	0.0000	0.0000	0.0000	0.0000	0.0000											
37	95	0.1948	7	0	2	0	1	0	0	0	0	N	Y	N	N	N	N	N	N	N	N	N	N	0.0000	0.0000	0.0000	0.0000	0.0000	0.0000	0.0000	0.0000	0.0000	0.0000	0.0000	0.0000	0.0000	0.0000	0.0000	0.0000	0.0000	0.0000	0.0000	0.0000	2.0000	0.9845	2.0000	0.9903	0.0000	0.0000	0.0000	0.0000	0.0000	0.0000	0.0000	0.0000	0.0000	0.0000	0.0000	0.0000	0.0000	0.0000	0.0000	0.0000	0.0000	0.0000	0.0285	0.0243	0.0042	0.0021	0.0020	0.0001	0.0264	0.0223	0.0041	0.0179	0.0110	0.0069	0.0044	0.0036	0.0008	0.0135	0.0074	0.0061	0.0000	0.0000	0.0000	0.0000	0.0000	0.0000	0.0000	0.0000	0.0000	0.0000	0.0000	0.0000	0.0000	0.0000	0.0000	0.0000	0.0000	0.0000											
37	96	0.1920	7	0	2	0	0	0	0	0	0	N	Y	N	N	N	N	N	N	N	N	N	N	0.0000	0.0000	0.0000	0.0000	0.0000	0.0000	0.0000	0.0000	0.0000	0.0000	0.0000	0.0000	0.0000	0.0000	0.0000	0.0000	0.0000	0.0000	0.0000	0.0000	2.0000	1.0063	2.0000	3.7812	0.0000	0.0000	0.0000	0.0000	0.0000	0.0000	0.0000	0.0000	0.0000	0.0000	0.0000	0.0000	0.0000	0.0000	0.0000	0.0000	0.0000	0.0000	0.0283	0.0240	0.0043	0.0010	0.0009	0.0001	0.0273	0.0231	0.0042	0.0630	0.0410	0.0220	0.0238	0.0201	0.0037	0.0393	0.0209	0.0183	0.0000	0.0000	0.0000	0.0000	0.0000	0.0000	0.0000	0.0000	0.0000	0.0000	0.0000	0.0000	0.0000	0.0000	0.0000	0.0000	0.0000	0.0000											
37	97	0.1948	7	0	1	1	1	0	0	0	0	N	N	N	N	N	N	N	N	N	N	N	N	0.0000	0.0000	0.0000	0.0000	0.0000	0.0000	0.0000	0.0000	0.0000	0.0000	0.0000	0.0000	0.0000	0.0000	0.0000	0.0000	0.0000	0.0000	0.0000	0.0000	2.0000	1.0165	2.0000	1.0129	0.0000	0.0000	0.0000	0.0000	0.0000	0.0000	0.0000	0.0000	0.0000	0.0000	0.0000	0.0000	0.0000	0.0000	0.0000	0.0000	0.0000	0.0000	0.0293	0.0250	0.0043	0.0021	0.0020	0.0001	0.0272	0.0230	0.0042	0.0184	0.0113	0.0071	0.0045	0.0037	0.0008	0.0139	0.0076	0.0063	0.0000	0.0000	0.0000	0.0000	0.0000	0.0000	0.0000	0.0000	0.0000	0.0000	0.0000	0.0000	0.0000	0.0000	0.0000	0.0000	0.0000	0.0000											
37	98	0.1819	6	0	1	0	1	0	0	0	0	N	N	N	N	N	N	N	N	N	N	N	N	0.0000	0.0000	0.0000	0.0000	0.0000	0.0000	0.0000	0.0000	0.0000	0.0000	0.0000	0.0000	0.0000	0.0000	0.0000	0.0000	0.0000	0.0000	0.0000	0.0000	2.0000	2.0241	2.0000	1.0265	0.0000	0.0000	0.0000	0.0000	0.0000	0.0000	0.0000	0.0000	0.0000	0.0000	0.0000	0.0000	0.0000	0.0000	0.0000	0.0000	0.0000	0.0000	0.0565	0.0480	0.0084	0.0022	0.0020	0.0001	0.0543	0.0460	0.0083	0.0263	0.0159	0.0104	0.0068	0.0054	0.0015	0.0195	0.0105	0.0090	0.0000	0.0000	0.0000	0.0000	0.0000	0.0000	0.0000	0.0000	0.0000	0.0000	0.0000	0.0000	0.0000	0.0000	0.0000	0.0000	0.0000	0.0000											
37	99	0.1819	6	0	1	1	1	0	0	0	0	N	N	N	N	N	N	N	N	N	N	N	N	0.0000	0.0000	0.0000	0.0000	0.0000	0.0000	0.0000	0.0000	0.0000	0.0000	0.0000	0.0000	0.0000	0.0000	0.0000	0.0000	0.0000	0.0000	0.0000	0.0000	2.0000	3.0066	2.0000	0.0000	0.0000	0.0000	0.0000	0.0000	0.0000	0.0000	0.0000	0.0000	0.0000	0.0000	0.0000	0.0000	0.0000	0.0000	0.0000	0.0000	0.0000	0.0000	0.0828	0.0704	0.0123	0.0030	0.0029	0.0002	0.0797	0.0676	0.0121	0.0260	0.0157	0.0103	0.0067	0.0053	0.0014	0.0192	0.0104	0.0089	0.0000	0.0000	0.0000	0.0000	0.0000	0.0000	0.0000	0.0000	0.0000	0.0000	0.0000	0.0000	0.0000	0.0000	0.0000	0.0000	0.0000	0.0000											
37	100	0.2076	6	0	1	1	1	0	0	0	0	N	N	N	N	N	N	N	N	N	N	N	N	0.0000	0.0000	0.0000	0.0000	0.0000	0.0000	0.0000	0.0000	0.0000	0.0000	0.0000	0.0000	0.0000	0.0000	0.0000	0.0000	0.0000	0.0000	0.0000	0.0000	2.0000	0.0000	2.0000	2.0000	0.0000	0.0000	0.0000	0.0000	0.0000	0.0000	0.0000	0.0000	0.0000	0.0000	0.0000	0.0000	0.0000	0.0000	0.0000	0.0000	0.0000	0.0000	0.0000	0.0000	0.0000	0.0000	0.0000	0.0000	0.0000	0.0000	0.0000	0.0168	0.0100	0.0068	0.0045	0.0035	0.0010	0.0123	0.0065	0.0058	0.0000	0.0000	0.0000	0.0000	0.0000	0.0000	0.0000	0.0000	0.0000	0.0000	0.0000	0.0000	0.0000	0.0000	0.0000	0.0000	0.0000	0.0000											
37	101	0.1686	5	0	1	1	1	0	0	0	0	N	N	N	N	N	N	N	N	N	N	N	N	0.0000	0.0000	0.0000	0.0000	0.0000	0.0000	0.0000	0.0000	0.0000	0.0000	0.0000	0.0000	0.0000	0.0001	0.0002	0.0000	0.0005	0.0006	0.0000	0.0000	0.0000	0.0000	0.0000	0.0000	-0.0000	2.0000	5.8899	2.0000	3.1847	0.0000	0.0000	0.0000	0.0000	0.0000	0.0000	0.0000	0.0000	0.0000	0.0000	0.0000	0.0000	0.0000	0.0000	0.0000	0.0000	0.0000	0.0000	0.1626	0.1386	0.0240	0.0091	0.0084	0.0008	0.1535	0.1303	0.0232	0.0795	0.0481	0.0314	0.0209	0.0168	0.0041	0.0586	0.0313	0.0273	0.0000	0.0000	0.0000	0.0000	0.0000	0.0000	0.0000	0.0000	0.0000	0.0001	0.0002	0.0000	0.0005	0.0006	0.0000	0.0000	0.0000	0.0000						
37	102	0.2154	5	1	2	0	0	0	0	0	0	N	Y	N	N	N	N	N	N	N	N	N	N	0.0000	0.0000	0.0000	0.0000	0.0000	0.0000	0.0000	0.0000	0.0000	0.0000	0.0000	0.0000	0.0000	0.0000	0.0000	0.0000	0.0000	0.0000	0.0000	0.0000	2.0000	0.0000	2.0000	0.0000	0.0000	0.0000	0.0000	0.0000	0.0000	0.0000	0.0000	0.0000	0.0000	0.0000	0.0000	0.0000	0.0000	0.0000	0.0000	0.0000	0.0000	0.0000	0.0000	0.0000	0.0000	0.0000	0.0000	0.0000	0.0000	0.0000	0.0000	0.0000	0.0000	0.0000	0.0000	0.0000	0.0000	0.0000	0.0000	0.0000	0.0000	0.0000	0.0000	0.0000	0.0000	0.0000	0.0000	0.0000	0.0000	0.0000	0.0000	0.0000	0.0000	0.0000	0.0000	0.0000	0.0000	0.0000											
37	103	0.1161	4	1	2	0	0	0	0	0	0	N	Y	N	N	N	N	N	N	N	N	N	N	0.0000	0.0000	0.0000	0.0000	0.0000	0.0000	0.0000	0.0000	0.0000	0.0000	0.0000	0.0000	0.0000	0.0000	0.0000	0.0000	0.0000	0.0000	0.0000	0.0000	2.0000	8.0012	2.0000	14.0016	0.0000	0.0000	0.0000	0.0000	0.0000	0.0000	0.0000	0.0000	0.0000	0.0000	0.0000	0.0000	0.0000	0.0000	0.0000	0.0000	0.0000	0.0000	0.2042	0.1741	0.0301	0.0062	0.0058	0.0005	0.1980	0.1684	0.0296	0.1590	0.0927	0.0663	0.0261	0.0197	0.0064	0.1329	0.0730	0.0599	0.0000	0.0000	0.0000	0.0000	0.0000	0.0000	0.0000	0.0000	0.0000	0.0000	0.0000	0.0000	0.0000	0.0000	0.0000	0.0000	0.0000	0.0000											
37	104	0.1790	5	0	2	0	0	0	0	0	0	N	Y	N	N	N	N	N	N	N	N	N	N	0.0000	0.0000	0.0000	0.0000	0.0000	0.0000	0.0000	0.0000	0.0000	0.0000	0.0000	0.0000	0.0000	0.0000	0.0000	0.0000	0.0000	0.0000	0.0000	0.0000	2.0000	2.0010	2.0000	1.0153	0.0000	0.0000	0.0000	0.0000	0.0000	0.0000	0.0000	0.0000	0.0000	0.0000	0.0000	0.0000	0.0000	0.0000	0.0000	0.0000	0.0000	0.0000	0.0539	0.0458	0.0081	0.0019	0.0017	0.0002	0.0521	0.0441	0.0079	0.0271	0.0162	0.0108	0.0081	0.0062	0.0019	0.0190	0.0100	0.0090	0.0000	0.0000	0.0000	0.0000	0.0000	0.0000	0.0000	0.0000	0.0000	0.0000	0.0000	0.0000	0.0000	0.0000	0.0000	0.0000	0.0000	0.0000											
37	105	0.1161	4	0	2	0	0	0	0	0	0	N	Y	N	N	N	N	N	N	N	N	N	N	0.0000	0.0000	0.0000	0.0000	0.0000	0.0000	0.0000	0.0000	0.0000	0.0000	0.0000	0.0000	0.0000	0.0000	0.0000	0.0000	0.0000	0.0000	0.0000	0.0000	2.0000	3.0162	2.0000	11.0438	0.0000	0.0000	0.0000	0.0000	0.0000	0.0000	0.0000	0.0000	0.0000	0.0000	0.0000	0.0000	0.0000	0.0000	0.0000	0.0000	0.0000	0.0000	0.0807	0.0686	0.0121	0.0025	0.0023	0.0002	0.0783	0.0664	0.0119	0.1080	0.0628	0.0451	0.0179	0.0135	0.0043	0.0901	0.0493	0.0408	0.0000	0.0000	0.0000	0.0000	0.0000	0.0000	0.0000	0.0000	0.0000	0.0000	0.0000	0.0000	0.0000	0.0000	0.0000	0.0000	0.0000	0.0000											
37	106	0.2170	9	1	2	0	0	0	0	0	0	N	Y	N	N	N	N	N	N	N	N	N	N	0.0000	0.0000	0.0000	0.0000	0.0000	0.0000	0.0000	0.0000	0.0000	0.0000	0.0000	0.0000	0.0000	0.0000	0.0000	0.0000	0.0000	0.0000	0.0000	0.0000	2.0000	1.0000	2.0000	1.0000	0.0000	0.0000	0.0000	0.0000	0.0000	0.0000	0.0000	0.0000	0.0000	0.0000	0.0000	0.0000	0.0000	0.0000	0.0000	0.0000	0.0000	0.0000	0.0279	0.0237	0.0042	0.0008	0.0008	0.0001	0.0270	0.0229	0.0041	0.0179	0.0114	0.0065	0.0079	0.0063	0.0016	0.0100	0.0052	0.0049	0.0000	0.0000	0.0000	0.0000	0.0000	0.0000	0.0000	0.0000	0.0000	0.0000	0.0000	0.0000	0.0000	0.0000	0.0000	0.0000	0.0000	0.0000											
37	107	0.2128	8	1	2	0	0	0	0	0	0	N	Y	N	N	N	N	N	N	N	N	N	N	0.0000	0.0000	0.0000	0.0000	0.0000	0.0000	0.0000	0.0000	0.0000	0.0000	0.0000	0.0000	0.0000	0.0000	0.0000	0.0000	0.0000	0.0000	0.0000	0.0000	2.0000	0.0000	2.0000	0.9999	0.0000	0.0000	0.0000	0.0000	0.0000	0.0000	0.0000	0.0000	0.0000	0.0000	0.0000	0.0000	0.0000	0.0000	0.0000	0.0000	0.0000	0.0000	0.0000	0.0000	0.0000	0.0000	0.0000	0.0000	0.0000	0.0000	0.0000	0.0090	0.0056	0.0034	0.0034	0.0027	0.0007	0.0056	0.0029	0.0027	0.0000	0.0000	0.0000	0.0000	0.0000	0.0000	0.0000	0.0000	0.0000	0.0000	0.0000	0.0000	0.0000	0.0000	0.0000	0.0000	0.0000	0.0000											
37	108	0.1920	7	1	2	0	0	0	0	0	0	N	Y	N	N	N	N	N	N	N	N	N	N	0.0000	0.0000	0.0000	0.0000	0.0000	0.0000	0.0000	0.0000	0.0000	0.0000	0.0000	0.0000	0.0000	0.0000	0.0000	0.0000	0.0000	0.0000	0.0000	0.0000	2.0000	0.0100	2.0000	4.8896	0.0000	0.0000	0.0000	0.0000	0.0000	0.0000	0.0000	0.0000	0.0000	0.0000	0.0000	0.0000	0.0000	0.0000	0.0000	0.0000	0.0000	0.0000	0.0005	0.0004	0.0001	0.0001	0.0001	0.0000	0.0004	0.0003	0.0001	0.0639	0.0416	0.0223	0.0240	0.0203	0.0037	0.0399	0.0213	0.0186	0.0000	0.0000	0.0000	0.0000	0.0000	0.0000	0.0000	0.0000	0.0000	0.0000	0.0000	0.0000	0.0000	0.0000	0.0000	0.0000	0.0000	0.0000											
37	109	0.1819	6	0	2	0	0	0	0	0	0	N	Y	N	N	N	N	N	N	N	N	N	N	0.0000	0.0000	0.0000	0.0000	0.0000	0.0000	0.0000	0.0000	0.0000	0.0000	0.0000	0.0000	0.0000	0.0000	0.0000	0.0000	0.0000	0.0000	0.0000	0.0000	2.0000	1.0007	2.0000	1.4004	0.0000	0.0000	0.0000	0.0000	0.0000	0.0000	0.0000	0.0000	0.0000	0.0000	0.0000	0.0000	0.0000	0.0000	0.0000	0.0000	0.0000	0.0000	0.0285	0.0243	0.0043	0.0012	0.0012	0.0001	0.0273	0.0231	0.0042	0.0208	0.0126	0.0083	0.0054	0.0042	0.0012	0.0154	0.0083	0.0071	0.0000	0.0000	0.0000	0.0000	0.0000	0.0000	0.0000	0.0000	0.0000	0.0000	0.0000	0.0000	0.0000	0.0000	0.0000	0.0000	0.0000	0.0000											
37	110	0.1686	5	0	1	0	0	0	0	0	0	N	N	N	N	N	N	N	N	N	N	N	N	0.0000	0.0000	0.0000	0.0000	0.0000	0.0000	0.0000	0.0000	0.0000	0.0000	0.0000	0.0000	0.0000	0.0003	0.0005	0.0000	0.0011	0.0013	0.0000	0.0000	0.0000	0.0000	0.0000	0.0000	-0.0000	2.0000	0.3039	2.0000	2.8719	0.0000	0.0000	0.0000	0.0000	0.0000	0.0000	0.0000	0.0000	0.0000	0.0000	0.0000	0.0000	0.0000	0.0000	0.0000	0.0000	0.0000	0.0000	0.0151	0.0129	0.0022	0.0046	0.0042	0.0005	0.0105	0.0087	0.0018	0.0325	0.0199	0.0126	0.0094	0.0079	0.0015	0.0231	0.0120	0.0111	0.0000	0.0000	0.0000	0.0000	0.0000	0.0000	0.0000	0.0000	0.0000	0.0003	0.0005	0.0000	0.0011	0.0013	0.0000	0.0000	0.0000	0.0000						
37	111	0.1161	4	0	1	0	0	0	0	0	0	N	N	N	N	N	N	N	N	N	N	N	N	0.0000	0.0000	0.0000	0.0000	0.0000	0.0000	0.0000	0.0000	0.0000	0.0000	0.0000	0.0000	0.0000	0.0001	0.0000	0.0003	0.0000	0.0000	0.0000	0.0001	0.0000	0.0003	inf	0.0000	0.0000	2.0000	3.8240	2.0000	8.1760	0.0000	0.0000	0.0000	0.0000	0.0000	0.0000	0.0000	0.0000	0.0000	0.0000	0.0000	0.0000	0.0000	0.0000	0.0000	0.0000	0.0000	0.0000	0.1015	0.0864	0.0152	0.0031	0.0029	0.0002	0.0985	0.0835	0.0150	0.0937	0.0545	0.0392	0.0155	0.0118	0.0037	0.0781	0.0427	0.0354	0.0000	0.0000	0.0000	0.0000	0.0000	0.0000	0.0000	0.0000	0.0000	0.0001	0.0000	0.0003	0.0000	0.0000	0.0000	0.0001	0.0000	0.0003						
37	115	0.3087	7	0	1	0	0	0	0	0	0	N	N	N	N	N	N	N	N	N	N	N	N	0.0000	0.0000	0.0000	0.0000	0.0000	0.0000	0.0000	0.0000	0.0000	0.0000	0.0000	0.0000	0.0000	0.0189	0.0267	0.0000	0.0412	0.0478	0.0000	0.0000	0.0000	0.0000	0.0000	0.0000	-0.0033	2.0000	8.9918	2.0000	13.3277	0.0000	0.0000	0.0000	0.0000	0.0000	0.0000	0.0000	0.0000	0.0000	0.0060	0.0060	0.0000	0.0060	0.0060	0.0000	0.0000	0.0000	0.0000	0.2689	0.2336	0.0353	0.0416	0.0402	0.0014	0.2273	0.1934	0.0339	0.3194	0.2262	0.0932	0.1465	0.1262	0.0203	0.1729	0.0999	0.0730	0.0000	0.0000	0.0000	0.0000	0.0000	0.0000	0.0000	0.0000	0.0000	0.0189	0.0267	0.0000	0.0412	0.0478	0.0000	0.0000	0.0000	0.0000						
38	39	0.1605	6	1	1	1	0	0	0	0	0	N	N	N	N	N	N	N	N	N	N	N	N	inf	inf	inf	inf	10.2279	11.8841	0.0000	27.1555	27.2120	0.0000	0.0000	0.0000	0.0000	0.0000	0.0000	0.0000	0.0000	0.0000	0.0000	0.0000	0.0000	0.0000	0.0000	-0.0100	0.0000	2.0000	0.0217	5.0000	6.0735	0.0217	0.0217	0.0000	0.0217	0.0217	0.0000	0.0000	0.0000	0.0000	0.0000	0.0000	0.0000	0.0000	0.0000	0.0000	0.0000	0.0000	0.0000	0.0021	0.0018	0.0003	0.0008	0.0008	0.0000	0.0013	0.0010	0.0003	0.0914	0.0577	0.0337	0.0232	0.0182	0.0050	0.0682	0.0395	0.0287	inf	inf	0.0000	inf	inf	0.0000	0.0000	0.0000	0.0000	0.0000	0.0000	0.0000	0.0000	0.0000	0.0000	0.0000	0.0000	0.0000						
38	40	0.1431	5	1	0	1	0	0	0	0	0	N	N	N	N	N	N	N	N	N	N	N	N	inf	inf	inf	inf	inf	inf	36.9901	0.0200	248.2652	0.0000	0.0000	0.0000	39.0703	0.0213	252.9655	0.0000	0.0000	0.0000	0.0000	0.0000	0.0000	0.0000	0.0000	0.0000	2169.0000	0.0117	0.0000	2.0000	0.0217	5.0000	4.0395	0.0217	0.0000	0.0217	0.0000	0.0000	0.0000	0.0217	0.0000	0.0217	0.0000	0.0000	0.0000	0.0000	0.0000	0.0000	0.0000	0.0000	0.0000	0.0006	0.0005	0.0001	0.0000	0.0000	0.0000	0.0006	0.0005	0.0001	0.0566	0.0343	0.0223	0.0067	0.0054	0.0013	0.0499	0.0289	0.0210	inf	inf	inf	0.0000	0.0000	0.0000	inf	inf	inf	0.0000	0.0000	0.0000	0.0000	0.0000	0.0000	0.0000	0.0000	0.0000				
38	41	0.1431	5	1	1	1	1	0	0	0	0	N	N	N	N	N	N	N	N	N	N	N	N	0.0000	0.0000	0.0000	0.0000	0.0000	0.0000	0.0000	0.0000	0.0000	0.0000	0.0000	0.0000	0.0000	0.0000	0.0000	0.0000	0.0000	0.0000	0.0000	0.0000	2.0000	0.0000	5.0000	7.0150	0.0000	0.0000	0.0000	0.0000	0.0000	0.0000	0.0000	0.0000	0.0000	0.0000	0.0000	0.0000	0.0000	0.0000	0.0000	0.0000	0.0000	0.0000	0.0000	0.0000	0.0000	0.0000	0.0000	0.0000	0.0000	0.0000	0.0000	0.0943	0.0569	0.0374	0.0107	0.0085	0.0022	0.0836	0.0484	0.0352	0.0000	0.0000	0.0000	0.0000	0.0000	0.0000	0.0000	0.0000	0.0000	0.0000	0.0000	0.0000	0.0000	0.0000	0.0000	0.0000	0.0000	0.0000											
38	44	0.0449	2	2	0	2	0	0	0	0	0	Y	N	Y	N	N	N	N	N	N	N	N	N	inf	inf	inf	inf	37.5492	0.0000	247.7814	0.0000	0.0000	0.0000	37.7134	0.0000	248.1296	0.0000	0.0000	0.0000	0.0000	0.0000	0.0000	0.0000	0.0000	0.0000	inf	0.5383	0.0000	2.0000	1.0000	5.0000	3.0000	1.0000	0.0000	1.0000	0.0000	0.0000	0.0000	1.0000	0.0000	1.0000	0.0000	0.0000	0.0000	0.0000	0.0000	0.0000	0.0000	0.0000	0.0000	0.0266	0.0226	0.0040	0.0001	0.0001	0.0000	0.0265	0.0225	0.0040	0.0637	0.0326	0.0312	0.0009	0.0008	0.0001	0.0629	0.0318	0.0311	inf	0.0000	inf	0.0000	0.0000	0.0000	inf	0.0000	inf	0.0000	0.0000	0.0000	0.0000	0.0000	0.0000	0.0000	0.0000	0.0000						
38	45	0.1861	6	1	0	2	0	0	0	0	0	N	N	Y	N	N	N	N	N	N	N	N	N	0.0000	0.0000	0.0000	0.0000	0.0000	0.0000	0.0000	0.0000	0.0000	0.0000	0.0000	0.0000	0.0000	0.0000	0.0000	0.0000	0.0000	0.0000	0.0000	0.0000	2.0000	0.0000	5.0000	0.0000	0.0000	0.0000	0.0000	0.0000	0.0000	0.0000	0.0000	0.0000	0.0000	0.0000	0.0000	0.0000	0.0000	0.0000	0.0000	0.0000	0.0000	0.0000	0.0000	0.0000	0.0000	0.0000	0.0000	0.0000	0.0000	0.0000	0.0000	0.0000	0.0000	0.0000	0.0000	0.0000	0.0000	0.0000	0.0000	0.0000	0.0000	0.0000	0.0000	0.0000	0.0000	0.0000	0.0000	0.0000	0.0000	0.0000	0.0000	0.0000	0.0000	0.0000	0.0000	0.0000	0.0000	0.0000											
38	46	0.1431	5	1	0	1	0	0	0	0	0	N	N	N	N	N	N	N	N	N	N	N	N	0.0000	0.0000	0.0000	0.0000	0.0000	0.0000	0.0000	0.0000	0.0000	0.0000	0.0000	0.0000	0.0000	0.0000	0.0000	0.0000	0.0000	0.0000	0.0000	0.0000	2.0000	4.0000	5.0000	5.9850	0.0000	0.0000	0.0000	0.0000	0.0000	0.0000	0.0000	0.0000	0.0000	0.0000	0.0000	0.0000	0.0000	0.0000	0.0000	0.0000	0.0000	0.0000	0.1041	0.0888	0.0153	0.0055	0.0052	0.0003	0.0986	0.0836	0.0150	0.1306	0.0786	0.0520	0.0146	0.0115	0.0031	0.1159	0.0671	0.0488	0.0000	0.0000	0.0000	0.0000	0.0000	0.0000	0.0000	0.0000	0.0000	0.0000	0.0000	0.0000	0.0000	0.0000	0.0000	0.0000	0.0000	0.0000											
38	47	0.2142	7	1	1	1	0	0	0	0	0	N	N	N	N	N	N	N	N	N	N	N	N	0.0000	0.0000	0.0000	0.0000	0.0000	0.0000	0.0000	0.0000	0.0000	0.0000	0.0000	0.0000	0.0000	0.0000	0.0000	0.0000	0.0000	0.0000	0.0000	0.0000	2.0000	0.0000	5.0000	0.0000	0.0000	0.0000	0.0000	0.0000	0.0000	0.0000	0.0000	0.0000	0.0000	0.0000	0.0000	0.0000	0.0000	0.0000	0.0000	0.0000	0.0000	0.0000	0.0000	0.0000	0.0000	0.0000	0.0000	0.0000	0.0000	0.0000	0.0000	0.0000	0.0000	0.0000	0.0000	0.0000	0.0000	0.0000	0.0000	0.0000	0.0000	0.0000	0.0000	0.0000	0.0000	0.0000	0.0000	0.0000	0.0000	0.0000	0.0000	0.0000	0.0000	0.0000	0.0000	0.0000	0.0000	0.0000											
38	48	0.0774	4	2	1	2	0	0	0	0	0	Y	N	Y	N	N	N	N	N	N	N	N	N	493.1738	0.0000	inf	0.0000	0.0000	inf	inf	8.7270	0.0000	73.0305	0.0000	0.0000	0.0000	14.3778	0.0000	73.3561	0.0177	0.0292	0.0000	0.5459	0.6969	0.0000	0.0000	0.0000	0.0000	inf	0.0000	0.0000	-0.0003	2.0000	0.0000	5.0000	2.0152	0.0000	0.0000	0.0000	0.0000	0.0000	0.0000	0.0000	0.0000	0.0000	0.0005	0.0005	0.0000	0.0005	0.0005	0.0000	0.0000	0.0000	0.0000	0.0000	0.0000	0.0000	0.0000	0.0000	0.0000	0.0000	0.0000	0.0000	0.0300	0.0182	0.0118	0.0029	0.0025	0.0004	0.0271	0.0156	0.0114	493.1738	0.0000	inf	0.0000	0.0000	0.0000	inf	0.0000	inf	0.0177	0.0292	0.0000	0.1836	0.2109	0.0000	0.0000	0.0000	0.0000		
38	49	0.0731	3	2	0	2	0	0	0	0	0	Y	N	Y	N	N	N	N	N	N	N	N	N	262.5735	6.0990	inf	inf	inf	inf	366.5890	0.0000	inf	8.9567	0.3397	71.3533	2.1512	0.7308	75.5146	13.8111	0.0000	71.0632	0.0341	0.0557	0.0000	0.0000	0.0000	0.0000	0.0377	0.0646	0.0000	29.0078	0.0000	0.0002	-0.0003	2.0000	0.0003	5.0000	1.0311	0.0003	0.0000	0.0003	0.0000	0.0000	0.0000	0.0003	0.0000	0.0003	0.0005	0.0005	0.0000	0.0000	0.0000	0.0000	0.0005	0.0005	0.0000	0.0000	0.0000	0.0000	0.0000	0.0000	0.0000	0.0000	0.0000	0.0000	0.0155	0.0095	0.0060	0.0015	0.0013	0.0002	0.0141	0.0082	0.0059	262.5735	6.0990	inf	inf	inf	inf	366.5890	0.0000	inf	0.0341	0.0557	0.0000	0.0000	0.0000	0.0000	0.0377	0.0646	0.0000
38	50	0.0731	3	2	1	2	0	0	0	0	0	Y	N	Y	N	N	N	N	N	N	N	N	N	inf	inf	inf	inf	inf	inf	8.7288	0.0000	72.0702	1.4356	0.0000	75.6882	13.9957	0.0000	71.8160	0.0000	0.0000	0.0000	0.0000	0.0000	0.0000	0.0000	0.0000	0.0000	inf	0.0002	0.0000	2.0000	0.0003	5.0000	1.0126	0.0003	0.0000	0.0003	0.0000	0.0000	0.0000	0.0003	0.0000	0.0003	0.0000	0.0000	0.0000	0.0000	0.0000	0.0000	0.0000	0.0000	0.0000	0.0000	0.0000	0.0000	0.0000	0.0000	0.0000	0.0000	0.0000	0.0000	0.0153	0.0094	0.0059	0.0015	0.0013	0.0002	0.0138	0.0081	0.0058	inf	0.0000	inf	inf	0.0000	inf	inf	0.0000	inf	0.0000	0.0000	0.0000	0.0000	0.0000	0.0000	0.0000	0.0000	0.0000				
38	51	0.1860	4	2	1	1	0	0	0	0	0	Y	N	N	N	N	N	N	N	N	N	N	N	0.0000	0.0000	0.0000	0.0000	0.0000	0.0000	0.0000	0.0000	0.0000	0.0000	0.0000	0.0000	0.0000	0.0000	0.0000	0.0000	0.0000	0.0000	0.0000	0.0000	2.0000	0.0000	5.0000	1.0000	0.0000	0.0000	0.0000	0.0000	0.0000	0.0000	0.0000	0.0000	0.0000	0.0000	0.0000	0.0000	0.0000	0.0000	0.0000	0.0000	0.0000	0.0000	0.0000	0.0000	0.0000	0.0000	0.0000	0.0000	0.0000	0.0000	0.0000	0.0137	0.0085	0.0052	0.0028	0.0023	0.0005	0.0109	0.0063	0.0046	0.0000	0.0000	0.0000	0.0000	0.0000	0.0000	0.0000	0.0000	0.0000	0.0000	0.0000	0.0000	0.0000	0.0000	0.0000	0.0000	0.0000	0.0000											
38	52	0.1821	7	1	1	1	1	0	0	0	0	N	N	N	N	N	N	N	N	N	N	N	N	0.0000	0.0000	0.0000	0.0000	0.0000	0.0000	0.0000	0.0000	0.0000	0.0000	0.0000	0.0000	0.0000	0.0008	0.0011	0.0000	0.0031	0.0034	0.0000	0.0000	0.0000	0.0000	0.0000	0.0000	-0.0000	2.0000	0.9995	5.0000	1.0399	0.0000	0.0000	0.0000	0.0000	0.0000	0.0000	0.0000	0.0000	0.0000	0.0000	0.0000	0.0000	0.0000	0.0000	0.0000	0.0000	0.0000	0.0000	0.0268	0.0229	0.0040	0.0016	0.0015	0.0001	0.0252	0.0213	0.0039	0.0399	0.0277	0.0122	0.0097	0.0088	0.0009	0.0302	0.0189	0.0113	0.0000	0.0000	0.0000	0.0000	0.0000	0.0000	0.0000	0.0000	0.0000	0.0008	0.0011	0.0000	0.0031	0.0034	0.0000	0.0000	0.0000	0.0000						
38	53	0.1821	7	1	0	1	1	0	0	0	0	N	N	N	N	N	N	N	N	N	N	N	N	0.0000	0.0000	0.0000	0.0000	0.0000	0.0000	0.0000	0.0000	0.0000	0.0000	0.0000	0.0000	0.0000	0.0000	0.0000	0.0000	0.0000	0.0000	0.0000	0.0000	2.0000	3.0005	5.0000	1.0125	0.0000	0.0000	0.0000	0.0000	0.0000	0.0000	0.0000	0.0000	0.0000	0.0000	0.0000	0.0000	0.0000	0.0000	0.0000	0.0000	0.0000	0.0000	0.0790	0.0673	0.0116	0.0047	0.0045	0.0002	0.0743	0.0629	0.0114	0.0669	0.0441	0.0228	0.0135	0.0118	0.0017	0.0534	0.0323	0.0211	0.0000	0.0000	0.0000	0.0000	0.0000	0.0000	0.0000	0.0000	0.0000	0.0000	0.0000	0.0000	0.0000	0.0000	0.0000	0.0000	0.0000	0.0000											
38	54	0.1739	6	1	0	1	1	0	0	0	0	N	N	N	N	N	N	N	N	N	N	N	N	0.0000	0.0000	0.0000	0.0000	0.0000	0.0000	0.0000	0.0000	0.0000	0.0000	0.0000	0.0000	0.0000	0.0000	0.0000	0.0011	0.0012	0.0009	0.0000	0.0000	0.0000	0.0012	0.0014	0.0010	0.5000	0.0000	-0.0000	2.0000	0.0013	5.0000	1.9704	0.0000	0.0000	0.0000	0.0000	0.0000	0.0000	0.0000	0.0000	0.0000	0.0000	0.0000	0.0000	0.0000	0.0000	0.0000	0.0000	0.0000	0.0000	0.0000	0.0000	0.0000	0.0000	0.0000	0.0000	0.0000	0.0000	0.0000	0.0278	0.0167	0.0111	0.0030	0.0023	0.0007	0.0248	0.0144	0.0104	0.0000	0.0000	0.0000	0.0000	0.0000	0.0000	0.0000	0.0000	0.0000	0.0011	0.0012	0.0009	0.0000	0.0000	0.0000	0.0012	0.0014	0.0010				
38	55	0.1431	5	1	0	1	1	0	0	0	0	N	N	N	N	N	N	N	N	N	N	N	N	0.0000	0.0000	0.0000	0.0000	0.0000	0.0000	0.0000	0.0000	0.0000	0.0000	0.0000	0.0000	0.0000	0.0000	0.0000	0.0000	0.0000	0.0000	0.0000	0.0000	2.0000	3.0000	5.0000	4.0155	0.0000	0.0000	0.0000	0.0000	0.0000	0.0000	0.0000	0.0000	0.0000	0.0000	0.0000	0.0000	0.0000	0.0000	0.0000	0.0000	0.0000	0.0000	0.0788	0.0672	0.0116	0.0042	0.0039	0.0002	0.0747	0.0632	0.0114	0.0943	0.0569	0.0374	0.0107	0.0085	0.0022	0.0836	0.0484	0.0352	0.0000	0.0000	0.0000	0.0000	0.0000	0.0000	0.0000	0.0000	0.0000	0.0000	0.0000	0.0000	0.0000	0.0000	0.0000	0.0000	0.0000	0.0000											
38	56	0.0637	4	1	1	2	0	0	0	0	0	N	N	Y	N	N	N	N	N	N	N	N	N	3.8172	2.6288	79.7848	74.1538	0.0390	0.0460	0.0000	5.9544	6.1592	0.0000	0.0000	0.0000	0.0000	0.0102	0.0175	0.0000	0.0746	0.0831	0.0000	0.0000	0.0000	0.0000	0.0000	0.0000	-0.0010	-0.0008	2.0000	2.0013	5.0000	5.6727	0.0021	0.0021	0.0000	0.0021	0.0021	0.0000	0.0000	0.0000	0.0000	0.0015	0.0015	0.0000	0.0015	0.0015	0.0000	0.0000	0.0000	0.0000	0.0530	0.0450	0.0080	0.0003	0.0003	0.0000	0.0527	0.0447	0.0080	0.1467	0.0858	0.0609	0.0201	0.0190	0.0011	0.1266	0.0668	0.0598	3.8172	2.6288	0.0000	79.7848	77.9804	0.0000	0.0000	0.0000	0.0000	0.0102	0.0175	0.0000	0.0746	0.0790	0.0000	0.0000	0.0000	0.0000					
38	57	0.0600	3	1	1	1	0	0	0	0	0	N	N	N	N	N	N	N	N	N	N	N	N	579.8005	17.4798	203950.0575	1478.1602	1454.5983	467.9571	0.0000	200677.6233	17.6914	0.7507	136.5429	4.8732	4.8788	0.0000	19.6889	0.0000	136.7150	0.0305	0.0429	0.0007	0.0033	0.0034	0.0000	0.0421	0.0710	0.0007	25.9269	0.0065	0.0011	-0.0008	2.0000	0.0033	5.0000	1.3874	0.0021	0.0001	0.0021	0.0001	0.0001	0.0000	0.0021	0.0000	0.0021	0.0015	0.0015	0.0000	0.0000	0.0000	0.0000	0.0015	0.0015	0.0000	0.0001	0.0001	0.0000	0.0000	0.0000	0.0000	0.0001	0.0001	0.0000	0.0508	0.0359	0.0149	0.0151	0.0149	0.0003	0.0356	0.0210	0.0147	579.8005	17.4798	203950.0575	1478.1602	1454.5983	0.0000	467.9571	0.0000	200677.6233	0.0305	0.0429	0.0007	0.0033	0.0034	0.0000	0.0421	0.0710	0.0007	
38	58	0.0449	2	2	0	2	0	0	0	0	0	Y	N	Y	N	N	N	N	N	N	N	N	N	0.0000	0.0000	0.0000	0.0000	0.0000	0.0000	0.0000	0.0000	0.0000	0.0000	0.0000	0.0000	0.0000	0.0000	0.0000	0.0000	0.0000	0.0000	0.0000	0.0000	2.0000	0.0000	5.0000	2.0000	0.0000	0.0000	0.0000	0.0000	0.0000	0.0000	0.0000	0.0000	0.0000	0.0000	0.0000	0.0000	0.0000	0.0000	0.0000	0.0000	0.0000	0.0000	0.0000	0.0000	0.0000	0.0000	0.0000	0.0000	0.0000	0.0000	0.0000	0.0325	0.0165	0.0160	0.0005	0.0004	0.0000	0.0320	0.0161	0.0159	0.0000	0.0000	0.0000	0.0000	0.0000	0.0000	0.0000	0.0000	0.0000	0.0000	0.0000	0.0000	0.0000	0.0000	0.0000	0.0000	0.0000	0.0000											
38	59	0.0600	3	1	1	1	0	0	0	0	0	N	N	N	N	N	N	N	N	N	N	N	N	3.4053	2.4003	111.1103	110.9675	0.0015	0.0018	0.0000	0.3245	0.3401	0.0000	0.0000	0.0000	0.0000	0.0004	0.0007	0.0000	0.0029	0.0031	0.0000	0.0000	0.0000	0.0000	0.0000	0.0000	-0.0000	-0.0000	2.0000	1.9997	5.0000	3.4660	0.0001	0.0001	0.0000	0.0001	0.0001	0.0000	0.0000	0.0000	0.0000	0.0001	0.0001	0.0000	0.0001	0.0001	0.0000	0.0000	0.0000	0.0000	0.0528	0.0448	0.0080	0.0002	0.0002	0.0000	0.0525	0.0446	0.0080	0.1123	0.0672	0.0451	0.0171	0.0163	0.0008	0.0952	0.0509	0.0443	3.4053	2.4003	0.0000	111.1103	110.9675	0.0000	0.0000	0.0000	0.0000	0.0004	0.0007	0.0000	0.0029	0.0031	0.0000	0.0000	0.0000	0.0000					
38	60	0.0449	2	1	1	1	0	0	0	0	0	N	N	N	N	N	N	N	N	N	N	N	N	6864.8503	0.0000	inf	6798.6275	0.0000	inf	5.9508	0.0000	39.1312	0.0000	0.0000	0.0000	5.9766	0.0000	39.1858	0.0009	0.0017	0.0000	0.0000	0.0000	0.0000	0.0009	0.0017	0.0000	inf	0.0000	0.0000	-0.0000	2.0000	0.0005	5.0000	3.6054	0.0001	0.0000	0.0001	0.0000	0.0000	0.0000	0.0001	0.0000	0.0001	0.0001	0.0001	0.0000	0.0000	0.0000	0.0000	0.0001	0.0001	0.0000	0.0000	0.0000	0.0000	0.0000	0.0000	0.0000	0.0000	0.0000	0.0000	0.0577	0.0294	0.0282	0.0008	0.0007	0.0001	0.0569	0.0287	0.0282	6864.8503	0.0000	inf	0.0000	0.0000	0.0000	6798.6275	0.0000	inf	0.0009	0.0017	0.0000	0.0000	0.0000	0.0000	0.0009	0.0017	0.0000			
38	61	0.2142	7	1	0	2	0	0	0	0	0	N	N	Y	N	N	N	N	N	N	N	N	N	0.0000	0.0000	0.0000	0.0000	0.0000	0.0000	0.0000	0.0000	0.0000	0.0000	0.0000	0.0000	0.0000	0.0000	0.0000	0.0000	0.0000	0.0000	0.0000	0.0000	2.0000	0.0000	5.0000	1.0000	0.0000	0.0000	0.0000	0.0000	0.0000	0.0000	0.0000	0.0000	0.0000	0.0000	0.0000	0.0000	0.0000	0.0000	0.0000	0.0000	0.0000	0.0000	0.0000	0.0000	0.0000	0.0000	0.0000	0.0000	0.0000	0.0000	0.0000	0.0130	0.0079	0.0050	0.0025	0.0018	0.0007	0.0105	0.0061	0.0044	0.0000	0.0000	0.0000	0.0000	0.0000	0.0000	0.0000	0.0000	0.0000	0.0000	0.0000	0.0000	0.0000	0.0000	0.0000	0.0000	0.0000	0.0000											
38	62	0.2099	6	1	0	1	0	0	0	0	0	N	N	N	N	N	N	N	N	N	N	N	N	0.0000	0.0000	0.0000	0.0000	0.0000	0.0000	0.0000	0.0000	0.0000	0.0000	0.0000	0.0000	0.0000	0.0000	0.0000	0.0000	0.0000	0.0000	0.0000	0.0000	2.0000	0.0001	5.0000	1.0076	0.0000	0.0000	0.0000	0.0000	0.0000	0.0000	0.0000	0.0000	0.0000	0.0000	0.0000	0.0000	0.0000	0.0000	0.0000	0.0000	0.0000	0.0000	0.0000	0.0000	0.0000	0.0000	0.0000	0.0000	0.0000	0.0000	0.0000	0.0169	0.0112	0.0057	0.0044	0.0037	0.0007	0.0125	0.0075	0.0050	0.0000	0.0000	0.0000	0.0000	0.0000	0.0000	0.0000	0.0000	0.0000	0.0000	0.0000	0.0000	0.0000	0.0000	0.0000	0.0000	0.0000	0.0000											
38	63	0.1431	5	1	0	1	0	0	0	0	0	N	N	N	N	N	N	N	N	N	N	N	N	0.0000	0.0000	0.0000	0.0000	0.0000	0.0000	0.0000	0.0000	0.0000	0.0000	0.0000	0.0000	0.0000	0.0000	0.0000	0.0000	0.0000	0.0000	0.0000	0.0000	2.0000	11.9999	5.0000	3.0574	0.0000	0.0000	0.0000	0.0000	0.0000	0.0000	0.0000	0.0000	0.0000	0.0000	0.0000	0.0000	0.0000	0.0000	0.0000	0.0000	0.0000	0.0000	0.2902	0.2486	0.0416	0.0149	0.0142	0.0008	0.2753	0.2344	0.0408	0.1888	0.1136	0.0753	0.0210	0.0164	0.0046	0.1679	0.0972	0.0707	0.0000	0.0000	0.0000	0.0000	0.0000	0.0000	0.0000	0.0000	0.0000	0.0000	0.0000	0.0000	0.0000	0.0000	0.0000	0.0000	0.0000	0.0000											
38	64	0.0449	2	2	1	1	0	0	0	0	0	Y	N	N	N	N	N	N	N	N	N	N	N	0.0000	0.0000	0.0000	0.0000	0.0000	0.0000	0.0000	0.0000	0.0000	0.0000	0.0000	0.0000	0.0000	0.0000	0.0000	0.0000	0.0000	0.0000	0.0000	0.0000	2.0000	4.0000	5.0000	3.0000	0.0000	0.0000	0.0000	0.0000	0.0000	0.0000	0.0000	0.0000	0.0000	0.0000	0.0000	0.0000	0.0000	0.0000	0.0000	0.0000	0.0000	0.0000	0.1036	0.0880	0.0155	0.0005	0.0004	0.0000	0.1031	0.0876	0.0155	0.1084	0.0557	0.0527	0.0015	0.0014	0.0002	0.1069	0.0544	0.0525	0.0000	0.0000	0.0000	0.0000	0.0000	0.0000	0.0000	0.0000	0.0000	0.0000	0.0000	0.0000	0.0000	0.0000	0.0000	0.0000	0.0000	0.0000											
38	65	0.0867	3	1	0	1	0	0	0	0	0	N	N	N	N	N	N	N	N	N	N	N	N	388.7211	0.0000	inf	0.0000	0.0000	inf	inf	0.0256	0.0000	0.1738	0.0000	0.0000	0.0000	0.0273	0.0000	0.1777	0.0001	0.0001	0.0000	0.0014	0.0017	0.0000	0.0000	0.0000	0.0000	inf	0.0000	0.0007	-0.0000	2.0000	2.0015	5.0000	10.0016	0.0014	0.0000	0.0014	0.0000	0.0000	0.0000	0.0014	0.0000	0.0014	0.0000	0.0000	0.0000	0.0000	0.0000	0.0000	0.0000	0.0000	0.0000	0.0535	0.0456	0.0079	0.0032	0.0030	0.0002	0.0503	0.0426	0.0077	0.1517	0.0891	0.0627	0.0070	0.0058	0.0012	0.1447	0.0833	0.0615	388.7211	0.0000	inf	0.0000	0.0000	0.0000	inf	0.0000	inf	0.0001	0.0001	0.0000	0.0014	0.0017	0.0000	0.0000	0.0000	0.0000		
38	67	0.2416	5	1	0	1	0	0	0	0	0	N	N	N	N	N	N	N	N	N	N	N	N	1.9594	0.0095	inf	0.0135	0.0061	inf	inf	inf	0.2066	0.0016	1.5249	0.0190	0.0107	0.2344	0.2367	0.0000	1.5764	0.1054	0.1733	0.0000	1.4086	1.7622	0.0000	0.0000	0.0000	0.0000	144.3500	0.0000	0.0154	-0.0230	2.0000	4.8614	5.0000	14.2102	0.0291	0.0002	0.0289	0.0004	0.0002	0.0002	0.0287	0.0000	0.0287	0.0426	0.0426	0.0000	0.0426	0.0426	0.0000	0.0000	0.0000	0.0000	0.1407	0.1218	0.0189	0.0195	0.0187	0.0007	0.1213	0.1031	0.0182	0.4043	0.2842	0.1200	0.1707	0.1436	0.0271	0.2336	0.1406	0.0929	1.9594	0.0110	inf	0.0762	0.0360	inf	inf	0.0000	inf	0.1054	0.1499	0.0000	0.2497	0.2968	0.0000	0.0000	0.0000	0.0000	
38	68	0.0788	5	2	1	2	0	0	0	0	0	Y	N	Y	N	N	N	N	N	N	N	N	N	0.0000	0.0000	0.0000	0.0000	0.0000	0.0000	0.0000	0.0000	0.0000	0.0000	0.0000	0.0000	0.0000	0.0000	0.0000	0.0000	0.0000	0.0000	0.0000	0.0000	2.0000	0.0000	5.0000	0.0000	0.0000	0.0000	0.0000	0.0000	0.0000	0.0000	0.0000	0.0000	0.0000	0.0000	0.0000	0.0000	0.0000	0.0000	0.0000	0.0000	0.0000	0.0000	0.0000	0.0000	0.0000	0.0000	0.0000	0.0000	0.0000	0.0000	0.0000	0.0000	0.0000	0.0000	0.0000	0.0000	0.0000	0.0000	0.0000	0.0000	0.0000	0.0000	0.0000	0.0000	0.0000	0.0000	0.0000	0.0000	0.0000	0.0000	0.0000	0.0000	0.0000	0.0000	0.0000	0.0000	0.0000	0.0000											
38	69	0.0746	4	2	0	2	0	0	0	0	0	Y	N	Y	N	N	N	N	N	N	N	N	N	2799.8193	1704.8021	857.5690	769.7626	6.4185	7.3758	0.0000	18.4198	18.4232	0.0000	0.0000	0.0000	0.0000	0.0023	0.0043	0.0000	0.0215	0.0239	0.0000	0.0000	0.0000	0.0000	0.0000	0.0000	-0.0004	-0.0000	2.0000	0.0016	5.0000	0.9826	0.0009	0.0009	0.0000	0.0009	0.0009	0.0000	0.0000	0.0000	0.0000	0.0000	0.0000	0.0000	0.0000	0.0000	0.0000	0.0000	0.0000	0.0000	0.0001	0.0001	0.0000	0.0000	0.0000	0.0000	0.0001	0.0001	0.0000	0.0174	0.0092	0.0082	0.0019	0.0017	0.0002	0.0156	0.0076	0.0080	2799.8193	1704.8021	0.0000	857.5690	769.7626	0.0000	0.0000	0.0000	0.0000	0.0023	0.0043	0.0000	0.0215	0.0239	0.0000	0.0000	0.0000	0.0000					
38	70	0.0619	3	2	0	2	0	0	0	0	0	Y	N	Y	N	N	N	N	N	N	N	N	N	13.2345	0.0506	11797.0224	0.0033	0.0033	0.0000	3861.8336	11622.6742	2.2285	0.0271	18.9612	0.0782	0.0782	0.0000	3.1775	0.0000	18.9761	0.1684	0.5355	0.0016	23.6589	23.8639	0.0000	0.0008	0.0000	0.0016	92.0847	0.0048	0.0005	-0.0044	2.0000	0.0061	5.0000	3.0249	0.0009	0.0000	0.0009	0.0000	0.0000	0.0000	0.0009	0.0000	0.0009	0.0082	0.0082	0.0000	0.0082	0.0082	0.0000	0.0000	0.0000	0.0000	0.0004	0.0004	0.0000	0.0001	0.0001	0.0000	0.0003	0.0002	0.0000	0.0528	0.0281	0.0247	0.0046	0.0042	0.0004	0.0482	0.0239	0.0243	14.3014	0.0930	11797.0224	0.0439	0.0401	0.0000	3861.8336	0.0000	11622.6742	0.1558	0.2912	0.0016	1.7824	1.9487	0.0000	0.0008	0.0000	0.0016	
38	71	0.0449	2	2	0	2	0	0	0	0	0	Y	N	Y	N	N	N	N	N	N	N	N	N	0.6571	0.0000	1.6106	0.6507	0.0000	1.5863	0.0838	0.0000	0.5509	0.0000	0.0000	0.0000	0.0841	0.0000	0.5516	0.1275	0.0101	0.3420	0.0000	0.0000	0.0000	0.1293	0.0103	0.3477	inf	23.8182	0.0000	0.0034	2.0000	0.0044	5.0000	4.0281	0.0000	0.0000	0.0000	0.0000	0.0000	0.0000	0.0000	0.0000	0.0000	0.0082	0.0003	0.0079	0.0000	0.0000	0.0000	0.0082	0.0003	0.0079	0.0001	0.0001	0.0000	0.0000	0.0000	0.0000	0.0001	0.0001	0.0000	0.0642	0.0328	0.0314	0.0009	0.0008	0.0001	0.0633	0.0320	0.0313	0.6571	0.0000	2.2019	0.0000	0.0000	0.0000	0.6507	0.0000	2.1986	0.1275	0.0101	0.2502	0.0000	0.0000	0.0000	0.1293	0.0103	0.2509			
38	72	0.0867	3	1	1	1	0	0	0	0	0	N	N	N	N	N	N	N	N	N	N	N	N	134299.8760	92319.1355	106539.5514	93211.6543	6.4800	7.5840	0.0000	110.2677	116.5517	0.0000	0.0000	0.0000	0.0000	0.0000	0.0001	0.0000	0.0010	0.0013	0.0000	0.0000	0.0000	0.0000	0.0000	0.0000	-0.4611	-0.0000	2.0000	5.9987	5.0000	11.0016	0.9986	0.9986	0.0000	0.9986	0.9986	0.0000	0.0000	0.0000	0.0000	0.0000	0.0000	0.0000	0.0000	0.0000	0.0000	0.0000	0.0000	0.0000	0.1541	0.1317	0.0224	0.0091	0.0086	0.0005	0.1451	0.1231	0.0219	0.2073	0.1217	0.0855	0.0097	0.0080	0.0017	0.1976	0.1137	0.0839	134299.8760	92319.1355	0.0000	106539.5514	93211.6543	0.0000	0.0000	0.0000	0.0000	0.0000	0.0001	0.0000	0.0010	0.0013	0.0000	0.0000	0.0000	0.0000					
38	73	0.0449	2	2	0	2	0	0	0	0	0	Y	N	Y	N	N	N	N	N	N	N	N	N	inf	inf	inf	inf	18.9537	0.0000	125.5081	0.0000	0.0000	0.0000	19.0369	0.0000	125.6857	0.0000	0.0000	0.0000	0.0000	0.0000	0.0000	0.0000	0.0000	0.0000	inf	0.5383	0.0000	2.0000	2.0000	5.0000	5.0000	1.0000	0.0000	1.0000	0.0000	0.0000	0.0000	1.0000	0.0000	1.0000	0.0000	0.0000	0.0000	0.0000	0.0000	0.0000	0.0000	0.0000	0.0000	0.0528	0.0448	0.0080	0.0002	0.0002	0.0000	0.0525	0.0446	0.0080	0.1084	0.0557	0.0527	0.0015	0.0014	0.0002	0.1069	0.0544	0.0525	inf	0.0000	inf	0.0000	0.0000	0.0000	inf	0.0000	inf	0.0000	0.0000	0.0000	0.0000	0.0000	0.0000	0.0000	0.0000	0.0000						
38	74	0.1285	5	1	1	1	0	0	0	0	0	N	N	N	N	N	N	N	N	N	N	N	N	1.4232	inf	3.2793	0.1159	inf	0.3057	1.6564	3.1440	0.3007	0.0001	2.0811	0.0035	0.0009	0.0617	0.3233	0.0000	2.1239	0.2113	0.0000	0.6346	0.0301	0.0000	0.2019	0.1952	0.0000	0.6755	4877.0000	inf	0.0262	0.0204	2.0000	6.1274	5.0000	13.6208	0.0488	0.0000	0.0488	0.0000	0.0000	0.0000	0.0487	0.0000	0.0487	0.0444	0.0000	0.0444	0.0010	0.0000	0.0010	0.0434	0.0000	0.0434	0.1622	0.1388	0.0234	0.0115	0.0110	0.0005	0.1508	0.1278	0.0229	0.2559	0.1590	0.0969	0.0336	0.0286	0.0050	0.2224	0.1305	0.0919	1.7328	inf	4.5409	0.1159	inf	0.3057	1.6564	0.0000	4.4973	0.1735	0.0000	0.4583	0.0301	0.0000	0.2019	0.1952	0.0000	0.4723	
38	75	0.1530	8	1	0	2	0	0	0	0	0	N	N	Y	N	N	N	N	N	N	N	N	N	0.0000	0.0000	0.0000	0.0000	0.0000	0.0000	0.0000	0.0000	0.0000	0.0000	0.0000	0.0000	0.0000	0.0000	0.0000	0.0000	0.0000	0.0000	0.0000	0.0000	2.0000	0.0000	5.0000	1.0003	0.0000	0.0000	0.0000	0.0000	0.0000	0.0000	0.0000	0.0000	0.0000	0.0000	0.0000	0.0000	0.0000	0.0000	0.0000	0.0000	0.0000	0.0000	0.0000	0.0000	0.0000	0.0000	0.0000	0.0000	0.0000	0.0000	0.0000	0.0162	0.0086	0.0076	0.0016	0.0013	0.0003	0.0146	0.0073	0.0073	0.0000	0.0000	0.0000	0.0000	0.0000	0.0000	0.0000	0.0000	0.0000	0.0000	0.0000	0.0000	0.0000	0.0000	0.0000	0.0000	0.0000	0.0000											
38	76	0.1489	7	1	0	2	0	0	0	0	0	N	N	Y	N	N	N	N	N	N	N	N	N	0.0000	0.0000	0.0000	0.0000	0.0000	0.0000	0.0000	0.0000	0.0000	0.0000	0.0000	0.0000	0.0000	0.0000	0.0000	0.0000	0.0000	0.0000	0.0000	0.0000	2.0000	0.0000	5.0000	1.0076	0.0000	0.0000	0.0000	0.0000	0.0000	0.0000	0.0000	0.0000	0.0000	0.0000	0.0000	0.0000	0.0000	0.0000	0.0000	0.0000	0.0000	0.0000	0.0000	0.0000	0.0000	0.0000	0.0000	0.0000	0.0000	0.0000	0.0000	0.0162	0.0086	0.0076	0.0015	0.0012	0.0003	0.0147	0.0074	0.0073	0.0000	0.0000	0.0000	0.0000	0.0000	0.0000	0.0000	0.0000	0.0000	0.0000	0.0000	0.0000	0.0000	0.0000	0.0000	0.0000	0.0000	0.0000											
38	77	0.1448	6	1	0	1	0	0	0	0	0	N	N	N	N	N	N	N	N	N	N	N	N	3030.6517	inf	0.0000	inf	inf	0.0000	0.0000	3.7961	4.2246	0.0000	11.1163	11.1428	0.0000	0.0000	0.0000	0.0000	0.0013	0.0000	0.0027	0.0000	0.0000	0.0000	0.0014	0.0000	0.0028	0.0000	inf	-0.0004	0.0000	2.0000	0.0026	5.0000	0.9924	0.0008	0.0008	0.0000	0.0008	0.0008	0.0000	0.0000	0.0000	0.0000	0.0000	0.0000	0.0000	0.0000	0.0000	0.0000	0.0000	0.0000	0.0000	0.0002	0.0002	0.0000	0.0001	0.0001	0.0000	0.0001	0.0001	0.0000	0.0160	0.0084	0.0075	0.0015	0.0012	0.0003	0.0145	0.0073	0.0073	3030.6517	inf	0.0000	inf	inf	0.0000	0.0000	0.0000	0.0000	0.0013	0.0000	0.0027	0.0000	0.0000	0.0000	0.0014	0.0000	0.0028		
38	78	0.1285	5	1	0	1	0	0	0	0	0	N	N	N	N	N	N	N	N	N	N	N	N	11.9457	36506.2795	0.0013	2027.4626	102662.6466	0.0001	0.0008	0.0013	11.6624	13.6326	0.0033	133.5483	138.1834	0.0001	0.0005	0.0000	0.0034	0.9763	0.0004	2.6173	0.0659	0.0013	0.9733	0.6871	0.0000	2.6242	0.0000	2294.4876	-0.4389	0.0204	2.0000	2.8733	5.0000	1.5522	0.9505	0.9505	0.0000	0.9505	0.9505	0.0000	0.0000	0.0000	0.0000	0.0444	0.0000	0.0444	0.0010	0.0000	0.0010	0.0434	0.0000	0.0434	0.0815	0.0697	0.0118	0.0071	0.0069	0.0002	0.0744	0.0628	0.0115	0.0788	0.0518	0.0270	0.0156	0.0144	0.0012	0.0632	0.0375	0.0257	20.6827	36506.2795	0.0020	2027.4626	102662.6466	0.0001	0.0008	0.0000	0.0020	0.5639	0.0004	1.6471	0.0659	0.0013	0.8096	0.6871	0.0000	1.6877	
38	79	0.1163	4	1	0	1	0	0	0	0	0	N	N	N	N	N	N	N	N	N	N	N	N	0.3685	68.4583	0.1217	6.4812	34.1506	0.0000	0.1018	0.0046	0.1235	7.3355	6.0520	15.6528	23.3875	23.6016	0.0000	2.6972	0.0001	15.8946	19.9039	0.0884	128.6524	3.6085	0.6911	76.0051	26.5043	0.0222	128.7272	0.3991	323.4413	-0.0118	0.7815	2.0000	0.2102	5.0000	3.4985	0.0669	0.0478	0.0191	0.0478	0.0478	0.0000	0.0191	0.0000	0.0191	1.7102	0.0053	1.7049	0.0100	0.0044	0.0056	1.7002	0.0009	1.6994	0.0091	0.0079	0.0012	0.0020	0.0020	0.0000	0.0071	0.0059	0.0012	0.0859	0.0596	0.0263	0.0218	0.0211	0.0007	0.0641	0.0385	0.0256	0.3685	68.4583	0.2414	51.0830	112.8726	0.0000	0.1018	0.0046	0.2398	19.9039	0.0884	64.8334	0.4578	0.2091	8.4961	26.5043	0.0222	66.2692
38	80	0.1474	6	1	1	1	0	0	0	0	0	N	N	N	N	N	N	N	N	N	N	N	N	inf	inf	inf	inf	0.0009	0.0011	0.0000	0.0115	0.0124	0.0000	0.0000	0.0000	0.0000	0.0000	0.0000	0.0000	0.0000	0.0000	0.0000	0.0000	0.0000	0.0000	0.0000	-0.0000	0.0000	2.0000	2.0196	5.0000	6.0690	0.0001	0.0001	0.0000	0.0001	0.0001	0.0000	0.0000	0.0000	0.0000	0.0000	0.0000	0.0000	0.0000	0.0000	0.0000	0.0000	0.0000	0.0000	0.0546	0.0466	0.0080	0.0044	0.0040	0.0003	0.0502	0.0425	0.0077	0.1153	0.0706	0.0447	0.0201	0.0153	0.0048	0.0952	0.0552	0.0400	inf	inf	0.0000	inf	inf	0.0000	0.0000	0.0000	0.0000	0.0000	0.0000	0.0000	0.0000	0.0000	0.0000	0.0000	0.0000	0.0000						
38	81	0.1392	5	1	0	1	0	0	0	0	0	N	N	N	N	N	N	N	N	N	N	N	N	inf	inf	inf	inf	inf	inf	inf	0.0072	0.0062	0.0128	0.0864	0.0910	0.0000	0.0020	0.0000	0.0131	0.0000	0.0000	0.0000	0.0000	0.0000	0.0000	0.0000	0.0000	0.0000	0.3571	-0.0000	0.0000	2.0000	0.9876	5.0000	0.9833	0.0002	0.0001	0.0000	0.0001	0.0001	0.0000	0.0000	0.0000	0.0000	0.0000	0.0000	0.0000	0.0000	0.0000	0.0000	0.0000	0.0000	0.0000	0.0264	0.0225	0.0039	0.0016	0.0015	0.0001	0.0248	0.0210	0.0038	0.0279	0.0170	0.0109	0.0037	0.0029	0.0008	0.0242	0.0141	0.0101	inf	inf	inf	inf	inf	0.0000	inf	0.0000	inf	0.0000	0.0000	0.0000	0.0000	0.0000	0.0000	0.0000	0.0000	0.0000			
38	82	0.0731	3	2	0	2	0	0	0	0	0	Y	N	Y	N	N	N	N	N	N	N	N	N	inf	inf	inf	inf	inf	inf	37.2763	43.7988	0.0000	788.0787	827.1742	0.0000	0.0106	0.0125	0.0000	0.0000	0.0000	0.0000	0.0000	0.0000	0.0000	0.0000	0.0000	0.0000	0.0000	-0.4617	0.0000	2.0000	1.0000	5.0000	2.9874	1.0000	1.0000	0.0000	0.9997	0.9997	0.0000	0.0003	0.0003	0.0000	0.0000	0.0000	0.0000	0.0000	0.0000	0.0000	0.0000	0.0000	0.0000	0.0268	0.0228	0.0040	0.0013	0.0012	0.0001	0.0256	0.0216	0.0039	0.0565	0.0338	0.0227	0.0044	0.0039	0.0006	0.0520	0.0300	0.0221	inf	inf	0.0000	inf	inf	0.0000	inf	inf	0.0000	0.0000	0.0000	0.0000	0.0000	0.0000	0.0000	0.0000	0.0000	0.0000				
38	83	0.0449	2	2	0	2	0	0	0	0	0	Y	N	Y	N	N	N	N	N	N	N	N	N	inf	inf	inf	inf	inf	inf	37.5491	0.0009	247.7756	0.0000	0.0000	0.0000	37.7133	0.0009	248.1238	0.0000	0.0000	0.0000	0.0000	0.0000	0.0000	0.0000	0.0000	0.0000	49985.5000	0.5381	0.0000	2.0000	0.9997	5.0000	6.0128	0.9997	0.0000	0.9997	0.0000	0.0000	0.0000	0.9997	0.0000	0.9997	0.0000	0.0000	0.0000	0.0000	0.0000	0.0000	0.0000	0.0000	0.0000	0.0266	0.0226	0.0040	0.0001	0.0001	0.0000	0.0265	0.0225	0.0040	0.1086	0.0558	0.0528	0.0015	0.0014	0.0002	0.1071	0.0545	0.0526	inf	inf	inf	0.0000	0.0000	0.0000	inf	inf	inf	0.0000	0.0000	0.0000	0.0000	0.0000	0.0000	0.0000	0.0000	0.0000				
38	84	0.0867	3	1	1	1	1	0	0	0	0	N	N	N	N	N	N	N	N	N	N	N	N	0.0016	0.0028	0.0016	0.0030	0.0068	0.0000	0.0469	0.0000	0.0000	0.0000	0.0072	0.0000	0.0480	4.1899	0.0000	16.7878	0.0000	0.0000	0.0000	4.3962	0.0000	15.9121	inf	inf	0.0007	0.4601	2.0000	8.0013	5.0000	12.0015	0.0014	0.0000	0.0014	0.0000	0.0000	0.0000	0.0014	0.0000	0.0014	1.0000	0.0000	1.0000	0.0000	0.0000	0.0000	1.0000	0.0000	1.0000	0.2017	0.1726	0.0292	0.0118	0.0111	0.0006	0.1900	0.1614	0.0285	0.2387	0.1402	0.0985	0.0112	0.0093	0.0019	0.2275	0.1309	0.0965	0.0016	0.0000	0.0046	0.0000	0.0000	0.0000	0.0016	0.0000	0.0046	4.1899	0.0000	10.1569	0.0000	0.0000	0.0000	4.3962	0.0000	10.3604					
38	85	0.1431	5	1	1	1	0	0	0	0	0	N	N	N	N	N	N	N	N	N	N	N	N	0.0000	0.0000	0.0000	0.0000	0.0000	0.0000	0.0000	0.0000	0.0000	0.0000	0.0000	0.0000	0.0000	0.0000	0.0000	0.0000	0.0000	0.0000	0.0000	0.0000	2.0000	1.0000	5.0000	6.9850	0.0000	0.0000	0.0000	0.0000	0.0000	0.0000	0.0000	0.0000	0.0000	0.0000	0.0000	0.0000	0.0000	0.0000	0.0000	0.0000	0.0000	0.0000	0.0268	0.0228	0.0040	0.0014	0.0013	0.0001	0.0254	0.0215	0.0039	0.1063	0.0641	0.0422	0.0120	0.0095	0.0025	0.0943	0.0546	0.0397	0.0000	0.0000	0.0000	0.0000	0.0000	0.0000	0.0000	0.0000	0.0000	0.0000	0.0000	0.0000	0.0000	0.0000	0.0000	0.0000	0.0000	0.0000											
38	86	0.1304	4	1	0	1	0	0	0	0	0	N	N	N	N	N	N	N	N	N	N	N	N	0.0141	inf	0.0000	0.3791	inf	0.0000	0.0000	0.0000	0.0004	0.0004	0.0000	0.0065	0.0068	0.0000	0.0000	0.0000	0.0000	0.0261	0.0000	0.0648	0.0171	0.0000	0.0810	0.0272	0.0000	0.0648	0.0000	inf	-0.0000	0.0005	2.0000	1.0086	5.0000	2.0000	0.0000	0.0000	0.0000	0.0000	0.0000	0.0000	0.0000	0.0000	0.0000	0.0011	0.0000	0.0011	0.0001	0.0000	0.0001	0.0010	0.0000	0.0010	0.0273	0.0233	0.0040	0.0015	0.0015	0.0001	0.0258	0.0218	0.0040	0.0418	0.0250	0.0168	0.0047	0.0037	0.0010	0.0372	0.0213	0.0158	0.0141	inf	0.0000	0.3791	inf	0.0000	0.0000	0.0000	0.0000	0.0261	0.0000	0.0648	0.0171	0.0000	0.0810	0.0272	0.0000	0.0638	
38	87	0.0449	2	1	1	1	0	0	0	0	0	N	N	N	N	N	N	N	N	N	N	N	N	inf	inf	inf	inf	9.6566	0.0000	64.3874	0.0000	0.0000	0.0000	9.6993	0.0000	64.4798	0.0000	0.0000	0.0000	0.0000	0.0000	0.0000	0.0000	0.0000	0.0000	inf	0.5383	0.0000	2.0000	4.0000	5.0000	7.0000	1.0000	0.0000	1.0000	0.0000	0.0000	0.0000	1.0000	0.0000	1.0000	0.0000	0.0000	0.0000	0.0000	0.0000	0.0000	0.0000	0.0000	0.0000	0.1036	0.0880	0.0155	0.0005	0.0004	0.0000	0.1031	0.0876	0.0155	0.1642	0.0851	0.0791	0.0023	0.0021	0.0002	0.1618	0.0830	0.0788	inf	0.0000	inf	0.0000	0.0000	0.0000	inf	0.0000	inf	0.0000	0.0000	0.0000	0.0000	0.0000	0.0000	0.0000	0.0000	0.0000						
38	89	0.1477	6	1	1	1	0	0	0	0	0	N	N	N	N	N	N	N	N	N	N	N	N	inf	inf	inf	inf	8.5360	9.7858	0.0000	22.6860	22.7384	0.0000	0.0000	0.0000	0.0000	0.0000	0.0000	0.0000	0.0000	0.0000	0.0000	0.0000	0.0000	0.0000	0.0000	-0.0059	0.0000	2.0000	0.0157	5.0000	9.0253	0.0128	0.0128	0.0000	0.0128	0.0128	0.0000	0.0000	0.0000	0.0000	0.0000	0.0000	0.0000	0.0000	0.0000	0.0000	0.0000	0.0000	0.0000	0.0015	0.0013	0.0002	0.0006	0.0006	0.0000	0.0009	0.0007	0.0002	0.1212	0.0738	0.0474	0.0177	0.0137	0.0040	0.1035	0.0601	0.0434	inf	inf	0.0000	inf	inf	0.0000	0.0000	0.0000	0.0000	0.0000	0.0000	0.0000	0.0000	0.0000	0.0000	0.0000	0.0000	0.0000						
38	90	0.1392	5	1	1	1	0	0	0	0	0	N	N	N	N	N	N	N	N	N	N	N	N	inf	inf	inf	inf	inf	inf	inf	inf	25.9773	0.3492	174.6450	2.4996	2.6923	0.0000	28.9122	0.0268	184.6292	0.0000	0.0000	0.0000	0.0000	0.0000	0.0000	0.0000	0.0000	0.0000	86.2165	0.0068	0.0000	2.0000	0.0169	5.0000	2.0013	0.0129	0.0001	0.0128	0.0001	0.0001	0.0000	0.0128	0.0000	0.0128	0.0000	0.0000	0.0000	0.0000	0.0000	0.0000	0.0000	0.0000	0.0000	0.0005	0.0004	0.0001	0.0001	0.0001	0.0000	0.0004	0.0004	0.0001	0.0285	0.0173	0.0112	0.0038	0.0029	0.0008	0.0248	0.0144	0.0104	inf	inf	inf	inf	inf	0.0000	inf	inf	inf	0.0000	0.0000	0.0000	0.0000	0.0000	0.0000	0.0000	0.0000	0.0000		
38	91	0.1304	4	1	0	1	0	0	0	0	0	N	N	N	N	N	N	N	N	N	N	N	N	0.0747	inf	0.1538	0.1458	inf	0.0000	0.0703	0.1894	0.0028	0.0002	0.0179	0.0035	0.0037	0.0000	0.0028	0.0000	0.0182	0.0378	0.0000	0.1161	0.0240	0.0000	0.1183	0.0396	0.0000	0.0960	14.0020	inf	0.0001	0.0005	2.0000	1.9923	5.0000	0.0454	0.0001	0.0000	0.0001	0.0000	0.0000	0.0000	0.0001	0.0000	0.0001	0.0011	0.0000	0.0011	0.0001	0.0000	0.0001	0.0010	0.0000	0.0010	0.0531	0.0453	0.0078	0.0029	0.0027	0.0001	0.0502	0.0425	0.0077	0.0288	0.0173	0.0116	0.0033	0.0027	0.0007	0.0255	0.0146	0.0109	0.0747	inf	0.1897	0.1458	inf	0.0000	0.0703	0.0000	0.1962	0.0378	0.0000	0.0941	0.0240	0.0000	0.1183	0.0396	0.0000	0.0927	
38	92	0.0867	3	1	0	1	0	0	0	0	0	N	N	N	N	N	N	N	N	N	N	N	N	0.0029	0.0000	0.0042	0.0000	0.0000	0.0033	0.0000	0.0048	0.0505	0.0000	0.3420	0.0000	0.0000	0.0000	0.0538	0.0000	0.3496	17.7088	0.0011	82.3365	0.0000	0.0000	0.0000	16.2855	0.0011	73.3776	inf	24985.4380	0.0007	0.9196	2.0000	1.0098	5.0000	9.0196	0.0014	0.0000	0.0014	0.0000	0.0000	0.0000	0.0014	0.0000	0.0014	1.9990	0.0001	1.9989	0.0000	0.0000	0.0000	1.9990	0.0001	1.9989	0.0273	0.0233	0.0040	0.0017	0.0016	0.0001	0.0256	0.0217	0.0039	0.1287	0.0755	0.0531	0.0059	0.0049	0.0010	0.1227	0.0706	0.0521	0.0033	0.0000	0.0091	0.0000	0.0000	0.0000	0.0033	0.0000	0.0091	15.5376	0.0011	37.6225	0.0000	0.0000	0.0000	16.2855	0.0011	38.3519	
38	93	0.1834	8	2	1	1	1	0	0	0	0	Y	N	N	N	N	N	N	N	N	N	N	N	0.0000	0.0000	0.0000	0.0000	0.0000	0.0000	0.0000	0.0000	0.0000	0.0000	0.0000	0.0000	0.0000	0.0000	0.0000	0.0000	0.0000	0.0000	0.0000	0.0000	2.0000	0.0000	5.0000	0.0000	0.0000	0.0000	0.0000	0.0000	0.0000	0.0000	0.0000	0.0000	0.0000	0.0000	0.0000	0.0000	0.0000	0.0000	0.0000	0.0000	0.0000	0.0000	0.0000	0.0000	0.0000	0.0000	0.0000	0.0000	0.0000	0.0000	0.0000	0.0000	0.0000	0.0000	0.0000	0.0000	0.0000	0.0000	0.0000	0.0000	0.0000	0.0000	0.0000	0.0000	0.0000	0.0000	0.0000	0.0000	0.0000	0.0000	0.0000	0.0000	0.0000	0.0000	0.0000	0.0000	0.0000	0.0000											
38	94	0.1834	7	2	1	1	1	0	0	0	0	Y	N	N	N	N	N	N	N	N	N	N	N	0.0000	0.0000	0.0000	0.0000	0.0000	0.0000	0.0000	0.0000	0.0000	0.0000	0.0000	0.0000	0.0000	0.0000	0.0000	0.0000	0.0000	0.0000	0.0000	0.0000	2.0000	0.0000	5.0000	0.0001	0.0000	0.0000	0.0000	0.0000	0.0000	0.0000	0.0000	0.0000	0.0000	0.0000	0.0000	0.0000	0.0000	0.0000	0.0000	0.0000	0.0000	0.0000	0.0000	0.0000	0.0000	0.0000	0.0000	0.0000	0.0000	0.0000	0.0000	0.0000	0.0000	0.0000	0.0000	0.0000	0.0000	0.0000	0.0000	0.0000	0.0000	0.0000	0.0000	0.0000	0.0000	0.0000	0.0000	0.0000	0.0000	0.0000	0.0000	0.0000	0.0000	0.0000	0.0000	0.0000	0.0000	0.0000											
38	95	0.1655	6	1	1	1	1	0	0	0	0	N	N	N	N	N	N	N	N	N	N	N	N	inf	inf	inf	inf	35.7774	41.8320	0.0000	339.0980	354.8349	0.0000	0.0000	0.0000	0.0000	0.0000	0.0000	0.0000	0.0000	0.0000	0.0000	0.0000	0.0000	0.0000	0.0000	-0.4538	0.0000	2.0000	0.9845	5.0000	0.9903	0.9829	0.9829	0.0000	0.9829	0.9829	0.0000	0.0000	0.0000	0.0000	0.0000	0.0000	0.0000	0.0000	0.0000	0.0000	0.0000	0.0000	0.0000	0.0275	0.0235	0.0040	0.0029	0.0028	0.0001	0.0246	0.0207	0.0038	0.0287	0.0177	0.0111	0.0034	0.0030	0.0004	0.0253	0.0146	0.0107	inf	inf	0.0000	inf	inf	0.0000	0.0000	0.0000	0.0000	0.0000	0.0000	0.0000	0.0000	0.0000	0.0000	0.0000	0.0000	0.0000						
38	96	0.1626	6	1	1	1	0	0	0	0	0	N	N	N	N	N	N	N	N	N	N	N	N	0.0006	0.0001	inf	3.4430	3.1829	0.0004	0.0000	inf	0.0062	0.0017	0.0321	0.0202	0.0214	0.0000	0.0051	0.0000	0.0330	9.7198	14.8621	0.0000	0.0059	0.0067	0.0000	13.8602	24.7234	0.0000	3.2500	0.0000	0.0001	-0.5394	2.0000	1.0063	5.0000	3.7812	0.0002	0.0000	0.0001	0.0000	0.0000	0.0000	0.0001	0.0000	0.0001	0.9990	0.9990	0.0000	0.0002	0.0002	0.0000	0.9988	0.9988	0.0000	0.0275	0.0235	0.0041	0.0020	0.0019	0.0001	0.0255	0.0216	0.0039	0.1028	0.0672	0.0356	0.0307	0.0268	0.0039	0.0721	0.0404	0.0317	0.0006	0.0001	inf	3.4430	3.1829	0.0000	0.0004	0.0000	inf	9.7198	14.8621	0.0000	0.0059	0.0067	0.0000	13.8602	24.7234	0.0000	
38	97	0.1655	6	1	0	2	1	0	0	0	0	N	N	Y	N	N	N	N	N	N	N	N	N	inf	inf	inf	inf	0.6048	0.0000	4.1772	0.0000	0.0000	0.0000	0.6756	0.0000	4.3170	0.0000	0.0000	0.0000	0.0000	0.0000	0.0000	0.0000	0.0000	0.0000	inf	0.0092	0.0000	2.0000	1.0165	5.0000	1.0129	0.0171	0.0000	0.0171	0.0000	0.0000	0.0000	0.0171	0.0000	0.0171	0.0000	0.0000	0.0000	0.0000	0.0000	0.0000	0.0000	0.0000	0.0000	0.0283	0.0242	0.0041	0.0030	0.0028	0.0001	0.0253	0.0214	0.0040	0.0295	0.0181	0.0114	0.0035	0.0031	0.0004	0.0260	0.0150	0.0109	inf	0.0000	inf	0.0000	0.0000	0.0000	inf	0.0000	inf	0.0000	0.0000	0.0000	0.0000	0.0000	0.0000	0.0000	0.0000	0.0000						
38	98	0.1525	5	1	0	1	1	0	0	0	0	N	N	N	N	N	N	N	N	N	N	N	N	inf	inf	inf	inf	inf	inf	inf	0.4286	0.3630	0.8115	4.1584	4.3987	0.0000	0.1283	0.0000	0.8347	0.0000	0.0000	0.0000	0.0000	0.0000	0.0000	0.0000	0.0000	0.0000	0.3832	-0.0043	0.0000	2.0000	2.0241	5.0000	1.0265	0.0235	0.0170	0.0065	0.0170	0.0170	0.0000	0.0065	0.0000	0.0065	0.0000	0.0000	0.0000	0.0000	0.0000	0.0000	0.0000	0.0000	0.0000	0.0549	0.0468	0.0080	0.0041	0.0039	0.0002	0.0508	0.0430	0.0078	0.0421	0.0255	0.0166	0.0055	0.0044	0.0010	0.0367	0.0210	0.0156	inf	inf	inf	inf	inf	0.0000	inf	0.0000	inf	0.0000	0.0000	0.0000	0.0000	0.0000	0.0000	0.0000	0.0000	0.0000			
38	99	0.1525	5	1	0	2	1	0	0	0	0	N	N	Y	N	N	N	N	N	N	N	N	N	inf	inf	inf	inf	0.0824	0.0000	0.5643	0.0000	0.0000	0.0000	0.0889	0.0000	0.5805	0.0000	0.0000	0.0000	0.0000	0.0000	0.0000	0.0000	0.0000	0.0000	inf	0.0036	0.0000	2.0000	3.0066	5.0000	0.0000	0.0066	0.0000	0.0066	0.0000	0.0000	0.0000	0.0066	0.0000	0.0066	0.0000	0.0000	0.0000	0.0000	0.0000	0.0000	0.0000	0.0000	0.0000	0.0805	0.0687	0.0117	0.0059	0.0055	0.0003	0.0746	0.0632	0.0114	0.0415	0.0251	0.0164	0.0054	0.0044	0.0010	0.0361	0.0208	0.0154	inf	0.0000	inf	0.0000	0.0000	0.0000	inf	0.0000	inf	0.0000	0.0000	0.0000	0.0000	0.0000	0.0000	0.0000	0.0000	0.0000						
38	100	0.1782	5	1	0	2	1	0	0	0	0	N	N	Y	N	N	N	N	N	N	N	N	N	0.0000	0.0000	0.0000	0.0000	0.0000	0.0000	0.0000	0.0000	0.0000	0.0000	0.0000	0.0000	0.0000	0.0000	0.0000	0.0000	0.0000	0.0000	0.0000	0.0000	2.0000	0.0000	5.0000	2.0000	0.0000	0.0000	0.0000	0.0000	0.0000	0.0000	0.0000	0.0000	0.0000	0.0000	0.0000	0.0000	0.0000	0.0000	0.0000	0.0000	0.0000	0.0000	0.0000	0.0000	0.0000	0.0000	0.0000	0.0000	0.0000	0.0000	0.0000	0.0268	0.0160	0.0108	0.0036	0.0029	0.0007	0.0232	0.0131	0.0101	0.0000	0.0000	0.0000	0.0000	0.0000	0.0000	0.0000	0.0000	0.0000	0.0000	0.0000	0.0000	0.0000	0.0000	0.0000	0.0000	0.0000	0.0000											
38	101	0.1392	4	1	0	2	1	0	0	0	0	N	N	Y	N	N	N	N	N	N	N	N	N	26.4387	0.1911	inf	0.4246	0.3871	inf	inf	0.0062	0.0001	0.0422	0.0007	0.0007	0.0000	0.0067	0.0000	0.0442	0.0002	0.0004	0.0000	0.0016	0.0019	0.0000	0.0000	0.0000	0.0000	97.0000	0.0000	0.0005	-0.0000	2.0000	5.8899	5.0000	3.1847	0.0010	0.0000	0.0010	0.0000	0.0000	0.0000	0.0010	0.0000	0.0010	0.0000	0.0000	0.0000	0.0000	0.0000	0.0000	0.0000	0.0000	0.0000	0.1584	0.1354	0.0230	0.0145	0.0135	0.0010	0.1439	0.1220	0.0219	0.1282	0.0777	0.0505	0.0185	0.0156	0.0028	0.1097	0.0620	0.0477	26.4387	0.1911	inf	0.4246	0.3871	0.0000	inf	0.0000	inf	0.0002	0.0004	0.0000	0.0016	0.0019	0.0000	0.0000	0.0000	0.0000		
38	102	0.1860	4	2	1	1	0	0	0	0	0	Y	N	N	N	N	N	N	N	N	N	N	N	0.0000	0.0000	0.0000	0.0000	0.0000	0.0000	0.0000	0.0000	0.0000	0.0000	0.0000	0.0000	0.0000	0.0000	0.0000	0.0000	0.0000	0.0000	0.0000	0.0000	2.0000	0.0000	5.0000	0.0000	0.0000	0.0000	0.0000	0.0000	0.0000	0.0000	0.0000	0.0000	0.0000	0.0000	0.0000	0.0000	0.0000	0.0000	0.0000	0.0000	0.0000	0.0000	0.0000	0.0000	0.0000	0.0000	0.0000	0.0000	0.0000	0.0000	0.0000	0.0000	0.0000	0.0000	0.0000	0.0000	0.0000	0.0000	0.0000	0.0000	0.0000	0.0000	0.0000	0.0000	0.0000	0.0000	0.0000	0.0000	0.0000	0.0000	0.0000	0.0000	0.0000	0.0000	0.0000	0.0000	0.0000	0.0000											
38	103	0.0867	3	2	1	1	0	0	0	0	0	Y	N	N	N	N	N	N	N	N	N	N	N	175.7691	0.0000	inf	0.0000	0.0000	inf	inf	0.0068	0.0000	0.0469	0.0000	0.0000	0.0000	0.0072	0.0000	0.0480	0.0000	0.0001	0.0000	0.0008	0.0010	0.0000	0.0000	0.0000	0.0000	inf	0.0000	0.0007	-0.0000	2.0000	8.0012	5.0000	14.0016	0.0014	0.0000	0.0014	0.0000	0.0000	0.0000	0.0014	0.0000	0.0014	0.0000	0.0000	0.0000	0.0000	0.0000	0.0000	0.0000	0.0000	0.0000	0.2017	0.1726	0.0292	0.0118	0.0111	0.0006	0.1900	0.1614	0.0285	0.2588	0.1521	0.1067	0.0122	0.0101	0.0021	0.2466	0.1420	0.1046	175.7691	0.0000	inf	0.0000	0.0000	0.0000	inf	0.0000	inf	0.0000	0.0001	0.0000	0.0008	0.0010	0.0000	0.0000	0.0000	0.0000		
38	104	0.1497	4	1	1	1	0	0	0	0	0	N	N	N	N	N	N	N	N	N	N	N	N	0.0000	0.0000	0.0000	0.0000	0.0000	0.0000	0.0000	0.0000	0.0000	0.0000	0.0000	0.0000	0.0000	0.0002	0.0004	0.0000	0.0010	0.0013	0.0000	0.0000	0.0000	0.0000	0.0000	0.0000	-0.0000	2.0000	2.0010	5.0000	1.0153	0.0000	0.0000	0.0000	0.0000	0.0000	0.0000	0.0000	0.0000	0.0000	0.0000	0.0000	0.0000	0.0000	0.0000	0.0000	0.0000	0.0000	0.0000	0.0530	0.0452	0.0078	0.0031	0.0030	0.0002	0.0499	0.0423	0.0076	0.0437	0.0268	0.0169	0.0096	0.0075	0.0022	0.0341	0.0193	0.0147	0.0000	0.0000	0.0000	0.0000	0.0000	0.0000	0.0000	0.0000	0.0000	0.0002	0.0004	0.0000	0.0010	0.0013	0.0000	0.0000	0.0000	0.0000						
38	105	0.0867	3	1	1	1	0	0	0	0	0	N	N	N	N	N	N	N	N	N	N	N	N	150.3851	0.0000	inf	0.0000	0.0000	305.0189	0.0000	inf	0.0172	0.0000	0.1169	0.0000	0.0000	0.0000	0.0183	0.0000	0.1195	0.0001	0.0002	0.0000	0.0012	0.0015	0.0000	0.0001	0.0001	0.0000	inf	0.0000	0.0007	-0.0000	2.0000	3.0162	5.0000	11.0438	0.0014	0.0000	0.0014	0.0000	0.0000	0.0000	0.0014	0.0000	0.0014	0.0000	0.0000	0.0000	0.0000	0.0000	0.0000	0.0000	0.0000	0.0000	0.0798	0.0680	0.0117	0.0048	0.0045	0.0003	0.0750	0.0635	0.0115	0.1751	0.1028	0.0723	0.0081	0.0067	0.0014	0.1670	0.0961	0.0709	150.3851	0.0000	inf	0.0000	0.0000	0.0000	305.0189	0.0000	inf	0.0001	0.0002	0.0000	0.0012	0.0015	0.0000	0.0001	0.0001	0.0000	
38	106	0.1876	8	2	1	1	0	0	0	0	0	Y	N	N	N	N	N	N	N	N	N	N	N	0.0000	0.0000	0.0000	0.0000	0.0000	0.0000	0.0000	0.0000	0.0000	0.0000	0.0000	0.0000	0.0000	0.0000	0.0000	0.0000	0.0000	0.0000	0.0000	0.0000	2.0000	1.0000	5.0000	1.0000	0.0000	0.0000	0.0000	0.0000	0.0000	0.0000	0.0000	0.0000	0.0000	0.0000	0.0000	0.0000	0.0000	0.0000	0.0000	0.0000	0.0000	0.0000	0.0271	0.0231	0.0040	0.0019	0.0017	0.0001	0.0253	0.0214	0.0039	0.0287	0.0184	0.0103	0.0093	0.0075	0.0018	0.0193	0.0109	0.0085	0.0000	0.0000	0.0000	0.0000	0.0000	0.0000	0.0000	0.0000	0.0000	0.0000	0.0000	0.0000	0.0000	0.0000	0.0000	0.0000	0.0000	0.0000											
38	107	0.1834	7	2	1	1	0	0	0	0	0	Y	N	N	N	N	N	N	N	N	N	N	N	0.0000	0.0000	0.0000	0.0000	0.0000	0.0000	0.0000	0.0000	0.0000	0.0000	0.0000	0.0000	0.0000	0.0000	0.0000	0.0000	0.0000	0.0000	0.0000	0.0000	2.0000	0.0000	5.0000	0.9999	0.0000	0.0000	0.0000	0.0000	0.0000	0.0000	0.0000	0.0000	0.0000	0.0000	0.0000	0.0000	0.0000	0.0000	0.0000	0.0000	0.0000	0.0000	0.0000	0.0000	0.0000	0.0000	0.0000	0.0000	0.0000	0.0000	0.0000	0.0144	0.0090	0.0053	0.0038	0.0030	0.0007	0.0106	0.0060	0.0046	0.0000	0.0000	0.0000	0.0000	0.0000	0.0000	0.0000	0.0000	0.0000	0.0000	0.0000	0.0000	0.0000	0.0000	0.0000	0.0000	0.0000	0.0000											
38	108	0.1626	6	2	1	1	0	0	0	0	0	Y	N	N	N	N	N	N	N	N	N	N	N	28.8208	5.1648	inf	7.4853	6.5852	inf	inf	0.3320	0.0911	1.7857	0.2908	0.2931	0.0000	0.3471	0.0000	1.8135	0.0115	0.0176	0.0000	0.0388	0.0445	0.0000	0.0000	0.0000	0.0000	3.2500	0.0000	0.0001	-0.0006	2.0000	0.0100	5.0000	4.8896	0.0002	0.0000	0.0001	0.0000	0.0000	0.0000	0.0001	0.0000	0.0001	0.0012	0.0012	0.0000	0.0012	0.0012	0.0000	0.0000	0.0000	0.0000	0.0005	0.0004	0.0001	0.0001	0.0001	0.0000	0.0004	0.0003	0.0001	0.1042	0.0681	0.0361	0.0309	0.0270	0.0039	0.0733	0.0411	0.0322	28.8208	5.1648	inf	7.4853	6.5852	0.0000	inf	0.0000	inf	0.0115	0.0176	0.0000	0.0388	0.0445	0.0000	0.0000	0.0000	0.0000		
38	109	0.1525	5	1	1	1	0	0	0	0	0	N	N	N	N	N	N	N	N	N	N	N	N	6.8172	0.0975	309.1993	inf	inf	6.3209	0.0000	298.4441	0.2455	0.0055	1.6449	0.0589	0.0621	0.0000	0.2616	0.0000	1.6916	0.0360	0.0560	0.0053	0.0000	0.0000	0.0000	0.0414	0.0679	0.0057	51.6435	0.0619	0.0035	-0.0006	2.0000	1.0007	5.0000	1.4004	0.0068	0.0001	0.0067	0.0001	0.0001	0.0000	0.0067	0.0000	0.0067	0.0012	0.0011	0.0001	0.0000	0.0000	0.0000	0.0012	0.0011	0.0001	0.0277	0.0236	0.0041	0.0022	0.0021	0.0001	0.0255	0.0216	0.0039	0.0333	0.0202	0.0132	0.0043	0.0035	0.0008	0.0290	0.0167	0.0123	6.8172	0.0975	309.1993	inf	inf	0.0000	6.3209	0.0000	298.4441	0.0360	0.0560	0.0053	0.0000	0.0000	0.0000	0.0414	0.0679	0.0057	
38	110	0.1392	4	1	0	1	0	0	0	0	0	N	N	N	N	N	N	N	N	N	N	N	N	904.1909	568.8965	inf	440.5993	434.7375	inf	inf	0.5146	0.5269	0.4431	1.3577	1.5078	0.0000	0.0976	0.0000	0.5709	0.0006	0.0009	0.0000	0.0031	0.0035	0.0000	0.0000	0.0000	0.0000	0.1453	0.0000	-0.0025	-0.0000	2.0000	0.3039	5.0000	2.8719	0.0076	0.0066	0.0010	0.0066	0.0066	0.0000	0.0010	0.0000	0.0010	0.0000	0.0000	0.0000	0.0000	0.0000	0.0000	0.0000	0.0000	0.0000	0.0148	0.0126	0.0022	0.0049	0.0044	0.0005	0.0099	0.0082	0.0017	0.0527	0.0324	0.0203	0.0097	0.0086	0.0011	0.0430	0.0237	0.0192	904.1909	568.8965	inf	440.5993	434.7375	0.0000	inf	0.0000	inf	0.0006	0.0009	0.0000	0.0031	0.0035	0.0000	0.0000	0.0000	0.0000		
38	111	0.0867	3	1	0	1	0	0	0	0	0	N	N	N	N	N	N	N	N	N	N	N	N	88.7530	25.1967	inf	113.8808	99.7375	70.4791	0.0000	inf	0.0234	0.0113	0.0938	0.1628	0.1721	0.0000	0.0146	0.0000	0.0959	0.0003	0.0004	0.0000	0.0014	0.0017	0.0000	0.0002	0.0004	0.0000	1.4232	0.0000	0.0003	-0.0000	2.0000	3.8240	5.0000	8.1760	0.0023	0.0010	0.0014	0.0010	0.0010	0.0000	0.0014	0.0000	0.0014	0.0000	0.0000	0.0000	0.0000	0.0000	0.0000	0.0000	0.0000	0.0000	0.1003	0.0856	0.0147	0.0060	0.0056	0.0003	0.0944	0.0800	0.0144	0.1517	0.0891	0.0626	0.0070	0.0058	0.0012	0.1447	0.0833	0.0614	88.7530	25.1967	inf	113.8808	99.7375	0.0000	70.4791	0.0000	inf	0.0003	0.0004	0.0000	0.0014	0.0017	0.0000	0.0002	0.0004	0.0000	
38	115	0.2793	6	1	0	1	0	0	0	0	0	N	N	N	N	N	N	N	N	N	N	N	N	37.3359	31.1483	37.7531	28.0501	3.3314	3.8336	0.0000	20.4537	21.1730	0.0000	0.0000	0.0000	0.0000	0.0892	0.1231	0.0000	0.5418	0.7548	0.0000	0.0000	0.0000	0.0000	0.0000	0.0000	-0.3998	-0.0251	2.0000	8.9918	5.0000	13.3277	0.8659	0.8659	0.0000	0.8659	0.8659	0.0000	0.0000	0.0000	0.0000	0.0465	0.0465	0.0000	0.0465	0.0465	0.0000	0.0000	0.0000	0.0000	0.2599	0.2259	0.0340	0.0423	0.0409	0.0014	0.2176	0.1850	0.0326	0.5207	0.3775	0.1432	0.2560	0.2172	0.0388	0.2647	0.1603	0.1044	37.3359	31.1483	0.0000	112.6969	98.9977	0.0000	0.0000	0.0000	0.0000	0.0892	0.1231	0.0000	0.1815	0.2139	0.0000	0.0000	0.0000	0.0000					
39	41	0.0431	2	0	2	0	1	0	0	0	0	N	Y	N	N	N	N	N	N	N	N	N	N	0.0000	0.0000	0.0000	0.0000	0.0000	0.0000	0.0000	0.0000	0.0000	0.0000	0.0000	0.0000	0.0000	0.0000	0.0000	0.0000	0.0000	0.3156	0.9008	0.0002	19.2945	23.6074	0.0003	0.0001	0.0000	0.0002	0.0003	0.0000	-0.0129	0.0217	0.0000	6.0735	7.0150	0.0000	0.0000	0.0000	0.0000	0.0000	0.0000	0.0000	0.0000	0.0000	0.0238	0.0238	0.0000	0.0238	0.0238	0.0000	0.0000	0.0000	0.0000	0.0000	0.0000	0.0000	0.0000	0.0000	0.0000	0.0000	0.0000	0.0000	0.0997	0.0584	0.0414	0.0155	0.0124	0.0031	0.0843	0.0460	0.0383	0.0000	0.0000	0.0000	0.0000	0.0000	0.0000	0.0000	0.0000	0.0000	0.2391	0.4084	0.0002	1.5392	1.9215	0.0003	0.0001	0.0000	0.0002		
39	42	0.1582	6	1	1	1	0	0	0	0	0	N	N	N	N	N	N	N	N	N	N	N	N	0.0000	0.0000	0.0000	0.0000	0.0000	0.0000	0.0000	0.0000	0.0000	0.0000	0.0000	0.0000	0.0000	0.0000	0.0000	0.0000	0.0000	0.0000	0.0000	0.0000	0.0217	0.0000	6.0735	0.0000	0.0000	0.0000	0.0000	0.0000	0.0000	0.0000	0.0000	0.0000	0.0000	0.0000	0.0000	0.0000	0.0000	0.0000	0.0000	0.0000	0.0000	0.0000	0.0000	0.0000	0.0000	0.0000	0.0000	0.0000	0.0000	0.0000	0.0000	0.0000	0.0000	0.0000	0.0000	0.0000	0.0000	0.0000	0.0000	0.0000	0.0000	0.0000	0.0000	0.0000	0.0000	0.0000	0.0000	0.0000	0.0000	0.0000	0.0000	0.0000	0.0000	0.0000	0.0000	0.0000	0.0000	0.0000											
39	43	0.1414	5	1	1	1	0	0	0	0	0	N	N	N	N	N	N	N	N	N	N	N	N	0.0000	0.0000	0.0000	0.0000	0.0000	0.0000	0.0000	0.0000	0.0000	0.0000	0.0000	0.0000	0.0000	0.0000	0.0000	0.0000	0.0000	0.0000	0.0000	0.0000	0.0217	1.0000	6.0735	3.0000	0.0000	0.0000	0.0000	0.0000	0.0000	0.0000	0.0000	0.0000	0.0000	0.0000	0.0000	0.0000	0.0000	0.0000	0.0000	0.0000	0.0000	0.0000	0.0011	0.0009	0.0002	0.0004	0.0004	0.0000	0.0007	0.0005	0.0001	0.0533	0.0334	0.0198	0.0129	0.0100	0.0029	0.0404	0.0234	0.0170	0.0000	0.0000	0.0000	0.0000	0.0000	0.0000	0.0000	0.0000	0.0000	0.0000	0.0000	0.0000	0.0000	0.0000	0.0000	0.0000	0.0000	0.0000											
39	44	0.1414	5	1	1	1	0	0	0	0	0	N	N	N	N	N	N	N	N	N	N	N	N	0.0000	0.0000	0.0000	0.0000	0.0000	0.0000	0.0000	0.0000	0.0000	0.0000	0.0000	0.0000	0.0000	0.0002	0.0003	0.0000	0.0008	0.0010	0.0000	0.0000	0.0000	0.0000	0.0000	0.0000	-0.0000	0.0217	1.0000	6.0735	3.0000	0.0000	0.0000	0.0000	0.0000	0.0000	0.0000	0.0000	0.0000	0.0000	0.0000	0.0000	0.0000	0.0000	0.0000	0.0000	0.0000	0.0000	0.0000	0.0011	0.0009	0.0002	0.0004	0.0004	0.0000	0.0007	0.0005	0.0001	0.0533	0.0334	0.0198	0.0129	0.0100	0.0029	0.0404	0.0234	0.0170	0.0000	0.0000	0.0000	0.0000	0.0000	0.0000	0.0000	0.0000	0.0000	0.0002	0.0003	0.0000	0.0008	0.0010	0.0000	0.0000	0.0000	0.0000						
39	45	0.0861	3	0	1	1	0	0	0	0	0	N	N	N	N	N	N	N	N	N	N	N	N	0.0000	0.0000	0.0000	0.0000	0.0000	0.0000	0.0000	0.0000	0.0000	0.0000	0.0000	0.0000	0.0000	0.0000	0.0000	0.0000	0.0000	0.0000	0.0000	0.0000	0.0217	0.0000	6.0735	0.0000	0.0000	0.0000	0.0000	0.0000	0.0000	0.0000	0.0000	0.0000	0.0000	0.0000	0.0000	0.0000	0.0000	0.0000	0.0000	0.0000	0.0000	0.0000	0.0000	0.0000	0.0000	0.0000	0.0000	0.0000	0.0000	0.0000	0.0000	0.0000	0.0000	0.0000	0.0000	0.0000	0.0000	0.0000	0.0000	0.0000	0.0000	0.0000	0.0000	0.0000	0.0000	0.0000	0.0000	0.0000	0.0000	0.0000	0.0000	0.0000	0.0000	0.0000	0.0000	0.0000	0.0000	0.0000											
39	46	0.0431	2	0	1	0	0	0	0	0	0	N	N	N	N	N	N	N	N	N	N	N	N	0.0000	0.0000	0.0000	0.0000	0.0000	0.0000	0.0000	0.0000	0.0000	0.0000	0.0000	0.0000	0.0000	0.0000	0.0000	0.0000	0.0000	7.3377	0.0052	34.2038	0.0454	0.0252	0.1250	8.4788	0.0000	37.1865	2350.3600	0.0000	0.4560	0.0217	4.0000	6.0735	5.9850	0.0000	0.0000	0.0000	0.0000	0.0000	0.0000	0.0000	0.0000	0.0000	0.9921	0.0004	0.9917	0.0010	0.0004	0.0005	0.9912	0.0000	0.9912	0.0042	0.0036	0.0006	0.0015	0.0015	0.0000	0.0027	0.0021	0.0006	0.1379	0.0806	0.0573	0.0210	0.0167	0.0042	0.1169	0.0639	0.0530	0.0000	0.0000	0.0000	0.0000	0.0000	0.0000	0.0000	0.0000	0.0000	7.1951	0.0052	17.3131	0.0454	0.0252	0.1250	8.4788	0.0000	18.6868		
39	47	0.1141	4	0	2	0	0	0	0	0	0	N	Y	N	N	N	N	N	N	N	N	N	N	0.0000	0.0000	0.0000	0.0000	0.0000	0.0000	0.0000	0.0000	0.0000	0.0000	0.0000	0.0000	0.0000	0.0000	0.0000	0.0000	0.0000	0.0000	0.0000	0.0000	0.0217	0.0000	6.0735	0.0000	0.0000	0.0000	0.0000	0.0000	0.0000	0.0000	0.0000	0.0000	0.0000	0.0000	0.0000	0.0000	0.0000	0.0000	0.0000	0.0000	0.0000	0.0000	0.0000	0.0000	0.0000	0.0000	0.0000	0.0000	0.0000	0.0000	0.0000	0.0000	0.0000	0.0000	0.0000	0.0000	0.0000	0.0000	0.0000	0.0000	0.0000	0.0000	0.0000	0.0000	0.0000	0.0000	0.0000	0.0000	0.0000	0.0000	0.0000	0.0000	0.0000	0.0000	0.0000	0.0000	0.0000	0.0000											
39	48	0.1739	7	1	2	1	0	0	0	0	0	N	Y	N	N	N	N	N	N	N	N	N	N	0.0000	0.0000	0.0000	0.0000	0.0000	0.0000	0.0000	0.0000	0.0000	0.0000	0.0000	0.0000	0.0000	0.0000	0.0000	0.0002	0.0000	0.0005	0.0000	0.0000	0.0001	0.0003	0.0000	0.0006	inf	0.0000	0.0000	0.0217	0.0000	6.0735	2.0152	0.0000	0.0000	0.0000	0.0000	0.0000	0.0000	0.0000	0.0000	0.0000	0.0000	0.0000	0.0000	0.0000	0.0000	0.0000	0.0000	0.0000	0.0000	0.0000	0.0000	0.0000	0.0000	0.0000	0.0000	0.0000	0.0000	0.0000	0.0294	0.0184	0.0110	0.0087	0.0070	0.0018	0.0207	0.0114	0.0092	0.0000	0.0000	0.0000	0.0000	0.0000	0.0000	0.0000	0.0000	0.0000	0.0002	0.0000	0.0005	0.0000	0.0000	0.0001	0.0003	0.0000	0.0006				
39	49	0.1697	6	1	1	1	0	0	0	0	0	N	N	N	N	N	N	N	N	N	N	N	N	0.0000	0.0000	0.0000	0.0000	0.0000	0.0000	0.0000	0.0000	0.0000	0.0000	0.0000	0.0000	0.0000	0.0000	0.0000	0.0004	0.0006	0.0000	0.0013	0.0016	0.0001	0.0000	0.0000	0.0000	0.0222	0.0000	-0.0000	0.0217	0.0003	6.0735	1.0311	0.0000	0.0000	0.0000	0.0000	0.0000	0.0000	0.0000	0.0000	0.0000	0.0000	0.0000	0.0000	0.0000	0.0000	0.0000	0.0000	0.0000	0.0000	0.0000	0.0000	0.0000	0.0000	0.0000	0.0000	0.0000	0.0000	0.0000	0.0152	0.0096	0.0056	0.0045	0.0036	0.0009	0.0108	0.0060	0.0047	0.0000	0.0000	0.0000	0.0000	0.0000	0.0000	0.0000	0.0000	0.0000	0.0004	0.0006	0.0000	0.0013	0.0016	0.0001	0.0000	0.0000	0.0000				
39	50	0.1697	6	1	2	1	0	0	0	0	0	N	Y	N	N	N	N	N	N	N	N	N	N	0.0000	0.0000	0.0000	0.0000	0.0000	0.0000	0.0000	0.0000	0.0000	0.0000	0.0000	0.0000	0.0000	0.0000	0.0000	0.0000	0.0000	0.0000	0.0001	0.0000	0.0000	0.0000	inf	0.0000	0.0000	0.0217	0.0003	6.0735	1.0126	0.0000	0.0000	0.0000	0.0000	0.0000	0.0000	0.0000	0.0000	0.0000	0.0000	0.0000	0.0000	0.0000	0.0000	0.0000	0.0000	0.0000	0.0000	0.0000	0.0000	0.0000	0.0000	0.0000	0.0000	0.0000	0.0000	0.0000	0.0150	0.0095	0.0055	0.0044	0.0036	0.0009	0.0106	0.0059	0.0046	0.0000	0.0000	0.0000	0.0000	0.0000	0.0000	0.0000	0.0000	0.0000	0.0000	0.0000	0.0000	0.0000	0.0000	0.0001	0.0000	0.0000	0.0000						
39	51	0.1989	5	1	2	0	0	0	0	0	0	N	Y	N	N	N	N	N	N	N	N	N	N	0.0000	0.0000	0.0000	0.0000	0.0000	0.0000	0.0000	0.0000	0.0000	0.0000	0.0000	0.0000	0.0000	0.0000	0.0000	0.0000	0.0000	0.0000	0.0000	0.0000	0.0217	0.0000	6.0735	1.0000	0.0000	0.0000	0.0000	0.0000	0.0000	0.0000	0.0000	0.0000	0.0000	0.0000	0.0000	0.0000	0.0000	0.0000	0.0000	0.0000	0.0000	0.0000	0.0000	0.0000	0.0000	0.0000	0.0000	0.0000	0.0000	0.0000	0.0000	0.0140	0.0088	0.0052	0.0043	0.0035	0.0008	0.0098	0.0053	0.0044	0.0000	0.0000	0.0000	0.0000	0.0000	0.0000	0.0000	0.0000	0.0000	0.0000	0.0000	0.0000	0.0000	0.0000	0.0000	0.0000	0.0000	0.0000											
39	52	0.0821	4	0	2	0	1	0	0	0	0	N	Y	N	N	N	N	N	N	N	N	N	N	0.0000	0.0000	0.0000	0.0000	0.0000	0.0000	0.0000	0.0000	0.0000	0.0000	0.0000	0.0000	0.0000	0.0000	0.0000	0.0000	0.0000	0.0000	12.2485	0.0121	72.9694	2.1037	0.0299	2.7452	16.8433	0.0000	82.3374	1459.2886	0.0000	0.2348	0.0217	0.9995	6.0735	1.0399	0.0000	0.0000	0.0000	0.0000	0.0000	0.0000	0.0000	0.0000	0.0000	0.5112	0.0004	0.5108	0.0041	0.0003	0.0038	0.5070	0.0000	0.5070	0.0011	0.0009	0.0002	0.0004	0.0004	0.0000	0.0007	0.0005	0.0002	0.0435	0.0288	0.0147	0.0134	0.0117	0.0017	0.0301	0.0171	0.0130	0.0000	0.0000	0.0000	0.0000	0.0000	0.0000	0.0000	0.0000	0.0000	11.7433	0.0121	34.7094	0.3086	0.0299	2.1993	16.8433	0.0000	39.0261	
39	53	0.0821	4	0	1	0	1	0	0	0	0	N	N	N	N	N	N	N	N	N	N	N	N	0.0000	0.0000	0.0000	0.0000	0.0000	0.0000	0.0000	0.0000	0.0000	0.0000	0.0000	0.0000	0.0000	0.0000	0.0000	0.0000	0.0000	0.0048	0.0076	0.0000	0.0179	0.0213	0.0000	0.0000	0.0000	0.0000	0.0000	0.0000	-0.0002	0.0217	3.0005	6.0735	1.0125	0.0000	0.0000	0.0000	0.0000	0.0000	0.0000	0.0000	0.0000	0.0000	0.0003	0.0003	0.0000	0.0003	0.0003	0.0000	0.0000	0.0000	0.0000	0.0032	0.0027	0.0004	0.0012	0.0012	0.0000	0.0020	0.0016	0.0004	0.0710	0.0450	0.0260	0.0190	0.0160	0.0030	0.0521	0.0291	0.0230	0.0000	0.0000	0.0000	0.0000	0.0000	0.0000	0.0000	0.0000	0.0000	0.0048	0.0076	0.0000	0.0179	0.0213	0.0000	0.0000	0.0000	0.0000		
39	54	0.0739	3	0	1	0	1	0	0	0	0	N	N	N	N	N	N	N	N	N	N	N	N	0.0000	0.0000	0.0000	0.0000	0.0000	0.0000	0.0000	0.0000	0.0000	0.0000	0.0000	0.0000	0.0000	0.0000	0.0000	0.0000	0.0000	0.0000	18.6774	2.8217	87.9802	136.1862	156.6074	0.0666	20.5799	0.2861	87.3018	18.3816	0.0000	0.2093	0.0217	0.0013	6.0735	1.9704	0.0000	0.0000	0.0000	0.0000	0.0000	0.0000	0.0000	0.0000	0.0000	0.5124	0.0264	0.4860	0.0228	0.0227	0.0001	0.4896	0.0037	0.4859	0.0000	0.0000	0.0000	0.0000	0.0000	0.0000	0.0000	0.0000	0.0000	0.0284	0.0167	0.0117	0.0046	0.0037	0.0010	0.0238	0.0131	0.0107	0.0000	0.0000	0.0000	0.0000	0.0000	0.0000	0.0000	0.0000	0.0000	18.0367	1.5804	41.6047	4.9307	6.1957	0.0666	20.5799	0.2861	45.2943	
39	55	0.0431	2	0	1	0	1	0	0	0	0	N	N	N	N	N	N	N	N	N	N	N	N	0.0000	0.0000	0.0000	0.0000	0.0000	0.0000	0.0000	0.0000	0.0000	0.0000	0.0000	0.0000	0.0000	0.0000	0.0000	0.0000	0.0000	0.0000	0.0008	0.0010	0.0004	0.0038	0.0047	0.0003	0.0002	0.0000	0.0004	0.3002	0.0000	-0.0000	0.0217	3.0000	6.0735	4.0155	0.0000	0.0000	0.0000	0.0000	0.0000	0.0000	0.0000	0.0000	0.0000	0.0001	0.0001	0.0000	0.0001	0.0001	0.0000	0.0000	0.0000	0.0000	0.0032	0.0027	0.0004	0.0011	0.0011	0.0000	0.0020	0.0016	0.0004	0.0998	0.0584	0.0414	0.0155	0.0124	0.0031	0.0843	0.0460	0.0383	0.0000	0.0000	0.0000	0.0000	0.0000	0.0000	0.0000	0.0000	0.0000	0.0008	0.0010	0.0004	0.0038	0.0047	0.0003	0.0002	0.0000	0.0004	
39	56	0.1603	7	0	2	1	0	0	0	0	0	N	Y	N	N	N	N	N	N	N	N	N	N	0.0000	0.0000	0.0000	0.0000	0.0000	0.0000	0.0000	0.0000	0.0000	0.0000	0.0000	0.0000	0.0000	0.0000	0.0000	0.0000	0.0000	0.0000	1.2343	2.5751	0.0001	0.0018	0.0019	0.0009	1.2341	2.0668	0.0000	0.0001	0.0000	-0.0564	0.0217	2.0013	6.0735	5.6727	0.0000	0.0000	0.0000	0.0000	0.0000	0.0000	0.0000	0.0000	0.0000	0.1044	0.1044	0.0000	0.0001	0.0001	0.0000	0.1044	0.1044	0.0000	0.0021	0.0018	0.0003	0.0008	0.0008	0.0000	0.0013	0.0010	0.0003	0.1254	0.0849	0.0405	0.0408	0.0344	0.0064	0.0846	0.0505	0.0341	0.0000	0.0000	0.0000	0.0000	0.0000	0.0000	0.0000	0.0000	0.0000	0.8331	1.2306	0.0001	0.0018	0.0019	0.0009	1.2341	2.0668	0.0000	
39	57	0.1565	6	0	2	0	0	0	0	0	0	N	Y	N	N	N	N	N	N	N	N	N	N	0.0000	0.0000	0.0000	0.0000	0.0000	0.0000	0.0000	0.0000	0.0000	0.0000	0.0000	0.0000	0.0000	0.0000	0.0000	0.0000	0.0000	0.0000	19.7460	26.6441	0.0031	0.8216	0.9133	0.0025	33.0705	50.8527	0.0032	0.0000	0.0000	-0.4674	0.0217	0.0033	6.0735	1.3874	0.0000	0.0000	0.0000	0.0000	0.0000	0.0000	0.0000	0.0000	0.0000	0.8658	0.8657	0.0000	0.0037	0.0037	0.0000	0.8621	0.8621	0.0000	0.0000	0.0000	0.0000	0.0000	0.0000	0.0000	0.0000	0.0000	0.0000	0.0438	0.0334	0.0104	0.0178	0.0165	0.0013	0.0261	0.0170	0.0091	0.0000	0.0000	0.0000	0.0000	0.0000	0.0000	0.0000	0.0000	0.0000	19.7460	25.8835	0.0031	0.2059	0.2217	0.0025	33.0705	50.8527	0.0032	
39	58	0.1414	5	1	1	1	0	0	0	0	0	N	N	N	N	N	N	N	N	N	N	N	N	0.0000	0.0000	0.0000	0.0000	0.0000	0.0000	0.0000	0.0000	0.0000	0.0000	0.0000	0.0000	0.0000	0.0000	0.0000	0.0000	0.0000	0.0000	0.0000	0.0000	0.0217	0.0000	6.0735	2.0000	0.0000	0.0000	0.0000	0.0000	0.0000	0.0000	0.0000	0.0000	0.0000	0.0000	0.0000	0.0000	0.0000	0.0000	0.0000	0.0000	0.0000	0.0000	0.0000	0.0000	0.0000	0.0000	0.0000	0.0000	0.0000	0.0000	0.0000	0.0271	0.0170	0.0101	0.0065	0.0051	0.0015	0.0205	0.0119	0.0086	0.0000	0.0000	0.0000	0.0000	0.0000	0.0000	0.0000	0.0000	0.0000	0.0000	0.0000	0.0000	0.0000	0.0000	0.0000	0.0000	0.0000	0.0000											
39	59	0.1565	6	0	2	0	0	0	0	0	0	N	Y	N	N	N	N	N	N	N	N	N	N	0.0000	0.0000	0.0000	0.0000	0.0000	0.0000	0.0000	0.0000	0.0000	0.0000	0.0000	0.0000	0.0000	0.0000	0.0000	0.0000	0.0000	0.0000	0.5804	1.3115	0.0000	12.2297	14.9903	0.0000	0.0000	0.0000	0.0000	0.0000	0.0000	-0.0185	0.0217	1.9997	6.0735	3.4660	0.0000	0.0000	0.0000	0.0000	0.0000	0.0000	0.0000	0.0000	0.0000	0.0342	0.0342	0.0000	0.0342	0.0342	0.0000	0.0000	0.0000	0.0000	0.0021	0.0018	0.0003	0.0008	0.0008	0.0000	0.0013	0.0010	0.0003	0.0955	0.0657	0.0297	0.0315	0.0270	0.0045	0.0640	0.0388	0.0252	0.0000	0.0000	0.0000	0.0000	0.0000	0.0000	0.0000	0.0000	0.0000	0.3586	0.5208	0.0000	1.0876	1.2702	0.0000	0.0000	0.0000	0.0000	
39	60	0.1414	5	0	2	0	0	0	0	0	0	N	Y	N	N	N	N	N	N	N	N	N	N	0.0000	0.0000	0.0000	0.0000	0.0000	0.0000	0.0000	0.0000	0.0000	0.0000	0.0000	0.0000	0.0000	0.0000	0.0000	0.0000	0.0000	1.1870	2.4618	0.0006	0.0007	0.0009	0.0000	0.9370	1.6160	0.0006	0.0003	0.0000	-0.0185	0.0217	0.0005	6.0735	3.6054	0.0000	0.0000	0.0000	0.0000	0.0000	0.0000	0.0000	0.0000	0.0000	0.0342	0.0342	0.0000	0.0000	0.0000	0.0000	0.0342	0.0342	0.0000	0.0000	0.0000	0.0000	0.0000	0.0000	0.0000	0.0000	0.0000	0.0000	0.0482	0.0302	0.0179	0.0116	0.0090	0.0026	0.0365	0.0212	0.0154	0.0000	0.0000	0.0000	0.0000	0.0000	0.0000	0.0000	0.0000	0.0000	0.7109	1.1327	0.0006	0.0007	0.0009	0.0000	0.9370	1.6160	0.0006		
39	61	0.1141	4	0	1	1	0	0	0	0	0	N	N	N	N	N	N	N	N	N	N	N	N	0.0000	0.0000	0.0000	0.0000	0.0000	0.0000	0.0000	0.0000	0.0000	0.0000	0.0000	0.0000	0.0000	0.0000	0.0000	0.0000	0.0000	0.0000	0.0000	0.0000	0.0217	0.0000	6.0735	1.0000	0.0000	0.0000	0.0000	0.0000	0.0000	0.0000	0.0000	0.0000	0.0000	0.0000	0.0000	0.0000	0.0000	0.0000	0.0000	0.0000	0.0000	0.0000	0.0000	0.0000	0.0000	0.0000	0.0000	0.0000	0.0000	0.0000	0.0000	0.0139	0.0081	0.0058	0.0016	0.0014	0.0002	0.0123	0.0068	0.0056	0.0000	0.0000	0.0000	0.0000	0.0000	0.0000	0.0000	0.0000	0.0000	0.0000	0.0000	0.0000	0.0000	0.0000	0.0000	0.0000	0.0000	0.0000											
39	62	0.1099	3	0	1	0	0	0	0	0	0	N	N	N	N	N	N	N	N	N	N	N	N	0.0000	0.0000	0.0000	0.0000	0.0000	0.0000	0.0000	0.0000	0.0000	0.0000	0.0000	0.0000	0.0000	0.0000	0.0000	0.0000	0.0000	0.0000	0.0308	0.0503	0.0006	0.1088	0.2400	0.0015	0.0025	0.0041	0.0003	0.0082	0.0000	-0.0003	0.0217	0.0001	6.0735	1.0076	0.0000	0.0000	0.0000	0.0000	0.0000	0.0000	0.0000	0.0000	0.0000	0.0006	0.0006	0.0000	0.0006	0.0006	0.0000	0.0000	0.0000	0.0000	0.0000	0.0000	0.0000	0.0000	0.0000	0.0000	0.0000	0.0000	0.0000	0.0203	0.0123	0.0079	0.0067	0.0046	0.0021	0.0135	0.0077	0.0058	0.0000	0.0000	0.0000	0.0000	0.0000	0.0000	0.0000	0.0000	0.0000	0.0308	0.0503	0.0006	0.0878	0.1281	0.0015	0.0025	0.0041	0.0003	
39	63	0.0431	2	0	1	0	0	0	0	0	0	N	N	N	N	N	N	N	N	N	N	N	N	0.0000	0.0000	0.0000	0.0000	0.0000	0.0000	0.0000	0.0000	0.0000	0.0000	0.0000	0.0000	0.0000	0.0000	0.0000	0.0000	0.0000	0.0000	0.0913	0.0058	0.2989	0.5114	0.0041	1.0032	0.0758	0.0062	0.1980	25.9892	0.0000	0.0077	0.0217	11.9999	6.0735	3.0574	0.0000	0.0000	0.0000	0.0000	0.0000	0.0000	0.0000	0.0000	0.0000	0.0181	0.0007	0.0175	0.0053	0.0001	0.0052	0.0128	0.0006	0.0123	0.0115	0.0099	0.0015	0.0041	0.0041	0.0000	0.0073	0.0058	0.0015	0.1988	0.1162	0.0826	0.0295	0.0235	0.0060	0.1693	0.0927	0.0766	0.0000	0.0000	0.0000	0.0000	0.0000	0.0000	0.0000	0.0000	0.0000	0.0913	0.0058	0.2114	0.1801	0.0041	0.8656	0.0758	0.0062	0.1599	
39	64	0.1414	5	1	2	0	0	0	0	0	0	N	Y	N	N	N	N	N	N	N	N	N	N	0.0000	0.0000	0.0000	0.0000	0.0000	0.0000	0.0000	0.0000	0.0000	0.0000	0.0000	0.0000	0.0000	0.0000	0.0000	0.0000	0.0000	0.0000	0.0000	0.0000	0.0217	4.0000	6.0735	3.0000	0.0000	0.0000	0.0000	0.0000	0.0000	0.0000	0.0000	0.0000	0.0000	0.0000	0.0000	0.0000	0.0000	0.0000	0.0000	0.0000	0.0000	0.0000	0.0042	0.0036	0.0006	0.0016	0.0016	0.0000	0.0026	0.0020	0.0006	0.0910	0.0571	0.0339	0.0219	0.0170	0.0049	0.0692	0.0401	0.0291	0.0000	0.0000	0.0000	0.0000	0.0000	0.0000	0.0000	0.0000	0.0000	0.0000	0.0000	0.0000	0.0000	0.0000	0.0000	0.0000	0.0000	0.0000											
39	65	0.0996	4	0	1	0	0	0	0	0	0	N	N	N	N	N	N	N	N	N	N	N	N	0.0000	0.0000	0.0000	0.0000	0.0000	0.0000	0.0000	0.0000	0.0000	0.0000	0.0000	0.0000	0.0000	0.1589	0.4304	0.0000	6.7596	10.2887	0.0000	0.0000	0.0000	0.0000	0.0000	0.0000	-0.0124	0.0217	2.0015	6.0735	10.0016	0.0000	0.0000	0.0000	0.0000	0.0000	0.0000	0.0000	0.0000	0.0000	0.0230	0.0230	0.0000	0.0230	0.0230	0.0000	0.0000	0.0000	0.0000	0.0021	0.0018	0.0003	0.0008	0.0008	0.0000	0.0014	0.0011	0.0003	0.1555	0.0930	0.0625	0.0320	0.0248	0.0072	0.1235	0.0682	0.0553	0.0000	0.0000	0.0000	0.0000	0.0000	0.0000	0.0000	0.0000	0.0000	0.1482	0.2479	0.0000	0.7201	0.9285	0.0000	0.0000	0.0000	0.0000						
39	67	0.2544	6	0	1	0	0	0	0	0	0	N	N	N	N	N	N	N	N	N	N	N	N	0.0016	0.0000	7.6824	0.0001	0.0000	68.2436	0.0208	0.0000	17.9600	0.0008	0.0000	0.0061	0.0004	0.0000	0.1517	0.0011	0.0000	0.0049	0.5281	1.2842	0.0008	6.7036	8.3289	0.0022	0.0517	0.0894	0.0003	inf	0.0007	0.0000	-0.0739	0.0217	4.8614	6.0735	14.2102	0.0000	0.0000	0.0000	0.0000	0.0000	0.0000	0.0000	0.0000	0.0000	0.1370	0.1369	0.0001	0.1262	0.1261	0.0001	0.0108	0.0108	0.0000	0.0052	0.0045	0.0007	0.0020	0.0020	0.0000	0.0032	0.0025	0.0007	0.3928	0.2717	0.1211	0.1835	0.1509	0.0326	0.2093	0.1207	0.0886	0.0024	0.0000	7.6824	0.0006	0.0000	68.2436	0.0208	0.0000	17.9600	0.3487	0.5039	0.0008	0.6875	0.8354	0.0022	0.0517	0.0894	0.0003
39	68	0.1753	8	1	2	1	0	0	0	0	0	N	Y	N	N	N	N	N	N	N	N	N	N	0.0000	0.0000	0.0000	0.0000	0.0000	0.0000	0.0000	0.0000	0.0000	0.0000	0.0000	0.0000	0.0000	0.0000	0.0000	0.0000	0.0000	0.0000	0.0000	0.0000	0.0217	0.0000	6.0735	0.0000	0.0000	0.0000	0.0000	0.0000	0.0000	0.0000	0.0000	0.0000	0.0000	0.0000	0.0000	0.0000	0.0000	0.0000	0.0000	0.0000	0.0000	0.0000	0.0000	0.0000	0.0000	0.0000	0.0000	0.0000	0.0000	0.0000	0.0000	0.0000	0.0000	0.0000	0.0000	0.0000	0.0000	0.0000	0.0000	0.0000	0.0000	0.0000	0.0000	0.0000	0.0000	0.0000	0.0000	0.0000	0.0000	0.0000	0.0000	0.0000	0.0000	0.0000	0.0000	0.0000	0.0000	0.0000											
39	69	0.1711	7	1	1	1	0	0	0	0	0	N	N	N	N	N	N	N	N	N	N	N	N	0.0000	0.0000	0.0000	0.0000	0.0000	0.0000	0.0000	0.0000	0.0000	0.0000	0.0000	0.0000	0.0000	0.0000	0.0000	0.0000	0.0000	0.0000	0.0000	0.0000	0.0000	0.0000	0.0000	0.0000	0.0000	0.0000	0.2344	0.0000	-0.0000	0.0217	0.0016	6.0735	0.9826	0.0000	0.0000	0.0000	0.0000	0.0000	0.0000	0.0000	0.0000	0.0000	0.0000	0.0000	0.0000	0.0000	0.0000	0.0000	0.0000	0.0000	0.0000	0.0000	0.0000	0.0000	0.0000	0.0000	0.0000	0.0000	0.0000	0.0000	0.0146	0.0093	0.0052	0.0047	0.0038	0.0009	0.0099	0.0055	0.0043	0.0000	0.0000	0.0000	0.0000	0.0000	0.0000	0.0000	0.0000	0.0000	0.0000	0.0000	0.0000	0.0000	0.0000	0.0000	0.0000	0.0000	0.0000		
39	70	0.1584	6	1	1	1	0	0	0	0	0	N	N	N	N	N	N	N	N	N	N	N	N	0.0000	0.0000	0.0000	0.0000	0.0000	0.0000	0.0000	0.0000	0.0000	0.0000	0.0000	0.0000	0.0000	0.0000	0.0000	0.0000	0.0000	0.0000	0.0004	0.0007	0.0000	0.0015	0.0018	0.0001	0.0000	0.0000	0.0000	0.0128	0.0000	-0.0000	0.0217	0.0061	6.0735	3.0249	0.0000	0.0000	0.0000	0.0000	0.0000	0.0000	0.0000	0.0000	0.0000	0.0000	0.0000	0.0000	0.0000	0.0000	0.0000	0.0000	0.0000	0.0000	0.0000	0.0000	0.0000	0.0000	0.0000	0.0000	0.0000	0.0000	0.0000	0.0448	0.0289	0.0159	0.0136	0.0111	0.0025	0.0312	0.0178	0.0135	0.0000	0.0000	0.0000	0.0000	0.0000	0.0000	0.0000	0.0000	0.0000	0.0004	0.0007	0.0000	0.0015	0.0018	0.0001	0.0000	0.0000	0.0000	
39	71	0.1414	5	1	1	1	0	0	0	0	0	N	N	N	N	N	N	N	N	N	N	N	N	0.0000	0.0000	0.0000	0.0000	0.0000	0.0000	0.0000	0.0000	0.0000	0.0000	0.0000	0.0000	0.0000	0.0000	0.0000	0.0002	0.0003	0.0000	0.0000	0.0001	0.0000	0.0002	0.0004	0.0000	0.0000	0.0000	-0.0000	0.0217	0.0044	6.0735	4.0281	0.0000	0.0000	0.0000	0.0000	0.0000	0.0000	0.0000	0.0000	0.0000	0.0000	0.0000	0.0000	0.0000	0.0000	0.0000	0.0000	0.0000	0.0000	0.0000	0.0000	0.0000	0.0000	0.0000	0.0000	0.0000	0.0000	0.0000	0.0537	0.0337	0.0200	0.0130	0.0101	0.0029	0.0407	0.0236	0.0171	0.0000	0.0000	0.0000	0.0000	0.0000	0.0000	0.0000	0.0000	0.0000	0.0002	0.0003	0.0000	0.0000	0.0001	0.0000	0.0002	0.0004	0.0000				
39	72	0.0996	4	0	2	0	0	0	0	0	0	N	Y	N	N	N	N	N	N	N	N	N	N	0.0000	0.0000	0.0000	0.0000	0.0000	0.0000	0.0000	0.0000	0.0000	0.0000	0.0000	0.0000	0.0000	0.0000	0.0000	4.7101	0.0000	22.7308	0.0030	0.0000	0.0134	5.9166	0.0000	24.4093	inf	0.0000	0.4586	0.0217	5.9987	6.0735	11.0016	0.0000	0.0000	0.0000	0.0000	0.0000	0.0000	0.0000	0.0000	0.0000	0.9968	0.0000	0.9968	0.0001	0.0000	0.0001	0.9967	0.0000	0.9967	0.0061	0.0053	0.0008	0.0022	0.0022	0.0000	0.0039	0.0031	0.0008	0.2116	0.1266	0.0850	0.0432	0.0335	0.0097	0.1685	0.0932	0.0753	0.0000	0.0000	0.0000	0.0000	0.0000	0.0000	0.0000	0.0000	0.0000	4.7101	0.0000	11.7280	0.0030	0.0000	0.0134	5.9166	0.0000	13.2404				
39	73	0.1414	5	1	1	1	0	0	0	0	0	N	N	N	N	N	N	N	N	N	N	N	N	0.0000	0.0000	0.0000	0.0000	0.0000	0.0000	0.0000	0.0000	0.0000	0.0000	0.0000	0.0000	0.0000	11.1800	0.0000	65.1638	0.0000	0.0000	0.0000	14.4084	0.0000	71.8168	inf	0.0000	0.4584	0.0217	2.0000	6.0735	5.0000	0.0000	0.0000	0.0000	0.0000	0.0000	0.0000	0.0000	0.0000	0.0000	0.9965	0.0000	0.9965	0.0000	0.0000	0.0000	0.9965	0.0000	0.9965	0.0021	0.0018	0.0003	0.0008	0.0008	0.0000	0.0013	0.0010	0.0003	0.0910	0.0571	0.0339	0.0219	0.0170	0.0049	0.0692	0.0401	0.0291	0.0000	0.0000	0.0000	0.0000	0.0000	0.0000	0.0000	0.0000	0.0000	10.9459	0.0000	29.3552	0.0000	0.0000	0.0000	14.4084	0.0000	34.2816						
39	74	0.1413	6	0	2	0	0	0	0	0	0	N	Y	N	N	N	N	N	N	N	N	N	N	0.0004	0.0000	0.0191	0.0000	0.0000	0.0000	0.0009	0.0000	0.0174	0.0000	0.0000	0.0003	0.0000	0.0000	0.0000	0.0001	0.0000	0.0003	0.0774	0.1177	0.0132	0.2603	0.4052	0.0002	0.0638	0.1019	0.0144	inf	0.0702	0.0000	-0.0096	0.0217	6.1274	6.0735	13.6208	0.0000	0.0000	0.0000	0.0000	0.0000	0.0000	0.0000	0.0000	0.0000	0.0203	0.0190	0.0013	0.0068	0.0068	0.0000	0.0135	0.0122	0.0013	0.0063	0.0054	0.0009	0.0023	0.0023	0.0000	0.0040	0.0031	0.0009	0.2624	0.1612	0.1012	0.0506	0.0417	0.0089	0.2118	0.1195	0.0923	0.0004	0.0000	0.0191	0.0000	0.0000	0.0000	0.0009	0.0000	0.0174	0.0774	0.1177	0.0132	0.1345	0.1631	0.0002	0.0638	0.1019	0.0144
39	75	0.1659	9	0	1	1	0	0	0	0	0	N	N	N	N	N	N	N	N	N	N	N	N	0.0000	0.0000	0.0000	0.0000	0.0000	0.0000	0.0000	0.0000	0.0000	0.0000	0.0000	0.0000	0.0000	0.0000	0.0000	0.0000	0.0000	0.0000	0.0000	0.0000	0.0000	0.0000	inf	0.0000	0.0000	0.0217	0.0000	6.0735	1.0003	0.0000	0.0000	0.0000	0.0000	0.0000	0.0000	0.0000	0.0000	0.0000	0.0000	0.0000	0.0000	0.0000	0.0000	0.0000	0.0000	0.0000	0.0000	0.0000	0.0000	0.0000	0.0000	0.0000	0.0000	0.0000	0.0000	0.0000	0.0143	0.0089	0.0054	0.0028	0.0023	0.0006	0.0115	0.0066	0.0049	0.0000	0.0000	0.0000	0.0000	0.0000	0.0000	0.0000	0.0000	0.0000	0.0000	0.0000	0.0000	0.0000	0.0000	0.0000	0.0000	0.0000	0.0000						
39	76	0.1618	8	0	1	1	0	0	0	0	0	N	N	N	N	N	N	N	N	N	N	N	N	0.0000	0.0000	0.0000	0.0000	0.0000	0.0000	0.0000	0.0000	0.0000	0.0000	0.0000	0.0000	0.0000	0.0000	0.0000	0.0000	0.0000	0.0300	0.0000	0.0851	0.0000	0.0000	0.0000	0.0370	0.0000	0.0937	20495.1698	0.0000	0.0002	0.0217	0.0000	6.0735	1.0076	0.0000	0.0000	0.0000	0.0000	0.0000	0.0000	0.0000	0.0000	0.0000	0.0004	0.0000	0.0004	0.0000	0.0000	0.0000	0.0004	0.0000	0.0004	0.0000	0.0000	0.0000	0.0000	0.0000	0.0000	0.0000	0.0000	0.0000	0.0143	0.0088	0.0054	0.0027	0.0022	0.0005	0.0116	0.0067	0.0049	0.0000	0.0000	0.0000	0.0000	0.0000	0.0000	0.0000	0.0000	0.0000	0.0300	0.0000	0.0788	0.0000	0.0000	0.0000	0.0370	0.0000	0.0874		
39	77	0.1577	7	0	1	0	0	0	0	0	0	N	N	N	N	N	N	N	N	N	N	N	N	0.0000	0.0000	0.0000	0.0000	0.0000	0.0000	0.0000	0.0000	0.0000	0.0000	0.0000	0.0000	0.0000	0.0000	0.0000	0.0000	0.0000	0.0000	68.9401	0.0006	248.2903	0.0056	0.0025	0.0187	85.4444	0.0000	248.1364	175753.9709	0.0000	0.4523	0.0217	0.0026	6.0735	0.9924	0.0000	0.0000	0.0000	0.0000	0.0000	0.0000	0.0000	0.0000	0.0000	0.9831	0.0000	0.9831	0.0000	0.0000	0.0000	0.9831	0.0000	0.9831	0.0000	0.0000	0.0000	0.0000	0.0000	0.0000	0.0000	0.0000	0.0000	0.0143	0.0088	0.0055	0.0028	0.0022	0.0005	0.0115	0.0066	0.0049	0.0000	0.0000	0.0000	0.0000	0.0000	0.0000	0.0000	0.0000	0.0000	68.9401	0.0006	179.9797	0.0056	0.0025	0.0187	85.4444	0.0000	199.2016	
39	78	0.1413	6	0	1	0	0	0	0	0	0	N	N	N	N	N	N	N	N	N	N	N	N	0.0003	0.0000	0.0008	0.0000	0.0000	0.0000	0.0005	0.0000	0.0007	0.0001	0.0000	0.0005	0.0000	0.0000	0.0000	0.0001	0.0000	0.0005	0.2177	0.0315	0.6236	0.0836	0.1130	0.0006	0.2104	0.0006	0.6827	inf	7.6319	0.0000	0.0049	0.0217	2.8733	6.0735	1.5522	0.0000	0.0000	0.0000	0.0000	0.0000	0.0000	0.0000	0.0000	0.0000	0.0142	0.0016	0.0126	0.0016	0.0016	0.0000	0.0126	0.0000	0.0126	0.0031	0.0027	0.0004	0.0011	0.0011	0.0000	0.0020	0.0015	0.0004	0.0803	0.0523	0.0280	0.0204	0.0179	0.0026	0.0599	0.0344	0.0255	0.0004	0.0000	0.0011	0.0000	0.0000	0.0000	0.0005	0.0000	0.0010	0.1772	0.0315	0.4490	0.0798	0.0913	0.0006	0.2104	0.0006	0.4944
39	79	0.1292	5	0	1	0	0	0	0	0	0	N	N	N	N	N	N	N	N	N	N	N	N	0.0670	0.0323	0.2179	0.0390	0.0358	0.0000	0.0979	0.0000	0.1972	0.0024	0.0009	0.0115	0.0021	0.0021	0.0000	0.0026	0.0000	0.0116	0.0358	0.0287	0.0529	0.0533	0.0580	0.0021	0.0266	0.0050	0.0586	2.0000	0.7625	0.0000	-0.0004	0.0217	0.2102	6.0735	3.4985	0.0000	0.0000	0.0000	0.0000	0.0000	0.0000	0.0000	0.0000	0.0000	0.0034	0.0019	0.0015	0.0018	0.0017	0.0000	0.0017	0.0002	0.0015	0.0003	0.0002	0.0000	0.0001	0.0001	0.0000	0.0002	0.0001	0.0000	0.0951	0.0672	0.0278	0.0329	0.0301	0.0028	0.0622	0.0371	0.0250	0.0670	0.0323	0.2179	0.0390	0.0358	0.0000	0.0979	0.0000	0.1972	0.0358	0.0287	0.0529	0.0533	0.0580	0.0021	0.0266	0.0050	0.0586
39	80	0.0728	5	0	2	0	0	0	0	0	0	N	Y	N	N	N	N	N	N	N	N	N	N	0.1617	0.0000	29.6456	0.0000	0.0000	0.0000	4.0652	0.0000	83.9372	0.0005	0.0000	0.0036	0.0000	0.0000	0.0000	0.0008	0.0000	0.0036	0.0031	0.0051	0.0001	0.0162	0.0196	0.0010	0.0002	0.0003	0.0000	inf	0.0157	0.0000	-0.0002	0.0217	2.0196	6.0735	6.0690	0.0000	0.0000	0.0000	0.0000	0.0000	0.0000	0.0000	0.0000	0.0000	0.0004	0.0004	0.0000	0.0003	0.0003	0.0000	0.0000	0.0000	0.0000	0.0022	0.0019	0.0003	0.0008	0.0008	0.0000	0.0014	0.0011	0.0003	0.1159	0.0697	0.0462	0.0211	0.0173	0.0039	0.0948	0.0524	0.0424	0.1617	0.0000	29.6456	0.0000	0.0000	0.0000	4.0652	0.0000	83.9372	0.0031	0.0051	0.0001	0.0162	0.0196	0.0010	0.0002	0.0003	0.0000
39	81	0.0646	4	0	1	0	0	0	0	0	0	N	N	N	N	N	N	N	N	N	N	N	N	0.3170	0.0618	10.2266	0.3314	0.2765	5.7327	0.3469	0.0000	10.0113	0.0038	0.0012	0.0195	0.0028	0.0028	0.0081	0.0045	0.0000	0.0195	0.0121	0.0192	0.0019	0.0083	0.0100	0.0014	0.0129	0.0218	0.0020	2.8003	0.0686	0.0000	-0.0002	0.0217	0.9876	6.0735	0.9833	0.0000	0.0000	0.0000	0.0000	0.0000	0.0000	0.0000	0.0000	0.0000	0.0004	0.0003	0.0000	0.0000	0.0000	0.0000	0.0003	0.0003	0.0000	0.0011	0.0009	0.0002	0.0004	0.0004	0.0000	0.0007	0.0005	0.0002	0.0291	0.0172	0.0118	0.0048	0.0039	0.0009	0.0243	0.0133	0.0109	0.3170	0.0618	10.2266	0.3314	0.2765	5.7327	0.3469	0.0000	10.0113	0.0121	0.0192	0.0019	0.0083	0.0100	0.0014	0.0129	0.0218	0.0020
39	82	0.1697	6	1	1	1	0	0	0	0	0	N	N	N	N	N	N	N	N	N	N	N	N	0.0000	0.0000	0.0000	0.0000	0.0000	0.0000	0.0000	0.0000	0.0000	0.0000	0.0000	0.0000	0.0000	0.0002	0.0003	0.0000	0.0006	0.0008	0.0000	0.0000	0.0000	0.0000	0.0000	0.0000	-0.0000	0.0217	1.0000	6.0735	2.9874	0.0000	0.0000	0.0000	0.0000	0.0000	0.0000	0.0000	0.0000	0.0000	0.0000	0.0000	0.0000	0.0000	0.0000	0.0000	0.0000	0.0000	0.0000	0.0011	0.0009	0.0002	0.0004	0.0004	0.0000	0.0007	0.0005	0.0002	0.0555	0.0345	0.0210	0.0159	0.0126	0.0033	0.0396	0.0219	0.0177	0.0000	0.0000	0.0000	0.0000	0.0000	0.0000	0.0000	0.0000	0.0000	0.0002	0.0003	0.0000	0.0006	0.0008	0.0000	0.0000	0.0000	0.0000						
39	83	0.1414	5	1	1	1	0	0	0	0	0	N	N	N	N	N	N	N	N	N	N	N	N	0.0000	0.0000	0.0000	0.0000	0.0000	0.0000	0.0000	0.0000	0.0000	0.0000	0.0000	0.0000	0.0000	0.0000	0.0000	0.0000	0.0000	0.0000	0.0000	0.0000	0.0000	0.0000	0.0000	0.0000	-0.0000	0.0217	0.9997	6.0735	6.0128	0.0000	0.0000	0.0000	0.0000	0.0000	0.0000	0.0000	0.0000	0.0000	0.0000	0.0000	0.0000	0.0000	0.0000	0.0000	0.0000	0.0000	0.0000	0.0011	0.0009	0.0002	0.0004	0.0004	0.0000	0.0007	0.0005	0.0001	0.0912	0.0572	0.0340	0.0219	0.0170	0.0049	0.0693	0.0402	0.0291	0.0000	0.0000	0.0000	0.0000	0.0000	0.0000	0.0000	0.0000	0.0000	0.0000	0.0000	0.0000	0.0000	0.0000	0.0000	0.0000	0.0000	0.0000						
39	84	0.0996	4	0	2	0	1	0	0	0	0	N	Y	N	N	N	N	N	N	N	N	N	N	0.0000	0.0000	0.0000	0.0000	0.0000	0.0000	0.0000	0.0000	0.0000	0.0000	0.0000	0.0000	0.0000	0.0000	0.0000	0.0718	0.1200	0.0000	0.1568	0.2625	0.0000	0.0631	0.1140	0.0000	0.0000	0.0000	-0.0094	0.0217	8.0013	6.0735	12.0015	0.0000	0.0000	0.0000	0.0000	0.0000	0.0000	0.0000	0.0000	0.0000	0.0175	0.0175	0.0000	0.0052	0.0052	0.0000	0.0122	0.0122	0.0000	0.0080	0.0069	0.0011	0.0029	0.0029	0.0000	0.0051	0.0040	0.0011	0.2432	0.1456	0.0976	0.0494	0.0382	0.0111	0.1938	0.1074	0.0865	0.0000	0.0000	0.0000	0.0000	0.0000	0.0000	0.0000	0.0000	0.0000	0.0718	0.1200	0.0000	0.1060	0.1368	0.0000	0.0631	0.1140	0.0000				
39	85	0.0431	2	0	2	0	0	0	0	0	0	N	Y	N	N	N	N	N	N	N	N	N	N	0.0000	0.0000	0.0000	0.0000	0.0000	0.0000	0.0000	0.0000	0.0000	0.0000	0.0000	0.0000	0.0000	0.0000	0.0000	0.0000	0.0102	0.0174	0.0000	0.0659	0.0854	0.0000	0.0000	0.0000	0.0000	0.0002	0.0000	-0.0006	0.0217	1.0000	6.0735	6.9850	0.0000	0.0000	0.0000	0.0000	0.0000	0.0000	0.0000	0.0000	0.0000	0.0011	0.0011	0.0000	0.0011	0.0011	0.0000	0.0000	0.0000	0.0000	0.0011	0.0009	0.0002	0.0004	0.0004	0.0000	0.0007	0.0005	0.0002	0.1124	0.0658	0.0467	0.0173	0.0139	0.0035	0.0951	0.0519	0.0432	0.0000	0.0000	0.0000	0.0000	0.0000	0.0000	0.0000	0.0000	0.0000	0.0102	0.0174	0.0000	0.0659	0.0824	0.0000	0.0000	0.0000	0.0000			
39	87	0.1414	5	0	2	0	0	0	0	0	0	N	Y	N	N	N	N	N	N	N	N	N	N	0.0000	0.0000	0.0000	0.0000	0.0000	0.0000	0.0000	0.0000	0.0000	0.0000	0.0000	0.0000	0.0000	0.1977	0.4594	0.0000	6.7142	9.8658	0.0000	0.0000	0.0000	0.0000	0.0000	0.0000	-0.0124	0.0217	4.0000	6.0735	7.0000	0.0000	0.0000	0.0000	0.0000	0.0000	0.0000	0.0000	0.0000	0.0000	0.0230	0.0230	0.0000	0.0230	0.0230	0.0000	0.0000	0.0000	0.0000	0.0042	0.0036	0.0006	0.0016	0.0016	0.0000	0.0026	0.0020	0.0006	0.1387	0.0869	0.0518	0.0331	0.0257	0.0074	0.1056	0.0612	0.0444	0.0000	0.0000	0.0000	0.0000	0.0000	0.0000	0.0000	0.0000	0.0000	0.1662	0.2652	0.0000	0.6956	0.8956	0.0000	0.0000	0.0000	0.0000						
39	88	0.0996	4	0	1	0	0	0	0	0	0	N	N	N	N	N	N	N	N	N	N	N	N	0.0000	0.0000	0.0000	0.0000	0.0000	0.0000	0.0000	0.0000	0.0000	0.0000	0.0000	0.0000	0.0000	0.0000	0.0000	0.0000	0.0000	0.0000	0.0000	0.0000	0.0217	2.9985	6.0735	7.0016	0.0000	0.0000	0.0000	0.0000	0.0000	0.0000	0.0000	0.0000	0.0000	0.0000	0.0000	0.0000	0.0000	0.0000	0.0000	0.0000	0.0000	0.0000	0.0032	0.0027	0.0004	0.0011	0.0011	0.0000	0.0020	0.0016	0.0004	0.1317	0.0787	0.0530	0.0272	0.0211	0.0061	0.1045	0.0576	0.0469	0.0000	0.0000	0.0000	0.0000	0.0000	0.0000	0.0000	0.0000	0.0000	0.0000	0.0000	0.0000	0.0000	0.0000	0.0000	0.0000	0.0000	0.0000											
39	89	0.0731	5	0	2	0	0	0	0	0	0	N	Y	N	N	N	N	N	N	N	N	N	N	1.0993	0.0000	52277.5229	0.0001	0.0000	73248.9020	9437.5913	0.0000	54554.2017	0.2523	0.0000	0.5148	0.0006	0.0000	1.0105	0.5021	0.0000	0.5145	0.2295	0.5766	0.0000	10.6794	14.1217	0.0000	0.0001	0.0001	0.0000	inf	0.0000	0.0001	-0.0125	0.0217	0.0157	6.0735	9.0253	0.0003	0.0000	0.0003	0.0000	0.0000	0.0000	0.0003	0.0000	0.0003	0.0231	0.0231	0.0000	0.0231	0.0231	0.0000	0.0000	0.0000	0.0000	0.0011	0.0006	0.0005	0.0005	0.0005	0.0000	0.0006	0.0000	0.0005	0.1278	0.0760	0.0518	0.0241	0.0192	0.0049	0.1036	0.0568	0.0468	1.3941	0.0000	52277.5229	0.0007	0.0000	73248.9020	9437.5913	0.0000	54554.2017	0.1810	0.3043	0.0000	0.9572	1.2037	0.0000	0.0001	0.0001	0.0000
39	90	0.0646	4	0	2	0	0	0	0	0	0	N	Y	N	N	N	N	N	N	N	N	N	N	1660.4192	1548.4636	202.7267	1133.3246	922.6265	417.9592	59.3830	0.0000	193.5957	9.1595	12.5846	0.3498	21.6195	21.6267	0.3177	0.1685	0.0000	0.3498	0.0055	0.0081	0.0017	0.0191	0.0234	0.0008	0.0028	0.0037	0.0018	0.0108	0.1462	-0.0001	-0.0001	0.0217	0.0169	6.0735	2.0013	0.0003	0.0003	0.0000	0.0003	0.0003	0.0000	0.0000	0.0000	0.0000	0.0002	0.0001	0.0000	0.0001	0.0001	0.0000	0.0001	0.0001	0.0000	0.0000	0.0000	0.0000	0.0000	0.0000	0.0000	0.0000	0.0000	0.0000	0.0297	0.0176	0.0121	0.0049	0.0040	0.0009	0.0248	0.0136	0.0112	1660.4192	1548.4636	202.7267	1133.3246	922.6265	417.9592	59.3830	0.0000	193.5957	0.0055	0.0081	0.0017	0.0191	0.0234	0.0008	0.0028	0.0037	0.0018
39	91	0.0558	3	0	1	0	0	0	0	0	0	N	N	N	N	N	N	N	N	N	N	N	N	2.0301	1.3165	19.1384	1.6045	1.3298	0.0000	0.3828	0.0000	41.6273	0.0015	0.0017	0.0007	0.0040	0.0040	0.0000	0.0002	0.0000	0.0007	0.0008	0.0013	0.0000	0.0025	0.0030	0.0003	0.0004	0.0008	0.0000	0.0714	0.0213	-0.0000	-0.0000	0.0217	1.9923	6.0735	0.0454	0.0000	0.0000	0.0000	0.0000	0.0000	0.0000	0.0000	0.0000	0.0000	0.0000	0.0000	0.0000	0.0000	0.0000	0.0000	0.0000	0.0000	0.0000	0.0021	0.0018	0.0003	0.0008	0.0008	0.0000	0.0014	0.0011	0.0003	0.0304	0.0178	0.0126	0.0050	0.0041	0.0009	0.0254	0.0137	0.0117	2.0301	1.3165	19.1384	1.6045	1.3298	0.0000	0.3828	0.0000	41.6273	0.0008	0.0013	0.0000	0.0025	0.0030	0.0003	0.0004	0.0008	0.0000
39	93	0.1963	9	1	2	0	1	0	0	0	0	N	Y	N	N	N	N	N	N	N	N	N	N	0.0000	0.0000	0.0000	0.0000	0.0000	0.0000	0.0000	0.0000	0.0000	0.0000	0.0000	0.0000	0.0000	0.0000	0.0000	0.0000	0.0000	0.0000	0.0000	0.0000	0.0217	0.0000	6.0735	0.0000	0.0000	0.0000	0.0000	0.0000	0.0000	0.0000	0.0000	0.0000	0.0000	0.0000	0.0000	0.0000	0.0000	0.0000	0.0000	0.0000	0.0000	0.0000	0.0000	0.0000	0.0000	0.0000	0.0000	0.0000	0.0000	0.0000	0.0000	0.0000	0.0000	0.0000	0.0000	0.0000	0.0000	0.0000	0.0000	0.0000	0.0000	0.0000	0.0000	0.0000	0.0000	0.0000	0.0000	0.0000	0.0000	0.0000	0.0000	0.0000	0.0000	0.0000	0.0000	0.0000	0.0000	0.0000											
39	94	0.1963	8	1	2	0	1	0	0	0	0	N	Y	N	N	N	N	N	N	N	N	N	N	0.0000	0.0000	0.0000	0.0000	0.0000	0.0000	0.0000	0.0000	0.0000	0.0000	0.0000	0.0000	0.0000	0.0000	0.0000	0.0816	0.1227	0.0000	0.0708	0.1604	0.0000	0.1604	0.2040	0.0000	0.0000	0.0000	-0.0000	0.0217	0.0000	6.0735	0.0001	0.0000	0.0000	0.0000	0.0000	0.0000	0.0000	0.0000	0.0000	0.0000	0.0000	0.0000	0.0000	0.0000	0.0000	0.0000	0.0000	0.0000	0.0000	0.0000	0.0000	0.0000	0.0000	0.0000	0.0000	0.0000	0.0000	0.0000	0.0000	0.0000	0.0000	0.0000	0.0000	0.0000	0.0000	0.0000	0.0000	0.0000	0.0000	0.0000	0.0000	0.0000	0.0000	0.0000	0.0000	0.0000	0.0816	0.1227	0.0000	0.0708	0.1091	0.0000	0.1604	0.2040	0.0000				
39	95	0.1783	7	0	2	0	1	0	0	0	0	N	Y	N	N	N	N	N	N	N	N	N	N	0.0000	0.0000	0.0000	0.0000	0.0000	0.0000	0.0000	0.0000	0.0000	0.0000	0.0000	0.0000	0.0000	0.0000	0.0000	0.0038	0.0062	0.0000	0.0142	0.0174	0.0000	0.0000	0.0000	0.0000	0.0000	0.0000	-0.0001	0.0217	0.9845	6.0735	0.9903	0.0000	0.0000	0.0000	0.0000	0.0000	0.0000	0.0000	0.0000	0.0000	0.0001	0.0001	0.0000	0.0001	0.0001	0.0000	0.0000	0.0000	0.0000	0.0011	0.0009	0.0002	0.0004	0.0004	0.0000	0.0007	0.0005	0.0001	0.0297	0.0184	0.0113	0.0080	0.0065	0.0014	0.0217	0.0118	0.0099	0.0000	0.0000	0.0000	0.0000	0.0000	0.0000	0.0000	0.0000	0.0000	0.0038	0.0062	0.0000	0.0142	0.0174	0.0000	0.0000	0.0000	0.0000				
39	96	0.1755	7	0	2	0	0	0	0	0	0	N	Y	N	N	N	N	N	N	N	N	N	N	0.0016	0.0000	0.0117	0.0000	0.0000	0.0000	0.0032	0.0000	0.0096	0.0008	0.0000	0.0056	0.0000	0.0000	0.0000	0.0013	0.0000	0.0056	0.4840	0.5017	0.4788	0.3199	0.4704	0.0000	0.3979	0.3699	0.5836	inf	0.6844	0.0000	-0.0041	0.0217	1.0063	6.0735	3.7812	0.0000	0.0000	0.0000	0.0000	0.0000	0.0000	0.0000	0.0000	0.0000	0.0303	0.0180	0.0123	0.0059	0.0059	0.0000	0.0245	0.0121	0.0123	0.0011	0.0009	0.0002	0.0004	0.0004	0.0000	0.0007	0.0005	0.0002	0.1006	0.0655	0.0352	0.0391	0.0326	0.0065	0.0615	0.0328	0.0287	0.0026	0.0000	0.0160	0.0000	0.0000	0.0000	0.0032	0.0000	0.0131	0.3016	0.2752	0.3507	0.1501	0.1799	0.0000	0.3979	0.3699	0.4299
39	97	0.1783	7	0	1	1	1	0	0	0	0	N	N	N	N	N	N	N	N	N	N	N	N	0.0000	0.0000	0.0000	0.0000	0.0000	0.0000	0.0000	0.0000	0.0000	0.0000	0.0000	0.0000	0.0000	0.0000	0.0000	0.6514	0.0000	1.6055	0.0000	0.0000	0.0001	0.5554	0.0000	1.6919	inf	0.0000	0.0057	0.0217	1.0165	6.0735	1.0129	0.0000	0.0000	0.0000	0.0000	0.0000	0.0000	0.0000	0.0000	0.0000	0.0124	0.0000	0.0124	0.0000	0.0000	0.0000	0.0124	0.0000	0.0124	0.0011	0.0010	0.0002	0.0004	0.0004	0.0000	0.0007	0.0005	0.0002	0.0304	0.0188	0.0116	0.0082	0.0067	0.0015	0.0223	0.0121	0.0101	0.0000	0.0000	0.0000	0.0000	0.0000	0.0000	0.0000	0.0000	0.0000	0.4065	0.0000	1.0638	0.0000	0.0000	0.0001	0.5554	0.0000	1.2198				
39	98	0.1654	6	0	1	0	1	0	0	0	0	N	N	N	N	N	N	N	N	N	N	N	N	0.0000	0.0000	0.0000	0.0000	0.0000	0.0000	0.0000	0.0000	0.0000	0.0000	0.0000	0.0000	0.0000	0.0000	0.0000	0.0000	0.0000	0.0024	0.0000	0.0062	0.0000	0.0000	0.0000	0.0033	0.0000	0.0073	95.8630	0.0000	0.0000	0.0217	2.0241	6.0735	1.0265	0.0000	0.0000	0.0000	0.0000	0.0000	0.0000	0.0000	0.0000	0.0000	0.0001	0.0000	0.0001	0.0000	0.0000	0.0000	0.0001	0.0000	0.0001	0.0022	0.0019	0.0003	0.0008	0.0008	0.0000	0.0014	0.0011	0.0003	0.0428	0.0262	0.0166	0.0119	0.0093	0.0026	0.0310	0.0169	0.0140	0.0000	0.0000	0.0000	0.0000	0.0000	0.0000	0.0000	0.0000	0.0000	0.0024	0.0000	0.0062	0.0000	0.0000	0.0000	0.0033	0.0000	0.0073		
39	99	0.1654	6	0	1	1	1	0	0	0	0	N	N	N	N	N	N	N	N	N	N	N	N	0.0000	0.0000	0.0000	0.0000	0.0000	0.0000	0.0000	0.0000	0.0000	0.0000	0.0000	0.0000	0.0000	0.0000	0.0000	0.0000	0.0000	0.0000	0.0000	0.0000	0.0217	3.0066	6.0735	0.0000	0.0000	0.0000	0.0000	0.0000	0.0000	0.0000	0.0000	0.0000	0.0000	0.0000	0.0000	0.0000	0.0000	0.0000	0.0000	0.0000	0.0000	0.0000	0.0032	0.0027	0.0004	0.0012	0.0012	0.0000	0.0020	0.0016	0.0004	0.0422	0.0259	0.0164	0.0117	0.0092	0.0025	0.0305	0.0167	0.0138	0.0000	0.0000	0.0000	0.0000	0.0000	0.0000	0.0000	0.0000	0.0000	0.0000	0.0000	0.0000	0.0000	0.0000	0.0000	0.0000	0.0000	0.0000											
39	100	0.1911	6	0	1	1	1	0	0	0	0	N	N	N	N	N	N	N	N	N	N	N	N	0.0000	0.0000	0.0000	0.0000	0.0000	0.0000	0.0000	0.0000	0.0000	0.0000	0.0000	0.0000	0.0000	0.0000	0.0000	0.0000	0.0000	0.0000	0.0000	0.0000	0.0217	0.0000	6.0735	2.0000	0.0000	0.0000	0.0000	0.0000	0.0000	0.0000	0.0000	0.0000	0.0000	0.0000	0.0000	0.0000	0.0000	0.0000	0.0000	0.0000	0.0000	0.0000	0.0000	0.0000	0.0000	0.0000	0.0000	0.0000	0.0000	0.0000	0.0000	0.0274	0.0166	0.0108	0.0079	0.0062	0.0017	0.0196	0.0105	0.0091	0.0000	0.0000	0.0000	0.0000	0.0000	0.0000	0.0000	0.0000	0.0000	0.0000	0.0000	0.0000	0.0000	0.0000	0.0000	0.0000	0.0000	0.0000											
39	101	0.1521	5	0	1	1	1	0	0	0	0	N	N	N	N	N	N	N	N	N	N	N	N	0.0369	0.0000	4.7014	0.0000	0.0000	0.0000	3.0559	0.0000	7.2914	0.0000	0.0000	0.0003	0.0000	0.0000	0.0000	0.0001	0.0000	0.0003	0.0010	0.0015	0.0001	0.0034	0.0042	0.0002	0.0000	0.0000	0.0000	inf	0.0226	0.0000	-0.0001	0.0217	5.8899	6.0735	3.1847	0.0000	0.0000	0.0000	0.0000	0.0000	0.0000	0.0000	0.0000	0.0000	0.0001	0.0001	0.0000	0.0001	0.0001	0.0000	0.0000	0.0000	0.0000	0.0061	0.0052	0.0008	0.0023	0.0022	0.0000	0.0038	0.0030	0.0008	0.1286	0.0788	0.0498	0.0358	0.0287	0.0071	0.0928	0.0501	0.0427	0.0369	0.0000	4.7014	0.0000	0.0000	0.0000	3.0559	0.0000	7.2914	0.0010	0.0015	0.0001	0.0034	0.0042	0.0002	0.0000	0.0000	0.0000
39	102	0.1989	5	1	2	0	0	0	0	0	0	N	Y	N	N	N	N	N	N	N	N	N	N	0.0000	0.0000	0.0000	0.0000	0.0000	0.0000	0.0000	0.0000	0.0000	0.0000	0.0000	0.0000	0.0000	0.0000	0.0000	0.0000	0.0000	0.0000	0.0000	0.0000	0.0217	0.0000	6.0735	0.0000	0.0000	0.0000	0.0000	0.0000	0.0000	0.0000	0.0000	0.0000	0.0000	0.0000	0.0000	0.0000	0.0000	0.0000	0.0000	0.0000	0.0000	0.0000	0.0000	0.0000	0.0000	0.0000	0.0000	0.0000	0.0000	0.0000	0.0000	0.0000	0.0000	0.0000	0.0000	0.0000	0.0000	0.0000	0.0000	0.0000	0.0000	0.0000	0.0000	0.0000	0.0000	0.0000	0.0000	0.0000	0.0000	0.0000	0.0000	0.0000	0.0000	0.0000	0.0000	0.0000	0.0000	0.0000											
39	103	0.0996	4	1	2	0	0	0	0	0	0	N	Y	N	N	N	N	N	N	N	N	N	N	0.0000	0.0000	0.0000	0.0000	0.0000	0.0000	0.0000	0.0000	0.0000	0.0000	0.0000	0.0000	0.0000	0.0000	0.0000	0.0663	0.1107	0.0000	0.1391	0.2372	0.0000	0.0583	0.1051	0.0000	0.0000	0.0000	-0.0094	0.0217	8.0012	6.0735	14.0016	0.0000	0.0000	0.0000	0.0000	0.0000	0.0000	0.0000	0.0000	0.0000	0.0175	0.0175	0.0000	0.0052	0.0052	0.0000	0.0122	0.0122	0.0000	0.0080	0.0069	0.0011	0.0029	0.0029	0.0000	0.0051	0.0040	0.0011	0.2634	0.1577	0.1057	0.0533	0.0412	0.0120	0.2101	0.1165	0.0936	0.0000	0.0000	0.0000	0.0000	0.0000	0.0000	0.0000	0.0000	0.0000	0.0663	0.1107	0.0000	0.0980	0.1266	0.0000	0.0583	0.1051	0.0000				
39	104	0.1625	5	0	2	0	0	0	0	0	0	N	Y	N	N	N	N	N	N	N	N	N	N	0.0000	0.0000	0.0000	0.0000	0.0000	0.0000	0.0000	0.0000	0.0000	0.0000	0.0000	0.0000	0.0000	0.0000	0.0000	0.0000	0.0000	0.0000	0.0023	0.0037	0.0000	0.0044	0.0056	0.0001	0.0013	0.0024	0.0000	0.0030	0.0000	-0.0001	0.0217	2.0010	6.0735	1.0153	0.0000	0.0000	0.0000	0.0000	0.0000	0.0000	0.0000	0.0000	0.0000	0.0001	0.0001	0.0000	0.0001	0.0001	0.0000	0.0000	0.0000	0.0000	0.0021	0.0018	0.0003	0.0008	0.0008	0.0000	0.0014	0.0011	0.0003	0.0453	0.0280	0.0172	0.0142	0.0112	0.0030	0.0311	0.0168	0.0143	0.0000	0.0000	0.0000	0.0000	0.0000	0.0000	0.0000	0.0000	0.0000	0.0023	0.0037	0.0000	0.0044	0.0056	0.0001	0.0013	0.0024	0.0000	
39	105	0.0996	4	0	2	0	0	0	0	0	0	N	Y	N	N	N	N	N	N	N	N	N	N	0.0000	0.0000	0.0000	0.0000	0.0000	0.0000	0.0000	0.0000	0.0000	0.0000	0.0000	0.0000	0.0000	0.0000	0.0000	0.0000	0.0000	0.0000	0.1482	0.3717	0.0003	0.0408	0.0525	0.0002	0.1649	0.2981	0.0004	0.0010	0.0000	-0.0135	0.0217	3.0162	6.0735	11.0438	0.0000	0.0000	0.0000	0.0000	0.0000	0.0000	0.0000	0.0000	0.0000	0.0250	0.0250	0.0000	0.0015	0.0015	0.0000	0.0235	0.0235	0.0000	0.0032	0.0027	0.0004	0.0012	0.0012	0.0000	0.0020	0.0016	0.0004	0.1792	0.1072	0.0720	0.0367	0.0285	0.0083	0.1424	0.0787	0.0638	0.0000	0.0000	0.0000	0.0000	0.0000	0.0000	0.0000	0.0000	0.0000	0.1394	0.2328	0.0003	0.0408	0.0525	0.0002	0.1649	0.2981	0.0004	
39	106	0.2004	9	1	2	0	0	0	0	0	0	N	Y	N	N	N	N	N	N	N	N	N	N	0.0000	0.0000	0.0000	0.0000	0.0000	0.0000	0.0000	0.0000	0.0000	0.0000	0.0000	0.0000	0.0000	0.0000	0.0000	0.0000	0.0000	0.0000	0.0000	0.0000	0.0217	1.0000	6.0735	1.0000	0.0000	0.0000	0.0000	0.0000	0.0000	0.0000	0.0000	0.0000	0.0000	0.0000	0.0000	0.0000	0.0000	0.0000	0.0000	0.0000	0.0000	0.0000	0.0011	0.0009	0.0002	0.0004	0.0004	0.0000	0.0007	0.0005	0.0002	0.0295	0.0185	0.0111	0.0093	0.0078	0.0015	0.0202	0.0107	0.0095	0.0000	0.0000	0.0000	0.0000	0.0000	0.0000	0.0000	0.0000	0.0000	0.0000	0.0000	0.0000	0.0000	0.0000	0.0000	0.0000	0.0000	0.0000											
39	107	0.1963	8	1	2	0	0	0	0	0	0	N	Y	N	N	N	N	N	N	N	N	N	N	0.0000	0.0000	0.0000	0.0000	0.0000	0.0000	0.0000	0.0000	0.0000	0.0000	0.0000	0.0000	0.0000	0.0000	0.0000	1.7694	2.9769	0.0000	13.6815	17.5558	0.0000	1.1888	2.2291	0.0000	0.0000	0.0000	-0.0094	0.0217	0.0000	6.0735	0.9999	0.0000	0.0000	0.0000	0.0000	0.0000	0.0000	0.0000	0.0000	0.0000	0.0175	0.0175	0.0000	0.0052	0.0052	0.0000	0.0122	0.0122	0.0000	0.0000	0.0000	0.0000	0.0000	0.0000	0.0000	0.0000	0.0000	0.0000	0.0148	0.0091	0.0057	0.0045	0.0036	0.0009	0.0103	0.0055	0.0048	0.0000	0.0000	0.0000	0.0000	0.0000	0.0000	0.0000	0.0000	0.0000	1.1807	1.9183	0.0000	1.1620	1.4456	0.0000	1.1888	2.2291	0.0000				
39	108	0.1755	7	1	2	0	0	0	0	0	0	N	Y	N	N	N	N	N	N	N	N	N	N	0.1385	0.0000	0.2639	0.0000	0.0000	0.0000	0.2320	0.0000	0.1814	0.0512	0.0000	0.2411	0.0000	0.0000	0.0000	0.0874	0.0000	0.2414	0.3697	0.0141	0.9137	0.0561	0.0221	0.2267	0.3769	0.0062	1.3310	inf	26.5871	0.0000	0.0109	0.0217	0.0100	6.0735	4.8896	0.0000	0.0000	0.0000	0.0000	0.0000	0.0000	0.0000	0.0000	0.0000	0.0258	0.0009	0.0249	0.0022	0.0007	0.0015	0.0236	0.0002	0.0234	0.0000	0.0000	0.0000	0.0000	0.0000	0.0000	0.0000	0.0000	0.0000	0.1020	0.0663	0.0357	0.0395	0.0329	0.0066	0.0626	0.0334	0.0291	0.2025	0.0000	0.3463	0.0000	0.0000	0.0000	0.2320	0.0000	0.3011	0.2528	0.0141	0.6961	0.0561	0.0221	0.2267	0.3769	0.0062	0.8018
39	109	0.1654	6	0	2	0	0	0	0	0	0	N	Y	N	N	N	N	N	N	N	N	N	N	0.0385	0.0434	0.0000	0.0599	0.0481	0.0000	0.0000	0.0000	0.0000	0.0008	0.0009	0.0000	0.0022	0.0022	0.0000	0.0000	0.0000	0.0000	0.0208	0.0214	0.0198	0.0361	0.0450	0.0037	0.0149	0.0084	0.0227	0.0000	0.5851	-0.0000	-0.0001	0.0217	1.0007	6.0735	1.4004	0.0000	0.0000	0.0000	0.0000	0.0000	0.0000	0.0000	0.0000	0.0000	0.0007	0.0004	0.0003	0.0003	0.0003	0.0000	0.0004	0.0001	0.0003	0.0011	0.0009	0.0002	0.0004	0.0004	0.0000	0.0007	0.0005	0.0002	0.0339	0.0207	0.0131	0.0094	0.0074	0.0020	0.0245	0.0134	0.0111	0.0385	0.0434	0.0000	0.0599	0.0481	0.0000	0.0000	0.0000	0.0000	0.0208	0.0214	0.0198	0.0361	0.0450	0.0037	0.0149	0.0084	0.0227
39	110	0.1521	5	0	1	0	0	0	0	0	0	N	N	N	N	N	N	N	N	N	N	N	N	0.2137	0.0000	46.8247	0.0000	0.0000	0.0000	58.9039	0.0000	183.4846	0.0005	0.0000	0.0038	0.0000	0.0000	0.0000	0.0009	0.0000	0.0041	0.0025	0.0040	0.0001	0.0083	0.0099	0.0005	0.0000	0.0000	0.0000	inf	0.0123	0.0000	-0.0001	0.0217	0.3039	6.0735	2.8719	0.0000	0.0000	0.0000	0.0000	0.0000	0.0000	0.0000	0.0000	0.0000	0.0001	0.0001	0.0000	0.0001	0.0001	0.0000	0.0000	0.0000	0.0000	0.0004	0.0003	0.0001	0.0002	0.0002	0.0000	0.0002	0.0002	0.0001	0.0522	0.0324	0.0199	0.0158	0.0131	0.0027	0.0365	0.0192	0.0172	0.2137	0.0000	46.8247	0.0000	0.0000	0.0000	58.9039	0.0000	183.4846	0.0025	0.0040	0.0001	0.0083	0.0099	0.0005	0.0000	0.0000	0.0000
39	111	0.0996	4	0	1	0	0	0	0	0	0	N	N	N	N	N	N	N	N	N	N	N	N	0.0681	0.0516	0.0000	1.4522	1.1339	0.0000	0.0000	0.0000	0.0000	0.0001	0.0001	0.0000	0.0001	0.0001	0.0000	0.0000	0.0000	0.0000	0.0008	0.0012	0.0002	0.0001	0.0001	0.0000	0.0010	0.0016	0.0002	0.0000	0.0916	-0.0000	-0.0001	0.0217	3.8240	6.0735	8.1760	0.0000	0.0000	0.0000	0.0000	0.0000	0.0000	0.0000	0.0000	0.0000	0.0001	0.0001	0.0000	0.0000	0.0000	0.0000	0.0001	0.0001	0.0000	0.0040	0.0034	0.0006	0.0014	0.0014	0.0000	0.0025	0.0020	0.0006	0.1555	0.0930	0.0625	0.0320	0.0248	0.0072	0.1235	0.0681	0.0553	0.0681	0.0516	0.0000	1.4522	1.1339	0.0000	0.0000	0.0000	0.0000	0.0008	0.0012	0.0002	0.0001	0.0001	0.0000	0.0010	0.0016	0.0002
39	115	0.2922	7	0	1	0	0	0	0	0	0	N	N	N	N	N	N	N	N	N	N	N	N	0.0009	0.0000	0.0012	0.0018	0.0000	0.3246	0.0003	0.0000	0.0004	0.0026	0.0000	0.0193	0.0037	0.0000	0.5645	0.0019	0.0000	0.0088	2.8040	0.0195	15.6155	2.0775	0.0312	1.7390	5.4119	0.0018	23.8384	inf	200.5705	0.0000	0.6584	0.0217	8.9918	6.0735	13.3277	0.0000	0.0000	0.0000	0.0000	0.0000	0.0000	0.0000	0.0000	0.0000	1.4468	0.0072	1.4396	0.0795	0.0069	0.0725	1.3673	0.0003	1.3671	0.0094	0.0081	0.0012	0.0036	0.0036	0.0000	0.0057	0.0045	0.0012	0.5160	0.3681	0.1479	0.2633	0.2214	0.0419	0.2527	0.1467	0.1059	0.0009	0.0000	0.0020	0.0121	0.0000	0.3262	0.0003	0.0000	0.0007	2.8040	0.0195	9.7369	0.3018	0.0312	1.7304	5.4119	0.0018	12.9058
40	42	0.1324	5	1	0	1	0	0	0	0	0	N	N	N	N	N	N	N	N	N	N	N	N	0.0000	0.0000	0.0000	0.0000	0.0000	0.0000	0.0000	0.0000	0.0000	0.0000	0.0000	0.0000	0.0000	0.0000	0.0000	0.0000	0.0000	0.0000	0.0000	0.0000	0.0217	0.0000	4.0395	0.0000	0.0000	0.0000	0.0000	0.0000	0.0000	0.0000	0.0000	0.0000	0.0000	0.0000	0.0000	0.0000	0.0000	0.0000	0.0000	0.0000	0.0000	0.0000	0.0000	0.0000	0.0000	0.0000	0.0000	0.0000	0.0000	0.0000	0.0000	0.0000	0.0000	0.0000	0.0000	0.0000	0.0000	0.0000	0.0000	0.0000	0.0000	0.0000	0.0000	0.0000	0.0000	0.0000	0.0000	0.0000	0.0000	0.0000	0.0000	0.0000	0.0000	0.0000	0.0000	0.0000	0.0000	0.0000											
40	43	0.1157	4	1	0	1	0	0	0	0	0	N	N	N	N	N	N	N	N	N	N	N	N	0.0000	0.0000	0.0000	0.0000	0.0000	0.0000	0.0000	0.0000	0.0000	0.0000	0.0000	0.0000	0.0000	0.0000	0.0000	0.0000	0.0000	0.0000	0.0000	0.0000	0.0217	1.0000	4.0395	3.0000	0.0000	0.0000	0.0000	0.0000	0.0000	0.0000	0.0000	0.0000	0.0000	0.0000	0.0000	0.0000	0.0000	0.0000	0.0000	0.0000	0.0000	0.0000	0.0003	0.0003	0.0000	0.0000	0.0000	0.0000	0.0003	0.0002	0.0000	0.0329	0.0198	0.0131	0.0034	0.0027	0.0007	0.0296	0.0171	0.0124	0.0000	0.0000	0.0000	0.0000	0.0000	0.0000	0.0000	0.0000	0.0000	0.0000	0.0000	0.0000	0.0000	0.0000	0.0000	0.0000	0.0000	0.0000											
40	44	0.1157	4	1	0	1	0	0	0	0	0	N	N	N	N	N	N	N	N	N	N	N	N	0.0000	0.0000	0.0000	0.0000	0.0000	0.0000	0.0000	0.0000	0.0000	0.0000	0.0000	0.0000	0.0000	0.0003	0.0005	0.0000	0.0000	0.0000	0.0000	0.0003	0.0006	0.0000	0.0000	0.0000	-0.0000	0.0217	1.0000	4.0395	3.0000	0.0000	0.0000	0.0000	0.0000	0.0000	0.0000	0.0000	0.0000	0.0000	0.0000	0.0000	0.0000	0.0000	0.0000	0.0000	0.0000	0.0000	0.0000	0.0003	0.0003	0.0000	0.0000	0.0000	0.0000	0.0003	0.0002	0.0000	0.0329	0.0198	0.0131	0.0034	0.0027	0.0007	0.0296	0.0171	0.0124	0.0000	0.0000	0.0000	0.0000	0.0000	0.0000	0.0000	0.0000	0.0000	0.0003	0.0005	0.0000	0.0000	0.0000	0.0000	0.0003	0.0006	0.0000						
40	45	0.0604	2	0	0	1	0	0	0	0	0	N	N	N	N	N	N	N	N	N	N	N	N	0.0000	0.0000	0.0000	0.0000	0.0000	0.0000	0.0000	0.0000	0.0000	0.0000	0.0000	0.0000	0.0000	0.0000	0.0000	0.0000	0.0000	0.0000	0.0000	0.0000	0.0217	0.0000	4.0395	0.0000	0.0000	0.0000	0.0000	0.0000	0.0000	0.0000	0.0000	0.0000	0.0000	0.0000	0.0000	0.0000	0.0000	0.0000	0.0000	0.0000	0.0000	0.0000	0.0000	0.0000	0.0000	0.0000	0.0000	0.0000	0.0000	0.0000	0.0000	0.0000	0.0000	0.0000	0.0000	0.0000	0.0000	0.0000	0.0000	0.0000	0.0000	0.0000	0.0000	0.0000	0.0000	0.0000	0.0000	0.0000	0.0000	0.0000	0.0000	0.0000	0.0000	0.0000	0.0000	0.0000	0.0000	0.0000											
40	47	0.0884	3	0	1	0	0	0	0	0	0	N	N	N	N	N	N	N	N	N	N	N	N	0.0000	0.0000	0.0000	0.0000	0.0000	0.0000	0.0000	0.0000	0.0000	0.0000	0.0000	0.0000	0.0000	0.0000	0.0000	0.0000	0.0000	0.0000	0.0000	0.0000	0.0217	0.0000	4.0395	0.0000	0.0000	0.0000	0.0000	0.0000	0.0000	0.0000	0.0000	0.0000	0.0000	0.0000	0.0000	0.0000	0.0000	0.0000	0.0000	0.0000	0.0000	0.0000	0.0000	0.0000	0.0000	0.0000	0.0000	0.0000	0.0000	0.0000	0.0000	0.0000	0.0000	0.0000	0.0000	0.0000	0.0000	0.0000	0.0000	0.0000	0.0000	0.0000	0.0000	0.0000	0.0000	0.0000	0.0000	0.0000	0.0000	0.0000	0.0000	0.0000	0.0000	0.0000	0.0000	0.0000	0.0000	0.0000											
40	48	0.1482	6	1	1	1	0	0	0	0	0	N	N	N	N	N	N	N	N	N	N	N	N	0.0000	0.0000	0.0000	0.0000	0.0000	0.0000	0.0000	0.0000	0.0000	0.0000	0.0000	0.0000	0.0000	0.0003	0.0005	0.0000	0.0018	0.0022	0.0000	0.0000	0.0000	0.0000	0.0000	0.0000	-0.0000	0.0217	0.0000	4.0395	2.0152	0.0000	0.0000	0.0000	0.0000	0.0000	0.0000	0.0000	0.0000	0.0000	0.0000	0.0000	0.0000	0.0000	0.0000	0.0000	0.0000	0.0000	0.0000	0.0000	0.0000	0.0000	0.0000	0.0000	0.0000	0.0000	0.0000	0.0000	0.0183	0.0110	0.0073	0.0032	0.0026	0.0006	0.0151	0.0084	0.0067	0.0000	0.0000	0.0000	0.0000	0.0000	0.0000	0.0000	0.0000	0.0000	0.0003	0.0005	0.0000	0.0018	0.0022	0.0000	0.0000	0.0000	0.0000						
40	49	0.1440	5	1	0	1	0	0	0	0	0	N	N	N	N	N	N	N	N	N	N	N	N	0.0000	0.0000	0.0000	0.0000	0.0000	0.0000	0.0000	0.0000	0.0000	0.0000	0.0000	0.0000	0.0000	0.0000	0.0000	0.0000	0.0000	0.0006	0.0000	0.0015	0.0001	0.0001	0.0000	0.0007	0.0000	0.0016	19.7212	0.0000	0.0000	0.0217	0.0003	4.0395	1.0311	0.0000	0.0000	0.0000	0.0000	0.0000	0.0000	0.0000	0.0000	0.0000	0.0000	0.0000	0.0000	0.0000	0.0000	0.0000	0.0000	0.0000	0.0000	0.0000	0.0000	0.0000	0.0000	0.0000	0.0000	0.0000	0.0000	0.0000	0.0095	0.0058	0.0037	0.0016	0.0014	0.0003	0.0079	0.0044	0.0035	0.0000	0.0000	0.0000	0.0000	0.0000	0.0000	0.0000	0.0000	0.0000	0.0006	0.0000	0.0015	0.0001	0.0001	0.0000	0.0007	0.0000	0.0016		
40	50	0.1440	5	1	1	1	0	0	0	0	0	N	N	N	N	N	N	N	N	N	N	N	N	0.0000	0.0000	0.0000	0.0000	0.0000	0.0000	0.0000	0.0000	0.0000	0.0000	0.0000	0.0000	0.0000	0.0000	0.0000	0.0000	0.0001	0.0001	0.0000	0.0000	0.0000	0.0000	0.0000	0.0000	-0.0000	0.0217	0.0003	4.0395	1.0126	0.0000	0.0000	0.0000	0.0000	0.0000	0.0000	0.0000	0.0000	0.0000	0.0000	0.0000	0.0000	0.0000	0.0000	0.0000	0.0000	0.0000	0.0000	0.0000	0.0000	0.0000	0.0000	0.0000	0.0000	0.0000	0.0000	0.0000	0.0093	0.0057	0.0037	0.0016	0.0013	0.0003	0.0077	0.0043	0.0034	0.0000	0.0000	0.0000	0.0000	0.0000	0.0000	0.0000	0.0000	0.0000	0.0000	0.0000	0.0000	0.0001	0.0001	0.0000	0.0000	0.0000	0.0000						
40	51	0.1731	4	1	1	0	0	0	0	0	0	N	N	N	N	N	N	N	N	N	N	N	N	0.0000	0.0000	0.0000	0.0000	0.0000	0.0000	0.0000	0.0000	0.0000	0.0000	0.0000	0.0000	0.0000	0.0000	0.0000	0.0000	0.0000	0.0000	0.0000	0.0000	0.0217	0.0000	4.0395	1.0000	0.0000	0.0000	0.0000	0.0000	0.0000	0.0000	0.0000	0.0000	0.0000	0.0000	0.0000	0.0000	0.0000	0.0000	0.0000	0.0000	0.0000	0.0000	0.0000	0.0000	0.0000	0.0000	0.0000	0.0000	0.0000	0.0000	0.0000	0.0087	0.0053	0.0034	0.0019	0.0016	0.0004	0.0067	0.0037	0.0030	0.0000	0.0000	0.0000	0.0000	0.0000	0.0000	0.0000	0.0000	0.0000	0.0000	0.0000	0.0000	0.0000	0.0000	0.0000	0.0000	0.0000	0.0000											
40	52	0.0564	3	0	1	0	1	0	0	0	0	N	N	N	N	N	N	N	N	N	N	N	N	0.0000	0.0000	0.0000	0.0000	0.0000	0.0000	0.0000	0.0000	0.0000	0.0000	0.0000	0.0000	0.0000	0.0000	0.0000	0.0000	0.0000	0.0000	0.0822	0.0247	0.2420	0.0030	0.0003	0.0884	0.0988	0.0331	0.2396	4.0434	0.0000	0.0005	0.0217	0.9995	4.0395	1.0399	0.0000	0.0000	0.0000	0.0000	0.0000	0.0000	0.0000	0.0000	0.0000	0.0020	0.0004	0.0016	0.0000	0.0000	0.0000	0.0020	0.0004	0.0016	0.0003	0.0003	0.0000	0.0000	0.0000	0.0000	0.0003	0.0002	0.0000	0.0248	0.0163	0.0085	0.0043	0.0042	0.0001	0.0205	0.0122	0.0083	0.0000	0.0000	0.0000	0.0000	0.0000	0.0000	0.0000	0.0000	0.0000	0.0822	0.0247	0.1930	0.0030	0.0003	0.0884	0.0988	0.0331	0.1947	
40	53	0.0564	3	0	0	0	1	0	0	0	0	N	N	N	N	N	N	N	N	N	N	N	N	0.0000	0.0000	0.0000	0.0000	0.0000	0.0000	0.0000	0.0000	0.0000	0.0000	0.0000	0.0000	0.0000	0.0000	0.0000	0.0000	0.0000	0.0000	0.0081	0.0130	0.0002	0.0001	0.0001	0.0000	0.0093	0.0160	0.0002	0.0088	0.0000	-0.0002	0.0217	3.0005	4.0395	1.0125	0.0000	0.0000	0.0000	0.0000	0.0000	0.0000	0.0000	0.0000	0.0000	0.0003	0.0003	0.0000	0.0000	0.0000	0.0000	0.0003	0.0003	0.0000	0.0009	0.0007	0.0001	0.0000	0.0000	0.0000	0.0009	0.0007	0.0001	0.0419	0.0260	0.0159	0.0053	0.0050	0.0003	0.0366	0.0210	0.0156	0.0000	0.0000	0.0000	0.0000	0.0000	0.0000	0.0000	0.0000	0.0000	0.0081	0.0130	0.0002	0.0001	0.0001	0.0000	0.0093	0.0160	0.0002	
40	54	0.0482	2	0	0	0	1	0	0	0	0	N	N	N	N	N	N	N	N	N	N	N	N	0.0000	0.0000	0.0000	0.0000	0.0000	0.0000	0.0000	0.0000	0.0000	0.0000	0.0000	0.0000	0.0000	0.0000	0.0000	0.0000	0.0000	1.9397	3.0745	0.3353	0.7732	0.7331	0.0000	1.4098	2.3777	0.3248	0.0771	0.0000	-0.0114	0.0217	0.0013	4.0395	1.9704	0.0000	0.0000	0.0000	0.0000	0.0000	0.0000	0.0000	0.0000	0.0000	0.0244	0.0227	0.0017	0.0001	0.0001	0.0000	0.0243	0.0226	0.0017	0.0000	0.0000	0.0000	0.0000	0.0000	0.0000	0.0000	0.0000	0.0000	0.0177	0.0099	0.0078	0.0004	0.0004	0.0000	0.0172	0.0095	0.0078	0.0000	0.0000	0.0000	0.0000	0.0000	0.0000	0.0000	0.0000	0.0000	1.3802	2.2874	0.2247	0.2032	0.2130	0.0000	1.4098	2.3777	0.2253		
40	56	0.1345	6	0	1	1	0	0	0	0	0	N	N	N	N	N	N	N	N	N	N	N	N	0.0000	0.0000	0.0000	0.0000	0.0000	0.0000	0.0000	0.0000	0.0000	0.0000	0.0000	0.0000	0.0000	0.0000	0.0000	0.0000	0.0000	0.0000	0.0044	0.0062	0.0010	0.0009	0.0010	0.0001	0.0054	0.0083	0.0010	0.0794	0.0000	-0.0002	0.0217	2.0013	4.0395	5.6727	0.0000	0.0000	0.0000	0.0000	0.0000	0.0000	0.0000	0.0000	0.0000	0.0003	0.0003	0.0000	0.0000	0.0000	0.0000	0.0003	0.0003	0.0000	0.0006	0.0005	0.0001	0.0000	0.0000	0.0000	0.0006	0.0005	0.0001	0.0785	0.0518	0.0267	0.0173	0.0154	0.0019	0.0612	0.0364	0.0248	0.0000	0.0000	0.0000	0.0000	0.0000	0.0000	0.0000	0.0000	0.0000	0.0044	0.0062	0.0010	0.0009	0.0010	0.0001	0.0054	0.0083	0.0010	
40	57	0.1308	5	0	1	0	0	0	0	0	0	N	N	N	N	N	N	N	N	N	N	N	N	0.0000	0.0000	0.0000	0.0000	0.0000	0.0000	0.0000	0.0000	0.0000	0.0000	0.0000	0.0000	0.0000	0.0000	0.0000	0.0000	0.0000	0.0000	0.0907	0.1177	0.0063	0.0013	0.0014	0.0000	0.1391	0.2117	0.0067	0.0172	0.0000	-0.0013	0.0217	0.0033	4.0395	1.3874	0.0000	0.0000	0.0000	0.0000	0.0000	0.0000	0.0000	0.0000	0.0000	0.0026	0.0025	0.0000	0.0000	0.0000	0.0000	0.0026	0.0025	0.0000	0.0000	0.0000	0.0000	0.0000	0.0000	0.0000	0.0000	0.0000	0.0000	0.0284	0.0215	0.0069	0.0100	0.0096	0.0004	0.0184	0.0119	0.0065	0.0000	0.0000	0.0000	0.0000	0.0000	0.0000	0.0000	0.0000	0.0000	0.0907	0.1177	0.0063	0.0013	0.0014	0.0000	0.1391	0.2117	0.0067	
40	58	0.1157	4	1	0	1	0	0	0	0	0	N	N	N	N	N	N	N	N	N	N	N	N	0.0000	0.0000	0.0000	0.0000	0.0000	0.0000	0.0000	0.0000	0.0000	0.0000	0.0000	0.0000	0.0000	0.0000	0.0000	0.0000	0.0000	0.0000	0.0000	0.0000	0.0217	0.0000	4.0395	2.0000	0.0000	0.0000	0.0000	0.0000	0.0000	0.0000	0.0000	0.0000	0.0000	0.0000	0.0000	0.0000	0.0000	0.0000	0.0000	0.0000	0.0000	0.0000	0.0000	0.0000	0.0000	0.0000	0.0000	0.0000	0.0000	0.0000	0.0000	0.0167	0.0101	0.0067	0.0017	0.0013	0.0004	0.0150	0.0087	0.0063	0.0000	0.0000	0.0000	0.0000	0.0000	0.0000	0.0000	0.0000	0.0000	0.0000	0.0000	0.0000	0.0000	0.0000	0.0000	0.0000	0.0000	0.0000											
40	59	0.1308	5	0	1	0	0	0	0	0	0	N	N	N	N	N	N	N	N	N	N	N	N	0.0000	0.0000	0.0000	0.0000	0.0000	0.0000	0.0000	0.0000	0.0000	0.0000	0.0000	0.0000	0.0000	0.0000	0.0000	0.0018	0.0026	0.0000	0.0072	0.0080	0.0000	0.0001	0.0002	0.0000	0.0000	0.0000	-0.0001	0.0217	1.9997	4.0395	3.4660	0.0000	0.0000	0.0000	0.0000	0.0000	0.0000	0.0000	0.0000	0.0000	0.0001	0.0001	0.0000	0.0001	0.0001	0.0000	0.0000	0.0000	0.0000	0.0006	0.0005	0.0001	0.0000	0.0000	0.0000	0.0006	0.0005	0.0001	0.0603	0.0406	0.0197	0.0140	0.0127	0.0014	0.0463	0.0279	0.0183	0.0000	0.0000	0.0000	0.0000	0.0000	0.0000	0.0000	0.0000	0.0000	0.0018	0.0026	0.0000	0.0072	0.0080	0.0000	0.0001	0.0002	0.0000				
40	60	0.1157	4	0	1	0	0	0	0	0	0	N	N	N	N	N	N	N	N	N	N	N	N	0.0000	0.0000	0.0000	0.0000	0.0000	0.0000	0.0000	0.0000	0.0000	0.0000	0.0000	0.0000	0.0000	0.0000	0.0000	0.0036	0.0059	0.0001	0.0000	0.0000	0.0000	0.0040	0.0068	0.0002	0.0167	0.0000	-0.0001	0.0217	0.0005	4.0395	3.6054	0.0000	0.0000	0.0000	0.0000	0.0000	0.0000	0.0000	0.0000	0.0000	0.0001	0.0001	0.0000	0.0000	0.0000	0.0000	0.0001	0.0001	0.0000	0.0000	0.0000	0.0000	0.0000	0.0000	0.0000	0.0000	0.0000	0.0000	0.0298	0.0179	0.0119	0.0031	0.0024	0.0006	0.0267	0.0155	0.0112	0.0000	0.0000	0.0000	0.0000	0.0000	0.0000	0.0000	0.0000	0.0000	0.0036	0.0059	0.0001	0.0000	0.0000	0.0000	0.0040	0.0068	0.0002				
40	61	0.0884	3	0	0	1	0	0	0	0	0	N	N	N	N	N	N	N	N	N	N	N	N	0.0000	0.0000	0.0000	0.0000	0.0000	0.0000	0.0000	0.0000	0.0000	0.0000	0.0000	0.0000	0.0000	0.0000	0.0000	0.0000	0.0000	0.0000	0.0000	0.0000	0.0217	0.0000	4.0395	1.0000	0.0000	0.0000	0.0000	0.0000	0.0000	0.0000	0.0000	0.0000	0.0000	0.0000	0.0000	0.0000	0.0000	0.0000	0.0000	0.0000	0.0000	0.0000	0.0000	0.0000	0.0000	0.0000	0.0000	0.0000	0.0000	0.0000	0.0000	0.0086	0.0049	0.0037	0.0008	0.0006	0.0002	0.0078	0.0043	0.0035	0.0000	0.0000	0.0000	0.0000	0.0000	0.0000	0.0000	0.0000	0.0000	0.0000	0.0000	0.0000	0.0000	0.0000	0.0000	0.0000	0.0000	0.0000											
40	62	0.0842	2	0	0	0	0	0	0	0	0	N	N	N	N	N	N	N	N	N	N	N	N	0.0000	0.0000	0.0000	0.0000	0.0000	0.0000	0.0000	0.0000	0.0000	0.0000	0.0000	0.0000	0.0000	0.0000	0.0000	0.0000	0.0000	0.0000	2.3981	3.9864	0.0696	320.4988	335.1579	1.0205	0.0109	0.0001	0.0251	0.0118	0.0000	-0.0130	0.0217	0.0001	4.0395	1.0076	0.0000	0.0000	0.0000	0.0000	0.0000	0.0000	0.0000	0.0000	0.0000	0.0245	0.0242	0.0003	0.0244	0.0242	0.0002	0.0001	0.0000	0.0001	0.0000	0.0000	0.0000	0.0000	0.0000	0.0000	0.0000	0.0000	0.0000	0.0110	0.0068	0.0041	0.0019	0.0017	0.0002	0.0091	0.0051	0.0039	0.0000	0.0000	0.0000	0.0000	0.0000	0.0000	0.0000	0.0000	0.0000	2.2362	3.5414	0.0691	12.7974	14.2547	0.8966	0.0109	0.0001	0.0251	
40	64	0.1157	4	1	1	0	0	0	0	0	0	N	N	N	N	N	N	N	N	N	N	N	N	0.0000	0.0000	0.0000	0.0000	0.0000	0.0000	0.0000	0.0000	0.0000	0.0000	0.0000	0.0000	0.0000	0.0000	0.0000	0.0000	0.0000	0.0000	0.0000	0.0000	0.0217	4.0000	4.0395	3.0000	0.0000	0.0000	0.0000	0.0000	0.0000	0.0000	0.0000	0.0000	0.0000	0.0000	0.0000	0.0000	0.0000	0.0000	0.0000	0.0000	0.0000	0.0000	0.0012	0.0010	0.0002	0.0001	0.0001	0.0000	0.0011	0.0009	0.0002	0.0563	0.0339	0.0225	0.0058	0.0046	0.0012	0.0505	0.0293	0.0213	0.0000	0.0000	0.0000	0.0000	0.0000	0.0000	0.0000	0.0000	0.0000	0.0000	0.0000	0.0000	0.0000	0.0000	0.0000	0.0000	0.0000	0.0000											
40	65	0.0738	3	0	0	0	0	0	0	0	0	N	N	N	N	N	N	N	N	N	N	N	N	0.0000	0.0000	0.0000	0.0000	0.0000	0.0000	0.0000	0.0000	0.0000	0.0000	0.0000	0.0000	0.0000	0.0000	0.0000	0.3139	0.0094	0.8107	0.0000	0.0000	0.0000	0.2571	0.0105	0.8377	43.3269	0.0000	0.0101	0.0217	2.0015	4.0395	10.0016	0.0000	0.0000	0.0000	0.0000	0.0000	0.0000	0.0000	0.0000	0.0000	0.0230	0.0005	0.0225	0.0000	0.0000	0.0000	0.0230	0.0005	0.0225	0.0006	0.0005	0.0001	0.0000	0.0000	0.0000	0.0006	0.0005	0.0001	0.0968	0.0552	0.0416	0.0071	0.0056	0.0015	0.0897	0.0496	0.0401	0.0000	0.0000	0.0000	0.0000	0.0000	0.0000	0.0000	0.0000	0.0000	0.2382	0.0094	0.5419	0.0000	0.0000	0.0000	0.2571	0.0105	0.5623				
40	67	0.2287	5	0	0	0	0	0	0	0	0	N	N	N	N	N	N	N	N	N	N	N	N	0.0007	0.0006	0.0000	0.0030	0.0024	0.0000	0.0000	0.0000	0.0000	0.0028	0.0032	0.0000	0.0285	0.0294	0.0000	0.0000	0.0000	0.0000	3.8817	5.7729	0.0506	9.5068	12.0844	0.0128	5.8067	9.9721	0.0583	0.0000	0.0041	-0.0000	-0.5096	0.0217	4.8614	4.0395	14.2102	0.0000	0.0000	0.0000	0.0000	0.0000	0.0000	0.0000	0.0000	0.0000	0.9510	0.9472	0.0038	0.0837	0.0835	0.0002	0.8673	0.8637	0.0037	0.0016	0.0014	0.0002	0.0002	0.0001	0.0000	0.0014	0.0012	0.0002	0.2450	0.1680	0.0770	0.0956	0.0814	0.0142	0.1494	0.0866	0.0628	0.0007	0.0006	0.0000	0.0326	0.0287	0.0000	0.0000	0.0000	0.0000	3.8817	5.6377	0.0499	0.8750	1.0257	0.0128	5.8067	9.9721	0.0583
40	68	0.1496	7	1	1	1	0	0	0	0	0	N	N	N	N	N	N	N	N	N	N	N	N	0.0000	0.0000	0.0000	0.0000	0.0000	0.0000	0.0000	0.0000	0.0000	0.0000	0.0000	0.0000	0.0000	0.0000	0.0000	0.0000	0.0000	0.0000	0.0000	0.0000	0.0217	0.0000	4.0395	0.0000	0.0000	0.0000	0.0000	0.0000	0.0000	0.0000	0.0000	0.0000	0.0000	0.0000	0.0000	0.0000	0.0000	0.0000	0.0000	0.0000	0.0000	0.0000	0.0000	0.0000	0.0000	0.0000	0.0000	0.0000	0.0000	0.0000	0.0000	0.0000	0.0000	0.0000	0.0000	0.0000	0.0000	0.0000	0.0000	0.0000	0.0000	0.0000	0.0000	0.0000	0.0000	0.0000	0.0000	0.0000	0.0000	0.0000	0.0000	0.0000	0.0000	0.0000	0.0000	0.0000	0.0000	0.0000											
40	69	0.1454	6	1	0	1	0	0	0	0	0	N	N	N	N	N	N	N	N	N	N	N	N	0.0000	0.0000	0.0000	0.0000	0.0000	0.0000	0.0000	0.0000	0.0000	0.0000	0.0000	0.0000	0.0000	0.0000	0.0000	0.0000	0.0000	0.0000	0.0000	0.0000	0.0000	0.0000	0.0000	0.0000	0.0000	4.2658	0.0000	0.0000	0.0217	0.0016	4.0395	0.9826	0.0000	0.0000	0.0000	0.0000	0.0000	0.0000	0.0000	0.0000	0.0000	0.0000	0.0000	0.0000	0.0000	0.0000	0.0000	0.0000	0.0000	0.0000	0.0000	0.0000	0.0000	0.0000	0.0000	0.0000	0.0000	0.0000	0.0000	0.0091	0.0056	0.0035	0.0018	0.0015	0.0003	0.0072	0.0041	0.0032	0.0000	0.0000	0.0000	0.0000	0.0000	0.0000	0.0000	0.0000	0.0000	0.0000	0.0000	0.0000	0.0000	0.0000	0.0000	0.0000	0.0000	0.0000			
40	70	0.1327	5	1	0	1	0	0	0	0	0	N	N	N	N	N	N	N	N	N	N	N	N	0.0000	0.0000	0.0000	0.0000	0.0000	0.0000	0.0000	0.0000	0.0000	0.0000	0.0000	0.0000	0.0000	0.0000	0.0000	0.0000	0.0000	0.0000	0.0007	0.0006	0.0009	0.0020	0.0023	0.0003	0.0004	0.0000	0.0010	0.9642	0.0000	-0.0000	0.0217	0.0061	4.0395	3.0249	0.0000	0.0000	0.0000	0.0000	0.0000	0.0000	0.0000	0.0000	0.0000	0.0000	0.0000	0.0000	0.0000	0.0000	0.0000	0.0000	0.0000	0.0000	0.0000	0.0000	0.0000	0.0000	0.0000	0.0000	0.0000	0.0000	0.0000	0.0279	0.0174	0.0106	0.0051	0.0043	0.0007	0.0228	0.0130	0.0098	0.0000	0.0000	0.0000	0.0000	0.0000	0.0000	0.0000	0.0000	0.0000	0.0007	0.0006	0.0009	0.0020	0.0023	0.0003	0.0004	0.0000	0.0010	
40	71	0.1157	4	1	0	1	0	0	0	0	0	N	N	N	N	N	N	N	N	N	N	N	N	0.0000	0.0000	0.0000	0.0000	0.0000	0.0000	0.0000	0.0000	0.0000	0.0000	0.0000	0.0000	0.0000	0.0000	0.0000	0.0000	0.0000	0.0003	0.0005	0.0000	0.0001	0.0001	0.0000	0.0004	0.0006	0.0000	0.0266	0.0000	-0.0000	0.0217	0.0044	4.0395	4.0281	0.0000	0.0000	0.0000	0.0000	0.0000	0.0000	0.0000	0.0000	0.0000	0.0000	0.0000	0.0000	0.0000	0.0000	0.0000	0.0000	0.0000	0.0000	0.0000	0.0000	0.0000	0.0000	0.0000	0.0000	0.0000	0.0000	0.0000	0.0332	0.0200	0.0132	0.0034	0.0027	0.0007	0.0298	0.0173	0.0125	0.0000	0.0000	0.0000	0.0000	0.0000	0.0000	0.0000	0.0000	0.0000	0.0003	0.0005	0.0000	0.0001	0.0001	0.0000	0.0004	0.0006	0.0000		
40	72	0.0738	3	0	1	0	0	0	0	0	0	N	N	N	N	N	N	N	N	N	N	N	N	0.0000	0.0000	0.0000	0.0000	0.0000	0.0000	0.0000	0.0000	0.0000	0.0000	0.0000	0.0000	0.0000	0.0000	0.0000	0.0251	0.0017	0.0567	0.0000	0.0000	0.0000	0.0271	0.0019	0.0585	24.4615	0.0000	0.0014	0.0217	5.9987	4.0395	11.0016	0.0000	0.0000	0.0000	0.0000	0.0000	0.0000	0.0000	0.0000	0.0000	0.0033	0.0001	0.0032	0.0000	0.0000	0.0000	0.0033	0.0001	0.0032	0.0017	0.0015	0.0003	0.0000	0.0000	0.0000	0.0017	0.0014	0.0003	0.1318	0.0753	0.0565	0.0097	0.0076	0.0021	0.1221	0.0677	0.0544	0.0000	0.0000	0.0000	0.0000	0.0000	0.0000	0.0000	0.0000	0.0000	0.0251	0.0017	0.0563	0.0000	0.0000	0.0000	0.0271	0.0019	0.0585				
40	73	0.1157	4	1	0	1	0	0	0	0	0	N	N	N	N	N	N	N	N	N	N	N	N	0.0000	0.0000	0.0000	0.0000	0.0000	0.0000	0.0000	0.0000	0.0000	0.0000	0.0000	0.0000	0.0000	0.0625	0.0000	0.2007	0.0000	0.0000	0.0000	0.0696	0.0000	0.2006	inf	0.0000	0.0016	0.0217	2.0000	4.0395	5.0000	0.0000	0.0000	0.0000	0.0000	0.0000	0.0000	0.0000	0.0000	0.0000	0.0035	0.0000	0.0035	0.0000	0.0000	0.0000	0.0035	0.0000	0.0035	0.0006	0.0005	0.0001	0.0000	0.0000	0.0000	0.0006	0.0005	0.0001	0.0563	0.0339	0.0225	0.0058	0.0046	0.0012	0.0505	0.0293	0.0213	0.0000	0.0000	0.0000	0.0000	0.0000	0.0000	0.0000	0.0000	0.0000	0.0625	0.0000	0.1566	0.0000	0.0000	0.0000	0.0696	0.0000	0.1656						
40	74	0.1156	5	0	1	0	0	0	0	0	0	N	N	N	N	N	N	N	N	N	N	N	N	0.0000	0.0000	0.0000	0.0716	0.0724	0.0000	0.0000	0.0000	0.0000	0.0001	0.0001	0.0000	0.0041	0.0042	0.0000	0.0000	0.0000	0.0000	12.5111	10.6187	30.8514	0.0571	0.0583	0.0408	12.9904	11.3622	31.2607	0.0000	1.0235	-0.0000	-0.0676	0.0217	6.1274	4.0395	13.6208	0.0000	0.0000	0.0000	0.0000	0.0000	0.0000	0.0000	0.0000	0.0000	1.9813	0.9791	1.0022	0.0007	0.0006	0.0000	1.9806	0.9785	1.0021	0.0018	0.0015	0.0003	0.0001	0.0001	0.0000	0.0018	0.0015	0.0003	0.1644	0.0972	0.0672	0.0119	0.0111	0.0008	0.1525	0.0861	0.0663	0.0000	0.0000	0.0000	0.0716	0.0724	0.0000	0.0000	0.0000	0.0000	12.0509	10.0707	14.9166	0.0571	0.0583	0.0408	12.9904	11.3622	15.1037
40	75	0.1402	8	0	0	1	0	0	0	0	0	N	N	N	N	N	N	N	N	N	N	N	N	0.0000	0.0000	0.0000	0.0000	0.0000	0.0000	0.0000	0.0000	0.0000	0.0000	0.0000	0.0000	0.0000	0.0000	0.0000	0.0000	0.0000	0.0000	0.0000	0.0000	0.0000	0.0000	0.0000	0.0000	-0.0000	0.0217	0.0000	4.0395	1.0003	0.0000	0.0000	0.0000	0.0000	0.0000	0.0000	0.0000	0.0000	0.0000	0.0000	0.0000	0.0000	0.0000	0.0000	0.0000	0.0000	0.0000	0.0000	0.0000	0.0000	0.0000	0.0000	0.0000	0.0000	0.0000	0.0000	0.0000	0.0089	0.0053	0.0036	0.0005	0.0005	0.0001	0.0083	0.0048	0.0035	0.0000	0.0000	0.0000	0.0000	0.0000	0.0000	0.0000	0.0000	0.0000	0.0000	0.0000	0.0000	0.0000	0.0000	0.0000	0.0000	0.0000	0.0000						
40	76	0.1360	7	0	0	1	0	0	0	0	0	N	N	N	N	N	N	N	N	N	N	N	N	0.0000	0.0000	0.0000	0.0000	0.0000	0.0000	0.0000	0.0000	0.0000	0.0000	0.0000	0.0000	0.0000	0.0000	0.0000	0.0002	0.0000	0.0005	0.0000	0.0000	0.0000	0.0002	0.0000	0.0005	366.3541	0.0000	0.0000	0.0217	0.0000	4.0395	1.0076	0.0000	0.0000	0.0000	0.0000	0.0000	0.0000	0.0000	0.0000	0.0000	0.0000	0.0000	0.0000	0.0000	0.0000	0.0000	0.0000	0.0000	0.0000	0.0000	0.0000	0.0000	0.0000	0.0000	0.0000	0.0000	0.0000	0.0000	0.0088	0.0052	0.0036	0.0004	0.0004	0.0000	0.0084	0.0048	0.0036	0.0000	0.0000	0.0000	0.0000	0.0000	0.0000	0.0000	0.0000	0.0000	0.0002	0.0000	0.0005	0.0000	0.0000	0.0000	0.0002	0.0000	0.0005				
40	77	0.1320	6	0	0	0	0	0	0	0	0	N	N	N	N	N	N	N	N	N	N	N	N	0.0000	0.0000	0.0000	0.0000	0.0000	0.0000	0.0000	0.0000	0.0000	0.0000	0.0000	0.0000	0.0000	0.0000	0.0000	0.0000	0.0000	0.7732	0.0038	1.6067	0.0230	0.0254	0.0000	0.4616	0.0021	1.6043	193.1336	0.0000	0.0017	0.0217	0.0026	4.0395	0.9924	0.0000	0.0000	0.0000	0.0000	0.0000	0.0000	0.0000	0.0000	0.0000	0.0038	0.0000	0.0038	0.0000	0.0000	0.0000	0.0038	0.0000	0.0038	0.0000	0.0000	0.0000	0.0000	0.0000	0.0000	0.0000	0.0000	0.0000	0.0087	0.0052	0.0036	0.0004	0.0004	0.0000	0.0083	0.0048	0.0035	0.0000	0.0000	0.0000	0.0000	0.0000	0.0000	0.0000	0.0000	0.0000	0.4399	0.0038	1.0728	0.0230	0.0254	0.0000	0.4616	0.0021	1.0852		
40	78	0.1156	5	0	0	0	0	0	0	0	0	N	N	N	N	N	N	N	N	N	N	N	N	0.0020	0.0011	0.0000	0.0006	0.0006	0.0000	0.0000	0.0000	0.0000	0.0002	0.0003	0.0000	0.0049	0.0050	0.0000	0.0000	0.0000	0.0000	0.1179	0.2488	0.0027	7.7983	7.6687	0.0076	0.0014	0.0004	0.0027	0.0000	0.0086	-0.0000	-0.0032	0.0217	2.8733	4.0395	1.5522	0.0000	0.0000	0.0000	0.0000	0.0000	0.0000	0.0000	0.0000	0.0000	0.0060	0.0059	0.0001	0.0059	0.0059	0.0000	0.0001	0.0000	0.0000	0.0009	0.0008	0.0001	0.0000	0.0000	0.0000	0.0009	0.0007	0.0001	0.0507	0.0321	0.0185	0.0076	0.0074	0.0002	0.0431	0.0248	0.0183	0.0020	0.0015	0.0000	0.0062	0.0062	0.0000	0.0000	0.0000	0.0000	0.1179	0.1843	0.0027	0.7818	0.8035	0.0076	0.0014	0.0004	0.0027
40	79	0.1035	4	0	0	0	0	0	0	0	0	N	N	N	N	N	N	N	N	N	N	N	N	0.0351	0.0137	0.3388	0.0160	0.0166	0.0000	0.0195	0.0000	0.3214	0.0062	0.0048	0.0153	0.0204	0.0205	0.0000	0.0026	0.0000	0.0154	0.1773	0.3494	0.0451	1.2761	1.2359	0.0064	0.1332	0.1926	0.0478	0.4996	0.0898	-0.0000	-0.0045	0.0217	0.2102	4.0395	3.4985	0.0000	0.0000	0.0000	0.0000	0.0000	0.0000	0.0000	0.0000	0.0000	0.0099	0.0091	0.0008	0.0040	0.0040	0.0000	0.0059	0.0051	0.0008	0.0001	0.0001	0.0000	0.0000	0.0000	0.0000	0.0001	0.0001	0.0000	0.0612	0.0428	0.0185	0.0170	0.0164	0.0006	0.0443	0.0264	0.0179	0.0384	0.0226	0.3456	0.0863	0.0836	0.0000	0.0195	0.0000	0.3373	0.1620	0.2128	0.0442	0.2370	0.2453	0.0064	0.1332	0.1926	0.0455
40	80	0.0471	4	0	1	0	0	0	0	0	0	N	N	N	N	N	N	N	N	N	N	N	N	0.0296	0.0202	0.0000	0.0052	0.0054	0.0000	0.0000	0.0000	0.0018	0.0021	0.0000	0.0714	0.0749	0.0000	0.0000	0.0000	0.0000	0.0606	0.1047	0.0007	13.7868	13.8223	0.0080	0.0003	0.0000	0.0006	0.0000	0.0047	-0.0000	-0.0023	0.0217	2.0196	4.0395	6.0690	0.0000	0.0000	0.0000	0.0000	0.0000	0.0000	0.0000	0.0000	0.0000	0.0044	0.0044	0.0000	0.0044	0.0044	0.0000	0.0000	0.0000	0.0000	0.0006	0.0005	0.0001	0.0000	0.0000	0.0000	0.0006	0.0005	0.0001	0.0723	0.0417	0.0307	0.0038	0.0037	0.0001	0.0686	0.0380	0.0306	0.0296	0.0202	0.0000	0.0614	0.0628	0.0000	0.0000	0.0000	0.0000	0.0606	0.1047	0.0007	1.1626	1.1938	0.0080	0.0003	0.0000	0.0006	
40	81	0.0388	3	0	0	0	0	0	0	0	0	N	N	N	N	N	N	N	N	N	N	N	N	0.0417	0.0128	1.4902	12.6540	12.5361	0.0000	0.0150	0.0000	1.4945	0.0140	0.0122	0.0240	0.9337	0.9808	0.0000	0.0037	0.0000	0.0241	0.3356	0.9547	0.0161	0.0738	0.0782	0.0009	0.2486	0.4382	0.0161	0.3569	0.0297	-0.0000	-0.0023	0.0217	0.9876	4.0395	0.9833	0.0000	0.0000	0.0000	0.0000	0.0000	0.0000	0.0000	0.0000	0.0000	0.0044	0.0043	0.0001	0.0000	0.0000	0.0000	0.0044	0.0042	0.0001	0.0003	0.0002	0.0000	0.0000	0.0000	0.0000	0.0003	0.0002	0.0000	0.0181	0.0102	0.0079	0.0006	0.0006	0.0000	0.0176	0.0097	0.0079	0.0576	0.0291	1.4902	12.6540	13.1874	0.0000	0.0150	0.0000	1.4945	0.2431	0.4183	0.0161	0.0738	0.0744	0.0009	0.2486	0.4382	0.0161
40	82	0.1440	5	1	0	1	0	0	0	0	0	N	N	N	N	N	N	N	N	N	N	N	N	0.0000	0.0000	0.0000	0.0000	0.0000	0.0000	0.0000	0.0000	0.0000	0.0000	0.0000	0.0000	0.0000	0.0003	0.0005	0.0000	0.0000	0.0000	0.0000	0.0003	0.0006	0.0000	0.0000	0.0000	-0.0000	0.0217	1.0000	4.0395	2.9874	0.0000	0.0000	0.0000	0.0000	0.0000	0.0000	0.0000	0.0000	0.0000	0.0000	0.0000	0.0000	0.0000	0.0000	0.0000	0.0000	0.0000	0.0000	0.0003	0.0003	0.0000	0.0000	0.0000	0.0000	0.0003	0.0003	0.0000	0.0345	0.0205	0.0140	0.0055	0.0045	0.0010	0.0291	0.0161	0.0130	0.0000	0.0000	0.0000	0.0000	0.0000	0.0000	0.0000	0.0000	0.0000	0.0003	0.0005	0.0000	0.0000	0.0000	0.0000	0.0003	0.0006	0.0000						
40	83	0.1157	4	1	0	1	0	0	0	0	0	N	N	N	N	N	N	N	N	N	N	N	N	0.0000	0.0000	0.0000	0.0000	0.0000	0.0000	0.0000	0.0000	0.0000	0.0000	0.0000	0.0000	0.0000	0.0000	0.0000	0.0000	0.0000	0.0000	0.0000	0.0000	0.0000	0.0000	0.0000	0.0000	-0.0000	0.0217	0.9997	4.0395	6.0128	0.0000	0.0000	0.0000	0.0000	0.0000	0.0000	0.0000	0.0000	0.0000	0.0000	0.0000	0.0000	0.0000	0.0000	0.0000	0.0000	0.0000	0.0000	0.0003	0.0003	0.0000	0.0000	0.0000	0.0000	0.0003	0.0002	0.0000	0.0564	0.0339	0.0225	0.0058	0.0046	0.0012	0.0506	0.0293	0.0213	0.0000	0.0000	0.0000	0.0000	0.0000	0.0000	0.0000	0.0000	0.0000	0.0000	0.0000	0.0000	0.0000	0.0000	0.0000	0.0000	0.0000	0.0000						
40	84	0.0738	3	0	1	0	1	0	0	0	0	N	N	N	N	N	N	N	N	N	N	N	N	0.0000	0.0000	0.0000	0.0000	0.0000	0.0000	0.0000	0.0000	0.0000	0.0000	0.0000	0.0000	0.0000	0.0000	0.0000	6.5192	12.5382	0.0640	0.0000	0.0000	0.0000	7.0388	12.6267	0.0679	0.0042	0.0000	-0.5292	0.0217	8.0013	4.0395	12.0015	0.0000	0.0000	0.0000	0.0000	0.0000	0.0000	0.0000	0.0000	0.0000	0.9878	0.9836	0.0041	0.0000	0.0000	0.0000	0.9878	0.9836	0.0041	0.0022	0.0019	0.0003	0.0000	0.0000	0.0000	0.0022	0.0019	0.0003	0.1515	0.0867	0.0649	0.0112	0.0088	0.0024	0.1403	0.0779	0.0624	0.0000	0.0000	0.0000	0.0000	0.0000	0.0000	0.0000	0.0000	0.0000	6.5192	11.3515	0.0640	0.0000	0.0000	0.0000	7.0388	12.6267	0.0665				
40	87	0.1157	4	0	1	0	0	0	0	0	0	N	N	N	N	N	N	N	N	N	N	N	N	0.0000	0.0000	0.0000	0.0000	0.0000	0.0000	0.0000	0.0000	0.0000	0.0000	0.0000	0.0000	0.0000	0.0000	0.0000	0.4071	1.0476	0.0096	0.0000	0.0000	0.0000	0.2993	0.5089	0.0102	0.0145	0.0000	-0.0121	0.0217	4.0000	4.0395	7.0000	0.0000	0.0000	0.0000	0.0000	0.0000	0.0000	0.0000	0.0000	0.0000	0.0230	0.0227	0.0003	0.0000	0.0000	0.0000	0.0230	0.0227	0.0003	0.0012	0.0010	0.0002	0.0001	0.0001	0.0000	0.0011	0.0009	0.0002	0.0859	0.0516	0.0343	0.0089	0.0070	0.0019	0.0770	0.0446	0.0324	0.0000	0.0000	0.0000	0.0000	0.0000	0.0000	0.0000	0.0000	0.0000	0.2683	0.4399	0.0096	0.0000	0.0000	0.0000	0.2993	0.5089	0.0102				
40	88	0.0738	3	0	0	0	0	0	0	0	0	N	N	N	N	N	N	N	N	N	N	N	N	0.0000	0.0000	0.0000	0.0000	0.0000	0.0000	0.0000	0.0000	0.0000	0.0000	0.0000	0.0000	0.0000	0.0000	0.0000	0.0000	0.0000	0.0000	0.0000	0.0000	0.0217	2.9985	4.0395	7.0016	0.0000	0.0000	0.0000	0.0000	0.0000	0.0000	0.0000	0.0000	0.0000	0.0000	0.0000	0.0000	0.0000	0.0000	0.0000	0.0000	0.0000	0.0000	0.0009	0.0007	0.0001	0.0000	0.0000	0.0000	0.0009	0.0007	0.0001	0.0819	0.0467	0.0352	0.0060	0.0047	0.0013	0.0759	0.0420	0.0340	0.0000	0.0000	0.0000	0.0000	0.0000	0.0000	0.0000	0.0000	0.0000	0.0000	0.0000	0.0000	0.0000	0.0000	0.0000	0.0000	0.0000	0.0000											
40	89	0.0474	4	0	1	0	0	0	0	0	0	N	N	N	N	N	N	N	N	N	N	N	N	36.4283	14.9822	0.0000	4418.6867	3831.3844	0.0000	0.0000	0.0000	0.0000	16.6618	19.1560	0.0000	46.0695	46.0899	0.0000	0.0000	0.0000	0.0000	0.4574	1.2786	0.0110	0.0104	0.0120	0.0008	0.3078	0.5514	0.0112	0.0000	0.0167	-0.0001	-0.0121	0.0217	0.0157	4.0395	9.0253	0.0003	0.0003	0.0000	0.0003	0.0003	0.0000	0.0000	0.0000	0.0000	0.0231	0.0227	0.0004	0.0001	0.0001	0.0000	0.0230	0.0227	0.0004	0.0000	0.0000	0.0000	0.0000	0.0000	0.0000	0.0000	0.0000	0.0000	0.0797	0.0453	0.0344	0.0049	0.0042	0.0007	0.0748	0.0411	0.0338	57.5344	38.1953	0.0000	4418.6867	3831.3844	0.0000	0.0000	0.0000	0.0000	0.2896	0.5015	0.0110	0.0104	0.0120	0.0008	0.3078	0.5514	0.0112
40	90	0.0388	3	0	1	0	0	0	0	0	0	N	N	N	N	N	N	N	N	N	N	N	N	5778.4267	50.9468	161470.1267	152.0563	152.1957	7802.3537	7.3409	161905.9184	50.9298	0.7134	337.8604	10.9895	11.0977	0.0000	53.0121	0.0780	338.9606	0.0088	0.0140	0.0021	0.0723	0.0729	0.0000	0.0068	0.0106	0.0021	82.8862	0.1154	0.0001	-0.0001	0.0217	0.0169	4.0395	2.0013	0.0003	0.0000	0.0003	0.0000	0.0000	0.0000	0.0003	0.0000	0.0003	0.0002	0.0001	0.0000	0.0000	0.0000	0.0000	0.0001	0.0001	0.0000	0.0000	0.0000	0.0000	0.0000	0.0000	0.0000	0.0000	0.0000	0.0000	0.0185	0.0105	0.0081	0.0006	0.0006	0.0000	0.0180	0.0099	0.0081	5778.4267	50.9468	161470.1267	152.0563	152.3253	0.0000	7802.3537	7.3409	161905.9184	0.0088	0.0140	0.0021	0.0723	0.0729	0.0000	0.0068	0.0106	0.0021	
40	91	0.0301	2	0	0	0	0	0	0	0	0	N	N	N	N	N	N	N	N	N	N	N	N	0.7458	0.0355	26.5274	0.4099	0.4518	0.0000	1.8976	0.0007	28.6127	0.0055	0.0004	0.0335	0.0813	0.0840	0.0000	0.0052	0.0000	0.0336	0.0074	0.0123	0.0013	0.1983	0.1858	0.1529	0.0027	0.0040	0.0012	13.9058	0.0825	0.0000	-0.0001	0.0217	1.9923	4.0395	0.0454	0.0000	0.0000	0.0000	0.0000	0.0000	0.0000	0.0000	0.0000	0.0000	0.0001	0.0001	0.0000	0.0001	0.0001	0.0000	0.0001	0.0000	0.0000	0.0006	0.0005	0.0001	0.0000	0.0000	0.0000	0.0006	0.0005	0.0001	0.0193	0.0107	0.0086	0.0008	0.0008	0.0000	0.0185	0.0099	0.0086	0.7458	0.0355	26.5274	0.6919	0.7160	0.0000	1.8976	0.0007	28.6127	0.0074	0.0123	0.0013	0.1175	0.1173	0.1529	0.0027	0.0040	0.0012
40	93	0.1706	8	1	1	0	1	0	0	0	0	N	N	N	N	N	N	N	N	N	N	N	N	0.0000	0.0000	0.0000	0.0000	0.0000	0.0000	0.0000	0.0000	0.0000	0.0000	0.0000	0.0000	0.0000	0.0000	0.0000	0.0000	0.0000	0.0000	0.0000	0.0000	0.0217	0.0000	4.0395	0.0000	0.0000	0.0000	0.0000	0.0000	0.0000	0.0000	0.0000	0.0000	0.0000	0.0000	0.0000	0.0000	0.0000	0.0000	0.0000	0.0000	0.0000	0.0000	0.0000	0.0000	0.0000	0.0000	0.0000	0.0000	0.0000	0.0000	0.0000	0.0000	0.0000	0.0000	0.0000	0.0000	0.0000	0.0000	0.0000	0.0000	0.0000	0.0000	0.0000	0.0000	0.0000	0.0000	0.0000	0.0000	0.0000	0.0000	0.0000	0.0000	0.0000	0.0000	0.0000	0.0000	0.0000	0.0000											
40	94	0.1706	7	1	1	0	1	0	0	0	0	N	N	N	N	N	N	N	N	N	N	N	N	0.0000	0.0000	0.0000	0.0000	0.0000	0.0000	0.0000	0.0000	0.0000	0.0000	0.0000	0.0000	0.0000	9.9655	12.9912	0.0000	433.3882	448.9764	0.0000	0.0000	0.0000	0.0000	0.0000	0.0000	-0.0001	0.0217	0.0000	4.0395	0.0001	0.0000	0.0000	0.0000	0.0000	0.0000	0.0000	0.0000	0.0000	0.0000	0.0001	0.0001	0.0000	0.0001	0.0001	0.0000	0.0000	0.0000	0.0000	0.0000	0.0000	0.0000	0.0000	0.0000	0.0000	0.0000	0.0000	0.0000	0.0000	0.0000	0.0000	0.0000	0.0000	0.0000	0.0000	0.0000	0.0000	0.0000	0.0000	0.0000	0.0000	0.0000	0.0000	0.0000	0.0000	0.0000	9.9655	12.2253	0.0000	20.8044	21.0283	0.0000	0.0000	0.0000	0.0000						
40	95	0.1526	6	0	1	0	1	0	0	0	0	N	N	N	N	N	N	N	N	N	N	N	N	0.0000	0.0000	0.0000	0.0000	0.0000	0.0000	0.0000	0.0000	0.0000	0.0000	0.0000	0.0000	0.0000	0.0000	0.0000	0.8384	1.7620	0.0000	71.4289	95.8439	0.0000	0.0006	0.0011	0.0000	0.0000	0.0000	-0.0044	0.0217	0.9845	4.0395	0.9903	0.0000	0.0000	0.0000	0.0000	0.0000	0.0000	0.0000	0.0000	0.0000	0.0082	0.0082	0.0000	0.0082	0.0082	0.0000	0.0000	0.0000	0.0000	0.0003	0.0003	0.0000	0.0000	0.0000	0.0000	0.0003	0.0002	0.0000	0.0181	0.0108	0.0073	0.0025	0.0021	0.0004	0.0156	0.0087	0.0070	0.0000	0.0000	0.0000	0.0000	0.0000	0.0000	0.0000	0.0000	0.0000	0.4528	0.7606	0.0000	3.2817	3.8333	0.0000	0.0006	0.0011	0.0000				
40	96	0.1498	6	0	1	0	0	0	0	0	0	N	N	N	N	N	N	N	N	N	N	N	N	0.0001	0.0001	0.0000	0.0544	0.0483	0.0000	0.0000	0.0000	0.0000	0.0028	0.0033	0.0000	0.0907	0.0967	0.0000	0.0000	0.0000	0.0000	35.3187	24.0473	90.4684	1.6650	2.0011	0.0391	44.1613	40.7631	89.7113	0.0000	1.0003	-0.0000	-0.0782	0.0217	1.0063	4.0395	3.7812	0.0000	0.0000	0.0000	0.0000	0.0000	0.0000	0.0000	0.0000	0.0000	1.9621	0.9809	0.9812	0.0053	0.0052	0.0001	1.9568	0.9757	0.9811	0.0003	0.0003	0.0000	0.0000	0.0000	0.0000	0.0003	0.0003	0.0000	0.0638	0.0408	0.0230	0.0195	0.0169	0.0026	0.0443	0.0239	0.0204	0.0001	0.0001	0.0000	0.3323	0.3127	0.0000	0.0000	0.0000	0.0000	30.7558	24.0473	42.6510	0.2728	0.3093	0.0391	44.1613	40.7631	48.1537
40	97	0.1526	6	0	0	1	1	0	0	0	0	N	N	N	N	N	N	N	N	N	N	N	N	0.0000	0.0000	0.0000	0.0000	0.0000	0.0000	0.0000	0.0000	0.0000	0.0000	0.0000	0.0000	0.0000	0.0000	0.0000	0.0000	52.7180	0.0000	246.7154	0.0001	0.0001	0.0000	61.0942	0.0000	246.7128	4892022.3646	0.0000	0.4506	0.0217	1.0165	4.0395	1.0129	0.0000	0.0000	0.0000	0.0000	0.0000	0.0000	0.0000	0.0000	0.0000	0.9794	0.0000	0.9794	0.0000	0.0000	0.0000	0.9794	0.0000	0.9794	0.0003	0.0003	0.0000	0.0000	0.0000	0.0000	0.0003	0.0002	0.0000	0.0186	0.0111	0.0075	0.0025	0.0022	0.0004	0.0160	0.0089	0.0072	0.0000	0.0000	0.0000	0.0000	0.0000	0.0000	0.0000	0.0000	0.0000	52.7180	0.0000	130.1560	0.0001	0.0001	0.0000	61.0942	0.0000	136.8731			
40	98	0.1397	5	0	0	0	1	0	0	0	0	N	N	N	N	N	N	N	N	N	N	N	N	0.0000	0.0000	0.0000	0.0000	0.0000	0.0000	0.0000	0.0000	0.0000	0.0000	0.0000	0.0000	0.0000	0.0000	0.0000	0.4947	0.0032	1.0784	0.0000	0.0000	0.0000	0.3613	0.0040	1.2407	164.5935	0.0000	0.0037	0.0217	2.0241	4.0395	1.0265	0.0000	0.0000	0.0000	0.0000	0.0000	0.0000	0.0000	0.0000	0.0000	0.0082	0.0000	0.0081	0.0000	0.0000	0.0000	0.0082	0.0000	0.0081	0.0006	0.0005	0.0001	0.0000	0.0000	0.0000	0.0006	0.0005	0.0001	0.0266	0.0156	0.0110	0.0039	0.0031	0.0008	0.0227	0.0124	0.0102	0.0000	0.0000	0.0000	0.0000	0.0000	0.0000	0.0000	0.0000	0.0000	0.3079	0.0032	0.7376	0.0000	0.0000	0.0000	0.3613	0.0040	0.7949				
40	99	0.1397	5	0	0	1	1	0	0	0	0	N	N	N	N	N	N	N	N	N	N	N	N	0.0000	0.0000	0.0000	0.0000	0.0000	0.0000	0.0000	0.0000	0.0000	0.0000	0.0000	0.0000	0.0000	0.0000	0.0000	0.0000	0.0000	0.0000	0.0000	0.0000	0.0217	3.0066	4.0395	0.0000	0.0000	0.0000	0.0000	0.0000	0.0000	0.0000	0.0000	0.0000	0.0000	0.0000	0.0000	0.0000	0.0000	0.0000	0.0000	0.0000	0.0000	0.0000	0.0009	0.0008	0.0001	0.0000	0.0000	0.0000	0.0009	0.0007	0.0001	0.0262	0.0154	0.0109	0.0039	0.0031	0.0008	0.0224	0.0123	0.0101	0.0000	0.0000	0.0000	0.0000	0.0000	0.0000	0.0000	0.0000	0.0000	0.0000	0.0000	0.0000	0.0000	0.0000	0.0000	0.0000	0.0000	0.0000											
40	100	0.1654	5	0	0	1	1	0	0	0	0	N	N	N	N	N	N	N	N	N	N	N	N	0.0000	0.0000	0.0000	0.0000	0.0000	0.0000	0.0000	0.0000	0.0000	0.0000	0.0000	0.0000	0.0000	0.0000	0.0000	0.0000	0.0000	0.0000	0.0000	0.0000	0.0217	0.0000	4.0395	2.0000	0.0000	0.0000	0.0000	0.0000	0.0000	0.0000	0.0000	0.0000	0.0000	0.0000	0.0000	0.0000	0.0000	0.0000	0.0000	0.0000	0.0000	0.0000	0.0000	0.0000	0.0000	0.0000	0.0000	0.0000	0.0000	0.0000	0.0000	0.0170	0.0098	0.0072	0.0026	0.0021	0.0005	0.0144	0.0077	0.0066	0.0000	0.0000	0.0000	0.0000	0.0000	0.0000	0.0000	0.0000	0.0000	0.0000	0.0000	0.0000	0.0000	0.0000	0.0000	0.0000	0.0000	0.0000											
40	101	0.1264	4	0	0	1	1	0	0	0	0	N	N	N	N	N	N	N	N	N	N	N	N	0.0740	0.0518	0.0000	0.2243	0.2060	0.0000	0.0000	0.0000	0.0001	0.0001	0.0000	0.0023	0.0026	0.0000	0.0000	0.0000	0.0000	0.0017	0.0028	0.0001	0.0104	0.0124	0.0007	0.0000	0.0000	0.0000	0.0000	0.0134	-0.0000	-0.0001	0.0217	5.8899	4.0395	3.1847	0.0000	0.0000	0.0000	0.0000	0.0000	0.0000	0.0000	0.0000	0.0000	0.0001	0.0001	0.0000	0.0001	0.0001	0.0000	0.0000	0.0000	0.0000	0.0018	0.0015	0.0003	0.0001	0.0001	0.0000	0.0017	0.0014	0.0003	0.0804	0.0472	0.0331	0.0128	0.0106	0.0022	0.0675	0.0366	0.0309	0.0740	0.0518	0.0000	0.2243	0.2060	0.0000	0.0000	0.0000	0.0000	0.0017	0.0028	0.0001	0.0104	0.0124	0.0007	0.0000	0.0000	0.0000	
40	102	0.1731	4	1	1	0	0	0	0	0	0	N	N	N	N	N	N	N	N	N	N	N	N	0.0000	0.0000	0.0000	0.0000	0.0000	0.0000	0.0000	0.0000	0.0000	0.0000	0.0000	0.0000	0.0000	0.0000	0.0000	0.0000	0.0000	0.0000	0.0000	0.0000	0.0217	0.0000	4.0395	0.0000	0.0000	0.0000	0.0000	0.0000	0.0000	0.0000	0.0000	0.0000	0.0000	0.0000	0.0000	0.0000	0.0000	0.0000	0.0000	0.0000	0.0000	0.0000	0.0000	0.0000	0.0000	0.0000	0.0000	0.0000	0.0000	0.0000	0.0000	0.0000	0.0000	0.0000	0.0000	0.0000	0.0000	0.0000	0.0000	0.0000	0.0000	0.0000	0.0000	0.0000	0.0000	0.0000	0.0000	0.0000	0.0000	0.0000	0.0000	0.0000	0.0000	0.0000	0.0000	0.0000	0.0000	0.0000											
40	103	0.0738	3	1	1	0	0	0	0	0	0	N	N	N	N	N	N	N	N	N	N	N	N	0.0000	0.0000	0.0000	0.0000	0.0000	0.0000	0.0000	0.0000	0.0000	0.0000	0.0000	0.0000	0.0000	0.0000	0.0000	6.1520	11.0304	0.0590	0.0000	0.0000	0.0000	6.4981	11.6473	0.0613	0.0042	0.0000	-0.5292	0.0217	8.0012	4.0395	14.0016	0.0000	0.0000	0.0000	0.0000	0.0000	0.0000	0.0000	0.0000	0.0000	0.9878	0.9836	0.0041	0.0000	0.0000	0.0000	0.9878	0.9836	0.0041	0.0022	0.0019	0.0003	0.0000	0.0000	0.0000	0.0022	0.0019	0.0003	0.1641	0.0939	0.0702	0.0121	0.0095	0.0027	0.1520	0.0845	0.0676	0.0000	0.0000	0.0000	0.0000	0.0000	0.0000	0.0000	0.0000	0.0000	6.0175	10.4709	0.0590	0.0000	0.0000	0.0000	6.4981	11.6473	0.0613				
40	104	0.1368	4	0	1	0	0	0	0	0	0	N	N	N	N	N	N	N	N	N	N	N	N	0.0000	0.0000	0.0000	0.0000	0.0000	0.0000	0.0000	0.0000	0.0000	0.0000	0.0000	0.0000	0.0000	0.0000	0.0000	0.0000	0.0000	0.0000	0.1029	0.2334	0.0004	0.8916	1.4479	0.0015	0.0750	0.1391	0.0002	0.0015	0.0000	-0.0015	0.0217	2.0010	4.0395	1.0153	0.0000	0.0000	0.0000	0.0000	0.0000	0.0000	0.0000	0.0000	0.0000	0.0029	0.0029	0.0000	0.0012	0.0012	0.0000	0.0017	0.0017	0.0000	0.0006	0.0005	0.0001	0.0000	0.0000	0.0000	0.0006	0.0005	0.0001	0.0279	0.0164	0.0115	0.0058	0.0045	0.0013	0.0221	0.0119	0.0102	0.0000	0.0000	0.0000	0.0000	0.0000	0.0000	0.0000	0.0000	0.0000	0.1029	0.1746	0.0004	0.2093	0.2682	0.0015	0.0750	0.1391	0.0002	
40	105	0.0738	3	0	1	0	0	0	0	0	0	N	N	N	N	N	N	N	N	N	N	N	N	0.0000	0.0000	0.0000	0.0000	0.0000	0.0000	0.0000	0.0000	0.0000	0.0000	0.0000	0.0000	0.0000	0.0000	0.0000	0.0000	0.0000	8.9541	15.2835	0.0477	0.0000	0.0001	0.0000	9.4351	17.0007	0.0515	0.0023	0.0000	-0.5241	0.0217	3.0162	4.0395	11.0438	0.0000	0.0000	0.0000	0.0000	0.0000	0.0000	0.0000	0.0000	0.0000	0.9749	0.9726	0.0023	0.0000	0.0000	0.0000	0.9749	0.9726	0.0023	0.0009	0.0008	0.0001	0.0000	0.0000	0.0000	0.0009	0.0007	0.0001	0.1115	0.0636	0.0479	0.0082	0.0064	0.0018	0.1033	0.0572	0.0461	0.0000	0.0000	0.0000	0.0000	0.0000	0.0000	0.0000	0.0000	0.0000	8.7426	15.2835	0.0477	0.0000	0.0001	0.0000	9.4351	17.0007	0.0495		
40	106	0.1747	8	1	1	0	0	0	0	0	0	N	N	N	N	N	N	N	N	N	N	N	N	0.0000	0.0000	0.0000	0.0000	0.0000	0.0000	0.0000	0.0000	0.0000	0.0000	0.0000	0.0000	0.0000	0.0000	0.0000	0.0000	0.0000	0.0000	0.0000	0.0000	0.0217	1.0000	4.0395	1.0000	0.0000	0.0000	0.0000	0.0000	0.0000	0.0000	0.0000	0.0000	0.0000	0.0000	0.0000	0.0000	0.0000	0.0000	0.0000	0.0000	0.0000	0.0000	0.0003	0.0003	0.0000	0.0000	0.0000	0.0000	0.0003	0.0002	0.0000	0.0181	0.0112	0.0069	0.0060	0.0048	0.0012	0.0121	0.0064	0.0057	0.0000	0.0000	0.0000	0.0000	0.0000	0.0000	0.0000	0.0000	0.0000	0.0000	0.0000	0.0000	0.0000	0.0000	0.0000	0.0000	0.0000	0.0000											
40	107	0.1706	7	1	1	0	0	0	0	0	0	N	N	N	N	N	N	N	N	N	N	N	N	0.0000	0.0000	0.0000	0.0000	0.0000	0.0000	0.0000	0.0000	0.0000	0.0000	0.0000	0.0000	0.0000	0.0000	0.0000	108.7964	178.6900	1.6387	0.0000	0.0000	0.0000	149.5313	278.4784	1.7781	0.0042	0.0000	-0.5291	0.0217	0.0000	4.0395	0.9999	0.0000	0.0000	0.0000	0.0000	0.0000	0.0000	0.0000	0.0000	0.0000	0.9876	0.9835	0.0041	0.0000	0.0000	0.0000	0.9876	0.9835	0.0041	0.0000	0.0000	0.0000	0.0000	0.0000	0.0000	0.0000	0.0000	0.0000	0.0091	0.0055	0.0036	0.0025	0.0020	0.0005	0.0066	0.0035	0.0031	0.0000	0.0000	0.0000	0.0000	0.0000	0.0000	0.0000	0.0000	0.0000	108.7964	178.6900	1.1582	0.0000	0.0000	0.0000	149.5313	278.4784	1.3470				
40	108	0.1498	6	1	1	0	0	0	0	0	0	N	N	N	N	N	N	N	N	N	N	N	N	0.0087	0.1381	0.0000	0.0569	0.0494	0.0000	0.0000	0.0000	0.0000	0.1528	0.1787	0.0000	0.6229	0.6256	0.0000	0.0000	0.0000	0.0000	17.6099	1.2939	87.9557	10.9410	12.6639	0.0771	21.5734	0.0836	89.0994	0.0000	45.9612	-0.0000	0.4350	0.0217	0.0100	4.0395	4.8896	0.0000	0.0000	0.0000	0.0000	0.0000	0.0000	0.0000	0.0000	0.0000	0.9915	0.0211	0.9704	0.0193	0.0191	0.0002	0.9722	0.0020	0.9702	0.0000	0.0000	0.0000	0.0000	0.0000	0.0000	0.0000	0.0000	0.0000	0.0647	0.0413	0.0234	0.0196	0.0170	0.0027	0.0451	0.0244	0.0207	0.0100	0.3496	0.0000	0.6336	0.5560	0.0000	0.0000	0.0000	0.0000	15.3291	0.5111	41.5197	0.9830	1.1252	0.0771	21.5734	0.0836	46.8416
40	109	0.1397	5	0	1	0	0	0	0	0	0	N	N	N	N	N	N	N	N	N	N	N	N	0.0016	0.0000	0.0069	0.0000	0.0000	0.0022	0.0000	0.0061	0.0028	0.0000	0.0186	0.0000	0.0000	0.0000	0.0029	0.0000	0.0188	1.6990	1.4652	2.6879	0.0001	0.0001	0.0000	1.3414	0.8287	3.0997	inf	1.9536	0.0000	0.0029	0.0217	1.0007	4.0395	1.4004	0.0000	0.0000	0.0000	0.0000	0.0000	0.0000	0.0000	0.0000	0.0000	0.0241	0.0082	0.0159	0.0000	0.0000	0.0000	0.0241	0.0082	0.0159	0.0003	0.0003	0.0000	0.0000	0.0000	0.0000	0.0003	0.0003	0.0000	0.0211	0.0123	0.0087	0.0031	0.0025	0.0006	0.0180	0.0098	0.0081	0.0025	0.0000	0.0102	0.0000	0.0000	0.0000	0.0022	0.0000	0.0096	1.1432	0.6617	1.8219	0.0001	0.0001	0.0000	1.3414	0.8287	1.9632	
40	110	0.1264	4	0	0	0	0	0	0	0	0	N	N	N	N	N	N	N	N	N	N	N	N	0.3087	0.2345	0.0000	0.2100	0.2070	0.0000	0.0000	0.0000	0.0013	0.0016	0.0000	0.0044	0.0049	0.0000	0.0000	0.0000	0.0000	0.0043	0.0067	0.0008	0.0207	0.0234	0.0019	0.0003	0.0000	0.0007	0.0000	0.0813	-0.0000	-0.0001	0.0217	0.3039	4.0395	2.8719	0.0000	0.0000	0.0000	0.0000	0.0000	0.0000	0.0000	0.0000	0.0000	0.0001	0.0001	0.0000	0.0001	0.0001	0.0000	0.0000	0.0000	0.0000	0.0002	0.0001	0.0000	0.0000	0.0000	0.0000	0.0001	0.0001	0.0000	0.0329	0.0196	0.0132	0.0064	0.0056	0.0008	0.0265	0.0140	0.0124	0.3087	0.2345	0.0000	0.2100	0.2070	0.0000	0.0000	0.0000	0.0000	0.0043	0.0067	0.0008	0.0207	0.0234	0.0019	0.0003	0.0000	0.0007	
40	111	0.0738	3	0	0	0	0	0	0	0	0	N	N	N	N	N	N	N	N	N	N	N	N	0.1404	0.0000	1.6982	0.0000	0.0000	0.1333	0.0000	1.6449	0.0002	0.0000	0.0013	0.0000	0.0000	0.0000	0.0002	0.0000	0.0013	0.0014	0.0019	0.0008	0.0002	0.0003	0.0000	0.0015	0.0020	0.0008	inf	0.3059	0.0000	-0.0000	0.0217	3.8240	4.0395	8.1760	0.0000	0.0000	0.0000	0.0000	0.0000	0.0000	0.0000	0.0000	0.0000	0.0001	0.0001	0.0000	0.0000	0.0000	0.0000	0.0001	0.0001	0.0000	0.0011	0.0009	0.0002	0.0000	0.0000	0.0000	0.0011	0.0009	0.0002	0.0967	0.0552	0.0416	0.0071	0.0056	0.0015	0.0896	0.0496	0.0401	0.1404	0.0000	1.6982	0.0000	0.0000	0.0000	0.1333	0.0000	1.6449	0.0014	0.0019	0.0008	0.0002	0.0003	0.0000	0.0015	0.0020	0.0008	
40	115	0.2665	6	0	0	0	0	0	0	0	0	N	N	N	N	N	N	N	N	N	N	N	N	0.0034	0.0108	0.0000	0.0054	0.0095	0.0000	0.0000	0.0000	0.0000	0.0083	0.0096	0.0000	0.0625	0.0645	0.0000	0.0000	0.0000	0.0000	2.4142	0.8875	9.7322	11.6324	6.7856	10.9718	3.3006	0.0113	11.1894	0.0000	6.7748	-0.0000	0.2335	0.0217	8.9918	4.0395	13.3277	0.0000	0.0000	0.0000	0.0000	0.0000	0.0000	0.0000	0.0000	0.0000	0.7045	0.0906	0.6139	0.1503	0.0895	0.0608	0.5542	0.0011	0.5531	0.0029	0.0025	0.0004	0.0004	0.0004	0.0000	0.0025	0.0021	0.0004	0.3130	0.2231	0.0899	0.1451	0.1244	0.0207	0.1679	0.0987	0.0692	0.0037	0.0236	0.0000	0.0603	0.0896	0.0000	0.0000	0.0000	0.0000	2.2505	0.4061	6.8290	1.0355	0.7192	2.9378	3.3006	0.0113	7.9921
41	42	0.1450	5	1	1	1	1	0	0	0	0	N	N	N	N	N	N	N	N	N	N	N	N	0.0000	0.0000	0.0000	0.0000	0.0000	0.0000	0.0000	0.0000	0.0000	0.0000	0.0000	0.0000	0.0000	0.0000	0.0000	0.0000	0.0000	0.0000	0.0000	0.0000	0.0000	0.0000	7.0150	0.0000	0.0000	0.0000	0.0000	0.0000	0.0000	0.0000	0.0000	0.0000	0.0000	0.0000	0.0000	0.0000	0.0000	0.0000	0.0000	0.0000	0.0000	0.0000	0.0000	0.0000	0.0000	0.0000	0.0000	0.0000	0.0000	0.0000	0.0000	0.0000	0.0000	0.0000	0.0000	0.0000	0.0000	0.0000	0.0000	0.0000	0.0000	0.0000	0.0000	0.0000	0.0000	0.0000	0.0000	0.0000	0.0000	0.0000	0.0000	0.0000	0.0000	0.0000	0.0000	0.0000	0.0000	0.0000											
41	43	0.1282	4	1	1	1	1	0	0	0	0	N	N	N	N	N	N	N	N	N	N	N	N	0.0000	0.0000	0.0000	0.0000	0.0000	0.0000	0.0000	0.0000	0.0000	0.0000	0.0000	0.0000	0.0000	18.7992	30.4723	0.0000	0.0000	0.0000	0.0000	20.1894	34.8643	0.0000	0.0000	0.0000	-0.5399	0.0000	1.0000	7.0150	3.0000	0.0000	0.0000	0.0000	0.0000	0.0000	0.0000	0.0000	0.0000	0.0000	1.0000	1.0000	0.0000	0.0000	0.0000	0.0000	1.0000	1.0000	0.0000	0.0000	0.0000	0.0000	0.0000	0.0000	0.0000	0.0000	0.0000	0.0000	0.0549	0.0328	0.0221	0.0053	0.0041	0.0012	0.0495	0.0287	0.0208	0.0000	0.0000	0.0000	0.0000	0.0000	0.0000	0.0000	0.0000	0.0000	18.2243	30.4723	0.0000	0.0000	0.0000	0.0000	20.1894	34.8643	0.0000						
41	44	0.1282	4	1	1	1	1	0	0	0	0	N	N	N	N	N	N	N	N	N	N	N	N	0.0000	0.0000	0.0000	0.0000	0.0000	0.0000	0.0000	0.0000	0.0000	0.0000	0.0000	0.0000	0.0000	18.7992	30.4723	0.0000	0.0000	0.0000	0.0000	20.1894	34.8643	0.0000	0.0000	0.0000	-0.5399	0.0000	1.0000	7.0150	3.0000	0.0000	0.0000	0.0000	0.0000	0.0000	0.0000	0.0000	0.0000	0.0000	1.0000	1.0000	0.0000	0.0000	0.0000	0.0000	1.0000	1.0000	0.0000	0.0000	0.0000	0.0000	0.0000	0.0000	0.0000	0.0000	0.0000	0.0000	0.0549	0.0328	0.0221	0.0053	0.0041	0.0012	0.0495	0.0287	0.0208	0.0000	0.0000	0.0000	0.0000	0.0000	0.0000	0.0000	0.0000	0.0000	18.2243	30.4723	0.0000	0.0000	0.0000	0.0000	20.1894	34.8643	0.0000						
41	45	0.0729	2	0	1	1	1	0	0	0	0	N	N	N	N	N	N	N	N	N	N	N	N	0.0000	0.0000	0.0000	0.0000	0.0000	0.0000	0.0000	0.0000	0.0000	0.0000	0.0000	0.0000	0.0000	0.0000	0.0000	0.0000	0.0000	0.0000	0.0000	0.0000	0.0000	0.0000	7.0150	0.0000	0.0000	0.0000	0.0000	0.0000	0.0000	0.0000	0.0000	0.0000	0.0000	0.0000	0.0000	0.0000	0.0000	0.0000	0.0000	0.0000	0.0000	0.0000	0.0000	0.0000	0.0000	0.0000	0.0000	0.0000	0.0000	0.0000	0.0000	0.0000	0.0000	0.0000	0.0000	0.0000	0.0000	0.0000	0.0000	0.0000	0.0000	0.0000	0.0000	0.0000	0.0000	0.0000	0.0000	0.0000	0.0000	0.0000	0.0000	0.0000	0.0000	0.0000	0.0000	0.0000	0.0000	0.0000											
41	47	0.1009	3	0	2	0	1	0	0	0	0	N	Y	N	N	N	N	N	N	N	N	N	N	0.0000	0.0000	0.0000	0.0000	0.0000	0.0000	0.0000	0.0000	0.0000	0.0000	0.0000	0.0000	0.0000	0.0000	0.0000	0.0000	0.0000	0.0000	0.0000	0.0000	0.0000	0.0000	7.0150	0.0000	0.0000	0.0000	0.0000	0.0000	0.0000	0.0000	0.0000	0.0000	0.0000	0.0000	0.0000	0.0000	0.0000	0.0000	0.0000	0.0000	0.0000	0.0000	0.0000	0.0000	0.0000	0.0000	0.0000	0.0000	0.0000	0.0000	0.0000	0.0000	0.0000	0.0000	0.0000	0.0000	0.0000	0.0000	0.0000	0.0000	0.0000	0.0000	0.0000	0.0000	0.0000	0.0000	0.0000	0.0000	0.0000	0.0000	0.0000	0.0000	0.0000	0.0000	0.0000	0.0000	0.0000	0.0000											
41	48	0.1607	6	1	2	1	1	0	0	0	0	N	Y	N	N	N	N	N	N	N	N	N	N	0.0000	0.0000	0.0000	0.0000	0.0000	0.0000	0.0000	0.0000	0.0000	0.0000	0.0000	0.0000	0.0000	0.0003	0.0005	0.0000	0.0019	0.0024	0.0000	0.0000	0.0000	0.0000	0.0000	0.0000	-0.0000	0.0000	0.0000	7.0150	2.0152	0.0000	0.0000	0.0000	0.0000	0.0000	0.0000	0.0000	0.0000	0.0000	0.0000	0.0000	0.0000	0.0000	0.0000	0.0000	0.0000	0.0000	0.0000	0.0000	0.0000	0.0000	0.0000	0.0000	0.0000	0.0000	0.0000	0.0000	0.0305	0.0183	0.0122	0.0052	0.0042	0.0009	0.0253	0.0141	0.0113	0.0000	0.0000	0.0000	0.0000	0.0000	0.0000	0.0000	0.0000	0.0000	0.0003	0.0005	0.0000	0.0019	0.0024	0.0000	0.0000	0.0000	0.0000						
41	49	0.1565	5	1	1	1	1	0	0	0	0	N	N	N	N	N	N	N	N	N	N	N	N	0.0000	0.0000	0.0000	0.0000	0.0000	0.0000	0.0000	0.0000	0.0000	0.0000	0.0000	0.0000	0.0000	0.0000	0.0000	0.0019	0.0031	0.0000	0.0076	0.0091	0.0000	0.0008	0.0014	0.0000	0.0000	0.0000	-0.0000	0.0000	0.0003	7.0150	1.0311	0.0000	0.0000	0.0000	0.0000	0.0000	0.0000	0.0000	0.0000	0.0000	0.0000	0.0000	0.0000	0.0000	0.0000	0.0000	0.0000	0.0000	0.0000	0.0000	0.0000	0.0000	0.0000	0.0000	0.0000	0.0000	0.0000	0.0000	0.0158	0.0096	0.0062	0.0026	0.0022	0.0004	0.0132	0.0074	0.0058	0.0000	0.0000	0.0000	0.0000	0.0000	0.0000	0.0000	0.0000	0.0000	0.0019	0.0031	0.0000	0.0076	0.0091	0.0000	0.0008	0.0014	0.0000				
41	50	0.1565	5	1	2	1	1	0	0	0	0	N	Y	N	N	N	N	N	N	N	N	N	N	0.0000	0.0000	0.0000	0.0000	0.0000	0.0000	0.0000	0.0000	0.0000	0.0000	0.0000	0.0000	0.0000	0.0013	0.0021	0.0000	0.0077	0.0093	0.0000	0.0000	0.0000	0.0000	0.0000	0.0000	-0.0000	0.0000	0.0003	7.0150	1.0126	0.0000	0.0000	0.0000	0.0000	0.0000	0.0000	0.0000	0.0000	0.0000	0.0000	0.0000	0.0000	0.0000	0.0000	0.0000	0.0000	0.0000	0.0000	0.0000	0.0000	0.0000	0.0000	0.0000	0.0000	0.0000	0.0000	0.0000	0.0156	0.0094	0.0061	0.0026	0.0022	0.0004	0.0130	0.0073	0.0057	0.0000	0.0000	0.0000	0.0000	0.0000	0.0000	0.0000	0.0000	0.0000	0.0013	0.0021	0.0000	0.0077	0.0093	0.0000	0.0000	0.0000	0.0000						
41	51	0.1857	4	1	2	0	1	0	0	0	0	N	Y	N	N	N	N	N	N	N	N	N	N	0.0000	0.0000	0.0000	0.0000	0.0000	0.0000	0.0000	0.0000	0.0000	0.0000	0.0000	0.0000	0.0000	0.0000	0.0000	0.0000	0.0000	0.0000	0.0000	0.0000	0.0000	0.0000	7.0150	1.0000	0.0000	0.0000	0.0000	0.0000	0.0000	0.0000	0.0000	0.0000	0.0000	0.0000	0.0000	0.0000	0.0000	0.0000	0.0000	0.0000	0.0000	0.0000	0.0000	0.0000	0.0000	0.0000	0.0000	0.0000	0.0000	0.0000	0.0000	0.0144	0.0087	0.0057	0.0032	0.0025	0.0006	0.0112	0.0062	0.0051	0.0000	0.0000	0.0000	0.0000	0.0000	0.0000	0.0000	0.0000	0.0000	0.0000	0.0000	0.0000	0.0000	0.0000	0.0000	0.0000	0.0000	0.0000											
41	52	0.0689	3	0	2	0	2	0	0	0	0	N	Y	N	Y	N	N	N	N	N	N	N	N	0.0000	0.0000	0.0000	0.0000	0.0000	0.0000	0.0000	0.0000	0.0000	0.0000	0.0000	0.0000	0.0000	0.0000	0.0000	0.5560	1.3468	0.0000	0.0056	0.0058	0.0000	0.4279	0.7191	0.0000	0.0000	0.0000	-0.0080	0.0000	0.9995	7.0150	1.0399	0.0000	0.0000	0.0000	0.0000	0.0000	0.0000	0.0000	0.0000	0.0000	0.0148	0.0148	0.0000	0.0000	0.0000	0.0000	0.0147	0.0147	0.0000	0.0000	0.0000	0.0000	0.0000	0.0000	0.0000	0.0000	0.0000	0.0000	0.0416	0.0274	0.0142	0.0071	0.0069	0.0002	0.0344	0.0205	0.0139	0.0000	0.0000	0.0000	0.0000	0.0000	0.0000	0.0000	0.0000	0.0000	0.3554	0.5394	0.0000	0.0056	0.0058	0.0000	0.4279	0.7191	0.0000				
41	53	0.0689	3	0	1	0	2	0	0	0	0	N	N	N	Y	N	N	N	N	N	N	N	N	0.0000	0.0000	0.0000	0.0000	0.0000	0.0000	0.0000	0.0000	0.0000	0.0000	0.0000	0.0000	0.0000	0.0000	0.0000	0.2539	0.6920	0.0000	0.0047	0.0049	0.0000	0.2395	0.4170	0.0000	0.0000	0.0000	-0.0080	0.0000	3.0005	7.0150	1.0125	0.0000	0.0000	0.0000	0.0000	0.0000	0.0000	0.0000	0.0000	0.0000	0.0148	0.0148	0.0000	0.0000	0.0000	0.0000	0.0147	0.0147	0.0000	0.0000	0.0000	0.0000	0.0000	0.0000	0.0000	0.0000	0.0000	0.0000	0.0700	0.0435	0.0266	0.0086	0.0081	0.0004	0.0615	0.0353	0.0262	0.0000	0.0000	0.0000	0.0000	0.0000	0.0000	0.0000	0.0000	0.0000	0.2109	0.3399	0.0000	0.0047	0.0049	0.0000	0.2395	0.4170	0.0000				
41	54	0.0607	2	0	1	0	2	0	0	0	0	N	N	N	Y	N	N	N	N	N	N	N	N	0.0000	0.0000	0.0000	0.0000	0.0000	0.0000	0.0000	0.0000	0.0000	0.0000	0.0000	0.0000	0.0000	0.0000	0.0000	0.0000	0.0000	0.0000	36.1347	60.0021	0.0015	0.0096	0.0102	0.0001	34.0877	61.9059	0.0015	0.0000	0.0000	-0.5318	0.0000	0.0013	7.0150	1.9704	0.0000	0.0000	0.0000	0.0000	0.0000	0.0000	0.0000	0.0000	0.0000	0.9850	0.9849	0.0000	0.0000	0.0000	0.0000	0.9849	0.9849	0.0000	0.0000	0.0000	0.0000	0.0000	0.0000	0.0000	0.0000	0.0000	0.0000	0.0294	0.0164	0.0130	0.0005	0.0005	0.0000	0.0289	0.0159	0.0130	0.0000	0.0000	0.0000	0.0000	0.0000	0.0000	0.0000	0.0000	0.0000	33.4634	60.0021	0.0015	0.0096	0.0102	0.0001	34.0877	61.9059	0.0015	
41	56	0.1471	6	0	2	1	1	0	0	0	0	N	Y	N	N	N	N	N	N	N	N	N	N	0.0000	0.0000	0.0000	0.0000	0.0000	0.0000	0.0000	0.0000	0.0000	0.0000	0.0000	0.0000	0.0000	0.0000	0.0000	0.0000	0.0000	7.6342	0.0252	44.3159	0.0791	0.0950	0.0001	9.7310	0.0000	45.2323	459.8987	0.0000	0.4580	0.0000	2.0013	7.0150	5.6727	0.0000	0.0000	0.0000	0.0000	0.0000	0.0000	0.0000	0.0000	0.0000	1.0002	0.0022	0.9980	0.0022	0.0022	0.0000	0.9980	0.0000	0.9980	0.0000	0.0000	0.0000	0.0000	0.0000	0.0000	0.0000	0.0000	0.0000	0.1310	0.0862	0.0448	0.0285	0.0252	0.0032	0.1026	0.0610	0.0416	0.0000	0.0000	0.0000	0.0000	0.0000	0.0000	0.0000	0.0000	0.0000	7.6342	0.0252	22.2799	0.0763	0.0860	0.0001	9.7310	0.0000	24.0002		
41	57	0.1433	5	0	2	0	1	0	0	0	0	N	Y	N	N	N	N	N	N	N	N	N	N	0.0000	0.0000	0.0000	0.0000	0.0000	0.0000	0.0000	0.0000	0.0000	0.0000	0.0000	0.0000	0.0000	0.0000	0.0000	0.0000	0.0000	0.0000	0.1432	0.0676	0.4907	0.2782	0.3176	0.0000	0.1358	0.0050	0.5149	1.6833	0.0000	0.0006	0.0000	0.0033	7.0150	1.3874	0.0000	0.0000	0.0000	0.0000	0.0000	0.0000	0.0000	0.0000	0.0000	0.0065	0.0024	0.0041	0.0023	0.0023	0.0000	0.0042	0.0001	0.0041	0.0000	0.0000	0.0000	0.0000	0.0000	0.0000	0.0000	0.0000	0.0000	0.0474	0.0359	0.0115	0.0166	0.0160	0.0006	0.0309	0.0199	0.0109	0.0000	0.0000	0.0000	0.0000	0.0000	0.0000	0.0000	0.0000	0.0000	0.1374	0.0676	0.3544	0.1403	0.1457	0.0000	0.1358	0.0050	0.3744	
41	58	0.1282	4	1	1	1	1	0	0	0	0	N	N	N	N	N	N	N	N	N	N	N	N	0.0000	0.0000	0.0000	0.0000	0.0000	0.0000	0.0000	0.0000	0.0000	0.0000	0.0000	0.0000	0.0000	0.0000	0.0000	0.0000	0.0000	0.0000	0.0000	0.0000	0.0000	0.0000	7.0150	2.0000	0.0000	0.0000	0.0000	0.0000	0.0000	0.0000	0.0000	0.0000	0.0000	0.0000	0.0000	0.0000	0.0000	0.0000	0.0000	0.0000	0.0000	0.0000	0.0000	0.0000	0.0000	0.0000	0.0000	0.0000	0.0000	0.0000	0.0000	0.0279	0.0167	0.0112	0.0027	0.0021	0.0006	0.0252	0.0146	0.0106	0.0000	0.0000	0.0000	0.0000	0.0000	0.0000	0.0000	0.0000	0.0000	0.0000	0.0000	0.0000	0.0000	0.0000	0.0000	0.0000	0.0000	0.0000											
41	59	0.1433	5	0	2	0	1	0	0	0	0	N	Y	N	N	N	N	N	N	N	N	N	N	0.0000	0.0000	0.0000	0.0000	0.0000	0.0000	0.0000	0.0000	0.0000	0.0000	0.0000	0.0000	0.0000	0.0000	0.0000	0.0000	0.0000	9.9282	0.0033	71.1545	0.0104	0.0106	0.0087	12.8781	0.0000	69.1593	4535.9545	0.0000	0.4590	0.0000	1.9997	7.0150	3.4660	0.0000	0.0000	0.0000	0.0000	0.0000	0.0000	0.0000	0.0000	0.0000	0.9981	0.0002	0.9979	0.0002	0.0002	0.0000	0.9979	0.0000	0.9979	0.0000	0.0000	0.0000	0.0000	0.0000	0.0000	0.0000	0.0000	0.0000	0.1005	0.0675	0.0330	0.0230	0.0208	0.0023	0.0775	0.0468	0.0307	0.0000	0.0000	0.0000	0.0000	0.0000	0.0000	0.0000	0.0000	0.0000	9.9282	0.0033	30.2306	0.0104	0.0106	0.0087	12.8781	0.0000	32.4820		
41	60	0.1282	4	0	2	0	1	0	0	0	0	N	Y	N	N	N	N	N	N	N	N	N	N	0.0000	0.0000	0.0000	0.0000	0.0000	0.0000	0.0000	0.0000	0.0000	0.0000	0.0000	0.0000	0.0000	0.0000	0.0000	0.0470	0.0013	0.1364	0.0000	0.0000	0.0000	0.0520	0.0015	0.1465	57.2500	0.0000	0.0010	0.0000	0.0005	7.0150	3.6054	0.0000	0.0000	0.0000	0.0000	0.0000	0.0000	0.0000	0.0000	0.0000	0.0023	0.0000	0.0023	0.0000	0.0000	0.0000	0.0023	0.0000	0.0023	0.0000	0.0000	0.0000	0.0000	0.0000	0.0000	0.0000	0.0000	0.0000	0.0496	0.0297	0.0199	0.0048	0.0037	0.0011	0.0448	0.0259	0.0189	0.0000	0.0000	0.0000	0.0000	0.0000	0.0000	0.0000	0.0000	0.0000	0.0470	0.0013	0.1148	0.0000	0.0000	0.0000	0.0520	0.0015	0.1215				
41	61	0.1009	3	0	1	1	1	0	0	0	0	N	N	N	N	N	N	N	N	N	N	N	N	0.0000	0.0000	0.0000	0.0000	0.0000	0.0000	0.0000	0.0000	0.0000	0.0000	0.0000	0.0000	0.0000	0.0000	0.0000	0.0000	0.0000	0.0000	0.0000	0.0000	0.0000	0.0000	7.0150	1.0000	0.0000	0.0000	0.0000	0.0000	0.0000	0.0000	0.0000	0.0000	0.0000	0.0000	0.0000	0.0000	0.0000	0.0000	0.0000	0.0000	0.0000	0.0000	0.0000	0.0000	0.0000	0.0000	0.0000	0.0000	0.0000	0.0000	0.0000	0.0143	0.0081	0.0062	0.0012	0.0009	0.0004	0.0131	0.0072	0.0059	0.0000	0.0000	0.0000	0.0000	0.0000	0.0000	0.0000	0.0000	0.0000	0.0000	0.0000	0.0000	0.0000	0.0000	0.0000	0.0000	0.0000	0.0000											
41	62	0.0967	2	0	1	0	1	0	0	0	0	N	N	N	N	N	N	N	N	N	N	N	N	0.0000	0.0000	0.0000	0.0000	0.0000	0.0000	0.0000	0.0000	0.0000	0.0000	0.0000	0.0000	0.0000	0.0000	0.0000	0.0000	0.0093	0.0009	0.0231	0.0032	0.0036	0.0000	0.0105	0.0000	0.0243	15.9256	0.0000	0.0001	0.0000	0.0001	7.0150	1.0076	0.0000	0.0000	0.0000	0.0000	0.0000	0.0000	0.0000	0.0000	0.0000	0.0002	0.0000	0.0002	0.0000	0.0000	0.0000	0.0002	0.0000	0.0002	0.0000	0.0000	0.0000	0.0000	0.0000	0.0000	0.0000	0.0000	0.0000	0.0183	0.0114	0.0069	0.0031	0.0028	0.0003	0.0152	0.0086	0.0066	0.0000	0.0000	0.0000	0.0000	0.0000	0.0000	0.0000	0.0000	0.0000	0.0093	0.0009	0.0231	0.0032	0.0036	0.0000	0.0105	0.0000	0.0243			
41	64	0.1282	4	1	2	0	1	0	0	0	0	N	Y	N	N	N	N	N	N	N	N	N	N	0.0000	0.0000	0.0000	0.0000	0.0000	0.0000	0.0000	0.0000	0.0000	0.0000	0.0000	0.0000	0.0000	0.0000	0.0000	0.0000	0.0000	0.0000	0.0000	0.0000	0.0000	4.0000	7.0150	3.0000	0.0000	0.0000	0.0000	0.0000	0.0000	0.0000	0.0000	0.0000	0.0000	0.0000	0.0000	0.0000	0.0000	0.0000	0.0000	0.0000	0.0000	0.0000	0.0000	0.0000	0.0000	0.0000	0.0000	0.0000	0.0000	0.0000	0.0000	0.0939	0.0562	0.0377	0.0092	0.0071	0.0021	0.0847	0.0491	0.0356	0.0000	0.0000	0.0000	0.0000	0.0000	0.0000	0.0000	0.0000	0.0000	0.0000	0.0000	0.0000	0.0000	0.0000	0.0000	0.0000	0.0000	0.0000											
41	65	0.0864	3	0	1	0	1	0	0	0	0	N	N	N	N	N	N	N	N	N	N	N	N	0.0000	0.0000	0.0000	0.0000	0.0000	0.0000	0.0000	0.0000	0.0000	0.0000	0.0000	0.0000	0.0000	6.3846	0.0000	29.1234	0.0000	0.0000	0.0000	6.6566	0.0000	30.2074	inf	0.0000	0.4601	0.0000	2.0015	7.0150	10.0016	0.0000	0.0000	0.0000	0.0000	0.0000	0.0000	0.0000	0.0000	0.0000	1.0000	0.0000	1.0000	0.0000	0.0000	0.0000	1.0000	0.0000	1.0000	0.0000	0.0000	0.0000	0.0000	0.0000	0.0000	0.0000	0.0000	0.0000	0.1612	0.0915	0.0697	0.0109	0.0084	0.0026	0.1502	0.0831	0.0671	0.0000	0.0000	0.0000	0.0000	0.0000	0.0000	0.0000	0.0000	0.0000	6.2046	0.0000	14.3561	0.0000	0.0000	0.0000	6.6566	0.0000	14.9043						
41	67	0.2412	5	0	1	0	1	0	0	0	0	N	N	N	N	N	N	N	N	N	N	N	N	0.0000	0.0000	0.0000	0.0000	0.0000	0.0000	0.0000	0.0000	0.0000	0.0000	0.0000	0.0000	0.0000	0.0000	0.0000	0.0000	0.0000	2.1663	0.0212	5.7711	9.9335	0.0439	70.0921	2.0041	0.0000	5.9143	108.5147	0.0000	0.2948	0.0000	4.8614	7.0150	14.2102	0.0000	0.0000	0.0000	0.0000	0.0000	0.0000	0.0000	0.0000	0.0000	0.6538	0.0060	0.6478	0.1513	0.0060	0.1453	0.5025	0.0000	0.5025	0.0000	0.0000	0.0000	0.0000	0.0000	0.0000	0.0000	0.0000	0.0000	0.4108	0.2815	0.1293	0.1601	0.1360	0.0240	0.2507	0.1454	0.1053	0.0000	0.0000	0.0000	0.0000	0.0000	0.0000	0.0000	0.0000	0.0000	1.5915	0.0212	5.0084	0.9451	0.0439	6.0427	2.0041	0.0000	4.7722		
41	68	0.1621	7	1	2	1	1	0	0	0	0	N	Y	N	N	N	N	N	N	N	N	N	N	0.0000	0.0000	0.0000	0.0000	0.0000	0.0000	0.0000	0.0000	0.0000	0.0000	0.0000	0.0000	0.0000	0.0000	0.0000	0.0000	0.0000	0.0000	0.0000	0.0000	0.0000	0.0000	7.0150	0.0000	0.0000	0.0000	0.0000	0.0000	0.0000	0.0000	0.0000	0.0000	0.0000	0.0000	0.0000	0.0000	0.0000	0.0000	0.0000	0.0000	0.0000	0.0000	0.0000	0.0000	0.0000	0.0000	0.0000	0.0000	0.0000	0.0000	0.0000	0.0000	0.0000	0.0000	0.0000	0.0000	0.0000	0.0000	0.0000	0.0000	0.0000	0.0000	0.0000	0.0000	0.0000	0.0000	0.0000	0.0000	0.0000	0.0000	0.0000	0.0000	0.0000	0.0000	0.0000	0.0000	0.0000	0.0000											
41	69	0.1580	6	1	1	1	1	0	0	0	0	N	N	N	N	N	N	N	N	N	N	N	N	0.0000	0.0000	0.0000	0.0000	0.0000	0.0000	0.0000	0.0000	0.0000	0.0000	0.0000	0.0000	0.0000	0.0007	0.0011	0.0000	0.0034	0.0040	0.0000	0.0000	0.0000	0.0000	0.0000	0.0000	-0.0000	0.0000	0.0016	7.0150	0.9826	0.0000	0.0000	0.0000	0.0000	0.0000	0.0000	0.0000	0.0000	0.0000	0.0000	0.0000	0.0000	0.0000	0.0000	0.0000	0.0000	0.0000	0.0000	0.0000	0.0000	0.0000	0.0000	0.0000	0.0000	0.0000	0.0000	0.0000	0.0151	0.0093	0.0058	0.0030	0.0025	0.0005	0.0121	0.0068	0.0053	0.0000	0.0000	0.0000	0.0000	0.0000	0.0000	0.0000	0.0000	0.0000	0.0007	0.0011	0.0000	0.0034	0.0040	0.0000	0.0000	0.0000	0.0000						
41	70	0.1452	5	1	1	1	1	0	0	0	0	N	N	N	N	N	N	N	N	N	N	N	N	0.0000	0.0000	0.0000	0.0000	0.0000	0.0000	0.0000	0.0000	0.0000	0.0000	0.0000	0.0000	0.0000	0.0000	0.0000	0.0000	0.0000	0.0009	0.0014	0.0000	0.0036	0.0042	0.0002	0.0003	0.0005	0.0000	0.0049	0.0000	-0.0000	0.0000	0.0061	7.0150	3.0249	0.0000	0.0000	0.0000	0.0000	0.0000	0.0000	0.0000	0.0000	0.0000	0.0000	0.0000	0.0000	0.0000	0.0000	0.0000	0.0000	0.0000	0.0000	0.0000	0.0000	0.0000	0.0000	0.0000	0.0000	0.0000	0.0000	0.0000	0.0466	0.0289	0.0177	0.0083	0.0071	0.0013	0.0383	0.0218	0.0165	0.0000	0.0000	0.0000	0.0000	0.0000	0.0000	0.0000	0.0000	0.0000	0.0009	0.0014	0.0000	0.0036	0.0042	0.0002	0.0003	0.0005	0.0000		
41	71	0.1282	4	1	1	1	1	0	0	0	0	N	N	N	N	N	N	N	N	N	N	N	N	0.0000	0.0000	0.0000	0.0000	0.0000	0.0000	0.0000	0.0000	0.0000	0.0000	0.0000	0.0000	0.0000	0.0000	0.0000	0.0005	0.0009	0.0000	0.0000	0.0000	0.0000	0.0006	0.0010	0.0000	0.0000	0.0000	-0.0000	0.0000	0.0044	7.0150	4.0281	0.0000	0.0000	0.0000	0.0000	0.0000	0.0000	0.0000	0.0000	0.0000	0.0000	0.0000	0.0000	0.0000	0.0000	0.0000	0.0000	0.0000	0.0000	0.0000	0.0000	0.0000	0.0000	0.0000	0.0000	0.0000	0.0000	0.0000	0.0553	0.0331	0.0222	0.0054	0.0042	0.0012	0.0499	0.0289	0.0210	0.0000	0.0000	0.0000	0.0000	0.0000	0.0000	0.0000	0.0000	0.0000	0.0005	0.0009	0.0000	0.0000	0.0000	0.0000	0.0006	0.0010	0.0000				
41	72	0.0864	3	0	2	0	1	0	0	0	0	N	Y	N	N	N	N	N	N	N	N	N	N	0.0000	0.0000	0.0000	0.0000	0.0000	0.0000	0.0000	0.0000	0.0000	0.0000	0.0000	0.0000	0.0000	0.0000	0.0000	0.0000	0.0000	0.0000	0.0000	0.0000	0.0000	5.9987	7.0150	11.0016	0.0000	0.0000	0.0000	0.0000	0.0000	0.0000	0.0000	0.0000	0.0000	0.0000	0.0000	0.0000	0.0000	0.0000	0.0000	0.0000	0.0000	0.0000	0.0000	0.0000	0.0000	0.0000	0.0000	0.0000	0.0000	0.0000	0.0000	0.2196	0.1249	0.0947	0.0150	0.0115	0.0035	0.2046	0.1135	0.0911	0.0000	0.0000	0.0000	0.0000	0.0000	0.0000	0.0000	0.0000	0.0000	0.0000	0.0000	0.0000	0.0000	0.0000	0.0000	0.0000	0.0000	0.0000											
41	73	0.1282	4	1	1	1	1	0	0	0	0	N	N	N	N	N	N	N	N	N	N	N	N	0.0000	0.0000	0.0000	0.0000	0.0000	0.0000	0.0000	0.0000	0.0000	0.0000	0.0000	0.0000	0.0000	0.0000	0.0000	0.0000	0.0000	0.0000	0.0000	0.0000	0.0000	2.0000	7.0150	5.0000	0.0000	0.0000	0.0000	0.0000	0.0000	0.0000	0.0000	0.0000	0.0000	0.0000	0.0000	0.0000	0.0000	0.0000	0.0000	0.0000	0.0000	0.0000	0.0000	0.0000	0.0000	0.0000	0.0000	0.0000	0.0000	0.0000	0.0000	0.0939	0.0562	0.0377	0.0092	0.0071	0.0021	0.0847	0.0491	0.0356	0.0000	0.0000	0.0000	0.0000	0.0000	0.0000	0.0000	0.0000	0.0000	0.0000	0.0000	0.0000	0.0000	0.0000	0.0000	0.0000	0.0000	0.0000											
41	74	0.1281	5	0	2	0	1	0	0	0	0	N	Y	N	N	N	N	N	N	N	N	N	N	0.0000	0.0000	0.0000	0.0000	0.0000	0.0000	0.0000	0.0000	0.0000	0.0000	0.0000	0.0000	0.0000	0.0000	0.0000	0.0000	0.0000	0.0041	0.0069	0.0000	0.0600	0.0649	0.0011	0.0000	0.0000	0.0000	0.0016	0.0000	-0.0006	0.0000	6.1274	7.0150	13.6208	0.0000	0.0000	0.0000	0.0000	0.0000	0.0000	0.0000	0.0000	0.0000	0.0011	0.0011	0.0000	0.0011	0.0011	0.0000	0.0000	0.0000	0.0000	0.0000	0.0000	0.0000	0.0000	0.0000	0.0000	0.0000	0.0000	0.0000	0.2745	0.1619	0.1127	0.0187	0.0173	0.0014	0.2559	0.1446	0.1113	0.0000	0.0000	0.0000	0.0000	0.0000	0.0000	0.0000	0.0000	0.0000	0.0041	0.0069	0.0000	0.0600	0.0649	0.0011	0.0000	0.0000	0.0000		
41	75	0.1527	8	0	1	1	1	0	0	0	0	N	N	N	N	N	N	N	N	N	N	N	N	0.0000	0.0000	0.0000	0.0000	0.0000	0.0000	0.0000	0.0000	0.0000	0.0000	0.0000	0.0000	0.0000	0.0000	0.0000	0.0000	0.0000	0.0000	0.0000	0.0000	0.0000	0.0000	7.0150	1.0003	0.0000	0.0000	0.0000	0.0000	0.0000	0.0000	0.0000	0.0000	0.0000	0.0000	0.0000	0.0000	0.0000	0.0000	0.0000	0.0000	0.0000	0.0000	0.0000	0.0000	0.0000	0.0000	0.0000	0.0000	0.0000	0.0000	0.0000	0.0148	0.0087	0.0060	0.0008	0.0007	0.0001	0.0140	0.0080	0.0059	0.0000	0.0000	0.0000	0.0000	0.0000	0.0000	0.0000	0.0000	0.0000	0.0000	0.0000	0.0000	0.0000	0.0000	0.0000	0.0000	0.0000	0.0000											
41	76	0.1486	7	0	1	1	1	0	0	0	0	N	N	N	N	N	N	N	N	N	N	N	N	0.0000	0.0000	0.0000	0.0000	0.0000	0.0000	0.0000	0.0000	0.0000	0.0000	0.0000	0.0000	0.0000	0.0000	0.0000	0.0000	0.0000	0.0000	0.0000	0.0000	0.0000	0.0000	7.0150	1.0076	0.0000	0.0000	0.0000	0.0000	0.0000	0.0000	0.0000	0.0000	0.0000	0.0000	0.0000	0.0000	0.0000	0.0000	0.0000	0.0000	0.0000	0.0000	0.0000	0.0000	0.0000	0.0000	0.0000	0.0000	0.0000	0.0000	0.0000	0.0147	0.0087	0.0060	0.0006	0.0006	0.0001	0.0141	0.0081	0.0060	0.0000	0.0000	0.0000	0.0000	0.0000	0.0000	0.0000	0.0000	0.0000	0.0000	0.0000	0.0000	0.0000	0.0000	0.0000	0.0000	0.0000	0.0000											
41	77	0.1445	6	0	1	0	1	0	0	0	0	N	N	N	N	N	N	N	N	N	N	N	N	0.0000	0.0000	0.0000	0.0000	0.0000	0.0000	0.0000	0.0000	0.0000	0.0000	0.0000	0.0000	0.0000	0.0007	0.0012	0.0000	0.0159	0.0178	0.0000	0.0000	0.0000	0.0000	0.0000	0.0000	-0.0000	0.0000	0.0026	7.0150	0.9924	0.0000	0.0000	0.0000	0.0000	0.0000	0.0000	0.0000	0.0000	0.0000	0.0000	0.0000	0.0000	0.0000	0.0000	0.0000	0.0000	0.0000	0.0000	0.0000	0.0000	0.0000	0.0000	0.0000	0.0000	0.0000	0.0000	0.0000	0.0145	0.0086	0.0060	0.0006	0.0006	0.0001	0.0139	0.0080	0.0059	0.0000	0.0000	0.0000	0.0000	0.0000	0.0000	0.0000	0.0000	0.0000	0.0007	0.0012	0.0000	0.0159	0.0178	0.0000	0.0000	0.0000	0.0000						
41	78	0.1281	5	0	1	0	1	0	0	0	0	N	N	N	N	N	N	N	N	N	N	N	N	0.0000	0.0000	0.0000	0.0000	0.0000	0.0000	0.0000	0.0000	0.0000	0.0000	0.0000	0.0000	0.0000	0.0000	0.0000	0.0000	0.0000	0.0000	0.0133	0.0210	0.0001	0.1147	0.1169	0.0045	0.0001	0.0002	0.0000	0.0016	0.0000	-0.0006	0.0000	2.8733	7.0150	1.5522	0.0000	0.0000	0.0000	0.0000	0.0000	0.0000	0.0000	0.0000	0.0000	0.0011	0.0011	0.0000	0.0011	0.0011	0.0000	0.0000	0.0000	0.0000	0.0000	0.0000	0.0000	0.0000	0.0000	0.0000	0.0000	0.0000	0.0000	0.0848	0.0537	0.0311	0.0124	0.0121	0.0003	0.0724	0.0416	0.0307	0.0000	0.0000	0.0000	0.0000	0.0000	0.0000	0.0000	0.0000	0.0000	0.0133	0.0210	0.0001	0.0902	0.0927	0.0045	0.0001	0.0002	0.0000	
41	79	0.1160	4	0	1	0	1	0	0	0	0	N	N	N	N	N	N	N	N	N	N	N	N	0.0000	0.0000	0.0000	0.0000	0.0000	0.0000	0.0000	0.0000	0.0000	0.0000	0.0000	0.0000	0.0000	0.0000	0.0000	0.0000	0.0000	0.0000	0.0828	0.1100	0.0201	1.4532	1.4643	0.0040	0.0151	0.0115	0.0206	0.0789	0.0000	-0.0040	0.0000	0.2102	7.0150	3.4985	0.0000	0.0000	0.0000	0.0000	0.0000	0.0000	0.0000	0.0000	0.0000	0.0085	0.0079	0.0006	0.0074	0.0074	0.0000	0.0011	0.0005	0.0006	0.0000	0.0000	0.0000	0.0000	0.0000	0.0000	0.0000	0.0000	0.0000	0.1027	0.0717	0.0310	0.0284	0.0274	0.0010	0.0744	0.0444	0.0300	0.0000	0.0000	0.0000	0.0000	0.0000	0.0000	0.0000	0.0000	0.0000	0.0828	0.1100	0.0201	0.2602	0.2696	0.0040	0.0151	0.0115	0.0206	
41	80	0.0596	4	0	2	0	1	0	0	0	0	N	Y	N	N	N	N	N	N	N	N	N	N	0.0000	0.0000	0.0000	0.0000	0.0000	0.0000	0.0000	0.0000	0.0000	0.0000	0.0000	0.0000	0.0000	0.0000	0.0000	0.0000	0.0000	0.0000	9.1686	14.4348	1.9788	14.9433	13.6125	2.4518	9.2650	15.5657	1.8096	0.0733	0.0000	-0.5055	0.0000	2.0196	7.0150	6.0690	0.0000	0.0000	0.0000	0.0000	0.0000	0.0000	0.0000	0.0000	0.0000	1.0717	0.9986	0.0732	0.0067	0.0063	0.0003	1.0651	0.9922	0.0728	0.0000	0.0000	0.0000	0.0000	0.0000	0.0000	0.0000	0.0000	0.0000	0.1206	0.0692	0.0514	0.0056	0.0054	0.0002	0.1150	0.0637	0.0512	0.0000	0.0000	0.0000	0.0000	0.0000	0.0000	0.0000	0.0000	0.0000	8.8898	14.4348	1.4238	1.1877	1.1651	1.9235	9.2650	15.5657	1.4222	
41	81	0.0514	3	0	1	0	1	0	0	0	0	N	N	N	N	N	N	N	N	N	N	N	N	0.0000	0.0000	0.0000	0.0000	0.0000	0.0000	0.0000	0.0000	0.0000	0.0000	0.0000	0.0000	0.0000	0.0000	0.0000	0.0000	0.0000	0.0000	35.7451	1.8974	136.8866	14.8200	12.6745	20.0726	31.7906	0.8104	136.1961	65.8226	0.0000	0.4165	0.0000	0.9876	7.0150	0.9833	0.0000	0.0000	0.0000	0.0000	0.0000	0.0000	0.0000	0.0000	0.0000	0.9359	0.0140	0.9219	0.0009	0.0009	0.0000	0.9350	0.0131	0.9218	0.0000	0.0000	0.0000	0.0000	0.0000	0.0000	0.0000	0.0000	0.0000	0.0302	0.0170	0.0132	0.0008	0.0008	0.0000	0.0294	0.0162	0.0132	0.0000	0.0000	0.0000	0.0000	0.0000	0.0000	0.0000	0.0000	0.0000	31.0215	0.8258	69.7871	1.1843	1.1589	3.7105	31.7906	0.8104	69.8249	
41	82	0.1565	5	1	1	1	1	0	0	0	0	N	N	N	N	N	N	N	N	N	N	N	N	0.0000	0.0000	0.0000	0.0000	0.0000	0.0000	0.0000	0.0000	0.0000	0.0000	0.0000	0.0000	0.0000	18.6267	0.0000	90.6836	0.0000	0.0000	0.0000	20.5888	0.0000	87.4383	inf	0.0000	0.4600	0.0000	1.0000	7.0150	2.9874	0.0000	0.0000	0.0000	0.0000	0.0000	0.0000	0.0000	0.0000	0.0000	1.0000	0.0000	1.0000	0.0000	0.0000	0.0000	1.0000	0.0000	1.0000	0.0000	0.0000	0.0000	0.0000	0.0000	0.0000	0.0000	0.0000	0.0000	0.0575	0.0341	0.0234	0.0089	0.0072	0.0017	0.0486	0.0269	0.0217	0.0000	0.0000	0.0000	0.0000	0.0000	0.0000	0.0000	0.0000	0.0000	17.4023	0.0000	42.7764	0.0000	0.0000	0.0000	20.5888	0.0000	46.1425						
41	83	0.1282	4	1	1	1	1	0	0	0	0	N	N	N	N	N	N	N	N	N	N	N	N	0.0000	0.0000	0.0000	0.0000	0.0000	0.0000	0.0000	0.0000	0.0000	0.0000	0.0000	0.0000	0.0000	0.0002	0.0000	0.0005	0.0000	0.0000	0.0000	0.0002	0.0000	0.0006	inf	0.0000	0.0000	0.0000	0.9997	7.0150	6.0128	0.0000	0.0000	0.0000	0.0000	0.0000	0.0000	0.0000	0.0000	0.0000	0.0000	0.0000	0.0000	0.0000	0.0000	0.0000	0.0000	0.0000	0.0000	0.0000	0.0000	0.0000	0.0000	0.0000	0.0000	0.0000	0.0000	0.0000	0.0940	0.0563	0.0378	0.0092	0.0071	0.0021	0.0848	0.0491	0.0357	0.0000	0.0000	0.0000	0.0000	0.0000	0.0000	0.0000	0.0000	0.0000	0.0002	0.0000	0.0005	0.0000	0.0000	0.0000	0.0002	0.0000	0.0006						
41	84	0.0864	3	0	2	0	2	0	0	0	0	N	Y	N	Y	N	N	N	N	N	N	N	N	0.0000	0.0000	0.0000	0.0000	0.0000	0.0000	0.0000	0.0000	0.0000	0.0000	0.0000	0.0000	0.0000	0.0000	0.0000	0.0000	0.0000	0.0000	0.0000	0.0000	0.0000	8.0013	7.0150	12.0015	0.0000	0.0000	0.0000	0.0000	0.0000	0.0000	0.0000	0.0000	0.0000	0.0000	0.0000	0.0000	0.0000	0.0000	0.0000	0.0000	0.0000	0.0000	0.0000	0.0000	0.0000	0.0000	0.0000	0.0000	0.0000	0.0000	0.0000	0.2526	0.1439	0.1087	0.0173	0.0132	0.0041	0.2353	0.1306	0.1046	0.0000	0.0000	0.0000	0.0000	0.0000	0.0000	0.0000	0.0000	0.0000	0.0000	0.0000	0.0000	0.0000	0.0000	0.0000	0.0000	0.0000	0.0000											
41	87	0.1282	4	0	2	0	1	0	0	0	0	N	Y	N	N	N	N	N	N	N	N	N	N	0.0000	0.0000	0.0000	0.0000	0.0000	0.0000	0.0000	0.0000	0.0000	0.0000	0.0000	0.0000	0.0000	0.0000	0.0000	14.9266	12.9310	34.3645	0.0000	0.0000	0.0000	15.4917	13.3716	36.6221	1.0000	0.0000	-0.0799	0.0000	4.0000	7.0150	7.0000	0.0000	0.0000	0.0000	0.0000	0.0000	0.0000	0.0000	0.0000	0.0000	2.0000	1.0000	1.0000	0.0000	0.0000	0.0000	2.0000	1.0000	1.0000	0.0000	0.0000	0.0000	0.0000	0.0000	0.0000	0.0000	0.0000	0.0000	0.1432	0.0857	0.0575	0.0141	0.0109	0.0032	0.1291	0.0748	0.0543	0.0000	0.0000	0.0000	0.0000	0.0000	0.0000	0.0000	0.0000	0.0000	13.9638	11.6701	17.3795	0.0000	0.0000	0.0000	15.4917	13.3716	18.4108				
41	88	0.0864	3	0	1	0	1	0	0	0	0	N	N	N	N	N	N	N	N	N	N	N	N	0.0000	0.0000	0.0000	0.0000	0.0000	0.0000	0.0000	0.0000	0.0000	0.0000	0.0000	0.0000	0.0000	0.0000	0.0000	0.0000	0.0000	0.0000	0.0000	0.0000	0.0000	2.9985	7.0150	7.0016	0.0000	0.0000	0.0000	0.0000	0.0000	0.0000	0.0000	0.0000	0.0000	0.0000	0.0000	0.0000	0.0000	0.0000	0.0000	0.0000	0.0000	0.0000	0.0000	0.0000	0.0000	0.0000	0.0000	0.0000	0.0000	0.0000	0.0000	0.1364	0.0774	0.0590	0.0092	0.0071	0.0022	0.1272	0.0703	0.0569	0.0000	0.0000	0.0000	0.0000	0.0000	0.0000	0.0000	0.0000	0.0000	0.0000	0.0000	0.0000	0.0000	0.0000	0.0000	0.0000	0.0000	0.0000											
41	89	0.0599	4	0	2	0	1	0	0	0	0	N	Y	N	N	N	N	N	N	N	N	N	N	0.0000	0.0000	0.0000	0.0000	0.0000	0.0000	0.0000	0.0000	0.0000	0.0000	0.0000	0.0000	0.0000	0.0000	0.0000	0.0000	0.0000	0.0000	7.5886	13.6345	0.0002	18.4099	22.7471	0.0003	7.9477	14.4667	0.0002	0.0000	0.0000	-0.5444	0.0000	0.0157	7.0150	9.0253	0.0000	0.0000	0.0000	0.0000	0.0000	0.0000	0.0000	0.0000	0.0000	1.0083	1.0083	0.0000	0.0114	0.0114	0.0000	0.9969	0.9969	0.0000	0.0000	0.0000	0.0000	0.0000	0.0000	0.0000	0.0000	0.0000	0.0000	0.1329	0.0752	0.0577	0.0074	0.0062	0.0012	0.1254	0.0689	0.0565	0.0000	0.0000	0.0000	0.0000	0.0000	0.0000	0.0000	0.0000	0.0000	7.5886	13.4154	0.0002	1.5276	1.8172	0.0003	7.9477	14.4667	0.0002	
41	90	0.0514	3	0	2	0	1	0	0	0	0	N	Y	N	N	N	N	N	N	N	N	N	N	0.0000	0.0000	0.0000	0.0000	0.0000	0.0000	0.0000	0.0000	0.0000	0.0000	0.0000	0.0000	0.0000	0.0000	0.0000	0.0000	0.0000	0.0000	1.1754	1.4137	1.1528	236.0430	240.9260	0.0037	0.4684	0.2122	1.1502	0.9862	0.0000	-0.0009	0.0000	0.0169	7.0150	2.0013	0.0000	0.0000	0.0000	0.0000	0.0000	0.0000	0.0000	0.0000	0.0000	0.0213	0.0107	0.0106	0.0072	0.0072	0.0000	0.0141	0.0035	0.0106	0.0000	0.0000	0.0000	0.0000	0.0000	0.0000	0.0000	0.0000	0.0000	0.0309	0.0173	0.0135	0.0008	0.0008	0.0000	0.0301	0.0166	0.0135	0.0000	0.0000	0.0000	0.0000	0.0000	0.0000	0.0000	0.0000	0.0000	0.6902	0.6183	0.7823	9.4040	9.4998	0.0037	0.4684	0.2122	0.7828	
41	91	0.0426	2	0	1	0	1	0	0	0	0	N	N	N	N	N	N	N	N	N	N	N	N	0.0000	0.0000	0.0000	0.0000	0.0000	0.0000	0.0000	0.0000	0.0000	0.0000	0.0000	0.0000	0.0000	0.0000	0.0000	0.0000	0.0000	0.0000	1.2287	0.0473	2.6232	4.9927	4.7303	0.1048	0.7922	0.0186	2.6819	28.9382	0.0000	0.0107	0.0000	1.9923	7.0150	0.0454	0.0000	0.0000	0.0000	0.0000	0.0000	0.0000	0.0000	0.0000	0.0000	0.0250	0.0008	0.0242	0.0005	0.0005	0.0000	0.0245	0.0003	0.0242	0.0000	0.0000	0.0000	0.0000	0.0000	0.0000	0.0000	0.0000	0.0000	0.0319	0.0177	0.0142	0.0010	0.0010	0.0000	0.0309	0.0167	0.0142	0.0000	0.0000	0.0000	0.0000	0.0000	0.0000	0.0000	0.0000	0.0000	0.7838	0.0473	1.6970	0.5247	0.5281	0.1048	0.7922	0.0186	1.6979	
41	93	0.1831	8	1	2	0	2	0	0	0	0	N	Y	N	Y	N	N	N	N	N	N	N	N	0.0000	0.0000	0.0000	0.0000	0.0000	0.0000	0.0000	0.0000	0.0000	0.0000	0.0000	0.0000	0.0000	0.0000	0.0000	0.0000	0.0000	0.0000	0.0000	0.0000	0.0000	0.0000	7.0150	0.0000	0.0000	0.0000	0.0000	0.0000	0.0000	0.0000	0.0000	0.0000	0.0000	0.0000	0.0000	0.0000	0.0000	0.0000	0.0000	0.0000	0.0000	0.0000	0.0000	0.0000	0.0000	0.0000	0.0000	0.0000	0.0000	0.0000	0.0000	0.0000	0.0000	0.0000	0.0000	0.0000	0.0000	0.0000	0.0000	0.0000	0.0000	0.0000	0.0000	0.0000	0.0000	0.0000	0.0000	0.0000	0.0000	0.0000	0.0000	0.0000	0.0000	0.0000	0.0000	0.0000	0.0000	0.0000											
41	94	0.1831	7	1	2	0	2	0	0	0	0	N	Y	N	Y	N	N	N	N	N	N	N	N	0.0000	0.0000	0.0000	0.0000	0.0000	0.0000	0.0000	0.0000	0.0000	0.0000	0.0000	0.0000	0.0000	0.0000	0.0000	0.0000	0.0000	0.0000	0.0000	0.0000	0.0000	0.0000	7.0150	0.0001	0.0000	0.0000	0.0000	0.0000	0.0000	0.0000	0.0000	0.0000	0.0000	0.0000	0.0000	0.0000	0.0000	0.0000	0.0000	0.0000	0.0000	0.0000	0.0000	0.0000	0.0000	0.0000	0.0000	0.0000	0.0000	0.0000	0.0000	0.0000	0.0000	0.0000	0.0000	0.0000	0.0000	0.0000	0.0000	0.0000	0.0000	0.0000	0.0000	0.0000	0.0000	0.0000	0.0000	0.0000	0.0000	0.0000	0.0000	0.0000	0.0000	0.0000	0.0000	0.0000	0.0000	0.0000											
41	95	0.1651	6	0	2	0	2	0	0	0	0	N	Y	N	Y	N	N	N	N	N	N	N	N	0.0000	0.0000	0.0000	0.0000	0.0000	0.0000	0.0000	0.0000	0.0000	0.0000	0.0000	0.0000	0.0000	0.0000	0.0000	0.0000	0.0000	0.0000	0.0000	0.0000	0.0000	0.9845	7.0150	0.9903	0.0000	0.0000	0.0000	0.0000	0.0000	0.0000	0.0000	0.0000	0.0000	0.0000	0.0000	0.0000	0.0000	0.0000	0.0000	0.0000	0.0000	0.0000	0.0000	0.0000	0.0000	0.0000	0.0000	0.0000	0.0000	0.0000	0.0000	0.0302	0.0179	0.0123	0.0040	0.0034	0.0006	0.0261	0.0145	0.0117	0.0000	0.0000	0.0000	0.0000	0.0000	0.0000	0.0000	0.0000	0.0000	0.0000	0.0000	0.0000	0.0000	0.0000	0.0000	0.0000	0.0000	0.0000											
41	96	0.1623	6	0	2	0	1	0	0	0	0	N	Y	N	N	N	N	N	N	N	N	N	N	0.0000	0.0000	0.0000	0.0000	0.0000	0.0000	0.0000	0.0000	0.0000	0.0000	0.0000	0.0000	0.0000	0.0000	0.0000	0.0000	0.0000	7.3266	11.8861	0.0000	129.5918	138.2213	0.0000	8.2169	15.1980	0.0000	0.0000	0.0000	-0.4068	0.0000	1.0063	7.0150	3.7812	0.0000	0.0000	0.0000	0.0000	0.0000	0.0000	0.0000	0.0000	0.0000	0.7534	0.7534	0.0000	0.1448	0.1448	0.0000	0.6086	0.6086	0.0000	0.0000	0.0000	0.0000	0.0000	0.0000	0.0000	0.0000	0.0000	0.0000	0.1062	0.0678	0.0384	0.0322	0.0278	0.0044	0.0741	0.0400	0.0340	0.0000	0.0000	0.0000	0.0000	0.0000	0.0000	0.0000	0.0000	0.0000	7.0926	11.1132	0.0000	4.5034	5.2190	0.0000	8.2169	15.1980	0.0000		
41	97	0.1651	6	0	1	1	2	0	0	0	0	N	N	N	Y	N	N	N	N	N	N	N	N	0.0000	0.0000	0.0000	0.0000	0.0000	0.0000	0.0000	0.0000	0.0000	0.0000	0.0000	0.0000	0.0000	0.0000	0.0000	0.0000	0.0000	0.0000	0.0000	0.0000	0.0000	1.0165	7.0150	1.0129	0.0000	0.0000	0.0000	0.0000	0.0000	0.0000	0.0000	0.0000	0.0000	0.0000	0.0000	0.0000	0.0000	0.0000	0.0000	0.0000	0.0000	0.0000	0.0000	0.0000	0.0000	0.0000	0.0000	0.0000	0.0000	0.0000	0.0000	0.0309	0.0183	0.0126	0.0041	0.0035	0.0006	0.0268	0.0149	0.0120	0.0000	0.0000	0.0000	0.0000	0.0000	0.0000	0.0000	0.0000	0.0000	0.0000	0.0000	0.0000	0.0000	0.0000	0.0000	0.0000	0.0000	0.0000											
41	98	0.1522	5	0	1	0	2	0	0	0	0	N	N	N	Y	N	N	N	N	N	N	N	N	0.0000	0.0000	0.0000	0.0000	0.0000	0.0000	0.0000	0.0000	0.0000	0.0000	0.0000	0.0000	0.0000	0.0000	0.0000	0.0000	0.0000	0.0000	0.0000	0.0000	0.0000	2.0241	7.0150	1.0265	0.0000	0.0000	0.0000	0.0000	0.0000	0.0000	0.0000	0.0000	0.0000	0.0000	0.0000	0.0000	0.0000	0.0000	0.0000	0.0000	0.0000	0.0000	0.0000	0.0000	0.0000	0.0000	0.0000	0.0000	0.0000	0.0000	0.0000	0.0443	0.0258	0.0185	0.0064	0.0050	0.0013	0.0379	0.0208	0.0171	0.0000	0.0000	0.0000	0.0000	0.0000	0.0000	0.0000	0.0000	0.0000	0.0000	0.0000	0.0000	0.0000	0.0000	0.0000	0.0000	0.0000	0.0000											
41	99	0.1522	5	0	1	1	2	0	0	0	0	N	N	N	Y	N	N	N	N	N	N	N	N	0.0000	0.0000	0.0000	0.0000	0.0000	0.0000	0.0000	0.0000	0.0000	0.0000	0.0000	0.0000	0.0000	0.0000	0.0000	0.0000	0.0000	0.0000	0.0000	0.0000	0.0000	3.0066	7.0150	0.0000	0.0000	0.0000	0.0000	0.0000	0.0000	0.0000	0.0000	0.0000	0.0000	0.0000	0.0000	0.0000	0.0000	0.0000	0.0000	0.0000	0.0000	0.0000	0.0000	0.0000	0.0000	0.0000	0.0000	0.0000	0.0000	0.0000	0.0000	0.0437	0.0255	0.0182	0.0063	0.0049	0.0013	0.0374	0.0205	0.0169	0.0000	0.0000	0.0000	0.0000	0.0000	0.0000	0.0000	0.0000	0.0000	0.0000	0.0000	0.0000	0.0000	0.0000	0.0000	0.0000	0.0000	0.0000											
41	100	0.1779	5	0	1	1	2	0	0	0	0	N	N	N	Y	N	N	N	N	N	N	N	N	0.0000	0.0000	0.0000	0.0000	0.0000	0.0000	0.0000	0.0000	0.0000	0.0000	0.0000	0.0000	0.0000	0.0000	0.0000	0.0000	0.0000	0.0000	0.0000	0.0000	0.0000	0.0000	7.0150	2.0000	0.0000	0.0000	0.0000	0.0000	0.0000	0.0000	0.0000	0.0000	0.0000	0.0000	0.0000	0.0000	0.0000	0.0000	0.0000	0.0000	0.0000	0.0000	0.0000	0.0000	0.0000	0.0000	0.0000	0.0000	0.0000	0.0000	0.0000	0.0283	0.0163	0.0120	0.0042	0.0033	0.0009	0.0241	0.0130	0.0111	0.0000	0.0000	0.0000	0.0000	0.0000	0.0000	0.0000	0.0000	0.0000	0.0000	0.0000	0.0000	0.0000	0.0000	0.0000	0.0000	0.0000	0.0000											
41	101	0.1389	4	0	1	1	2	0	0	0	0	N	N	N	Y	N	N	N	N	N	N	N	N	0.0000	0.0000	0.0000	0.0000	0.0000	0.0000	0.0000	0.0000	0.0000	0.0000	0.0000	0.0000	0.0000	0.0000	0.0000	0.0000	0.0000	0.0000	7.5159	13.1291	0.0000	0.1036	0.1580	0.0004	8.8008	16.2283	0.0000	0.0000	0.0000	-0.5386	0.0000	5.8899	7.0150	3.1847	0.0000	0.0000	0.0000	0.0000	0.0000	0.0000	0.0000	0.0000	0.0000	0.9974	0.9974	0.0000	0.0018	0.0018	0.0000	0.9956	0.9956	0.0000	0.0000	0.0000	0.0000	0.0000	0.0000	0.0000	0.0000	0.0000	0.0000	0.1340	0.0785	0.0555	0.0209	0.0172	0.0037	0.1131	0.0614	0.0518	0.0000	0.0000	0.0000	0.0000	0.0000	0.0000	0.0000	0.0000	0.0000	7.4431	12.7041	0.0000	0.0872	0.1060	0.0004	8.8008	16.2283	0.0000	
41	102	0.1857	4	1	2	0	1	0	0	0	0	N	Y	N	N	N	N	N	N	N	N	N	N	0.0000	0.0000	0.0000	0.0000	0.0000	0.0000	0.0000	0.0000	0.0000	0.0000	0.0000	0.0000	0.0000	0.0000	0.0000	0.0000	0.0000	0.0000	0.0000	0.0000	0.0000	0.0000	7.0150	0.0000	0.0000	0.0000	0.0000	0.0000	0.0000	0.0000	0.0000	0.0000	0.0000	0.0000	0.0000	0.0000	0.0000	0.0000	0.0000	0.0000	0.0000	0.0000	0.0000	0.0000	0.0000	0.0000	0.0000	0.0000	0.0000	0.0000	0.0000	0.0000	0.0000	0.0000	0.0000	0.0000	0.0000	0.0000	0.0000	0.0000	0.0000	0.0000	0.0000	0.0000	0.0000	0.0000	0.0000	0.0000	0.0000	0.0000	0.0000	0.0000	0.0000	0.0000	0.0000	0.0000	0.0000	0.0000											
41	103	0.0864	3	1	2	0	1	0	0	0	0	N	Y	N	N	N	N	N	N	N	N	N	N	0.0000	0.0000	0.0000	0.0000	0.0000	0.0000	0.0000	0.0000	0.0000	0.0000	0.0000	0.0000	0.0000	3.6535	6.5374	0.0000	0.0000	0.0000	0.0000	3.9234	7.0594	0.0000	0.0000	0.0000	-0.5399	0.0000	8.0012	7.0150	14.0016	0.0000	0.0000	0.0000	0.0000	0.0000	0.0000	0.0000	0.0000	0.0000	1.0000	1.0000	0.0000	0.0000	0.0000	0.0000	1.0000	1.0000	0.0000	0.0000	0.0000	0.0000	0.0000	0.0000	0.0000	0.0000	0.0000	0.0000	0.2737	0.1560	0.1177	0.0188	0.0143	0.0045	0.2549	0.1417	0.1132	0.0000	0.0000	0.0000	0.0000	0.0000	0.0000	0.0000	0.0000	0.0000	3.6535	6.4105	0.0000	0.0000	0.0000	0.0000	3.9234	7.0594	0.0000						
41	104	0.1493	4	0	2	0	1	0	0	0	0	N	Y	N	N	N	N	N	N	N	N	N	N	0.0000	0.0000	0.0000	0.0000	0.0000	0.0000	0.0000	0.0000	0.0000	0.0000	0.0000	0.0000	0.0000	0.0000	0.0000	0.0000	0.0000	0.0157	0.0268	0.0000	0.0296	0.0383	0.0002	0.0121	0.0225	0.0000	0.0005	0.0000	-0.0004	0.0000	2.0010	7.0150	1.0153	0.0000	0.0000	0.0000	0.0000	0.0000	0.0000	0.0000	0.0000	0.0000	0.0007	0.0007	0.0000	0.0003	0.0003	0.0000	0.0004	0.0004	0.0000	0.0000	0.0000	0.0000	0.0000	0.0000	0.0000	0.0000	0.0000	0.0000	0.0465	0.0273	0.0192	0.0095	0.0073	0.0022	0.0371	0.0200	0.0171	0.0000	0.0000	0.0000	0.0000	0.0000	0.0000	0.0000	0.0000	0.0000	0.0157	0.0268	0.0000	0.0296	0.0383	0.0002	0.0121	0.0225	0.0000		
41	105	0.0864	3	0	2	0	1	0	0	0	0	N	Y	N	N	N	N	N	N	N	N	N	N	0.0000	0.0000	0.0000	0.0000	0.0000	0.0000	0.0000	0.0000	0.0000	0.0000	0.0000	0.0000	0.0000	0.0000	0.0000	0.0000	0.0000	5.3804	9.4669	0.0015	0.0000	0.0000	0.0000	5.7734	10.4220	0.0016	0.0001	0.0000	-0.5396	0.0000	3.0162	7.0150	11.0438	0.0000	0.0000	0.0000	0.0000	0.0000	0.0000	0.0000	0.0000	0.0000	0.9997	0.9995	0.0001	0.0000	0.0000	0.0000	0.9996	0.9995	0.0001	0.0000	0.0000	0.0000	0.0000	0.0000	0.0000	0.0000	0.0000	0.0000	0.1858	0.1056	0.0802	0.0126	0.0097	0.0030	0.1731	0.0959	0.0772	0.0000	0.0000	0.0000	0.0000	0.0000	0.0000	0.0000	0.0000	0.0000	5.3804	9.4669	0.0015	0.0000	0.0000	0.0000	5.7734	10.4220	0.0016		
41	106	0.1872	8	1	2	0	1	0	0	0	0	N	Y	N	N	N	N	N	N	N	N	N	N	0.0000	0.0000	0.0000	0.0000	0.0000	0.0000	0.0000	0.0000	0.0000	0.0000	0.0000	0.0000	0.0000	0.0000	0.0000	0.0000	0.0000	0.0000	0.0000	0.0000	0.0000	1.0000	7.0150	1.0000	0.0000	0.0000	0.0000	0.0000	0.0000	0.0000	0.0000	0.0000	0.0000	0.0000	0.0000	0.0000	0.0000	0.0000	0.0000	0.0000	0.0000	0.0000	0.0000	0.0000	0.0000	0.0000	0.0000	0.0000	0.0000	0.0000	0.0000	0.0301	0.0186	0.0115	0.0099	0.0079	0.0020	0.0202	0.0107	0.0095	0.0000	0.0000	0.0000	0.0000	0.0000	0.0000	0.0000	0.0000	0.0000	0.0000	0.0000	0.0000	0.0000	0.0000	0.0000	0.0000	0.0000	0.0000											
41	107	0.1831	7	1	2	0	1	0	0	0	0	N	Y	N	N	N	N	N	N	N	N	N	N	0.0000	0.0000	0.0000	0.0000	0.0000	0.0000	0.0000	0.0000	0.0000	0.0000	0.0000	0.0000	0.0000	0.0000	0.0000	0.0000	0.0000	0.0000	0.0000	0.0000	0.0000	0.0000	7.0150	0.9999	0.0000	0.0000	0.0000	0.0000	0.0000	0.0000	0.0000	0.0000	0.0000	0.0000	0.0000	0.0000	0.0000	0.0000	0.0000	0.0000	0.0000	0.0000	0.0000	0.0000	0.0000	0.0000	0.0000	0.0000	0.0000	0.0000	0.0000	0.0151	0.0091	0.0060	0.0041	0.0032	0.0008	0.0110	0.0059	0.0051	0.0000	0.0000	0.0000	0.0000	0.0000	0.0000	0.0000	0.0000	0.0000	0.0000	0.0000	0.0000	0.0000	0.0000	0.0000	0.0000	0.0000	0.0000											
41	108	0.1623	6	1	2	0	1	0	0	0	0	N	Y	N	N	N	N	N	N	N	N	N	N	0.0000	0.0000	0.0000	0.0000	0.0000	0.0000	0.0000	0.0000	0.0000	0.0000	0.0000	0.0000	0.0000	0.0000	0.0000	0.0000	0.0000	8.4623	0.0001	43.8734	211.3108	0.0004	3754.2169	8.0793	0.0000	34.8658	85724.0197	0.0000	0.3944	0.0000	0.0100	7.0150	4.8896	0.0000	0.0000	0.0000	0.0000	0.0000	0.0000	0.0000	0.0000	0.0000	0.8573	0.0000	0.8572	0.2487	0.0000	0.2487	0.6086	0.0000	0.6086	0.0000	0.0000	0.0000	0.0000	0.0000	0.0000	0.0000	0.0000	0.0000	0.1077	0.0686	0.0390	0.0324	0.0279	0.0045	0.0753	0.0407	0.0346	0.0000	0.0000	0.0000	0.0000	0.0000	0.0000	0.0000	0.0000	0.0000	7.9604	0.0001	21.9569	7.6838	0.0004	55.7826	8.0793	0.0000	17.5964		
41	109	0.1522	5	0	2	0	1	0	0	0	0	N	Y	N	N	N	N	N	N	N	N	N	N	0.0000	0.0000	0.0000	0.0000	0.0000	0.0000	0.0000	0.0000	0.0000	0.0000	0.0000	0.0000	0.0000	0.0000	0.0000	0.0000	0.0000	11.6488	12.9891	15.6668	0.0000	0.0000	0.0000	13.0353	15.1073	16.7083	0.5739	0.0000	-0.0686	0.0000	1.0007	7.0150	1.4004	0.0000	0.0000	0.0000	0.0000	0.0000	0.0000	0.0000	0.0000	0.0000	0.3914	0.2487	0.1427	0.0000	0.0000	0.0000	0.3914	0.2487	0.1427	0.0000	0.0000	0.0000	0.0000	0.0000	0.0000	0.0000	0.0000	0.0000	0.0351	0.0204	0.0146	0.0050	0.0040	0.0011	0.0300	0.0165	0.0136	0.0000	0.0000	0.0000	0.0000	0.0000	0.0000	0.0000	0.0000	0.0000	11.1636	12.1729	9.7542	0.0000	0.0000	0.0000	13.0353	15.1073	10.5208		
41	110	0.1389	4	0	1	0	1	0	0	0	0	N	N	N	N	N	N	N	N	N	N	N	N	0.0000	0.0000	0.0000	0.0000	0.0000	0.0000	0.0000	0.0000	0.0000	0.0000	0.0000	0.0000	0.0000	0.0000	0.0000	0.0000	0.0000	0.0000	0.1944	0.5240	0.0001	6.7009	7.2152	0.0012	0.0428	0.0808	0.0000	0.0002	0.0000	-0.0049	0.0000	0.3039	7.0150	2.8719	0.0000	0.0000	0.0000	0.0000	0.0000	0.0000	0.0000	0.0000	0.0000	0.0091	0.0091	0.0000	0.0072	0.0072	0.0000	0.0019	0.0019	0.0000	0.0000	0.0000	0.0000	0.0000	0.0000	0.0000	0.0000	0.0000	0.0000	0.0549	0.0327	0.0222	0.0105	0.0092	0.0014	0.0444	0.0235	0.0208	0.0000	0.0000	0.0000	0.0000	0.0000	0.0000	0.0000	0.0000	0.0000	0.1658	0.2785	0.0001	0.6846	0.7868	0.0012	0.0428	0.0808	0.0000	
41	111	0.0864	3	0	1	0	1	0	0	0	0	N	N	N	N	N	N	N	N	N	N	N	N	0.0000	0.0000	0.0000	0.0000	0.0000	0.0000	0.0000	0.0000	0.0000	0.0000	0.0000	0.0000	0.0000	0.0000	0.0000	0.0000	0.0000	6.3892	11.5814	0.0123	0.0002	0.0002	0.0000	6.6894	12.0779	0.0128	0.0009	0.0000	-0.5416	0.0000	3.8240	7.0150	8.1760	0.0000	0.0000	0.0000	0.0000	0.0000	0.0000	0.0000	0.0000	0.0000	1.0047	1.0038	0.0009	0.0000	0.0000	0.0000	1.0047	1.0038	0.0009	0.0000	0.0000	0.0000	0.0000	0.0000	0.0000	0.0000	0.0000	0.0000	0.1611	0.0915	0.0696	0.0109	0.0084	0.0026	0.1502	0.0831	0.0671	0.0000	0.0000	0.0000	0.0000	0.0000	0.0000	0.0000	0.0000	0.0000	6.2351	10.9717	0.0123	0.0002	0.0002	0.0000	6.6894	12.0779	0.0128		
41	115	0.2790	6	0	1	0	1	0	0	0	0	N	N	N	N	N	N	N	N	N	N	N	N	0.0000	0.0000	0.0000	0.0000	0.0000	0.0000	0.0000	0.0000	0.0000	0.0000	0.0000	0.0000	0.0000	0.0000	0.0000	0.0000	0.0000	0.0000	2.2913	3.0331	1.6450	35.0560	34.3294	1.4913	1.6259	1.9612	1.6549	0.2203	0.0000	-0.3525	0.0000	8.9918	7.0150	13.3277	0.0000	0.0000	0.0000	0.0000	0.0000	0.0000	0.0000	0.0000	0.0000	0.9806	0.8036	0.1770	0.5221	0.4784	0.0437	0.4585	0.3253	0.1333	0.0000	0.0000	0.0000	0.0000	0.0000	0.0000	0.0000	0.0000	0.0000	0.5252	0.3741	0.1511	0.2432	0.2083	0.0349	0.2820	0.1658	0.1162	0.0000	0.0000	0.0000	0.0000	0.0000	0.0000	0.0000	0.0000	0.0000	1.8673	2.1481	1.1718	2.1472	2.2970	1.2535	1.6259	1.9612	1.1473	
42	44	0.0168	2	2	0	2	0	0	0	0	0	Y	N	Y	N	N	N	N	N	N	N	N	N	0.0000	0.0000	0.0000	0.0000	0.0000	0.0000	0.0000	0.0000	0.0000	0.0000	0.0000	0.0000	0.0000	0.0000	0.0000	0.0000	0.0000	0.0000	0.0000	0.0000	0.0000	1.0000	0.0000	3.0000	0.0000	0.0000	0.0000	0.0000	0.0000	0.0000	0.0000	0.0000	0.0000	0.0000	0.0000	0.0000	0.0000	0.0000	0.0000	0.0000	0.0000	0.0000	0.0000	0.0000	0.0000	0.0000	0.0000	0.0000	0.0000	0.0000	0.0000	0.0000	0.0000	0.0000	0.0000	0.0000	0.0000	0.0000	0.0000	0.0000	0.0000	0.0000	0.0000	0.0000	0.0000	0.0000	0.0000	0.0000	0.0000	0.0000	0.0000	0.0000	0.0000	0.0000	0.0000	0.0000	0.0000	0.0000											
42	45	0.1581	6	1	0	2	0	0	0	0	0	N	N	Y	N	N	N	N	N	N	N	N	N	0.0000	0.0000	0.0000	0.0000	0.0000	0.0000	0.0000	0.0000	0.0000	0.0000	0.0000	0.0000	0.0000	0.0000	0.0000	0.0000	0.0000	0.0000	0.0000	0.0000	0.0000	0.0000	0.0000	0.0000	0.0000	0.0000	0.0000	0.0000	0.0000	0.0000	0.0000	0.0000	0.0000	0.0000	0.0000	0.0000	0.0000	0.0000	0.0000	0.0000	0.0000	0.0000	0.0000	0.0000	0.0000	0.0000	0.0000	0.0000	0.0000	0.0000	0.0000	0.0000	0.0000	0.0000	0.0000	0.0000	0.0000	0.0000	0.0000	0.0000	0.0000	0.0000	0.0000	0.0000	0.0000	0.0000	0.0000	0.0000	0.0000	0.0000	0.0000	0.0000	0.0000	0.0000	0.0000	0.0000	0.0000	0.0000											
42	46	0.1151	5	1	0	1	0	0	0	0	0	N	N	N	N	N	N	N	N	N	N	N	N	0.0000	0.0000	0.0000	0.0000	0.0000	0.0000	0.0000	0.0000	0.0000	0.0000	0.0000	0.0000	0.0000	0.0000	0.0000	0.0000	0.0000	0.0000	0.0000	0.0000	0.0000	4.0000	0.0000	5.9850	0.0000	0.0000	0.0000	0.0000	0.0000	0.0000	0.0000	0.0000	0.0000	0.0000	0.0000	0.0000	0.0000	0.0000	0.0000	0.0000	0.0000	0.0000	0.0000	0.0000	0.0000	0.0000	0.0000	0.0000	0.0000	0.0000	0.0000	0.0000	0.0000	0.0000	0.0000	0.0000	0.0000	0.0000	0.0000	0.0000	0.0000	0.0000	0.0000	0.0000	0.0000	0.0000	0.0000	0.0000	0.0000	0.0000	0.0000	0.0000	0.0000	0.0000	0.0000	0.0000	0.0000	0.0000											
42	47	0.1861	7	1	1	1	0	0	0	0	0	N	N	N	N	N	N	N	N	N	N	N	N	0.0000	0.0000	0.0000	0.0000	0.0000	0.0000	0.0000	0.0000	0.0000	0.0000	0.0000	0.0000	0.0000	0.0000	0.0000	0.0000	0.0000	0.0000	0.0000	0.0000	0.0000	0.0000	0.0000	0.0000	0.0000	0.0000	0.0000	0.0000	0.0000	0.0000	0.0000	0.0000	0.0000	0.0000	0.0000	0.0000	0.0000	0.0000	0.0000	0.0000	0.0000	0.0000	0.0000	0.0000	0.0000	0.0000	0.0000	0.0000	0.0000	0.0000	0.0000	0.0000	0.0000	0.0000	0.0000	0.0000	0.0000	0.0000	0.0000	0.0000	0.0000	0.0000	0.0000	0.0000	0.0000	0.0000	0.0000	0.0000	0.0000	0.0000	0.0000	0.0000	0.0000	0.0000	0.0000	0.0000	0.0000	0.0000											
42	48	0.0493	4	2	1	2	0	0	0	0	0	Y	N	Y	N	N	N	N	N	N	N	N	N	0.0000	0.0000	0.0000	0.0000	0.0000	0.0000	0.0000	0.0000	0.0000	0.0000	0.0000	0.0000	0.0000	0.0000	0.0000	0.0000	0.0000	0.0000	0.0000	0.0000	0.0000	0.0000	0.0000	2.0152	0.0000	0.0000	0.0000	0.0000	0.0000	0.0000	0.0000	0.0000	0.0000	0.0000	0.0000	0.0000	0.0000	0.0000	0.0000	0.0000	0.0000	0.0000	0.0000	0.0000	0.0000	0.0000	0.0000	0.0000	0.0000	0.0000	0.0000	0.0000	0.0000	0.0000	0.0000	0.0000	0.0000	0.0000	0.0000	0.0000	0.0000	0.0000	0.0000	0.0000	0.0000	0.0000	0.0000	0.0000	0.0000	0.0000	0.0000	0.0000	0.0000	0.0000	0.0000	0.0000	0.0000	0.0000											
42	49	0.0451	3	2	0	2	0	0	0	0	0	Y	N	Y	N	N	N	N	N	N	N	N	N	0.0000	0.0000	0.0000	0.0000	0.0000	0.0000	0.0000	0.0000	0.0000	0.0000	0.0000	0.0000	0.0000	0.0000	0.0000	0.0000	0.0000	0.0000	0.0000	0.0000	0.0000	0.0003	0.0000	1.0311	0.0000	0.0000	0.0000	0.0000	0.0000	0.0000	0.0000	0.0000	0.0000	0.0000	0.0000	0.0000	0.0000	0.0000	0.0000	0.0000	0.0000	0.0000	0.0000	0.0000	0.0000	0.0000	0.0000	0.0000	0.0000	0.0000	0.0000	0.0000	0.0000	0.0000	0.0000	0.0000	0.0000	0.0000	0.0000	0.0000	0.0000	0.0000	0.0000	0.0000	0.0000	0.0000	0.0000	0.0000	0.0000	0.0000	0.0000	0.0000	0.0000	0.0000	0.0000	0.0000	0.0000	0.0000											
42	50	0.0451	3	2	1	2	0	0	0	0	0	Y	N	Y	N	N	N	N	N	N	N	N	N	0.0000	0.0000	0.0000	0.0000	0.0000	0.0000	0.0000	0.0000	0.0000	0.0000	0.0000	0.0000	0.0000	0.0000	0.0000	0.0000	0.0000	0.0000	0.0000	0.0000	0.0000	0.0003	0.0000	1.0126	0.0000	0.0000	0.0000	0.0000	0.0000	0.0000	0.0000	0.0000	0.0000	0.0000	0.0000	0.0000	0.0000	0.0000	0.0000	0.0000	0.0000	0.0000	0.0000	0.0000	0.0000	0.0000	0.0000	0.0000	0.0000	0.0000	0.0000	0.0000	0.0000	0.0000	0.0000	0.0000	0.0000	0.0000	0.0000	0.0000	0.0000	0.0000	0.0000	0.0000	0.0000	0.0000	0.0000	0.0000	0.0000	0.0000	0.0000	0.0000	0.0000	0.0000	0.0000	0.0000	0.0000	0.0000											
42	51	0.1579	4	2	1	1	0	0	0	0	0	Y	N	N	N	N	N	N	N	N	N	N	N	0.0000	0.0000	0.0000	0.0000	0.0000	0.0000	0.0000	0.0000	0.0000	0.0000	0.0000	0.0000	0.0000	0.0000	0.0000	0.0000	0.0000	0.0000	0.0000	0.0000	0.0000	0.0000	0.0000	1.0000	0.0000	0.0000	0.0000	0.0000	0.0000	0.0000	0.0000	0.0000	0.0000	0.0000	0.0000	0.0000	0.0000	0.0000	0.0000	0.0000	0.0000	0.0000	0.0000	0.0000	0.0000	0.0000	0.0000	0.0000	0.0000	0.0000	0.0000	0.0000	0.0000	0.0000	0.0000	0.0000	0.0000	0.0000	0.0000	0.0000	0.0000	0.0000	0.0000	0.0000	0.0000	0.0000	0.0000	0.0000	0.0000	0.0000	0.0000	0.0000	0.0000	0.0000	0.0000	0.0000	0.0000	0.0000											
42	52	0.1540	7	1	1	1	1	0	0	0	0	N	N	N	N	N	N	N	N	N	N	N	N	0.0000	0.0000	0.0000	0.0000	0.0000	0.0000	0.0000	0.0000	0.0000	0.0000	0.0000	0.0000	0.0000	0.0000	0.0000	0.0000	0.0000	0.0000	0.0000	0.0000	0.0000	0.9995	0.0000	1.0399	0.0000	0.0000	0.0000	0.0000	0.0000	0.0000	0.0000	0.0000	0.0000	0.0000	0.0000	0.0000	0.0000	0.0000	0.0000	0.0000	0.0000	0.0000	0.0000	0.0000	0.0000	0.0000	0.0000	0.0000	0.0000	0.0000	0.0000	0.0000	0.0000	0.0000	0.0000	0.0000	0.0000	0.0000	0.0000	0.0000	0.0000	0.0000	0.0000	0.0000	0.0000	0.0000	0.0000	0.0000	0.0000	0.0000	0.0000	0.0000	0.0000	0.0000	0.0000	0.0000	0.0000	0.0000											
42	53	0.1540	7	1	0	1	1	0	0	0	0	N	N	N	N	N	N	N	N	N	N	N	N	0.0000	0.0000	0.0000	0.0000	0.0000	0.0000	0.0000	0.0000	0.0000	0.0000	0.0000	0.0000	0.0000	0.0000	0.0000	0.0000	0.0000	0.0000	0.0000	0.0000	0.0000	3.0005	0.0000	1.0125	0.0000	0.0000	0.0000	0.0000	0.0000	0.0000	0.0000	0.0000	0.0000	0.0000	0.0000	0.0000	0.0000	0.0000	0.0000	0.0000	0.0000	0.0000	0.0000	0.0000	0.0000	0.0000	0.0000	0.0000	0.0000	0.0000	0.0000	0.0000	0.0000	0.0000	0.0000	0.0000	0.0000	0.0000	0.0000	0.0000	0.0000	0.0000	0.0000	0.0000	0.0000	0.0000	0.0000	0.0000	0.0000	0.0000	0.0000	0.0000	0.0000	0.0000	0.0000	0.0000	0.0000	0.0000											
42	54	0.1458	6	1	0	1	1	0	0	0	0	N	N	N	N	N	N	N	N	N	N	N	N	0.0000	0.0000	0.0000	0.0000	0.0000	0.0000	0.0000	0.0000	0.0000	0.0000	0.0000	0.0000	0.0000	0.0000	0.0000	0.0000	0.0000	0.0000	0.0000	0.0000	0.0000	0.0013	0.0000	1.9704	0.0000	0.0000	0.0000	0.0000	0.0000	0.0000	0.0000	0.0000	0.0000	0.0000	0.0000	0.0000	0.0000	0.0000	0.0000	0.0000	0.0000	0.0000	0.0000	0.0000	0.0000	0.0000	0.0000	0.0000	0.0000	0.0000	0.0000	0.0000	0.0000	0.0000	0.0000	0.0000	0.0000	0.0000	0.0000	0.0000	0.0000	0.0000	0.0000	0.0000	0.0000	0.0000	0.0000	0.0000	0.0000	0.0000	0.0000	0.0000	0.0000	0.0000	0.0000	0.0000	0.0000	0.0000											
42	55	0.1151	5	1	0	1	1	0	0	0	0	N	N	N	N	N	N	N	N	N	N	N	N	0.0000	0.0000	0.0000	0.0000	0.0000	0.0000	0.0000	0.0000	0.0000	0.0000	0.0000	0.0000	0.0000	0.0000	0.0000	0.0000	0.0000	0.0000	0.0000	0.0000	0.0000	3.0000	0.0000	4.0155	0.0000	0.0000	0.0000	0.0000	0.0000	0.0000	0.0000	0.0000	0.0000	0.0000	0.0000	0.0000	0.0000	0.0000	0.0000	0.0000	0.0000	0.0000	0.0000	0.0000	0.0000	0.0000	0.0000	0.0000	0.0000	0.0000	0.0000	0.0000	0.0000	0.0000	0.0000	0.0000	0.0000	0.0000	0.0000	0.0000	0.0000	0.0000	0.0000	0.0000	0.0000	0.0000	0.0000	0.0000	0.0000	0.0000	0.0000	0.0000	0.0000	0.0000	0.0000	0.0000	0.0000	0.0000											
42	56	0.0356	4	1	1	2	0	0	0	0	0	N	N	Y	N	N	N	N	N	N	N	N	N	0.0000	0.0000	0.0000	0.0000	0.0000	0.0000	0.0000	0.0000	0.0000	0.0000	0.0000	0.0000	0.0000	0.0000	0.0000	0.0000	0.0000	0.0000	0.0000	0.0000	0.0000	2.0013	0.0000	5.6727	0.0000	0.0000	0.0000	0.0000	0.0000	0.0000	0.0000	0.0000	0.0000	0.0000	0.0000	0.0000	0.0000	0.0000	0.0000	0.0000	0.0000	0.0000	0.0000	0.0000	0.0000	0.0000	0.0000	0.0000	0.0000	0.0000	0.0000	0.0000	0.0000	0.0000	0.0000	0.0000	0.0000	0.0000	0.0000	0.0000	0.0000	0.0000	0.0000	0.0000	0.0000	0.0000	0.0000	0.0000	0.0000	0.0000	0.0000	0.0000	0.0000	0.0000	0.0000	0.0000	0.0000	0.0000											
42	57	0.0319	3	1	1	1	0	0	0	0	0	N	N	N	N	N	N	N	N	N	N	N	N	0.0000	0.0000	0.0000	0.0000	0.0000	0.0000	0.0000	0.0000	0.0000	0.0000	0.0000	0.0000	0.0000	0.0000	0.0000	0.0000	0.0000	0.0000	0.0000	0.0000	0.0000	0.0033	0.0000	1.3874	0.0000	0.0000	0.0000	0.0000	0.0000	0.0000	0.0000	0.0000	0.0000	0.0000	0.0000	0.0000	0.0000	0.0000	0.0000	0.0000	0.0000	0.0000	0.0000	0.0000	0.0000	0.0000	0.0000	0.0000	0.0000	0.0000	0.0000	0.0000	0.0000	0.0000	0.0000	0.0000	0.0000	0.0000	0.0000	0.0000	0.0000	0.0000	0.0000	0.0000	0.0000	0.0000	0.0000	0.0000	0.0000	0.0000	0.0000	0.0000	0.0000	0.0000	0.0000	0.0000	0.0000	0.0000											
42	58	0.0168	2	2	0	2	0	0	0	0	0	Y	N	Y	N	N	N	N	N	N	N	N	N	0.0000	0.0000	0.0000	0.0000	0.0000	0.0000	0.0000	0.0000	0.0000	0.0000	0.0000	0.0000	0.0000	0.0000	0.0000	0.0000	0.0000	0.0000	0.0000	0.0000	0.0000	0.0000	0.0000	2.0000	0.0000	0.0000	0.0000	0.0000	0.0000	0.0000	0.0000	0.0000	0.0000	0.0000	0.0000	0.0000	0.0000	0.0000	0.0000	0.0000	0.0000	0.0000	0.0000	0.0000	0.0000	0.0000	0.0000	0.0000	0.0000	0.0000	0.0000	0.0000	0.0000	0.0000	0.0000	0.0000	0.0000	0.0000	0.0000	0.0000	0.0000	0.0000	0.0000	0.0000	0.0000	0.0000	0.0000	0.0000	0.0000	0.0000	0.0000	0.0000	0.0000	0.0000	0.0000	0.0000	0.0000	0.0000											
42	59	0.0319	3	1	1	1	0	0	0	0	0	N	N	N	N	N	N	N	N	N	N	N	N	0.0000	0.0000	0.0000	0.0000	0.0000	0.0000	0.0000	0.0000	0.0000	0.0000	0.0000	0.0000	0.0000	0.0000	0.0000	0.0000	0.0000	0.0000	0.0000	0.0000	0.0000	1.9997	0.0000	3.4660	0.0000	0.0000	0.0000	0.0000	0.0000	0.0000	0.0000	0.0000	0.0000	0.0000	0.0000	0.0000	0.0000	0.0000	0.0000	0.0000	0.0000	0.0000	0.0000	0.0000	0.0000	0.0000	0.0000	0.0000	0.0000	0.0000	0.0000	0.0000	0.0000	0.0000	0.0000	0.0000	0.0000	0.0000	0.0000	0.0000	0.0000	0.0000	0.0000	0.0000	0.0000	0.0000	0.0000	0.0000	0.0000	0.0000	0.0000	0.0000	0.0000	0.0000	0.0000	0.0000	0.0000	0.0000											
42	60	0.0168	2	1	1	1	0	0	0	0	0	N	N	N	N	N	N	N	N	N	N	N	N	0.0000	0.0000	0.0000	0.0000	0.0000	0.0000	0.0000	0.0000	0.0000	0.0000	0.0000	0.0000	0.0000	0.0000	0.0000	0.0000	0.0000	0.0000	0.0000	0.0000	0.0000	0.0005	0.0000	3.6054	0.0000	0.0000	0.0000	0.0000	0.0000	0.0000	0.0000	0.0000	0.0000	0.0000	0.0000	0.0000	0.0000	0.0000	0.0000	0.0000	0.0000	0.0000	0.0000	0.0000	0.0000	0.0000	0.0000	0.0000	0.0000	0.0000	0.0000	0.0000	0.0000	0.0000	0.0000	0.0000	0.0000	0.0000	0.0000	0.0000	0.0000	0.0000	0.0000	0.0000	0.0000	0.0000	0.0000	0.0000	0.0000	0.0000	0.0000	0.0000	0.0000	0.0000	0.0000	0.0000	0.0000	0.0000											
42	61	0.1861	7	1	0	2	0	0	0	0	0	N	N	Y	N	N	N	N	N	N	N	N	N	0.0000	0.0000	0.0000	0.0000	0.0000	0.0000	0.0000	0.0000	0.0000	0.0000	0.0000	0.0000	0.0000	0.0000	0.0000	0.0000	0.0000	0.0000	0.0000	0.0000	0.0000	0.0000	0.0000	1.0000	0.0000	0.0000	0.0000	0.0000	0.0000	0.0000	0.0000	0.0000	0.0000	0.0000	0.0000	0.0000	0.0000	0.0000	0.0000	0.0000	0.0000	0.0000	0.0000	0.0000	0.0000	0.0000	0.0000	0.0000	0.0000	0.0000	0.0000	0.0000	0.0000	0.0000	0.0000	0.0000	0.0000	0.0000	0.0000	0.0000	0.0000	0.0000	0.0000	0.0000	0.0000	0.0000	0.0000	0.0000	0.0000	0.0000	0.0000	0.0000	0.0000	0.0000	0.0000	0.0000	0.0000	0.0000											
42	62	0.1818	6	1	0	1	0	0	0	0	0	N	N	N	N	N	N	N	N	N	N	N	N	0.0000	0.0000	0.0000	0.0000	0.0000	0.0000	0.0000	0.0000	0.0000	0.0000	0.0000	0.0000	0.0000	0.0000	0.0000	0.0000	0.0000	0.0000	0.0000	0.0000	0.0000	0.0001	0.0000	1.0076	0.0000	0.0000	0.0000	0.0000	0.0000	0.0000	0.0000	0.0000	0.0000	0.0000	0.0000	0.0000	0.0000	0.0000	0.0000	0.0000	0.0000	0.0000	0.0000	0.0000	0.0000	0.0000	0.0000	0.0000	0.0000	0.0000	0.0000	0.0000	0.0000	0.0000	0.0000	0.0000	0.0000	0.0000	0.0000	0.0000	0.0000	0.0000	0.0000	0.0000	0.0000	0.0000	0.0000	0.0000	0.0000	0.0000	0.0000	0.0000	0.0000	0.0000	0.0000	0.0000	0.0000	0.0000											
42	63	0.1151	5	1	0	1	0	0	0	0	0	N	N	N	N	N	N	N	N	N	N	N	N	0.0000	0.0000	0.0000	0.0000	0.0000	0.0000	0.0000	0.0000	0.0000	0.0000	0.0000	0.0000	0.0000	0.0000	0.0000	0.0000	0.0000	0.0000	0.0000	0.0000	0.0000	11.9999	0.0000	3.0574	0.0000	0.0000	0.0000	0.0000	0.0000	0.0000	0.0000	0.0000	0.0000	0.0000	0.0000	0.0000	0.0000	0.0000	0.0000	0.0000	0.0000	0.0000	0.0000	0.0000	0.0000	0.0000	0.0000	0.0000	0.0000	0.0000	0.0000	0.0000	0.0000	0.0000	0.0000	0.0000	0.0000	0.0000	0.0000	0.0000	0.0000	0.0000	0.0000	0.0000	0.0000	0.0000	0.0000	0.0000	0.0000	0.0000	0.0000	0.0000	0.0000	0.0000	0.0000	0.0000	0.0000	0.0000											
42	64	0.0168	2	2	1	1	0	0	0	0	0	Y	N	N	N	N	N	N	N	N	N	N	N	0.0000	0.0000	0.0000	0.0000	0.0000	0.0000	0.0000	0.0000	0.0000	0.0000	0.0000	0.0000	0.0000	0.0000	0.0000	0.0000	0.0000	0.0000	0.0000	0.0000	0.0000	4.0000	0.0000	3.0000	0.0000	0.0000	0.0000	0.0000	0.0000	0.0000	0.0000	0.0000	0.0000	0.0000	0.0000	0.0000	0.0000	0.0000	0.0000	0.0000	0.0000	0.0000	0.0000	0.0000	0.0000	0.0000	0.0000	0.0000	0.0000	0.0000	0.0000	0.0000	0.0000	0.0000	0.0000	0.0000	0.0000	0.0000	0.0000	0.0000	0.0000	0.0000	0.0000	0.0000	0.0000	0.0000	0.0000	0.0000	0.0000	0.0000	0.0000	0.0000	0.0000	0.0000	0.0000	0.0000	0.0000	0.0000											
42	65	0.0586	3	1	0	1	0	0	0	0	0	N	N	N	N	N	N	N	N	N	N	N	N	0.0000	0.0000	0.0000	0.0000	0.0000	0.0000	0.0000	0.0000	0.0000	0.0000	0.0000	0.0000	0.0000	0.0000	0.0000	0.0000	0.0000	0.0000	0.0000	0.0000	0.0000	2.0015	0.0000	10.0016	0.0000	0.0000	0.0000	0.0000	0.0000	0.0000	0.0000	0.0000	0.0000	0.0000	0.0000	0.0000	0.0000	0.0000	0.0000	0.0000	0.0000	0.0000	0.0000	0.0000	0.0000	0.0000	0.0000	0.0000	0.0000	0.0000	0.0000	0.0000	0.0000	0.0000	0.0000	0.0000	0.0000	0.0000	0.0000	0.0000	0.0000	0.0000	0.0000	0.0000	0.0000	0.0000	0.0000	0.0000	0.0000	0.0000	0.0000	0.0000	0.0000	0.0000	0.0000	0.0000	0.0000	0.0000											
42	67	0.2135	5	1	0	1	0	0	0	0	0	N	N	N	N	N	N	N	N	N	N	N	N	0.0000	0.0000	0.0000	0.0000	0.0000	0.0000	0.0000	0.0000	0.0000	0.0000	0.0000	0.0000	0.0000	0.0000	0.0000	0.0000	0.0000	0.0000	0.0000	0.0000	0.0000	4.8614	0.0000	14.2102	0.0000	0.0000	0.0000	0.0000	0.0000	0.0000	0.0000	0.0000	0.0000	0.0000	0.0000	0.0000	0.0000	0.0000	0.0000	0.0000	0.0000	0.0000	0.0000	0.0000	0.0000	0.0000	0.0000	0.0000	0.0000	0.0000	0.0000	0.0000	0.0000	0.0000	0.0000	0.0000	0.0000	0.0000	0.0000	0.0000	0.0000	0.0000	0.0000	0.0000	0.0000	0.0000	0.0000	0.0000	0.0000	0.0000	0.0000	0.0000	0.0000	0.0000	0.0000	0.0000	0.0000	0.0000											
42	68	0.0507	5	2	1	2	0	0	0	0	0	Y	N	Y	N	N	N	N	N	N	N	N	N	0.0000	0.0000	0.0000	0.0000	0.0000	0.0000	0.0000	0.0000	0.0000	0.0000	0.0000	0.0000	0.0000	0.0000	0.0000	0.0000	0.0000	0.0000	0.0000	0.0000	0.0000	0.0000	0.0000	0.0000	0.0000	0.0000	0.0000	0.0000	0.0000	0.0000	0.0000	0.0000	0.0000	0.0000	0.0000	0.0000	0.0000	0.0000	0.0000	0.0000	0.0000	0.0000	0.0000	0.0000	0.0000	0.0000	0.0000	0.0000	0.0000	0.0000	0.0000	0.0000	0.0000	0.0000	0.0000	0.0000	0.0000	0.0000	0.0000	0.0000	0.0000	0.0000	0.0000	0.0000	0.0000	0.0000	0.0000	0.0000	0.0000	0.0000	0.0000	0.0000	0.0000	0.0000	0.0000	0.0000	0.0000	0.0000											
42	69	0.0465	4	2	0	2	0	0	0	0	0	Y	N	Y	N	N	N	N	N	N	N	N	N	0.0000	0.0000	0.0000	0.0000	0.0000	0.0000	0.0000	0.0000	0.0000	0.0000	0.0000	0.0000	0.0000	0.0000	0.0000	0.0000	0.0000	0.0000	0.0000	0.0000	0.0000	0.0016	0.0000	0.9826	0.0000	0.0000	0.0000	0.0000	0.0000	0.0000	0.0000	0.0000	0.0000	0.0000	0.0000	0.0000	0.0000	0.0000	0.0000	0.0000	0.0000	0.0000	0.0000	0.0000	0.0000	0.0000	0.0000	0.0000	0.0000	0.0000	0.0000	0.0000	0.0000	0.0000	0.0000	0.0000	0.0000	0.0000	0.0000	0.0000	0.0000	0.0000	0.0000	0.0000	0.0000	0.0000	0.0000	0.0000	0.0000	0.0000	0.0000	0.0000	0.0000	0.0000	0.0000	0.0000	0.0000	0.0000											
42	70	0.0338	3	2	0	2	0	0	0	0	0	Y	N	Y	N	N	N	N	N	N	N	N	N	0.0000	0.0000	0.0000	0.0000	0.0000	0.0000	0.0000	0.0000	0.0000	0.0000	0.0000	0.0000	0.0000	0.0000	0.0000	0.0000	0.0000	0.0000	0.0000	0.0000	0.0000	0.0061	0.0000	3.0249	0.0000	0.0000	0.0000	0.0000	0.0000	0.0000	0.0000	0.0000	0.0000	0.0000	0.0000	0.0000	0.0000	0.0000	0.0000	0.0000	0.0000	0.0000	0.0000	0.0000	0.0000	0.0000	0.0000	0.0000	0.0000	0.0000	0.0000	0.0000	0.0000	0.0000	0.0000	0.0000	0.0000	0.0000	0.0000	0.0000	0.0000	0.0000	0.0000	0.0000	0.0000	0.0000	0.0000	0.0000	0.0000	0.0000	0.0000	0.0000	0.0000	0.0000	0.0000	0.0000	0.0000	0.0000											
42	71	0.0168	2	2	0	2	0	0	0	0	0	Y	N	Y	N	N	N	N	N	N	N	N	N	0.0000	0.0000	0.0000	0.0000	0.0000	0.0000	0.0000	0.0000	0.0000	0.0000	0.0000	0.0000	0.0000	0.0000	0.0000	0.0000	0.0000	0.0000	0.0000	0.0000	0.0000	0.0044	0.0000	4.0281	0.0000	0.0000	0.0000	0.0000	0.0000	0.0000	0.0000	0.0000	0.0000	0.0000	0.0000	0.0000	0.0000	0.0000	0.0000	0.0000	0.0000	0.0000	0.0000	0.0000	0.0000	0.0000	0.0000	0.0000	0.0000	0.0000	0.0000	0.0000	0.0000	0.0000	0.0000	0.0000	0.0000	0.0000	0.0000	0.0000	0.0000	0.0000	0.0000	0.0000	0.0000	0.0000	0.0000	0.0000	0.0000	0.0000	0.0000	0.0000	0.0000	0.0000	0.0000	0.0000	0.0000	0.0000											
42	72	0.0586	3	1	1	1	0	0	0	0	0	N	N	N	N	N	N	N	N	N	N	N	N	0.0000	0.0000	0.0000	0.0000	0.0000	0.0000	0.0000	0.0000	0.0000	0.0000	0.0000	0.0000	0.0000	0.0000	0.0000	0.0000	0.0000	0.0000	0.0000	0.0000	0.0000	5.9987	0.0000	11.0016	0.0000	0.0000	0.0000	0.0000	0.0000	0.0000	0.0000	0.0000	0.0000	0.0000	0.0000	0.0000	0.0000	0.0000	0.0000	0.0000	0.0000	0.0000	0.0000	0.0000	0.0000	0.0000	0.0000	0.0000	0.0000	0.0000	0.0000	0.0000	0.0000	0.0000	0.0000	0.0000	0.0000	0.0000	0.0000	0.0000	0.0000	0.0000	0.0000	0.0000	0.0000	0.0000	0.0000	0.0000	0.0000	0.0000	0.0000	0.0000	0.0000	0.0000	0.0000	0.0000	0.0000	0.0000											
42	73	0.0168	2	2	0	2	0	0	0	0	0	Y	N	Y	N	N	N	N	N	N	N	N	N	0.0000	0.0000	0.0000	0.0000	0.0000	0.0000	0.0000	0.0000	0.0000	0.0000	0.0000	0.0000	0.0000	0.0000	0.0000	0.0000	0.0000	0.0000	0.0000	0.0000	0.0000	2.0000	0.0000	5.0000	0.0000	0.0000	0.0000	0.0000	0.0000	0.0000	0.0000	0.0000	0.0000	0.0000	0.0000	0.0000	0.0000	0.0000	0.0000	0.0000	0.0000	0.0000	0.0000	0.0000	0.0000	0.0000	0.0000	0.0000	0.0000	0.0000	0.0000	0.0000	0.0000	0.0000	0.0000	0.0000	0.0000	0.0000	0.0000	0.0000	0.0000	0.0000	0.0000	0.0000	0.0000	0.0000	0.0000	0.0000	0.0000	0.0000	0.0000	0.0000	0.0000	0.0000	0.0000	0.0000	0.0000	0.0000											
42	74	0.1004	5	1	1	1	0	0	0	0	0	N	N	N	N	N	N	N	N	N	N	N	N	0.0000	0.0000	0.0000	0.0000	0.0000	0.0000	0.0000	0.0000	0.0000	0.0000	0.0000	0.0000	0.0000	0.0000	0.0000	0.0000	0.0000	0.0000	0.0000	0.0000	0.0000	6.1274	0.0000	13.6208	0.0000	0.0000	0.0000	0.0000	0.0000	0.0000	0.0000	0.0000	0.0000	0.0000	0.0000	0.0000	0.0000	0.0000	0.0000	0.0000	0.0000	0.0000	0.0000	0.0000	0.0000	0.0000	0.0000	0.0000	0.0000	0.0000	0.0000	0.0000	0.0000	0.0000	0.0000	0.0000	0.0000	0.0000	0.0000	0.0000	0.0000	0.0000	0.0000	0.0000	0.0000	0.0000	0.0000	0.0000	0.0000	0.0000	0.0000	0.0000	0.0000	0.0000	0.0000	0.0000	0.0000	0.0000											
42	75	0.1249	8	1	0	2	0	0	0	0	0	N	N	Y	N	N	N	N	N	N	N	N	N	0.0000	0.0000	0.0000	0.0000	0.0000	0.0000	0.0000	0.0000	0.0000	0.0000	0.0000	0.0000	0.0000	0.0000	0.0000	0.0000	0.0000	0.0000	0.0000	0.0000	0.0000	0.0000	0.0000	1.0003	0.0000	0.0000	0.0000	0.0000	0.0000	0.0000	0.0000	0.0000	0.0000	0.0000	0.0000	0.0000	0.0000	0.0000	0.0000	0.0000	0.0000	0.0000	0.0000	0.0000	0.0000	0.0000	0.0000	0.0000	0.0000	0.0000	0.0000	0.0000	0.0000	0.0000	0.0000	0.0000	0.0000	0.0000	0.0000	0.0000	0.0000	0.0000	0.0000	0.0000	0.0000	0.0000	0.0000	0.0000	0.0000	0.0000	0.0000	0.0000	0.0000	0.0000	0.0000	0.0000	0.0000	0.0000											
42	76	0.1208	7	1	0	2	0	0	0	0	0	N	N	Y	N	N	N	N	N	N	N	N	N	0.0000	0.0000	0.0000	0.0000	0.0000	0.0000	0.0000	0.0000	0.0000	0.0000	0.0000	0.0000	0.0000	0.0000	0.0000	0.0000	0.0000	0.0000	0.0000	0.0000	0.0000	0.0000	0.0000	1.0076	0.0000	0.0000	0.0000	0.0000	0.0000	0.0000	0.0000	0.0000	0.0000	0.0000	0.0000	0.0000	0.0000	0.0000	0.0000	0.0000	0.0000	0.0000	0.0000	0.0000	0.0000	0.0000	0.0000	0.0000	0.0000	0.0000	0.0000	0.0000	0.0000	0.0000	0.0000	0.0000	0.0000	0.0000	0.0000	0.0000	0.0000	0.0000	0.0000	0.0000	0.0000	0.0000	0.0000	0.0000	0.0000	0.0000	0.0000	0.0000	0.0000	0.0000	0.0000	0.0000	0.0000	0.0000											
42	77	0.1168	6	1	0	1	0	0	0	0	0	N	N	N	N	N	N	N	N	N	N	N	N	0.0000	0.0000	0.0000	0.0000	0.0000	0.0000	0.0000	0.0000	0.0000	0.0000	0.0000	0.0000	0.0000	0.0000	0.0000	0.0000	0.0000	0.0000	0.0000	0.0000	0.0000	0.0026	0.0000	0.9924	0.0000	0.0000	0.0000	0.0000	0.0000	0.0000	0.0000	0.0000	0.0000	0.0000	0.0000	0.0000	0.0000	0.0000	0.0000	0.0000	0.0000	0.0000	0.0000	0.0000	0.0000	0.0000	0.0000	0.0000	0.0000	0.0000	0.0000	0.0000	0.0000	0.0000	0.0000	0.0000	0.0000	0.0000	0.0000	0.0000	0.0000	0.0000	0.0000	0.0000	0.0000	0.0000	0.0000	0.0000	0.0000	0.0000	0.0000	0.0000	0.0000	0.0000	0.0000	0.0000	0.0000	0.0000											
42	78	0.1004	5	1	0	1	0	0	0	0	0	N	N	N	N	N	N	N	N	N	N	N	N	0.0000	0.0000	0.0000	0.0000	0.0000	0.0000	0.0000	0.0000	0.0000	0.0000	0.0000	0.0000	0.0000	0.0000	0.0000	0.0000	0.0000	0.0000	0.0000	0.0000	0.0000	2.8733	0.0000	1.5522	0.0000	0.0000	0.0000	0.0000	0.0000	0.0000	0.0000	0.0000	0.0000	0.0000	0.0000	0.0000	0.0000	0.0000	0.0000	0.0000	0.0000	0.0000	0.0000	0.0000	0.0000	0.0000	0.0000	0.0000	0.0000	0.0000	0.0000	0.0000	0.0000	0.0000	0.0000	0.0000	0.0000	0.0000	0.0000	0.0000	0.0000	0.0000	0.0000	0.0000	0.0000	0.0000	0.0000	0.0000	0.0000	0.0000	0.0000	0.0000	0.0000	0.0000	0.0000	0.0000	0.0000	0.0000											
42	79	0.0883	4	1	0	1	0	0	0	0	0	N	N	N	N	N	N	N	N	N	N	N	N	0.0000	0.0000	0.0000	0.0000	0.0000	0.0000	0.0000	0.0000	0.0000	0.0000	0.0000	0.0000	0.0000	0.0000	0.0000	0.0000	0.0000	0.0000	0.0000	0.0000	0.0000	0.2102	0.0000	3.4985	0.0000	0.0000	0.0000	0.0000	0.0000	0.0000	0.0000	0.0000	0.0000	0.0000	0.0000	0.0000	0.0000	0.0000	0.0000	0.0000	0.0000	0.0000	0.0000	0.0000	0.0000	0.0000	0.0000	0.0000	0.0000	0.0000	0.0000	0.0000	0.0000	0.0000	0.0000	0.0000	0.0000	0.0000	0.0000	0.0000	0.0000	0.0000	0.0000	0.0000	0.0000	0.0000	0.0000	0.0000	0.0000	0.0000	0.0000	0.0000	0.0000	0.0000	0.0000	0.0000	0.0000	0.0000											
42	80	0.1193	6	1	1	1	0	0	0	0	0	N	N	N	N	N	N	N	N	N	N	N	N	0.0000	0.0000	0.0000	0.0000	0.0000	0.0000	0.0000	0.0000	0.0000	0.0000	0.0000	0.0000	0.0000	0.0000	0.0000	0.0000	0.0000	0.0000	0.0000	0.0000	0.0000	2.0196	0.0000	6.0690	0.0000	0.0000	0.0000	0.0000	0.0000	0.0000	0.0000	0.0000	0.0000	0.0000	0.0000	0.0000	0.0000	0.0000	0.0000	0.0000	0.0000	0.0000	0.0000	0.0000	0.0000	0.0000	0.0000	0.0000	0.0000	0.0000	0.0000	0.0000	0.0000	0.0000	0.0000	0.0000	0.0000	0.0000	0.0000	0.0000	0.0000	0.0000	0.0000	0.0000	0.0000	0.0000	0.0000	0.0000	0.0000	0.0000	0.0000	0.0000	0.0000	0.0000	0.0000	0.0000	0.0000	0.0000											
42	81	0.1111	5	1	0	1	0	0	0	0	0	N	N	N	N	N	N	N	N	N	N	N	N	0.0000	0.0000	0.0000	0.0000	0.0000	0.0000	0.0000	0.0000	0.0000	0.0000	0.0000	0.0000	0.0000	0.0000	0.0000	0.0000	0.0000	0.0000	0.0000	0.0000	0.0000	0.9876	0.0000	0.9833	0.0000	0.0000	0.0000	0.0000	0.0000	0.0000	0.0000	0.0000	0.0000	0.0000	0.0000	0.0000	0.0000	0.0000	0.0000	0.0000	0.0000	0.0000	0.0000	0.0000	0.0000	0.0000	0.0000	0.0000	0.0000	0.0000	0.0000	0.0000	0.0000	0.0000	0.0000	0.0000	0.0000	0.0000	0.0000	0.0000	0.0000	0.0000	0.0000	0.0000	0.0000	0.0000	0.0000	0.0000	0.0000	0.0000	0.0000	0.0000	0.0000	0.0000	0.0000	0.0000	0.0000	0.0000											
42	82	0.0451	3	2	0	2	0	0	0	0	0	Y	N	Y	N	N	N	N	N	N	N	N	N	0.0000	0.0000	0.0000	0.0000	0.0000	0.0000	0.0000	0.0000	0.0000	0.0000	0.0000	0.0000	0.0000	0.0000	0.0000	0.0000	0.0000	0.0000	0.0000	0.0000	0.0000	1.0000	0.0000	2.9874	0.0000	0.0000	0.0000	0.0000	0.0000	0.0000	0.0000	0.0000	0.0000	0.0000	0.0000	0.0000	0.0000	0.0000	0.0000	0.0000	0.0000	0.0000	0.0000	0.0000	0.0000	0.0000	0.0000	0.0000	0.0000	0.0000	0.0000	0.0000	0.0000	0.0000	0.0000	0.0000	0.0000	0.0000	0.0000	0.0000	0.0000	0.0000	0.0000	0.0000	0.0000	0.0000	0.0000	0.0000	0.0000	0.0000	0.0000	0.0000	0.0000	0.0000	0.0000	0.0000	0.0000	0.0000											
42	83	0.0168	2	2	0	2	0	0	0	0	0	Y	N	Y	N	N	N	N	N	N	N	N	N	0.0000	0.0000	0.0000	0.0000	0.0000	0.0000	0.0000	0.0000	0.0000	0.0000	0.0000	0.0000	0.0000	0.0000	0.0000	0.0000	0.0000	0.0000	0.0000	0.0000	0.0000	0.9997	0.0000	6.0128	0.0000	0.0000	0.0000	0.0000	0.0000	0.0000	0.0000	0.0000	0.0000	0.0000	0.0000	0.0000	0.0000	0.0000	0.0000	0.0000	0.0000	0.0000	0.0000	0.0000	0.0000	0.0000	0.0000	0.0000	0.0000	0.0000	0.0000	0.0000	0.0000	0.0000	0.0000	0.0000	0.0000	0.0000	0.0000	0.0000	0.0000	0.0000	0.0000	0.0000	0.0000	0.0000	0.0000	0.0000	0.0000	0.0000	0.0000	0.0000	0.0000	0.0000	0.0000	0.0000	0.0000	0.0000											
42	84	0.0586	3	1	1	1	1	0	0	0	0	N	N	N	N	N	N	N	N	N	N	N	N	0.0000	0.0000	0.0000	0.0000	0.0000	0.0000	0.0000	0.0000	0.0000	0.0000	0.0000	0.0000	0.0000	0.0000	0.0000	0.0000	0.0000	0.0000	0.0000	0.0000	0.0000	8.0013	0.0000	12.0015	0.0000	0.0000	0.0000	0.0000	0.0000	0.0000	0.0000	0.0000	0.0000	0.0000	0.0000	0.0000	0.0000	0.0000	0.0000	0.0000	0.0000	0.0000	0.0000	0.0000	0.0000	0.0000	0.0000	0.0000	0.0000	0.0000	0.0000	0.0000	0.0000	0.0000	0.0000	0.0000	0.0000	0.0000	0.0000	0.0000	0.0000	0.0000	0.0000	0.0000	0.0000	0.0000	0.0000	0.0000	0.0000	0.0000	0.0000	0.0000	0.0000	0.0000	0.0000	0.0000	0.0000	0.0000											
42	85	0.1151	5	1	1	1	0	0	0	0	0	N	N	N	N	N	N	N	N	N	N	N	N	0.0000	0.0000	0.0000	0.0000	0.0000	0.0000	0.0000	0.0000	0.0000	0.0000	0.0000	0.0000	0.0000	0.0000	0.0000	0.0000	0.0000	0.0000	0.0000	0.0000	0.0000	1.0000	0.0000	6.9850	0.0000	0.0000	0.0000	0.0000	0.0000	0.0000	0.0000	0.0000	0.0000	0.0000	0.0000	0.0000	0.0000	0.0000	0.0000	0.0000	0.0000	0.0000	0.0000	0.0000	0.0000	0.0000	0.0000	0.0000	0.0000	0.0000	0.0000	0.0000	0.0000	0.0000	0.0000	0.0000	0.0000	0.0000	0.0000	0.0000	0.0000	0.0000	0.0000	0.0000	0.0000	0.0000	0.0000	0.0000	0.0000	0.0000	0.0000	0.0000	0.0000	0.0000	0.0000	0.0000	0.0000	0.0000											
42	86	0.1023	4	1	0	1	0	0	0	0	0	N	N	N	N	N	N	N	N	N	N	N	N	0.0000	0.0000	0.0000	0.0000	0.0000	0.0000	0.0000	0.0000	0.0000	0.0000	0.0000	0.0000	0.0000	0.0000	0.0000	0.0000	0.0000	0.0000	0.0000	0.0000	0.0000	1.0086	0.0000	2.0000	0.0000	0.0000	0.0000	0.0000	0.0000	0.0000	0.0000	0.0000	0.0000	0.0000	0.0000	0.0000	0.0000	0.0000	0.0000	0.0000	0.0000	0.0000	0.0000	0.0000	0.0000	0.0000	0.0000	0.0000	0.0000	0.0000	0.0000	0.0000	0.0000	0.0000	0.0000	0.0000	0.0000	0.0000	0.0000	0.0000	0.0000	0.0000	0.0000	0.0000	0.0000	0.0000	0.0000	0.0000	0.0000	0.0000	0.0000	0.0000	0.0000	0.0000	0.0000	0.0000	0.0000	0.0000											
42	87	0.0168	2	1	1	1	0	0	0	0	0	N	N	N	N	N	N	N	N	N	N	N	N	0.0000	0.0000	0.0000	0.0000	0.0000	0.0000	0.0000	0.0000	0.0000	0.0000	0.0000	0.0000	0.0000	0.0000	0.0000	0.0000	0.0000	0.0000	0.0000	0.0000	0.0000	4.0000	0.0000	7.0000	0.0000	0.0000	0.0000	0.0000	0.0000	0.0000	0.0000	0.0000	0.0000	0.0000	0.0000	0.0000	0.0000	0.0000	0.0000	0.0000	0.0000	0.0000	0.0000	0.0000	0.0000	0.0000	0.0000	0.0000	0.0000	0.0000	0.0000	0.0000	0.0000	0.0000	0.0000	0.0000	0.0000	0.0000	0.0000	0.0000	0.0000	0.0000	0.0000	0.0000	0.0000	0.0000	0.0000	0.0000	0.0000	0.0000	0.0000	0.0000	0.0000	0.0000	0.0000	0.0000	0.0000	0.0000											
42	89	0.1196	6	1	1	1	0	0	0	0	0	N	N	N	N	N	N	N	N	N	N	N	N	0.0000	0.0000	0.0000	0.0000	0.0000	0.0000	0.0000	0.0000	0.0000	0.0000	0.0000	0.0000	0.0000	0.0000	0.0000	0.0000	0.0000	0.0000	0.0000	0.0000	0.0000	0.0157	0.0000	9.0253	0.0000	0.0000	0.0000	0.0000	0.0000	0.0000	0.0000	0.0000	0.0000	0.0000	0.0000	0.0000	0.0000	0.0000	0.0000	0.0000	0.0000	0.0000	0.0000	0.0000	0.0000	0.0000	0.0000	0.0000	0.0000	0.0000	0.0000	0.0000	0.0000	0.0000	0.0000	0.0000	0.0000	0.0000	0.0000	0.0000	0.0000	0.0000	0.0000	0.0000	0.0000	0.0000	0.0000	0.0000	0.0000	0.0000	0.0000	0.0000	0.0000	0.0000	0.0000	0.0000	0.0000	0.0000											
42	90	0.1111	5	1	1	1	0	0	0	0	0	N	N	N	N	N	N	N	N	N	N	N	N	0.0000	0.0000	0.0000	0.0000	0.0000	0.0000	0.0000	0.0000	0.0000	0.0000	0.0000	0.0000	0.0000	0.0000	0.0000	0.0000	0.0000	0.0000	0.0000	0.0000	0.0000	0.0169	0.0000	2.0013	0.0000	0.0000	0.0000	0.0000	0.0000	0.0000	0.0000	0.0000	0.0000	0.0000	0.0000	0.0000	0.0000	0.0000	0.0000	0.0000	0.0000	0.0000	0.0000	0.0000	0.0000	0.0000	0.0000	0.0000	0.0000	0.0000	0.0000	0.0000	0.0000	0.0000	0.0000	0.0000	0.0000	0.0000	0.0000	0.0000	0.0000	0.0000	0.0000	0.0000	0.0000	0.0000	0.0000	0.0000	0.0000	0.0000	0.0000	0.0000	0.0000	0.0000	0.0000	0.0000	0.0000	0.0000											
42	91	0.1023	4	1	0	1	0	0	0	0	0	N	N	N	N	N	N	N	N	N	N	N	N	0.0000	0.0000	0.0000	0.0000	0.0000	0.0000	0.0000	0.0000	0.0000	0.0000	0.0000	0.0000	0.0000	0.0000	0.0000	0.0000	0.0000	0.0000	0.0000	0.0000	0.0000	1.9923	0.0000	0.0454	0.0000	0.0000	0.0000	0.0000	0.0000	0.0000	0.0000	0.0000	0.0000	0.0000	0.0000	0.0000	0.0000	0.0000	0.0000	0.0000	0.0000	0.0000	0.0000	0.0000	0.0000	0.0000	0.0000	0.0000	0.0000	0.0000	0.0000	0.0000	0.0000	0.0000	0.0000	0.0000	0.0000	0.0000	0.0000	0.0000	0.0000	0.0000	0.0000	0.0000	0.0000	0.0000	0.0000	0.0000	0.0000	0.0000	0.0000	0.0000	0.0000	0.0000	0.0000	0.0000	0.0000	0.0000											
42	92	0.0586	3	1	0	1	0	0	0	0	0	N	N	N	N	N	N	N	N	N	N	N	N	0.0000	0.0000	0.0000	0.0000	0.0000	0.0000	0.0000	0.0000	0.0000	0.0000	0.0000	0.0000	0.0000	0.0000	0.0000	0.0000	0.0000	0.0000	0.0000	0.0000	0.0000	1.0098	0.0000	9.0196	0.0000	0.0000	0.0000	0.0000	0.0000	0.0000	0.0000	0.0000	0.0000	0.0000	0.0000	0.0000	0.0000	0.0000	0.0000	0.0000	0.0000	0.0000	0.0000	0.0000	0.0000	0.0000	0.0000	0.0000	0.0000	0.0000	0.0000	0.0000	0.0000	0.0000	0.0000	0.0000	0.0000	0.0000	0.0000	0.0000	0.0000	0.0000	0.0000	0.0000	0.0000	0.0000	0.0000	0.0000	0.0000	0.0000	0.0000	0.0000	0.0000	0.0000	0.0000	0.0000	0.0000	0.0000											
42	93	0.1553	8	2	1	1	1	0	0	0	0	Y	N	N	N	N	N	N	N	N	N	N	N	0.0000	0.0000	0.0000	0.0000	0.0000	0.0000	0.0000	0.0000	0.0000	0.0000	0.0000	0.0000	0.0000	0.0000	0.0000	0.0000	0.0000	0.0000	0.0000	0.0000	0.0000	0.0000	0.0000	0.0000	0.0000	0.0000	0.0000	0.0000	0.0000	0.0000	0.0000	0.0000	0.0000	0.0000	0.0000	0.0000	0.0000	0.0000	0.0000	0.0000	0.0000	0.0000	0.0000	0.0000	0.0000	0.0000	0.0000	0.0000	0.0000	0.0000	0.0000	0.0000	0.0000	0.0000	0.0000	0.0000	0.0000	0.0000	0.0000	0.0000	0.0000	0.0000	0.0000	0.0000	0.0000	0.0000	0.0000	0.0000	0.0000	0.0000	0.0000	0.0000	0.0000	0.0000	0.0000	0.0000	0.0000	0.0000											
42	94	0.1553	7	2	1	1	1	0	0	0	0	Y	N	N	N	N	N	N	N	N	N	N	N	0.0000	0.0000	0.0000	0.0000	0.0000	0.0000	0.0000	0.0000	0.0000	0.0000	0.0000	0.0000	0.0000	0.0000	0.0000	0.0000	0.0000	0.0000	0.0000	0.0000	0.0000	0.0000	0.0000	0.0001	0.0000	0.0000	0.0000	0.0000	0.0000	0.0000	0.0000	0.0000	0.0000	0.0000	0.0000	0.0000	0.0000	0.0000	0.0000	0.0000	0.0000	0.0000	0.0000	0.0000	0.0000	0.0000	0.0000	0.0000	0.0000	0.0000	0.0000	0.0000	0.0000	0.0000	0.0000	0.0000	0.0000	0.0000	0.0000	0.0000	0.0000	0.0000	0.0000	0.0000	0.0000	0.0000	0.0000	0.0000	0.0000	0.0000	0.0000	0.0000	0.0000	0.0000	0.0000	0.0000	0.0000	0.0000											
42	95	0.1374	6	1	1	1	1	0	0	0	0	N	N	N	N	N	N	N	N	N	N	N	N	0.0000	0.0000	0.0000	0.0000	0.0000	0.0000	0.0000	0.0000	0.0000	0.0000	0.0000	0.0000	0.0000	0.0000	0.0000	0.0000	0.0000	0.0000	0.0000	0.0000	0.0000	0.9845	0.0000	0.9903	0.0000	0.0000	0.0000	0.0000	0.0000	0.0000	0.0000	0.0000	0.0000	0.0000	0.0000	0.0000	0.0000	0.0000	0.0000	0.0000	0.0000	0.0000	0.0000	0.0000	0.0000	0.0000	0.0000	0.0000	0.0000	0.0000	0.0000	0.0000	0.0000	0.0000	0.0000	0.0000	0.0000	0.0000	0.0000	0.0000	0.0000	0.0000	0.0000	0.0000	0.0000	0.0000	0.0000	0.0000	0.0000	0.0000	0.0000	0.0000	0.0000	0.0000	0.0000	0.0000	0.0000	0.0000											
42	96	0.1345	6	1	1	1	0	0	0	0	0	N	N	N	N	N	N	N	N	N	N	N	N	0.0000	0.0000	0.0000	0.0000	0.0000	0.0000	0.0000	0.0000	0.0000	0.0000	0.0000	0.0000	0.0000	0.0000	0.0000	0.0000	0.0000	0.0000	0.0000	0.0000	0.0000	1.0063	0.0000	3.7812	0.0000	0.0000	0.0000	0.0000	0.0000	0.0000	0.0000	0.0000	0.0000	0.0000	0.0000	0.0000	0.0000	0.0000	0.0000	0.0000	0.0000	0.0000	0.0000	0.0000	0.0000	0.0000	0.0000	0.0000	0.0000	0.0000	0.0000	0.0000	0.0000	0.0000	0.0000	0.0000	0.0000	0.0000	0.0000	0.0000	0.0000	0.0000	0.0000	0.0000	0.0000	0.0000	0.0000	0.0000	0.0000	0.0000	0.0000	0.0000	0.0000	0.0000	0.0000	0.0000	0.0000	0.0000											
42	97	0.1374	6	1	0	2	1	0	0	0	0	N	N	Y	N	N	N	N	N	N	N	N	N	0.0000	0.0000	0.0000	0.0000	0.0000	0.0000	0.0000	0.0000	0.0000	0.0000	0.0000	0.0000	0.0000	0.0000	0.0000	0.0000	0.0000	0.0000	0.0000	0.0000	0.0000	1.0165	0.0000	1.0129	0.0000	0.0000	0.0000	0.0000	0.0000	0.0000	0.0000	0.0000	0.0000	0.0000	0.0000	0.0000	0.0000	0.0000	0.0000	0.0000	0.0000	0.0000	0.0000	0.0000	0.0000	0.0000	0.0000	0.0000	0.0000	0.0000	0.0000	0.0000	0.0000	0.0000	0.0000	0.0000	0.0000	0.0000	0.0000	0.0000	0.0000	0.0000	0.0000	0.0000	0.0000	0.0000	0.0000	0.0000	0.0000	0.0000	0.0000	0.0000	0.0000	0.0000	0.0000	0.0000	0.0000	0.0000											
42	98	0.1245	5	1	0	1	1	0	0	0	0	N	N	N	N	N	N	N	N	N	N	N	N	0.0000	0.0000	0.0000	0.0000	0.0000	0.0000	0.0000	0.0000	0.0000	0.0000	0.0000	0.0000	0.0000	0.0000	0.0000	0.0000	0.0000	0.0000	0.0000	0.0000	0.0000	2.0241	0.0000	1.0265	0.0000	0.0000	0.0000	0.0000	0.0000	0.0000	0.0000	0.0000	0.0000	0.0000	0.0000	0.0000	0.0000	0.0000	0.0000	0.0000	0.0000	0.0000	0.0000	0.0000	0.0000	0.0000	0.0000	0.0000	0.0000	0.0000	0.0000	0.0000	0.0000	0.0000	0.0000	0.0000	0.0000	0.0000	0.0000	0.0000	0.0000	0.0000	0.0000	0.0000	0.0000	0.0000	0.0000	0.0000	0.0000	0.0000	0.0000	0.0000	0.0000	0.0000	0.0000	0.0000	0.0000	0.0000											
42	99	0.1245	5	1	0	2	1	0	0	0	0	N	N	Y	N	N	N	N	N	N	N	N	N	0.0000	0.0000	0.0000	0.0000	0.0000	0.0000	0.0000	0.0000	0.0000	0.0000	0.0000	0.0000	0.0000	0.0000	0.0000	0.0000	0.0000	0.0000	0.0000	0.0000	0.0000	3.0066	0.0000	0.0000	0.0000	0.0000	0.0000	0.0000	0.0000	0.0000	0.0000	0.0000	0.0000	0.0000	0.0000	0.0000	0.0000	0.0000	0.0000	0.0000	0.0000	0.0000	0.0000	0.0000	0.0000	0.0000	0.0000	0.0000	0.0000	0.0000	0.0000	0.0000	0.0000	0.0000	0.0000	0.0000	0.0000	0.0000	0.0000	0.0000	0.0000	0.0000	0.0000	0.0000	0.0000	0.0000	0.0000	0.0000	0.0000	0.0000	0.0000	0.0000	0.0000	0.0000	0.0000	0.0000	0.0000	0.0000											
42	100	0.1502	5	1	0	2	1	0	0	0	0	N	N	Y	N	N	N	N	N	N	N	N	N	0.0000	0.0000	0.0000	0.0000	0.0000	0.0000	0.0000	0.0000	0.0000	0.0000	0.0000	0.0000	0.0000	0.0000	0.0000	0.0000	0.0000	0.0000	0.0000	0.0000	0.0000	0.0000	0.0000	2.0000	0.0000	0.0000	0.0000	0.0000	0.0000	0.0000	0.0000	0.0000	0.0000	0.0000	0.0000	0.0000	0.0000	0.0000	0.0000	0.0000	0.0000	0.0000	0.0000	0.0000	0.0000	0.0000	0.0000	0.0000	0.0000	0.0000	0.0000	0.0000	0.0000	0.0000	0.0000	0.0000	0.0000	0.0000	0.0000	0.0000	0.0000	0.0000	0.0000	0.0000	0.0000	0.0000	0.0000	0.0000	0.0000	0.0000	0.0000	0.0000	0.0000	0.0000	0.0000	0.0000	0.0000	0.0000											
42	101	0.1111	4	1	0	2	1	0	0	0	0	N	N	Y	N	N	N	N	N	N	N	N	N	0.0000	0.0000	0.0000	0.0000	0.0000	0.0000	0.0000	0.0000	0.0000	0.0000	0.0000	0.0000	0.0000	0.0000	0.0000	0.0000	0.0000	0.0000	0.0000	0.0000	0.0000	5.8899	0.0000	3.1847	0.0000	0.0000	0.0000	0.0000	0.0000	0.0000	0.0000	0.0000	0.0000	0.0000	0.0000	0.0000	0.0000	0.0000	0.0000	0.0000	0.0000	0.0000	0.0000	0.0000	0.0000	0.0000	0.0000	0.0000	0.0000	0.0000	0.0000	0.0000	0.0000	0.0000	0.0000	0.0000	0.0000	0.0000	0.0000	0.0000	0.0000	0.0000	0.0000	0.0000	0.0000	0.0000	0.0000	0.0000	0.0000	0.0000	0.0000	0.0000	0.0000	0.0000	0.0000	0.0000	0.0000	0.0000											
42	102	0.1579	4	2	1	1	0	0	0	0	0	Y	N	N	N	N	N	N	N	N	N	N	N	0.0000	0.0000	0.0000	0.0000	0.0000	0.0000	0.0000	0.0000	0.0000	0.0000	0.0000	0.0000	0.0000	0.0000	0.0000	0.0000	0.0000	0.0000	0.0000	0.0000	0.0000	0.0000	0.0000	0.0000	0.0000	0.0000	0.0000	0.0000	0.0000	0.0000	0.0000	0.0000	0.0000	0.0000	0.0000	0.0000	0.0000	0.0000	0.0000	0.0000	0.0000	0.0000	0.0000	0.0000	0.0000	0.0000	0.0000	0.0000	0.0000	0.0000	0.0000	0.0000	0.0000	0.0000	0.0000	0.0000	0.0000	0.0000	0.0000	0.0000	0.0000	0.0000	0.0000	0.0000	0.0000	0.0000	0.0000	0.0000	0.0000	0.0000	0.0000	0.0000	0.0000	0.0000	0.0000	0.0000	0.0000	0.0000											
42	103	0.0586	3	2	1	1	0	0	0	0	0	Y	N	N	N	N	N	N	N	N	N	N	N	0.0000	0.0000	0.0000	0.0000	0.0000	0.0000	0.0000	0.0000	0.0000	0.0000	0.0000	0.0000	0.0000	0.0000	0.0000	0.0000	0.0000	0.0000	0.0000	0.0000	0.0000	8.0012	0.0000	14.0016	0.0000	0.0000	0.0000	0.0000	0.0000	0.0000	0.0000	0.0000	0.0000	0.0000	0.0000	0.0000	0.0000	0.0000	0.0000	0.0000	0.0000	0.0000	0.0000	0.0000	0.0000	0.0000	0.0000	0.0000	0.0000	0.0000	0.0000	0.0000	0.0000	0.0000	0.0000	0.0000	0.0000	0.0000	0.0000	0.0000	0.0000	0.0000	0.0000	0.0000	0.0000	0.0000	0.0000	0.0000	0.0000	0.0000	0.0000	0.0000	0.0000	0.0000	0.0000	0.0000	0.0000	0.0000											
42	104	0.1216	4	1	1	1	0	0	0	0	0	N	N	N	N	N	N	N	N	N	N	N	N	0.0000	0.0000	0.0000	0.0000	0.0000	0.0000	0.0000	0.0000	0.0000	0.0000	0.0000	0.0000	0.0000	0.0000	0.0000	0.0000	0.0000	0.0000	0.0000	0.0000	0.0000	2.0010	0.0000	1.0153	0.0000	0.0000	0.0000	0.0000	0.0000	0.0000	0.0000	0.0000	0.0000	0.0000	0.0000	0.0000	0.0000	0.0000	0.0000	0.0000	0.0000	0.0000	0.0000	0.0000	0.0000	0.0000	0.0000	0.0000	0.0000	0.0000	0.0000	0.0000	0.0000	0.0000	0.0000	0.0000	0.0000	0.0000	0.0000	0.0000	0.0000	0.0000	0.0000	0.0000	0.0000	0.0000	0.0000	0.0000	0.0000	0.0000	0.0000	0.0000	0.0000	0.0000	0.0000	0.0000	0.0000	0.0000											
42	105	0.0586	3	1	1	1	0	0	0	0	0	N	N	N	N	N	N	N	N	N	N	N	N	0.0000	0.0000	0.0000	0.0000	0.0000	0.0000	0.0000	0.0000	0.0000	0.0000	0.0000	0.0000	0.0000	0.0000	0.0000	0.0000	0.0000	0.0000	0.0000	0.0000	0.0000	3.0162	0.0000	11.0438	0.0000	0.0000	0.0000	0.0000	0.0000	0.0000	0.0000	0.0000	0.0000	0.0000	0.0000	0.0000	0.0000	0.0000	0.0000	0.0000	0.0000	0.0000	0.0000	0.0000	0.0000	0.0000	0.0000	0.0000	0.0000	0.0000	0.0000	0.0000	0.0000	0.0000	0.0000	0.0000	0.0000	0.0000	0.0000	0.0000	0.0000	0.0000	0.0000	0.0000	0.0000	0.0000	0.0000	0.0000	0.0000	0.0000	0.0000	0.0000	0.0000	0.0000	0.0000	0.0000	0.0000	0.0000											
42	106	0.1595	8	2	1	1	0	0	0	0	0	Y	N	N	N	N	N	N	N	N	N	N	N	0.0000	0.0000	0.0000	0.0000	0.0000	0.0000	0.0000	0.0000	0.0000	0.0000	0.0000	0.0000	0.0000	0.0000	0.0000	0.0000	0.0000	0.0000	0.0000	0.0000	0.0000	1.0000	0.0000	1.0000	0.0000	0.0000	0.0000	0.0000	0.0000	0.0000	0.0000	0.0000	0.0000	0.0000	0.0000	0.0000	0.0000	0.0000	0.0000	0.0000	0.0000	0.0000	0.0000	0.0000	0.0000	0.0000	0.0000	0.0000	0.0000	0.0000	0.0000	0.0000	0.0000	0.0000	0.0000	0.0000	0.0000	0.0000	0.0000	0.0000	0.0000	0.0000	0.0000	0.0000	0.0000	0.0000	0.0000	0.0000	0.0000	0.0000	0.0000	0.0000	0.0000	0.0000	0.0000	0.0000	0.0000	0.0000											
42	107	0.1553	7	2	1	1	0	0	0	0	0	Y	N	N	N	N	N	N	N	N	N	N	N	0.0000	0.0000	0.0000	0.0000	0.0000	0.0000	0.0000	0.0000	0.0000	0.0000	0.0000	0.0000	0.0000	0.0000	0.0000	0.0000	0.0000	0.0000	0.0000	0.0000	0.0000	0.0000	0.0000	0.9999	0.0000	0.0000	0.0000	0.0000	0.0000	0.0000	0.0000	0.0000	0.0000	0.0000	0.0000	0.0000	0.0000	0.0000	0.0000	0.0000	0.0000	0.0000	0.0000	0.0000	0.0000	0.0000	0.0000	0.0000	0.0000	0.0000	0.0000	0.0000	0.0000	0.0000	0.0000	0.0000	0.0000	0.0000	0.0000	0.0000	0.0000	0.0000	0.0000	0.0000	0.0000	0.0000	0.0000	0.0000	0.0000	0.0000	0.0000	0.0000	0.0000	0.0000	0.0000	0.0000	0.0000	0.0000											
42	108	0.1345	6	2	1	1	0	0	0	0	0	Y	N	N	N	N	N	N	N	N	N	N	N	0.0000	0.0000	0.0000	0.0000	0.0000	0.0000	0.0000	0.0000	0.0000	0.0000	0.0000	0.0000	0.0000	0.0000	0.0000	0.0000	0.0000	0.0000	0.0000	0.0000	0.0000	0.0100	0.0000	4.8896	0.0000	0.0000	0.0000	0.0000	0.0000	0.0000	0.0000	0.0000	0.0000	0.0000	0.0000	0.0000	0.0000	0.0000	0.0000	0.0000	0.0000	0.0000	0.0000	0.0000	0.0000	0.0000	0.0000	0.0000	0.0000	0.0000	0.0000	0.0000	0.0000	0.0000	0.0000	0.0000	0.0000	0.0000	0.0000	0.0000	0.0000	0.0000	0.0000	0.0000	0.0000	0.0000	0.0000	0.0000	0.0000	0.0000	0.0000	0.0000	0.0000	0.0000	0.0000	0.0000	0.0000	0.0000											
42	109	0.1245	5	1	1	1	0	0	0	0	0	N	N	N	N	N	N	N	N	N	N	N	N	0.0000	0.0000	0.0000	0.0000	0.0000	0.0000	0.0000	0.0000	0.0000	0.0000	0.0000	0.0000	0.0000	0.0000	0.0000	0.0000	0.0000	0.0000	0.0000	0.0000	0.0000	1.0007	0.0000	1.4004	0.0000	0.0000	0.0000	0.0000	0.0000	0.0000	0.0000	0.0000	0.0000	0.0000	0.0000	0.0000	0.0000	0.0000	0.0000	0.0000	0.0000	0.0000	0.0000	0.0000	0.0000	0.0000	0.0000	0.0000	0.0000	0.0000	0.0000	0.0000	0.0000	0.0000	0.0000	0.0000	0.0000	0.0000	0.0000	0.0000	0.0000	0.0000	0.0000	0.0000	0.0000	0.0000	0.0000	0.0000	0.0000	0.0000	0.0000	0.0000	0.0000	0.0000	0.0000	0.0000	0.0000	0.0000											
42	110	0.1111	4	1	0	1	0	0	0	0	0	N	N	N	N	N	N	N	N	N	N	N	N	0.0000	0.0000	0.0000	0.0000	0.0000	0.0000	0.0000	0.0000	0.0000	0.0000	0.0000	0.0000	0.0000	0.0000	0.0000	0.0000	0.0000	0.0000	0.0000	0.0000	0.0000	0.3039	0.0000	2.8719	0.0000	0.0000	0.0000	0.0000	0.0000	0.0000	0.0000	0.0000	0.0000	0.0000	0.0000	0.0000	0.0000	0.0000	0.0000	0.0000	0.0000	0.0000	0.0000	0.0000	0.0000	0.0000	0.0000	0.0000	0.0000	0.0000	0.0000	0.0000	0.0000	0.0000	0.0000	0.0000	0.0000	0.0000	0.0000	0.0000	0.0000	0.0000	0.0000	0.0000	0.0000	0.0000	0.0000	0.0000	0.0000	0.0000	0.0000	0.0000	0.0000	0.0000	0.0000	0.0000	0.0000	0.0000											
42	111	0.0586	3	1	0	1	0	0	0	0	0	N	N	N	N	N	N	N	N	N	N	N	N	0.0000	0.0000	0.0000	0.0000	0.0000	0.0000	0.0000	0.0000	0.0000	0.0000	0.0000	0.0000	0.0000	0.0000	0.0000	0.0000	0.0000	0.0000	0.0000	0.0000	0.0000	3.8240	0.0000	8.1760	0.0000	0.0000	0.0000	0.0000	0.0000	0.0000	0.0000	0.0000	0.0000	0.0000	0.0000	0.0000	0.0000	0.0000	0.0000	0.0000	0.0000	0.0000	0.0000	0.0000	0.0000	0.0000	0.0000	0.0000	0.0000	0.0000	0.0000	0.0000	0.0000	0.0000	0.0000	0.0000	0.0000	0.0000	0.0000	0.0000	0.0000	0.0000	0.0000	0.0000	0.0000	0.0000	0.0000	0.0000	0.0000	0.0000	0.0000	0.0000	0.0000	0.0000	0.0000	0.0000	0.0000	0.0000											
42	115	0.2512	6	1	0	1	0	0	0	0	0	N	N	N	N	N	N	N	N	N	N	N	N	0.0000	0.0000	0.0000	0.0000	0.0000	0.0000	0.0000	0.0000	0.0000	0.0000	0.0000	0.0000	0.0000	0.0000	0.0000	0.0000	0.0000	0.0000	0.0000	0.0000	0.0000	8.9918	0.0000	13.3277	0.0000	0.0000	0.0000	0.0000	0.0000	0.0000	0.0000	0.0000	0.0000	0.0000	0.0000	0.0000	0.0000	0.0000	0.0000	0.0000	0.0000	0.0000	0.0000	0.0000	0.0000	0.0000	0.0000	0.0000	0.0000	0.0000	0.0000	0.0000	0.0000	0.0000	0.0000	0.0000	0.0000	0.0000	0.0000	0.0000	0.0000	0.0000	0.0000	0.0000	0.0000	0.0000	0.0000	0.0000	0.0000	0.0000	0.0000	0.0000	0.0000	0.0000	0.0000	0.0000	0.0000	0.0000											
43	45	0.1581	5	1	0	2	0	0	0	0	0	N	N	Y	N	N	N	N	N	N	N	N	N	0.0000	0.0000	0.0000	0.0000	0.0000	0.0000	0.0000	0.0000	0.0000	0.0000	0.0000	0.0000	0.0000	0.0000	0.0000	0.0000	0.0000	0.0000	0.0000	0.0000	1.0000	0.0000	3.0000	0.0000	0.0000	0.0000	0.0000	0.0000	0.0000	0.0000	0.0000	0.0000	0.0000	0.0000	0.0000	0.0000	0.0000	0.0000	0.0000	0.0000	0.0000	0.0000	0.0000	0.0000	0.0000	0.0000	0.0000	0.0000	0.0000	0.0000	0.0000	0.0000	0.0000	0.0000	0.0000	0.0000	0.0000	0.0000	0.0000	0.0000	0.0000	0.0000	0.0000	0.0000	0.0000	0.0000	0.0000	0.0000	0.0000	0.0000	0.0000	0.0000	0.0000	0.0000	0.0000	0.0000	0.0000	0.0000											
43	46	0.1151	4	1	0	1	0	0	0	0	0	N	N	N	N	N	N	N	N	N	N	N	N	0.0000	0.0000	0.0000	0.0000	0.0000	0.0000	0.0000	0.0000	0.0000	0.0000	0.0000	0.0000	0.0000	0.0000	0.0000	0.0000	0.0000	0.0000	0.0000	0.0000	1.0000	4.0000	3.0000	5.9850	0.0000	0.0000	0.0000	0.0000	0.0000	0.0000	0.0000	0.0000	0.0000	0.0000	0.0000	0.0000	0.0000	0.0000	0.0000	0.0000	0.0000	0.0000	0.0526	0.0448	0.0078	0.0025	0.0024	0.0001	0.0501	0.0424	0.0076	0.0759	0.0453	0.0306	0.0072	0.0056	0.0017	0.0687	0.0398	0.0289	0.0000	0.0000	0.0000	0.0000	0.0000	0.0000	0.0000	0.0000	0.0000	0.0000	0.0000	0.0000	0.0000	0.0000	0.0000	0.0000	0.0000	0.0000											
43	47	0.1861	6	1	1	1	0	0	0	0	0	N	N	N	N	N	N	N	N	N	N	N	N	0.0000	0.0000	0.0000	0.0000	0.0000	0.0000	0.0000	0.0000	0.0000	0.0000	0.0000	0.0000	0.0000	0.0000	0.0000	0.0000	0.0000	0.0000	0.0000	0.0000	1.0000	0.0000	3.0000	0.0000	0.0000	0.0000	0.0000	0.0000	0.0000	0.0000	0.0000	0.0000	0.0000	0.0000	0.0000	0.0000	0.0000	0.0000	0.0000	0.0000	0.0000	0.0000	0.0000	0.0000	0.0000	0.0000	0.0000	0.0000	0.0000	0.0000	0.0000	0.0000	0.0000	0.0000	0.0000	0.0000	0.0000	0.0000	0.0000	0.0000	0.0000	0.0000	0.0000	0.0000	0.0000	0.0000	0.0000	0.0000	0.0000	0.0000	0.0000	0.0000	0.0000	0.0000	0.0000	0.0000	0.0000	0.0000											
43	48	0.0493	3	2	1	2	0	0	0	0	0	Y	N	Y	N	N	N	N	N	N	N	N	N	0.0000	0.0000	0.0000	0.0000	0.0000	0.0000	0.0000	0.0000	0.0000	0.0000	0.0000	0.0000	0.0000	0.0000	0.0000	0.0000	0.0000	0.0000	0.0000	0.0000	1.0000	0.0000	3.0000	2.0152	0.0000	0.0000	0.0000	0.0000	0.0000	0.0000	0.0000	0.0000	0.0000	0.0000	0.0000	0.0000	0.0000	0.0000	0.0000	0.0000	0.0000	0.0000	0.0000	0.0000	0.0000	0.0000	0.0000	0.0000	0.0000	0.0000	0.0000	0.0174	0.0105	0.0070	0.0014	0.0012	0.0002	0.0160	0.0093	0.0068	0.0000	0.0000	0.0000	0.0000	0.0000	0.0000	0.0000	0.0000	0.0000	0.0000	0.0000	0.0000	0.0000	0.0000	0.0000	0.0000	0.0000	0.0000											
43	49	0.0451	2	2	0	2	0	0	0	0	0	Y	N	Y	N	N	N	N	N	N	N	N	N	0.0000	0.0000	0.0000	0.0000	0.0000	0.0000	0.0000	0.0000	0.0000	0.0000	0.0000	0.0000	0.0000	0.0000	0.0000	0.0000	0.0000	0.0000	0.0000	0.0000	1.0000	0.0003	3.0000	1.0311	0.0000	0.0000	0.0000	0.0000	0.0000	0.0000	0.0000	0.0000	0.0000	0.0000	0.0000	0.0000	0.0000	0.0000	0.0000	0.0000	0.0000	0.0000	0.0000	0.0000	0.0000	0.0000	0.0000	0.0000	0.0000	0.0000	0.0000	0.0090	0.0055	0.0035	0.0007	0.0006	0.0001	0.0083	0.0049	0.0035	0.0000	0.0000	0.0000	0.0000	0.0000	0.0000	0.0000	0.0000	0.0000	0.0000	0.0000	0.0000	0.0000	0.0000	0.0000	0.0000	0.0000	0.0000											
43	50	0.0451	2	2	1	2	0	0	0	0	0	Y	N	Y	N	N	N	N	N	N	N	N	N	0.0000	0.0000	0.0000	0.0000	0.0000	0.0000	0.0000	0.0000	0.0000	0.0000	0.0000	0.0000	0.0000	0.0000	0.0000	0.0000	0.0000	0.0000	0.0000	0.0000	1.0000	0.0003	3.0000	1.0126	0.0000	0.0000	0.0000	0.0000	0.0000	0.0000	0.0000	0.0000	0.0000	0.0000	0.0000	0.0000	0.0000	0.0000	0.0000	0.0000	0.0000	0.0000	0.0000	0.0000	0.0000	0.0000	0.0000	0.0000	0.0000	0.0000	0.0000	0.0089	0.0054	0.0035	0.0007	0.0006	0.0001	0.0082	0.0048	0.0034	0.0000	0.0000	0.0000	0.0000	0.0000	0.0000	0.0000	0.0000	0.0000	0.0000	0.0000	0.0000	0.0000	0.0000	0.0000	0.0000	0.0000	0.0000											
43	51	0.1579	3	2	1	1	0	0	0	0	0	Y	N	N	N	N	N	N	N	N	N	N	N	0.0000	0.0000	0.0000	0.0000	0.0000	0.0000	0.0000	0.0000	0.0000	0.0000	0.0000	0.0000	0.0000	0.0000	0.0000	0.0000	0.0000	0.0000	0.0000	0.0000	1.0000	0.0000	3.0000	1.0000	0.0000	0.0000	0.0000	0.0000	0.0000	0.0000	0.0000	0.0000	0.0000	0.0000	0.0000	0.0000	0.0000	0.0000	0.0000	0.0000	0.0000	0.0000	0.0000	0.0000	0.0000	0.0000	0.0000	0.0000	0.0000	0.0000	0.0000	0.0078	0.0049	0.0030	0.0015	0.0012	0.0003	0.0063	0.0037	0.0027	0.0000	0.0000	0.0000	0.0000	0.0000	0.0000	0.0000	0.0000	0.0000	0.0000	0.0000	0.0000	0.0000	0.0000	0.0000	0.0000	0.0000	0.0000											
43	52	0.1540	6	1	1	1	1	0	0	0	0	N	N	N	N	N	N	N	N	N	N	N	N	0.0000	0.0000	0.0000	0.0000	0.0000	0.0000	0.0000	0.0000	0.0000	0.0000	0.0000	0.0000	0.0000	0.0000	0.0000	0.0000	0.0000	0.0000	0.0000	0.0000	1.0000	0.9995	3.0000	1.0399	0.0000	0.0000	0.0000	0.0000	0.0000	0.0000	0.0000	0.0000	0.0000	0.0000	0.0000	0.0000	0.0000	0.0000	0.0000	0.0000	0.0000	0.0000	0.0136	0.0115	0.0020	0.0008	0.0007	0.0000	0.0128	0.0108	0.0020	0.0232	0.0160	0.0072	0.0053	0.0048	0.0005	0.0178	0.0111	0.0067	0.0000	0.0000	0.0000	0.0000	0.0000	0.0000	0.0000	0.0000	0.0000	0.0000	0.0000	0.0000	0.0000	0.0000	0.0000	0.0000	0.0000	0.0000											
43	53	0.1540	6	1	0	1	1	0	0	0	0	N	N	N	N	N	N	N	N	N	N	N	N	0.0000	0.0000	0.0000	0.0000	0.0000	0.0000	0.0000	0.0000	0.0000	0.0000	0.0000	0.0000	0.0000	0.0000	0.0000	0.0000	0.0000	0.0000	0.0000	0.0000	1.0000	3.0005	3.0000	1.0125	0.0000	0.0000	0.0000	0.0000	0.0000	0.0000	0.0000	0.0000	0.0000	0.0000	0.0000	0.0000	0.0000	0.0000	0.0000	0.0000	0.0000	0.0000	0.0399	0.0340	0.0059	0.0022	0.0021	0.0001	0.0377	0.0319	0.0058	0.0389	0.0254	0.0134	0.0073	0.0064	0.0009	0.0316	0.0191	0.0125	0.0000	0.0000	0.0000	0.0000	0.0000	0.0000	0.0000	0.0000	0.0000	0.0000	0.0000	0.0000	0.0000	0.0000	0.0000	0.0000	0.0000	0.0000											
43	54	0.1458	5	1	0	1	1	0	0	0	0	N	N	N	N	N	N	N	N	N	N	N	N	0.0000	0.0000	0.0000	0.0000	0.0000	0.0000	0.0000	0.0000	0.0000	0.0000	0.0000	0.0000	0.0000	0.0000	0.0000	0.0000	0.0000	0.0000	0.0000	0.0000	1.0000	0.0013	3.0000	1.9704	0.0000	0.0000	0.0000	0.0000	0.0000	0.0000	0.0000	0.0000	0.0000	0.0000	0.0000	0.0000	0.0000	0.0000	0.0000	0.0000	0.0000	0.0000	0.0000	0.0000	0.0000	0.0000	0.0000	0.0000	0.0000	0.0000	0.0000	0.0162	0.0097	0.0065	0.0015	0.0011	0.0004	0.0147	0.0085	0.0062	0.0000	0.0000	0.0000	0.0000	0.0000	0.0000	0.0000	0.0000	0.0000	0.0000	0.0000	0.0000	0.0000	0.0000	0.0000	0.0000	0.0000	0.0000											
43	55	0.1151	4	1	0	1	1	0	0	0	0	N	N	N	N	N	N	N	N	N	N	N	N	0.0000	0.0000	0.0000	0.0000	0.0000	0.0000	0.0000	0.0000	0.0000	0.0000	0.0000	0.0000	0.0000	0.0000	0.0000	0.0000	0.0000	0.0000	0.0000	0.0000	1.0000	3.0000	3.0000	4.0155	0.0000	0.0000	0.0000	0.0000	0.0000	0.0000	0.0000	0.0000	0.0000	0.0000	0.0000	0.0000	0.0000	0.0000	0.0000	0.0000	0.0000	0.0000	0.0398	0.0339	0.0059	0.0019	0.0018	0.0001	0.0379	0.0321	0.0058	0.0549	0.0328	0.0221	0.0053	0.0041	0.0012	0.0495	0.0287	0.0208	0.0000	0.0000	0.0000	0.0000	0.0000	0.0000	0.0000	0.0000	0.0000	0.0000	0.0000	0.0000	0.0000	0.0000	0.0000	0.0000	0.0000	0.0000											
43	56	0.0356	3	1	1	2	0	0	0	0	0	N	N	Y	N	N	N	N	N	N	N	N	N	0.0000	0.0000	0.0000	0.0000	0.0000	0.0000	0.0000	0.0000	0.0000	0.0000	0.0000	0.0000	0.0000	0.0041	0.0070	0.0000	0.0323	0.0340	0.0000	0.0000	0.0000	0.0000	0.0000	0.0000	-0.0002	1.0000	2.0013	3.0000	5.6727	0.0000	0.0000	0.0000	0.0000	0.0000	0.0000	0.0000	0.0000	0.0000	0.0004	0.0004	0.0000	0.0004	0.0004	0.0000	0.0000	0.0000	0.0000	0.0268	0.0227	0.0041	0.0001	0.0001	0.0000	0.0267	0.0227	0.0041	0.0860	0.0498	0.0362	0.0108	0.0103	0.0005	0.0752	0.0395	0.0357	0.0000	0.0000	0.0000	0.0000	0.0000	0.0000	0.0000	0.0000	0.0000	0.0041	0.0070	0.0000	0.0323	0.0340	0.0000	0.0000	0.0000	0.0000						
43	57	0.0319	2	1	1	1	0	0	0	0	0	N	N	N	N	N	N	N	N	N	N	N	N	0.0000	0.0000	0.0000	0.0000	0.0000	0.0000	0.0000	0.0000	0.0000	0.0000	0.0000	0.0000	0.0000	0.0000	0.0000	0.0000	0.0000	0.0000	0.0824	0.1168	0.0011	1.3460	1.3077	0.0002	0.0165	0.0274	0.0011	0.0041	0.0000	-0.0013	1.0000	0.0033	3.0000	1.3874	0.0000	0.0000	0.0000	0.0000	0.0000	0.0000	0.0000	0.0000	0.0000	0.0025	0.0024	0.0000	0.0021	0.0021	0.0000	0.0003	0.0003	0.0000	0.0001	0.0001	0.0000	0.0000	0.0000	0.0000	0.0001	0.0000	0.0000	0.0298	0.0210	0.0089	0.0087	0.0086	0.0001	0.0212	0.0124	0.0088	0.0000	0.0000	0.0000	0.0000	0.0000	0.0000	0.0000	0.0000	0.0000	0.0824	0.1168	0.0011	0.2437	0.2466	0.0002	0.0165	0.0274	0.0011	
43	59	0.0319	2	1	1	1	0	0	0	0	0	N	N	N	N	N	N	N	N	N	N	N	N	0.0000	0.0000	0.0000	0.0000	0.0000	0.0000	0.0000	0.0000	0.0000	0.0000	0.0000	0.0000	0.0000	0.0000	0.0000	17.2468	25.5640	0.0000	0.0022	0.0022	0.0000	17.6388	33.1387	0.0000	0.0000	0.0000	-0.5388	1.0000	1.9997	3.0000	3.4660	0.0000	0.0000	0.0000	0.0000	0.0000	0.0000	0.0000	0.0000	0.0000	0.9979	0.9979	0.0000	0.0000	0.0000	0.0000	0.9979	0.9979	0.0000	0.0267	0.0226	0.0040	0.0000	0.0000	0.0000	0.0267	0.0226	0.0040	0.0659	0.0390	0.0268	0.0093	0.0089	0.0004	0.0566	0.0301	0.0265	0.0000	0.0000	0.0000	0.0000	0.0000	0.0000	0.0000	0.0000	0.0000	15.1507	25.5640	0.0000	0.0022	0.0022	0.0000	17.6388	33.1387	0.0000				
43	61	0.1861	6	1	0	2	0	0	0	0	0	N	N	Y	N	N	N	N	N	N	N	N	N	0.0000	0.0000	0.0000	0.0000	0.0000	0.0000	0.0000	0.0000	0.0000	0.0000	0.0000	0.0000	0.0000	0.0000	0.0000	0.0000	0.0000	0.0000	0.0000	0.0000	1.0000	0.0000	3.0000	1.0000	0.0000	0.0000	0.0000	0.0000	0.0000	0.0000	0.0000	0.0000	0.0000	0.0000	0.0000	0.0000	0.0000	0.0000	0.0000	0.0000	0.0000	0.0000	0.0000	0.0000	0.0000	0.0000	0.0000	0.0000	0.0000	0.0000	0.0000	0.0075	0.0046	0.0030	0.0013	0.0009	0.0004	0.0062	0.0036	0.0026	0.0000	0.0000	0.0000	0.0000	0.0000	0.0000	0.0000	0.0000	0.0000	0.0000	0.0000	0.0000	0.0000	0.0000	0.0000	0.0000	0.0000	0.0000											
43	62	0.1818	5	1	0	1	0	0	0	0	0	N	N	N	N	N	N	N	N	N	N	N	N	0.0000	0.0000	0.0000	0.0000	0.0000	0.0000	0.0000	0.0000	0.0000	0.0000	0.0000	0.0000	0.0000	0.0000	0.0000	0.0000	0.0000	0.0000	0.0000	0.0000	1.0000	0.0001	3.0000	1.0076	0.0000	0.0000	0.0000	0.0000	0.0000	0.0000	0.0000	0.0000	0.0000	0.0000	0.0000	0.0000	0.0000	0.0000	0.0000	0.0000	0.0000	0.0000	0.0000	0.0000	0.0000	0.0000	0.0000	0.0000	0.0000	0.0000	0.0000	0.0098	0.0065	0.0034	0.0024	0.0020	0.0004	0.0074	0.0045	0.0030	0.0000	0.0000	0.0000	0.0000	0.0000	0.0000	0.0000	0.0000	0.0000	0.0000	0.0000	0.0000	0.0000	0.0000	0.0000	0.0000	0.0000	0.0000											
43	63	0.1151	4	1	0	1	0	0	0	0	0	N	N	N	N	N	N	N	N	N	N	N	N	0.0000	0.0000	0.0000	0.0000	0.0000	0.0000	0.0000	0.0000	0.0000	0.0000	0.0000	0.0000	0.0000	0.0000	0.0000	0.0000	0.0000	0.0000	0.0000	0.0000	1.0000	11.9999	3.0000	3.0574	0.0000	0.0000	0.0000	0.0000	0.0000	0.0000	0.0000	0.0000	0.0000	0.0000	0.0000	0.0000	0.0000	0.0000	0.0000	0.0000	0.0000	0.0000	0.1466	0.1255	0.0211	0.0069	0.0065	0.0004	0.1397	0.1190	0.0208	0.1098	0.0655	0.0443	0.0104	0.0079	0.0025	0.0995	0.0576	0.0419	0.0000	0.0000	0.0000	0.0000	0.0000	0.0000	0.0000	0.0000	0.0000	0.0000	0.0000	0.0000	0.0000	0.0000	0.0000	0.0000	0.0000	0.0000											
43	65	0.0586	2	1	0	1	0	0	0	0	0	N	N	N	N	N	N	N	N	N	N	N	N	0.0000	0.0000	0.0000	0.0000	0.0000	0.0000	0.0000	0.0000	0.0000	0.0000	0.0000	0.0000	0.0000	0.0000	0.0000	0.0000	0.0000	0.0000	0.0000	0.0000	1.0000	2.0015	3.0000	10.0016	0.0000	0.0000	0.0000	0.0000	0.0000	0.0000	0.0000	0.0000	0.0000	0.0000	0.0000	0.0000	0.0000	0.0000	0.0000	0.0000	0.0000	0.0000	0.0270	0.0230	0.0040	0.0015	0.0014	0.0001	0.0255	0.0216	0.0039	0.0883	0.0513	0.0369	0.0026	0.0020	0.0005	0.0857	0.0493	0.0364	0.0000	0.0000	0.0000	0.0000	0.0000	0.0000	0.0000	0.0000	0.0000	0.0000	0.0000	0.0000	0.0000	0.0000	0.0000	0.0000	0.0000	0.0000											
43	67	0.2135	4	1	0	1	0	0	0	0	0	N	N	N	N	N	N	N	N	N	N	N	N	0.0003	0.0002	0.0003	0.0003	0.0000	0.0000	0.0007	0.0008	0.0000	0.0052	0.0054	0.0000	0.0000	0.0000	0.0000	2.2986	3.8260	0.0000	16.5721	17.5573	0.0000	2.4354	4.0561	0.0000	0.0000	0.0000	-0.0000	-0.2444	1.0000	4.8614	3.0000	14.2102	0.0001	0.0001	0.0000	0.0001	0.0001	0.0000	0.0000	0.0000	0.0000	0.4526	0.4526	0.0000	0.1100	0.1100	0.0000	0.3426	0.3426	0.0000	0.0711	0.0615	0.0096	0.0095	0.0092	0.0004	0.0616	0.0523	0.0093	0.2288	0.1604	0.0684	0.0881	0.0759	0.0122	0.1407	0.0845	0.0562	0.0004	0.0003	0.0000	0.0042	0.0038	0.0000	0.0000	0.0000	0.0000	1.9780	2.8218	0.0000	1.2478	1.4485	0.0000	2.4354	4.0561	0.0000			
43	68	0.0507	4	2	1	2	0	0	0	0	0	Y	N	Y	N	N	N	N	N	N	N	N	N	0.0000	0.0000	0.0000	0.0000	0.0000	0.0000	0.0000	0.0000	0.0000	0.0000	0.0000	0.0000	0.0000	0.0000	0.0000	0.0000	0.0000	0.0000	0.0000	0.0000	1.0000	0.0000	3.0000	0.0000	0.0000	0.0000	0.0000	0.0000	0.0000	0.0000	0.0000	0.0000	0.0000	0.0000	0.0000	0.0000	0.0000	0.0000	0.0000	0.0000	0.0000	0.0000	0.0000	0.0000	0.0000	0.0000	0.0000	0.0000	0.0000	0.0000	0.0000	0.0000	0.0000	0.0000	0.0000	0.0000	0.0000	0.0000	0.0000	0.0000	0.0000	0.0000	0.0000	0.0000	0.0000	0.0000	0.0000	0.0000	0.0000	0.0000	0.0000	0.0000	0.0000	0.0000	0.0000	0.0000	0.0000	0.0000											
43	69	0.0465	3	2	0	2	0	0	0	0	0	Y	N	Y	N	N	N	N	N	N	N	N	N	inf	inf	inf	inf	9.4526	10.7537	0.0000	26.8109	26.8109	0.0000	0.0000	0.0000	0.0000	0.0000	0.0000	0.0000	0.0000	0.0000	0.0000	0.0000	0.0000	0.0000	0.0000	-0.0003	0.0000	1.0000	0.0016	3.0000	0.9826	0.0007	0.0007	0.0000	0.0007	0.0007	0.0000	0.0000	0.0000	0.0000	0.0000	0.0000	0.0000	0.0000	0.0000	0.0000	0.0000	0.0000	0.0000	0.0001	0.0001	0.0000	0.0000	0.0000	0.0000	0.0000	0.0000	0.0000	0.0102	0.0053	0.0049	0.0010	0.0009	0.0001	0.0093	0.0045	0.0048	inf	inf	0.0000	inf	inf	0.0000	0.0000	0.0000	0.0000	0.0000	0.0000	0.0000	0.0000	0.0000	0.0000	0.0000	0.0000	0.0000						
43	70	0.0338	2	2	0	2	0	0	0	0	0	Y	N	Y	N	N	N	N	N	N	N	N	N	inf	inf	inf	inf	inf	inf	inf	3.4165	0.0537	28.8557	0.1558	0.1558	0.0000	4.8430	0.0000	28.8579	0.0000	0.0000	0.0000	0.0000	0.0000	0.0000	0.0000	0.0000	0.0000	71.0497	0.0004	0.0000	1.0000	0.0061	3.0000	3.0249	0.0007	0.0000	0.0007	0.0000	0.0000	0.0000	0.0007	0.0000	0.0007	0.0000	0.0000	0.0000	0.0000	0.0000	0.0000	0.0000	0.0000	0.0000	0.0002	0.0002	0.0000	0.0001	0.0001	0.0000	0.0001	0.0001	0.0000	0.0309	0.0162	0.0147	0.0023	0.0021	0.0002	0.0287	0.0141	0.0145	inf	inf	inf	inf	inf	0.0000	inf	0.0000	inf	0.0000	0.0000	0.0000	0.0000	0.0000	0.0000	0.0000	0.0000	0.0000			
43	72	0.0586	2	1	1	1	0	0	0	0	0	N	N	N	N	N	N	N	N	N	N	N	N	0.0000	0.0000	0.0000	0.0000	0.0000	0.0000	0.0000	0.0000	0.0000	0.0000	0.0000	0.0000	0.0000	0.0000	0.0000	0.0000	0.0000	0.0000	0.0000	0.0000	1.0000	5.9987	3.0000	11.0016	0.0000	0.0000	0.0000	0.0000	0.0000	0.0000	0.0000	0.0000	0.0000	0.0000	0.0000	0.0000	0.0000	0.0000	0.0000	0.0000	0.0000	0.0000	0.0779	0.0665	0.0114	0.0042	0.0040	0.0002	0.0736	0.0625	0.0112	0.1205	0.0701	0.0504	0.0036	0.0028	0.0007	0.1169	0.0673	0.0496	0.0000	0.0000	0.0000	0.0000	0.0000	0.0000	0.0000	0.0000	0.0000	0.0000	0.0000	0.0000	0.0000	0.0000	0.0000	0.0000	0.0000	0.0000											
43	74	0.1004	4	1	1	1	0	0	0	0	0	N	N	N	N	N	N	N	N	N	N	N	N	12957.9956	0.0000	inf	0.0000	0.0000	inf	inf	12.1926	0.0000	83.9936	0.0000	0.0000	0.0000	13.0607	0.0000	85.6371	0.0009	0.0015	0.0000	0.0082	0.0096	0.0000	0.0000	0.0000	0.0000	inf	0.0000	0.5380	-0.0001	1.0000	6.1274	3.0000	13.6208	0.9996	0.0000	0.9996	0.0000	0.0000	0.0000	0.9996	0.0000	0.9996	0.0001	0.0001	0.0000	0.0001	0.0001	0.0000	0.0000	0.0000	0.0000	0.0820	0.0701	0.0119	0.0054	0.0052	0.0002	0.0765	0.0649	0.0117	0.1488	0.0917	0.0571	0.0172	0.0145	0.0026	0.1316	0.0772	0.0544	12957.9956	0.0000	inf	0.0000	0.0000	0.0000	inf	0.0000	inf	0.0009	0.0015	0.0000	0.0082	0.0096	0.0000	0.0000	0.0000	0.0000		
43	75	0.1249	7	1	0	2	0	0	0	0	0	N	N	Y	N	N	N	N	N	N	N	N	N	0.0000	0.0000	0.0000	0.0000	0.0000	0.0000	0.0000	0.0000	0.0000	0.0000	0.0000	0.0000	0.0000	0.0000	0.0000	0.0000	0.0000	0.0000	0.0000	0.0000	1.0000	0.0000	3.0000	1.0003	0.0000	0.0000	0.0000	0.0000	0.0000	0.0000	0.0000	0.0000	0.0000	0.0000	0.0000	0.0000	0.0000	0.0000	0.0000	0.0000	0.0000	0.0000	0.0000	0.0000	0.0000	0.0000	0.0000	0.0000	0.0000	0.0000	0.0000	0.0095	0.0050	0.0045	0.0008	0.0007	0.0002	0.0087	0.0043	0.0044	0.0000	0.0000	0.0000	0.0000	0.0000	0.0000	0.0000	0.0000	0.0000	0.0000	0.0000	0.0000	0.0000	0.0000	0.0000	0.0000	0.0000	0.0000											
43	76	0.1208	6	1	0	2	0	0	0	0	0	N	N	Y	N	N	N	N	N	N	N	N	N	0.0000	0.0000	0.0000	0.0000	0.0000	0.0000	0.0000	0.0000	0.0000	0.0000	0.0000	0.0000	0.0000	0.0000	0.0000	0.0000	0.0000	0.0000	0.0000	0.0000	1.0000	0.0000	3.0000	1.0076	0.0000	0.0000	0.0000	0.0000	0.0000	0.0000	0.0000	0.0000	0.0000	0.0000	0.0000	0.0000	0.0000	0.0000	0.0000	0.0000	0.0000	0.0000	0.0000	0.0000	0.0000	0.0000	0.0000	0.0000	0.0000	0.0000	0.0000	0.0095	0.0049	0.0045	0.0007	0.0006	0.0001	0.0088	0.0044	0.0044	0.0000	0.0000	0.0000	0.0000	0.0000	0.0000	0.0000	0.0000	0.0000	0.0000	0.0000	0.0000	0.0000	0.0000	0.0000	0.0000	0.0000	0.0000											
43	77	0.1168	5	1	0	1	0	0	0	0	0	N	N	N	N	N	N	N	N	N	N	N	N	0.0000	0.0000	0.0000	0.0000	0.0000	0.0000	0.0000	0.0000	0.0000	0.0000	0.0000	0.0000	0.0000	0.0000	0.0000	0.0000	0.0000	0.0000	0.0000	0.0000	1.0000	0.0026	3.0000	0.9924	0.0000	0.0000	0.0000	0.0000	0.0000	0.0000	0.0000	0.0000	0.0000	0.0000	0.0000	0.0000	0.0000	0.0000	0.0000	0.0000	0.0000	0.0000	0.0001	0.0001	0.0000	0.0000	0.0000	0.0000	0.0001	0.0001	0.0000	0.0094	0.0049	0.0045	0.0007	0.0006	0.0001	0.0086	0.0043	0.0043	0.0000	0.0000	0.0000	0.0000	0.0000	0.0000	0.0000	0.0000	0.0000	0.0000	0.0000	0.0000	0.0000	0.0000	0.0000	0.0000	0.0000	0.0000											
43	78	0.1004	4	1	0	1	0	0	0	0	0	N	N	N	N	N	N	N	N	N	N	N	N	3.0986	2.3694	6.9041	6.5825	0.0095	0.0111	0.0000	0.1138	0.1176	0.0000	0.0000	0.0000	0.0000	0.0031	0.0047	0.0000	0.0165	0.0179	0.0000	0.0000	0.0000	0.0000	0.0000	0.0000	-0.0002	-0.0001	1.0000	2.8733	3.0000	1.5522	0.0004	0.0004	0.0000	0.0004	0.0004	0.0000	0.0000	0.0000	0.0000	0.0001	0.0001	0.0000	0.0001	0.0001	0.0000	0.0000	0.0000	0.0000	0.0412	0.0352	0.0060	0.0034	0.0033	0.0001	0.0378	0.0319	0.0059	0.0458	0.0299	0.0159	0.0085	0.0078	0.0007	0.0373	0.0221	0.0152	3.0986	2.3694	0.0000	6.9041	6.5825	0.0000	0.0000	0.0000	0.0000	0.0031	0.0047	0.0000	0.0165	0.0179	0.0000	0.0000	0.0000	0.0000					
43	79	0.0883	3	1	0	1	0	0	0	0	0	N	N	N	N	N	N	N	N	N	N	N	N	3.0405	0.2791	486.8895	0.2444	0.2432	0.0000	29.4249	0.0000	484.6526	0.0956	0.0125	0.6302	0.0491	0.0495	0.0000	0.1088	0.0000	0.6392	0.0314	0.0449	0.0013	0.2008	0.2035	0.0001	0.0037	0.0053	0.0013	7.8027	0.0129	0.0002	-0.0008	1.0000	0.2102	3.0000	3.4985	0.0004	0.0000	0.0004	0.0000	0.0000	0.0000	0.0004	0.0000	0.0004	0.0016	0.0015	0.0000	0.0014	0.0014	0.0000	0.0001	0.0001	0.0000	0.0046	0.0040	0.0006	0.0010	0.0010	0.0000	0.0036	0.0030	0.0006	0.0499	0.0345	0.0155	0.0121	0.0118	0.0003	0.0378	0.0227	0.0151	3.0405	0.2791	486.8895	0.4160	0.4089	0.0000	29.4249	0.0000	484.6526	0.0314	0.0449	0.0013	0.1179	0.1210	0.0001	0.0037	0.0053	0.0013
43	80	0.1193	5	1	1	1	0	0	0	0	0	N	N	N	N	N	N	N	N	N	N	N	N	0.0000	0.0000	0.0000	0.0000	0.0000	0.0000	0.0000	0.0000	0.0000	0.0000	0.0000	0.0000	0.0000	0.0000	0.0000	1.7543	2.9469	0.0000	0.4710	0.7326	0.0000	1.2787	2.2018	0.0000	0.0000	0.0000	-0.0401	1.0000	2.0196	3.0000	6.0690	0.0000	0.0000	0.0000	0.0000	0.0000	0.0000	0.0000	0.0000	0.0000	0.0742	0.0742	0.0000	0.0014	0.0014	0.0000	0.0728	0.0728	0.0000	0.0276	0.0235	0.0041	0.0021	0.0019	0.0001	0.0255	0.0216	0.0039	0.0648	0.0395	0.0253	0.0078	0.0064	0.0014	0.0569	0.0331	0.0239	0.0000	0.0000	0.0000	0.0000	0.0000	0.0000	0.0000	0.0000	0.0000	1.1449	1.8797	0.0000	0.1735	0.2128	0.0000	1.2787	2.2018	0.0000				
43	81	0.1111	4	1	0	1	0	0	0	0	0	N	N	N	N	N	N	N	N	N	N	N	N	0.0000	0.0000	0.0000	0.0000	0.0000	0.0000	0.0000	0.0000	0.0000	0.0000	0.0000	0.0000	0.0000	0.0000	0.0000	0.0000	0.0000	0.0000	57.5578	95.5775	0.0094	2.2207	3.0807	0.0012	63.8346	109.5751	0.0099	0.0001	0.0000	-0.4980	1.0000	0.9876	3.0000	0.9833	0.0000	0.0000	0.0000	0.0000	0.0000	0.0000	0.0000	0.0000	0.0000	0.9224	0.9224	0.0001	0.0005	0.0005	0.0000	0.9219	0.9218	0.0001	0.0133	0.0114	0.0020	0.0008	0.0007	0.0000	0.0126	0.0106	0.0019	0.0160	0.0097	0.0064	0.0016	0.0012	0.0003	0.0144	0.0084	0.0060	0.0000	0.0000	0.0000	0.0000	0.0000	0.0000	0.0000	0.0000	0.0000	57.5578	95.5775	0.0094	0.3334	0.4264	0.0012	63.8346	109.5751	0.0099	
43	82	0.0451	2	2	0	2	0	0	0	0	0	Y	N	Y	N	N	N	N	N	N	N	N	N	0.0000	0.0000	0.0000	0.0000	0.0000	0.0000	0.0000	0.0000	0.0000	0.0000	0.0000	0.0000	0.0000	0.0000	0.0000	0.0000	0.0000	0.0000	0.0000	0.0000	1.0000	1.0000	3.0000	2.9874	0.0000	0.0000	0.0000	0.0000	0.0000	0.0000	0.0000	0.0000	0.0000	0.0000	0.0000	0.0000	0.0000	0.0000	0.0000	0.0000	0.0000	0.0000	0.0136	0.0115	0.0020	0.0006	0.0006	0.0000	0.0130	0.0110	0.0020	0.0329	0.0195	0.0134	0.0021	0.0018	0.0003	0.0308	0.0177	0.0131	0.0000	0.0000	0.0000	0.0000	0.0000	0.0000	0.0000	0.0000	0.0000	0.0000	0.0000	0.0000	0.0000	0.0000	0.0000	0.0000	0.0000	0.0000											
43	84	0.0586	2	1	1	1	1	0	0	0	0	N	N	N	N	N	N	N	N	N	N	N	N	inf	inf	inf	inf	9.8094	0.0000	67.4826	0.0000	0.0000	0.0000	10.3683	0.0000	68.8668	0.0000	0.0000	0.0000	0.0000	0.0000	0.0000	0.0000	0.0000	0.0000	inf	0.5383	0.0000	1.0000	8.0013	3.0000	12.0015	1.0000	0.0000	1.0000	0.0000	0.0000	0.0000	1.0000	0.0000	1.0000	0.0000	0.0000	0.0000	0.0000	0.0000	0.0000	0.0000	0.0000	0.0000	0.1019	0.0871	0.0148	0.0055	0.0052	0.0003	0.0964	0.0819	0.0145	0.1388	0.0808	0.0580	0.0041	0.0033	0.0009	0.1346	0.0775	0.0571	inf	0.0000	inf	0.0000	0.0000	0.0000	inf	0.0000	inf	0.0000	0.0000	0.0000	0.0000	0.0000	0.0000	0.0000	0.0000	0.0000						
43	85	0.1151	4	1	1	1	0	0	0	0	0	N	N	N	N	N	N	N	N	N	N	N	N	0.0000	0.0000	0.0000	0.0000	0.0000	0.0000	0.0000	0.0000	0.0000	0.0000	0.0000	0.0000	0.0000	0.0000	0.0000	0.0000	0.0000	0.0000	0.0000	0.0000	1.0000	1.0000	3.0000	6.9850	0.0000	0.0000	0.0000	0.0000	0.0000	0.0000	0.0000	0.0000	0.0000	0.0000	0.0000	0.0000	0.0000	0.0000	0.0000	0.0000	0.0000	0.0000	0.0135	0.0115	0.0020	0.0007	0.0006	0.0000	0.0129	0.0109	0.0020	0.0619	0.0370	0.0249	0.0060	0.0046	0.0014	0.0559	0.0324	0.0235	0.0000	0.0000	0.0000	0.0000	0.0000	0.0000	0.0000	0.0000	0.0000	0.0000	0.0000	0.0000	0.0000	0.0000	0.0000	0.0000	0.0000	0.0000											
43	86	0.1023	3	1	0	1	0	0	0	0	0	N	N	N	N	N	N	N	N	N	N	N	N	0.0000	0.0000	0.0000	0.0000	0.0000	0.0000	0.0000	0.0000	0.0000	0.0000	0.0000	0.0000	0.0000	0.0144	0.0243	0.0000	0.3477	0.5529	0.0000	0.0000	0.0000	0.0000	0.0000	0.0000	-0.0002	1.0000	1.0086	3.0000	2.0000	0.0000	0.0000	0.0000	0.0000	0.0000	0.0000	0.0000	0.0000	0.0000	0.0004	0.0004	0.0000	0.0004	0.0004	0.0000	0.0000	0.0000	0.0000	0.0138	0.0117	0.0020	0.0007	0.0007	0.0000	0.0131	0.0111	0.0020	0.0243	0.0144	0.0099	0.0023	0.0018	0.0005	0.0220	0.0126	0.0094	0.0000	0.0000	0.0000	0.0000	0.0000	0.0000	0.0000	0.0000	0.0000	0.0144	0.0243	0.0000	0.1517	0.1965	0.0000	0.0000	0.0000	0.0000						
43	89	0.1196	5	1	1	1	0	0	0	0	0	N	N	N	N	N	N	N	N	N	N	N	N	0.0000	0.0000	0.0000	0.0000	0.0000	0.0000	0.0000	0.0000	0.0000	0.0000	0.0000	0.0000	0.0000	0.0072	0.0120	0.0000	0.0559	0.0753	0.0000	0.0000	0.0000	0.0000	0.0000	0.0000	-0.0003	1.0000	0.0157	3.0000	9.0253	0.0000	0.0000	0.0000	0.0000	0.0000	0.0000	0.0000	0.0000	0.0000	0.0005	0.0005	0.0000	0.0005	0.0005	0.0000	0.0000	0.0000	0.0000	0.0008	0.0007	0.0001	0.0003	0.0003	0.0000	0.0005	0.0004	0.0001	0.0705	0.0426	0.0279	0.0091	0.0069	0.0022	0.0613	0.0356	0.0257	0.0000	0.0000	0.0000	0.0000	0.0000	0.0000	0.0000	0.0000	0.0000	0.0072	0.0120	0.0000	0.0559	0.0735	0.0000	0.0000	0.0000	0.0000						
43	90	0.1111	4	1	1	1	0	0	0	0	0	N	N	N	N	N	N	N	N	N	N	N	N	0.0000	0.0000	0.0000	0.0000	0.0000	0.0000	0.0000	0.0000	0.0000	0.0000	0.0000	0.0000	0.0000	0.0000	0.0000	0.0000	0.0000	0.0000	0.8326	1.6674	0.0015	116.9985	143.4930	0.0002	0.0343	0.0577	0.0016	0.0014	0.0000	-0.0040	1.0000	0.0169	3.0000	2.0013	0.0000	0.0000	0.0000	0.0000	0.0000	0.0000	0.0000	0.0000	0.0000	0.0073	0.0073	0.0000	0.0068	0.0068	0.0000	0.0005	0.0005	0.0000	0.0003	0.0002	0.0000	0.0000	0.0000	0.0000	0.0002	0.0002	0.0000	0.0164	0.0099	0.0065	0.0016	0.0013	0.0004	0.0148	0.0086	0.0062	0.0000	0.0000	0.0000	0.0000	0.0000	0.0000	0.0000	0.0000	0.0000	0.4479	0.7431	0.0015	4.2305	5.4201	0.0002	0.0343	0.0577	0.0016	
43	91	0.1023	3	1	0	1	0	0	0	0	0	N	N	N	N	N	N	N	N	N	N	N	N	0.0000	0.0000	0.0000	0.0000	0.0000	0.0000	0.0000	0.0000	0.0000	0.0000	0.0000	0.0000	0.0000	0.0000	0.0000	0.0000	0.0000	0.0000	0.6887	1.5584	0.0029	0.9093	1.4458	0.0000	0.4525	0.7880	0.0031	0.0028	0.0000	-0.0039	1.0000	1.9923	3.0000	0.0454	0.0000	0.0000	0.0000	0.0000	0.0000	0.0000	0.0000	0.0000	0.0000	0.0072	0.0072	0.0000	0.0003	0.0003	0.0000	0.0068	0.0068	0.0000	0.0268	0.0229	0.0040	0.0013	0.0013	0.0001	0.0255	0.0216	0.0039	0.0168	0.0099	0.0068	0.0017	0.0013	0.0004	0.0151	0.0087	0.0065	0.0000	0.0000	0.0000	0.0000	0.0000	0.0000	0.0000	0.0000	0.0000	0.4286	0.7202	0.0029	0.2099	0.2680	0.0000	0.4525	0.7880	0.0031	
43	92	0.0586	2	1	0	1	0	0	0	0	0	N	N	N	N	N	N	N	N	N	N	N	N	0.0000	0.0000	0.0000	0.0000	0.0000	0.0000	0.0000	0.0000	0.0000	0.0000	0.0000	0.0000	0.0000	0.0000	0.0000	0.0047	0.0078	0.0003	0.0000	0.0000	0.0000	0.0048	0.0081	0.0003	0.0294	0.0000	-0.0002	1.0000	1.0098	3.0000	9.0196	0.0000	0.0000	0.0000	0.0000	0.0000	0.0000	0.0000	0.0000	0.0000	0.0004	0.0003	0.0000	0.0000	0.0000	0.0000	0.0004	0.0003	0.0000	0.0138	0.0117	0.0020	0.0008	0.0007	0.0000	0.0130	0.0110	0.0020	0.0748	0.0435	0.0313	0.0022	0.0017	0.0005	0.0727	0.0418	0.0308	0.0000	0.0000	0.0000	0.0000	0.0000	0.0000	0.0000	0.0000	0.0000	0.0047	0.0078	0.0003	0.0000	0.0000	0.0000	0.0048	0.0081	0.0003				
43	93	0.1553	7	2	1	1	1	0	0	0	0	Y	N	N	N	N	N	N	N	N	N	N	N	0.0000	0.0000	0.0000	0.0000	0.0000	0.0000	0.0000	0.0000	0.0000	0.0000	0.0000	0.0000	0.0000	0.0000	0.0000	0.0000	0.0000	0.0000	0.0000	0.0000	1.0000	0.0000	3.0000	0.0000	0.0000	0.0000	0.0000	0.0000	0.0000	0.0000	0.0000	0.0000	0.0000	0.0000	0.0000	0.0000	0.0000	0.0000	0.0000	0.0000	0.0000	0.0000	0.0000	0.0000	0.0000	0.0000	0.0000	0.0000	0.0000	0.0000	0.0000	0.0000	0.0000	0.0000	0.0000	0.0000	0.0000	0.0000	0.0000	0.0000	0.0000	0.0000	0.0000	0.0000	0.0000	0.0000	0.0000	0.0000	0.0000	0.0000	0.0000	0.0000	0.0000	0.0000	0.0000	0.0000	0.0000	0.0000											
43	94	0.1553	6	2	1	1	1	0	0	0	0	Y	N	N	N	N	N	N	N	N	N	N	N	0.0000	0.0000	0.0000	0.0000	0.0000	0.0000	0.0000	0.0000	0.0000	0.0000	0.0000	0.0000	0.0000	0.0000	0.0000	0.0000	0.0000	0.0000	0.0000	0.0000	1.0000	0.0000	3.0000	0.0001	0.0000	0.0000	0.0000	0.0000	0.0000	0.0000	0.0000	0.0000	0.0000	0.0000	0.0000	0.0000	0.0000	0.0000	0.0000	0.0000	0.0000	0.0000	0.0000	0.0000	0.0000	0.0000	0.0000	0.0000	0.0000	0.0000	0.0000	0.0000	0.0000	0.0000	0.0000	0.0000	0.0000	0.0000	0.0000	0.0000	0.0000	0.0000	0.0000	0.0000	0.0000	0.0000	0.0000	0.0000	0.0000	0.0000	0.0000	0.0000	0.0000	0.0000	0.0000	0.0000	0.0000	0.0000											
43	95	0.1374	5	1	1	1	1	0	0	0	0	N	N	N	N	N	N	N	N	N	N	N	N	0.0000	0.0000	0.0000	0.0000	0.0000	0.0000	0.0000	0.0000	0.0000	0.0000	0.0000	0.0000	0.0000	0.0000	0.0000	0.0000	0.0000	0.0000	0.0000	0.0000	1.0000	0.9845	3.0000	0.9903	0.0000	0.0000	0.0000	0.0000	0.0000	0.0000	0.0000	0.0000	0.0000	0.0000	0.0000	0.0000	0.0000	0.0000	0.0000	0.0000	0.0000	0.0000	0.0139	0.0119	0.0020	0.0015	0.0015	0.0001	0.0124	0.0104	0.0019	0.0165	0.0101	0.0065	0.0017	0.0015	0.0002	0.0149	0.0086	0.0063	0.0000	0.0000	0.0000	0.0000	0.0000	0.0000	0.0000	0.0000	0.0000	0.0000	0.0000	0.0000	0.0000	0.0000	0.0000	0.0000	0.0000	0.0000											
43	96	0.1345	5	1	1	1	0	0	0	0	0	N	N	N	N	N	N	N	N	N	N	N	N	0.0000	0.0000	0.0000	0.0000	0.0000	0.0000	0.0000	0.0000	0.0000	0.0000	0.0000	0.0000	0.0000	0.0000	0.0000	0.0000	0.0000	0.0000	0.0000	0.0000	1.0000	1.0063	3.0000	3.7812	0.0000	0.0000	0.0000	0.0000	0.0000	0.0000	0.0000	0.0000	0.0000	0.0000	0.0000	0.0000	0.0000	0.0000	0.0000	0.0000	0.0000	0.0000	0.0139	0.0119	0.0020	0.0011	0.0010	0.0001	0.0128	0.0109	0.0020	0.0597	0.0389	0.0208	0.0173	0.0151	0.0022	0.0424	0.0238	0.0186	0.0000	0.0000	0.0000	0.0000	0.0000	0.0000	0.0000	0.0000	0.0000	0.0000	0.0000	0.0000	0.0000	0.0000	0.0000	0.0000	0.0000	0.0000											
43	97	0.1374	5	1	0	2	1	0	0	0	0	N	N	Y	N	N	N	N	N	N	N	N	N	0.0000	0.0000	0.0000	0.0000	0.0000	0.0000	0.0000	0.0000	0.0000	0.0000	0.0000	0.0000	0.0000	0.0000	0.0000	0.0000	0.0000	0.0000	0.0000	0.0000	1.0000	1.0165	3.0000	1.0129	0.0000	0.0000	0.0000	0.0000	0.0000	0.0000	0.0000	0.0000	0.0000	0.0000	0.0000	0.0000	0.0000	0.0000	0.0000	0.0000	0.0000	0.0000	0.0143	0.0122	0.0021	0.0016	0.0015	0.0001	0.0127	0.0107	0.0020	0.0169	0.0103	0.0066	0.0017	0.0015	0.0002	0.0152	0.0088	0.0064	0.0000	0.0000	0.0000	0.0000	0.0000	0.0000	0.0000	0.0000	0.0000	0.0000	0.0000	0.0000	0.0000	0.0000	0.0000	0.0000	0.0000	0.0000											
43	98	0.1245	4	1	0	1	1	0	0	0	0	N	N	N	N	N	N	N	N	N	N	N	N	0.0000	0.0000	0.0000	0.0000	0.0000	0.0000	0.0000	0.0000	0.0000	0.0000	0.0000	0.0000	0.0000	0.0000	0.0000	0.0000	0.0000	0.0000	0.0000	0.0000	1.0000	2.0241	3.0000	1.0265	0.0000	0.0000	0.0000	0.0000	0.0000	0.0000	0.0000	0.0000	0.0000	0.0000	0.0000	0.0000	0.0000	0.0000	0.0000	0.0000	0.0000	0.0000	0.0277	0.0237	0.0041	0.0022	0.0021	0.0001	0.0255	0.0216	0.0039	0.0242	0.0145	0.0097	0.0027	0.0021	0.0005	0.0215	0.0124	0.0092	0.0000	0.0000	0.0000	0.0000	0.0000	0.0000	0.0000	0.0000	0.0000	0.0000	0.0000	0.0000	0.0000	0.0000	0.0000	0.0000	0.0000	0.0000											
43	99	0.1245	4	1	0	2	1	0	0	0	0	N	N	Y	N	N	N	N	N	N	N	N	N	0.0000	0.0000	0.0000	0.0000	0.0000	0.0000	0.0000	0.0000	0.0000	0.0000	0.0000	0.0000	0.0000	0.0000	0.0000	0.0000	0.0000	0.0000	0.0000	0.0000	1.0000	3.0066	3.0000	0.0000	0.0000	0.0000	0.0000	0.0000	0.0000	0.0000	0.0000	0.0000	0.0000	0.0000	0.0000	0.0000	0.0000	0.0000	0.0000	0.0000	0.0000	0.0000	0.0407	0.0347	0.0059	0.0031	0.0030	0.0002	0.0375	0.0318	0.0058	0.0239	0.0143	0.0096	0.0026	0.0021	0.0005	0.0212	0.0122	0.0090	0.0000	0.0000	0.0000	0.0000	0.0000	0.0000	0.0000	0.0000	0.0000	0.0000	0.0000	0.0000	0.0000	0.0000	0.0000	0.0000	0.0000	0.0000											
43	100	0.1502	4	1	0	2	1	0	0	0	0	N	N	Y	N	N	N	N	N	N	N	N	N	0.0000	0.0000	0.0000	0.0000	0.0000	0.0000	0.0000	0.0000	0.0000	0.0000	0.0000	0.0000	0.0000	0.0000	0.0000	0.0000	0.0000	0.0000	0.0000	0.0000	1.0000	0.0000	3.0000	2.0000	0.0000	0.0000	0.0000	0.0000	0.0000	0.0000	0.0000	0.0000	0.0000	0.0000	0.0000	0.0000	0.0000	0.0000	0.0000	0.0000	0.0000	0.0000	0.0000	0.0000	0.0000	0.0000	0.0000	0.0000	0.0000	0.0000	0.0000	0.0154	0.0091	0.0063	0.0018	0.0014	0.0004	0.0136	0.0077	0.0059	0.0000	0.0000	0.0000	0.0000	0.0000	0.0000	0.0000	0.0000	0.0000	0.0000	0.0000	0.0000	0.0000	0.0000	0.0000	0.0000	0.0000	0.0000											
43	101	0.1111	3	1	0	2	1	0	0	0	0	N	N	Y	N	N	N	N	N	N	N	N	N	0.2920	0.0000	inf	0.0000	0.0000	0.3746	0.0000	inf	0.0100	0.0000	0.0689	0.0000	0.0000	0.0000	0.0111	0.0000	0.0723	0.0342	0.0570	0.0000	0.0674	0.0847	0.0000	0.0295	0.0522	0.0000	inf	0.0000	0.0004	-0.0014	1.0000	5.8899	3.0000	3.1847	0.0008	0.0000	0.0008	0.0000	0.0000	0.0000	0.0008	0.0000	0.0008	0.0025	0.0025	0.0000	0.0006	0.0006	0.0000	0.0019	0.0019	0.0000	0.0800	0.0684	0.0116	0.0076	0.0071	0.0005	0.0724	0.0613	0.0111	0.0736	0.0442	0.0294	0.0092	0.0078	0.0014	0.0644	0.0364	0.0280	0.2920	0.0000	inf	0.0000	0.0000	0.0000	0.3746	0.0000	inf	0.0342	0.0570	0.0000	0.0674	0.0799	0.0000	0.0295	0.0522	0.0000	
43	102	0.1579	3	2	1	1	0	0	0	0	0	Y	N	N	N	N	N	N	N	N	N	N	N	0.0000	0.0000	0.0000	0.0000	0.0000	0.0000	0.0000	0.0000	0.0000	0.0000	0.0000	0.0000	0.0000	0.0000	0.0000	0.0000	0.0000	0.0000	0.0000	0.0000	1.0000	0.0000	3.0000	0.0000	0.0000	0.0000	0.0000	0.0000	0.0000	0.0000	0.0000	0.0000	0.0000	0.0000	0.0000	0.0000	0.0000	0.0000	0.0000	0.0000	0.0000	0.0000	0.0000	0.0000	0.0000	0.0000	0.0000	0.0000	0.0000	0.0000	0.0000	0.0000	0.0000	0.0000	0.0000	0.0000	0.0000	0.0000	0.0000	0.0000	0.0000	0.0000	0.0000	0.0000	0.0000	0.0000	0.0000	0.0000	0.0000	0.0000	0.0000	0.0000	0.0000	0.0000	0.0000	0.0000	0.0000	0.0000											
43	103	0.0586	2	2	1	1	0	0	0	0	0	Y	N	N	N	N	N	N	N	N	N	N	N	1.4759	0.0000	inf	1.5134	0.0000	inf	9.8094	0.0000	67.4826	0.0000	0.0000	0.0000	10.3683	0.0000	68.8668	6.6462	12.7266	0.0000	0.0000	0.0000	0.0000	6.8512	11.8964	0.0000	inf	0.0000	0.5383	-0.5399	1.0000	8.0012	3.0000	14.0016	1.0000	0.0000	1.0000	0.0000	0.0000	0.0000	1.0000	0.0000	1.0000	1.0000	1.0000	0.0000	0.0000	0.0000	0.0000	1.0000	1.0000	0.0000	0.1019	0.0871	0.0148	0.0055	0.0052	0.0003	0.0964	0.0819	0.0145	0.1505	0.0876	0.0628	0.0045	0.0036	0.0009	0.1460	0.0841	0.0619	1.4759	0.0000	inf	0.0000	0.0000	0.0000	1.5134	0.0000	inf	6.6462	11.4139	0.0000	0.0000	0.0000	0.0000	6.8512	11.8964	0.0000			
43	104	0.1216	3	1	1	1	0	0	0	0	0	N	N	N	N	N	N	N	N	N	N	N	N	0.0000	0.0000	0.0000	0.0000	0.0000	0.0000	0.0000	0.0000	0.0000	0.0000	0.0000	0.0000	0.0000	0.0000	0.0000	0.0249	0.0410	0.0000	0.0345	0.0449	0.0000	0.0224	0.0396	0.0000	0.0000	0.0000	-0.0003	1.0000	2.0010	3.0000	1.0153	0.0000	0.0000	0.0000	0.0000	0.0000	0.0000	0.0000	0.0000	0.0000	0.0006	0.0006	0.0000	0.0002	0.0002	0.0000	0.0004	0.0004	0.0000	0.0268	0.0228	0.0040	0.0015	0.0014	0.0001	0.0253	0.0215	0.0039	0.0253	0.0154	0.0099	0.0052	0.0040	0.0012	0.0200	0.0114	0.0087	0.0000	0.0000	0.0000	0.0000	0.0000	0.0000	0.0000	0.0000	0.0000	0.0249	0.0410	0.0000	0.0345	0.0449	0.0000	0.0224	0.0396	0.0000				
43	105	0.0586	2	1	1	1	0	0	0	0	0	N	N	N	N	N	N	N	N	N	N	N	N	0.0000	0.0000	0.0000	0.0000	0.0000	0.0000	0.0000	0.0000	0.0000	0.0000	0.0000	0.0000	0.0000	0.0000	0.0000	9.8167	16.8695	0.0014	0.0000	0.0000	0.0000	10.1128	17.5680	0.0014	0.0001	0.0000	-0.5396	1.0000	3.0162	3.0000	11.0438	0.0000	0.0000	0.0000	0.0000	0.0000	0.0000	0.0000	0.0000	0.0000	0.9995	0.9995	0.0001	0.0000	0.0000	0.0000	0.9995	0.9995	0.0001	0.0403	0.0344	0.0060	0.0022	0.0021	0.0001	0.0381	0.0322	0.0058	0.1018	0.0592	0.0426	0.0030	0.0024	0.0006	0.0988	0.0569	0.0419	0.0000	0.0000	0.0000	0.0000	0.0000	0.0000	0.0000	0.0000	0.0000	9.8167	16.8695	0.0014	0.0000	0.0000	0.0000	10.1128	17.5680	0.0014				
43	106	0.1595	7	2	1	1	0	0	0	0	0	Y	N	N	N	N	N	N	N	N	N	N	N	0.0000	0.0000	0.0000	0.0000	0.0000	0.0000	0.0000	0.0000	0.0000	0.0000	0.0000	0.0000	0.0000	0.0000	0.0000	0.0000	0.0000	0.0000	0.0000	0.0000	1.0000	1.0000	3.0000	1.0000	0.0000	0.0000	0.0000	0.0000	0.0000	0.0000	0.0000	0.0000	0.0000	0.0000	0.0000	0.0000	0.0000	0.0000	0.0000	0.0000	0.0000	0.0000	0.0137	0.0117	0.0020	0.0010	0.0009	0.0001	0.0127	0.0107	0.0020	0.0165	0.0105	0.0060	0.0052	0.0041	0.0010	0.0113	0.0064	0.0050	0.0000	0.0000	0.0000	0.0000	0.0000	0.0000	0.0000	0.0000	0.0000	0.0000	0.0000	0.0000	0.0000	0.0000	0.0000	0.0000	0.0000	0.0000											
43	107	0.1553	6	2	1	1	0	0	0	0	0	Y	N	N	N	N	N	N	N	N	N	N	N	0.0000	0.0000	0.0000	0.0000	0.0000	0.0000	0.0000	0.0000	0.0000	0.0000	0.0000	0.0000	0.0000	0.0000	0.0000	0.0000	0.0000	0.0000	0.0000	0.0000	1.0000	0.0000	3.0000	0.9999	0.0000	0.0000	0.0000	0.0000	0.0000	0.0000	0.0000	0.0000	0.0000	0.0000	0.0000	0.0000	0.0000	0.0000	0.0000	0.0000	0.0000	0.0000	0.0000	0.0000	0.0000	0.0000	0.0000	0.0000	0.0000	0.0000	0.0000	0.0083	0.0051	0.0031	0.0020	0.0016	0.0004	0.0062	0.0035	0.0027	0.0000	0.0000	0.0000	0.0000	0.0000	0.0000	0.0000	0.0000	0.0000	0.0000	0.0000	0.0000	0.0000	0.0000	0.0000	0.0000	0.0000	0.0000											
43	108	0.1345	5	2	1	1	0	0	0	0	0	Y	N	N	N	N	N	N	N	N	N	N	N	0.0000	0.0000	0.0000	0.0000	0.0000	0.0000	0.0000	0.0000	0.0000	0.0000	0.0000	0.0000	0.0000	0.0000	0.0000	0.0000	0.0000	0.0000	0.0000	0.0000	1.0000	0.0100	3.0000	4.8896	0.0000	0.0000	0.0000	0.0000	0.0000	0.0000	0.0000	0.0000	0.0000	0.0000	0.0000	0.0000	0.0000	0.0000	0.0000	0.0000	0.0000	0.0000	0.0003	0.0002	0.0000	0.0001	0.0001	0.0000	0.0002	0.0002	0.0000	0.0605	0.0394	0.0212	0.0174	0.0152	0.0022	0.0431	0.0242	0.0189	0.0000	0.0000	0.0000	0.0000	0.0000	0.0000	0.0000	0.0000	0.0000	0.0000	0.0000	0.0000	0.0000	0.0000	0.0000	0.0000	0.0000	0.0000											
43	109	0.1245	4	1	1	1	0	0	0	0	0	N	N	N	N	N	N	N	N	N	N	N	N	0.0000	0.0000	0.0000	0.0000	0.0000	0.0000	0.0000	0.0000	0.0000	0.0000	0.0000	0.0000	0.0000	0.0000	0.0000	0.0000	0.0000	0.0000	0.0000	0.0000	1.0000	1.0007	3.0000	1.4004	0.0000	0.0000	0.0000	0.0000	0.0000	0.0000	0.0000	0.0000	0.0000	0.0000	0.0000	0.0000	0.0000	0.0000	0.0000	0.0000	0.0000	0.0000	0.0140	0.0119	0.0020	0.0012	0.0011	0.0001	0.0128	0.0108	0.0020	0.0191	0.0115	0.0077	0.0021	0.0017	0.0004	0.0170	0.0098	0.0072	0.0000	0.0000	0.0000	0.0000	0.0000	0.0000	0.0000	0.0000	0.0000	0.0000	0.0000	0.0000	0.0000	0.0000	0.0000	0.0000	0.0000	0.0000											
43	110	0.1111	3	1	0	1	0	0	0	0	0	N	N	N	N	N	N	N	N	N	N	N	N	1.2896	0.0000	inf	0.0000	0.0000	2.1365	0.0000	inf	0.1075	0.0000	0.7293	0.0000	0.0000	0.0000	0.1610	0.0000	0.9399	0.0834	0.1367	0.0000	0.2062	0.2676	0.0000	0.0754	0.1363	0.0000	inf	0.0000	0.0004	-0.0014	1.0000	0.3039	3.0000	2.8719	0.0008	0.0000	0.0008	0.0000	0.0000	0.0000	0.0008	0.0000	0.0008	0.0025	0.0025	0.0000	0.0006	0.0006	0.0000	0.0019	0.0019	0.0000	0.0074	0.0063	0.0011	0.0025	0.0022	0.0002	0.0050	0.0041	0.0009	0.0302	0.0184	0.0118	0.0050	0.0045	0.0005	0.0252	0.0139	0.0113	1.2896	0.0000	inf	0.0000	0.0000	0.0000	2.1365	0.0000	inf	0.0834	0.1367	0.0000	0.1234	0.1381	0.0000	0.0754	0.1363	0.0000	
43	111	0.0586	2	1	0	1	0	0	0	0	0	N	N	N	N	N	N	N	N	N	N	N	N	1.6900	0.0000	23510.6457	1.7900	0.0000	23646.6128	19.7108	0.0000	133.8029	0.0000	0.0000	0.0000	20.8569	0.0000	136.5712	11.6631	19.4406	0.0057	0.0000	0.0000	0.0000	11.6520	20.2416	0.0058	inf	0.0002	0.5378	-0.5387	1.0000	3.8240	3.0000	8.1760	0.9992	0.0000	0.9992	0.0000	0.0000	0.0000	0.9992	0.0000	0.9992	0.9981	0.9979	0.0002	0.0000	0.0000	0.0000	0.9981	0.9979	0.0002	0.0507	0.0432	0.0075	0.0028	0.0026	0.0002	0.0479	0.0406	0.0073	0.0882	0.0513	0.0369	0.0026	0.0020	0.0005	0.0857	0.0493	0.0364	1.7424	0.0000	23510.6457	0.0000	0.0000	0.0000	1.7900	0.0000	23646.6128	11.3126	19.4406	0.0057	0.0000	0.0000	0.0000	11.6520	20.2416	0.0058			
43	115	0.2512	5	1	0	1	0	0	0	0	0	N	N	N	N	N	N	N	N	N	N	N	N	0.0003	0.0003	0.0001	0.0001	0.0000	0.0000	0.0009	0.0011	0.0000	0.0057	0.0059	0.0000	0.0000	0.0000	0.0000	2.6394	4.0479	0.0000	78.9864	101.2878	0.0000	2.0534	3.3936	0.0000	0.0000	0.0000	-0.0001	-0.4209	1.0000	8.9918	3.0000	13.3277	0.0001	0.0001	0.0000	0.0001	0.0001	0.0000	0.0000	0.0000	0.0000	0.7795	0.7795	0.0000	0.4542	0.4542	0.0000	0.3253	0.3253	0.0000	0.1313	0.1140	0.0173	0.0209	0.0202	0.0007	0.1104	0.0939	0.0166	0.2953	0.2137	0.0816	0.1369	0.1179	0.0190	0.1584	0.0958	0.0626	0.0003	0.0003	0.0000	0.0017	0.0015	0.0000	0.0000	0.0000	0.0000	2.6394	3.6471	0.0000	3.3173	3.8532	0.0000	2.0534	3.3936	0.0000			
44	45	0.1558	5	1	0	2	0	0	0	0	0	N	N	Y	N	N	N	N	N	N	N	N	N	0.0000	0.0000	0.0000	0.0000	0.0000	0.0000	0.0000	0.0000	0.0000	0.0000	0.0000	0.0000	0.0000	0.0000	0.0000	0.0000	0.0000	0.0000	0.0000	0.0000	1.0000	0.0000	3.0000	0.0000	0.0000	0.0000	0.0000	0.0000	0.0000	0.0000	0.0000	0.0000	0.0000	0.0000	0.0000	0.0000	0.0000	0.0000	0.0000	0.0000	0.0000	0.0000	0.0000	0.0000	0.0000	0.0000	0.0000	0.0000	0.0000	0.0000	0.0000	0.0000	0.0000	0.0000	0.0000	0.0000	0.0000	0.0000	0.0000	0.0000	0.0000	0.0000	0.0000	0.0000	0.0000	0.0000	0.0000	0.0000	0.0000	0.0000	0.0000	0.0000	0.0000	0.0000	0.0000	0.0000	0.0000	0.0000											
44	46	0.1128	4	1	0	1	0	0	0	0	0	N	N	N	N	N	N	N	N	N	N	N	N	0.0000	0.0000	0.0000	0.0000	0.0000	0.0000	0.0000	0.0000	0.0000	0.0000	0.0000	0.0000	0.0000	0.0000	0.0000	0.0000	0.0000	0.0000	0.0000	0.0000	1.0000	4.0000	3.0000	5.9850	0.0000	0.0000	0.0000	0.0000	0.0000	0.0000	0.0000	0.0000	0.0000	0.0000	0.0000	0.0000	0.0000	0.0000	0.0000	0.0000	0.0000	0.0000	0.0526	0.0448	0.0078	0.0025	0.0024	0.0001	0.0501	0.0424	0.0076	0.0759	0.0453	0.0306	0.0072	0.0056	0.0017	0.0687	0.0398	0.0289	0.0000	0.0000	0.0000	0.0000	0.0000	0.0000	0.0000	0.0000	0.0000	0.0000	0.0000	0.0000	0.0000	0.0000	0.0000	0.0000	0.0000	0.0000											
44	47	0.1839	6	1	1	1	0	0	0	0	0	N	N	N	N	N	N	N	N	N	N	N	N	0.0000	0.0000	0.0000	0.0000	0.0000	0.0000	0.0000	0.0000	0.0000	0.0000	0.0000	0.0000	0.0000	0.0000	0.0000	0.0000	0.0000	0.0000	0.0000	0.0000	1.0000	0.0000	3.0000	0.0000	0.0000	0.0000	0.0000	0.0000	0.0000	0.0000	0.0000	0.0000	0.0000	0.0000	0.0000	0.0000	0.0000	0.0000	0.0000	0.0000	0.0000	0.0000	0.0000	0.0000	0.0000	0.0000	0.0000	0.0000	0.0000	0.0000	0.0000	0.0000	0.0000	0.0000	0.0000	0.0000	0.0000	0.0000	0.0000	0.0000	0.0000	0.0000	0.0000	0.0000	0.0000	0.0000	0.0000	0.0000	0.0000	0.0000	0.0000	0.0000	0.0000	0.0000	0.0000	0.0000	0.0000	0.0000											
44	48	0.0471	3	2	1	2	0	0	0	0	0	Y	N	Y	N	N	N	N	N	N	N	N	N	inf	inf	inf	inf	17.2468	0.0000	143.1121	0.0000	0.0000	0.0000	28.3735	0.0000	143.6870	0.0000	0.0000	0.0000	0.0000	0.0000	0.0000	0.0000	0.0000	0.0000	inf	0.0000	0.0000	1.0000	0.0000	3.0000	2.0152	0.0000	0.0000	0.0000	0.0000	0.0000	0.0000	0.0000	0.0000	0.0000	0.0000	0.0000	0.0000	0.0000	0.0000	0.0000	0.0000	0.0000	0.0000	0.0000	0.0000	0.0000	0.0000	0.0000	0.0000	0.0000	0.0000	0.0000	0.0174	0.0105	0.0070	0.0014	0.0012	0.0002	0.0160	0.0093	0.0068	inf	0.0000	inf	0.0000	0.0000	0.0000	inf	0.0000	inf	0.0000	0.0000	0.0000	0.0000	0.0000	0.0000	0.0000	0.0000	0.0000						
44	49	0.0429	2	2	0	2	0	0	0	0	0	Y	N	Y	N	N	N	N	N	N	N	N	N	inf	inf	inf	inf	inf	inf	inf	inf	17.7010	0.6722	139.7806	4.2604	1.4477	147.9473	27.2532	0.0000	139.2114	0.0000	0.0000	0.0000	0.0000	0.0000	0.0000	0.0000	0.0000	0.0000	29.0078	0.0002	0.0000	1.0000	0.0003	3.0000	1.0311	0.0003	0.0000	0.0003	0.0000	0.0000	0.0000	0.0003	0.0000	0.0003	0.0000	0.0000	0.0000	0.0000	0.0000	0.0000	0.0000	0.0000	0.0000	0.0000	0.0000	0.0000	0.0000	0.0000	0.0000	0.0000	0.0000	0.0000	0.0090	0.0055	0.0035	0.0007	0.0006	0.0001	0.0083	0.0049	0.0035	inf	inf	inf	inf	inf	inf	inf	0.0000	inf	0.0000	0.0000	0.0000	0.0000	0.0000	0.0000	0.0000	0.0000	0.0000		
44	50	0.0429	2	2	1	2	0	0	0	0	0	Y	N	Y	N	N	N	N	N	N	N	N	N	inf	inf	inf	inf	inf	inf	17.2503	0.0000	141.1782	2.8429	0.0000	148.2536	27.6181	0.0000	140.6809	0.0000	0.0000	0.0000	0.0000	0.0000	0.0000	0.0000	0.0000	0.0000	inf	0.0002	0.0000	1.0000	0.0003	3.0000	1.0126	0.0003	0.0000	0.0003	0.0000	0.0000	0.0000	0.0003	0.0000	0.0003	0.0000	0.0000	0.0000	0.0000	0.0000	0.0000	0.0000	0.0000	0.0000	0.0000	0.0000	0.0000	0.0000	0.0000	0.0000	0.0000	0.0000	0.0000	0.0089	0.0054	0.0035	0.0007	0.0006	0.0001	0.0082	0.0048	0.0034	inf	0.0000	inf	inf	0.0000	inf	inf	0.0000	inf	0.0000	0.0000	0.0000	0.0000	0.0000	0.0000	0.0000	0.0000	0.0000				
44	51	0.1557	3	2	1	1	0	0	0	0	0	Y	N	N	N	N	N	N	N	N	N	N	N	0.0000	0.0000	0.0000	0.0000	0.0000	0.0000	0.0000	0.0000	0.0000	0.0000	0.0000	0.0000	0.0000	0.0000	0.0000	0.0000	0.0000	0.0000	0.0000	0.0000	1.0000	0.0000	3.0000	1.0000	0.0000	0.0000	0.0000	0.0000	0.0000	0.0000	0.0000	0.0000	0.0000	0.0000	0.0000	0.0000	0.0000	0.0000	0.0000	0.0000	0.0000	0.0000	0.0000	0.0000	0.0000	0.0000	0.0000	0.0000	0.0000	0.0000	0.0000	0.0078	0.0049	0.0030	0.0015	0.0012	0.0003	0.0063	0.0037	0.0027	0.0000	0.0000	0.0000	0.0000	0.0000	0.0000	0.0000	0.0000	0.0000	0.0000	0.0000	0.0000	0.0000	0.0000	0.0000	0.0000	0.0000	0.0000											
44	52	0.1518	6	1	1	1	1	0	0	0	0	N	N	N	N	N	N	N	N	N	N	N	N	0.0000	0.0000	0.0000	0.0000	0.0000	0.0000	0.0000	0.0000	0.0000	0.0000	0.0000	0.0000	0.0000	0.0000	0.0000	0.0000	0.0000	0.0000	0.0000	0.0000	1.0000	0.9995	3.0000	1.0399	0.0000	0.0000	0.0000	0.0000	0.0000	0.0000	0.0000	0.0000	0.0000	0.0000	0.0000	0.0000	0.0000	0.0000	0.0000	0.0000	0.0000	0.0000	0.0136	0.0115	0.0020	0.0008	0.0007	0.0000	0.0128	0.0108	0.0020	0.0232	0.0160	0.0072	0.0053	0.0048	0.0005	0.0178	0.0111	0.0067	0.0000	0.0000	0.0000	0.0000	0.0000	0.0000	0.0000	0.0000	0.0000	0.0000	0.0000	0.0000	0.0000	0.0000	0.0000	0.0000	0.0000	0.0000											
44	53	0.1518	6	1	0	1	1	0	0	0	0	N	N	N	N	N	N	N	N	N	N	N	N	0.0000	0.0000	0.0000	0.0000	0.0000	0.0000	0.0000	0.0000	0.0000	0.0000	0.0000	0.0000	0.0000	0.0000	0.0000	0.0000	0.0000	0.0000	0.0000	0.0000	1.0000	3.0005	3.0000	1.0125	0.0000	0.0000	0.0000	0.0000	0.0000	0.0000	0.0000	0.0000	0.0000	0.0000	0.0000	0.0000	0.0000	0.0000	0.0000	0.0000	0.0000	0.0000	0.0399	0.0340	0.0059	0.0022	0.0021	0.0001	0.0377	0.0319	0.0058	0.0389	0.0254	0.0134	0.0073	0.0064	0.0009	0.0316	0.0191	0.0125	0.0000	0.0000	0.0000	0.0000	0.0000	0.0000	0.0000	0.0000	0.0000	0.0000	0.0000	0.0000	0.0000	0.0000	0.0000	0.0000	0.0000	0.0000											
44	54	0.1436	5	1	0	1	1	0	0	0	0	N	N	N	N	N	N	N	N	N	N	N	N	0.0000	0.0000	0.0000	0.0000	0.0000	0.0000	0.0000	0.0000	0.0000	0.0000	0.0000	0.0000	0.0000	0.0000	0.0000	0.0000	0.0000	0.0000	0.0000	0.0000	1.0000	0.0013	3.0000	1.9704	0.0000	0.0000	0.0000	0.0000	0.0000	0.0000	0.0000	0.0000	0.0000	0.0000	0.0000	0.0000	0.0000	0.0000	0.0000	0.0000	0.0000	0.0000	0.0000	0.0000	0.0000	0.0000	0.0000	0.0000	0.0000	0.0000	0.0000	0.0162	0.0097	0.0065	0.0015	0.0011	0.0004	0.0147	0.0085	0.0062	0.0000	0.0000	0.0000	0.0000	0.0000	0.0000	0.0000	0.0000	0.0000	0.0000	0.0000	0.0000	0.0000	0.0000	0.0000	0.0000	0.0000	0.0000											
44	55	0.1128	4	1	0	1	1	0	0	0	0	N	N	N	N	N	N	N	N	N	N	N	N	0.0000	0.0000	0.0000	0.0000	0.0000	0.0000	0.0000	0.0000	0.0000	0.0000	0.0000	0.0000	0.0000	0.0000	0.0000	0.0000	0.0000	0.0000	0.0000	0.0000	1.0000	3.0000	3.0000	4.0155	0.0000	0.0000	0.0000	0.0000	0.0000	0.0000	0.0000	0.0000	0.0000	0.0000	0.0000	0.0000	0.0000	0.0000	0.0000	0.0000	0.0000	0.0000	0.0398	0.0339	0.0059	0.0019	0.0018	0.0001	0.0379	0.0321	0.0058	0.0549	0.0328	0.0221	0.0053	0.0041	0.0012	0.0495	0.0287	0.0208	0.0000	0.0000	0.0000	0.0000	0.0000	0.0000	0.0000	0.0000	0.0000	0.0000	0.0000	0.0000	0.0000	0.0000	0.0000	0.0000	0.0000	0.0000											
44	56	0.0334	3	1	1	2	0	0	0	0	0	N	N	Y	N	N	N	N	N	N	N	N	N	0.0064	0.0045	1082.6962	1031.0351	0.0000	0.0000	0.0773	0.0911	0.0000	35.0114	35.0984	0.0000	0.0000	0.0000	0.0000	12.0238	20.0504	0.0000	0.0323	0.0340	0.0000	13.2690	25.2645	0.0000	0.0000	0.0000	-0.0010	-0.5386	1.0000	2.0013	3.0000	5.6727	0.0021	0.0021	0.0000	0.0021	0.0021	0.0000	0.0000	0.0000	0.0000	0.9975	0.9975	0.0000	0.0003	0.0003	0.0000	0.9972	0.9972	0.0000	0.0268	0.0227	0.0041	0.0001	0.0001	0.0000	0.0267	0.0227	0.0041	0.0860	0.0498	0.0362	0.0108	0.0103	0.0005	0.0752	0.0395	0.0357	0.0067	0.0045	0.0000	1082.6962	1031.0351	0.0000	0.0000	0.0000	0.0000	11.6026	20.0504	0.0000	0.0323	0.0340	0.0000	13.2690	25.2645	0.0000			
44	57	0.0297	2	1	1	1	0	0	0	0	0	N	N	N	N	N	N	N	N	N	N	N	N	149.9816	3.2379	238245.9289	5.6384	6.3886	0.0000	259.2779	0.0000	236041.4590	34.9954	1.4859	268.7815	9.8657	9.8658	0.0000	38.8081	0.0000	268.7835	0.2333	0.4589	0.0011	1.7497	1.5443	0.0002	0.1497	0.2546	0.0011	25.9269	0.0018	0.0011	-0.0030	1.0000	0.0033	3.0000	1.3874	0.0021	0.0001	0.0021	0.0001	0.0001	0.0000	0.0021	0.0000	0.0021	0.0056	0.0056	0.0000	0.0024	0.0024	0.0000	0.0032	0.0032	0.0000	0.0001	0.0001	0.0000	0.0000	0.0000	0.0000	0.0001	0.0000	0.0000	0.0298	0.0210	0.0089	0.0087	0.0086	0.0001	0.0212	0.0124	0.0088	187.4766	5.6045	238245.9289	35.5990	35.1860	0.0000	259.2779	0.0000	236041.4590	0.1867	0.2651	0.0011	0.2771	0.2804	0.0002	0.1497	0.2546	0.0011
44	59	0.0297	2	1	1	1	0	0	0	0	0	N	N	N	N	N	N	N	N	N	N	N	N	0.0002	0.0001	297.4560	286.8414	0.0000	0.0000	0.0030	0.0035	0.0000	9.9235	9.9650	0.0000	0.0000	0.0000	0.0000	17.2507	26.6018	0.0000	0.0334	0.0347	0.0000	17.6388	33.1387	0.0000	0.0000	0.0000	-0.0000	-0.5390	1.0000	1.9997	3.0000	3.4660	0.0001	0.0001	0.0000	0.0001	0.0001	0.0000	0.0000	0.0000	0.0000	0.9982	0.9982	0.0000	0.0003	0.0003	0.0000	0.9979	0.9979	0.0000	0.0267	0.0226	0.0040	0.0000	0.0000	0.0000	0.0267	0.0226	0.0040	0.0659	0.0390	0.0268	0.0093	0.0089	0.0004	0.0566	0.0301	0.0265	0.0002	0.0001	0.0000	297.4560	286.8414	0.0000	0.0000	0.0000	0.0000	15.1551	25.5714	0.0000	0.0334	0.0347	0.0000	17.6388	33.1387	0.0000			
44	61	0.1839	6	1	0	2	0	0	0	0	0	N	N	Y	N	N	N	N	N	N	N	N	N	0.0000	0.0000	0.0000	0.0000	0.0000	0.0000	0.0000	0.0000	0.0000	0.0000	0.0000	0.0000	0.0000	0.0000	0.0000	0.0000	0.0000	0.0000	0.0000	0.0000	1.0000	0.0000	3.0000	1.0000	0.0000	0.0000	0.0000	0.0000	0.0000	0.0000	0.0000	0.0000	0.0000	0.0000	0.0000	0.0000	0.0000	0.0000	0.0000	0.0000	0.0000	0.0000	0.0000	0.0000	0.0000	0.0000	0.0000	0.0000	0.0000	0.0000	0.0000	0.0075	0.0046	0.0030	0.0013	0.0009	0.0004	0.0062	0.0036	0.0026	0.0000	0.0000	0.0000	0.0000	0.0000	0.0000	0.0000	0.0000	0.0000	0.0000	0.0000	0.0000	0.0000	0.0000	0.0000	0.0000	0.0000	0.0000											
44	62	0.1796	5	1	0	1	0	0	0	0	0	N	N	N	N	N	N	N	N	N	N	N	N	0.0000	0.0000	0.0000	0.0000	0.0000	0.0000	0.0000	0.0000	0.0000	0.0000	0.0000	0.0000	0.0000	0.0061	0.0092	0.0000	0.0000	0.0000	0.0000	0.0081	0.0135	0.0000	0.0000	0.0000	-0.0000	1.0000	0.0001	3.0000	1.0076	0.0000	0.0000	0.0000	0.0000	0.0000	0.0000	0.0000	0.0000	0.0000	0.0001	0.0001	0.0000	0.0000	0.0000	0.0000	0.0001	0.0001	0.0000	0.0000	0.0000	0.0000	0.0000	0.0000	0.0000	0.0000	0.0000	0.0000	0.0098	0.0065	0.0034	0.0024	0.0020	0.0004	0.0074	0.0045	0.0030	0.0000	0.0000	0.0000	0.0000	0.0000	0.0000	0.0000	0.0000	0.0000	0.0061	0.0092	0.0000	0.0000	0.0000	0.0000	0.0081	0.0135	0.0000						
44	63	0.1128	4	1	0	1	0	0	0	0	0	N	N	N	N	N	N	N	N	N	N	N	N	0.0000	0.0000	0.0000	0.0000	0.0000	0.0000	0.0000	0.0000	0.0000	0.0000	0.0000	0.0000	0.0000	9.4529	15.2689	0.0000	0.0000	0.0000	0.0000	10.0535	17.3622	0.0000	0.0000	0.0000	-0.5399	1.0000	11.9999	3.0000	3.0574	0.0000	0.0000	0.0000	0.0000	0.0000	0.0000	0.0000	0.0000	0.0000	0.9999	0.9999	0.0000	0.0000	0.0000	0.0000	0.9999	0.9999	0.0000	0.1466	0.1255	0.0211	0.0069	0.0065	0.0004	0.1397	0.1190	0.0208	0.1098	0.0655	0.0443	0.0104	0.0079	0.0025	0.0995	0.0576	0.0419	0.0000	0.0000	0.0000	0.0000	0.0000	0.0000	0.0000	0.0000	0.0000	9.1049	15.2689	0.0000	0.0000	0.0000	0.0000	10.0535	17.3622	0.0000						
44	65	0.0564	2	1	0	1	0	0	0	0	0	N	N	N	N	N	N	N	N	N	N	N	N	inf	inf	inf	inf	0.0507	0.0000	0.3421	0.0000	0.0000	0.0000	0.0537	0.0000	0.3492	0.0000	0.0000	0.0000	0.0000	0.0000	0.0000	0.0000	0.0000	0.0000	inf	0.0007	0.0000	1.0000	2.0015	3.0000	10.0016	0.0014	0.0000	0.0014	0.0000	0.0000	0.0000	0.0014	0.0000	0.0014	0.0000	0.0000	0.0000	0.0000	0.0000	0.0000	0.0000	0.0000	0.0000	0.0270	0.0230	0.0040	0.0015	0.0014	0.0001	0.0255	0.0216	0.0039	0.0883	0.0513	0.0369	0.0026	0.0020	0.0005	0.0857	0.0493	0.0364	inf	0.0000	inf	0.0000	0.0000	0.0000	inf	0.0000	inf	0.0000	0.0000	0.0000	0.0000	0.0000	0.0000	0.0000	0.0000	0.0000						
44	67	0.2113	4	1	0	1	0	0	0	0	0	N	N	N	N	N	N	N	N	N	N	N	N	0.1747	0.0000	inf	0.0011	0.0000	inf	0.1870	0.0000	inf	0.4061	0.0000	3.0040	0.0178	0.0000	0.4835	0.4662	0.0000	3.0998	2.3243	3.8326	0.0000	16.5826	17.8561	0.0000	2.4937	4.1532	0.0000	inf	0.0000	0.0155	-0.2497	1.0000	4.8614	3.0000	14.2102	0.0289	0.0000	0.0289	0.0002	0.0000	0.0002	0.0287	0.0000	0.0287	0.4625	0.4625	0.0000	0.1117	0.1117	0.0000	0.3508	0.3508	0.0000	0.0711	0.0615	0.0096	0.0095	0.0092	0.0004	0.0616	0.0523	0.0093	0.2288	0.1604	0.0684	0.0881	0.0759	0.0122	0.1407	0.0845	0.0562	0.2009	0.0000	inf	0.0141	0.0000	inf	0.1870	0.0000	inf	2.0212	2.8834	0.0000	1.2669	1.4706	0.0000	2.4937	4.1532	0.0000
44	68	0.0485	4	2	1	2	0	0	0	0	0	Y	N	Y	N	N	N	N	N	N	N	N	N	0.0000	0.0000	0.0000	0.0000	0.0000	0.0000	0.0000	0.0000	0.0000	0.0000	0.0000	0.0000	0.0000	0.0000	0.0000	0.0000	0.0000	0.0000	0.0000	0.0000	1.0000	0.0000	3.0000	0.0000	0.0000	0.0000	0.0000	0.0000	0.0000	0.0000	0.0000	0.0000	0.0000	0.0000	0.0000	0.0000	0.0000	0.0000	0.0000	0.0000	0.0000	0.0000	0.0000	0.0000	0.0000	0.0000	0.0000	0.0000	0.0000	0.0000	0.0000	0.0000	0.0000	0.0000	0.0000	0.0000	0.0000	0.0000	0.0000	0.0000	0.0000	0.0000	0.0000	0.0000	0.0000	0.0000	0.0000	0.0000	0.0000	0.0000	0.0000	0.0000	0.0000	0.0000	0.0000	0.0000	0.0000	0.0000											
44	69	0.0443	3	2	0	2	0	0	0	0	0	Y	N	Y	N	N	N	N	N	N	N	N	N	inf	inf	inf	inf	12.2485	13.9344	0.0000	34.7408	34.7409	0.0000	0.0000	0.0000	0.0000	0.0000	0.0000	0.0000	0.0000	0.0000	0.0000	0.0000	0.0000	0.0000	0.0000	-0.0004	0.0000	1.0000	0.0016	3.0000	0.9826	0.0009	0.0009	0.0000	0.0009	0.0009	0.0000	0.0000	0.0000	0.0000	0.0000	0.0000	0.0000	0.0000	0.0000	0.0000	0.0000	0.0000	0.0000	0.0001	0.0001	0.0000	0.0000	0.0000	0.0000	0.0000	0.0000	0.0000	0.0102	0.0053	0.0049	0.0010	0.0009	0.0001	0.0093	0.0045	0.0048	inf	inf	0.0000	inf	inf	0.0000	0.0000	0.0000	0.0000	0.0000	0.0000	0.0000	0.0000	0.0000	0.0000	0.0000	0.0000	0.0000						
44	70	0.0316	2	2	0	2	0	0	0	0	0	Y	N	Y	N	N	N	N	N	N	N	N	N	13653.2421	87.1578	inf	35.5806	32.6562	inf	inf	4.4130	0.0537	37.3905	0.1558	0.1558	0.0000	6.2754	0.0000	37.3933	0.0003	0.0006	0.0000	0.0044	0.0048	0.0000	0.0000	0.0000	0.0000	92.0847	0.0000	0.0005	-0.0000	1.0000	0.0061	3.0000	3.0249	0.0009	0.0000	0.0009	0.0000	0.0000	0.0000	0.0009	0.0000	0.0009	0.0000	0.0000	0.0000	0.0000	0.0000	0.0000	0.0000	0.0000	0.0000	0.0002	0.0002	0.0000	0.0001	0.0001	0.0000	0.0001	0.0001	0.0000	0.0309	0.0162	0.0147	0.0023	0.0021	0.0002	0.0287	0.0141	0.0145	13653.2421	87.1578	inf	35.5806	32.6562	0.0000	inf	0.0000	inf	0.0003	0.0006	0.0000	0.0044	0.0048	0.0000	0.0000	0.0000	0.0000		
44	72	0.0564	2	1	1	1	0	0	0	0	0	N	N	N	N	N	N	N	N	N	N	N	N	inf	inf	inf	inf	12.8231	15.0205	0.0000	235.9259	249.4749	0.0000	0.0000	0.0000	0.0000	0.0000	0.0000	0.0000	0.0000	0.0000	0.0000	0.0000	0.0000	0.0000	0.0000	-0.4611	0.0000	1.0000	5.9987	3.0000	11.0016	0.9986	0.9986	0.0000	0.9986	0.9986	0.0000	0.0000	0.0000	0.0000	0.0000	0.0000	0.0000	0.0000	0.0000	0.0000	0.0000	0.0000	0.0000	0.0779	0.0665	0.0114	0.0042	0.0040	0.0002	0.0736	0.0625	0.0112	0.1205	0.0701	0.0504	0.0036	0.0028	0.0007	0.1169	0.0673	0.0496	inf	inf	0.0000	inf	inf	0.0000	0.0000	0.0000	0.0000	0.0000	0.0000	0.0000	0.0000	0.0000	0.0000	0.0000	0.0000	0.0000						
44	74	0.0982	4	1	1	1	0	0	0	0	0	N	N	N	N	N	N	N	N	N	N	N	N	268.2121	0.0000	inf	0.2864	0.0000	inf	inf	inf	0.5949	0.0000	4.0980	0.0055	0.0000	0.1314	0.6368	0.0000	4.1756	0.0022	0.0036	0.0000	0.0192	0.0227	0.0000	0.0000	0.0000	0.0000	inf	0.0000	0.0263	-0.0002	1.0000	6.1274	3.0000	13.6208	0.0488	0.0000	0.0488	0.0000	0.0000	0.0000	0.0487	0.0000	0.0487	0.0003	0.0003	0.0000	0.0003	0.0003	0.0000	0.0000	0.0000	0.0000	0.0820	0.0701	0.0119	0.0054	0.0052	0.0002	0.0765	0.0649	0.0117	0.1488	0.0917	0.0571	0.0172	0.0145	0.0026	0.1316	0.0772	0.0544	268.2121	0.0000	inf	0.2864	0.0000	inf	inf	0.0000	inf	0.0022	0.0036	0.0000	0.0192	0.0227	0.0000	0.0000	0.0000	0.0000	
44	75	0.1227	7	1	0	2	0	0	0	0	0	N	N	Y	N	N	N	N	N	N	N	N	N	0.0000	0.0000	0.0000	0.0000	0.0000	0.0000	0.0000	0.0000	0.0000	0.0000	0.0000	0.0000	0.0000	0.0000	0.0000	0.0000	0.0000	0.0000	0.0000	0.0000	1.0000	0.0000	3.0000	1.0003	0.0000	0.0000	0.0000	0.0000	0.0000	0.0000	0.0000	0.0000	0.0000	0.0000	0.0000	0.0000	0.0000	0.0000	0.0000	0.0000	0.0000	0.0000	0.0000	0.0000	0.0000	0.0000	0.0000	0.0000	0.0000	0.0000	0.0000	0.0095	0.0050	0.0045	0.0008	0.0007	0.0002	0.0087	0.0043	0.0044	0.0000	0.0000	0.0000	0.0000	0.0000	0.0000	0.0000	0.0000	0.0000	0.0000	0.0000	0.0000	0.0000	0.0000	0.0000	0.0000	0.0000	0.0000											
44	76	0.1186	6	1	0	2	0	0	0	0	0	N	N	Y	N	N	N	N	N	N	N	N	N	0.0000	0.0000	0.0000	0.0000	0.0000	0.0000	0.0000	0.0000	0.0000	0.0000	0.0000	0.0000	0.0000	0.0000	0.0000	0.0000	0.0000	0.0000	0.0000	0.0000	1.0000	0.0000	3.0000	1.0076	0.0000	0.0000	0.0000	0.0000	0.0000	0.0000	0.0000	0.0000	0.0000	0.0000	0.0000	0.0000	0.0000	0.0000	0.0000	0.0000	0.0000	0.0000	0.0000	0.0000	0.0000	0.0000	0.0000	0.0000	0.0000	0.0000	0.0000	0.0095	0.0049	0.0045	0.0007	0.0006	0.0001	0.0088	0.0044	0.0044	0.0000	0.0000	0.0000	0.0000	0.0000	0.0000	0.0000	0.0000	0.0000	0.0000	0.0000	0.0000	0.0000	0.0000	0.0000	0.0000	0.0000	0.0000											
44	77	0.1145	5	1	0	1	0	0	0	0	0	N	N	N	N	N	N	N	N	N	N	N	N	inf	inf	inf	inf	7.5202	8.3761	0.0000	22.1311	22.1792	0.0000	0.0000	0.0000	0.0000	0.0000	0.0000	0.0000	0.0000	0.0000	0.0000	0.0000	0.0000	0.0000	0.0000	-0.0004	0.0000	1.0000	0.0026	3.0000	0.9924	0.0008	0.0008	0.0000	0.0008	0.0008	0.0000	0.0000	0.0000	0.0000	0.0000	0.0000	0.0000	0.0000	0.0000	0.0000	0.0000	0.0000	0.0000	0.0001	0.0001	0.0000	0.0000	0.0000	0.0000	0.0001	0.0001	0.0000	0.0094	0.0049	0.0045	0.0007	0.0006	0.0001	0.0086	0.0043	0.0043	inf	inf	0.0000	inf	inf	0.0000	0.0000	0.0000	0.0000	0.0000	0.0000	0.0000	0.0000	0.0000	0.0000	0.0000	0.0000	0.0000						
44	78	0.0982	4	1	0	1	0	0	0	0	0	N	N	N	N	N	N	N	N	N	N	N	N	3203.8737	2449.7771	inf	7138.3401	6805.8123	inf	inf	inf	23.0782	27.0002	0.0065	277.2268	286.6309	0.0002	0.0010	0.0000	0.0066	0.0072	0.0110	0.0000	0.0388	0.0421	0.0000	0.0000	0.0000	0.0000	0.0000	0.0000	-0.4389	-0.0002	1.0000	2.8733	3.0000	1.5522	0.9505	0.9505	0.0000	0.9505	0.9505	0.0000	0.0000	0.0000	0.0000	0.0003	0.0003	0.0000	0.0003	0.0003	0.0000	0.0000	0.0000	0.0000	0.0412	0.0352	0.0060	0.0034	0.0033	0.0001	0.0378	0.0319	0.0059	0.0458	0.0299	0.0159	0.0085	0.0078	0.0007	0.0373	0.0221	0.0152	3203.8737	2449.7771	inf	7138.3401	6805.8123	inf	inf	0.0000	inf	0.0072	0.0110	0.0000	0.0388	0.0421	0.0000	0.0000	0.0000	0.0000	
44	79	0.0860	3	1	0	1	0	0	0	0	0	N	N	N	N	N	N	N	N	N	N	N	N	211.5105	121.3336	23811.0364	32.6045	33.7781	0.0000	610.5882	0.0148	23701.6431	14.5219	11.9915	30.8184	46.9197	47.3272	0.0000	5.3189	0.0002	31.2614	0.0687	0.0988	0.0013	1.4391	1.4011	0.0001	0.0087	0.0136	0.0013	0.3991	0.0059	-0.0118	-0.0018	1.0000	0.2102	3.0000	3.4985	0.0669	0.0478	0.0191	0.0478	0.0478	0.0000	0.0191	0.0000	0.0191	0.0034	0.0034	0.0000	0.0031	0.0031	0.0000	0.0003	0.0003	0.0000	0.0046	0.0040	0.0006	0.0010	0.0010	0.0000	0.0036	0.0030	0.0006	0.0499	0.0345	0.0155	0.0121	0.0118	0.0003	0.0378	0.0227	0.0151	211.5105	121.3336	23811.0364	183.4989	180.3769	0.0000	610.5882	0.0148	23701.6431	0.0687	0.0988	0.0013	0.2557	0.2624	0.0001	0.0087	0.0136	0.0013
44	80	0.1171	5	1	1	1	0	0	0	0	0	N	N	N	N	N	N	N	N	N	N	N	N	0.0000	0.0000	0.0000	0.0000	0.0000	0.0000	0.0000	0.0000	0.0000	0.0000	0.0000	0.0000	0.0000	0.0000	0.0000	18.2849	27.0125	0.0000	0.0459	0.0563	0.0000	18.6454	32.1056	0.0000	0.0000	0.0000	-0.5735	1.0000	2.0196	3.0000	6.0690	0.0000	0.0000	0.0000	0.0000	0.0000	0.0000	0.0000	0.0000	0.0000	1.0622	1.0622	0.0000	0.0004	0.0004	0.0000	1.0618	1.0618	0.0000	0.0276	0.0235	0.0041	0.0021	0.0019	0.0001	0.0255	0.0216	0.0039	0.0648	0.0395	0.0253	0.0078	0.0064	0.0014	0.0569	0.0331	0.0239	0.0000	0.0000	0.0000	0.0000	0.0000	0.0000	0.0000	0.0000	0.0000	16.3949	26.9161	0.0000	0.0459	0.0563	0.0000	18.6454	32.1056	0.0000				
44	81	0.1089	4	1	0	1	0	0	0	0	0	N	N	N	N	N	N	N	N	N	N	N	N	0.0000	0.0000	0.0000	0.0000	0.0000	0.0000	0.0000	0.0000	0.0000	0.0000	0.0000	0.0000	0.0000	0.0000	0.0000	0.0000	0.0000	0.0000	58.1866	96.6196	0.0125	3.0054	5.0447	0.0012	64.5221	110.7529	0.0132	0.0001	0.0000	-0.5034	1.0000	0.9876	3.0000	0.9833	0.0000	0.0000	0.0000	0.0000	0.0000	0.0000	0.0000	0.0000	0.0000	0.9325	0.9324	0.0001	0.0007	0.0007	0.0000	0.9318	0.9317	0.0001	0.0133	0.0114	0.0020	0.0008	0.0007	0.0000	0.0126	0.0106	0.0019	0.0160	0.0097	0.0064	0.0016	0.0012	0.0003	0.0144	0.0084	0.0060	0.0000	0.0000	0.0000	0.0000	0.0000	0.0000	0.0000	0.0000	0.0000	58.1866	96.6196	0.0125	0.4270	0.5462	0.0012	64.5221	110.7529	0.0132	
44	82	0.0429	2	2	0	2	0	0	0	0	0	Y	N	Y	N	N	N	N	N	N	N	N	N	inf	inf	inf	inf	inf	inf	73.7572	86.7396	0.0000	1713.4297	1798.3341	0.0000	0.0208	0.0246	0.0000	0.0000	0.0000	0.0000	0.0000	0.0000	0.0000	0.0000	0.0000	0.0000	0.0000	-0.4617	0.0000	1.0000	1.0000	3.0000	2.9874	1.0000	1.0000	0.0000	0.9997	0.9997	0.0000	0.0003	0.0003	0.0000	0.0000	0.0000	0.0000	0.0000	0.0000	0.0000	0.0000	0.0000	0.0000	0.0136	0.0115	0.0020	0.0006	0.0006	0.0000	0.0130	0.0110	0.0020	0.0329	0.0195	0.0134	0.0021	0.0018	0.0003	0.0308	0.0177	0.0131	inf	inf	0.0000	inf	inf	0.0000	inf	inf	0.0000	0.0000	0.0000	0.0000	0.0000	0.0000	0.0000	0.0000	0.0000	0.0000				
44	84	0.0564	2	1	1	1	1	0	0	0	0	N	N	N	N	N	N	N	N	N	N	N	N	inf	inf	inf	inf	0.0134	0.0000	0.0925	0.0000	0.0000	0.0000	0.0142	0.0000	0.0943	0.0000	0.0000	0.0000	0.0000	0.0000	0.0000	0.0000	0.0000	0.0000	inf	0.0007	0.0000	1.0000	8.0013	3.0000	12.0015	0.0014	0.0000	0.0014	0.0000	0.0000	0.0000	0.0014	0.0000	0.0014	0.0000	0.0000	0.0000	0.0000	0.0000	0.0000	0.0000	0.0000	0.0000	0.1019	0.0871	0.0148	0.0055	0.0052	0.0003	0.0964	0.0819	0.0145	0.1388	0.0808	0.0580	0.0041	0.0033	0.0009	0.1346	0.0775	0.0571	inf	0.0000	inf	0.0000	0.0000	0.0000	inf	0.0000	inf	0.0000	0.0000	0.0000	0.0000	0.0000	0.0000	0.0000	0.0000	0.0000						
44	85	0.1128	4	1	1	1	0	0	0	0	0	N	N	N	N	N	N	N	N	N	N	N	N	0.0000	0.0000	0.0000	0.0000	0.0000	0.0000	0.0000	0.0000	0.0000	0.0000	0.0000	0.0000	0.0000	0.0000	0.0000	0.0000	0.0000	0.0000	0.0000	0.0000	1.0000	1.0000	3.0000	6.9850	0.0000	0.0000	0.0000	0.0000	0.0000	0.0000	0.0000	0.0000	0.0000	0.0000	0.0000	0.0000	0.0000	0.0000	0.0000	0.0000	0.0000	0.0000	0.0135	0.0115	0.0020	0.0007	0.0006	0.0000	0.0129	0.0109	0.0020	0.0619	0.0370	0.0249	0.0060	0.0046	0.0014	0.0559	0.0324	0.0235	0.0000	0.0000	0.0000	0.0000	0.0000	0.0000	0.0000	0.0000	0.0000	0.0000	0.0000	0.0000	0.0000	0.0000	0.0000	0.0000	0.0000	0.0000											
44	86	0.1001	3	1	0	1	0	0	0	0	0	N	N	N	N	N	N	N	N	N	N	N	N	0.0000	0.0000	0.0000	0.0000	0.0000	0.0000	0.0000	0.0000	0.0000	0.0000	0.0000	0.0000	0.0000	0.0152	0.0257	0.0000	0.4057	0.6297	0.0000	0.0000	0.0000	0.0000	0.0000	0.0000	-0.0002	1.0000	1.0086	3.0000	2.0000	0.0000	0.0000	0.0000	0.0000	0.0000	0.0000	0.0000	0.0000	0.0000	0.0004	0.0004	0.0000	0.0004	0.0004	0.0000	0.0000	0.0000	0.0000	0.0138	0.0117	0.0020	0.0007	0.0007	0.0000	0.0131	0.0111	0.0020	0.0243	0.0144	0.0099	0.0023	0.0018	0.0005	0.0220	0.0126	0.0094	0.0000	0.0000	0.0000	0.0000	0.0000	0.0000	0.0000	0.0000	0.0000	0.0152	0.0257	0.0000	0.1603	0.2077	0.0000	0.0000	0.0000	0.0000						
44	89	0.1174	5	1	1	1	0	0	0	0	0	N	N	N	N	N	N	N	N	N	N	N	N	0.0000	0.0000	0.0000	0.0000	0.0000	0.0000	0.0000	0.0000	0.0000	0.0000	0.0000	0.0000	0.0000	0.0077	0.0127	0.0000	0.0591	0.0813	0.0000	0.0000	0.0000	0.0000	0.0000	0.0000	-0.0003	1.0000	0.0157	3.0000	9.0253	0.0000	0.0000	0.0000	0.0000	0.0000	0.0000	0.0000	0.0000	0.0000	0.0005	0.0005	0.0000	0.0005	0.0005	0.0000	0.0000	0.0000	0.0000	0.0008	0.0007	0.0001	0.0003	0.0003	0.0000	0.0005	0.0004	0.0001	0.0705	0.0426	0.0279	0.0091	0.0069	0.0022	0.0613	0.0356	0.0257	0.0000	0.0000	0.0000	0.0000	0.0000	0.0000	0.0000	0.0000	0.0000	0.0077	0.0127	0.0000	0.0591	0.0778	0.0000	0.0000	0.0000	0.0000						
44	90	0.1089	4	1	1	1	0	0	0	0	0	N	N	N	N	N	N	N	N	N	N	N	N	0.0000	0.0000	0.0000	0.0000	0.0000	0.0000	0.0000	0.0000	0.0000	0.0000	0.0000	0.0000	0.0000	0.0000	0.0000	0.0000	0.0000	0.0000	0.8407	1.7797	0.0015	119.2907	144.7510	0.0002	0.0363	0.0612	0.0016	0.0013	0.0000	-0.0041	1.0000	0.0169	3.0000	2.0013	0.0000	0.0000	0.0000	0.0000	0.0000	0.0000	0.0000	0.0000	0.0000	0.0075	0.0075	0.0000	0.0070	0.0070	0.0000	0.0005	0.0005	0.0000	0.0003	0.0002	0.0000	0.0000	0.0000	0.0000	0.0002	0.0002	0.0000	0.0164	0.0099	0.0065	0.0016	0.0013	0.0004	0.0148	0.0086	0.0062	0.0000	0.0000	0.0000	0.0000	0.0000	0.0000	0.0000	0.0000	0.0000	0.4589	0.7613	0.0015	4.3233	5.5390	0.0002	0.0363	0.0612	0.0016	
44	91	0.1001	3	1	0	1	0	0	0	0	0	N	N	N	N	N	N	N	N	N	N	N	N	0.0000	0.0000	0.0000	0.0000	0.0000	0.0000	0.0000	0.0000	0.0000	0.0000	0.0000	0.0000	0.0000	0.0000	0.0000	0.0000	0.0000	0.0000	0.7283	1.6266	0.0029	1.0778	1.5744	0.0000	0.4624	0.8054	0.0031	0.0027	0.0000	-0.0040	1.0000	1.9923	3.0000	0.0454	0.0000	0.0000	0.0000	0.0000	0.0000	0.0000	0.0000	0.0000	0.0000	0.0074	0.0073	0.0000	0.0004	0.0004	0.0000	0.0070	0.0070	0.0000	0.0268	0.0229	0.0040	0.0013	0.0013	0.0001	0.0255	0.0216	0.0039	0.0168	0.0099	0.0068	0.0017	0.0013	0.0004	0.0151	0.0087	0.0065	0.0000	0.0000	0.0000	0.0000	0.0000	0.0000	0.0000	0.0000	0.0000	0.4387	0.7373	0.0029	0.2220	0.2834	0.0000	0.4624	0.8054	0.0031	
44	92	0.0564	2	1	0	1	0	0	0	0	0	N	N	N	N	N	N	N	N	N	N	N	N	20.0803	0.0000	2092.0663	20.6755	0.0000	2104.5774	0.0993	0.0000	0.6684	0.0000	0.0000	0.0000	0.1053	0.0000	0.6823	0.0049	0.0083	0.0003	0.0000	0.0000	0.0000	0.0051	0.0086	0.0003	inf	0.0278	0.0007	-0.0002	1.0000	1.0098	3.0000	9.0196	0.0014	0.0000	0.0014	0.0000	0.0000	0.0000	0.0014	0.0000	0.0014	0.0004	0.0004	0.0000	0.0000	0.0000	0.0000	0.0004	0.0004	0.0000	0.0138	0.0117	0.0020	0.0008	0.0007	0.0000	0.0130	0.0110	0.0020	0.0748	0.0435	0.0313	0.0022	0.0017	0.0005	0.0727	0.0418	0.0308	20.0803	0.0000	2092.0663	0.0000	0.0000	0.0000	20.6755	0.0000	2104.5774	0.0049	0.0083	0.0003	0.0000	0.0000	0.0000	0.0051	0.0086	0.0003			
44	93	0.1531	7	2	1	1	1	0	0	0	0	Y	N	N	N	N	N	N	N	N	N	N	N	0.0000	0.0000	0.0000	0.0000	0.0000	0.0000	0.0000	0.0000	0.0000	0.0000	0.0000	0.0000	0.0000	0.0000	0.0000	0.0000	0.0000	0.0000	0.0000	0.0000	1.0000	0.0000	3.0000	0.0000	0.0000	0.0000	0.0000	0.0000	0.0000	0.0000	0.0000	0.0000	0.0000	0.0000	0.0000	0.0000	0.0000	0.0000	0.0000	0.0000	0.0000	0.0000	0.0000	0.0000	0.0000	0.0000	0.0000	0.0000	0.0000	0.0000	0.0000	0.0000	0.0000	0.0000	0.0000	0.0000	0.0000	0.0000	0.0000	0.0000	0.0000	0.0000	0.0000	0.0000	0.0000	0.0000	0.0000	0.0000	0.0000	0.0000	0.0000	0.0000	0.0000	0.0000	0.0000	0.0000	0.0000	0.0000											
44	94	0.1531	6	2	1	1	1	0	0	0	0	Y	N	N	N	N	N	N	N	N	N	N	N	0.0000	0.0000	0.0000	0.0000	0.0000	0.0000	0.0000	0.0000	0.0000	0.0000	0.0000	0.0000	0.0000	0.0000	0.0000	0.0000	0.0000	0.0000	0.0000	0.0000	1.0000	0.0000	3.0000	0.0001	0.0000	0.0000	0.0000	0.0000	0.0000	0.0000	0.0000	0.0000	0.0000	0.0000	0.0000	0.0000	0.0000	0.0000	0.0000	0.0000	0.0000	0.0000	0.0000	0.0000	0.0000	0.0000	0.0000	0.0000	0.0000	0.0000	0.0000	0.0000	0.0000	0.0000	0.0000	0.0000	0.0000	0.0000	0.0000	0.0000	0.0000	0.0000	0.0000	0.0000	0.0000	0.0000	0.0000	0.0000	0.0000	0.0000	0.0000	0.0000	0.0000	0.0000	0.0000	0.0000	0.0000	0.0000											
44	95	0.1352	5	1	1	1	1	0	0	0	0	N	N	N	N	N	N	N	N	N	N	N	N	inf	inf	inf	inf	70.8069	82.8000	0.0000	646.2315	676.3140	0.0000	0.0000	0.0000	0.0000	0.0000	0.0000	0.0000	0.0000	0.0000	0.0000	0.0000	0.0000	0.0000	0.0000	-0.4538	0.0000	1.0000	0.9845	3.0000	0.9903	0.9829	0.9829	0.0000	0.9829	0.9829	0.0000	0.0000	0.0000	0.0000	0.0000	0.0000	0.0000	0.0000	0.0000	0.0000	0.0000	0.0000	0.0000	0.0139	0.0119	0.0020	0.0015	0.0015	0.0001	0.0124	0.0104	0.0019	0.0165	0.0101	0.0065	0.0017	0.0015	0.0002	0.0149	0.0086	0.0063	inf	inf	0.0000	inf	inf	0.0000	0.0000	0.0000	0.0000	0.0000	0.0000	0.0000	0.0000	0.0000	0.0000	0.0000	0.0000	0.0000						
44	96	0.1323	5	1	1	1	0	0	0	0	0	N	N	N	N	N	N	N	N	N	N	N	N	55.8565	0.0000	inf	42.9116	0.0000	inf	0.0094	0.0000	0.0634	0.0000	0.0000	0.0000	0.0101	0.0000	0.0653	0.0002	0.0003	0.0000	0.0000	0.0000	0.0000	0.0002	0.0004	0.0000	inf	0.0000	0.0001	-0.0000	1.0000	1.0063	3.0000	3.7812	0.0001	0.0000	0.0001	0.0000	0.0000	0.0000	0.0001	0.0000	0.0001	0.0000	0.0000	0.0000	0.0000	0.0000	0.0000	0.0000	0.0000	0.0000	0.0139	0.0119	0.0020	0.0011	0.0010	0.0001	0.0128	0.0109	0.0020	0.0597	0.0389	0.0208	0.0173	0.0151	0.0022	0.0424	0.0238	0.0186	55.8565	0.0000	inf	0.0000	0.0000	0.0000	42.9116	0.0000	inf	0.0002	0.0003	0.0000	0.0000	0.0000	0.0000	0.0002	0.0004	0.0000			
44	97	0.1352	5	1	0	2	1	0	0	0	0	N	N	Y	N	N	N	N	N	N	N	N	N	inf	inf	inf	inf	1.1970	0.0000	8.2612	0.0000	0.0000	0.0000	1.3432	0.0000	8.5493	0.0000	0.0000	0.0000	0.0000	0.0000	0.0000	0.0000	0.0000	0.0000	inf	0.0092	0.0000	1.0000	1.0165	3.0000	1.0129	0.0171	0.0000	0.0171	0.0000	0.0000	0.0000	0.0171	0.0000	0.0171	0.0000	0.0000	0.0000	0.0000	0.0000	0.0000	0.0000	0.0000	0.0000	0.0143	0.0122	0.0021	0.0016	0.0015	0.0001	0.0127	0.0107	0.0020	0.0169	0.0103	0.0066	0.0017	0.0015	0.0002	0.0152	0.0088	0.0064	inf	0.0000	inf	0.0000	0.0000	0.0000	inf	0.0000	inf	0.0000	0.0000	0.0000	0.0000	0.0000	0.0000	0.0000	0.0000	0.0000						
44	98	0.1223	4	1	0	1	1	0	0	0	0	N	N	N	N	N	N	N	N	N	N	N	N	inf	inf	inf	inf	inf	inf	inf	0.8484	0.7186	1.6055	7.7983	8.2459	0.0000	0.2551	0.0000	1.6538	0.0000	0.0000	0.0000	0.0000	0.0000	0.0000	0.0000	0.0000	0.0000	0.3832	-0.0043	0.0000	1.0000	2.0241	3.0000	1.0265	0.0235	0.0170	0.0065	0.0170	0.0170	0.0000	0.0065	0.0000	0.0065	0.0000	0.0000	0.0000	0.0000	0.0000	0.0000	0.0000	0.0000	0.0000	0.0277	0.0237	0.0041	0.0022	0.0021	0.0001	0.0255	0.0216	0.0039	0.0242	0.0145	0.0097	0.0027	0.0021	0.0005	0.0215	0.0124	0.0092	inf	inf	inf	inf	inf	0.0000	inf	0.0000	inf	0.0000	0.0000	0.0000	0.0000	0.0000	0.0000	0.0000	0.0000	0.0000			
44	99	0.1223	4	1	0	2	1	0	0	0	0	N	N	Y	N	N	N	N	N	N	N	N	N	inf	inf	inf	inf	0.1631	0.0000	1.1166	0.0000	0.0000	0.0000	0.1767	0.0000	1.1502	0.0000	0.0000	0.0000	0.0000	0.0000	0.0000	0.0000	0.0000	0.0000	inf	0.0036	0.0000	1.0000	3.0066	3.0000	0.0000	0.0066	0.0000	0.0066	0.0000	0.0000	0.0000	0.0066	0.0000	0.0066	0.0000	0.0000	0.0000	0.0000	0.0000	0.0000	0.0000	0.0000	0.0000	0.0407	0.0347	0.0059	0.0031	0.0030	0.0002	0.0375	0.0318	0.0058	0.0239	0.0143	0.0096	0.0026	0.0021	0.0005	0.0212	0.0122	0.0090	inf	0.0000	inf	0.0000	0.0000	0.0000	inf	0.0000	inf	0.0000	0.0000	0.0000	0.0000	0.0000	0.0000	0.0000	0.0000	0.0000						
44	100	0.1480	4	1	0	2	1	0	0	0	0	N	N	Y	N	N	N	N	N	N	N	N	N	0.0000	0.0000	0.0000	0.0000	0.0000	0.0000	0.0000	0.0000	0.0000	0.0000	0.0000	0.0000	0.0000	0.0000	0.0000	0.0000	0.0000	0.0000	0.0000	0.0000	1.0000	0.0000	3.0000	2.0000	0.0000	0.0000	0.0000	0.0000	0.0000	0.0000	0.0000	0.0000	0.0000	0.0000	0.0000	0.0000	0.0000	0.0000	0.0000	0.0000	0.0000	0.0000	0.0000	0.0000	0.0000	0.0000	0.0000	0.0000	0.0000	0.0000	0.0000	0.0154	0.0091	0.0063	0.0018	0.0014	0.0004	0.0136	0.0077	0.0059	0.0000	0.0000	0.0000	0.0000	0.0000	0.0000	0.0000	0.0000	0.0000	0.0000	0.0000	0.0000	0.0000	0.0000	0.0000	0.0000	0.0000	0.0000											
44	101	0.1089	3	1	0	2	1	0	0	0	0	N	N	Y	N	N	N	N	N	N	N	N	N	0.0058	0.0000	inf	0.0000	0.0000	0.4542	0.0000	inf	0.0121	0.0000	0.0836	0.0000	0.0000	0.0000	0.0134	0.0000	0.0876	2.0920	3.5697	0.0000	311.1794	341.4679	0.0000	0.0295	0.0522	0.0000	inf	0.0000	0.0005	-0.0631	1.0000	5.8899	3.0000	3.1847	0.0010	0.0000	0.0010	0.0000	0.0000	0.0000	0.0010	0.0000	0.0010	0.1168	0.1168	0.0000	0.1149	0.1149	0.0000	0.0019	0.0019	0.0000	0.0800	0.0684	0.0116	0.0076	0.0071	0.0005	0.0724	0.0613	0.0111	0.0736	0.0442	0.0294	0.0092	0.0078	0.0014	0.0644	0.0364	0.0280	0.0076	0.0000	inf	0.0000	0.0000	0.0000	0.4542	0.0000	inf	1.5880	2.6448	0.0000	12.4988	14.8050	0.0000	0.0295	0.0522	0.0000	
44	102	0.1557	3	2	1	1	0	0	0	0	0	Y	N	N	N	N	N	N	N	N	N	N	N	0.0000	0.0000	0.0000	0.0000	0.0000	0.0000	0.0000	0.0000	0.0000	0.0000	0.0000	0.0000	0.0000	0.0000	0.0000	0.0000	0.0000	0.0000	0.0000	0.0000	1.0000	0.0000	3.0000	0.0000	0.0000	0.0000	0.0000	0.0000	0.0000	0.0000	0.0000	0.0000	0.0000	0.0000	0.0000	0.0000	0.0000	0.0000	0.0000	0.0000	0.0000	0.0000	0.0000	0.0000	0.0000	0.0000	0.0000	0.0000	0.0000	0.0000	0.0000	0.0000	0.0000	0.0000	0.0000	0.0000	0.0000	0.0000	0.0000	0.0000	0.0000	0.0000	0.0000	0.0000	0.0000	0.0000	0.0000	0.0000	0.0000	0.0000	0.0000	0.0000	0.0000	0.0000	0.0000	0.0000	0.0000	0.0000											
44	103	0.0564	2	2	1	1	0	0	0	0	0	Y	N	N	N	N	N	N	N	N	N	N	N	0.0020	0.0000	inf	0.0021	0.0000	inf	0.0134	0.0000	0.0925	0.0000	0.0000	0.0000	0.0142	0.0000	0.0943	6.6462	12.7266	0.0000	0.0000	0.0000	0.0000	6.8512	11.8964	0.0000	inf	0.0000	0.0007	-0.5399	1.0000	8.0012	3.0000	14.0016	0.0014	0.0000	0.0014	0.0000	0.0000	0.0000	0.0014	0.0000	0.0014	1.0000	1.0000	0.0000	0.0000	0.0000	0.0000	1.0000	1.0000	0.0000	0.1019	0.0871	0.0148	0.0055	0.0052	0.0003	0.0964	0.0819	0.0145	0.1505	0.0876	0.0628	0.0045	0.0036	0.0009	0.1460	0.0841	0.0619	0.0020	0.0000	inf	0.0000	0.0000	0.0000	0.0021	0.0000	inf	6.6462	11.4139	0.0000	0.0000	0.0000	0.0000	6.8512	11.8964	0.0000			
44	104	0.1194	3	1	1	1	0	0	0	0	0	N	N	N	N	N	N	N	N	N	N	N	N	0.0000	0.0000	0.0000	0.0000	0.0000	0.0000	0.0000	0.0000	0.0000	0.0000	0.0000	0.0000	0.0000	0.0000	0.0000	0.0257	0.0423	0.0000	0.0383	0.0499	0.0000	0.0224	0.0396	0.0000	0.0000	0.0000	-0.0004	1.0000	2.0010	3.0000	1.0153	0.0000	0.0000	0.0000	0.0000	0.0000	0.0000	0.0000	0.0000	0.0000	0.0006	0.0006	0.0000	0.0002	0.0002	0.0000	0.0004	0.0004	0.0000	0.0268	0.0228	0.0040	0.0015	0.0014	0.0001	0.0253	0.0215	0.0039	0.0253	0.0154	0.0099	0.0052	0.0040	0.0012	0.0200	0.0114	0.0087	0.0000	0.0000	0.0000	0.0000	0.0000	0.0000	0.0000	0.0000	0.0000	0.0257	0.0423	0.0000	0.0383	0.0499	0.0000	0.0224	0.0396	0.0000				
44	105	0.0564	2	1	1	1	0	0	0	0	0	N	N	N	N	N	N	N	N	N	N	N	N	0.0035	0.0000	163.2999	0.0036	0.0000	164.2335	0.0340	0.0000	0.2301	0.0000	0.0000	0.0000	0.0360	0.0000	0.2349	9.8169	16.8699	0.0014	0.0000	0.0000	0.0000	10.1130	17.5683	0.0014	inf	0.0001	0.0007	-0.5397	1.0000	3.0162	3.0000	11.0438	0.0014	0.0000	0.0014	0.0000	0.0000	0.0000	0.0014	0.0000	0.0014	0.9996	0.9995	0.0001	0.0000	0.0000	0.0000	0.9996	0.9995	0.0001	0.0403	0.0344	0.0060	0.0022	0.0021	0.0001	0.0381	0.0322	0.0058	0.1018	0.0592	0.0426	0.0030	0.0024	0.0006	0.0988	0.0569	0.0419	0.0035	0.0000	163.2999	0.0000	0.0000	0.0000	0.0036	0.0000	164.2335	9.8169	16.8699	0.0014	0.0000	0.0000	0.0000	10.1130	17.5683	0.0014			
44	106	0.1573	7	2	1	1	0	0	0	0	0	Y	N	N	N	N	N	N	N	N	N	N	N	0.0000	0.0000	0.0000	0.0000	0.0000	0.0000	0.0000	0.0000	0.0000	0.0000	0.0000	0.0000	0.0000	0.0000	0.0000	0.0000	0.0000	0.0000	0.0000	0.0000	1.0000	1.0000	3.0000	1.0000	0.0000	0.0000	0.0000	0.0000	0.0000	0.0000	0.0000	0.0000	0.0000	0.0000	0.0000	0.0000	0.0000	0.0000	0.0000	0.0000	0.0000	0.0000	0.0137	0.0117	0.0020	0.0010	0.0009	0.0001	0.0127	0.0107	0.0020	0.0165	0.0105	0.0060	0.0052	0.0041	0.0010	0.0113	0.0064	0.0050	0.0000	0.0000	0.0000	0.0000	0.0000	0.0000	0.0000	0.0000	0.0000	0.0000	0.0000	0.0000	0.0000	0.0000	0.0000	0.0000	0.0000	0.0000											
44	107	0.1531	6	2	1	1	0	0	0	0	0	Y	N	N	N	N	N	N	N	N	N	N	N	0.0000	0.0000	0.0000	0.0000	0.0000	0.0000	0.0000	0.0000	0.0000	0.0000	0.0000	0.0000	0.0000	0.0000	0.0000	0.0000	0.0000	0.0000	0.0000	0.0000	1.0000	0.0000	3.0000	0.9999	0.0000	0.0000	0.0000	0.0000	0.0000	0.0000	0.0000	0.0000	0.0000	0.0000	0.0000	0.0000	0.0000	0.0000	0.0000	0.0000	0.0000	0.0000	0.0000	0.0000	0.0000	0.0000	0.0000	0.0000	0.0000	0.0000	0.0000	0.0083	0.0051	0.0031	0.0020	0.0016	0.0004	0.0062	0.0035	0.0027	0.0000	0.0000	0.0000	0.0000	0.0000	0.0000	0.0000	0.0000	0.0000	0.0000	0.0000	0.0000	0.0000	0.0000	0.0000	0.0000	0.0000	0.0000											
44	108	0.1323	5	2	1	1	0	0	0	0	0	Y	N	N	N	N	N	N	N	N	N	N	N	3050.4235	0.0000	inf	2976.8476	0.0000	inf	0.5040	0.0000	3.5403	0.0000	0.0000	0.0000	0.6905	0.0000	3.5981	0.0002	0.0003	0.0000	0.0000	0.0000	0.0000	0.0002	0.0004	0.0000	inf	0.0000	0.0001	-0.0000	1.0000	0.0100	3.0000	4.8896	0.0001	0.0000	0.0001	0.0000	0.0000	0.0000	0.0001	0.0000	0.0001	0.0000	0.0000	0.0000	0.0000	0.0000	0.0000	0.0000	0.0000	0.0000	0.0003	0.0002	0.0000	0.0001	0.0001	0.0000	0.0002	0.0002	0.0000	0.0605	0.0394	0.0212	0.0174	0.0152	0.0022	0.0431	0.0242	0.0189	3050.4235	0.0000	inf	0.0000	0.0000	0.0000	2976.8476	0.0000	inf	0.0002	0.0003	0.0000	0.0000	0.0000	0.0000	0.0002	0.0004	0.0000			
44	109	0.1223	4	1	1	1	0	0	0	0	0	N	N	N	N	N	N	N	N	N	N	N	N	924.6182	12.4050	inf	23.4349	19.7736	inf	inf	0.4831	0.0108	3.2344	0.1110	0.1169	0.0000	0.5169	0.0000	3.3308	0.0005	0.0009	0.0000	0.0047	0.0059	0.0000	0.0000	0.0000	0.0000	51.3337	0.0000	0.0035	-0.0000	1.0000	1.0007	3.0000	1.4004	0.0068	0.0001	0.0066	0.0001	0.0001	0.0000	0.0066	0.0000	0.0066	0.0000	0.0000	0.0000	0.0000	0.0000	0.0000	0.0000	0.0000	0.0000	0.0140	0.0119	0.0020	0.0012	0.0011	0.0001	0.0128	0.0108	0.0020	0.0191	0.0115	0.0077	0.0021	0.0017	0.0004	0.0170	0.0098	0.0072	924.6182	12.4050	inf	23.4349	19.7736	0.0000	inf	0.0000	inf	0.0005	0.0009	0.0000	0.0047	0.0059	0.0000	0.0000	0.0000	0.0000		
44	110	0.1089	3	1	0	1	0	0	0	0	0	N	N	N	N	N	N	N	N	N	N	N	N	0.0297	0.0217	inf	8.2000	6.5882	0.0055	0.0000	inf	1.0196	1.0440	0.8784	2.6776	2.9730	0.0000	0.1940	0.0000	1.1320	34.2987	48.1922	0.0000	0.3265	0.4513	0.0000	35.2113	63.6567	0.0000	0.1455	0.0000	-0.0025	-0.4796	1.0000	0.3039	3.0000	2.8719	0.0076	0.0066	0.0010	0.0066	0.0066	0.0000	0.0010	0.0000	0.0010	0.8883	0.8883	0.0000	0.0008	0.0008	0.0000	0.8876	0.8876	0.0000	0.0074	0.0063	0.0011	0.0025	0.0022	0.0002	0.0050	0.0041	0.0009	0.0302	0.0184	0.0118	0.0050	0.0045	0.0005	0.0252	0.0139	0.0113	0.0347	0.0217	inf	17.6952	17.5640	0.0000	0.0055	0.0000	inf	29.3862	48.1922	0.0000	0.1513	0.1693	0.0000	35.2113	63.6567	0.0000	
44	111	0.0564	2	1	0	1	0	0	0	0	0	N	N	N	N	N	N	N	N	N	N	N	N	0.0036	0.0010	25.0474	inf	inf	0.0022	0.0000	25.1922	0.0461	0.0224	0.1833	0.3478	0.3677	0.0000	0.0286	0.0000	0.1871	12.7308	21.7190	0.0073	0.0000	0.0000	0.0000	12.9867	22.5595	0.0074	1.4129	0.0002	0.0003	-0.6004	1.0000	3.8240	3.0000	8.1760	0.0023	0.0010	0.0014	0.0010	0.0010	0.0000	0.0014	0.0000	0.0014	1.1124	1.1122	0.0003	0.0000	0.0000	0.0000	1.1124	1.1122	0.0003	0.0507	0.0432	0.0075	0.0028	0.0026	0.0002	0.0479	0.0406	0.0073	0.0882	0.0513	0.0369	0.0026	0.0020	0.0005	0.0857	0.0493	0.0364	0.0037	0.0010	25.0474	inf	inf	0.0000	0.0022	0.0000	25.1922	12.6084	21.6668	0.0073	0.0000	0.0000	0.0000	12.9867	22.5595	0.0074	
44	115	0.2490	5	1	0	1	0	0	0	0	0	N	N	N	N	N	N	N	N	N	N	N	N	2.4744	1.8301	0.4322	0.3990	0.0000	0.0000	6.5849	7.5829	0.0000	41.4160	42.8530	0.0000	0.0000	0.0000	0.0000	2.6612	4.1434	0.0000	95.8359	107.3924	0.0000	2.0720	3.4243	0.0000	0.0000	0.0000	-0.3993	-0.4231	1.0000	8.9918	3.0000	13.3277	0.8648	0.8648	0.0000	0.8648	0.8648	0.0000	0.0000	0.0000	0.0000	0.7837	0.7837	0.0000	0.4555	0.4555	0.0000	0.3282	0.3282	0.0000	0.1313	0.1140	0.0173	0.0209	0.0202	0.0007	0.1104	0.0939	0.0166	0.2953	0.2137	0.0816	0.1369	0.1179	0.0190	0.1584	0.0958	0.0626	2.4815	2.0681	0.0000	12.4512	11.0913	0.0000	0.0000	0.0000	0.0000	2.6535	3.6666	0.0000	3.3263	3.8637	0.0000	2.0720	3.4243	0.0000			
45	47	0.1140	4	0	1	1	0	0	0	0	0	N	N	N	N	N	N	N	N	N	N	N	N	0.0000	0.0000	0.0000	0.0000	0.0000	0.0000	0.0000	0.0000	0.0000	0.0000	0.0000	0.0000	0.0000	0.0000	0.0000	0.0000	0.0000	0.0000	0.0000	0.0000	0.0000	0.0000	0.0000	0.0000	0.0000	0.0000	0.0000	0.0000	0.0000	0.0000	0.0000	0.0000	0.0000	0.0000	0.0000	0.0000	0.0000	0.0000	0.0000	0.0000	0.0000	0.0000	0.0000	0.0000	0.0000	0.0000	0.0000	0.0000	0.0000	0.0000	0.0000	0.0000	0.0000	0.0000	0.0000	0.0000	0.0000	0.0000	0.0000	0.0000	0.0000	0.0000	0.0000	0.0000	0.0000	0.0000	0.0000	0.0000	0.0000	0.0000	0.0000	0.0000	0.0000	0.0000	0.0000	0.0000	0.0000	0.0000											
45	48	0.1738	7	1	1	2	0	0	0	0	0	N	N	Y	N	N	N	N	N	N	N	N	N	0.0000	0.0000	0.0000	0.0000	0.0000	0.0000	0.0000	0.0000	0.0000	0.0000	0.0000	0.0000	0.0000	0.0000	0.0000	0.0000	0.0000	0.0000	0.0000	0.0000	0.0000	0.0000	0.0000	2.0152	0.0000	0.0000	0.0000	0.0000	0.0000	0.0000	0.0000	0.0000	0.0000	0.0000	0.0000	0.0000	0.0000	0.0000	0.0000	0.0000	0.0000	0.0000	0.0000	0.0000	0.0000	0.0000	0.0000	0.0000	0.0000	0.0000	0.0000	0.0000	0.0000	0.0000	0.0000	0.0000	0.0000	0.0000	0.0000	0.0000	0.0000	0.0000	0.0000	0.0000	0.0000	0.0000	0.0000	0.0000	0.0000	0.0000	0.0000	0.0000	0.0000	0.0000	0.0000	0.0000	0.0000	0.0000											
45	49	0.1696	6	1	0	2	0	0	0	0	0	N	N	Y	N	N	N	N	N	N	N	N	N	0.0000	0.0000	0.0000	0.0000	0.0000	0.0000	0.0000	0.0000	0.0000	0.0000	0.0000	0.0000	0.0000	0.0000	0.0000	0.0000	0.0000	0.0000	0.0000	0.0000	0.0000	0.0003	0.0000	1.0311	0.0000	0.0000	0.0000	0.0000	0.0000	0.0000	0.0000	0.0000	0.0000	0.0000	0.0000	0.0000	0.0000	0.0000	0.0000	0.0000	0.0000	0.0000	0.0000	0.0000	0.0000	0.0000	0.0000	0.0000	0.0000	0.0000	0.0000	0.0000	0.0000	0.0000	0.0000	0.0000	0.0000	0.0000	0.0000	0.0000	0.0000	0.0000	0.0000	0.0000	0.0000	0.0000	0.0000	0.0000	0.0000	0.0000	0.0000	0.0000	0.0000	0.0000	0.0000	0.0000	0.0000	0.0000											
45	50	0.1696	6	1	1	2	0	0	0	0	0	N	N	Y	N	N	N	N	N	N	N	N	N	0.0000	0.0000	0.0000	0.0000	0.0000	0.0000	0.0000	0.0000	0.0000	0.0000	0.0000	0.0000	0.0000	0.0000	0.0000	0.0000	0.0000	0.0000	0.0000	0.0000	0.0000	0.0003	0.0000	1.0126	0.0000	0.0000	0.0000	0.0000	0.0000	0.0000	0.0000	0.0000	0.0000	0.0000	0.0000	0.0000	0.0000	0.0000	0.0000	0.0000	0.0000	0.0000	0.0000	0.0000	0.0000	0.0000	0.0000	0.0000	0.0000	0.0000	0.0000	0.0000	0.0000	0.0000	0.0000	0.0000	0.0000	0.0000	0.0000	0.0000	0.0000	0.0000	0.0000	0.0000	0.0000	0.0000	0.0000	0.0000	0.0000	0.0000	0.0000	0.0000	0.0000	0.0000	0.0000	0.0000	0.0000	0.0000											
45	51	0.1988	5	1	1	1	0	0	0	0	0	N	N	N	N	N	N	N	N	N	N	N	N	0.0000	0.0000	0.0000	0.0000	0.0000	0.0000	0.0000	0.0000	0.0000	0.0000	0.0000	0.0000	0.0000	0.0000	0.0000	0.0000	0.0000	0.0000	0.0000	0.0000	0.0000	0.0000	0.0000	1.0000	0.0000	0.0000	0.0000	0.0000	0.0000	0.0000	0.0000	0.0000	0.0000	0.0000	0.0000	0.0000	0.0000	0.0000	0.0000	0.0000	0.0000	0.0000	0.0000	0.0000	0.0000	0.0000	0.0000	0.0000	0.0000	0.0000	0.0000	0.0000	0.0000	0.0000	0.0000	0.0000	0.0000	0.0000	0.0000	0.0000	0.0000	0.0000	0.0000	0.0000	0.0000	0.0000	0.0000	0.0000	0.0000	0.0000	0.0000	0.0000	0.0000	0.0000	0.0000	0.0000	0.0000	0.0000											
45	52	0.0820	4	0	1	1	1	0	0	0	0	N	N	N	N	N	N	N	N	N	N	N	N	0.0000	0.0000	0.0000	0.0000	0.0000	0.0000	0.0000	0.0000	0.0000	0.0000	0.0000	0.0000	0.0000	0.0000	0.0000	0.0000	0.0000	0.0000	0.0000	0.0000	0.0000	0.9995	0.0000	1.0399	0.0000	0.0000	0.0000	0.0000	0.0000	0.0000	0.0000	0.0000	0.0000	0.0000	0.0000	0.0000	0.0000	0.0000	0.0000	0.0000	0.0000	0.0000	0.0000	0.0000	0.0000	0.0000	0.0000	0.0000	0.0000	0.0000	0.0000	0.0000	0.0000	0.0000	0.0000	0.0000	0.0000	0.0000	0.0000	0.0000	0.0000	0.0000	0.0000	0.0000	0.0000	0.0000	0.0000	0.0000	0.0000	0.0000	0.0000	0.0000	0.0000	0.0000	0.0000	0.0000	0.0000	0.0000											
45	53	0.0820	4	0	0	1	1	0	0	0	0	N	N	N	N	N	N	N	N	N	N	N	N	0.0000	0.0000	0.0000	0.0000	0.0000	0.0000	0.0000	0.0000	0.0000	0.0000	0.0000	0.0000	0.0000	0.0000	0.0000	0.0000	0.0000	0.0000	0.0000	0.0000	0.0000	3.0005	0.0000	1.0125	0.0000	0.0000	0.0000	0.0000	0.0000	0.0000	0.0000	0.0000	0.0000	0.0000	0.0000	0.0000	0.0000	0.0000	0.0000	0.0000	0.0000	0.0000	0.0000	0.0000	0.0000	0.0000	0.0000	0.0000	0.0000	0.0000	0.0000	0.0000	0.0000	0.0000	0.0000	0.0000	0.0000	0.0000	0.0000	0.0000	0.0000	0.0000	0.0000	0.0000	0.0000	0.0000	0.0000	0.0000	0.0000	0.0000	0.0000	0.0000	0.0000	0.0000	0.0000	0.0000	0.0000	0.0000											
45	54	0.0738	3	0	0	1	1	0	0	0	0	N	N	N	N	N	N	N	N	N	N	N	N	0.0000	0.0000	0.0000	0.0000	0.0000	0.0000	0.0000	0.0000	0.0000	0.0000	0.0000	0.0000	0.0000	0.0000	0.0000	0.0000	0.0000	0.0000	0.0000	0.0000	0.0000	0.0013	0.0000	1.9704	0.0000	0.0000	0.0000	0.0000	0.0000	0.0000	0.0000	0.0000	0.0000	0.0000	0.0000	0.0000	0.0000	0.0000	0.0000	0.0000	0.0000	0.0000	0.0000	0.0000	0.0000	0.0000	0.0000	0.0000	0.0000	0.0000	0.0000	0.0000	0.0000	0.0000	0.0000	0.0000	0.0000	0.0000	0.0000	0.0000	0.0000	0.0000	0.0000	0.0000	0.0000	0.0000	0.0000	0.0000	0.0000	0.0000	0.0000	0.0000	0.0000	0.0000	0.0000	0.0000	0.0000	0.0000											
45	55	0.0430	2	0	0	1	1	0	0	0	0	N	N	N	N	N	N	N	N	N	N	N	N	0.0000	0.0000	0.0000	0.0000	0.0000	0.0000	0.0000	0.0000	0.0000	0.0000	0.0000	0.0000	0.0000	0.0000	0.0000	0.0000	0.0000	0.0000	0.0000	0.0000	0.0000	3.0000	0.0000	4.0155	0.0000	0.0000	0.0000	0.0000	0.0000	0.0000	0.0000	0.0000	0.0000	0.0000	0.0000	0.0000	0.0000	0.0000	0.0000	0.0000	0.0000	0.0000	0.0000	0.0000	0.0000	0.0000	0.0000	0.0000	0.0000	0.0000	0.0000	0.0000	0.0000	0.0000	0.0000	0.0000	0.0000	0.0000	0.0000	0.0000	0.0000	0.0000	0.0000	0.0000	0.0000	0.0000	0.0000	0.0000	0.0000	0.0000	0.0000	0.0000	0.0000	0.0000	0.0000	0.0000	0.0000	0.0000											
45	56	0.1602	7	0	1	2	0	0	0	0	0	N	N	Y	N	N	N	N	N	N	N	N	N	0.0000	0.0000	0.0000	0.0000	0.0000	0.0000	0.0000	0.0000	0.0000	0.0000	0.0000	0.0000	0.0000	0.0000	0.0000	0.0000	0.0000	0.0000	0.0000	0.0000	0.0000	2.0013	0.0000	5.6727	0.0000	0.0000	0.0000	0.0000	0.0000	0.0000	0.0000	0.0000	0.0000	0.0000	0.0000	0.0000	0.0000	0.0000	0.0000	0.0000	0.0000	0.0000	0.0000	0.0000	0.0000	0.0000	0.0000	0.0000	0.0000	0.0000	0.0000	0.0000	0.0000	0.0000	0.0000	0.0000	0.0000	0.0000	0.0000	0.0000	0.0000	0.0000	0.0000	0.0000	0.0000	0.0000	0.0000	0.0000	0.0000	0.0000	0.0000	0.0000	0.0000	0.0000	0.0000	0.0000	0.0000	0.0000											
45	57	0.1564	6	0	1	1	0	0	0	0	0	N	N	N	N	N	N	N	N	N	N	N	N	0.0000	0.0000	0.0000	0.0000	0.0000	0.0000	0.0000	0.0000	0.0000	0.0000	0.0000	0.0000	0.0000	0.0000	0.0000	0.0000	0.0000	0.0000	0.0000	0.0000	0.0000	0.0033	0.0000	1.3874	0.0000	0.0000	0.0000	0.0000	0.0000	0.0000	0.0000	0.0000	0.0000	0.0000	0.0000	0.0000	0.0000	0.0000	0.0000	0.0000	0.0000	0.0000	0.0000	0.0000	0.0000	0.0000	0.0000	0.0000	0.0000	0.0000	0.0000	0.0000	0.0000	0.0000	0.0000	0.0000	0.0000	0.0000	0.0000	0.0000	0.0000	0.0000	0.0000	0.0000	0.0000	0.0000	0.0000	0.0000	0.0000	0.0000	0.0000	0.0000	0.0000	0.0000	0.0000	0.0000	0.0000	0.0000											
45	58	0.1413	5	1	0	2	0	0	0	0	0	N	N	Y	N	N	N	N	N	N	N	N	N	0.0000	0.0000	0.0000	0.0000	0.0000	0.0000	0.0000	0.0000	0.0000	0.0000	0.0000	0.0000	0.0000	0.0000	0.0000	0.0000	0.0000	0.0000	0.0000	0.0000	0.0000	0.0000	0.0000	2.0000	0.0000	0.0000	0.0000	0.0000	0.0000	0.0000	0.0000	0.0000	0.0000	0.0000	0.0000	0.0000	0.0000	0.0000	0.0000	0.0000	0.0000	0.0000	0.0000	0.0000	0.0000	0.0000	0.0000	0.0000	0.0000	0.0000	0.0000	0.0000	0.0000	0.0000	0.0000	0.0000	0.0000	0.0000	0.0000	0.0000	0.0000	0.0000	0.0000	0.0000	0.0000	0.0000	0.0000	0.0000	0.0000	0.0000	0.0000	0.0000	0.0000	0.0000	0.0000	0.0000	0.0000	0.0000											
45	59	0.1564	6	0	1	1	0	0	0	0	0	N	N	N	N	N	N	N	N	N	N	N	N	0.0000	0.0000	0.0000	0.0000	0.0000	0.0000	0.0000	0.0000	0.0000	0.0000	0.0000	0.0000	0.0000	0.0000	0.0000	0.0000	0.0000	0.0000	0.0000	0.0000	0.0000	1.9997	0.0000	3.4660	0.0000	0.0000	0.0000	0.0000	0.0000	0.0000	0.0000	0.0000	0.0000	0.0000	0.0000	0.0000	0.0000	0.0000	0.0000	0.0000	0.0000	0.0000	0.0000	0.0000	0.0000	0.0000	0.0000	0.0000	0.0000	0.0000	0.0000	0.0000	0.0000	0.0000	0.0000	0.0000	0.0000	0.0000	0.0000	0.0000	0.0000	0.0000	0.0000	0.0000	0.0000	0.0000	0.0000	0.0000	0.0000	0.0000	0.0000	0.0000	0.0000	0.0000	0.0000	0.0000	0.0000	0.0000											
45	60	0.1413	5	0	1	1	0	0	0	0	0	N	N	N	N	N	N	N	N	N	N	N	N	0.0000	0.0000	0.0000	0.0000	0.0000	0.0000	0.0000	0.0000	0.0000	0.0000	0.0000	0.0000	0.0000	0.0000	0.0000	0.0000	0.0000	0.0000	0.0000	0.0000	0.0000	0.0005	0.0000	3.6054	0.0000	0.0000	0.0000	0.0000	0.0000	0.0000	0.0000	0.0000	0.0000	0.0000	0.0000	0.0000	0.0000	0.0000	0.0000	0.0000	0.0000	0.0000	0.0000	0.0000	0.0000	0.0000	0.0000	0.0000	0.0000	0.0000	0.0000	0.0000	0.0000	0.0000	0.0000	0.0000	0.0000	0.0000	0.0000	0.0000	0.0000	0.0000	0.0000	0.0000	0.0000	0.0000	0.0000	0.0000	0.0000	0.0000	0.0000	0.0000	0.0000	0.0000	0.0000	0.0000	0.0000	0.0000											
45	61	0.1140	4	0	0	2	0	0	0	0	0	N	N	Y	N	N	N	N	N	N	N	N	N	0.0000	0.0000	0.0000	0.0000	0.0000	0.0000	0.0000	0.0000	0.0000	0.0000	0.0000	0.0000	0.0000	0.0000	0.0000	0.0000	0.0000	0.0000	0.0000	0.0000	0.0000	0.0000	0.0000	1.0000	0.0000	0.0000	0.0000	0.0000	0.0000	0.0000	0.0000	0.0000	0.0000	0.0000	0.0000	0.0000	0.0000	0.0000	0.0000	0.0000	0.0000	0.0000	0.0000	0.0000	0.0000	0.0000	0.0000	0.0000	0.0000	0.0000	0.0000	0.0000	0.0000	0.0000	0.0000	0.0000	0.0000	0.0000	0.0000	0.0000	0.0000	0.0000	0.0000	0.0000	0.0000	0.0000	0.0000	0.0000	0.0000	0.0000	0.0000	0.0000	0.0000	0.0000	0.0000	0.0000	0.0000	0.0000											
45	62	0.1098	3	0	0	1	0	0	0	0	0	N	N	N	N	N	N	N	N	N	N	N	N	0.0000	0.0000	0.0000	0.0000	0.0000	0.0000	0.0000	0.0000	0.0000	0.0000	0.0000	0.0000	0.0000	0.0000	0.0000	0.0000	0.0000	0.0000	0.0000	0.0000	0.0000	0.0001	0.0000	1.0076	0.0000	0.0000	0.0000	0.0000	0.0000	0.0000	0.0000	0.0000	0.0000	0.0000	0.0000	0.0000	0.0000	0.0000	0.0000	0.0000	0.0000	0.0000	0.0000	0.0000	0.0000	0.0000	0.0000	0.0000	0.0000	0.0000	0.0000	0.0000	0.0000	0.0000	0.0000	0.0000	0.0000	0.0000	0.0000	0.0000	0.0000	0.0000	0.0000	0.0000	0.0000	0.0000	0.0000	0.0000	0.0000	0.0000	0.0000	0.0000	0.0000	0.0000	0.0000	0.0000	0.0000	0.0000											
45	63	0.0430	2	0	0	1	0	0	0	0	0	N	N	N	N	N	N	N	N	N	N	N	N	0.0000	0.0000	0.0000	0.0000	0.0000	0.0000	0.0000	0.0000	0.0000	0.0000	0.0000	0.0000	0.0000	0.0000	0.0000	0.0000	0.0000	0.0000	0.0000	0.0000	0.0000	11.9999	0.0000	3.0574	0.0000	0.0000	0.0000	0.0000	0.0000	0.0000	0.0000	0.0000	0.0000	0.0000	0.0000	0.0000	0.0000	0.0000	0.0000	0.0000	0.0000	0.0000	0.0000	0.0000	0.0000	0.0000	0.0000	0.0000	0.0000	0.0000	0.0000	0.0000	0.0000	0.0000	0.0000	0.0000	0.0000	0.0000	0.0000	0.0000	0.0000	0.0000	0.0000	0.0000	0.0000	0.0000	0.0000	0.0000	0.0000	0.0000	0.0000	0.0000	0.0000	0.0000	0.0000	0.0000	0.0000	0.0000											
45	64	0.1413	5	1	1	1	0	0	0	0	0	N	N	N	N	N	N	N	N	N	N	N	N	0.0000	0.0000	0.0000	0.0000	0.0000	0.0000	0.0000	0.0000	0.0000	0.0000	0.0000	0.0000	0.0000	0.0000	0.0000	0.0000	0.0000	0.0000	0.0000	0.0000	0.0000	4.0000	0.0000	3.0000	0.0000	0.0000	0.0000	0.0000	0.0000	0.0000	0.0000	0.0000	0.0000	0.0000	0.0000	0.0000	0.0000	0.0000	0.0000	0.0000	0.0000	0.0000	0.0000	0.0000	0.0000	0.0000	0.0000	0.0000	0.0000	0.0000	0.0000	0.0000	0.0000	0.0000	0.0000	0.0000	0.0000	0.0000	0.0000	0.0000	0.0000	0.0000	0.0000	0.0000	0.0000	0.0000	0.0000	0.0000	0.0000	0.0000	0.0000	0.0000	0.0000	0.0000	0.0000	0.0000	0.0000	0.0000											
45	65	0.0995	4	0	0	1	0	0	0	0	0	N	N	N	N	N	N	N	N	N	N	N	N	0.0000	0.0000	0.0000	0.0000	0.0000	0.0000	0.0000	0.0000	0.0000	0.0000	0.0000	0.0000	0.0000	0.0000	0.0000	0.0000	0.0000	0.0000	0.0000	0.0000	0.0000	2.0015	0.0000	10.0016	0.0000	0.0000	0.0000	0.0000	0.0000	0.0000	0.0000	0.0000	0.0000	0.0000	0.0000	0.0000	0.0000	0.0000	0.0000	0.0000	0.0000	0.0000	0.0000	0.0000	0.0000	0.0000	0.0000	0.0000	0.0000	0.0000	0.0000	0.0000	0.0000	0.0000	0.0000	0.0000	0.0000	0.0000	0.0000	0.0000	0.0000	0.0000	0.0000	0.0000	0.0000	0.0000	0.0000	0.0000	0.0000	0.0000	0.0000	0.0000	0.0000	0.0000	0.0000	0.0000	0.0000	0.0000											
45	67	0.2543	6	0	0	1	0	0	0	0	0	N	N	N	N	N	N	N	N	N	N	N	N	0.0000	0.0000	0.0000	0.0000	0.0000	0.0000	0.0000	0.0000	0.0000	0.0000	0.0000	0.0000	0.0000	0.0000	0.0000	0.0000	0.0000	0.0000	0.0000	0.0000	0.0000	4.8614	0.0000	14.2102	0.0000	0.0000	0.0000	0.0000	0.0000	0.0000	0.0000	0.0000	0.0000	0.0000	0.0000	0.0000	0.0000	0.0000	0.0000	0.0000	0.0000	0.0000	0.0000	0.0000	0.0000	0.0000	0.0000	0.0000	0.0000	0.0000	0.0000	0.0000	0.0000	0.0000	0.0000	0.0000	0.0000	0.0000	0.0000	0.0000	0.0000	0.0000	0.0000	0.0000	0.0000	0.0000	0.0000	0.0000	0.0000	0.0000	0.0000	0.0000	0.0000	0.0000	0.0000	0.0000	0.0000	0.0000											
45	68	0.1752	8	1	1	2	0	0	0	0	0	N	N	Y	N	N	N	N	N	N	N	N	N	0.0000	0.0000	0.0000	0.0000	0.0000	0.0000	0.0000	0.0000	0.0000	0.0000	0.0000	0.0000	0.0000	0.0000	0.0000	0.0000	0.0000	0.0000	0.0000	0.0000	0.0000	0.0000	0.0000	0.0000	0.0000	0.0000	0.0000	0.0000	0.0000	0.0000	0.0000	0.0000	0.0000	0.0000	0.0000	0.0000	0.0000	0.0000	0.0000	0.0000	0.0000	0.0000	0.0000	0.0000	0.0000	0.0000	0.0000	0.0000	0.0000	0.0000	0.0000	0.0000	0.0000	0.0000	0.0000	0.0000	0.0000	0.0000	0.0000	0.0000	0.0000	0.0000	0.0000	0.0000	0.0000	0.0000	0.0000	0.0000	0.0000	0.0000	0.0000	0.0000	0.0000	0.0000	0.0000	0.0000	0.0000	0.0000											
45	69	0.1710	7	1	0	2	0	0	0	0	0	N	N	Y	N	N	N	N	N	N	N	N	N	0.0000	0.0000	0.0000	0.0000	0.0000	0.0000	0.0000	0.0000	0.0000	0.0000	0.0000	0.0000	0.0000	0.0000	0.0000	0.0000	0.0000	0.0000	0.0000	0.0000	0.0000	0.0016	0.0000	0.9826	0.0000	0.0000	0.0000	0.0000	0.0000	0.0000	0.0000	0.0000	0.0000	0.0000	0.0000	0.0000	0.0000	0.0000	0.0000	0.0000	0.0000	0.0000	0.0000	0.0000	0.0000	0.0000	0.0000	0.0000	0.0000	0.0000	0.0000	0.0000	0.0000	0.0000	0.0000	0.0000	0.0000	0.0000	0.0000	0.0000	0.0000	0.0000	0.0000	0.0000	0.0000	0.0000	0.0000	0.0000	0.0000	0.0000	0.0000	0.0000	0.0000	0.0000	0.0000	0.0000	0.0000	0.0000											
45	70	0.1583	6	1	0	2	0	0	0	0	0	N	N	Y	N	N	N	N	N	N	N	N	N	0.0000	0.0000	0.0000	0.0000	0.0000	0.0000	0.0000	0.0000	0.0000	0.0000	0.0000	0.0000	0.0000	0.0000	0.0000	0.0000	0.0000	0.0000	0.0000	0.0000	0.0000	0.0061	0.0000	3.0249	0.0000	0.0000	0.0000	0.0000	0.0000	0.0000	0.0000	0.0000	0.0000	0.0000	0.0000	0.0000	0.0000	0.0000	0.0000	0.0000	0.0000	0.0000	0.0000	0.0000	0.0000	0.0000	0.0000	0.0000	0.0000	0.0000	0.0000	0.0000	0.0000	0.0000	0.0000	0.0000	0.0000	0.0000	0.0000	0.0000	0.0000	0.0000	0.0000	0.0000	0.0000	0.0000	0.0000	0.0000	0.0000	0.0000	0.0000	0.0000	0.0000	0.0000	0.0000	0.0000	0.0000	0.0000											
45	71	0.1413	5	1	0	2	0	0	0	0	0	N	N	Y	N	N	N	N	N	N	N	N	N	0.0000	0.0000	0.0000	0.0000	0.0000	0.0000	0.0000	0.0000	0.0000	0.0000	0.0000	0.0000	0.0000	0.0000	0.0000	0.0000	0.0000	0.0000	0.0000	0.0000	0.0000	0.0044	0.0000	4.0281	0.0000	0.0000	0.0000	0.0000	0.0000	0.0000	0.0000	0.0000	0.0000	0.0000	0.0000	0.0000	0.0000	0.0000	0.0000	0.0000	0.0000	0.0000	0.0000	0.0000	0.0000	0.0000	0.0000	0.0000	0.0000	0.0000	0.0000	0.0000	0.0000	0.0000	0.0000	0.0000	0.0000	0.0000	0.0000	0.0000	0.0000	0.0000	0.0000	0.0000	0.0000	0.0000	0.0000	0.0000	0.0000	0.0000	0.0000	0.0000	0.0000	0.0000	0.0000	0.0000	0.0000	0.0000											
45	72	0.0995	4	0	1	1	0	0	0	0	0	N	N	N	N	N	N	N	N	N	N	N	N	0.0000	0.0000	0.0000	0.0000	0.0000	0.0000	0.0000	0.0000	0.0000	0.0000	0.0000	0.0000	0.0000	0.0000	0.0000	0.0000	0.0000	0.0000	0.0000	0.0000	0.0000	5.9987	0.0000	11.0016	0.0000	0.0000	0.0000	0.0000	0.0000	0.0000	0.0000	0.0000	0.0000	0.0000	0.0000	0.0000	0.0000	0.0000	0.0000	0.0000	0.0000	0.0000	0.0000	0.0000	0.0000	0.0000	0.0000	0.0000	0.0000	0.0000	0.0000	0.0000	0.0000	0.0000	0.0000	0.0000	0.0000	0.0000	0.0000	0.0000	0.0000	0.0000	0.0000	0.0000	0.0000	0.0000	0.0000	0.0000	0.0000	0.0000	0.0000	0.0000	0.0000	0.0000	0.0000	0.0000	0.0000	0.0000											
45	73	0.1413	5	1	0	2	0	0	0	0	0	N	N	Y	N	N	N	N	N	N	N	N	N	0.0000	0.0000	0.0000	0.0000	0.0000	0.0000	0.0000	0.0000	0.0000	0.0000	0.0000	0.0000	0.0000	0.0000	0.0000	0.0000	0.0000	0.0000	0.0000	0.0000	0.0000	2.0000	0.0000	5.0000	0.0000	0.0000	0.0000	0.0000	0.0000	0.0000	0.0000	0.0000	0.0000	0.0000	0.0000	0.0000	0.0000	0.0000	0.0000	0.0000	0.0000	0.0000	0.0000	0.0000	0.0000	0.0000	0.0000	0.0000	0.0000	0.0000	0.0000	0.0000	0.0000	0.0000	0.0000	0.0000	0.0000	0.0000	0.0000	0.0000	0.0000	0.0000	0.0000	0.0000	0.0000	0.0000	0.0000	0.0000	0.0000	0.0000	0.0000	0.0000	0.0000	0.0000	0.0000	0.0000	0.0000	0.0000											
45	74	0.1412	6	0	1	1	0	0	0	0	0	N	N	N	N	N	N	N	N	N	N	N	N	0.0000	0.0000	0.0000	0.0000	0.0000	0.0000	0.0000	0.0000	0.0000	0.0000	0.0000	0.0000	0.0000	0.0000	0.0000	0.0000	0.0000	0.0000	0.0000	0.0000	0.0000	6.1274	0.0000	13.6208	0.0000	0.0000	0.0000	0.0000	0.0000	0.0000	0.0000	0.0000	0.0000	0.0000	0.0000	0.0000	0.0000	0.0000	0.0000	0.0000	0.0000	0.0000	0.0000	0.0000	0.0000	0.0000	0.0000	0.0000	0.0000	0.0000	0.0000	0.0000	0.0000	0.0000	0.0000	0.0000	0.0000	0.0000	0.0000	0.0000	0.0000	0.0000	0.0000	0.0000	0.0000	0.0000	0.0000	0.0000	0.0000	0.0000	0.0000	0.0000	0.0000	0.0000	0.0000	0.0000	0.0000	0.0000											
45	75	0.1658	9	0	0	2	0	0	0	0	0	N	N	Y	N	N	N	N	N	N	N	N	N	0.0000	0.0000	0.0000	0.0000	0.0000	0.0000	0.0000	0.0000	0.0000	0.0000	0.0000	0.0000	0.0000	0.0000	0.0000	0.0000	0.0000	0.0000	0.0000	0.0000	0.0000	0.0000	0.0000	1.0003	0.0000	0.0000	0.0000	0.0000	0.0000	0.0000	0.0000	0.0000	0.0000	0.0000	0.0000	0.0000	0.0000	0.0000	0.0000	0.0000	0.0000	0.0000	0.0000	0.0000	0.0000	0.0000	0.0000	0.0000	0.0000	0.0000	0.0000	0.0000	0.0000	0.0000	0.0000	0.0000	0.0000	0.0000	0.0000	0.0000	0.0000	0.0000	0.0000	0.0000	0.0000	0.0000	0.0000	0.0000	0.0000	0.0000	0.0000	0.0000	0.0000	0.0000	0.0000	0.0000	0.0000	0.0000											
45	76	0.1617	8	0	0	2	0	0	0	0	0	N	N	Y	N	N	N	N	N	N	N	N	N	0.0000	0.0000	0.0000	0.0000	0.0000	0.0000	0.0000	0.0000	0.0000	0.0000	0.0000	0.0000	0.0000	0.0000	0.0000	0.0000	0.0000	0.0000	0.0000	0.0000	0.0000	0.0000	0.0000	1.0076	0.0000	0.0000	0.0000	0.0000	0.0000	0.0000	0.0000	0.0000	0.0000	0.0000	0.0000	0.0000	0.0000	0.0000	0.0000	0.0000	0.0000	0.0000	0.0000	0.0000	0.0000	0.0000	0.0000	0.0000	0.0000	0.0000	0.0000	0.0000	0.0000	0.0000	0.0000	0.0000	0.0000	0.0000	0.0000	0.0000	0.0000	0.0000	0.0000	0.0000	0.0000	0.0000	0.0000	0.0000	0.0000	0.0000	0.0000	0.0000	0.0000	0.0000	0.0000	0.0000	0.0000	0.0000											
45	77	0.1576	7	0	0	1	0	0	0	0	0	N	N	N	N	N	N	N	N	N	N	N	N	0.0000	0.0000	0.0000	0.0000	0.0000	0.0000	0.0000	0.0000	0.0000	0.0000	0.0000	0.0000	0.0000	0.0000	0.0000	0.0000	0.0000	0.0000	0.0000	0.0000	0.0000	0.0026	0.0000	0.9924	0.0000	0.0000	0.0000	0.0000	0.0000	0.0000	0.0000	0.0000	0.0000	0.0000	0.0000	0.0000	0.0000	0.0000	0.0000	0.0000	0.0000	0.0000	0.0000	0.0000	0.0000	0.0000	0.0000	0.0000	0.0000	0.0000	0.0000	0.0000	0.0000	0.0000	0.0000	0.0000	0.0000	0.0000	0.0000	0.0000	0.0000	0.0000	0.0000	0.0000	0.0000	0.0000	0.0000	0.0000	0.0000	0.0000	0.0000	0.0000	0.0000	0.0000	0.0000	0.0000	0.0000	0.0000											
45	78	0.1412	6	0	0	1	0	0	0	0	0	N	N	N	N	N	N	N	N	N	N	N	N	0.0000	0.0000	0.0000	0.0000	0.0000	0.0000	0.0000	0.0000	0.0000	0.0000	0.0000	0.0000	0.0000	0.0000	0.0000	0.0000	0.0000	0.0000	0.0000	0.0000	0.0000	2.8733	0.0000	1.5522	0.0000	0.0000	0.0000	0.0000	0.0000	0.0000	0.0000	0.0000	0.0000	0.0000	0.0000	0.0000	0.0000	0.0000	0.0000	0.0000	0.0000	0.0000	0.0000	0.0000	0.0000	0.0000	0.0000	0.0000	0.0000	0.0000	0.0000	0.0000	0.0000	0.0000	0.0000	0.0000	0.0000	0.0000	0.0000	0.0000	0.0000	0.0000	0.0000	0.0000	0.0000	0.0000	0.0000	0.0000	0.0000	0.0000	0.0000	0.0000	0.0000	0.0000	0.0000	0.0000	0.0000	0.0000											
45	79	0.1291	5	0	0	1	0	0	0	0	0	N	N	N	N	N	N	N	N	N	N	N	N	0.0000	0.0000	0.0000	0.0000	0.0000	0.0000	0.0000	0.0000	0.0000	0.0000	0.0000	0.0000	0.0000	0.0000	0.0000	0.0000	0.0000	0.0000	0.0000	0.0000	0.0000	0.2102	0.0000	3.4985	0.0000	0.0000	0.0000	0.0000	0.0000	0.0000	0.0000	0.0000	0.0000	0.0000	0.0000	0.0000	0.0000	0.0000	0.0000	0.0000	0.0000	0.0000	0.0000	0.0000	0.0000	0.0000	0.0000	0.0000	0.0000	0.0000	0.0000	0.0000	0.0000	0.0000	0.0000	0.0000	0.0000	0.0000	0.0000	0.0000	0.0000	0.0000	0.0000	0.0000	0.0000	0.0000	0.0000	0.0000	0.0000	0.0000	0.0000	0.0000	0.0000	0.0000	0.0000	0.0000	0.0000	0.0000											
45	80	0.0727	5	0	1	1	0	0	0	0	0	N	N	N	N	N	N	N	N	N	N	N	N	0.0000	0.0000	0.0000	0.0000	0.0000	0.0000	0.0000	0.0000	0.0000	0.0000	0.0000	0.0000	0.0000	0.0000	0.0000	0.0000	0.0000	0.0000	0.0000	0.0000	0.0000	2.0196	0.0000	6.0690	0.0000	0.0000	0.0000	0.0000	0.0000	0.0000	0.0000	0.0000	0.0000	0.0000	0.0000	0.0000	0.0000	0.0000	0.0000	0.0000	0.0000	0.0000	0.0000	0.0000	0.0000	0.0000	0.0000	0.0000	0.0000	0.0000	0.0000	0.0000	0.0000	0.0000	0.0000	0.0000	0.0000	0.0000	0.0000	0.0000	0.0000	0.0000	0.0000	0.0000	0.0000	0.0000	0.0000	0.0000	0.0000	0.0000	0.0000	0.0000	0.0000	0.0000	0.0000	0.0000	0.0000	0.0000											
45	81	0.0645	4	0	0	1	0	0	0	0	0	N	N	N	N	N	N	N	N	N	N	N	N	0.0000	0.0000	0.0000	0.0000	0.0000	0.0000	0.0000	0.0000	0.0000	0.0000	0.0000	0.0000	0.0000	0.0000	0.0000	0.0000	0.0000	0.0000	0.0000	0.0000	0.0000	0.9876	0.0000	0.9833	0.0000	0.0000	0.0000	0.0000	0.0000	0.0000	0.0000	0.0000	0.0000	0.0000	0.0000	0.0000	0.0000	0.0000	0.0000	0.0000	0.0000	0.0000	0.0000	0.0000	0.0000	0.0000	0.0000	0.0000	0.0000	0.0000	0.0000	0.0000	0.0000	0.0000	0.0000	0.0000	0.0000	0.0000	0.0000	0.0000	0.0000	0.0000	0.0000	0.0000	0.0000	0.0000	0.0000	0.0000	0.0000	0.0000	0.0000	0.0000	0.0000	0.0000	0.0000	0.0000	0.0000	0.0000											
45	82	0.1696	6	1	0	2	0	0	0	0	0	N	N	Y	N	N	N	N	N	N	N	N	N	0.0000	0.0000	0.0000	0.0000	0.0000	0.0000	0.0000	0.0000	0.0000	0.0000	0.0000	0.0000	0.0000	0.0000	0.0000	0.0000	0.0000	0.0000	0.0000	0.0000	0.0000	1.0000	0.0000	2.9874	0.0000	0.0000	0.0000	0.0000	0.0000	0.0000	0.0000	0.0000	0.0000	0.0000	0.0000	0.0000	0.0000	0.0000	0.0000	0.0000	0.0000	0.0000	0.0000	0.0000	0.0000	0.0000	0.0000	0.0000	0.0000	0.0000	0.0000	0.0000	0.0000	0.0000	0.0000	0.0000	0.0000	0.0000	0.0000	0.0000	0.0000	0.0000	0.0000	0.0000	0.0000	0.0000	0.0000	0.0000	0.0000	0.0000	0.0000	0.0000	0.0000	0.0000	0.0000	0.0000	0.0000	0.0000											
45	83	0.1413	5	1	0	2	0	0	0	0	0	N	N	Y	N	N	N	N	N	N	N	N	N	0.0000	0.0000	0.0000	0.0000	0.0000	0.0000	0.0000	0.0000	0.0000	0.0000	0.0000	0.0000	0.0000	0.0000	0.0000	0.0000	0.0000	0.0000	0.0000	0.0000	0.0000	0.9997	0.0000	6.0128	0.0000	0.0000	0.0000	0.0000	0.0000	0.0000	0.0000	0.0000	0.0000	0.0000	0.0000	0.0000	0.0000	0.0000	0.0000	0.0000	0.0000	0.0000	0.0000	0.0000	0.0000	0.0000	0.0000	0.0000	0.0000	0.0000	0.0000	0.0000	0.0000	0.0000	0.0000	0.0000	0.0000	0.0000	0.0000	0.0000	0.0000	0.0000	0.0000	0.0000	0.0000	0.0000	0.0000	0.0000	0.0000	0.0000	0.0000	0.0000	0.0000	0.0000	0.0000	0.0000	0.0000	0.0000											
45	84	0.0995	4	0	1	1	1	0	0	0	0	N	N	N	N	N	N	N	N	N	N	N	N	0.0000	0.0000	0.0000	0.0000	0.0000	0.0000	0.0000	0.0000	0.0000	0.0000	0.0000	0.0000	0.0000	0.0000	0.0000	0.0000	0.0000	0.0000	0.0000	0.0000	0.0000	8.0013	0.0000	12.0015	0.0000	0.0000	0.0000	0.0000	0.0000	0.0000	0.0000	0.0000	0.0000	0.0000	0.0000	0.0000	0.0000	0.0000	0.0000	0.0000	0.0000	0.0000	0.0000	0.0000	0.0000	0.0000	0.0000	0.0000	0.0000	0.0000	0.0000	0.0000	0.0000	0.0000	0.0000	0.0000	0.0000	0.0000	0.0000	0.0000	0.0000	0.0000	0.0000	0.0000	0.0000	0.0000	0.0000	0.0000	0.0000	0.0000	0.0000	0.0000	0.0000	0.0000	0.0000	0.0000	0.0000	0.0000											
45	85	0.0430	2	0	1	1	0	0	0	0	0	N	N	N	N	N	N	N	N	N	N	N	N	0.0000	0.0000	0.0000	0.0000	0.0000	0.0000	0.0000	0.0000	0.0000	0.0000	0.0000	0.0000	0.0000	0.0000	0.0000	0.0000	0.0000	0.0000	0.0000	0.0000	0.0000	1.0000	0.0000	6.9850	0.0000	0.0000	0.0000	0.0000	0.0000	0.0000	0.0000	0.0000	0.0000	0.0000	0.0000	0.0000	0.0000	0.0000	0.0000	0.0000	0.0000	0.0000	0.0000	0.0000	0.0000	0.0000	0.0000	0.0000	0.0000	0.0000	0.0000	0.0000	0.0000	0.0000	0.0000	0.0000	0.0000	0.0000	0.0000	0.0000	0.0000	0.0000	0.0000	0.0000	0.0000	0.0000	0.0000	0.0000	0.0000	0.0000	0.0000	0.0000	0.0000	0.0000	0.0000	0.0000	0.0000	0.0000											
45	87	0.1413	5	0	1	1	0	0	0	0	0	N	N	N	N	N	N	N	N	N	N	N	N	0.0000	0.0000	0.0000	0.0000	0.0000	0.0000	0.0000	0.0000	0.0000	0.0000	0.0000	0.0000	0.0000	0.0000	0.0000	0.0000	0.0000	0.0000	0.0000	0.0000	0.0000	4.0000	0.0000	7.0000	0.0000	0.0000	0.0000	0.0000	0.0000	0.0000	0.0000	0.0000	0.0000	0.0000	0.0000	0.0000	0.0000	0.0000	0.0000	0.0000	0.0000	0.0000	0.0000	0.0000	0.0000	0.0000	0.0000	0.0000	0.0000	0.0000	0.0000	0.0000	0.0000	0.0000	0.0000	0.0000	0.0000	0.0000	0.0000	0.0000	0.0000	0.0000	0.0000	0.0000	0.0000	0.0000	0.0000	0.0000	0.0000	0.0000	0.0000	0.0000	0.0000	0.0000	0.0000	0.0000	0.0000	0.0000											
45	88	0.0995	4	0	0	1	0	0	0	0	0	N	N	N	N	N	N	N	N	N	N	N	N	0.0000	0.0000	0.0000	0.0000	0.0000	0.0000	0.0000	0.0000	0.0000	0.0000	0.0000	0.0000	0.0000	0.0000	0.0000	0.0000	0.0000	0.0000	0.0000	0.0000	0.0000	2.9985	0.0000	7.0016	0.0000	0.0000	0.0000	0.0000	0.0000	0.0000	0.0000	0.0000	0.0000	0.0000	0.0000	0.0000	0.0000	0.0000	0.0000	0.0000	0.0000	0.0000	0.0000	0.0000	0.0000	0.0000	0.0000	0.0000	0.0000	0.0000	0.0000	0.0000	0.0000	0.0000	0.0000	0.0000	0.0000	0.0000	0.0000	0.0000	0.0000	0.0000	0.0000	0.0000	0.0000	0.0000	0.0000	0.0000	0.0000	0.0000	0.0000	0.0000	0.0000	0.0000	0.0000	0.0000	0.0000	0.0000											
45	89	0.0730	5	0	1	1	0	0	0	0	0	N	N	N	N	N	N	N	N	N	N	N	N	0.0000	0.0000	0.0000	0.0000	0.0000	0.0000	0.0000	0.0000	0.0000	0.0000	0.0000	0.0000	0.0000	0.0000	0.0000	0.0000	0.0000	0.0000	0.0000	0.0000	0.0000	0.0157	0.0000	9.0253	0.0000	0.0000	0.0000	0.0000	0.0000	0.0000	0.0000	0.0000	0.0000	0.0000	0.0000	0.0000	0.0000	0.0000	0.0000	0.0000	0.0000	0.0000	0.0000	0.0000	0.0000	0.0000	0.0000	0.0000	0.0000	0.0000	0.0000	0.0000	0.0000	0.0000	0.0000	0.0000	0.0000	0.0000	0.0000	0.0000	0.0000	0.0000	0.0000	0.0000	0.0000	0.0000	0.0000	0.0000	0.0000	0.0000	0.0000	0.0000	0.0000	0.0000	0.0000	0.0000	0.0000	0.0000											
45	90	0.0645	4	0	1	1	0	0	0	0	0	N	N	N	N	N	N	N	N	N	N	N	N	0.0000	0.0000	0.0000	0.0000	0.0000	0.0000	0.0000	0.0000	0.0000	0.0000	0.0000	0.0000	0.0000	0.0000	0.0000	0.0000	0.0000	0.0000	0.0000	0.0000	0.0000	0.0169	0.0000	2.0013	0.0000	0.0000	0.0000	0.0000	0.0000	0.0000	0.0000	0.0000	0.0000	0.0000	0.0000	0.0000	0.0000	0.0000	0.0000	0.0000	0.0000	0.0000	0.0000	0.0000	0.0000	0.0000	0.0000	0.0000	0.0000	0.0000	0.0000	0.0000	0.0000	0.0000	0.0000	0.0000	0.0000	0.0000	0.0000	0.0000	0.0000	0.0000	0.0000	0.0000	0.0000	0.0000	0.0000	0.0000	0.0000	0.0000	0.0000	0.0000	0.0000	0.0000	0.0000	0.0000	0.0000	0.0000											
45	91	0.0557	3	0	0	1	0	0	0	0	0	N	N	N	N	N	N	N	N	N	N	N	N	0.0000	0.0000	0.0000	0.0000	0.0000	0.0000	0.0000	0.0000	0.0000	0.0000	0.0000	0.0000	0.0000	0.0000	0.0000	0.0000	0.0000	0.0000	0.0000	0.0000	0.0000	1.9923	0.0000	0.0454	0.0000	0.0000	0.0000	0.0000	0.0000	0.0000	0.0000	0.0000	0.0000	0.0000	0.0000	0.0000	0.0000	0.0000	0.0000	0.0000	0.0000	0.0000	0.0000	0.0000	0.0000	0.0000	0.0000	0.0000	0.0000	0.0000	0.0000	0.0000	0.0000	0.0000	0.0000	0.0000	0.0000	0.0000	0.0000	0.0000	0.0000	0.0000	0.0000	0.0000	0.0000	0.0000	0.0000	0.0000	0.0000	0.0000	0.0000	0.0000	0.0000	0.0000	0.0000	0.0000	0.0000	0.0000											
45	93	0.1962	9	1	1	1	1	0	0	0	0	N	N	N	N	N	N	N	N	N	N	N	N	0.0000	0.0000	0.0000	0.0000	0.0000	0.0000	0.0000	0.0000	0.0000	0.0000	0.0000	0.0000	0.0000	0.0000	0.0000	0.0000	0.0000	0.0000	0.0000	0.0000	0.0000	0.0000	0.0000	0.0000	0.0000	0.0000	0.0000	0.0000	0.0000	0.0000	0.0000	0.0000	0.0000	0.0000	0.0000	0.0000	0.0000	0.0000	0.0000	0.0000	0.0000	0.0000	0.0000	0.0000	0.0000	0.0000	0.0000	0.0000	0.0000	0.0000	0.0000	0.0000	0.0000	0.0000	0.0000	0.0000	0.0000	0.0000	0.0000	0.0000	0.0000	0.0000	0.0000	0.0000	0.0000	0.0000	0.0000	0.0000	0.0000	0.0000	0.0000	0.0000	0.0000	0.0000	0.0000	0.0000	0.0000	0.0000											
45	94	0.1962	8	1	1	1	1	0	0	0	0	N	N	N	N	N	N	N	N	N	N	N	N	0.0000	0.0000	0.0000	0.0000	0.0000	0.0000	0.0000	0.0000	0.0000	0.0000	0.0000	0.0000	0.0000	0.0000	0.0000	0.0000	0.0000	0.0000	0.0000	0.0000	0.0000	0.0000	0.0000	0.0001	0.0000	0.0000	0.0000	0.0000	0.0000	0.0000	0.0000	0.0000	0.0000	0.0000	0.0000	0.0000	0.0000	0.0000	0.0000	0.0000	0.0000	0.0000	0.0000	0.0000	0.0000	0.0000	0.0000	0.0000	0.0000	0.0000	0.0000	0.0000	0.0000	0.0000	0.0000	0.0000	0.0000	0.0000	0.0000	0.0000	0.0000	0.0000	0.0000	0.0000	0.0000	0.0000	0.0000	0.0000	0.0000	0.0000	0.0000	0.0000	0.0000	0.0000	0.0000	0.0000	0.0000	0.0000											
45	95	0.1782	7	0	1	1	1	0	0	0	0	N	N	N	N	N	N	N	N	N	N	N	N	0.0000	0.0000	0.0000	0.0000	0.0000	0.0000	0.0000	0.0000	0.0000	0.0000	0.0000	0.0000	0.0000	0.0000	0.0000	0.0000	0.0000	0.0000	0.0000	0.0000	0.0000	0.9845	0.0000	0.9903	0.0000	0.0000	0.0000	0.0000	0.0000	0.0000	0.0000	0.0000	0.0000	0.0000	0.0000	0.0000	0.0000	0.0000	0.0000	0.0000	0.0000	0.0000	0.0000	0.0000	0.0000	0.0000	0.0000	0.0000	0.0000	0.0000	0.0000	0.0000	0.0000	0.0000	0.0000	0.0000	0.0000	0.0000	0.0000	0.0000	0.0000	0.0000	0.0000	0.0000	0.0000	0.0000	0.0000	0.0000	0.0000	0.0000	0.0000	0.0000	0.0000	0.0000	0.0000	0.0000	0.0000	0.0000											
45	96	0.1754	7	0	1	1	0	0	0	0	0	N	N	N	N	N	N	N	N	N	N	N	N	0.0000	0.0000	0.0000	0.0000	0.0000	0.0000	0.0000	0.0000	0.0000	0.0000	0.0000	0.0000	0.0000	0.0000	0.0000	0.0000	0.0000	0.0000	0.0000	0.0000	0.0000	1.0063	0.0000	3.7812	0.0000	0.0000	0.0000	0.0000	0.0000	0.0000	0.0000	0.0000	0.0000	0.0000	0.0000	0.0000	0.0000	0.0000	0.0000	0.0000	0.0000	0.0000	0.0000	0.0000	0.0000	0.0000	0.0000	0.0000	0.0000	0.0000	0.0000	0.0000	0.0000	0.0000	0.0000	0.0000	0.0000	0.0000	0.0000	0.0000	0.0000	0.0000	0.0000	0.0000	0.0000	0.0000	0.0000	0.0000	0.0000	0.0000	0.0000	0.0000	0.0000	0.0000	0.0000	0.0000	0.0000	0.0000											
45	97	0.1782	7	0	0	2	1	0	0	0	0	N	N	Y	N	N	N	N	N	N	N	N	N	0.0000	0.0000	0.0000	0.0000	0.0000	0.0000	0.0000	0.0000	0.0000	0.0000	0.0000	0.0000	0.0000	0.0000	0.0000	0.0000	0.0000	0.0000	0.0000	0.0000	0.0000	1.0165	0.0000	1.0129	0.0000	0.0000	0.0000	0.0000	0.0000	0.0000	0.0000	0.0000	0.0000	0.0000	0.0000	0.0000	0.0000	0.0000	0.0000	0.0000	0.0000	0.0000	0.0000	0.0000	0.0000	0.0000	0.0000	0.0000	0.0000	0.0000	0.0000	0.0000	0.0000	0.0000	0.0000	0.0000	0.0000	0.0000	0.0000	0.0000	0.0000	0.0000	0.0000	0.0000	0.0000	0.0000	0.0000	0.0000	0.0000	0.0000	0.0000	0.0000	0.0000	0.0000	0.0000	0.0000	0.0000	0.0000											
45	98	0.1653	6	0	0	1	1	0	0	0	0	N	N	N	N	N	N	N	N	N	N	N	N	0.0000	0.0000	0.0000	0.0000	0.0000	0.0000	0.0000	0.0000	0.0000	0.0000	0.0000	0.0000	0.0000	0.0000	0.0000	0.0000	0.0000	0.0000	0.0000	0.0000	0.0000	2.0241	0.0000	1.0265	0.0000	0.0000	0.0000	0.0000	0.0000	0.0000	0.0000	0.0000	0.0000	0.0000	0.0000	0.0000	0.0000	0.0000	0.0000	0.0000	0.0000	0.0000	0.0000	0.0000	0.0000	0.0000	0.0000	0.0000	0.0000	0.0000	0.0000	0.0000	0.0000	0.0000	0.0000	0.0000	0.0000	0.0000	0.0000	0.0000	0.0000	0.0000	0.0000	0.0000	0.0000	0.0000	0.0000	0.0000	0.0000	0.0000	0.0000	0.0000	0.0000	0.0000	0.0000	0.0000	0.0000	0.0000											
45	99	0.1653	6	0	0	2	1	0	0	0	0	N	N	Y	N	N	N	N	N	N	N	N	N	0.0000	0.0000	0.0000	0.0000	0.0000	0.0000	0.0000	0.0000	0.0000	0.0000	0.0000	0.0000	0.0000	0.0000	0.0000	0.0000	0.0000	0.0000	0.0000	0.0000	0.0000	3.0066	0.0000	0.0000	0.0000	0.0000	0.0000	0.0000	0.0000	0.0000	0.0000	0.0000	0.0000	0.0000	0.0000	0.0000	0.0000	0.0000	0.0000	0.0000	0.0000	0.0000	0.0000	0.0000	0.0000	0.0000	0.0000	0.0000	0.0000	0.0000	0.0000	0.0000	0.0000	0.0000	0.0000	0.0000	0.0000	0.0000	0.0000	0.0000	0.0000	0.0000	0.0000	0.0000	0.0000	0.0000	0.0000	0.0000	0.0000	0.0000	0.0000	0.0000	0.0000	0.0000	0.0000	0.0000	0.0000	0.0000											
45	100	0.1910	6	0	0	2	1	0	0	0	0	N	N	Y	N	N	N	N	N	N	N	N	N	0.0000	0.0000	0.0000	0.0000	0.0000	0.0000	0.0000	0.0000	0.0000	0.0000	0.0000	0.0000	0.0000	0.0000	0.0000	0.0000	0.0000	0.0000	0.0000	0.0000	0.0000	0.0000	0.0000	2.0000	0.0000	0.0000	0.0000	0.0000	0.0000	0.0000	0.0000	0.0000	0.0000	0.0000	0.0000	0.0000	0.0000	0.0000	0.0000	0.0000	0.0000	0.0000	0.0000	0.0000	0.0000	0.0000	0.0000	0.0000	0.0000	0.0000	0.0000	0.0000	0.0000	0.0000	0.0000	0.0000	0.0000	0.0000	0.0000	0.0000	0.0000	0.0000	0.0000	0.0000	0.0000	0.0000	0.0000	0.0000	0.0000	0.0000	0.0000	0.0000	0.0000	0.0000	0.0000	0.0000	0.0000	0.0000											
45	101	0.1520	5	0	0	2	1	0	0	0	0	N	N	Y	N	N	N	N	N	N	N	N	N	0.0000	0.0000	0.0000	0.0000	0.0000	0.0000	0.0000	0.0000	0.0000	0.0000	0.0000	0.0000	0.0000	0.0000	0.0000	0.0000	0.0000	0.0000	0.0000	0.0000	0.0000	5.8899	0.0000	3.1847	0.0000	0.0000	0.0000	0.0000	0.0000	0.0000	0.0000	0.0000	0.0000	0.0000	0.0000	0.0000	0.0000	0.0000	0.0000	0.0000	0.0000	0.0000	0.0000	0.0000	0.0000	0.0000	0.0000	0.0000	0.0000	0.0000	0.0000	0.0000	0.0000	0.0000	0.0000	0.0000	0.0000	0.0000	0.0000	0.0000	0.0000	0.0000	0.0000	0.0000	0.0000	0.0000	0.0000	0.0000	0.0000	0.0000	0.0000	0.0000	0.0000	0.0000	0.0000	0.0000	0.0000	0.0000											
45	102	0.1988	5	1	1	1	0	0	0	0	0	N	N	N	N	N	N	N	N	N	N	N	N	0.0000	0.0000	0.0000	0.0000	0.0000	0.0000	0.0000	0.0000	0.0000	0.0000	0.0000	0.0000	0.0000	0.0000	0.0000	0.0000	0.0000	0.0000	0.0000	0.0000	0.0000	0.0000	0.0000	0.0000	0.0000	0.0000	0.0000	0.0000	0.0000	0.0000	0.0000	0.0000	0.0000	0.0000	0.0000	0.0000	0.0000	0.0000	0.0000	0.0000	0.0000	0.0000	0.0000	0.0000	0.0000	0.0000	0.0000	0.0000	0.0000	0.0000	0.0000	0.0000	0.0000	0.0000	0.0000	0.0000	0.0000	0.0000	0.0000	0.0000	0.0000	0.0000	0.0000	0.0000	0.0000	0.0000	0.0000	0.0000	0.0000	0.0000	0.0000	0.0000	0.0000	0.0000	0.0000	0.0000	0.0000	0.0000											
45	103	0.0995	4	1	1	1	0	0	0	0	0	N	N	N	N	N	N	N	N	N	N	N	N	0.0000	0.0000	0.0000	0.0000	0.0000	0.0000	0.0000	0.0000	0.0000	0.0000	0.0000	0.0000	0.0000	0.0000	0.0000	0.0000	0.0000	0.0000	0.0000	0.0000	0.0000	8.0012	0.0000	14.0016	0.0000	0.0000	0.0000	0.0000	0.0000	0.0000	0.0000	0.0000	0.0000	0.0000	0.0000	0.0000	0.0000	0.0000	0.0000	0.0000	0.0000	0.0000	0.0000	0.0000	0.0000	0.0000	0.0000	0.0000	0.0000	0.0000	0.0000	0.0000	0.0000	0.0000	0.0000	0.0000	0.0000	0.0000	0.0000	0.0000	0.0000	0.0000	0.0000	0.0000	0.0000	0.0000	0.0000	0.0000	0.0000	0.0000	0.0000	0.0000	0.0000	0.0000	0.0000	0.0000	0.0000	0.0000											
45	104	0.1624	5	0	1	1	0	0	0	0	0	N	N	N	N	N	N	N	N	N	N	N	N	0.0000	0.0000	0.0000	0.0000	0.0000	0.0000	0.0000	0.0000	0.0000	0.0000	0.0000	0.0000	0.0000	0.0000	0.0000	0.0000	0.0000	0.0000	0.0000	0.0000	0.0000	2.0010	0.0000	1.0153	0.0000	0.0000	0.0000	0.0000	0.0000	0.0000	0.0000	0.0000	0.0000	0.0000	0.0000	0.0000	0.0000	0.0000	0.0000	0.0000	0.0000	0.0000	0.0000	0.0000	0.0000	0.0000	0.0000	0.0000	0.0000	0.0000	0.0000	0.0000	0.0000	0.0000	0.0000	0.0000	0.0000	0.0000	0.0000	0.0000	0.0000	0.0000	0.0000	0.0000	0.0000	0.0000	0.0000	0.0000	0.0000	0.0000	0.0000	0.0000	0.0000	0.0000	0.0000	0.0000	0.0000	0.0000											
45	105	0.0995	4	0	1	1	0	0	0	0	0	N	N	N	N	N	N	N	N	N	N	N	N	0.0000	0.0000	0.0000	0.0000	0.0000	0.0000	0.0000	0.0000	0.0000	0.0000	0.0000	0.0000	0.0000	0.0000	0.0000	0.0000	0.0000	0.0000	0.0000	0.0000	0.0000	3.0162	0.0000	11.0438	0.0000	0.0000	0.0000	0.0000	0.0000	0.0000	0.0000	0.0000	0.0000	0.0000	0.0000	0.0000	0.0000	0.0000	0.0000	0.0000	0.0000	0.0000	0.0000	0.0000	0.0000	0.0000	0.0000	0.0000	0.0000	0.0000	0.0000	0.0000	0.0000	0.0000	0.0000	0.0000	0.0000	0.0000	0.0000	0.0000	0.0000	0.0000	0.0000	0.0000	0.0000	0.0000	0.0000	0.0000	0.0000	0.0000	0.0000	0.0000	0.0000	0.0000	0.0000	0.0000	0.0000	0.0000											
45	106	0.2003	9	1	1	1	0	0	0	0	0	N	N	N	N	N	N	N	N	N	N	N	N	0.0000	0.0000	0.0000	0.0000	0.0000	0.0000	0.0000	0.0000	0.0000	0.0000	0.0000	0.0000	0.0000	0.0000	0.0000	0.0000	0.0000	0.0000	0.0000	0.0000	0.0000	1.0000	0.0000	1.0000	0.0000	0.0000	0.0000	0.0000	0.0000	0.0000	0.0000	0.0000	0.0000	0.0000	0.0000	0.0000	0.0000	0.0000	0.0000	0.0000	0.0000	0.0000	0.0000	0.0000	0.0000	0.0000	0.0000	0.0000	0.0000	0.0000	0.0000	0.0000	0.0000	0.0000	0.0000	0.0000	0.0000	0.0000	0.0000	0.0000	0.0000	0.0000	0.0000	0.0000	0.0000	0.0000	0.0000	0.0000	0.0000	0.0000	0.0000	0.0000	0.0000	0.0000	0.0000	0.0000	0.0000	0.0000											
45	107	0.1962	8	1	1	1	0	0	0	0	0	N	N	N	N	N	N	N	N	N	N	N	N	0.0000	0.0000	0.0000	0.0000	0.0000	0.0000	0.0000	0.0000	0.0000	0.0000	0.0000	0.0000	0.0000	0.0000	0.0000	0.0000	0.0000	0.0000	0.0000	0.0000	0.0000	0.0000	0.0000	0.9999	0.0000	0.0000	0.0000	0.0000	0.0000	0.0000	0.0000	0.0000	0.0000	0.0000	0.0000	0.0000	0.0000	0.0000	0.0000	0.0000	0.0000	0.0000	0.0000	0.0000	0.0000	0.0000	0.0000	0.0000	0.0000	0.0000	0.0000	0.0000	0.0000	0.0000	0.0000	0.0000	0.0000	0.0000	0.0000	0.0000	0.0000	0.0000	0.0000	0.0000	0.0000	0.0000	0.0000	0.0000	0.0000	0.0000	0.0000	0.0000	0.0000	0.0000	0.0000	0.0000	0.0000	0.0000											
45	108	0.1754	7	1	1	1	0	0	0	0	0	N	N	N	N	N	N	N	N	N	N	N	N	0.0000	0.0000	0.0000	0.0000	0.0000	0.0000	0.0000	0.0000	0.0000	0.0000	0.0000	0.0000	0.0000	0.0000	0.0000	0.0000	0.0000	0.0000	0.0000	0.0000	0.0000	0.0100	0.0000	4.8896	0.0000	0.0000	0.0000	0.0000	0.0000	0.0000	0.0000	0.0000	0.0000	0.0000	0.0000	0.0000	0.0000	0.0000	0.0000	0.0000	0.0000	0.0000	0.0000	0.0000	0.0000	0.0000	0.0000	0.0000	0.0000	0.0000	0.0000	0.0000	0.0000	0.0000	0.0000	0.0000	0.0000	0.0000	0.0000	0.0000	0.0000	0.0000	0.0000	0.0000	0.0000	0.0000	0.0000	0.0000	0.0000	0.0000	0.0000	0.0000	0.0000	0.0000	0.0000	0.0000	0.0000	0.0000											
45	109	0.1653	6	0	1	1	0	0	0	0	0	N	N	N	N	N	N	N	N	N	N	N	N	0.0000	0.0000	0.0000	0.0000	0.0000	0.0000	0.0000	0.0000	0.0000	0.0000	0.0000	0.0000	0.0000	0.0000	0.0000	0.0000	0.0000	0.0000	0.0000	0.0000	0.0000	1.0007	0.0000	1.4004	0.0000	0.0000	0.0000	0.0000	0.0000	0.0000	0.0000	0.0000	0.0000	0.0000	0.0000	0.0000	0.0000	0.0000	0.0000	0.0000	0.0000	0.0000	0.0000	0.0000	0.0000	0.0000	0.0000	0.0000	0.0000	0.0000	0.0000	0.0000	0.0000	0.0000	0.0000	0.0000	0.0000	0.0000	0.0000	0.0000	0.0000	0.0000	0.0000	0.0000	0.0000	0.0000	0.0000	0.0000	0.0000	0.0000	0.0000	0.0000	0.0000	0.0000	0.0000	0.0000	0.0000	0.0000											
45	110	0.1520	5	0	0	1	0	0	0	0	0	N	N	N	N	N	N	N	N	N	N	N	N	0.0000	0.0000	0.0000	0.0000	0.0000	0.0000	0.0000	0.0000	0.0000	0.0000	0.0000	0.0000	0.0000	0.0000	0.0000	0.0000	0.0000	0.0000	0.0000	0.0000	0.0000	0.3039	0.0000	2.8719	0.0000	0.0000	0.0000	0.0000	0.0000	0.0000	0.0000	0.0000	0.0000	0.0000	0.0000	0.0000	0.0000	0.0000	0.0000	0.0000	0.0000	0.0000	0.0000	0.0000	0.0000	0.0000	0.0000	0.0000	0.0000	0.0000	0.0000	0.0000	0.0000	0.0000	0.0000	0.0000	0.0000	0.0000	0.0000	0.0000	0.0000	0.0000	0.0000	0.0000	0.0000	0.0000	0.0000	0.0000	0.0000	0.0000	0.0000	0.0000	0.0000	0.0000	0.0000	0.0000	0.0000	0.0000											
45	111	0.0995	4	0	0	1	0	0	0	0	0	N	N	N	N	N	N	N	N	N	N	N	N	0.0000	0.0000	0.0000	0.0000	0.0000	0.0000	0.0000	0.0000	0.0000	0.0000	0.0000	0.0000	0.0000	0.0000	0.0000	0.0000	0.0000	0.0000	0.0000	0.0000	0.0000	3.8240	0.0000	8.1760	0.0000	0.0000	0.0000	0.0000	0.0000	0.0000	0.0000	0.0000	0.0000	0.0000	0.0000	0.0000	0.0000	0.0000	0.0000	0.0000	0.0000	0.0000	0.0000	0.0000	0.0000	0.0000	0.0000	0.0000	0.0000	0.0000	0.0000	0.0000	0.0000	0.0000	0.0000	0.0000	0.0000	0.0000	0.0000	0.0000	0.0000	0.0000	0.0000	0.0000	0.0000	0.0000	0.0000	0.0000	0.0000	0.0000	0.0000	0.0000	0.0000	0.0000	0.0000	0.0000	0.0000	0.0000											
45	115	0.2921	7	0	0	1	0	0	0	0	0	N	N	N	N	N	N	N	N	N	N	N	N	0.0000	0.0000	0.0000	0.0000	0.0000	0.0000	0.0000	0.0000	0.0000	0.0000	0.0000	0.0000	0.0000	0.0000	0.0000	0.0000	0.0000	0.0000	0.0000	0.0000	0.0000	8.9918	0.0000	13.3277	0.0000	0.0000	0.0000	0.0000	0.0000	0.0000	0.0000	0.0000	0.0000	0.0000	0.0000	0.0000	0.0000	0.0000	0.0000	0.0000	0.0000	0.0000	0.0000	0.0000	0.0000	0.0000	0.0000	0.0000	0.0000	0.0000	0.0000	0.0000	0.0000	0.0000	0.0000	0.0000	0.0000	0.0000	0.0000	0.0000	0.0000	0.0000	0.0000	0.0000	0.0000	0.0000	0.0000	0.0000	0.0000	0.0000	0.0000	0.0000	0.0000	0.0000	0.0000	0.0000	0.0000	0.0000											
46	47	0.1140	3	0	1	0	0	0	0	0	0	N	N	N	N	N	N	N	N	N	N	N	N	0.0000	0.0000	0.0000	0.0000	0.0000	0.0000	0.0000	0.0000	0.0000	0.0000	0.0000	0.0000	0.0000	0.0000	0.0000	0.0000	0.0000	0.0000	0.0000	0.0000	4.0000	0.0000	5.9850	0.0000	0.0000	0.0000	0.0000	0.0000	0.0000	0.0000	0.0000	0.0000	0.0000	0.0000	0.0000	0.0000	0.0000	0.0000	0.0000	0.0000	0.0000	0.0000	0.0000	0.0000	0.0000	0.0000	0.0000	0.0000	0.0000	0.0000	0.0000	0.0000	0.0000	0.0000	0.0000	0.0000	0.0000	0.0000	0.0000	0.0000	0.0000	0.0000	0.0000	0.0000	0.0000	0.0000	0.0000	0.0000	0.0000	0.0000	0.0000	0.0000	0.0000	0.0000	0.0000	0.0000	0.0000	0.0000											
46	48	0.1738	6	1	1	1	0	0	0	0	0	N	N	N	N	N	N	N	N	N	N	N	N	0.0000	0.0000	0.0000	0.0000	0.0000	0.0000	0.0000	0.0000	0.0000	0.0000	0.0000	0.0000	0.0000	0.0000	0.0000	0.6567	1.4871	0.0000	31.9207	35.1449	0.0000	0.1018	0.1831	0.0000	0.0000	0.0000	-0.0094	4.0000	0.0000	5.9850	2.0152	0.0000	0.0000	0.0000	0.0000	0.0000	0.0000	0.0000	0.0000	0.0000	0.0173	0.0173	0.0000	0.0137	0.0137	0.0000	0.0036	0.0036	0.0000	0.0000	0.0000	0.0000	0.0000	0.0000	0.0000	0.0000	0.0000	0.0000	0.0422	0.0253	0.0169	0.0071	0.0058	0.0013	0.0351	0.0195	0.0156	0.0000	0.0000	0.0000	0.0000	0.0000	0.0000	0.0000	0.0000	0.0000	0.4108	0.6849	0.0000	1.9356	2.3761	0.0000	0.1018	0.1831	0.0000				
46	49	0.1696	5	1	0	1	0	0	0	0	0	N	N	N	N	N	N	N	N	N	N	N	N	0.0000	0.0000	0.0000	0.0000	0.0000	0.0000	0.0000	0.0000	0.0000	0.0000	0.0000	0.0000	0.0000	0.0000	0.0000	0.0000	0.0000	46.7424	76.1216	2.3332	103.5713	122.3928	0.0000	55.3597	97.2133	2.6356	0.0134	0.0000	-0.5386	4.0000	0.0003	5.9850	1.0311	0.0000	0.0000	0.0000	0.0000	0.0000	0.0000	0.0000	0.0000	0.0000	1.0225	1.0090	0.0135	0.0125	0.0125	0.0000	1.0099	0.9964	0.0135	0.0001	0.0001	0.0000	0.0000	0.0000	0.0000	0.0000	0.0000	0.0000	0.0219	0.0133	0.0086	0.0036	0.0030	0.0006	0.0182	0.0103	0.0080	0.0000	0.0000	0.0000	0.0000	0.0000	0.0000	0.0000	0.0000	0.0000	46.7424	76.1216	1.5658	3.4497	4.1692	0.0000	55.3597	97.2133	1.6885		
46	50	0.1696	5	1	1	1	0	0	0	0	0	N	N	N	N	N	N	N	N	N	N	N	N	0.0000	0.0000	0.0000	0.0000	0.0000	0.0000	0.0000	0.0000	0.0000	0.0000	0.0000	0.0000	0.0000	1.0562	2.1675	0.0000	105.1074	122.4003	0.0000	0.0000	0.0000	0.0000	0.0000	0.0000	-0.0069	4.0000	0.0003	5.9850	1.0126	0.0000	0.0000	0.0000	0.0000	0.0000	0.0000	0.0000	0.0000	0.0000	0.0127	0.0127	0.0000	0.0127	0.0127	0.0000	0.0000	0.0000	0.0000	0.0001	0.0001	0.0000	0.0000	0.0000	0.0000	0.0000	0.0000	0.0000	0.0215	0.0130	0.0085	0.0036	0.0030	0.0006	0.0179	0.0101	0.0079	0.0000	0.0000	0.0000	0.0000	0.0000	0.0000	0.0000	0.0000	0.0000	0.5906	0.9741	0.0000	3.5509	4.2890	0.0000	0.0000	0.0000	0.0000						
46	51	0.1988	4	1	1	0	0	0	0	0	0	N	N	N	N	N	N	N	N	N	N	N	N	0.0000	0.0000	0.0000	0.0000	0.0000	0.0000	0.0000	0.0000	0.0000	0.0000	0.0000	0.0000	0.0000	0.0000	0.0000	0.0000	0.0000	0.0000	0.0000	0.0000	4.0000	0.0000	5.9850	1.0000	0.0000	0.0000	0.0000	0.0000	0.0000	0.0000	0.0000	0.0000	0.0000	0.0000	0.0000	0.0000	0.0000	0.0000	0.0000	0.0000	0.0000	0.0000	0.0000	0.0000	0.0000	0.0000	0.0000	0.0000	0.0000	0.0000	0.0000	0.0199	0.0120	0.0079	0.0044	0.0035	0.0009	0.0156	0.0086	0.0070	0.0000	0.0000	0.0000	0.0000	0.0000	0.0000	0.0000	0.0000	0.0000	0.0000	0.0000	0.0000	0.0000	0.0000	0.0000	0.0000	0.0000	0.0000											
46	52	0.0820	3	0	1	0	1	0	0	0	0	N	N	N	N	N	N	N	N	N	N	N	N	0.0000	0.0000	0.0000	0.0000	0.0000	0.0000	0.0000	0.0000	0.0000	0.0000	0.0000	0.0000	0.0000	0.0000	0.0000	0.0000	0.0000	0.0000	0.0000	0.0000	4.0000	0.9995	5.9850	1.0399	0.0000	0.0000	0.0000	0.0000	0.0000	0.0000	0.0000	0.0000	0.0000	0.0000	0.0000	0.0000	0.0000	0.0000	0.0000	0.0000	0.0000	0.0000	0.0531	0.0451	0.0080	0.0009	0.0008	0.0001	0.0522	0.0443	0.0079	0.0578	0.0381	0.0196	0.0099	0.0096	0.0003	0.0479	0.0285	0.0193	0.0000	0.0000	0.0000	0.0000	0.0000	0.0000	0.0000	0.0000	0.0000	0.0000	0.0000	0.0000	0.0000	0.0000	0.0000	0.0000	0.0000	0.0000											
46	53	0.0820	3	0	0	0	1	0	0	0	0	N	N	N	N	N	N	N	N	N	N	N	N	0.0000	0.0000	0.0000	0.0000	0.0000	0.0000	0.0000	0.0000	0.0000	0.0000	0.0000	0.0000	0.0000	0.0000	0.0000	0.0000	0.0000	0.0000	0.0000	0.0000	4.0000	3.0005	5.9850	1.0125	0.0000	0.0000	0.0000	0.0000	0.0000	0.0000	0.0000	0.0000	0.0000	0.0000	0.0000	0.0000	0.0000	0.0000	0.0000	0.0000	0.0000	0.0000	0.1562	0.1329	0.0234	0.0025	0.0024	0.0001	0.1537	0.1305	0.0232	0.0972	0.0603	0.0368	0.0118	0.0112	0.0006	0.0854	0.0491	0.0362	0.0000	0.0000	0.0000	0.0000	0.0000	0.0000	0.0000	0.0000	0.0000	0.0000	0.0000	0.0000	0.0000	0.0000	0.0000	0.0000	0.0000	0.0000											
46	54	0.0738	2	0	0	0	1	0	0	0	0	N	N	N	N	N	N	N	N	N	N	N	N	0.0000	0.0000	0.0000	0.0000	0.0000	0.0000	0.0000	0.0000	0.0000	0.0000	0.0000	0.0000	0.0000	0.0000	0.0000	0.0000	0.0001	0.0001	0.0000	0.0000	0.0000	0.0000	0.0000	0.0000	-0.0000	4.0000	0.0013	5.9850	1.9704	0.0000	0.0000	0.0000	0.0000	0.0000	0.0000	0.0000	0.0000	0.0000	0.0000	0.0000	0.0000	0.0000	0.0000	0.0000	0.0000	0.0000	0.0000	0.0001	0.0001	0.0000	0.0000	0.0000	0.0000	0.0001	0.0001	0.0000	0.0407	0.0227	0.0180	0.0006	0.0006	0.0000	0.0400	0.0221	0.0180	0.0000	0.0000	0.0000	0.0000	0.0000	0.0000	0.0000	0.0000	0.0000	0.0000	0.0000	0.0000	0.0001	0.0001	0.0000	0.0000	0.0000	0.0000						
46	56	0.1601	6	0	1	1	0	0	0	0	0	N	N	N	N	N	N	N	N	N	N	N	N	0.0000	0.0000	0.0000	0.0000	0.0000	0.0000	0.0000	0.0000	0.0000	0.0000	0.0000	0.0000	0.0000	0.0099	0.0151	0.0000	0.0460	0.0520	0.0000	0.0000	0.0000	0.0000	0.0000	0.0000	-0.0010	4.0000	2.0013	5.9850	5.6727	0.0000	0.0000	0.0000	0.0000	0.0000	0.0000	0.0000	0.0000	0.0000	0.0018	0.0018	0.0000	0.0018	0.0018	0.0000	0.0000	0.0000	0.0000	0.1048	0.0894	0.0154	0.0053	0.0050	0.0003	0.0995	0.0844	0.0151	0.1813	0.1192	0.0621	0.0391	0.0346	0.0045	0.1422	0.0845	0.0577	0.0000	0.0000	0.0000	0.0000	0.0000	0.0000	0.0000	0.0000	0.0000	0.0099	0.0151	0.0000	0.0460	0.0520	0.0000	0.0000	0.0000	0.0000						
46	57	0.1564	5	0	1	0	0	0	0	0	0	N	N	N	N	N	N	N	N	N	N	N	N	0.0000	0.0000	0.0000	0.0000	0.0000	0.0000	0.0000	0.0000	0.0000	0.0000	0.0000	0.0000	0.0000	0.0000	0.0000	0.0000	0.0000	0.0000	0.0304	0.0050	0.1322	0.0044	0.0045	0.0000	0.0443	0.0054	0.1348	6.9697	0.0000	0.0007	4.0000	0.0033	5.9850	1.3874	0.0000	0.0000	0.0000	0.0000	0.0000	0.0000	0.0000	0.0000	0.0000	0.0020	0.0002	0.0017	0.0001	0.0001	0.0000	0.0019	0.0001	0.0017	0.0002	0.0002	0.0000	0.0000	0.0000	0.0000	0.0002	0.0002	0.0000	0.0655	0.0496	0.0160	0.0228	0.0220	0.0009	0.0427	0.0276	0.0151	0.0000	0.0000	0.0000	0.0000	0.0000	0.0000	0.0000	0.0000	0.0000	0.0304	0.0050	0.1090	0.0044	0.0045	0.0000	0.0443	0.0054	0.1152	
46	58	0.1413	4	1	0	1	0	0	0	0	0	N	N	N	N	N	N	N	N	N	N	N	N	0.0000	0.0000	0.0000	0.0000	0.0000	0.0000	0.0000	0.0000	0.0000	0.0000	0.0000	0.0000	0.0000	0.0000	0.0000	0.0000	0.0000	0.0000	0.0000	0.0000	4.0000	0.0000	5.9850	2.0000	0.0000	0.0000	0.0000	0.0000	0.0000	0.0000	0.0000	0.0000	0.0000	0.0000	0.0000	0.0000	0.0000	0.0000	0.0000	0.0000	0.0000	0.0000	0.0000	0.0000	0.0000	0.0000	0.0000	0.0000	0.0000	0.0000	0.0000	0.0385	0.0230	0.0155	0.0037	0.0028	0.0009	0.0349	0.0202	0.0147	0.0000	0.0000	0.0000	0.0000	0.0000	0.0000	0.0000	0.0000	0.0000	0.0000	0.0000	0.0000	0.0000	0.0000	0.0000	0.0000	0.0000	0.0000											
46	59	0.1564	5	0	1	0	0	0	0	0	0	N	N	N	N	N	N	N	N	N	N	N	N	0.0000	0.0000	0.0000	0.0000	0.0000	0.0000	0.0000	0.0000	0.0000	0.0000	0.0000	0.0000	0.0000	0.0007	0.0011	0.0000	0.0032	0.0035	0.0000	0.0000	0.0000	0.0000	0.0000	0.0000	-0.0001	4.0000	1.9997	5.9850	3.4660	0.0000	0.0000	0.0000	0.0000	0.0000	0.0000	0.0000	0.0000	0.0000	0.0001	0.0001	0.0000	0.0001	0.0001	0.0000	0.0000	0.0000	0.0000	0.1043	0.0889	0.0153	0.0051	0.0048	0.0003	0.0992	0.0841	0.0151	0.1390	0.0932	0.0458	0.0316	0.0285	0.0032	0.1074	0.0648	0.0426	0.0000	0.0000	0.0000	0.0000	0.0000	0.0000	0.0000	0.0000	0.0000	0.0007	0.0011	0.0000	0.0032	0.0035	0.0000	0.0000	0.0000	0.0000						
46	60	0.1413	4	0	1	0	0	0	0	0	0	N	N	N	N	N	N	N	N	N	N	N	N	0.0000	0.0000	0.0000	0.0000	0.0000	0.0000	0.0000	0.0000	0.0000	0.0000	0.0000	0.0000	0.0000	0.0000	0.0000	0.0015	0.0005	0.0029	0.0000	0.0000	0.0000	0.0016	0.0006	0.0031	4.0000	0.0000	0.0000	4.0000	0.0005	5.9850	3.6054	0.0000	0.0000	0.0000	0.0000	0.0000	0.0000	0.0000	0.0000	0.0000	0.0001	0.0000	0.0001	0.0000	0.0000	0.0000	0.0001	0.0000	0.0001	0.0000	0.0000	0.0000	0.0000	0.0000	0.0000	0.0000	0.0000	0.0000	0.0687	0.0410	0.0277	0.0065	0.0050	0.0015	0.0621	0.0360	0.0262	0.0000	0.0000	0.0000	0.0000	0.0000	0.0000	0.0000	0.0000	0.0000	0.0015	0.0005	0.0029	0.0000	0.0000	0.0000	0.0016	0.0006	0.0031				
46	61	0.1140	3	0	0	1	0	0	0	0	0	N	N	N	N	N	N	N	N	N	N	N	N	0.0000	0.0000	0.0000	0.0000	0.0000	0.0000	0.0000	0.0000	0.0000	0.0000	0.0000	0.0000	0.0000	0.0000	0.0000	0.0000	0.0000	0.0000	0.0000	0.0000	4.0000	0.0000	5.9850	1.0000	0.0000	0.0000	0.0000	0.0000	0.0000	0.0000	0.0000	0.0000	0.0000	0.0000	0.0000	0.0000	0.0000	0.0000	0.0000	0.0000	0.0000	0.0000	0.0000	0.0000	0.0000	0.0000	0.0000	0.0000	0.0000	0.0000	0.0000	0.0198	0.0112	0.0086	0.0016	0.0012	0.0005	0.0182	0.0100	0.0081	0.0000	0.0000	0.0000	0.0000	0.0000	0.0000	0.0000	0.0000	0.0000	0.0000	0.0000	0.0000	0.0000	0.0000	0.0000	0.0000	0.0000	0.0000											
46	62	0.1098	2	0	0	0	0	0	0	0	0	N	N	N	N	N	N	N	N	N	N	N	N	141238.6195	0.0000	inf	0.0000	0.0000	inf	inf	4.1621	0.0000	34.2036	0.0000	0.0000	0.0000	5.8109	0.0000	35.0101	0.0000	0.0000	0.0000	0.0002	0.0002	0.0000	0.0000	0.0000	0.0000	inf	0.0000	0.0000	-0.0000	4.0000	0.0001	5.9850	1.0076	0.0001	0.0000	0.0001	0.0000	0.0000	0.0000	0.0001	0.0000	0.0001	0.0000	0.0000	0.0000	0.0000	0.0000	0.0000	0.0000	0.0000	0.0000	0.0000	0.0000	0.0000	0.0000	0.0000	0.0000	0.0000	0.0000	0.0000	0.0252	0.0157	0.0095	0.0042	0.0037	0.0005	0.0210	0.0120	0.0091	141238.6195	0.0000	inf	0.0000	0.0000	0.0000	inf	0.0000	inf	0.0000	0.0000	0.0000	0.0002	0.0002	0.0000	0.0000	0.0000	0.0000		
46	64	0.1413	4	1	1	0	0	0	0	0	0	N	N	N	N	N	N	N	N	N	N	N	N	0.0000	0.0000	0.0000	0.0000	0.0000	0.0000	0.0000	0.0000	0.0000	0.0000	0.0000	0.0000	0.0000	0.0000	0.0000	0.0000	0.0000	0.0000	0.0000	0.0000	4.0000	4.0000	5.9850	3.0000	0.0000	0.0000	0.0000	0.0000	0.0000	0.0000	0.0000	0.0000	0.0000	0.0000	0.0000	0.0000	0.0000	0.0000	0.0000	0.0000	0.0000	0.0000	0.2046	0.1746	0.0299	0.0098	0.0093	0.0005	0.1948	0.1653	0.0294	0.1300	0.0776	0.0524	0.0125	0.0096	0.0029	0.1175	0.0680	0.0495	0.0000	0.0000	0.0000	0.0000	0.0000	0.0000	0.0000	0.0000	0.0000	0.0000	0.0000	0.0000	0.0000	0.0000	0.0000	0.0000	0.0000	0.0000											
46	65	0.0995	3	0	0	0	0	0	0	0	0	N	N	N	N	N	N	N	N	N	N	N	N	inf	inf	inf	inf	9.4493	11.1218	0.0000	0.0000	0.0000	0.0000	9.5563	11.2596	0.0000	0.0000	0.0000	0.0000	0.0000	0.0000	0.0000	0.0000	0.0000	0.0000	0.0000	-0.4617	0.0000	4.0000	2.0015	5.9850	10.0016	1.0000	1.0000	0.0000	0.0000	0.0000	0.0000	1.0000	1.0000	0.0000	0.0000	0.0000	0.0000	0.0000	0.0000	0.0000	0.0000	0.0000	0.0000	0.1058	0.0899	0.0159	0.0012	0.0011	0.0001	0.1046	0.0888	0.0158	0.2230	0.1265	0.0965	0.0147	0.0111	0.0036	0.2083	0.1154	0.0929	inf	inf	0.0000	0.0000	0.0000	0.0000	inf	inf	0.0000	0.0000	0.0000	0.0000	0.0000	0.0000	0.0000	0.0000	0.0000	0.0000						
46	67	0.2543	5	0	0	0	0	0	0	0	0	N	N	N	N	N	N	N	N	N	N	N	N	2.0100	0.0001	33.0276	0.0004	0.0001	0.7099	7.9140	0.0000	28.5466	3.1880	0.0003	23.2869	0.0129	0.0031	0.3069	3.5298	0.0000	23.8288	1.5861	2.6227	0.7051	32.4754	33.7597	0.4323	0.4460	0.3684	0.8347	11114.8750	0.1832	0.4786	-0.2289	4.0000	4.8614	5.9850	14.2102	0.8893	0.0001	0.8892	0.0004	0.0001	0.0003	0.8889	0.0000	0.8889	0.5943	0.5023	0.0920	0.4390	0.4278	0.0112	0.1553	0.0744	0.0809	0.2789	0.2408	0.0382	0.0271	0.0262	0.0009	0.2518	0.2145	0.0373	0.5704	0.3908	0.1796	0.2222	0.1887	0.0335	0.3482	0.2021	0.1461	3.0599	0.0003	45.4618	0.0065	0.0013	0.9222	7.9140	0.0000	43.0580	1.0419	1.2853	0.5122	1.9755	2.2675	0.3328	0.4460	0.3684	0.5534
46	68	0.1752	7	1	1	1	0	0	0	0	0	N	N	N	N	N	N	N	N	N	N	N	N	0.0000	0.0000	0.0000	0.0000	0.0000	0.0000	0.0000	0.0000	0.0000	0.0000	0.0000	0.0000	0.0000	0.0000	0.0000	0.0000	0.0000	0.0000	0.0000	0.0000	4.0000	0.0000	5.9850	0.0000	0.0000	0.0000	0.0000	0.0000	0.0000	0.0000	0.0000	0.0000	0.0000	0.0000	0.0000	0.0000	0.0000	0.0000	0.0000	0.0000	0.0000	0.0000	0.0000	0.0000	0.0000	0.0000	0.0000	0.0000	0.0000	0.0000	0.0000	0.0000	0.0000	0.0000	0.0000	0.0000	0.0000	0.0000	0.0000	0.0000	0.0000	0.0000	0.0000	0.0000	0.0000	0.0000	0.0000	0.0000	0.0000	0.0000	0.0000	0.0000	0.0000	0.0000	0.0000	0.0000	0.0000	0.0000											
46	69	0.1710	6	1	0	1	0	0	0	0	0	N	N	N	N	N	N	N	N	N	N	N	N	0.0000	0.0000	0.0000	0.0000	0.0000	0.0000	0.0000	0.0000	0.0000	0.0000	0.0000	0.0000	0.0000	46.1090	0.0000	245.3630	0.0000	0.0000	0.0000	57.3646	0.0000	246.4123	inf	0.0000	0.4438	4.0000	0.0016	5.9850	0.9826	0.0000	0.0000	0.0000	0.0000	0.0000	0.0000	0.0000	0.0000	0.0000	0.9647	0.0000	0.9647	0.0000	0.0000	0.0000	0.9647	0.0000	0.9647	0.0003	0.0003	0.0000	0.0001	0.0001	0.0000	0.0002	0.0002	0.0000	0.0209	0.0129	0.0081	0.0041	0.0034	0.0007	0.0168	0.0094	0.0074	0.0000	0.0000	0.0000	0.0000	0.0000	0.0000	0.0000	0.0000	0.0000	46.1090	0.0000	119.8119	0.0000	0.0000	0.0000	57.3646	0.0000	130.5598						
46	70	0.1583	5	1	0	1	0	0	0	0	0	N	N	N	N	N	N	N	N	N	N	N	N	0.0000	0.0000	0.0000	0.0000	0.0000	0.0000	0.0000	0.0000	0.0000	0.0000	0.0000	0.0000	0.0000	0.0000	0.0000	0.0000	0.9513	0.0121	1.9869	0.0421	0.0498	0.0000	0.6655	0.0000	2.1296	73.1568	0.0000	0.0160	4.0000	0.0061	5.9850	3.0249	0.0000	0.0000	0.0000	0.0000	0.0000	0.0000	0.0000	0.0000	0.0000	0.0358	0.0005	0.0353	0.0005	0.0005	0.0000	0.0353	0.0000	0.0353	0.0008	0.0007	0.0001	0.0003	0.0003	0.0000	0.0006	0.0005	0.0001	0.0645	0.0399	0.0246	0.0115	0.0097	0.0018	0.0531	0.0302	0.0229	0.0000	0.0000	0.0000	0.0000	0.0000	0.0000	0.0000	0.0000	0.0000	0.5548	0.0121	1.4345	0.0421	0.0498	0.0000	0.6655	0.0000	1.5447			
46	71	0.1413	4	1	0	1	0	0	0	0	0	N	N	N	N	N	N	N	N	N	N	N	N	0.0000	0.0000	0.0000	0.0000	0.0000	0.0000	0.0000	0.0000	0.0000	0.0000	0.0000	0.0000	0.0000	0.0000	0.0000	0.0065	0.0004	0.0156	0.0000	0.0000	0.0000	0.0072	0.0005	0.0165	24.2385	0.0000	0.0002	4.0000	0.0044	5.9850	4.0281	0.0000	0.0000	0.0000	0.0000	0.0000	0.0000	0.0000	0.0000	0.0000	0.0005	0.0000	0.0005	0.0000	0.0000	0.0000	0.0005	0.0000	0.0005	0.0002	0.0002	0.0000	0.0000	0.0000	0.0000	0.0002	0.0002	0.0000	0.0765	0.0457	0.0309	0.0073	0.0056	0.0017	0.0692	0.0401	0.0292	0.0000	0.0000	0.0000	0.0000	0.0000	0.0000	0.0000	0.0000	0.0000	0.0065	0.0004	0.0156	0.0000	0.0000	0.0000	0.0072	0.0005	0.0165				
46	72	0.0995	3	0	1	0	0	0	0	0	0	N	N	N	N	N	N	N	N	N	N	N	N	0.0000	0.0000	0.0000	0.0000	0.0000	0.0000	0.0000	0.0000	0.0000	0.0000	0.0000	0.0000	0.0000	0.0000	0.0000	0.0000	0.0000	0.0000	0.0000	0.0000	4.0000	5.9987	5.9850	11.0016	0.0000	0.0000	0.0000	0.0000	0.0000	0.0000	0.0000	0.0000	0.0000	0.0000	0.0000	0.0000	0.0000	0.0000	0.0000	0.0000	0.0000	0.0000	0.3049	0.2597	0.0452	0.0032	0.0029	0.0002	0.3017	0.2568	0.0450	0.3040	0.1727	0.1312	0.0202	0.0152	0.0049	0.2838	0.1575	0.1263	0.0000	0.0000	0.0000	0.0000	0.0000	0.0000	0.0000	0.0000	0.0000	0.0000	0.0000	0.0000	0.0000	0.0000	0.0000	0.0000	0.0000	0.0000											
46	73	0.1413	4	1	0	1	0	0	0	0	0	N	N	N	N	N	N	N	N	N	N	N	N	inf	inf	inf	inf	9.5947	0.0000	65.1587	0.0000	0.0000	0.0000	10.0804	0.0000	66.2816	0.0000	0.0000	0.0000	0.0000	0.0000	0.0000	0.0000	0.0000	0.0000	inf	0.5383	0.0000	4.0000	2.0000	5.9850	5.0000	1.0000	0.0000	1.0000	0.0000	0.0000	0.0000	1.0000	0.0000	1.0000	0.0000	0.0000	0.0000	0.0000	0.0000	0.0000	0.0000	0.0000	0.0000	0.1042	0.0889	0.0153	0.0050	0.0048	0.0003	0.0992	0.0841	0.0151	0.1300	0.0776	0.0524	0.0125	0.0096	0.0029	0.1175	0.0680	0.0495	inf	0.0000	inf	0.0000	0.0000	0.0000	inf	0.0000	inf	0.0000	0.0000	0.0000	0.0000	0.0000	0.0000	0.0000	0.0000	0.0000						
46	74	0.1412	5	0	1	0	0	0	0	0	0	N	N	N	N	N	N	N	N	N	N	N	N	0.0505	0.0348	0.1141	0.1087	0.0001	0.0001	0.0000	0.0021	0.0022	0.0000	0.0000	0.0000	0.0000	0.0012	0.0021	0.0000	0.0185	0.0201	0.0000	0.0000	0.0000	0.0000	0.0000	0.0000	-0.0000	-0.0003	4.0000	6.1274	5.9850	13.6208	0.0000	0.0000	0.0000	0.0000	0.0000	0.0000	0.0000	0.0000	0.0000	0.0005	0.0005	0.0000	0.0005	0.0005	0.0000	0.0000	0.0000	0.0000	0.3220	0.2748	0.0472	0.0094	0.0091	0.0003	0.3125	0.2656	0.0469	0.3804	0.2242	0.1562	0.0252	0.0233	0.0020	0.3551	0.2009	0.1542	0.0505	0.0348	0.0000	0.1141	0.1087	0.0000	0.0000	0.0000	0.0000	0.0012	0.0021	0.0000	0.0185	0.0201	0.0000	0.0000	0.0000	0.0000					
46	75	0.1658	8	0	0	1	0	0	0	0	0	N	N	N	N	N	N	N	N	N	N	N	N	0.0000	0.0000	0.0000	0.0000	0.0000	0.0000	0.0000	0.0000	0.0000	0.0000	0.0000	0.0000	0.0000	0.0000	0.0000	0.0000	0.0000	0.0000	0.0000	0.0000	4.0000	0.0000	5.9850	1.0003	0.0000	0.0000	0.0000	0.0000	0.0000	0.0000	0.0000	0.0000	0.0000	0.0000	0.0000	0.0000	0.0000	0.0000	0.0000	0.0000	0.0000	0.0000	0.0000	0.0000	0.0000	0.0000	0.0000	0.0000	0.0000	0.0000	0.0000	0.0204	0.0121	0.0084	0.0011	0.0009	0.0001	0.0194	0.0111	0.0082	0.0000	0.0000	0.0000	0.0000	0.0000	0.0000	0.0000	0.0000	0.0000	0.0000	0.0000	0.0000	0.0000	0.0000	0.0000	0.0000	0.0000	0.0000											
46	76	0.1617	7	0	0	1	0	0	0	0	0	N	N	N	N	N	N	N	N	N	N	N	N	0.0000	0.0000	0.0000	0.0000	0.0000	0.0000	0.0000	0.0000	0.0000	0.0000	0.0000	0.0000	0.0000	0.0000	0.0000	0.0000	0.0000	0.0000	0.0000	0.0000	4.0000	0.0000	5.9850	1.0076	0.0000	0.0000	0.0000	0.0000	0.0000	0.0000	0.0000	0.0000	0.0000	0.0000	0.0000	0.0000	0.0000	0.0000	0.0000	0.0000	0.0000	0.0000	0.0000	0.0000	0.0000	0.0000	0.0000	0.0000	0.0000	0.0000	0.0000	0.0204	0.0120	0.0084	0.0008	0.0007	0.0001	0.0195	0.0113	0.0083	0.0000	0.0000	0.0000	0.0000	0.0000	0.0000	0.0000	0.0000	0.0000	0.0000	0.0000	0.0000	0.0000	0.0000	0.0000	0.0000	0.0000	0.0000											
46	77	0.1576	6	0	0	0	0	0	0	0	0	N	N	N	N	N	N	N	N	N	N	N	N	inf	inf	inf	inf	3.1751	3.5213	0.0000	8.8119	8.8429	0.0000	0.0000	0.0000	0.0000	0.0000	0.0000	0.0000	0.0000	0.0000	0.0000	0.0000	0.0000	0.0000	0.0000	-0.0006	0.0000	4.0000	0.0026	5.9850	0.9924	0.0014	0.0014	0.0000	0.0014	0.0014	0.0000	0.0000	0.0000	0.0000	0.0000	0.0000	0.0000	0.0000	0.0000	0.0000	0.0000	0.0000	0.0000	0.0004	0.0004	0.0000	0.0002	0.0002	0.0000	0.0003	0.0002	0.0000	0.0201	0.0118	0.0083	0.0008	0.0007	0.0001	0.0193	0.0111	0.0082	inf	inf	0.0000	inf	inf	0.0000	0.0000	0.0000	0.0000	0.0000	0.0000	0.0000	0.0000	0.0000	0.0000	0.0000	0.0000	0.0000						
46	78	0.1412	5	0	0	0	0	0	0	0	0	N	N	N	N	N	N	N	N	N	N	N	N	2.1822	0.0230	inf	0.0926	0.0917	inf	inf	0.0087	0.0001	0.0585	0.0025	0.0026	0.0000	0.0090	0.0000	0.0588	0.0040	0.0063	0.0000	0.0273	0.0281	0.0000	0.0000	0.0000	0.0000	69.5953	0.0000	0.0007	-0.0003	4.0000	2.8733	5.9850	1.5522	0.0014	0.0000	0.0014	0.0000	0.0000	0.0000	0.0014	0.0000	0.0014	0.0005	0.0005	0.0000	0.0005	0.0005	0.0000	0.0000	0.0000	0.0000	0.1624	0.1386	0.0238	0.0079	0.0078	0.0002	0.1544	0.1308	0.0236	0.1177	0.0746	0.0431	0.0172	0.0167	0.0005	0.1005	0.0579	0.0426	2.1822	0.0230	inf	0.0926	0.0917	0.0000	inf	0.0000	inf	0.0040	0.0063	0.0000	0.0273	0.0281	0.0000	0.0000	0.0000	0.0000		
46	79	0.1291	4	0	0	0	0	0	0	0	0	N	N	N	N	N	N	N	N	N	N	N	N	0.1685	0.1087	2.9036	0.1464	0.1464	0.0000	0.2984	0.0000	2.8228	0.0048	0.0044	0.0081	0.0186	0.0186	0.0000	0.0014	0.0000	0.0081	0.0288	0.0400	0.0028	0.1269	0.1272	0.0000	0.0045	0.0056	0.0029	0.2857	0.0301	-0.0000	-0.0021	4.0000	0.2102	5.9850	3.4985	0.0001	0.0001	0.0000	0.0001	0.0001	0.0000	0.0000	0.0000	0.0000	0.0041	0.0040	0.0001	0.0036	0.0036	0.0000	0.0005	0.0003	0.0001	0.0186	0.0161	0.0025	0.0038	0.0038	0.0000	0.0148	0.0123	0.0025	0.1426	0.0996	0.0430	0.0393	0.0380	0.0014	0.1033	0.0616	0.0416	0.1685	0.1087	2.9036	0.2010	0.1944	0.0000	0.2984	0.0000	2.8228	0.0288	0.0400	0.0028	0.0924	0.0958	0.0000	0.0045	0.0056	0.0029
46	80	0.0727	4	0	1	0	0	0	0	0	0	N	N	N	N	N	N	N	N	N	N	N	N	0.0000	0.0000	0.0000	0.0000	0.0000	0.0000	0.0000	0.0000	0.0000	0.0000	0.0000	0.0000	0.0000	0.0000	0.0000	6.0974	10.8569	0.0000	0.0487	0.0503	0.0000	6.2244	11.2121	0.0000	0.0000	0.0000	-0.5360	4.0000	2.0196	5.9850	6.0690	0.0000	0.0000	0.0000	0.0000	0.0000	0.0000	0.0000	0.0000	0.0000	0.9926	0.9926	0.0000	0.0004	0.0004	0.0000	0.9922	0.9922	0.0000	0.1075	0.0915	0.0160	0.0027	0.0026	0.0001	0.1047	0.0888	0.0159	0.1668	0.0956	0.0711	0.0074	0.0071	0.0002	0.1594	0.0885	0.0709	0.0000	0.0000	0.0000	0.0000	0.0000	0.0000	0.0000	0.0000	0.0000	5.9512	10.3781	0.0000	0.0487	0.0503	0.0000	6.2244	11.2121	0.0000				
46	81	0.0645	3	0	0	0	0	0	0	0	0	N	N	N	N	N	N	N	N	N	N	N	N	0.0151	0.0000	7.3278	0.0000	0.0000	0.0000	0.0186	0.0000	7.3501	0.0036	0.0000	0.0241	0.0000	0.0000	0.0000	0.0037	0.0000	0.0242	0.2411	0.7137	0.0033	0.1309	0.1304	0.0003	0.1977	0.3556	0.0033	inf	0.0074	0.0001	-0.0043	4.0000	0.9876	5.9850	0.9833	0.0002	0.0000	0.0002	0.0000	0.0000	0.0000	0.0002	0.0000	0.0002	0.0081	0.0081	0.0001	0.0001	0.0001	0.0000	0.0081	0.0080	0.0001	0.0522	0.0443	0.0079	0.0006	0.0006	0.0000	0.0516	0.0438	0.0079	0.0417	0.0234	0.0183	0.0009	0.0009	0.0000	0.0408	0.0225	0.0183	0.0186	0.0000	7.3278	0.0000	0.0000	0.0000	0.0186	0.0000	7.3501	0.1953	0.3452	0.0033	0.0951	0.0962	0.0003	0.1977	0.3556	0.0033
46	82	0.1696	5	1	0	1	0	0	0	0	0	N	N	N	N	N	N	N	N	N	N	N	N	0.0000	0.0000	0.0000	0.0000	0.0000	0.0000	0.0000	0.0000	0.0000	0.0000	0.0000	0.0000	0.0000	12.5917	0.0000	71.2921	0.0000	0.0000	0.0000	14.6841	0.0000	69.9374	inf	0.0000	0.4542	4.0000	1.0000	5.9850	2.9874	0.0000	0.0000	0.0000	0.0000	0.0000	0.0000	0.0000	0.0000	0.0000	0.9873	0.0000	0.9873	0.0000	0.0000	0.0000	0.9873	0.0000	0.9873	0.0531	0.0450	0.0080	0.0004	0.0003	0.0000	0.0527	0.0447	0.0080	0.0795	0.0471	0.0323	0.0122	0.0098	0.0024	0.0672	0.0373	0.0300	0.0000	0.0000	0.0000	0.0000	0.0000	0.0000	0.0000	0.0000	0.0000	12.4261	0.0000	30.5271	0.0000	0.0000	0.0000	14.6841	0.0000	32.9581						
46	83	0.1413	4	1	0	1	0	0	0	0	0	N	N	N	N	N	N	N	N	N	N	N	N	0.0000	0.0000	0.0000	0.0000	0.0000	0.0000	0.0000	0.0000	0.0000	0.0000	0.0000	0.0000	0.0000	0.0975	0.0000	0.3413	0.0000	0.0000	0.0000	0.1079	0.0000	0.3492	inf	0.0000	0.0058	4.0000	0.9997	5.9850	6.0128	0.0000	0.0000	0.0000	0.0000	0.0000	0.0000	0.0000	0.0000	0.0000	0.0127	0.0000	0.0127	0.0000	0.0000	0.0000	0.0127	0.0000	0.0127	0.0526	0.0448	0.0078	0.0025	0.0024	0.0001	0.0501	0.0424	0.0076	0.1302	0.0777	0.0525	0.0125	0.0096	0.0029	0.1177	0.0682	0.0495	0.0000	0.0000	0.0000	0.0000	0.0000	0.0000	0.0000	0.0000	0.0000	0.0975	0.0000	0.2421	0.0000	0.0000	0.0000	0.1079	0.0000	0.2564						
46	84	0.0995	3	0	1	0	1	0	0	0	0	N	N	N	N	N	N	N	N	N	N	N	N	0.0000	0.0000	0.0000	0.0000	0.0000	0.0000	0.0000	0.0000	0.0000	0.0000	0.0000	0.0000	0.0000	0.0000	0.0000	0.0000	0.0000	0.0000	0.0000	0.0000	4.0000	8.0013	5.9850	12.0015	0.0000	0.0000	0.0000	0.0000	0.0000	0.0000	0.0000	0.0000	0.0000	0.0000	0.0000	0.0000	0.0000	0.0000	0.0000	0.0000	0.0000	0.0000	0.3991	0.3403	0.0588	0.0041	0.0038	0.0003	0.3950	0.3366	0.0585	0.3497	0.1989	0.1507	0.0233	0.0175	0.0057	0.3264	0.1814	0.1450	0.0000	0.0000	0.0000	0.0000	0.0000	0.0000	0.0000	0.0000	0.0000	0.0000	0.0000	0.0000	0.0000	0.0000	0.0000	0.0000	0.0000	0.0000											
46	87	0.1413	4	0	1	0	0	0	0	0	0	N	N	N	N	N	N	N	N	N	N	N	N	0.0000	0.0000	0.0000	0.0000	0.0000	0.0000	0.0000	0.0000	0.0000	0.0000	0.0000	0.0000	0.0000	0.0000	0.0000	0.0000	0.0000	0.0000	0.0000	0.0000	4.0000	4.0000	5.9850	7.0000	0.0000	0.0000	0.0000	0.0000	0.0000	0.0000	0.0000	0.0000	0.0000	0.0000	0.0000	0.0000	0.0000	0.0000	0.0000	0.0000	0.0000	0.0000	0.2046	0.1746	0.0299	0.0098	0.0093	0.0005	0.1948	0.1653	0.0294	0.1983	0.1184	0.0799	0.0192	0.0147	0.0045	0.1791	0.1038	0.0754	0.0000	0.0000	0.0000	0.0000	0.0000	0.0000	0.0000	0.0000	0.0000	0.0000	0.0000	0.0000	0.0000	0.0000	0.0000	0.0000	0.0000	0.0000											
46	88	0.0995	3	0	0	0	0	0	0	0	0	N	N	N	N	N	N	N	N	N	N	N	N	0.0000	0.0000	0.0000	0.0000	0.0000	0.0000	0.0000	0.0000	0.0000	0.0000	0.0000	0.0000	0.0000	0.0000	0.0000	0.0000	0.0000	0.0000	0.0000	0.0000	4.0000	2.9985	5.9850	7.0016	0.0000	0.0000	0.0000	0.0000	0.0000	0.0000	0.0000	0.0000	0.0000	0.0000	0.0000	0.0000	0.0000	0.0000	0.0000	0.0000	0.0000	0.0000	0.1569	0.1334	0.0235	0.0017	0.0016	0.0001	0.1552	0.1318	0.0234	0.1887	0.1069	0.0817	0.0124	0.0094	0.0030	0.1763	0.0976	0.0787	0.0000	0.0000	0.0000	0.0000	0.0000	0.0000	0.0000	0.0000	0.0000	0.0000	0.0000	0.0000	0.0000	0.0000	0.0000	0.0000	0.0000	0.0000											
46	89	0.0730	4	0	1	0	0	0	0	0	0	N	N	N	N	N	N	N	N	N	N	N	N	0.0000	0.0000	0.0000	0.0000	0.0000	0.0000	0.0000	0.0000	0.0000	0.0000	0.0000	0.0000	0.0000	0.0000	0.0000	0.0000	5.4762	0.0006	23.9217	0.0060	0.0073	0.0000	5.7359	0.0000	23.5452	16723.5792	0.0000	0.4589	4.0000	0.0157	5.9850	9.0253	0.0000	0.0000	0.0000	0.0000	0.0000	0.0000	0.0000	0.0000	0.0000	0.9977	0.0001	0.9976	0.0001	0.0001	0.0000	0.9976	0.0000	0.9976	0.0029	0.0026	0.0004	0.0011	0.0011	0.0000	0.0019	0.0015	0.0004	0.1838	0.1039	0.0799	0.0099	0.0082	0.0017	0.1739	0.0957	0.0783	0.0000	0.0000	0.0000	0.0000	0.0000	0.0000	0.0000	0.0000	0.0000	5.4278	0.0006	12.4822	0.0060	0.0073	0.0000	5.7359	0.0000	12.7473			
46	90	0.0645	3	0	1	0	0	0	0	0	0	N	N	N	N	N	N	N	N	N	N	N	N	3.2636	0.0000	8.0564	0.0000	0.0000	3.4834	0.0000	7.9619	0.1943	0.0000	1.3253	0.0000	0.0000	0.0000	0.2045	0.0000	1.3297	0.0595	0.0063	0.1645	0.1302	0.1297	0.0000	0.0587	0.0026	0.1670	inf	15.9287	0.0001	0.0010	4.0000	0.0169	5.9850	2.0013	0.0002	0.0000	0.0002	0.0000	0.0000	0.0000	0.0002	0.0000	0.0002	0.0025	0.0002	0.0024	0.0001	0.0001	0.0000	0.0024	0.0001	0.0024	0.0010	0.0008	0.0001	0.0000	0.0000	0.0000	0.0009	0.0008	0.0001	0.0427	0.0240	0.0187	0.0010	0.0009	0.0000	0.0417	0.0230	0.0187	3.2636	0.0000	10.3750	0.0000	0.0000	0.0000	3.4834	0.0000	10.4039	0.0595	0.0063	0.1277	0.0948	0.0959	0.0000	0.0587	0.0026	0.1278	
46	91	0.0557	2	0	0	0	0	0	0	0	0	N	N	N	N	N	N	N	N	N	N	N	N	629.9339	0.0003	118307.4762	0.0109	0.0004	inf	4502.6584	0.0000	118352.5217	9.4762	0.0000	62.9323	0.0430	0.0017	1.3114	9.5197	0.0000	62.9918	0.0150	0.0268	0.0005	3.9378	4.0988	0.0000	0.0021	0.0035	0.0005	1244669.1313	0.0161	0.5359	-0.0003	4.0000	1.9923	5.9850	0.0454	0.9956	0.0000	0.9956	0.0000	0.0000	0.0000	0.9956	0.0000	0.9956	0.0007	0.0007	0.0000	0.0006	0.0006	0.0000	0.0001	0.0001	0.0000	0.1051	0.0892	0.0158	0.0005	0.0005	0.0000	0.1046	0.0888	0.0158	0.0440	0.0243	0.0197	0.0012	0.0012	0.0000	0.0428	0.0231	0.0196	629.9339	0.0003	118307.4762	0.0917	0.0036	inf	4502.6584	0.0000	118352.5217	0.0150	0.0268	0.0005	0.4694	0.4737	0.0000	0.0021	0.0035	0.0005
46	93	0.1962	8	1	1	0	1	0	0	0	0	N	N	N	N	N	N	N	N	N	N	N	N	0.0000	0.0000	0.0000	0.0000	0.0000	0.0000	0.0000	0.0000	0.0000	0.0000	0.0000	0.0000	0.0000	0.0000	0.0000	0.0000	0.0000	0.0000	0.0000	0.0000	4.0000	0.0000	5.9850	0.0000	0.0000	0.0000	0.0000	0.0000	0.0000	0.0000	0.0000	0.0000	0.0000	0.0000	0.0000	0.0000	0.0000	0.0000	0.0000	0.0000	0.0000	0.0000	0.0000	0.0000	0.0000	0.0000	0.0000	0.0000	0.0000	0.0000	0.0000	0.0000	0.0000	0.0000	0.0000	0.0000	0.0000	0.0000	0.0000	0.0000	0.0000	0.0000	0.0000	0.0000	0.0000	0.0000	0.0000	0.0000	0.0000	0.0000	0.0000	0.0000	0.0000	0.0000	0.0000	0.0000	0.0000	0.0000											
46	94	0.1962	7	1	1	0	1	0	0	0	0	N	N	N	N	N	N	N	N	N	N	N	N	0.0000	0.0000	0.0000	0.0000	0.0000	0.0000	0.0000	0.0000	0.0000	0.0000	0.0000	0.0000	0.0000	0.0000	0.0000	0.0000	0.0000	0.0000	0.0000	0.0000	4.0000	0.0000	5.9850	0.0001	0.0000	0.0000	0.0000	0.0000	0.0000	0.0000	0.0000	0.0000	0.0000	0.0000	0.0000	0.0000	0.0000	0.0000	0.0000	0.0000	0.0000	0.0000	0.0000	0.0000	0.0000	0.0000	0.0000	0.0000	0.0000	0.0000	0.0000	0.0000	0.0000	0.0000	0.0000	0.0000	0.0000	0.0000	0.0000	0.0000	0.0000	0.0000	0.0000	0.0000	0.0000	0.0000	0.0000	0.0000	0.0000	0.0000	0.0000	0.0000	0.0000	0.0000	0.0000	0.0000	0.0000	0.0000											
46	95	0.1782	6	0	1	0	1	0	0	0	0	N	N	N	N	N	N	N	N	N	N	N	N	0.0000	0.0000	0.0000	0.0000	0.0000	0.0000	0.0000	0.0000	0.0000	0.0000	0.0000	0.0000	0.0000	0.0000	0.0000	0.0000	0.0000	0.0000	0.0000	0.0000	4.0000	0.9845	5.9850	0.9903	0.0000	0.0000	0.0000	0.0000	0.0000	0.0000	0.0000	0.0000	0.0000	0.0000	0.0000	0.0000	0.0000	0.0000	0.0000	0.0000	0.0000	0.0000	0.0548	0.0468	0.0080	0.0039	0.0037	0.0002	0.0509	0.0430	0.0079	0.0417	0.0247	0.0170	0.0055	0.0047	0.0009	0.0362	0.0201	0.0161	0.0000	0.0000	0.0000	0.0000	0.0000	0.0000	0.0000	0.0000	0.0000	0.0000	0.0000	0.0000	0.0000	0.0000	0.0000	0.0000	0.0000	0.0000											
46	96	0.1754	6	0	1	0	0	0	0	0	0	N	N	N	N	N	N	N	N	N	N	N	N	0.0000	0.0000	0.0000	0.0000	0.0000	0.0000	0.0000	0.0000	0.0000	0.0000	0.0000	0.0000	0.0000	0.0001	0.0002	0.0000	0.0004	0.0005	0.0000	0.0000	0.0000	0.0000	0.0000	0.0000	-0.0000	4.0000	1.0063	5.9850	3.7812	0.0000	0.0000	0.0000	0.0000	0.0000	0.0000	0.0000	0.0000	0.0000	0.0000	0.0000	0.0000	0.0000	0.0000	0.0000	0.0000	0.0000	0.0000	0.0544	0.0463	0.0081	0.0017	0.0016	0.0001	0.0527	0.0446	0.0080	0.1465	0.0934	0.0530	0.0441	0.0380	0.0061	0.1024	0.0554	0.0469	0.0000	0.0000	0.0000	0.0000	0.0000	0.0000	0.0000	0.0000	0.0000	0.0001	0.0002	0.0000	0.0004	0.0005	0.0000	0.0000	0.0000	0.0000						
46	97	0.1782	6	0	0	1	1	0	0	0	0	N	N	N	N	N	N	N	N	N	N	N	N	0.0000	0.0000	0.0000	0.0000	0.0000	0.0000	0.0000	0.0000	0.0000	0.0000	0.0000	0.0000	0.0000	0.0000	0.0000	0.0000	0.0000	0.0000	0.0000	0.0000	4.0000	1.0165	5.9850	1.0129	0.0000	0.0000	0.0000	0.0000	0.0000	0.0000	0.0000	0.0000	0.0000	0.0000	0.0000	0.0000	0.0000	0.0000	0.0000	0.0000	0.0000	0.0000	0.0564	0.0482	0.0083	0.0040	0.0038	0.0002	0.0525	0.0444	0.0081	0.0428	0.0253	0.0174	0.0056	0.0047	0.0009	0.0371	0.0206	0.0165	0.0000	0.0000	0.0000	0.0000	0.0000	0.0000	0.0000	0.0000	0.0000	0.0000	0.0000	0.0000	0.0000	0.0000	0.0000	0.0000	0.0000	0.0000											
46	98	0.1653	5	0	0	0	1	0	0	0	0	N	N	N	N	N	N	N	N	N	N	N	N	0.0000	0.0000	0.0000	0.0000	0.0000	0.0000	0.0000	0.0000	0.0000	0.0000	0.0000	0.0000	0.0000	0.0000	0.0000	0.0000	0.0000	0.0000	0.0000	0.0000	4.0000	2.0241	5.9850	1.0265	0.0000	0.0000	0.0000	0.0000	0.0000	0.0000	0.0000	0.0000	0.0000	0.0000	0.0000	0.0000	0.0000	0.0000	0.0000	0.0000	0.0000	0.0000	0.1087	0.0926	0.0161	0.0039	0.0037	0.0002	0.1048	0.0889	0.0159	0.0613	0.0357	0.0256	0.0087	0.0068	0.0019	0.0525	0.0288	0.0237	0.0000	0.0000	0.0000	0.0000	0.0000	0.0000	0.0000	0.0000	0.0000	0.0000	0.0000	0.0000	0.0000	0.0000	0.0000	0.0000	0.0000	0.0000											
46	99	0.1653	5	0	0	1	1	0	0	0	0	N	N	N	N	N	N	N	N	N	N	N	N	inf	inf	inf	inf	6.2763	7.3673	0.0000	183.7044	196.0095	0.0000	0.0000	0.0000	0.0000	0.0000	0.0000	0.0000	0.0000	0.0000	0.0000	0.0000	0.0000	0.0000	0.0000	-0.4617	0.0000	4.0000	3.0066	5.9850	0.0000	1.0000	1.0000	0.0000	1.0000	1.0000	0.0000	0.0000	0.0000	0.0000	0.0000	0.0000	0.0000	0.0000	0.0000	0.0000	0.0000	0.0000	0.0000	0.1593	0.1357	0.0236	0.0054	0.0051	0.0003	0.1539	0.1306	0.0233	0.0604	0.0352	0.0252	0.0086	0.0067	0.0019	0.0518	0.0284	0.0234	inf	inf	0.0000	inf	inf	0.0000	0.0000	0.0000	0.0000	0.0000	0.0000	0.0000	0.0000	0.0000	0.0000	0.0000	0.0000	0.0000						
46	100	0.1910	5	0	0	1	1	0	0	0	0	N	N	N	N	N	N	N	N	N	N	N	N	0.0000	0.0000	0.0000	0.0000	0.0000	0.0000	0.0000	0.0000	0.0000	0.0000	0.0000	0.0000	0.0000	0.0000	0.0000	0.0000	0.0000	0.0000	0.0000	0.0000	4.0000	0.0000	5.9850	2.0000	0.0000	0.0000	0.0000	0.0000	0.0000	0.0000	0.0000	0.0000	0.0000	0.0000	0.0000	0.0000	0.0000	0.0000	0.0000	0.0000	0.0000	0.0000	0.0000	0.0000	0.0000	0.0000	0.0000	0.0000	0.0000	0.0000	0.0000	0.0391	0.0224	0.0166	0.0058	0.0045	0.0013	0.0333	0.0180	0.0154	0.0000	0.0000	0.0000	0.0000	0.0000	0.0000	0.0000	0.0000	0.0000	0.0000	0.0000	0.0000	0.0000	0.0000	0.0000	0.0000	0.0000	0.0000											
46	101	0.1520	4	0	0	1	1	0	0	0	0	N	N	N	N	N	N	N	N	N	N	N	N	3.4540	0.0000	inf	0.0000	0.0000	inf	inf	0.0044	0.0000	0.0302	0.0000	0.0000	0.0000	0.0047	0.0000	0.0312	0.0013	0.0022	0.0000	0.0083	0.0101	0.0000	0.0000	0.0000	0.0000	inf	0.0000	0.0007	-0.0001	4.0000	5.8899	5.9850	3.1847	0.0014	0.0000	0.0014	0.0000	0.0000	0.0000	0.0014	0.0000	0.0014	0.0002	0.0002	0.0000	0.0002	0.0002	0.0000	0.0000	0.0000	0.0000	0.3134	0.2673	0.0460	0.0169	0.0154	0.0015	0.2965	0.2519	0.0446	0.1855	0.1086	0.0769	0.0287	0.0235	0.0052	0.1568	0.0851	0.0717	3.4540	0.0000	inf	0.0000	0.0000	0.0000	inf	0.0000	inf	0.0013	0.0022	0.0000	0.0083	0.0101	0.0000	0.0000	0.0000	0.0000		
46	102	0.1988	4	1	1	0	0	0	0	0	0	N	N	N	N	N	N	N	N	N	N	N	N	0.0000	0.0000	0.0000	0.0000	0.0000	0.0000	0.0000	0.0000	0.0000	0.0000	0.0000	0.0000	0.0000	0.0000	0.0000	0.0000	0.0000	0.0000	0.0000	0.0000	4.0000	0.0000	5.9850	0.0000	0.0000	0.0000	0.0000	0.0000	0.0000	0.0000	0.0000	0.0000	0.0000	0.0000	0.0000	0.0000	0.0000	0.0000	0.0000	0.0000	0.0000	0.0000	0.0000	0.0000	0.0000	0.0000	0.0000	0.0000	0.0000	0.0000	0.0000	0.0000	0.0000	0.0000	0.0000	0.0000	0.0000	0.0000	0.0000	0.0000	0.0000	0.0000	0.0000	0.0000	0.0000	0.0000	0.0000	0.0000	0.0000	0.0000	0.0000	0.0000	0.0000	0.0000	0.0000	0.0000	0.0000	0.0000											
46	103	0.0995	3	1	1	0	0	0	0	0	0	N	N	N	N	N	N	N	N	N	N	N	N	inf	inf	inf	inf	5.0109	0.0000	34.0264	0.0000	0.0000	0.0000	5.0628	0.0000	34.2112	0.0000	0.0000	0.0000	0.0000	0.0000	0.0000	0.0000	0.0000	0.0000	inf	1.0765	0.0000	4.0000	8.0012	5.9850	14.0016	2.0000	0.0000	2.0000	0.0000	0.0000	0.0000	2.0000	0.0000	2.0000	0.0000	0.0000	0.0000	0.0000	0.0000	0.0000	0.0000	0.0000	0.0000	0.3991	0.3403	0.0588	0.0041	0.0038	0.0003	0.3950	0.3366	0.0585	0.3789	0.2157	0.1632	0.0253	0.0190	0.0063	0.3536	0.1967	0.1569	inf	0.0000	inf	0.0000	0.0000	0.0000	inf	0.0000	inf	0.0000	0.0000	0.0000	0.0000	0.0000	0.0000	0.0000	0.0000	0.0000						
46	104	0.1624	4	0	1	0	0	0	0	0	0	N	N	N	N	N	N	N	N	N	N	N	N	8771.8506	6047.5241	16.7637	13.9756	inf	inf	9.4901	11.1670	0.0000	0.0901	0.0975	0.0000	9.5805	11.2828	0.0000	0.0011	0.0018	0.0000	0.0054	0.0070	0.0000	0.0000	0.0000	0.0000	0.0000	0.0000	-0.4597	-0.0000	4.0000	2.0010	5.9850	1.0153	0.9956	0.9956	0.0000	0.0001	0.0001	0.0000	0.9955	0.9955	0.0000	0.0001	0.0001	0.0000	0.0001	0.0001	0.0000	0.0000	0.0000	0.0000	0.1049	0.0892	0.0158	0.0010	0.0009	0.0001	0.1039	0.0882	0.0157	0.0643	0.0377	0.0266	0.0130	0.0100	0.0030	0.0514	0.0277	0.0237	8771.8506	6047.5241	0.0000	16.7637	13.9756	0.0000	inf	inf	0.0000	0.0011	0.0018	0.0000	0.0054	0.0070	0.0000	0.0000	0.0000	0.0000			
46	105	0.0995	3	0	1	0	0	0	0	0	0	N	N	N	N	N	N	N	N	N	N	N	N	104.1504	68.4550	inf	98.3347	63.1819	inf	0.0282	0.0326	0.0030	0.0000	0.0000	0.0000	0.0285	0.0330	0.0030	0.0003	0.0005	0.0000	0.0000	0.0000	0.0000	0.0003	0.0005	0.0000	0.0160	0.0000	-0.0020	-0.0000	4.0000	3.0162	5.9850	11.0438	0.0044	0.0044	0.0001	0.0000	0.0000	0.0000	0.0044	0.0044	0.0001	0.0001	0.0001	0.0000	0.0000	0.0000	0.0000	0.0001	0.0001	0.0000	0.1578	0.1342	0.0236	0.0017	0.0016	0.0001	0.1561	0.1326	0.0235	0.2571	0.1459	0.1111	0.0170	0.0128	0.0041	0.2401	0.1331	0.1070	104.1504	68.4550	inf	0.0000	0.0000	0.0000	98.3347	63.1819	inf	0.0003	0.0005	0.0000	0.0000	0.0000	0.0000	0.0003	0.0005	0.0000			
46	106	0.2003	8	1	1	0	0	0	0	0	0	N	N	N	N	N	N	N	N	N	N	N	N	0.0000	0.0000	0.0000	0.0000	0.0000	0.0000	0.0000	0.0000	0.0000	0.0000	0.0000	0.0000	0.0000	0.0000	0.0000	0.0000	0.0000	0.0000	0.0000	0.0000	4.0000	1.0000	5.9850	1.0000	0.0000	0.0000	0.0000	0.0000	0.0000	0.0000	0.0000	0.0000	0.0000	0.0000	0.0000	0.0000	0.0000	0.0000	0.0000	0.0000	0.0000	0.0000	0.0536	0.0456	0.0080	0.0015	0.0014	0.0001	0.0521	0.0442	0.0079	0.0417	0.0257	0.0160	0.0137	0.0108	0.0028	0.0280	0.0148	0.0132	0.0000	0.0000	0.0000	0.0000	0.0000	0.0000	0.0000	0.0000	0.0000	0.0000	0.0000	0.0000	0.0000	0.0000	0.0000	0.0000	0.0000	0.0000											
46	107	0.1962	7	1	1	0	0	0	0	0	0	N	N	N	N	N	N	N	N	N	N	N	N	0.0000	0.0000	0.0000	0.0000	0.0000	0.0000	0.0000	0.0000	0.0000	0.0000	0.0000	0.0000	0.0000	0.0000	0.0000	0.0000	0.0000	0.0000	0.0000	0.0000	4.0000	0.0000	5.9850	0.9999	0.0000	0.0000	0.0000	0.0000	0.0000	0.0000	0.0000	0.0000	0.0000	0.0000	0.0000	0.0000	0.0000	0.0000	0.0000	0.0000	0.0000	0.0000	0.0000	0.0000	0.0000	0.0000	0.0000	0.0000	0.0000	0.0000	0.0000	0.0209	0.0126	0.0083	0.0056	0.0044	0.0012	0.0153	0.0082	0.0071	0.0000	0.0000	0.0000	0.0000	0.0000	0.0000	0.0000	0.0000	0.0000	0.0000	0.0000	0.0000	0.0000	0.0000	0.0000	0.0000	0.0000	0.0000											
46	108	0.1754	6	1	1	0	0	0	0	0	0	N	N	N	N	N	N	N	N	N	N	N	N	0.0000	0.0000	0.0000	0.0000	0.0000	0.0000	0.0000	0.0000	0.0000	0.0000	0.0000	0.0000	0.0000	0.0001	0.0002	0.0000	0.0004	0.0005	0.0000	0.0000	0.0000	0.0000	0.0000	0.0000	-0.0000	4.0000	0.0100	5.9850	4.8896	0.0000	0.0000	0.0000	0.0000	0.0000	0.0000	0.0000	0.0000	0.0000	0.0000	0.0000	0.0000	0.0000	0.0000	0.0000	0.0000	0.0000	0.0000	0.0010	0.0009	0.0001	0.0003	0.0003	0.0000	0.0008	0.0006	0.0001	0.1485	0.0946	0.0539	0.0444	0.0382	0.0062	0.1041	0.0564	0.0477	0.0000	0.0000	0.0000	0.0000	0.0000	0.0000	0.0000	0.0000	0.0000	0.0001	0.0002	0.0000	0.0004	0.0005	0.0000	0.0000	0.0000	0.0000						
46	109	0.1653	5	0	1	0	0	0	0	0	0	N	N	N	N	N	N	N	N	N	N	N	N	0.0000	0.0000	0.0000	0.0000	0.0000	0.0000	0.0000	0.0000	0.0000	0.0000	0.0000	0.0000	0.0000	0.0004	0.0007	0.0000	0.0000	0.0000	0.0000	0.0005	0.0009	0.0000	0.0000	0.0000	-0.0000	4.0000	1.0007	5.9850	1.4004	0.0000	0.0000	0.0000	0.0000	0.0000	0.0000	0.0000	0.0000	0.0000	0.0000	0.0000	0.0000	0.0000	0.0000	0.0000	0.0000	0.0000	0.0000	0.0549	0.0468	0.0082	0.0023	0.0022	0.0001	0.0527	0.0446	0.0080	0.0485	0.0282	0.0202	0.0069	0.0054	0.0015	0.0416	0.0228	0.0188	0.0000	0.0000	0.0000	0.0000	0.0000	0.0000	0.0000	0.0000	0.0000	0.0004	0.0007	0.0000	0.0000	0.0000	0.0000	0.0005	0.0009	0.0000						
46	110	0.1520	4	0	0	0	0	0	0	0	0	N	N	N	N	N	N	N	N	N	N	N	N	15.1598	0.0000	inf	0.0000	0.0000	inf	inf	0.0475	0.0000	0.3206	0.0000	0.0000	0.0000	0.0687	0.0000	0.4080	0.0031	0.0053	0.0000	0.0164	0.0189	0.0000	0.0000	0.0000	0.0000	inf	0.0000	0.0007	-0.0001	4.0000	0.3039	5.9850	2.8719	0.0014	0.0000	0.0014	0.0000	0.0000	0.0000	0.0014	0.0000	0.0014	0.0002	0.0002	0.0000	0.0002	0.0002	0.0000	0.0000	0.0000	0.0000	0.0293	0.0249	0.0043	0.0090	0.0081	0.0009	0.0202	0.0168	0.0034	0.0761	0.0453	0.0308	0.0145	0.0126	0.0019	0.0615	0.0326	0.0289	15.1598	0.0000	inf	0.0000	0.0000	0.0000	inf	0.0000	inf	0.0031	0.0053	0.0000	0.0164	0.0189	0.0000	0.0000	0.0000	0.0000		
46	111	0.0995	3	0	0	0	0	0	0	0	0	N	N	N	N	N	N	N	N	N	N	N	N	4708.2275	0.0000	164014.3822	4445.4336	0.0000	158789.5271	5.0315	0.0000	33.6689	0.0000	0.0000	0.0000	5.0854	0.0000	33.8502	0.0011	0.0017	0.0002	0.0000	0.0000	0.0000	0.0011	0.0019	0.0002	inf	0.0907	0.5375	-0.0001	4.0000	3.8240	5.9850	8.1760	0.9986	0.0000	0.9986	0.0000	0.0000	0.0000	0.9986	0.0000	0.9986	0.0002	0.0002	0.0000	0.0000	0.0000	0.0000	0.0002	0.0002	0.0000	0.1985	0.1688	0.0297	0.0021	0.0019	0.0002	0.1964	0.1669	0.0295	0.2229	0.1265	0.0965	0.0147	0.0111	0.0036	0.2082	0.1154	0.0929	4708.2275	0.0000	164014.3822	0.0000	0.0000	0.0000	4445.4336	0.0000	158789.5271	0.0011	0.0017	0.0002	0.0000	0.0000	0.0000	0.0011	0.0019	0.0002			
46	115	0.2921	6	0	0	0	0	0	0	0	0	N	N	N	N	N	N	N	N	N	N	N	N	0.0912	6.6851	0.0000	0.0590	25.1979	0.0000	0.0000	0.0000	0.1975	0.2276	0.0000	1.4952	1.5430	0.0000	0.0000	0.0000	0.0000	2.1663	0.0341	6.3015	25.3357	0.0612	76.1644	1.3789	0.0000	3.8580	0.0000	64.9649	-0.0471	0.5191	4.0000	8.9918	5.9850	13.3277	0.1019	0.1019	0.0000	0.1019	0.1019	0.0000	0.0000	0.0000	0.0000	1.1669	0.0177	1.1492	0.6264	0.0177	0.6088	0.5404	0.0000	0.5404	0.5161	0.4478	0.0684	0.0682	0.0661	0.0021	0.4480	0.3817	0.0663	0.7294	0.5195	0.2099	0.3375	0.2889	0.0486	0.3919	0.2306	0.1613	0.1234	6.6851	0.0000	0.8055	25.1979	0.0000	0.0000	0.0000	0.0000	1.5998	0.0341	5.4745	1.8562	0.0612	12.5264	1.3789	0.0000	3.3500	
47	48	0.2018	8	1	2	1	0	0	0	0	0	N	Y	N	N	N	N	N	N	N	N	N	N	0.0000	0.0000	0.0000	0.0000	0.0000	0.0000	0.0000	0.0000	0.0000	0.0000	0.0000	0.0000	0.0000	0.0000	0.0000	0.0000	0.0000	0.0000	0.0000	0.0000	0.0000	0.0000	0.0000	2.0152	0.0000	0.0000	0.0000	0.0000	0.0000	0.0000	0.0000	0.0000	0.0000	0.0000	0.0000	0.0000	0.0000	0.0000	0.0000	0.0000	0.0000	0.0000	0.0000	0.0000	0.0000	0.0000	0.0000	0.0000	0.0000	0.0000	0.0000	0.0000	0.0000	0.0000	0.0000	0.0000	0.0000	0.0000	0.0000	0.0000	0.0000	0.0000	0.0000	0.0000	0.0000	0.0000	0.0000	0.0000	0.0000	0.0000	0.0000	0.0000	0.0000	0.0000	0.0000	0.0000	0.0000	0.0000											
47	49	0.1976	7	1	1	1	0	0	0	0	0	N	N	N	N	N	N	N	N	N	N	N	N	0.0000	0.0000	0.0000	0.0000	0.0000	0.0000	0.0000	0.0000	0.0000	0.0000	0.0000	0.0000	0.0000	0.0000	0.0000	0.0000	0.0000	0.0000	0.0000	0.0000	0.0000	0.0003	0.0000	1.0311	0.0000	0.0000	0.0000	0.0000	0.0000	0.0000	0.0000	0.0000	0.0000	0.0000	0.0000	0.0000	0.0000	0.0000	0.0000	0.0000	0.0000	0.0000	0.0000	0.0000	0.0000	0.0000	0.0000	0.0000	0.0000	0.0000	0.0000	0.0000	0.0000	0.0000	0.0000	0.0000	0.0000	0.0000	0.0000	0.0000	0.0000	0.0000	0.0000	0.0000	0.0000	0.0000	0.0000	0.0000	0.0000	0.0000	0.0000	0.0000	0.0000	0.0000	0.0000	0.0000	0.0000	0.0000											
47	50	0.1976	7	1	2	1	0	0	0	0	0	N	Y	N	N	N	N	N	N	N	N	N	N	0.0000	0.0000	0.0000	0.0000	0.0000	0.0000	0.0000	0.0000	0.0000	0.0000	0.0000	0.0000	0.0000	0.0000	0.0000	0.0000	0.0000	0.0000	0.0000	0.0000	0.0000	0.0003	0.0000	1.0126	0.0000	0.0000	0.0000	0.0000	0.0000	0.0000	0.0000	0.0000	0.0000	0.0000	0.0000	0.0000	0.0000	0.0000	0.0000	0.0000	0.0000	0.0000	0.0000	0.0000	0.0000	0.0000	0.0000	0.0000	0.0000	0.0000	0.0000	0.0000	0.0000	0.0000	0.0000	0.0000	0.0000	0.0000	0.0000	0.0000	0.0000	0.0000	0.0000	0.0000	0.0000	0.0000	0.0000	0.0000	0.0000	0.0000	0.0000	0.0000	0.0000	0.0000	0.0000	0.0000	0.0000	0.0000											
47	51	0.2268	6	1	2	0	0	0	0	0	0	N	Y	N	N	N	N	N	N	N	N	N	N	0.0000	0.0000	0.0000	0.0000	0.0000	0.0000	0.0000	0.0000	0.0000	0.0000	0.0000	0.0000	0.0000	0.0000	0.0000	0.0000	0.0000	0.0000	0.0000	0.0000	0.0000	0.0000	0.0000	1.0000	0.0000	0.0000	0.0000	0.0000	0.0000	0.0000	0.0000	0.0000	0.0000	0.0000	0.0000	0.0000	0.0000	0.0000	0.0000	0.0000	0.0000	0.0000	0.0000	0.0000	0.0000	0.0000	0.0000	0.0000	0.0000	0.0000	0.0000	0.0000	0.0000	0.0000	0.0000	0.0000	0.0000	0.0000	0.0000	0.0000	0.0000	0.0000	0.0000	0.0000	0.0000	0.0000	0.0000	0.0000	0.0000	0.0000	0.0000	0.0000	0.0000	0.0000	0.0000	0.0000	0.0000	0.0000											
47	52	0.1100	5	0	2	0	1	0	0	0	0	N	Y	N	N	N	N	N	N	N	N	N	N	0.0000	0.0000	0.0000	0.0000	0.0000	0.0000	0.0000	0.0000	0.0000	0.0000	0.0000	0.0000	0.0000	0.0000	0.0000	0.0000	0.0000	0.0000	0.0000	0.0000	0.0000	0.9995	0.0000	1.0399	0.0000	0.0000	0.0000	0.0000	0.0000	0.0000	0.0000	0.0000	0.0000	0.0000	0.0000	0.0000	0.0000	0.0000	0.0000	0.0000	0.0000	0.0000	0.0000	0.0000	0.0000	0.0000	0.0000	0.0000	0.0000	0.0000	0.0000	0.0000	0.0000	0.0000	0.0000	0.0000	0.0000	0.0000	0.0000	0.0000	0.0000	0.0000	0.0000	0.0000	0.0000	0.0000	0.0000	0.0000	0.0000	0.0000	0.0000	0.0000	0.0000	0.0000	0.0000	0.0000	0.0000	0.0000											
47	53	0.1100	5	0	1	0	1	0	0	0	0	N	N	N	N	N	N	N	N	N	N	N	N	0.0000	0.0000	0.0000	0.0000	0.0000	0.0000	0.0000	0.0000	0.0000	0.0000	0.0000	0.0000	0.0000	0.0000	0.0000	0.0000	0.0000	0.0000	0.0000	0.0000	0.0000	3.0005	0.0000	1.0125	0.0000	0.0000	0.0000	0.0000	0.0000	0.0000	0.0000	0.0000	0.0000	0.0000	0.0000	0.0000	0.0000	0.0000	0.0000	0.0000	0.0000	0.0000	0.0000	0.0000	0.0000	0.0000	0.0000	0.0000	0.0000	0.0000	0.0000	0.0000	0.0000	0.0000	0.0000	0.0000	0.0000	0.0000	0.0000	0.0000	0.0000	0.0000	0.0000	0.0000	0.0000	0.0000	0.0000	0.0000	0.0000	0.0000	0.0000	0.0000	0.0000	0.0000	0.0000	0.0000	0.0000	0.0000											
47	54	0.1018	4	0	1	0	1	0	0	0	0	N	N	N	N	N	N	N	N	N	N	N	N	0.0000	0.0000	0.0000	0.0000	0.0000	0.0000	0.0000	0.0000	0.0000	0.0000	0.0000	0.0000	0.0000	0.0000	0.0000	0.0000	0.0000	0.0000	0.0000	0.0000	0.0000	0.0013	0.0000	1.9704	0.0000	0.0000	0.0000	0.0000	0.0000	0.0000	0.0000	0.0000	0.0000	0.0000	0.0000	0.0000	0.0000	0.0000	0.0000	0.0000	0.0000	0.0000	0.0000	0.0000	0.0000	0.0000	0.0000	0.0000	0.0000	0.0000	0.0000	0.0000	0.0000	0.0000	0.0000	0.0000	0.0000	0.0000	0.0000	0.0000	0.0000	0.0000	0.0000	0.0000	0.0000	0.0000	0.0000	0.0000	0.0000	0.0000	0.0000	0.0000	0.0000	0.0000	0.0000	0.0000	0.0000	0.0000											
47	55	0.0710	3	0	1	0	1	0	0	0	0	N	N	N	N	N	N	N	N	N	N	N	N	0.0000	0.0000	0.0000	0.0000	0.0000	0.0000	0.0000	0.0000	0.0000	0.0000	0.0000	0.0000	0.0000	0.0000	0.0000	0.0000	0.0000	0.0000	0.0000	0.0000	0.0000	3.0000	0.0000	4.0155	0.0000	0.0000	0.0000	0.0000	0.0000	0.0000	0.0000	0.0000	0.0000	0.0000	0.0000	0.0000	0.0000	0.0000	0.0000	0.0000	0.0000	0.0000	0.0000	0.0000	0.0000	0.0000	0.0000	0.0000	0.0000	0.0000	0.0000	0.0000	0.0000	0.0000	0.0000	0.0000	0.0000	0.0000	0.0000	0.0000	0.0000	0.0000	0.0000	0.0000	0.0000	0.0000	0.0000	0.0000	0.0000	0.0000	0.0000	0.0000	0.0000	0.0000	0.0000	0.0000	0.0000	0.0000											
47	56	0.1882	8	0	2	1	0	0	0	0	0	N	Y	N	N	N	N	N	N	N	N	N	N	0.0000	0.0000	0.0000	0.0000	0.0000	0.0000	0.0000	0.0000	0.0000	0.0000	0.0000	0.0000	0.0000	0.0000	0.0000	0.0000	0.0000	0.0000	0.0000	0.0000	0.0000	2.0013	0.0000	5.6727	0.0000	0.0000	0.0000	0.0000	0.0000	0.0000	0.0000	0.0000	0.0000	0.0000	0.0000	0.0000	0.0000	0.0000	0.0000	0.0000	0.0000	0.0000	0.0000	0.0000	0.0000	0.0000	0.0000	0.0000	0.0000	0.0000	0.0000	0.0000	0.0000	0.0000	0.0000	0.0000	0.0000	0.0000	0.0000	0.0000	0.0000	0.0000	0.0000	0.0000	0.0000	0.0000	0.0000	0.0000	0.0000	0.0000	0.0000	0.0000	0.0000	0.0000	0.0000	0.0000	0.0000	0.0000											
47	57	0.1845	7	0	2	0	0	0	0	0	0	N	Y	N	N	N	N	N	N	N	N	N	N	0.0000	0.0000	0.0000	0.0000	0.0000	0.0000	0.0000	0.0000	0.0000	0.0000	0.0000	0.0000	0.0000	0.0000	0.0000	0.0000	0.0000	0.0000	0.0000	0.0000	0.0000	0.0033	0.0000	1.3874	0.0000	0.0000	0.0000	0.0000	0.0000	0.0000	0.0000	0.0000	0.0000	0.0000	0.0000	0.0000	0.0000	0.0000	0.0000	0.0000	0.0000	0.0000	0.0000	0.0000	0.0000	0.0000	0.0000	0.0000	0.0000	0.0000	0.0000	0.0000	0.0000	0.0000	0.0000	0.0000	0.0000	0.0000	0.0000	0.0000	0.0000	0.0000	0.0000	0.0000	0.0000	0.0000	0.0000	0.0000	0.0000	0.0000	0.0000	0.0000	0.0000	0.0000	0.0000	0.0000	0.0000	0.0000											
47	58	0.1693	6	1	1	1	0	0	0	0	0	N	N	N	N	N	N	N	N	N	N	N	N	0.0000	0.0000	0.0000	0.0000	0.0000	0.0000	0.0000	0.0000	0.0000	0.0000	0.0000	0.0000	0.0000	0.0000	0.0000	0.0000	0.0000	0.0000	0.0000	0.0000	0.0000	0.0000	0.0000	2.0000	0.0000	0.0000	0.0000	0.0000	0.0000	0.0000	0.0000	0.0000	0.0000	0.0000	0.0000	0.0000	0.0000	0.0000	0.0000	0.0000	0.0000	0.0000	0.0000	0.0000	0.0000	0.0000	0.0000	0.0000	0.0000	0.0000	0.0000	0.0000	0.0000	0.0000	0.0000	0.0000	0.0000	0.0000	0.0000	0.0000	0.0000	0.0000	0.0000	0.0000	0.0000	0.0000	0.0000	0.0000	0.0000	0.0000	0.0000	0.0000	0.0000	0.0000	0.0000	0.0000	0.0000	0.0000											
47	59	0.1845	7	0	2	0	0	0	0	0	0	N	Y	N	N	N	N	N	N	N	N	N	N	0.0000	0.0000	0.0000	0.0000	0.0000	0.0000	0.0000	0.0000	0.0000	0.0000	0.0000	0.0000	0.0000	0.0000	0.0000	0.0000	0.0000	0.0000	0.0000	0.0000	0.0000	1.9997	0.0000	3.4660	0.0000	0.0000	0.0000	0.0000	0.0000	0.0000	0.0000	0.0000	0.0000	0.0000	0.0000	0.0000	0.0000	0.0000	0.0000	0.0000	0.0000	0.0000	0.0000	0.0000	0.0000	0.0000	0.0000	0.0000	0.0000	0.0000	0.0000	0.0000	0.0000	0.0000	0.0000	0.0000	0.0000	0.0000	0.0000	0.0000	0.0000	0.0000	0.0000	0.0000	0.0000	0.0000	0.0000	0.0000	0.0000	0.0000	0.0000	0.0000	0.0000	0.0000	0.0000	0.0000	0.0000	0.0000											
47	60	0.1693	6	0	2	0	0	0	0	0	0	N	Y	N	N	N	N	N	N	N	N	N	N	0.0000	0.0000	0.0000	0.0000	0.0000	0.0000	0.0000	0.0000	0.0000	0.0000	0.0000	0.0000	0.0000	0.0000	0.0000	0.0000	0.0000	0.0000	0.0000	0.0000	0.0000	0.0005	0.0000	3.6054	0.0000	0.0000	0.0000	0.0000	0.0000	0.0000	0.0000	0.0000	0.0000	0.0000	0.0000	0.0000	0.0000	0.0000	0.0000	0.0000	0.0000	0.0000	0.0000	0.0000	0.0000	0.0000	0.0000	0.0000	0.0000	0.0000	0.0000	0.0000	0.0000	0.0000	0.0000	0.0000	0.0000	0.0000	0.0000	0.0000	0.0000	0.0000	0.0000	0.0000	0.0000	0.0000	0.0000	0.0000	0.0000	0.0000	0.0000	0.0000	0.0000	0.0000	0.0000	0.0000	0.0000	0.0000											
47	64	0.1693	6	1	2	0	0	0	0	0	0	N	Y	N	N	N	N	N	N	N	N	N	N	0.0000	0.0000	0.0000	0.0000	0.0000	0.0000	0.0000	0.0000	0.0000	0.0000	0.0000	0.0000	0.0000	0.0000	0.0000	0.0000	0.0000	0.0000	0.0000	0.0000	0.0000	4.0000	0.0000	3.0000	0.0000	0.0000	0.0000	0.0000	0.0000	0.0000	0.0000	0.0000	0.0000	0.0000	0.0000	0.0000	0.0000	0.0000	0.0000	0.0000	0.0000	0.0000	0.0000	0.0000	0.0000	0.0000	0.0000	0.0000	0.0000	0.0000	0.0000	0.0000	0.0000	0.0000	0.0000	0.0000	0.0000	0.0000	0.0000	0.0000	0.0000	0.0000	0.0000	0.0000	0.0000	0.0000	0.0000	0.0000	0.0000	0.0000	0.0000	0.0000	0.0000	0.0000	0.0000	0.0000	0.0000	0.0000											
47	65	0.1275	5	0	1	0	0	0	0	0	0	N	N	N	N	N	N	N	N	N	N	N	N	0.0000	0.0000	0.0000	0.0000	0.0000	0.0000	0.0000	0.0000	0.0000	0.0000	0.0000	0.0000	0.0000	0.0000	0.0000	0.0000	0.0000	0.0000	0.0000	0.0000	0.0000	2.0015	0.0000	10.0016	0.0000	0.0000	0.0000	0.0000	0.0000	0.0000	0.0000	0.0000	0.0000	0.0000	0.0000	0.0000	0.0000	0.0000	0.0000	0.0000	0.0000	0.0000	0.0000	0.0000	0.0000	0.0000	0.0000	0.0000	0.0000	0.0000	0.0000	0.0000	0.0000	0.0000	0.0000	0.0000	0.0000	0.0000	0.0000	0.0000	0.0000	0.0000	0.0000	0.0000	0.0000	0.0000	0.0000	0.0000	0.0000	0.0000	0.0000	0.0000	0.0000	0.0000	0.0000	0.0000	0.0000	0.0000											
47	67	0.2824	7	0	1	0	0	0	0	0	0	N	N	N	N	N	N	N	N	N	N	N	N	0.0000	0.0000	0.0000	0.0000	0.0000	0.0000	0.0000	0.0000	0.0000	0.0000	0.0000	0.0000	0.0000	0.0000	0.0000	0.0000	0.0000	0.0000	0.0000	0.0000	0.0000	4.8614	0.0000	14.2102	0.0000	0.0000	0.0000	0.0000	0.0000	0.0000	0.0000	0.0000	0.0000	0.0000	0.0000	0.0000	0.0000	0.0000	0.0000	0.0000	0.0000	0.0000	0.0000	0.0000	0.0000	0.0000	0.0000	0.0000	0.0000	0.0000	0.0000	0.0000	0.0000	0.0000	0.0000	0.0000	0.0000	0.0000	0.0000	0.0000	0.0000	0.0000	0.0000	0.0000	0.0000	0.0000	0.0000	0.0000	0.0000	0.0000	0.0000	0.0000	0.0000	0.0000	0.0000	0.0000	0.0000	0.0000											
47	68	0.2032	9	1	2	1	0	0	0	0	0	N	Y	N	N	N	N	N	N	N	N	N	N	0.0000	0.0000	0.0000	0.0000	0.0000	0.0000	0.0000	0.0000	0.0000	0.0000	0.0000	0.0000	0.0000	0.0000	0.0000	0.0000	0.0000	0.0000	0.0000	0.0000	0.0000	0.0000	0.0000	0.0000	0.0000	0.0000	0.0000	0.0000	0.0000	0.0000	0.0000	0.0000	0.0000	0.0000	0.0000	0.0000	0.0000	0.0000	0.0000	0.0000	0.0000	0.0000	0.0000	0.0000	0.0000	0.0000	0.0000	0.0000	0.0000	0.0000	0.0000	0.0000	0.0000	0.0000	0.0000	0.0000	0.0000	0.0000	0.0000	0.0000	0.0000	0.0000	0.0000	0.0000	0.0000	0.0000	0.0000	0.0000	0.0000	0.0000	0.0000	0.0000	0.0000	0.0000	0.0000	0.0000	0.0000	0.0000											
47	69	0.1991	8	1	1	1	0	0	0	0	0	N	N	N	N	N	N	N	N	N	N	N	N	0.0000	0.0000	0.0000	0.0000	0.0000	0.0000	0.0000	0.0000	0.0000	0.0000	0.0000	0.0000	0.0000	0.0000	0.0000	0.0000	0.0000	0.0000	0.0000	0.0000	0.0000	0.0016	0.0000	0.9826	0.0000	0.0000	0.0000	0.0000	0.0000	0.0000	0.0000	0.0000	0.0000	0.0000	0.0000	0.0000	0.0000	0.0000	0.0000	0.0000	0.0000	0.0000	0.0000	0.0000	0.0000	0.0000	0.0000	0.0000	0.0000	0.0000	0.0000	0.0000	0.0000	0.0000	0.0000	0.0000	0.0000	0.0000	0.0000	0.0000	0.0000	0.0000	0.0000	0.0000	0.0000	0.0000	0.0000	0.0000	0.0000	0.0000	0.0000	0.0000	0.0000	0.0000	0.0000	0.0000	0.0000	0.0000											
47	70	0.1863	7	1	1	1	0	0	0	0	0	N	N	N	N	N	N	N	N	N	N	N	N	0.0000	0.0000	0.0000	0.0000	0.0000	0.0000	0.0000	0.0000	0.0000	0.0000	0.0000	0.0000	0.0000	0.0000	0.0000	0.0000	0.0000	0.0000	0.0000	0.0000	0.0000	0.0061	0.0000	3.0249	0.0000	0.0000	0.0000	0.0000	0.0000	0.0000	0.0000	0.0000	0.0000	0.0000	0.0000	0.0000	0.0000	0.0000	0.0000	0.0000	0.0000	0.0000	0.0000	0.0000	0.0000	0.0000	0.0000	0.0000	0.0000	0.0000	0.0000	0.0000	0.0000	0.0000	0.0000	0.0000	0.0000	0.0000	0.0000	0.0000	0.0000	0.0000	0.0000	0.0000	0.0000	0.0000	0.0000	0.0000	0.0000	0.0000	0.0000	0.0000	0.0000	0.0000	0.0000	0.0000	0.0000	0.0000											
47	71	0.1693	6	1	1	1	0	0	0	0	0	N	N	N	N	N	N	N	N	N	N	N	N	0.0000	0.0000	0.0000	0.0000	0.0000	0.0000	0.0000	0.0000	0.0000	0.0000	0.0000	0.0000	0.0000	0.0000	0.0000	0.0000	0.0000	0.0000	0.0000	0.0000	0.0000	0.0044	0.0000	4.0281	0.0000	0.0000	0.0000	0.0000	0.0000	0.0000	0.0000	0.0000	0.0000	0.0000	0.0000	0.0000	0.0000	0.0000	0.0000	0.0000	0.0000	0.0000	0.0000	0.0000	0.0000	0.0000	0.0000	0.0000	0.0000	0.0000	0.0000	0.0000	0.0000	0.0000	0.0000	0.0000	0.0000	0.0000	0.0000	0.0000	0.0000	0.0000	0.0000	0.0000	0.0000	0.0000	0.0000	0.0000	0.0000	0.0000	0.0000	0.0000	0.0000	0.0000	0.0000	0.0000	0.0000	0.0000											
47	72	0.1275	5	0	2	0	0	0	0	0	0	N	Y	N	N	N	N	N	N	N	N	N	N	0.0000	0.0000	0.0000	0.0000	0.0000	0.0000	0.0000	0.0000	0.0000	0.0000	0.0000	0.0000	0.0000	0.0000	0.0000	0.0000	0.0000	0.0000	0.0000	0.0000	0.0000	5.9987	0.0000	11.0016	0.0000	0.0000	0.0000	0.0000	0.0000	0.0000	0.0000	0.0000	0.0000	0.0000	0.0000	0.0000	0.0000	0.0000	0.0000	0.0000	0.0000	0.0000	0.0000	0.0000	0.0000	0.0000	0.0000	0.0000	0.0000	0.0000	0.0000	0.0000	0.0000	0.0000	0.0000	0.0000	0.0000	0.0000	0.0000	0.0000	0.0000	0.0000	0.0000	0.0000	0.0000	0.0000	0.0000	0.0000	0.0000	0.0000	0.0000	0.0000	0.0000	0.0000	0.0000	0.0000	0.0000	0.0000											
47	73	0.1693	6	1	1	1	0	0	0	0	0	N	N	N	N	N	N	N	N	N	N	N	N	0.0000	0.0000	0.0000	0.0000	0.0000	0.0000	0.0000	0.0000	0.0000	0.0000	0.0000	0.0000	0.0000	0.0000	0.0000	0.0000	0.0000	0.0000	0.0000	0.0000	0.0000	2.0000	0.0000	5.0000	0.0000	0.0000	0.0000	0.0000	0.0000	0.0000	0.0000	0.0000	0.0000	0.0000	0.0000	0.0000	0.0000	0.0000	0.0000	0.0000	0.0000	0.0000	0.0000	0.0000	0.0000	0.0000	0.0000	0.0000	0.0000	0.0000	0.0000	0.0000	0.0000	0.0000	0.0000	0.0000	0.0000	0.0000	0.0000	0.0000	0.0000	0.0000	0.0000	0.0000	0.0000	0.0000	0.0000	0.0000	0.0000	0.0000	0.0000	0.0000	0.0000	0.0000	0.0000	0.0000	0.0000	0.0000											
47	74	0.1693	7	0	2	0	0	0	0	0	0	N	Y	N	N	N	N	N	N	N	N	N	N	0.0000	0.0000	0.0000	0.0000	0.0000	0.0000	0.0000	0.0000	0.0000	0.0000	0.0000	0.0000	0.0000	0.0000	0.0000	0.0000	0.0000	0.0000	0.0000	0.0000	0.0000	6.1274	0.0000	13.6208	0.0000	0.0000	0.0000	0.0000	0.0000	0.0000	0.0000	0.0000	0.0000	0.0000	0.0000	0.0000	0.0000	0.0000	0.0000	0.0000	0.0000	0.0000	0.0000	0.0000	0.0000	0.0000	0.0000	0.0000	0.0000	0.0000	0.0000	0.0000	0.0000	0.0000	0.0000	0.0000	0.0000	0.0000	0.0000	0.0000	0.0000	0.0000	0.0000	0.0000	0.0000	0.0000	0.0000	0.0000	0.0000	0.0000	0.0000	0.0000	0.0000	0.0000	0.0000	0.0000	0.0000	0.0000											
47	75	0.1938	10	0	1	1	0	0	0	0	0	N	N	N	N	N	N	N	N	N	N	N	N	0.0000	0.0000	0.0000	0.0000	0.0000	0.0000	0.0000	0.0000	0.0000	0.0000	0.0000	0.0000	0.0000	0.0000	0.0000	0.0000	0.0000	0.0000	0.0000	0.0000	0.0000	0.0000	0.0000	1.0003	0.0000	0.0000	0.0000	0.0000	0.0000	0.0000	0.0000	0.0000	0.0000	0.0000	0.0000	0.0000	0.0000	0.0000	0.0000	0.0000	0.0000	0.0000	0.0000	0.0000	0.0000	0.0000	0.0000	0.0000	0.0000	0.0000	0.0000	0.0000	0.0000	0.0000	0.0000	0.0000	0.0000	0.0000	0.0000	0.0000	0.0000	0.0000	0.0000	0.0000	0.0000	0.0000	0.0000	0.0000	0.0000	0.0000	0.0000	0.0000	0.0000	0.0000	0.0000	0.0000	0.0000	0.0000											
47	76	0.1897	9	0	1	1	0	0	0	0	0	N	N	N	N	N	N	N	N	N	N	N	N	0.0000	0.0000	0.0000	0.0000	0.0000	0.0000	0.0000	0.0000	0.0000	0.0000	0.0000	0.0000	0.0000	0.0000	0.0000	0.0000	0.0000	0.0000	0.0000	0.0000	0.0000	0.0000	0.0000	1.0076	0.0000	0.0000	0.0000	0.0000	0.0000	0.0000	0.0000	0.0000	0.0000	0.0000	0.0000	0.0000	0.0000	0.0000	0.0000	0.0000	0.0000	0.0000	0.0000	0.0000	0.0000	0.0000	0.0000	0.0000	0.0000	0.0000	0.0000	0.0000	0.0000	0.0000	0.0000	0.0000	0.0000	0.0000	0.0000	0.0000	0.0000	0.0000	0.0000	0.0000	0.0000	0.0000	0.0000	0.0000	0.0000	0.0000	0.0000	0.0000	0.0000	0.0000	0.0000	0.0000	0.0000	0.0000											
47	77	0.1856	8	0	1	0	0	0	0	0	0	N	N	N	N	N	N	N	N	N	N	N	N	0.0000	0.0000	0.0000	0.0000	0.0000	0.0000	0.0000	0.0000	0.0000	0.0000	0.0000	0.0000	0.0000	0.0000	0.0000	0.0000	0.0000	0.0000	0.0000	0.0000	0.0000	0.0026	0.0000	0.9924	0.0000	0.0000	0.0000	0.0000	0.0000	0.0000	0.0000	0.0000	0.0000	0.0000	0.0000	0.0000	0.0000	0.0000	0.0000	0.0000	0.0000	0.0000	0.0000	0.0000	0.0000	0.0000	0.0000	0.0000	0.0000	0.0000	0.0000	0.0000	0.0000	0.0000	0.0000	0.0000	0.0000	0.0000	0.0000	0.0000	0.0000	0.0000	0.0000	0.0000	0.0000	0.0000	0.0000	0.0000	0.0000	0.0000	0.0000	0.0000	0.0000	0.0000	0.0000	0.0000	0.0000	0.0000											
47	78	0.1693	7	0	1	0	0	0	0	0	0	N	N	N	N	N	N	N	N	N	N	N	N	0.0000	0.0000	0.0000	0.0000	0.0000	0.0000	0.0000	0.0000	0.0000	0.0000	0.0000	0.0000	0.0000	0.0000	0.0000	0.0000	0.0000	0.0000	0.0000	0.0000	0.0000	2.8733	0.0000	1.5522	0.0000	0.0000	0.0000	0.0000	0.0000	0.0000	0.0000	0.0000	0.0000	0.0000	0.0000	0.0000	0.0000	0.0000	0.0000	0.0000	0.0000	0.0000	0.0000	0.0000	0.0000	0.0000	0.0000	0.0000	0.0000	0.0000	0.0000	0.0000	0.0000	0.0000	0.0000	0.0000	0.0000	0.0000	0.0000	0.0000	0.0000	0.0000	0.0000	0.0000	0.0000	0.0000	0.0000	0.0000	0.0000	0.0000	0.0000	0.0000	0.0000	0.0000	0.0000	0.0000	0.0000	0.0000											
47	79	0.1571	6	0	1	0	0	0	0	0	0	N	N	N	N	N	N	N	N	N	N	N	N	0.0000	0.0000	0.0000	0.0000	0.0000	0.0000	0.0000	0.0000	0.0000	0.0000	0.0000	0.0000	0.0000	0.0000	0.0000	0.0000	0.0000	0.0000	0.0000	0.0000	0.0000	0.2102	0.0000	3.4985	0.0000	0.0000	0.0000	0.0000	0.0000	0.0000	0.0000	0.0000	0.0000	0.0000	0.0000	0.0000	0.0000	0.0000	0.0000	0.0000	0.0000	0.0000	0.0000	0.0000	0.0000	0.0000	0.0000	0.0000	0.0000	0.0000	0.0000	0.0000	0.0000	0.0000	0.0000	0.0000	0.0000	0.0000	0.0000	0.0000	0.0000	0.0000	0.0000	0.0000	0.0000	0.0000	0.0000	0.0000	0.0000	0.0000	0.0000	0.0000	0.0000	0.0000	0.0000	0.0000	0.0000	0.0000											
47	80	0.1007	6	0	2	0	0	0	0	0	0	N	Y	N	N	N	N	N	N	N	N	N	N	0.0000	0.0000	0.0000	0.0000	0.0000	0.0000	0.0000	0.0000	0.0000	0.0000	0.0000	0.0000	0.0000	0.0000	0.0000	0.0000	0.0000	0.0000	0.0000	0.0000	0.0000	2.0196	0.0000	6.0690	0.0000	0.0000	0.0000	0.0000	0.0000	0.0000	0.0000	0.0000	0.0000	0.0000	0.0000	0.0000	0.0000	0.0000	0.0000	0.0000	0.0000	0.0000	0.0000	0.0000	0.0000	0.0000	0.0000	0.0000	0.0000	0.0000	0.0000	0.0000	0.0000	0.0000	0.0000	0.0000	0.0000	0.0000	0.0000	0.0000	0.0000	0.0000	0.0000	0.0000	0.0000	0.0000	0.0000	0.0000	0.0000	0.0000	0.0000	0.0000	0.0000	0.0000	0.0000	0.0000	0.0000	0.0000											
47	81	0.0925	5	0	1	0	0	0	0	0	0	N	N	N	N	N	N	N	N	N	N	N	N	0.0000	0.0000	0.0000	0.0000	0.0000	0.0000	0.0000	0.0000	0.0000	0.0000	0.0000	0.0000	0.0000	0.0000	0.0000	0.0000	0.0000	0.0000	0.0000	0.0000	0.0000	0.9876	0.0000	0.9833	0.0000	0.0000	0.0000	0.0000	0.0000	0.0000	0.0000	0.0000	0.0000	0.0000	0.0000	0.0000	0.0000	0.0000	0.0000	0.0000	0.0000	0.0000	0.0000	0.0000	0.0000	0.0000	0.0000	0.0000	0.0000	0.0000	0.0000	0.0000	0.0000	0.0000	0.0000	0.0000	0.0000	0.0000	0.0000	0.0000	0.0000	0.0000	0.0000	0.0000	0.0000	0.0000	0.0000	0.0000	0.0000	0.0000	0.0000	0.0000	0.0000	0.0000	0.0000	0.0000	0.0000	0.0000											
47	82	0.1976	7	1	1	1	0	0	0	0	0	N	N	N	N	N	N	N	N	N	N	N	N	0.0000	0.0000	0.0000	0.0000	0.0000	0.0000	0.0000	0.0000	0.0000	0.0000	0.0000	0.0000	0.0000	0.0000	0.0000	0.0000	0.0000	0.0000	0.0000	0.0000	0.0000	1.0000	0.0000	2.9874	0.0000	0.0000	0.0000	0.0000	0.0000	0.0000	0.0000	0.0000	0.0000	0.0000	0.0000	0.0000	0.0000	0.0000	0.0000	0.0000	0.0000	0.0000	0.0000	0.0000	0.0000	0.0000	0.0000	0.0000	0.0000	0.0000	0.0000	0.0000	0.0000	0.0000	0.0000	0.0000	0.0000	0.0000	0.0000	0.0000	0.0000	0.0000	0.0000	0.0000	0.0000	0.0000	0.0000	0.0000	0.0000	0.0000	0.0000	0.0000	0.0000	0.0000	0.0000	0.0000	0.0000	0.0000											
47	83	0.1693	6	1	1	1	0	0	0	0	0	N	N	N	N	N	N	N	N	N	N	N	N	0.0000	0.0000	0.0000	0.0000	0.0000	0.0000	0.0000	0.0000	0.0000	0.0000	0.0000	0.0000	0.0000	0.0000	0.0000	0.0000	0.0000	0.0000	0.0000	0.0000	0.0000	0.9997	0.0000	6.0128	0.0000	0.0000	0.0000	0.0000	0.0000	0.0000	0.0000	0.0000	0.0000	0.0000	0.0000	0.0000	0.0000	0.0000	0.0000	0.0000	0.0000	0.0000	0.0000	0.0000	0.0000	0.0000	0.0000	0.0000	0.0000	0.0000	0.0000	0.0000	0.0000	0.0000	0.0000	0.0000	0.0000	0.0000	0.0000	0.0000	0.0000	0.0000	0.0000	0.0000	0.0000	0.0000	0.0000	0.0000	0.0000	0.0000	0.0000	0.0000	0.0000	0.0000	0.0000	0.0000	0.0000	0.0000											
47	84	0.1275	5	0	2	0	1	0	0	0	0	N	Y	N	N	N	N	N	N	N	N	N	N	0.0000	0.0000	0.0000	0.0000	0.0000	0.0000	0.0000	0.0000	0.0000	0.0000	0.0000	0.0000	0.0000	0.0000	0.0000	0.0000	0.0000	0.0000	0.0000	0.0000	0.0000	8.0013	0.0000	12.0015	0.0000	0.0000	0.0000	0.0000	0.0000	0.0000	0.0000	0.0000	0.0000	0.0000	0.0000	0.0000	0.0000	0.0000	0.0000	0.0000	0.0000	0.0000	0.0000	0.0000	0.0000	0.0000	0.0000	0.0000	0.0000	0.0000	0.0000	0.0000	0.0000	0.0000	0.0000	0.0000	0.0000	0.0000	0.0000	0.0000	0.0000	0.0000	0.0000	0.0000	0.0000	0.0000	0.0000	0.0000	0.0000	0.0000	0.0000	0.0000	0.0000	0.0000	0.0000	0.0000	0.0000	0.0000											
47	85	0.0710	3	0	2	0	0	0	0	0	0	N	Y	N	N	N	N	N	N	N	N	N	N	0.0000	0.0000	0.0000	0.0000	0.0000	0.0000	0.0000	0.0000	0.0000	0.0000	0.0000	0.0000	0.0000	0.0000	0.0000	0.0000	0.0000	0.0000	0.0000	0.0000	0.0000	1.0000	0.0000	6.9850	0.0000	0.0000	0.0000	0.0000	0.0000	0.0000	0.0000	0.0000	0.0000	0.0000	0.0000	0.0000	0.0000	0.0000	0.0000	0.0000	0.0000	0.0000	0.0000	0.0000	0.0000	0.0000	0.0000	0.0000	0.0000	0.0000	0.0000	0.0000	0.0000	0.0000	0.0000	0.0000	0.0000	0.0000	0.0000	0.0000	0.0000	0.0000	0.0000	0.0000	0.0000	0.0000	0.0000	0.0000	0.0000	0.0000	0.0000	0.0000	0.0000	0.0000	0.0000	0.0000	0.0000	0.0000											
47	87	0.1693	6	0	2	0	0	0	0	0	0	N	Y	N	N	N	N	N	N	N	N	N	N	0.0000	0.0000	0.0000	0.0000	0.0000	0.0000	0.0000	0.0000	0.0000	0.0000	0.0000	0.0000	0.0000	0.0000	0.0000	0.0000	0.0000	0.0000	0.0000	0.0000	0.0000	4.0000	0.0000	7.0000	0.0000	0.0000	0.0000	0.0000	0.0000	0.0000	0.0000	0.0000	0.0000	0.0000	0.0000	0.0000	0.0000	0.0000	0.0000	0.0000	0.0000	0.0000	0.0000	0.0000	0.0000	0.0000	0.0000	0.0000	0.0000	0.0000	0.0000	0.0000	0.0000	0.0000	0.0000	0.0000	0.0000	0.0000	0.0000	0.0000	0.0000	0.0000	0.0000	0.0000	0.0000	0.0000	0.0000	0.0000	0.0000	0.0000	0.0000	0.0000	0.0000	0.0000	0.0000	0.0000	0.0000	0.0000											
47	88	0.1275	5	0	1	0	0	0	0	0	0	N	N	N	N	N	N	N	N	N	N	N	N	0.0000	0.0000	0.0000	0.0000	0.0000	0.0000	0.0000	0.0000	0.0000	0.0000	0.0000	0.0000	0.0000	0.0000	0.0000	0.0000	0.0000	0.0000	0.0000	0.0000	0.0000	2.9985	0.0000	7.0016	0.0000	0.0000	0.0000	0.0000	0.0000	0.0000	0.0000	0.0000	0.0000	0.0000	0.0000	0.0000	0.0000	0.0000	0.0000	0.0000	0.0000	0.0000	0.0000	0.0000	0.0000	0.0000	0.0000	0.0000	0.0000	0.0000	0.0000	0.0000	0.0000	0.0000	0.0000	0.0000	0.0000	0.0000	0.0000	0.0000	0.0000	0.0000	0.0000	0.0000	0.0000	0.0000	0.0000	0.0000	0.0000	0.0000	0.0000	0.0000	0.0000	0.0000	0.0000	0.0000	0.0000	0.0000											
47	89	0.1010	6	0	2	0	0	0	0	0	0	N	Y	N	N	N	N	N	N	N	N	N	N	0.0000	0.0000	0.0000	0.0000	0.0000	0.0000	0.0000	0.0000	0.0000	0.0000	0.0000	0.0000	0.0000	0.0000	0.0000	0.0000	0.0000	0.0000	0.0000	0.0000	0.0000	0.0157	0.0000	9.0253	0.0000	0.0000	0.0000	0.0000	0.0000	0.0000	0.0000	0.0000	0.0000	0.0000	0.0000	0.0000	0.0000	0.0000	0.0000	0.0000	0.0000	0.0000	0.0000	0.0000	0.0000	0.0000	0.0000	0.0000	0.0000	0.0000	0.0000	0.0000	0.0000	0.0000	0.0000	0.0000	0.0000	0.0000	0.0000	0.0000	0.0000	0.0000	0.0000	0.0000	0.0000	0.0000	0.0000	0.0000	0.0000	0.0000	0.0000	0.0000	0.0000	0.0000	0.0000	0.0000	0.0000	0.0000											
47	90	0.0925	5	0	2	0	0	0	0	0	0	N	Y	N	N	N	N	N	N	N	N	N	N	0.0000	0.0000	0.0000	0.0000	0.0000	0.0000	0.0000	0.0000	0.0000	0.0000	0.0000	0.0000	0.0000	0.0000	0.0000	0.0000	0.0000	0.0000	0.0000	0.0000	0.0000	0.0169	0.0000	2.0013	0.0000	0.0000	0.0000	0.0000	0.0000	0.0000	0.0000	0.0000	0.0000	0.0000	0.0000	0.0000	0.0000	0.0000	0.0000	0.0000	0.0000	0.0000	0.0000	0.0000	0.0000	0.0000	0.0000	0.0000	0.0000	0.0000	0.0000	0.0000	0.0000	0.0000	0.0000	0.0000	0.0000	0.0000	0.0000	0.0000	0.0000	0.0000	0.0000	0.0000	0.0000	0.0000	0.0000	0.0000	0.0000	0.0000	0.0000	0.0000	0.0000	0.0000	0.0000	0.0000	0.0000	0.0000											
47	91	0.0838	4	0	1	0	0	0	0	0	0	N	N	N	N	N	N	N	N	N	N	N	N	0.0000	0.0000	0.0000	0.0000	0.0000	0.0000	0.0000	0.0000	0.0000	0.0000	0.0000	0.0000	0.0000	0.0000	0.0000	0.0000	0.0000	0.0000	0.0000	0.0000	0.0000	1.9923	0.0000	0.0454	0.0000	0.0000	0.0000	0.0000	0.0000	0.0000	0.0000	0.0000	0.0000	0.0000	0.0000	0.0000	0.0000	0.0000	0.0000	0.0000	0.0000	0.0000	0.0000	0.0000	0.0000	0.0000	0.0000	0.0000	0.0000	0.0000	0.0000	0.0000	0.0000	0.0000	0.0000	0.0000	0.0000	0.0000	0.0000	0.0000	0.0000	0.0000	0.0000	0.0000	0.0000	0.0000	0.0000	0.0000	0.0000	0.0000	0.0000	0.0000	0.0000	0.0000	0.0000	0.0000	0.0000	0.0000											
47	93	0.2242	10	1	2	0	1	0	0	0	0	N	Y	N	N	N	N	N	N	N	N	N	N	0.0000	0.0000	0.0000	0.0000	0.0000	0.0000	0.0000	0.0000	0.0000	0.0000	0.0000	0.0000	0.0000	0.0000	0.0000	0.0000	0.0000	0.0000	0.0000	0.0000	0.0000	0.0000	0.0000	0.0000	0.0000	0.0000	0.0000	0.0000	0.0000	0.0000	0.0000	0.0000	0.0000	0.0000	0.0000	0.0000	0.0000	0.0000	0.0000	0.0000	0.0000	0.0000	0.0000	0.0000	0.0000	0.0000	0.0000	0.0000	0.0000	0.0000	0.0000	0.0000	0.0000	0.0000	0.0000	0.0000	0.0000	0.0000	0.0000	0.0000	0.0000	0.0000	0.0000	0.0000	0.0000	0.0000	0.0000	0.0000	0.0000	0.0000	0.0000	0.0000	0.0000	0.0000	0.0000	0.0000	0.0000	0.0000											
47	94	0.2242	9	1	2	0	1	0	0	0	0	N	Y	N	N	N	N	N	N	N	N	N	N	0.0000	0.0000	0.0000	0.0000	0.0000	0.0000	0.0000	0.0000	0.0000	0.0000	0.0000	0.0000	0.0000	0.0000	0.0000	0.0000	0.0000	0.0000	0.0000	0.0000	0.0000	0.0000	0.0000	0.0001	0.0000	0.0000	0.0000	0.0000	0.0000	0.0000	0.0000	0.0000	0.0000	0.0000	0.0000	0.0000	0.0000	0.0000	0.0000	0.0000	0.0000	0.0000	0.0000	0.0000	0.0000	0.0000	0.0000	0.0000	0.0000	0.0000	0.0000	0.0000	0.0000	0.0000	0.0000	0.0000	0.0000	0.0000	0.0000	0.0000	0.0000	0.0000	0.0000	0.0000	0.0000	0.0000	0.0000	0.0000	0.0000	0.0000	0.0000	0.0000	0.0000	0.0000	0.0000	0.0000	0.0000	0.0000											
47	95	0.2062	8	0	2	0	1	0	0	0	0	N	Y	N	N	N	N	N	N	N	N	N	N	0.0000	0.0000	0.0000	0.0000	0.0000	0.0000	0.0000	0.0000	0.0000	0.0000	0.0000	0.0000	0.0000	0.0000	0.0000	0.0000	0.0000	0.0000	0.0000	0.0000	0.0000	0.9845	0.0000	0.9903	0.0000	0.0000	0.0000	0.0000	0.0000	0.0000	0.0000	0.0000	0.0000	0.0000	0.0000	0.0000	0.0000	0.0000	0.0000	0.0000	0.0000	0.0000	0.0000	0.0000	0.0000	0.0000	0.0000	0.0000	0.0000	0.0000	0.0000	0.0000	0.0000	0.0000	0.0000	0.0000	0.0000	0.0000	0.0000	0.0000	0.0000	0.0000	0.0000	0.0000	0.0000	0.0000	0.0000	0.0000	0.0000	0.0000	0.0000	0.0000	0.0000	0.0000	0.0000	0.0000	0.0000	0.0000											
47	96	0.2034	8	0	2	0	0	0	0	0	0	N	Y	N	N	N	N	N	N	N	N	N	N	0.0000	0.0000	0.0000	0.0000	0.0000	0.0000	0.0000	0.0000	0.0000	0.0000	0.0000	0.0000	0.0000	0.0000	0.0000	0.0000	0.0000	0.0000	0.0000	0.0000	0.0000	1.0063	0.0000	3.7812	0.0000	0.0000	0.0000	0.0000	0.0000	0.0000	0.0000	0.0000	0.0000	0.0000	0.0000	0.0000	0.0000	0.0000	0.0000	0.0000	0.0000	0.0000	0.0000	0.0000	0.0000	0.0000	0.0000	0.0000	0.0000	0.0000	0.0000	0.0000	0.0000	0.0000	0.0000	0.0000	0.0000	0.0000	0.0000	0.0000	0.0000	0.0000	0.0000	0.0000	0.0000	0.0000	0.0000	0.0000	0.0000	0.0000	0.0000	0.0000	0.0000	0.0000	0.0000	0.0000	0.0000	0.0000											
47	97	0.2062	8	0	1	1	1	0	0	0	0	N	N	N	N	N	N	N	N	N	N	N	N	0.0000	0.0000	0.0000	0.0000	0.0000	0.0000	0.0000	0.0000	0.0000	0.0000	0.0000	0.0000	0.0000	0.0000	0.0000	0.0000	0.0000	0.0000	0.0000	0.0000	0.0000	1.0165	0.0000	1.0129	0.0000	0.0000	0.0000	0.0000	0.0000	0.0000	0.0000	0.0000	0.0000	0.0000	0.0000	0.0000	0.0000	0.0000	0.0000	0.0000	0.0000	0.0000	0.0000	0.0000	0.0000	0.0000	0.0000	0.0000	0.0000	0.0000	0.0000	0.0000	0.0000	0.0000	0.0000	0.0000	0.0000	0.0000	0.0000	0.0000	0.0000	0.0000	0.0000	0.0000	0.0000	0.0000	0.0000	0.0000	0.0000	0.0000	0.0000	0.0000	0.0000	0.0000	0.0000	0.0000	0.0000	0.0000											
47	98	0.1933	7	0	1	0	1	0	0	0	0	N	N	N	N	N	N	N	N	N	N	N	N	0.0000	0.0000	0.0000	0.0000	0.0000	0.0000	0.0000	0.0000	0.0000	0.0000	0.0000	0.0000	0.0000	0.0000	0.0000	0.0000	0.0000	0.0000	0.0000	0.0000	0.0000	2.0241	0.0000	1.0265	0.0000	0.0000	0.0000	0.0000	0.0000	0.0000	0.0000	0.0000	0.0000	0.0000	0.0000	0.0000	0.0000	0.0000	0.0000	0.0000	0.0000	0.0000	0.0000	0.0000	0.0000	0.0000	0.0000	0.0000	0.0000	0.0000	0.0000	0.0000	0.0000	0.0000	0.0000	0.0000	0.0000	0.0000	0.0000	0.0000	0.0000	0.0000	0.0000	0.0000	0.0000	0.0000	0.0000	0.0000	0.0000	0.0000	0.0000	0.0000	0.0000	0.0000	0.0000	0.0000	0.0000	0.0000											
47	99	0.1933	7	0	1	1	1	0	0	0	0	N	N	N	N	N	N	N	N	N	N	N	N	0.0000	0.0000	0.0000	0.0000	0.0000	0.0000	0.0000	0.0000	0.0000	0.0000	0.0000	0.0000	0.0000	0.0000	0.0000	0.0000	0.0000	0.0000	0.0000	0.0000	0.0000	3.0066	0.0000	0.0000	0.0000	0.0000	0.0000	0.0000	0.0000	0.0000	0.0000	0.0000	0.0000	0.0000	0.0000	0.0000	0.0000	0.0000	0.0000	0.0000	0.0000	0.0000	0.0000	0.0000	0.0000	0.0000	0.0000	0.0000	0.0000	0.0000	0.0000	0.0000	0.0000	0.0000	0.0000	0.0000	0.0000	0.0000	0.0000	0.0000	0.0000	0.0000	0.0000	0.0000	0.0000	0.0000	0.0000	0.0000	0.0000	0.0000	0.0000	0.0000	0.0000	0.0000	0.0000	0.0000	0.0000	0.0000											
47	100	0.2190	7	0	1	1	1	0	0	0	0	N	N	N	N	N	N	N	N	N	N	N	N	0.0000	0.0000	0.0000	0.0000	0.0000	0.0000	0.0000	0.0000	0.0000	0.0000	0.0000	0.0000	0.0000	0.0000	0.0000	0.0000	0.0000	0.0000	0.0000	0.0000	0.0000	0.0000	0.0000	2.0000	0.0000	0.0000	0.0000	0.0000	0.0000	0.0000	0.0000	0.0000	0.0000	0.0000	0.0000	0.0000	0.0000	0.0000	0.0000	0.0000	0.0000	0.0000	0.0000	0.0000	0.0000	0.0000	0.0000	0.0000	0.0000	0.0000	0.0000	0.0000	0.0000	0.0000	0.0000	0.0000	0.0000	0.0000	0.0000	0.0000	0.0000	0.0000	0.0000	0.0000	0.0000	0.0000	0.0000	0.0000	0.0000	0.0000	0.0000	0.0000	0.0000	0.0000	0.0000	0.0000	0.0000	0.0000											
47	101	0.1800	6	0	1	1	1	0	0	0	0	N	N	N	N	N	N	N	N	N	N	N	N	0.0000	0.0000	0.0000	0.0000	0.0000	0.0000	0.0000	0.0000	0.0000	0.0000	0.0000	0.0000	0.0000	0.0000	0.0000	0.0000	0.0000	0.0000	0.0000	0.0000	0.0000	5.8899	0.0000	3.1847	0.0000	0.0000	0.0000	0.0000	0.0000	0.0000	0.0000	0.0000	0.0000	0.0000	0.0000	0.0000	0.0000	0.0000	0.0000	0.0000	0.0000	0.0000	0.0000	0.0000	0.0000	0.0000	0.0000	0.0000	0.0000	0.0000	0.0000	0.0000	0.0000	0.0000	0.0000	0.0000	0.0000	0.0000	0.0000	0.0000	0.0000	0.0000	0.0000	0.0000	0.0000	0.0000	0.0000	0.0000	0.0000	0.0000	0.0000	0.0000	0.0000	0.0000	0.0000	0.0000	0.0000	0.0000											
47	102	0.2268	6	1	2	0	0	0	0	0	0	N	Y	N	N	N	N	N	N	N	N	N	N	0.0000	0.0000	0.0000	0.0000	0.0000	0.0000	0.0000	0.0000	0.0000	0.0000	0.0000	0.0000	0.0000	0.0000	0.0000	0.0000	0.0000	0.0000	0.0000	0.0000	0.0000	0.0000	0.0000	0.0000	0.0000	0.0000	0.0000	0.0000	0.0000	0.0000	0.0000	0.0000	0.0000	0.0000	0.0000	0.0000	0.0000	0.0000	0.0000	0.0000	0.0000	0.0000	0.0000	0.0000	0.0000	0.0000	0.0000	0.0000	0.0000	0.0000	0.0000	0.0000	0.0000	0.0000	0.0000	0.0000	0.0000	0.0000	0.0000	0.0000	0.0000	0.0000	0.0000	0.0000	0.0000	0.0000	0.0000	0.0000	0.0000	0.0000	0.0000	0.0000	0.0000	0.0000	0.0000	0.0000	0.0000	0.0000											
47	103	0.1275	5	1	2	0	0	0	0	0	0	N	Y	N	N	N	N	N	N	N	N	N	N	0.0000	0.0000	0.0000	0.0000	0.0000	0.0000	0.0000	0.0000	0.0000	0.0000	0.0000	0.0000	0.0000	0.0000	0.0000	0.0000	0.0000	0.0000	0.0000	0.0000	0.0000	8.0012	0.0000	14.0016	0.0000	0.0000	0.0000	0.0000	0.0000	0.0000	0.0000	0.0000	0.0000	0.0000	0.0000	0.0000	0.0000	0.0000	0.0000	0.0000	0.0000	0.0000	0.0000	0.0000	0.0000	0.0000	0.0000	0.0000	0.0000	0.0000	0.0000	0.0000	0.0000	0.0000	0.0000	0.0000	0.0000	0.0000	0.0000	0.0000	0.0000	0.0000	0.0000	0.0000	0.0000	0.0000	0.0000	0.0000	0.0000	0.0000	0.0000	0.0000	0.0000	0.0000	0.0000	0.0000	0.0000	0.0000											
47	104	0.1905	6	0	2	0	0	0	0	0	0	N	Y	N	N	N	N	N	N	N	N	N	N	0.0000	0.0000	0.0000	0.0000	0.0000	0.0000	0.0000	0.0000	0.0000	0.0000	0.0000	0.0000	0.0000	0.0000	0.0000	0.0000	0.0000	0.0000	0.0000	0.0000	0.0000	2.0010	0.0000	1.0153	0.0000	0.0000	0.0000	0.0000	0.0000	0.0000	0.0000	0.0000	0.0000	0.0000	0.0000	0.0000	0.0000	0.0000	0.0000	0.0000	0.0000	0.0000	0.0000	0.0000	0.0000	0.0000	0.0000	0.0000	0.0000	0.0000	0.0000	0.0000	0.0000	0.0000	0.0000	0.0000	0.0000	0.0000	0.0000	0.0000	0.0000	0.0000	0.0000	0.0000	0.0000	0.0000	0.0000	0.0000	0.0000	0.0000	0.0000	0.0000	0.0000	0.0000	0.0000	0.0000	0.0000	0.0000											
47	105	0.1275	5	0	2	0	0	0	0	0	0	N	Y	N	N	N	N	N	N	N	N	N	N	0.0000	0.0000	0.0000	0.0000	0.0000	0.0000	0.0000	0.0000	0.0000	0.0000	0.0000	0.0000	0.0000	0.0000	0.0000	0.0000	0.0000	0.0000	0.0000	0.0000	0.0000	3.0162	0.0000	11.0438	0.0000	0.0000	0.0000	0.0000	0.0000	0.0000	0.0000	0.0000	0.0000	0.0000	0.0000	0.0000	0.0000	0.0000	0.0000	0.0000	0.0000	0.0000	0.0000	0.0000	0.0000	0.0000	0.0000	0.0000	0.0000	0.0000	0.0000	0.0000	0.0000	0.0000	0.0000	0.0000	0.0000	0.0000	0.0000	0.0000	0.0000	0.0000	0.0000	0.0000	0.0000	0.0000	0.0000	0.0000	0.0000	0.0000	0.0000	0.0000	0.0000	0.0000	0.0000	0.0000	0.0000	0.0000											
47	106	0.2284	10	1	2	0	0	0	0	0	0	N	Y	N	N	N	N	N	N	N	N	N	N	0.0000	0.0000	0.0000	0.0000	0.0000	0.0000	0.0000	0.0000	0.0000	0.0000	0.0000	0.0000	0.0000	0.0000	0.0000	0.0000	0.0000	0.0000	0.0000	0.0000	0.0000	1.0000	0.0000	1.0000	0.0000	0.0000	0.0000	0.0000	0.0000	0.0000	0.0000	0.0000	0.0000	0.0000	0.0000	0.0000	0.0000	0.0000	0.0000	0.0000	0.0000	0.0000	0.0000	0.0000	0.0000	0.0000	0.0000	0.0000	0.0000	0.0000	0.0000	0.0000	0.0000	0.0000	0.0000	0.0000	0.0000	0.0000	0.0000	0.0000	0.0000	0.0000	0.0000	0.0000	0.0000	0.0000	0.0000	0.0000	0.0000	0.0000	0.0000	0.0000	0.0000	0.0000	0.0000	0.0000	0.0000	0.0000											
47	107	0.2242	9	1	2	0	0	0	0	0	0	N	Y	N	N	N	N	N	N	N	N	N	N	0.0000	0.0000	0.0000	0.0000	0.0000	0.0000	0.0000	0.0000	0.0000	0.0000	0.0000	0.0000	0.0000	0.0000	0.0000	0.0000	0.0000	0.0000	0.0000	0.0000	0.0000	0.0000	0.0000	0.9999	0.0000	0.0000	0.0000	0.0000	0.0000	0.0000	0.0000	0.0000	0.0000	0.0000	0.0000	0.0000	0.0000	0.0000	0.0000	0.0000	0.0000	0.0000	0.0000	0.0000	0.0000	0.0000	0.0000	0.0000	0.0000	0.0000	0.0000	0.0000	0.0000	0.0000	0.0000	0.0000	0.0000	0.0000	0.0000	0.0000	0.0000	0.0000	0.0000	0.0000	0.0000	0.0000	0.0000	0.0000	0.0000	0.0000	0.0000	0.0000	0.0000	0.0000	0.0000	0.0000	0.0000	0.0000											
47	108	0.2034	8	1	2	0	0	0	0	0	0	N	Y	N	N	N	N	N	N	N	N	N	N	0.0000	0.0000	0.0000	0.0000	0.0000	0.0000	0.0000	0.0000	0.0000	0.0000	0.0000	0.0000	0.0000	0.0000	0.0000	0.0000	0.0000	0.0000	0.0000	0.0000	0.0000	0.0100	0.0000	4.8896	0.0000	0.0000	0.0000	0.0000	0.0000	0.0000	0.0000	0.0000	0.0000	0.0000	0.0000	0.0000	0.0000	0.0000	0.0000	0.0000	0.0000	0.0000	0.0000	0.0000	0.0000	0.0000	0.0000	0.0000	0.0000	0.0000	0.0000	0.0000	0.0000	0.0000	0.0000	0.0000	0.0000	0.0000	0.0000	0.0000	0.0000	0.0000	0.0000	0.0000	0.0000	0.0000	0.0000	0.0000	0.0000	0.0000	0.0000	0.0000	0.0000	0.0000	0.0000	0.0000	0.0000	0.0000											
47	109	0.1933	7	0	2	0	0	0	0	0	0	N	Y	N	N	N	N	N	N	N	N	N	N	0.0000	0.0000	0.0000	0.0000	0.0000	0.0000	0.0000	0.0000	0.0000	0.0000	0.0000	0.0000	0.0000	0.0000	0.0000	0.0000	0.0000	0.0000	0.0000	0.0000	0.0000	1.0007	0.0000	1.4004	0.0000	0.0000	0.0000	0.0000	0.0000	0.0000	0.0000	0.0000	0.0000	0.0000	0.0000	0.0000	0.0000	0.0000	0.0000	0.0000	0.0000	0.0000	0.0000	0.0000	0.0000	0.0000	0.0000	0.0000	0.0000	0.0000	0.0000	0.0000	0.0000	0.0000	0.0000	0.0000	0.0000	0.0000	0.0000	0.0000	0.0000	0.0000	0.0000	0.0000	0.0000	0.0000	0.0000	0.0000	0.0000	0.0000	0.0000	0.0000	0.0000	0.0000	0.0000	0.0000	0.0000	0.0000											
47	110	0.1800	6	0	1	0	0	0	0	0	0	N	N	N	N	N	N	N	N	N	N	N	N	0.0000	0.0000	0.0000	0.0000	0.0000	0.0000	0.0000	0.0000	0.0000	0.0000	0.0000	0.0000	0.0000	0.0000	0.0000	0.0000	0.0000	0.0000	0.0000	0.0000	0.0000	0.3039	0.0000	2.8719	0.0000	0.0000	0.0000	0.0000	0.0000	0.0000	0.0000	0.0000	0.0000	0.0000	0.0000	0.0000	0.0000	0.0000	0.0000	0.0000	0.0000	0.0000	0.0000	0.0000	0.0000	0.0000	0.0000	0.0000	0.0000	0.0000	0.0000	0.0000	0.0000	0.0000	0.0000	0.0000	0.0000	0.0000	0.0000	0.0000	0.0000	0.0000	0.0000	0.0000	0.0000	0.0000	0.0000	0.0000	0.0000	0.0000	0.0000	0.0000	0.0000	0.0000	0.0000	0.0000	0.0000	0.0000											
47	111	0.1275	5	0	1	0	0	0	0	0	0	N	N	N	N	N	N	N	N	N	N	N	N	0.0000	0.0000	0.0000	0.0000	0.0000	0.0000	0.0000	0.0000	0.0000	0.0000	0.0000	0.0000	0.0000	0.0000	0.0000	0.0000	0.0000	0.0000	0.0000	0.0000	0.0000	3.8240	0.0000	8.1760	0.0000	0.0000	0.0000	0.0000	0.0000	0.0000	0.0000	0.0000	0.0000	0.0000	0.0000	0.0000	0.0000	0.0000	0.0000	0.0000	0.0000	0.0000	0.0000	0.0000	0.0000	0.0000	0.0000	0.0000	0.0000	0.0000	0.0000	0.0000	0.0000	0.0000	0.0000	0.0000	0.0000	0.0000	0.0000	0.0000	0.0000	0.0000	0.0000	0.0000	0.0000	0.0000	0.0000	0.0000	0.0000	0.0000	0.0000	0.0000	0.0000	0.0000	0.0000	0.0000	0.0000	0.0000											
47	115	0.3201	8	0	1	0	0	0	0	0	0	N	N	N	N	N	N	N	N	N	N	N	N	0.0000	0.0000	0.0000	0.0000	0.0000	0.0000	0.0000	0.0000	0.0000	0.0000	0.0000	0.0000	0.0000	0.0000	0.0000	0.0000	0.0000	0.0000	0.0000	0.0000	0.0000	8.9918	0.0000	13.3277	0.0000	0.0000	0.0000	0.0000	0.0000	0.0000	0.0000	0.0000	0.0000	0.0000	0.0000	0.0000	0.0000	0.0000	0.0000	0.0000	0.0000	0.0000	0.0000	0.0000	0.0000	0.0000	0.0000	0.0000	0.0000	0.0000	0.0000	0.0000	0.0000	0.0000	0.0000	0.0000	0.0000	0.0000	0.0000	0.0000	0.0000	0.0000	0.0000	0.0000	0.0000	0.0000	0.0000	0.0000	0.0000	0.0000	0.0000	0.0000	0.0000	0.0000	0.0000	0.0000	0.0000	0.0000											
48	50	0.0128	2	2	2	2	0	0	0	0	0	Y	Y	Y	N	N	N	N	N	N	N	N	N	6.9949	0.0000	6.6883	0.0000	0.0000	0.0000	13.5146	6.5251	0.2428	0.0000	0.5145	0.0000	0.0000	0.0000	0.4662	0.0000	0.4967	0.0347	0.0062	0.0769	0.0367	0.0357	0.1940	0.0345	0.0000	0.0761	inf	8.7162	0.0000	0.0001	0.0000	0.0003	2.0152	1.0126	0.0000	0.0000	0.0000	0.0000	0.0000	0.0000	0.0000	0.0000	0.0000	0.0002	0.0000	0.0002	0.0000	0.0000	0.0000	0.0002	0.0000	0.0002	0.0000	0.0000	0.0000	0.0000	0.0000	0.0000	0.0000	0.0000	0.0000	0.0056	0.0032	0.0024	0.0006	0.0006	0.0000	0.0050	0.0027	0.0023	6.9949	0.0000	6.9639	0.0000	0.0000	0.0000	13.5146	0.0000	6.7374	0.0347	0.0062	0.0739	0.0367	0.0357	0.1940	0.0345	0.0000	0.0737	
48	51	0.1822	5	2	2	1	0	0	0	0	0	Y	Y	N	N	N	N	N	N	N	N	N	N	0.0000	0.0000	0.0000	0.0000	0.0000	0.0000	0.0000	0.0000	0.0000	0.0000	0.0000	0.0000	0.0000	0.0000	0.0000	0.0000	0.0000	0.0000	0.0000	0.0000	0.0000	0.0000	2.0152	1.0000	0.0000	0.0000	0.0000	0.0000	0.0000	0.0000	0.0000	0.0000	0.0000	0.0000	0.0000	0.0000	0.0000	0.0000	0.0000	0.0000	0.0000	0.0000	0.0000	0.0000	0.0000	0.0000	0.0000	0.0000	0.0000	0.0000	0.0000	0.0044	0.0027	0.0017	0.0010	0.0009	0.0002	0.0033	0.0018	0.0015	0.0000	0.0000	0.0000	0.0000	0.0000	0.0000	0.0000	0.0000	0.0000	0.0000	0.0000	0.0000	0.0000	0.0000	0.0000	0.0000	0.0000	0.0000											
48	52	0.1783	8	1	2	1	1	0	0	0	0	N	Y	N	N	N	N	N	N	N	N	N	N	0.0000	0.0000	0.0000	0.0000	0.0000	0.0000	0.0000	0.0000	0.0000	0.0000	0.0000	0.0000	0.0000	0.0000	0.0000	0.0000	0.0000	0.0008	0.0012	0.0000	0.0000	0.0000	0.0000	0.0011	0.0018	0.0000	0.0011	0.0000	-0.0000	0.0000	0.9995	2.0152	1.0399	0.0000	0.0000	0.0000	0.0000	0.0000	0.0000	0.0000	0.0000	0.0000	0.0000	0.0000	0.0000	0.0000	0.0000	0.0000	0.0000	0.0000	0.0000	0.0000	0.0000	0.0000	0.0000	0.0000	0.0000	0.0000	0.0000	0.0000	0.0126	0.0086	0.0040	0.0034	0.0031	0.0003	0.0091	0.0055	0.0036	0.0000	0.0000	0.0000	0.0000	0.0000	0.0000	0.0000	0.0000	0.0000	0.0008	0.0012	0.0000	0.0000	0.0000	0.0000	0.0011	0.0018	0.0000		
48	53	0.1783	8	1	1	1	1	0	0	0	0	N	N	N	N	N	N	N	N	N	N	N	N	0.0000	0.0000	0.0000	0.0000	0.0000	0.0000	0.0000	0.0000	0.0000	0.0000	0.0000	0.0000	0.0000	0.0000	0.0000	0.0000	0.0000	0.0000	0.0000	0.0000	0.0000	3.0005	2.0152	1.0125	0.0000	0.0000	0.0000	0.0000	0.0000	0.0000	0.0000	0.0000	0.0000	0.0000	0.0000	0.0000	0.0000	0.0000	0.0000	0.0000	0.0000	0.0000	0.0000	0.0000	0.0000	0.0000	0.0000	0.0000	0.0000	0.0000	0.0000	0.0213	0.0139	0.0074	0.0051	0.0045	0.0007	0.0162	0.0094	0.0068	0.0000	0.0000	0.0000	0.0000	0.0000	0.0000	0.0000	0.0000	0.0000	0.0000	0.0000	0.0000	0.0000	0.0000	0.0000	0.0000	0.0000	0.0000											
48	54	0.1701	7	1	1	1	1	0	0	0	0	N	N	N	N	N	N	N	N	N	N	N	N	0.0000	0.0000	0.0000	0.0000	0.0000	0.0000	0.0000	0.0000	0.0000	0.0000	0.0000	0.0000	0.0000	0.0011	0.0019	0.0000	0.0068	0.0085	0.0000	0.0000	0.0000	0.0000	0.0000	0.0000	-0.0000	0.0000	0.0013	2.0152	1.9704	0.0000	0.0000	0.0000	0.0000	0.0000	0.0000	0.0000	0.0000	0.0000	0.0000	0.0000	0.0000	0.0000	0.0000	0.0000	0.0000	0.0000	0.0000	0.0000	0.0000	0.0000	0.0000	0.0000	0.0000	0.0000	0.0000	0.0000	0.0090	0.0054	0.0036	0.0015	0.0012	0.0003	0.0076	0.0042	0.0034	0.0000	0.0000	0.0000	0.0000	0.0000	0.0000	0.0000	0.0000	0.0000	0.0011	0.0019	0.0000	0.0068	0.0085	0.0000	0.0000	0.0000	0.0000						
48	55	0.1393	6	1	1	1	1	0	0	0	0	N	N	N	N	N	N	N	N	N	N	N	N	0.0000	0.0000	0.0000	0.0000	0.0000	0.0000	0.0000	0.0000	0.0000	0.0000	0.0000	0.0000	0.0000	0.0000	0.0000	0.0000	0.0000	0.0000	0.0000	0.0000	0.0000	3.0000	2.0152	4.0155	0.0000	0.0000	0.0000	0.0000	0.0000	0.0000	0.0000	0.0000	0.0000	0.0000	0.0000	0.0000	0.0000	0.0000	0.0000	0.0000	0.0000	0.0000	0.0000	0.0000	0.0000	0.0000	0.0000	0.0000	0.0000	0.0000	0.0000	0.0305	0.0183	0.0122	0.0052	0.0042	0.0009	0.0253	0.0141	0.0113	0.0000	0.0000	0.0000	0.0000	0.0000	0.0000	0.0000	0.0000	0.0000	0.0000	0.0000	0.0000	0.0000	0.0000	0.0000	0.0000	0.0000	0.0000											
48	56	0.0599	5	1	2	2	0	0	0	0	0	N	Y	Y	N	N	N	N	N	N	N	N	N	0.3673	0.2824	0.0000	0.0360	0.0323	0.0000	0.0000	0.0000	0.0169	0.0197	0.0000	0.0423	0.0424	0.0000	0.0000	0.0000	0.0000	0.0460	0.0698	0.0001	1.1756	1.3130	0.0000	0.0000	0.0000	0.0001	0.0000	0.0004	-0.0000	-0.0010	0.0000	2.0013	2.0152	5.6727	0.0000	0.0000	0.0000	0.0000	0.0000	0.0000	0.0000	0.0000	0.0000	0.0019	0.0019	0.0000	0.0019	0.0019	0.0000	0.0000	0.0000	0.0000	0.0000	0.0000	0.0000	0.0000	0.0000	0.0000	0.0000	0.0000	0.0000	0.0412	0.0271	0.0141	0.0082	0.0076	0.0006	0.0330	0.0195	0.0134	0.3673	0.2824	0.0000	0.1838	0.1698	0.0000	0.0000	0.0000	0.0000	0.0460	0.0698	0.0001	0.2303	0.2495	0.0000	0.0000	0.0000	0.0001	
48	57	0.0562	4	1	2	1	0	0	0	0	0	N	Y	N	N	N	N	N	N	N	N	N	N	7054.9332	0.0000	58561.5090	0.0000	0.0000	101643.8298	56663.7259	4.0386	0.0000	11.2162	0.0000	0.0000	0.0000	7.2080	0.0000	11.2220	0.0006	0.0007	0.0002	0.0016	0.0016	0.0000	0.0001	0.0000	0.0002	inf	0.0894	0.0000	-0.0000	0.0000	0.0033	2.0152	1.3874	0.0000	0.0000	0.0000	0.0000	0.0000	0.0000	0.0000	0.0000	0.0000	0.0000	0.0000	0.0000	0.0000	0.0000	0.0000	0.0000	0.0000	0.0000	0.0000	0.0000	0.0000	0.0000	0.0000	0.0000	0.0000	0.0000	0.0000	0.0147	0.0111	0.0036	0.0050	0.0048	0.0001	0.0097	0.0062	0.0035	7054.9332	0.0000	58561.5090	0.0000	0.0000	0.0000	101643.8298	0.0000	56663.7259	0.0006	0.0007	0.0002	0.0016	0.0016	0.0000	0.0001	0.0000	0.0002		
48	58	0.0411	3	2	1	2	0	0	0	0	0	Y	N	Y	N	N	N	N	N	N	N	N	N	0.0000	0.0000	0.0000	0.0000	0.0000	0.0000	0.0000	0.0000	0.0000	0.0000	0.0000	0.0000	0.0000	0.0000	0.0000	0.0000	0.0000	0.0000	0.0000	0.0000	0.0000	0.0000	2.0152	2.0000	0.0000	0.0000	0.0000	0.0000	0.0000	0.0000	0.0000	0.0000	0.0000	0.0000	0.0000	0.0000	0.0000	0.0000	0.0000	0.0000	0.0000	0.0000	0.0000	0.0000	0.0000	0.0000	0.0000	0.0000	0.0000	0.0000	0.0000	0.0088	0.0053	0.0035	0.0007	0.0006	0.0001	0.0081	0.0047	0.0034	0.0000	0.0000	0.0000	0.0000	0.0000	0.0000	0.0000	0.0000	0.0000	0.0000	0.0000	0.0000	0.0000	0.0000	0.0000	0.0000	0.0000	0.0000											
48	59	0.0562	4	1	2	1	0	0	0	0	0	N	Y	N	N	N	N	N	N	N	N	N	N	0.0000	0.0000	0.0000	0.0000	0.0000	0.0000	0.0000	0.0000	0.0000	0.0000	0.0000	0.0000	0.0000	0.0000	0.0000	0.0001	0.0000	0.0000	0.0000	0.0000	0.0000	0.0001	inf	-0.0000	0.0000	0.0000	1.9997	2.0152	3.4660	0.0000	0.0000	0.0000	0.0000	0.0000	0.0000	0.0000	0.0000	0.0000	0.0000	0.0000	0.0000	0.0000	0.0000	0.0000	0.0000	0.0000	0.0000	0.0000	0.0000	0.0000	0.0000	0.0000	0.0000	0.0000	0.0000	0.0000	0.0316	0.0212	0.0104	0.0067	0.0062	0.0004	0.0249	0.0149	0.0099	0.0000	0.0000	0.0000	0.0000	0.0000	0.0000	0.0000	0.0000	0.0000	0.0000	0.0000	0.0001	0.0000	0.0000	0.0000	0.0000	0.0000	0.0001						
48	60	0.0411	3	1	2	1	0	0	0	0	0	N	Y	N	N	N	N	N	N	N	N	N	N	0.0000	0.0000	0.0000	0.0000	0.0000	0.0000	0.0000	0.0000	0.0000	0.0000	0.0000	0.0000	0.0000	0.0000	0.0001	0.0000	0.0005	0.0006	0.0000	0.0000	0.0000	0.0000	0.0000	0.0000	-0.0000	0.0000	0.0005	2.0152	3.6054	0.0000	0.0000	0.0000	0.0000	0.0000	0.0000	0.0000	0.0000	0.0000	0.0000	0.0000	0.0000	0.0000	0.0000	0.0000	0.0000	0.0000	0.0000	0.0000	0.0000	0.0000	0.0000	0.0000	0.0000	0.0000	0.0000	0.0000	0.0158	0.0095	0.0063	0.0013	0.0011	0.0002	0.0145	0.0084	0.0061	0.0000	0.0000	0.0000	0.0000	0.0000	0.0000	0.0000	0.0000	0.0000	0.0000	0.0001	0.0000	0.0005	0.0006	0.0000	0.0000	0.0000	0.0000						
48	61	0.2104	8	1	1	2	0	0	0	0	0	N	N	Y	N	N	N	N	N	N	N	N	N	0.0000	0.0000	0.0000	0.0000	0.0000	0.0000	0.0000	0.0000	0.0000	0.0000	0.0000	0.0000	0.0000	0.0000	0.0000	0.0000	0.0000	0.0000	0.0000	0.0000	0.0000	0.0000	2.0152	1.0000	0.0000	0.0000	0.0000	0.0000	0.0000	0.0000	0.0000	0.0000	0.0000	0.0000	0.0000	0.0000	0.0000	0.0000	0.0000	0.0000	0.0000	0.0000	0.0000	0.0000	0.0000	0.0000	0.0000	0.0000	0.0000	0.0000	0.0000	0.0042	0.0025	0.0017	0.0010	0.0008	0.0002	0.0032	0.0018	0.0014	0.0000	0.0000	0.0000	0.0000	0.0000	0.0000	0.0000	0.0000	0.0000	0.0000	0.0000	0.0000	0.0000	0.0000	0.0000	0.0000	0.0000	0.0000											
48	62	0.2061	7	1	1	1	0	0	0	0	0	N	N	N	N	N	N	N	N	N	N	N	N	0.0000	0.0000	0.0000	0.0000	0.0000	0.0000	0.0000	0.0000	0.0000	0.0000	0.0000	0.0000	0.0000	0.0000	0.0000	0.0000	0.0000	0.0000	0.0000	0.0000	0.0000	0.0001	2.0152	1.0076	0.0000	0.0000	0.0000	0.0000	0.0000	0.0000	0.0000	0.0000	0.0000	0.0000	0.0000	0.0000	0.0000	0.0000	0.0000	0.0000	0.0000	0.0000	0.0000	0.0000	0.0000	0.0000	0.0000	0.0000	0.0000	0.0000	0.0000	0.0054	0.0035	0.0019	0.0016	0.0014	0.0002	0.0038	0.0022	0.0016	0.0000	0.0000	0.0000	0.0000	0.0000	0.0000	0.0000	0.0000	0.0000	0.0000	0.0000	0.0000	0.0000	0.0000	0.0000	0.0000	0.0000	0.0000											
48	63	0.1393	6	1	1	1	0	0	0	0	0	N	N	N	N	N	N	N	N	N	N	N	N	0.0000	0.0000	0.0000	0.0000	0.0000	0.0000	0.0000	0.0000	0.0000	0.0000	0.0000	0.0000	0.0000	0.0000	0.0000	0.0000	0.0000	0.0000	0.0000	-0.0000	0.0000	11.9999	2.0152	3.0574	0.0000	0.0000	0.0000	0.0000	0.0000	0.0000	0.0000	0.0000	0.0000	0.0000	0.0000	0.0000	0.0000	0.0000	0.0000	0.0000	0.0000	0.0000	0.0000	0.0000	0.0000	0.0000	0.0000	0.0000	0.0000	0.0000	0.0000	0.0609	0.0366	0.0243	0.0103	0.0083	0.0019	0.0506	0.0282	0.0224	0.0000	0.0000	0.0000	0.0000	0.0000	0.0000	0.0000	0.0000	0.0000	0.0000	0.0000	0.0000	0.0000	0.0000	0.0000	0.0000	0.0000	0.0000											
48	64	0.0411	3	2	2	1	0	0	0	0	0	Y	Y	N	N	N	N	N	N	N	N	N	N	0.0000	0.0000	0.0000	0.0000	0.0000	0.0000	0.0000	0.0000	0.0000	0.0000	0.0000	0.0000	0.0000	0.0000	0.0000	0.0000	0.0000	0.0000	0.0000	0.0000	0.0000	4.0000	2.0152	3.0000	0.0000	0.0000	0.0000	0.0000	0.0000	0.0000	0.0000	0.0000	0.0000	0.0000	0.0000	0.0000	0.0000	0.0000	0.0000	0.0000	0.0000	0.0000	0.0000	0.0000	0.0000	0.0000	0.0000	0.0000	0.0000	0.0000	0.0000	0.0298	0.0179	0.0119	0.0024	0.0021	0.0003	0.0274	0.0158	0.0116	0.0000	0.0000	0.0000	0.0000	0.0000	0.0000	0.0000	0.0000	0.0000	0.0000	0.0000	0.0000	0.0000	0.0000	0.0000	0.0000	0.0000	0.0000											
48	65	0.0829	4	1	1	1	0	0	0	0	0	N	N	N	N	N	N	N	N	N	N	N	N	0.2610	0.0000	inf	0.0000	0.0000	inf	inf	0.0101	0.0000	0.0780	0.0000	0.0000	0.0000	0.0169	0.0000	0.0782	0.0388	0.0661	0.0000	2.4107	3.0617	0.0000	0.0000	0.0000	0.0000	inf	0.0000	0.0000	-0.0010	0.0000	2.0015	2.0152	10.0016	0.0000	0.0000	0.0000	0.0000	0.0000	0.0000	0.0000	0.0000	0.0000	0.0019	0.0019	0.0000	0.0019	0.0019	0.0000	0.0000	0.0000	0.0000	0.0000	0.0000	0.0000	0.0000	0.0000	0.0000	0.0000	0.0000	0.0000	0.0490	0.0287	0.0203	0.0054	0.0045	0.0008	0.0437	0.0242	0.0194	0.2610	0.0000	inf	0.0000	0.0000	0.0000	inf	0.0000	inf	0.0388	0.0661	0.0000	0.3546	0.4187	0.0000	0.0000	0.0000	0.0000		
48	67	0.2378	6	1	1	1	0	0	0	0	0	N	N	N	N	N	N	N	N	N	N	N	N	0.1493	0.0000	38737.2153	0.0002	0.0000	47592.1099	2.2262	0.0000	38828.7517	0.0708	0.0000	0.3481	0.0010	0.0000	0.4323	0.1233	0.0000	0.3477	0.4738	0.9768	0.0000	5.9523	6.7566	0.0000	0.0554	0.0938	0.0000	inf	0.0000	0.0000	-0.0214	0.0000	4.8614	2.0152	14.2102	0.0000	0.0000	0.0000	0.0000	0.0000	0.0000	0.0000	0.0000	0.0000	0.0397	0.0397	0.0000	0.0356	0.0356	0.0000	0.0041	0.0041	0.0000	0.0000	0.0000	0.0000	0.0000	0.0000	0.0000	0.0000	0.0000	0.0000	0.1347	0.0944	0.0403	0.0606	0.0507	0.0099	0.0741	0.0437	0.0304	0.2403	0.0000	38737.2153	0.0017	0.0000	47592.1099	2.2262	0.0000	38828.7517	0.2944	0.4200	0.0000	0.5867	0.7013	0.0000	0.0554	0.0938	0.0000
48	68	0.0749	6	2	2	2	0	0	0	0	0	Y	Y	Y	N	N	N	N	N	N	N	N	N	0.0000	0.0000	0.0000	0.0000	0.0000	0.0000	0.0000	0.0000	0.0000	0.0000	0.0000	0.0000	0.0000	0.0000	0.0000	0.0000	0.0000	0.0000	0.0000	0.0000	0.0000	0.0000	2.0152	0.0000	0.0000	0.0000	0.0000	0.0000	0.0000	0.0000	0.0000	0.0000	0.0000	0.0000	0.0000	0.0000	0.0000	0.0000	0.0000	0.0000	0.0000	0.0000	0.0000	0.0000	0.0000	0.0000	0.0000	0.0000	0.0000	0.0000	0.0000	0.0000	0.0000	0.0000	0.0000	0.0000	0.0000	0.0000	0.0000	0.0000	0.0000	0.0000	0.0000	0.0000	0.0000	0.0000	0.0000	0.0000	0.0000	0.0000	0.0000	0.0000	0.0000	0.0000	0.0000	0.0000	0.0000	0.0000											
48	69	0.0708	5	2	1	2	0	0	0	0	0	Y	N	Y	N	N	N	N	N	N	N	N	N	64.4881	76.3658	16.4178	14.4223	0.2400	0.4654	0.0000	0.4826	0.4654	0.0000	0.0000	0.0000	0.0000	0.0037	0.0061	0.0000	0.0294	0.0323	0.0000	0.0000	0.0000	0.0000	0.0000	0.0000	-0.0000	-0.0000	0.0000	0.0016	2.0152	0.9826	0.0000	0.0000	0.0000	0.0000	0.0000	0.0000	0.0000	0.0000	0.0000	0.0000	0.0000	0.0000	0.0000	0.0000	0.0000	0.0000	0.0000	0.0000	0.0000	0.0000	0.0000	0.0000	0.0000	0.0000	0.0000	0.0000	0.0000	0.0048	0.0030	0.0019	0.0006	0.0006	0.0001	0.0042	0.0024	0.0018	64.4881	76.3658	0.0000	16.4178	14.4223	0.0000	0.0000	0.0000	0.0000	0.0037	0.0061	0.0000	0.0294	0.0323	0.0000	0.0000	0.0000	0.0000					
48	70	0.0581	4	2	1	2	0	0	0	0	0	Y	N	Y	N	N	N	N	N	N	N	N	N	14.1314	0.0000	156633.8901	0.0000	0.0000	90663.1799	153922.3920	1.7694	0.0000	12.2011	0.0000	0.0000	0.0000	3.0554	0.0000	12.2294	0.1252	0.3340	0.0001	15.9591	15.7247	0.0000	0.0000	0.0000	0.0001	inf	0.0002	0.0000	-0.0010	0.0000	0.0061	2.0152	3.0249	0.0000	0.0000	0.0000	0.0000	0.0000	0.0000	0.0000	0.0000	0.0000	0.0018	0.0018	0.0000	0.0018	0.0018	0.0000	0.0000	0.0000	0.0000	0.0000	0.0000	0.0000	0.0000	0.0000	0.0000	0.0000	0.0000	0.0000	0.0147	0.0090	0.0057	0.0015	0.0014	0.0001	0.0131	0.0076	0.0056	14.1314	0.0000	156633.8901	0.0000	0.0000	0.0000	90663.1799	0.0000	153922.3920	0.1252	0.2043	0.0001	1.1913	1.2839	0.0000	0.0000	0.0000	0.0001		
48	71	0.0411	3	2	1	2	0	0	0	0	0	Y	N	Y	N	N	N	N	N	N	N	N	N	0.0000	0.0000	0.0000	0.0000	0.0000	0.0000	0.0000	0.0000	0.0000	0.0000	0.0000	0.0000	0.0000	0.0027	0.0044	0.0000	0.0327	0.0378	0.0000	0.0000	0.0000	0.0000	0.0000	0.0000	-0.0000	0.0000	0.0044	2.0152	4.0281	0.0000	0.0000	0.0000	0.0000	0.0000	0.0000	0.0000	0.0000	0.0000	0.0000	0.0000	0.0000	0.0000	0.0000	0.0000	0.0000	0.0000	0.0000	0.0000	0.0000	0.0000	0.0000	0.0000	0.0000	0.0000	0.0000	0.0000	0.0176	0.0106	0.0070	0.0014	0.0012	0.0002	0.0161	0.0093	0.0068	0.0000	0.0000	0.0000	0.0000	0.0000	0.0000	0.0000	0.0000	0.0000	0.0027	0.0044	0.0000	0.0327	0.0378	0.0000	0.0000	0.0000	0.0000						
48	72	0.0829	4	1	2	1	0	0	0	0	0	N	Y	N	N	N	N	N	N	N	N	N	N	inf	inf	inf	inf	2.6665	3.0192	0.0000	6.7166	6.7203	0.0000	0.0000	0.0000	0.0000	0.0000	0.0000	0.0000	0.0000	0.0000	0.0000	0.0000	0.0000	0.0000	0.0000	-0.0000	0.0000	0.0000	5.9987	2.0152	11.0016	0.0000	0.0000	0.0000	0.0000	0.0000	0.0000	0.0000	0.0000	0.0000	0.0000	0.0000	0.0000	0.0000	0.0000	0.0000	0.0000	0.0000	0.0000	0.0000	0.0000	0.0000	0.0000	0.0000	0.0000	0.0000	0.0000	0.0000	0.0668	0.0393	0.0275	0.0074	0.0062	0.0011	0.0594	0.0330	0.0264	inf	inf	0.0000	inf	inf	0.0000	0.0000	0.0000	0.0000	0.0000	0.0000	0.0000	0.0000	0.0000	0.0000	0.0000	0.0000	0.0000						
48	73	0.0411	3	2	1	2	0	0	0	0	0	Y	N	Y	N	N	N	N	N	N	N	N	N	inf	inf	inf	inf	8.7245	0.0000	72.9686	0.0000	0.0000	0.0000	14.3471	0.0000	73.2630	0.0000	0.0000	0.0000	0.0000	0.0000	0.0000	0.0000	0.0000	0.0000	inf	0.0000	0.0000	0.0000	2.0000	2.0152	5.0000	0.0000	0.0000	0.0000	0.0000	0.0000	0.0000	0.0000	0.0000	0.0000	0.0000	0.0000	0.0000	0.0000	0.0000	0.0000	0.0000	0.0000	0.0000	0.0000	0.0000	0.0000	0.0000	0.0000	0.0000	0.0000	0.0000	0.0000	0.0298	0.0179	0.0119	0.0024	0.0021	0.0003	0.0274	0.0158	0.0116	inf	0.0000	inf	0.0000	0.0000	0.0000	inf	0.0000	inf	0.0000	0.0000	0.0000	0.0000	0.0000	0.0000	0.0000	0.0000	0.0000						
48	74	0.1247	6	1	2	1	0	0	0	0	0	N	Y	N	N	N	N	N	N	N	N	N	N	0.0073	0.0000	5352.9198	0.0000	0.0000	0.0000	262.9734	0.0000	27091.9579	0.0915	0.0000	0.4074	0.0000	0.0000	0.0000	0.1595	0.0000	0.4076	12.5485	19.6137	0.0001	663.7159	676.3838	0.0009	0.0006	0.0011	0.0000	inf	0.0000	0.0000	-0.5382	0.0000	6.1274	2.0152	13.6208	0.0000	0.0000	0.0000	0.0000	0.0000	0.0000	0.0000	0.0000	0.0000	0.9967	0.9967	0.0000	0.9967	0.9967	0.0000	0.0000	0.0000	0.0000	0.0000	0.0000	0.0000	0.0000	0.0000	0.0000	0.0000	0.0000	0.0000	0.0817	0.0508	0.0309	0.0152	0.0129	0.0022	0.0665	0.0379	0.0287	0.0075	0.0000	5352.9198	0.0000	0.0000	0.0000	262.9734	0.0000	27091.9579	12.2014	19.6137	0.0001	65.7696	77.0522	0.0009	0.0006	0.0011	0.0000
48	75	0.1492	9	1	1	2	0	0	0	0	0	N	N	Y	N	N	N	N	N	N	N	N	N	0.0000	0.0000	0.0000	0.0000	0.0000	0.0000	0.0000	0.0000	0.0000	0.0000	0.0000	0.0000	0.0000	0.0000	0.0000	0.0000	0.0000	0.0000	0.0000	0.0000	0.0000	0.0000	2.0152	1.0003	0.0000	0.0000	0.0000	0.0000	0.0000	0.0000	0.0000	0.0000	0.0000	0.0000	0.0000	0.0000	0.0000	0.0000	0.0000	0.0000	0.0000	0.0000	0.0000	0.0000	0.0000	0.0000	0.0000	0.0000	0.0000	0.0000	0.0000	0.0044	0.0028	0.0016	0.0008	0.0006	0.0001	0.0036	0.0021	0.0015	0.0000	0.0000	0.0000	0.0000	0.0000	0.0000	0.0000	0.0000	0.0000	0.0000	0.0000	0.0000	0.0000	0.0000	0.0000	0.0000	0.0000	0.0000											
48	76	0.1451	8	1	1	2	0	0	0	0	0	N	N	Y	N	N	N	N	N	N	N	N	N	0.0000	0.0000	0.0000	0.0000	0.0000	0.0000	0.0000	0.0000	0.0000	0.0000	0.0000	0.0000	0.0000	0.0000	0.0000	0.0000	0.0000	0.0000	0.0000	0.0000	0.0000	0.0000	2.0152	1.0076	0.0000	0.0000	0.0000	0.0000	0.0000	0.0000	0.0000	0.0000	0.0000	0.0000	0.0000	0.0000	0.0000	0.0000	0.0000	0.0000	0.0000	0.0000	0.0000	0.0000	0.0000	0.0000	0.0000	0.0000	0.0000	0.0000	0.0000	0.0044	0.0028	0.0016	0.0007	0.0006	0.0001	0.0037	0.0021	0.0015	0.0000	0.0000	0.0000	0.0000	0.0000	0.0000	0.0000	0.0000	0.0000	0.0000	0.0000	0.0000	0.0000	0.0000	0.0000	0.0000	0.0000	0.0000											
48	77	0.1410	7	1	1	1	0	0	0	0	0	N	N	N	N	N	N	N	N	N	N	N	N	17662.1150	21062.5775	5928.9184	4926.4031	0.2333	0.4431	0.0000	0.4710	0.4710	0.0000	0.0000	0.0000	0.0000	0.0000	0.0000	0.0000	0.0001	0.0001	0.0000	0.0000	0.0000	0.0000	0.0000	0.0018	-0.0000	-0.0000	0.0000	0.0026	2.0152	0.9924	0.0000	0.0000	0.0000	0.0000	0.0000	0.0000	0.0000	0.0000	0.0000	0.0000	0.0000	0.0000	0.0000	0.0000	0.0000	0.0000	0.0000	0.0000	0.0000	0.0000	0.0000	0.0000	0.0000	0.0000	0.0000	0.0000	0.0000	0.0043	0.0027	0.0016	0.0007	0.0006	0.0001	0.0036	0.0021	0.0015	17662.1150	21062.5775	0.0000	5928.9184	4926.4031	0.0000	0.0000	0.0000	0.0000	0.0000	0.0000	0.0000	0.0001	0.0001	0.0000	0.0000	0.0000	0.0000					
48	78	0.1247	6	1	1	1	0	0	0	0	0	N	N	N	N	N	N	N	N	N	N	N	N	92.5791	86.2947	0.0000	31.1399	23.2790	0.0000	0.0000	0.0000	0.0000	2.6611	3.7920	0.0000	5.9522	5.9551	0.0000	0.0000	0.0000	0.0000	0.0287	0.0439	0.0003	0.1911	0.2558	0.0035	0.0011	0.0018	0.0001	0.0000	0.0033	-0.0000	-0.0004	0.0000	2.8733	2.0152	1.5522	0.0000	0.0000	0.0000	0.0000	0.0000	0.0000	0.0000	0.0000	0.0000	0.0007	0.0007	0.0000	0.0007	0.0007	0.0000	0.0000	0.0000	0.0000	0.0000	0.0000	0.0000	0.0000	0.0000	0.0000	0.0000	0.0000	0.0000	0.0250	0.0163	0.0087	0.0060	0.0054	0.0006	0.0191	0.0109	0.0082	92.5791	86.2947	0.0000	50.7396	46.1733	0.0000	0.0000	0.0000	0.0000	0.0287	0.0439	0.0003	0.1173	0.1290	0.0035	0.0011	0.0018	0.0001
48	79	0.1125	5	1	1	1	0	0	0	0	0	N	N	N	N	N	N	N	N	N	N	N	N	19.6750	17.9462	78.4552	5.1808	4.9448	0.0000	176.9863	0.0000	164.0825	0.7116	0.9002	0.4665	1.0490	1.0491	0.0000	0.3940	0.0000	0.4666	0.0362	0.0502	0.0059	0.2025	0.2122	0.0796	0.0022	0.0018	0.0028	0.3991	0.0549	-0.0000	-0.0005	0.0000	0.2102	2.0152	3.4985	0.0000	0.0000	0.0000	0.0000	0.0000	0.0000	0.0000	0.0000	0.0000	0.0010	0.0009	0.0001	0.0009	0.0009	0.0000	0.0000	0.0000	0.0000	0.0000	0.0000	0.0000	0.0000	0.0000	0.0000	0.0000	0.0000	0.0000	0.0274	0.0187	0.0087	0.0078	0.0075	0.0004	0.0196	0.0113	0.0083	19.6750	17.9462	78.4552	8.6448	8.5077	0.0000	176.9863	0.0000	164.0825	0.0362	0.0502	0.0059	0.1213	0.1233	0.0796	0.0022	0.0018	0.0028
48	80	0.1436	7	1	2	1	0	0	0	0	0	N	Y	N	N	N	N	N	N	N	N	N	N	0.0000	0.0000	0.0000	0.0000	0.0000	0.0000	0.0000	0.0000	0.0000	0.0000	0.0000	0.0000	0.0000	0.0000	0.0000	0.0000	0.0000	0.0042	0.0068	0.0000	0.0221	0.0263	0.0003	0.0000	0.0000	0.0000	0.0025	0.0000	-0.0001	0.0000	2.0196	2.0152	6.0690	0.0000	0.0000	0.0000	0.0000	0.0000	0.0000	0.0000	0.0000	0.0000	0.0001	0.0001	0.0000	0.0001	0.0001	0.0000	0.0000	0.0000	0.0000	0.0000	0.0000	0.0000	0.0000	0.0000	0.0000	0.0000	0.0000	0.0000	0.0359	0.0219	0.0140	0.0068	0.0057	0.0011	0.0291	0.0162	0.0129	0.0000	0.0000	0.0000	0.0000	0.0000	0.0000	0.0000	0.0000	0.0000	0.0042	0.0068	0.0000	0.0221	0.0263	0.0003	0.0000	0.0000	0.0000		
48	81	0.1353	6	1	1	1	0	0	0	0	0	N	N	N	N	N	N	N	N	N	N	N	N	0.0000	0.0000	0.0000	0.0000	0.0000	0.0000	0.0000	0.0000	0.0000	0.0000	0.0000	0.0000	0.0000	0.0000	0.0000	0.0000	0.0000	0.0000	0.4013	0.9111	0.0391	18.3832	21.9143	0.0000	0.0201	0.0024	0.0444	0.0629	0.0000	-0.0011	0.0000	0.9876	2.0152	0.9833	0.0000	0.0000	0.0000	0.0000	0.0000	0.0000	0.0000	0.0000	0.0000	0.0024	0.0022	0.0001	0.0022	0.0022	0.0000	0.0001	0.0000	0.0001	0.0000	0.0000	0.0000	0.0000	0.0000	0.0000	0.0000	0.0000	0.0000	0.0090	0.0054	0.0036	0.0015	0.0013	0.0003	0.0074	0.0041	0.0033	0.0000	0.0000	0.0000	0.0000	0.0000	0.0000	0.0000	0.0000	0.0000	0.2629	0.4111	0.0391	1.4430	1.7537	0.0000	0.0201	0.0024	0.0423	
48	82	0.0128	2	2	1	2	0	0	0	0	0	Y	N	Y	N	N	N	N	N	N	N	N	N	12.5393	6.5103	0.1141	0.1084	inf	inf	14.9234	16.9981	0.0000	37.5351	37.5628	0.0000	0.0067	0.0084	0.0000	1.1901	2.6110	0.0000	328.9002	346.4620	0.0000	0.0000	0.0000	0.0000	0.0000	0.0000	-0.0000	-0.0073	0.0000	1.0000	2.0152	2.9874	0.0000	0.0000	0.0000	0.0000	0.0000	0.0000	0.0000	0.0000	0.0000	0.0135	0.0135	0.0000	0.0135	0.0135	0.0000	0.0000	0.0000	0.0000	0.0000	0.0000	0.0000	0.0000	0.0000	0.0000	0.0000	0.0000	0.0000	0.0189	0.0108	0.0081	0.0009	0.0009	0.0000	0.0180	0.0100	0.0080	20.8203	13.5942	0.0000	2.4120	2.3836	0.0000	inf	inf	0.0000	0.7168	1.2504	0.0000	15.5616	15.7587	0.0000	0.0000	0.0000	0.0000			
48	84	0.0829	4	1	2	1	1	0	0	0	0	N	Y	N	N	N	N	N	N	N	N	N	N	0.1142	0.0000	inf	0.0000	0.0000	inf	inf	0.0028	0.0000	0.0248	0.0000	0.0000	0.0000	0.0047	0.0000	0.0248	0.0247	0.0420	0.0000	1.1050	1.4146	0.0000	0.0000	0.0000	0.0000	inf	0.0000	0.0000	-0.0010	0.0000	8.0013	2.0152	12.0015	0.0000	0.0000	0.0000	0.0000	0.0000	0.0000	0.0000	0.0000	0.0000	0.0019	0.0019	0.0000	0.0019	0.0019	0.0000	0.0000	0.0000	0.0000	0.0000	0.0000	0.0000	0.0000	0.0000	0.0000	0.0000	0.0000	0.0000	0.0768	0.0453	0.0316	0.0085	0.0072	0.0013	0.0683	0.0380	0.0303	0.1142	0.0000	inf	0.0000	0.0000	0.0000	inf	0.0000	inf	0.0247	0.0420	0.0000	0.2223	0.2628	0.0000	0.0000	0.0000	0.0000		
48	85	0.1393	6	1	2	1	0	0	0	0	0	N	Y	N	N	N	N	N	N	N	N	N	N	0.0000	0.0000	0.0000	0.0000	0.0000	0.0000	0.0000	0.0000	0.0000	0.0000	0.0000	0.0000	0.0000	0.0003	0.0005	0.0000	0.0017	0.0021	0.0000	0.0000	0.0000	0.0000	0.0000	0.0000	-0.0000	0.0000	1.0000	2.0152	6.9850	0.0000	0.0000	0.0000	0.0000	0.0000	0.0000	0.0000	0.0000	0.0000	0.0000	0.0000	0.0000	0.0000	0.0000	0.0000	0.0000	0.0000	0.0000	0.0000	0.0000	0.0000	0.0000	0.0000	0.0000	0.0000	0.0000	0.0000	0.0344	0.0206	0.0137	0.0058	0.0047	0.0011	0.0286	0.0159	0.0127	0.0000	0.0000	0.0000	0.0000	0.0000	0.0000	0.0000	0.0000	0.0000	0.0003	0.0005	0.0000	0.0017	0.0021	0.0000	0.0000	0.0000	0.0000						
48	86	0.1266	5	1	1	1	0	0	0	0	0	N	N	N	N	N	N	N	N	N	N	N	N	0.0000	0.0000	0.0000	0.0000	0.0000	0.0000	0.0000	0.0000	0.0000	0.0000	0.0000	0.0000	0.0000	0.0000	0.0000	0.0000	0.0000	0.0030	0.0050	0.0000	0.0178	0.0217	0.0003	0.0000	0.0000	0.0000	0.0039	0.0000	-0.0000	0.0000	1.0086	2.0152	2.0000	0.0000	0.0000	0.0000	0.0000	0.0000	0.0000	0.0000	0.0000	0.0000	0.0000	0.0000	0.0000	0.0000	0.0000	0.0000	0.0000	0.0000	0.0000	0.0000	0.0000	0.0000	0.0000	0.0000	0.0000	0.0000	0.0000	0.0000	0.0135	0.0080	0.0055	0.0022	0.0018	0.0004	0.0113	0.0062	0.0051	0.0000	0.0000	0.0000	0.0000	0.0000	0.0000	0.0000	0.0000	0.0000	0.0030	0.0050	0.0000	0.0178	0.0217	0.0003	0.0000	0.0000	0.0000		
48	87	0.0411	3	1	2	1	0	0	0	0	0	N	Y	N	N	N	N	N	N	N	N	N	N	inf	inf	inf	inf	4.4643	0.0000	37.9313	0.0000	0.0000	0.0000	7.3351	0.0000	38.0859	0.0000	0.0000	0.0000	0.0000	0.0000	0.0000	0.0000	0.0000	0.0000	inf	0.0000	0.0000	0.0000	4.0000	2.0152	7.0000	0.0000	0.0000	0.0000	0.0000	0.0000	0.0000	0.0000	0.0000	0.0000	0.0000	0.0000	0.0000	0.0000	0.0000	0.0000	0.0000	0.0000	0.0000	0.0000	0.0000	0.0000	0.0000	0.0000	0.0000	0.0000	0.0000	0.0000	0.0455	0.0274	0.0181	0.0037	0.0032	0.0005	0.0418	0.0242	0.0176	inf	0.0000	inf	0.0000	0.0000	0.0000	inf	0.0000	inf	0.0000	0.0000	0.0000	0.0000	0.0000	0.0000	0.0000	0.0000	0.0000						
48	89	0.1439	7	1	2	1	0	0	0	0	0	N	Y	N	N	N	N	N	N	N	N	N	N	0.0000	0.0000	0.0000	0.0000	0.0000	0.0000	0.0000	0.0000	0.0000	0.0000	0.0000	0.0000	0.0000	0.0000	0.0000	0.0000	0.0000	1.2324	0.0004	2.9551	0.0347	0.0015	0.1761	1.0062	0.0000	3.2660	3235.1654	0.0000	0.0147	0.0000	0.0157	2.0152	9.0253	0.0000	0.0000	0.0000	0.0000	0.0000	0.0000	0.0000	0.0000	0.0000	0.0321	0.0000	0.0321	0.0003	0.0000	0.0003	0.0318	0.0000	0.0318	0.0000	0.0000	0.0000	0.0000	0.0000	0.0000	0.0000	0.0000	0.0000	0.0396	0.0240	0.0156	0.0081	0.0065	0.0015	0.0316	0.0175	0.0141	0.0000	0.0000	0.0000	0.0000	0.0000	0.0000	0.0000	0.0000	0.0000	0.8089	0.0004	2.0487	0.0347	0.0015	0.1761	1.0062	0.0000	2.2519		
48	90	0.1353	6	1	2	1	0	0	0	0	0	N	Y	N	N	N	N	N	N	N	N	N	N	0.0000	0.0000	0.0000	0.0000	0.0000	0.0000	0.0000	0.0000	0.0000	0.0000	0.0000	0.0000	0.0000	0.0000	0.0000	0.0000	0.0000	0.0000	105.2411	0.0617	337.8936	0.0579	0.0554	0.0697	126.8527	0.0636	338.9941	2834.6279	0.0000	0.4429	0.0000	0.0169	2.0152	2.0013	0.0000	0.0000	0.0000	0.0000	0.0000	0.0000	0.0000	0.0000	0.0000	0.9635	0.0003	0.9632	0.0001	0.0001	0.0000	0.9634	0.0003	0.9632	0.0000	0.0000	0.0000	0.0000	0.0000	0.0000	0.0000	0.0000	0.0000	0.0092	0.0055	0.0036	0.0016	0.0013	0.0003	0.0076	0.0042	0.0034	0.0000	0.0000	0.0000	0.0000	0.0000	0.0000	0.0000	0.0000	0.0000	105.2411	0.0617	264.1229	0.0579	0.0554	0.0697	126.8527	0.0636	285.8288	
48	91	0.1266	5	1	1	1	0	0	0	0	0	N	N	N	N	N	N	N	N	N	N	N	N	0.0000	0.0000	0.0000	0.0000	0.0000	0.0000	0.0000	0.0000	0.0000	0.0000	0.0000	0.0000	0.0000	0.0000	0.0000	0.0000	0.0000	0.0000	0.3247	0.0090	0.8318	0.0254	0.0308	0.0006	0.2844	0.0023	0.8699	44.0755	0.0000	0.0010	0.0000	1.9923	2.0152	0.0454	0.0000	0.0000	0.0000	0.0000	0.0000	0.0000	0.0000	0.0000	0.0000	0.0022	0.0000	0.0022	0.0000	0.0000	0.0000	0.0022	0.0000	0.0022	0.0000	0.0000	0.0000	0.0000	0.0000	0.0000	0.0000	0.0000	0.0000	0.0093	0.0055	0.0038	0.0016	0.0013	0.0003	0.0078	0.0042	0.0035	0.0000	0.0000	0.0000	0.0000	0.0000	0.0000	0.0000	0.0000	0.0000	0.2406	0.0090	0.5797	0.0254	0.0308	0.0006	0.2844	0.0023	0.6260	
48	92	0.0829	4	1	1	1	0	0	0	0	0	N	N	N	N	N	N	N	N	N	N	N	N	19.7749	0.0000	57.0594	0.0000	0.0000	29.7499	54.8414	0.0190	0.0000	0.1322	0.0000	0.0000	0.0000	0.0320	0.0000	0.1324	0.0010	0.0000	0.0023	0.0000	0.0000	0.0000	0.0011	0.0000	0.0024	inf	253.7827	0.0000	0.0000	0.0000	1.0098	2.0152	9.0196	0.0000	0.0000	0.0000	0.0000	0.0000	0.0000	0.0000	0.0000	0.0000	0.0000	0.0000	0.0000	0.0000	0.0000	0.0000	0.0000	0.0000	0.0000	0.0000	0.0000	0.0000	0.0000	0.0000	0.0000	0.0000	0.0000	0.0000	0.0416	0.0244	0.0172	0.0045	0.0038	0.0007	0.0371	0.0205	0.0165	19.7749	0.0000	57.0594	0.0000	0.0000	0.0000	29.7499	0.0000	54.8414	0.0010	0.0000	0.0023	0.0000	0.0000	0.0000	0.0011	0.0000	0.0024		
48	93	0.1796	9	2	2	1	1	0	0	0	0	Y	Y	N	N	N	N	N	N	N	N	N	N	0.0000	0.0000	0.0000	0.0000	0.0000	0.0000	0.0000	0.0000	0.0000	0.0000	0.0000	0.0000	0.0000	0.0000	0.0000	0.0000	0.0000	0.0000	0.0000	0.0000	0.0000	0.0000	2.0152	0.0000	0.0000	0.0000	0.0000	0.0000	0.0000	0.0000	0.0000	0.0000	0.0000	0.0000	0.0000	0.0000	0.0000	0.0000	0.0000	0.0000	0.0000	0.0000	0.0000	0.0000	0.0000	0.0000	0.0000	0.0000	0.0000	0.0000	0.0000	0.0000	0.0000	0.0000	0.0000	0.0000	0.0000	0.0000	0.0000	0.0000	0.0000	0.0000	0.0000	0.0000	0.0000	0.0000	0.0000	0.0000	0.0000	0.0000	0.0000	0.0000	0.0000	0.0000	0.0000	0.0000	0.0000	0.0000											
48	94	0.1796	8	2	2	1	1	0	0	0	0	Y	Y	N	N	N	N	N	N	N	N	N	N	0.0000	0.0000	0.0000	0.0000	0.0000	0.0000	0.0000	0.0000	0.0000	0.0000	0.0000	0.0000	0.0000	0.0000	0.0000	0.0000	0.0000	0.0000	0.0000	0.0000	0.0000	0.0000	2.0152	0.0001	0.0000	0.0000	0.0000	0.0000	0.0000	0.0000	0.0000	0.0000	0.0000	0.0000	0.0000	0.0000	0.0000	0.0000	0.0000	0.0000	0.0000	0.0000	0.0000	0.0000	0.0000	0.0000	0.0000	0.0000	0.0000	0.0000	0.0000	0.0000	0.0000	0.0000	0.0000	0.0000	0.0000	0.0000	0.0000	0.0000	0.0000	0.0000	0.0000	0.0000	0.0000	0.0000	0.0000	0.0000	0.0000	0.0000	0.0000	0.0000	0.0000	0.0000	0.0000	0.0000	0.0000	0.0000											
48	95	0.1616	7	1	2	1	1	0	0	0	0	N	Y	N	N	N	N	N	N	N	N	N	N	inf	inf	inf	inf	7.5159	10.8533	0.0000	16.5721	16.5839	0.0000	0.0000	0.0000	0.0000	0.0000	0.0000	0.0000	0.0000	0.0000	0.0000	0.0000	0.0000	0.0000	0.0000	-0.0000	0.0000	0.0000	0.9845	2.0152	0.9903	0.0000	0.0000	0.0000	0.0000	0.0000	0.0000	0.0000	0.0000	0.0000	0.0000	0.0000	0.0000	0.0000	0.0000	0.0000	0.0000	0.0000	0.0000	0.0000	0.0000	0.0000	0.0000	0.0000	0.0000	0.0000	0.0000	0.0000	0.0092	0.0056	0.0036	0.0016	0.0014	0.0002	0.0076	0.0042	0.0034	inf	inf	0.0000	inf	inf	0.0000	0.0000	0.0000	0.0000	0.0000	0.0000	0.0000	0.0000	0.0000	0.0000	0.0000	0.0000	0.0000						
48	96	0.1588	7	1	2	1	0	0	0	0	0	N	Y	N	N	N	N	N	N	N	N	N	N	8.3047	0.0000	9635.4686	0.0000	0.0000	3738.8267	8628.7092	0.0019	0.0000	0.0164	0.0000	0.0000	0.0000	0.0032	0.0000	0.0164	0.0002	0.0004	0.0000	0.0008	0.0009	0.0000	0.0000	0.0000	0.0000	inf	0.0026	0.0000	-0.0000	0.0000	1.0063	2.0152	3.7812	0.0000	0.0000	0.0000	0.0000	0.0000	0.0000	0.0000	0.0000	0.0000	0.0000	0.0000	0.0000	0.0000	0.0000	0.0000	0.0000	0.0000	0.0000	0.0000	0.0000	0.0000	0.0000	0.0000	0.0000	0.0000	0.0000	0.0000	0.0324	0.0209	0.0114	0.0100	0.0087	0.0012	0.0224	0.0122	0.0102	8.3047	0.0000	9635.4686	0.0000	0.0000	0.0000	3738.8267	0.0000	8628.7092	0.0002	0.0004	0.0000	0.0008	0.0009	0.0000	0.0000	0.0000	0.0000		
48	97	0.1616	7	1	1	2	1	0	0	0	0	N	N	Y	N	N	N	N	N	N	N	N	N	inf	inf	inf	inf	0.1289	0.0000	0.4236	0.0000	0.0000	0.0000	0.2356	0.0000	0.4240	0.0000	0.0000	0.0000	0.0000	0.0000	0.0000	0.0000	0.0000	0.0000	inf	0.0000	0.0000	0.0000	1.0165	2.0152	1.0129	0.0000	0.0000	0.0000	0.0000	0.0000	0.0000	0.0000	0.0000	0.0000	0.0000	0.0000	0.0000	0.0000	0.0000	0.0000	0.0000	0.0000	0.0000	0.0000	0.0000	0.0000	0.0000	0.0000	0.0000	0.0000	0.0000	0.0000	0.0094	0.0057	0.0037	0.0016	0.0014	0.0002	0.0078	0.0043	0.0035	inf	0.0000	inf	0.0000	0.0000	0.0000	inf	0.0000	inf	0.0000	0.0000	0.0000	0.0000	0.0000	0.0000	0.0000	0.0000	0.0000						
48	98	0.1487	6	1	1	1	1	0	0	0	0	N	N	N	N	N	N	N	N	N	N	N	N	inf	inf	inf	inf	inf	inf	inf	0.1500	0.1316	0.2366	0.2602	0.2604	0.0000	0.0712	0.0000	0.2371	0.0000	0.0000	0.0000	0.0000	0.0000	0.0000	0.0000	0.0000	0.0000	0.3832	-0.0000	-0.0000	0.0000	2.0241	2.0152	1.0265	0.0000	0.0000	0.0000	0.0000	0.0000	0.0000	0.0000	0.0000	0.0000	0.0000	0.0000	0.0000	0.0000	0.0000	0.0000	0.0000	0.0000	0.0000	0.0000	0.0000	0.0000	0.0000	0.0000	0.0000	0.0000	0.0000	0.0000	0.0135	0.0080	0.0054	0.0020	0.0017	0.0003	0.0114	0.0063	0.0051	inf	inf	inf	inf	inf	0.0000	inf	0.0000	inf	0.0000	0.0000	0.0000	0.0000	0.0000	0.0000	0.0000	0.0000	0.0000			
48	99	0.1487	6	1	1	2	1	0	0	0	0	N	N	Y	N	N	N	N	N	N	N	N	N	inf	inf	inf	inf	0.0305	0.0000	0.1945	0.0000	0.0000	0.0000	0.0518	0.0000	0.1950	0.0000	0.0000	0.0000	0.0000	0.0000	0.0000	0.0000	0.0000	0.0000	inf	0.0000	0.0000	0.0000	3.0066	2.0152	0.0000	0.0000	0.0000	0.0000	0.0000	0.0000	0.0000	0.0000	0.0000	0.0000	0.0000	0.0000	0.0000	0.0000	0.0000	0.0000	0.0000	0.0000	0.0000	0.0000	0.0000	0.0000	0.0000	0.0000	0.0000	0.0000	0.0000	0.0000	0.0133	0.0079	0.0054	0.0020	0.0017	0.0003	0.0113	0.0063	0.0050	inf	0.0000	inf	0.0000	0.0000	0.0000	inf	0.0000	inf	0.0000	0.0000	0.0000	0.0000	0.0000	0.0000	0.0000	0.0000	0.0000						
48	100	0.1744	6	1	1	2	1	0	0	0	0	N	N	Y	N	N	N	N	N	N	N	N	N	0.0000	0.0000	0.0000	0.0000	0.0000	0.0000	0.0000	0.0000	0.0000	0.0000	0.0000	0.0000	0.0000	0.0000	0.0000	0.0000	0.0000	0.0000	0.0000	0.0000	0.0000	0.0000	2.0152	2.0000	0.0000	0.0000	0.0000	0.0000	0.0000	0.0000	0.0000	0.0000	0.0000	0.0000	0.0000	0.0000	0.0000	0.0000	0.0000	0.0000	0.0000	0.0000	0.0000	0.0000	0.0000	0.0000	0.0000	0.0000	0.0000	0.0000	0.0000	0.0086	0.0051	0.0035	0.0013	0.0011	0.0002	0.0073	0.0040	0.0033	0.0000	0.0000	0.0000	0.0000	0.0000	0.0000	0.0000	0.0000	0.0000	0.0000	0.0000	0.0000	0.0000	0.0000	0.0000	0.0000	0.0000	0.0000											
48	101	0.1354	5	1	1	2	1	0	0	0	0	N	N	Y	N	N	N	N	N	N	N	N	N	216.6156	750.7911	0.0000	0.0000	1833.3390	4322.9780	0.0026	0.0000	0.0226	0.0000	0.0000	0.0000	0.0044	0.0000	0.0229	0.0000	0.0000	0.0000	0.0001	0.0000	0.0004	0.0000	0.0000	0.0000	inf	inf	0.0000	0.0000	0.0000	5.8899	2.0152	3.1847	0.0000	0.0000	0.0000	0.0000	0.0000	0.0000	0.0000	0.0000	0.0000	0.0000	0.0000	0.0000	0.0000	0.0000	0.0000	0.0000	0.0000	0.0000	0.0000	0.0000	0.0000	0.0000	0.0000	0.0000	0.0000	0.0000	0.0000	0.0406	0.0244	0.0163	0.0067	0.0058	0.0009	0.0339	0.0186	0.0153	216.6156	0.0000	750.7911	0.0000	0.0000	0.0000	1833.3390	0.0000	4322.9780	0.0000	0.0000	0.0000	0.0001	0.0000	0.0004	0.0000	0.0000	0.0000			
48	102	0.1822	5	2	2	1	0	0	0	0	0	Y	Y	N	N	N	N	N	N	N	N	N	N	0.0000	0.0000	0.0000	0.0000	0.0000	0.0000	0.0000	0.0000	0.0000	0.0000	0.0000	0.0000	0.0000	0.0000	0.0000	0.0000	0.0000	0.0000	0.0000	0.0000	0.0000	0.0000	2.0152	0.0000	0.0000	0.0000	0.0000	0.0000	0.0000	0.0000	0.0000	0.0000	0.0000	0.0000	0.0000	0.0000	0.0000	0.0000	0.0000	0.0000	0.0000	0.0000	0.0000	0.0000	0.0000	0.0000	0.0000	0.0000	0.0000	0.0000	0.0000	0.0000	0.0000	0.0000	0.0000	0.0000	0.0000	0.0000	0.0000	0.0000	0.0000	0.0000	0.0000	0.0000	0.0000	0.0000	0.0000	0.0000	0.0000	0.0000	0.0000	0.0000	0.0000	0.0000	0.0000	0.0000	0.0000	0.0000											
48	103	0.0829	4	2	2	1	0	0	0	0	0	Y	Y	N	N	N	N	N	N	N	N	N	N	inf	inf	inf	inf	0.0028	0.0000	0.0248	0.0000	0.0000	0.0000	0.0047	0.0000	0.0248	0.0000	0.0000	0.0000	0.0000	0.0000	0.0000	0.0000	0.0000	0.0000	inf	0.0000	0.0000	0.0000	8.0012	2.0152	14.0016	0.0000	0.0000	0.0000	0.0000	0.0000	0.0000	0.0000	0.0000	0.0000	0.0000	0.0000	0.0000	0.0000	0.0000	0.0000	0.0000	0.0000	0.0000	0.0000	0.0000	0.0000	0.0000	0.0000	0.0000	0.0000	0.0000	0.0000	0.0833	0.0491	0.0342	0.0093	0.0079	0.0014	0.0740	0.0412	0.0327	inf	0.0000	inf	0.0000	0.0000	0.0000	inf	0.0000	inf	0.0000	0.0000	0.0000	0.0000	0.0000	0.0000	0.0000	0.0000	0.0000						
48	104	0.1459	5	1	2	1	0	0	0	0	0	N	Y	N	N	N	N	N	N	N	N	N	N	0.0000	0.0000	0.0000	0.0000	0.0000	0.0000	0.0000	0.0000	0.0000	0.0000	0.0000	0.0000	0.0000	0.0000	0.0000	0.0000	0.0000	0.0000	0.0000	0.0000	0.0002	0.0000	0.0000	0.0000	inf	0.0000	0.0000	0.0000	2.0010	2.0152	1.0153	0.0000	0.0000	0.0000	0.0000	0.0000	0.0000	0.0000	0.0000	0.0000	0.0000	0.0000	0.0000	0.0000	0.0000	0.0000	0.0000	0.0000	0.0000	0.0000	0.0000	0.0000	0.0000	0.0000	0.0000	0.0000	0.0000	0.0000	0.0140	0.0084	0.0056	0.0030	0.0023	0.0006	0.0111	0.0061	0.0049	0.0000	0.0000	0.0000	0.0000	0.0000	0.0000	0.0000	0.0000	0.0000	0.0000	0.0000	0.0000	0.0000	0.0000	0.0002	0.0000	0.0000	0.0000				
48	105	0.0829	4	1	2	1	0	0	0	0	0	N	Y	N	N	N	N	N	N	N	N	N	N	2208.8873	0.0000	inf	0.0000	0.0000	inf	inf	0.0069	0.0000	0.0557	0.0000	0.0000	0.0000	0.0115	0.0000	0.0558	0.0000	0.0000	0.0000	0.0000	0.0000	0.0000	0.0000	0.0000	0.0000	inf	0.0000	0.0000	-0.0000	0.0000	3.0162	2.0152	11.0438	0.0000	0.0000	0.0000	0.0000	0.0000	0.0000	0.0000	0.0000	0.0000	0.0000	0.0000	0.0000	0.0000	0.0000	0.0000	0.0000	0.0000	0.0000	0.0000	0.0000	0.0000	0.0000	0.0000	0.0000	0.0000	0.0000	0.0000	0.0565	0.0332	0.0233	0.0062	0.0053	0.0010	0.0503	0.0279	0.0224	2208.8873	0.0000	inf	0.0000	0.0000	0.0000	inf	0.0000	inf	0.0000	0.0000	0.0000	0.0000	0.0000	0.0000	0.0000	0.0000	0.0000		
48	106	0.1838	9	2	2	1	0	0	0	0	0	Y	Y	N	N	N	N	N	N	N	N	N	N	0.0000	0.0000	0.0000	0.0000	0.0000	0.0000	0.0000	0.0000	0.0000	0.0000	0.0000	0.0000	0.0000	0.0000	0.0000	0.0000	0.0000	0.0000	0.0000	0.0000	0.0000	1.0000	2.0152	1.0000	0.0000	0.0000	0.0000	0.0000	0.0000	0.0000	0.0000	0.0000	0.0000	0.0000	0.0000	0.0000	0.0000	0.0000	0.0000	0.0000	0.0000	0.0000	0.0000	0.0000	0.0000	0.0000	0.0000	0.0000	0.0000	0.0000	0.0000	0.0092	0.0058	0.0034	0.0031	0.0025	0.0006	0.0061	0.0033	0.0028	0.0000	0.0000	0.0000	0.0000	0.0000	0.0000	0.0000	0.0000	0.0000	0.0000	0.0000	0.0000	0.0000	0.0000	0.0000	0.0000	0.0000	0.0000											
48	107	0.1796	8	2	2	1	0	0	0	0	0	Y	Y	N	N	N	N	N	N	N	N	N	N	0.0000	0.0000	0.0000	0.0000	0.0000	0.0000	0.0000	0.0000	0.0000	0.0000	0.0000	0.0000	0.0000	0.0000	0.0000	0.0000	0.0000	0.0000	0.0000	0.0000	0.0000	0.0000	2.0152	0.9999	0.0000	0.0000	0.0000	0.0000	0.0000	0.0000	0.0000	0.0000	0.0000	0.0000	0.0000	0.0000	0.0000	0.0000	0.0000	0.0000	0.0000	0.0000	0.0000	0.0000	0.0000	0.0000	0.0000	0.0000	0.0000	0.0000	0.0000	0.0046	0.0028	0.0018	0.0013	0.0010	0.0002	0.0033	0.0018	0.0015	0.0000	0.0000	0.0000	0.0000	0.0000	0.0000	0.0000	0.0000	0.0000	0.0000	0.0000	0.0000	0.0000	0.0000	0.0000	0.0000	0.0000	0.0000											
48	108	0.1588	7	2	2	1	0	0	0	0	0	Y	Y	N	N	N	N	N	N	N	N	N	N	378.3502	0.0000	219405.0820	0.0000	0.0000	1648.6439	0.0000	196024.8945	0.0991	0.0000	0.3669	0.0000	0.0000	0.0000	0.1800	0.0000	0.3673	0.0003	0.0004	0.0000	0.0006	0.0007	0.0000	0.0001	0.0002	0.0000	inf	0.0023	0.0000	-0.0000	0.0000	0.0100	2.0152	4.8896	0.0000	0.0000	0.0000	0.0000	0.0000	0.0000	0.0000	0.0000	0.0000	0.0000	0.0000	0.0000	0.0000	0.0000	0.0000	0.0000	0.0000	0.0000	0.0000	0.0000	0.0000	0.0000	0.0000	0.0000	0.0000	0.0000	0.0000	0.0328	0.0212	0.0116	0.0100	0.0088	0.0012	0.0228	0.0124	0.0104	378.3502	0.0000	219405.0820	0.0000	0.0000	0.0000	1648.6439	0.0000	196024.8945	0.0003	0.0004	0.0000	0.0006	0.0007	0.0000	0.0001	0.0002	0.0000	
48	109	0.1487	6	1	2	1	0	0	0	0	0	N	Y	N	N	N	N	N	N	N	N	N	N	199.1723	2.9192	inf	1.3346	1.1150	inf	inf	0.0735	0.0018	0.3242	0.0033	0.0033	0.0000	0.1263	0.0000	0.3248	0.0004	0.0006	0.0000	0.0025	0.0029	0.0000	0.0000	0.0000	0.0000	51.3337	0.0000	0.0000	-0.0000	0.0000	1.0007	2.0152	1.4004	0.0000	0.0000	0.0000	0.0000	0.0000	0.0000	0.0000	0.0000	0.0000	0.0000	0.0000	0.0000	0.0000	0.0000	0.0000	0.0000	0.0000	0.0000	0.0000	0.0000	0.0000	0.0000	0.0000	0.0000	0.0000	0.0000	0.0000	0.0107	0.0064	0.0043	0.0016	0.0013	0.0003	0.0091	0.0050	0.0040	199.1723	2.9192	inf	1.3346	1.1150	0.0000	inf	0.0000	inf	0.0004	0.0006	0.0000	0.0025	0.0029	0.0000	0.0000	0.0000	0.0000		
48	110	0.1354	5	1	1	1	0	0	0	0	0	N	N	N	N	N	N	N	N	N	N	N	N	9362.7459	inf	2696.3124	4420.3911	inf	0.0000	10395.2694	16231.4714	0.2772	0.2929	0.2028	0.5418	0.5526	0.0000	0.0636	0.0000	0.2135	0.0000	0.0000	0.0001	0.0001	0.0000	0.0011	0.0000	0.0000	0.0000	0.1455	inf	-0.0000	0.0000	0.0000	0.3039	2.0152	2.8719	0.0000	0.0000	0.0000	0.0000	0.0000	0.0000	0.0000	0.0000	0.0000	0.0000	0.0000	0.0000	0.0000	0.0000	0.0000	0.0000	0.0000	0.0000	0.0000	0.0000	0.0000	0.0000	0.0000	0.0000	0.0000	0.0000	0.0000	0.0166	0.0101	0.0065	0.0033	0.0030	0.0004	0.0132	0.0071	0.0062	9362.7459	inf	2696.3124	4420.3911	inf	0.0000	10395.2694	0.0000	16231.4714	0.0000	0.0000	0.0001	0.0001	0.0000	0.0011	0.0000	0.0000	0.0000	
48	111	0.0829	4	1	1	1	0	0	0	0	0	N	N	N	N	N	N	N	N	N	N	N	N	941.4545	260.4385	inf	107.0120	90.6642	inf	inf	0.0094	0.0045	0.0456	0.0098	0.0098	0.0000	0.0092	0.0000	0.0457	0.0000	0.0000	0.0000	0.0001	0.0001	0.0000	0.0000	0.0000	0.0000	1.4129	0.0000	0.0000	-0.0000	0.0000	3.8240	2.0152	8.1760	0.0000	0.0000	0.0000	0.0000	0.0000	0.0000	0.0000	0.0000	0.0000	0.0000	0.0000	0.0000	0.0000	0.0000	0.0000	0.0000	0.0000	0.0000	0.0000	0.0000	0.0000	0.0000	0.0000	0.0000	0.0000	0.0000	0.0000	0.0490	0.0287	0.0203	0.0054	0.0045	0.0008	0.0436	0.0242	0.0194	941.4545	260.4385	inf	107.0120	90.6642	0.0000	inf	0.0000	inf	0.0000	0.0000	0.0000	0.0001	0.0001	0.0000	0.0000	0.0000	0.0000		
48	115	0.2755	7	1	1	1	0	0	0	0	0	N	N	N	N	N	N	N	N	N	N	N	N	0.4229	0.3875	0.0000	0.3169	0.2591	0.0000	0.0000	0.0000	0.0000	0.9525	1.2928	0.0000	2.1247	2.1366	0.0000	0.0000	0.0000	0.0000	2.2522	3.3360	0.0000	6.7051	8.2459	0.0000	2.9992	4.9865	0.0000	0.0000	0.0000	-0.0000	-0.1671	0.0000	8.9918	2.0152	13.3277	0.0000	0.0000	0.0000	0.0000	0.0000	0.0000	0.0000	0.0000	0.0000	0.3094	0.3094	0.0000	0.0611	0.0611	0.0000	0.2484	0.2484	0.0000	0.0000	0.0000	0.0000	0.0000	0.0000	0.0000	0.0000	0.0000	0.0000	0.1709	0.1239	0.0470	0.0881	0.0741	0.0140	0.0828	0.0498	0.0330	0.5262	0.5176	0.0000	3.0661	2.5921	0.0000	0.0000	0.0000	0.0000	1.8102	2.4975	0.0000	0.6930	0.8243	0.0000	2.9992	4.9865	0.0000
49	51	0.1737	4	2	1	1	0	0	0	0	0	Y	N	N	N	N	N	N	N	N	N	N	N	0.0000	0.0000	0.0000	0.0000	0.0000	0.0000	0.0000	0.0000	0.0000	0.0000	0.0000	0.0000	0.0000	0.0000	0.0000	0.0000	0.0000	0.0000	0.0000	0.0000	0.0003	0.0000	1.0311	1.0000	0.0000	0.0000	0.0000	0.0000	0.0000	0.0000	0.0000	0.0000	0.0000	0.0000	0.0000	0.0000	0.0000	0.0000	0.0000	0.0000	0.0000	0.0000	0.0000	0.0000	0.0000	0.0000	0.0000	0.0000	0.0000	0.0000	0.0000	0.0023	0.0014	0.0009	0.0005	0.0005	0.0001	0.0017	0.0010	0.0008	0.0000	0.0000	0.0000	0.0000	0.0000	0.0000	0.0000	0.0000	0.0000	0.0000	0.0000	0.0000	0.0000	0.0000	0.0000	0.0000	0.0000	0.0000											
49	52	0.1698	7	1	1	1	1	0	0	0	0	N	N	N	N	N	N	N	N	N	N	N	N	0.0000	0.0000	0.0000	0.0000	0.0000	0.0000	0.0000	0.0000	0.0000	0.0000	0.0000	0.0000	0.0000	0.0000	0.0000	0.0000	0.0000	0.0000	0.0000	0.0000	0.0000	0.0000	0.0000	0.0000	0.0053	0.0000	-0.0000	0.0003	0.9995	1.0311	1.0399	0.0000	0.0000	0.0000	0.0000	0.0000	0.0000	0.0000	0.0000	0.0000	0.0000	0.0000	0.0000	0.0000	0.0000	0.0000	0.0000	0.0000	0.0000	0.0000	0.0000	0.0000	0.0000	0.0000	0.0000	0.0000	0.0000	0.0000	0.0065	0.0045	0.0020	0.0018	0.0016	0.0002	0.0047	0.0029	0.0019	0.0000	0.0000	0.0000	0.0000	0.0000	0.0000	0.0000	0.0000	0.0000	0.0000	0.0000	0.0000	0.0000	0.0000	0.0000	0.0000	0.0000	0.0000				
49	53	0.1698	7	1	0	1	1	0	0	0	0	N	N	N	N	N	N	N	N	N	N	N	N	0.0000	0.0000	0.0000	0.0000	0.0000	0.0000	0.0000	0.0000	0.0000	0.0000	0.0000	0.0000	0.0000	0.0000	0.0000	0.0000	0.0000	0.0000	0.0000	-0.0000	0.0003	3.0005	1.0311	1.0125	0.0000	0.0000	0.0000	0.0000	0.0000	0.0000	0.0000	0.0000	0.0000	0.0000	0.0000	0.0000	0.0000	0.0000	0.0000	0.0000	0.0000	0.0000	0.0001	0.0000	0.0000	0.0000	0.0000	0.0000	0.0000	0.0000	0.0000	0.0110	0.0072	0.0038	0.0026	0.0023	0.0003	0.0084	0.0049	0.0035	0.0000	0.0000	0.0000	0.0000	0.0000	0.0000	0.0000	0.0000	0.0000	0.0000	0.0000	0.0000	0.0000	0.0000	0.0000	0.0000	0.0000	0.0000											
49	54	0.1616	6	1	0	1	1	0	0	0	0	N	N	N	N	N	N	N	N	N	N	N	N	0.0000	0.0000	0.0000	0.0000	0.0000	0.0000	0.0000	0.0000	0.0000	0.0000	0.0000	0.0000	0.0000	0.0000	0.0000	0.0000	0.0000	0.0000	0.0000	0.0000	0.0000	0.0000	0.0000	0.0000	0.0000	0.0000	0.1787	0.0000	-0.0000	0.0003	0.0013	1.0311	1.9704	0.0000	0.0000	0.0000	0.0000	0.0000	0.0000	0.0000	0.0000	0.0000	0.0000	0.0000	0.0000	0.0000	0.0000	0.0000	0.0000	0.0000	0.0000	0.0000	0.0000	0.0000	0.0000	0.0000	0.0000	0.0000	0.0000	0.0000	0.0047	0.0028	0.0019	0.0007	0.0006	0.0001	0.0039	0.0022	0.0017	0.0000	0.0000	0.0000	0.0000	0.0000	0.0000	0.0000	0.0000	0.0000	0.0000	0.0000	0.0000	0.0000	0.0000	0.0000	0.0000	0.0000	0.0000		
49	55	0.1308	5	1	0	1	1	0	0	0	0	N	N	N	N	N	N	N	N	N	N	N	N	0.0000	0.0000	0.0000	0.0000	0.0000	0.0000	0.0000	0.0000	0.0000	0.0000	0.0000	0.0000	0.0000	0.0000	0.0000	0.0000	0.0000	0.0000	0.0000	0.0000	0.0003	3.0000	1.0311	4.0155	0.0000	0.0000	0.0000	0.0000	0.0000	0.0000	0.0000	0.0000	0.0000	0.0000	0.0000	0.0000	0.0000	0.0000	0.0000	0.0000	0.0000	0.0000	0.0001	0.0000	0.0000	0.0000	0.0000	0.0000	0.0000	0.0000	0.0000	0.0158	0.0096	0.0062	0.0026	0.0022	0.0004	0.0132	0.0074	0.0058	0.0000	0.0000	0.0000	0.0000	0.0000	0.0000	0.0000	0.0000	0.0000	0.0000	0.0000	0.0000	0.0000	0.0000	0.0000	0.0000	0.0000	0.0000											
49	56	0.0514	4	1	1	2	0	0	0	0	0	N	N	Y	N	N	N	N	N	N	N	N	N	0.1933	13.3533	0.0115	8.0747	7.6775	0.0090	0.0117	0.0173	0.0196	0.0040	0.0397	0.0405	0.0000	0.0010	0.0000	0.0043	0.0897	0.0015	0.3483	0.0049	0.0053	0.0000	0.1105	0.0000	0.3623	0.0345	91.2119	-0.0000	0.0009	0.0003	2.0013	1.0311	5.6727	0.0000	0.0000	0.0000	0.0000	0.0000	0.0000	0.0000	0.0000	0.0000	0.0019	0.0000	0.0019	0.0000	0.0000	0.0000	0.0019	0.0000	0.0019	0.0000	0.0000	0.0000	0.0000	0.0000	0.0000	0.0000	0.0000	0.0000	0.0213	0.0142	0.0072	0.0042	0.0039	0.0003	0.0171	0.0102	0.0069	0.1933	13.3533	0.0152	8.0747	7.6775	0.0000	0.0090	0.0000	0.0155	0.0897	0.0015	0.2633	0.0049	0.0053	0.0000	0.1105	0.0000	0.2743		
49	57	0.0477	3	1	1	1	0	0	0	0	0	N	N	N	N	N	N	N	N	N	N	N	N	3746.2082	3336.6889	2762.7189	4022.9603	2083.7054	inf	4533.9870	0.0000	2600.6338	4.1618	0.4262	11.5411	1.1478	0.6072	20.0725	6.9358	0.0000	11.1893	0.0011	0.0001	0.0042	0.0003	0.0003	0.0000	0.0015	0.0000	0.0043	13.7087	10.4865	0.0000	0.0000	0.0003	0.0033	1.0311	1.3874	0.0000	0.0000	0.0000	0.0000	0.0000	0.0000	0.0000	0.0000	0.0000	0.0000	0.0000	0.0000	0.0000	0.0000	0.0000	0.0000	0.0000	0.0000	0.0000	0.0000	0.0000	0.0000	0.0000	0.0000	0.0000	0.0000	0.0000	0.0076	0.0058	0.0018	0.0026	0.0025	0.0001	0.0050	0.0032	0.0018	3746.2082	3336.6889	2762.7189	4022.9603	2083.7054	inf	4533.9870	0.0000	2600.6338	0.0011	0.0001	0.0042	0.0003	0.0003	0.0000	0.0015	0.0000	0.0043
49	58	0.0325	2	2	0	2	0	0	0	0	0	Y	N	Y	N	N	N	N	N	N	N	N	N	0.0000	0.0000	0.0000	0.0000	0.0000	0.0000	0.0000	0.0000	0.0000	0.0000	0.0000	0.0000	0.0000	0.0000	0.0000	0.0000	0.0000	0.0000	0.0000	0.0000	0.0003	0.0000	1.0311	2.0000	0.0000	0.0000	0.0000	0.0000	0.0000	0.0000	0.0000	0.0000	0.0000	0.0000	0.0000	0.0000	0.0000	0.0000	0.0000	0.0000	0.0000	0.0000	0.0000	0.0000	0.0000	0.0000	0.0000	0.0000	0.0000	0.0000	0.0000	0.0046	0.0028	0.0018	0.0004	0.0003	0.0000	0.0042	0.0025	0.0018	0.0000	0.0000	0.0000	0.0000	0.0000	0.0000	0.0000	0.0000	0.0000	0.0000	0.0000	0.0000	0.0000	0.0000	0.0000	0.0000	0.0000	0.0000											
49	59	0.0477	3	1	1	1	0	0	0	0	0	N	N	N	N	N	N	N	N	N	N	N	N	16.8425	12.5836	0.0000	8.2812	7.9474	0.0000	0.0000	0.0007	0.0008	0.0000	0.0017	0.0017	0.0000	0.0000	0.0000	0.0000	0.0000	0.0001	0.0000	0.0002	0.0002	0.0000	0.0000	0.0000	0.0000	0.0345	0.0035	-0.0000	-0.0000	0.0003	1.9997	1.0311	3.4660	0.0000	0.0000	0.0000	0.0000	0.0000	0.0000	0.0000	0.0000	0.0000	0.0000	0.0000	0.0000	0.0000	0.0000	0.0000	0.0000	0.0000	0.0000	0.0000	0.0000	0.0000	0.0000	0.0000	0.0000	0.0000	0.0000	0.0000	0.0164	0.0111	0.0053	0.0034	0.0032	0.0002	0.0129	0.0078	0.0051	16.8425	12.5836	0.0000	8.2812	7.9474	0.0000	0.0000	0.0000	0.0000	0.0000	0.0001	0.0000	0.0002	0.0002	0.0000	0.0000	0.0000	0.0000		
49	60	0.0325	2	1	1	1	0	0	0	0	0	N	N	N	N	N	N	N	N	N	N	N	N	32977.9165	0.0000	101707.4706	182477.7841	0.0000	46919.1691	99157.7740	2.7992	0.0000	21.9231	0.6733	0.0000	inf	4.3118	0.0000	21.8456	0.0001	0.0000	0.0002	0.0000	0.0000	0.0001	0.0000	0.0002	inf	288.1667	0.0000	0.0000	0.0003	0.0005	1.0311	3.6054	0.0000	0.0000	0.0000	0.0000	0.0000	0.0000	0.0000	0.0000	0.0000	0.0000	0.0000	0.0000	0.0000	0.0000	0.0000	0.0000	0.0000	0.0000	0.0000	0.0000	0.0000	0.0000	0.0000	0.0000	0.0000	0.0000	0.0000	0.0082	0.0050	0.0032	0.0007	0.0006	0.0001	0.0075	0.0044	0.0031	32977.9165	0.0000	101707.4706	182477.7841	0.0000	inf	46919.1691	0.0000	99157.7740	0.0001	0.0000	0.0002	0.0000	0.0000	0.0000	0.0001	0.0000	0.0002			
49	61	0.2018	7	1	0	2	0	0	0	0	0	N	N	Y	N	N	N	N	N	N	N	N	N	0.0000	0.0000	0.0000	0.0000	0.0000	0.0000	0.0000	0.0000	0.0000	0.0000	0.0000	0.0000	0.0000	0.0000	0.0000	0.0000	0.0000	0.0000	0.0000	0.0000	0.0003	0.0000	1.0311	1.0000	0.0000	0.0000	0.0000	0.0000	0.0000	0.0000	0.0000	0.0000	0.0000	0.0000	0.0000	0.0000	0.0000	0.0000	0.0000	0.0000	0.0000	0.0000	0.0000	0.0000	0.0000	0.0000	0.0000	0.0000	0.0000	0.0000	0.0000	0.0022	0.0013	0.0009	0.0005	0.0004	0.0001	0.0017	0.0009	0.0007	0.0000	0.0000	0.0000	0.0000	0.0000	0.0000	0.0000	0.0000	0.0000	0.0000	0.0000	0.0000	0.0000	0.0000	0.0000	0.0000	0.0000	0.0000											
49	62	0.1976	6	1	0	1	0	0	0	0	0	N	N	N	N	N	N	N	N	N	N	N	N	0.0000	0.0000	0.0000	0.0000	0.0000	0.0000	0.0000	0.0000	0.0000	0.0000	0.0000	0.0000	0.0000	0.0000	0.0000	0.0000	0.0000	0.0000	0.0000	-0.0000	0.0003	0.0001	1.0311	1.0076	0.0000	0.0000	0.0000	0.0000	0.0000	0.0000	0.0000	0.0000	0.0000	0.0000	0.0000	0.0000	0.0000	0.0000	0.0000	0.0000	0.0000	0.0000	0.0000	0.0000	0.0000	0.0000	0.0000	0.0000	0.0000	0.0000	0.0000	0.0028	0.0019	0.0010	0.0008	0.0007	0.0001	0.0020	0.0012	0.0008	0.0000	0.0000	0.0000	0.0000	0.0000	0.0000	0.0000	0.0000	0.0000	0.0000	0.0000	0.0000	0.0000	0.0000	0.0000	0.0000	0.0000	0.0000											
49	63	0.1308	5	1	0	1	0	0	0	0	0	N	N	N	N	N	N	N	N	N	N	N	N	0.0000	0.0000	0.0000	0.0000	0.0000	0.0000	0.0000	0.0000	0.0000	0.0000	0.0000	0.0000	0.0000	0.0000	0.0000	0.0000	0.0000	0.0000	0.0000	0.0000	0.0003	11.9999	1.0311	3.0574	0.0000	0.0000	0.0000	0.0000	0.0000	0.0000	0.0000	0.0000	0.0000	0.0000	0.0000	0.0000	0.0000	0.0000	0.0000	0.0000	0.0000	0.0000	0.0002	0.0002	0.0000	0.0001	0.0001	0.0000	0.0001	0.0001	0.0000	0.0316	0.0192	0.0124	0.0052	0.0043	0.0009	0.0263	0.0148	0.0115	0.0000	0.0000	0.0000	0.0000	0.0000	0.0000	0.0000	0.0000	0.0000	0.0000	0.0000	0.0000	0.0000	0.0000	0.0000	0.0000	0.0000	0.0000											
49	64	0.0325	2	2	1	1	0	0	0	0	0	Y	N	N	N	N	N	N	N	N	N	N	N	0.0000	0.0000	0.0000	0.0000	0.0000	0.0000	0.0000	0.0000	0.0000	0.0000	0.0000	0.0000	0.0000	0.0000	0.0000	0.0000	0.0000	0.0000	0.0000	0.0000	0.0003	4.0000	1.0311	3.0000	0.0000	0.0000	0.0000	0.0000	0.0000	0.0000	0.0000	0.0000	0.0000	0.0000	0.0000	0.0000	0.0000	0.0000	0.0000	0.0000	0.0000	0.0000	0.0001	0.0001	0.0000	0.0000	0.0000	0.0000	0.0000	0.0000	0.0000	0.0155	0.0094	0.0061	0.0012	0.0011	0.0001	0.0142	0.0083	0.0059	0.0000	0.0000	0.0000	0.0000	0.0000	0.0000	0.0000	0.0000	0.0000	0.0000	0.0000	0.0000	0.0000	0.0000	0.0000	0.0000	0.0000	0.0000											
49	65	0.0744	3	1	0	1	0	0	0	0	0	N	N	N	N	N	N	N	N	N	N	N	N	0.1392	inf	0.3484	inf	inf	inf	0.1861	0.3177	0.0104	0.0004	0.0804	0.0026	0.0009	0.7944	0.0156	0.0000	0.0754	0.0747	0.0000	0.2307	0.0000	0.0000	0.0000	0.0837	0.0000	0.2372	29.0078	inf	0.0000	0.0009	0.0003	2.0015	1.0311	10.0016	0.0000	0.0000	0.0000	0.0000	0.0000	0.0000	0.0000	0.0000	0.0000	0.0019	0.0000	0.0019	0.0000	0.0000	0.0000	0.0019	0.0000	0.0019	0.0000	0.0000	0.0000	0.0000	0.0000	0.0000	0.0000	0.0000	0.0000	0.0254	0.0151	0.0104	0.0027	0.0024	0.0004	0.0227	0.0127	0.0100	0.1392	inf	0.4381	inf	inf	inf	0.1861	0.0000	0.3964	0.0747	0.0000	0.1835	0.0000	0.0000	0.0000	0.0837	0.0000	0.1901	
49	67	0.2292	5	1	0	1	0	0	0	0	0	N	N	N	N	N	N	N	N	N	N	N	N	0.5155	0.0107	359.7788	0.0479	0.0108	1014.7376	0.9585	0.0000	342.8561	0.0728	0.0030	0.3594	0.0177	0.0057	1.0205	0.1146	0.0000	0.3416	0.1412	0.2815	0.0010	0.3707	0.5274	0.0010	0.1196	0.1987	0.0010	29.0078	0.0022	0.0000	-0.0055	0.0003	4.8614	1.0311	14.2102	0.0000	0.0000	0.0000	0.0000	0.0000	0.0000	0.0000	0.0000	0.0000	0.0102	0.0102	0.0000	0.0055	0.0055	0.0000	0.0047	0.0047	0.0000	0.0001	0.0001	0.0000	0.0001	0.0001	0.0000	0.0001	0.0000	0.0000	0.0743	0.0524	0.0220	0.0348	0.0287	0.0061	0.0395	0.0237	0.0158	0.5304	0.0155	359.7788	0.1128	0.0298	1014.7376	0.9585	0.0000	342.8561	0.1372	0.1943	0.0010	0.1572	0.1906	0.0010	0.1196	0.1987	0.0010
49	68	0.0664	5	2	1	2	0	0	0	0	0	Y	N	Y	N	N	N	N	N	N	N	N	N	0.0000	0.0000	0.0000	0.0000	0.0000	0.0000	0.0000	0.0000	0.0000	0.0000	0.0000	0.0000	0.0000	0.0000	0.0000	0.0000	0.0000	0.0000	0.0000	0.0000	0.0003	0.0000	1.0311	0.0000	0.0000	0.0000	0.0000	0.0000	0.0000	0.0000	0.0000	0.0000	0.0000	0.0000	0.0000	0.0000	0.0000	0.0000	0.0000	0.0000	0.0000	0.0000	0.0000	0.0000	0.0000	0.0000	0.0000	0.0000	0.0000	0.0000	0.0000	0.0000	0.0000	0.0000	0.0000	0.0000	0.0000	0.0000	0.0000	0.0000	0.0000	0.0000	0.0000	0.0000	0.0000	0.0000	0.0000	0.0000	0.0000	0.0000	0.0000	0.0000	0.0000	0.0000	0.0000	0.0000	0.0000	0.0000											
49	69	0.0623	4	2	0	2	0	0	0	0	0	Y	N	Y	N	N	N	N	N	N	N	N	N	33.8770	inf	0.9222	inf	inf	2.0463	0.9334	0.2482	0.4505	0.0177	0.4664	0.4821	0.0000	0.0170	0.0000	0.0183	0.0073	0.0000	0.0192	0.0000	0.0000	0.0000	0.0083	0.0000	0.0197	0.0345	inf	-0.0000	0.0000	0.0003	0.0016	1.0311	0.9826	0.0000	0.0000	0.0000	0.0000	0.0000	0.0000	0.0000	0.0000	0.0000	0.0000	0.0000	0.0000	0.0000	0.0000	0.0000	0.0000	0.0000	0.0000	0.0000	0.0000	0.0000	0.0000	0.0000	0.0000	0.0000	0.0000	0.0000	0.0025	0.0015	0.0009	0.0003	0.0003	0.0000	0.0022	0.0013	0.0009	33.8770	inf	0.9222	inf	inf	0.0000	2.0463	0.0000	0.9334	0.0073	0.0000	0.0192	0.0000	0.0000	0.0000	0.0083	0.0000	0.0197		
49	70	0.0496	3	2	0	2	0	0	0	0	0	Y	N	Y	N	N	N	N	N	N	N	N	N	5.2885	747.2698	14.3475	579.1048	220.3127	inf	10.6828	12.6695	1.8054	0.0913	12.0823	0.4439	0.1788	17.6247	2.8951	0.0000	11.8073	0.3414	0.0001	0.8421	0.0008	0.0008	0.0000	0.2710	0.0000	0.9319	22.0672	3223.5565	0.0000	0.0008	0.0003	0.0061	1.0311	3.0249	0.0000	0.0000	0.0000	0.0000	0.0000	0.0000	0.0000	0.0000	0.0000	0.0018	0.0000	0.0018	0.0000	0.0000	0.0000	0.0018	0.0000	0.0018	0.0000	0.0000	0.0000	0.0000	0.0000	0.0000	0.0000	0.0000	0.0000	0.0075	0.0047	0.0029	0.0007	0.0007	0.0000	0.0068	0.0040	0.0028	7.3904	747.2698	18.8031	579.1048	220.3127	inf	10.6828	0.0000	18.1107	0.2443	0.0001	0.6426	0.0008	0.0008	0.0000	0.2710	0.0000	0.6520	
49	71	0.0325	2	2	0	2	0	0	0	0	0	Y	N	Y	N	N	N	N	N	N	N	N	N	7.6928	0.0000	23.6432	0.0000	0.0000	10.9071	23.0500	0.0394	0.0000	0.3086	0.0000	0.0000	0.0000	0.0607	0.0000	0.3075	0.0051	0.0000	0.0131	0.0000	0.0000	0.0000	0.0056	0.0000	0.0133	inf	19451.3333	0.0000	0.0000	0.0003	0.0044	1.0311	4.0281	0.0000	0.0000	0.0000	0.0000	0.0000	0.0000	0.0000	0.0000	0.0000	0.0000	0.0000	0.0000	0.0000	0.0000	0.0000	0.0000	0.0000	0.0000	0.0000	0.0000	0.0000	0.0000	0.0000	0.0000	0.0000	0.0000	0.0000	0.0091	0.0055	0.0036	0.0007	0.0006	0.0001	0.0084	0.0049	0.0035	7.6928	0.0000	23.6432	0.0000	0.0000	0.0000	10.9071	0.0000	23.0500	0.0051	0.0000	0.0131	0.0000	0.0000	0.0000	0.0056	0.0000	0.0133		
49	72	0.0744	3	1	1	1	0	0	0	0	0	N	N	N	N	N	N	N	N	N	N	N	N	inf	inf	inf	inf	inf	inf	inf	2.7391	2.9840	0.8101	6.7125	6.7200	0.0000	0.1507	0.0000	0.8132	0.0000	0.0000	0.0000	0.0000	0.0000	0.0000	0.0000	0.0000	0.0000	0.0345	-0.0001	0.0000	0.0003	5.9987	1.0311	11.0016	0.0003	0.0003	0.0000	0.0003	0.0003	0.0000	0.0000	0.0000	0.0000	0.0000	0.0000	0.0000	0.0000	0.0000	0.0000	0.0000	0.0000	0.0000	0.0001	0.0001	0.0000	0.0000	0.0000	0.0000	0.0001	0.0001	0.0000	0.0346	0.0206	0.0141	0.0037	0.0032	0.0005	0.0309	0.0173	0.0136	inf	inf	inf	inf	inf	0.0000	inf	0.0000	inf	0.0000	0.0000	0.0000	0.0000	0.0000	0.0000	0.0000	0.0000	0.0000			
49	73	0.0325	2	2	0	2	0	0	0	0	0	Y	N	Y	N	N	N	N	N	N	N	N	N	inf	inf	inf	inf	inf	inf	inf	inf	8.9541	0.3396	71.2921	2.1566	0.7326	76.0051	13.7796	0.0000	70.9661	0.0000	0.0000	0.0000	0.0000	0.0000	0.0000	0.0000	0.0000	0.0000	29.0078	0.0002	0.0000	0.0003	2.0000	1.0311	5.0000	0.0003	0.0000	0.0003	0.0000	0.0000	0.0000	0.0003	0.0000	0.0003	0.0000	0.0000	0.0000	0.0000	0.0000	0.0000	0.0000	0.0000	0.0000	0.0000	0.0000	0.0000	0.0000	0.0000	0.0000	0.0000	0.0000	0.0000	0.0155	0.0094	0.0061	0.0012	0.0011	0.0001	0.0142	0.0083	0.0059	inf	inf	inf	inf	inf	inf	inf	0.0000	inf	0.0000	0.0000	0.0000	0.0000	0.0000	0.0000	0.0000	0.0000	0.0000		
49	74	0.1161	5	1	1	1	0	0	0	0	0	N	N	N	N	N	N	N	N	N	N	N	N	1.4764	0.0397	322.2411	0.0098	0.0025	700.7105	178.2358	0.0000	313.8541	0.0942	0.0040	0.4208	0.0220	0.0074	1.1771	0.1487	0.0000	0.4015	0.0638	0.1009	0.0013	2.2469	2.8994	0.0017	0.0008	0.0005	0.0013	29.0078	0.0077	0.0000	-0.0014	0.0003	6.1274	1.0311	13.6208	0.0000	0.0000	0.0000	0.0000	0.0000	0.0000	0.0000	0.0000	0.0000	0.0027	0.0027	0.0000	0.0027	0.0027	0.0000	0.0000	0.0000	0.0000	0.0002	0.0001	0.0000	0.0001	0.0001	0.0000	0.0001	0.0001	0.0000	0.0423	0.0266	0.0158	0.0077	0.0067	0.0010	0.0346	0.0199	0.0147	1.4764	0.0397	322.2411	0.0637	0.0185	700.7105	178.2358	0.0000	313.8541	0.0638	0.1009	0.0013	0.3456	0.3993	0.0017	0.0008	0.0005	0.0013
49	75	0.1407	8	1	0	2	0	0	0	0	0	N	N	Y	N	N	N	N	N	N	N	N	N	0.0000	0.0000	0.0000	0.0000	0.0000	0.0000	0.0000	0.0000	0.0000	0.0000	0.0000	0.0000	0.0000	0.0000	0.0000	0.0000	0.0000	0.0000	0.0000	0.0000	0.0003	0.0000	1.0311	1.0003	0.0000	0.0000	0.0000	0.0000	0.0000	0.0000	0.0000	0.0000	0.0000	0.0000	0.0000	0.0000	0.0000	0.0000	0.0000	0.0000	0.0000	0.0000	0.0000	0.0000	0.0000	0.0000	0.0000	0.0000	0.0000	0.0000	0.0000	0.0023	0.0014	0.0008	0.0004	0.0003	0.0001	0.0019	0.0011	0.0008	0.0000	0.0000	0.0000	0.0000	0.0000	0.0000	0.0000	0.0000	0.0000	0.0000	0.0000	0.0000	0.0000	0.0000	0.0000	0.0000	0.0000	0.0000											
49	76	0.1366	7	1	0	2	0	0	0	0	0	N	N	Y	N	N	N	N	N	N	N	N	N	0.0000	0.0000	0.0000	0.0000	0.0000	0.0000	0.0000	0.0000	0.0000	0.0000	0.0000	0.0000	0.0000	0.0000	0.0000	0.0000	0.0000	0.0000	0.0000	0.0000	0.0003	0.0000	1.0311	1.0076	0.0000	0.0000	0.0000	0.0000	0.0000	0.0000	0.0000	0.0000	0.0000	0.0000	0.0000	0.0000	0.0000	0.0000	0.0000	0.0000	0.0000	0.0000	0.0000	0.0000	0.0000	0.0000	0.0000	0.0000	0.0000	0.0000	0.0000	0.0023	0.0014	0.0008	0.0004	0.0003	0.0001	0.0019	0.0011	0.0008	0.0000	0.0000	0.0000	0.0000	0.0000	0.0000	0.0000	0.0000	0.0000	0.0000	0.0000	0.0000	0.0000	0.0000	0.0000	0.0000	0.0000	0.0000											
49	77	0.1325	6	1	0	1	0	0	0	0	0	N	N	N	N	N	N	N	N	N	N	N	N	9478.9390	inf	253.9342	inf	inf	542.6614	245.1282	0.2412	0.4293	0.0176	0.4549	0.4700	0.0000	0.0165	0.0000	0.0182	0.0000	0.0000	0.0001	0.0000	0.0000	0.0000	0.0000	0.0000	0.0001	0.0345	inf	-0.0000	0.0000	0.0003	0.0026	1.0311	0.9924	0.0000	0.0000	0.0000	0.0000	0.0000	0.0000	0.0000	0.0000	0.0000	0.0000	0.0000	0.0000	0.0000	0.0000	0.0000	0.0000	0.0000	0.0000	0.0000	0.0000	0.0000	0.0000	0.0000	0.0000	0.0000	0.0000	0.0000	0.0022	0.0014	0.0008	0.0004	0.0003	0.0001	0.0019	0.0011	0.0008	9478.9390	inf	253.9342	inf	inf	0.0000	542.6614	0.0000	245.1282	0.0000	0.0000	0.0001	0.0000	0.0000	0.0000	0.0000	0.0000	0.0001		
49	78	0.1161	5	1	0	1	0	0	0	0	0	N	N	N	N	N	N	N	N	N	N	N	N	1428.3501	7473.6244	68.6266	2985.6194	3958.0317	0.2135	87.7952	0.0000	72.7862	2.7424	3.7197	0.3184	5.8355	5.9472	0.0014	0.1676	0.0000	0.3281	0.0019	0.0005	0.0046	0.0020	0.0015	0.0067	0.0019	0.0000	0.0045	0.0345	4.8747	-0.0001	0.0000	0.0003	2.8733	1.0311	1.5522	0.0003	0.0003	0.0000	0.0003	0.0003	0.0000	0.0000	0.0000	0.0000	0.0000	0.0000	0.0000	0.0000	0.0000	0.0000	0.0000	0.0000	0.0000	0.0001	0.0001	0.0000	0.0000	0.0000	0.0000	0.0001	0.0000	0.0000	0.0129	0.0085	0.0044	0.0030	0.0028	0.0003	0.0099	0.0057	0.0042	1428.3501	7473.6244	68.6266	2985.6194	3958.0317	0.2135	87.7952	0.0000	72.7862	0.0019	0.0005	0.0046	0.0020	0.0015	0.0067	0.0019	0.0000	0.0045
49	79	0.1040	4	1	0	1	0	0	0	0	0	N	N	N	N	N	N	N	N	N	N	N	N	48.8739	180.0779	13.9783	66.9994	87.4812	9.9551	27.9206	0.0000	14.4932	0.7350	0.8870	0.5247	1.0603	1.0629	0.9733	0.4113	0.0000	0.5088	0.0150	0.0049	0.0375	0.0158	0.0122	0.0978	0.0147	0.0003	0.0351	0.4276	3.4255	-0.0000	0.0000	0.0003	0.2102	1.0311	3.4985	0.0000	0.0000	0.0000	0.0000	0.0000	0.0000	0.0000	0.0000	0.0000	0.0002	0.0000	0.0002	0.0001	0.0000	0.0000	0.0001	0.0000	0.0001	0.0000	0.0000	0.0000	0.0000	0.0000	0.0000	0.0000	0.0000	0.0000	0.0140	0.0096	0.0043	0.0039	0.0037	0.0002	0.0101	0.0059	0.0042	48.8739	180.0779	13.9783	66.9994	87.4812	9.9551	27.9206	0.0000	14.4932	0.0150	0.0049	0.0375	0.0158	0.0122	0.0978	0.0147	0.0003	0.0351
49	80	0.1351	6	1	1	1	0	0	0	0	0	N	N	N	N	N	N	N	N	N	N	N	N	0.0000	0.0000	0.0000	0.0000	0.0000	0.0000	0.0000	0.0000	0.0000	0.0000	0.0000	0.0000	0.0000	0.0000	0.0000	0.0001	0.0001	0.0000	0.0003	0.0003	0.0005	0.0000	0.0000	0.0000	0.3262	0.0000	-0.0000	0.0003	2.0196	1.0311	6.0690	0.0000	0.0000	0.0000	0.0000	0.0000	0.0000	0.0000	0.0000	0.0000	0.0000	0.0000	0.0000	0.0000	0.0000	0.0000	0.0000	0.0000	0.0000	0.0000	0.0000	0.0000	0.0000	0.0000	0.0000	0.0000	0.0000	0.0000	0.0186	0.0115	0.0071	0.0035	0.0029	0.0005	0.0151	0.0085	0.0066	0.0000	0.0000	0.0000	0.0000	0.0000	0.0000	0.0000	0.0000	0.0000	0.0001	0.0001	0.0000	0.0003	0.0003	0.0005	0.0000	0.0000	0.0000				
49	81	0.1268	5	1	0	1	0	0	0	0	0	N	N	N	N	N	N	N	N	N	N	N	N	0.0000	0.0000	0.0000	0.0000	0.0000	0.0000	0.0000	0.0000	0.0000	0.0000	0.0000	0.0000	0.0000	0.0000	0.0000	0.0000	0.0000	0.0015	0.0023	0.0002	0.0078	0.0094	0.0000	0.0002	0.0002	0.0003	0.0670	0.0000	-0.0000	0.0003	0.9876	1.0311	0.9833	0.0000	0.0000	0.0000	0.0000	0.0000	0.0000	0.0000	0.0000	0.0000	0.0000	0.0000	0.0000	0.0000	0.0000	0.0000	0.0000	0.0000	0.0000	0.0000	0.0000	0.0000	0.0000	0.0000	0.0000	0.0000	0.0000	0.0000	0.0046	0.0028	0.0018	0.0008	0.0006	0.0001	0.0039	0.0022	0.0017	0.0000	0.0000	0.0000	0.0000	0.0000	0.0000	0.0000	0.0000	0.0000	0.0015	0.0023	0.0002	0.0078	0.0094	0.0000	0.0002	0.0002	0.0003		
49	84	0.0744	3	1	1	1	1	0	0	0	0	N	N	N	N	N	N	N	N	N	N	N	N	0.0608	inf	0.1860	inf	inf	inf	0.0804	0.1592	0.0029	0.0001	0.0255	0.0007	0.0002	0.5045	0.0043	0.0000	0.0238	0.0477	0.0000	0.1370	0.0000	0.0000	0.0000	0.0535	0.0000	0.1496	29.0078	inf	0.0000	0.0009	0.0003	8.0013	1.0311	12.0015	0.0000	0.0000	0.0000	0.0000	0.0000	0.0000	0.0000	0.0000	0.0000	0.0019	0.0000	0.0019	0.0000	0.0000	0.0000	0.0019	0.0000	0.0019	0.0001	0.0001	0.0000	0.0001	0.0001	0.0000	0.0001	0.0001	0.0000	0.0398	0.0237	0.0161	0.0043	0.0038	0.0006	0.0355	0.0200	0.0155	0.0608	inf	0.2163	inf	inf	inf	0.0804	0.0000	0.1948	0.0477	0.0000	0.1178	0.0000	0.0000	0.0000	0.0535	0.0000	0.1222	
49	85	0.1308	5	1	1	1	0	0	0	0	0	N	N	N	N	N	N	N	N	N	N	N	N	0.0000	0.0000	0.0000	0.0000	0.0000	0.0000	0.0000	0.0000	0.0000	0.0000	0.0000	0.0000	0.0000	0.0006	0.0009	0.0000	0.0000	0.0000	0.0000	0.0007	0.0012	0.0000	0.0000	0.0000	-0.0000	0.0003	1.0000	1.0311	6.9850	0.0000	0.0000	0.0000	0.0000	0.0000	0.0000	0.0000	0.0000	0.0000	0.0000	0.0000	0.0000	0.0000	0.0000	0.0000	0.0000	0.0000	0.0000	0.0000	0.0000	0.0000	0.0000	0.0000	0.0000	0.0000	0.0000	0.0000	0.0178	0.0108	0.0070	0.0030	0.0025	0.0005	0.0149	0.0083	0.0065	0.0000	0.0000	0.0000	0.0000	0.0000	0.0000	0.0000	0.0000	0.0000	0.0006	0.0009	0.0000	0.0000	0.0000	0.0000	0.0007	0.0012	0.0000						
49	86	0.1181	4	1	0	1	0	0	0	0	0	N	N	N	N	N	N	N	N	N	N	N	N	0.0000	0.0000	0.0000	0.0000	0.0000	0.0000	0.0000	0.0000	0.0000	0.0000	0.0000	0.0000	0.0000	0.0000	0.0000	0.0000	0.0000	0.0001	0.0001	0.0000	0.0004	0.0003	0.0006	0.0000	0.0000	0.0000	0.4183	0.0000	-0.0000	0.0003	1.0086	1.0311	2.0000	0.0000	0.0000	0.0000	0.0000	0.0000	0.0000	0.0000	0.0000	0.0000	0.0000	0.0000	0.0000	0.0000	0.0000	0.0000	0.0000	0.0000	0.0000	0.0000	0.0000	0.0000	0.0000	0.0000	0.0000	0.0000	0.0000	0.0000	0.0070	0.0042	0.0028	0.0012	0.0010	0.0002	0.0059	0.0033	0.0026	0.0000	0.0000	0.0000	0.0000	0.0000	0.0000	0.0000	0.0000	0.0000	0.0001	0.0001	0.0000	0.0004	0.0003	0.0006	0.0000	0.0000	0.0000		
49	87	0.0325	2	1	1	1	0	0	0	0	0	N	N	N	N	N	N	N	N	N	N	N	N	inf	inf	inf	inf	inf	inf	inf	inf	4.5816	0.1734	37.0790	1.1050	0.3752	40.0519	7.0440	0.0000	36.8762	0.0000	0.0000	0.0000	0.0000	0.0000	0.0000	0.0000	0.0000	0.0000	29.0078	0.0002	0.0000	0.0003	4.0000	1.0311	7.0000	0.0003	0.0000	0.0003	0.0000	0.0000	0.0000	0.0003	0.0000	0.0003	0.0000	0.0000	0.0000	0.0000	0.0000	0.0000	0.0000	0.0000	0.0000	0.0001	0.0001	0.0000	0.0000	0.0000	0.0000	0.0000	0.0000	0.0000	0.0236	0.0144	0.0092	0.0019	0.0017	0.0002	0.0217	0.0127	0.0090	inf	inf	inf	inf	inf	inf	inf	0.0000	inf	0.0000	0.0000	0.0000	0.0000	0.0000	0.0000	0.0000	0.0000	0.0000		
49	89	0.1353	6	1	1	1	0	0	0	0	0	N	N	N	N	N	N	N	N	N	N	N	N	0.0000	0.0000	0.0000	0.0000	0.0000	0.0000	0.0000	0.0000	0.0000	0.0000	0.0000	0.0000	0.0000	0.0000	0.0000	0.0000	0.0000	0.0000	0.0047	0.0000	0.0120	0.0002	0.0000	0.0011	0.0058	0.0000	0.0131	196.4752	0.0000	0.0000	0.0003	0.0157	1.0311	9.0253	0.0000	0.0000	0.0000	0.0000	0.0000	0.0000	0.0000	0.0000	0.0000	0.0001	0.0000	0.0001	0.0000	0.0000	0.0000	0.0001	0.0000	0.0001	0.0000	0.0000	0.0000	0.0000	0.0000	0.0000	0.0000	0.0000	0.0000	0.0204	0.0125	0.0079	0.0040	0.0033	0.0007	0.0164	0.0092	0.0072	0.0000	0.0000	0.0000	0.0000	0.0000	0.0000	0.0000	0.0000	0.0000	0.0047	0.0000	0.0120	0.0002	0.0000	0.0011	0.0058	0.0000	0.0131	
49	90	0.1268	5	1	1	1	0	0	0	0	0	N	N	N	N	N	N	N	N	N	N	N	N	0.0000	0.0000	0.0000	0.0000	0.0000	0.0000	0.0000	0.0000	0.0000	0.0000	0.0000	0.0000	0.0000	0.0000	0.0000	0.0000	0.0000	0.0000	0.9147	0.0038	1.7878	0.0007	0.0008	0.0002	0.6462	0.0047	2.0080	230.5995	0.0000	0.0012	0.0003	0.0169	1.0311	2.0013	0.0000	0.0000	0.0000	0.0000	0.0000	0.0000	0.0000	0.0000	0.0000	0.0026	0.0000	0.0025	0.0000	0.0000	0.0000	0.0026	0.0000	0.0025	0.0000	0.0000	0.0000	0.0000	0.0000	0.0000	0.0000	0.0000	0.0000	0.0047	0.0029	0.0019	0.0008	0.0007	0.0001	0.0039	0.0022	0.0017	0.0000	0.0000	0.0000	0.0000	0.0000	0.0000	0.0000	0.0000	0.0000	0.5381	0.0038	1.3666	0.0007	0.0008	0.0002	0.6462	0.0047	1.4709	
49	91	0.1181	4	1	0	1	0	0	0	0	0	N	N	N	N	N	N	N	N	N	N	N	N	0.0000	0.0000	0.0000	0.0000	0.0000	0.0000	0.0000	0.0000	0.0000	0.0000	0.0000	0.0000	0.0000	0.0000	0.0000	0.0000	0.0000	0.0000	0.0013	0.0001	0.0031	0.0005	0.0004	0.0009	0.0014	0.0000	0.0032	16.9421	0.0000	0.0000	0.0003	1.9923	1.0311	0.0454	0.0000	0.0000	0.0000	0.0000	0.0000	0.0000	0.0000	0.0000	0.0000	0.0000	0.0000	0.0000	0.0000	0.0000	0.0000	0.0000	0.0000	0.0000	0.0000	0.0000	0.0000	0.0000	0.0000	0.0000	0.0000	0.0000	0.0000	0.0048	0.0029	0.0019	0.0008	0.0007	0.0001	0.0040	0.0022	0.0018	0.0000	0.0000	0.0000	0.0000	0.0000	0.0000	0.0000	0.0000	0.0000	0.0013	0.0001	0.0031	0.0005	0.0004	0.0009	0.0014	0.0000	0.0032	
49	92	0.0744	3	1	0	1	0	0	0	0	0	N	N	N	N	N	N	N	N	N	N	N	N	3.5099	0.0805	9537.3364	0.0929	0.0270	inf	2182.5472	0.0000	8664.6153	0.0196	0.0008	0.1362	0.0048	0.0016	0.8840	0.0296	0.0000	0.1282	0.0056	0.0094	0.0000	0.0521	0.0601	0.0000	0.0000	0.0000	0.0000	29.0078	0.0010	0.0000	-0.0001	0.0003	1.0098	1.0311	9.0196	0.0000	0.0000	0.0000	0.0000	0.0000	0.0000	0.0000	0.0000	0.0000	0.0001	0.0001	0.0000	0.0001	0.0001	0.0000	0.0000	0.0000	0.0000	0.0000	0.0000	0.0000	0.0000	0.0000	0.0000	0.0000	0.0000	0.0000	0.0216	0.0128	0.0088	0.0023	0.0020	0.0003	0.0193	0.0108	0.0085	3.5099	0.0805	9537.3364	0.0929	0.0270	inf	2182.5472	0.0000	8664.6153	0.0056	0.0094	0.0000	0.0521	0.0601	0.0000	0.0000	0.0000	0.0000
49	93	0.1711	8	2	1	1	1	0	0	0	0	Y	N	N	N	N	N	N	N	N	N	N	N	0.0000	0.0000	0.0000	0.0000	0.0000	0.0000	0.0000	0.0000	0.0000	0.0000	0.0000	0.0000	0.0000	0.0000	0.0000	0.0000	0.0000	0.0000	0.0000	0.0000	0.0003	0.0000	1.0311	0.0000	0.0000	0.0000	0.0000	0.0000	0.0000	0.0000	0.0000	0.0000	0.0000	0.0000	0.0000	0.0000	0.0000	0.0000	0.0000	0.0000	0.0000	0.0000	0.0000	0.0000	0.0000	0.0000	0.0000	0.0000	0.0000	0.0000	0.0000	0.0000	0.0000	0.0000	0.0000	0.0000	0.0000	0.0000	0.0000	0.0000	0.0000	0.0000	0.0000	0.0000	0.0000	0.0000	0.0000	0.0000	0.0000	0.0000	0.0000	0.0000	0.0000	0.0000	0.0000	0.0000	0.0000	0.0000											
49	94	0.1711	7	2	1	1	1	0	0	0	0	Y	N	N	N	N	N	N	N	N	N	N	N	0.0000	0.0000	0.0000	0.0000	0.0000	0.0000	0.0000	0.0000	0.0000	0.0000	0.0000	0.0000	0.0000	0.0000	0.0000	0.0000	0.0000	0.0000	0.0000	0.0000	0.0003	0.0000	1.0311	0.0001	0.0000	0.0000	0.0000	0.0000	0.0000	0.0000	0.0000	0.0000	0.0000	0.0000	0.0000	0.0000	0.0000	0.0000	0.0000	0.0000	0.0000	0.0000	0.0000	0.0000	0.0000	0.0000	0.0000	0.0000	0.0000	0.0000	0.0000	0.0000	0.0000	0.0000	0.0000	0.0000	0.0000	0.0000	0.0000	0.0000	0.0000	0.0000	0.0000	0.0000	0.0000	0.0000	0.0000	0.0000	0.0000	0.0000	0.0000	0.0000	0.0000	0.0000	0.0000	0.0000	0.0000	0.0000											
49	95	0.1531	6	1	1	1	1	0	0	0	0	N	N	N	N	N	N	N	N	N	N	N	N	inf	inf	inf	inf	inf	inf	inf	7.7477	10.6418	0.8716	16.2500	16.5723	0.0000	0.4789	0.0000	0.8988	0.0000	0.0000	0.0000	0.0000	0.0000	0.0000	0.0000	0.0000	0.0000	0.0345	-0.0001	0.0000	0.0003	0.9845	1.0311	0.9903	0.0003	0.0003	0.0000	0.0003	0.0003	0.0000	0.0000	0.0000	0.0000	0.0000	0.0000	0.0000	0.0000	0.0000	0.0000	0.0000	0.0000	0.0000	0.0000	0.0000	0.0000	0.0000	0.0000	0.0000	0.0000	0.0000	0.0000	0.0048	0.0029	0.0018	0.0008	0.0007	0.0001	0.0039	0.0022	0.0017	inf	inf	inf	inf	inf	0.0000	inf	0.0000	inf	0.0000	0.0000	0.0000	0.0000	0.0000	0.0000	0.0000	0.0000	0.0000			
49	96	0.1503	6	1	1	1	0	0	0	0	0	N	N	N	N	N	N	N	N	N	N	N	N	4.4238	42.1781	13.0943	1.7477	38.8811	92.7266	5.7044	13.5885	0.0020	0.0001	0.0168	0.0005	0.0002	0.2195	0.0030	0.0000	0.0158	0.0005	0.0000	0.0013	0.0003	0.0000	0.0024	0.0005	0.0000	0.0012	29.0078	388.3374	0.0000	0.0000	0.0003	1.0063	1.0311	3.7812	0.0000	0.0000	0.0000	0.0000	0.0000	0.0000	0.0000	0.0000	0.0000	0.0000	0.0000	0.0000	0.0000	0.0000	0.0000	0.0000	0.0000	0.0000	0.0000	0.0000	0.0000	0.0000	0.0000	0.0000	0.0000	0.0000	0.0000	0.0168	0.0109	0.0059	0.0051	0.0045	0.0006	0.0116	0.0064	0.0052	4.4238	42.1781	13.0943	1.7477	38.8811	92.7266	5.7044	0.0000	13.5885	0.0005	0.0000	0.0013	0.0003	0.0000	0.0024	0.0005	0.0000	0.0012	
49	97	0.1531	6	1	0	2	1	0	0	0	0	N	N	Y	N	N	N	N	N	N	N	N	N	inf	inf	inf	inf	inf	inf	inf	inf	0.1329	0.0063	0.4381	0.0289	0.0098	1.0031	0.2215	0.0000	0.4206	0.0000	0.0000	0.0000	0.0000	0.0000	0.0000	0.0000	0.0000	0.0000	29.0078	0.0000	-0.0000	0.0003	1.0165	1.0311	1.0129	0.0000	0.0000	0.0000	0.0000	0.0000	0.0000	0.0000	0.0000	0.0000	0.0000	0.0000	0.0000	0.0000	0.0000	0.0000	0.0000	0.0000	0.0000	0.0000	0.0000	0.0000	0.0000	0.0000	0.0000	0.0000	0.0000	0.0000	0.0049	0.0030	0.0019	0.0008	0.0007	0.0001	0.0041	0.0023	0.0018	inf	inf	inf	inf	inf	inf	inf	0.0000	inf	0.0000	0.0000	0.0000	0.0000	0.0000	0.0000	0.0000	0.0000	0.0000		
49	98	0.1402	5	1	0	1	1	0	0	0	0	N	N	N	N	N	N	N	N	N	N	N	N	inf	inf	inf	inf	inf	inf	inf	inf	0.1542	0.1315	0.2661	0.2686	0.2637	0.8993	0.0724	0.0000	0.2540	0.0000	0.0000	0.0000	0.0000	0.0000	0.0000	0.0000	0.0000	0.0000	0.4122	-0.0000	0.0000	0.0003	2.0241	1.0311	1.0265	0.0000	0.0000	0.0000	0.0000	0.0000	0.0000	0.0000	0.0000	0.0000	0.0000	0.0000	0.0000	0.0000	0.0000	0.0000	0.0000	0.0000	0.0000	0.0000	0.0000	0.0000	0.0000	0.0000	0.0000	0.0000	0.0000	0.0000	0.0070	0.0042	0.0028	0.0010	0.0009	0.0002	0.0060	0.0033	0.0026	inf	inf	inf	inf	inf	inf	inf	0.0000	inf	0.0000	0.0000	0.0000	0.0000	0.0000	0.0000	0.0000	0.0000	0.0000		
49	99	0.1402	5	1	0	2	1	0	0	0	0	N	N	Y	N	N	N	N	N	N	N	N	N	inf	inf	inf	inf	inf	inf	inf	inf	0.0313	0.0012	0.2006	0.0076	0.0026	0.8770	0.0479	0.0000	0.1897	0.0000	0.0000	0.0000	0.0000	0.0000	0.0000	0.0000	0.0000	0.0000	29.0078	0.0000	0.0000	0.0003	3.0066	1.0311	0.0000	0.0000	0.0000	0.0000	0.0000	0.0000	0.0000	0.0000	0.0000	0.0000	0.0000	0.0000	0.0000	0.0000	0.0000	0.0000	0.0000	0.0000	0.0000	0.0001	0.0001	0.0000	0.0000	0.0000	0.0000	0.0000	0.0000	0.0000	0.0069	0.0042	0.0027	0.0010	0.0009	0.0002	0.0059	0.0033	0.0026	inf	inf	inf	inf	inf	inf	inf	0.0000	inf	0.0000	0.0000	0.0000	0.0000	0.0000	0.0000	0.0000	0.0000	0.0000		
49	100	0.1659	5	1	0	2	1	0	0	0	0	N	N	Y	N	N	N	N	N	N	N	N	N	0.0000	0.0000	0.0000	0.0000	0.0000	0.0000	0.0000	0.0000	0.0000	0.0000	0.0000	0.0000	0.0000	0.0000	0.0000	0.0000	0.0000	0.0000	0.0000	0.0000	0.0003	0.0000	1.0311	2.0000	0.0000	0.0000	0.0000	0.0000	0.0000	0.0000	0.0000	0.0000	0.0000	0.0000	0.0000	0.0000	0.0000	0.0000	0.0000	0.0000	0.0000	0.0000	0.0000	0.0000	0.0000	0.0000	0.0000	0.0000	0.0000	0.0000	0.0000	0.0045	0.0027	0.0018	0.0007	0.0006	0.0001	0.0038	0.0021	0.0017	0.0000	0.0000	0.0000	0.0000	0.0000	0.0000	0.0000	0.0000	0.0000	0.0000	0.0000	0.0000	0.0000	0.0000	0.0000	0.0000	0.0000	0.0000											
49	101	0.1269	4	1	0	2	1	0	0	0	0	N	N	Y	N	N	N	N	N	N	N	N	N	65.7525	2.6465	515.9651	2.6757	1.3821	169.5763	inf	inf	0.0027	0.0001	0.0233	0.0007	0.0002	0.1444	0.0040	0.0000	0.0219	0.0000	0.0000	0.0000	0.0003	0.0002	0.0009	0.0000	0.0000	0.0000	29.0078	0.7735	0.0000	-0.0000	0.0003	5.8899	1.0311	3.1847	0.0000	0.0000	0.0000	0.0000	0.0000	0.0000	0.0000	0.0000	0.0000	0.0000	0.0000	0.0000	0.0000	0.0000	0.0000	0.0000	0.0000	0.0000	0.0001	0.0001	0.0000	0.0000	0.0000	0.0000	0.0001	0.0001	0.0000	0.0211	0.0128	0.0083	0.0034	0.0030	0.0004	0.0177	0.0098	0.0079	65.7525	2.6465	515.9651	2.6757	1.3821	169.5763	inf	0.0000	inf	0.0000	0.0000	0.0000	0.0003	0.0002	0.0009	0.0000	0.0000	0.0000	
49	102	0.1737	4	2	1	1	0	0	0	0	0	Y	N	N	N	N	N	N	N	N	N	N	N	0.0000	0.0000	0.0000	0.0000	0.0000	0.0000	0.0000	0.0000	0.0000	0.0000	0.0000	0.0000	0.0000	0.0000	0.0000	0.0000	0.0000	0.0000	0.0000	0.0000	0.0003	0.0000	1.0311	0.0000	0.0000	0.0000	0.0000	0.0000	0.0000	0.0000	0.0000	0.0000	0.0000	0.0000	0.0000	0.0000	0.0000	0.0000	0.0000	0.0000	0.0000	0.0000	0.0000	0.0000	0.0000	0.0000	0.0000	0.0000	0.0000	0.0000	0.0000	0.0000	0.0000	0.0000	0.0000	0.0000	0.0000	0.0000	0.0000	0.0000	0.0000	0.0000	0.0000	0.0000	0.0000	0.0000	0.0000	0.0000	0.0000	0.0000	0.0000	0.0000	0.0000	0.0000	0.0000	0.0000	0.0000	0.0000											
49	103	0.0744	3	2	1	1	0	0	0	0	0	Y	N	N	N	N	N	N	N	N	N	N	N	inf	inf	inf	inf	inf	inf	inf	inf	0.0029	0.0001	0.0255	0.0007	0.0002	0.5045	0.0043	0.0000	0.0238	0.0000	0.0000	0.0000	0.0000	0.0000	0.0000	0.0000	0.0000	0.0000	29.0078	0.0000	0.0000	0.0003	8.0012	1.0311	14.0016	0.0000	0.0000	0.0000	0.0000	0.0000	0.0000	0.0000	0.0000	0.0000	0.0000	0.0000	0.0000	0.0000	0.0000	0.0000	0.0000	0.0000	0.0000	0.0001	0.0001	0.0000	0.0001	0.0001	0.0000	0.0001	0.0001	0.0000	0.0432	0.0257	0.0174	0.0047	0.0041	0.0006	0.0385	0.0216	0.0168	inf	inf	inf	inf	inf	inf	inf	0.0000	inf	0.0000	0.0000	0.0000	0.0000	0.0000	0.0000	0.0000	0.0000	0.0000		
49	104	0.1373	4	1	1	1	0	0	0	0	0	N	N	N	N	N	N	N	N	N	N	N	N	0.0000	0.0000	0.0000	0.0000	0.0000	0.0000	0.0000	0.0000	0.0000	0.0000	0.0000	0.0000	0.0000	0.0000	0.0000	0.0000	0.0000	0.0000	0.0002	0.0001	0.0004	0.0000	0.0000	0.0000	0.7167	0.0000	-0.0000	0.0003	2.0010	1.0311	1.0153	0.0000	0.0000	0.0000	0.0000	0.0000	0.0000	0.0000	0.0000	0.0000	0.0000	0.0000	0.0000	0.0000	0.0000	0.0000	0.0000	0.0000	0.0000	0.0000	0.0000	0.0000	0.0000	0.0000	0.0000	0.0000	0.0000	0.0000	0.0073	0.0044	0.0028	0.0015	0.0012	0.0003	0.0058	0.0032	0.0025	0.0000	0.0000	0.0000	0.0000	0.0000	0.0000	0.0000	0.0000	0.0000	0.0000	0.0000	0.0000	0.0002	0.0001	0.0004	0.0000	0.0000	0.0000				
49	105	0.0744	3	1	1	1	0	0	0	0	0	N	N	N	N	N	N	N	N	N	N	N	N	692.6098	17.9372	17160.0547	44.9200	13.0043	inf	1584.4299	0.0000	15501.6375	0.0071	0.0003	0.0573	0.0018	0.0006	0.7210	0.0106	0.0000	0.0536	0.0000	0.0000	0.0000	0.0000	0.0000	0.0000	0.0000	0.0000	0.0000	29.0078	0.1529	0.0000	-0.0000	0.0003	3.0162	1.0311	11.0438	0.0000	0.0000	0.0000	0.0000	0.0000	0.0000	0.0000	0.0000	0.0000	0.0000	0.0000	0.0000	0.0000	0.0000	0.0000	0.0000	0.0000	0.0000	0.0001	0.0001	0.0000	0.0000	0.0000	0.0000	0.0000	0.0000	0.0000	0.0293	0.0174	0.0119	0.0032	0.0027	0.0004	0.0262	0.0147	0.0115	692.6098	17.9372	17160.0547	44.9200	13.0043	inf	1584.4299	0.0000	15501.6375	0.0000	0.0000	0.0000	0.0000	0.0000	0.0000	0.0000	0.0000	0.0000
49	106	0.1752	8	2	1	1	0	0	0	0	0	Y	N	N	N	N	N	N	N	N	N	N	N	0.0000	0.0000	0.0000	0.0000	0.0000	0.0000	0.0000	0.0000	0.0000	0.0000	0.0000	0.0000	0.0000	0.0000	0.0000	0.0000	0.0000	0.0000	0.0000	0.0000	0.0003	1.0000	1.0311	1.0000	0.0000	0.0000	0.0000	0.0000	0.0000	0.0000	0.0000	0.0000	0.0000	0.0000	0.0000	0.0000	0.0000	0.0000	0.0000	0.0000	0.0000	0.0000	0.0000	0.0000	0.0000	0.0000	0.0000	0.0000	0.0000	0.0000	0.0000	0.0048	0.0030	0.0017	0.0016	0.0013	0.0003	0.0032	0.0017	0.0014	0.0000	0.0000	0.0000	0.0000	0.0000	0.0000	0.0000	0.0000	0.0000	0.0000	0.0000	0.0000	0.0000	0.0000	0.0000	0.0000	0.0000	0.0000											
49	107	0.1711	7	2	1	1	0	0	0	0	0	Y	N	N	N	N	N	N	N	N	N	N	N	0.0000	0.0000	0.0000	0.0000	0.0000	0.0000	0.0000	0.0000	0.0000	0.0000	0.0000	0.0000	0.0000	0.0000	0.0000	0.0000	0.0000	0.0000	0.0000	0.0000	0.0003	0.0000	1.0311	0.9999	0.0000	0.0000	0.0000	0.0000	0.0000	0.0000	0.0000	0.0000	0.0000	0.0000	0.0000	0.0000	0.0000	0.0000	0.0000	0.0000	0.0000	0.0000	0.0000	0.0000	0.0000	0.0000	0.0000	0.0000	0.0000	0.0000	0.0000	0.0024	0.0015	0.0009	0.0007	0.0005	0.0001	0.0017	0.0009	0.0008	0.0000	0.0000	0.0000	0.0000	0.0000	0.0000	0.0000	0.0000	0.0000	0.0000	0.0000	0.0000	0.0000	0.0000	0.0000	0.0000	0.0000	0.0000											
49	108	0.1503	6	2	1	1	0	0	0	0	0	Y	N	N	N	N	N	N	N	N	N	N	N	201.6226	5.9057	inf	46.2385	13.7852	inf	326.9387	0.0000	inf	0.1018	0.0046	0.3783	0.0224	0.0076	0.9656	0.1681	0.0000	0.3620	0.0005	0.0008	0.0000	0.0005	0.0005	0.0000	0.0005	0.0009	0.0000	29.0078	0.0000	0.0000	-0.0000	0.0003	0.0100	1.0311	4.8896	0.0000	0.0000	0.0000	0.0000	0.0000	0.0000	0.0000	0.0000	0.0000	0.0000	0.0000	0.0000	0.0000	0.0000	0.0000	0.0000	0.0000	0.0000	0.0000	0.0000	0.0000	0.0000	0.0000	0.0000	0.0000	0.0000	0.0000	0.0170	0.0111	0.0059	0.0052	0.0046	0.0006	0.0118	0.0065	0.0053	201.6226	5.9057	inf	46.2385	13.7852	inf	326.9387	0.0000	inf	0.0005	0.0008	0.0000	0.0005	0.0005	0.0000	0.0005	0.0009	0.0000
49	109	0.1402	5	1	1	1	0	0	0	0	0	N	N	N	N	N	N	N	N	N	N	N	N	106.4126	11.3383	296.5174	inf	inf	inf	140.9581	0.0000	266.9975	0.0757	0.0049	0.3352	0.0204	0.0091	0.9587	0.1177	0.0000	0.3198	0.0007	0.0004	0.0011	0.0000	0.0000	0.0000	0.0008	0.0005	0.0012	18.5468	1.7161	0.0000	0.0000	0.0003	1.0007	1.0311	1.4004	0.0000	0.0000	0.0000	0.0000	0.0000	0.0000	0.0000	0.0000	0.0000	0.0000	0.0000	0.0000	0.0000	0.0000	0.0000	0.0000	0.0000	0.0000	0.0000	0.0000	0.0000	0.0000	0.0000	0.0000	0.0000	0.0000	0.0000	0.0055	0.0033	0.0022	0.0008	0.0007	0.0001	0.0047	0.0026	0.0021	106.4126	11.3383	296.5174	inf	inf	inf	140.9581	0.0000	266.9975	0.0007	0.0004	0.0011	0.0000	0.0000	0.0000	0.0008	0.0005	0.0012
49	110	0.1269	4	1	0	1	0	0	0	0	0	N	N	N	N	N	N	N	N	N	N	N	N	2834.9719	3132.8872	2285.3790	1082.0457	1752.5066	97.6153	inf	inf	0.2842	0.2896	0.2571	0.5435	0.5521	0.2121	0.0738	0.0000	0.2603	0.0001	0.0001	0.0001	0.0005	0.0003	0.0022	0.0000	0.0000	0.0000	0.1791	0.7735	-0.0000	-0.0000	0.0003	0.3039	1.0311	2.8719	0.0000	0.0000	0.0000	0.0000	0.0000	0.0000	0.0000	0.0000	0.0000	0.0000	0.0000	0.0000	0.0000	0.0000	0.0000	0.0000	0.0000	0.0000	0.0000	0.0000	0.0000	0.0000	0.0000	0.0000	0.0000	0.0000	0.0000	0.0086	0.0053	0.0033	0.0017	0.0015	0.0002	0.0069	0.0037	0.0032	2834.9719	3132.8872	2285.3790	1082.0457	1752.5066	97.6153	inf	0.0000	inf	0.0001	0.0001	0.0001	0.0005	0.0003	0.0022	0.0000	0.0000	0.0000	
49	111	0.0744	3	1	0	1	0	0	0	0	0	N	N	N	N	N	N	N	N	N	N	N	N	285.9905	89.0398	6136.2964	81.4145	64.7148	inf	405.6602	0.0000	5551.1401	0.0097	0.0046	0.0481	0.0112	0.0103	0.6717	0.0087	0.0000	0.0450	0.0000	0.0001	0.0000	0.0001	0.0002	0.0000	0.0000	0.0000	0.0000	1.3802	0.1038	0.0000	-0.0000	0.0003	3.8240	1.0311	8.1760	0.0000	0.0000	0.0000	0.0000	0.0000	0.0000	0.0000	0.0000	0.0000	0.0000	0.0000	0.0000	0.0000	0.0000	0.0000	0.0000	0.0000	0.0000	0.0001	0.0001	0.0000	0.0000	0.0000	0.0000	0.0000	0.0000	0.0000	0.0254	0.0151	0.0104	0.0027	0.0024	0.0004	0.0227	0.0127	0.0100	285.9905	89.0398	6136.2964	81.4145	64.7148	inf	405.6602	0.0000	5551.1401	0.0000	0.0001	0.0000	0.0001	0.0002	0.0000	0.0000	0.0000	0.0000
49	115	0.2670	6	1	0	1	0	0	0	0	0	N	N	N	N	N	N	N	N	N	N	N	N	4.3424	9.6151	0.3060	0.9703	3.3972	0.0080	2.1190	0.0012	3.9334	0.9805	1.2701	0.1288	2.0816	2.1262	0.0081	0.0599	0.0000	0.1335	0.2258	0.1321	0.4209	2.1453	0.6259	1.0045	0.0283	0.0246	0.0340	0.0345	0.8627	-0.0001	-0.0013	0.0003	8.9918	1.0311	13.3277	0.0003	0.0003	0.0000	0.0003	0.0003	0.0000	0.0000	0.0000	0.0000	0.0165	0.0089	0.0076	0.0153	0.0082	0.0071	0.0012	0.0007	0.0006	0.0003	0.0002	0.0001	0.0001	0.0001	0.0000	0.0001	0.0001	0.0001	0.0922	0.0671	0.0252	0.0483	0.0403	0.0080	0.0440	0.0268	0.0172	5.4800	9.6151	0.4240	6.5831	10.4387	0.0091	2.1190	0.0012	3.9334	0.1789	0.1321	0.3038	0.3162	0.2037	0.8821	0.0283	0.0246	0.0340
50	51	0.1737	4	2	2	1	0	0	0	0	0	Y	Y	N	N	N	N	N	N	N	N	N	N	0.0000	0.0000	0.0000	0.0000	0.0000	0.0000	0.0000	0.0000	0.0000	0.0000	0.0000	0.0000	0.0000	0.0000	0.0000	0.0000	0.0000	0.0000	0.0000	0.0000	0.0003	0.0000	1.0126	1.0000	0.0000	0.0000	0.0000	0.0000	0.0000	0.0000	0.0000	0.0000	0.0000	0.0000	0.0000	0.0000	0.0000	0.0000	0.0000	0.0000	0.0000	0.0000	0.0000	0.0000	0.0000	0.0000	0.0000	0.0000	0.0000	0.0000	0.0000	0.0022	0.0014	0.0008	0.0005	0.0004	0.0001	0.0017	0.0010	0.0008	0.0000	0.0000	0.0000	0.0000	0.0000	0.0000	0.0000	0.0000	0.0000	0.0000	0.0000	0.0000	0.0000	0.0000	0.0000	0.0000	0.0000	0.0000											
50	52	0.1698	7	1	2	1	1	0	0	0	0	N	Y	N	N	N	N	N	N	N	N	N	N	0.0000	0.0000	0.0000	0.0000	0.0000	0.0000	0.0000	0.0000	0.0000	0.0000	0.0000	0.0000	0.0000	0.0000	0.0000	0.0000	0.0000	0.0000	0.0000	-0.0000	0.0003	0.9995	1.0126	1.0399	0.0000	0.0000	0.0000	0.0000	0.0000	0.0000	0.0000	0.0000	0.0000	0.0000	0.0000	0.0000	0.0000	0.0000	0.0000	0.0000	0.0000	0.0000	0.0000	0.0000	0.0000	0.0000	0.0000	0.0000	0.0000	0.0000	0.0000	0.0064	0.0044	0.0020	0.0017	0.0016	0.0002	0.0047	0.0028	0.0018	0.0000	0.0000	0.0000	0.0000	0.0000	0.0000	0.0000	0.0000	0.0000	0.0000	0.0000	0.0000	0.0000	0.0000	0.0000	0.0000	0.0000	0.0000											
50	53	0.1698	7	1	1	1	1	0	0	0	0	N	N	N	N	N	N	N	N	N	N	N	N	0.0000	0.0000	0.0000	0.0000	0.0000	0.0000	0.0000	0.0000	0.0000	0.0000	0.0000	0.0000	0.0000	0.0000	0.0000	0.0000	0.0000	0.0000	0.0000	0.0000	0.0003	3.0005	1.0126	1.0125	0.0000	0.0000	0.0000	0.0000	0.0000	0.0000	0.0000	0.0000	0.0000	0.0000	0.0000	0.0000	0.0000	0.0000	0.0000	0.0000	0.0000	0.0000	0.0001	0.0000	0.0000	0.0000	0.0000	0.0000	0.0000	0.0000	0.0000	0.0108	0.0071	0.0037	0.0026	0.0023	0.0003	0.0083	0.0048	0.0034	0.0000	0.0000	0.0000	0.0000	0.0000	0.0000	0.0000	0.0000	0.0000	0.0000	0.0000	0.0000	0.0000	0.0000	0.0000	0.0000	0.0000	0.0000											
50	54	0.1616	6	1	1	1	1	0	0	0	0	N	N	N	N	N	N	N	N	N	N	N	N	0.0000	0.0000	0.0000	0.0000	0.0000	0.0000	0.0000	0.0000	0.0000	0.0000	0.0000	0.0000	0.0000	0.0000	0.0000	0.0000	0.0000	0.0000	0.0000	0.0000	0.0003	0.0013	1.0126	1.9704	0.0000	0.0000	0.0000	0.0000	0.0000	0.0000	0.0000	0.0000	0.0000	0.0000	0.0000	0.0000	0.0000	0.0000	0.0000	0.0000	0.0000	0.0000	0.0000	0.0000	0.0000	0.0000	0.0000	0.0000	0.0000	0.0000	0.0000	0.0046	0.0028	0.0018	0.0007	0.0006	0.0001	0.0039	0.0022	0.0017	0.0000	0.0000	0.0000	0.0000	0.0000	0.0000	0.0000	0.0000	0.0000	0.0000	0.0000	0.0000	0.0000	0.0000	0.0000	0.0000	0.0000	0.0000											
50	55	0.1308	5	1	1	1	1	0	0	0	0	N	N	N	N	N	N	N	N	N	N	N	N	0.0000	0.0000	0.0000	0.0000	0.0000	0.0000	0.0000	0.0000	0.0000	0.0000	0.0000	0.0000	0.0000	0.0000	0.0000	0.0000	0.0000	0.0000	0.0000	0.0000	0.0003	3.0000	1.0126	4.0155	0.0000	0.0000	0.0000	0.0000	0.0000	0.0000	0.0000	0.0000	0.0000	0.0000	0.0000	0.0000	0.0000	0.0000	0.0000	0.0000	0.0000	0.0000	0.0001	0.0000	0.0000	0.0000	0.0000	0.0000	0.0000	0.0000	0.0000	0.0156	0.0094	0.0061	0.0026	0.0022	0.0004	0.0130	0.0073	0.0057	0.0000	0.0000	0.0000	0.0000	0.0000	0.0000	0.0000	0.0000	0.0000	0.0000	0.0000	0.0000	0.0000	0.0000	0.0000	0.0000	0.0000	0.0000											
50	56	0.0514	4	1	2	2	0	0	0	0	0	N	Y	Y	N	N	N	N	N	N	N	N	N	17.7478	13.7567	8.2693	7.8635	0.0169	0.0197	0.0000	0.0398	0.0406	0.0000	0.0000	0.0000	0.0000	0.0010	0.0014	0.0000	0.0048	0.0052	0.0000	0.0000	0.0000	0.0000	0.0000	0.0000	-0.0000	-0.0000	0.0003	2.0013	1.0126	5.6727	0.0000	0.0000	0.0000	0.0000	0.0000	0.0000	0.0000	0.0000	0.0000	0.0000	0.0000	0.0000	0.0000	0.0000	0.0000	0.0000	0.0000	0.0000	0.0000	0.0000	0.0000	0.0000	0.0000	0.0000	0.0000	0.0000	0.0000	0.0210	0.0139	0.0071	0.0042	0.0039	0.0003	0.0168	0.0101	0.0068	17.7478	13.7567	0.0000	8.2693	7.8635	0.0000	0.0000	0.0000	0.0000	0.0010	0.0014	0.0000	0.0048	0.0052	0.0000	0.0000	0.0000	0.0000					
50	57	0.0477	3	1	2	1	0	0	0	0	0	N	Y	N	N	N	N	N	N	N	N	N	N	704778.3097	31667.1170	8732274.4447	54148.0650	19557.9678	inf	14414981.0511	8219526.9773	4.0395	0.2263	11.5430	0.8704	0.3211	20.0817	6.9713	0.0000	11.1905	0.0000	0.0000	0.0000	0.0000	0.0000	0.0000	0.0000	0.0000	0.0000	25.9269	0.0593	0.0000	-0.0000	0.0003	0.0033	1.0126	1.3874	0.0000	0.0000	0.0000	0.0000	0.0000	0.0000	0.0000	0.0000	0.0000	0.0000	0.0000	0.0000	0.0000	0.0000	0.0000	0.0000	0.0000	0.0000	0.0000	0.0000	0.0000	0.0000	0.0000	0.0000	0.0000	0.0000	0.0000	0.0075	0.0057	0.0018	0.0025	0.0025	0.0001	0.0050	0.0032	0.0018	704778.3097	31667.1170	8732274.4447	54148.0650	19557.9678	inf	14414981.0511	0.0000	8219526.9773	0.0000	0.0000	0.0000	0.0000	0.0000	0.0000	0.0000	0.0000	0.0000	
50	58	0.0326	2	2	1	2	0	0	0	0	0	Y	N	Y	N	N	N	N	N	N	N	N	N	0.0000	0.0000	0.0000	0.0000	0.0000	0.0000	0.0000	0.0000	0.0000	0.0000	0.0000	0.0000	0.0000	0.0000	0.0000	0.0000	0.0000	0.0000	0.0000	0.0000	0.0003	0.0000	1.0126	2.0000	0.0000	0.0000	0.0000	0.0000	0.0000	0.0000	0.0000	0.0000	0.0000	0.0000	0.0000	0.0000	0.0000	0.0000	0.0000	0.0000	0.0000	0.0000	0.0000	0.0000	0.0000	0.0000	0.0000	0.0000	0.0000	0.0000	0.0000	0.0045	0.0027	0.0018	0.0004	0.0003	0.0000	0.0042	0.0024	0.0017	0.0000	0.0000	0.0000	0.0000	0.0000	0.0000	0.0000	0.0000	0.0000	0.0000	0.0000	0.0000	0.0000	0.0000	0.0000	0.0000	0.0000	0.0000											
50	59	0.0477	3	1	2	1	0	0	0	0	0	N	Y	N	N	N	N	N	N	N	N	N	N	4665.0694	inf	0.0000	inf	inf	0.0000	0.0000	0.0007	0.0008	0.0000	0.0017	0.0017	0.0000	0.0000	0.0000	0.0000	0.0000	0.0000	0.0000	0.0000	0.0000	0.0000	0.0000	0.0000	0.0000	0.0000	inf	-0.0000	0.0000	0.0003	1.9997	1.0126	3.4660	0.0000	0.0000	0.0000	0.0000	0.0000	0.0000	0.0000	0.0000	0.0000	0.0000	0.0000	0.0000	0.0000	0.0000	0.0000	0.0000	0.0000	0.0000	0.0000	0.0000	0.0000	0.0000	0.0000	0.0000	0.0000	0.0000	0.0000	0.0161	0.0109	0.0052	0.0034	0.0032	0.0002	0.0127	0.0077	0.0050	4665.0694	inf	0.0000	inf	inf	0.0000	0.0000	0.0000	0.0000	0.0000	0.0000	0.0000	0.0000	0.0000	0.0000	0.0000	0.0000	0.0000		
50	60	0.0326	2	1	2	1	0	0	0	0	0	N	Y	N	N	N	N	N	N	N	N	N	N	9136181.5267	0.0000	inf	120303.8045	0.0000	inf	inf	2.7279	0.0000	22.1407	0.4493	0.0000	inf	4.3695	0.0000	22.0747	0.0000	0.0000	0.0000	0.0000	0.0000	0.0000	0.0000	0.0000	inf	0.0000	0.0000	-0.0000	0.0003	0.0005	1.0126	3.6054	0.0000	0.0000	0.0000	0.0000	0.0000	0.0000	0.0000	0.0000	0.0000	0.0000	0.0000	0.0000	0.0000	0.0000	0.0000	0.0000	0.0000	0.0000	0.0000	0.0000	0.0000	0.0000	0.0000	0.0000	0.0000	0.0000	0.0000	0.0080	0.0049	0.0032	0.0006	0.0006	0.0001	0.0074	0.0043	0.0031	9136181.5267	0.0000	inf	120303.8045	0.0000	inf	inf	0.0000	inf	0.0000	0.0000	0.0000	0.0000	0.0000	0.0000	0.0000	0.0000	0.0000			
50	61	0.2019	7	1	1	2	0	0	0	0	0	N	N	Y	N	N	N	N	N	N	N	N	N	0.0000	0.0000	0.0000	0.0000	0.0000	0.0000	0.0000	0.0000	0.0000	0.0000	0.0000	0.0000	0.0000	0.0000	0.0000	0.0000	0.0000	0.0000	0.0000	0.0000	0.0003	0.0000	1.0126	1.0000	0.0000	0.0000	0.0000	0.0000	0.0000	0.0000	0.0000	0.0000	0.0000	0.0000	0.0000	0.0000	0.0000	0.0000	0.0000	0.0000	0.0000	0.0000	0.0000	0.0000	0.0000	0.0000	0.0000	0.0000	0.0000	0.0000	0.0000	0.0022	0.0013	0.0008	0.0005	0.0004	0.0001	0.0016	0.0009	0.0007	0.0000	0.0000	0.0000	0.0000	0.0000	0.0000	0.0000	0.0000	0.0000	0.0000	0.0000	0.0000	0.0000	0.0000	0.0000	0.0000	0.0000	0.0000											
50	62	0.1976	6	1	1	1	0	0	0	0	0	N	N	N	N	N	N	N	N	N	N	N	N	0.0000	0.0000	0.0000	0.0000	0.0000	0.0000	0.0000	0.0000	0.0000	0.0000	0.0000	0.0000	0.0000	0.0000	0.0000	0.0000	0.0000	0.0000	0.0000	0.0000	0.0003	0.0001	1.0126	1.0076	0.0000	0.0000	0.0000	0.0000	0.0000	0.0000	0.0000	0.0000	0.0000	0.0000	0.0000	0.0000	0.0000	0.0000	0.0000	0.0000	0.0000	0.0000	0.0000	0.0000	0.0000	0.0000	0.0000	0.0000	0.0000	0.0000	0.0000	0.0028	0.0018	0.0009	0.0008	0.0007	0.0001	0.0020	0.0011	0.0008	0.0000	0.0000	0.0000	0.0000	0.0000	0.0000	0.0000	0.0000	0.0000	0.0000	0.0000	0.0000	0.0000	0.0000	0.0000	0.0000	0.0000	0.0000											
50	63	0.1308	5	1	1	1	0	0	0	0	0	N	N	N	N	N	N	N	N	N	N	N	N	0.0000	0.0000	0.0000	0.0000	0.0000	0.0000	0.0000	0.0000	0.0000	0.0000	0.0000	0.0000	0.0000	0.0000	0.0000	0.0000	0.0000	0.0000	0.0000	0.0000	0.0003	11.9999	1.0126	3.0574	0.0000	0.0000	0.0000	0.0000	0.0000	0.0000	0.0000	0.0000	0.0000	0.0000	0.0000	0.0000	0.0000	0.0000	0.0000	0.0000	0.0000	0.0000	0.0002	0.0002	0.0000	0.0001	0.0001	0.0000	0.0001	0.0001	0.0000	0.0310	0.0188	0.0122	0.0052	0.0043	0.0009	0.0259	0.0146	0.0113	0.0000	0.0000	0.0000	0.0000	0.0000	0.0000	0.0000	0.0000	0.0000	0.0000	0.0000	0.0000	0.0000	0.0000	0.0000	0.0000	0.0000	0.0000											
50	64	0.0326	2	2	2	1	0	0	0	0	0	Y	Y	N	N	N	N	N	N	N	N	N	N	0.0000	0.0000	0.0000	0.0000	0.0000	0.0000	0.0000	0.0000	0.0000	0.0000	0.0000	0.0000	0.0000	0.0000	0.0000	0.0000	0.0000	0.0000	0.0000	0.0000	0.0003	4.0000	1.0126	3.0000	0.0000	0.0000	0.0000	0.0000	0.0000	0.0000	0.0000	0.0000	0.0000	0.0000	0.0000	0.0000	0.0000	0.0000	0.0000	0.0000	0.0000	0.0000	0.0001	0.0001	0.0000	0.0000	0.0000	0.0000	0.0000	0.0000	0.0000	0.0152	0.0093	0.0060	0.0012	0.0011	0.0001	0.0140	0.0082	0.0058	0.0000	0.0000	0.0000	0.0000	0.0000	0.0000	0.0000	0.0000	0.0000	0.0000	0.0000	0.0000	0.0000	0.0000	0.0000	0.0000	0.0000	0.0000											
50	65	0.0744	3	1	1	1	0	0	0	0	0	N	N	N	N	N	N	N	N	N	N	N	N	inf	inf	inf	inf	inf	inf	0.0101	0.0000	0.0811	0.0017	0.0000	0.8009	0.0158	0.0000	0.0760	0.0000	0.0000	0.0000	0.0000	0.0000	0.0000	0.0000	0.0000	0.0000	inf	0.0000	0.0000	0.0003	2.0015	1.0126	10.0016	0.0000	0.0000	0.0000	0.0000	0.0000	0.0000	0.0000	0.0000	0.0000	0.0000	0.0000	0.0000	0.0000	0.0000	0.0000	0.0000	0.0000	0.0000	0.0000	0.0000	0.0000	0.0000	0.0000	0.0000	0.0000	0.0000	0.0000	0.0250	0.0148	0.0102	0.0027	0.0023	0.0004	0.0223	0.0125	0.0098	inf	0.0000	inf	inf	0.0000	inf	inf	0.0000	inf	0.0000	0.0000	0.0000	0.0000	0.0000	0.0000	0.0000	0.0000	0.0000				
50	67	0.2292	5	1	1	1	0	0	0	0	0	N	N	N	N	N	N	N	N	N	N	N	N	1.0190	0.0000	333543.4129	0.3130	0.0000	inf	1.1982	0.0000	228838.5745	0.0708	0.0000	0.3610	0.0121	0.0000	1.0246	0.1157	0.0000	0.3431	0.0695	0.0985	0.0000	0.0388	0.0471	0.0000	0.0966	0.1609	0.0000	inf	0.0000	0.0000	-0.0027	0.0003	4.8614	1.0126	14.2102	0.0000	0.0000	0.0000	0.0000	0.0000	0.0000	0.0000	0.0000	0.0000	0.0051	0.0051	0.0000	0.0013	0.0013	0.0000	0.0038	0.0038	0.0000	0.0001	0.0001	0.0000	0.0001	0.0001	0.0000	0.0001	0.0000	0.0000	0.0732	0.0516	0.0216	0.0344	0.0283	0.0061	0.0389	0.0233	0.0155	1.0190	0.0000	333543.4129	0.3130	0.0000	inf	1.1982	0.0000	228838.5745	0.0695	0.0985	0.0000	0.0388	0.0471	0.0000	0.0966	0.1609	0.0000
50	68	0.0664	5	2	2	2	0	0	0	0	0	Y	Y	Y	N	N	N	N	N	N	N	N	N	0.0000	0.0000	0.0000	0.0000	0.0000	0.0000	0.0000	0.0000	0.0000	0.0000	0.0000	0.0000	0.0000	0.0000	0.0000	0.0000	0.0000	0.0000	0.0000	0.0000	0.0003	0.0000	1.0126	0.0000	0.0000	0.0000	0.0000	0.0000	0.0000	0.0000	0.0000	0.0000	0.0000	0.0000	0.0000	0.0000	0.0000	0.0000	0.0000	0.0000	0.0000	0.0000	0.0000	0.0000	0.0000	0.0000	0.0000	0.0000	0.0000	0.0000	0.0000	0.0000	0.0000	0.0000	0.0000	0.0000	0.0000	0.0000	0.0000	0.0000	0.0000	0.0000	0.0000	0.0000	0.0000	0.0000	0.0000	0.0000	0.0000	0.0000	0.0000	0.0000	0.0000	0.0000	0.0000	0.0000	0.0000	0.0000											
50	69	0.0623	4	2	1	2	0	0	0	0	0	Y	N	Y	N	N	N	N	N	N	N	N	N	0.3365	0.2908	0.0040	0.0044	0.2401	0.4511	0.0000	0.4666	0.4823	0.0000	0.0000	0.0000	0.0000	0.7134	1.5514	0.0000	115.7464	109.5182	0.0000	0.0000	0.0000	0.0000	0.0000	0.0000	-0.0000	-0.0006	0.0003	0.0016	1.0126	0.9826	0.0000	0.0000	0.0000	0.0000	0.0000	0.0000	0.0000	0.0000	0.0000	0.0011	0.0011	0.0000	0.0011	0.0011	0.0000	0.0000	0.0000	0.0000	0.0000	0.0000	0.0000	0.0000	0.0000	0.0000	0.0000	0.0000	0.0000	0.0024	0.0015	0.0009	0.0003	0.0003	0.0000	0.0021	0.0012	0.0009	0.5508	0.6400	0.0000	0.1286	0.1228	0.0000	0.0000	0.0000	0.0000	0.4359	0.7049	0.0000	3.6280	3.9286	0.0000	0.0000	0.0000	0.0000					
50	70	0.0496	3	2	1	2	0	0	0	0	0	Y	N	Y	N	N	N	N	N	N	N	N	N	11.1478	5.0915	23.7777	11.4882	1.4997	inf	18.4876	22.7166	1.7697	0.0222	12.2148	0.3131	0.0433	17.6541	2.9436	0.0000	11.9422	0.1587	0.0044	0.5137	0.0273	0.0288	0.0000	0.1592	0.0000	0.5257	92.0847	53.0557	0.0000	0.0005	0.0003	0.0061	1.0126	3.0249	0.0000	0.0000	0.0000	0.0000	0.0000	0.0000	0.0000	0.0000	0.0000	0.0011	0.0000	0.0011	0.0000	0.0000	0.0000	0.0011	0.0000	0.0011	0.0000	0.0000	0.0000	0.0000	0.0000	0.0000	0.0000	0.0000	0.0000	0.0074	0.0046	0.0028	0.0007	0.0007	0.0000	0.0067	0.0039	0.0028	12.1101	5.0915	32.3425	11.4882	1.4997	inf	18.4876	0.0000	31.1655	0.1461	0.0044	0.3777	0.0273	0.0288	0.0000	0.1592	0.0000	0.3832	
50	71	0.0326	2	2	1	2	0	0	0	0	0	Y	N	Y	N	N	N	N	N	N	N	N	N	17.2061	54.7540	25.3555	53.4097	0.0384	0.0000	0.3117	0.0000	0.0000	0.0000	0.0615	0.0000	0.3108	0.0022	0.0000	0.0057	0.0000	0.0000	0.0000	0.0024	0.0000	0.0058	inf	inf	0.0000	0.0000	0.0003	0.0044	1.0126	4.0281	0.0000	0.0000	0.0000	0.0000	0.0000	0.0000	0.0000	0.0000	0.0000	0.0000	0.0000	0.0000	0.0000	0.0000	0.0000	0.0000	0.0000	0.0000	0.0000	0.0000	0.0000	0.0000	0.0000	0.0000	0.0000	0.0000	0.0000	0.0090	0.0054	0.0035	0.0007	0.0006	0.0001	0.0082	0.0048	0.0034	17.2061	0.0000	54.7540	0.0000	0.0000	0.0000	25.3555	0.0000	53.4097	0.0022	0.0000	0.0057	0.0000	0.0000	0.0000	0.0024	0.0000	0.0058					
50	72	0.0744	3	1	2	1	0	0	0	0	0	N	Y	N	N	N	N	N	N	N	N	N	N	inf	inf	inf	inf	2.6671	3.0049	0.0000	6.7141	6.7215	0.0000	0.0000	0.0000	0.0000	0.0000	0.0000	0.0000	0.0000	0.0000	0.0000	0.0000	0.0000	0.0000	0.0000	-0.0001	0.0000	0.0003	5.9987	1.0126	11.0016	0.0003	0.0003	0.0000	0.0003	0.0003	0.0000	0.0000	0.0000	0.0000	0.0000	0.0000	0.0000	0.0000	0.0000	0.0000	0.0000	0.0000	0.0000	0.0001	0.0001	0.0000	0.0000	0.0000	0.0000	0.0001	0.0001	0.0000	0.0341	0.0203	0.0138	0.0037	0.0032	0.0005	0.0304	0.0171	0.0133	inf	inf	0.0000	inf	inf	0.0000	0.0000	0.0000	0.0000	0.0000	0.0000	0.0000	0.0000	0.0000	0.0000	0.0000	0.0000	0.0000						
50	73	0.0326	2	2	1	2	0	0	0	0	0	Y	N	Y	N	N	N	N	N	N	N	N	N	inf	inf	inf	inf	inf	inf	8.7263	0.0000	72.0099	1.4391	0.0000	76.1644	13.9644	0.0000	71.7201	0.0000	0.0000	0.0000	0.0000	0.0000	0.0000	0.0000	0.0000	0.0000	inf	0.0002	0.0000	0.0003	2.0000	1.0126	5.0000	0.0003	0.0000	0.0003	0.0000	0.0000	0.0000	0.0003	0.0000	0.0003	0.0000	0.0000	0.0000	0.0000	0.0000	0.0000	0.0000	0.0000	0.0000	0.0000	0.0000	0.0000	0.0000	0.0000	0.0000	0.0000	0.0000	0.0000	0.0152	0.0093	0.0060	0.0012	0.0011	0.0001	0.0140	0.0082	0.0058	inf	0.0000	inf	inf	0.0000	inf	inf	0.0000	inf	0.0000	0.0000	0.0000	0.0000	0.0000	0.0000	0.0000	0.0000	0.0000				
50	74	0.1162	5	1	2	1	0	0	0	0	0	N	Y	N	N	N	N	N	N	N	N	N	N	172.0514	0.0000	3027.9817	9.5219	0.0000	679.6061	491.9528	0.0000	15282.3356	0.0916	0.0000	0.4223	0.0147	0.0000	1.1785	0.1501	0.0000	0.4030	0.0005	0.0008	0.0001	0.0015	0.0015	0.0017	0.0003	0.0005	0.0000	inf	0.1080	0.0000	-0.0000	0.0003	6.1274	1.0126	13.6208	0.0000	0.0000	0.0000	0.0000	0.0000	0.0000	0.0000	0.0000	0.0000	0.0000	0.0000	0.0000	0.0000	0.0000	0.0000	0.0000	0.0000	0.0000	0.0002	0.0001	0.0000	0.0001	0.0001	0.0000	0.0001	0.0001	0.0000	0.0416	0.0261	0.0155	0.0076	0.0066	0.0010	0.0340	0.0195	0.0145	172.0514	0.0000	3027.9817	9.5219	0.0000	679.6061	491.9528	0.0000	15282.3356	0.0005	0.0008	0.0001	0.0015	0.0015	0.0017	0.0003	0.0005	0.0000
50	75	0.1407	8	1	1	2	0	0	0	0	0	N	N	Y	N	N	N	N	N	N	N	N	N	0.0000	0.0000	0.0000	0.0000	0.0000	0.0000	0.0000	0.0000	0.0000	0.0000	0.0000	0.0000	0.0000	0.0000	0.0000	0.0000	0.0000	0.0000	0.0000	0.0000	0.0003	0.0000	1.0126	1.0003	0.0000	0.0000	0.0000	0.0000	0.0000	0.0000	0.0000	0.0000	0.0000	0.0000	0.0000	0.0000	0.0000	0.0000	0.0000	0.0000	0.0000	0.0000	0.0000	0.0000	0.0000	0.0000	0.0000	0.0000	0.0000	0.0000	0.0000	0.0022	0.0014	0.0008	0.0004	0.0003	0.0001	0.0019	0.0011	0.0008	0.0000	0.0000	0.0000	0.0000	0.0000	0.0000	0.0000	0.0000	0.0000	0.0000	0.0000	0.0000	0.0000	0.0000	0.0000	0.0000	0.0000	0.0000											
50	76	0.1366	7	1	1	2	0	0	0	0	0	N	N	Y	N	N	N	N	N	N	N	N	N	0.0000	0.0000	0.0000	0.0000	0.0000	0.0000	0.0000	0.0000	0.0000	0.0000	0.0000	0.0000	0.0000	0.0000	0.0000	0.0000	0.0000	0.0000	0.0000	0.0000	0.0003	0.0000	1.0126	1.0076	0.0000	0.0000	0.0000	0.0000	0.0000	0.0000	0.0000	0.0000	0.0000	0.0000	0.0000	0.0000	0.0000	0.0000	0.0000	0.0000	0.0000	0.0000	0.0000	0.0000	0.0000	0.0000	0.0000	0.0000	0.0000	0.0000	0.0000	0.0022	0.0014	0.0008	0.0004	0.0003	0.0001	0.0019	0.0011	0.0008	0.0000	0.0000	0.0000	0.0000	0.0000	0.0000	0.0000	0.0000	0.0000	0.0000	0.0000	0.0000	0.0000	0.0000	0.0000	0.0000	0.0000	0.0000											
50	77	0.1325	6	1	1	1	0	0	0	0	0	N	N	N	N	N	N	N	N	N	N	N	N	inf	inf	inf	inf	0.2334	0.4301	0.0000	0.4552	0.4704	0.0000	0.0000	0.0000	0.0000	0.0000	0.0000	0.0000	0.0000	0.0000	0.0000	0.0000	0.0000	0.0000	0.0000	-0.0000	0.0000	0.0003	0.0026	1.0126	0.9924	0.0000	0.0000	0.0000	0.0000	0.0000	0.0000	0.0000	0.0000	0.0000	0.0000	0.0000	0.0000	0.0000	0.0000	0.0000	0.0000	0.0000	0.0000	0.0000	0.0000	0.0000	0.0000	0.0000	0.0000	0.0000	0.0000	0.0000	0.0022	0.0014	0.0008	0.0004	0.0003	0.0001	0.0018	0.0011	0.0008	inf	inf	0.0000	inf	inf	0.0000	0.0000	0.0000	0.0000	0.0000	0.0000	0.0000	0.0000	0.0000	0.0000	0.0000	0.0000	0.0000						
50	78	0.1162	5	1	1	1	0	0	0	0	0	N	N	N	N	N	N	N	N	N	N	N	N	15562.0955	2260281.4020	0.7662	9738.6282	1177590.8209	0.0000	4.7609	3.9161	2.6618	3.7378	0.0004	5.8382	5.9499	0.0000	0.0002	0.0000	0.0004	0.0002	0.0000	0.0005	0.0006	0.0000	0.0069	0.0000	0.0000	0.0001	0.0000	156.4638	-0.0001	0.0000	0.0003	2.8733	1.0126	1.5522	0.0003	0.0003	0.0000	0.0003	0.0003	0.0000	0.0000	0.0000	0.0000	0.0000	0.0000	0.0000	0.0000	0.0000	0.0000	0.0000	0.0000	0.0000	0.0001	0.0001	0.0000	0.0000	0.0000	0.0000	0.0001	0.0000	0.0000	0.0127	0.0083	0.0044	0.0030	0.0027	0.0003	0.0097	0.0056	0.0041	15562.0955	2260281.4020	0.7662	9738.6282	1177590.8209	0.0000	4.7609	0.0000	3.9161	0.0002	0.0000	0.0005	0.0006	0.0000	0.0069	0.0000	0.0000	0.0001	
50	79	0.1040	4	1	1	1	0	0	0	0	0	N	N	N	N	N	N	N	N	N	N	N	N	392.5667	3826.7100	90.5169	214.4845	1786.0764	9.6774	611.3029	0.0000	312.7547	0.7117	0.8772	0.4833	1.0470	1.0492	0.9734	0.3775	0.0000	0.4659	0.0018	0.0002	0.0053	0.0049	0.0006	0.1006	0.0006	0.0000	0.0015	0.3991	10.4615	-0.0000	0.0000	0.0003	0.2102	1.0126	3.4985	0.0000	0.0000	0.0000	0.0000	0.0000	0.0000	0.0000	0.0000	0.0000	0.0000	0.0000	0.0000	0.0000	0.0000	0.0000	0.0000	0.0000	0.0000	0.0000	0.0000	0.0000	0.0000	0.0000	0.0000	0.0000	0.0000	0.0000	0.0137	0.0095	0.0043	0.0039	0.0037	0.0002	0.0099	0.0058	0.0041	392.5667	3826.7100	90.5169	214.4845	1786.0764	9.6774	611.3029	0.0000	312.7547	0.0018	0.0002	0.0053	0.0049	0.0006	0.1006	0.0006	0.0000	0.0015
50	80	0.1351	6	1	2	1	0	0	0	0	0	N	Y	N	N	N	N	N	N	N	N	N	N	0.0000	0.0000	0.0000	0.0000	0.0000	0.0000	0.0000	0.0000	0.0000	0.0000	0.0000	0.0000	0.0000	0.0000	0.0000	0.0000	0.0001	0.0000	0.0005	0.0000	0.0000	0.0000	inf	0.0000	0.0000	0.0003	2.0196	1.0126	6.0690	0.0000	0.0000	0.0000	0.0000	0.0000	0.0000	0.0000	0.0000	0.0000	0.0000	0.0000	0.0000	0.0000	0.0000	0.0000	0.0000	0.0000	0.0000	0.0000	0.0000	0.0000	0.0000	0.0000	0.0000	0.0000	0.0000	0.0000	0.0183	0.0113	0.0070	0.0034	0.0029	0.0005	0.0149	0.0084	0.0065	0.0000	0.0000	0.0000	0.0000	0.0000	0.0000	0.0000	0.0000	0.0000	0.0000	0.0000	0.0000	0.0001	0.0000	0.0005	0.0000	0.0000	0.0000						
50	81	0.1268	5	1	1	1	0	0	0	0	0	N	N	N	N	N	N	N	N	N	N	N	N	0.0000	0.0000	0.0000	0.0000	0.0000	0.0000	0.0000	0.0000	0.0000	0.0000	0.0000	0.0000	0.0000	0.0000	0.0000	0.0000	0.0001	0.0001	0.0000	0.0003	0.0004	0.0000	0.0000	0.0000	0.0000	0.0047	0.0000	-0.0000	0.0003	0.9876	1.0126	0.9833	0.0000	0.0000	0.0000	0.0000	0.0000	0.0000	0.0000	0.0000	0.0000	0.0000	0.0000	0.0000	0.0000	0.0000	0.0000	0.0000	0.0000	0.0000	0.0000	0.0000	0.0000	0.0000	0.0000	0.0000	0.0000	0.0000	0.0000	0.0046	0.0028	0.0018	0.0008	0.0006	0.0001	0.0038	0.0021	0.0017	0.0000	0.0000	0.0000	0.0000	0.0000	0.0000	0.0000	0.0000	0.0000	0.0001	0.0001	0.0000	0.0003	0.0004	0.0000	0.0000	0.0000	0.0000			
50	84	0.0744	3	1	2	1	1	0	0	0	0	N	Y	N	N	N	N	N	N	N	N	N	N	inf	inf	inf	inf	inf	inf	0.0028	0.0000	0.0257	0.0005	0.0000	0.5145	0.0044	0.0000	0.0240	0.0000	0.0000	0.0000	0.0000	0.0000	0.0000	0.0000	0.0000	0.0000	inf	0.0000	0.0000	0.0003	8.0013	1.0126	12.0015	0.0000	0.0000	0.0000	0.0000	0.0000	0.0000	0.0000	0.0000	0.0000	0.0000	0.0000	0.0000	0.0000	0.0000	0.0000	0.0000	0.0000	0.0000	0.0001	0.0001	0.0000	0.0001	0.0001	0.0000	0.0001	0.0001	0.0000	0.0392	0.0233	0.0158	0.0043	0.0037	0.0006	0.0349	0.0196	0.0153	inf	0.0000	inf	inf	0.0000	inf	inf	0.0000	inf	0.0000	0.0000	0.0000	0.0000	0.0000	0.0000	0.0000	0.0000	0.0000				
50	85	0.1308	5	1	2	1	0	0	0	0	0	N	Y	N	N	N	N	N	N	N	N	N	N	0.0000	0.0000	0.0000	0.0000	0.0000	0.0000	0.0000	0.0000	0.0000	0.0000	0.0000	0.0000	0.0000	0.0000	0.0000	0.0000	0.0000	0.0000	0.0000	0.0000	0.0003	1.0000	1.0126	6.9850	0.0000	0.0000	0.0000	0.0000	0.0000	0.0000	0.0000	0.0000	0.0000	0.0000	0.0000	0.0000	0.0000	0.0000	0.0000	0.0000	0.0000	0.0000	0.0000	0.0000	0.0000	0.0000	0.0000	0.0000	0.0000	0.0000	0.0000	0.0175	0.0106	0.0069	0.0029	0.0024	0.0005	0.0146	0.0082	0.0064	0.0000	0.0000	0.0000	0.0000	0.0000	0.0000	0.0000	0.0000	0.0000	0.0000	0.0000	0.0000	0.0000	0.0000	0.0000	0.0000	0.0000	0.0000											
50	86	0.1181	4	1	1	1	0	0	0	0	0	N	N	N	N	N	N	N	N	N	N	N	N	0.0000	0.0000	0.0000	0.0000	0.0000	0.0000	0.0000	0.0000	0.0000	0.0000	0.0000	0.0000	0.0000	0.0000	0.0000	0.0000	0.0000	0.0463	0.0772	0.0000	0.0089	0.0106	0.0007	0.0537	0.0967	0.0000	0.0004	0.0000	-0.0002	0.0003	1.0086	1.0126	2.0000	0.0000	0.0000	0.0000	0.0000	0.0000	0.0000	0.0000	0.0000	0.0000	0.0003	0.0003	0.0000	0.0000	0.0000	0.0000	0.0003	0.0003	0.0000	0.0000	0.0000	0.0000	0.0000	0.0000	0.0000	0.0000	0.0000	0.0000	0.0069	0.0041	0.0028	0.0011	0.0009	0.0002	0.0058	0.0032	0.0026	0.0000	0.0000	0.0000	0.0000	0.0000	0.0000	0.0000	0.0000	0.0000	0.0463	0.0772	0.0000	0.0089	0.0106	0.0007	0.0537	0.0967	0.0000		
50	87	0.0326	2	1	2	1	0	0	0	0	0	N	Y	N	N	N	N	N	N	N	N	N	N	inf	inf	inf	inf	inf	inf	4.4652	0.0000	37.4575	0.7373	0.0000	40.1379	7.1388	0.0000	37.2731	0.0000	0.0000	0.0000	0.0000	0.0000	0.0000	0.0000	0.0000	0.0000	inf	0.0002	0.0000	0.0003	4.0000	1.0126	7.0000	0.0003	0.0000	0.0003	0.0000	0.0000	0.0000	0.0003	0.0000	0.0003	0.0000	0.0000	0.0000	0.0000	0.0000	0.0000	0.0000	0.0000	0.0000	0.0001	0.0001	0.0000	0.0000	0.0000	0.0000	0.0000	0.0000	0.0000	0.0232	0.0141	0.0091	0.0019	0.0017	0.0002	0.0213	0.0124	0.0089	inf	0.0000	inf	inf	0.0000	inf	inf	0.0000	inf	0.0000	0.0000	0.0000	0.0000	0.0000	0.0000	0.0000	0.0000	0.0000				
50	89	0.1354	6	1	2	1	0	0	0	0	0	N	Y	N	N	N	N	N	N	N	N	N	N	0.0000	0.0000	0.0000	0.0000	0.0000	0.0000	0.0000	0.0000	0.0000	0.0000	0.0000	0.0000	0.0000	0.0000	0.0000	0.0000	0.0000	0.0000	0.0000	0.0000	0.0002	0.0000	0.0000	0.0000	inf	0.0000	0.0000	0.0003	0.0157	1.0126	9.0253	0.0000	0.0000	0.0000	0.0000	0.0000	0.0000	0.0000	0.0000	0.0000	0.0000	0.0000	0.0000	0.0000	0.0000	0.0000	0.0000	0.0000	0.0000	0.0000	0.0000	0.0000	0.0000	0.0000	0.0000	0.0000	0.0000	0.0000	0.0201	0.0123	0.0078	0.0040	0.0033	0.0007	0.0161	0.0090	0.0071	0.0000	0.0000	0.0000	0.0000	0.0000	0.0000	0.0000	0.0000	0.0000	0.0000	0.0000	0.0000	0.0000	0.0000	0.0002	0.0000	0.0000	0.0000				
50	90	0.1268	5	1	2	1	0	0	0	0	0	N	Y	N	N	N	N	N	N	N	N	N	N	0.0000	0.0000	0.0000	0.0000	0.0000	0.0000	0.0000	0.0000	0.0000	0.0000	0.0000	0.0000	0.0000	0.0000	0.0000	0.0000	0.0001	0.0001	0.0000	0.0004	0.0005	0.0000	0.0000	0.0000	0.0000	0.0037	0.0000	-0.0000	0.0003	0.0169	1.0126	2.0013	0.0000	0.0000	0.0000	0.0000	0.0000	0.0000	0.0000	0.0000	0.0000	0.0000	0.0000	0.0000	0.0000	0.0000	0.0000	0.0000	0.0000	0.0000	0.0000	0.0000	0.0000	0.0000	0.0000	0.0000	0.0000	0.0000	0.0000	0.0047	0.0028	0.0018	0.0008	0.0007	0.0001	0.0039	0.0022	0.0017	0.0000	0.0000	0.0000	0.0000	0.0000	0.0000	0.0000	0.0000	0.0000	0.0001	0.0001	0.0000	0.0004	0.0005	0.0000	0.0000	0.0000	0.0000			
50	91	0.1181	4	1	1	1	0	0	0	0	0	N	N	N	N	N	N	N	N	N	N	N	N	0.0000	0.0000	0.0000	0.0000	0.0000	0.0000	0.0000	0.0000	0.0000	0.0000	0.0000	0.0000	0.0000	0.0000	0.0000	0.0000	0.0000	0.0673	0.1120	0.0001	0.0128	0.0151	0.0010	0.0782	0.1413	0.0000	0.0004	0.0000	-0.0002	0.0003	1.9923	1.0126	0.0454	0.0000	0.0000	0.0000	0.0000	0.0000	0.0000	0.0000	0.0000	0.0000	0.0003	0.0003	0.0000	0.0000	0.0000	0.0000	0.0003	0.0003	0.0000	0.0000	0.0000	0.0000	0.0000	0.0000	0.0000	0.0000	0.0000	0.0000	0.0048	0.0029	0.0019	0.0008	0.0007	0.0001	0.0040	0.0022	0.0018	0.0000	0.0000	0.0000	0.0000	0.0000	0.0000	0.0000	0.0000	0.0000	0.0673	0.1120	0.0001	0.0128	0.0151	0.0010	0.0782	0.1413	0.0000		
50	92	0.0744	3	1	1	1	0	0	0	0	0	N	N	N	N	N	N	N	N	N	N	N	N	0.0004	0.0000	118.6484	57.8104	0.0000	inf	0.0006	0.0000	107.7919	0.0190	0.0000	0.1372	0.0032	0.0000	0.8881	0.0299	0.0000	0.1291	47.1114	79.5129	0.0012	0.0001	0.0001	0.0000	52.7626	94.3184	0.0012	inf	0.0000	0.0000	-0.5397	0.0003	1.0098	1.0126	9.0196	0.0000	0.0000	0.0000	0.0000	0.0000	0.0000	0.0000	0.0000	0.0000	0.9996	0.9996	0.0000	0.0000	0.0000	0.0000	0.9996	0.9996	0.0000	0.0000	0.0000	0.0000	0.0000	0.0000	0.0000	0.0000	0.0000	0.0000	0.0212	0.0126	0.0086	0.0023	0.0020	0.0003	0.0189	0.0106	0.0083	0.0004	0.0000	118.6484	57.8104	0.0000	inf	0.0006	0.0000	107.7919	47.1114	79.5129	0.0012	0.0001	0.0001	0.0000	52.7626	94.3184	0.0012
50	93	0.1711	8	2	2	1	1	0	0	0	0	Y	Y	N	N	N	N	N	N	N	N	N	N	0.0000	0.0000	0.0000	0.0000	0.0000	0.0000	0.0000	0.0000	0.0000	0.0000	0.0000	0.0000	0.0000	0.0000	0.0000	0.0000	0.0000	0.0000	0.0000	0.0000	0.0003	0.0000	1.0126	0.0000	0.0000	0.0000	0.0000	0.0000	0.0000	0.0000	0.0000	0.0000	0.0000	0.0000	0.0000	0.0000	0.0000	0.0000	0.0000	0.0000	0.0000	0.0000	0.0000	0.0000	0.0000	0.0000	0.0000	0.0000	0.0000	0.0000	0.0000	0.0000	0.0000	0.0000	0.0000	0.0000	0.0000	0.0000	0.0000	0.0000	0.0000	0.0000	0.0000	0.0000	0.0000	0.0000	0.0000	0.0000	0.0000	0.0000	0.0000	0.0000	0.0000	0.0000	0.0000	0.0000	0.0000	0.0000											
50	94	0.1711	7	2	2	1	1	0	0	0	0	Y	Y	N	N	N	N	N	N	N	N	N	N	0.0000	0.0000	0.0000	0.0000	0.0000	0.0000	0.0000	0.0000	0.0000	0.0000	0.0000	0.0000	0.0000	0.0000	0.0000	0.0000	0.0000	0.0000	0.0000	0.0000	0.0003	0.0000	1.0126	0.0001	0.0000	0.0000	0.0000	0.0000	0.0000	0.0000	0.0000	0.0000	0.0000	0.0000	0.0000	0.0000	0.0000	0.0000	0.0000	0.0000	0.0000	0.0000	0.0000	0.0000	0.0000	0.0000	0.0000	0.0000	0.0000	0.0000	0.0000	0.0000	0.0000	0.0000	0.0000	0.0000	0.0000	0.0000	0.0000	0.0000	0.0000	0.0000	0.0000	0.0000	0.0000	0.0000	0.0000	0.0000	0.0000	0.0000	0.0000	0.0000	0.0000	0.0000	0.0000	0.0000	0.0000	0.0000											
50	95	0.1531	6	1	2	1	1	0	0	0	0	N	Y	N	N	N	N	N	N	N	N	N	N	inf	inf	inf	inf	7.5177	10.6903	0.0000	16.2597	16.5820	0.0000	0.0000	0.0000	0.0000	0.0000	0.0000	0.0000	0.0000	0.0000	0.0000	0.0000	0.0000	0.0000	0.0000	-0.0001	0.0000	0.0003	0.9845	1.0126	0.9903	0.0003	0.0003	0.0000	0.0003	0.0003	0.0000	0.0000	0.0000	0.0000	0.0000	0.0000	0.0000	0.0000	0.0000	0.0000	0.0000	0.0000	0.0000	0.0000	0.0000	0.0000	0.0000	0.0000	0.0000	0.0000	0.0000	0.0000	0.0047	0.0029	0.0018	0.0008	0.0007	0.0001	0.0039	0.0022	0.0017	inf	inf	0.0000	inf	inf	0.0000	0.0000	0.0000	0.0000	0.0000	0.0000	0.0000	0.0000	0.0000	0.0000	0.0000	0.0000	0.0000						
50	96	0.1503	6	1	2	1	0	0	0	0	0	N	Y	N	N	N	N	N	N	N	N	N	N	inf	inf	inf	inf	inf	inf	0.0019	0.0000	0.0170	0.0003	0.0000	0.2254	0.0030	0.0000	0.0159	0.0000	0.0000	0.0000	0.0000	0.0000	0.0000	0.0000	0.0000	0.0000	inf	0.0000	0.0000	0.0003	1.0063	1.0126	3.7812	0.0000	0.0000	0.0000	0.0000	0.0000	0.0000	0.0000	0.0000	0.0000	0.0000	0.0000	0.0000	0.0000	0.0000	0.0000	0.0000	0.0000	0.0000	0.0000	0.0000	0.0000	0.0000	0.0000	0.0000	0.0000	0.0000	0.0000	0.0165	0.0107	0.0058	0.0051	0.0045	0.0006	0.0114	0.0063	0.0052	inf	0.0000	inf	inf	0.0000	inf	inf	0.0000	inf	0.0000	0.0000	0.0000	0.0000	0.0000	0.0000	0.0000	0.0000	0.0000				
50	97	0.1531	6	1	1	2	1	0	0	0	0	N	N	Y	N	N	N	N	N	N	N	N	N	inf	inf	inf	inf	inf	inf	0.1290	0.0000	0.4390	0.0193	0.0000	1.0044	0.2229	0.0000	0.4214	0.0000	0.0000	0.0000	0.0000	0.0000	0.0000	0.0000	0.0000	0.0000	inf	0.0000	0.0000	0.0003	1.0165	1.0126	1.0129	0.0000	0.0000	0.0000	0.0000	0.0000	0.0000	0.0000	0.0000	0.0000	0.0000	0.0000	0.0000	0.0000	0.0000	0.0000	0.0000	0.0000	0.0000	0.0000	0.0000	0.0000	0.0000	0.0000	0.0000	0.0000	0.0000	0.0000	0.0048	0.0030	0.0018	0.0008	0.0007	0.0001	0.0040	0.0022	0.0018	inf	0.0000	inf	inf	0.0000	inf	inf	0.0000	inf	0.0000	0.0000	0.0000	0.0000	0.0000	0.0000	0.0000	0.0000	0.0000				
50	98	0.1402	5	1	1	1	1	0	0	0	0	N	N	N	N	N	N	N	N	N	N	N	N	inf	inf	inf	inf	inf	inf	inf	inf	0.1500	0.1306	0.2455	0.2653	0.2604	0.9034	0.0667	0.0000	0.2329	0.0000	0.0000	0.0000	0.0000	0.0000	0.0000	0.0000	0.0000	0.0000	0.3832	-0.0000	0.0000	0.0003	2.0241	1.0126	1.0265	0.0000	0.0000	0.0000	0.0000	0.0000	0.0000	0.0000	0.0000	0.0000	0.0000	0.0000	0.0000	0.0000	0.0000	0.0000	0.0000	0.0000	0.0000	0.0000	0.0000	0.0000	0.0000	0.0000	0.0000	0.0000	0.0000	0.0000	0.0069	0.0041	0.0027	0.0010	0.0009	0.0002	0.0059	0.0033	0.0026	inf	inf	inf	inf	inf	inf	inf	0.0000	inf	0.0000	0.0000	0.0000	0.0000	0.0000	0.0000	0.0000	0.0000	0.0000		
50	99	0.1402	5	1	1	2	1	0	0	0	0	N	N	Y	N	N	N	N	N	N	N	N	N	inf	inf	inf	inf	inf	inf	0.0305	0.0000	0.2019	0.0051	0.0000	0.8827	0.0484	0.0000	0.1910	0.0000	0.0000	0.0000	0.0000	0.0000	0.0000	0.0000	0.0000	0.0000	inf	0.0000	0.0000	0.0003	3.0066	1.0126	0.0000	0.0000	0.0000	0.0000	0.0000	0.0000	0.0000	0.0000	0.0000	0.0000	0.0000	0.0000	0.0000	0.0000	0.0000	0.0000	0.0000	0.0000	0.0000	0.0001	0.0001	0.0000	0.0000	0.0000	0.0000	0.0000	0.0000	0.0000	0.0068	0.0041	0.0027	0.0010	0.0009	0.0002	0.0058	0.0032	0.0025	inf	0.0000	inf	inf	0.0000	inf	inf	0.0000	inf	0.0000	0.0000	0.0000	0.0000	0.0000	0.0000	0.0000	0.0000	0.0000				
50	100	0.1659	5	1	1	2	1	0	0	0	0	N	N	Y	N	N	N	N	N	N	N	N	N	0.0000	0.0000	0.0000	0.0000	0.0000	0.0000	0.0000	0.0000	0.0000	0.0000	0.0000	0.0000	0.0000	0.0000	0.0000	0.0000	0.0000	0.0000	0.0000	0.0000	0.0003	0.0000	1.0126	2.0000	0.0000	0.0000	0.0000	0.0000	0.0000	0.0000	0.0000	0.0000	0.0000	0.0000	0.0000	0.0000	0.0000	0.0000	0.0000	0.0000	0.0000	0.0000	0.0000	0.0000	0.0000	0.0000	0.0000	0.0000	0.0000	0.0000	0.0000	0.0044	0.0026	0.0018	0.0007	0.0006	0.0001	0.0037	0.0020	0.0017	0.0000	0.0000	0.0000	0.0000	0.0000	0.0000	0.0000	0.0000	0.0000	0.0000	0.0000	0.0000	0.0000	0.0000	0.0000	0.0000	0.0000	0.0000											
50	101	0.1269	4	1	1	2	1	0	0	0	0	N	N	Y	N	N	N	N	N	N	N	N	N	142.3782	504.9546	3.9786	169.2005	inf	inf	0.0026	0.0000	0.0235	0.0004	0.0000	0.1487	0.0041	0.0000	0.0222	0.0000	0.0000	0.0000	0.0001	0.0000	0.0009	0.0000	0.0000	0.0000	inf	inf	0.0000	0.0000	0.0003	5.8899	1.0126	3.1847	0.0000	0.0000	0.0000	0.0000	0.0000	0.0000	0.0000	0.0000	0.0000	0.0000	0.0000	0.0000	0.0000	0.0000	0.0000	0.0000	0.0000	0.0000	0.0001	0.0001	0.0000	0.0000	0.0000	0.0000	0.0001	0.0001	0.0000	0.0207	0.0125	0.0082	0.0034	0.0029	0.0004	0.0173	0.0096	0.0077	142.3782	0.0000	504.9546	3.9786	0.0000	169.2005	inf	0.0000	inf	0.0000	0.0000	0.0000	0.0001	0.0000	0.0009	0.0000	0.0000	0.0000			
50	102	0.1737	4	2	2	1	0	0	0	0	0	Y	Y	N	N	N	N	N	N	N	N	N	N	0.0000	0.0000	0.0000	0.0000	0.0000	0.0000	0.0000	0.0000	0.0000	0.0000	0.0000	0.0000	0.0000	0.0000	0.0000	0.0000	0.0000	0.0000	0.0000	0.0000	0.0003	0.0000	1.0126	0.0000	0.0000	0.0000	0.0000	0.0000	0.0000	0.0000	0.0000	0.0000	0.0000	0.0000	0.0000	0.0000	0.0000	0.0000	0.0000	0.0000	0.0000	0.0000	0.0000	0.0000	0.0000	0.0000	0.0000	0.0000	0.0000	0.0000	0.0000	0.0000	0.0000	0.0000	0.0000	0.0000	0.0000	0.0000	0.0000	0.0000	0.0000	0.0000	0.0000	0.0000	0.0000	0.0000	0.0000	0.0000	0.0000	0.0000	0.0000	0.0000	0.0000	0.0000	0.0000	0.0000	0.0000	0.0000											
50	103	0.0744	3	2	2	1	0	0	0	0	0	Y	Y	N	N	N	N	N	N	N	N	N	N	inf	inf	inf	inf	inf	inf	0.0028	0.0000	0.0257	0.0005	0.0000	0.5145	0.0044	0.0000	0.0240	0.0000	0.0000	0.0000	0.0000	0.0000	0.0000	0.0000	0.0000	0.0000	inf	0.0000	0.0000	0.0003	8.0012	1.0126	14.0016	0.0000	0.0000	0.0000	0.0000	0.0000	0.0000	0.0000	0.0000	0.0000	0.0000	0.0000	0.0000	0.0000	0.0000	0.0000	0.0000	0.0000	0.0000	0.0001	0.0001	0.0000	0.0001	0.0001	0.0000	0.0001	0.0001	0.0000	0.0424	0.0253	0.0171	0.0047	0.0040	0.0006	0.0378	0.0213	0.0165	inf	0.0000	inf	inf	0.0000	inf	inf	0.0000	inf	0.0000	0.0000	0.0000	0.0000	0.0000	0.0000	0.0000	0.0000	0.0000				
50	104	0.1373	4	1	2	1	0	0	0	0	0	N	Y	N	N	N	N	N	N	N	N	N	N	0.0000	0.0000	0.0000	0.0000	0.0000	0.0000	0.0000	0.0000	0.0000	0.0000	0.0000	0.0000	0.0000	0.0000	0.0000	0.0000	0.0001	0.0000	0.0004	0.0000	0.0000	0.0000	inf	0.0000	0.0000	0.0003	2.0010	1.0126	1.0153	0.0000	0.0000	0.0000	0.0000	0.0000	0.0000	0.0000	0.0000	0.0000	0.0000	0.0000	0.0000	0.0000	0.0000	0.0000	0.0000	0.0000	0.0000	0.0000	0.0000	0.0000	0.0000	0.0000	0.0000	0.0000	0.0000	0.0000	0.0072	0.0044	0.0028	0.0015	0.0012	0.0003	0.0057	0.0032	0.0025	0.0000	0.0000	0.0000	0.0000	0.0000	0.0000	0.0000	0.0000	0.0000	0.0000	0.0000	0.0000	0.0001	0.0000	0.0004	0.0000	0.0000	0.0000						
50	105	0.0744	3	1	2	1	0	0	0	0	0	N	Y	N	N	N	N	N	N	N	N	N	N	1566.0864	0.0000	inf	29.1496	0.0000	inf	inf	inf	0.0069	0.0000	0.0578	0.0012	0.0000	0.7290	0.0107	0.0000	0.0541	0.0000	0.0000	0.0000	0.0000	0.0000	0.0000	0.0000	0.0000	0.0000	inf	0.0000	0.0000	-0.0000	0.0003	3.0162	1.0126	11.0438	0.0000	0.0000	0.0000	0.0000	0.0000	0.0000	0.0000	0.0000	0.0000	0.0000	0.0000	0.0000	0.0000	0.0000	0.0000	0.0000	0.0000	0.0000	0.0001	0.0001	0.0000	0.0000	0.0000	0.0000	0.0000	0.0000	0.0000	0.0288	0.0171	0.0117	0.0031	0.0027	0.0004	0.0257	0.0144	0.0113	1566.0864	0.0000	inf	29.1496	0.0000	inf	inf	0.0000	inf	0.0000	0.0000	0.0000	0.0000	0.0000	0.0000	0.0000	0.0000	0.0000	
50	106	0.1753	8	2	2	1	0	0	0	0	0	Y	Y	N	N	N	N	N	N	N	N	N	N	0.0000	0.0000	0.0000	0.0000	0.0000	0.0000	0.0000	0.0000	0.0000	0.0000	0.0000	0.0000	0.0000	0.0000	0.0000	0.0000	0.0000	0.0000	0.0000	0.0000	0.0003	1.0000	1.0126	1.0000	0.0000	0.0000	0.0000	0.0000	0.0000	0.0000	0.0000	0.0000	0.0000	0.0000	0.0000	0.0000	0.0000	0.0000	0.0000	0.0000	0.0000	0.0000	0.0000	0.0000	0.0000	0.0000	0.0000	0.0000	0.0000	0.0000	0.0000	0.0047	0.0030	0.0017	0.0016	0.0013	0.0003	0.0031	0.0017	0.0014	0.0000	0.0000	0.0000	0.0000	0.0000	0.0000	0.0000	0.0000	0.0000	0.0000	0.0000	0.0000	0.0000	0.0000	0.0000	0.0000	0.0000	0.0000											
50	107	0.1711	7	2	2	1	0	0	0	0	0	Y	Y	N	N	N	N	N	N	N	N	N	N	0.0000	0.0000	0.0000	0.0000	0.0000	0.0000	0.0000	0.0000	0.0000	0.0000	0.0000	0.0000	0.0000	0.0000	0.0000	0.0000	0.0000	0.0000	0.0000	0.0000	0.0003	0.0000	1.0126	0.9999	0.0000	0.0000	0.0000	0.0000	0.0000	0.0000	0.0000	0.0000	0.0000	0.0000	0.0000	0.0000	0.0000	0.0000	0.0000	0.0000	0.0000	0.0000	0.0000	0.0000	0.0000	0.0000	0.0000	0.0000	0.0000	0.0000	0.0000	0.0023	0.0015	0.0009	0.0006	0.0005	0.0001	0.0017	0.0009	0.0008	0.0000	0.0000	0.0000	0.0000	0.0000	0.0000	0.0000	0.0000	0.0000	0.0000	0.0000	0.0000	0.0000	0.0000	0.0000	0.0000	0.0000	0.0000											
50	108	0.1503	6	2	2	1	0	0	0	0	0	Y	Y	N	N	N	N	N	N	N	N	N	N	inf	inf	inf	inf	inf	inf	0.0991	0.0000	0.3797	0.0150	0.0000	0.9667	0.1697	0.0000	0.3634	0.0000	0.0000	0.0000	0.0000	0.0000	0.0000	0.0000	0.0000	0.0000	inf	0.0000	0.0000	0.0003	0.0100	1.0126	4.8896	0.0000	0.0000	0.0000	0.0000	0.0000	0.0000	0.0000	0.0000	0.0000	0.0000	0.0000	0.0000	0.0000	0.0000	0.0000	0.0000	0.0000	0.0000	0.0000	0.0000	0.0000	0.0000	0.0000	0.0000	0.0000	0.0000	0.0000	0.0167	0.0109	0.0058	0.0051	0.0045	0.0006	0.0116	0.0064	0.0052	inf	0.0000	inf	inf	0.0000	inf	inf	0.0000	inf	0.0000	0.0000	0.0000	0.0000	0.0000	0.0000	0.0000	0.0000	0.0000				
50	109	0.1402	5	1	2	1	0	0	0	0	0	N	Y	N	N	N	N	N	N	N	N	N	N	inf	inf	inf	inf	inf	inf	inf	inf	0.0735	0.0018	0.3362	0.0147	0.0033	0.9609	0.1187	0.0000	0.3208	0.0000	0.0000	0.0000	0.0000	0.0000	0.0000	0.0000	0.0000	0.0000	51.3337	0.0000	0.0000	0.0003	1.0007	1.0126	1.4004	0.0000	0.0000	0.0000	0.0000	0.0000	0.0000	0.0000	0.0000	0.0000	0.0000	0.0000	0.0000	0.0000	0.0000	0.0000	0.0000	0.0000	0.0000	0.0000	0.0000	0.0000	0.0000	0.0000	0.0000	0.0000	0.0000	0.0000	0.0054	0.0033	0.0022	0.0008	0.0007	0.0001	0.0046	0.0026	0.0020	inf	inf	inf	inf	inf	inf	inf	0.0000	inf	0.0000	0.0000	0.0000	0.0000	0.0000	0.0000	0.0000	0.0000	0.0000		
50	110	0.1269	4	1	1	1	0	0	0	0	0	N	N	N	N	N	N	N	N	N	N	N	N	6149.7701	inf	1805.1755	2412.4606	inf	97.1092	inf	inf	0.2773	0.2910	0.2096	0.5444	0.5527	0.2178	0.0595	0.0000	0.2090	0.0000	0.0000	0.0001	0.0002	0.0000	0.0022	0.0000	0.0000	0.0000	0.1455	inf	-0.0000	0.0000	0.0003	0.3039	1.0126	2.8719	0.0000	0.0000	0.0000	0.0000	0.0000	0.0000	0.0000	0.0000	0.0000	0.0000	0.0000	0.0000	0.0000	0.0000	0.0000	0.0000	0.0000	0.0000	0.0000	0.0000	0.0000	0.0000	0.0000	0.0000	0.0000	0.0000	0.0000	0.0085	0.0052	0.0033	0.0017	0.0015	0.0002	0.0068	0.0037	0.0031	6149.7701	inf	1805.1755	2412.4606	inf	97.1092	inf	0.0000	inf	0.0000	0.0000	0.0001	0.0002	0.0000	0.0022	0.0000	0.0000	0.0000	
50	111	0.0744	3	1	1	1	0	0	0	0	0	N	N	N	N	N	N	N	N	N	N	N	N	619.0741	172.2917	inf	75.8741	60.1000	inf	inf	inf	0.0094	0.0044	0.0474	0.0108	0.0098	0.6805	0.0086	0.0000	0.0443	0.0000	0.0000	0.0000	0.0001	0.0002	0.0000	0.0000	0.0000	0.0000	1.4129	0.0000	0.0000	-0.0000	0.0003	3.8240	1.0126	8.1760	0.0000	0.0000	0.0000	0.0000	0.0000	0.0000	0.0000	0.0000	0.0000	0.0000	0.0000	0.0000	0.0000	0.0000	0.0000	0.0000	0.0000	0.0000	0.0001	0.0001	0.0000	0.0000	0.0000	0.0000	0.0000	0.0000	0.0000	0.0250	0.0148	0.0102	0.0027	0.0023	0.0004	0.0223	0.0125	0.0098	619.0741	172.2917	inf	75.8741	60.1000	inf	inf	0.0000	inf	0.0000	0.0000	0.0000	0.0001	0.0002	0.0000	0.0000	0.0000	0.0000	
50	115	0.2670	6	1	1	1	0	0	0	0	0	N	N	N	N	N	N	N	N	N	N	N	N	9.6003	9.3638	0.0000	3.0940	2.0297	5.3333	inf	0.0000	0.9527	1.2776	0.0000	2.0845	2.1294	0.0000	0.0000	0.0000	0.0000	0.0992	0.1364	0.0000	0.6737	1.0491	0.0000	0.0000	0.0000	0.0000	0.0000	0.0000	-0.0001	-0.0049	0.0003	8.9918	1.0126	13.3277	0.0003	0.0003	0.0000	0.0003	0.0003	0.0000	0.0000	0.0000	0.0000	0.0090	0.0090	0.0000	0.0090	0.0090	0.0000	0.0000	0.0000	0.0000	0.0003	0.0002	0.0001	0.0001	0.0001	0.0000	0.0001	0.0001	0.0001	0.0908	0.0661	0.0248	0.0476	0.0397	0.0079	0.0433	0.0264	0.0169	9.6003	9.3638	0.0000	11.0028	9.3710	0.0000	5.3333	inf	0.0000	0.0992	0.1364	0.0000	0.1895	0.2272	0.0000	0.0000	0.0000	0.0000	
51	52	0.1989	6	1	2	0	1	0	0	0	0	N	Y	N	N	N	N	N	N	N	N	N	N	0.0000	0.0000	0.0000	0.0000	0.0000	0.0000	0.0000	0.0000	0.0000	0.0000	0.0000	0.0000	0.0000	0.0000	0.0000	0.0000	0.0000	0.0000	0.0000	0.0000	0.0000	0.9995	1.0000	1.0399	0.0000	0.0000	0.0000	0.0000	0.0000	0.0000	0.0000	0.0000	0.0000	0.0000	0.0000	0.0000	0.0000	0.0000	0.0000	0.0000	0.0000	0.0000	0.0000	0.0000	0.0000	0.0000	0.0000	0.0000	0.0000	0.0000	0.0000	0.0059	0.0041	0.0018	0.0019	0.0017	0.0002	0.0040	0.0024	0.0016	0.0000	0.0000	0.0000	0.0000	0.0000	0.0000	0.0000	0.0000	0.0000	0.0000	0.0000	0.0000	0.0000	0.0000	0.0000	0.0000	0.0000	0.0000											
51	53	0.1989	6	1	1	0	1	0	0	0	0	N	N	N	N	N	N	N	N	N	N	N	N	0.0000	0.0000	0.0000	0.0000	0.0000	0.0000	0.0000	0.0000	0.0000	0.0000	0.0000	0.0000	0.0000	0.0000	0.0000	0.0000	0.0000	0.0000	0.0000	0.0000	0.0000	3.0005	1.0000	1.0125	0.0000	0.0000	0.0000	0.0000	0.0000	0.0000	0.0000	0.0000	0.0000	0.0000	0.0000	0.0000	0.0000	0.0000	0.0000	0.0000	0.0000	0.0000	0.0000	0.0000	0.0000	0.0000	0.0000	0.0000	0.0000	0.0000	0.0000	0.0099	0.0065	0.0034	0.0029	0.0025	0.0004	0.0070	0.0040	0.0030	0.0000	0.0000	0.0000	0.0000	0.0000	0.0000	0.0000	0.0000	0.0000	0.0000	0.0000	0.0000	0.0000	0.0000	0.0000	0.0000	0.0000	0.0000											
51	54	0.1907	5	1	1	0	1	0	0	0	0	N	N	N	N	N	N	N	N	N	N	N	N	0.0000	0.0000	0.0000	0.0000	0.0000	0.0000	0.0000	0.0000	0.0000	0.0000	0.0000	0.0000	0.0000	0.0000	0.0000	0.0000	0.0000	0.0000	0.0000	0.0000	0.0000	0.0013	1.0000	1.9704	0.0000	0.0000	0.0000	0.0000	0.0000	0.0000	0.0000	0.0000	0.0000	0.0000	0.0000	0.0000	0.0000	0.0000	0.0000	0.0000	0.0000	0.0000	0.0000	0.0000	0.0000	0.0000	0.0000	0.0000	0.0000	0.0000	0.0000	0.0041	0.0025	0.0017	0.0009	0.0007	0.0002	0.0032	0.0017	0.0015	0.0000	0.0000	0.0000	0.0000	0.0000	0.0000	0.0000	0.0000	0.0000	0.0000	0.0000	0.0000	0.0000	0.0000	0.0000	0.0000	0.0000	0.0000											
51	55	0.1599	4	1	1	0	1	0	0	0	0	N	N	N	N	N	N	N	N	N	N	N	N	0.0000	0.0000	0.0000	0.0000	0.0000	0.0000	0.0000	0.0000	0.0000	0.0000	0.0000	0.0000	0.0000	0.0000	0.0000	0.0000	0.0000	0.0000	0.0000	0.0000	0.0000	3.0000	1.0000	4.0155	0.0000	0.0000	0.0000	0.0000	0.0000	0.0000	0.0000	0.0000	0.0000	0.0000	0.0000	0.0000	0.0000	0.0000	0.0000	0.0000	0.0000	0.0000	0.0000	0.0000	0.0000	0.0000	0.0000	0.0000	0.0000	0.0000	0.0000	0.0144	0.0087	0.0057	0.0032	0.0025	0.0006	0.0112	0.0062	0.0051	0.0000	0.0000	0.0000	0.0000	0.0000	0.0000	0.0000	0.0000	0.0000	0.0000	0.0000	0.0000	0.0000	0.0000	0.0000	0.0000	0.0000	0.0000											
51	56	0.1641	5	1	2	1	0	0	0	0	0	N	Y	N	N	N	N	N	N	N	N	N	N	0.0000	0.0000	0.0000	0.0000	0.0000	0.0000	0.0000	0.0000	0.0000	0.0000	0.0000	0.0000	0.0000	0.0000	0.0000	0.0000	0.0000	0.0000	0.0000	0.0000	0.0000	2.0013	1.0000	5.6727	0.0000	0.0000	0.0000	0.0000	0.0000	0.0000	0.0000	0.0000	0.0000	0.0000	0.0000	0.0000	0.0000	0.0000	0.0000	0.0000	0.0000	0.0000	0.0000	0.0000	0.0000	0.0000	0.0000	0.0000	0.0000	0.0000	0.0000	0.0190	0.0129	0.0061	0.0056	0.0049	0.0007	0.0134	0.0080	0.0054	0.0000	0.0000	0.0000	0.0000	0.0000	0.0000	0.0000	0.0000	0.0000	0.0000	0.0000	0.0000	0.0000	0.0000	0.0000	0.0000	0.0000	0.0000											
51	57	0.1604	4	1	2	0	0	0	0	0	0	N	Y	N	N	N	N	N	N	N	N	N	N	0.0000	0.0000	0.0000	0.0000	0.0000	0.0000	0.0000	0.0000	0.0000	0.0000	0.0000	0.0000	0.0000	0.0000	0.0000	0.0000	0.0000	0.0000	0.0000	0.0000	0.0000	0.0033	1.0000	1.3874	0.0000	0.0000	0.0000	0.0000	0.0000	0.0000	0.0000	0.0000	0.0000	0.0000	0.0000	0.0000	0.0000	0.0000	0.0000	0.0000	0.0000	0.0000	0.0000	0.0000	0.0000	0.0000	0.0000	0.0000	0.0000	0.0000	0.0000	0.0070	0.0054	0.0016	0.0028	0.0027	0.0001	0.0042	0.0028	0.0015	0.0000	0.0000	0.0000	0.0000	0.0000	0.0000	0.0000	0.0000	0.0000	0.0000	0.0000	0.0000	0.0000	0.0000	0.0000	0.0000	0.0000	0.0000											
51	58	0.1453	3	2	1	1	0	0	0	0	0	Y	N	N	N	N	N	N	N	N	N	N	N	0.0000	0.0000	0.0000	0.0000	0.0000	0.0000	0.0000	0.0000	0.0000	0.0000	0.0000	0.0000	0.0000	0.0000	0.0000	0.0000	0.0000	0.0000	0.0000	0.0000	0.0000	0.0000	1.0000	2.0000	0.0000	0.0000	0.0000	0.0000	0.0000	0.0000	0.0000	0.0000	0.0000	0.0000	0.0000	0.0000	0.0000	0.0000	0.0000	0.0000	0.0000	0.0000	0.0000	0.0000	0.0000	0.0000	0.0000	0.0000	0.0000	0.0000	0.0000	0.0040	0.0025	0.0015	0.0008	0.0006	0.0001	0.0032	0.0019	0.0014	0.0000	0.0000	0.0000	0.0000	0.0000	0.0000	0.0000	0.0000	0.0000	0.0000	0.0000	0.0000	0.0000	0.0000	0.0000	0.0000	0.0000	0.0000											
51	59	0.1604	4	1	2	0	0	0	0	0	0	N	Y	N	N	N	N	N	N	N	N	N	N	0.0000	0.0000	0.0000	0.0000	0.0000	0.0000	0.0000	0.0000	0.0000	0.0000	0.0000	0.0000	0.0000	0.0000	0.0000	0.0000	0.0000	0.0000	0.0000	0.0000	0.0000	1.9997	1.0000	3.4660	0.0000	0.0000	0.0000	0.0000	0.0000	0.0000	0.0000	0.0000	0.0000	0.0000	0.0000	0.0000	0.0000	0.0000	0.0000	0.0000	0.0000	0.0000	0.0000	0.0000	0.0000	0.0000	0.0000	0.0000	0.0000	0.0000	0.0000	0.0146	0.0101	0.0045	0.0045	0.0040	0.0005	0.0102	0.0062	0.0040	0.0000	0.0000	0.0000	0.0000	0.0000	0.0000	0.0000	0.0000	0.0000	0.0000	0.0000	0.0000	0.0000	0.0000	0.0000	0.0000	0.0000	0.0000											
51	60	0.1453	3	1	2	0	0	0	0	0	0	N	Y	N	N	N	N	N	N	N	N	N	N	0.0000	0.0000	0.0000	0.0000	0.0000	0.0000	0.0000	0.0000	0.0000	0.0000	0.0000	0.0000	0.0000	0.0000	0.0000	0.0000	0.0000	0.0000	0.0000	0.0000	0.0000	0.0005	1.0000	3.6054	0.0000	0.0000	0.0000	0.0000	0.0000	0.0000	0.0000	0.0000	0.0000	0.0000	0.0000	0.0000	0.0000	0.0000	0.0000	0.0000	0.0000	0.0000	0.0000	0.0000	0.0000	0.0000	0.0000	0.0000	0.0000	0.0000	0.0000	0.0071	0.0044	0.0027	0.0014	0.0011	0.0003	0.0057	0.0033	0.0024	0.0000	0.0000	0.0000	0.0000	0.0000	0.0000	0.0000	0.0000	0.0000	0.0000	0.0000	0.0000	0.0000	0.0000	0.0000	0.0000	0.0000	0.0000											
51	61	0.2309	6	1	1	1	0	0	0	0	0	N	N	N	N	N	N	N	N	N	N	N	N	0.0000	0.0000	0.0000	0.0000	0.0000	0.0000	0.0000	0.0000	0.0000	0.0000	0.0000	0.0000	0.0000	0.0000	0.0000	0.0000	0.0000	0.0000	0.0000	0.0000	0.0000	0.0000	1.0000	1.0000	0.0000	0.0000	0.0000	0.0000	0.0000	0.0000	0.0000	0.0000	0.0000	0.0000	0.0000	0.0000	0.0000	0.0000	0.0000	0.0000	0.0000	0.0000	0.0000	0.0000	0.0000	0.0000	0.0000	0.0000	0.0000	0.0000	0.0000	0.0020	0.0013	0.0008	0.0005	0.0004	0.0001	0.0015	0.0008	0.0007	0.0000	0.0000	0.0000	0.0000	0.0000	0.0000	0.0000	0.0000	0.0000	0.0000	0.0000	0.0000	0.0000	0.0000	0.0000	0.0000	0.0000	0.0000											
51	62	0.2267	5	1	1	0	0	0	0	0	0	N	N	N	N	N	N	N	N	N	N	N	N	0.0000	0.0000	0.0000	0.0000	0.0000	0.0000	0.0000	0.0000	0.0000	0.0000	0.0000	0.0000	0.0000	0.0000	0.0000	0.0000	0.0000	0.0000	0.0000	0.0000	0.0000	0.0001	1.0000	1.0076	0.0000	0.0000	0.0000	0.0000	0.0000	0.0000	0.0000	0.0000	0.0000	0.0000	0.0000	0.0000	0.0000	0.0000	0.0000	0.0000	0.0000	0.0000	0.0000	0.0000	0.0000	0.0000	0.0000	0.0000	0.0000	0.0000	0.0000	0.0026	0.0017	0.0009	0.0008	0.0007	0.0001	0.0018	0.0010	0.0008	0.0000	0.0000	0.0000	0.0000	0.0000	0.0000	0.0000	0.0000	0.0000	0.0000	0.0000	0.0000	0.0000	0.0000	0.0000	0.0000	0.0000	0.0000											
51	63	0.1599	4	1	1	0	0	0	0	0	0	N	N	N	N	N	N	N	N	N	N	N	N	0.0000	0.0000	0.0000	0.0000	0.0000	0.0000	0.0000	0.0000	0.0000	0.0000	0.0000	0.0000	0.0000	0.0000	0.0000	0.0000	0.0000	0.0000	0.0000	0.0000	0.0000	11.9999	1.0000	3.0574	0.0000	0.0000	0.0000	0.0000	0.0000	0.0000	0.0000	0.0000	0.0000	0.0000	0.0000	0.0000	0.0000	0.0000	0.0000	0.0000	0.0000	0.0000	0.0000	0.0000	0.0000	0.0000	0.0000	0.0000	0.0000	0.0000	0.0000	0.0287	0.0173	0.0114	0.0062	0.0049	0.0013	0.0225	0.0124	0.0101	0.0000	0.0000	0.0000	0.0000	0.0000	0.0000	0.0000	0.0000	0.0000	0.0000	0.0000	0.0000	0.0000	0.0000	0.0000	0.0000	0.0000	0.0000											
51	64	0.1453	3	2	2	0	0	0	0	0	0	Y	Y	N	N	N	N	N	N	N	N	N	N	0.0000	0.0000	0.0000	0.0000	0.0000	0.0000	0.0000	0.0000	0.0000	0.0000	0.0000	0.0000	0.0000	0.0000	0.0000	0.0000	0.0000	0.0000	0.0000	0.0000	0.0000	4.0000	1.0000	3.0000	0.0000	0.0000	0.0000	0.0000	0.0000	0.0000	0.0000	0.0000	0.0000	0.0000	0.0000	0.0000	0.0000	0.0000	0.0000	0.0000	0.0000	0.0000	0.0000	0.0000	0.0000	0.0000	0.0000	0.0000	0.0000	0.0000	0.0000	0.0134	0.0084	0.0051	0.0026	0.0021	0.0005	0.0108	0.0063	0.0046	0.0000	0.0000	0.0000	0.0000	0.0000	0.0000	0.0000	0.0000	0.0000	0.0000	0.0000	0.0000	0.0000	0.0000	0.0000	0.0000	0.0000	0.0000											
51	65	0.1034	2	1	1	0	0	0	0	0	0	N	N	N	N	N	N	N	N	N	N	N	N	0.0000	0.0000	0.0000	0.0000	0.0000	0.0000	0.0000	0.0000	0.0000	0.0000	0.0000	0.0000	0.0000	0.0000	0.0000	0.0000	0.0000	0.0000	0.0000	0.0000	0.0000	2.0015	1.0000	10.0016	0.0000	0.0000	0.0000	0.0000	0.0000	0.0000	0.0000	0.0000	0.0000	0.0000	0.0000	0.0000	0.0000	0.0000	0.0000	0.0000	0.0000	0.0000	0.0000	0.0000	0.0000	0.0000	0.0000	0.0000	0.0000	0.0000	0.0000	0.0231	0.0136	0.0095	0.0036	0.0029	0.0007	0.0195	0.0107	0.0088	0.0000	0.0000	0.0000	0.0000	0.0000	0.0000	0.0000	0.0000	0.0000	0.0000	0.0000	0.0000	0.0000	0.0000	0.0000	0.0000	0.0000	0.0000											
51	67	0.2583	4	1	1	0	0	0	0	0	0	N	N	N	N	N	N	N	N	N	N	N	N	0.0000	0.0000	0.0000	0.0000	0.0000	0.0000	0.0000	0.0000	0.0000	0.0000	0.0000	0.0000	0.0000	0.0012	0.0016	0.0000	0.0025	0.0030	0.0000	0.0000	0.0000	0.0000	0.0000	0.0000	-0.0000	0.0000	4.8614	1.0000	14.2102	0.0000	0.0000	0.0000	0.0000	0.0000	0.0000	0.0000	0.0000	0.0000	0.0001	0.0001	0.0000	0.0001	0.0001	0.0000	0.0000	0.0000	0.0000	0.0000	0.0000	0.0000	0.0000	0.0000	0.0000	0.0000	0.0000	0.0000	0.0599	0.0425	0.0174	0.0280	0.0237	0.0043	0.0319	0.0188	0.0131	0.0000	0.0000	0.0000	0.0000	0.0000	0.0000	0.0000	0.0000	0.0000	0.0012	0.0016	0.0000	0.0025	0.0030	0.0000	0.0000	0.0000	0.0000						
51	68	0.1792	6	2	2	1	0	0	0	0	0	Y	Y	N	N	N	N	N	N	N	N	N	N	0.0000	0.0000	0.0000	0.0000	0.0000	0.0000	0.0000	0.0000	0.0000	0.0000	0.0000	0.0000	0.0000	0.0000	0.0000	0.0000	0.0000	0.0000	0.0000	0.0000	0.0000	0.0000	1.0000	0.0000	0.0000	0.0000	0.0000	0.0000	0.0000	0.0000	0.0000	0.0000	0.0000	0.0000	0.0000	0.0000	0.0000	0.0000	0.0000	0.0000	0.0000	0.0000	0.0000	0.0000	0.0000	0.0000	0.0000	0.0000	0.0000	0.0000	0.0000	0.0000	0.0000	0.0000	0.0000	0.0000	0.0000	0.0000	0.0000	0.0000	0.0000	0.0000	0.0000	0.0000	0.0000	0.0000	0.0000	0.0000	0.0000	0.0000	0.0000	0.0000	0.0000	0.0000	0.0000	0.0000	0.0000	0.0000											
51	69	0.1750	5	2	1	1	0	0	0	0	0	Y	N	N	N	N	N	N	N	N	N	N	N	0.0000	0.0000	0.0000	0.0000	0.0000	0.0000	0.0000	0.0000	0.0000	0.0000	0.0000	0.0000	0.0000	0.0000	0.0000	0.0000	0.0000	0.0000	0.0000	0.0000	0.0000	0.0016	1.0000	0.9826	0.0000	0.0000	0.0000	0.0000	0.0000	0.0000	0.0000	0.0000	0.0000	0.0000	0.0000	0.0000	0.0000	0.0000	0.0000	0.0000	0.0000	0.0000	0.0000	0.0000	0.0000	0.0000	0.0000	0.0000	0.0000	0.0000	0.0000	0.0021	0.0014	0.0007	0.0006	0.0005	0.0001	0.0015	0.0009	0.0007	0.0000	0.0000	0.0000	0.0000	0.0000	0.0000	0.0000	0.0000	0.0000	0.0000	0.0000	0.0000	0.0000	0.0000	0.0000	0.0000	0.0000	0.0000											
51	70	0.1623	4	2	1	1	0	0	0	0	0	Y	N	N	N	N	N	N	N	N	N	N	N	0.0000	0.0000	0.0000	0.0000	0.0000	0.0000	0.0000	0.0000	0.0000	0.0000	0.0000	0.0000	0.0000	0.0000	0.0000	0.0000	0.0000	0.0000	0.0000	0.0000	0.0000	0.0061	1.0000	3.0249	0.0000	0.0000	0.0000	0.0000	0.0000	0.0000	0.0000	0.0000	0.0000	0.0000	0.0000	0.0000	0.0000	0.0000	0.0000	0.0000	0.0000	0.0000	0.0000	0.0000	0.0000	0.0000	0.0000	0.0000	0.0000	0.0000	0.0000	0.0066	0.0042	0.0024	0.0017	0.0015	0.0003	0.0049	0.0028	0.0021	0.0000	0.0000	0.0000	0.0000	0.0000	0.0000	0.0000	0.0000	0.0000	0.0000	0.0000	0.0000	0.0000	0.0000	0.0000	0.0000	0.0000	0.0000											
51	71	0.1453	3	2	1	1	0	0	0	0	0	Y	N	N	N	N	N	N	N	N	N	N	N	0.0000	0.0000	0.0000	0.0000	0.0000	0.0000	0.0000	0.0000	0.0000	0.0000	0.0000	0.0000	0.0000	0.0000	0.0000	0.0000	0.0000	0.0000	0.0000	0.0000	0.0000	0.0044	1.0000	4.0281	0.0000	0.0000	0.0000	0.0000	0.0000	0.0000	0.0000	0.0000	0.0000	0.0000	0.0000	0.0000	0.0000	0.0000	0.0000	0.0000	0.0000	0.0000	0.0000	0.0000	0.0000	0.0000	0.0000	0.0000	0.0000	0.0000	0.0000	0.0079	0.0049	0.0030	0.0015	0.0012	0.0003	0.0064	0.0037	0.0027	0.0000	0.0000	0.0000	0.0000	0.0000	0.0000	0.0000	0.0000	0.0000	0.0000	0.0000	0.0000	0.0000	0.0000	0.0000	0.0000	0.0000	0.0000											
51	72	0.1034	2	1	2	0	0	0	0	0	0	N	Y	N	N	N	N	N	N	N	N	N	N	0.0000	0.0000	0.0000	0.0000	0.0000	0.0000	0.0000	0.0000	0.0000	0.0000	0.0000	0.0000	0.0000	0.0000	0.0000	0.0000	0.0000	0.0000	0.0000	0.0000	0.0000	5.9987	1.0000	11.0016	0.0000	0.0000	0.0000	0.0000	0.0000	0.0000	0.0000	0.0000	0.0000	0.0000	0.0000	0.0000	0.0000	0.0000	0.0000	0.0000	0.0000	0.0000	0.0000	0.0000	0.0000	0.0000	0.0000	0.0000	0.0000	0.0000	0.0000	0.0315	0.0186	0.0129	0.0049	0.0039	0.0010	0.0266	0.0146	0.0120	0.0000	0.0000	0.0000	0.0000	0.0000	0.0000	0.0000	0.0000	0.0000	0.0000	0.0000	0.0000	0.0000	0.0000	0.0000	0.0000	0.0000	0.0000											
51	73	0.1453	3	2	1	1	0	0	0	0	0	Y	N	N	N	N	N	N	N	N	N	N	N	0.0000	0.0000	0.0000	0.0000	0.0000	0.0000	0.0000	0.0000	0.0000	0.0000	0.0000	0.0000	0.0000	0.0000	0.0000	0.0000	0.0000	0.0000	0.0000	0.0000	0.0000	2.0000	1.0000	5.0000	0.0000	0.0000	0.0000	0.0000	0.0000	0.0000	0.0000	0.0000	0.0000	0.0000	0.0000	0.0000	0.0000	0.0000	0.0000	0.0000	0.0000	0.0000	0.0000	0.0000	0.0000	0.0000	0.0000	0.0000	0.0000	0.0000	0.0000	0.0134	0.0084	0.0051	0.0026	0.0021	0.0005	0.0108	0.0063	0.0046	0.0000	0.0000	0.0000	0.0000	0.0000	0.0000	0.0000	0.0000	0.0000	0.0000	0.0000	0.0000	0.0000	0.0000	0.0000	0.0000	0.0000	0.0000											
51	74	0.1452	4	1	2	0	0	0	0	0	0	N	Y	N	N	N	N	N	N	N	N	N	N	0.0000	0.0000	0.0000	0.0000	0.0000	0.0000	0.0000	0.0000	0.0000	0.0000	0.0000	0.0000	0.0000	0.0000	0.0000	0.0000	0.0000	0.0000	0.0000	0.0000	0.0000	6.1274	1.0000	13.6208	0.0000	0.0000	0.0000	0.0000	0.0000	0.0000	0.0000	0.0000	0.0000	0.0000	0.0000	0.0000	0.0000	0.0000	0.0000	0.0000	0.0000	0.0000	0.0000	0.0000	0.0000	0.0000	0.0000	0.0000	0.0000	0.0000	0.0000	0.0386	0.0242	0.0144	0.0091	0.0075	0.0016	0.0295	0.0167	0.0128	0.0000	0.0000	0.0000	0.0000	0.0000	0.0000	0.0000	0.0000	0.0000	0.0000	0.0000	0.0000	0.0000	0.0000	0.0000	0.0000	0.0000	0.0000											
51	75	0.1698	7	1	1	1	0	0	0	0	0	N	N	N	N	N	N	N	N	N	N	N	N	0.0000	0.0000	0.0000	0.0000	0.0000	0.0000	0.0000	0.0000	0.0000	0.0000	0.0000	0.0000	0.0000	0.0000	0.0000	0.0000	0.0000	0.0000	0.0000	0.0000	0.0000	0.0000	1.0000	1.0003	0.0000	0.0000	0.0000	0.0000	0.0000	0.0000	0.0000	0.0000	0.0000	0.0000	0.0000	0.0000	0.0000	0.0000	0.0000	0.0000	0.0000	0.0000	0.0000	0.0000	0.0000	0.0000	0.0000	0.0000	0.0000	0.0000	0.0000	0.0022	0.0014	0.0008	0.0005	0.0004	0.0001	0.0017	0.0010	0.0007	0.0000	0.0000	0.0000	0.0000	0.0000	0.0000	0.0000	0.0000	0.0000	0.0000	0.0000	0.0000	0.0000	0.0000	0.0000	0.0000	0.0000	0.0000											
51	76	0.1656	6	1	1	1	0	0	0	0	0	N	N	N	N	N	N	N	N	N	N	N	N	0.0000	0.0000	0.0000	0.0000	0.0000	0.0000	0.0000	0.0000	0.0000	0.0000	0.0000	0.0000	0.0000	0.0000	0.0000	0.0000	0.0000	0.0000	0.0000	0.0000	0.0000	0.0000	1.0000	1.0076	0.0000	0.0000	0.0000	0.0000	0.0000	0.0000	0.0000	0.0000	0.0000	0.0000	0.0000	0.0000	0.0000	0.0000	0.0000	0.0000	0.0000	0.0000	0.0000	0.0000	0.0000	0.0000	0.0000	0.0000	0.0000	0.0000	0.0000	0.0022	0.0014	0.0008	0.0005	0.0004	0.0001	0.0017	0.0010	0.0007	0.0000	0.0000	0.0000	0.0000	0.0000	0.0000	0.0000	0.0000	0.0000	0.0000	0.0000	0.0000	0.0000	0.0000	0.0000	0.0000	0.0000	0.0000											
51	77	0.1616	5	1	1	0	0	0	0	0	0	N	N	N	N	N	N	N	N	N	N	N	N	0.0000	0.0000	0.0000	0.0000	0.0000	0.0000	0.0000	0.0000	0.0000	0.0000	0.0000	0.0000	0.0000	0.0000	0.0000	0.0000	0.0000	0.0000	0.0000	0.0000	0.0000	0.0026	1.0000	0.9924	0.0000	0.0000	0.0000	0.0000	0.0000	0.0000	0.0000	0.0000	0.0000	0.0000	0.0000	0.0000	0.0000	0.0000	0.0000	0.0000	0.0000	0.0000	0.0000	0.0000	0.0000	0.0000	0.0000	0.0000	0.0000	0.0000	0.0000	0.0022	0.0014	0.0008	0.0005	0.0004	0.0001	0.0017	0.0010	0.0007	0.0000	0.0000	0.0000	0.0000	0.0000	0.0000	0.0000	0.0000	0.0000	0.0000	0.0000	0.0000	0.0000	0.0000	0.0000	0.0000	0.0000	0.0000											
51	78	0.1452	4	1	1	0	0	0	0	0	0	N	N	N	N	N	N	N	N	N	N	N	N	0.0000	0.0000	0.0000	0.0000	0.0000	0.0000	0.0000	0.0000	0.0000	0.0000	0.0000	0.0000	0.0000	0.0000	0.0000	0.0000	0.0000	0.0000	0.0000	0.0000	0.0000	2.8733	1.0000	1.5522	0.0000	0.0000	0.0000	0.0000	0.0000	0.0000	0.0000	0.0000	0.0000	0.0000	0.0000	0.0000	0.0000	0.0000	0.0000	0.0000	0.0000	0.0000	0.0000	0.0000	0.0000	0.0000	0.0000	0.0000	0.0000	0.0000	0.0000	0.0119	0.0079	0.0040	0.0034	0.0030	0.0004	0.0085	0.0049	0.0036	0.0000	0.0000	0.0000	0.0000	0.0000	0.0000	0.0000	0.0000	0.0000	0.0000	0.0000	0.0000	0.0000	0.0000	0.0000	0.0000	0.0000	0.0000											
51	79	0.1331	3	1	1	0	0	0	0	0	0	N	N	N	N	N	N	N	N	N	N	N	N	0.0000	0.0000	0.0000	0.0000	0.0000	0.0000	0.0000	0.0000	0.0000	0.0000	0.0000	0.0000	0.0000	0.0000	0.0000	0.0000	0.0000	0.0000	0.0000	0.0000	0.0000	0.2102	1.0000	3.4985	0.0000	0.0000	0.0000	0.0000	0.0000	0.0000	0.0000	0.0000	0.0000	0.0000	0.0000	0.0000	0.0000	0.0000	0.0000	0.0000	0.0000	0.0000	0.0000	0.0000	0.0000	0.0000	0.0000	0.0000	0.0000	0.0000	0.0000	0.0129	0.0090	0.0039	0.0041	0.0039	0.0003	0.0088	0.0052	0.0036	0.0000	0.0000	0.0000	0.0000	0.0000	0.0000	0.0000	0.0000	0.0000	0.0000	0.0000	0.0000	0.0000	0.0000	0.0000	0.0000	0.0000	0.0000											
51	80	0.1642	5	1	2	0	0	0	0	0	0	N	Y	N	N	N	N	N	N	N	N	N	N	0.0000	0.0000	0.0000	0.0000	0.0000	0.0000	0.0000	0.0000	0.0000	0.0000	0.0000	0.0000	0.0000	0.0000	0.0000	0.0000	0.0000	0.0000	0.0000	0.0000	0.0000	2.0196	1.0000	6.0690	0.0000	0.0000	0.0000	0.0000	0.0000	0.0000	0.0000	0.0000	0.0000	0.0000	0.0000	0.0000	0.0000	0.0000	0.0000	0.0000	0.0000	0.0000	0.0000	0.0000	0.0000	0.0000	0.0000	0.0000	0.0000	0.0000	0.0000	0.0177	0.0110	0.0067	0.0049	0.0040	0.0010	0.0128	0.0070	0.0057	0.0000	0.0000	0.0000	0.0000	0.0000	0.0000	0.0000	0.0000	0.0000	0.0000	0.0000	0.0000	0.0000	0.0000	0.0000	0.0000	0.0000	0.0000											
51	81	0.1559	4	1	1	0	0	0	0	0	0	N	N	N	N	N	N	N	N	N	N	N	N	0.0000	0.0000	0.0000	0.0000	0.0000	0.0000	0.0000	0.0000	0.0000	0.0000	0.0000	0.0000	0.0000	0.0000	0.0000	0.0000	0.0000	0.0000	0.0000	0.0000	0.0000	0.9876	1.0000	0.9833	0.0000	0.0000	0.0000	0.0000	0.0000	0.0000	0.0000	0.0000	0.0000	0.0000	0.0000	0.0000	0.0000	0.0000	0.0000	0.0000	0.0000	0.0000	0.0000	0.0000	0.0000	0.0000	0.0000	0.0000	0.0000	0.0000	0.0000	0.0043	0.0026	0.0017	0.0011	0.0009	0.0002	0.0033	0.0018	0.0015	0.0000	0.0000	0.0000	0.0000	0.0000	0.0000	0.0000	0.0000	0.0000	0.0000	0.0000	0.0000	0.0000	0.0000	0.0000	0.0000	0.0000	0.0000											
51	82	0.1735	4	2	1	1	0	0	0	0	0	Y	N	N	N	N	N	N	N	N	N	N	N	0.0000	0.0000	0.0000	0.0000	0.0000	0.0000	0.0000	0.0000	0.0000	0.0000	0.0000	0.0000	0.0000	0.0000	0.0000	0.0000	0.0000	0.0000	0.0000	0.0000	0.0000	1.0000	1.0000	2.9874	0.0000	0.0000	0.0000	0.0000	0.0000	0.0000	0.0000	0.0000	0.0000	0.0000	0.0000	0.0000	0.0000	0.0000	0.0000	0.0000	0.0000	0.0000	0.0000	0.0000	0.0000	0.0000	0.0000	0.0000	0.0000	0.0000	0.0000	0.0083	0.0050	0.0032	0.0019	0.0015	0.0003	0.0064	0.0035	0.0029	0.0000	0.0000	0.0000	0.0000	0.0000	0.0000	0.0000	0.0000	0.0000	0.0000	0.0000	0.0000	0.0000	0.0000	0.0000	0.0000	0.0000	0.0000											
51	83	0.1453	3	2	1	1	0	0	0	0	0	Y	N	N	N	N	N	N	N	N	N	N	N	0.0000	0.0000	0.0000	0.0000	0.0000	0.0000	0.0000	0.0000	0.0000	0.0000	0.0000	0.0000	0.0000	0.0000	0.0000	0.0000	0.0000	0.0000	0.0000	0.0000	0.0000	0.9997	1.0000	6.0128	0.0000	0.0000	0.0000	0.0000	0.0000	0.0000	0.0000	0.0000	0.0000	0.0000	0.0000	0.0000	0.0000	0.0000	0.0000	0.0000	0.0000	0.0000	0.0000	0.0000	0.0000	0.0000	0.0000	0.0000	0.0000	0.0000	0.0000	0.0134	0.0084	0.0051	0.0026	0.0021	0.0005	0.0109	0.0063	0.0046	0.0000	0.0000	0.0000	0.0000	0.0000	0.0000	0.0000	0.0000	0.0000	0.0000	0.0000	0.0000	0.0000	0.0000	0.0000	0.0000	0.0000	0.0000											
51	84	0.1034	2	1	2	0	1	0	0	0	0	N	Y	N	N	N	N	N	N	N	N	N	N	0.0000	0.0000	0.0000	0.0000	0.0000	0.0000	0.0000	0.0000	0.0000	0.0000	0.0000	0.0000	0.0000	0.0000	0.0000	0.0000	0.0000	0.0000	0.0000	0.0000	0.0000	8.0013	1.0000	12.0015	0.0000	0.0000	0.0000	0.0000	0.0000	0.0000	0.0000	0.0000	0.0000	0.0000	0.0000	0.0000	0.0000	0.0000	0.0000	0.0000	0.0000	0.0000	0.0000	0.0000	0.0000	0.0000	0.0000	0.0000	0.0000	0.0000	0.0000	0.0362	0.0214	0.0149	0.0056	0.0045	0.0011	0.0306	0.0169	0.0138	0.0000	0.0000	0.0000	0.0000	0.0000	0.0000	0.0000	0.0000	0.0000	0.0000	0.0000	0.0000	0.0000	0.0000	0.0000	0.0000	0.0000	0.0000											
51	85	0.1599	4	1	2	0	0	0	0	0	0	N	Y	N	N	N	N	N	N	N	N	N	N	0.0000	0.0000	0.0000	0.0000	0.0000	0.0000	0.0000	0.0000	0.0000	0.0000	0.0000	0.0000	0.0000	0.0000	0.0000	0.0000	0.0000	0.0000	0.0000	0.0000	0.0000	1.0000	1.0000	6.9850	0.0000	0.0000	0.0000	0.0000	0.0000	0.0000	0.0000	0.0000	0.0000	0.0000	0.0000	0.0000	0.0000	0.0000	0.0000	0.0000	0.0000	0.0000	0.0000	0.0000	0.0000	0.0000	0.0000	0.0000	0.0000	0.0000	0.0000	0.0162	0.0098	0.0064	0.0036	0.0028	0.0007	0.0127	0.0070	0.0057	0.0000	0.0000	0.0000	0.0000	0.0000	0.0000	0.0000	0.0000	0.0000	0.0000	0.0000	0.0000	0.0000	0.0000	0.0000	0.0000	0.0000	0.0000											
51	86	0.1472	3	1	1	0	0	0	0	0	0	N	N	N	N	N	N	N	N	N	N	N	N	0.0000	0.0000	0.0000	0.0000	0.0000	0.0000	0.0000	0.0000	0.0000	0.0000	0.0000	0.0000	0.0000	0.0000	0.0000	0.0000	0.0000	0.0000	0.0000	0.0000	0.0000	1.0086	1.0000	2.0000	0.0000	0.0000	0.0000	0.0000	0.0000	0.0000	0.0000	0.0000	0.0000	0.0000	0.0000	0.0000	0.0000	0.0000	0.0000	0.0000	0.0000	0.0000	0.0000	0.0000	0.0000	0.0000	0.0000	0.0000	0.0000	0.0000	0.0000	0.0064	0.0038	0.0026	0.0014	0.0011	0.0003	0.0050	0.0027	0.0023	0.0000	0.0000	0.0000	0.0000	0.0000	0.0000	0.0000	0.0000	0.0000	0.0000	0.0000	0.0000	0.0000	0.0000	0.0000	0.0000	0.0000	0.0000											
51	87	0.1453	3	1	2	0	0	0	0	0	0	N	Y	N	N	N	N	N	N	N	N	N	N	0.0000	0.0000	0.0000	0.0000	0.0000	0.0000	0.0000	0.0000	0.0000	0.0000	0.0000	0.0000	0.0000	0.0000	0.0000	0.0000	0.0000	0.0000	0.0000	0.0000	0.0000	4.0000	1.0000	7.0000	0.0000	0.0000	0.0000	0.0000	0.0000	0.0000	0.0000	0.0000	0.0000	0.0000	0.0000	0.0000	0.0000	0.0000	0.0000	0.0000	0.0000	0.0000	0.0000	0.0000	0.0000	0.0000	0.0000	0.0000	0.0000	0.0000	0.0000	0.0205	0.0128	0.0077	0.0039	0.0032	0.0008	0.0165	0.0096	0.0070	0.0000	0.0000	0.0000	0.0000	0.0000	0.0000	0.0000	0.0000	0.0000	0.0000	0.0000	0.0000	0.0000	0.0000	0.0000	0.0000	0.0000	0.0000											
51	88	0.1034	2	1	1	0	0	0	0	0	0	N	N	N	N	N	N	N	N	N	N	N	N	0.0000	0.0000	0.0000	0.0000	0.0000	0.0000	0.0000	0.0000	0.0000	0.0000	0.0000	0.0000	0.0000	0.0000	0.0000	0.0000	0.0000	0.0000	0.0000	0.0000	0.0000	2.9985	1.0000	7.0016	0.0000	0.0000	0.0000	0.0000	0.0000	0.0000	0.0000	0.0000	0.0000	0.0000	0.0000	0.0000	0.0000	0.0000	0.0000	0.0000	0.0000	0.0000	0.0000	0.0000	0.0000	0.0000	0.0000	0.0000	0.0000	0.0000	0.0000	0.0196	0.0115	0.0081	0.0031	0.0025	0.0006	0.0165	0.0090	0.0075	0.0000	0.0000	0.0000	0.0000	0.0000	0.0000	0.0000	0.0000	0.0000	0.0000	0.0000	0.0000	0.0000	0.0000	0.0000	0.0000	0.0000	0.0000											
51	89	0.1644	5	1	2	0	0	0	0	0	0	N	Y	N	N	N	N	N	N	N	N	N	N	0.0000	0.0000	0.0000	0.0000	0.0000	0.0000	0.0000	0.0000	0.0000	0.0000	0.0000	0.0000	0.0000	0.0000	0.0000	0.0000	0.0000	0.0000	0.0000	0.0000	0.0000	0.0157	1.0000	9.0253	0.0000	0.0000	0.0000	0.0000	0.0000	0.0000	0.0000	0.0000	0.0000	0.0000	0.0000	0.0000	0.0000	0.0000	0.0000	0.0000	0.0000	0.0000	0.0000	0.0000	0.0000	0.0000	0.0000	0.0000	0.0000	0.0000	0.0000	0.0189	0.0115	0.0073	0.0049	0.0039	0.0010	0.0140	0.0076	0.0064	0.0000	0.0000	0.0000	0.0000	0.0000	0.0000	0.0000	0.0000	0.0000	0.0000	0.0000	0.0000	0.0000	0.0000	0.0000	0.0000	0.0000	0.0000											
51	90	0.1559	4	1	2	0	0	0	0	0	0	N	Y	N	N	N	N	N	N	N	N	N	N	0.0000	0.0000	0.0000	0.0000	0.0000	0.0000	0.0000	0.0000	0.0000	0.0000	0.0000	0.0000	0.0000	0.0000	0.0000	0.0000	0.0000	0.0000	0.0000	0.0000	0.0000	0.0169	1.0000	2.0013	0.0000	0.0000	0.0000	0.0000	0.0000	0.0000	0.0000	0.0000	0.0000	0.0000	0.0000	0.0000	0.0000	0.0000	0.0000	0.0000	0.0000	0.0000	0.0000	0.0000	0.0000	0.0000	0.0000	0.0000	0.0000	0.0000	0.0000	0.0044	0.0027	0.0017	0.0011	0.0009	0.0002	0.0034	0.0018	0.0015	0.0000	0.0000	0.0000	0.0000	0.0000	0.0000	0.0000	0.0000	0.0000	0.0000	0.0000	0.0000	0.0000	0.0000	0.0000	0.0000	0.0000	0.0000											
51	91	0.1472	3	1	1	0	0	0	0	0	0	N	N	N	N	N	N	N	N	N	N	N	N	0.0000	0.0000	0.0000	0.0000	0.0000	0.0000	0.0000	0.0000	0.0000	0.0000	0.0000	0.0000	0.0000	0.0000	0.0000	0.0000	0.0000	0.0000	0.0000	0.0000	0.0000	1.9923	1.0000	0.0454	0.0000	0.0000	0.0000	0.0000	0.0000	0.0000	0.0000	0.0000	0.0000	0.0000	0.0000	0.0000	0.0000	0.0000	0.0000	0.0000	0.0000	0.0000	0.0000	0.0000	0.0000	0.0000	0.0000	0.0000	0.0000	0.0000	0.0000	0.0044	0.0026	0.0018	0.0010	0.0008	0.0002	0.0034	0.0019	0.0016	0.0000	0.0000	0.0000	0.0000	0.0000	0.0000	0.0000	0.0000	0.0000	0.0000	0.0000	0.0000	0.0000	0.0000	0.0000	0.0000	0.0000	0.0000											
51	92	0.1034	2	1	1	0	0	0	0	0	0	N	N	N	N	N	N	N	N	N	N	N	N	0.0000	0.0000	0.0000	0.0000	0.0000	0.0000	0.0000	0.0000	0.0000	0.0000	0.0000	0.0000	0.0000	0.0000	0.0000	0.0000	0.0000	0.0000	0.0000	0.0000	0.0000	1.0098	1.0000	9.0196	0.0000	0.0000	0.0000	0.0000	0.0000	0.0000	0.0000	0.0000	0.0000	0.0000	0.0000	0.0000	0.0000	0.0000	0.0000	0.0000	0.0000	0.0000	0.0000	0.0000	0.0000	0.0000	0.0000	0.0000	0.0000	0.0000	0.0000	0.0196	0.0116	0.0081	0.0031	0.0025	0.0006	0.0166	0.0091	0.0075	0.0000	0.0000	0.0000	0.0000	0.0000	0.0000	0.0000	0.0000	0.0000	0.0000	0.0000	0.0000	0.0000	0.0000	0.0000	0.0000	0.0000	0.0000											
51	93	0.2001	7	2	2	0	1	0	0	0	0	Y	Y	N	N	N	N	N	N	N	N	N	N	0.0000	0.0000	0.0000	0.0000	0.0000	0.0000	0.0000	0.0000	0.0000	0.0000	0.0000	0.0000	0.0000	0.0000	0.0000	0.0000	0.0000	0.0000	0.0000	0.0000	0.0000	0.0000	1.0000	0.0000	0.0000	0.0000	0.0000	0.0000	0.0000	0.0000	0.0000	0.0000	0.0000	0.0000	0.0000	0.0000	0.0000	0.0000	0.0000	0.0000	0.0000	0.0000	0.0000	0.0000	0.0000	0.0000	0.0000	0.0000	0.0000	0.0000	0.0000	0.0000	0.0000	0.0000	0.0000	0.0000	0.0000	0.0000	0.0000	0.0000	0.0000	0.0000	0.0000	0.0000	0.0000	0.0000	0.0000	0.0000	0.0000	0.0000	0.0000	0.0000	0.0000	0.0000	0.0000	0.0000	0.0000	0.0000											
51	94	0.2001	6	2	2	0	1	0	0	0	0	Y	Y	N	N	N	N	N	N	N	N	N	N	0.0000	0.0000	0.0000	0.0000	0.0000	0.0000	0.0000	0.0000	0.0000	0.0000	0.0000	0.0000	0.0000	0.0000	0.0000	0.0000	0.0000	0.0000	0.0000	0.0000	0.0000	0.0000	1.0000	0.0001	0.0000	0.0000	0.0000	0.0000	0.0000	0.0000	0.0000	0.0000	0.0000	0.0000	0.0000	0.0000	0.0000	0.0000	0.0000	0.0000	0.0000	0.0000	0.0000	0.0000	0.0000	0.0000	0.0000	0.0000	0.0000	0.0000	0.0000	0.0000	0.0000	0.0000	0.0000	0.0000	0.0000	0.0000	0.0000	0.0000	0.0000	0.0000	0.0000	0.0000	0.0000	0.0000	0.0000	0.0000	0.0000	0.0000	0.0000	0.0000	0.0000	0.0000	0.0000	0.0000	0.0000	0.0000											
51	95	0.1822	5	1	2	0	1	0	0	0	0	N	Y	N	N	N	N	N	N	N	N	N	N	0.0000	0.0000	0.0000	0.0000	0.0000	0.0000	0.0000	0.0000	0.0000	0.0000	0.0000	0.0000	0.0000	0.0000	0.0000	0.0000	0.0000	0.0000	0.0000	0.0000	0.0000	0.9845	1.0000	0.9903	0.0000	0.0000	0.0000	0.0000	0.0000	0.0000	0.0000	0.0000	0.0000	0.0000	0.0000	0.0000	0.0000	0.0000	0.0000	0.0000	0.0000	0.0000	0.0000	0.0000	0.0000	0.0000	0.0000	0.0000	0.0000	0.0000	0.0000	0.0045	0.0028	0.0017	0.0008	0.0007	0.0001	0.0037	0.0021	0.0016	0.0000	0.0000	0.0000	0.0000	0.0000	0.0000	0.0000	0.0000	0.0000	0.0000	0.0000	0.0000	0.0000	0.0000	0.0000	0.0000	0.0000	0.0000											
51	96	0.1794	5	1	2	0	0	0	0	0	0	N	Y	N	N	N	N	N	N	N	N	N	N	0.0000	0.0000	0.0000	0.0000	0.0000	0.0000	0.0000	0.0000	0.0000	0.0000	0.0000	0.0000	0.0000	0.0000	0.0000	0.0000	0.0000	0.0000	0.0000	0.0000	0.0000	1.0063	1.0000	3.7812	0.0000	0.0000	0.0000	0.0000	0.0000	0.0000	0.0000	0.0000	0.0000	0.0000	0.0000	0.0000	0.0000	0.0000	0.0000	0.0000	0.0000	0.0000	0.0000	0.0000	0.0000	0.0000	0.0000	0.0000	0.0000	0.0000	0.0000	0.0161	0.0105	0.0055	0.0055	0.0048	0.0008	0.0106	0.0058	0.0048	0.0000	0.0000	0.0000	0.0000	0.0000	0.0000	0.0000	0.0000	0.0000	0.0000	0.0000	0.0000	0.0000	0.0000	0.0000	0.0000	0.0000	0.0000											
51	97	0.1822	5	1	1	1	1	0	0	0	0	N	N	N	N	N	N	N	N	N	N	N	N	0.0000	0.0000	0.0000	0.0000	0.0000	0.0000	0.0000	0.0000	0.0000	0.0000	0.0000	0.0000	0.0000	0.0000	0.0000	0.0000	0.0000	0.0000	0.0000	0.0000	0.0000	1.0165	1.0000	1.0129	0.0000	0.0000	0.0000	0.0000	0.0000	0.0000	0.0000	0.0000	0.0000	0.0000	0.0000	0.0000	0.0000	0.0000	0.0000	0.0000	0.0000	0.0000	0.0000	0.0000	0.0000	0.0000	0.0000	0.0000	0.0000	0.0000	0.0000	0.0046	0.0028	0.0018	0.0008	0.0007	0.0001	0.0038	0.0022	0.0017	0.0000	0.0000	0.0000	0.0000	0.0000	0.0000	0.0000	0.0000	0.0000	0.0000	0.0000	0.0000	0.0000	0.0000	0.0000	0.0000	0.0000	0.0000											
51	98	0.1693	4	1	1	0	1	0	0	0	0	N	N	N	N	N	N	N	N	N	N	N	N	0.0000	0.0000	0.0000	0.0000	0.0000	0.0000	0.0000	0.0000	0.0000	0.0000	0.0000	0.0000	0.0000	0.0000	0.0000	0.0000	0.0000	0.0000	0.0000	0.0000	0.0000	2.0241	1.0000	1.0265	0.0000	0.0000	0.0000	0.0000	0.0000	0.0000	0.0000	0.0000	0.0000	0.0000	0.0000	0.0000	0.0000	0.0000	0.0000	0.0000	0.0000	0.0000	0.0000	0.0000	0.0000	0.0000	0.0000	0.0000	0.0000	0.0000	0.0000	0.0066	0.0040	0.0026	0.0013	0.0011	0.0003	0.0053	0.0029	0.0023	0.0000	0.0000	0.0000	0.0000	0.0000	0.0000	0.0000	0.0000	0.0000	0.0000	0.0000	0.0000	0.0000	0.0000	0.0000	0.0000	0.0000	0.0000											
51	99	0.1693	4	1	1	1	1	0	0	0	0	N	N	N	N	N	N	N	N	N	N	N	N	0.0000	0.0000	0.0000	0.0000	0.0000	0.0000	0.0000	0.0000	0.0000	0.0000	0.0000	0.0000	0.0000	0.0000	0.0000	0.0000	0.0000	0.0000	0.0000	0.0000	0.0000	3.0066	1.0000	0.0000	0.0000	0.0000	0.0000	0.0000	0.0000	0.0000	0.0000	0.0000	0.0000	0.0000	0.0000	0.0000	0.0000	0.0000	0.0000	0.0000	0.0000	0.0000	0.0000	0.0000	0.0000	0.0000	0.0000	0.0000	0.0000	0.0000	0.0000	0.0065	0.0040	0.0026	0.0013	0.0011	0.0003	0.0052	0.0029	0.0023	0.0000	0.0000	0.0000	0.0000	0.0000	0.0000	0.0000	0.0000	0.0000	0.0000	0.0000	0.0000	0.0000	0.0000	0.0000	0.0000	0.0000	0.0000											
51	100	0.1950	4	1	1	1	1	0	0	0	0	N	N	N	N	N	N	N	N	N	N	N	N	0.0000	0.0000	0.0000	0.0000	0.0000	0.0000	0.0000	0.0000	0.0000	0.0000	0.0000	0.0000	0.0000	0.0000	0.0000	0.0000	0.0000	0.0000	0.0000	0.0000	0.0000	0.0000	1.0000	2.0000	0.0000	0.0000	0.0000	0.0000	0.0000	0.0000	0.0000	0.0000	0.0000	0.0000	0.0000	0.0000	0.0000	0.0000	0.0000	0.0000	0.0000	0.0000	0.0000	0.0000	0.0000	0.0000	0.0000	0.0000	0.0000	0.0000	0.0000	0.0042	0.0025	0.0017	0.0009	0.0007	0.0002	0.0033	0.0018	0.0015	0.0000	0.0000	0.0000	0.0000	0.0000	0.0000	0.0000	0.0000	0.0000	0.0000	0.0000	0.0000	0.0000	0.0000	0.0000	0.0000	0.0000	0.0000											
51	101	0.1560	3	1	1	1	1	0	0	0	0	N	N	N	N	N	N	N	N	N	N	N	N	0.0000	0.0000	0.0000	0.0000	0.0000	0.0000	0.0000	0.0000	0.0000	0.0000	0.0000	0.0000	0.0000	0.0000	0.0000	0.0000	0.0000	0.0000	0.0000	0.0000	0.0000	5.8899	1.0000	3.1847	0.0000	0.0000	0.0000	0.0000	0.0000	0.0000	0.0000	0.0000	0.0000	0.0000	0.0000	0.0000	0.0000	0.0000	0.0000	0.0000	0.0000	0.0000	0.0000	0.0000	0.0000	0.0000	0.0000	0.0000	0.0000	0.0000	0.0000	0.0201	0.0122	0.0079	0.0042	0.0035	0.0007	0.0159	0.0087	0.0071	0.0000	0.0000	0.0000	0.0000	0.0000	0.0000	0.0000	0.0000	0.0000	0.0000	0.0000	0.0000	0.0000	0.0000	0.0000	0.0000	0.0000	0.0000											
51	104	0.1664	3	1	2	0	0	0	0	0	0	N	Y	N	N	N	N	N	N	N	N	N	N	0.0000	0.0000	0.0000	0.0000	0.0000	0.0000	0.0000	0.0000	0.0000	0.0000	0.0000	0.0000	0.0000	0.0000	0.0000	0.0000	0.0000	0.0000	0.0000	0.0000	0.0000	2.0010	1.0000	1.0153	0.0000	0.0000	0.0000	0.0000	0.0000	0.0000	0.0000	0.0000	0.0000	0.0000	0.0000	0.0000	0.0000	0.0000	0.0000	0.0000	0.0000	0.0000	0.0000	0.0000	0.0000	0.0000	0.0000	0.0000	0.0000	0.0000	0.0000	0.0068	0.0041	0.0026	0.0020	0.0016	0.0004	0.0048	0.0026	0.0022	0.0000	0.0000	0.0000	0.0000	0.0000	0.0000	0.0000	0.0000	0.0000	0.0000	0.0000	0.0000	0.0000	0.0000	0.0000	0.0000	0.0000	0.0000											
51	105	0.1034	2	1	2	0	0	0	0	0	0	N	Y	N	N	N	N	N	N	N	N	N	N	0.0000	0.0000	0.0000	0.0000	0.0000	0.0000	0.0000	0.0000	0.0000	0.0000	0.0000	0.0000	0.0000	0.0000	0.0000	0.0000	0.0000	0.0000	0.0000	0.0000	0.0000	3.0162	1.0000	11.0438	0.0000	0.0000	0.0000	0.0000	0.0000	0.0000	0.0000	0.0000	0.0000	0.0000	0.0000	0.0000	0.0000	0.0000	0.0000	0.0000	0.0000	0.0000	0.0000	0.0000	0.0000	0.0000	0.0000	0.0000	0.0000	0.0000	0.0000	0.0267	0.0157	0.0110	0.0042	0.0034	0.0008	0.0225	0.0124	0.0102	0.0000	0.0000	0.0000	0.0000	0.0000	0.0000	0.0000	0.0000	0.0000	0.0000	0.0000	0.0000	0.0000	0.0000	0.0000	0.0000	0.0000	0.0000											
51	106	0.2043	7	2	2	0	0	0	0	0	0	Y	Y	N	N	N	N	N	N	N	N	N	N	0.0000	0.0000	0.0000	0.0000	0.0000	0.0000	0.0000	0.0000	0.0000	0.0000	0.0000	0.0000	0.0000	0.0000	0.0000	0.0000	0.0000	0.0000	0.0000	0.0000	0.0000	1.0000	1.0000	1.0000	0.0000	0.0000	0.0000	0.0000	0.0000	0.0000	0.0000	0.0000	0.0000	0.0000	0.0000	0.0000	0.0000	0.0000	0.0000	0.0000	0.0000	0.0000	0.0000	0.0000	0.0000	0.0000	0.0000	0.0000	0.0000	0.0000	0.0000	0.0045	0.0028	0.0018	0.0012	0.0009	0.0002	0.0033	0.0018	0.0015	0.0000	0.0000	0.0000	0.0000	0.0000	0.0000	0.0000	0.0000	0.0000	0.0000	0.0000	0.0000	0.0000	0.0000	0.0000	0.0000	0.0000	0.0000											
51	107	0.2001	6	2	2	0	0	0	0	0	0	Y	Y	N	N	N	N	N	N	N	N	N	N	0.0000	0.0000	0.0000	0.0000	0.0000	0.0000	0.0000	0.0000	0.0000	0.0000	0.0000	0.0000	0.0000	0.0000	0.0000	0.0000	0.0000	0.0000	0.0000	0.0000	0.0000	0.0000	1.0000	0.9999	0.0000	0.0000	0.0000	0.0000	0.0000	0.0000	0.0000	0.0000	0.0000	0.0000	0.0000	0.0000	0.0000	0.0000	0.0000	0.0000	0.0000	0.0000	0.0000	0.0000	0.0000	0.0000	0.0000	0.0000	0.0000	0.0000	0.0000	0.0023	0.0014	0.0008	0.0007	0.0006	0.0001	0.0015	0.0008	0.0007	0.0000	0.0000	0.0000	0.0000	0.0000	0.0000	0.0000	0.0000	0.0000	0.0000	0.0000	0.0000	0.0000	0.0000	0.0000	0.0000	0.0000	0.0000											
51	108	0.1794	5	2	2	0	0	0	0	0	0	Y	Y	N	N	N	N	N	N	N	N	N	N	0.0000	0.0000	0.0000	0.0000	0.0000	0.0000	0.0000	0.0000	0.0000	0.0000	0.0000	0.0000	0.0000	0.0000	0.0000	0.0000	0.0000	0.0000	0.0000	0.0000	0.0000	0.0100	1.0000	4.8896	0.0000	0.0000	0.0000	0.0000	0.0000	0.0000	0.0000	0.0000	0.0000	0.0000	0.0000	0.0000	0.0000	0.0000	0.0000	0.0000	0.0000	0.0000	0.0000	0.0000	0.0000	0.0000	0.0000	0.0000	0.0000	0.0000	0.0000	0.0163	0.0107	0.0056	0.0056	0.0048	0.0008	0.0107	0.0059	0.0049	0.0000	0.0000	0.0000	0.0000	0.0000	0.0000	0.0000	0.0000	0.0000	0.0000	0.0000	0.0000	0.0000	0.0000	0.0000	0.0000	0.0000	0.0000											
51	109	0.1693	4	1	2	0	0	0	0	0	0	N	Y	N	N	N	N	N	N	N	N	N	N	0.0000	0.0000	0.0000	0.0000	0.0000	0.0000	0.0000	0.0000	0.0000	0.0000	0.0000	0.0000	0.0000	0.0000	0.0000	0.0000	0.0000	0.0000	0.0000	0.0000	0.0000	1.0007	1.0000	1.4004	0.0000	0.0000	0.0000	0.0000	0.0000	0.0000	0.0000	0.0000	0.0000	0.0000	0.0000	0.0000	0.0000	0.0000	0.0000	0.0000	0.0000	0.0000	0.0000	0.0000	0.0000	0.0000	0.0000	0.0000	0.0000	0.0000	0.0000	0.0053	0.0032	0.0021	0.0011	0.0009	0.0002	0.0042	0.0023	0.0019	0.0000	0.0000	0.0000	0.0000	0.0000	0.0000	0.0000	0.0000	0.0000	0.0000	0.0000	0.0000	0.0000	0.0000	0.0000	0.0000	0.0000	0.0000											
51	110	0.1560	3	1	1	0	0	0	0	0	0	N	N	N	N	N	N	N	N	N	N	N	N	0.0000	0.0000	0.0000	0.0000	0.0000	0.0000	0.0000	0.0000	0.0000	0.0000	0.0000	0.0000	0.0000	0.0000	0.0000	0.0000	0.0000	0.0000	0.0000	0.0000	0.0000	0.3039	1.0000	2.8719	0.0000	0.0000	0.0000	0.0000	0.0000	0.0000	0.0000	0.0000	0.0000	0.0000	0.0000	0.0000	0.0000	0.0000	0.0000	0.0000	0.0000	0.0000	0.0000	0.0000	0.0000	0.0000	0.0000	0.0000	0.0000	0.0000	0.0000	0.0082	0.0051	0.0032	0.0020	0.0017	0.0003	0.0062	0.0033	0.0029	0.0000	0.0000	0.0000	0.0000	0.0000	0.0000	0.0000	0.0000	0.0000	0.0000	0.0000	0.0000	0.0000	0.0000	0.0000	0.0000	0.0000	0.0000											
51	111	0.1034	2	1	1	0	0	0	0	0	0	N	N	N	N	N	N	N	N	N	N	N	N	0.0000	0.0000	0.0000	0.0000	0.0000	0.0000	0.0000	0.0000	0.0000	0.0000	0.0000	0.0000	0.0000	0.0000	0.0000	0.0000	0.0000	0.0000	0.0000	0.0000	0.0000	3.8240	1.0000	8.1760	0.0000	0.0000	0.0000	0.0000	0.0000	0.0000	0.0000	0.0000	0.0000	0.0000	0.0000	0.0000	0.0000	0.0000	0.0000	0.0000	0.0000	0.0000	0.0000	0.0000	0.0000	0.0000	0.0000	0.0000	0.0000	0.0000	0.0000	0.0231	0.0136	0.0095	0.0036	0.0029	0.0007	0.0195	0.0107	0.0088	0.0000	0.0000	0.0000	0.0000	0.0000	0.0000	0.0000	0.0000	0.0000	0.0000	0.0000	0.0000	0.0000	0.0000	0.0000	0.0000	0.0000	0.0000											
51	115	0.2961	5	1	1	0	0	0	0	0	0	N	N	N	N	N	N	N	N	N	N	N	N	0.0000	0.0000	0.0000	0.0000	0.0000	0.0000	0.0000	0.0000	0.0000	0.0000	0.0000	0.0000	0.0000	0.0128	0.0177	0.0000	0.0247	0.0291	0.0000	0.0000	0.0000	0.0000	0.0000	0.0000	-0.0005	0.0000	8.9918	1.0000	13.3277	0.0000	0.0000	0.0000	0.0000	0.0000	0.0000	0.0000	0.0000	0.0000	0.0010	0.0010	0.0000	0.0010	0.0010	0.0000	0.0000	0.0000	0.0000	0.0000	0.0000	0.0000	0.0000	0.0000	0.0000	0.0000	0.0000	0.0000	0.0764	0.0555	0.0210	0.0396	0.0336	0.0060	0.0368	0.0218	0.0149	0.0000	0.0000	0.0000	0.0000	0.0000	0.0000	0.0000	0.0000	0.0000	0.0128	0.0177	0.0000	0.0247	0.0291	0.0000	0.0000	0.0000	0.0000						
52	56	0.1646	8	0	2	1	1	0	0	0	0	N	Y	N	N	N	N	N	N	N	N	N	N	0.0000	0.0000	0.0000	0.0000	0.0000	0.0000	0.0000	0.0000	0.0000	0.0000	0.0000	0.0000	0.0000	0.0000	0.0000	0.0000	0.0000	0.0000	0.0000	0.0000	0.0000	0.0000	0.0000	0.0000	0.0000	0.0000	0.2551	0.0000	-0.0000	0.9995	2.0013	1.0399	5.6727	0.0000	0.0000	0.0000	0.0000	0.0000	0.0000	0.0000	0.0000	0.0000	0.0000	0.0000	0.0000	0.0000	0.0000	0.0000	0.0000	0.0000	0.0000	0.0270	0.0230	0.0040	0.0016	0.0015	0.0001	0.0254	0.0215	0.0039	0.0509	0.0367	0.0142	0.0149	0.0137	0.0012	0.0360	0.0230	0.0130	0.0000	0.0000	0.0000	0.0000	0.0000	0.0000	0.0000	0.0000	0.0000	0.0000	0.0000	0.0000	0.0000	0.0000	0.0000	0.0000	0.0000	0.0000		
52	57	0.1609	7	0	2	0	1	0	0	0	0	N	Y	N	N	N	N	N	N	N	N	N	N	0.0000	0.0000	0.0000	0.0000	0.0000	0.0000	0.0000	0.0000	0.0000	0.0000	0.0000	0.0000	0.0000	0.0000	0.0000	0.0000	0.0000	0.0000	0.0000	0.0001	0.0000	0.0000	0.0000	0.0000	0.0000	0.0001	4.2453	0.0000	0.0000	0.9995	0.0033	1.0399	1.3874	0.0000	0.0000	0.0000	0.0000	0.0000	0.0000	0.0000	0.0000	0.0000	0.0000	0.0000	0.0000	0.0000	0.0000	0.0000	0.0000	0.0000	0.0000	0.0001	0.0001	0.0000	0.0000	0.0000	0.0000	0.0001	0.0000	0.0000	0.0163	0.0127	0.0036	0.0061	0.0059	0.0002	0.0101	0.0068	0.0033	0.0000	0.0000	0.0000	0.0000	0.0000	0.0000	0.0000	0.0000	0.0000	0.0000	0.0000	0.0001	0.0000	0.0000	0.0000	0.0000	0.0000	0.0001		
52	58	0.1458	6	1	1	1	1	0	0	0	0	N	N	N	N	N	N	N	N	N	N	N	N	0.0000	0.0000	0.0000	0.0000	0.0000	0.0000	0.0000	0.0000	0.0000	0.0000	0.0000	0.0000	0.0000	0.0000	0.0000	0.0000	0.0000	0.0000	0.0000	0.0000	0.9995	0.0000	1.0399	2.0000	0.0000	0.0000	0.0000	0.0000	0.0000	0.0000	0.0000	0.0000	0.0000	0.0000	0.0000	0.0000	0.0000	0.0000	0.0000	0.0000	0.0000	0.0000	0.0000	0.0000	0.0000	0.0000	0.0000	0.0000	0.0000	0.0000	0.0000	0.0117	0.0081	0.0036	0.0027	0.0024	0.0002	0.0090	0.0056	0.0034	0.0000	0.0000	0.0000	0.0000	0.0000	0.0000	0.0000	0.0000	0.0000	0.0000	0.0000	0.0000	0.0000	0.0000	0.0000	0.0000	0.0000	0.0000											
52	59	0.1609	7	0	2	0	1	0	0	0	0	N	Y	N	N	N	N	N	N	N	N	N	N	0.0000	0.0000	0.0000	0.0000	0.0000	0.0000	0.0000	0.0000	0.0000	0.0000	0.0000	0.0000	0.0000	0.0000	0.0008	0.0011	0.0000	0.0025	0.0027	0.0000	0.0000	0.0000	0.0000	0.0000	0.0000	-0.0000	0.9995	1.9997	1.0399	3.4660	0.0000	0.0000	0.0000	0.0000	0.0000	0.0000	0.0000	0.0000	0.0000	0.0000	0.0000	0.0000	0.0000	0.0000	0.0000	0.0000	0.0000	0.0000	0.0269	0.0229	0.0040	0.0015	0.0014	0.0001	0.0254	0.0215	0.0039	0.0390	0.0284	0.0106	0.0118	0.0110	0.0009	0.0271	0.0174	0.0097	0.0000	0.0000	0.0000	0.0000	0.0000	0.0000	0.0000	0.0000	0.0000	0.0008	0.0011	0.0000	0.0025	0.0027	0.0000	0.0000	0.0000	0.0000					
52	60	0.1458	6	0	2	0	1	0	0	0	0	N	Y	N	N	N	N	N	N	N	N	N	N	0.0000	0.0000	0.0000	0.0000	0.0000	0.0000	0.0000	0.0000	0.0000	0.0000	0.0000	0.0000	0.0000	0.0010	0.0014	0.0000	0.0042	0.0046	0.0000	0.0000	0.0000	0.0000	0.0000	0.0000	-0.0000	0.9995	0.0005	1.0399	3.6054	0.0000	0.0000	0.0000	0.0000	0.0000	0.0000	0.0000	0.0000	0.0000	0.0000	0.0000	0.0000	0.0000	0.0000	0.0000	0.0000	0.0000	0.0000	0.0000	0.0000	0.0000	0.0000	0.0000	0.0000	0.0000	0.0000	0.0000	0.0209	0.0144	0.0065	0.0048	0.0044	0.0004	0.0161	0.0101	0.0060	0.0000	0.0000	0.0000	0.0000	0.0000	0.0000	0.0000	0.0000	0.0000	0.0010	0.0014	0.0000	0.0042	0.0046	0.0000	0.0000	0.0000	0.0000						
52	61	0.1185	5	0	1	1	1	0	0	0	0	N	N	N	N	N	N	N	N	N	N	N	N	0.0000	0.0000	0.0000	0.0000	0.0000	0.0000	0.0000	0.0000	0.0000	0.0000	0.0000	0.0000	0.0000	0.0000	0.0000	0.0000	0.0000	0.0000	0.0000	0.0000	0.9995	0.0000	1.0399	1.0000	0.0000	0.0000	0.0000	0.0000	0.0000	0.0000	0.0000	0.0000	0.0000	0.0000	0.0000	0.0000	0.0000	0.0000	0.0000	0.0000	0.0000	0.0000	0.0000	0.0000	0.0000	0.0000	0.0000	0.0000	0.0000	0.0000	0.0000	0.0058	0.0039	0.0020	0.0013	0.0012	0.0001	0.0045	0.0027	0.0018	0.0000	0.0000	0.0000	0.0000	0.0000	0.0000	0.0000	0.0000	0.0000	0.0000	0.0000	0.0000	0.0000	0.0000	0.0000	0.0000	0.0000	0.0000											
52	62	0.1143	4	0	1	0	1	0	0	0	0	N	N	N	N	N	N	N	N	N	N	N	N	0.0000	0.0000	0.0000	0.0000	0.0000	0.0000	0.0000	0.0000	0.0000	0.0000	0.0000	0.0000	0.0000	0.0000	0.0000	0.0000	0.0000	0.0000	0.0000	0.0000	0.9995	0.0001	1.0399	1.0076	0.0000	0.0000	0.0000	0.0000	0.0000	0.0000	0.0000	0.0000	0.0000	0.0000	0.0000	0.0000	0.0000	0.0000	0.0000	0.0000	0.0000	0.0000	0.0000	0.0000	0.0000	0.0000	0.0000	0.0000	0.0000	0.0000	0.0000	0.0071	0.0049	0.0022	0.0019	0.0018	0.0001	0.0052	0.0031	0.0020	0.0000	0.0000	0.0000	0.0000	0.0000	0.0000	0.0000	0.0000	0.0000	0.0000	0.0000	0.0000	0.0000	0.0000	0.0000	0.0000	0.0000	0.0000											
52	63	0.0475	3	0	1	0	1	0	0	0	0	N	N	N	N	N	N	N	N	N	N	N	N	0.0000	0.0000	0.0000	0.0000	0.0000	0.0000	0.0000	0.0000	0.0000	0.0000	0.0000	0.0000	0.0000	0.0000	0.0000	0.0000	0.0000	0.0000	0.0000	-0.0000	0.9995	11.9999	1.0399	3.0574	0.0000	0.0000	0.0000	0.0000	0.0000	0.0000	0.0000	0.0000	0.0000	0.0000	0.0000	0.0000	0.0000	0.0000	0.0000	0.0000	0.0000	0.0000	0.1479	0.1263	0.0216	0.0025	0.0023	0.0001	0.1454	0.1239	0.0215	0.0840	0.0556	0.0283	0.0145	0.0140	0.0005	0.0695	0.0416	0.0279	0.0000	0.0000	0.0000	0.0000	0.0000	0.0000	0.0000	0.0000	0.0000	0.0000	0.0000	0.0000	0.0000	0.0000	0.0000	0.0000	0.0000	0.0000											
52	64	0.1458	6	1	2	0	1	0	0	0	0	N	Y	N	N	N	N	N	N	N	N	N	N	0.0000	0.0000	0.0000	0.0000	0.0000	0.0000	0.0000	0.0000	0.0000	0.0000	0.0000	0.0000	0.0000	0.0000	0.0000	0.0000	0.0000	0.0000	0.0000	0.0000	0.9995	4.0000	1.0399	3.0000	0.0000	0.0000	0.0000	0.0000	0.0000	0.0000	0.0000	0.0000	0.0000	0.0000	0.0000	0.0000	0.0000	0.0000	0.0000	0.0000	0.0000	0.0000	0.0527	0.0449	0.0078	0.0029	0.0028	0.0001	0.0498	0.0422	0.0076	0.0398	0.0275	0.0123	0.0092	0.0084	0.0008	0.0306	0.0191	0.0114	0.0000	0.0000	0.0000	0.0000	0.0000	0.0000	0.0000	0.0000	0.0000	0.0000	0.0000	0.0000	0.0000	0.0000	0.0000	0.0000	0.0000	0.0000											
52	65	0.1039	5	0	1	0	1	0	0	0	0	N	N	N	N	N	N	N	N	N	N	N	N	0.0000	0.0000	0.0000	0.0000	0.0000	0.0000	0.0000	0.0000	0.0000	0.0000	0.0000	0.0000	0.0000	0.0000	0.0000	0.2793	0.6728	0.0000	0.0050	0.0054	0.0000	0.2844	0.4706	0.0000	0.0000	0.0000	-0.0080	0.9995	2.0015	1.0399	10.0016	0.0000	0.0000	0.0000	0.0000	0.0000	0.0000	0.0000	0.0000	0.0000	0.0148	0.0148	0.0000	0.0001	0.0001	0.0000	0.0147	0.0147	0.0000	0.0273	0.0231	0.0041	0.0007	0.0007	0.0000	0.0265	0.0225	0.0041	0.0659	0.0443	0.0216	0.0141	0.0130	0.0011	0.0518	0.0313	0.0205	0.0000	0.0000	0.0000	0.0000	0.0000	0.0000	0.0000	0.0000	0.0000	0.2245	0.3341	0.0000	0.0050	0.0054	0.0000	0.2844	0.4706	0.0000				
52	67	0.2588	7	0	1	0	1	0	0	0	0	N	N	N	N	N	N	N	N	N	N	N	N	0.0000	0.0000	0.0000	0.0000	0.0000	0.0000	0.0000	0.0000	0.0000	0.0000	0.0000	0.0000	0.0000	0.0000	0.0000	0.0000	0.0000	0.0000	0.0041	0.0055	0.0001	0.0095	0.0108	0.0003	0.0000	0.0000	0.0000	0.0044	0.0000	-0.0003	0.9995	4.8614	1.0399	14.2102	0.0000	0.0000	0.0000	0.0000	0.0000	0.0000	0.0000	0.0000	0.0000	0.0006	0.0006	0.0000	0.0006	0.0006	0.0000	0.0000	0.0000	0.0000	0.0718	0.0619	0.0099	0.0080	0.0077	0.0003	0.0638	0.0542	0.0096	0.1518	0.1115	0.0403	0.0653	0.0573	0.0080	0.0864	0.0542	0.0323	0.0000	0.0000	0.0000	0.0000	0.0000	0.0000	0.0000	0.0000	0.0000	0.0041	0.0055	0.0001	0.0095	0.0108	0.0003	0.0000	0.0000	0.0000	
52	68	0.1797	9	1	2	1	1	0	0	0	0	N	Y	N	N	N	N	N	N	N	N	N	N	0.0000	0.0000	0.0000	0.0000	0.0000	0.0000	0.0000	0.0000	0.0000	0.0000	0.0000	0.0000	0.0000	0.0000	0.0000	0.0000	0.0000	0.0000	0.0000	0.0000	0.9995	0.0000	1.0399	0.0000	0.0000	0.0000	0.0000	0.0000	0.0000	0.0000	0.0000	0.0000	0.0000	0.0000	0.0000	0.0000	0.0000	0.0000	0.0000	0.0000	0.0000	0.0000	0.0000	0.0000	0.0000	0.0000	0.0000	0.0000	0.0000	0.0000	0.0000	0.0000	0.0000	0.0000	0.0000	0.0000	0.0000	0.0000	0.0000	0.0000	0.0000	0.0000	0.0000	0.0000	0.0000	0.0000	0.0000	0.0000	0.0000	0.0000	0.0000	0.0000	0.0000	0.0000	0.0000	0.0000	0.0000	0.0000											
52	69	0.1755	8	1	1	1	1	0	0	0	0	N	N	N	N	N	N	N	N	N	N	N	N	0.0000	0.0000	0.0000	0.0000	0.0000	0.0000	0.0000	0.0000	0.0000	0.0000	0.0000	0.0000	0.0000	0.0000	0.0000	0.0000	0.0000	0.0000	0.0000	0.0000	0.0000	0.0000	0.0072	0.0000	-0.0000	0.9995	0.0016	1.0399	0.9826	0.0000	0.0000	0.0000	0.0000	0.0000	0.0000	0.0000	0.0000	0.0000	0.0000	0.0000	0.0000	0.0000	0.0000	0.0000	0.0000	0.0000	0.0000	0.0001	0.0001	0.0000	0.0000	0.0000	0.0000	0.0001	0.0000	0.0000	0.0062	0.0043	0.0019	0.0018	0.0016	0.0002	0.0044	0.0027	0.0017	0.0000	0.0000	0.0000	0.0000	0.0000	0.0000	0.0000	0.0000	0.0000	0.0000	0.0000	0.0000	0.0000	0.0000	0.0000	0.0000	0.0000	0.0000						
52	70	0.1628	7	1	1	1	1	0	0	0	0	N	N	N	N	N	N	N	N	N	N	N	N	0.0000	0.0000	0.0000	0.0000	0.0000	0.0000	0.0000	0.0000	0.0000	0.0000	0.0000	0.0000	0.0000	0.0010	0.0015	0.0000	0.0038	0.0042	0.0000	0.0000	0.0000	0.0000	0.0000	0.0000	-0.0000	0.9995	0.0061	1.0399	3.0249	0.0000	0.0000	0.0000	0.0000	0.0000	0.0000	0.0000	0.0000	0.0000	0.0000	0.0000	0.0000	0.0000	0.0000	0.0000	0.0000	0.0000	0.0000	0.0002	0.0002	0.0000	0.0001	0.0001	0.0000	0.0001	0.0001	0.0000	0.0191	0.0133	0.0058	0.0053	0.0048	0.0005	0.0138	0.0085	0.0053	0.0000	0.0000	0.0000	0.0000	0.0000	0.0000	0.0000	0.0000	0.0000	0.0010	0.0015	0.0000	0.0038	0.0042	0.0000	0.0000	0.0000	0.0000						
52	71	0.1458	6	1	1	1	1	0	0	0	0	N	N	N	N	N	N	N	N	N	N	N	N	0.0000	0.0000	0.0000	0.0000	0.0000	0.0000	0.0000	0.0000	0.0000	0.0000	0.0000	0.0000	0.0000	0.0000	0.0000	0.0000	0.0000	0.0000	0.0000	0.0000	0.0000	0.0000	0.0000	0.0000	0.0000	0.9973	0.0000	-0.0000	0.9995	0.0044	1.0399	4.0281	0.0000	0.0000	0.0000	0.0000	0.0000	0.0000	0.0000	0.0000	0.0000	0.0000	0.0000	0.0000	0.0000	0.0000	0.0000	0.0000	0.0000	0.0000	0.0001	0.0001	0.0000	0.0000	0.0000	0.0000	0.0001	0.0000	0.0000	0.0233	0.0161	0.0072	0.0054	0.0049	0.0005	0.0180	0.0112	0.0067	0.0000	0.0000	0.0000	0.0000	0.0000	0.0000	0.0000	0.0000	0.0000	0.0000	0.0000	0.0000	0.0000	0.0000	0.0000	0.0000	0.0000	0.0000			
52	72	0.1039	5	0	2	0	1	0	0	0	0	N	Y	N	N	N	N	N	N	N	N	N	N	0.0000	0.0000	0.0000	0.0000	0.0000	0.0000	0.0000	0.0000	0.0000	0.0000	0.0000	0.0000	0.0000	0.0000	0.0000	5.8205	0.0000	36.4433	0.6865	0.0000	3.6530	7.1815	0.0000	35.5600	inf	0.0000	0.2358	0.9995	5.9987	1.0399	11.0016	0.0000	0.0000	0.0000	0.0000	0.0000	0.0000	0.0000	0.0000	0.0000	0.5125	0.0000	0.5125	0.0037	0.0000	0.0037	0.5087	0.0000	0.5087	0.0785	0.0668	0.0117	0.0021	0.0019	0.0001	0.0765	0.0649	0.0116	0.0904	0.0610	0.0294	0.0196	0.0180	0.0016	0.0708	0.0430	0.0278	0.0000	0.0000	0.0000	0.0000	0.0000	0.0000	0.0000	0.0000	0.0000	5.6682	0.0000	17.4296	0.1911	0.0000	2.3925	7.1815	0.0000	18.2740				
52	73	0.1458	6	1	1	1	1	0	0	0	0	N	N	N	N	N	N	N	N	N	N	N	N	0.0000	0.0000	0.0000	0.0000	0.0000	0.0000	0.0000	0.0000	0.0000	0.0000	0.0000	0.0000	0.0000	0.0008	0.0011	0.0000	0.0033	0.0036	0.0000	0.0000	0.0000	0.0000	0.0000	0.0000	-0.0000	0.9995	2.0000	1.0399	5.0000	0.0000	0.0000	0.0000	0.0000	0.0000	0.0000	0.0000	0.0000	0.0000	0.0000	0.0000	0.0000	0.0000	0.0000	0.0000	0.0000	0.0000	0.0000	0.0269	0.0229	0.0040	0.0015	0.0014	0.0001	0.0254	0.0215	0.0039	0.0398	0.0275	0.0123	0.0092	0.0084	0.0008	0.0306	0.0191	0.0114	0.0000	0.0000	0.0000	0.0000	0.0000	0.0000	0.0000	0.0000	0.0000	0.0008	0.0011	0.0000	0.0033	0.0036	0.0000	0.0000	0.0000	0.0000						
52	74	0.1457	7	0	2	0	1	0	0	0	0	N	Y	N	N	N	N	N	N	N	N	N	N	0.0000	0.0000	0.0000	0.0000	0.0000	0.0000	0.0000	0.0000	0.0000	0.0000	0.0000	0.0000	0.0000	0.0000	0.0000	0.0000	0.0000	0.0000	0.0004	0.0006	0.0000	0.0020	0.0021	0.0000	0.0000	0.0000	0.0000	0.0007	0.0000	-0.0000	0.9995	6.1274	1.0399	13.6208	0.0000	0.0000	0.0000	0.0000	0.0000	0.0000	0.0000	0.0000	0.0000	0.0000	0.0000	0.0000	0.0000	0.0000	0.0000	0.0000	0.0000	0.0000	0.0829	0.0707	0.0122	0.0037	0.0036	0.0002	0.0792	0.0672	0.0121	0.1106	0.0757	0.0349	0.0229	0.0219	0.0010	0.0877	0.0537	0.0340	0.0000	0.0000	0.0000	0.0000	0.0000	0.0000	0.0000	0.0000	0.0000	0.0004	0.0006	0.0000	0.0020	0.0021	0.0000	0.0000	0.0000	0.0000	
52	75	0.1703	10	0	1	1	1	0	0	0	0	N	N	N	N	N	N	N	N	N	N	N	N	0.0000	0.0000	0.0000	0.0000	0.0000	0.0000	0.0000	0.0000	0.0000	0.0000	0.0000	0.0000	0.0000	0.0000	0.0000	0.0000	0.0000	0.0000	0.0000	0.0000	0.0000	0.0000	0.0000	0.0000	-0.0000	0.9995	0.0000	1.0399	1.0003	0.0000	0.0000	0.0000	0.0000	0.0000	0.0000	0.0000	0.0000	0.0000	0.0000	0.0000	0.0000	0.0000	0.0000	0.0000	0.0000	0.0000	0.0000	0.0000	0.0000	0.0000	0.0000	0.0000	0.0000	0.0000	0.0000	0.0000	0.0059	0.0041	0.0019	0.0012	0.0011	0.0001	0.0047	0.0029	0.0018	0.0000	0.0000	0.0000	0.0000	0.0000	0.0000	0.0000	0.0000	0.0000	0.0000	0.0000	0.0000	0.0000	0.0000	0.0000	0.0000	0.0000	0.0000						
52	76	0.1662	9	0	1	1	1	0	0	0	0	N	N	N	N	N	N	N	N	N	N	N	N	0.0000	0.0000	0.0000	0.0000	0.0000	0.0000	0.0000	0.0000	0.0000	0.0000	0.0000	0.0000	0.0000	0.0000	0.0000	0.0000	0.0000	0.0051	0.0074	0.0000	0.0262	0.0275	0.0006	0.0000	0.0000	0.0000	0.0015	0.0000	-0.0000	0.9995	0.0000	1.0399	1.0076	0.0000	0.0000	0.0000	0.0000	0.0000	0.0000	0.0000	0.0000	0.0000	0.0000	0.0000	0.0000	0.0000	0.0000	0.0000	0.0000	0.0000	0.0000	0.0000	0.0000	0.0000	0.0000	0.0000	0.0000	0.0000	0.0000	0.0000	0.0059	0.0041	0.0019	0.0011	0.0011	0.0001	0.0048	0.0030	0.0018	0.0000	0.0000	0.0000	0.0000	0.0000	0.0000	0.0000	0.0000	0.0000	0.0051	0.0074	0.0000	0.0262	0.0275	0.0006	0.0000	0.0000	0.0000		
52	77	0.1621	8	0	1	0	1	0	0	0	0	N	N	N	N	N	N	N	N	N	N	N	N	0.0000	0.0000	0.0000	0.0000	0.0000	0.0000	0.0000	0.0000	0.0000	0.0000	0.0000	0.0000	0.0000	0.0000	0.0000	0.0000	0.0000	0.0000	0.0001	0.0001	0.0000	0.0000	0.0000	0.0000	0.0281	0.0000	-0.0000	0.9995	0.0026	1.0399	0.9924	0.0000	0.0000	0.0000	0.0000	0.0000	0.0000	0.0000	0.0000	0.0000	0.0000	0.0000	0.0000	0.0000	0.0000	0.0000	0.0000	0.0000	0.0000	0.0001	0.0001	0.0000	0.0000	0.0000	0.0000	0.0001	0.0001	0.0000	0.0059	0.0040	0.0018	0.0011	0.0011	0.0001	0.0047	0.0029	0.0018	0.0000	0.0000	0.0000	0.0000	0.0000	0.0000	0.0000	0.0000	0.0000	0.0000	0.0000	0.0000	0.0001	0.0001	0.0000	0.0000	0.0000	0.0000				
52	78	0.1457	7	0	1	0	1	0	0	0	0	N	N	N	N	N	N	N	N	N	N	N	N	0.0000	0.0000	0.0000	0.0000	0.0000	0.0000	0.0000	0.0000	0.0000	0.0000	0.0000	0.0000	0.0000	0.0000	0.0000	0.0000	0.0000	0.0000	0.0002	0.0003	0.0000	0.0008	0.0008	0.0004	0.0000	0.0000	0.0000	0.0176	0.0000	-0.0000	0.9995	2.8733	1.0399	1.5522	0.0000	0.0000	0.0000	0.0000	0.0000	0.0000	0.0000	0.0000	0.0000	0.0000	0.0000	0.0000	0.0000	0.0000	0.0000	0.0000	0.0000	0.0000	0.0418	0.0357	0.0062	0.0027	0.0026	0.0001	0.0392	0.0331	0.0061	0.0320	0.0224	0.0096	0.0078	0.0076	0.0002	0.0242	0.0148	0.0094	0.0000	0.0000	0.0000	0.0000	0.0000	0.0000	0.0000	0.0000	0.0000	0.0002	0.0003	0.0000	0.0008	0.0008	0.0004	0.0000	0.0000	0.0000	
52	79	0.1336	6	0	1	0	1	0	0	0	0	N	N	N	N	N	N	N	N	N	N	N	N	0.0000	0.0000	0.0000	0.0000	0.0000	0.0000	0.0000	0.0000	0.0000	0.0000	0.0000	0.0000	0.0000	0.0000	0.0000	0.0000	0.0000	0.0000	0.0005	0.0007	0.0001	0.0011	0.0011	0.0006	0.0002	0.0004	0.0001	0.0512	0.0000	-0.0000	0.9995	0.2102	1.0399	3.4985	0.0000	0.0000	0.0000	0.0000	0.0000	0.0000	0.0000	0.0000	0.0000	0.0000	0.0000	0.0000	0.0000	0.0000	0.0000	0.0000	0.0000	0.0000	0.0048	0.0041	0.0006	0.0010	0.0010	0.0000	0.0038	0.0031	0.0006	0.0365	0.0269	0.0096	0.0120	0.0116	0.0004	0.0244	0.0153	0.0091	0.0000	0.0000	0.0000	0.0000	0.0000	0.0000	0.0000	0.0000	0.0000	0.0005	0.0007	0.0001	0.0011	0.0011	0.0006	0.0002	0.0004	0.0001	
52	80	0.0772	6	0	2	0	1	0	0	0	0	N	Y	N	N	N	N	N	N	N	N	N	N	0.0000	0.0000	0.0000	0.0000	0.0000	0.0000	0.0000	0.0000	0.0000	0.0000	0.0000	0.0000	0.0000	0.0000	0.0000	0.0000	0.0000	0.0000	0.0006	0.0009	0.0000	0.0032	0.0033	0.0001	0.0000	0.0000	0.0000	0.0021	0.0000	-0.0000	0.9995	2.0196	1.0399	6.0690	0.0000	0.0000	0.0000	0.0000	0.0000	0.0000	0.0000	0.0000	0.0000	0.0000	0.0000	0.0000	0.0000	0.0000	0.0000	0.0000	0.0000	0.0000	0.0278	0.0236	0.0042	0.0010	0.0009	0.0001	0.0269	0.0228	0.0041	0.0488	0.0326	0.0162	0.0094	0.0091	0.0003	0.0394	0.0234	0.0159	0.0000	0.0000	0.0000	0.0000	0.0000	0.0000	0.0000	0.0000	0.0000	0.0006	0.0009	0.0000	0.0032	0.0033	0.0001	0.0000	0.0000	0.0000	
52	81	0.0689	5	0	1	0	1	0	0	0	0	N	N	N	N	N	N	N	N	N	N	N	N	0.0000	0.0000	0.0000	0.0000	0.0000	0.0000	0.0000	0.0000	0.0000	0.0000	0.0000	0.0000	0.0000	0.0000	0.0000	0.0000	0.0000	0.0000	0.0001	0.0001	0.0001	0.0003	0.0003	0.0000	0.0001	0.0000	0.0001	0.3427	0.0000	-0.0000	0.9995	0.9876	1.0399	0.9833	0.0000	0.0000	0.0000	0.0000	0.0000	0.0000	0.0000	0.0000	0.0000	0.0000	0.0000	0.0000	0.0000	0.0000	0.0000	0.0000	0.0000	0.0000	0.0135	0.0114	0.0021	0.0002	0.0002	0.0000	0.0133	0.0112	0.0020	0.0121	0.0080	0.0041	0.0022	0.0021	0.0001	0.0100	0.0059	0.0041	0.0000	0.0000	0.0000	0.0000	0.0000	0.0000	0.0000	0.0000	0.0000	0.0001	0.0001	0.0001	0.0003	0.0003	0.0000	0.0001	0.0000	0.0001	
52	82	0.1741	7	1	1	1	1	0	0	0	0	N	N	N	N	N	N	N	N	N	N	N	N	0.0000	0.0000	0.0000	0.0000	0.0000	0.0000	0.0000	0.0000	0.0000	0.0000	0.0000	0.0000	0.0000	0.0000	0.0000	0.0000	0.0000	0.0000	0.0000	-0.0000	0.9995	1.0000	1.0399	2.9874	0.0000	0.0000	0.0000	0.0000	0.0000	0.0000	0.0000	0.0000	0.0000	0.0000	0.0000	0.0000	0.0000	0.0000	0.0000	0.0000	0.0000	0.0000	0.0137	0.0116	0.0021	0.0002	0.0002	0.0000	0.0135	0.0114	0.0021	0.0240	0.0163	0.0076	0.0064	0.0057	0.0006	0.0176	0.0106	0.0070	0.0000	0.0000	0.0000	0.0000	0.0000	0.0000	0.0000	0.0000	0.0000	0.0000	0.0000	0.0000	0.0000	0.0000	0.0000	0.0000	0.0000	0.0000											
52	83	0.1458	6	1	1	1	1	0	0	0	0	N	N	N	N	N	N	N	N	N	N	N	N	0.0000	0.0000	0.0000	0.0000	0.0000	0.0000	0.0000	0.0000	0.0000	0.0000	0.0000	0.0000	0.0000	0.0003	0.0004	0.0000	0.0011	0.0012	0.0000	0.0000	0.0000	0.0000	0.0000	0.0000	-0.0000	0.9995	0.9997	1.0399	6.0128	0.0000	0.0000	0.0000	0.0000	0.0000	0.0000	0.0000	0.0000	0.0000	0.0000	0.0000	0.0000	0.0000	0.0000	0.0000	0.0000	0.0000	0.0000	0.0136	0.0115	0.0020	0.0008	0.0007	0.0000	0.0128	0.0108	0.0020	0.0398	0.0275	0.0123	0.0092	0.0084	0.0008	0.0306	0.0192	0.0115	0.0000	0.0000	0.0000	0.0000	0.0000	0.0000	0.0000	0.0000	0.0000	0.0003	0.0004	0.0000	0.0011	0.0012	0.0000	0.0000	0.0000	0.0000						
52	84	0.1039	5	0	2	0	2	0	0	0	0	N	Y	N	Y	N	N	N	N	N	N	N	N	0.0000	0.0000	0.0000	0.0000	0.0000	0.0000	0.0000	0.0000	0.0000	0.0000	0.0000	0.0000	0.0000	0.0006	0.0008	0.0000	0.0026	0.0029	0.0000	0.0000	0.0000	0.0000	0.0000	0.0000	-0.0000	0.9995	8.0013	1.0399	12.0015	0.0000	0.0000	0.0000	0.0000	0.0000	0.0000	0.0000	0.0000	0.0000	0.0001	0.0001	0.0000	0.0001	0.0001	0.0000	0.0000	0.0000	0.0000	0.1028	0.0876	0.0152	0.0027	0.0025	0.0002	0.1001	0.0851	0.0150	0.1044	0.0706	0.0338	0.0227	0.0209	0.0018	0.0817	0.0497	0.0320	0.0000	0.0000	0.0000	0.0000	0.0000	0.0000	0.0000	0.0000	0.0000	0.0006	0.0008	0.0000	0.0026	0.0029	0.0000	0.0000	0.0000	0.0000						
52	85	0.0475	3	0	2	0	1	0	0	0	0	N	Y	N	N	N	N	N	N	N	N	N	N	0.0000	0.0000	0.0000	0.0000	0.0000	0.0000	0.0000	0.0000	0.0000	0.0000	0.0000	0.0000	0.0000	0.0009	0.0013	0.0000	0.0050	0.0051	0.0000	0.0000	0.0000	0.0000	0.0000	0.0000	-0.0000	0.9995	1.0000	1.0399	6.9850	0.0000	0.0000	0.0000	0.0000	0.0000	0.0000	0.0000	0.0000	0.0000	0.0000	0.0000	0.0000	0.0000	0.0000	0.0000	0.0000	0.0000	0.0000	0.0137	0.0116	0.0021	0.0002	0.0002	0.0000	0.0134	0.0114	0.0021	0.0469	0.0309	0.0160	0.0080	0.0078	0.0003	0.0389	0.0231	0.0157	0.0000	0.0000	0.0000	0.0000	0.0000	0.0000	0.0000	0.0000	0.0000	0.0009	0.0013	0.0000	0.0050	0.0051	0.0000	0.0000	0.0000	0.0000						
52	87	0.1458	6	0	2	0	1	0	0	0	0	N	Y	N	N	N	N	N	N	N	N	N	N	0.0000	0.0000	0.0000	0.0000	0.0000	0.0000	0.0000	0.0000	0.0000	0.0000	0.0000	0.0000	0.0000	0.0000	0.0000	0.3303	0.7186	0.0000	0.0035	0.0039	0.0000	0.3151	0.5024	0.0000	0.0000	0.0000	-0.0080	0.9995	4.0000	1.0399	7.0000	0.0000	0.0000	0.0000	0.0000	0.0000	0.0000	0.0000	0.0000	0.0000	0.0148	0.0148	0.0000	0.0000	0.0000	0.0000	0.0147	0.0147	0.0000	0.0527	0.0449	0.0078	0.0029	0.0028	0.0001	0.0498	0.0422	0.0076	0.0610	0.0422	0.0187	0.0142	0.0129	0.0013	0.0467	0.0293	0.0174	0.0000	0.0000	0.0000	0.0000	0.0000	0.0000	0.0000	0.0000	0.0000	0.2425	0.3500	0.0000	0.0035	0.0039	0.0000	0.3151	0.5024	0.0000				
52	88	0.1039	5	0	1	0	1	0	0	0	0	N	N	N	N	N	N	N	N	N	N	N	N	0.0000	0.0000	0.0000	0.0000	0.0000	0.0000	0.0000	0.0000	0.0000	0.0000	0.0000	0.0000	0.0000	0.0004	0.0005	0.0000	0.0017	0.0018	0.0000	0.0000	0.0000	0.0000	0.0000	0.0000	-0.0000	0.9995	2.9985	1.0399	7.0016	0.0000	0.0000	0.0000	0.0000	0.0000	0.0000	0.0000	0.0000	0.0000	0.0000	0.0000	0.0000	0.0000	0.0000	0.0000	0.0000	0.0000	0.0000	0.0404	0.0343	0.0061	0.0011	0.0010	0.0001	0.0393	0.0333	0.0060	0.0556	0.0373	0.0183	0.0119	0.0109	0.0010	0.0438	0.0264	0.0174	0.0000	0.0000	0.0000	0.0000	0.0000	0.0000	0.0000	0.0000	0.0000	0.0004	0.0005	0.0000	0.0017	0.0018	0.0000	0.0000	0.0000	0.0000						
52	89	0.0775	6	0	2	0	1	0	0	0	0	N	Y	N	N	N	N	N	N	N	N	N	N	0.0000	0.0000	0.0000	0.0000	0.0000	0.0000	0.0000	0.0000	0.0000	0.0000	0.0000	0.0000	0.0000	0.0000	0.0000	0.0000	0.0000	0.4282	0.9512	0.0000	0.0087	0.0093	0.0000	0.3428	0.5760	0.0000	0.0000	0.0000	-0.0080	0.9995	0.0157	1.0399	9.0253	0.0000	0.0000	0.0000	0.0000	0.0000	0.0000	0.0000	0.0000	0.0000	0.0148	0.0148	0.0000	0.0001	0.0001	0.0000	0.0147	0.0147	0.0000	0.0008	0.0007	0.0001	0.0003	0.0003	0.0000	0.0005	0.0004	0.0001	0.0538	0.0358	0.0181	0.0110	0.0103	0.0007	0.0428	0.0255	0.0173	0.0000	0.0000	0.0000	0.0000	0.0000	0.0000	0.0000	0.0000	0.0000	0.2745	0.4130	0.0000	0.0087	0.0093	0.0000	0.3428	0.5760	0.0000		
52	90	0.0689	5	0	2	0	1	0	0	0	0	N	Y	N	N	N	N	N	N	N	N	N	N	0.0000	0.0000	0.0000	0.0000	0.0000	0.0000	0.0000	0.0000	0.0000	0.0000	0.0000	0.0000	0.0000	0.0000	0.0000	0.0000	0.0000	0.0000	0.0037	0.0052	0.0008	0.0003	0.0003	0.0001	0.0045	0.0070	0.0008	0.0756	0.0000	-0.0000	0.9995	0.0169	1.0399	2.0013	0.0000	0.0000	0.0000	0.0000	0.0000	0.0000	0.0000	0.0000	0.0000	0.0000	0.0000	0.0000	0.0000	0.0000	0.0000	0.0000	0.0000	0.0000	0.0003	0.0002	0.0000	0.0000	0.0000	0.0000	0.0002	0.0002	0.0000	0.0124	0.0082	0.0042	0.0022	0.0021	0.0001	0.0102	0.0061	0.0042	0.0000	0.0000	0.0000	0.0000	0.0000	0.0000	0.0000	0.0000	0.0000	0.0037	0.0052	0.0008	0.0003	0.0003	0.0001	0.0045	0.0070	0.0008	
52	91	0.0602	4	0	1	0	1	0	0	0	0	N	N	N	N	N	N	N	N	N	N	N	N	0.0000	0.0000	0.0000	0.0000	0.0000	0.0000	0.0000	0.0000	0.0000	0.0000	0.0000	0.0000	0.0000	0.0000	0.0000	0.0000	0.0000	0.0000	0.0000	0.0001	0.0000	0.0001	0.0001	0.0001	0.0000	0.0000	0.0000	0.3449	0.0000	-0.0000	0.9995	1.9923	1.0399	0.0454	0.0000	0.0000	0.0000	0.0000	0.0000	0.0000	0.0000	0.0000	0.0000	0.0000	0.0000	0.0000	0.0000	0.0000	0.0000	0.0000	0.0000	0.0000	0.0270	0.0229	0.0041	0.0005	0.0005	0.0000	0.0265	0.0224	0.0041	0.0125	0.0082	0.0043	0.0021	0.0021	0.0001	0.0104	0.0061	0.0043	0.0000	0.0000	0.0000	0.0000	0.0000	0.0000	0.0000	0.0000	0.0000	0.0000	0.0001	0.0000	0.0001	0.0001	0.0001	0.0000	0.0000	0.0000	
52	93	0.2007	10	1	2	0	2	0	0	0	0	N	Y	N	Y	N	N	N	N	N	N	N	N	0.0000	0.0000	0.0000	0.0000	0.0000	0.0000	0.0000	0.0000	0.0000	0.0000	0.0000	0.0000	0.0000	0.0000	0.0000	0.0000	0.0000	0.0000	0.0000	0.0000	0.9995	0.0000	1.0399	0.0000	0.0000	0.0000	0.0000	0.0000	0.0000	0.0000	0.0000	0.0000	0.0000	0.0000	0.0000	0.0000	0.0000	0.0000	0.0000	0.0000	0.0000	0.0000	0.0000	0.0000	0.0000	0.0000	0.0000	0.0000	0.0000	0.0000	0.0000	0.0000	0.0000	0.0000	0.0000	0.0000	0.0000	0.0000	0.0000	0.0000	0.0000	0.0000	0.0000	0.0000	0.0000	0.0000	0.0000	0.0000	0.0000	0.0000	0.0000	0.0000	0.0000	0.0000	0.0000	0.0000	0.0000	0.0000											
52	94	0.2007	9	1	2	0	2	0	0	0	0	N	Y	N	Y	N	N	N	N	N	N	N	N	0.0000	0.0000	0.0000	0.0000	0.0000	0.0000	0.0000	0.0000	0.0000	0.0000	0.0000	0.0000	0.0000	0.0000	0.0000	0.0000	0.0000	0.0000	0.0000	0.0000	0.9995	0.0000	1.0399	0.0001	0.0000	0.0000	0.0000	0.0000	0.0000	0.0000	0.0000	0.0000	0.0000	0.0000	0.0000	0.0000	0.0000	0.0000	0.0000	0.0000	0.0000	0.0000	0.0000	0.0000	0.0000	0.0000	0.0000	0.0000	0.0000	0.0000	0.0000	0.0000	0.0000	0.0000	0.0000	0.0000	0.0000	0.0000	0.0000	0.0000	0.0000	0.0000	0.0000	0.0000	0.0000	0.0000	0.0000	0.0000	0.0000	0.0000	0.0000	0.0000	0.0000	0.0000	0.0000	0.0000	0.0000	0.0000											
52	95	0.1827	8	0	2	0	2	0	0	0	0	N	Y	N	Y	N	N	N	N	N	N	N	N	0.0000	0.0000	0.0000	0.0000	0.0000	0.0000	0.0000	0.0000	0.0000	0.0000	0.0000	0.0000	0.0000	0.0000	0.0000	0.0000	0.0000	0.0000	0.0000	0.0000	0.9995	0.9845	1.0399	0.9903	0.0000	0.0000	0.0000	0.0000	0.0000	0.0000	0.0000	0.0000	0.0000	0.0000	0.0000	0.0000	0.0000	0.0000	0.0000	0.0000	0.0000	0.0000	0.0141	0.0120	0.0021	0.0012	0.0012	0.0001	0.0129	0.0109	0.0020	0.0120	0.0082	0.0038	0.0031	0.0028	0.0002	0.0090	0.0054	0.0036	0.0000	0.0000	0.0000	0.0000	0.0000	0.0000	0.0000	0.0000	0.0000	0.0000	0.0000	0.0000	0.0000	0.0000	0.0000	0.0000	0.0000	0.0000											
52	96	0.1799	8	0	2	0	1	0	0	0	0	N	Y	N	N	N	N	N	N	N	N	N	N	0.0000	0.0000	0.0000	0.0000	0.0000	0.0000	0.0000	0.0000	0.0000	0.0000	0.0000	0.0000	0.0000	0.0000	0.0000	0.0000	0.0002	0.0003	0.0000	0.0005	0.0006	0.0000	0.0000	0.0000	0.0001	0.0767	0.0000	-0.0000	0.9995	1.0063	1.0399	3.7812	0.0000	0.0000	0.0000	0.0000	0.0000	0.0000	0.0000	0.0000	0.0000	0.0000	0.0000	0.0000	0.0000	0.0000	0.0000	0.0000	0.0000	0.0000	0.0140	0.0119	0.0021	0.0007	0.0006	0.0000	0.0134	0.0113	0.0021	0.0394	0.0274	0.0119	0.0143	0.0128	0.0015	0.0251	0.0146	0.0104	0.0000	0.0000	0.0000	0.0000	0.0000	0.0000	0.0000	0.0000	0.0000	0.0002	0.0003	0.0000	0.0005	0.0006	0.0000	0.0000	0.0000	0.0001			
52	97	0.1827	8	0	1	1	2	0	0	0	0	N	N	N	Y	N	N	N	N	N	N	N	N	0.0000	0.0000	0.0000	0.0000	0.0000	0.0000	0.0000	0.0000	0.0000	0.0000	0.0000	0.0000	0.0000	0.0000	0.0000	0.0000	0.0000	0.0000	0.0000	0.0000	0.9995	1.0165	1.0399	1.0129	0.0000	0.0000	0.0000	0.0000	0.0000	0.0000	0.0000	0.0000	0.0000	0.0000	0.0000	0.0000	0.0000	0.0000	0.0000	0.0000	0.0000	0.0000	0.0145	0.0124	0.0021	0.0012	0.0012	0.0001	0.0133	0.0112	0.0021	0.0123	0.0084	0.0039	0.0031	0.0029	0.0003	0.0092	0.0055	0.0037	0.0000	0.0000	0.0000	0.0000	0.0000	0.0000	0.0000	0.0000	0.0000	0.0000	0.0000	0.0000	0.0000	0.0000	0.0000	0.0000	0.0000	0.0000											
52	98	0.1698	7	0	1	0	2	0	0	0	0	N	N	N	Y	N	N	N	N	N	N	N	N	0.0000	0.0000	0.0000	0.0000	0.0000	0.0000	0.0000	0.0000	0.0000	0.0000	0.0000	0.0000	0.0000	0.0000	0.0000	0.0000	0.0000	0.0000	0.0000	-0.0000	0.9995	2.0241	1.0399	1.0265	0.0000	0.0000	0.0000	0.0000	0.0000	0.0000	0.0000	0.0000	0.0000	0.0000	0.0000	0.0000	0.0000	0.0000	0.0000	0.0000	0.0000	0.0000	0.0280	0.0238	0.0042	0.0014	0.0013	0.0001	0.0266	0.0225	0.0041	0.0179	0.0121	0.0057	0.0048	0.0043	0.0005	0.0131	0.0079	0.0052	0.0000	0.0000	0.0000	0.0000	0.0000	0.0000	0.0000	0.0000	0.0000	0.0000	0.0000	0.0000	0.0000	0.0000	0.0000	0.0000	0.0000	0.0000											
52	99	0.1698	7	0	1	1	2	0	0	0	0	N	N	N	Y	N	N	N	N	N	N	N	N	0.0000	0.0000	0.0000	0.0000	0.0000	0.0000	0.0000	0.0000	0.0000	0.0000	0.0000	0.0000	0.0000	0.0000	0.0000	0.0000	0.0000	0.0000	0.0000	0.0000	0.9995	3.0066	1.0399	0.0000	0.0000	0.0000	0.0000	0.0000	0.0000	0.0000	0.0000	0.0000	0.0000	0.0000	0.0000	0.0000	0.0000	0.0000	0.0000	0.0000	0.0000	0.0000	0.0410	0.0349	0.0061	0.0020	0.0019	0.0001	0.0390	0.0330	0.0060	0.0176	0.0120	0.0057	0.0047	0.0042	0.0005	0.0129	0.0078	0.0052	0.0000	0.0000	0.0000	0.0000	0.0000	0.0000	0.0000	0.0000	0.0000	0.0000	0.0000	0.0000	0.0000	0.0000	0.0000	0.0000	0.0000	0.0000											
52	100	0.1955	7	0	1	1	2	0	0	0	0	N	N	N	Y	N	N	N	N	N	N	N	N	0.0000	0.0000	0.0000	0.0000	0.0000	0.0000	0.0000	0.0000	0.0000	0.0000	0.0000	0.0000	0.0000	0.0017	0.0000	0.0054	0.0000	0.0000	0.0000	0.0024	0.0000	0.0059	inf	0.0000	0.0000	0.9995	0.0000	1.0399	2.0000	0.0000	0.0000	0.0000	0.0000	0.0000	0.0000	0.0000	0.0000	0.0000	0.0000	0.0000	0.0000	0.0000	0.0000	0.0000	0.0000	0.0000	0.0000	0.0000	0.0000	0.0000	0.0000	0.0000	0.0000	0.0000	0.0000	0.0000	0.0115	0.0078	0.0037	0.0031	0.0028	0.0003	0.0084	0.0050	0.0034	0.0000	0.0000	0.0000	0.0000	0.0000	0.0000	0.0000	0.0000	0.0000	0.0017	0.0000	0.0054	0.0000	0.0000	0.0000	0.0024	0.0000	0.0059						
52	101	0.1565	6	0	1	1	2	0	0	0	0	N	N	N	Y	N	N	N	N	N	N	N	N	0.0000	0.0000	0.0000	0.0000	0.0000	0.0000	0.0000	0.0000	0.0000	0.0000	0.0000	0.0000	0.0000	0.0000	0.0000	0.0000	0.0000	0.0000	0.0001	0.0002	0.0000	0.0004	0.0005	0.0000	0.0000	0.0000	0.0000	0.0013	0.0000	-0.0000	0.9995	5.8899	1.0399	3.1847	0.0000	0.0000	0.0000	0.0000	0.0000	0.0000	0.0000	0.0000	0.0000	0.0000	0.0000	0.0000	0.0000	0.0000	0.0000	0.0000	0.0000	0.0000	0.0807	0.0688	0.0119	0.0055	0.0051	0.0004	0.0751	0.0637	0.0115	0.0536	0.0364	0.0172	0.0146	0.0132	0.0014	0.0390	0.0232	0.0158	0.0000	0.0000	0.0000	0.0000	0.0000	0.0000	0.0000	0.0000	0.0000	0.0001	0.0002	0.0000	0.0004	0.0005	0.0000	0.0000	0.0000	0.0000	
52	102	0.2033	6	1	2	0	1	0	0	0	0	N	Y	N	N	N	N	N	N	N	N	N	N	0.0000	0.0000	0.0000	0.0000	0.0000	0.0000	0.0000	0.0000	0.0000	0.0000	0.0000	0.0000	0.0000	0.0000	0.0000	0.0000	0.0000	0.0000	0.0000	0.0000	0.9995	0.0000	1.0399	0.0000	0.0000	0.0000	0.0000	0.0000	0.0000	0.0000	0.0000	0.0000	0.0000	0.0000	0.0000	0.0000	0.0000	0.0000	0.0000	0.0000	0.0000	0.0000	0.0000	0.0000	0.0000	0.0000	0.0000	0.0000	0.0000	0.0000	0.0000	0.0000	0.0000	0.0000	0.0000	0.0000	0.0000	0.0000	0.0000	0.0000	0.0000	0.0000	0.0000	0.0000	0.0000	0.0000	0.0000	0.0000	0.0000	0.0000	0.0000	0.0000	0.0000	0.0000	0.0000	0.0000	0.0000	0.0000											
52	103	0.1039	5	1	2	0	1	0	0	0	0	N	Y	N	N	N	N	N	N	N	N	N	N	0.0000	0.0000	0.0000	0.0000	0.0000	0.0000	0.0000	0.0000	0.0000	0.0000	0.0000	0.0000	0.0000	0.0006	0.0009	0.0000	0.0028	0.0031	0.0000	0.0000	0.0000	0.0000	0.0000	0.0000	-0.0000	0.9995	8.0012	1.0399	14.0016	0.0000	0.0000	0.0000	0.0000	0.0000	0.0000	0.0000	0.0000	0.0000	0.0001	0.0001	0.0000	0.0001	0.0001	0.0000	0.0000	0.0000	0.0000	0.1028	0.0876	0.0152	0.0027	0.0025	0.0002	0.1001	0.0851	0.0150	0.1134	0.0768	0.0366	0.0248	0.0228	0.0020	0.0886	0.0540	0.0346	0.0000	0.0000	0.0000	0.0000	0.0000	0.0000	0.0000	0.0000	0.0000	0.0006	0.0009	0.0000	0.0028	0.0031	0.0000	0.0000	0.0000	0.0000						
52	104	0.1669	6	0	2	0	1	0	0	0	0	N	Y	N	N	N	N	N	N	N	N	N	N	0.0000	0.0000	0.0000	0.0000	0.0000	0.0000	0.0000	0.0000	0.0000	0.0000	0.0000	0.0000	0.0000	0.0000	0.0000	0.0000	0.0000	0.0000	0.0001	0.0000	0.0001	0.0001	0.0000	0.0009	0.0000	0.0000	0.0000	5.1567	0.0000	0.0000	0.9995	2.0010	1.0399	1.0153	0.0000	0.0000	0.0000	0.0000	0.0000	0.0000	0.0000	0.0000	0.0000	0.0000	0.0000	0.0000	0.0000	0.0000	0.0000	0.0000	0.0000	0.0000	0.0270	0.0230	0.0041	0.0007	0.0006	0.0000	0.0263	0.0223	0.0040	0.0185	0.0125	0.0060	0.0057	0.0049	0.0008	0.0128	0.0076	0.0052	0.0000	0.0000	0.0000	0.0000	0.0000	0.0000	0.0000	0.0000	0.0000	0.0001	0.0000	0.0001	0.0001	0.0000	0.0009	0.0000	0.0000	0.0000	
52	105	0.1039	5	0	2	0	1	0	0	0	0	N	Y	N	N	N	N	N	N	N	N	N	N	0.0000	0.0000	0.0000	0.0000	0.0000	0.0000	0.0000	0.0000	0.0000	0.0000	0.0000	0.0000	0.0000	0.0000	0.0000	0.0000	0.0008	0.0012	0.0000	0.0037	0.0040	0.0000	0.0000	0.0000	0.0000	0.0024	0.0000	-0.0000	0.9995	3.0162	1.0399	11.0438	0.0000	0.0000	0.0000	0.0000	0.0000	0.0000	0.0000	0.0000	0.0000	0.0001	0.0001	0.0000	0.0001	0.0001	0.0000	0.0000	0.0000	0.0000	0.0407	0.0345	0.0061	0.0011	0.0010	0.0001	0.0396	0.0335	0.0061	0.0762	0.0513	0.0249	0.0164	0.0151	0.0013	0.0598	0.0362	0.0236	0.0000	0.0000	0.0000	0.0000	0.0000	0.0000	0.0000	0.0000	0.0000	0.0008	0.0012	0.0000	0.0037	0.0040	0.0000	0.0000	0.0000	0.0000			
52	106	0.2048	10	1	2	0	1	0	0	0	0	N	Y	N	N	N	N	N	N	N	N	N	N	0.0000	0.0000	0.0000	0.0000	0.0000	0.0000	0.0000	0.0000	0.0000	0.0000	0.0000	0.0000	0.0000	0.0000	0.0000	0.0000	0.0000	0.0000	0.0000	0.0000	0.9995	1.0000	1.0399	1.0000	0.0000	0.0000	0.0000	0.0000	0.0000	0.0000	0.0000	0.0000	0.0000	0.0000	0.0000	0.0000	0.0000	0.0000	0.0000	0.0000	0.0000	0.0000	0.0138	0.0117	0.0021	0.0006	0.0006	0.0000	0.0132	0.0112	0.0020	0.0121	0.0085	0.0036	0.0049	0.0042	0.0007	0.0072	0.0043	0.0029	0.0000	0.0000	0.0000	0.0000	0.0000	0.0000	0.0000	0.0000	0.0000	0.0000	0.0000	0.0000	0.0000	0.0000	0.0000	0.0000	0.0000	0.0000											
52	107	0.2007	9	1	2	0	1	0	0	0	0	N	Y	N	N	N	N	N	N	N	N	N	N	0.0000	0.0000	0.0000	0.0000	0.0000	0.0000	0.0000	0.0000	0.0000	0.0000	0.0000	0.0000	0.0000	0.0000	0.0000	0.0000	0.0000	0.0000	0.0000	0.0000	0.9995	0.0000	1.0399	0.9999	0.0000	0.0000	0.0000	0.0000	0.0000	0.0000	0.0000	0.0000	0.0000	0.0000	0.0000	0.0000	0.0000	0.0000	0.0000	0.0000	0.0000	0.0000	0.0000	0.0000	0.0000	0.0000	0.0000	0.0000	0.0000	0.0000	0.0000	0.0060	0.0042	0.0019	0.0022	0.0019	0.0003	0.0039	0.0023	0.0016	0.0000	0.0000	0.0000	0.0000	0.0000	0.0000	0.0000	0.0000	0.0000	0.0000	0.0000	0.0000	0.0000	0.0000	0.0000	0.0000	0.0000	0.0000											
52	108	0.1799	8	1	2	0	1	0	0	0	0	N	Y	N	N	N	N	N	N	N	N	N	N	0.0000	0.0000	0.0000	0.0000	0.0000	0.0000	0.0000	0.0000	0.0000	0.0000	0.0000	0.0000	0.0000	0.0000	0.0000	0.0000	0.0000	0.0002	0.0003	0.0000	0.0004	0.0005	0.0000	0.0001	0.0002	0.0001	0.0676	0.0000	-0.0000	0.9995	0.0100	1.0399	4.8896	0.0000	0.0000	0.0000	0.0000	0.0000	0.0000	0.0000	0.0000	0.0000	0.0000	0.0000	0.0000	0.0000	0.0000	0.0000	0.0000	0.0000	0.0000	0.0003	0.0002	0.0000	0.0001	0.0001	0.0000	0.0002	0.0002	0.0000	0.0400	0.0279	0.0121	0.0145	0.0130	0.0015	0.0255	0.0149	0.0106	0.0000	0.0000	0.0000	0.0000	0.0000	0.0000	0.0000	0.0000	0.0000	0.0002	0.0003	0.0000	0.0004	0.0005	0.0000	0.0001	0.0002	0.0001		
52	109	0.1698	7	0	2	0	1	0	0	0	0	N	Y	N	N	N	N	N	N	N	N	N	N	0.0000	0.0000	0.0000	0.0000	0.0000	0.0000	0.0000	0.0000	0.0000	0.0000	0.0000	0.0000	0.0000	0.0000	0.0000	0.0000	0.0017	0.0004	0.0043	0.0010	0.0012	0.0000	0.0019	0.0000	0.0047	4.9965	0.0000	0.0000	0.9995	1.0007	1.0399	1.4004	0.0000	0.0000	0.0000	0.0000	0.0000	0.0000	0.0000	0.0000	0.0000	0.0000	0.0000	0.0000	0.0000	0.0000	0.0000	0.0000	0.0000	0.0000	0.0142	0.0120	0.0021	0.0008	0.0008	0.0000	0.0134	0.0113	0.0021	0.0141	0.0096	0.0045	0.0038	0.0034	0.0004	0.0104	0.0062	0.0041	0.0000	0.0000	0.0000	0.0000	0.0000	0.0000	0.0000	0.0000	0.0000	0.0017	0.0004	0.0043	0.0010	0.0012	0.0000	0.0019	0.0000	0.0047			
52	110	0.1565	6	0	1	0	1	0	0	0	0	N	N	N	N	N	N	N	N	N	N	N	N	0.0000	0.0000	0.0000	0.0000	0.0000	0.0000	0.0000	0.0000	0.0000	0.0000	0.0000	0.0000	0.0000	0.0000	0.0000	0.0000	0.0000	0.0000	0.0003	0.0004	0.0000	0.0010	0.0011	0.0000	0.0000	0.0000	0.0000	0.0012	0.0000	-0.0000	0.9995	0.3039	1.0399	2.8719	0.0000	0.0000	0.0000	0.0000	0.0000	0.0000	0.0000	0.0000	0.0000	0.0000	0.0000	0.0000	0.0000	0.0000	0.0000	0.0000	0.0000	0.0000	0.0075	0.0064	0.0011	0.0024	0.0021	0.0002	0.0051	0.0043	0.0009	0.0212	0.0144	0.0069	0.0061	0.0056	0.0005	0.0151	0.0088	0.0064	0.0000	0.0000	0.0000	0.0000	0.0000	0.0000	0.0000	0.0000	0.0000	0.0003	0.0004	0.0000	0.0010	0.0011	0.0000	0.0000	0.0000	0.0000	
52	111	0.1039	5	0	1	0	1	0	0	0	0	N	N	N	N	N	N	N	N	N	N	N	N	0.0000	0.0000	0.0000	0.0000	0.0000	0.0000	0.0000	0.0000	0.0000	0.0000	0.0000	0.0000	0.0000	0.0000	0.0000	0.0000	0.0000	0.0000	0.0008	0.0012	0.0000	0.0035	0.0038	0.0000	0.0001	0.0002	0.0000	0.0107	0.0000	-0.0000	0.9995	3.8240	1.0399	8.1760	0.0000	0.0000	0.0000	0.0000	0.0000	0.0000	0.0000	0.0000	0.0000	0.0001	0.0001	0.0000	0.0000	0.0000	0.0000	0.0000	0.0000	0.0000	0.0511	0.0435	0.0077	0.0014	0.0013	0.0001	0.0498	0.0422	0.0076	0.0659	0.0443	0.0216	0.0141	0.0130	0.0011	0.0518	0.0313	0.0205	0.0000	0.0000	0.0000	0.0000	0.0000	0.0000	0.0000	0.0000	0.0000	0.0008	0.0012	0.0000	0.0035	0.0038	0.0000	0.0001	0.0002	0.0000	
52	115	0.2966	8	0	1	0	1	0	0	0	0	N	N	N	N	N	N	N	N	N	N	N	N	0.0000	0.0000	0.0101	0.0000	0.0000	0.1064	0.0003	0.0000	0.0058	0.0000	0.0000	0.0000	0.0000	0.0000	0.0000	0.0000	0.0000	0.0000	0.0169	0.0224	0.0000	0.0341	0.0391	0.0000	0.0001	0.0001	0.0000	inf	0.0005	0.0000	-0.0018	0.9995	8.9918	1.0399	13.3277	0.0000	0.0000	0.0000	0.0000	0.0000	0.0000	0.0000	0.0000	0.0000	0.0033	0.0033	0.0000	0.0033	0.0033	0.0000	0.0000	0.0000	0.0000	0.1330	0.1153	0.0177	0.0195	0.0188	0.0007	0.1135	0.0965	0.0170	0.1954	0.1469	0.0485	0.0965	0.0841	0.0123	0.0989	0.0628	0.0362	0.0000	0.0000	0.0101	0.0000	0.0000	0.1064	0.0003	0.0000	0.0058	0.0169	0.0224	0.0000	0.0341	0.0391	0.0000	0.0001	0.0001	0.0000
53	56	0.1748	8	0	1	1	1	0	0	0	0	N	N	N	N	N	N	N	N	N	N	N	N	0.0000	0.0000	0.0000	0.0000	0.0000	0.0000	0.0000	0.0000	0.0000	0.0000	0.0000	0.0000	0.0000	0.0000	0.0000	0.0000	0.0000	0.0000	0.0000	0.0000	0.0000	0.0000	0.0014	0.0000	-0.0000	3.0005	2.0013	1.0125	5.6727	0.0000	0.0000	0.0000	0.0000	0.0000	0.0000	0.0000	0.0000	0.0000	0.0000	0.0000	0.0000	0.0000	0.0000	0.0000	0.0000	0.0000	0.0000	0.0795	0.0678	0.0117	0.0045	0.0043	0.0002	0.0749	0.0634	0.0115	0.0871	0.0605	0.0267	0.0230	0.0208	0.0023	0.0641	0.0397	0.0244	0.0000	0.0000	0.0000	0.0000	0.0000	0.0000	0.0000	0.0000	0.0000	0.0000	0.0000	0.0000	0.0000	0.0000	0.0000	0.0000	0.0000	0.0000						
53	57	0.1711	7	0	1	0	1	0	0	0	0	N	N	N	N	N	N	N	N	N	N	N	N	0.0000	0.0000	0.0000	0.0000	0.0000	0.0000	0.0000	0.0000	0.0000	0.0000	0.0000	0.0000	0.0000	0.0000	0.0000	0.0000	0.0000	0.0000	0.0000	0.0000	0.0000	0.0000	inf	0.0000	0.0000	3.0005	0.0033	1.0125	1.3874	0.0000	0.0000	0.0000	0.0000	0.0000	0.0000	0.0000	0.0000	0.0000	0.0000	0.0000	0.0000	0.0000	0.0000	0.0000	0.0000	0.0000	0.0000	0.0002	0.0002	0.0000	0.0000	0.0000	0.0000	0.0002	0.0001	0.0000	0.0294	0.0226	0.0067	0.0108	0.0104	0.0004	0.0186	0.0123	0.0063	0.0000	0.0000	0.0000	0.0000	0.0000	0.0000	0.0000	0.0000	0.0000	0.0000	0.0000	0.0000	0.0000	0.0000	0.0000	0.0000	0.0000	0.0000						
53	58	0.1559	6	1	0	1	1	0	0	0	0	N	N	N	N	N	N	N	N	N	N	N	N	0.0000	0.0000	0.0000	0.0000	0.0000	0.0000	0.0000	0.0000	0.0000	0.0000	0.0000	0.0000	0.0000	0.0000	0.0000	0.0000	0.0000	0.0000	0.0000	0.0000	3.0005	0.0000	1.0125	2.0000	0.0000	0.0000	0.0000	0.0000	0.0000	0.0000	0.0000	0.0000	0.0000	0.0000	0.0000	0.0000	0.0000	0.0000	0.0000	0.0000	0.0000	0.0000	0.0000	0.0000	0.0000	0.0000	0.0000	0.0000	0.0000	0.0000	0.0000	0.0197	0.0129	0.0068	0.0037	0.0032	0.0005	0.0160	0.0097	0.0063	0.0000	0.0000	0.0000	0.0000	0.0000	0.0000	0.0000	0.0000	0.0000	0.0000	0.0000	0.0000	0.0000	0.0000	0.0000	0.0000	0.0000	0.0000											
53	59	0.1711	7	0	1	0	1	0	0	0	0	N	N	N	N	N	N	N	N	N	N	N	N	0.0000	0.0000	0.0000	0.0000	0.0000	0.0000	0.0000	0.0000	0.0000	0.0000	0.0000	0.0000	0.0000	0.0000	0.0000	0.0000	0.0000	0.0000	0.0000	0.0000	3.0005	1.9997	1.0125	3.4660	0.0000	0.0000	0.0000	0.0000	0.0000	0.0000	0.0000	0.0000	0.0000	0.0000	0.0000	0.0000	0.0000	0.0000	0.0000	0.0000	0.0000	0.0000	0.0791	0.0674	0.0117	0.0044	0.0042	0.0002	0.0747	0.0633	0.0115	0.0673	0.0475	0.0198	0.0188	0.0171	0.0017	0.0485	0.0303	0.0182	0.0000	0.0000	0.0000	0.0000	0.0000	0.0000	0.0000	0.0000	0.0000	0.0000	0.0000	0.0000	0.0000	0.0000	0.0000	0.0000	0.0000	0.0000											
53	60	0.1559	6	0	1	0	1	0	0	0	0	N	N	N	N	N	N	N	N	N	N	N	N	0.0000	0.0000	0.0000	0.0000	0.0000	0.0000	0.0000	0.0000	0.0000	0.0000	0.0000	0.0000	0.0000	0.0000	0.0000	0.0000	0.0000	0.0000	0.0000	-0.0000	3.0005	0.0005	1.0125	3.6054	0.0000	0.0000	0.0000	0.0000	0.0000	0.0000	0.0000	0.0000	0.0000	0.0000	0.0000	0.0000	0.0000	0.0000	0.0000	0.0000	0.0000	0.0000	0.0000	0.0000	0.0000	0.0000	0.0000	0.0000	0.0000	0.0000	0.0000	0.0351	0.0230	0.0121	0.0066	0.0058	0.0009	0.0285	0.0172	0.0113	0.0000	0.0000	0.0000	0.0000	0.0000	0.0000	0.0000	0.0000	0.0000	0.0000	0.0000	0.0000	0.0000	0.0000	0.0000	0.0000	0.0000	0.0000											
53	61	0.1287	5	0	0	1	1	0	0	0	0	N	N	N	N	N	N	N	N	N	N	N	N	0.0000	0.0000	0.0000	0.0000	0.0000	0.0000	0.0000	0.0000	0.0000	0.0000	0.0000	0.0000	0.0000	0.0000	0.0000	0.0000	0.0000	0.0000	0.0000	0.0000	3.0005	0.0000	1.0125	1.0000	0.0000	0.0000	0.0000	0.0000	0.0000	0.0000	0.0000	0.0000	0.0000	0.0000	0.0000	0.0000	0.0000	0.0000	0.0000	0.0000	0.0000	0.0000	0.0000	0.0000	0.0000	0.0000	0.0000	0.0000	0.0000	0.0000	0.0000	0.0098	0.0061	0.0037	0.0018	0.0015	0.0003	0.0080	0.0046	0.0034	0.0000	0.0000	0.0000	0.0000	0.0000	0.0000	0.0000	0.0000	0.0000	0.0000	0.0000	0.0000	0.0000	0.0000	0.0000	0.0000	0.0000	0.0000											
53	62	0.1244	4	0	0	0	1	0	0	0	0	N	N	N	N	N	N	N	N	N	N	N	N	0.0000	0.0000	0.0000	0.0000	0.0000	0.0000	0.0000	0.0000	0.0000	0.0000	0.0000	0.0000	0.0000	0.0000	0.0000	0.0000	0.0000	0.0000	0.0000	0.0000	3.0005	0.0001	1.0125	1.0076	0.0000	0.0000	0.0000	0.0000	0.0000	0.0000	0.0000	0.0000	0.0000	0.0000	0.0000	0.0000	0.0000	0.0000	0.0000	0.0000	0.0000	0.0000	0.0000	0.0000	0.0000	0.0000	0.0000	0.0000	0.0000	0.0000	0.0000	0.0121	0.0081	0.0041	0.0029	0.0026	0.0003	0.0092	0.0054	0.0038	0.0000	0.0000	0.0000	0.0000	0.0000	0.0000	0.0000	0.0000	0.0000	0.0000	0.0000	0.0000	0.0000	0.0000	0.0000	0.0000	0.0000	0.0000											
53	63	0.0577	3	0	0	0	1	0	0	0	0	N	N	N	N	N	N	N	N	N	N	N	N	0.0000	0.0000	0.0000	0.0000	0.0000	0.0000	0.0000	0.0000	0.0000	0.0000	0.0000	0.0000	0.0000	0.0000	0.0000	0.0000	0.0000	0.0000	0.0000	-0.0000	3.0005	11.9999	1.0125	3.0574	0.0000	0.0000	0.0000	0.0000	0.0000	0.0000	0.0000	0.0000	0.0000	0.0000	0.0000	0.0000	0.0000	0.0000	0.0000	0.0000	0.0000	0.0000	0.4356	0.3722	0.0633	0.0073	0.0068	0.0004	0.4283	0.3654	0.0629	0.1408	0.0877	0.0532	0.0170	0.0162	0.0009	0.1238	0.0715	0.0523	0.0000	0.0000	0.0000	0.0000	0.0000	0.0000	0.0000	0.0000	0.0000	0.0000	0.0000	0.0000	0.0000	0.0000	0.0000	0.0000	0.0000	0.0000											
53	64	0.1559	6	1	1	0	1	0	0	0	0	N	N	N	N	N	N	N	N	N	N	N	N	0.0000	0.0000	0.0000	0.0000	0.0000	0.0000	0.0000	0.0000	0.0000	0.0000	0.0000	0.0000	0.0000	0.0000	0.0000	0.0000	0.0000	0.0000	0.0000	0.0000	3.0005	4.0000	1.0125	3.0000	0.0000	0.0000	0.0000	0.0000	0.0000	0.0000	0.0000	0.0000	0.0000	0.0000	0.0000	0.0000	0.0000	0.0000	0.0000	0.0000	0.0000	0.0000	0.1552	0.1324	0.0227	0.0085	0.0081	0.0004	0.1467	0.1243	0.0223	0.0667	0.0437	0.0230	0.0126	0.0110	0.0016	0.0541	0.0327	0.0214	0.0000	0.0000	0.0000	0.0000	0.0000	0.0000	0.0000	0.0000	0.0000	0.0000	0.0000	0.0000	0.0000	0.0000	0.0000	0.0000	0.0000	0.0000											
53	65	0.1141	5	0	0	0	1	0	0	0	0	N	N	N	N	N	N	N	N	N	N	N	N	0.0000	0.0000	0.0000	0.0000	0.0000	0.0000	0.0000	0.0000	0.0000	0.0000	0.0000	0.0000	0.0000	0.0000	0.0000	0.1340	0.3469	0.0000	0.0016	0.0018	0.0000	0.1608	0.2765	0.0000	0.0000	0.0000	-0.0080	3.0005	2.0015	1.0125	10.0016	0.0000	0.0000	0.0000	0.0000	0.0000	0.0000	0.0000	0.0000	0.0000	0.0148	0.0148	0.0000	0.0000	0.0000	0.0000	0.0147	0.0147	0.0000	0.0803	0.0682	0.0120	0.0022	0.0020	0.0001	0.0781	0.0662	0.0119	0.1101	0.0696	0.0405	0.0186	0.0164	0.0022	0.0916	0.0533	0.0383	0.0000	0.0000	0.0000	0.0000	0.0000	0.0000	0.0000	0.0000	0.0000	0.1340	0.2119	0.0000	0.0016	0.0018	0.0000	0.1608	0.2765	0.0000				
53	67	0.2690	7	0	0	0	1	0	0	0	0	N	N	N	N	N	N	N	N	N	N	N	N	0.0000	0.0000	0.0000	0.0000	0.0000	0.0000	0.0000	0.0000	0.0000	0.0000	0.0000	0.0000	0.0000	0.0000	0.0000	0.0000	0.0000	0.0007	0.0010	0.0000	0.0017	0.0019	0.0000	0.0000	0.0000	0.0000	0.0012	0.0000	-0.0001	3.0005	4.8614	1.0125	14.2102	0.0000	0.0000	0.0000	0.0000	0.0000	0.0000	0.0000	0.0000	0.0000	0.0002	0.0002	0.0000	0.0002	0.0002	0.0000	0.0000	0.0000	0.0000	0.2115	0.1826	0.0289	0.0235	0.0227	0.0008	0.1879	0.1599	0.0280	0.2658	0.1902	0.0756	0.1122	0.0970	0.0152	0.1536	0.0933	0.0604	0.0000	0.0000	0.0000	0.0000	0.0000	0.0000	0.0000	0.0000	0.0000	0.0007	0.0010	0.0000	0.0017	0.0019	0.0000	0.0000	0.0000	0.0000		
53	68	0.1898	9	1	1	1	1	0	0	0	0	N	N	N	N	N	N	N	N	N	N	N	N	0.0000	0.0000	0.0000	0.0000	0.0000	0.0000	0.0000	0.0000	0.0000	0.0000	0.0000	0.0000	0.0000	0.0000	0.0000	0.0000	0.0000	0.0000	0.0000	0.0000	3.0005	0.0000	1.0125	0.0000	0.0000	0.0000	0.0000	0.0000	0.0000	0.0000	0.0000	0.0000	0.0000	0.0000	0.0000	0.0000	0.0000	0.0000	0.0000	0.0000	0.0000	0.0000	0.0000	0.0000	0.0000	0.0000	0.0000	0.0000	0.0000	0.0000	0.0000	0.0000	0.0000	0.0000	0.0000	0.0000	0.0000	0.0000	0.0000	0.0000	0.0000	0.0000	0.0000	0.0000	0.0000	0.0000	0.0000	0.0000	0.0000	0.0000	0.0000	0.0000	0.0000	0.0000	0.0000	0.0000	0.0000	0.0000											
53	69	0.1857	8	1	0	1	1	0	0	0	0	N	N	N	N	N	N	N	N	N	N	N	N	0.0000	0.0000	0.0000	0.0000	0.0000	0.0000	0.0000	0.0000	0.0000	0.0000	0.0000	0.0000	0.0000	0.0000	0.0000	0.0000	0.0000	0.0000	0.0000	0.0000	3.0005	0.0016	1.0125	0.9826	0.0000	0.0000	0.0000	0.0000	0.0000	0.0000	0.0000	0.0000	0.0000	0.0000	0.0000	0.0000	0.0000	0.0000	0.0000	0.0000	0.0000	0.0000	0.0002	0.0002	0.0000	0.0001	0.0001	0.0000	0.0001	0.0001	0.0000	0.0105	0.0070	0.0035	0.0027	0.0024	0.0003	0.0078	0.0046	0.0032	0.0000	0.0000	0.0000	0.0000	0.0000	0.0000	0.0000	0.0000	0.0000	0.0000	0.0000	0.0000	0.0000	0.0000	0.0000	0.0000	0.0000	0.0000											
53	70	0.1730	7	1	0	1	1	0	0	0	0	N	N	N	N	N	N	N	N	N	N	N	N	0.0000	0.0000	0.0000	0.0000	0.0000	0.0000	0.0000	0.0000	0.0000	0.0000	0.0000	0.0000	0.0000	0.0000	0.0000	0.0000	0.0000	0.0000	0.0000	0.0000	0.0000	0.0000	0.0014	0.0000	-0.0000	3.0005	0.0061	1.0125	3.0249	0.0000	0.0000	0.0000	0.0000	0.0000	0.0000	0.0000	0.0000	0.0000	0.0000	0.0000	0.0000	0.0000	0.0000	0.0000	0.0000	0.0000	0.0000	0.0006	0.0006	0.0001	0.0002	0.0002	0.0000	0.0004	0.0003	0.0001	0.0324	0.0216	0.0108	0.0079	0.0070	0.0009	0.0245	0.0146	0.0099	0.0000	0.0000	0.0000	0.0000	0.0000	0.0000	0.0000	0.0000	0.0000	0.0000	0.0000	0.0000	0.0000	0.0000	0.0000	0.0000	0.0000	0.0000						
53	71	0.1559	6	1	0	1	1	0	0	0	0	N	N	N	N	N	N	N	N	N	N	N	N	0.0000	0.0000	0.0000	0.0000	0.0000	0.0000	0.0000	0.0000	0.0000	0.0000	0.0000	0.0000	0.0000	0.0000	0.0000	0.0000	0.0000	0.0000	0.0000	0.0000	0.0000	0.0000	inf	0.0000	0.0000	3.0005	0.0044	1.0125	4.0281	0.0000	0.0000	0.0000	0.0000	0.0000	0.0000	0.0000	0.0000	0.0000	0.0000	0.0000	0.0000	0.0000	0.0000	0.0000	0.0000	0.0000	0.0000	0.0002	0.0002	0.0000	0.0000	0.0000	0.0000	0.0002	0.0001	0.0000	0.0392	0.0257	0.0135	0.0074	0.0064	0.0010	0.0318	0.0192	0.0126	0.0000	0.0000	0.0000	0.0000	0.0000	0.0000	0.0000	0.0000	0.0000	0.0000	0.0000	0.0000	0.0000	0.0000	0.0000	0.0000	0.0000	0.0000						
53	72	0.1141	5	0	1	0	1	0	0	0	0	N	N	N	N	N	N	N	N	N	N	N	N	0.0000	0.0000	0.0000	0.0000	0.0000	0.0000	0.0000	0.0000	0.0000	0.0000	0.0000	0.0000	0.0000	0.0000	0.0000	0.0000	0.0000	0.0000	0.0000	0.0000	3.0005	5.9987	1.0125	11.0016	0.0000	0.0000	0.0000	0.0000	0.0000	0.0000	0.0000	0.0000	0.0000	0.0000	0.0000	0.0000	0.0000	0.0000	0.0000	0.0000	0.0000	0.0000	0.2312	0.1970	0.0342	0.0061	0.0057	0.0004	0.2251	0.1913	0.0338	0.1507	0.0956	0.0550	0.0256	0.0226	0.0030	0.1250	0.0730	0.0520	0.0000	0.0000	0.0000	0.0000	0.0000	0.0000	0.0000	0.0000	0.0000	0.0000	0.0000	0.0000	0.0000	0.0000	0.0000	0.0000	0.0000	0.0000											
53	73	0.1559	6	1	0	1	1	0	0	0	0	N	N	N	N	N	N	N	N	N	N	N	N	0.0000	0.0000	0.0000	0.0000	0.0000	0.0000	0.0000	0.0000	0.0000	0.0000	0.0000	0.0000	0.0000	0.0000	0.0000	0.0000	0.0000	0.0000	0.0000	0.0000	3.0005	2.0000	1.0125	5.0000	0.0000	0.0000	0.0000	0.0000	0.0000	0.0000	0.0000	0.0000	0.0000	0.0000	0.0000	0.0000	0.0000	0.0000	0.0000	0.0000	0.0000	0.0000	0.0791	0.0674	0.0117	0.0044	0.0041	0.0002	0.0747	0.0633	0.0115	0.0667	0.0437	0.0230	0.0126	0.0110	0.0016	0.0541	0.0327	0.0214	0.0000	0.0000	0.0000	0.0000	0.0000	0.0000	0.0000	0.0000	0.0000	0.0000	0.0000	0.0000	0.0000	0.0000	0.0000	0.0000	0.0000	0.0000											
53	74	0.1559	7	0	1	0	1	0	0	0	0	N	N	N	N	N	N	N	N	N	N	N	N	0.0000	0.0000	0.0000	0.0000	0.0000	0.0000	0.0000	0.0000	0.0000	0.0000	0.0000	0.0000	0.0000	0.0000	0.0000	0.0000	0.0000	0.0000	0.0000	0.0000	0.0000	0.0000	0.0000	0.0000	0.0000	0.0000	0.0254	0.0000	-0.0000	3.0005	6.1274	1.0125	13.6208	0.0000	0.0000	0.0000	0.0000	0.0000	0.0000	0.0000	0.0000	0.0000	0.0000	0.0000	0.0000	0.0000	0.0000	0.0000	0.0000	0.0000	0.0000	0.2442	0.2084	0.0357	0.0110	0.0105	0.0005	0.2332	0.1980	0.0352	0.1861	0.1206	0.0655	0.0302	0.0283	0.0019	0.1559	0.0923	0.0636	0.0000	0.0000	0.0000	0.0000	0.0000	0.0000	0.0000	0.0000	0.0000	0.0000	0.0000	0.0000	0.0000	0.0000	0.0000	0.0000	0.0000	0.0000		
53	75	0.1804	10	0	0	1	1	0	0	0	0	N	N	N	N	N	N	N	N	N	N	N	N	0.0000	0.0000	0.0000	0.0000	0.0000	0.0000	0.0000	0.0000	0.0000	0.0000	0.0000	0.0000	0.0000	0.0000	0.0000	0.0000	0.0000	0.0000	0.0000	0.0000	3.0005	0.0000	1.0125	1.0003	0.0000	0.0000	0.0000	0.0000	0.0000	0.0000	0.0000	0.0000	0.0000	0.0000	0.0000	0.0000	0.0000	0.0000	0.0000	0.0000	0.0000	0.0000	0.0000	0.0000	0.0000	0.0000	0.0000	0.0000	0.0000	0.0000	0.0000	0.0100	0.0065	0.0035	0.0015	0.0014	0.0001	0.0084	0.0051	0.0034	0.0000	0.0000	0.0000	0.0000	0.0000	0.0000	0.0000	0.0000	0.0000	0.0000	0.0000	0.0000	0.0000	0.0000	0.0000	0.0000	0.0000	0.0000											
53	76	0.1763	9	0	0	1	1	0	0	0	0	N	N	N	N	N	N	N	N	N	N	N	N	0.0000	0.0000	0.0000	0.0000	0.0000	0.0000	0.0000	0.0000	0.0000	0.0000	0.0000	0.0000	0.0000	0.0000	0.0000	0.0000	0.0000	0.0000	0.0000	0.0000	3.0005	0.0000	1.0125	1.0076	0.0000	0.0000	0.0000	0.0000	0.0000	0.0000	0.0000	0.0000	0.0000	0.0000	0.0000	0.0000	0.0000	0.0000	0.0000	0.0000	0.0000	0.0000	0.0000	0.0000	0.0000	0.0000	0.0000	0.0000	0.0000	0.0000	0.0000	0.0100	0.0065	0.0035	0.0015	0.0013	0.0001	0.0085	0.0051	0.0034	0.0000	0.0000	0.0000	0.0000	0.0000	0.0000	0.0000	0.0000	0.0000	0.0000	0.0000	0.0000	0.0000	0.0000	0.0000	0.0000	0.0000	0.0000											
53	77	0.1723	8	0	0	0	1	0	0	0	0	N	N	N	N	N	N	N	N	N	N	N	N	0.0000	0.0000	0.0000	0.0000	0.0000	0.0000	0.0000	0.0000	0.0000	0.0000	0.0000	0.0000	0.0000	0.0000	0.0000	0.0000	0.0000	0.0000	0.0000	0.0000	3.0005	0.0026	1.0125	0.9924	0.0000	0.0000	0.0000	0.0000	0.0000	0.0000	0.0000	0.0000	0.0000	0.0000	0.0000	0.0000	0.0000	0.0000	0.0000	0.0000	0.0000	0.0000	0.0003	0.0003	0.0000	0.0001	0.0001	0.0000	0.0002	0.0002	0.0000	0.0098	0.0064	0.0035	0.0014	0.0013	0.0001	0.0084	0.0051	0.0034	0.0000	0.0000	0.0000	0.0000	0.0000	0.0000	0.0000	0.0000	0.0000	0.0000	0.0000	0.0000	0.0000	0.0000	0.0000	0.0000	0.0000	0.0000											
53	78	0.1559	7	0	0	0	1	0	0	0	0	N	N	N	N	N	N	N	N	N	N	N	N	0.0000	0.0000	0.0000	0.0000	0.0000	0.0000	0.0000	0.0000	0.0000	0.0000	0.0000	0.0000	0.0000	0.0000	0.0000	0.0000	0.0000	0.0000	0.0000	0.0000	0.0001	0.0001	0.0000	0.0000	0.0000	0.0000	0.0093	0.0000	-0.0000	3.0005	2.8733	1.0125	1.5522	0.0000	0.0000	0.0000	0.0000	0.0000	0.0000	0.0000	0.0000	0.0000	0.0000	0.0000	0.0000	0.0000	0.0000	0.0000	0.0000	0.0000	0.0000	0.1231	0.1051	0.0180	0.0078	0.0076	0.0002	0.1153	0.0975	0.0178	0.0555	0.0374	0.0181	0.0119	0.0114	0.0005	0.0436	0.0260	0.0176	0.0000	0.0000	0.0000	0.0000	0.0000	0.0000	0.0000	0.0000	0.0000	0.0000	0.0000	0.0000	0.0001	0.0001	0.0000	0.0000	0.0000	0.0000		
53	79	0.1438	6	0	0	0	1	0	0	0	0	N	N	N	N	N	N	N	N	N	N	N	N	0.0000	0.0000	0.0000	0.0000	0.0000	0.0000	0.0000	0.0000	0.0000	0.0000	0.0000	0.0000	0.0000	0.0000	0.0000	0.0000	0.0000	0.0000	0.0002	0.0003	0.0000	0.0006	0.0006	0.0000	0.0000	0.0000	0.0000	0.0525	0.0000	-0.0000	3.0005	0.2102	1.0125	3.4985	0.0000	0.0000	0.0000	0.0000	0.0000	0.0000	0.0000	0.0000	0.0000	0.0000	0.0000	0.0000	0.0000	0.0000	0.0000	0.0000	0.0000	0.0000	0.0141	0.0122	0.0019	0.0030	0.0030	0.0000	0.0111	0.0092	0.0019	0.0651	0.0470	0.0180	0.0205	0.0197	0.0008	0.0446	0.0274	0.0172	0.0000	0.0000	0.0000	0.0000	0.0000	0.0000	0.0000	0.0000	0.0000	0.0002	0.0003	0.0000	0.0006	0.0006	0.0000	0.0000	0.0000	0.0000	
53	80	0.0874	6	0	1	0	1	0	0	0	0	N	N	N	N	N	N	N	N	N	N	N	N	0.0000	0.0000	0.0000	0.0000	0.0000	0.0000	0.0000	0.0000	0.0000	0.0000	0.0000	0.0000	0.0000	0.0000	0.0000	0.0000	0.0000	0.0000	0.0000	0.0000	0.0001	0.0001	0.0001	0.0000	0.0000	0.0000	0.1089	0.0000	-0.0000	3.0005	2.0196	1.0125	6.0690	0.0000	0.0000	0.0000	0.0000	0.0000	0.0000	0.0000	0.0000	0.0000	0.0000	0.0000	0.0000	0.0000	0.0000	0.0000	0.0000	0.0000	0.0000	0.0819	0.0696	0.0123	0.0028	0.0025	0.0003	0.0791	0.0671	0.0120	0.0825	0.0521	0.0304	0.0122	0.0117	0.0006	0.0703	0.0404	0.0299	0.0000	0.0000	0.0000	0.0000	0.0000	0.0000	0.0000	0.0000	0.0000	0.0000	0.0000	0.0000	0.0001	0.0001	0.0001	0.0000	0.0000	0.0000		
53	81	0.0791	5	0	0	0	1	0	0	0	0	N	N	N	N	N	N	N	N	N	N	N	N	0.0000	0.0000	0.0000	0.0000	0.0000	0.0000	0.0000	0.0000	0.0000	0.0000	0.0000	0.0000	0.0000	0.0000	0.0000	0.0000	0.0000	0.0000	0.0001	0.0001	0.0000	0.0002	0.0002	0.0000	0.0000	0.0000	0.0000	0.3733	0.0000	-0.0000	3.0005	0.9876	1.0125	0.9833	0.0000	0.0000	0.0000	0.0000	0.0000	0.0000	0.0000	0.0000	0.0000	0.0000	0.0000	0.0000	0.0000	0.0000	0.0000	0.0000	0.0000	0.0000	0.0396	0.0336	0.0060	0.0006	0.0006	0.0000	0.0390	0.0331	0.0060	0.0205	0.0128	0.0077	0.0027	0.0026	0.0001	0.0178	0.0102	0.0076	0.0000	0.0000	0.0000	0.0000	0.0000	0.0000	0.0000	0.0000	0.0000	0.0001	0.0001	0.0000	0.0002	0.0002	0.0000	0.0000	0.0000	0.0000	
53	82	0.1842	7	1	0	1	1	0	0	0	0	N	N	N	N	N	N	N	N	N	N	N	N	0.0000	0.0000	0.0000	0.0000	0.0000	0.0000	0.0000	0.0000	0.0000	0.0000	0.0000	0.0000	0.0000	0.0000	0.0000	0.0000	0.0000	0.0000	0.0000	0.0000	3.0005	1.0000	1.0125	2.9874	0.0000	0.0000	0.0000	0.0000	0.0000	0.0000	0.0000	0.0000	0.0000	0.0000	0.0000	0.0000	0.0000	0.0000	0.0000	0.0000	0.0000	0.0000	0.0402	0.0341	0.0061	0.0005	0.0005	0.0000	0.0397	0.0336	0.0061	0.0404	0.0262	0.0143	0.0094	0.0081	0.0012	0.0311	0.0180	0.0130	0.0000	0.0000	0.0000	0.0000	0.0000	0.0000	0.0000	0.0000	0.0000	0.0000	0.0000	0.0000	0.0000	0.0000	0.0000	0.0000	0.0000	0.0000											
53	83	0.1559	6	1	0	1	1	0	0	0	0	N	N	N	N	N	N	N	N	N	N	N	N	0.0000	0.0000	0.0000	0.0000	0.0000	0.0000	0.0000	0.0000	0.0000	0.0000	0.0000	0.0000	0.0000	0.0000	0.0000	0.0000	0.0000	0.0000	0.0000	0.0000	3.0005	0.9997	1.0125	6.0128	0.0000	0.0000	0.0000	0.0000	0.0000	0.0000	0.0000	0.0000	0.0000	0.0000	0.0000	0.0000	0.0000	0.0000	0.0000	0.0000	0.0000	0.0000	0.0399	0.0340	0.0059	0.0022	0.0021	0.0001	0.0377	0.0319	0.0058	0.0668	0.0438	0.0230	0.0126	0.0110	0.0016	0.0542	0.0328	0.0214	0.0000	0.0000	0.0000	0.0000	0.0000	0.0000	0.0000	0.0000	0.0000	0.0000	0.0000	0.0000	0.0000	0.0000	0.0000	0.0000	0.0000	0.0000											
53	84	0.1141	5	0	1	0	2	0	0	0	0	N	N	N	Y	N	N	N	N	N	N	N	N	0.0000	0.0000	0.0000	0.0000	0.0000	0.0000	0.0000	0.0000	0.0000	0.0000	0.0000	0.0000	0.0000	0.0000	0.0000	0.0000	0.0000	0.0000	0.0000	0.0000	3.0005	8.0013	1.0125	12.0015	0.0000	0.0000	0.0000	0.0000	0.0000	0.0000	0.0000	0.0000	0.0000	0.0000	0.0000	0.0000	0.0000	0.0000	0.0000	0.0000	0.0000	0.0000	0.3026	0.2582	0.0444	0.0080	0.0075	0.0005	0.2946	0.2507	0.0439	0.1737	0.1105	0.0632	0.0297	0.0262	0.0035	0.1440	0.0842	0.0597	0.0000	0.0000	0.0000	0.0000	0.0000	0.0000	0.0000	0.0000	0.0000	0.0000	0.0000	0.0000	0.0000	0.0000	0.0000	0.0000	0.0000	0.0000											
53	85	0.0577	3	0	1	0	1	0	0	0	0	N	N	N	N	N	N	N	N	N	N	N	N	0.0000	0.0000	0.0000	0.0000	0.0000	0.0000	0.0000	0.0000	0.0000	0.0000	0.0000	0.0000	0.0000	0.0001	0.0002	0.0000	0.0010	0.0011	0.0000	0.0000	0.0000	0.0000	0.0000	0.0000	-0.0000	3.0005	1.0000	1.0125	6.9850	0.0000	0.0000	0.0000	0.0000	0.0000	0.0000	0.0000	0.0000	0.0000	0.0000	0.0000	0.0000	0.0000	0.0000	0.0000	0.0000	0.0000	0.0000	0.0402	0.0341	0.0061	0.0006	0.0006	0.0000	0.0396	0.0335	0.0060	0.0790	0.0490	0.0300	0.0096	0.0091	0.0005	0.0694	0.0399	0.0295	0.0000	0.0000	0.0000	0.0000	0.0000	0.0000	0.0000	0.0000	0.0000	0.0001	0.0002	0.0000	0.0010	0.0011	0.0000	0.0000	0.0000	0.0000						
53	87	0.1559	6	0	1	0	1	0	0	0	0	N	N	N	N	N	N	N	N	N	N	N	N	0.0000	0.0000	0.0000	0.0000	0.0000	0.0000	0.0000	0.0000	0.0000	0.0000	0.0000	0.0000	0.0000	0.0000	0.0000	0.1529	0.3625	0.0000	0.0015	0.0018	0.0000	0.1784	0.2945	0.0000	0.0000	0.0000	-0.0080	3.0005	4.0000	1.0125	7.0000	0.0000	0.0000	0.0000	0.0000	0.0000	0.0000	0.0000	0.0000	0.0000	0.0148	0.0148	0.0000	0.0000	0.0000	0.0000	0.0147	0.0147	0.0000	0.1552	0.1324	0.0227	0.0085	0.0081	0.0004	0.1467	0.1243	0.0223	0.1020	0.0669	0.0351	0.0194	0.0169	0.0025	0.0826	0.0500	0.0326	0.0000	0.0000	0.0000	0.0000	0.0000	0.0000	0.0000	0.0000	0.0000	0.1447	0.2205	0.0000	0.0015	0.0018	0.0000	0.1784	0.2945	0.0000				
53	88	0.1141	5	0	0	0	1	0	0	0	0	N	N	N	N	N	N	N	N	N	N	N	N	0.0000	0.0000	0.0000	0.0000	0.0000	0.0000	0.0000	0.0000	0.0000	0.0000	0.0000	0.0000	0.0000	0.0000	0.0000	0.0000	0.0000	0.0000	0.0000	0.0000	3.0005	2.9985	1.0125	7.0016	0.0000	0.0000	0.0000	0.0000	0.0000	0.0000	0.0000	0.0000	0.0000	0.0000	0.0000	0.0000	0.0000	0.0000	0.0000	0.0000	0.0000	0.0000	0.1190	0.1012	0.0178	0.0032	0.0030	0.0002	0.1158	0.0982	0.0176	0.0931	0.0588	0.0343	0.0156	0.0138	0.0018	0.0774	0.0450	0.0325	0.0000	0.0000	0.0000	0.0000	0.0000	0.0000	0.0000	0.0000	0.0000	0.0000	0.0000	0.0000	0.0000	0.0000	0.0000	0.0000	0.0000	0.0000											
53	89	0.0876	6	0	1	0	1	0	0	0	0	N	N	N	N	N	N	N	N	N	N	N	N	0.0000	0.0000	0.0000	0.0000	0.0000	0.0000	0.0000	0.0000	0.0000	0.0000	0.0000	0.0000	0.0000	0.0000	0.0000	0.0000	0.0000	0.1821	0.4506	0.0000	0.0032	0.0035	0.0000	0.1925	0.3355	0.0000	0.0000	0.0000	-0.0080	3.0005	0.0157	1.0125	9.0253	0.0000	0.0000	0.0000	0.0000	0.0000	0.0000	0.0000	0.0000	0.0000	0.0147	0.0147	0.0000	0.0000	0.0000	0.0000	0.0147	0.0147	0.0000	0.0022	0.0020	0.0003	0.0008	0.0008	0.0000	0.0014	0.0011	0.0003	0.0908	0.0569	0.0338	0.0145	0.0132	0.0013	0.0763	0.0438	0.0325	0.0000	0.0000	0.0000	0.0000	0.0000	0.0000	0.0000	0.0000	0.0000	0.1623	0.2587	0.0000	0.0032	0.0035	0.0000	0.1925	0.3355	0.0000		
53	90	0.0791	5	0	1	0	1	0	0	0	0	N	N	N	N	N	N	N	N	N	N	N	N	0.0000	0.0000	0.0000	0.0000	0.0000	0.0000	0.0000	0.0000	0.0000	0.0000	0.0000	0.0000	0.0000	0.0000	0.0000	0.0000	0.0000	0.0000	0.0022	0.0033	0.0004	0.0002	0.0002	0.0001	0.0025	0.0040	0.0004	0.0758	0.0000	-0.0000	3.0005	0.0169	1.0125	2.0013	0.0000	0.0000	0.0000	0.0000	0.0000	0.0000	0.0000	0.0000	0.0000	0.0000	0.0000	0.0000	0.0000	0.0000	0.0000	0.0000	0.0000	0.0000	0.0007	0.0006	0.0001	0.0000	0.0000	0.0000	0.0007	0.0006	0.0001	0.0210	0.0131	0.0079	0.0028	0.0026	0.0001	0.0183	0.0105	0.0078	0.0000	0.0000	0.0000	0.0000	0.0000	0.0000	0.0000	0.0000	0.0000	0.0022	0.0033	0.0004	0.0002	0.0002	0.0001	0.0025	0.0040	0.0004	
53	91	0.0704	4	0	0	0	1	0	0	0	0	N	N	N	N	N	N	N	N	N	N	N	N	0.0000	0.0000	0.0000	0.0000	0.0000	0.0000	0.0000	0.0000	0.0000	0.0000	0.0000	0.0000	0.0000	0.0000	0.0000	0.0000	0.0000	0.0000	0.0000	0.0000	0.0001	0.0001	0.0000	0.0000	0.0000	0.0000	0.3330	0.0000	-0.0000	3.0005	1.9923	1.0125	0.0454	0.0000	0.0000	0.0000	0.0000	0.0000	0.0000	0.0000	0.0000	0.0000	0.0000	0.0000	0.0000	0.0000	0.0000	0.0000	0.0000	0.0000	0.0000	0.0796	0.0676	0.0120	0.0016	0.0015	0.0001	0.0780	0.0661	0.0119	0.0211	0.0130	0.0081	0.0026	0.0025	0.0001	0.0185	0.0105	0.0080	0.0000	0.0000	0.0000	0.0000	0.0000	0.0000	0.0000	0.0000	0.0000	0.0000	0.0000	0.0000	0.0001	0.0001	0.0000	0.0000	0.0000	0.0000		
53	93	0.2108	10	1	1	0	2	0	0	0	0	N	N	N	Y	N	N	N	N	N	N	N	N	0.0000	0.0000	0.0000	0.0000	0.0000	0.0000	0.0000	0.0000	0.0000	0.0000	0.0000	0.0000	0.0000	0.0000	0.0000	0.0000	0.0000	0.0000	0.0000	0.0000	3.0005	0.0000	1.0125	0.0000	0.0000	0.0000	0.0000	0.0000	0.0000	0.0000	0.0000	0.0000	0.0000	0.0000	0.0000	0.0000	0.0000	0.0000	0.0000	0.0000	0.0000	0.0000	0.0000	0.0000	0.0000	0.0000	0.0000	0.0000	0.0000	0.0000	0.0000	0.0000	0.0000	0.0000	0.0000	0.0000	0.0000	0.0000	0.0000	0.0000	0.0000	0.0000	0.0000	0.0000	0.0000	0.0000	0.0000	0.0000	0.0000	0.0000	0.0000	0.0000	0.0000	0.0000	0.0000	0.0000	0.0000	0.0000											
53	94	0.2108	9	1	1	0	2	0	0	0	0	N	N	N	Y	N	N	N	N	N	N	N	N	0.0000	0.0000	0.0000	0.0000	0.0000	0.0000	0.0000	0.0000	0.0000	0.0000	0.0000	0.0000	0.0000	0.0000	0.0000	0.0000	0.0000	0.0000	0.0000	0.0000	3.0005	0.0000	1.0125	0.0001	0.0000	0.0000	0.0000	0.0000	0.0000	0.0000	0.0000	0.0000	0.0000	0.0000	0.0000	0.0000	0.0000	0.0000	0.0000	0.0000	0.0000	0.0000	0.0000	0.0000	0.0000	0.0000	0.0000	0.0000	0.0000	0.0000	0.0000	0.0000	0.0000	0.0000	0.0000	0.0000	0.0000	0.0000	0.0000	0.0000	0.0000	0.0000	0.0000	0.0000	0.0000	0.0000	0.0000	0.0000	0.0000	0.0000	0.0000	0.0000	0.0000	0.0000	0.0000	0.0000	0.0000	0.0000											
53	95	0.1929	8	0	1	0	2	0	0	0	0	N	N	N	Y	N	N	N	N	N	N	N	N	0.0000	0.0000	0.0000	0.0000	0.0000	0.0000	0.0000	0.0000	0.0000	0.0000	0.0000	0.0000	0.0000	0.0000	0.0000	0.0000	0.0000	0.0000	0.0000	0.0000	3.0005	0.9845	1.0125	0.9903	0.0000	0.0000	0.0000	0.0000	0.0000	0.0000	0.0000	0.0000	0.0000	0.0000	0.0000	0.0000	0.0000	0.0000	0.0000	0.0000	0.0000	0.0000	0.0415	0.0355	0.0061	0.0036	0.0034	0.0002	0.0380	0.0321	0.0059	0.0203	0.0132	0.0071	0.0045	0.0040	0.0005	0.0159	0.0092	0.0067	0.0000	0.0000	0.0000	0.0000	0.0000	0.0000	0.0000	0.0000	0.0000	0.0000	0.0000	0.0000	0.0000	0.0000	0.0000	0.0000	0.0000	0.0000											
53	96	0.1901	8	0	1	0	1	0	0	0	0	N	N	N	N	N	N	N	N	N	N	N	N	0.0000	0.0000	0.0000	0.0000	0.0000	0.0000	0.0000	0.0000	0.0000	0.0000	0.0000	0.0000	0.0000	0.0001	0.0002	0.0000	0.0003	0.0004	0.0000	0.0000	0.0000	0.0000	0.0001	0.0000	-0.0000	3.0005	1.0063	1.0125	3.7812	0.0000	0.0000	0.0000	0.0000	0.0000	0.0000	0.0000	0.0000	0.0000	0.0000	0.0000	0.0000	0.0000	0.0000	0.0000	0.0000	0.0000	0.0000	0.0413	0.0351	0.0062	0.0019	0.0018	0.0001	0.0393	0.0333	0.0060	0.0689	0.0464	0.0225	0.0240	0.0211	0.0029	0.0449	0.0253	0.0196	0.0000	0.0000	0.0000	0.0000	0.0000	0.0000	0.0000	0.0000	0.0000	0.0001	0.0002	0.0000	0.0003	0.0004	0.0000	0.0000	0.0000	0.0000						
53	97	0.1929	8	0	0	1	2	0	0	0	0	N	N	N	Y	N	N	N	N	N	N	N	N	0.0000	0.0000	0.0000	0.0000	0.0000	0.0000	0.0000	0.0000	0.0000	0.0000	0.0000	0.0000	0.0000	0.0000	0.0000	0.0000	0.0000	0.0000	0.0000	0.0000	3.0005	1.0165	1.0125	1.0129	0.0000	0.0000	0.0000	0.0000	0.0000	0.0000	0.0000	0.0000	0.0000	0.0000	0.0000	0.0000	0.0000	0.0000	0.0000	0.0000	0.0000	0.0000	0.0428	0.0365	0.0063	0.0036	0.0035	0.0002	0.0392	0.0331	0.0061	0.0208	0.0135	0.0073	0.0046	0.0041	0.0005	0.0163	0.0095	0.0068	0.0000	0.0000	0.0000	0.0000	0.0000	0.0000	0.0000	0.0000	0.0000	0.0000	0.0000	0.0000	0.0000	0.0000	0.0000	0.0000	0.0000	0.0000											
53	98	0.1800	7	0	0	0	2	0	0	0	0	N	N	N	Y	N	N	N	N	N	N	N	N	0.0000	0.0000	0.0000	0.0000	0.0000	0.0000	0.0000	0.0000	0.0000	0.0000	0.0000	0.0000	0.0000	0.0000	0.0000	0.0000	0.0000	0.0000	0.0000	-0.0000	3.0005	2.0241	1.0125	1.0265	0.0000	0.0000	0.0000	0.0000	0.0000	0.0000	0.0000	0.0000	0.0000	0.0000	0.0000	0.0000	0.0000	0.0000	0.0000	0.0000	0.0000	0.0000	0.0824	0.0702	0.0122	0.0042	0.0040	0.0003	0.0782	0.0662	0.0120	0.0300	0.0193	0.0107	0.0069	0.0060	0.0010	0.0231	0.0133	0.0098	0.0000	0.0000	0.0000	0.0000	0.0000	0.0000	0.0000	0.0000	0.0000	0.0000	0.0000	0.0000	0.0000	0.0000	0.0000	0.0000	0.0000	0.0000											
53	99	0.1800	7	0	0	1	2	0	0	0	0	N	N	N	Y	N	N	N	N	N	N	N	N	0.0000	0.0000	0.0000	0.0000	0.0000	0.0000	0.0000	0.0000	0.0000	0.0000	0.0000	0.0000	0.0000	0.0000	0.0000	0.0000	0.0000	0.0000	0.0000	0.0000	3.0005	3.0066	1.0125	0.0000	0.0000	0.0000	0.0000	0.0000	0.0000	0.0000	0.0000	0.0000	0.0000	0.0000	0.0000	0.0000	0.0000	0.0000	0.0000	0.0000	0.0000	0.0000	0.1208	0.1030	0.0178	0.0060	0.0056	0.0004	0.1148	0.0973	0.0175	0.0296	0.0190	0.0106	0.0068	0.0059	0.0010	0.0228	0.0132	0.0096	0.0000	0.0000	0.0000	0.0000	0.0000	0.0000	0.0000	0.0000	0.0000	0.0000	0.0000	0.0000	0.0000	0.0000	0.0000	0.0000	0.0000	0.0000											
53	100	0.2057	7	0	0	1	2	0	0	0	0	N	N	N	Y	N	N	N	N	N	N	N	N	0.0000	0.0000	0.0000	0.0000	0.0000	0.0000	0.0000	0.0000	0.0000	0.0000	0.0000	0.0000	0.0000	0.0000	0.0000	0.0000	0.0000	0.0000	0.0000	0.0000	3.0005	0.0000	1.0125	2.0000	0.0000	0.0000	0.0000	0.0000	0.0000	0.0000	0.0000	0.0000	0.0000	0.0000	0.0000	0.0000	0.0000	0.0000	0.0000	0.0000	0.0000	0.0000	0.0000	0.0000	0.0000	0.0000	0.0000	0.0000	0.0000	0.0000	0.0000	0.0193	0.0123	0.0070	0.0046	0.0039	0.0007	0.0147	0.0083	0.0063	0.0000	0.0000	0.0000	0.0000	0.0000	0.0000	0.0000	0.0000	0.0000	0.0000	0.0000	0.0000	0.0000	0.0000	0.0000	0.0000	0.0000	0.0000											
53	101	0.1666	6	0	0	1	2	0	0	0	0	N	N	N	Y	N	N	N	N	N	N	N	N	0.0000	0.0000	0.0000	0.0000	0.0000	0.0000	0.0000	0.0000	0.0000	0.0000	0.0000	0.0000	0.0000	0.0000	0.0000	0.0000	0.0000	0.0000	0.0000	0.0000	0.0000	0.0000	0.0000	0.0000	0.0000	0.0052	0.0000	-0.0000	3.0005	5.8899	1.0125	3.1847	0.0000	0.0000	0.0000	0.0000	0.0000	0.0000	0.0000	0.0000	0.0000	0.0000	0.0000	0.0000	0.0000	0.0000	0.0000	0.0000	0.0000	0.0000	0.2376	0.2027	0.0348	0.0164	0.0150	0.0013	0.2212	0.1877	0.0335	0.0904	0.0582	0.0323	0.0215	0.0188	0.0027	0.0689	0.0394	0.0296	0.0000	0.0000	0.0000	0.0000	0.0000	0.0000	0.0000	0.0000	0.0000	0.0000	0.0000	0.0000	0.0000	0.0000	0.0000	0.0000	0.0000	0.0000			
53	102	0.2134	6	1	1	0	1	0	0	0	0	N	N	N	N	N	N	N	N	N	N	N	N	0.0000	0.0000	0.0000	0.0000	0.0000	0.0000	0.0000	0.0000	0.0000	0.0000	0.0000	0.0000	0.0000	0.0000	0.0000	0.0000	0.0000	0.0000	0.0000	0.0000	3.0005	0.0000	1.0125	0.0000	0.0000	0.0000	0.0000	0.0000	0.0000	0.0000	0.0000	0.0000	0.0000	0.0000	0.0000	0.0000	0.0000	0.0000	0.0000	0.0000	0.0000	0.0000	0.0000	0.0000	0.0000	0.0000	0.0000	0.0000	0.0000	0.0000	0.0000	0.0000	0.0000	0.0000	0.0000	0.0000	0.0000	0.0000	0.0000	0.0000	0.0000	0.0000	0.0000	0.0000	0.0000	0.0000	0.0000	0.0000	0.0000	0.0000	0.0000	0.0000	0.0000	0.0000	0.0000	0.0000	0.0000	0.0000											
53	103	0.1141	5	1	1	0	1	0	0	0	0	N	N	N	N	N	N	N	N	N	N	N	N	0.0000	0.0000	0.0000	0.0000	0.0000	0.0000	0.0000	0.0000	0.0000	0.0000	0.0000	0.0000	0.0000	0.0000	0.0000	0.0000	0.0000	0.0000	0.0000	0.0000	3.0005	8.0012	1.0125	14.0016	0.0000	0.0000	0.0000	0.0000	0.0000	0.0000	0.0000	0.0000	0.0000	0.0000	0.0000	0.0000	0.0000	0.0000	0.0000	0.0000	0.0000	0.0000	0.3026	0.2582	0.0444	0.0080	0.0075	0.0005	0.2946	0.2507	0.0439	0.1885	0.1200	0.0684	0.0323	0.0285	0.0038	0.1561	0.0915	0.0646	0.0000	0.0000	0.0000	0.0000	0.0000	0.0000	0.0000	0.0000	0.0000	0.0000	0.0000	0.0000	0.0000	0.0000	0.0000	0.0000	0.0000	0.0000											
53	104	0.1771	6	0	1	0	1	0	0	0	0	N	N	N	N	N	N	N	N	N	N	N	N	0.0000	0.0000	0.0000	0.0000	0.0000	0.0000	0.0000	0.0000	0.0000	0.0000	0.0000	0.0000	0.0000	0.0000	0.0000	0.0000	0.0000	0.0000	0.0000	0.0000	0.0000	0.0000	0.0000	0.0000	0.0000	0.0108	0.0000	-0.0000	3.0005	2.0010	1.0125	1.0153	0.0000	0.0000	0.0000	0.0000	0.0000	0.0000	0.0000	0.0000	0.0000	0.0000	0.0000	0.0000	0.0000	0.0000	0.0000	0.0000	0.0000	0.0000	0.0796	0.0676	0.0119	0.0020	0.0019	0.0001	0.0775	0.0658	0.0118	0.0313	0.0201	0.0112	0.0087	0.0073	0.0014	0.0225	0.0128	0.0097	0.0000	0.0000	0.0000	0.0000	0.0000	0.0000	0.0000	0.0000	0.0000	0.0000	0.0000	0.0000	0.0000	0.0000	0.0000	0.0000	0.0000	0.0000			
53	105	0.1141	5	0	1	0	1	0	0	0	0	N	N	N	N	N	N	N	N	N	N	N	N	0.0000	0.0000	0.0000	0.0000	0.0000	0.0000	0.0000	0.0000	0.0000	0.0000	0.0000	0.0000	0.0000	0.0000	0.0000	0.0000	0.0000	0.0000	0.0000	0.0000	0.0000	0.0000	0.0000	0.0000	0.0000	92.3132	0.0000	0.0000	3.0005	3.0162	1.0125	11.0438	0.0000	0.0000	0.0000	0.0000	0.0000	0.0000	0.0000	0.0000	0.0000	0.0000	0.0000	0.0000	0.0000	0.0000	0.0000	0.0000	0.0000	0.0000	0.1197	0.1018	0.0179	0.0032	0.0030	0.0002	0.1165	0.0988	0.0177	0.1272	0.0805	0.0466	0.0215	0.0190	0.0025	0.1057	0.0616	0.0441	0.0000	0.0000	0.0000	0.0000	0.0000	0.0000	0.0000	0.0000	0.0000	0.0000	0.0000	0.0000	0.0000	0.0000	0.0000	0.0000	0.0000	0.0000			
53	106	0.2150	10	1	1	0	1	0	0	0	0	N	N	N	N	N	N	N	N	N	N	N	N	0.0000	0.0000	0.0000	0.0000	0.0000	0.0000	0.0000	0.0000	0.0000	0.0000	0.0000	0.0000	0.0000	0.0000	0.0000	0.0000	0.0000	0.0000	0.0000	0.0000	3.0005	1.0000	1.0125	1.0000	0.0000	0.0000	0.0000	0.0000	0.0000	0.0000	0.0000	0.0000	0.0000	0.0000	0.0000	0.0000	0.0000	0.0000	0.0000	0.0000	0.0000	0.0000	0.0407	0.0346	0.0061	0.0018	0.0016	0.0001	0.0389	0.0329	0.0060	0.0203	0.0137	0.0067	0.0080	0.0067	0.0013	0.0124	0.0070	0.0054	0.0000	0.0000	0.0000	0.0000	0.0000	0.0000	0.0000	0.0000	0.0000	0.0000	0.0000	0.0000	0.0000	0.0000	0.0000	0.0000	0.0000	0.0000											
53	107	0.2108	9	1	1	0	1	0	0	0	0	N	N	N	N	N	N	N	N	N	N	N	N	0.0000	0.0000	0.0000	0.0000	0.0000	0.0000	0.0000	0.0000	0.0000	0.0000	0.0000	0.0000	0.0000	0.0000	0.0000	0.0000	0.0000	0.0000	0.0000	0.0000	3.0005	0.0000	1.0125	0.9999	0.0000	0.0000	0.0000	0.0000	0.0000	0.0000	0.0000	0.0000	0.0000	0.0000	0.0000	0.0000	0.0000	0.0000	0.0000	0.0000	0.0000	0.0000	0.0000	0.0000	0.0000	0.0000	0.0000	0.0000	0.0000	0.0000	0.0000	0.0102	0.0067	0.0035	0.0035	0.0029	0.0006	0.0067	0.0038	0.0029	0.0000	0.0000	0.0000	0.0000	0.0000	0.0000	0.0000	0.0000	0.0000	0.0000	0.0000	0.0000	0.0000	0.0000	0.0000	0.0000	0.0000	0.0000											
53	108	0.1901	8	1	1	0	1	0	0	0	0	N	N	N	N	N	N	N	N	N	N	N	N	0.0000	0.0000	0.0000	0.0000	0.0000	0.0000	0.0000	0.0000	0.0000	0.0000	0.0000	0.0000	0.0000	0.0000	0.0000	0.0001	0.0002	0.0000	0.0003	0.0003	0.0000	0.0001	0.0001	0.0000	0.0000	0.0000	-0.0000	3.0005	0.0100	1.0125	4.8896	0.0000	0.0000	0.0000	0.0000	0.0000	0.0000	0.0000	0.0000	0.0000	0.0000	0.0000	0.0000	0.0000	0.0000	0.0000	0.0000	0.0000	0.0000	0.0008	0.0007	0.0001	0.0002	0.0002	0.0000	0.0006	0.0005	0.0001	0.0699	0.0471	0.0228	0.0243	0.0213	0.0029	0.0457	0.0258	0.0199	0.0000	0.0000	0.0000	0.0000	0.0000	0.0000	0.0000	0.0000	0.0000	0.0001	0.0002	0.0000	0.0003	0.0003	0.0000	0.0001	0.0001	0.0000				
53	109	0.1800	7	0	1	0	1	0	0	0	0	N	N	N	N	N	N	N	N	N	N	N	N	0.0000	0.0000	0.0000	0.0000	0.0000	0.0000	0.0000	0.0000	0.0000	0.0000	0.0000	0.0000	0.0000	0.0000	0.0000	0.0000	0.0002	0.0003	0.0000	0.0007	0.0008	0.0000	0.0000	0.0000	0.0000	0.0377	0.0000	-0.0000	3.0005	1.0007	1.0125	1.4004	0.0000	0.0000	0.0000	0.0000	0.0000	0.0000	0.0000	0.0000	0.0000	0.0000	0.0000	0.0000	0.0000	0.0000	0.0000	0.0000	0.0000	0.0000	0.0417	0.0355	0.0062	0.0024	0.0022	0.0001	0.0393	0.0333	0.0060	0.0238	0.0153	0.0085	0.0055	0.0047	0.0008	0.0183	0.0105	0.0077	0.0000	0.0000	0.0000	0.0000	0.0000	0.0000	0.0000	0.0000	0.0000	0.0002	0.0003	0.0000	0.0007	0.0008	0.0000	0.0000	0.0000	0.0000			
53	110	0.1666	6	0	0	0	1	0	0	0	0	N	N	N	N	N	N	N	N	N	N	N	N	0.0000	0.0000	0.0000	0.0000	0.0000	0.0000	0.0000	0.0000	0.0000	0.0000	0.0000	0.0000	0.0000	0.0000	0.0000	0.0000	0.0000	0.0000	0.0000	0.0001	0.0001	0.0000	0.0000	0.0000	0.0000	0.0052	0.0000	-0.0000	3.0005	0.3039	1.0125	2.8719	0.0000	0.0000	0.0000	0.0000	0.0000	0.0000	0.0000	0.0000	0.0000	0.0000	0.0000	0.0000	0.0000	0.0000	0.0000	0.0000	0.0000	0.0000	0.0221	0.0189	0.0033	0.0070	0.0063	0.0007	0.0151	0.0126	0.0026	0.0364	0.0235	0.0129	0.0095	0.0085	0.0010	0.0269	0.0150	0.0119	0.0000	0.0000	0.0000	0.0000	0.0000	0.0000	0.0000	0.0000	0.0000	0.0000	0.0000	0.0000	0.0001	0.0001	0.0000	0.0000	0.0000	0.0000			
53	111	0.1141	5	0	0	0	1	0	0	0	0	N	N	N	N	N	N	N	N	N	N	N	N	0.0000	0.0000	0.0000	0.0000	0.0000	0.0000	0.0000	0.0000	0.0000	0.0000	0.0000	0.0000	0.0000	0.0000	0.0000	0.0000	0.0000	0.0000	0.0000	0.0000	0.0000	0.0000	0.0000	0.0000	0.0000	0.0000	0.0000	1.9693	0.0000	0.0000	3.0005	3.8240	1.0125	8.1760	0.0000	0.0000	0.0000	0.0000	0.0000	0.0000	0.0000	0.0000	0.0000	0.0000	0.0000	0.0000	0.0000	0.0000	0.0000	0.0000	0.0000	0.0000	0.1505	0.1281	0.0224	0.0040	0.0037	0.0003	0.1465	0.1243	0.0222	0.1101	0.0696	0.0405	0.0185	0.0164	0.0022	0.0916	0.0533	0.0383	0.0000	0.0000	0.0000	0.0000	0.0000	0.0000	0.0000	0.0000	0.0000	0.0000	0.0000	0.0000	0.0000	0.0000	0.0000	0.0000	0.0000	0.0000	
53	115	0.3068	8	0	0	0	1	0	0	0	0	N	N	N	N	N	N	N	N	N	N	N	N	0.0303	0.0257	0.1015	0.0908	0.0000	0.0000	0.0001	0.0001	0.0000	0.0003	0.0004	0.0000	0.0000	0.0000	0.0000	0.0017	0.0023	0.0000	0.0034	0.0040	0.0000	0.0000	0.0000	0.0000	0.0000	0.0000	-0.0000	-0.0003	3.0005	8.9918	1.0125	13.3277	0.0000	0.0000	0.0000	0.0000	0.0000	0.0000	0.0000	0.0000	0.0000	0.0006	0.0006	0.0000	0.0006	0.0006	0.0000	0.0000	0.0000	0.0000	0.3913	0.3396	0.0517	0.0572	0.0553	0.0019	0.3341	0.2844	0.0498	0.3414	0.2516	0.0898	0.1670	0.1443	0.0227	0.1744	0.1073	0.0671	0.0303	0.0257	0.0000	0.1015	0.0908	0.0000	0.0000	0.0000	0.0000	0.0017	0.0023	0.0000	0.0034	0.0040	0.0000	0.0000	0.0000	0.0000			
54	56	0.1561	7	0	1	1	1	0	0	0	0	N	N	N	N	N	N	N	N	N	N	N	N	0.0000	0.0000	0.0000	0.0000	0.0000	0.0000	0.0000	0.0000	0.0000	0.0000	0.0000	0.0000	0.0000	0.0003	0.0004	0.0000	0.0013	0.0015	0.0000	0.0000	0.0000	0.0000	0.0000	0.0000	-0.0000	0.0013	2.0013	1.9704	5.6727	0.0000	0.0000	0.0000	0.0000	0.0000	0.0000	0.0000	0.0000	0.0000	0.0000	0.0000	0.0000	0.0000	0.0000	0.0000	0.0000	0.0000	0.0000	0.0000	0.0000	0.0000	0.0000	0.0000	0.0000	0.0000	0.0000	0.0000	0.0375	0.0245	0.0130	0.0074	0.0065	0.0009	0.0300	0.0180	0.0121	0.0000	0.0000	0.0000	0.0000	0.0000	0.0000	0.0000	0.0000	0.0000	0.0003	0.0004	0.0000	0.0013	0.0015	0.0000	0.0000	0.0000	0.0000						
54	57	0.1524	6	0	1	0	1	0	0	0	0	N	N	N	N	N	N	N	N	N	N	N	N	0.0000	0.0000	0.0000	0.0000	0.0000	0.0000	0.0000	0.0000	0.0000	0.0000	0.0000	0.0000	0.0000	0.0000	0.0000	0.0000	0.0000	0.0007	0.0000	0.0030	0.0000	0.0000	0.0000	0.0011	0.0000	0.0032	118.4580	0.0000	0.0000	0.0013	0.0033	1.9704	1.3874	0.0000	0.0000	0.0000	0.0000	0.0000	0.0000	0.0000	0.0000	0.0000	0.0000	0.0000	0.0000	0.0000	0.0000	0.0000	0.0000	0.0000	0.0000	0.0000	0.0000	0.0000	0.0000	0.0000	0.0000	0.0000	0.0000	0.0000	0.0136	0.0103	0.0033	0.0047	0.0045	0.0002	0.0089	0.0058	0.0031	0.0000	0.0000	0.0000	0.0000	0.0000	0.0000	0.0000	0.0000	0.0000	0.0007	0.0000	0.0030	0.0000	0.0000	0.0000	0.0011	0.0000	0.0032		
54	58	0.1373	5	1	0	1	1	0	0	0	0	N	N	N	N	N	N	N	N	N	N	N	N	0.0000	0.0000	0.0000	0.0000	0.0000	0.0000	0.0000	0.0000	0.0000	0.0000	0.0000	0.0000	0.0000	0.0000	0.0000	0.0000	0.0000	0.0000	0.0000	0.0000	0.0013	0.0000	1.9704	2.0000	0.0000	0.0000	0.0000	0.0000	0.0000	0.0000	0.0000	0.0000	0.0000	0.0000	0.0000	0.0000	0.0000	0.0000	0.0000	0.0000	0.0000	0.0000	0.0000	0.0000	0.0000	0.0000	0.0000	0.0000	0.0000	0.0000	0.0000	0.0082	0.0049	0.0033	0.0007	0.0006	0.0002	0.0075	0.0043	0.0031	0.0000	0.0000	0.0000	0.0000	0.0000	0.0000	0.0000	0.0000	0.0000	0.0000	0.0000	0.0000	0.0000	0.0000	0.0000	0.0000	0.0000	0.0000											
54	59	0.1524	6	0	1	0	1	0	0	0	0	N	N	N	N	N	N	N	N	N	N	N	N	0.0000	0.0000	0.0000	0.0000	0.0000	0.0000	0.0000	0.0000	0.0000	0.0000	0.0000	0.0000	0.0000	0.0000	0.0000	0.0000	0.0000	0.0010	0.0000	0.0031	0.0000	0.0000	0.0000	0.0013	0.0000	0.0033	2559.3333	0.0000	0.0000	0.0013	1.9997	1.9704	3.4660	0.0000	0.0000	0.0000	0.0000	0.0000	0.0000	0.0000	0.0000	0.0000	0.0000	0.0000	0.0000	0.0000	0.0000	0.0000	0.0000	0.0000	0.0000	0.0000	0.0000	0.0000	0.0000	0.0000	0.0000	0.0000	0.0000	0.0000	0.0293	0.0196	0.0097	0.0065	0.0058	0.0007	0.0228	0.0138	0.0090	0.0000	0.0000	0.0000	0.0000	0.0000	0.0000	0.0000	0.0000	0.0000	0.0010	0.0000	0.0031	0.0000	0.0000	0.0000	0.0013	0.0000	0.0033		
54	60	0.1373	5	0	1	0	1	0	0	0	0	N	N	N	N	N	N	N	N	N	N	N	N	0.0000	0.0000	0.0000	0.0000	0.0000	0.0000	0.0000	0.0000	0.0000	0.0000	0.0000	0.0000	0.0000	0.0000	0.0000	0.0014	0.0023	0.0000	0.0000	0.0000	0.0000	0.0015	0.0026	0.0000	0.0028	0.0000	-0.0000	0.0013	0.0005	1.9704	3.6054	0.0000	0.0000	0.0000	0.0000	0.0000	0.0000	0.0000	0.0000	0.0000	0.0000	0.0000	0.0000	0.0000	0.0000	0.0000	0.0000	0.0000	0.0000	0.0000	0.0000	0.0000	0.0000	0.0000	0.0000	0.0000	0.0000	0.0000	0.0147	0.0087	0.0059	0.0013	0.0010	0.0003	0.0133	0.0077	0.0056	0.0000	0.0000	0.0000	0.0000	0.0000	0.0000	0.0000	0.0000	0.0000	0.0014	0.0023	0.0000	0.0000	0.0000	0.0000	0.0015	0.0026	0.0000				
54	61	0.1100	4	0	0	1	1	0	0	0	0	N	N	N	N	N	N	N	N	N	N	N	N	0.0000	0.0000	0.0000	0.0000	0.0000	0.0000	0.0000	0.0000	0.0000	0.0000	0.0000	0.0000	0.0000	0.0000	0.0000	0.0000	0.0000	0.0000	0.0000	0.0000	0.0013	0.0000	1.9704	1.0000	0.0000	0.0000	0.0000	0.0000	0.0000	0.0000	0.0000	0.0000	0.0000	0.0000	0.0000	0.0000	0.0000	0.0000	0.0000	0.0000	0.0000	0.0000	0.0000	0.0000	0.0000	0.0000	0.0000	0.0000	0.0000	0.0000	0.0000	0.0041	0.0023	0.0018	0.0003	0.0002	0.0001	0.0037	0.0020	0.0017	0.0000	0.0000	0.0000	0.0000	0.0000	0.0000	0.0000	0.0000	0.0000	0.0000	0.0000	0.0000	0.0000	0.0000	0.0000	0.0000	0.0000	0.0000											
54	62	0.1058	3	0	0	0	1	0	0	0	0	N	N	N	N	N	N	N	N	N	N	N	N	0.0000	0.0000	0.0000	0.0000	0.0000	0.0000	0.0000	0.0000	0.0000	0.0000	0.0000	0.0000	0.0000	0.0000	0.0000	0.0004	0.0000	0.0011	0.0024	0.0000	0.0201	0.0000	0.0000	0.0000	inf	0.0000	0.0000	0.0013	0.0001	1.9704	1.0076	0.0000	0.0000	0.0000	0.0000	0.0000	0.0000	0.0000	0.0000	0.0000	0.0000	0.0000	0.0000	0.0000	0.0000	0.0000	0.0000	0.0000	0.0000	0.0000	0.0000	0.0000	0.0000	0.0000	0.0000	0.0000	0.0000	0.0000	0.0053	0.0033	0.0020	0.0009	0.0008	0.0001	0.0043	0.0025	0.0019	0.0000	0.0000	0.0000	0.0000	0.0000	0.0000	0.0000	0.0000	0.0000	0.0004	0.0000	0.0011	0.0024	0.0000	0.0201	0.0000	0.0000	0.0000				
54	63	0.0390	2	0	0	0	1	0	0	0	0	N	N	N	N	N	N	N	N	N	N	N	N	0.0000	0.0000	0.0000	0.0000	0.0000	0.0000	0.0000	0.0000	0.0000	0.0000	0.0000	0.0000	0.0000	0.0000	0.0000	0.0000	0.0002	0.0001	0.0004	0.0027	0.0030	0.0000	0.0002	0.0000	0.0004	4.4552	0.0000	0.0000	0.0013	11.9999	1.9704	3.0574	0.0000	0.0000	0.0000	0.0000	0.0000	0.0000	0.0000	0.0000	0.0000	0.0000	0.0000	0.0000	0.0000	0.0000	0.0000	0.0000	0.0000	0.0000	0.0002	0.0002	0.0000	0.0000	0.0000	0.0000	0.0002	0.0002	0.0000	0.0587	0.0327	0.0260	0.0008	0.0007	0.0001	0.0579	0.0320	0.0259	0.0000	0.0000	0.0000	0.0000	0.0000	0.0000	0.0000	0.0000	0.0000	0.0002	0.0001	0.0004	0.0027	0.0030	0.0000	0.0002	0.0000	0.0004			
54	64	0.1373	5	1	1	0	1	0	0	0	0	N	N	N	N	N	N	N	N	N	N	N	N	0.0000	0.0000	0.0000	0.0000	0.0000	0.0000	0.0000	0.0000	0.0000	0.0000	0.0000	0.0000	0.0000	0.0004	0.0000	0.0009	0.0000	0.0000	0.0000	0.0004	0.0000	0.0009	inf	0.0000	0.0000	0.0013	4.0000	1.9704	3.0000	0.0000	0.0000	0.0000	0.0000	0.0000	0.0000	0.0000	0.0000	0.0000	0.0000	0.0000	0.0000	0.0000	0.0000	0.0000	0.0000	0.0000	0.0000	0.0001	0.0001	0.0000	0.0000	0.0000	0.0000	0.0001	0.0001	0.0000	0.0277	0.0165	0.0112	0.0026	0.0019	0.0006	0.0252	0.0146	0.0106	0.0000	0.0000	0.0000	0.0000	0.0000	0.0000	0.0000	0.0000	0.0000	0.0004	0.0000	0.0009	0.0000	0.0000	0.0000	0.0004	0.0000	0.0009						
54	65	0.0954	4	0	0	0	1	0	0	0	0	N	N	N	N	N	N	N	N	N	N	N	N	0.0000	0.0000	0.0000	0.0000	0.0000	0.0000	0.0000	0.0000	0.0000	0.0000	0.0000	0.0000	0.0000	0.0000	0.0000	0.0000	0.0000	0.0000	21.5824	41.7737	0.0025	0.0017	0.0023	0.0000	23.1141	41.6520	0.0026	0.0001	0.0000	-0.5318	0.0013	2.0015	1.9704	10.0016	0.0000	0.0000	0.0000	0.0000	0.0000	0.0000	0.0000	0.0000	0.0000	0.9850	0.9849	0.0001	0.0000	0.0000	0.0000	0.9850	0.9849	0.0000	0.0000	0.0000	0.0000	0.0000	0.0000	0.0000	0.0000	0.0000	0.0000	0.0456	0.0259	0.0198	0.0030	0.0022	0.0008	0.0426	0.0236	0.0190	0.0000	0.0000	0.0000	0.0000	0.0000	0.0000	0.0000	0.0000	0.0000	21.5824	38.0592	0.0025	0.0017	0.0023	0.0000	23.1141	41.6520	0.0026	
54	67	0.2503	6	0	0	0	1	0	0	0	0	N	N	N	N	N	N	N	N	N	N	N	N	0.0000	0.0000	0.0000	0.0000	0.0000	0.0000	0.0000	0.0000	0.0000	0.0000	0.0000	0.0000	0.0000	0.0000	0.0000	0.0000	0.0000	0.0000	0.0378	0.0548	0.0004	0.1347	0.1742	0.0007	0.0005	0.0005	0.0004	0.0036	0.0000	-0.0024	0.0013	4.8614	1.9704	14.2102	0.0000	0.0000	0.0000	0.0000	0.0000	0.0000	0.0000	0.0000	0.0000	0.0044	0.0044	0.0000	0.0044	0.0044	0.0000	0.0000	0.0000	0.0000	0.0001	0.0001	0.0000	0.0000	0.0000	0.0000	0.0001	0.0001	0.0000	0.1175	0.0807	0.0368	0.0460	0.0390	0.0070	0.0715	0.0417	0.0298	0.0000	0.0000	0.0000	0.0000	0.0000	0.0000	0.0000	0.0000	0.0000	0.0378	0.0548	0.0004	0.0958	0.1130	0.0007	0.0005	0.0005	0.0004	
54	68	0.1712	8	1	1	1	1	0	0	0	0	N	N	N	N	N	N	N	N	N	N	N	N	0.0000	0.0000	0.0000	0.0000	0.0000	0.0000	0.0000	0.0000	0.0000	0.0000	0.0000	0.0000	0.0000	0.0000	0.0000	0.0000	0.0000	0.0000	0.0000	0.0000	0.0013	0.0000	1.9704	0.0000	0.0000	0.0000	0.0000	0.0000	0.0000	0.0000	0.0000	0.0000	0.0000	0.0000	0.0000	0.0000	0.0000	0.0000	0.0000	0.0000	0.0000	0.0000	0.0000	0.0000	0.0000	0.0000	0.0000	0.0000	0.0000	0.0000	0.0000	0.0000	0.0000	0.0000	0.0000	0.0000	0.0000	0.0000	0.0000	0.0000	0.0000	0.0000	0.0000	0.0000	0.0000	0.0000	0.0000	0.0000	0.0000	0.0000	0.0000	0.0000	0.0000	0.0000	0.0000	0.0000	0.0000	0.0000											
54	69	0.1670	7	1	0	1	1	0	0	0	0	N	N	N	N	N	N	N	N	N	N	N	N	0.0000	0.0000	0.0000	0.0000	0.0000	0.0000	0.0000	0.0000	0.0000	0.0000	0.0000	0.0000	0.0000	0.0000	0.0000	0.0000	0.0000	0.0000	0.0000	0.0000	0.0000	0.0000	0.0000	0.0000	-0.0000	0.0013	0.0016	1.9704	0.9826	0.0000	0.0000	0.0000	0.0000	0.0000	0.0000	0.0000	0.0000	0.0000	0.0000	0.0000	0.0000	0.0000	0.0000	0.0000	0.0000	0.0000	0.0000	0.0000	0.0000	0.0000	0.0000	0.0000	0.0000	0.0000	0.0000	0.0000	0.0045	0.0027	0.0017	0.0008	0.0007	0.0001	0.0036	0.0020	0.0016	0.0000	0.0000	0.0000	0.0000	0.0000	0.0000	0.0000	0.0000	0.0000	0.0000	0.0000	0.0000	0.0000	0.0000	0.0000	0.0000	0.0000	0.0000						
54	70	0.1543	6	1	0	1	1	0	0	0	0	N	N	N	N	N	N	N	N	N	N	N	N	0.0000	0.0000	0.0000	0.0000	0.0000	0.0000	0.0000	0.0000	0.0000	0.0000	0.0000	0.0000	0.0000	0.0000	0.0000	0.0022	0.0035	0.0000	0.0043	0.0051	0.0000	0.0017	0.0030	0.0000	0.0000	0.0000	-0.0000	0.0013	0.0061	1.9704	3.0249	0.0000	0.0000	0.0000	0.0000	0.0000	0.0000	0.0000	0.0000	0.0000	0.0000	0.0000	0.0000	0.0000	0.0000	0.0000	0.0000	0.0000	0.0000	0.0000	0.0000	0.0000	0.0000	0.0000	0.0000	0.0000	0.0000	0.0000	0.0137	0.0085	0.0053	0.0023	0.0019	0.0004	0.0115	0.0065	0.0049	0.0000	0.0000	0.0000	0.0000	0.0000	0.0000	0.0000	0.0000	0.0000	0.0022	0.0035	0.0000	0.0043	0.0051	0.0000	0.0017	0.0030	0.0000				
54	71	0.1373	5	1	0	1	1	0	0	0	0	N	N	N	N	N	N	N	N	N	N	N	N	0.0000	0.0000	0.0000	0.0000	0.0000	0.0000	0.0000	0.0000	0.0000	0.0000	0.0000	0.0000	0.0000	0.0000	0.0000	0.0006	0.0000	0.0015	0.0000	0.0000	0.0000	0.0007	0.0000	0.0016	66.7546	0.0000	0.0000	0.0013	0.0044	1.9704	4.0281	0.0000	0.0000	0.0000	0.0000	0.0000	0.0000	0.0000	0.0000	0.0000	0.0000	0.0000	0.0000	0.0000	0.0000	0.0000	0.0000	0.0000	0.0000	0.0000	0.0000	0.0000	0.0000	0.0000	0.0000	0.0000	0.0000	0.0000	0.0163	0.0097	0.0066	0.0015	0.0011	0.0004	0.0148	0.0086	0.0062	0.0000	0.0000	0.0000	0.0000	0.0000	0.0000	0.0000	0.0000	0.0000	0.0006	0.0000	0.0015	0.0000	0.0000	0.0000	0.0007	0.0000	0.0016				
54	72	0.0954	4	0	1	0	1	0	0	0	0	N	N	N	N	N	N	N	N	N	N	N	N	0.0000	0.0000	0.0000	0.0000	0.0000	0.0000	0.0000	0.0000	0.0000	0.0000	0.0000	0.0000	0.0000	0.0000	0.0000	0.0000	0.0000	8.4194	0.1060	37.1125	0.0012	0.0017	0.0000	8.4701	0.1159	37.4000	130.1799	0.0000	0.2223	0.0013	5.9987	1.9704	11.0016	0.0000	0.0000	0.0000	0.0000	0.0000	0.0000	0.0000	0.0000	0.0000	0.4913	0.0037	0.4875	0.0000	0.0000	0.0000	0.4913	0.0037	0.4875	0.0001	0.0001	0.0000	0.0000	0.0000	0.0000	0.0001	0.0001	0.0000	0.0622	0.0353	0.0268	0.0042	0.0031	0.0011	0.0580	0.0323	0.0257	0.0000	0.0000	0.0000	0.0000	0.0000	0.0000	0.0000	0.0000	0.0000	7.9023	0.1060	18.1709	0.0012	0.0017	0.0000	8.4701	0.1159	18.9463		
54	73	0.1373	5	1	0	1	1	0	0	0	0	N	N	N	N	N	N	N	N	N	N	N	N	0.0000	0.0000	0.0000	0.0000	0.0000	0.0000	0.0000	0.0000	0.0000	0.0000	0.0000	0.0000	0.0000	0.0000	0.0000	0.0014	0.0012	0.0018	0.0000	0.0000	0.0000	0.0016	0.0014	0.0019	1.0000	0.0000	-0.0000	0.0013	2.0000	1.9704	5.0000	0.0000	0.0000	0.0000	0.0000	0.0000	0.0000	0.0000	0.0000	0.0000	0.0000	0.0000	0.0000	0.0000	0.0000	0.0000	0.0000	0.0000	0.0000	0.0000	0.0000	0.0000	0.0000	0.0000	0.0000	0.0000	0.0000	0.0000	0.0277	0.0165	0.0112	0.0026	0.0019	0.0006	0.0252	0.0146	0.0106	0.0000	0.0000	0.0000	0.0000	0.0000	0.0000	0.0000	0.0000	0.0000	0.0014	0.0012	0.0018	0.0000	0.0000	0.0000	0.0016	0.0014	0.0019				
54	74	0.1372	6	0	1	0	1	0	0	0	0	N	N	N	N	N	N	N	N	N	N	N	N	0.0000	0.0000	0.0000	0.0000	0.0000	0.0000	0.0000	0.0000	0.0000	0.0000	0.0000	0.0000	0.0000	0.0000	0.0000	0.0000	0.0000	0.0000	0.0013	0.0023	0.0000	0.0123	0.0136	0.0000	0.0005	0.0010	0.0000	0.0000	0.0000	-0.0001	0.0013	6.1274	1.9704	13.6208	0.0000	0.0000	0.0000	0.0000	0.0000	0.0000	0.0000	0.0000	0.0000	0.0001	0.0001	0.0000	0.0001	0.0001	0.0000	0.0000	0.0000	0.0000	0.0001	0.0001	0.0000	0.0000	0.0000	0.0000	0.0001	0.0001	0.0000	0.0778	0.0459	0.0319	0.0052	0.0047	0.0005	0.0727	0.0412	0.0315	0.0000	0.0000	0.0000	0.0000	0.0000	0.0000	0.0000	0.0000	0.0000	0.0013	0.0023	0.0000	0.0123	0.0136	0.0000	0.0005	0.0010	0.0000	
54	75	0.1618	9	0	0	1	1	0	0	0	0	N	N	N	N	N	N	N	N	N	N	N	N	0.0000	0.0000	0.0000	0.0000	0.0000	0.0000	0.0000	0.0000	0.0000	0.0000	0.0000	0.0000	0.0000	0.0000	0.0000	0.0000	0.0000	0.0000	0.0000	0.0000	0.0000	0.0000	0.0000	0.0000	0.0000	0.0000	-0.0000	0.0013	0.0000	1.9704	1.0003	0.0000	0.0000	0.0000	0.0000	0.0000	0.0000	0.0000	0.0000	0.0000	0.0000	0.0000	0.0000	0.0000	0.0000	0.0000	0.0000	0.0000	0.0000	0.0000	0.0000	0.0000	0.0000	0.0000	0.0000	0.0000	0.0000	0.0000	0.0042	0.0025	0.0017	0.0002	0.0002	0.0000	0.0040	0.0023	0.0017	0.0000	0.0000	0.0000	0.0000	0.0000	0.0000	0.0000	0.0000	0.0000	0.0000	0.0000	0.0000	0.0000	0.0000	0.0000	0.0000	0.0000	0.0000				
54	76	0.1577	8	0	0	1	1	0	0	0	0	N	N	N	N	N	N	N	N	N	N	N	N	0.0000	0.0000	0.0000	0.0000	0.0000	0.0000	0.0000	0.0000	0.0000	0.0000	0.0000	0.0000	0.0000	0.0000	0.0000	0.0000	0.0000	0.0072	0.0122	0.0000	0.0003	0.0003	0.0000	0.0075	0.0129	0.0000	0.0003	0.0000	-0.0000	0.0013	0.0000	1.9704	1.0076	0.0000	0.0000	0.0000	0.0000	0.0000	0.0000	0.0000	0.0000	0.0000	0.0000	0.0000	0.0000	0.0000	0.0000	0.0000	0.0000	0.0000	0.0000	0.0000	0.0000	0.0000	0.0000	0.0000	0.0000	0.0000	0.0000	0.0000	0.0042	0.0025	0.0017	0.0002	0.0001	0.0000	0.0040	0.0023	0.0017	0.0000	0.0000	0.0000	0.0000	0.0000	0.0000	0.0000	0.0000	0.0000	0.0072	0.0122	0.0000	0.0003	0.0003	0.0000	0.0075	0.0129	0.0000		
54	77	0.1536	7	0	0	0	1	0	0	0	0	N	N	N	N	N	N	N	N	N	N	N	N	0.0000	0.0000	0.0000	0.0000	0.0000	0.0000	0.0000	0.0000	0.0000	0.0000	0.0000	0.0000	0.0000	0.0000	0.0000	0.0000	0.0000	0.0000	0.0000	0.0000	0.0000	0.0000	0.0000	0.0000	0.0000	0.0000	0.1480	0.0000	-0.0000	0.0013	0.0026	1.9704	0.9924	0.0000	0.0000	0.0000	0.0000	0.0000	0.0000	0.0000	0.0000	0.0000	0.0000	0.0000	0.0000	0.0000	0.0000	0.0000	0.0000	0.0000	0.0000	0.0000	0.0000	0.0000	0.0000	0.0000	0.0000	0.0000	0.0000	0.0000	0.0041	0.0024	0.0017	0.0002	0.0001	0.0000	0.0039	0.0023	0.0017	0.0000	0.0000	0.0000	0.0000	0.0000	0.0000	0.0000	0.0000	0.0000	0.0000	0.0000	0.0000	0.0000	0.0000	0.0000	0.0000	0.0000	0.0000		
54	78	0.1372	6	0	0	0	1	0	0	0	0	N	N	N	N	N	N	N	N	N	N	N	N	0.0000	0.0000	0.0000	0.0000	0.0000	0.0000	0.0000	0.0000	0.0000	0.0000	0.0000	0.0000	0.0000	0.0000	0.0000	0.0000	0.0000	0.0000	0.0027	0.0042	0.0000	0.0182	0.0189	0.0000	0.0000	0.0000	0.0000	0.0001	0.0000	-0.0000	0.0013	2.8733	1.9704	1.5522	0.0000	0.0000	0.0000	0.0000	0.0000	0.0000	0.0000	0.0000	0.0000	0.0001	0.0001	0.0000	0.0001	0.0001	0.0000	0.0000	0.0000	0.0000	0.0001	0.0000	0.0000	0.0000	0.0000	0.0000	0.0001	0.0000	0.0000	0.0241	0.0153	0.0089	0.0035	0.0034	0.0001	0.0206	0.0119	0.0087	0.0000	0.0000	0.0000	0.0000	0.0000	0.0000	0.0000	0.0000	0.0000	0.0027	0.0042	0.0000	0.0182	0.0189	0.0000	0.0000	0.0000	0.0000	
54	79	0.1251	5	0	0	0	1	0	0	0	0	N	N	N	N	N	N	N	N	N	N	N	N	0.0000	0.0000	0.0000	0.0000	0.0000	0.0000	0.0000	0.0000	0.0000	0.0000	0.0000	0.0000	0.0000	0.0000	0.0000	0.0000	0.0000	0.0000	0.0072	0.0084	0.0045	0.0181	0.0188	0.0000	0.0030	0.0019	0.0046	0.2283	0.0000	-0.0001	0.0013	0.2102	1.9704	3.4985	0.0000	0.0000	0.0000	0.0000	0.0000	0.0000	0.0000	0.0000	0.0000	0.0002	0.0002	0.0000	0.0001	0.0001	0.0000	0.0001	0.0000	0.0000	0.0000	0.0000	0.0000	0.0000	0.0000	0.0000	0.0000	0.0000	0.0000	0.0295	0.0206	0.0089	0.0082	0.0079	0.0003	0.0213	0.0127	0.0086	0.0000	0.0000	0.0000	0.0000	0.0000	0.0000	0.0000	0.0000	0.0000	0.0072	0.0084	0.0045	0.0181	0.0188	0.0000	0.0030	0.0019	0.0046	
54	80	0.0687	5	0	1	0	1	0	0	0	0	N	N	N	N	N	N	N	N	N	N	N	N	0.0000	0.0000	0.0000	0.0000	0.0000	0.0000	0.0000	0.0000	0.0000	0.0000	0.0000	0.0000	0.0000	0.0000	0.0000	0.0000	0.0000	0.0000	0.0020	0.0030	0.0007	0.0216	0.0226	0.0000	0.0009	0.0011	0.0007	0.1679	0.0000	-0.0000	0.0013	2.0196	1.9704	6.0690	0.0000	0.0000	0.0000	0.0000	0.0000	0.0000	0.0000	0.0000	0.0000	0.0001	0.0001	0.0000	0.0000	0.0000	0.0000	0.0000	0.0000	0.0000	0.0000	0.0000	0.0000	0.0000	0.0000	0.0000	0.0000	0.0000	0.0000	0.0348	0.0199	0.0149	0.0018	0.0017	0.0001	0.0330	0.0182	0.0148	0.0000	0.0000	0.0000	0.0000	0.0000	0.0000	0.0000	0.0000	0.0000	0.0020	0.0030	0.0007	0.0216	0.0226	0.0000	0.0009	0.0011	0.0007	
54	81	0.0604	4	0	0	0	1	0	0	0	0	N	N	N	N	N	N	N	N	N	N	N	N	0.0000	0.0000	0.0000	0.0000	0.0000	0.0000	0.0000	0.0000	0.0000	0.0000	0.0000	0.0000	0.0000	0.0000	0.0000	0.0000	0.0000	0.0080	0.0101	0.0052	0.1751	0.1791	0.0000	0.0047	0.0043	0.0052	0.4003	0.0000	-0.0000	0.0013	0.9876	1.9704	0.9833	0.0000	0.0000	0.0000	0.0000	0.0000	0.0000	0.0000	0.0000	0.0000	0.0001	0.0000	0.0000	0.0000	0.0000	0.0000	0.0000	0.0000	0.0000	0.0000	0.0000	0.0000	0.0000	0.0000	0.0000	0.0000	0.0000	0.0000	0.0087	0.0049	0.0038	0.0003	0.0003	0.0000	0.0084	0.0046	0.0038	0.0000	0.0000	0.0000	0.0000	0.0000	0.0000	0.0000	0.0000	0.0000	0.0080	0.0101	0.0052	0.1092	0.1134	0.0000	0.0047	0.0043	0.0052		
54	82	0.1656	6	1	0	1	1	0	0	0	0	N	N	N	N	N	N	N	N	N	N	N	N	0.0000	0.0000	0.0000	0.0000	0.0000	0.0000	0.0000	0.0000	0.0000	0.0000	0.0000	0.0000	0.0000	0.0000	0.0000	0.0000	0.0000	0.0000	0.0000	0.0000	0.0013	1.0000	1.9704	2.9874	0.0000	0.0000	0.0000	0.0000	0.0000	0.0000	0.0000	0.0000	0.0000	0.0000	0.0000	0.0000	0.0000	0.0000	0.0000	0.0000	0.0000	0.0000	0.0000	0.0000	0.0000	0.0000	0.0000	0.0000	0.0000	0.0000	0.0000	0.0170	0.0100	0.0070	0.0025	0.0020	0.0005	0.0145	0.0080	0.0065	0.0000	0.0000	0.0000	0.0000	0.0000	0.0000	0.0000	0.0000	0.0000	0.0000	0.0000	0.0000	0.0000	0.0000	0.0000	0.0000	0.0000	0.0000											
54	83	0.1373	5	1	0	1	1	0	0	0	0	N	N	N	N	N	N	N	N	N	N	N	N	0.0000	0.0000	0.0000	0.0000	0.0000	0.0000	0.0000	0.0000	0.0000	0.0000	0.0000	0.0000	0.0000	0.0004	0.0000	0.0009	0.0000	0.0000	0.0000	0.0004	0.0000	0.0009	inf	0.0000	0.0000	0.0013	0.9997	1.9704	6.0128	0.0000	0.0000	0.0000	0.0000	0.0000	0.0000	0.0000	0.0000	0.0000	0.0000	0.0000	0.0000	0.0000	0.0000	0.0000	0.0000	0.0000	0.0000	0.0000	0.0000	0.0000	0.0000	0.0000	0.0000	0.0000	0.0000	0.0000	0.0278	0.0166	0.0112	0.0026	0.0019	0.0006	0.0252	0.0146	0.0106	0.0000	0.0000	0.0000	0.0000	0.0000	0.0000	0.0000	0.0000	0.0000	0.0004	0.0000	0.0009	0.0000	0.0000	0.0000	0.0004	0.0000	0.0009						
54	84	0.0954	4	0	1	0	2	0	0	0	0	N	N	N	Y	N	N	N	N	N	N	N	N	0.0000	0.0000	0.0000	0.0000	0.0000	0.0000	0.0000	0.0000	0.0000	0.0000	0.0000	0.0000	0.0000	0.0000	0.0000	0.0008	0.0012	0.0003	0.0000	0.0000	0.0000	0.0009	0.0013	0.0003	0.2000	0.0000	-0.0000	0.0013	8.0013	1.9704	12.0015	0.0000	0.0000	0.0000	0.0000	0.0000	0.0000	0.0000	0.0000	0.0000	0.0001	0.0001	0.0000	0.0000	0.0000	0.0000	0.0001	0.0001	0.0000	0.0001	0.0001	0.0000	0.0000	0.0000	0.0000	0.0001	0.0001	0.0000	0.0715	0.0407	0.0308	0.0048	0.0036	0.0013	0.0667	0.0371	0.0295	0.0000	0.0000	0.0000	0.0000	0.0000	0.0000	0.0000	0.0000	0.0000	0.0008	0.0012	0.0003	0.0000	0.0000	0.0000	0.0009	0.0013	0.0003				
54	85	0.0390	2	0	1	0	1	0	0	0	0	N	N	N	N	N	N	N	N	N	N	N	N	0.0000	0.0000	0.0000	0.0000	0.0000	0.0000	0.0000	0.0000	0.0000	0.0000	0.0000	0.0000	0.0000	0.0000	0.0000	0.0012	0.0022	0.0000	0.0001	0.0001	0.0000	0.0012	0.0022	0.0000	0.0000	0.0000	-0.0000	0.0013	1.0000	1.9704	6.9850	0.0000	0.0000	0.0000	0.0000	0.0000	0.0000	0.0000	0.0000	0.0000	0.0000	0.0000	0.0000	0.0000	0.0000	0.0000	0.0000	0.0000	0.0000	0.0000	0.0000	0.0000	0.0000	0.0000	0.0000	0.0000	0.0000	0.0000	0.0332	0.0185	0.0147	0.0006	0.0005	0.0000	0.0326	0.0180	0.0146	0.0000	0.0000	0.0000	0.0000	0.0000	0.0000	0.0000	0.0000	0.0000	0.0012	0.0022	0.0000	0.0001	0.0001	0.0000	0.0012	0.0022	0.0000				
54	87	0.1373	5	0	1	0	1	0	0	0	0	N	N	N	N	N	N	N	N	N	N	N	N	0.0000	0.0000	0.0000	0.0000	0.0000	0.0000	0.0000	0.0000	0.0000	0.0000	0.0000	0.0000	0.0000	0.0000	0.0000	0.0000	0.0000	0.0000	23.2870	41.7740	0.0012	0.0013	0.0017	0.0000	25.6821	44.2184	0.0012	0.0000	0.0000	-0.5318	0.0013	4.0000	1.9704	7.0000	0.0000	0.0000	0.0000	0.0000	0.0000	0.0000	0.0000	0.0000	0.0000	0.9850	0.9849	0.0000	0.0000	0.0000	0.0000	0.9849	0.9849	0.0000	0.0001	0.0001	0.0000	0.0000	0.0000	0.0000	0.0001	0.0001	0.0000	0.0423	0.0252	0.0171	0.0039	0.0030	0.0010	0.0384	0.0223	0.0161	0.0000	0.0000	0.0000	0.0000	0.0000	0.0000	0.0000	0.0000	0.0000	23.2870	39.0204	0.0012	0.0013	0.0017	0.0000	25.6821	44.2184	0.0012	
54	88	0.0954	4	0	0	0	1	0	0	0	0	N	N	N	N	N	N	N	N	N	N	N	N	0.0000	0.0000	0.0000	0.0000	0.0000	0.0000	0.0000	0.0000	0.0000	0.0000	0.0000	0.0000	0.0000	0.0005	0.0009	0.0000	0.0000	0.0000	0.0000	0.0006	0.0010	0.0000	0.0000	0.0000	-0.0000	0.0013	2.9985	1.9704	7.0016	0.0000	0.0000	0.0000	0.0000	0.0000	0.0000	0.0000	0.0000	0.0000	0.0000	0.0000	0.0000	0.0000	0.0000	0.0000	0.0000	0.0000	0.0000	0.0001	0.0000	0.0000	0.0000	0.0000	0.0000	0.0001	0.0000	0.0000	0.0386	0.0219	0.0167	0.0025	0.0019	0.0007	0.0361	0.0200	0.0161	0.0000	0.0000	0.0000	0.0000	0.0000	0.0000	0.0000	0.0000	0.0000	0.0005	0.0009	0.0000	0.0000	0.0000	0.0000	0.0006	0.0010	0.0000						
54	89	0.0690	5	0	1	0	1	0	0	0	0	N	N	N	N	N	N	N	N	N	N	N	N	0.0000	0.0000	0.0000	0.0000	0.0000	0.0000	0.0000	0.0000	0.0000	0.0000	0.0000	0.0000	0.0000	0.0000	0.0000	0.0000	0.0000	0.0000	25.7552	45.4235	0.0024	0.5858	0.8897	0.0000	27.4468	50.0038	0.0025	0.0000	0.0000	-0.5304	0.0013	0.0157	1.9704	9.0253	0.0000	0.0000	0.0000	0.0000	0.0000	0.0000	0.0000	0.0000	0.0000	0.9824	0.9823	0.0000	0.0004	0.0004	0.0000	0.9819	0.9819	0.0000	0.0000	0.0000	0.0000	0.0000	0.0000	0.0000	0.0000	0.0000	0.0000	0.0381	0.0216	0.0165	0.0024	0.0020	0.0004	0.0358	0.0196	0.0161	0.0000	0.0000	0.0000	0.0000	0.0000	0.0000	0.0000	0.0000	0.0000	25.7552	45.4235	0.0024	0.1853	0.2204	0.0000	27.4468	50.0038	0.0025	
54	90	0.0604	4	0	1	0	1	0	0	0	0	N	N	N	N	N	N	N	N	N	N	N	N	0.0000	0.0000	0.0000	0.0000	0.0000	0.0000	0.0000	0.0000	0.0000	0.0000	0.0000	0.0000	0.0000	0.0000	0.0000	0.0000	0.0000	0.0000	0.5234	1.3681	0.0559	0.1722	0.1721	0.0004	0.3539	0.5977	0.0560	0.0759	0.0000	-0.0014	0.0013	0.0169	1.9704	2.0013	0.0000	0.0000	0.0000	0.0000	0.0000	0.0000	0.0000	0.0000	0.0000	0.0031	0.0029	0.0002	0.0000	0.0000	0.0000	0.0030	0.0028	0.0002	0.0000	0.0000	0.0000	0.0000	0.0000	0.0000	0.0000	0.0000	0.0000	0.0089	0.0050	0.0039	0.0003	0.0003	0.0000	0.0086	0.0047	0.0039	0.0000	0.0000	0.0000	0.0000	0.0000	0.0000	0.0000	0.0000	0.0000	0.3463	0.5720	0.0559	0.1077	0.1119	0.0004	0.3539	0.5977	0.0560	
54	91	0.0517	3	0	0	0	1	0	0	0	0	N	N	N	N	N	N	N	N	N	N	N	N	0.0000	0.0000	0.0000	0.0000	0.0000	0.0000	0.0000	0.0000	0.0000	0.0000	0.0000	0.0000	0.0000	0.0000	0.0000	0.0000	0.0000	0.0044	0.0060	0.0025	0.0537	0.0568	0.0000	0.0034	0.0041	0.0025	0.3392	0.0000	-0.0000	0.0013	1.9923	1.9704	0.0454	0.0000	0.0000	0.0000	0.0000	0.0000	0.0000	0.0000	0.0000	0.0000	0.0000	0.0000	0.0000	0.0000	0.0000	0.0000	0.0000	0.0000	0.0000	0.0000	0.0000	0.0000	0.0000	0.0000	0.0000	0.0000	0.0000	0.0000	0.0089	0.0049	0.0040	0.0002	0.0002	0.0000	0.0087	0.0048	0.0040	0.0000	0.0000	0.0000	0.0000	0.0000	0.0000	0.0000	0.0000	0.0000	0.0044	0.0060	0.0025	0.0537	0.0568	0.0000	0.0034	0.0041	0.0025		
54	93	0.1922	9	1	1	0	2	0	0	0	0	N	N	N	Y	N	N	N	N	N	N	N	N	0.0000	0.0000	0.0000	0.0000	0.0000	0.0000	0.0000	0.0000	0.0000	0.0000	0.0000	0.0000	0.0000	0.0000	0.0000	0.0000	0.0000	0.0000	0.0000	0.0000	0.0013	0.0000	1.9704	0.0000	0.0000	0.0000	0.0000	0.0000	0.0000	0.0000	0.0000	0.0000	0.0000	0.0000	0.0000	0.0000	0.0000	0.0000	0.0000	0.0000	0.0000	0.0000	0.0000	0.0000	0.0000	0.0000	0.0000	0.0000	0.0000	0.0000	0.0000	0.0000	0.0000	0.0000	0.0000	0.0000	0.0000	0.0000	0.0000	0.0000	0.0000	0.0000	0.0000	0.0000	0.0000	0.0000	0.0000	0.0000	0.0000	0.0000	0.0000	0.0000	0.0000	0.0000	0.0000	0.0000	0.0000	0.0000											
54	94	0.1922	8	1	1	0	2	0	0	0	0	N	N	N	Y	N	N	N	N	N	N	N	N	0.0000	0.0000	0.0000	0.0000	0.0000	0.0000	0.0000	0.0000	0.0000	0.0000	0.0000	0.0000	0.0000	0.0000	0.0000	0.0000	0.0000	0.0000	0.0000	0.0000	0.0013	0.0000	1.9704	0.0001	0.0000	0.0000	0.0000	0.0000	0.0000	0.0000	0.0000	0.0000	0.0000	0.0000	0.0000	0.0000	0.0000	0.0000	0.0000	0.0000	0.0000	0.0000	0.0000	0.0000	0.0000	0.0000	0.0000	0.0000	0.0000	0.0000	0.0000	0.0000	0.0000	0.0000	0.0000	0.0000	0.0000	0.0000	0.0000	0.0000	0.0000	0.0000	0.0000	0.0000	0.0000	0.0000	0.0000	0.0000	0.0000	0.0000	0.0000	0.0000	0.0000	0.0000	0.0000	0.0000	0.0000	0.0000											
54	95	0.1742	7	0	1	0	2	0	0	0	0	N	N	N	Y	N	N	N	N	N	N	N	N	0.0000	0.0000	0.0000	0.0000	0.0000	0.0000	0.0000	0.0000	0.0000	0.0000	0.0000	0.0000	0.0000	0.0000	0.0000	0.0000	0.0000	0.0000	0.0000	0.0000	0.0013	0.9845	1.9704	0.9903	0.0000	0.0000	0.0000	0.0000	0.0000	0.0000	0.0000	0.0000	0.0000	0.0000	0.0000	0.0000	0.0000	0.0000	0.0000	0.0000	0.0000	0.0000	0.0000	0.0000	0.0000	0.0000	0.0000	0.0000	0.0000	0.0000	0.0000	0.0086	0.0051	0.0035	0.0011	0.0010	0.0002	0.0074	0.0041	0.0033	0.0000	0.0000	0.0000	0.0000	0.0000	0.0000	0.0000	0.0000	0.0000	0.0000	0.0000	0.0000	0.0000	0.0000	0.0000	0.0000	0.0000	0.0000											
54	96	0.1714	7	0	1	0	1	0	0	0	0	N	N	N	N	N	N	N	N	N	N	N	N	0.0000	0.0000	0.0000	0.0000	0.0000	0.0000	0.0000	0.0000	0.0000	0.0000	0.0000	0.0000	0.0000	0.0000	0.0000	0.0000	0.0000	0.0006	0.0005	0.0007	0.0013	0.0013	0.0014	0.0003	0.0000	0.0006	0.7649	0.0000	-0.0000	0.0013	1.0063	1.9704	3.7812	0.0000	0.0000	0.0000	0.0000	0.0000	0.0000	0.0000	0.0000	0.0000	0.0000	0.0000	0.0000	0.0000	0.0000	0.0000	0.0000	0.0000	0.0000	0.0000	0.0000	0.0000	0.0000	0.0000	0.0000	0.0000	0.0000	0.0000	0.0307	0.0196	0.0111	0.0095	0.0081	0.0013	0.0212	0.0115	0.0097	0.0000	0.0000	0.0000	0.0000	0.0000	0.0000	0.0000	0.0000	0.0000	0.0006	0.0005	0.0007	0.0013	0.0013	0.0014	0.0003	0.0000	0.0006		
54	97	0.1742	7	0	0	1	2	0	0	0	0	N	N	N	Y	N	N	N	N	N	N	N	N	0.0000	0.0000	0.0000	0.0000	0.0000	0.0000	0.0000	0.0000	0.0000	0.0000	0.0000	0.0000	0.0000	0.0000	0.0000	0.0000	0.0000	0.0000	0.0000	-0.0000	0.0013	1.0165	1.9704	1.0129	0.0000	0.0000	0.0000	0.0000	0.0000	0.0000	0.0000	0.0000	0.0000	0.0000	0.0000	0.0000	0.0000	0.0000	0.0000	0.0000	0.0000	0.0000	0.0000	0.0000	0.0000	0.0000	0.0000	0.0000	0.0000	0.0000	0.0000	0.0088	0.0052	0.0036	0.0012	0.0010	0.0002	0.0076	0.0042	0.0034	0.0000	0.0000	0.0000	0.0000	0.0000	0.0000	0.0000	0.0000	0.0000	0.0000	0.0000	0.0000	0.0000	0.0000	0.0000	0.0000	0.0000	0.0000											
54	98	0.1613	6	0	0	0	2	0	0	0	0	N	N	N	Y	N	N	N	N	N	N	N	N	0.0000	0.0000	0.0000	0.0000	0.0000	0.0000	0.0000	0.0000	0.0000	0.0000	0.0000	0.0000	0.0000	0.0000	0.0000	0.0000	0.0000	0.0000	0.0000	0.0000	0.0013	2.0241	1.9704	1.0265	0.0000	0.0000	0.0000	0.0000	0.0000	0.0000	0.0000	0.0000	0.0000	0.0000	0.0000	0.0000	0.0000	0.0000	0.0000	0.0000	0.0000	0.0000	0.0000	0.0000	0.0000	0.0000	0.0000	0.0000	0.0000	0.0000	0.0000	0.0126	0.0073	0.0052	0.0018	0.0014	0.0004	0.0108	0.0059	0.0048	0.0000	0.0000	0.0000	0.0000	0.0000	0.0000	0.0000	0.0000	0.0000	0.0000	0.0000	0.0000	0.0000	0.0000	0.0000	0.0000	0.0000	0.0000											
54	99	0.1613	6	0	0	1	2	0	0	0	0	N	N	N	Y	N	N	N	N	N	N	N	N	0.0000	0.0000	0.0000	0.0000	0.0000	0.0000	0.0000	0.0000	0.0000	0.0000	0.0000	0.0000	0.0000	0.0000	0.0000	0.0000	0.0000	0.0000	0.0000	0.0000	0.0013	3.0066	1.9704	0.0000	0.0000	0.0000	0.0000	0.0000	0.0000	0.0000	0.0000	0.0000	0.0000	0.0000	0.0000	0.0000	0.0000	0.0000	0.0000	0.0000	0.0000	0.0000	0.0001	0.0000	0.0000	0.0000	0.0000	0.0000	0.0001	0.0000	0.0000	0.0124	0.0072	0.0052	0.0018	0.0014	0.0004	0.0106	0.0058	0.0048	0.0000	0.0000	0.0000	0.0000	0.0000	0.0000	0.0000	0.0000	0.0000	0.0000	0.0000	0.0000	0.0000	0.0000	0.0000	0.0000	0.0000	0.0000											
54	100	0.1870	6	0	0	1	2	0	0	0	0	N	N	N	Y	N	N	N	N	N	N	N	N	0.0000	0.0000	0.0000	0.0000	0.0000	0.0000	0.0000	0.0000	0.0000	0.0000	0.0000	0.0000	0.0000	0.0025	0.0044	0.0000	0.0168	0.0218	0.0000	0.0000	0.0000	0.0000	0.0000	0.0000	-0.0000	0.0013	0.0000	1.9704	2.0000	0.0000	0.0000	0.0000	0.0000	0.0000	0.0000	0.0000	0.0000	0.0000	0.0000	0.0000	0.0000	0.0000	0.0000	0.0000	0.0000	0.0000	0.0000	0.0000	0.0000	0.0000	0.0000	0.0000	0.0000	0.0000	0.0000	0.0000	0.0080	0.0046	0.0034	0.0012	0.0009	0.0003	0.0068	0.0037	0.0031	0.0000	0.0000	0.0000	0.0000	0.0000	0.0000	0.0000	0.0000	0.0000	0.0025	0.0044	0.0000	0.0168	0.0218	0.0000	0.0000	0.0000	0.0000						
54	101	0.1480	5	0	0	1	2	0	0	0	0	N	N	N	Y	N	N	N	N	N	N	N	N	0.0000	0.0000	0.0000	0.0000	0.0000	0.0000	0.0000	0.0000	0.0000	0.0000	0.0000	0.0000	0.0000	0.0000	0.0000	0.0000	0.0000	0.0000	0.0017	0.0029	0.0000	0.0108	0.0133	0.0000	0.0000	0.0000	0.0000	0.0010	0.0000	-0.0000	0.0013	5.8899	1.9704	3.1847	0.0000	0.0000	0.0000	0.0000	0.0000	0.0000	0.0000	0.0000	0.0000	0.0001	0.0001	0.0000	0.0001	0.0001	0.0000	0.0000	0.0000	0.0000	0.0001	0.0001	0.0000	0.0000	0.0000	0.0000	0.0001	0.0001	0.0000	0.0380	0.0223	0.0158	0.0059	0.0048	0.0011	0.0321	0.0174	0.0146	0.0000	0.0000	0.0000	0.0000	0.0000	0.0000	0.0000	0.0000	0.0000	0.0017	0.0029	0.0000	0.0108	0.0133	0.0000	0.0000	0.0000	0.0000	
54	102	0.1947	5	1	1	0	1	0	0	0	0	N	N	N	N	N	N	N	N	N	N	N	N	0.0000	0.0000	0.0000	0.0000	0.0000	0.0000	0.0000	0.0000	0.0000	0.0000	0.0000	0.0000	0.0000	0.0000	0.0000	0.0000	0.0000	0.0000	0.0000	0.0000	0.0013	0.0000	1.9704	0.0000	0.0000	0.0000	0.0000	0.0000	0.0000	0.0000	0.0000	0.0000	0.0000	0.0000	0.0000	0.0000	0.0000	0.0000	0.0000	0.0000	0.0000	0.0000	0.0000	0.0000	0.0000	0.0000	0.0000	0.0000	0.0000	0.0000	0.0000	0.0000	0.0000	0.0000	0.0000	0.0000	0.0000	0.0000	0.0000	0.0000	0.0000	0.0000	0.0000	0.0000	0.0000	0.0000	0.0000	0.0000	0.0000	0.0000	0.0000	0.0000	0.0000	0.0000	0.0000	0.0000	0.0000	0.0000											
54	103	0.0954	4	1	1	0	1	0	0	0	0	N	N	N	N	N	N	N	N	N	N	N	N	0.0000	0.0000	0.0000	0.0000	0.0000	0.0000	0.0000	0.0000	0.0000	0.0000	0.0000	0.0000	0.0000	0.0000	0.0000	0.0009	0.0014	0.0003	0.0000	0.0000	0.0000	0.0010	0.0015	0.0003	0.1667	0.0000	-0.0000	0.0013	8.0012	1.9704	14.0016	0.0000	0.0000	0.0000	0.0000	0.0000	0.0000	0.0000	0.0000	0.0000	0.0001	0.0001	0.0000	0.0000	0.0000	0.0000	0.0001	0.0001	0.0000	0.0001	0.0001	0.0000	0.0000	0.0000	0.0000	0.0001	0.0001	0.0000	0.0775	0.0441	0.0333	0.0053	0.0039	0.0014	0.0722	0.0403	0.0319	0.0000	0.0000	0.0000	0.0000	0.0000	0.0000	0.0000	0.0000	0.0000	0.0009	0.0014	0.0003	0.0000	0.0000	0.0000	0.0010	0.0015	0.0003				
54	104	0.1584	5	0	1	0	1	0	0	0	0	N	N	N	N	N	N	N	N	N	N	N	N	0.0000	0.0000	0.0000	0.0000	0.0000	0.0000	0.0000	0.0000	0.0000	0.0000	0.0000	0.0000	0.0000	0.0000	0.0000	0.0008	0.0014	0.0000	0.0040	0.0053	0.0000	0.0000	0.0000	0.0000	0.0000	0.0000	-0.0000	0.0013	2.0010	1.9704	1.0153	0.0000	0.0000	0.0000	0.0000	0.0000	0.0000	0.0000	0.0000	0.0000	0.0000	0.0000	0.0000	0.0000	0.0000	0.0000	0.0000	0.0000	0.0000	0.0000	0.0000	0.0000	0.0000	0.0000	0.0000	0.0000	0.0000	0.0000	0.0132	0.0077	0.0055	0.0027	0.0021	0.0006	0.0105	0.0057	0.0048	0.0000	0.0000	0.0000	0.0000	0.0000	0.0000	0.0000	0.0000	0.0000	0.0008	0.0014	0.0000	0.0040	0.0053	0.0000	0.0000	0.0000	0.0000				
54	105	0.0954	4	0	1	0	1	0	0	0	0	N	N	N	N	N	N	N	N	N	N	N	N	0.0000	0.0000	0.0000	0.0000	0.0000	0.0000	0.0000	0.0000	0.0000	0.0000	0.0000	0.0000	0.0000	0.0000	0.0000	0.0000	0.0000	0.0031	0.0050	0.0004	0.0257	0.0348	0.0000	0.0014	0.0022	0.0005	0.0670	0.0000	-0.0001	0.0013	3.0162	1.9704	11.0438	0.0000	0.0000	0.0000	0.0000	0.0000	0.0000	0.0000	0.0000	0.0000	0.0002	0.0002	0.0000	0.0001	0.0001	0.0000	0.0001	0.0001	0.0000	0.0001	0.0000	0.0000	0.0000	0.0000	0.0000	0.0001	0.0000	0.0000	0.0526	0.0299	0.0227	0.0035	0.0026	0.0009	0.0491	0.0273	0.0218	0.0000	0.0000	0.0000	0.0000	0.0000	0.0000	0.0000	0.0000	0.0000	0.0031	0.0050	0.0004	0.0257	0.0348	0.0000	0.0014	0.0022	0.0005		
54	106	0.1963	9	1	1	0	1	0	0	0	0	N	N	N	N	N	N	N	N	N	N	N	N	0.0000	0.0000	0.0000	0.0000	0.0000	0.0000	0.0000	0.0000	0.0000	0.0000	0.0000	0.0000	0.0000	0.0000	0.0000	0.0000	0.0000	0.0000	0.0000	0.0000	0.0013	1.0000	1.9704	1.0000	0.0000	0.0000	0.0000	0.0000	0.0000	0.0000	0.0000	0.0000	0.0000	0.0000	0.0000	0.0000	0.0000	0.0000	0.0000	0.0000	0.0000	0.0000	0.0000	0.0000	0.0000	0.0000	0.0000	0.0000	0.0000	0.0000	0.0000	0.0086	0.0053	0.0033	0.0029	0.0023	0.0006	0.0057	0.0030	0.0027	0.0000	0.0000	0.0000	0.0000	0.0000	0.0000	0.0000	0.0000	0.0000	0.0000	0.0000	0.0000	0.0000	0.0000	0.0000	0.0000	0.0000	0.0000											
54	107	0.1922	8	1	1	0	1	0	0	0	0	N	N	N	N	N	N	N	N	N	N	N	N	0.0000	0.0000	0.0000	0.0000	0.0000	0.0000	0.0000	0.0000	0.0000	0.0000	0.0000	0.0000	0.0000	0.0000	0.0000	0.0000	0.0000	0.0000	0.0000	0.0000	0.0013	0.0000	1.9704	0.9999	0.0000	0.0000	0.0000	0.0000	0.0000	0.0000	0.0000	0.0000	0.0000	0.0000	0.0000	0.0000	0.0000	0.0000	0.0000	0.0000	0.0000	0.0000	0.0000	0.0000	0.0000	0.0000	0.0000	0.0000	0.0000	0.0000	0.0000	0.0043	0.0026	0.0017	0.0012	0.0009	0.0003	0.0031	0.0017	0.0014	0.0000	0.0000	0.0000	0.0000	0.0000	0.0000	0.0000	0.0000	0.0000	0.0000	0.0000	0.0000	0.0000	0.0000	0.0000	0.0000	0.0000	0.0000											
54	108	0.1714	7	1	1	0	1	0	0	0	0	N	N	N	N	N	N	N	N	N	N	N	N	0.0000	0.0000	0.0000	0.0000	0.0000	0.0000	0.0000	0.0000	0.0000	0.0000	0.0000	0.0000	0.0000	0.0000	0.0000	0.0035	0.0055	0.0000	0.0108	0.0125	0.0000	0.0003	0.0005	0.0000	0.0000	0.0000	-0.0001	0.0013	0.0100	1.9704	4.8896	0.0000	0.0000	0.0000	0.0000	0.0000	0.0000	0.0000	0.0000	0.0000	0.0001	0.0001	0.0000	0.0001	0.0001	0.0000	0.0000	0.0000	0.0000	0.0000	0.0000	0.0000	0.0000	0.0000	0.0000	0.0000	0.0000	0.0000	0.0311	0.0199	0.0112	0.0095	0.0082	0.0013	0.0216	0.0117	0.0099	0.0000	0.0000	0.0000	0.0000	0.0000	0.0000	0.0000	0.0000	0.0000	0.0035	0.0055	0.0000	0.0108	0.0125	0.0000	0.0003	0.0005	0.0000				
54	109	0.1613	6	0	1	0	1	0	0	0	0	N	N	N	N	N	N	N	N	N	N	N	N	0.0000	0.0000	0.0000	0.0000	0.0000	0.0000	0.0000	0.0000	0.0000	0.0000	0.0000	0.0000	0.0000	0.0000	0.0000	0.0000	0.0000	0.0034	0.0037	0.0030	0.0139	0.0180	0.0000	0.0016	0.0003	0.0032	0.5779	0.0000	-0.0000	0.0013	1.0007	1.9704	1.4004	0.0000	0.0000	0.0000	0.0000	0.0000	0.0000	0.0000	0.0000	0.0000	0.0000	0.0000	0.0000	0.0000	0.0000	0.0000	0.0000	0.0000	0.0000	0.0000	0.0000	0.0000	0.0000	0.0000	0.0000	0.0000	0.0000	0.0000	0.0099	0.0058	0.0042	0.0014	0.0011	0.0003	0.0085	0.0047	0.0038	0.0000	0.0000	0.0000	0.0000	0.0000	0.0000	0.0000	0.0000	0.0000	0.0034	0.0037	0.0030	0.0139	0.0180	0.0000	0.0016	0.0003	0.0032		
54	110	0.1480	5	0	0	0	1	0	0	0	0	N	N	N	N	N	N	N	N	N	N	N	N	0.0000	0.0000	0.0000	0.0000	0.0000	0.0000	0.0000	0.0000	0.0000	0.0000	0.0000	0.0000	0.0000	0.0000	0.0000	0.0000	0.0000	0.0000	0.0041	0.0069	0.0000	0.0214	0.0248	0.0000	0.0000	0.0000	0.0000	0.0010	0.0000	-0.0000	0.0013	0.3039	1.9704	2.8719	0.0000	0.0000	0.0000	0.0000	0.0000	0.0000	0.0000	0.0000	0.0000	0.0001	0.0001	0.0000	0.0001	0.0001	0.0000	0.0000	0.0000	0.0000	0.0000	0.0000	0.0000	0.0000	0.0000	0.0000	0.0000	0.0000	0.0000	0.0156	0.0093	0.0063	0.0030	0.0026	0.0004	0.0126	0.0067	0.0059	0.0000	0.0000	0.0000	0.0000	0.0000	0.0000	0.0000	0.0000	0.0000	0.0041	0.0069	0.0000	0.0214	0.0248	0.0000	0.0000	0.0000	0.0000	
54	111	0.0954	4	0	0	0	1	0	0	0	0	N	N	N	N	N	N	N	N	N	N	N	N	0.0000	0.0000	0.0000	0.0000	0.0000	0.0000	0.0000	0.0000	0.0000	0.0000	0.0000	0.0000	0.0000	0.0000	0.0000	0.0000	0.0000	0.0025	0.0021	0.0030	0.0000	0.0000	0.0000	0.0027	0.0023	0.0031	1.0877	0.0000	-0.0000	0.0013	3.8240	1.9704	8.1760	0.0000	0.0000	0.0000	0.0000	0.0000	0.0000	0.0000	0.0000	0.0000	0.0001	0.0001	0.0001	0.0000	0.0000	0.0000	0.0001	0.0001	0.0001	0.0001	0.0001	0.0000	0.0000	0.0000	0.0000	0.0001	0.0001	0.0000	0.0456	0.0259	0.0198	0.0030	0.0022	0.0008	0.0426	0.0236	0.0190	0.0000	0.0000	0.0000	0.0000	0.0000	0.0000	0.0000	0.0000	0.0000	0.0025	0.0021	0.0030	0.0000	0.0000	0.0000	0.0027	0.0023	0.0031		
54	115	0.2881	7	0	0	0	1	0	0	0	0	N	N	N	N	N	N	N	N	N	N	N	N	0.0003	0.0002	0.0000	0.0002	0.0001	0.0000	0.0000	0.0000	0.0000	0.0000	0.0000	0.0000	0.0002	0.0002	0.0000	0.0000	0.0000	0.0000	0.1068	0.1667	0.0000	1.1658	1.4455	0.0000	0.0002	0.0004	0.0000	0.0357	0.0000	-0.0000	-0.0087	0.0013	8.9918	1.9704	13.3277	0.0000	0.0000	0.0000	0.0000	0.0000	0.0000	0.0000	0.0000	0.0000	0.0161	0.0161	0.0000	0.0160	0.0160	0.0000	0.0000	0.0000	0.0000	0.0002	0.0002	0.0000	0.0000	0.0000	0.0000	0.0002	0.0001	0.0000	0.1504	0.1075	0.0429	0.0702	0.0600	0.0102	0.0803	0.0475	0.0327	0.0003	0.0002	0.0000	0.0009	0.0008	0.0000	0.0000	0.0000	0.0000	0.1068	0.1494	0.0000	0.2287	0.2676	0.0000	0.0002	0.0004	0.0000
55	56	0.1479	6	0	1	1	1	0	0	0	0	N	N	N	N	N	N	N	N	N	N	N	N	0.0000	0.0000	0.0000	0.0000	0.0000	0.0000	0.0000	0.0000	0.0000	0.0000	0.0000	0.0000	0.0000	0.0000	0.0000	0.0000	0.0000	0.0000	0.0000	0.0000	0.0001	0.0000	0.0000	0.0000	56.2286	0.0000	0.0000	3.0000	2.0013	4.0155	5.6727	0.0000	0.0000	0.0000	0.0000	0.0000	0.0000	0.0000	0.0000	0.0000	0.0000	0.0000	0.0000	0.0000	0.0000	0.0000	0.0000	0.0000	0.0000	0.0793	0.0676	0.0117	0.0040	0.0038	0.0002	0.0753	0.0638	0.0115	0.1310	0.0862	0.0448	0.0285	0.0252	0.0032	0.1026	0.0610	0.0416	0.0000	0.0000	0.0000	0.0000	0.0000	0.0000	0.0000	0.0000	0.0000	0.0000	0.0000	0.0000	0.0000	0.0000	0.0001	0.0000	0.0000	0.0000				
55	57	0.1442	5	0	1	0	1	0	0	0	0	N	N	N	N	N	N	N	N	N	N	N	N	0.0000	0.0000	0.0000	0.0000	0.0000	0.0000	0.0000	0.0000	0.0000	0.0000	0.0000	0.0000	0.0000	0.0000	0.0000	0.0000	0.0000	0.0000	0.0000	0.0000	0.0000	0.0000	0.0000	0.0000	0.0000	0.0178	0.0000	-0.0000	3.0000	0.0033	4.0155	1.3874	0.0000	0.0000	0.0000	0.0000	0.0000	0.0000	0.0000	0.0000	0.0000	0.0000	0.0000	0.0000	0.0000	0.0000	0.0000	0.0000	0.0000	0.0000	0.0002	0.0002	0.0000	0.0000	0.0000	0.0000	0.0002	0.0001	0.0000	0.0475	0.0359	0.0115	0.0166	0.0160	0.0006	0.0309	0.0199	0.0109	0.0000	0.0000	0.0000	0.0000	0.0000	0.0000	0.0000	0.0000	0.0000	0.0000	0.0000	0.0000	0.0000	0.0000	0.0000	0.0000	0.0000	0.0000			
55	58	0.1291	4	1	0	1	1	0	0	0	0	N	N	N	N	N	N	N	N	N	N	N	N	0.0000	0.0000	0.0000	0.0000	0.0000	0.0000	0.0000	0.0000	0.0000	0.0000	0.0000	0.0000	0.0000	0.0000	0.0000	0.0000	0.0000	0.0000	0.0000	0.0000	3.0000	0.0000	4.0155	2.0000	0.0000	0.0000	0.0000	0.0000	0.0000	0.0000	0.0000	0.0000	0.0000	0.0000	0.0000	0.0000	0.0000	0.0000	0.0000	0.0000	0.0000	0.0000	0.0000	0.0000	0.0000	0.0000	0.0000	0.0000	0.0000	0.0000	0.0000	0.0279	0.0167	0.0112	0.0027	0.0021	0.0006	0.0252	0.0146	0.0106	0.0000	0.0000	0.0000	0.0000	0.0000	0.0000	0.0000	0.0000	0.0000	0.0000	0.0000	0.0000	0.0000	0.0000	0.0000	0.0000	0.0000	0.0000											
55	59	0.1442	5	0	1	0	1	0	0	0	0	N	N	N	N	N	N	N	N	N	N	N	N	0.0000	0.0000	0.0000	0.0000	0.0000	0.0000	0.0000	0.0000	0.0000	0.0000	0.0000	0.0000	0.0000	0.0000	0.0000	0.0000	0.0000	0.0000	0.0000	0.0000	3.0000	1.9997	4.0155	3.4660	0.0000	0.0000	0.0000	0.0000	0.0000	0.0000	0.0000	0.0000	0.0000	0.0000	0.0000	0.0000	0.0000	0.0000	0.0000	0.0000	0.0000	0.0000	0.0789	0.0673	0.0117	0.0038	0.0036	0.0002	0.0751	0.0636	0.0115	0.1005	0.0675	0.0330	0.0230	0.0208	0.0023	0.0775	0.0468	0.0307	0.0000	0.0000	0.0000	0.0000	0.0000	0.0000	0.0000	0.0000	0.0000	0.0000	0.0000	0.0000	0.0000	0.0000	0.0000	0.0000	0.0000	0.0000											
55	60	0.1291	4	0	1	0	1	0	0	0	0	N	N	N	N	N	N	N	N	N	N	N	N	0.0000	0.0000	0.0000	0.0000	0.0000	0.0000	0.0000	0.0000	0.0000	0.0000	0.0000	0.0000	0.0000	0.0000	0.0000	0.0000	0.0000	0.0000	0.0000	0.0000	3.0000	0.0005	4.0155	3.6054	0.0000	0.0000	0.0000	0.0000	0.0000	0.0000	0.0000	0.0000	0.0000	0.0000	0.0000	0.0000	0.0000	0.0000	0.0000	0.0000	0.0000	0.0000	0.0000	0.0000	0.0000	0.0000	0.0000	0.0000	0.0000	0.0000	0.0000	0.0496	0.0297	0.0199	0.0048	0.0037	0.0011	0.0448	0.0259	0.0189	0.0000	0.0000	0.0000	0.0000	0.0000	0.0000	0.0000	0.0000	0.0000	0.0000	0.0000	0.0000	0.0000	0.0000	0.0000	0.0000	0.0000	0.0000											
55	61	0.1018	3	0	0	1	1	0	0	0	0	N	N	N	N	N	N	N	N	N	N	N	N	0.0000	0.0000	0.0000	0.0000	0.0000	0.0000	0.0000	0.0000	0.0000	0.0000	0.0000	0.0000	0.0000	0.0000	0.0000	0.0000	0.0000	0.0000	0.0000	0.0000	3.0000	0.0000	4.0155	1.0000	0.0000	0.0000	0.0000	0.0000	0.0000	0.0000	0.0000	0.0000	0.0000	0.0000	0.0000	0.0000	0.0000	0.0000	0.0000	0.0000	0.0000	0.0000	0.0000	0.0000	0.0000	0.0000	0.0000	0.0000	0.0000	0.0000	0.0000	0.0143	0.0081	0.0062	0.0012	0.0009	0.0004	0.0131	0.0072	0.0059	0.0000	0.0000	0.0000	0.0000	0.0000	0.0000	0.0000	0.0000	0.0000	0.0000	0.0000	0.0000	0.0000	0.0000	0.0000	0.0000	0.0000	0.0000											
55	62	0.0976	2	0	0	0	1	0	0	0	0	N	N	N	N	N	N	N	N	N	N	N	N	103.8810	5324.0322	0.0000	0.0000	0.0000	122.0519	inf	0.0000	0.9181	1.0460	0.0000	0.0000	0.0000	0.0000	1.2809	1.5369	0.0000	0.0088	0.0002	0.0231	0.0007	0.0008	0.0000	0.0105	0.0000	0.0243	0.0000	71.2928	-0.0000	0.0001	3.0000	0.0001	4.0155	1.0076	0.0000	0.0000	0.0000	0.0000	0.0000	0.0000	0.0000	0.0000	0.0000	0.0002	0.0000	0.0002	0.0000	0.0000	0.0000	0.0002	0.0000	0.0002	0.0000	0.0000	0.0000	0.0000	0.0000	0.0000	0.0000	0.0000	0.0000	0.0183	0.0114	0.0069	0.0031	0.0028	0.0003	0.0152	0.0086	0.0066	103.8810	5324.0322	0.0000	0.0000	0.0000	0.0000	122.0519	inf	0.0000	0.0088	0.0002	0.0231	0.0007	0.0008	0.0000	0.0105	0.0000	0.0243	
55	64	0.1291	4	1	1	0	1	0	0	0	0	N	N	N	N	N	N	N	N	N	N	N	N	0.0000	0.0000	0.0000	0.0000	0.0000	0.0000	0.0000	0.0000	0.0000	0.0000	0.0000	0.0000	0.0000	10.9959	0.0000	63.8918	0.0000	0.0000	0.0000	11.8059	0.0000	63.9365	inf	0.0000	0.4601	3.0000	4.0000	4.0155	3.0000	0.0000	0.0000	0.0000	0.0000	0.0000	0.0000	0.0000	0.0000	0.0000	1.0000	0.0000	1.0000	0.0000	0.0000	0.0000	1.0000	0.0000	1.0000	0.1549	0.1322	0.0227	0.0075	0.0071	0.0004	0.1474	0.1251	0.0223	0.0939	0.0562	0.0377	0.0092	0.0071	0.0021	0.0847	0.0491	0.0356	0.0000	0.0000	0.0000	0.0000	0.0000	0.0000	0.0000	0.0000	0.0000	10.6502	0.0000	26.5031	0.0000	0.0000	0.0000	11.8059	0.0000	28.0539						
55	65	0.0872	3	0	0	0	1	0	0	0	0	N	N	N	N	N	N	N	N	N	N	N	N	11494.6692	3843.5496	inf	10834.8711	3534.5866	inf	24.9604	14.6989	82.6800	0.0000	0.0000	0.0000	25.2417	14.8803	83.1184	0.0022	0.0038	0.0000	0.0000	0.0000	0.0000	0.0023	0.0042	0.0000	1.0000	0.0000	0.0765	-0.0002	3.0000	2.0015	4.0155	10.0016	2.0000	1.0000	1.0000	0.0000	0.0000	0.0000	2.0000	1.0000	1.0000	0.0003	0.0003	0.0000	0.0000	0.0000	0.0000	0.0003	0.0003	0.0000	0.0801	0.0680	0.0121	0.0009	0.0008	0.0001	0.0792	0.0672	0.0120	0.1612	0.0915	0.0697	0.0109	0.0084	0.0026	0.1502	0.0831	0.0671	11494.6692	3843.5496	inf	0.0000	0.0000	0.0000	10834.8711	3534.5866	inf	0.0022	0.0038	0.0000	0.0000	0.0000	0.0000	0.0023	0.0042	0.0000			
55	67	0.2421	5	0	0	0	1	0	0	0	0	N	N	N	N	N	N	N	N	N	N	N	N	0.0058	0.7420	0.0000	0.3157	3.2917	0.0000	0.0000	0.0000	0.0004	0.0004	0.0000	0.0039	0.0040	0.0000	0.0000	0.0000	0.0000	0.0658	0.0006	0.2681	0.0124	0.0012	0.0753	0.0999	0.0000	0.3352	0.0000	161.2311	-0.0000	0.0123	3.0000	4.8614	4.0155	14.2102	0.0001	0.0001	0.0000	0.0001	0.0001	0.0000	0.0000	0.0000	0.0000	0.0270	0.0002	0.0269	0.0020	0.0002	0.0018	0.0251	0.0000	0.0251	0.2112	0.1822	0.0290	0.0205	0.0198	0.0007	0.1907	0.1623	0.0283	0.4108	0.2815	0.1294	0.1601	0.1360	0.0241	0.2508	0.1454	0.1053	0.0058	0.7420	0.0000	0.3157	3.2917	0.0000	0.0000	0.0000	0.0000	0.0658	0.0006	0.2077	0.0124	0.0012	0.0753	0.0999	0.0000	0.2379	
55	68	0.1630	7	1	1	1	1	0	0	0	0	N	N	N	N	N	N	N	N	N	N	N	N	0.0000	0.0000	0.0000	0.0000	0.0000	0.0000	0.0000	0.0000	0.0000	0.0000	0.0000	0.0000	0.0000	0.0000	0.0000	0.0000	0.0000	0.0000	0.0000	0.0000	3.0000	0.0000	4.0155	0.0000	0.0000	0.0000	0.0000	0.0000	0.0000	0.0000	0.0000	0.0000	0.0000	0.0000	0.0000	0.0000	0.0000	0.0000	0.0000	0.0000	0.0000	0.0000	0.0000	0.0000	0.0000	0.0000	0.0000	0.0000	0.0000	0.0000	0.0000	0.0000	0.0000	0.0000	0.0000	0.0000	0.0000	0.0000	0.0000	0.0000	0.0000	0.0000	0.0000	0.0000	0.0000	0.0000	0.0000	0.0000	0.0000	0.0000	0.0000	0.0000	0.0000	0.0000	0.0000	0.0000	0.0000	0.0000											
55	69	0.1588	6	1	0	1	1	0	0	0	0	N	N	N	N	N	N	N	N	N	N	N	N	0.0000	0.0000	0.0000	0.0000	0.0000	0.0000	0.0000	0.0000	0.0000	0.0000	0.0000	0.0000	0.0000	0.0007	0.0000	0.0017	0.0000	0.0000	0.0000	0.0008	0.0000	0.0019	inf	0.0000	0.0000	3.0000	0.0016	4.0155	0.9826	0.0000	0.0000	0.0000	0.0000	0.0000	0.0000	0.0000	0.0000	0.0000	0.0000	0.0000	0.0000	0.0000	0.0000	0.0000	0.0000	0.0000	0.0000	0.0002	0.0002	0.0000	0.0001	0.0001	0.0000	0.0002	0.0001	0.0000	0.0151	0.0093	0.0058	0.0030	0.0025	0.0005	0.0121	0.0068	0.0053	0.0000	0.0000	0.0000	0.0000	0.0000	0.0000	0.0000	0.0000	0.0000	0.0007	0.0000	0.0017	0.0000	0.0000	0.0000	0.0008	0.0000	0.0019						
55	70	0.1461	5	1	0	1	1	0	0	0	0	N	N	N	N	N	N	N	N	N	N	N	N	0.0000	0.0000	0.0000	0.0000	0.0000	0.0000	0.0000	0.0000	0.0000	0.0000	0.0000	0.0000	0.0000	0.0000	0.0000	0.0000	0.0000	0.0725	0.0003	0.2412	0.0060	0.0014	0.0320	0.0870	0.0000	0.2455	338.0236	0.0000	0.0015	3.0000	0.0061	4.0155	3.0249	0.0000	0.0000	0.0000	0.0000	0.0000	0.0000	0.0000	0.0000	0.0000	0.0034	0.0000	0.0034	0.0001	0.0000	0.0000	0.0033	0.0000	0.0033	0.0006	0.0006	0.0001	0.0002	0.0002	0.0000	0.0004	0.0004	0.0001	0.0466	0.0289	0.0177	0.0083	0.0071	0.0013	0.0383	0.0218	0.0165	0.0000	0.0000	0.0000	0.0000	0.0000	0.0000	0.0000	0.0000	0.0000	0.0725	0.0003	0.1900	0.0060	0.0014	0.0320	0.0870	0.0000	0.2020		
55	71	0.1291	4	1	0	1	1	0	0	0	0	N	N	N	N	N	N	N	N	N	N	N	N	0.0000	0.0000	0.0000	0.0000	0.0000	0.0000	0.0000	0.0000	0.0000	0.0000	0.0000	0.0000	0.0000	0.0000	0.0000	0.0000	0.0000	18.6526	0.0012	91.1058	0.0000	0.0000	0.0000	19.9637	0.0014	89.4855	24793.7648	0.0000	0.4585	3.0000	0.0044	4.0155	4.0281	0.0000	0.0000	0.0000	0.0000	0.0000	0.0000	0.0000	0.0000	0.0000	0.9967	0.0000	0.9966	0.0000	0.0000	0.0000	0.9967	0.0000	0.9966	0.0002	0.0002	0.0000	0.0000	0.0000	0.0000	0.0002	0.0001	0.0000	0.0553	0.0331	0.0222	0.0054	0.0042	0.0012	0.0499	0.0289	0.0210	0.0000	0.0000	0.0000	0.0000	0.0000	0.0000	0.0000	0.0000	0.0000	18.0205	0.0012	44.8324	0.0000	0.0000	0.0000	19.9637	0.0014	47.4275		
55	72	0.0872	3	0	1	0	1	0	0	0	0	N	N	N	N	N	N	N	N	N	N	N	N	0.9515	1.5622	0.8957	1.6291	4.3322	0.0000	29.1085	0.0000	0.0000	0.0000	4.3773	0.0000	29.2643	4.5528	0.0000	18.6333	0.0000	0.0000	0.0000	4.8868	0.0000	17.9639	inf	inf	0.5383	0.4601	3.0000	5.9987	4.0155	11.0016	1.0000	0.0000	1.0000	0.0000	0.0000	0.0000	1.0000	0.0000	1.0000	1.0000	0.0000	1.0000	0.0000	0.0000	0.0000	1.0000	0.0000	1.0000	0.2308	0.1965	0.0344	0.0024	0.0022	0.0002	0.2285	0.1943	0.0342	0.2196	0.1250	0.0947	0.0150	0.0115	0.0035	0.2046	0.1135	0.0911	0.9515	0.0000	2.7563	0.0000	0.0000	0.0000	0.8957	0.0000	2.6672	4.5528	0.0000	10.5608	0.0000	0.0000	0.0000	4.8868	0.0000	10.9720					
55	73	0.1291	4	1	0	1	1	0	0	0	0	N	N	N	N	N	N	N	N	N	N	N	N	0.0000	0.0000	0.0000	0.0000	0.0000	0.0000	0.0000	0.0000	0.0000	0.0000	0.0000	0.0000	0.0000	10.9959	0.0000	63.8918	0.0000	0.0000	0.0000	11.8059	0.0000	63.9365	inf	0.0000	0.4601	3.0000	2.0000	4.0155	5.0000	0.0000	0.0000	0.0000	0.0000	0.0000	0.0000	0.0000	0.0000	0.0000	1.0000	0.0000	1.0000	0.0000	0.0000	0.0000	1.0000	0.0000	1.0000	0.0789	0.0673	0.0117	0.0038	0.0036	0.0002	0.0751	0.0636	0.0115	0.0939	0.0562	0.0377	0.0092	0.0071	0.0021	0.0847	0.0491	0.0356	0.0000	0.0000	0.0000	0.0000	0.0000	0.0000	0.0000	0.0000	0.0000	10.6502	0.0000	26.5031	0.0000	0.0000	0.0000	11.8059	0.0000	28.0539						
55	74	0.1290	5	0	1	0	1	0	0	0	0	N	N	N	N	N	N	N	N	N	N	N	N	18224.0968	0.2594	1773840.2747	0.8487	0.8322	0.0000	5493903.4088	15867883.3820	4.1018	0.0001	27.8813	0.0028	0.0029	0.0000	4.2256	0.0000	28.0661	0.0002	0.0004	0.0000	0.0033	0.0035	0.0011	0.0000	0.0000	0.0000	49994.0000	0.0295	0.5382	-0.0000	3.0000	6.1274	4.0155	13.6208	0.9999	0.0000	0.9999	0.0000	0.0000	0.0000	0.9999	0.0000	0.9999	0.0001	0.0001	0.0000	0.0001	0.0001	0.0000	0.0000	0.0000	0.0000	0.2438	0.2079	0.0359	0.0071	0.0069	0.0002	0.2366	0.2010	0.0356	0.2745	0.1619	0.1127	0.0187	0.0173	0.0014	0.2559	0.1446	0.1113	18224.0968	0.2594	1773840.2747	0.8487	0.8322	0.0000	5493903.4088	0.0000	15867883.3820	0.0002	0.0004	0.0000	0.0033	0.0035	0.0011	0.0000	0.0000	0.0000	
55	75	0.1536	8	0	0	1	1	0	0	0	0	N	N	N	N	N	N	N	N	N	N	N	N	0.0000	0.0000	0.0000	0.0000	0.0000	0.0000	0.0000	0.0000	0.0000	0.0000	0.0000	0.0000	0.0000	0.0487	0.0824	0.0000	9.8676	11.7595	0.0000	0.0000	0.0000	0.0000	0.0000	0.0000	-0.0004	3.0000	0.0000	4.0155	1.0003	0.0000	0.0000	0.0000	0.0000	0.0000	0.0000	0.0000	0.0000	0.0000	0.0007	0.0007	0.0000	0.0007	0.0007	0.0000	0.0000	0.0000	0.0000	0.0000	0.0000	0.0000	0.0000	0.0000	0.0000	0.0000	0.0000	0.0000	0.0148	0.0087	0.0060	0.0008	0.0007	0.0001	0.0140	0.0080	0.0059	0.0000	0.0000	0.0000	0.0000	0.0000	0.0000	0.0000	0.0000	0.0000	0.0487	0.0824	0.0000	0.8888	1.0186	0.0000	0.0000	0.0000	0.0000						
55	76	0.1494	7	0	0	1	1	0	0	0	0	N	N	N	N	N	N	N	N	N	N	N	N	0.0000	0.0000	0.0000	0.0000	0.0000	0.0000	0.0000	0.0000	0.0000	0.0000	0.0000	0.0000	0.0000	0.0489	0.0000	0.1391	0.0000	0.0000	0.0000	0.0511	0.0000	0.1441	inf	0.0000	0.0003	3.0000	0.0000	4.0155	1.0076	0.0000	0.0000	0.0000	0.0000	0.0000	0.0000	0.0000	0.0000	0.0000	0.0007	0.0000	0.0007	0.0000	0.0000	0.0000	0.0007	0.0000	0.0007	0.0000	0.0000	0.0000	0.0000	0.0000	0.0000	0.0000	0.0000	0.0000	0.0147	0.0087	0.0060	0.0006	0.0006	0.0001	0.0141	0.0081	0.0060	0.0000	0.0000	0.0000	0.0000	0.0000	0.0000	0.0000	0.0000	0.0000	0.0489	0.0000	0.1191	0.0000	0.0000	0.0000	0.0511	0.0000	0.1206						
55	77	0.1454	6	0	0	0	1	0	0	0	0	N	N	N	N	N	N	N	N	N	N	N	N	inf	inf	inf	inf	4.1912	4.6510	0.0000	11.6285	11.6694	0.0000	0.0000	0.0000	0.0000	0.0000	0.0000	0.0000	0.0000	0.0000	0.0000	0.0000	0.0000	0.0000	0.0000	-0.0006	0.0000	3.0000	0.0026	4.0155	0.9924	0.0014	0.0014	0.0000	0.0014	0.0014	0.0000	0.0000	0.0000	0.0000	0.0000	0.0000	0.0000	0.0000	0.0000	0.0000	0.0000	0.0000	0.0000	0.0003	0.0003	0.0000	0.0001	0.0001	0.0000	0.0002	0.0002	0.0000	0.0145	0.0086	0.0060	0.0006	0.0006	0.0001	0.0139	0.0080	0.0059	inf	inf	0.0000	inf	inf	0.0000	0.0000	0.0000	0.0000	0.0000	0.0000	0.0000	0.0000	0.0000	0.0000	0.0000	0.0000	0.0000						
55	78	0.1290	5	0	0	0	1	0	0	0	0	N	N	N	N	N	N	N	N	N	N	N	N	17.0791	1.1946	1349.9307	4.7146	4.7949	0.0000	4370.9709	12090.2299	0.0124	0.0013	0.0769	0.0234	0.0238	0.0000	0.0119	0.0000	0.0774	0.0007	0.0011	0.0001	0.0050	0.0050	0.0045	0.0000	0.0000	0.0000	9.9303	0.0295	0.0007	-0.0000	3.0000	2.8733	4.0155	1.5522	0.0015	0.0001	0.0014	0.0001	0.0001	0.0000	0.0014	0.0000	0.0014	0.0001	0.0001	0.0000	0.0001	0.0001	0.0000	0.0000	0.0000	0.0000	0.1229	0.1049	0.0181	0.0060	0.0059	0.0001	0.1170	0.0990	0.0180	0.0848	0.0537	0.0311	0.0124	0.0121	0.0003	0.0724	0.0416	0.0307	17.0791	1.1946	1349.9307	4.7146	4.7949	0.0000	4370.9709	0.0000	12090.2299	0.0007	0.0011	0.0001	0.0050	0.0050	0.0045	0.0000	0.0000	0.0000	
55	79	0.1169	4	0	0	0	1	0	0	0	0	N	N	N	N	N	N	N	N	N	N	N	N	0.8934	0.0000	31.3281	0.0000	0.0000	0.0000	13.2171	0.0000	31.8907	0.0100	0.0000	0.0744	0.0000	0.0000	0.0000	0.0125	0.0000	0.0747	0.0111	0.0149	0.0024	0.0379	0.0392	0.0033	0.0009	0.0000	0.0023	inf	0.0687	0.0001	-0.0005	3.0000	0.2102	4.0155	3.4985	0.0001	0.0000	0.0001	0.0000	0.0000	0.0000	0.0001	0.0000	0.0001	0.0011	0.0011	0.0001	0.0011	0.0011	0.0000	0.0001	0.0000	0.0001	0.0141	0.0122	0.0019	0.0029	0.0028	0.0000	0.0112	0.0093	0.0019	0.1027	0.0717	0.0310	0.0284	0.0274	0.0010	0.0744	0.0444	0.0300	0.8934	0.0000	31.3281	0.0000	0.0000	0.0000	13.2171	0.0000	31.8907	0.0111	0.0149	0.0024	0.0379	0.0392	0.0033	0.0009	0.0000	0.0023
55	80	0.0605	4	0	1	0	1	0	0	0	0	N	N	N	N	N	N	N	N	N	N	N	N	2367.0892	1152639.3137	0.0000	775.5208	42482.6401	0.0000	2469.2249	inf	0.0000	0.2112	0.2483	0.0000	0.1111	0.1165	0.0000	0.2138	0.2521	0.0000	0.0001	0.0000	0.0002	0.0001	0.0000	0.0047	0.0001	0.0000	0.0002	0.0000	720.8232	-0.0079	0.0000	3.0000	2.0196	4.0155	6.0690	0.0172	0.0172	0.0000	0.0002	0.0002	0.0000	0.0169	0.0169	0.0000	0.0000	0.0000	0.0000	0.0000	0.0000	0.0000	0.0000	0.0000	0.0000	0.0814	0.0692	0.0122	0.0021	0.0020	0.0001	0.0793	0.0672	0.0121	0.1206	0.0692	0.0514	0.0056	0.0054	0.0002	0.1150	0.0637	0.0512	2367.0892	1152639.3137	0.0000	775.5208	42482.6401	0.0000	2469.2249	inf	0.0000	0.0001	0.0000	0.0002	0.0001	0.0000	0.0047	0.0001	0.0000	0.0002
55	81	0.0522	3	0	0	0	1	0	0	0	0	N	N	N	N	N	N	N	N	N	N	N	N	6797.8244	46179.9142	4.6444	2.4947	2.5925	inf	7425.6931	68689069.1487	4.6580	24.8518	29.2905	0.0350	0.0354	0.0371	0.0003	25.1329	29.6630	0.0351	0.0037	0.0006	0.0075	0.0142	0.0143	0.0000	0.0034	0.0000	0.0075	0.0002	9.2535	-0.4536	0.0000	3.0000	0.9876	4.0155	0.9833	0.9829	0.9827	0.0002	0.0000	0.0000	0.0000	0.9829	0.9827	0.0002	0.0001	0.0000	0.0001	0.0000	0.0000	0.0000	0.0001	0.0000	0.0001	0.0396	0.0336	0.0060	0.0004	0.0004	0.0000	0.0391	0.0331	0.0060	0.0302	0.0170	0.0132	0.0008	0.0008	0.0000	0.0294	0.0162	0.0132	6797.8244	46179.9142	4.6444	2.4947	2.5925	inf	7425.6931	68689069.1487	4.6580	0.0037	0.0006	0.0075	0.0142	0.0143	0.0000	0.0034	0.0000	0.0075
55	82	0.1573	5	1	0	1	1	0	0	0	0	N	N	N	N	N	N	N	N	N	N	N	N	0.0000	0.0000	0.0000	0.0000	0.0000	0.0000	0.0000	0.0000	0.0000	0.0000	0.0000	0.0000	0.0000	0.0000	0.0000	0.0000	0.0000	0.0000	0.0000	0.0000	3.0000	1.0000	4.0155	2.9874	0.0000	0.0000	0.0000	0.0000	0.0000	0.0000	0.0000	0.0000	0.0000	0.0000	0.0000	0.0000	0.0000	0.0000	0.0000	0.0000	0.0000	0.0000	0.0402	0.0341	0.0061	0.0003	0.0002	0.0000	0.0399	0.0338	0.0061	0.0575	0.0341	0.0234	0.0089	0.0072	0.0017	0.0486	0.0269	0.0217	0.0000	0.0000	0.0000	0.0000	0.0000	0.0000	0.0000	0.0000	0.0000	0.0000	0.0000	0.0000	0.0000	0.0000	0.0000	0.0000	0.0000	0.0000											
55	83	0.1291	4	1	0	1	1	0	0	0	0	N	N	N	N	N	N	N	N	N	N	N	N	0.0000	0.0000	0.0000	0.0000	0.0000	0.0000	0.0000	0.0000	0.0000	0.0000	0.0000	0.0000	0.0000	0.0000	0.0000	0.0000	0.0000	0.0000	0.0000	0.0000	3.0000	0.9997	4.0155	6.0128	0.0000	0.0000	0.0000	0.0000	0.0000	0.0000	0.0000	0.0000	0.0000	0.0000	0.0000	0.0000	0.0000	0.0000	0.0000	0.0000	0.0000	0.0000	0.0398	0.0339	0.0059	0.0019	0.0018	0.0001	0.0379	0.0321	0.0058	0.0941	0.0563	0.0378	0.0092	0.0071	0.0021	0.0848	0.0491	0.0357	0.0000	0.0000	0.0000	0.0000	0.0000	0.0000	0.0000	0.0000	0.0000	0.0000	0.0000	0.0000	0.0000	0.0000	0.0000	0.0000	0.0000	0.0000											
55	84	0.0872	3	0	1	0	2	0	0	0	0	N	N	N	Y	N	N	N	N	N	N	N	N	0.0000	0.0000	0.0000	0.0000	0.0000	0.0000	0.0000	0.0000	0.0000	0.0000	0.0000	0.0000	0.0000	0.0000	0.0000	0.0000	0.0000	0.0000	0.0000	0.0000	3.0000	8.0013	4.0155	12.0015	0.0000	0.0000	0.0000	0.0000	0.0000	0.0000	0.0000	0.0000	0.0000	0.0000	0.0000	0.0000	0.0000	0.0000	0.0000	0.0000	0.0000	0.0000	0.3022	0.2575	0.0447	0.0031	0.0028	0.0002	0.2991	0.2547	0.0444	0.2526	0.1439	0.1087	0.0173	0.0132	0.0041	0.2353	0.1307	0.1046	0.0000	0.0000	0.0000	0.0000	0.0000	0.0000	0.0000	0.0000	0.0000	0.0000	0.0000	0.0000	0.0000	0.0000	0.0000	0.0000	0.0000	0.0000											
55	87	0.1291	4	0	1	0	1	0	0	0	0	N	N	N	N	N	N	N	N	N	N	N	N	0.0000	0.0000	0.0000	0.0000	0.0000	0.0000	0.0000	0.0000	0.0000	0.0000	0.0000	0.0000	0.0000	0.0024	0.0041	0.0000	0.0000	0.0000	0.0000	0.0027	0.0047	0.0000	0.0000	0.0000	-0.0002	3.0000	4.0000	4.0155	7.0000	0.0000	0.0000	0.0000	0.0000	0.0000	0.0000	0.0000	0.0000	0.0000	0.0003	0.0003	0.0000	0.0000	0.0000	0.0000	0.0003	0.0003	0.0000	0.1549	0.1322	0.0227	0.0075	0.0071	0.0004	0.1474	0.1251	0.0223	0.1432	0.0857	0.0575	0.0141	0.0109	0.0032	0.1291	0.0748	0.0543	0.0000	0.0000	0.0000	0.0000	0.0000	0.0000	0.0000	0.0000	0.0000	0.0024	0.0041	0.0000	0.0000	0.0000	0.0000	0.0027	0.0047	0.0000						
55	88	0.0872	3	0	0	0	1	0	0	0	0	N	N	N	N	N	N	N	N	N	N	N	N	inf	inf	inf	inf	8.4176	0.0000	55.9576	0.0000	0.0000	0.0000	8.5088	0.0000	56.2551	0.0000	0.0000	0.0000	0.0000	0.0000	0.0000	0.0000	0.0000	0.0000	inf	0.5383	0.0000	3.0000	2.9985	4.0155	7.0016	1.0000	0.0000	1.0000	0.0000	0.0000	0.0000	1.0000	0.0000	1.0000	0.0000	0.0000	0.0000	0.0000	0.0000	0.0000	0.0000	0.0000	0.0000	0.1188	0.1009	0.0179	0.0013	0.0012	0.0001	0.1175	0.0997	0.0178	0.1364	0.0774	0.0590	0.0092	0.0071	0.0022	0.1272	0.0703	0.0569	inf	0.0000	inf	0.0000	0.0000	0.0000	inf	0.0000	inf	0.0000	0.0000	0.0000	0.0000	0.0000	0.0000	0.0000	0.0000	0.0000						
55	89	0.0608	4	0	1	0	1	0	0	0	0	N	N	N	N	N	N	N	N	N	N	N	N	84.6232	56.5474	0.0000	8601.1756	25720.8649	0.0000	0.0000	0.0000	0.0000	0.2289	0.2626	0.0000	0.6339	0.6341	0.0000	0.0000	0.0000	0.0000	0.0027	0.0046	0.0002	0.0001	0.0000	0.0003	0.0029	0.0051	0.0002	0.0000	0.0296	-0.0002	-0.0002	3.0000	0.0157	4.0155	9.0253	0.0005	0.0005	0.0000	0.0005	0.0005	0.0000	0.0000	0.0000	0.0000	0.0004	0.0003	0.0000	0.0000	0.0000	0.0000	0.0004	0.0003	0.0000	0.0022	0.0019	0.0003	0.0008	0.0008	0.0000	0.0014	0.0011	0.0003	0.1329	0.0752	0.0577	0.0074	0.0062	0.0012	0.1254	0.0689	0.0565	84.6232	56.5474	0.0000	8601.1756	25720.8649	0.0000	0.0000	0.0000	0.0000	0.0027	0.0046	0.0002	0.0001	0.0000	0.0003	0.0029	0.0051	0.0002
55	90	0.0522	3	0	1	0	1	0	0	0	0	N	N	N	N	N	N	N	N	N	N	N	N	390.6672	2055.0747	236.6668	678.6025	678.3802	297.7202	14159.3330	237.3198	1.4047	1.3462	1.7438	9.1743	9.2647	0.0000	0.9953	0.8576	1.7496	0.0036	0.0007	0.0074	0.0135	0.0137	0.0000	0.0033	0.0001	0.0074	0.2235	8.7677	-0.0003	0.0000	3.0000	0.0169	4.0155	2.0013	0.0010	0.0008	0.0002	0.0003	0.0003	0.0000	0.0007	0.0005	0.0002	0.0001	0.0000	0.0001	0.0000	0.0000	0.0000	0.0001	0.0000	0.0001	0.0007	0.0006	0.0001	0.0000	0.0000	0.0000	0.0007	0.0006	0.0001	0.0309	0.0173	0.0135	0.0008	0.0008	0.0000	0.0301	0.0166	0.0135	390.6672	2055.0747	236.6668	678.6025	678.3802	0.0000	297.7202	14159.3330	237.3198	0.0036	0.0007	0.0074	0.0135	0.0137	0.0000	0.0033	0.0001	0.0074	
55	91	0.0435	2	0	0	0	1	0	0	0	0	N	N	N	N	N	N	N	N	N	N	N	N	13.6360	0.9115	50.1100	0.4003	0.0164	18.0454	22.4894	12054.2799	49.1197	12.5199	0.0050	82.8062	0.0571	0.0023	1.7387	12.5772	0.0051	82.8838	0.9181	0.0055	1.6525	0.1427	0.1380	0.0964	0.5593	0.0000	1.6874	2921.3942	176.7234	0.5357	0.0079	3.0000	1.9923	4.0155	0.0454	0.9960	0.0003	0.9956	0.0000	0.0000	0.0000	0.9959	0.0003	0.9956	0.0174	0.0001	0.0173	0.0001	0.0001	0.0000	0.0173	0.0000	0.0173	0.0795	0.0675	0.0120	0.0004	0.0004	0.0000	0.0792	0.0672	0.0120	0.0319	0.0177	0.0142	0.0010	0.0010	0.0000	0.0309	0.0167	0.0142	22.9824	0.9115	68.2430	0.5812	0.0231	18.0454	22.4894	12054.2799	68.2709	0.5448	0.0055	1.2134	0.0983	0.0983	0.0964	0.5593	0.0000	1.2140
55	93	0.1839	8	1	1	0	2	0	0	0	0	N	N	N	Y	N	N	N	N	N	N	N	N	0.0000	0.0000	0.0000	0.0000	0.0000	0.0000	0.0000	0.0000	0.0000	0.0000	0.0000	0.0000	0.0000	0.0000	0.0000	0.0000	0.0000	0.0000	0.0000	0.0000	3.0000	0.0000	4.0155	0.0000	0.0000	0.0000	0.0000	0.0000	0.0000	0.0000	0.0000	0.0000	0.0000	0.0000	0.0000	0.0000	0.0000	0.0000	0.0000	0.0000	0.0000	0.0000	0.0000	0.0000	0.0000	0.0000	0.0000	0.0000	0.0000	0.0000	0.0000	0.0000	0.0000	0.0000	0.0000	0.0000	0.0000	0.0000	0.0000	0.0000	0.0000	0.0000	0.0000	0.0000	0.0000	0.0000	0.0000	0.0000	0.0000	0.0000	0.0000	0.0000	0.0000	0.0000	0.0000	0.0000	0.0000	0.0000											
55	94	0.1839	7	1	1	0	2	0	0	0	0	N	N	N	Y	N	N	N	N	N	N	N	N	0.0000	0.0000	0.0000	0.0000	0.0000	0.0000	0.0000	0.0000	0.0000	0.0000	0.0000	0.0000	0.0000	0.0000	0.0000	0.0000	0.0000	0.0000	0.0000	0.0000	3.0000	0.0000	4.0155	0.0001	0.0000	0.0000	0.0000	0.0000	0.0000	0.0000	0.0000	0.0000	0.0000	0.0000	0.0000	0.0000	0.0000	0.0000	0.0000	0.0000	0.0000	0.0000	0.0000	0.0000	0.0000	0.0000	0.0000	0.0000	0.0000	0.0000	0.0000	0.0000	0.0000	0.0000	0.0000	0.0000	0.0000	0.0000	0.0000	0.0000	0.0000	0.0000	0.0000	0.0000	0.0000	0.0000	0.0000	0.0000	0.0000	0.0000	0.0000	0.0000	0.0000	0.0000	0.0000	0.0000	0.0000	0.0000											
55	95	0.1660	6	0	1	0	2	0	0	0	0	N	N	N	Y	N	N	N	N	N	N	N	N	0.0000	0.0000	0.0000	0.0000	0.0000	0.0000	0.0000	0.0000	0.0000	0.0000	0.0000	0.0000	0.0000	0.0000	0.0000	0.0000	0.0000	0.0000	0.0000	0.0000	3.0000	0.9845	4.0155	0.9903	0.0000	0.0000	0.0000	0.0000	0.0000	0.0000	0.0000	0.0000	0.0000	0.0000	0.0000	0.0000	0.0000	0.0000	0.0000	0.0000	0.0000	0.0000	0.0415	0.0354	0.0061	0.0029	0.0028	0.0001	0.0385	0.0326	0.0060	0.0302	0.0179	0.0123	0.0040	0.0034	0.0006	0.0261	0.0145	0.0117	0.0000	0.0000	0.0000	0.0000	0.0000	0.0000	0.0000	0.0000	0.0000	0.0000	0.0000	0.0000	0.0000	0.0000	0.0000	0.0000	0.0000	0.0000											
55	96	0.1632	6	0	1	0	1	0	0	0	0	N	N	N	N	N	N	N	N	N	N	N	N	0.0000	0.0000	0.0000	0.0000	0.0000	0.0000	0.0000	0.0000	0.0000	0.0000	0.0000	0.0000	0.0000	0.0000	0.0000	0.0000	0.0000	0.0000	0.0000	0.0000	0.0000	0.0000	0.0000	0.0000	0.4331	0.0000	-0.0000	3.0000	1.0063	4.0155	3.7812	0.0000	0.0000	0.0000	0.0000	0.0000	0.0000	0.0000	0.0000	0.0000	0.0000	0.0000	0.0000	0.0000	0.0000	0.0000	0.0000	0.0000	0.0000	0.0412	0.0350	0.0062	0.0013	0.0012	0.0001	0.0399	0.0338	0.0061	0.1062	0.0678	0.0384	0.0322	0.0278	0.0044	0.0741	0.0400	0.0340	0.0000	0.0000	0.0000	0.0000	0.0000	0.0000	0.0000	0.0000	0.0000	0.0000	0.0000	0.0000	0.0000	0.0000	0.0000	0.0000	0.0000	0.0000				
55	97	0.1660	6	0	0	1	2	0	0	0	0	N	N	N	Y	N	N	N	N	N	N	N	N	0.0000	0.0000	0.0000	0.0000	0.0000	0.0000	0.0000	0.0000	0.0000	0.0000	0.0000	0.0000	0.0000	0.0000	0.0000	0.0000	0.0000	0.0000	0.0000	0.0000	3.0000	1.0165	4.0155	1.0129	0.0000	0.0000	0.0000	0.0000	0.0000	0.0000	0.0000	0.0000	0.0000	0.0000	0.0000	0.0000	0.0000	0.0000	0.0000	0.0000	0.0000	0.0000	0.0427	0.0365	0.0063	0.0030	0.0029	0.0001	0.0397	0.0336	0.0062	0.0309	0.0183	0.0126	0.0041	0.0035	0.0006	0.0268	0.0149	0.0120	0.0000	0.0000	0.0000	0.0000	0.0000	0.0000	0.0000	0.0000	0.0000	0.0000	0.0000	0.0000	0.0000	0.0000	0.0000	0.0000	0.0000	0.0000											
55	98	0.1531	5	0	0	0	2	0	0	0	0	N	N	N	Y	N	N	N	N	N	N	N	N	0.0000	0.0000	0.0000	0.0000	0.0000	0.0000	0.0000	0.0000	0.0000	0.0000	0.0000	0.0000	0.0000	0.0000	0.0000	0.0000	0.0000	0.0000	0.0000	0.0000	3.0000	2.0241	4.0155	1.0265	0.0000	0.0000	0.0000	0.0000	0.0000	0.0000	0.0000	0.0000	0.0000	0.0000	0.0000	0.0000	0.0000	0.0000	0.0000	0.0000	0.0000	0.0000	0.0823	0.0700	0.0123	0.0029	0.0028	0.0002	0.0794	0.0673	0.0121	0.0443	0.0258	0.0185	0.0064	0.0050	0.0013	0.0379	0.0208	0.0171	0.0000	0.0000	0.0000	0.0000	0.0000	0.0000	0.0000	0.0000	0.0000	0.0000	0.0000	0.0000	0.0000	0.0000	0.0000	0.0000	0.0000	0.0000											
55	99	0.1531	5	0	0	1	2	0	0	0	0	N	N	N	Y	N	N	N	N	N	N	N	N	0.0000	0.0000	0.0000	0.0000	0.0000	0.0000	0.0000	0.0000	0.0000	0.0000	0.0000	0.0000	0.0000	0.0000	0.0000	0.0000	0.0000	0.0000	0.0000	0.0000	3.0000	3.0066	4.0155	0.0000	0.0000	0.0000	0.0000	0.0000	0.0000	0.0000	0.0000	0.0000	0.0000	0.0000	0.0000	0.0000	0.0000	0.0000	0.0000	0.0000	0.0000	0.0000	0.1206	0.1027	0.0179	0.0041	0.0038	0.0003	0.1165	0.0989	0.0177	0.0437	0.0255	0.0182	0.0063	0.0049	0.0013	0.0374	0.0205	0.0169	0.0000	0.0000	0.0000	0.0000	0.0000	0.0000	0.0000	0.0000	0.0000	0.0000	0.0000	0.0000	0.0000	0.0000	0.0000	0.0000	0.0000	0.0000											
55	100	0.1788	5	0	0	1	2	0	0	0	0	N	N	N	Y	N	N	N	N	N	N	N	N	0.0000	0.0000	0.0000	0.0000	0.0000	0.0000	0.0000	0.0000	0.0000	0.0000	0.0000	0.0000	0.0000	0.0000	0.0000	0.0000	0.0000	0.0000	0.0000	0.0000	3.0000	0.0000	4.0155	2.0000	0.0000	0.0000	0.0000	0.0000	0.0000	0.0000	0.0000	0.0000	0.0000	0.0000	0.0000	0.0000	0.0000	0.0000	0.0000	0.0000	0.0000	0.0000	0.0000	0.0000	0.0000	0.0000	0.0000	0.0000	0.0000	0.0000	0.0000	0.0283	0.0163	0.0120	0.0042	0.0033	0.0009	0.0241	0.0130	0.0111	0.0000	0.0000	0.0000	0.0000	0.0000	0.0000	0.0000	0.0000	0.0000	0.0000	0.0000	0.0000	0.0000	0.0000	0.0000	0.0000	0.0000	0.0000											
55	101	0.1398	4	0	0	1	2	0	0	0	0	N	N	N	Y	N	N	N	N	N	N	N	N	0.0000	0.0000	0.0000	0.0000	0.0000	0.0000	0.0000	0.0000	0.0000	0.0000	0.0000	0.0000	0.0000	0.0000	0.0000	0.0000	0.0000	0.0000	0.0000	0.0000	0.0001	0.0000	0.0004	0.0000	0.0000	0.0000	77.3450	0.0000	0.0000	3.0000	5.8899	4.0155	3.1847	0.0000	0.0000	0.0000	0.0000	0.0000	0.0000	0.0000	0.0000	0.0000	0.0000	0.0000	0.0000	0.0000	0.0000	0.0000	0.0000	0.0000	0.0000	0.2372	0.2022	0.0350	0.0127	0.0116	0.0011	0.2245	0.1906	0.0339	0.1340	0.0785	0.0555	0.0209	0.0172	0.0037	0.1131	0.0614	0.0518	0.0000	0.0000	0.0000	0.0000	0.0000	0.0000	0.0000	0.0000	0.0000	0.0000	0.0000	0.0000	0.0001	0.0000	0.0004	0.0000	0.0000	0.0000		
55	102	0.1865	4	1	1	0	1	0	0	0	0	N	N	N	N	N	N	N	N	N	N	N	N	0.0000	0.0000	0.0000	0.0000	0.0000	0.0000	0.0000	0.0000	0.0000	0.0000	0.0000	0.0000	0.0000	0.0000	0.0000	0.0000	0.0000	0.0000	0.0000	0.0000	3.0000	0.0000	4.0155	0.0000	0.0000	0.0000	0.0000	0.0000	0.0000	0.0000	0.0000	0.0000	0.0000	0.0000	0.0000	0.0000	0.0000	0.0000	0.0000	0.0000	0.0000	0.0000	0.0000	0.0000	0.0000	0.0000	0.0000	0.0000	0.0000	0.0000	0.0000	0.0000	0.0000	0.0000	0.0000	0.0000	0.0000	0.0000	0.0000	0.0000	0.0000	0.0000	0.0000	0.0000	0.0000	0.0000	0.0000	0.0000	0.0000	0.0000	0.0000	0.0000	0.0000	0.0000	0.0000	0.0000	0.0000	0.0000											
55	103	0.0872	3	1	1	0	1	0	0	0	0	N	N	N	N	N	N	N	N	N	N	N	N	inf	inf	inf	inf	3.3095	0.0000	22.3957	0.0000	0.0000	0.0000	3.3436	0.0000	22.5161	0.0000	0.0000	0.0000	0.0000	0.0000	0.0000	0.0000	0.0000	0.0000	inf	0.5383	0.0000	3.0000	8.0012	4.0155	14.0016	1.0000	0.0000	1.0000	0.0000	0.0000	0.0000	1.0000	0.0000	1.0000	0.0000	0.0000	0.0000	0.0000	0.0000	0.0000	0.0000	0.0000	0.0000	0.3022	0.2575	0.0447	0.0031	0.0028	0.0002	0.2991	0.2547	0.0444	0.2737	0.1560	0.1177	0.0188	0.0143	0.0045	0.2549	0.1417	0.1132	inf	0.0000	inf	0.0000	0.0000	0.0000	inf	0.0000	inf	0.0000	0.0000	0.0000	0.0000	0.0000	0.0000	0.0000	0.0000	0.0000						
55	104	0.1502	4	0	1	0	1	0	0	0	0	N	N	N	N	N	N	N	N	N	N	N	N	0.0000	0.0000	0.0000	0.0000	0.0000	0.0000	0.0000	0.0000	0.0000	0.0000	0.0000	0.0000	0.0000	0.0000	0.0000	0.0000	0.0000	0.0000	0.0000	0.0000	0.0001	0.0000	0.0002	0.0000	0.0000	0.0000	1.4932	0.0000	0.0000	3.0000	2.0010	4.0155	1.0153	0.0000	0.0000	0.0000	0.0000	0.0000	0.0000	0.0000	0.0000	0.0000	0.0000	0.0000	0.0000	0.0000	0.0000	0.0000	0.0000	0.0000	0.0000	0.0794	0.0675	0.0120	0.0008	0.0007	0.0001	0.0787	0.0668	0.0119	0.0465	0.0273	0.0192	0.0095	0.0073	0.0022	0.0371	0.0200	0.0171	0.0000	0.0000	0.0000	0.0000	0.0000	0.0000	0.0000	0.0000	0.0000	0.0000	0.0000	0.0000	0.0001	0.0000	0.0002	0.0000	0.0000	0.0000		
55	105	0.0872	3	0	1	0	1	0	0	0	0	N	N	N	N	N	N	N	N	N	N	N	N	0.0000	0.0000	0.0000	0.0000	0.0000	0.0000	0.0000	0.0000	0.0000	0.0000	0.0000	0.0000	0.0000	0.0000	0.0000	0.0000	0.0000	0.0005	0.0009	0.0000	0.0000	0.0000	0.0000	0.0005	0.0009	0.0000	0.0002	0.0000	-0.0000	3.0000	3.0162	4.0155	11.0438	0.0000	0.0000	0.0000	0.0000	0.0000	0.0000	0.0000	0.0000	0.0000	0.0001	0.0001	0.0000	0.0000	0.0000	0.0000	0.0001	0.0001	0.0000	0.1195	0.1015	0.0180	0.0013	0.0012	0.0001	0.1182	0.1003	0.0179	0.1858	0.1056	0.0802	0.0127	0.0097	0.0030	0.1732	0.0959	0.0772	0.0000	0.0000	0.0000	0.0000	0.0000	0.0000	0.0000	0.0000	0.0000	0.0005	0.0009	0.0000	0.0000	0.0000	0.0000	0.0005	0.0009	0.0000		
55	106	0.1881	8	1	1	0	1	0	0	0	0	N	N	N	N	N	N	N	N	N	N	N	N	0.0000	0.0000	0.0000	0.0000	0.0000	0.0000	0.0000	0.0000	0.0000	0.0000	0.0000	0.0000	0.0000	0.0000	0.0000	0.0000	0.0000	0.0000	0.0000	0.0000	3.0000	1.0000	4.0155	1.0000	0.0000	0.0000	0.0000	0.0000	0.0000	0.0000	0.0000	0.0000	0.0000	0.0000	0.0000	0.0000	0.0000	0.0000	0.0000	0.0000	0.0000	0.0000	0.0406	0.0345	0.0061	0.0011	0.0010	0.0001	0.0395	0.0334	0.0060	0.0301	0.0186	0.0115	0.0099	0.0079	0.0020	0.0202	0.0107	0.0095	0.0000	0.0000	0.0000	0.0000	0.0000	0.0000	0.0000	0.0000	0.0000	0.0000	0.0000	0.0000	0.0000	0.0000	0.0000	0.0000	0.0000	0.0000											
55	107	0.1839	7	1	1	0	1	0	0	0	0	N	N	N	N	N	N	N	N	N	N	N	N	0.0000	0.0000	0.0000	0.0000	0.0000	0.0000	0.0000	0.0000	0.0000	0.0000	0.0000	0.0000	0.0000	0.0000	0.0000	0.0000	0.0000	0.0000	0.0000	0.0000	3.0000	0.0000	4.0155	0.9999	0.0000	0.0000	0.0000	0.0000	0.0000	0.0000	0.0000	0.0000	0.0000	0.0000	0.0000	0.0000	0.0000	0.0000	0.0000	0.0000	0.0000	0.0000	0.0000	0.0000	0.0000	0.0000	0.0000	0.0000	0.0000	0.0000	0.0000	0.0151	0.0091	0.0060	0.0041	0.0032	0.0008	0.0110	0.0059	0.0051	0.0000	0.0000	0.0000	0.0000	0.0000	0.0000	0.0000	0.0000	0.0000	0.0000	0.0000	0.0000	0.0000	0.0000	0.0000	0.0000	0.0000	0.0000											
55	108	0.1632	6	1	1	0	1	0	0	0	0	N	N	N	N	N	N	N	N	N	N	N	N	0.0000	0.0000	0.0000	0.0000	0.0000	0.0000	0.0000	0.0000	0.0000	0.0000	0.0000	0.0000	0.0000	0.0000	0.0000	0.0000	0.0000	0.0008	0.0013	0.0000	0.0000	0.0000	0.0000	0.0012	0.0022	0.0000	0.0022	0.0000	-0.0000	3.0000	0.0100	4.0155	4.8896	0.0000	0.0000	0.0000	0.0000	0.0000	0.0000	0.0000	0.0000	0.0000	0.0001	0.0001	0.0000	0.0000	0.0000	0.0000	0.0001	0.0001	0.0000	0.0008	0.0007	0.0001	0.0002	0.0002	0.0000	0.0006	0.0005	0.0001	0.1077	0.0687	0.0390	0.0324	0.0279	0.0045	0.0753	0.0407	0.0346	0.0000	0.0000	0.0000	0.0000	0.0000	0.0000	0.0000	0.0000	0.0000	0.0008	0.0013	0.0000	0.0000	0.0000	0.0000	0.0012	0.0022	0.0000		
55	109	0.1531	5	0	1	0	1	0	0	0	0	N	N	N	N	N	N	N	N	N	N	N	N	0.0000	0.0000	0.0000	0.0000	0.0000	0.0000	0.0000	0.0000	0.0000	0.0000	0.0000	0.0000	0.0000	0.0000	0.0000	0.0000	0.0000	0.0000	0.0000	0.0000	0.0000	0.0000	0.0000	0.0000	0.0000	0.0000	0.0181	0.0000	-0.0000	3.0000	1.0007	4.0155	1.4004	0.0000	0.0000	0.0000	0.0000	0.0000	0.0000	0.0000	0.0000	0.0000	0.0000	0.0000	0.0000	0.0000	0.0000	0.0000	0.0000	0.0000	0.0000	0.0416	0.0354	0.0062	0.0017	0.0016	0.0001	0.0399	0.0338	0.0061	0.0351	0.0204	0.0146	0.0050	0.0040	0.0011	0.0300	0.0165	0.0136	0.0000	0.0000	0.0000	0.0000	0.0000	0.0000	0.0000	0.0000	0.0000	0.0000	0.0000	0.0000	0.0000	0.0000	0.0000	0.0000	0.0000	0.0000		
55	110	0.1398	4	0	0	0	1	0	0	0	0	N	N	N	N	N	N	N	N	N	N	N	N	0.0000	0.0000	0.0000	0.0000	0.0000	0.0000	0.0000	0.0000	0.0000	0.0000	0.0000	0.0000	0.0000	0.0000	0.0000	0.0000	0.0000	0.0000	0.0000	0.0001	0.0002	0.0000	0.0012	0.0000	0.0000	0.0000	77.3450	0.0000	0.0000	3.0000	0.3039	4.0155	2.8719	0.0000	0.0000	0.0000	0.0000	0.0000	0.0000	0.0000	0.0000	0.0000	0.0000	0.0000	0.0000	0.0000	0.0000	0.0000	0.0000	0.0000	0.0000	0.0221	0.0188	0.0033	0.0068	0.0061	0.0007	0.0153	0.0127	0.0026	0.0549	0.0327	0.0222	0.0105	0.0092	0.0014	0.0444	0.0235	0.0208	0.0000	0.0000	0.0000	0.0000	0.0000	0.0000	0.0000	0.0000	0.0000	0.0000	0.0000	0.0001	0.0002	0.0000	0.0012	0.0000	0.0000	0.0000		
55	111	0.0872	3	0	0	0	1	0	0	0	0	N	N	N	N	N	N	N	N	N	N	N	N	0.0000	0.0000	0.0000	0.0000	0.0000	0.0000	0.0000	0.0000	0.0000	0.0000	0.0000	0.0000	0.0000	0.0000	0.0000	0.0000	0.0000	0.0000	0.0000	0.0000	0.0002	0.0002	0.0000	0.0000	0.0000	0.0000	0.0084	0.0000	-0.0000	3.0000	3.8240	4.0155	8.1760	0.0000	0.0000	0.0000	0.0000	0.0000	0.0000	0.0000	0.0000	0.0000	0.0000	0.0000	0.0000	0.0000	0.0000	0.0000	0.0000	0.0000	0.0000	0.1503	0.1277	0.0225	0.0016	0.0015	0.0001	0.1487	0.1263	0.0224	0.1611	0.0915	0.0696	0.0109	0.0084	0.0026	0.1502	0.0831	0.0671	0.0000	0.0000	0.0000	0.0000	0.0000	0.0000	0.0000	0.0000	0.0000	0.0000	0.0000	0.0000	0.0002	0.0002	0.0000	0.0000	0.0000	0.0000		
55	115	0.2799	6	0	0	0	1	0	0	0	0	N	N	N	N	N	N	N	N	N	N	N	N	0.0965	1.0606	0.0000	1.8706	4.1316	0.0000	0.0000	0.0000	0.0000	0.0038	0.0044	0.0000	0.0287	0.0296	0.0000	0.0000	0.0000	0.0000	0.0392	0.0041	0.1636	0.0153	0.0072	0.0640	0.0599	0.0003	0.1871	0.0000	12.3784	-0.0007	0.0079	3.0000	8.9918	4.0155	13.3277	0.0015	0.0015	0.0000	0.0015	0.0015	0.0000	0.0000	0.0000	0.0000	0.0206	0.0015	0.0191	0.0037	0.0015	0.0022	0.0169	0.0001	0.0168	0.3908	0.3389	0.0519	0.0517	0.0501	0.0016	0.3391	0.2888	0.0503	0.5252	0.3741	0.1511	0.2432	0.2083	0.0349	0.2820	0.1659	0.1162	0.0965	1.0606	0.0000	1.8706	4.1316	0.0000	0.0000	0.0000	0.0000	0.0392	0.0041	0.1262	0.0153	0.0072	0.0640	0.0599	0.0003	0.1449
56	58	0.0515	3	1	1	2	0	0	0	0	0	N	N	Y	N	N	N	N	N	N	N	N	N	0.0000	0.0000	0.0000	0.0000	0.0000	0.0000	0.0000	0.0000	0.0000	0.0000	0.0000	0.0000	0.0000	0.0000	0.0000	0.0000	0.0000	0.0000	0.0000	0.0000	2.0013	0.0000	5.6727	2.0000	0.0000	0.0000	0.0000	0.0000	0.0000	0.0000	0.0000	0.0000	0.0000	0.0000	0.0000	0.0000	0.0000	0.0000	0.0000	0.0000	0.0000	0.0000	0.0000	0.0000	0.0000	0.0000	0.0000	0.0000	0.0000	0.0000	0.0000	0.0438	0.0253	0.0185	0.0055	0.0052	0.0003	0.0383	0.0200	0.0183	0.0000	0.0000	0.0000	0.0000	0.0000	0.0000	0.0000	0.0000	0.0000	0.0000	0.0000	0.0000	0.0000	0.0000	0.0000	0.0000	0.0000	0.0000											
56	59	0.0363	2	0	2	1	0	0	0	0	0	N	Y	N	N	N	N	N	N	N	N	N	N	0.0003	0.0002	3.6818	0.0056	0.0065	0.0000	0.7435	0.0000	3.7735	0.0004	0.0004	0.0000	0.1502	0.1506	0.0000	0.0000	0.0000	0.0000	1.1769	2.5929	0.0000	26.8128	23.1291	0.0000	0.0000	0.0000	0.0000	0.0083	0.0000	-0.0000	-0.1355	2.0013	1.9997	5.6727	3.4660	0.0000	0.0000	0.0000	0.0000	0.0000	0.0000	0.0000	0.0000	0.0000	0.2510	0.2510	0.0000	0.2510	0.2510	0.0000	0.0000	0.0000	0.0000	0.0531	0.0451	0.0080	0.0001	0.0001	0.0000	0.0530	0.0450	0.0080	0.3561	0.2012	0.1550	0.1333	0.1324	0.0009	0.2228	0.0687	0.1541	0.0005	0.0004	3.6818	0.0798	0.0795	0.0000	0.7435	0.0000	3.7735	0.7048	1.2476	0.0000	1.8825	1.8950	0.0000	0.0000	0.0000	0.0000
56	61	0.2208	8	0	1	2	0	0	0	0	0	N	N	Y	N	N	N	N	N	N	N	N	N	0.0000	0.0000	0.0000	0.0000	0.0000	0.0000	0.0000	0.0000	0.0000	0.0000	0.0000	0.0000	0.0000	0.0000	0.0000	0.0000	0.0000	0.0000	0.0000	0.0000	2.0013	0.0000	5.6727	1.0000	0.0000	0.0000	0.0000	0.0000	0.0000	0.0000	0.0000	0.0000	0.0000	0.0000	0.0000	0.0000	0.0000	0.0000	0.0000	0.0000	0.0000	0.0000	0.0000	0.0000	0.0000	0.0000	0.0000	0.0000	0.0000	0.0000	0.0000	0.0184	0.0123	0.0061	0.0052	0.0044	0.0009	0.0131	0.0079	0.0052	0.0000	0.0000	0.0000	0.0000	0.0000	0.0000	0.0000	0.0000	0.0000	0.0000	0.0000	0.0000	0.0000	0.0000	0.0000	0.0000	0.0000	0.0000											
56	62	0.2166	7	0	1	1	0	0	0	0	0	N	N	N	N	N	N	N	N	N	N	N	N	0.0000	0.0000	0.0000	0.0000	0.0000	0.0000	0.0000	0.0000	0.0000	0.0000	0.0000	0.0000	0.0000	0.0000	0.0000	0.0026	0.0038	0.0000	0.0000	0.0000	0.0000	0.0039	0.0063	0.0000	0.0000	0.0000	-0.0000	2.0013	0.0001	5.6727	1.0076	0.0000	0.0000	0.0000	0.0000	0.0000	0.0000	0.0000	0.0000	0.0000	0.0001	0.0001	0.0000	0.0000	0.0000	0.0000	0.0001	0.0001	0.0000	0.0000	0.0000	0.0000	0.0000	0.0000	0.0000	0.0000	0.0000	0.0000	0.0227	0.0159	0.0068	0.0073	0.0064	0.0009	0.0154	0.0094	0.0059	0.0000	0.0000	0.0000	0.0000	0.0000	0.0000	0.0000	0.0000	0.0000	0.0026	0.0038	0.0000	0.0000	0.0000	0.0000	0.0039	0.0063	0.0000				
56	63	0.1498	6	0	1	1	0	0	0	0	0	N	N	N	N	N	N	N	N	N	N	N	N	0.0000	0.0000	0.0000	0.0000	0.0000	0.0000	0.0000	0.0000	0.0000	0.0000	0.0000	0.0000	0.0000	0.0000	0.0000	0.0000	0.0000	3.8096	6.0181	0.0000	0.0002	0.0002	0.0000	4.8497	8.1593	0.0000	0.0000	0.0000	-0.5384	2.0013	11.9999	5.6727	3.0574	0.0000	0.0000	0.0000	0.0000	0.0000	0.0000	0.0000	0.0000	0.0000	0.9971	0.9971	0.0000	0.0000	0.0000	0.0000	0.9971	0.9971	0.0000	0.2921	0.2502	0.0419	0.0143	0.0136	0.0007	0.2778	0.2366	0.0412	0.2617	0.1718	0.0899	0.0561	0.0496	0.0065	0.2056	0.1222	0.0834	0.0000	0.0000	0.0000	0.0000	0.0000	0.0000	0.0000	0.0000	0.0000	3.8096	5.8039	0.0000	0.0002	0.0002	0.0000	4.8497	8.1593	0.0000		
56	64	0.0515	3	1	2	1	0	0	0	0	0	N	Y	N	N	N	N	N	N	N	N	N	N	0.0000	0.0000	0.0000	0.0000	0.0000	0.0000	0.0000	0.0000	0.0000	0.0000	0.0000	0.0000	0.0000	0.0000	0.0000	0.0000	0.0000	0.0000	0.0000	0.0000	2.0013	4.0000	5.6727	3.0000	0.0000	0.0000	0.0000	0.0000	0.0000	0.0000	0.0000	0.0000	0.0000	0.0000	0.0000	0.0000	0.0000	0.0000	0.0000	0.0000	0.0000	0.0000	0.1042	0.0886	0.0156	0.0002	0.0002	0.0000	0.1040	0.0883	0.0156	0.1462	0.0850	0.0612	0.0184	0.0175	0.0009	0.1278	0.0675	0.0603	0.0000	0.0000	0.0000	0.0000	0.0000	0.0000	0.0000	0.0000	0.0000	0.0000	0.0000	0.0000	0.0000	0.0000	0.0000	0.0000	0.0000	0.0000											
56	65	0.0933	4	0	1	1	0	0	0	0	0	N	N	N	N	N	N	N	N	N	N	N	N	0.0000	0.0324	0.0000	0.1223	0.1196	0.0000	0.0000	0.0001	0.0001	0.0000	0.0009	0.0010	0.0000	0.0000	0.0000	0.0000	4.7160	0.0019	27.2094	0.0074	0.0080	0.0000	5.6479	0.0000	26.7415	0.0000	3832.1538	-0.0000	0.4582	2.0013	2.0015	5.6727	10.0016	0.0000	0.0000	0.0000	0.0000	0.0000	0.0000	0.0000	0.0000	0.0000	0.9966	0.0003	0.9964	0.0003	0.0003	0.0000	0.9964	0.0000	0.9964	0.0538	0.0459	0.0079	0.0031	0.0030	0.0002	0.0507	0.0429	0.0078	0.2113	0.1365	0.0748	0.0349	0.0324	0.0026	0.1764	0.1042	0.0722	0.0000	0.0324	0.0000	0.1223	0.1196	0.0000	0.0000	0.0000	0.0000	4.7160	0.0019	13.3230	0.0074	0.0080	0.0000	5.6479	0.0000	13.7941		
56	67	0.2482	6	0	1	1	0	0	0	0	0	N	N	N	N	N	N	N	N	N	N	N	N	0.0304	0.0463	0.0003	0.4115	0.5471	0.0103	0.0000	0.0000	0.0000	0.0013	0.0015	0.0000	0.0093	0.0097	0.0006	0.0000	0.0000	0.0000	0.0418	0.0317	0.0687	0.0227	0.0177	0.0587	0.0559	0.0464	0.0726	0.0024	0.8238	-0.0001	-0.0018	2.0013	4.8614	5.6727	14.2102	0.0002	0.0002	0.0000	0.0002	0.0002	0.0000	0.0000	0.0000	0.0000	0.0209	0.0115	0.0094	0.0048	0.0033	0.0015	0.0161	0.0082	0.0079	0.1418	0.1226	0.0192	0.0193	0.0186	0.0007	0.1225	0.1040	0.0185	0.4999	0.3620	0.1379	0.2118	0.1860	0.0259	0.2880	0.1761	0.1120	0.0304	0.0463	0.0003	0.4115	0.5471	0.0103	0.0000	0.0000	0.0000	0.0418	0.0317	0.0685	0.0227	0.0177	0.0587	0.0559	0.0464	0.0707
56	68	0.0854	6	1	2	2	0	0	0	0	0	N	Y	Y	N	N	N	N	N	N	N	N	N	0.0000	0.0000	0.0000	0.0000	0.0000	0.0000	0.0000	0.0000	0.0000	0.0000	0.0000	0.0000	0.0000	0.0000	0.0000	0.0000	0.0000	0.0000	0.0000	0.0000	2.0013	0.0000	5.6727	0.0000	0.0000	0.0000	0.0000	0.0000	0.0000	0.0000	0.0000	0.0000	0.0000	0.0000	0.0000	0.0000	0.0000	0.0000	0.0000	0.0000	0.0000	0.0000	0.0000	0.0000	0.0000	0.0000	0.0000	0.0000	0.0000	0.0000	0.0000	0.0000	0.0000	0.0000	0.0000	0.0000	0.0000	0.0000	0.0000	0.0000	0.0000	0.0000	0.0000	0.0000	0.0000	0.0000	0.0000	0.0000	0.0000	0.0000	0.0000	0.0000	0.0000	0.0000	0.0000	0.0000	0.0000	0.0000											
56	69	0.0813	5	1	1	2	0	0	0	0	0	N	N	Y	N	N	N	N	N	N	N	N	N	0.0188	0.0653	0.0385	0.0565	0.0122	0.0000	0.0886	0.0000	0.0000	0.0000	0.0190	0.0000	0.0886	0.6496	0.0000	1.3571	0.0000	0.0000	0.0000	0.4944	0.0000	1.5693	inf	inf	0.0000	0.0043	2.0013	0.0016	5.6727	0.9826	0.0000	0.0000	0.0000	0.0000	0.0000	0.0000	0.0000	0.0000	0.0000	0.0094	0.0000	0.0094	0.0000	0.0000	0.0000	0.0094	0.0000	0.0094	0.0002	0.0001	0.0000	0.0001	0.0001	0.0000	0.0001	0.0001	0.0000	0.0233	0.0136	0.0097	0.0042	0.0040	0.0003	0.0191	0.0097	0.0094	0.0301	0.0000	0.0909	0.0000	0.0000	0.0000	0.0385	0.0000	0.0885	0.4048	0.0000	0.9751	0.0000	0.0000	0.0000	0.4944	0.0000	1.0013					
56	70	0.0685	4	1	1	2	0	0	0	0	0	N	N	Y	N	N	N	N	N	N	N	N	N	0.0003	0.8843	0.0000	0.7806	0.7334	0.0000	0.0000	0.0000	0.0046	0.0051	0.0004	0.0149	0.0149	0.0000	0.0001	0.0000	0.0004	13.9624	0.0058	72.0107	0.0191	0.0204	0.0000	16.6725	0.0000	71.7215	0.0109	3980.9114	-0.0000	0.4428	2.0013	0.0061	5.6727	3.0249	0.0000	0.0000	0.0000	0.0000	0.0000	0.0000	0.0000	0.0000	0.0000	0.9630	0.0002	0.9627	0.0002	0.0002	0.0000	0.9627	0.0000	0.9627	0.0004	0.0004	0.0000	0.0001	0.0001	0.0000	0.0003	0.0002	0.0000	0.0704	0.0415	0.0289	0.0126	0.0119	0.0008	0.0577	0.0297	0.0281	0.0003	0.8843	0.0000	0.7806	0.7334	0.0000	0.0000	0.0000	0.0000	13.6803	0.0058	33.3690	0.0191	0.0204	0.0000	16.6725	0.0000	34.2781	
56	71	0.0515	3	1	1	2	0	0	0	0	0	N	N	Y	N	N	N	N	N	N	N	N	N	0.0004	292.0504	0.0000	26638.6596	25367.7737	0.0000	0.0000	0.0000	0.0002	0.0002	0.0000	0.0779	0.0781	0.0000	0.0000	0.0000	0.0000	0.4540	0.0000	0.8802	0.0000	0.0000	0.0000	0.3234	0.0000	0.9571	0.0000	701744.9369	-0.0000	0.0113	2.0013	0.0044	5.6727	4.0281	0.0000	0.0000	0.0000	0.0000	0.0000	0.0000	0.0000	0.0000	0.0000	0.0245	0.0000	0.0245	0.0000	0.0000	0.0000	0.0245	0.0000	0.0245	0.0001	0.0001	0.0000	0.0000	0.0000	0.0000	0.0001	0.0001	0.0000	0.0866	0.0501	0.0365	0.0109	0.0104	0.0005	0.0757	0.0398	0.0360	0.0006	292.0504	0.0000	26638.6596	25367.7737	0.0000	0.0000	0.0000	0.0000	0.2827	0.0000	0.6709	0.0000	0.0000	0.0000	0.3234	0.0000	0.6811	
56	72	0.0933	4	0	2	1	0	0	0	0	0	N	Y	N	N	N	N	N	N	N	N	N	N	2.0499	0.0075	inf	0.0288	0.0282	inf	inf	0.0134	0.0001	0.0915	0.0011	0.0012	0.0000	0.0141	0.0000	0.0934	0.0065	0.0101	0.0000	0.0397	0.0429	0.0000	0.0000	0.0000	0.0000	206.7164	0.0000	0.0011	-0.0010	2.0013	5.9987	5.6727	11.0016	0.0021	0.0000	0.0021	0.0000	0.0000	0.0000	0.0021	0.0000	0.0021	0.0019	0.0019	0.0000	0.0019	0.0019	0.0000	0.0000	0.0000	0.0000	0.1551	0.1325	0.0226	0.0087	0.0083	0.0005	0.1464	0.1243	0.0221	0.2878	0.1858	0.1020	0.0473	0.0438	0.0035	0.2405	0.1420	0.0985	2.0499	0.0075	inf	0.0288	0.0282	0.0000	inf	0.0000	inf	0.0065	0.0101	0.0000	0.0397	0.0429	0.0000	0.0000	0.0000	0.0000		
56	73	0.0515	3	1	1	2	0	0	0	0	0	N	N	Y	N	N	N	N	N	N	N	N	N	inf	inf	inf	inf	0.0390	0.0459	0.0000	17.7191	17.7630	0.0000	0.0000	0.0000	0.0000	0.0000	0.0000	0.0000	0.0000	0.0000	0.0000	0.0000	0.0000	0.0000	0.0000	-0.0010	0.0000	2.0013	2.0000	5.6727	5.0000	0.0021	0.0021	0.0000	0.0021	0.0021	0.0000	0.0000	0.0000	0.0000	0.0000	0.0000	0.0000	0.0000	0.0000	0.0000	0.0000	0.0000	0.0000	0.0531	0.0451	0.0080	0.0001	0.0001	0.0000	0.0530	0.0449	0.0080	0.1462	0.0850	0.0612	0.0184	0.0175	0.0009	0.1278	0.0675	0.0603	inf	inf	0.0000	inf	inf	0.0000	0.0000	0.0000	0.0000	0.0000	0.0000	0.0000	0.0000	0.0000	0.0000	0.0000	0.0000	0.0000						
56	74	0.1351	6	0	2	1	0	0	0	0	0	N	Y	N	N	N	N	N	N	N	N	N	N	0.0154	0.0391	0.0000	0.1613	0.1530	0.0000	0.0000	0.0000	0.0000	0.0006	0.0007	0.0000	0.0089	0.0093	0.0000	0.0000	0.0000	0.0000	0.0402	0.0185	0.0920	0.0554	0.0608	0.0031	0.0357	0.0000	0.0947	0.0000	2.2481	-0.0000	0.0021	2.0013	6.1274	5.6727	13.6208	0.0001	0.0001	0.0000	0.0001	0.0001	0.0000	0.0000	0.0000	0.0000	0.0140	0.0043	0.0097	0.0043	0.0043	0.0000	0.0097	0.0000	0.0097	0.1636	0.1398	0.0237	0.0113	0.0108	0.0005	0.1523	0.1290	0.0233	0.3491	0.2336	0.1156	0.0783	0.0710	0.0074	0.2708	0.1626	0.1082	0.0154	0.0391	0.0000	0.1613	0.1530	0.0000	0.0000	0.0000	0.0000	0.0402	0.0185	0.0840	0.0554	0.0608	0.0031	0.0357	0.0000	0.0895
56	75	0.1597	9	0	1	2	0	0	0	0	0	N	N	Y	N	N	N	N	N	N	N	N	N	0.0000	0.0000	0.0000	0.0000	0.0000	0.0000	0.0000	0.0000	0.0000	0.0000	0.0000	0.0000	0.0000	0.0000	0.0000	0.0000	0.0000	0.0000	0.0000	0.0000	2.0013	0.0000	5.6727	1.0003	0.0000	0.0000	0.0000	0.0000	0.0000	0.0000	0.0000	0.0000	0.0000	0.0000	0.0000	0.0000	0.0000	0.0000	0.0000	0.0000	0.0000	0.0000	0.0000	0.0000	0.0000	0.0000	0.0000	0.0000	0.0000	0.0000	0.0000	0.0219	0.0131	0.0089	0.0043	0.0039	0.0005	0.0176	0.0092	0.0084	0.0000	0.0000	0.0000	0.0000	0.0000	0.0000	0.0000	0.0000	0.0000	0.0000	0.0000	0.0000	0.0000	0.0000	0.0000	0.0000	0.0000	0.0000											
56	76	0.1555	8	0	1	2	0	0	0	0	0	N	N	Y	N	N	N	N	N	N	N	N	N	0.0000	0.0000	0.0000	0.0000	0.0000	0.0000	0.0000	0.0000	0.0000	0.0000	0.0000	0.0000	0.0000	0.0000	0.0000	0.0000	0.0000	0.0000	0.0000	0.0000	2.0013	0.0000	5.6727	1.0076	0.0000	0.0000	0.0000	0.0000	0.0000	0.0000	0.0000	0.0000	0.0000	0.0000	0.0000	0.0000	0.0000	0.0000	0.0000	0.0000	0.0000	0.0000	0.0000	0.0000	0.0000	0.0000	0.0000	0.0000	0.0000	0.0000	0.0000	0.0219	0.0130	0.0089	0.0042	0.0038	0.0004	0.0178	0.0093	0.0085	0.0000	0.0000	0.0000	0.0000	0.0000	0.0000	0.0000	0.0000	0.0000	0.0000	0.0000	0.0000	0.0000	0.0000	0.0000	0.0000	0.0000	0.0000											
56	77	0.1515	7	0	1	1	0	0	0	0	0	N	N	N	N	N	N	N	N	N	N	N	N	5.5058	19.7734	6.8066	18.9668	0.0076	0.0000	0.0674	0.0000	0.0000	0.0000	0.0116	0.0000	0.0678	0.0014	0.0000	0.0034	0.0000	0.0000	0.0000	0.0017	0.0000	0.0036	inf	inf	0.0000	0.0000	2.0013	0.0026	5.6727	0.9924	0.0000	0.0000	0.0000	0.0000	0.0000	0.0000	0.0000	0.0000	0.0000	0.0000	0.0000	0.0000	0.0000	0.0000	0.0000	0.0000	0.0000	0.0000	0.0002	0.0002	0.0000	0.0001	0.0001	0.0000	0.0001	0.0001	0.0000	0.0216	0.0129	0.0088	0.0041	0.0037	0.0004	0.0175	0.0092	0.0084	5.5058	0.0000	19.7734	0.0000	0.0000	0.0000	6.8066	0.0000	18.9668	0.0014	0.0000	0.0034	0.0000	0.0000	0.0000	0.0017	0.0000	0.0036					
56	78	0.1351	6	0	1	1	0	0	0	0	0	N	N	N	N	N	N	N	N	N	N	N	N	0.2511	0.0004	0.3920	0.0022	0.0013	0.0214	0.2064	0.3961	0.0239	0.0000	0.1636	0.0000	0.0000	0.0003	0.0262	0.0000	0.1667	0.0952	0.0032	0.4174	0.0090	0.0088	0.0130	0.1267	0.0000	0.4208	24361.2623	42.3791	0.0011	0.0043	2.0013	2.8733	5.6727	1.5522	0.0020	0.0000	0.0020	0.0000	0.0000	0.0000	0.0020	0.0000	0.0020	0.0099	0.0002	0.0097	0.0003	0.0002	0.0000	0.0097	0.0000	0.0097	0.0823	0.0703	0.0120	0.0071	0.0069	0.0002	0.0752	0.0634	0.0118	0.1044	0.0723	0.0321	0.0280	0.0262	0.0019	0.0764	0.0462	0.0302	0.2511	0.0004	0.5408	0.0022	0.0013	0.0214	0.2064	0.0000	0.5203	0.0952	0.0032	0.3026	0.0090	0.0088	0.0130	0.1267	0.0000	0.3204	
56	79	0.1230	5	0	1	1	0	0	0	0	0	N	N	N	N	N	N	N	N	N	N	N	N	0.0123	0.0361	0.0235	0.0087	0.0088	0.0000	0.0143	0.0053	0.0230	0.0149	0.0049	0.0760	0.0187	0.0189	0.0000	0.0137	0.0000	0.0770	1.2125	0.1367	3.2343	2.1573	2.1492	0.0421	0.9580	0.0019	3.3427	2.5004	6.8267	0.0000	0.0280	2.0013	0.2102	5.6727	3.4985	0.0001	0.0000	0.0001	0.0000	0.0000	0.0000	0.0001	0.0000	0.0001	0.0842	0.0108	0.0735	0.0107	0.0107	0.0000	0.0735	0.0001	0.0734	0.0093	0.0080	0.0013	0.0021	0.0021	0.0000	0.0072	0.0059	0.0013	0.1101	0.0788	0.0313	0.0333	0.0322	0.0011	0.0767	0.0465	0.0302	0.0194	0.0361	0.0324	0.0582	0.0569	0.0000	0.0143	0.0053	0.0317	0.7652	0.1367	2.3459	0.3215	0.3312	0.0421	0.9580	0.0019	2.4307
56	80	0.1541	7	0	2	1	0	0	0	0	0	N	Y	N	N	N	N	N	N	N	N	N	N	0.0026	1.1081	0.0000	4.1721	4.1175	0.0000	0.0000	0.0000	0.0000	0.0169	0.0198	0.0000	0.2188	0.2351	0.0000	0.0000	0.0000	0.0000	6.4363	0.0179	38.5822	0.0524	0.0571	0.0135	8.3613	0.0000	39.3871	0.0000	538.4483	-0.0004	0.4528	2.0013	2.0196	5.6727	6.0690	0.0009	0.0009	0.0000	0.0009	0.0009	0.0000	0.0000	0.0000	0.0000	0.9881	0.0018	0.9863	0.0019	0.0018	0.0001	0.9862	0.0000	0.9862	0.0549	0.0469	0.0081	0.0042	0.0040	0.0003	0.0507	0.0429	0.0078	0.1539	0.1023	0.0515	0.0359	0.0321	0.0038	0.1180	0.0702	0.0477	0.0026	1.1081	0.0000	4.1721	4.1175	0.0000	0.0000	0.0000	0.0000	6.4223	0.0179	19.1410	0.0524	0.0571	0.0135	8.3613	0.0000	20.6722
56	81	0.1458	6	0	1	1	0	0	0	0	0	N	N	N	N	N	N	N	N	N	N	N	N	0.0724	1.6969	0.0041	0.0000	0.0000	0.0000	0.1015	19.3054	0.0038	0.0350	0.0402	0.0051	0.0000	0.0000	0.0000	0.0372	0.0430	0.0052	0.4831	0.0237	1.2302	0.0667	0.0784	0.0001	0.3661	0.0022	1.3705	0.0220	18.1787	-0.0004	0.0047	2.0013	0.9876	5.6727	0.9833	0.0009	0.0009	0.0000	0.0000	0.0000	0.0000	0.0009	0.0009	0.0000	0.0115	0.0006	0.0109	0.0006	0.0006	0.0000	0.0110	0.0000	0.0109	0.0266	0.0226	0.0039	0.0016	0.0015	0.0001	0.0250	0.0212	0.0039	0.0384	0.0254	0.0130	0.0084	0.0075	0.0009	0.0300	0.0179	0.0121	0.1164	1.6969	0.0060	0.0000	0.0000	0.0000	0.1015	19.3054	0.0057	0.3004	0.0237	0.8420	0.0667	0.0749	0.0001	0.3661	0.0022	0.9067
56	82	0.0798	4	1	1	2	0	0	0	0	0	N	N	Y	N	N	N	N	N	N	N	N	N	0.0060	inf	0.0000	inf	inf	0.0051	inf	0.0000	0.0766	0.0901	0.0000	0.0005	0.0005	0.0000	0.0802	0.0948	0.0000	12.8231	0.0000	81.9903	0.0000	0.0000	0.0000	15.7251	0.0000	75.0879	0.0000	inf	-0.0010	0.4591	2.0013	1.0000	5.6727	2.9874	0.0021	0.0021	0.0000	0.0000	0.0000	0.0000	0.0021	0.0021	0.0000	0.9980	0.0000	0.9980	0.0000	0.0000	0.0000	0.9980	0.0000	0.9980	0.0270	0.0230	0.0040	0.0012	0.0012	0.0001	0.0258	0.0218	0.0040	0.0781	0.0511	0.0270	0.0147	0.0136	0.0011	0.0635	0.0375	0.0260	0.0060	inf	0.0000	inf	inf	0.0000	0.0051	inf	0.0000	12.7736	0.0000	36.8954	0.0000	0.0000	0.0000	15.7251	0.0000	38.4412	
56	83	0.0515	3	1	1	2	0	0	0	0	0	N	N	Y	N	N	N	N	N	N	N	N	N	9.4271	6.5682	0.0000	546.9366	520.6862	0.0000	0.0000	0.0773	0.0911	0.0000	35.0113	35.0983	0.0000	0.0000	0.0000	0.0000	0.0082	0.0139	0.0003	0.0640	0.0674	0.0000	0.0002	0.0000	0.0003	0.0000	0.0169	-0.0010	-0.0006	2.0013	0.9997	5.6727	6.0128	0.0021	0.0021	0.0000	0.0021	0.0021	0.0000	0.0000	0.0000	0.0000	0.0012	0.0012	0.0000	0.0012	0.0012	0.0000	0.0000	0.0000	0.0000	0.0268	0.0227	0.0041	0.0001	0.0001	0.0000	0.0267	0.0227	0.0041	0.1464	0.0851	0.0613	0.0184	0.0175	0.0009	0.1280	0.0676	0.0604	9.4271	6.5682	0.0000	546.9366	520.6862	0.0000	0.0000	0.0000	0.0000	0.0082	0.0139	0.0003	0.0640	0.0674	0.0000	0.0002	0.0000	0.0003		
56	84	0.0933	4	0	2	1	1	0	0	0	0	N	Y	N	N	N	N	N	N	N	N	N	N	0.0000	0.0607	0.0000	0.2363	0.2307	0.0000	0.0000	0.0001	0.0001	0.0000	0.0011	0.0012	0.0000	0.0000	0.0000	0.0000	3.1194	0.0012	12.4389	0.0048	0.0052	0.0000	3.6024	0.0000	12.4914	0.0000	3832.1538	-0.0000	0.4582	2.0013	8.0013	5.6727	12.0015	0.0000	0.0000	0.0000	0.0000	0.0000	0.0000	0.0000	0.0000	0.0000	0.9966	0.0003	0.9964	0.0003	0.0003	0.0000	0.9964	0.0000	0.9964	0.2031	0.1737	0.0294	0.0113	0.0107	0.0006	0.1917	0.1629	0.0288	0.3309	0.2136	0.1173	0.0543	0.0502	0.0040	0.2766	0.1633	0.1132	0.0000	0.0607	0.0000	0.2363	0.2307	0.0000	0.0000	0.0000	0.0000	3.0122	0.0012	8.4950	0.0048	0.0052	0.0000	3.6024	0.0000	8.7989		
56	85	0.1498	6	0	2	1	0	0	0	0	0	N	Y	N	N	N	N	N	N	N	N	N	N	19569.7458	15117.0547	0.0000	0.0000	inf	inf	37.0727	43.5384	0.0000	0.0000	0.0000	0.0000	39.0559	46.1537	0.0000	0.0019	0.0029	0.0000	0.0087	0.0099	0.0000	0.0000	0.0000	0.0000	0.0000	0.0000	-0.4615	-0.0002	2.0013	1.0000	5.6727	6.9850	0.9994	0.9994	0.0000	0.0000	0.0000	0.0000	0.9994	0.9994	0.0000	0.0003	0.0003	0.0000	0.0003	0.0003	0.0000	0.0000	0.0000	0.0000	0.0270	0.0230	0.0040	0.0014	0.0013	0.0001	0.0256	0.0217	0.0039	0.1477	0.0972	0.0506	0.0320	0.0284	0.0036	0.1157	0.0688	0.0469	19569.7458	15117.0547	0.0000	0.0000	0.0000	0.0000	inf	inf	0.0000	0.0019	0.0029	0.0000	0.0087	0.0099	0.0000	0.0000	0.0000	0.0000			
56	86	0.1371	5	0	1	1	0	0	0	0	0	N	N	N	N	N	N	N	N	N	N	N	N	0.0000	0.0000	0.0000	0.0000	0.0000	0.0000	0.0000	0.0000	0.0000	0.0000	0.0000	0.0000	0.0000	0.0000	0.0000	0.0000	0.0000	0.0006	0.0008	0.0003	0.0029	0.0027	0.0041	0.0000	0.0000	0.0000	0.1939	0.0000	-0.0000	2.0013	1.0086	5.6727	2.0000	0.0000	0.0000	0.0000	0.0000	0.0000	0.0000	0.0000	0.0000	0.0000	0.0000	0.0000	0.0000	0.0000	0.0000	0.0000	0.0000	0.0000	0.0000	0.0275	0.0234	0.0041	0.0015	0.0014	0.0001	0.0260	0.0220	0.0040	0.0582	0.0381	0.0201	0.0126	0.0112	0.0014	0.0456	0.0269	0.0187	0.0000	0.0000	0.0000	0.0000	0.0000	0.0000	0.0000	0.0000	0.0000	0.0006	0.0008	0.0003	0.0029	0.0027	0.0041	0.0000	0.0000	0.0000		
56	87	0.0515	3	0	2	1	0	0	0	0	0	N	Y	N	N	N	N	N	N	N	N	N	N	12.2089	8.3957	701.7434	667.7860	0.0199	0.0234	0.0000	9.0752	9.0975	0.0000	0.0000	0.0000	0.0000	0.0016	0.0028	0.0000	0.0129	0.0136	0.0000	0.0000	0.0000	0.0000	0.0000	0.0000	-0.0010	-0.0002	2.0013	4.0000	5.6727	7.0000	0.0021	0.0021	0.0000	0.0021	0.0021	0.0000	0.0000	0.0000	0.0000	0.0004	0.0004	0.0000	0.0004	0.0004	0.0000	0.0000	0.0000	0.0000	0.1042	0.0886	0.0156	0.0002	0.0002	0.0000	0.1040	0.0883	0.0156	0.2212	0.1293	0.0919	0.0278	0.0264	0.0014	0.1934	0.1029	0.0905	12.2089	8.3957	0.0000	701.7434	667.7860	0.0000	0.0000	0.0000	0.0000	0.0016	0.0028	0.0000	0.0129	0.0136	0.0000	0.0000	0.0000	0.0000					
56	89	0.1543	7	0	2	1	0	0	0	0	0	N	Y	N	N	N	N	N	N	N	N	N	N	0.0002	0.0000	0.9254	0.0000	0.0000	0.0000	12.9867	0.0000	26.1578	0.0000	0.0000	0.0001	0.0000	0.0000	0.0000	0.0000	0.0000	0.0001	0.0582	0.0878	0.0001	1.3353	1.5086	0.0011	0.0000	0.0000	0.0000	inf	0.0006	0.0000	-0.0053	2.0013	0.0157	5.6727	9.0253	0.0000	0.0000	0.0000	0.0000	0.0000	0.0000	0.0000	0.0000	0.0000	0.0098	0.0098	0.0000	0.0098	0.0098	0.0000	0.0000	0.0000	0.0000	0.0015	0.0013	0.0002	0.0006	0.0006	0.0000	0.0009	0.0007	0.0002	0.1678	0.1111	0.0567	0.0405	0.0352	0.0053	0.1273	0.0759	0.0514	0.0002	0.0000	0.9254	0.0000	0.0000	0.0000	12.9867	0.0000	26.1578	0.0582	0.0878	0.0001	0.2410	0.2773	0.0011	0.0000	0.0000	0.0000
56	90	0.1458	6	0	2	1	0	0	0	0	0	N	Y	N	N	N	N	N	N	N	N	N	N	0.0001	0.0052	0.0000	0.0136	0.0130	0.0000	0.0000	0.0000	0.0000	0.0000	0.0000	0.0000	0.0003	0.0004	0.0000	0.0000	0.0000	0.0000	0.3761	0.0083	1.0646	0.0250	0.0281	0.0002	0.3179	0.0001	1.1598	0.0000	44.9306	-0.0000	0.0044	2.0013	0.0169	5.6727	2.0013	0.0000	0.0000	0.0000	0.0000	0.0000	0.0000	0.0000	0.0000	0.0000	0.0100	0.0002	0.0097	0.0002	0.0002	0.0000	0.0097	0.0000	0.0097	0.0005	0.0004	0.0001	0.0001	0.0001	0.0000	0.0004	0.0004	0.0001	0.0393	0.0260	0.0133	0.0086	0.0077	0.0009	0.0307	0.0183	0.0123	0.0001	0.0052	0.0000	0.0136	0.0130	0.0000	0.0000	0.0000	0.0000	0.2537	0.0083	0.7337	0.0250	0.0281	0.0002	0.3179	0.0001	0.7901
56	91	0.1371	5	0	1	1	0	0	0	0	0	N	N	N	N	N	N	N	N	N	N	N	N	0.0000	0.0000	0.0000	0.0000	0.0000	0.0000	0.0000	0.0000	0.0000	0.0000	0.0000	0.0000	0.0000	0.0000	0.0000	0.0000	0.0000	0.0062	0.0012	0.0156	0.0044	0.0042	0.0059	0.0067	0.0000	0.0163	6.6391	0.0000	0.0001	2.0013	1.9923	5.6727	0.0454	0.0000	0.0000	0.0000	0.0000	0.0000	0.0000	0.0000	0.0000	0.0000	0.0002	0.0000	0.0002	0.0000	0.0000	0.0000	0.0002	0.0000	0.0002	0.0535	0.0456	0.0079	0.0028	0.0026	0.0001	0.0507	0.0429	0.0078	0.0400	0.0262	0.0138	0.0087	0.0078	0.0010	0.0313	0.0184	0.0129	0.0000	0.0000	0.0000	0.0000	0.0000	0.0000	0.0000	0.0000	0.0000	0.0062	0.0012	0.0156	0.0044	0.0042	0.0059	0.0067	0.0000	0.0163		
56	92	0.0933	4	0	1	1	0	0	0	0	0	N	N	N	N	N	N	N	N	N	N	N	N	0.5176	2.4042	0.0000	8.8802	8.6758	0.0000	0.0000	0.0001	0.0001	0.0000	0.0017	0.0018	0.0000	0.0000	0.0000	0.0000	0.0002	0.0001	0.0005	0.0002	0.0002	0.0000	0.0002	0.0000	0.0005	0.0000	5.1231	-0.0000	0.0000	2.0013	1.0098	5.6727	9.0196	0.0000	0.0000	0.0000	0.0000	0.0000	0.0000	0.0000	0.0000	0.0000	0.0000	0.0000	0.0000	0.0000	0.0000	0.0000	0.0000	0.0000	0.0000	0.0275	0.0234	0.0041	0.0016	0.0015	0.0001	0.0259	0.0219	0.0040	0.1794	0.1159	0.0634	0.0297	0.0275	0.0022	0.1497	0.0884	0.0613	0.5176	2.4042	0.0000	8.8802	8.6758	0.0000	0.0000	0.0000	0.0000	0.0002	0.0001	0.0005	0.0002	0.0002	0.0000	0.0002	0.0000	0.0005		
56	93	0.1900	9	1	2	1	1	0	0	0	0	N	Y	N	N	N	N	N	N	N	N	N	N	0.0000	0.0000	0.0000	0.0000	0.0000	0.0000	0.0000	0.0000	0.0000	0.0000	0.0000	0.0000	0.0000	0.0000	0.0000	0.0000	0.0000	0.0000	0.0000	0.0000	2.0013	0.0000	5.6727	0.0000	0.0000	0.0000	0.0000	0.0000	0.0000	0.0000	0.0000	0.0000	0.0000	0.0000	0.0000	0.0000	0.0000	0.0000	0.0000	0.0000	0.0000	0.0000	0.0000	0.0000	0.0000	0.0000	0.0000	0.0000	0.0000	0.0000	0.0000	0.0000	0.0000	0.0000	0.0000	0.0000	0.0000	0.0000	0.0000	0.0000	0.0000	0.0000	0.0000	0.0000	0.0000	0.0000	0.0000	0.0000	0.0000	0.0000	0.0000	0.0000	0.0000	0.0000	0.0000	0.0000	0.0000	0.0000											
56	94	0.1900	8	1	2	1	1	0	0	0	0	N	Y	N	N	N	N	N	N	N	N	N	N	0.0000	0.0000	0.0000	0.0000	0.0000	0.0000	0.0000	0.0000	0.0000	0.0000	0.0000	0.0000	0.0000	0.0001	0.0000	0.0003	0.0001	0.0000	0.0108	0.0000	0.0000	0.0000	inf	0.0000	0.0000	2.0013	0.0000	5.6727	0.0001	0.0000	0.0000	0.0000	0.0000	0.0000	0.0000	0.0000	0.0000	0.0000	0.0000	0.0000	0.0000	0.0000	0.0000	0.0000	0.0000	0.0000	0.0000	0.0000	0.0000	0.0000	0.0000	0.0000	0.0000	0.0000	0.0000	0.0000	0.0000	0.0000	0.0000	0.0000	0.0000	0.0000	0.0000	0.0000	0.0000	0.0000	0.0000	0.0000	0.0000	0.0000	0.0000	0.0000	0.0000	0.0000	0.0001	0.0000	0.0003	0.0001	0.0000	0.0108	0.0000	0.0000	0.0000						
56	95	0.1721	7	0	2	1	1	0	0	0	0	N	Y	N	N	N	N	N	N	N	N	N	N	799802.5753	1830287.8234	725037.8591	1853157.2387	0.0733	0.0000	0.5026	0.0000	0.0000	0.0000	0.0826	0.0000	0.5198	0.0000	0.0000	0.0000	0.0000	0.0000	0.0000	0.0000	0.0000	0.0000	inf	inf	0.0011	0.0000	2.0013	0.9845	5.6727	0.9903	0.0020	0.0000	0.0020	0.0000	0.0000	0.0000	0.0020	0.0000	0.0020	0.0000	0.0000	0.0000	0.0000	0.0000	0.0000	0.0000	0.0000	0.0000	0.0278	0.0237	0.0040	0.0031	0.0030	0.0001	0.0246	0.0207	0.0039	0.0393	0.0262	0.0131	0.0086	0.0079	0.0006	0.0307	0.0182	0.0125	799802.5753	0.0000	1830287.8234	0.0000	0.0000	0.0000	725037.8591	0.0000	1853157.2387	0.0000	0.0000	0.0000	0.0000	0.0000	0.0000	0.0000	0.0000	0.0000					
56	96	0.1693	7	0	2	1	0	0	0	0	0	N	Y	N	N	N	N	N	N	N	N	N	N	0.0251	0.0292	0.0000	0.1372	0.1508	0.0000	0.0000	0.0000	0.0000	0.0000	0.0000	0.0000	0.0001	0.0001	0.0000	0.0000	0.0000	0.0000	0.0004	0.0004	0.0004	0.0009	0.0009	0.0012	0.0001	0.0000	0.0003	0.0000	0.4481	-0.0000	-0.0000	2.0013	1.0063	5.6727	3.7812	0.0000	0.0000	0.0000	0.0000	0.0000	0.0000	0.0000	0.0000	0.0000	0.0001	0.0000	0.0000	0.0000	0.0000	0.0000	0.0000	0.0000	0.0000	0.0277	0.0236	0.0041	0.0022	0.0020	0.0001	0.0255	0.0216	0.0039	0.1307	0.0895	0.0412	0.0448	0.0401	0.0047	0.0859	0.0494	0.0365	0.0251	0.0292	0.0000	0.1372	0.1508	0.0000	0.0000	0.0000	0.0000	0.0004	0.0004	0.0004	0.0009	0.0009	0.0012	0.0001	0.0000	0.0003
56	97	0.1721	7	0	1	2	1	0	0	0	0	N	N	Y	N	N	N	N	N	N	N	N	N	inf	inf	inf	inf	0.0012	0.0015	0.0000	0.0110	0.0115	0.0000	0.0000	0.0000	0.0000	0.0000	0.0000	0.0000	0.0000	0.0000	0.0000	0.0000	0.0000	0.0000	0.0000	-0.0000	0.0000	2.0013	1.0165	5.6727	1.0129	0.0000	0.0000	0.0000	0.0000	0.0000	0.0000	0.0000	0.0000	0.0000	0.0000	0.0000	0.0000	0.0000	0.0000	0.0000	0.0000	0.0000	0.0000	0.0286	0.0244	0.0042	0.0032	0.0031	0.0001	0.0254	0.0214	0.0040	0.0403	0.0268	0.0135	0.0088	0.0081	0.0007	0.0315	0.0187	0.0128	inf	inf	0.0000	inf	inf	0.0000	0.0000	0.0000	0.0000	0.0000	0.0000	0.0000	0.0000	0.0000	0.0000	0.0000	0.0000	0.0000						
56	98	0.1592	6	0	1	1	1	0	0	0	0	N	N	N	N	N	N	N	N	N	N	N	N	inf	inf	inf	inf	inf	inf	inf	0.0009	0.0003	0.0044	0.0030	0.0032	0.0000	0.0007	0.0000	0.0045	0.0000	0.0000	0.0000	0.0000	0.0000	0.0000	0.0000	0.0000	0.0000	2.6098	0.0000	-0.0000	2.0013	2.0241	5.6727	1.0265	0.0000	0.0000	0.0000	0.0000	0.0000	0.0000	0.0000	0.0000	0.0000	0.0000	0.0000	0.0000	0.0000	0.0000	0.0000	0.0000	0.0000	0.0000	0.0553	0.0472	0.0081	0.0045	0.0042	0.0002	0.0508	0.0430	0.0078	0.0581	0.0384	0.0197	0.0133	0.0119	0.0014	0.0448	0.0264	0.0183	inf	inf	inf	inf	inf	0.0000	inf	0.0000	inf	0.0000	0.0000	0.0000	0.0000	0.0000	0.0000	0.0000	0.0000	0.0000			
56	99	0.1592	6	0	1	2	1	0	0	0	0	N	N	Y	N	N	N	N	N	N	N	N	N	inf	inf	inf	inf	0.0002	0.0002	0.0000	0.0021	0.0023	0.0000	0.0000	0.0000	0.0000	0.0000	0.0000	0.0000	0.0000	0.0000	0.0000	0.0000	0.0000	0.0000	0.0000	-0.0000	0.0000	2.0013	3.0066	5.6727	0.0000	0.0000	0.0000	0.0000	0.0000	0.0000	0.0000	0.0000	0.0000	0.0000	0.0000	0.0000	0.0000	0.0000	0.0000	0.0000	0.0000	0.0000	0.0000	0.0810	0.0692	0.0118	0.0064	0.0061	0.0003	0.0746	0.0632	0.0115	0.0573	0.0378	0.0195	0.0131	0.0117	0.0014	0.0441	0.0261	0.0181	inf	inf	0.0000	inf	inf	0.0000	0.0000	0.0000	0.0000	0.0000	0.0000	0.0000	0.0000	0.0000	0.0000	0.0000	0.0000	0.0000						
56	100	0.1849	6	0	1	2	1	0	0	0	0	N	N	Y	N	N	N	N	N	N	N	N	N	0.0000	0.0000	0.0000	0.0000	0.0000	0.0000	0.0000	0.0000	0.0000	0.0000	0.0000	0.0000	0.0000	0.0000	0.0000	0.0000	0.0000	0.0000	0.0000	0.0000	2.0013	0.0000	5.6727	2.0000	0.0000	0.0000	0.0000	0.0000	0.0000	0.0000	0.0000	0.0000	0.0000	0.0000	0.0000	0.0000	0.0000	0.0000	0.0000	0.0000	0.0000	0.0000	0.0000	0.0000	0.0000	0.0000	0.0000	0.0000	0.0000	0.0000	0.0000	0.0373	0.0245	0.0128	0.0088	0.0079	0.0010	0.0285	0.0166	0.0118	0.0000	0.0000	0.0000	0.0000	0.0000	0.0000	0.0000	0.0000	0.0000	0.0000	0.0000	0.0000	0.0000	0.0000	0.0000	0.0000	0.0000	0.0000											
56	101	0.1459	5	0	1	2	1	0	0	0	0	N	N	Y	N	N	N	N	N	N	N	N	N	0.0000	0.0000	0.0000	0.0000	0.0000	0.0000	0.0000	0.0000	0.0000	0.0000	0.0000	0.0000	0.0001	0.0001	0.0000	0.0000	0.0000	0.0000	1.1431	2.2164	0.0005	47.0161	49.6163	0.0059	0.0000	0.0000	0.0001	0.0000	0.0003	-0.0000	-0.0616	2.0013	5.8899	5.6727	3.1847	0.0000	0.0000	0.0000	0.0000	0.0000	0.0000	0.0000	0.0000	0.0000	0.1141	0.1141	0.0000	0.1141	0.1141	0.0000	0.0000	0.0000	0.0000	0.1594	0.1364	0.0230	0.0155	0.0145	0.0011	0.1438	0.1219	0.0219	0.1747	0.1147	0.0600	0.0412	0.0373	0.0039	0.1335	0.0774	0.0561	0.0000	0.0000	0.0000	0.0000	0.0000	0.0000	0.0000	0.0000	0.0000	0.6529	0.9942	0.0005	2.7697	3.0583	0.0059	0.0000	0.0000	0.0001
56	102	0.1926	5	1	2	1	0	0	0	0	0	N	Y	N	N	N	N	N	N	N	N	N	N	0.0000	0.0000	0.0000	0.0000	0.0000	0.0000	0.0000	0.0000	0.0000	0.0000	0.0000	0.0000	0.0000	0.0000	0.0000	0.0000	0.0000	0.0000	0.0000	0.0000	2.0013	0.0000	5.6727	0.0000	0.0000	0.0000	0.0000	0.0000	0.0000	0.0000	0.0000	0.0000	0.0000	0.0000	0.0000	0.0000	0.0000	0.0000	0.0000	0.0000	0.0000	0.0000	0.0000	0.0000	0.0000	0.0000	0.0000	0.0000	0.0000	0.0000	0.0000	0.0000	0.0000	0.0000	0.0000	0.0000	0.0000	0.0000	0.0000	0.0000	0.0000	0.0000	0.0000	0.0000	0.0000	0.0000	0.0000	0.0000	0.0000	0.0000	0.0000	0.0000	0.0000	0.0000	0.0000	0.0000	0.0000	0.0000											
56	103	0.0933	4	1	2	1	0	0	0	0	0	N	Y	N	N	N	N	N	N	N	N	N	N	0.0028	0.0021	0.0082	0.0080	0.0000	0.0000	0.0000	0.0003	0.0003	0.0000	0.0000	0.0000	0.0000	0.0050	0.0077	0.0000	0.0305	0.0330	0.0000	0.0000	0.0000	0.0000	0.0000	0.0000	-0.0000	-0.0010	2.0013	8.0012	5.6727	14.0016	0.0000	0.0000	0.0000	0.0000	0.0000	0.0000	0.0000	0.0000	0.0000	0.0018	0.0018	0.0000	0.0018	0.0018	0.0000	0.0000	0.0000	0.0000	0.2031	0.1737	0.0294	0.0113	0.0107	0.0006	0.1917	0.1629	0.0288	0.3584	0.2313	0.1271	0.0587	0.0543	0.0044	0.2997	0.1770	0.1227	0.0028	0.0021	0.0000	0.0082	0.0080	0.0000	0.0000	0.0000	0.0000	0.0050	0.0077	0.0000	0.0305	0.0330	0.0000	0.0000	0.0000	0.0000					
56	104	0.1563	5	0	2	1	0	0	0	0	0	N	Y	N	N	N	N	N	N	N	N	N	N	0.0000	0.0000	0.0000	0.0000	0.0000	0.0000	0.0000	0.0000	0.0000	0.0000	0.0000	0.0000	0.0000	0.0000	0.0000	0.0000	0.0000	0.0000	0.0122	0.0182	0.0003	0.0431	0.0487	0.0024	0.0000	0.0000	0.0000	0.0069	0.0000	-0.0004	2.0013	2.0010	5.6727	1.0153	0.0000	0.0000	0.0000	0.0000	0.0000	0.0000	0.0000	0.0000	0.0000	0.0008	0.0008	0.0000	0.0008	0.0008	0.0000	0.0000	0.0000	0.0000	0.0534	0.0455	0.0079	0.0030	0.0029	0.0002	0.0504	0.0427	0.0077	0.0665	0.0444	0.0221	0.0189	0.0166	0.0023	0.0476	0.0278	0.0198	0.0000	0.0000	0.0000	0.0000	0.0000	0.0000	0.0000	0.0000	0.0000	0.0122	0.0182	0.0003	0.0431	0.0487	0.0024	0.0000	0.0000	0.0000	
56	105	0.0933	4	0	2	1	0	0	0	0	0	N	Y	N	N	N	N	N	N	N	N	N	N	0.0000	0.0000	0.0000	0.0000	0.0000	0.0000	0.0000	0.0000	0.0000	0.0000	0.0006	0.0007	0.0000	0.0000	0.0000	0.0000	2.4852	3.9984	0.0005	328.0624	346.4572	0.0000	0.0002	0.0000	0.0005	0.0000	0.0001	-0.0000	-0.3071	2.0013	3.0162	5.6727	11.0438	0.0000	0.0000	0.0000	0.0000	0.0000	0.0000	0.0000	0.0000	0.0000	0.5688	0.5688	0.0000	0.5688	0.5688	0.0000	0.0000	0.0000	0.0000	0.0803	0.0685	0.0118	0.0046	0.0044	0.0002	0.0757	0.0641	0.0116	0.2436	0.1573	0.0862	0.0402	0.0372	0.0030	0.2034	0.1201	0.0833	0.0000	0.0000	0.0000	0.0000	0.0000	0.0000	0.0000	0.0000	0.0000	2.3354	3.6151	0.0005	14.1598	15.2837	0.0000	0.0002	0.0000	0.0005		
56	106	0.1942	9	1	2	1	0	0	0	0	0	N	Y	N	N	N	N	N	N	N	N	N	N	0.0000	0.0000	0.0000	0.0000	0.0000	0.0000	0.0000	0.0000	0.0000	0.0000	0.0000	0.0000	0.0000	25.4180	0.0000	161.2495	0.0000	0.0000	0.0000	41.1922	0.0000	234.3847	inf	0.0000	0.4598	2.0013	1.0000	5.6727	1.0000	0.0000	0.0000	0.0000	0.0000	0.0000	0.0000	0.0000	0.0000	0.0000	0.9994	0.0000	0.9994	0.0000	0.0000	0.0000	0.9994	0.0000	0.9994	0.0273	0.0233	0.0040	0.0020	0.0019	0.0001	0.0253	0.0214	0.0039	0.0393	0.0270	0.0123	0.0151	0.0129	0.0022	0.0243	0.0142	0.0101	0.0000	0.0000	0.0000	0.0000	0.0000	0.0000	0.0000	0.0000	0.0000	25.4180	0.0000	81.4377	0.0000	0.0000	0.0000	41.1922	0.0000	98.9378						
56	107	0.1900	8	1	2	1	0	0	0	0	0	N	Y	N	N	N	N	N	N	N	N	N	N	0.0000	0.0000	0.0000	0.0000	0.0000	0.0000	0.0000	0.0000	0.0000	0.0000	0.0000	0.0000	0.0000	0.0005	0.0007	0.0000	0.0015	0.0018	0.0000	0.0000	0.0000	0.0000	0.0000	0.0000	-0.0000	2.0013	0.0000	5.6727	0.9999	0.0000	0.0000	0.0000	0.0000	0.0000	0.0000	0.0000	0.0000	0.0000	0.0000	0.0000	0.0000	0.0000	0.0000	0.0000	0.0000	0.0000	0.0000	0.0000	0.0000	0.0000	0.0000	0.0000	0.0000	0.0000	0.0000	0.0000	0.0197	0.0134	0.0064	0.0066	0.0057	0.0009	0.0132	0.0077	0.0055	0.0000	0.0000	0.0000	0.0000	0.0000	0.0000	0.0000	0.0000	0.0000	0.0005	0.0007	0.0000	0.0015	0.0018	0.0000	0.0000	0.0000	0.0000						
56	108	0.1693	7	1	2	1	0	0	0	0	0	N	Y	N	N	N	N	N	N	N	N	N	N	1.6178	2.0414	0.0000	3.1143	3.5407	0.0000	0.0000	0.0000	0.0000	0.0005	0.0006	0.0000	0.0019	0.0019	0.0000	0.0000	0.0000	0.0000	0.0003	0.0003	0.0004	0.0006	0.0005	0.0012	0.0002	0.0001	0.0003	0.0000	0.5807	-0.0000	-0.0000	2.0013	0.0100	5.6727	4.8896	0.0000	0.0000	0.0000	0.0000	0.0000	0.0000	0.0000	0.0000	0.0000	0.0000	0.0000	0.0000	0.0000	0.0000	0.0000	0.0000	0.0000	0.0000	0.0005	0.0004	0.0001	0.0001	0.0001	0.0000	0.0004	0.0003	0.0001	0.1327	0.0908	0.0419	0.0453	0.0405	0.0048	0.0874	0.0503	0.0371	1.6178	2.0414	0.0000	3.1143	3.5407	0.0000	0.0000	0.0000	0.0000	0.0003	0.0003	0.0004	0.0006	0.0005	0.0012	0.0002	0.0001	0.0003
56	109	0.1592	6	0	2	1	0	0	0	0	0	N	Y	N	N	N	N	N	N	N	N	N	N	0.6871	0.7418	0.1025	2.5656	2.4112	0.0372	0.0979	0.0005	0.0006	0.0001	0.0057	0.0060	0.0000	0.0000	0.0000	0.0001	0.0007	0.0008	0.0006	0.0022	0.0025	0.0000	0.0003	0.0000	0.0007	0.0195	0.4227	-0.0000	-0.0000	2.0013	1.0007	5.6727	1.4004	0.0000	0.0000	0.0000	0.0000	0.0000	0.0000	0.0000	0.0000	0.0000	0.0000	0.0000	0.0000	0.0000	0.0000	0.0000	0.0000	0.0000	0.0000	0.0279	0.0238	0.0041	0.0024	0.0023	0.0001	0.0255	0.0215	0.0040	0.0460	0.0304	0.0156	0.0106	0.0094	0.0011	0.0354	0.0209	0.0145	0.6871	0.7418	0.1025	2.5656	2.4112	0.0000	0.0372	0.0000	0.0979	0.0007	0.0008	0.0006	0.0022	0.0025	0.0000	0.0003	0.0000	0.0007		
56	110	0.1459	5	0	1	1	0	0	0	0	0	N	N	N	N	N	N	N	N	N	N	N	N	0.0001	0.1424	0.0001	0.0351	0.1490	0.0000	0.0001	0.0000	0.0001	0.0011	0.0002	0.0063	0.0004	0.0004	0.0000	0.0014	0.0000	0.0081	12.5952	0.0011	73.6885	0.0115	0.0030	0.1122	16.8545	0.0000	75.5991	6.8739	17064.5948	0.0000	0.4064	2.0013	0.3039	5.6727	2.8719	0.0000	0.0000	0.0000	0.0000	0.0000	0.0000	0.0000	0.0000	0.0000	0.8834	0.0001	0.8833	0.0002	0.0001	0.0002	0.8832	0.0000	0.8832	0.0148	0.0127	0.0022	0.0050	0.0045	0.0005	0.0099	0.0082	0.0017	0.0711	0.0468	0.0243	0.0187	0.0172	0.0014	0.0524	0.0296	0.0228	0.0001	0.1424	0.0002	0.0351	0.1490	0.0000	0.0001	0.0000	0.0002	12.4319	0.0011	36.3737	0.0115	0.0030	0.1122	16.8545	0.0000	38.6725
56	111	0.0933	4	0	1	1	0	0	0	0	0	N	N	N	N	N	N	N	N	N	N	N	N	0.0001	0.0087	0.0001	0.0455	0.0445	0.0000	0.0000	0.0001	0.0000	0.0000	0.0001	0.0005	0.0005	0.0000	0.0000	0.0000	0.0001	0.9161	0.0038	2.0754	0.0108	0.0117	0.0000	0.6467	0.0013	2.3484	0.7078	220.1444	-0.0000	0.0521	2.0013	3.8240	5.6727	8.1760	0.0000	0.0000	0.0000	0.0000	0.0000	0.0000	0.0000	0.0000	0.0000	0.1144	0.0005	0.1139	0.0004	0.0004	0.0000	0.1141	0.0001	0.1139	0.1010	0.0862	0.0148	0.0058	0.0055	0.0003	0.0952	0.0807	0.0145	0.2113	0.1365	0.0748	0.0349	0.0324	0.0026	0.1764	0.1042	0.0722	0.0001	0.0087	0.0001	0.0455	0.0445	0.0000	0.0000	0.0000	0.0001	0.5416	0.0038	1.5236	0.0108	0.0117	0.0000	0.6467	0.0013	1.5775	
56	115	0.2860	7	0	1	1	0	0	0	0	0	N	N	N	N	N	N	N	N	N	N	N	N	0.4732	0.5756	0.5564	1.7752	2.4695	0.0242	0.2116	0.0000	0.6875	0.0198	0.0149	0.0517	0.0804	0.0831	0.0030	0.0081	0.0000	0.0537	0.0418	0.0259	0.0929	0.0453	0.0336	0.1243	0.0384	0.0154	0.0782	0.5279	1.1766	-0.0006	0.0000	2.0013	8.9918	5.6727	13.3277	0.0052	0.0034	0.0018	0.0034	0.0034	0.0000	0.0018	0.0000	0.0018	0.0267	0.0123	0.0144	0.0142	0.0092	0.0050	0.0125	0.0031	0.0094	0.2621	0.2275	0.0346	0.0422	0.0408	0.0014	0.2199	0.1867	0.0332	0.6385	0.4731	0.1654	0.3128	0.2726	0.0402	0.3257	0.2005	0.1252	0.4732	0.5756	0.5930	1.7752	2.4695	0.0242	0.2116	0.0000	0.7143	0.0418	0.0259	0.0872	0.0453	0.0336	0.1243	0.0384	0.0154	0.0752
57	58	0.0189	2	1	1	1	0	0	0	0	0	N	N	N	N	N	N	N	N	N	N	N	N	0.0000	0.0000	0.0000	0.0000	0.0000	0.0000	0.0000	0.0000	0.0000	0.0000	0.0000	0.0000	0.0000	0.0000	0.0000	0.0000	0.0000	0.0000	0.0000	0.0000	0.0033	0.0000	1.3874	2.0000	0.0000	0.0000	0.0000	0.0000	0.0000	0.0000	0.0000	0.0000	0.0000	0.0000	0.0000	0.0000	0.0000	0.0000	0.0000	0.0000	0.0000	0.0000	0.0000	0.0000	0.0000	0.0000	0.0000	0.0000	0.0000	0.0000	0.0000	0.0152	0.0107	0.0045	0.0044	0.0044	0.0001	0.0108	0.0063	0.0045	0.0000	0.0000	0.0000	0.0000	0.0000	0.0000	0.0000	0.0000	0.0000	0.0000	0.0000	0.0000	0.0000	0.0000	0.0000	0.0000	0.0000	0.0000											
57	61	0.1882	7	0	1	1	0	0	0	0	0	N	N	N	N	N	N	N	N	N	N	N	N	0.0000	0.0000	0.0000	0.0000	0.0000	0.0000	0.0000	0.0000	0.0000	0.0000	0.0000	0.0000	0.0000	0.0000	0.0000	0.0000	0.0000	0.0000	0.0000	0.0000	0.0033	0.0000	1.3874	1.0000	0.0000	0.0000	0.0000	0.0000	0.0000	0.0000	0.0000	0.0000	0.0000	0.0000	0.0000	0.0000	0.0000	0.0000	0.0000	0.0000	0.0000	0.0000	0.0000	0.0000	0.0000	0.0000	0.0000	0.0000	0.0000	0.0000	0.0000	0.0069	0.0053	0.0016	0.0027	0.0025	0.0002	0.0042	0.0028	0.0015	0.0000	0.0000	0.0000	0.0000	0.0000	0.0000	0.0000	0.0000	0.0000	0.0000	0.0000	0.0000	0.0000	0.0000	0.0000	0.0000	0.0000	0.0000											
57	62	0.1839	6	0	1	0	0	0	0	0	0	N	N	N	N	N	N	N	N	N	N	N	N	0.0000	0.0000	0.0000	0.0000	0.0000	0.0000	0.0000	0.0000	0.0000	0.0000	0.0000	0.0000	0.0000	0.0000	0.0000	0.0000	0.0000	0.0000	0.0000	0.0000	0.0000	0.0000	0.0001	0.0000	0.0005	0.0000	-0.0000	0.0033	0.0001	1.3874	1.0076	0.0000	0.0000	0.0000	0.0000	0.0000	0.0000	0.0000	0.0000	0.0000	0.0000	0.0000	0.0000	0.0000	0.0000	0.0000	0.0000	0.0000	0.0000	0.0000	0.0000	0.0000	0.0000	0.0000	0.0000	0.0000	0.0000	0.0000	0.0078	0.0060	0.0018	0.0031	0.0029	0.0002	0.0047	0.0031	0.0016	0.0000	0.0000	0.0000	0.0000	0.0000	0.0000	0.0000	0.0000	0.0000	0.0000	0.0000	0.0000	0.0000	0.0000	0.0000	0.0000	0.0001	0.0000				
57	63	0.1172	5	0	1	0	0	0	0	0	0	N	N	N	N	N	N	N	N	N	N	N	N	0.0000	0.0000	0.0000	0.0000	0.0000	0.0000	0.0000	0.0000	0.0000	0.0000	0.0000	0.0000	0.0000	0.0000	0.0000	0.0332	0.0439	0.0000	0.0089	0.0092	0.0000	0.0461	0.0713	0.0000	0.0000	0.0000	-0.0017	0.0033	11.9999	1.3874	3.0574	0.0000	0.0000	0.0000	0.0000	0.0000	0.0000	0.0000	0.0000	0.0000	0.0031	0.0031	0.0000	0.0003	0.0003	0.0000	0.0028	0.0028	0.0000	0.0007	0.0006	0.0001	0.0001	0.0001	0.0000	0.0006	0.0005	0.0001	0.0940	0.0711	0.0230	0.0327	0.0314	0.0013	0.0614	0.0397	0.0217	0.0000	0.0000	0.0000	0.0000	0.0000	0.0000	0.0000	0.0000	0.0000	0.0332	0.0439	0.0000	0.0089	0.0092	0.0000	0.0461	0.0713	0.0000				
57	64	0.0189	2	1	2	0	0	0	0	0	0	N	Y	N	N	N	N	N	N	N	N	N	N	0.0000	0.0000	0.0000	0.0000	0.0000	0.0000	0.0000	0.0000	0.0000	0.0000	0.0000	0.0000	0.0000	0.0000	0.0000	0.0000	0.0000	0.0000	0.0000	0.0000	0.0033	4.0000	1.3874	3.0000	0.0000	0.0000	0.0000	0.0000	0.0000	0.0000	0.0000	0.0000	0.0000	0.0000	0.0000	0.0000	0.0000	0.0000	0.0000	0.0000	0.0000	0.0000	0.0002	0.0002	0.0000	0.0000	0.0000	0.0000	0.0002	0.0002	0.0000	0.0506	0.0356	0.0150	0.0147	0.0145	0.0002	0.0359	0.0211	0.0148	0.0000	0.0000	0.0000	0.0000	0.0000	0.0000	0.0000	0.0000	0.0000	0.0000	0.0000	0.0000	0.0000	0.0000	0.0000	0.0000	0.0000	0.0000											
57	65	0.0607	3	0	1	0	0	0	0	0	0	N	N	N	N	N	N	N	N	N	N	N	N	0.2966	0.0259	0.7180	0.0450	0.0443	0.0000	0.3680	0.0000	0.7192	0.0237	0.0010	0.1848	0.0050	0.0051	0.0000	0.0276	0.0000	0.1881	0.0798	0.0387	0.2573	0.1110	0.1142	0.0000	0.0751	0.0003	0.2616	25.9269	1.7450	0.0000	0.0006	0.0033	2.0015	1.3874	10.0016	0.0000	0.0000	0.0000	0.0000	0.0000	0.0000	0.0000	0.0000	0.0000	0.0061	0.0022	0.0039	0.0022	0.0022	0.0000	0.0039	0.0000	0.0039	0.0001	0.0001	0.0000	0.0000	0.0000	0.0000	0.0001	0.0001	0.0000	0.0767	0.0576	0.0191	0.0248	0.0243	0.0005	0.0519	0.0333	0.0186	0.2966	0.0259	0.9068	0.0558	0.0554	0.0000	0.3680	0.0000	0.8990	0.0798	0.0387	0.2038	0.0895	0.0914	0.0000	0.0751	0.0003	0.2093
57	67	0.2156	5	0	1	0	0	0	0	0	0	N	N	N	N	N	N	N	N	N	N	N	N	6.8094	0.4826	20.2530	3.3771	0.8848	7.0911	11.7755	0.0000	28.3532	0.2043	0.0089	1.4210	0.1437	0.0294	1.0593	0.2294	0.0000	1.5320	0.0300	0.0184	0.0702	0.0425	0.0332	0.1494	0.0195	0.0008	0.0540	25.7147	1.1115	0.0000	-0.0001	0.0033	4.8614	1.3874	14.2102	0.0001	0.0000	0.0001	0.0000	0.0000	0.0000	0.0001	0.0000	0.0001	0.0046	0.0022	0.0024	0.0030	0.0021	0.0008	0.0016	0.0000	0.0016	0.0004	0.0003	0.0001	0.0001	0.0001	0.0000	0.0003	0.0002	0.0000	0.1529	0.1181	0.0348	0.0698	0.0641	0.0056	0.0831	0.0540	0.0292	6.8094	0.4826	20.4684	3.3771	0.8848	7.0911	11.7755	0.0000	28.3532	0.0300	0.0184	0.0694	0.0425	0.0332	0.1494	0.0195	0.0008	0.0540
57	68	0.0528	5	1	2	1	0	0	0	0	0	N	Y	N	N	N	N	N	N	N	N	N	N	0.0000	0.0000	0.0000	0.0000	0.0000	0.0000	0.0000	0.0000	0.0000	0.0000	0.0000	0.0000	0.0000	0.0000	0.0000	0.0000	0.0000	0.0000	0.0000	0.0000	0.0033	0.0000	1.3874	0.0000	0.0000	0.0000	0.0000	0.0000	0.0000	0.0000	0.0000	0.0000	0.0000	0.0000	0.0000	0.0000	0.0000	0.0000	0.0000	0.0000	0.0000	0.0000	0.0000	0.0000	0.0000	0.0000	0.0000	0.0000	0.0000	0.0000	0.0000	0.0000	0.0000	0.0000	0.0000	0.0000	0.0000	0.0000	0.0000	0.0000	0.0000	0.0000	0.0000	0.0000	0.0000	0.0000	0.0000	0.0000	0.0000	0.0000	0.0000	0.0000	0.0000	0.0000	0.0000	0.0000	0.0000	0.0000											
57	69	0.0486	4	1	1	1	0	0	0	0	0	N	N	N	N	N	N	N	N	N	N	N	N	679.4816	7793.3640	26.3747	5498.8688	5433.9702	0.0000	33.4626	25.8589	3.4488	4.8290	0.4101	7.6324	7.6324	0.0000	0.2267	0.0000	0.4101	0.0051	0.0006	0.0155	0.0014	0.0014	0.0005	0.0068	0.0000	0.0159	0.0386	10.6769	-0.0000	0.0000	0.0033	0.0016	1.3874	0.9826	0.0000	0.0000	0.0000	0.0000	0.0000	0.0000	0.0000	0.0000	0.0000	0.0000	0.0000	0.0000	0.0000	0.0000	0.0000	0.0000	0.0000	0.0000	0.0000	0.0000	0.0000	0.0000	0.0000	0.0000	0.0000	0.0000	0.0000	0.0079	0.0055	0.0023	0.0025	0.0024	0.0000	0.0054	0.0031	0.0023	679.4816	7793.3640	26.3747	5498.8688	5433.9702	0.0000	33.4626	0.0000	25.8589	0.0051	0.0006	0.0155	0.0014	0.0014	0.0005	0.0068	0.0000	0.0159	
57	70	0.0359	3	1	1	1	0	0	0	0	0	N	N	N	N	N	N	N	N	N	N	N	N	8.2104	5.4861	19.8096	6.4606	6.4965	0.0000	11.0475	0.0000	18.8198	2.4655	0.1305	21.3023	0.3528	0.3528	0.0000	3.5017	0.0000	21.3039	0.3003	0.0238	1.0754	0.0546	0.0543	0.0700	0.3170	0.0000	1.1320	20.2393	12.9937	0.0000	0.0022	0.0033	0.0061	1.3874	3.0249	0.0000	0.0000	0.0000	0.0000	0.0000	0.0000	0.0000	0.0000	0.0000	0.0056	0.0004	0.0052	0.0004	0.0004	0.0000	0.0052	0.0000	0.0052	0.0000	0.0000	0.0000	0.0000	0.0000	0.0000	0.0000	0.0000	0.0000	0.0237	0.0167	0.0070	0.0075	0.0073	0.0001	0.0163	0.0094	0.0069	10.5164	5.4861	28.9215	6.4606	6.4965	0.0000	11.0475	0.0000	28.3885	0.2344	0.0238	0.7366	0.0546	0.0543	0.0700	0.3170	0.0000	0.7504
57	71	0.0189	2	1	1	1	0	0	0	0	0	N	N	N	N	N	N	N	N	N	N	N	N	21.5352	0.0000	53.4288	0.0000	0.0000	0.0000	18.4837	0.0000	52.8536	0.0780	0.0000	0.5973	0.0000	0.0000	0.0000	0.0865	0.0000	0.5973	0.0036	0.0004	0.0112	0.0010	0.0010	0.0006	0.0047	0.0000	0.0113	inf	11.0615	0.0000	0.0000	0.0033	0.0044	1.3874	4.0281	0.0000	0.0000	0.0000	0.0000	0.0000	0.0000	0.0000	0.0000	0.0000	0.0001	0.0000	0.0001	0.0000	0.0000	0.0000	0.0001	0.0000	0.0001	0.0000	0.0000	0.0000	0.0000	0.0000	0.0000	0.0000	0.0000	0.0000	0.0301	0.0211	0.0089	0.0087	0.0086	0.0001	0.0213	0.0125	0.0088	21.5352	0.0000	53.4288	0.0000	0.0000	0.0000	18.4837	0.0000	52.8536	0.0036	0.0004	0.0112	0.0010	0.0010	0.0006	0.0047	0.0000	0.0113
57	72	0.0607	3	0	2	0	0	0	0	0	0	N	Y	N	N	N	N	N	N	N	N	N	N	364.4506	5876.6656	24.7522	18181.6307	18030.3519	11.3752	59.5518	24.9117	6.8543	7.5439	1.8454	38.1115	38.5941	0.0000	0.3040	0.0396	1.8791	0.0188	0.0013	0.0746	0.0021	0.0021	0.0000	0.0267	0.0007	0.0754	0.0337	18.5231	-0.0011	0.0008	0.0033	5.9987	1.3874	11.0016	0.0024	0.0024	0.0001	0.0024	0.0024	0.0000	0.0001	0.0000	0.0001	0.0019	0.0001	0.0018	0.0001	0.0001	0.0000	0.0019	0.0000	0.0018	0.0004	0.0003	0.0000	0.0001	0.0001	0.0000	0.0003	0.0003	0.0000	0.1037	0.0778	0.0259	0.0333	0.0326	0.0007	0.0703	0.0452	0.0252	364.4506	5876.6656	25.8114	18181.6307	18030.3519	0.0000	11.3752	59.5518	25.5803	0.0188	0.0013	0.0715	0.0021	0.0021	0.0000	0.0267	0.0007	0.0735	
57	73	0.0189	2	1	1	1	0	0	0	0	0	N	N	N	N	N	N	N	N	N	N	N	N	inf	inf	inf	inf	inf	inf	inf	17.6757	0.7502	136.1950	4.9913	4.9914	0.0000	19.5965	0.0000	136.1961	0.0000	0.0000	0.0000	0.0000	0.0000	0.0000	0.0000	0.0000	0.0000	25.9269	0.0011	0.0000	0.0033	2.0000	1.3874	5.0000	0.0021	0.0001	0.0021	0.0001	0.0001	0.0000	0.0021	0.0000	0.0021	0.0000	0.0000	0.0000	0.0000	0.0000	0.0000	0.0000	0.0000	0.0000	0.0001	0.0001	0.0000	0.0000	0.0000	0.0000	0.0001	0.0001	0.0000	0.0506	0.0356	0.0150	0.0147	0.0145	0.0002	0.0359	0.0211	0.0148	inf	inf	inf	inf	inf	0.0000	inf	0.0000	inf	0.0000	0.0000	0.0000	0.0000	0.0000	0.0000	0.0000	0.0000	0.0000			
57	74	0.1025	5	0	2	0	0	0	0	0	0	N	Y	N	N	N	N	N	N	N	N	N	N	11.5258	9.9077	18.7249	35.7979	35.1150	11.5066	6.1733	0.0000	18.4763	0.5846	0.3714	1.9783	1.7018	1.7191	0.0806	0.3236	0.0000	2.0074	0.0507	0.0375	0.1057	0.0475	0.0490	0.0070	0.0524	0.0284	0.1086	0.8149	0.7822	-0.0000	-0.0006	0.0033	6.1274	1.3874	13.6208	0.0002	0.0001	0.0001	0.0001	0.0001	0.0000	0.0001	0.0000	0.0001	0.0062	0.0035	0.0027	0.0020	0.0020	0.0000	0.0042	0.0015	0.0027	0.0004	0.0003	0.0001	0.0001	0.0001	0.0000	0.0003	0.0003	0.0001	0.1215	0.0923	0.0293	0.0423	0.0409	0.0014	0.0792	0.0514	0.0278	11.5258	9.9077	21.3953	35.7979	35.1150	11.5066	6.1733	0.0000	20.7258	0.0507	0.0375	0.0925	0.0475	0.0490	0.0070	0.0524	0.0284	0.0969
57	75	0.1270	8	0	1	1	0	0	0	0	0	N	N	N	N	N	N	N	N	N	N	N	N	0.0000	0.0000	0.0000	0.0000	0.0000	0.0000	0.0000	0.0000	0.0000	0.0000	0.0000	0.0000	0.0000	0.0000	0.0000	0.0000	0.0000	0.0000	0.0000	0.0000	0.0033	0.0000	1.3874	1.0003	0.0000	0.0000	0.0000	0.0000	0.0000	0.0000	0.0000	0.0000	0.0000	0.0000	0.0000	0.0000	0.0000	0.0000	0.0000	0.0000	0.0000	0.0000	0.0000	0.0000	0.0000	0.0000	0.0000	0.0000	0.0000	0.0000	0.0000	0.0077	0.0055	0.0022	0.0025	0.0024	0.0001	0.0051	0.0030	0.0021	0.0000	0.0000	0.0000	0.0000	0.0000	0.0000	0.0000	0.0000	0.0000	0.0000	0.0000	0.0000	0.0000	0.0000	0.0000	0.0000	0.0000	0.0000											
57	76	0.1229	7	0	1	1	0	0	0	0	0	N	N	N	N	N	N	N	N	N	N	N	N	0.0000	0.0000	0.0000	0.0000	0.0000	0.0000	0.0000	0.0000	0.0000	0.0000	0.0000	0.0000	0.0000	0.0000	0.0000	0.0000	0.0000	0.0000	0.0000	0.0000	0.0033	0.0000	1.3874	1.0076	0.0000	0.0000	0.0000	0.0000	0.0000	0.0000	0.0000	0.0000	0.0000	0.0000	0.0000	0.0000	0.0000	0.0000	0.0000	0.0000	0.0000	0.0000	0.0000	0.0000	0.0000	0.0000	0.0000	0.0000	0.0000	0.0000	0.0000	0.0077	0.0055	0.0022	0.0025	0.0024	0.0001	0.0052	0.0030	0.0021	0.0000	0.0000	0.0000	0.0000	0.0000	0.0000	0.0000	0.0000	0.0000	0.0000	0.0000	0.0000	0.0000	0.0000	0.0000	0.0000	0.0000	0.0000											
57	77	0.1188	6	0	1	0	0	0	0	0	0	N	N	N	N	N	N	N	N	N	N	N	N	137996.1810	622442.7352	7286.9738	516366.1233	500356.5615	7376.6898	7033.4618	2.6211	3.3835	0.3831	6.1158	6.1218	0.0000	0.1657	0.0000	0.3837	0.0000	0.0000	0.0001	0.0000	0.0000	0.0000	0.0000	0.0000	0.0001	0.0386	3.9051	-0.0000	0.0000	0.0033	0.0026	1.3874	0.9924	0.0000	0.0000	0.0000	0.0000	0.0000	0.0000	0.0000	0.0000	0.0000	0.0000	0.0000	0.0000	0.0000	0.0000	0.0000	0.0000	0.0000	0.0000	0.0000	0.0000	0.0000	0.0000	0.0000	0.0000	0.0000	0.0000	0.0000	0.0076	0.0054	0.0022	0.0025	0.0024	0.0001	0.0051	0.0030	0.0021	137996.1810	622442.7352	7286.9738	516366.1233	500356.5615	0.0000	7376.6898	0.0000	7033.4618	0.0000	0.0000	0.0001	0.0000	0.0000	0.0000	0.0000	0.0000	0.0001		
57	78	0.1025	5	0	1	0	0	0	0	0	0	N	N	N	N	N	N	N	N	N	N	N	N	4819.4287	15108.8373	393.4164	16925.5056	28614.5779	0.1614	274.8590	0.0000	525.6303	10.2558	11.5796	2.5897	46.9207	47.3508	0.0064	0.4830	0.0000	2.6237	0.0021	0.0008	0.0066	0.0028	0.0017	0.0397	0.0018	0.0000	0.0050	0.0386	2.6253	-0.0009	0.0000	0.0033	2.8733	1.3874	1.5522	0.0020	0.0020	0.0001	0.0020	0.0020	0.0000	0.0001	0.0000	0.0001	0.0001	0.0000	0.0001	0.0000	0.0000	0.0000	0.0000	0.0000	0.0000	0.0002	0.0002	0.0000	0.0000	0.0000	0.0000	0.0002	0.0001	0.0000	0.0344	0.0264	0.0081	0.0126	0.0122	0.0004	0.0219	0.0142	0.0077	4819.4287	15108.8373	393.4164	16925.5056	28614.5779	0.1614	274.8590	0.0000	525.6303	0.0021	0.0008	0.0066	0.0028	0.0017	0.0397	0.0018	0.0000	0.0050
57	79	0.0904	4	0	1	0	0	0	0	0	0	N	N	N	N	N	N	N	N	N	N	N	N	432.1694	1000.1380	198.3900	1062.6339	1255.8319	2.2815	179.3107	0.3588	209.5687	5.6786	5.0435	8.0226	12.0286	12.0829	0.2277	2.5520	0.0003	8.0782	0.0131	0.0050	0.0404	0.0113	0.0096	0.0998	0.0142	0.0009	0.0385	0.4310	2.3785	-0.0000	0.0001	0.0033	0.2102	1.3874	3.4985	0.0001	0.0001	0.0000	0.0001	0.0001	0.0000	0.0000	0.0000	0.0000	0.0004	0.0001	0.0003	0.0001	0.0001	0.0000	0.0003	0.0000	0.0003	0.0000	0.0000	0.0000	0.0000	0.0000	0.0000	0.0000	0.0000	0.0000	0.0332	0.0256	0.0076	0.0125	0.0122	0.0002	0.0208	0.0134	0.0074	432.1694	1000.1380	198.3900	1062.6339	1255.8319	2.2815	179.3107	0.3588	209.5687	0.0131	0.0050	0.0404	0.0113	0.0096	0.0998	0.0142	0.0009	0.0385
57	80	0.1214	6	0	2	0	0	0	0	0	0	N	Y	N	N	N	N	N	N	N	N	N	N	0.0494	0.0950	0.0019	0.8883	0.8685	2.5529	0.0000	0.0000	0.0000	0.0046	0.0051	0.0006	0.0242	0.0244	0.0179	0.0000	0.0000	0.0000	0.0925	0.0539	0.3186	0.0273	0.0281	0.0070	0.1288	0.0755	0.3211	0.0164	1.2676	-0.0000	0.0001	0.0033	2.0196	1.3874	6.0690	0.0000	0.0000	0.0000	0.0000	0.0000	0.0000	0.0000	0.0000	0.0000	0.0051	0.0023	0.0029	0.0005	0.0005	0.0000	0.0046	0.0017	0.0029	0.0001	0.0001	0.0000	0.0000	0.0000	0.0000	0.0001	0.0001	0.0000	0.0555	0.0420	0.0135	0.0199	0.0191	0.0007	0.0356	0.0229	0.0128	0.0494	0.0950	0.0028	0.8883	0.8685	2.5529	0.0000	0.0000	0.0000	0.0925	0.0539	0.2125	0.0273	0.0281	0.0070	0.1288	0.0755	0.2244
57	81	0.1132	5	0	1	0	0	0	0	0	0	N	N	N	N	N	N	N	N	N	N	N	N	0.0479	0.0406	0.0129	0.0003	0.0003	0.0000	0.2717	2.7076	0.0128	0.0094	0.0105	0.0016	0.0009	0.0009	0.0000	0.0112	0.0128	0.0017	0.1958	0.2576	0.1258	2.6843	2.9940	0.0002	0.0413	0.0047	0.1291	0.0216	0.1752	-0.0000	-0.0009	0.0033	0.9876	1.3874	0.9833	0.0000	0.0000	0.0000	0.0000	0.0000	0.0000	0.0000	0.0000	0.0000	0.0023	0.0020	0.0003	0.0020	0.0020	0.0000	0.0004	0.0000	0.0003	0.0001	0.0001	0.0000	0.0000	0.0000	0.0000	0.0001	0.0000	0.0000	0.0140	0.0106	0.0034	0.0049	0.0048	0.0002	0.0091	0.0059	0.0032	0.0565	0.0562	0.0159	0.0022	0.0021	0.0000	0.2717	2.7076	0.0153	0.1659	0.1862	0.1023	0.3949	0.4096	0.0002	0.0413	0.0047	0.1079
57	82	0.0472	3	1	1	1	0	0	0	0	0	N	N	N	N	N	N	N	N	N	N	N	N	451.8616	6941.0816	0.0000	15517.7158	15320.6958	14.3258	inf	0.0000	34.4098	39.2608	0.0000	198.6559	200.4789	0.0000	1.5439	1.8089	0.0000	0.0762	0.0057	0.4042	0.0128	0.0131	0.0000	0.1078	0.0000	0.4076	0.0000	16.8654	-0.0010	0.0009	0.0033	1.0000	1.3874	2.9874	0.0021	0.0021	0.0000	0.0021	0.0021	0.0000	0.0001	0.0001	0.0000	0.0021	0.0001	0.0020	0.0001	0.0001	0.0000	0.0020	0.0000	0.0020	0.0001	0.0001	0.0000	0.0000	0.0000	0.0000	0.0001	0.0000	0.0000	0.0281	0.0212	0.0069	0.0094	0.0092	0.0002	0.0187	0.0120	0.0067	451.8616	6941.0816	0.0000	15517.7158	15320.6958	0.0000	14.3258	inf	0.0000	0.0762	0.0057	0.2917	0.0128	0.0131	0.0000	0.1078	0.0000	0.3005	
57	83	0.0189	2	1	1	1	0	0	0	0	0	N	N	N	N	N	N	N	N	N	N	N	N	1465.7550	1062.0211	3340.8306	4836.3074	4779.7476	1183.5838	0.9607	3244.2626	34.9953	1.4867	268.7751	9.8657	9.8658	0.0000	38.8080	0.0009	268.7772	0.0239	0.0014	0.0805	0.0020	0.0021	0.0000	0.0328	0.0009	0.0828	25.9129	23.2154	0.0011	0.0005	0.0033	0.9997	1.3874	6.0128	0.0021	0.0001	0.0021	0.0001	0.0001	0.0000	0.0021	0.0000	0.0021	0.0012	0.0000	0.0012	0.0000	0.0000	0.0000	0.0012	0.0000	0.0012	0.0001	0.0001	0.0000	0.0000	0.0000	0.0000	0.0001	0.0000	0.0000	0.0507	0.0357	0.0150	0.0147	0.0145	0.0002	0.0360	0.0212	0.0148	1465.7550	1062.0211	3472.0492	4836.3074	4779.7476	0.0000	1183.5838	0.9607	3432.2438	0.0239	0.0014	0.0774	0.0020	0.0021	0.0000	0.0328	0.0009	0.0783	
57	84	0.0607	3	0	2	0	1	0	0	0	0	N	Y	N	N	N	N	N	N	N	N	N	N	12.5981	26.2628	0.3473	61.8554	61.3221	0.6874	6.0230	0.3295	0.6494	0.7312	0.0506	3.6076	3.6531	0.0000	0.0332	0.0302	0.0515	0.0515	0.0278	0.1456	0.0583	0.0596	0.0000	0.0484	0.0050	0.1563	0.0094	1.4685	-0.0001	0.0003	0.0033	8.0013	1.3874	12.0015	0.0003	0.0003	0.0000	0.0003	0.0003	0.0000	0.0000	0.0000	0.0000	0.0061	0.0025	0.0036	0.0022	0.0022	0.0000	0.0039	0.0003	0.0036	0.0005	0.0004	0.0001	0.0001	0.0001	0.0000	0.0004	0.0003	0.0001	0.1187	0.0890	0.0297	0.0380	0.0372	0.0008	0.0806	0.0518	0.0289	12.5981	26.2628	0.4122	61.8554	61.3221	0.0000	0.6874	6.0230	0.4084	0.0515	0.0278	0.1227	0.0583	0.0596	0.0000	0.0484	0.0050	0.1260	
57	85	0.1172	5	0	2	0	0	0	0	0	0	N	Y	N	N	N	N	N	N	N	N	N	N	246.4381	212.5501	6.5290	6.0185	1469.7906	1111.3509	9.9511	11.3423	0.0000	0.9405	0.9509	0.0000	11.8041	13.8161	0.0000	0.0404	0.0534	0.0000	0.1440	0.1580	0.0000	0.0080	0.0124	0.0000	0.0000	0.0000	-0.0003	-0.0012	0.0033	1.0000	1.3874	6.9850	0.0006	0.0006	0.0000	0.0000	0.0000	0.0000	0.0006	0.0006	0.0000	0.0022	0.0022	0.0000	0.0019	0.0019	0.0000	0.0003	0.0003	0.0000	0.0001	0.0001	0.0000	0.0000	0.0000	0.0000	0.0001	0.0000	0.0000	0.0535	0.0405	0.0130	0.0187	0.0180	0.0007	0.0348	0.0225	0.0123	246.4381	212.5501	0.0000	9.3479	9.0995	0.0000	1469.7906	1111.3509	0.0000	0.0404	0.0534	0.0000	0.1006	0.1045	0.0000	0.0080	0.0124	0.0000			
57	86	0.1044	4	0	1	0	0	0	0	0	0	N	N	N	N	N	N	N	N	N	N	N	N	0.0000	0.0000	0.0000	0.0000	0.0000	0.0000	0.0000	0.0000	0.0000	0.0000	0.0000	0.0000	0.0000	0.0000	0.0000	0.0000	0.0000	0.0000	0.0003	0.0002	0.0006	0.0007	0.0004	0.0091	0.0001	0.0000	0.0001	1.1040	0.0000	-0.0000	0.0033	1.0086	1.3874	2.0000	0.0000	0.0000	0.0000	0.0000	0.0000	0.0000	0.0000	0.0000	0.0000	0.0000	0.0000	0.0000	0.0000	0.0000	0.0000	0.0000	0.0000	0.0000	0.0001	0.0001	0.0000	0.0000	0.0000	0.0000	0.0001	0.0000	0.0000	0.0212	0.0160	0.0052	0.0074	0.0071	0.0003	0.0138	0.0089	0.0049	0.0000	0.0000	0.0000	0.0000	0.0000	0.0000	0.0000	0.0000	0.0000	0.0003	0.0002	0.0006	0.0007	0.0004	0.0091	0.0001	0.0000	0.0001	
57	87	0.0189	2	0	2	0	0	0	0	0	0	N	Y	N	N	N	N	N	N	N	N	N	N	278.7798	9.6777	4621.6285	19.1401	19.5345	0.0000	1508.4291	0.0000	4567.9720	9.0168	0.3823	69.9212	2.5547	2.5547	0.0000	9.9916	0.0000	69.9217	0.0323	0.0395	0.0151	0.1335	0.1308	0.0000	0.0066	0.0006	0.0153	25.9269	0.1593	0.0011	-0.0010	0.0033	4.0000	1.3874	7.0000	0.0021	0.0001	0.0021	0.0001	0.0001	0.0000	0.0021	0.0000	0.0021	0.0025	0.0021	0.0003	0.0021	0.0021	0.0000	0.0004	0.0000	0.0003	0.0002	0.0002	0.0000	0.0000	0.0000	0.0000	0.0002	0.0002	0.0000	0.0763	0.0539	0.0224	0.0221	0.0218	0.0003	0.0542	0.0321	0.0222	278.7798	9.6777	4621.6285	26.7484	26.4326	0.0000	1508.4291	0.0000	4567.9720	0.0323	0.0395	0.0151	0.0955	0.0966	0.0000	0.0066	0.0006	0.0153
57	89	0.1217	6	0	2	0	0	0	0	0	0	N	Y	N	N	N	N	N	N	N	N	N	N	83.7988	3.1479	1133.9946	3.5813	2.7104	293.0726	594.3483	0.0000	2192.0236	0.1119	0.0052	0.3814	0.0112	0.0086	0.7380	0.1901	0.0000	0.3794	0.0013	0.0017	0.0003	0.0031	0.0032	0.0025	0.0003	0.0004	0.0002	29.0081	0.0648	0.0000	-0.0000	0.0033	0.0157	1.3874	9.0253	0.0000	0.0000	0.0000	0.0000	0.0000	0.0000	0.0000	0.0000	0.0000	0.0001	0.0001	0.0000	0.0001	0.0001	0.0000	0.0000	0.0000	0.0000	0.0000	0.0000	0.0000	0.0000	0.0000	0.0000	0.0000	0.0000	0.0000	0.0603	0.0457	0.0146	0.0218	0.0208	0.0010	0.0385	0.0249	0.0136	83.7988	3.1479	1133.9946	3.5813	2.7104	293.0726	594.3483	0.0000	2192.0236	0.0013	0.0017	0.0003	0.0031	0.0032	0.0025	0.0003	0.0004	0.0002
57	90	0.1132	5	0	2	0	0	0	0	0	0	N	Y	N	N	N	N	N	N	N	N	N	N	79.9647	212.2412	7.5498	1423.8668	1449.4773	0.0000	2.3969	0.0000	7.5339	0.4904	0.5409	0.1311	2.2959	2.3633	0.0000	0.0206	0.0000	0.1376	0.0061	0.0025	0.0174	0.0016	0.0016	0.0011	0.0086	0.0033	0.0183	0.0341	2.1740	-0.0000	0.0000	0.0033	0.0169	1.3874	2.0013	0.0000	0.0000	0.0000	0.0000	0.0000	0.0000	0.0000	0.0000	0.0000	0.0001	0.0000	0.0001	0.0000	0.0000	0.0000	0.0001	0.0000	0.0001	0.0000	0.0000	0.0000	0.0000	0.0000	0.0000	0.0000	0.0000	0.0000	0.0144	0.0109	0.0035	0.0051	0.0049	0.0002	0.0093	0.0060	0.0033	79.9647	212.2412	7.5498	1423.8668	1449.4773	0.0000	2.3969	0.0000	7.5339	0.0061	0.0025	0.0174	0.0016	0.0016	0.0011	0.0086	0.0033	0.0183
57	91	0.1044	4	0	1	0	0	0	0	0	0	N	N	N	N	N	N	N	N	N	N	N	N	0.0000	0.0000	0.0000	0.0000	0.0000	0.0000	0.0000	0.0000	0.0000	0.0000	0.0000	0.0000	0.0000	0.0000	0.0000	0.0000	0.0000	0.0000	0.0016	0.0016	0.0017	0.0039	0.0035	0.0133	0.0004	0.0000	0.0011	0.3484	0.0000	-0.0000	0.0033	1.9923	1.3874	0.0454	0.0000	0.0000	0.0000	0.0000	0.0000	0.0000	0.0000	0.0000	0.0000	0.0000	0.0000	0.0000	0.0000	0.0000	0.0000	0.0000	0.0000	0.0000	0.0001	0.0001	0.0000	0.0000	0.0000	0.0000	0.0001	0.0001	0.0000	0.0145	0.0110	0.0036	0.0051	0.0049	0.0002	0.0094	0.0061	0.0034	0.0000	0.0000	0.0000	0.0000	0.0000	0.0000	0.0000	0.0000	0.0000	0.0016	0.0016	0.0017	0.0039	0.0035	0.0133	0.0004	0.0000	0.0011	
57	92	0.0607	3	0	1	0	0	0	0	0	0	N	N	N	N	N	N	N	N	N	N	N	N	510.8412	16.8968	27233.0363	63.6335	63.1418	884.9954	0.0000	27045.8228	0.0462	0.0020	0.3560	0.0096	0.0098	0.0000	0.0541	0.0000	0.3624	0.0001	0.0001	0.0000	0.0002	0.0002	0.0000	0.0001	0.0001	0.0000	25.9269	0.0373	0.0000	-0.0000	0.0033	1.0098	1.3874	9.0196	0.0000	0.0000	0.0000	0.0000	0.0000	0.0000	0.0000	0.0000	0.0000	0.0000	0.0000	0.0000	0.0000	0.0000	0.0000	0.0000	0.0000	0.0000	0.0001	0.0001	0.0000	0.0000	0.0000	0.0000	0.0001	0.0000	0.0000	0.0653	0.0490	0.0162	0.0211	0.0207	0.0004	0.0441	0.0283	0.0158	510.8412	16.8968	27233.0363	63.6335	63.1418	0.0000	884.9954	0.0000	27045.8228	0.0001	0.0001	0.0000	0.0002	0.0002	0.0000	0.0001	0.0001	0.0000	
57	93	0.1574	8	1	2	0	1	0	0	0	0	N	Y	N	N	N	N	N	N	N	N	N	N	0.0000	0.0000	0.0000	0.0000	0.0000	0.0000	0.0000	0.0000	0.0000	0.0000	0.0000	0.0000	0.0000	0.0000	0.0000	0.0000	0.0000	0.0000	0.0000	0.0000	0.0033	0.0000	1.3874	0.0000	0.0000	0.0000	0.0000	0.0000	0.0000	0.0000	0.0000	0.0000	0.0000	0.0000	0.0000	0.0000	0.0000	0.0000	0.0000	0.0000	0.0000	0.0000	0.0000	0.0000	0.0000	0.0000	0.0000	0.0000	0.0000	0.0000	0.0000	0.0000	0.0000	0.0000	0.0000	0.0000	0.0000	0.0000	0.0000	0.0000	0.0000	0.0000	0.0000	0.0000	0.0000	0.0000	0.0000	0.0000	0.0000	0.0000	0.0000	0.0000	0.0000	0.0000	0.0000	0.0000	0.0000	0.0000											
57	94	0.1574	7	1	2	0	1	0	0	0	0	N	Y	N	N	N	N	N	N	N	N	N	N	0.0000	0.0000	0.0000	0.0000	0.0000	0.0000	0.0000	0.0000	0.0000	0.0000	0.0000	0.0000	0.0000	0.0003	0.0003	0.0000	0.0005	0.0005	0.0000	0.0000	0.0000	0.0000	0.0000	0.0000	-0.0000	0.0033	0.0000	1.3874	0.0001	0.0000	0.0000	0.0000	0.0000	0.0000	0.0000	0.0000	0.0000	0.0000	0.0000	0.0000	0.0000	0.0000	0.0000	0.0000	0.0000	0.0000	0.0000	0.0000	0.0000	0.0000	0.0000	0.0000	0.0000	0.0000	0.0000	0.0000	0.0000	0.0000	0.0000	0.0000	0.0000	0.0000	0.0000	0.0000	0.0000	0.0000	0.0000	0.0000	0.0000	0.0000	0.0000	0.0000	0.0000	0.0000	0.0003	0.0003	0.0000	0.0005	0.0005	0.0000	0.0000	0.0000	0.0000						
57	95	0.1395	6	0	2	0	1	0	0	0	0	N	Y	N	N	N	N	N	N	N	N	N	N	97566634.1355	104898824.3558	inf	176847890.8644	174567217.3733	inf	inf	30.8753	34.9455	7.6809	127.1761	129.0096	0.0000	1.4964	0.0000	7.8557	0.0000	0.0000	0.0000	0.0000	0.0000	0.0000	0.0000	0.0000	0.0000	0.0386	0.2494	-0.0009	-0.0000	0.0033	0.9845	1.3874	0.9903	0.0021	0.0020	0.0001	0.0020	0.0020	0.0000	0.0001	0.0000	0.0001	0.0000	0.0000	0.0000	0.0000	0.0000	0.0000	0.0000	0.0000	0.0000	0.0001	0.0001	0.0000	0.0000	0.0000	0.0000	0.0001	0.0000	0.0000	0.0142	0.0108	0.0034	0.0050	0.0049	0.0001	0.0092	0.0059	0.0033	97566634.1355	104898824.3558	inf	176847890.8644	174567217.3733	0.0000	inf	0.0000	inf	0.0000	0.0000	0.0000	0.0000	0.0000	0.0000	0.0000	0.0000	0.0000		
57	96	0.1366	6	0	2	0	0	0	0	0	0	N	Y	N	N	N	N	N	N	N	N	N	N	4.7900	0.2873	19.8338	0.9311	1.3674	0.0000	5.7305	0.0000	26.4904	0.0044	0.0002	0.0346	0.0009	0.0009	0.0000	0.0052	0.0000	0.0355	0.0009	0.0006	0.0017	0.0009	0.0006	0.0056	0.0009	0.0007	0.0013	25.9269	0.8793	0.0000	-0.0000	0.0033	1.0063	1.3874	3.7812	0.0000	0.0000	0.0000	0.0000	0.0000	0.0000	0.0000	0.0000	0.0000	0.0000	0.0000	0.0000	0.0000	0.0000	0.0000	0.0000	0.0000	0.0000	0.0001	0.0001	0.0000	0.0000	0.0000	0.0000	0.0001	0.0000	0.0000	0.0409	0.0309	0.0100	0.0166	0.0157	0.0010	0.0243	0.0152	0.0091	4.7900	0.2873	19.8338	0.9311	1.3674	0.0000	5.7305	0.0000	26.4904	0.0009	0.0006	0.0017	0.0009	0.0006	0.0056	0.0009	0.0007	0.0013
57	97	0.1395	6	0	1	1	1	0	0	0	0	N	N	N	N	N	N	N	N	N	N	N	N	inf	inf	inf	inf	inf	inf	inf	0.5229	0.0228	3.3917	0.0834	0.0846	0.0000	0.6563	0.0000	3.4696	0.0000	0.0000	0.0000	0.0000	0.0000	0.0000	0.0000	0.0000	0.0000	25.9269	0.0000	0.0000	0.0033	1.0165	1.3874	1.0129	0.0000	0.0000	0.0000	0.0000	0.0000	0.0000	0.0000	0.0000	0.0000	0.0000	0.0000	0.0000	0.0000	0.0000	0.0000	0.0000	0.0000	0.0000	0.0001	0.0001	0.0000	0.0000	0.0000	0.0000	0.0001	0.0000	0.0000	0.0146	0.0111	0.0035	0.0051	0.0050	0.0001	0.0094	0.0061	0.0034	inf	inf	inf	inf	inf	0.0000	inf	0.0000	inf	0.0000	0.0000	0.0000	0.0000	0.0000	0.0000	0.0000	0.0000	0.0000			
57	98	0.1266	5	0	1	0	1	0	0	0	0	N	N	N	N	N	N	N	N	N	N	N	N	inf	inf	inf	inf	inf	inf	inf	0.3927	0.3177	0.9088	1.4226	1.4455	0.0000	0.1432	0.0000	0.9315	0.0000	0.0000	0.0000	0.0000	0.0000	0.0000	0.0000	0.0000	0.0000	0.4156	-0.0000	0.0000	0.0033	2.0241	1.3874	1.0265	0.0001	0.0000	0.0000	0.0000	0.0000	0.0000	0.0000	0.0000	0.0000	0.0000	0.0000	0.0000	0.0000	0.0000	0.0000	0.0000	0.0000	0.0000	0.0001	0.0001	0.0000	0.0000	0.0000	0.0000	0.0001	0.0001	0.0000	0.0213	0.0162	0.0051	0.0077	0.0074	0.0003	0.0136	0.0088	0.0049	inf	inf	inf	inf	inf	0.0000	inf	0.0000	inf	0.0000	0.0000	0.0000	0.0000	0.0000	0.0000	0.0000	0.0000	0.0000			
57	99	0.1266	5	0	1	1	1	0	0	0	0	N	N	N	N	N	N	N	N	N	N	N	N	inf	inf	inf	inf	inf	inf	inf	0.0759	0.0032	0.5863	0.0146	0.0149	0.0000	0.0904	0.0000	0.6012	0.0000	0.0000	0.0000	0.0000	0.0000	0.0000	0.0000	0.0000	0.0000	25.9269	0.0000	0.0000	0.0033	3.0066	1.3874	0.0000	0.0000	0.0000	0.0000	0.0000	0.0000	0.0000	0.0000	0.0000	0.0000	0.0000	0.0000	0.0000	0.0000	0.0000	0.0000	0.0000	0.0000	0.0000	0.0002	0.0002	0.0000	0.0000	0.0000	0.0000	0.0002	0.0001	0.0000	0.0210	0.0160	0.0051	0.0076	0.0073	0.0003	0.0135	0.0087	0.0048	inf	inf	inf	inf	inf	0.0000	inf	0.0000	inf	0.0000	0.0000	0.0000	0.0000	0.0000	0.0000	0.0000	0.0000	0.0000			
57	100	0.1523	5	0	1	1	1	0	0	0	0	N	N	N	N	N	N	N	N	N	N	N	N	0.0000	0.0000	0.0000	0.0000	0.0000	0.0000	0.0000	0.0000	0.0000	0.0000	0.0000	0.0000	0.0000	0.0000	0.0000	0.0000	0.0000	0.0000	0.0000	0.0000	0.0033	0.0000	1.3874	2.0000	0.0000	0.0000	0.0000	0.0000	0.0000	0.0000	0.0000	0.0000	0.0000	0.0000	0.0000	0.0000	0.0000	0.0000	0.0000	0.0000	0.0000	0.0000	0.0000	0.0000	0.0000	0.0000	0.0000	0.0000	0.0000	0.0000	0.0000	0.0139	0.0106	0.0034	0.0051	0.0049	0.0002	0.0088	0.0057	0.0032	0.0000	0.0000	0.0000	0.0000	0.0000	0.0000	0.0000	0.0000	0.0000	0.0000	0.0000	0.0000	0.0000	0.0000	0.0000	0.0000	0.0000	0.0000											
57	101	0.1132	4	0	1	1	1	0	0	0	0	N	N	N	N	N	N	N	N	N	N	N	N	0.8998	0.0324	15.3639	0.0662	0.0672	0.0000	7.4185	0.0000	19.3687	0.0058	0.0002	0.0459	0.0011	0.0011	0.0000	0.0069	0.0000	0.0478	0.0064	0.0075	0.0030	0.0162	0.0163	0.0121	0.0009	0.0001	0.0025	25.9269	0.1299	0.0000	-0.0002	0.0033	5.8899	1.3874	3.1847	0.0000	0.0000	0.0000	0.0000	0.0000	0.0000	0.0000	0.0000	0.0000	0.0004	0.0003	0.0000	0.0004	0.0003	0.0000	0.0000	0.0000	0.0000	0.0004	0.0003	0.0000	0.0001	0.0001	0.0000	0.0003	0.0002	0.0000	0.0618	0.0466	0.0152	0.0222	0.0213	0.0008	0.0396	0.0252	0.0144	0.8998	0.0324	15.3639	0.0662	0.0672	0.0000	7.4185	0.0000	19.3687	0.0064	0.0075	0.0030	0.0162	0.0163	0.0121	0.0009	0.0001	0.0025
57	102	0.1600	4	1	2	0	0	0	0	0	0	N	Y	N	N	N	N	N	N	N	N	N	N	0.0000	0.0000	0.0000	0.0000	0.0000	0.0000	0.0000	0.0000	0.0000	0.0000	0.0000	0.0000	0.0000	0.0000	0.0000	0.0000	0.0000	0.0000	0.0000	0.0000	0.0033	0.0000	1.3874	0.0000	0.0000	0.0000	0.0000	0.0000	0.0000	0.0000	0.0000	0.0000	0.0000	0.0000	0.0000	0.0000	0.0000	0.0000	0.0000	0.0000	0.0000	0.0000	0.0000	0.0000	0.0000	0.0000	0.0000	0.0000	0.0000	0.0000	0.0000	0.0000	0.0000	0.0000	0.0000	0.0000	0.0000	0.0000	0.0000	0.0000	0.0000	0.0000	0.0000	0.0000	0.0000	0.0000	0.0000	0.0000	0.0000	0.0000	0.0000	0.0000	0.0000	0.0000	0.0000	0.0000	0.0000	0.0000											
57	103	0.0607	3	1	2	0	0	0	0	0	0	N	Y	N	N	N	N	N	N	N	N	N	N	0.1396	0.0055	1.3983	0.0099	0.0097	0.3579	0.0000	1.3853	0.0063	0.0003	0.0506	0.0014	0.0014	0.0000	0.0073	0.0000	0.0515	0.0452	0.0483	0.0362	0.1376	0.1419	0.0000	0.0205	0.0112	0.0372	25.9269	0.2501	0.0000	-0.0020	0.0033	8.0012	1.3874	14.0016	0.0000	0.0000	0.0000	0.0000	0.0000	0.0000	0.0000	0.0000	0.0000	0.0058	0.0046	0.0012	0.0040	0.0040	0.0000	0.0018	0.0006	0.0012	0.0005	0.0004	0.0001	0.0001	0.0001	0.0000	0.0004	0.0003	0.0001	0.1282	0.0961	0.0321	0.0410	0.0401	0.0009	0.0872	0.0559	0.0312	0.1396	0.0055	1.3983	0.0139	0.0138	0.0000	0.3579	0.0000	1.3853	0.0452	0.0483	0.0362	0.0978	0.0999	0.0000	0.0205	0.0112	0.0372	
57	104	0.1237	4	0	2	0	0	0	0	0	0	N	Y	N	N	N	N	N	N	N	N	N	N	0.0000	0.0000	0.0000	0.0000	0.0000	0.0000	0.0000	0.0000	0.0000	0.0000	0.0000	0.0000	0.0000	0.0000	0.0000	0.0000	0.0000	0.0000	0.0234	0.0155	0.0480	0.0326	0.0302	0.0850	0.0170	0.0001	0.0457	0.9809	0.0000	-0.0000	0.0033	2.0010	1.3874	1.0153	0.0000	0.0000	0.0000	0.0000	0.0000	0.0000	0.0000	0.0000	0.0000	0.0007	0.0003	0.0003	0.0004	0.0003	0.0000	0.0003	0.0000	0.0003	0.0001	0.0001	0.0000	0.0000	0.0000	0.0000	0.0001	0.0001	0.0000	0.0287	0.0218	0.0069	0.0117	0.0112	0.0005	0.0170	0.0106	0.0064	0.0000	0.0000	0.0000	0.0000	0.0000	0.0000	0.0000	0.0000	0.0000	0.0234	0.0155	0.0480	0.0326	0.0302	0.0850	0.0170	0.0001	0.0452	
57	105	0.0607	3	0	2	0	0	0	0	0	0	N	Y	N	N	N	N	N	N	N	N	N	N	0.0028	0.0002	0.0065	0.0000	0.0000	0.0000	0.0045	0.0000	0.0067	0.0159	0.0007	0.1249	0.0034	0.0034	0.0000	0.0185	0.0000	0.1272	5.6091	4.2234	19.2023	223.6125	228.2971	0.4133	4.1164	0.0146	18.9392	25.9269	0.9914	0.0000	-0.0207	0.0033	3.0162	1.3874	11.0438	0.0000	0.0000	0.0000	0.0000	0.0000	0.0000	0.0000	0.0000	0.0000	0.4929	0.2475	0.2454	0.2471	0.2469	0.0002	0.2457	0.0006	0.2452	0.0002	0.0002	0.0000	0.0000	0.0000	0.0000	0.0002	0.0001	0.0000	0.0881	0.0662	0.0220	0.0284	0.0278	0.0006	0.0597	0.0383	0.0214	0.0028	0.0002	0.0112	0.0004	0.0004	0.0000	0.0045	0.0000	0.0111	5.5936	3.7409	11.1767	8.6970	8.8719	0.3319	4.1164	0.0146	11.4720
57	106	0.1616	8	1	2	0	0	0	0	0	0	N	Y	N	N	N	N	N	N	N	N	N	N	0.0000	0.0000	0.0000	0.0000	0.0000	0.0000	0.0000	0.0000	0.0000	0.0000	0.0000	0.0000	0.0000	0.0000	0.0000	0.0000	0.0434	0.0018	0.2366	0.0032	0.0034	0.0000	0.0751	0.0000	0.2787	30.0174	0.0000	0.0003	0.0033	1.0000	1.3874	1.0000	0.0000	0.0000	0.0000	0.0000	0.0000	0.0000	0.0000	0.0000	0.0000	0.0006	0.0000	0.0006	0.0000	0.0000	0.0000	0.0006	0.0000	0.0006	0.0001	0.0001	0.0000	0.0000	0.0000	0.0000	0.0001	0.0000	0.0000	0.0143	0.0111	0.0032	0.0063	0.0059	0.0004	0.0080	0.0052	0.0028	0.0000	0.0000	0.0000	0.0000	0.0000	0.0000	0.0000	0.0000	0.0000	0.0434	0.0018	0.1848	0.0032	0.0034	0.0000	0.0751	0.0000	0.2130			
57	107	0.1574	7	1	2	0	0	0	0	0	0	N	Y	N	N	N	N	N	N	N	N	N	N	0.0000	0.0000	0.0000	0.0000	0.0000	0.0000	0.0000	0.0000	0.0000	0.0000	0.0000	0.0000	0.0000	0.0014	0.0018	0.0000	0.0000	0.0000	0.0000	0.0024	0.0037	0.0000	0.0000	0.0000	-0.0000	0.0033	0.0000	1.3874	0.9999	0.0000	0.0000	0.0000	0.0000	0.0000	0.0000	0.0000	0.0000	0.0000	0.0000	0.0000	0.0000	0.0000	0.0000	0.0000	0.0000	0.0000	0.0000	0.0000	0.0000	0.0000	0.0000	0.0000	0.0000	0.0000	0.0000	0.0000	0.0072	0.0055	0.0017	0.0030	0.0028	0.0002	0.0042	0.0027	0.0015	0.0000	0.0000	0.0000	0.0000	0.0000	0.0000	0.0000	0.0000	0.0000	0.0014	0.0018	0.0000	0.0000	0.0000	0.0000	0.0024	0.0037	0.0000						
57	108	0.1366	6	1	2	0	0	0	0	0	0	N	Y	N	N	N	N	N	N	N	N	N	N	351.0693	12.4701	7255.5813	32.0134	35.8083	0.0000	616.2404	0.0000	508496.3515	0.2594	0.0112	1.7616	0.0306	0.0308	0.0000	0.3647	0.0000	1.7848	0.0007	0.0009	0.0002	0.0010	0.0009	0.0025	0.0006	0.0009	0.0000	25.9269	0.0877	0.0000	-0.0000	0.0033	0.0100	1.3874	4.8896	0.0000	0.0000	0.0000	0.0000	0.0000	0.0000	0.0000	0.0000	0.0000	0.0000	0.0000	0.0000	0.0000	0.0000	0.0000	0.0000	0.0000	0.0000	0.0000	0.0000	0.0000	0.0000	0.0000	0.0000	0.0000	0.0000	0.0000	0.0417	0.0314	0.0102	0.0169	0.0159	0.0010	0.0248	0.0155	0.0093	351.0693	12.4701	7255.5813	32.0134	35.8083	0.0000	616.2404	0.0000	508496.3515	0.0007	0.0009	0.0002	0.0010	0.0009	0.0025	0.0006	0.0009	0.0000
57	109	0.1266	5	0	2	0	0	0	0	0	0	N	Y	N	N	N	N	N	N	N	N	N	N	221.6717	15.1147	1281.8618	56.8232	55.5006	271.3275	0.0000	1237.3787	0.2205	0.0139	1.5662	0.0597	0.0606	0.0000	0.2613	0.0000	1.6026	0.0010	0.0009	0.0012	0.0011	0.0011	0.0000	0.0010	0.0008	0.0013	17.2393	0.4206	0.0000	-0.0000	0.0033	1.0007	1.3874	1.4004	0.0000	0.0000	0.0000	0.0000	0.0000	0.0000	0.0000	0.0000	0.0000	0.0000	0.0000	0.0000	0.0000	0.0000	0.0000	0.0000	0.0000	0.0000	0.0001	0.0001	0.0000	0.0000	0.0000	0.0000	0.0001	0.0000	0.0000	0.0169	0.0128	0.0041	0.0061	0.0059	0.0002	0.0108	0.0070	0.0038	221.6717	15.1147	1281.8618	56.8232	55.5006	0.0000	271.3275	0.0000	1237.3787	0.0010	0.0009	0.0012	0.0011	0.0011	0.0000	0.0010	0.0008	0.0013	
57	110	0.1132	4	0	1	0	0	0	0	0	0	N	N	N	N	N	N	N	N	N	N	N	N	4.6353	33.4713	1.0802	38.0854	41.1657	0.0000	0.7930	0.0000	1.2697	0.5363	0.5239	0.6155	1.2528	1.3542	0.0000	0.1300	0.0000	0.7702	0.1157	0.0157	0.5698	0.0329	0.0329	0.0329	0.1639	0.0001	0.6066	0.1830	8.8502	-0.0000	0.0010	0.0033	0.3039	1.3874	2.8719	0.0000	0.0000	0.0000	0.0000	0.0000	0.0000	0.0000	0.0000	0.0000	0.0028	0.0003	0.0025	0.0003	0.0003	0.0000	0.0025	0.0000	0.0025	0.0000	0.0000	0.0000	0.0000	0.0000	0.0000	0.0000	0.0000	0.0000	0.0241	0.0181	0.0060	0.0089	0.0086	0.0003	0.0153	0.0095	0.0057	4.6353	33.4713	1.4783	38.0854	41.1657	0.0000	0.7930	0.0000	1.7617	0.1157	0.0157	0.4164	0.0329	0.0329	0.0329	0.1639	0.0001	0.4372
57	111	0.0607	3	0	1	0	0	0	0	0	0	N	N	N	N	N	N	N	N	N	N	N	N	0.5819	0.2373	5.8620	0.5062	0.5297	0.0000	1.1349	0.0000	5.8116	0.0216	0.0103	0.1024	0.0521	0.0527	0.0000	0.0151	0.0000	0.1043	0.0371	0.0436	0.0175	0.1029	0.0995	0.0000	0.0133	0.0108	0.0179	1.3765	0.1328	0.0000	-0.0012	0.0033	3.8240	1.3874	8.1760	0.0000	0.0000	0.0000	0.0000	0.0000	0.0000	0.0000	0.0000	0.0000	0.0028	0.0025	0.0003	0.0022	0.0022	0.0000	0.0007	0.0004	0.0003	0.0002	0.0002	0.0000	0.0000	0.0000	0.0000	0.0002	0.0002	0.0000	0.0767	0.0576	0.0191	0.0248	0.0243	0.0005	0.0519	0.0333	0.0186	0.5819	0.2373	5.8620	0.5998	0.5951	0.0000	1.1349	0.0000	5.8116	0.0371	0.0436	0.0175	0.0868	0.0886	0.0000	0.0133	0.0108	0.0179
57	115	0.2533	6	0	1	0	0	0	0	0	0	N	N	N	N	N	N	N	N	N	N	N	N	48.0094	62.9768	7.0663	68.2898	110.0369	0.0144	6.9262	0.3874	35.1641	2.4317	2.8172	0.5136	5.6439	6.8749	0.0032	0.1530	0.0077	0.9215	0.0506	0.0447	0.0727	0.0826	0.0625	0.2239	0.0221	0.0199	0.0262	0.0366	0.4549	-0.0008	-0.0022	0.0033	8.9918	1.3874	13.3277	0.0020	0.0019	0.0001	0.0019	0.0019	0.0000	0.0001	0.0000	0.0001	0.0097	0.0067	0.0030	0.0076	0.0054	0.0022	0.0021	0.0012	0.0009	0.0008	0.0007	0.0001	0.0003	0.0003	0.0001	0.0005	0.0004	0.0001	0.1915	0.1490	0.0425	0.0966	0.0869	0.0097	0.0949	0.0622	0.0328	48.0094	62.9768	7.1932	71.7076	110.0369	0.0144	6.9262	0.3874	35.1641	0.0506	0.0447	0.0714	0.0787	0.0625	0.2239	0.0221	0.0199	0.0262
58	59	0.0236	2	1	1	1	0	0	0	0	0	N	N	N	N	N	N	N	N	N	N	N	N	0.0000	0.0000	0.0000	0.0000	0.0000	0.0000	0.0000	0.0000	0.0000	0.0000	0.0000	0.0000	0.0000	0.0000	0.0000	0.0000	0.0000	0.0000	0.0000	0.0000	0.0000	1.9997	2.0000	3.4660	0.0000	0.0000	0.0000	0.0000	0.0000	0.0000	0.0000	0.0000	0.0000	0.0000	0.0000	0.0000	0.0000	0.0000	0.0000	0.0000	0.0000	0.0000	0.0000	0.0000	0.0000	0.0000	0.0000	0.0000	0.0000	0.0000	0.0000	0.0336	0.0199	0.0137	0.0047	0.0046	0.0002	0.0289	0.0153	0.0136	0.0000	0.0000	0.0000	0.0000	0.0000	0.0000	0.0000	0.0000	0.0000	0.0000	0.0000	0.0000	0.0000	0.0000	0.0000	0.0000	0.0000	0.0000											
58	61	0.1777	6	1	0	2	0	0	0	0	0	N	N	Y	N	N	N	N	N	N	N	N	N	0.0000	0.0000	0.0000	0.0000	0.0000	0.0000	0.0000	0.0000	0.0000	0.0000	0.0000	0.0000	0.0000	0.0000	0.0000	0.0000	0.0000	0.0000	0.0000	0.0000	0.0000	0.0000	2.0000	1.0000	0.0000	0.0000	0.0000	0.0000	0.0000	0.0000	0.0000	0.0000	0.0000	0.0000	0.0000	0.0000	0.0000	0.0000	0.0000	0.0000	0.0000	0.0000	0.0000	0.0000	0.0000	0.0000	0.0000	0.0000	0.0000	0.0000	0.0000	0.0038	0.0023	0.0015	0.0007	0.0005	0.0002	0.0032	0.0018	0.0013	0.0000	0.0000	0.0000	0.0000	0.0000	0.0000	0.0000	0.0000	0.0000	0.0000	0.0000	0.0000	0.0000	0.0000	0.0000	0.0000	0.0000	0.0000											
58	62	0.1735	5	1	0	1	0	0	0	0	0	N	N	N	N	N	N	N	N	N	N	N	N	0.0000	0.0000	0.0000	0.0000	0.0000	0.0000	0.0000	0.0000	0.0000	0.0000	0.0000	0.0000	0.0000	0.0000	0.0000	0.0000	0.0000	0.0000	0.0000	0.0000	0.0000	0.0001	2.0000	1.0076	0.0000	0.0000	0.0000	0.0000	0.0000	0.0000	0.0000	0.0000	0.0000	0.0000	0.0000	0.0000	0.0000	0.0000	0.0000	0.0000	0.0000	0.0000	0.0000	0.0000	0.0000	0.0000	0.0000	0.0000	0.0000	0.0000	0.0000	0.0050	0.0033	0.0017	0.0012	0.0010	0.0002	0.0038	0.0023	0.0015	0.0000	0.0000	0.0000	0.0000	0.0000	0.0000	0.0000	0.0000	0.0000	0.0000	0.0000	0.0000	0.0000	0.0000	0.0000	0.0000	0.0000	0.0000											
58	63	0.1067	4	1	0	1	0	0	0	0	0	N	N	N	N	N	N	N	N	N	N	N	N	0.0000	0.0000	0.0000	0.0000	0.0000	0.0000	0.0000	0.0000	0.0000	0.0000	0.0000	0.0000	0.0000	0.0000	0.0000	0.0000	0.0000	0.0000	0.0000	0.0000	0.0000	11.9999	2.0000	3.0574	0.0000	0.0000	0.0000	0.0000	0.0000	0.0000	0.0000	0.0000	0.0000	0.0000	0.0000	0.0000	0.0000	0.0000	0.0000	0.0000	0.0000	0.0000	0.0000	0.0000	0.0000	0.0000	0.0000	0.0000	0.0000	0.0000	0.0000	0.0557	0.0332	0.0225	0.0052	0.0040	0.0012	0.0505	0.0292	0.0213	0.0000	0.0000	0.0000	0.0000	0.0000	0.0000	0.0000	0.0000	0.0000	0.0000	0.0000	0.0000	0.0000	0.0000	0.0000	0.0000	0.0000	0.0000											
58	65	0.0503	2	1	0	1	0	0	0	0	0	N	N	N	N	N	N	N	N	N	N	N	N	0.0000	0.0000	0.0000	0.0000	0.0000	0.0000	0.0000	0.0000	0.0000	0.0000	0.0000	0.0000	0.0000	0.0000	0.0000	0.0000	0.0000	0.0000	0.0000	0.0000	0.0000	2.0015	2.0000	10.0016	0.0000	0.0000	0.0000	0.0000	0.0000	0.0000	0.0000	0.0000	0.0000	0.0000	0.0000	0.0000	0.0000	0.0000	0.0000	0.0000	0.0000	0.0000	0.0000	0.0000	0.0000	0.0000	0.0000	0.0000	0.0000	0.0000	0.0000	0.0448	0.0261	0.0187	0.0013	0.0010	0.0003	0.0435	0.0250	0.0185	0.0000	0.0000	0.0000	0.0000	0.0000	0.0000	0.0000	0.0000	0.0000	0.0000	0.0000	0.0000	0.0000	0.0000	0.0000	0.0000	0.0000	0.0000											
58	67	0.2051	4	1	0	1	0	0	0	0	0	N	N	N	N	N	N	N	N	N	N	N	N	0.0000	0.0000	0.0000	0.0000	0.0000	0.0000	0.0000	0.0000	0.0000	0.0000	0.0000	0.0000	0.0000	0.0012	0.0017	0.0000	0.0031	0.0036	0.0000	0.0000	0.0000	0.0000	0.0000	0.0000	-0.0001	0.0000	4.8614	2.0000	14.2102	0.0000	0.0000	0.0000	0.0000	0.0000	0.0000	0.0000	0.0000	0.0000	0.0001	0.0001	0.0000	0.0001	0.0001	0.0000	0.0000	0.0000	0.0000	0.0000	0.0000	0.0000	0.0000	0.0000	0.0000	0.0000	0.0000	0.0000	0.1160	0.0813	0.0347	0.0447	0.0385	0.0062	0.0714	0.0429	0.0285	0.0000	0.0000	0.0000	0.0000	0.0000	0.0000	0.0000	0.0000	0.0000	0.0012	0.0017	0.0000	0.0031	0.0036	0.0000	0.0000	0.0000	0.0000						
58	68	0.0423	4	2	1	2	0	0	0	0	0	Y	N	Y	N	N	N	N	N	N	N	N	N	0.0000	0.0000	0.0000	0.0000	0.0000	0.0000	0.0000	0.0000	0.0000	0.0000	0.0000	0.0000	0.0000	0.0000	0.0000	0.0000	0.0000	0.0000	0.0000	0.0000	0.0000	0.0000	2.0000	0.0000	0.0000	0.0000	0.0000	0.0000	0.0000	0.0000	0.0000	0.0000	0.0000	0.0000	0.0000	0.0000	0.0000	0.0000	0.0000	0.0000	0.0000	0.0000	0.0000	0.0000	0.0000	0.0000	0.0000	0.0000	0.0000	0.0000	0.0000	0.0000	0.0000	0.0000	0.0000	0.0000	0.0000	0.0000	0.0000	0.0000	0.0000	0.0000	0.0000	0.0000	0.0000	0.0000	0.0000	0.0000	0.0000	0.0000	0.0000	0.0000	0.0000	0.0000	0.0000	0.0000	0.0000	0.0000											
58	69	0.0382	3	2	0	2	0	0	0	0	0	Y	N	Y	N	N	N	N	N	N	N	N	N	0.0000	0.0000	0.0000	0.0000	0.0000	0.0000	0.0000	0.0000	0.0000	0.0000	0.0000	0.0000	0.0000	0.0000	0.0000	0.0000	0.0000	0.0000	0.0000	0.0000	0.0000	0.0016	2.0000	0.9826	0.0000	0.0000	0.0000	0.0000	0.0000	0.0000	0.0000	0.0000	0.0000	0.0000	0.0000	0.0000	0.0000	0.0000	0.0000	0.0000	0.0000	0.0000	0.0000	0.0000	0.0000	0.0000	0.0000	0.0000	0.0000	0.0000	0.0000	0.0052	0.0027	0.0025	0.0005	0.0004	0.0000	0.0047	0.0023	0.0025	0.0000	0.0000	0.0000	0.0000	0.0000	0.0000	0.0000	0.0000	0.0000	0.0000	0.0000	0.0000	0.0000	0.0000	0.0000	0.0000	0.0000	0.0000											
58	70	0.0254	2	2	0	2	0	0	0	0	0	Y	N	Y	N	N	N	N	N	N	N	N	N	0.0000	0.0000	0.0000	0.0000	0.0000	0.0000	0.0000	0.0000	0.0000	0.0000	0.0000	0.0000	0.0000	0.0000	0.0000	0.0000	0.0000	0.0000	0.0000	0.0000	0.0000	0.0061	2.0000	3.0249	0.0000	0.0000	0.0000	0.0000	0.0000	0.0000	0.0000	0.0000	0.0000	0.0000	0.0000	0.0000	0.0000	0.0000	0.0000	0.0000	0.0000	0.0000	0.0000	0.0000	0.0000	0.0000	0.0000	0.0000	0.0000	0.0000	0.0000	0.0158	0.0082	0.0075	0.0012	0.0011	0.0001	0.0146	0.0072	0.0074	0.0000	0.0000	0.0000	0.0000	0.0000	0.0000	0.0000	0.0000	0.0000	0.0000	0.0000	0.0000	0.0000	0.0000	0.0000	0.0000	0.0000	0.0000											
58	72	0.0503	2	1	1	1	0	0	0	0	0	N	N	N	N	N	N	N	N	N	N	N	N	0.0000	0.0000	0.0000	0.0000	0.0000	0.0000	0.0000	0.0000	0.0000	0.0000	0.0000	0.0000	0.0000	18.2168	28.9169	0.0000	0.0000	0.0000	0.0000	16.8473	29.2661	0.0000	0.0000	0.0000	-0.5399	0.0000	5.9987	2.0000	11.0016	0.0000	0.0000	0.0000	0.0000	0.0000	0.0000	0.0000	0.0000	0.0000	1.0000	1.0000	0.0000	0.0000	0.0000	0.0000	1.0000	1.0000	0.0000	0.0000	0.0000	0.0000	0.0000	0.0000	0.0000	0.0000	0.0000	0.0000	0.0611	0.0356	0.0256	0.0018	0.0014	0.0004	0.0594	0.0342	0.0252	0.0000	0.0000	0.0000	0.0000	0.0000	0.0000	0.0000	0.0000	0.0000	16.3537	28.1020	0.0000	0.0000	0.0000	0.0000	16.8473	29.2661	0.0000						
58	74	0.0920	4	1	1	1	0	0	0	0	0	N	N	N	N	N	N	N	N	N	N	N	N	0.0000	0.0000	0.0000	0.0000	0.0000	0.0000	0.0000	0.0000	0.0000	0.0000	0.0000	0.0000	0.0000	0.0000	0.0000	0.0000	0.0000	0.0000	0.0000	0.0000	0.0000	6.1274	2.0000	13.6208	0.0000	0.0000	0.0000	0.0000	0.0000	0.0000	0.0000	0.0000	0.0000	0.0000	0.0000	0.0000	0.0000	0.0000	0.0000	0.0000	0.0000	0.0000	0.0000	0.0000	0.0000	0.0000	0.0000	0.0000	0.0000	0.0000	0.0000	0.0755	0.0465	0.0289	0.0087	0.0073	0.0013	0.0668	0.0392	0.0276	0.0000	0.0000	0.0000	0.0000	0.0000	0.0000	0.0000	0.0000	0.0000	0.0000	0.0000	0.0000	0.0000	0.0000	0.0000	0.0000	0.0000	0.0000											
58	75	0.1166	7	1	0	2	0	0	0	0	0	N	N	Y	N	N	N	N	N	N	N	N	N	0.0000	0.0000	0.0000	0.0000	0.0000	0.0000	0.0000	0.0000	0.0000	0.0000	0.0000	0.0000	0.0000	0.0000	0.0000	0.0000	0.0000	0.0000	0.0000	0.0000	0.0000	0.0000	2.0000	1.0003	0.0000	0.0000	0.0000	0.0000	0.0000	0.0000	0.0000	0.0000	0.0000	0.0000	0.0000	0.0000	0.0000	0.0000	0.0000	0.0000	0.0000	0.0000	0.0000	0.0000	0.0000	0.0000	0.0000	0.0000	0.0000	0.0000	0.0000	0.0048	0.0025	0.0023	0.0004	0.0003	0.0001	0.0044	0.0022	0.0022	0.0000	0.0000	0.0000	0.0000	0.0000	0.0000	0.0000	0.0000	0.0000	0.0000	0.0000	0.0000	0.0000	0.0000	0.0000	0.0000	0.0000	0.0000											
58	76	0.1125	6	1	0	2	0	0	0	0	0	N	N	Y	N	N	N	N	N	N	N	N	N	0.0000	0.0000	0.0000	0.0000	0.0000	0.0000	0.0000	0.0000	0.0000	0.0000	0.0000	0.0000	0.0000	0.0000	0.0000	0.0000	0.0000	0.0000	0.0000	0.0000	0.0000	0.0000	2.0000	1.0076	0.0000	0.0000	0.0000	0.0000	0.0000	0.0000	0.0000	0.0000	0.0000	0.0000	0.0000	0.0000	0.0000	0.0000	0.0000	0.0000	0.0000	0.0000	0.0000	0.0000	0.0000	0.0000	0.0000	0.0000	0.0000	0.0000	0.0000	0.0048	0.0025	0.0023	0.0004	0.0003	0.0001	0.0045	0.0022	0.0023	0.0000	0.0000	0.0000	0.0000	0.0000	0.0000	0.0000	0.0000	0.0000	0.0000	0.0000	0.0000	0.0000	0.0000	0.0000	0.0000	0.0000	0.0000											
58	77	0.1084	5	1	0	1	0	0	0	0	0	N	N	N	N	N	N	N	N	N	N	N	N	0.0000	0.0000	0.0000	0.0000	0.0000	0.0000	0.0000	0.0000	0.0000	0.0000	0.0000	0.0000	0.0000	0.0000	0.0000	0.0000	0.0000	0.0000	0.0000	0.0000	0.0000	0.0026	2.0000	0.9924	0.0000	0.0000	0.0000	0.0000	0.0000	0.0000	0.0000	0.0000	0.0000	0.0000	0.0000	0.0000	0.0000	0.0000	0.0000	0.0000	0.0000	0.0000	0.0000	0.0000	0.0000	0.0000	0.0000	0.0000	0.0000	0.0000	0.0000	0.0048	0.0025	0.0023	0.0004	0.0003	0.0001	0.0044	0.0022	0.0022	0.0000	0.0000	0.0000	0.0000	0.0000	0.0000	0.0000	0.0000	0.0000	0.0000	0.0000	0.0000	0.0000	0.0000	0.0000	0.0000	0.0000	0.0000											
58	78	0.0920	4	1	0	1	0	0	0	0	0	N	N	N	N	N	N	N	N	N	N	N	N	0.0000	0.0000	0.0000	0.0000	0.0000	0.0000	0.0000	0.0000	0.0000	0.0000	0.0000	0.0000	0.0000	0.0000	0.0000	0.0000	0.0000	0.0000	0.0000	0.0000	0.0000	2.8733	2.0000	1.5522	0.0000	0.0000	0.0000	0.0000	0.0000	0.0000	0.0000	0.0000	0.0000	0.0000	0.0000	0.0000	0.0000	0.0000	0.0000	0.0000	0.0000	0.0000	0.0000	0.0000	0.0000	0.0000	0.0000	0.0000	0.0000	0.0000	0.0000	0.0232	0.0152	0.0081	0.0043	0.0040	0.0003	0.0189	0.0112	0.0077	0.0000	0.0000	0.0000	0.0000	0.0000	0.0000	0.0000	0.0000	0.0000	0.0000	0.0000	0.0000	0.0000	0.0000	0.0000	0.0000	0.0000	0.0000											
58	79	0.0799	3	1	0	1	0	0	0	0	0	N	N	N	N	N	N	N	N	N	N	N	N	0.0000	0.0000	0.0000	0.0000	0.0000	0.0000	0.0000	0.0000	0.0000	0.0000	0.0000	0.0000	0.0000	0.0004	0.0006	0.0000	0.0016	0.0017	0.0000	0.0000	0.0000	0.0000	0.0000	0.0000	-0.0000	0.0000	0.2102	2.0000	3.4985	0.0000	0.0000	0.0000	0.0000	0.0000	0.0000	0.0000	0.0000	0.0000	0.0000	0.0000	0.0000	0.0000	0.0000	0.0000	0.0000	0.0000	0.0000	0.0000	0.0000	0.0000	0.0000	0.0000	0.0000	0.0000	0.0000	0.0000	0.0253	0.0175	0.0078	0.0061	0.0060	0.0002	0.0192	0.0115	0.0077	0.0000	0.0000	0.0000	0.0000	0.0000	0.0000	0.0000	0.0000	0.0000	0.0004	0.0006	0.0000	0.0016	0.0017	0.0000	0.0000	0.0000	0.0000						
58	80	0.1110	5	1	1	1	0	0	0	0	0	N	N	N	N	N	N	N	N	N	N	N	N	0.0000	0.0000	0.0000	0.0000	0.0000	0.0000	0.0000	0.0000	0.0000	0.0000	0.0000	0.0000	0.0000	0.0316	0.0519	0.0000	1.4954	2.1264	0.0000	0.0000	0.0000	0.0000	0.0000	0.0000	-0.0006	0.0000	2.0196	2.0000	6.0690	0.0000	0.0000	0.0000	0.0000	0.0000	0.0000	0.0000	0.0000	0.0000	0.0010	0.0010	0.0000	0.0010	0.0010	0.0000	0.0000	0.0000	0.0000	0.0000	0.0000	0.0000	0.0000	0.0000	0.0000	0.0000	0.0000	0.0000	0.0329	0.0200	0.0129	0.0040	0.0032	0.0007	0.0289	0.0168	0.0121	0.0000	0.0000	0.0000	0.0000	0.0000	0.0000	0.0000	0.0000	0.0000	0.0316	0.0519	0.0000	0.2623	0.3216	0.0000	0.0000	0.0000	0.0000						
58	81	0.1027	4	1	0	1	0	0	0	0	0	N	N	N	N	N	N	N	N	N	N	N	N	0.0000	0.0000	0.0000	0.0000	0.0000	0.0000	0.0000	0.0000	0.0000	0.0000	0.0000	0.0000	0.0000	0.1278	0.0000	0.4393	0.0000	0.0000	0.0000	0.1418	0.0000	0.4585	inf	0.0000	0.0005	0.0000	0.9876	2.0000	0.9833	0.0000	0.0000	0.0000	0.0000	0.0000	0.0000	0.0000	0.0000	0.0000	0.0010	0.0000	0.0010	0.0000	0.0000	0.0000	0.0010	0.0000	0.0010	0.0000	0.0000	0.0000	0.0000	0.0000	0.0000	0.0000	0.0000	0.0000	0.0081	0.0049	0.0032	0.0008	0.0006	0.0002	0.0073	0.0043	0.0031	0.0000	0.0000	0.0000	0.0000	0.0000	0.0000	0.0000	0.0000	0.0000	0.1278	0.0000	0.3212	0.0000	0.0000	0.0000	0.1418	0.0000	0.3396						
58	82	0.0367	2	2	0	2	0	0	0	0	0	Y	N	Y	N	N	N	N	N	N	N	N	N	0.0000	0.0000	0.0000	0.0000	0.0000	0.0000	0.0000	0.0000	0.0000	0.0000	0.0000	0.0000	0.0000	0.0000	0.0000	0.0000	0.0000	0.0000	0.0000	0.0000	0.0000	1.0000	2.0000	2.9874	0.0000	0.0000	0.0000	0.0000	0.0000	0.0000	0.0000	0.0000	0.0000	0.0000	0.0000	0.0000	0.0000	0.0000	0.0000	0.0000	0.0000	0.0000	0.0000	0.0000	0.0000	0.0000	0.0000	0.0000	0.0000	0.0000	0.0000	0.0167	0.0099	0.0068	0.0010	0.0009	0.0001	0.0156	0.0090	0.0066	0.0000	0.0000	0.0000	0.0000	0.0000	0.0000	0.0000	0.0000	0.0000	0.0000	0.0000	0.0000	0.0000	0.0000	0.0000	0.0000	0.0000	0.0000											
58	84	0.0503	2	1	1	1	1	0	0	0	0	N	N	N	N	N	N	N	N	N	N	N	N	0.0000	0.0000	0.0000	0.0000	0.0000	0.0000	0.0000	0.0000	0.0000	0.0000	0.0000	0.0000	0.0000	0.0000	0.0000	0.0000	0.0000	0.0000	0.0000	0.0000	0.0000	8.0013	2.0000	12.0015	0.0000	0.0000	0.0000	0.0000	0.0000	0.0000	0.0000	0.0000	0.0000	0.0000	0.0000	0.0000	0.0000	0.0000	0.0000	0.0000	0.0000	0.0000	0.0000	0.0000	0.0000	0.0000	0.0000	0.0000	0.0000	0.0000	0.0000	0.0704	0.0410	0.0294	0.0021	0.0016	0.0004	0.0683	0.0393	0.0290	0.0000	0.0000	0.0000	0.0000	0.0000	0.0000	0.0000	0.0000	0.0000	0.0000	0.0000	0.0000	0.0000	0.0000	0.0000	0.0000	0.0000	0.0000											
58	85	0.1067	4	1	1	1	0	0	0	0	0	N	N	N	N	N	N	N	N	N	N	N	N	0.0000	0.0000	0.0000	0.0000	0.0000	0.0000	0.0000	0.0000	0.0000	0.0000	0.0000	0.0000	0.0000	0.0000	0.0000	0.0000	0.0000	0.0000	0.0000	0.0000	0.0000	1.0000	2.0000	6.9850	0.0000	0.0000	0.0000	0.0000	0.0000	0.0000	0.0000	0.0000	0.0000	0.0000	0.0000	0.0000	0.0000	0.0000	0.0000	0.0000	0.0000	0.0000	0.0000	0.0000	0.0000	0.0000	0.0000	0.0000	0.0000	0.0000	0.0000	0.0314	0.0188	0.0126	0.0030	0.0023	0.0007	0.0284	0.0164	0.0119	0.0000	0.0000	0.0000	0.0000	0.0000	0.0000	0.0000	0.0000	0.0000	0.0000	0.0000	0.0000	0.0000	0.0000	0.0000	0.0000	0.0000	0.0000											
58	86	0.0940	3	1	0	1	0	0	0	0	0	N	N	N	N	N	N	N	N	N	N	N	N	0.0000	0.0000	0.0000	0.0000	0.0000	0.0000	0.0000	0.0000	0.0000	0.0000	0.0000	0.0000	0.0000	0.0000	0.0000	0.0000	0.0000	0.0000	0.0000	0.0000	0.0000	1.0086	2.0000	2.0000	0.0000	0.0000	0.0000	0.0000	0.0000	0.0000	0.0000	0.0000	0.0000	0.0000	0.0000	0.0000	0.0000	0.0000	0.0000	0.0000	0.0000	0.0000	0.0000	0.0000	0.0000	0.0000	0.0000	0.0000	0.0000	0.0000	0.0000	0.0123	0.0073	0.0050	0.0012	0.0009	0.0003	0.0112	0.0064	0.0048	0.0000	0.0000	0.0000	0.0000	0.0000	0.0000	0.0000	0.0000	0.0000	0.0000	0.0000	0.0000	0.0000	0.0000	0.0000	0.0000	0.0000	0.0000											
58	89	0.1112	5	1	1	1	0	0	0	0	0	N	N	N	N	N	N	N	N	N	N	N	N	0.0000	0.0000	0.0000	0.0000	0.0000	0.0000	0.0000	0.0000	0.0000	0.0000	0.0000	0.0000	0.0000	0.0000	0.0000	0.0000	0.0000	0.0000	0.0000	0.0000	0.0000	0.0157	2.0000	9.0253	0.0000	0.0000	0.0000	0.0000	0.0000	0.0000	0.0000	0.0000	0.0000	0.0000	0.0000	0.0000	0.0000	0.0000	0.0000	0.0000	0.0000	0.0000	0.0000	0.0000	0.0000	0.0000	0.0000	0.0000	0.0000	0.0000	0.0000	0.0358	0.0216	0.0142	0.0046	0.0035	0.0011	0.0311	0.0181	0.0131	0.0000	0.0000	0.0000	0.0000	0.0000	0.0000	0.0000	0.0000	0.0000	0.0000	0.0000	0.0000	0.0000	0.0000	0.0000	0.0000	0.0000	0.0000											
58	90	0.1027	4	1	1	1	0	0	0	0	0	N	N	N	N	N	N	N	N	N	N	N	N	0.0000	0.0000	0.0000	0.0000	0.0000	0.0000	0.0000	0.0000	0.0000	0.0000	0.0000	0.0000	0.0000	0.0000	0.0000	0.0000	0.0000	0.0000	0.0000	0.0000	0.0000	0.0169	2.0000	2.0013	0.0000	0.0000	0.0000	0.0000	0.0000	0.0000	0.0000	0.0000	0.0000	0.0000	0.0000	0.0000	0.0000	0.0000	0.0000	0.0000	0.0000	0.0000	0.0000	0.0000	0.0000	0.0000	0.0000	0.0000	0.0000	0.0000	0.0000	0.0083	0.0050	0.0033	0.0008	0.0006	0.0002	0.0075	0.0044	0.0031	0.0000	0.0000	0.0000	0.0000	0.0000	0.0000	0.0000	0.0000	0.0000	0.0000	0.0000	0.0000	0.0000	0.0000	0.0000	0.0000	0.0000	0.0000											
58	91	0.0940	3	1	0	1	0	0	0	0	0	N	N	N	N	N	N	N	N	N	N	N	N	0.0000	0.0000	0.0000	0.0000	0.0000	0.0000	0.0000	0.0000	0.0000	0.0000	0.0000	0.0000	0.0000	0.0000	0.0000	0.0000	0.0000	0.0000	0.0000	0.0000	0.0000	1.9923	2.0000	0.0454	0.0000	0.0000	0.0000	0.0000	0.0000	0.0000	0.0000	0.0000	0.0000	0.0000	0.0000	0.0000	0.0000	0.0000	0.0000	0.0000	0.0000	0.0000	0.0000	0.0000	0.0000	0.0000	0.0000	0.0000	0.0000	0.0000	0.0000	0.0085	0.0050	0.0035	0.0008	0.0007	0.0002	0.0077	0.0044	0.0033	0.0000	0.0000	0.0000	0.0000	0.0000	0.0000	0.0000	0.0000	0.0000	0.0000	0.0000	0.0000	0.0000	0.0000	0.0000	0.0000	0.0000	0.0000											
58	92	0.0503	2	1	0	1	0	0	0	0	0	N	N	N	N	N	N	N	N	N	N	N	N	0.0000	0.0000	0.0000	0.0000	0.0000	0.0000	0.0000	0.0000	0.0000	0.0000	0.0000	0.0000	0.0000	0.0000	0.0000	0.0000	0.0000	0.0000	0.0000	0.0000	0.0000	1.0098	2.0000	9.0196	0.0000	0.0000	0.0000	0.0000	0.0000	0.0000	0.0000	0.0000	0.0000	0.0000	0.0000	0.0000	0.0000	0.0000	0.0000	0.0000	0.0000	0.0000	0.0000	0.0000	0.0000	0.0000	0.0000	0.0000	0.0000	0.0000	0.0000	0.0380	0.0221	0.0159	0.0011	0.0009	0.0002	0.0369	0.0212	0.0157	0.0000	0.0000	0.0000	0.0000	0.0000	0.0000	0.0000	0.0000	0.0000	0.0000	0.0000	0.0000	0.0000	0.0000	0.0000	0.0000	0.0000	0.0000											
58	93	0.1470	7	2	1	1	1	0	0	0	0	Y	N	N	N	N	N	N	N	N	N	N	N	0.0000	0.0000	0.0000	0.0000	0.0000	0.0000	0.0000	0.0000	0.0000	0.0000	0.0000	0.0000	0.0000	0.0000	0.0000	0.0000	0.0000	0.0000	0.0000	0.0000	0.0000	0.0000	2.0000	0.0000	0.0000	0.0000	0.0000	0.0000	0.0000	0.0000	0.0000	0.0000	0.0000	0.0000	0.0000	0.0000	0.0000	0.0000	0.0000	0.0000	0.0000	0.0000	0.0000	0.0000	0.0000	0.0000	0.0000	0.0000	0.0000	0.0000	0.0000	0.0000	0.0000	0.0000	0.0000	0.0000	0.0000	0.0000	0.0000	0.0000	0.0000	0.0000	0.0000	0.0000	0.0000	0.0000	0.0000	0.0000	0.0000	0.0000	0.0000	0.0000	0.0000	0.0000	0.0000	0.0000	0.0000	0.0000											
58	94	0.1470	6	2	1	1	1	0	0	0	0	Y	N	N	N	N	N	N	N	N	N	N	N	0.0000	0.0000	0.0000	0.0000	0.0000	0.0000	0.0000	0.0000	0.0000	0.0000	0.0000	0.0000	0.0000	0.0000	0.0000	0.0000	0.0000	0.0000	0.0000	0.0000	0.0000	0.0000	2.0000	0.0001	0.0000	0.0000	0.0000	0.0000	0.0000	0.0000	0.0000	0.0000	0.0000	0.0000	0.0000	0.0000	0.0000	0.0000	0.0000	0.0000	0.0000	0.0000	0.0000	0.0000	0.0000	0.0000	0.0000	0.0000	0.0000	0.0000	0.0000	0.0000	0.0000	0.0000	0.0000	0.0000	0.0000	0.0000	0.0000	0.0000	0.0000	0.0000	0.0000	0.0000	0.0000	0.0000	0.0000	0.0000	0.0000	0.0000	0.0000	0.0000	0.0000	0.0000	0.0000	0.0000	0.0000	0.0000											
58	95	0.1290	5	1	1	1	1	0	0	0	0	N	N	N	N	N	N	N	N	N	N	N	N	0.0000	0.0000	0.0000	0.0000	0.0000	0.0000	0.0000	0.0000	0.0000	0.0000	0.0000	0.0000	0.0000	0.0000	0.0000	0.0000	0.0000	0.0000	0.0000	0.0000	0.0000	0.9845	2.0000	0.9903	0.0000	0.0000	0.0000	0.0000	0.0000	0.0000	0.0000	0.0000	0.0000	0.0000	0.0000	0.0000	0.0000	0.0000	0.0000	0.0000	0.0000	0.0000	0.0000	0.0000	0.0000	0.0000	0.0000	0.0000	0.0000	0.0000	0.0000	0.0084	0.0051	0.0033	0.0008	0.0007	0.0001	0.0075	0.0044	0.0032	0.0000	0.0000	0.0000	0.0000	0.0000	0.0000	0.0000	0.0000	0.0000	0.0000	0.0000	0.0000	0.0000	0.0000	0.0000	0.0000	0.0000	0.0000											
58	96	0.1262	5	1	1	1	0	0	0	0	0	N	N	N	N	N	N	N	N	N	N	N	N	0.0000	0.0000	0.0000	0.0000	0.0000	0.0000	0.0000	0.0000	0.0000	0.0000	0.0000	0.0000	0.0000	0.0000	0.0000	0.0000	0.0000	0.0000	0.0000	0.0000	0.0000	1.0063	2.0000	3.7812	0.0000	0.0000	0.0000	0.0000	0.0000	0.0000	0.0000	0.0000	0.0000	0.0000	0.0000	0.0000	0.0000	0.0000	0.0000	0.0000	0.0000	0.0000	0.0000	0.0000	0.0000	0.0000	0.0000	0.0000	0.0000	0.0000	0.0000	0.0304	0.0198	0.0106	0.0089	0.0077	0.0011	0.0216	0.0121	0.0095	0.0000	0.0000	0.0000	0.0000	0.0000	0.0000	0.0000	0.0000	0.0000	0.0000	0.0000	0.0000	0.0000	0.0000	0.0000	0.0000	0.0000	0.0000											
58	97	0.1290	5	1	0	2	1	0	0	0	0	N	N	Y	N	N	N	N	N	N	N	N	N	0.0000	0.0000	0.0000	0.0000	0.0000	0.0000	0.0000	0.0000	0.0000	0.0000	0.0000	0.0000	0.0000	0.0000	0.0000	0.0000	0.0000	0.0000	0.0000	0.0000	0.0000	1.0165	2.0000	1.0129	0.0000	0.0000	0.0000	0.0000	0.0000	0.0000	0.0000	0.0000	0.0000	0.0000	0.0000	0.0000	0.0000	0.0000	0.0000	0.0000	0.0000	0.0000	0.0000	0.0000	0.0000	0.0000	0.0000	0.0000	0.0000	0.0000	0.0000	0.0086	0.0052	0.0034	0.0009	0.0008	0.0001	0.0077	0.0045	0.0033	0.0000	0.0000	0.0000	0.0000	0.0000	0.0000	0.0000	0.0000	0.0000	0.0000	0.0000	0.0000	0.0000	0.0000	0.0000	0.0000	0.0000	0.0000											
58	98	0.1161	4	1	0	1	1	0	0	0	0	N	N	N	N	N	N	N	N	N	N	N	N	0.0000	0.0000	0.0000	0.0000	0.0000	0.0000	0.0000	0.0000	0.0000	0.0000	0.0000	0.0000	0.0000	0.0000	0.0000	0.0000	0.0000	0.0000	0.0000	0.0000	0.0000	2.0241	2.0000	1.0265	0.0000	0.0000	0.0000	0.0000	0.0000	0.0000	0.0000	0.0000	0.0000	0.0000	0.0000	0.0000	0.0000	0.0000	0.0000	0.0000	0.0000	0.0000	0.0000	0.0000	0.0000	0.0000	0.0000	0.0000	0.0000	0.0000	0.0000	0.0123	0.0074	0.0049	0.0014	0.0011	0.0003	0.0109	0.0063	0.0047	0.0000	0.0000	0.0000	0.0000	0.0000	0.0000	0.0000	0.0000	0.0000	0.0000	0.0000	0.0000	0.0000	0.0000	0.0000	0.0000	0.0000	0.0000											
58	99	0.1161	4	1	0	2	1	0	0	0	0	N	N	Y	N	N	N	N	N	N	N	N	N	0.0000	0.0000	0.0000	0.0000	0.0000	0.0000	0.0000	0.0000	0.0000	0.0000	0.0000	0.0000	0.0000	0.0000	0.0000	0.0000	0.0000	0.0000	0.0000	0.0000	0.0000	3.0066	2.0000	0.0000	0.0000	0.0000	0.0000	0.0000	0.0000	0.0000	0.0000	0.0000	0.0000	0.0000	0.0000	0.0000	0.0000	0.0000	0.0000	0.0000	0.0000	0.0000	0.0000	0.0000	0.0000	0.0000	0.0000	0.0000	0.0000	0.0000	0.0000	0.0121	0.0073	0.0049	0.0013	0.0011	0.0003	0.0108	0.0062	0.0046	0.0000	0.0000	0.0000	0.0000	0.0000	0.0000	0.0000	0.0000	0.0000	0.0000	0.0000	0.0000	0.0000	0.0000	0.0000	0.0000	0.0000	0.0000											
58	100	0.1418	4	1	0	2	1	0	0	0	0	N	N	Y	N	N	N	N	N	N	N	N	N	0.0000	0.0000	0.0000	0.0000	0.0000	0.0000	0.0000	0.0000	0.0000	0.0000	0.0000	0.0000	0.0000	0.0000	0.0000	0.0000	0.0000	0.0000	0.0000	0.0000	0.0000	0.0000	2.0000	2.0000	0.0000	0.0000	0.0000	0.0000	0.0000	0.0000	0.0000	0.0000	0.0000	0.0000	0.0000	0.0000	0.0000	0.0000	0.0000	0.0000	0.0000	0.0000	0.0000	0.0000	0.0000	0.0000	0.0000	0.0000	0.0000	0.0000	0.0000	0.0078	0.0046	0.0032	0.0009	0.0007	0.0002	0.0069	0.0039	0.0030	0.0000	0.0000	0.0000	0.0000	0.0000	0.0000	0.0000	0.0000	0.0000	0.0000	0.0000	0.0000	0.0000	0.0000	0.0000	0.0000	0.0000	0.0000											
58	101	0.1028	3	1	0	2	1	0	0	0	0	N	N	Y	N	N	N	N	N	N	N	N	N	0.0000	0.0000	0.0000	0.0000	0.0000	0.0000	0.0000	0.0000	0.0000	0.0000	0.0000	0.0000	0.0000	0.0000	0.0000	0.0000	0.0000	0.0000	0.0000	0.0000	0.0000	5.8899	2.0000	3.1847	0.0000	0.0000	0.0000	0.0000	0.0000	0.0000	0.0000	0.0000	0.0000	0.0000	0.0000	0.0000	0.0000	0.0000	0.0000	0.0000	0.0000	0.0000	0.0000	0.0000	0.0000	0.0000	0.0000	0.0000	0.0000	0.0000	0.0000	0.0373	0.0224	0.0149	0.0047	0.0039	0.0007	0.0327	0.0185	0.0142	0.0000	0.0000	0.0000	0.0000	0.0000	0.0000	0.0000	0.0000	0.0000	0.0000	0.0000	0.0000	0.0000	0.0000	0.0000	0.0000	0.0000	0.0000											
58	102	0.1496	3	2	1	1	0	0	0	0	0	Y	N	N	N	N	N	N	N	N	N	N	N	0.0000	0.0000	0.0000	0.0000	0.0000	0.0000	0.0000	0.0000	0.0000	0.0000	0.0000	0.0000	0.0000	0.0000	0.0000	0.0000	0.0000	0.0000	0.0000	0.0000	0.0000	0.0000	2.0000	0.0000	0.0000	0.0000	0.0000	0.0000	0.0000	0.0000	0.0000	0.0000	0.0000	0.0000	0.0000	0.0000	0.0000	0.0000	0.0000	0.0000	0.0000	0.0000	0.0000	0.0000	0.0000	0.0000	0.0000	0.0000	0.0000	0.0000	0.0000	0.0000	0.0000	0.0000	0.0000	0.0000	0.0000	0.0000	0.0000	0.0000	0.0000	0.0000	0.0000	0.0000	0.0000	0.0000	0.0000	0.0000	0.0000	0.0000	0.0000	0.0000	0.0000	0.0000	0.0000	0.0000	0.0000	0.0000											
58	103	0.0503	2	2	1	1	0	0	0	0	0	Y	N	N	N	N	N	N	N	N	N	N	N	0.0000	0.0000	0.0000	0.0000	0.0000	0.0000	0.0000	0.0000	0.0000	0.0000	0.0000	0.0000	0.0000	0.0000	0.0000	0.0000	0.0000	0.0000	0.0000	0.0000	0.0000	8.0012	2.0000	14.0016	0.0000	0.0000	0.0000	0.0000	0.0000	0.0000	0.0000	0.0000	0.0000	0.0000	0.0000	0.0000	0.0000	0.0000	0.0000	0.0000	0.0000	0.0000	0.0000	0.0000	0.0000	0.0000	0.0000	0.0000	0.0000	0.0000	0.0000	0.0763	0.0444	0.0319	0.0023	0.0018	0.0005	0.0741	0.0427	0.0314	0.0000	0.0000	0.0000	0.0000	0.0000	0.0000	0.0000	0.0000	0.0000	0.0000	0.0000	0.0000	0.0000	0.0000	0.0000	0.0000	0.0000	0.0000											
58	104	0.1132	3	1	1	1	0	0	0	0	0	N	N	N	N	N	N	N	N	N	N	N	N	0.0000	0.0000	0.0000	0.0000	0.0000	0.0000	0.0000	0.0000	0.0000	0.0000	0.0000	0.0000	0.0000	0.0000	0.0000	0.0000	0.0000	0.0000	0.0000	0.0000	0.0000	2.0010	2.0000	1.0153	0.0000	0.0000	0.0000	0.0000	0.0000	0.0000	0.0000	0.0000	0.0000	0.0000	0.0000	0.0000	0.0000	0.0000	0.0000	0.0000	0.0000	0.0000	0.0000	0.0000	0.0000	0.0000	0.0000	0.0000	0.0000	0.0000	0.0000	0.0128	0.0078	0.0050	0.0027	0.0020	0.0006	0.0102	0.0058	0.0044	0.0000	0.0000	0.0000	0.0000	0.0000	0.0000	0.0000	0.0000	0.0000	0.0000	0.0000	0.0000	0.0000	0.0000	0.0000	0.0000	0.0000	0.0000											
58	105	0.0503	2	1	1	1	0	0	0	0	0	N	N	N	N	N	N	N	N	N	N	N	N	0.0000	0.0000	0.0000	0.0000	0.0000	0.0000	0.0000	0.0000	0.0000	0.0000	0.0000	0.0000	0.0000	0.0000	0.0000	0.0000	0.0000	0.0000	0.0000	0.0000	0.0000	3.0162	2.0000	11.0438	0.0000	0.0000	0.0000	0.0000	0.0000	0.0000	0.0000	0.0000	0.0000	0.0000	0.0000	0.0000	0.0000	0.0000	0.0000	0.0000	0.0000	0.0000	0.0000	0.0000	0.0000	0.0000	0.0000	0.0000	0.0000	0.0000	0.0000	0.0517	0.0301	0.0216	0.0015	0.0012	0.0003	0.0502	0.0289	0.0213	0.0000	0.0000	0.0000	0.0000	0.0000	0.0000	0.0000	0.0000	0.0000	0.0000	0.0000	0.0000	0.0000	0.0000	0.0000	0.0000	0.0000	0.0000											
58	106	0.1511	7	2	1	1	0	0	0	0	0	Y	N	N	N	N	N	N	N	N	N	N	N	0.0000	0.0000	0.0000	0.0000	0.0000	0.0000	0.0000	0.0000	0.0000	0.0000	0.0000	0.0000	0.0000	0.0000	0.0000	0.0000	0.0000	0.0000	0.0000	0.0000	0.0000	1.0000	2.0000	1.0000	0.0000	0.0000	0.0000	0.0000	0.0000	0.0000	0.0000	0.0000	0.0000	0.0000	0.0000	0.0000	0.0000	0.0000	0.0000	0.0000	0.0000	0.0000	0.0000	0.0000	0.0000	0.0000	0.0000	0.0000	0.0000	0.0000	0.0000	0.0084	0.0053	0.0030	0.0026	0.0021	0.0005	0.0057	0.0032	0.0025	0.0000	0.0000	0.0000	0.0000	0.0000	0.0000	0.0000	0.0000	0.0000	0.0000	0.0000	0.0000	0.0000	0.0000	0.0000	0.0000	0.0000	0.0000											
58	107	0.1470	6	2	1	1	0	0	0	0	0	Y	N	N	N	N	N	N	N	N	N	N	N	0.0000	0.0000	0.0000	0.0000	0.0000	0.0000	0.0000	0.0000	0.0000	0.0000	0.0000	0.0000	0.0000	0.0000	0.0000	0.0000	0.0000	0.0000	0.0000	0.0000	0.0000	0.0000	2.0000	0.9999	0.0000	0.0000	0.0000	0.0000	0.0000	0.0000	0.0000	0.0000	0.0000	0.0000	0.0000	0.0000	0.0000	0.0000	0.0000	0.0000	0.0000	0.0000	0.0000	0.0000	0.0000	0.0000	0.0000	0.0000	0.0000	0.0000	0.0000	0.0042	0.0026	0.0016	0.0010	0.0008	0.0002	0.0032	0.0018	0.0014	0.0000	0.0000	0.0000	0.0000	0.0000	0.0000	0.0000	0.0000	0.0000	0.0000	0.0000	0.0000	0.0000	0.0000	0.0000	0.0000	0.0000	0.0000											
58	108	0.1262	5	2	1	1	0	0	0	0	0	Y	N	N	N	N	N	N	N	N	N	N	N	0.0000	0.0000	0.0000	0.0000	0.0000	0.0000	0.0000	0.0000	0.0000	0.0000	0.0000	0.0000	0.0000	0.0006	0.0010	0.0000	0.0022	0.0026	0.0000	0.0000	0.0000	0.0000	0.0000	0.0000	-0.0000	0.0000	0.0100	2.0000	4.8896	0.0000	0.0000	0.0000	0.0000	0.0000	0.0000	0.0000	0.0000	0.0000	0.0000	0.0000	0.0000	0.0000	0.0000	0.0000	0.0000	0.0000	0.0000	0.0000	0.0000	0.0000	0.0000	0.0000	0.0000	0.0000	0.0000	0.0000	0.0308	0.0201	0.0108	0.0089	0.0078	0.0011	0.0219	0.0123	0.0096	0.0000	0.0000	0.0000	0.0000	0.0000	0.0000	0.0000	0.0000	0.0000	0.0006	0.0010	0.0000	0.0022	0.0026	0.0000	0.0000	0.0000	0.0000						
58	109	0.1161	4	1	1	1	0	0	0	0	0	N	N	N	N	N	N	N	N	N	N	N	N	0.0000	0.0000	0.0000	0.0000	0.0000	0.0000	0.0000	0.0000	0.0000	0.0000	0.0000	0.0000	0.0000	0.0021	0.0034	0.0000	0.0000	0.0000	0.0000	0.0023	0.0040	0.0000	0.0000	0.0000	-0.0000	0.0000	1.0007	2.0000	1.4004	0.0000	0.0000	0.0000	0.0000	0.0000	0.0000	0.0000	0.0000	0.0000	0.0000	0.0000	0.0000	0.0000	0.0000	0.0000	0.0000	0.0000	0.0000	0.0000	0.0000	0.0000	0.0000	0.0000	0.0000	0.0000	0.0000	0.0000	0.0097	0.0058	0.0039	0.0011	0.0009	0.0002	0.0086	0.0050	0.0037	0.0000	0.0000	0.0000	0.0000	0.0000	0.0000	0.0000	0.0000	0.0000	0.0021	0.0034	0.0000	0.0000	0.0000	0.0000	0.0023	0.0040	0.0000						
58	110	0.1028	3	1	0	1	0	0	0	0	0	N	N	N	N	N	N	N	N	N	N	N	N	0.0000	0.0000	0.0000	0.0000	0.0000	0.0000	0.0000	0.0000	0.0000	0.0000	0.0000	0.0000	0.0000	0.0000	0.0000	0.0000	0.0000	0.0000	0.0000	0.0000	0.0000	0.3039	2.0000	2.8719	0.0000	0.0000	0.0000	0.0000	0.0000	0.0000	0.0000	0.0000	0.0000	0.0000	0.0000	0.0000	0.0000	0.0000	0.0000	0.0000	0.0000	0.0000	0.0000	0.0000	0.0000	0.0000	0.0000	0.0000	0.0000	0.0000	0.0000	0.0153	0.0093	0.0060	0.0025	0.0023	0.0003	0.0128	0.0071	0.0057	0.0000	0.0000	0.0000	0.0000	0.0000	0.0000	0.0000	0.0000	0.0000	0.0000	0.0000	0.0000	0.0000	0.0000	0.0000	0.0000	0.0000	0.0000											
58	111	0.0503	2	1	0	1	0	0	0	0	0	N	N	N	N	N	N	N	N	N	N	N	N	0.0000	0.0000	0.0000	0.0000	0.0000	0.0000	0.0000	0.0000	0.0000	0.0000	0.0000	0.0000	0.0000	0.0000	0.0000	0.0000	0.0000	0.0000	0.0000	0.0000	0.0000	3.8240	2.0000	8.1760	0.0000	0.0000	0.0000	0.0000	0.0000	0.0000	0.0000	0.0000	0.0000	0.0000	0.0000	0.0000	0.0000	0.0000	0.0000	0.0000	0.0000	0.0000	0.0000	0.0000	0.0000	0.0000	0.0000	0.0000	0.0000	0.0000	0.0000	0.0448	0.0260	0.0187	0.0013	0.0010	0.0003	0.0435	0.0250	0.0185	0.0000	0.0000	0.0000	0.0000	0.0000	0.0000	0.0000	0.0000	0.0000	0.0000	0.0000	0.0000	0.0000	0.0000	0.0000	0.0000	0.0000	0.0000											
58	115	0.2429	5	1	0	1	0	0	0	0	0	N	N	N	N	N	N	N	N	N	N	N	N	0.0000	0.0000	0.0000	0.0000	0.0000	0.0000	0.0000	0.0000	0.0000	0.0000	0.0000	0.0000	0.0000	0.0030	0.0042	0.0000	0.0065	0.0075	0.0000	0.0000	0.0000	0.0000	0.0000	0.0000	-0.0002	0.0000	8.9918	2.0000	13.3277	0.0000	0.0000	0.0000	0.0000	0.0000	0.0000	0.0000	0.0000	0.0000	0.0004	0.0004	0.0000	0.0004	0.0004	0.0000	0.0000	0.0000	0.0000	0.0000	0.0000	0.0000	0.0000	0.0000	0.0000	0.0000	0.0000	0.0000	0.1498	0.1084	0.0414	0.0695	0.0598	0.0097	0.0803	0.0486	0.0317	0.0000	0.0000	0.0000	0.0000	0.0000	0.0000	0.0000	0.0000	0.0000	0.0030	0.0042	0.0000	0.0065	0.0075	0.0000	0.0000	0.0000	0.0000						
59	61	0.2077	7	0	1	1	0	0	0	0	0	N	N	N	N	N	N	N	N	N	N	N	N	0.0000	0.0000	0.0000	0.0000	0.0000	0.0000	0.0000	0.0000	0.0000	0.0000	0.0000	0.0000	0.0000	0.0000	0.0000	0.0000	0.0000	0.0000	0.0000	0.0000	1.9997	0.0000	3.4660	1.0000	0.0000	0.0000	0.0000	0.0000	0.0000	0.0000	0.0000	0.0000	0.0000	0.0000	0.0000	0.0000	0.0000	0.0000	0.0000	0.0000	0.0000	0.0000	0.0000	0.0000	0.0000	0.0000	0.0000	0.0000	0.0000	0.0000	0.0000	0.0142	0.0097	0.0045	0.0042	0.0036	0.0006	0.0100	0.0061	0.0039	0.0000	0.0000	0.0000	0.0000	0.0000	0.0000	0.0000	0.0000	0.0000	0.0000	0.0000	0.0000	0.0000	0.0000	0.0000	0.0000	0.0000	0.0000											
59	62	0.2034	6	0	1	0	0	0	0	0	0	N	N	N	N	N	N	N	N	N	N	N	N	0.0000	0.0000	0.0000	0.0000	0.0000	0.0000	0.0000	0.0000	0.0000	0.0000	0.0000	0.0000	0.0000	0.0000	0.0000	0.0000	0.0000	0.0000	0.0000	0.0000	0.0000	0.0000	0.0057	0.0000	-0.0000	1.9997	0.0001	3.4660	1.0076	0.0000	0.0000	0.0000	0.0000	0.0000	0.0000	0.0000	0.0000	0.0000	0.0000	0.0000	0.0000	0.0000	0.0000	0.0000	0.0000	0.0000	0.0000	0.0000	0.0000	0.0000	0.0000	0.0000	0.0000	0.0000	0.0000	0.0000	0.0173	0.0123	0.0050	0.0057	0.0051	0.0006	0.0117	0.0072	0.0044	0.0000	0.0000	0.0000	0.0000	0.0000	0.0000	0.0000	0.0000	0.0000	0.0000	0.0000	0.0000	0.0000	0.0000	0.0000	0.0000	0.0000	0.0000						
59	63	0.1367	5	0	1	0	0	0	0	0	0	N	N	N	N	N	N	N	N	N	N	N	N	0.0000	0.0000	0.0000	0.0000	0.0000	0.0000	0.0000	0.0000	0.0000	0.0000	0.0000	0.0000	0.0000	0.0014	0.0022	0.0000	0.0064	0.0071	0.0000	0.0000	0.0000	0.0000	0.0000	0.0000	-0.0002	1.9997	11.9999	3.4660	3.0574	0.0000	0.0000	0.0000	0.0000	0.0000	0.0000	0.0000	0.0000	0.0000	0.0003	0.0003	0.0000	0.0003	0.0003	0.0000	0.0000	0.0000	0.0000	0.2907	0.2490	0.0417	0.0137	0.0130	0.0007	0.2770	0.2360	0.0410	0.2004	0.1342	0.0662	0.0453	0.0406	0.0047	0.1551	0.0936	0.0615	0.0000	0.0000	0.0000	0.0000	0.0000	0.0000	0.0000	0.0000	0.0000	0.0014	0.0022	0.0000	0.0064	0.0071	0.0000	0.0000	0.0000	0.0000						
59	64	0.0384	2	1	2	0	0	0	0	0	0	N	Y	N	N	N	N	N	N	N	N	N	N	0.0000	0.0000	0.0000	0.0000	0.0000	0.0000	0.0000	0.0000	0.0000	0.0000	0.0000	0.0000	0.0000	0.0000	0.0000	0.0000	0.0000	0.0000	0.0000	0.0000	1.9997	4.0000	3.4660	3.0000	0.0000	0.0000	0.0000	0.0000	0.0000	0.0000	0.0000	0.0000	0.0000	0.0000	0.0000	0.0000	0.0000	0.0000	0.0000	0.0000	0.0000	0.0000	0.1037	0.0881	0.0156	0.0000	0.0000	0.0000	0.1037	0.0881	0.0156	0.1119	0.0666	0.0453	0.0158	0.0151	0.0006	0.0961	0.0515	0.0447	0.0000	0.0000	0.0000	0.0000	0.0000	0.0000	0.0000	0.0000	0.0000	0.0000	0.0000	0.0000	0.0000	0.0000	0.0000	0.0000	0.0000	0.0000											
59	65	0.0802	3	0	1	0	0	0	0	0	0	N	N	N	N	N	N	N	N	N	N	N	N	0.0000	0.0007	0.0000	0.0030	0.0030	0.0000	0.0000	0.0000	0.0000	0.0000	0.0000	0.0000	0.0000	0.0000	0.0000	0.0000	0.0000	6.2765	0.0033	37.0797	0.0123	0.0128	0.0056	7.5115	0.0000	37.2737	0.0000	2851.8286	-0.0000	0.4590	1.9997	2.0015	3.4660	10.0016	0.0000	0.0000	0.0000	0.0000	0.0000	0.0000	0.0000	0.0000	0.0000	0.9985	0.0003	0.9981	0.0004	0.0003	0.0000	0.9981	0.0000	0.9981	0.0536	0.0457	0.0079	0.0030	0.0028	0.0002	0.0506	0.0428	0.0077	0.1621	0.1070	0.0550	0.0292	0.0274	0.0018	0.1329	0.0796	0.0532	0.0000	0.0007	0.0000	0.0030	0.0030	0.0000	0.0000	0.0000	0.0000	6.1611	0.0033	18.1327	0.0123	0.0128	0.0056	7.5115	0.0000	18.7460	
59	67	0.2351	5	0	1	0	0	0	0	0	0	N	N	N	N	N	N	N	N	N	N	N	N	0.1544	0.7673	0.0000	0.1760	0.5057	0.0000	0.0000	0.0000	0.0000	0.2998	0.3465	0.0000	2.2283	2.3148	0.0000	0.0000	0.0000	0.0000	1.9413	0.4517	5.3024	12.6639	4.5779	40.0522	1.5822	0.0001	4.2951	0.0000	6.3165	-0.0195	0.1696	1.9997	4.8614	3.4660	14.2102	0.0423	0.0423	0.0000	0.0423	0.0423	0.0000	0.0000	0.0000	0.0000	0.5244	0.0717	0.4528	0.1814	0.0717	0.1097	0.3430	0.0000	0.3430	0.1410	0.1220	0.0190	0.0190	0.0183	0.0007	0.1220	0.1037	0.0183	0.3771	0.2753	0.1018	0.1603	0.1414	0.0189	0.2168	0.1339	0.0829	0.2156	1.3310	0.0000	1.9695	4.5674	0.0000	0.0000	0.0000	0.0000	1.3905	0.2604	4.4461	1.1314	0.5068	5.7962	1.5822	0.0001	4.1378
59	68	0.0723	5	1	2	1	0	0	0	0	0	N	Y	N	N	N	N	N	N	N	N	N	N	0.0000	0.0000	0.0000	0.0000	0.0000	0.0000	0.0000	0.0000	0.0000	0.0000	0.0000	0.0000	0.0000	0.0000	0.0000	0.0000	0.0000	0.0000	0.0000	0.0000	1.9997	0.0000	3.4660	0.0000	0.0000	0.0000	0.0000	0.0000	0.0000	0.0000	0.0000	0.0000	0.0000	0.0000	0.0000	0.0000	0.0000	0.0000	0.0000	0.0000	0.0000	0.0000	0.0000	0.0000	0.0000	0.0000	0.0000	0.0000	0.0000	0.0000	0.0000	0.0000	0.0000	0.0000	0.0000	0.0000	0.0000	0.0000	0.0000	0.0000	0.0000	0.0000	0.0000	0.0000	0.0000	0.0000	0.0000	0.0000	0.0000	0.0000	0.0000	0.0000	0.0000	0.0000	0.0000	0.0000	0.0000	0.0000											
59	69	0.0682	4	1	1	1	0	0	0	0	0	N	N	N	N	N	N	N	N	N	N	N	N	1.6449	0.0000	14.4704	0.0000	0.0000	0.0000	5.5048	14.2915	0.0005	0.0000	0.0041	0.0000	0.0000	0.0000	0.0008	0.0000	0.0041	0.0003	0.0003	0.0003	0.0010	0.0010	0.0001	0.0001	0.0000	0.0003	inf	0.6077	0.0000	-0.0000	1.9997	0.0016	3.4660	0.9826	0.0000	0.0000	0.0000	0.0000	0.0000	0.0000	0.0000	0.0000	0.0000	0.0000	0.0000	0.0000	0.0000	0.0000	0.0000	0.0000	0.0000	0.0000	0.0001	0.0001	0.0000	0.0001	0.0001	0.0000	0.0001	0.0001	0.0000	0.0177	0.0106	0.0071	0.0034	0.0032	0.0002	0.0143	0.0074	0.0070	1.6449	0.0000	14.4704	0.0000	0.0000	0.0000	5.5048	0.0000	14.2915	0.0003	0.0003	0.0003	0.0010	0.0010	0.0001	0.0001	0.0000	0.0003	
59	70	0.0554	3	1	1	1	0	0	0	0	0	N	N	N	N	N	N	N	N	N	N	N	N	0.0048	0.0191	0.0000	0.0170	0.0165	0.0000	0.0000	0.0000	0.0000	0.0002	0.0002	0.0000	0.0006	0.0006	0.0000	0.0000	0.0000	0.0000	0.0371	0.0105	0.0812	0.0341	0.0350	0.0187	0.0377	0.0000	0.0866	0.0109	4.8719	-0.0000	0.0006	1.9997	0.0061	3.4660	3.0249	0.0000	0.0000	0.0000	0.0000	0.0000	0.0000	0.0000	0.0000	0.0000	0.0020	0.0003	0.0016	0.0003	0.0003	0.0000	0.0016	0.0000	0.0016	0.0004	0.0004	0.0000	0.0001	0.0001	0.0000	0.0003	0.0002	0.0000	0.0536	0.0323	0.0213	0.0102	0.0097	0.0005	0.0434	0.0227	0.0207	0.0048	0.0191	0.0000	0.0170	0.0165	0.0000	0.0000	0.0000	0.0000	0.0371	0.0105	0.0774	0.0341	0.0350	0.0187	0.0377	0.0000	0.0789
59	71	0.0384	2	1	1	1	0	0	0	0	0	N	N	N	N	N	N	N	N	N	N	N	N	0.0000	0.0000	0.0000	0.0000	0.0000	0.0000	0.0000	0.0000	0.0000	0.0000	0.0000	0.0000	0.0000	0.0000	0.0000	0.0000	0.0000	0.0000	0.0003	0.0002	0.0004	0.0009	0.0010	0.0002	0.0002	0.0000	0.0004	1.1960	-0.0000	0.0000	1.9997	0.0044	3.4660	4.0281	0.0000	0.0000	0.0000	0.0000	0.0000	0.0000	0.0000	0.0000	0.0000	0.0000	0.0000	0.0000	0.0000	0.0000	0.0000	0.0000	0.0000	0.0000	0.0001	0.0001	0.0000	0.0000	0.0000	0.0000	0.0001	0.0001	0.0000	0.0664	0.0393	0.0270	0.0094	0.0090	0.0004	0.0570	0.0303	0.0267	0.0000	0.0000	0.0000	0.0000	0.0000	0.0000	0.0000	0.0000	0.0000	0.0003	0.0002	0.0004	0.0009	0.0010	0.0002	0.0002	0.0000	0.0004	
59	72	0.0802	3	0	2	0	0	0	0	0	0	N	Y	N	N	N	N	N	N	N	N	N	N	20387.4642	15744.5259	inf	0.0000	0.0000	inf	inf	inf	6.4768	7.5814	0.0036	0.0000	0.0000	0.0000	6.8506	8.0690	0.0036	0.0003	0.0005	0.0000	0.0018	0.0019	0.0000	0.0000	0.0000	0.0000	0.0001	0.0000	-0.4616	-0.0000	1.9997	5.9987	3.4660	11.0016	0.9998	0.9997	0.0001	0.0000	0.0000	0.0000	0.9998	0.9997	0.0001	0.0001	0.0001	0.0000	0.0001	0.0001	0.0000	0.0000	0.0000	0.0000	0.1544	0.1319	0.0225	0.0084	0.0080	0.0005	0.1459	0.1239	0.0220	0.2203	0.1454	0.0750	0.0394	0.0369	0.0025	0.1809	0.1084	0.0725	20387.4642	15744.5259	inf	0.0000	0.0000	0.0000	inf	inf	inf	0.0003	0.0005	0.0000	0.0018	0.0019	0.0000	0.0000	0.0000	0.0000	
59	73	0.0384	2	1	1	1	0	0	0	0	0	N	N	N	N	N	N	N	N	N	N	N	N	inf	inf	inf	inf	0.0015	0.0018	0.0000	5.0206	5.0415	0.0000	0.0000	0.0000	0.0000	0.0000	0.0000	0.0000	0.0000	0.0000	0.0000	0.0000	0.0000	0.0000	0.0000	-0.0000	0.0000	1.9997	2.0000	3.4660	5.0000	0.0001	0.0001	0.0000	0.0001	0.0001	0.0000	0.0000	0.0000	0.0000	0.0000	0.0000	0.0000	0.0000	0.0000	0.0000	0.0000	0.0000	0.0000	0.0528	0.0449	0.0080	0.0000	0.0000	0.0000	0.0528	0.0448	0.0080	0.1119	0.0666	0.0453	0.0158	0.0151	0.0006	0.0961	0.0515	0.0447	inf	inf	0.0000	inf	inf	0.0000	0.0000	0.0000	0.0000	0.0000	0.0000	0.0000	0.0000	0.0000	0.0000	0.0000	0.0000	0.0000						
59	74	0.1220	5	0	2	0	0	0	0	0	0	N	Y	N	N	N	N	N	N	N	N	N	N	1.6436	0.0000	49258053.2028	0.0517	0.0494	0.0000	1.3488	0.0000	87426233.3121	6.1518	0.0000	42.5264	0.0004	0.0004	0.0000	6.5915	0.0000	43.3610	3.7430	5.7407	0.0000	0.0070	0.0076	0.0000	4.8870	8.0244	0.0000	256241.0333	0.0000	0.5381	-0.5377	1.9997	6.1274	3.4660	13.6208	0.9998	0.0000	0.9998	0.0000	0.0000	0.0000	0.9998	0.0000	0.9998	0.9959	0.9959	0.0000	0.0004	0.0004	0.0000	0.9954	0.9954	0.0000	0.1625	0.1390	0.0235	0.0108	0.0104	0.0005	0.1517	0.1286	0.0231	0.2661	0.1812	0.0849	0.0624	0.0571	0.0053	0.2037	0.1241	0.0796	1.6436	0.0000	49258053.2028	0.0517	0.0494	0.0000	1.3488	0.0000	87426233.3121	3.7430	5.4972	0.0000	0.0070	0.0076	0.0000	4.8870	8.0244	0.0000
59	75	0.1466	8	0	1	1	0	0	0	0	0	N	N	N	N	N	N	N	N	N	N	N	N	0.0000	0.0000	0.0000	0.0000	0.0000	0.0000	0.0000	0.0000	0.0000	0.0000	0.0000	0.0000	0.0000	0.0000	0.0000	0.0000	0.0000	0.0000	0.0000	0.0000	1.9997	0.0000	3.4660	1.0003	0.0000	0.0000	0.0000	0.0000	0.0000	0.0000	0.0000	0.0000	0.0000	0.0000	0.0000	0.0000	0.0000	0.0000	0.0000	0.0000	0.0000	0.0000	0.0000	0.0000	0.0000	0.0000	0.0000	0.0000	0.0000	0.0000	0.0000	0.0168	0.0102	0.0066	0.0035	0.0032	0.0003	0.0133	0.0070	0.0062	0.0000	0.0000	0.0000	0.0000	0.0000	0.0000	0.0000	0.0000	0.0000	0.0000	0.0000	0.0000	0.0000	0.0000	0.0000	0.0000	0.0000	0.0000											
59	76	0.1424	7	0	1	1	0	0	0	0	0	N	N	N	N	N	N	N	N	N	N	N	N	0.0000	0.0000	0.0000	0.0000	0.0000	0.0000	0.0000	0.0000	0.0000	0.0000	0.0000	0.0000	0.0000	0.0000	0.0000	0.0000	0.0000	0.0000	0.0000	0.0000	1.9997	0.0000	3.4660	1.0076	0.0000	0.0000	0.0000	0.0000	0.0000	0.0000	0.0000	0.0000	0.0000	0.0000	0.0000	0.0000	0.0000	0.0000	0.0000	0.0000	0.0000	0.0000	0.0000	0.0000	0.0000	0.0000	0.0000	0.0000	0.0000	0.0000	0.0000	0.0168	0.0102	0.0066	0.0034	0.0031	0.0003	0.0134	0.0071	0.0063	0.0000	0.0000	0.0000	0.0000	0.0000	0.0000	0.0000	0.0000	0.0000	0.0000	0.0000	0.0000	0.0000	0.0000	0.0000	0.0000	0.0000	0.0000											
59	77	0.1384	6	0	1	0	0	0	0	0	0	N	N	N	N	N	N	N	N	N	N	N	N	314.6496	0.0000	3520.9145	0.0000	0.0000	1106.8864	3387.0508	0.0003	0.0000	0.0030	0.0000	0.0000	0.0000	0.0005	0.0000	0.0030	0.0000	0.0000	0.0000	0.0000	0.0000	0.0000	0.0000	0.0000	0.0000	inf	0.5238	0.0000	-0.0000	1.9997	0.0026	3.4660	0.9924	0.0000	0.0000	0.0000	0.0000	0.0000	0.0000	0.0000	0.0000	0.0000	0.0000	0.0000	0.0000	0.0000	0.0000	0.0000	0.0000	0.0000	0.0000	0.0002	0.0002	0.0000	0.0001	0.0001	0.0000	0.0001	0.0001	0.0000	0.0166	0.0101	0.0065	0.0034	0.0031	0.0003	0.0132	0.0070	0.0062	314.6496	0.0000	3520.9145	0.0000	0.0000	0.0000	1106.8864	0.0000	3387.0508	0.0000	0.0000	0.0000	0.0000	0.0000	0.0000	0.0000	0.0000	0.0000		
59	78	0.1220	5	0	1	0	0	0	0	0	0	N	N	N	N	N	N	N	N	N	N	N	N	0.0703	0.0364	771.1626	0.0757	0.0730	0.2740	334.1388	0.0000	1010.3704	0.0025	0.0019	0.0064	0.0191	0.0197	0.0000	0.0010	0.0000	0.0066	0.0359	0.0511	0.0000	0.2518	0.2701	0.0000	0.0000	0.0000	0.0000	0.5850	0.0001	-0.0000	-0.0015	1.9997	2.8733	3.4660	1.5522	0.0002	0.0001	0.0001	0.0001	0.0001	0.0000	0.0001	0.0000	0.0001	0.0028	0.0028	0.0000	0.0028	0.0028	0.0000	0.0000	0.0000	0.0000	0.0816	0.0698	0.0118	0.0068	0.0066	0.0002	0.0748	0.0632	0.0116	0.0792	0.0556	0.0236	0.0218	0.0205	0.0013	0.0573	0.0351	0.0222	0.0703	0.0364	771.1626	0.1465	0.1423	0.2740	334.1388	0.0000	1010.3704	0.0359	0.0511	0.0000	0.1301	0.1386	0.0000	0.0000	0.0000	0.0000
59	79	0.1099	4	0	1	0	0	0	0	0	0	N	N	N	N	N	N	N	N	N	N	N	N	0.2491	0.0413	10.4434	0.0752	0.0629	0.0000	0.3785	0.0000	10.2516	0.0181	0.0040	0.1093	0.0156	0.0157	0.0000	0.0188	0.0000	0.1109	0.0727	0.0964	0.0105	0.2069	0.2497	0.0008	0.0497	0.0740	0.0108	4.2452	0.0415	0.0001	-0.0030	1.9997	0.2102	3.4660	3.4985	0.0002	0.0000	0.0001	0.0000	0.0000	0.0000	0.0001	0.0000	0.0001	0.0060	0.0057	0.0002	0.0031	0.0031	0.0000	0.0028	0.0026	0.0002	0.0091	0.0079	0.0012	0.0020	0.0020	0.0000	0.0071	0.0059	0.0012	0.0822	0.0595	0.0227	0.0252	0.0244	0.0008	0.0570	0.0351	0.0219	0.2491	0.0413	10.4434	0.1250	0.1221	0.0000	0.3785	0.0000	10.2516	0.0727	0.0964	0.0105	0.1246	0.1286	0.0008	0.0497	0.0740	0.0108
59	80	0.1409	6	0	2	0	0	0	0	0	0	N	Y	N	N	N	N	N	N	N	N	N	N	0.0000	0.0000	0.0000	0.0001	0.0000	0.0003	0.0000	0.0000	0.0000	0.0000	0.0000	0.0000	0.0000	0.0000	0.0000	0.0000	0.0000	0.0000	1.0648	0.0050	2.9462	0.0249	0.0152	0.1180	0.8138	0.0000	3.2525	inf	182.8889	0.0000	0.0334	1.9997	2.0196	3.4660	6.0690	0.0000	0.0000	0.0000	0.0000	0.0000	0.0000	0.0000	0.0000	0.0000	0.0734	0.0004	0.0730	0.0007	0.0004	0.0003	0.0727	0.0000	0.0727	0.0547	0.0466	0.0081	0.0041	0.0038	0.0003	0.0505	0.0428	0.0078	0.1183	0.0801	0.0382	0.0290	0.0262	0.0027	0.0893	0.0539	0.0354	0.0000	0.0000	0.0000	0.0001	0.0000	0.0003	0.0000	0.0000	0.0000	0.6205	0.0050	1.9128	0.0249	0.0152	0.1180	0.8138	0.0000	2.0504
59	81	0.1327	5	0	1	0	0	0	0	0	0	N	N	N	N	N	N	N	N	N	N	N	N	0.0000	0.0000	0.0000	0.0001	0.0001	0.0000	0.0000	0.0000	0.0000	0.0000	0.0000	0.0000	0.0000	0.0000	0.0000	0.0000	0.0000	0.0000	35.7454	0.0416	239.0894	0.0850	0.0852	0.0699	40.5108	0.0237	243.4453	0.0000	1108.1792	-0.0000	0.4222	1.9997	0.9876	3.4660	0.9833	0.0000	0.0000	0.0000	0.0000	0.0000	0.0000	0.0000	0.0000	0.0000	0.9195	0.0008	0.9186	0.0005	0.0005	0.0000	0.9189	0.0003	0.9186	0.0265	0.0225	0.0039	0.0015	0.0014	0.0001	0.0249	0.0211	0.0038	0.0295	0.0199	0.0096	0.0069	0.0062	0.0007	0.0227	0.0137	0.0089	0.0000	0.0000	0.0000	0.0001	0.0001	0.0000	0.0000	0.0000	0.0000	31.1257	0.0416	95.7038	0.0801	0.0812	0.0699	40.5108	0.0237	102.7750
59	82	0.0667	3	1	1	1	0	0	0	0	0	N	N	N	N	N	N	N	N	N	N	N	N	1.4867	1.1661	0.0019	0.0018	inf	inf	0.0030	0.0035	0.0000	0.0000	0.0000	0.0000	0.0031	0.0037	0.0000	0.0020	0.0030	0.0000	0.0099	0.0106	0.0000	0.0000	0.0000	0.0000	0.0000	0.0000	-0.0000	-0.0001	1.9997	1.0000	3.4660	2.9874	0.0001	0.0001	0.0000	0.0000	0.0000	0.0000	0.0001	0.0001	0.0000	0.0001	0.0001	0.0000	0.0001	0.0001	0.0000	0.0000	0.0000	0.0000	0.0269	0.0229	0.0040	0.0012	0.0011	0.0001	0.0257	0.0218	0.0040	0.0599	0.0400	0.0199	0.0121	0.0113	0.0008	0.0479	0.0287	0.0192	1.4867	1.1661	0.0000	0.0019	0.0018	0.0000	inf	inf	0.0000	0.0020	0.0030	0.0000	0.0099	0.0106	0.0000	0.0000	0.0000	0.0000			
59	83	0.0384	2	1	1	1	0	0	0	0	0	N	N	N	N	N	N	N	N	N	N	N	N	11.2043	7.8605	5221.3111	5033.5374	0.0030	0.0035	0.0000	9.9235	9.9650	0.0000	0.0000	0.0000	0.0000	0.0003	0.0004	0.0000	0.0019	0.0020	0.0000	0.0000	0.0000	0.0000	0.0000	0.0000	-0.0000	-0.0000	1.9997	0.9997	3.4660	6.0128	0.0001	0.0001	0.0000	0.0001	0.0001	0.0000	0.0000	0.0000	0.0000	0.0000	0.0000	0.0000	0.0000	0.0000	0.0000	0.0000	0.0000	0.0000	0.0267	0.0226	0.0040	0.0000	0.0000	0.0000	0.0267	0.0226	0.0040	0.1121	0.0667	0.0454	0.0158	0.0152	0.0006	0.0963	0.0515	0.0448	11.2043	7.8605	0.0000	5221.3111	5033.5374	0.0000	0.0000	0.0000	0.0000	0.0003	0.0004	0.0000	0.0019	0.0020	0.0000	0.0000	0.0000	0.0000					
59	84	0.0802	3	0	2	0	1	0	0	0	0	N	Y	N	N	N	N	N	N	N	N	N	N	1.2538	0.9519	0.0013	0.0012	1.0899	0.7685	4.9472	5.7853	0.0000	0.0000	0.0000	0.0000	5.2303	6.1536	0.0000	3.9458	6.0779	0.0000	0.0080	0.0085	0.0000	4.7989	8.0076	0.0000	0.0000	0.0000	-0.4616	-0.5391	1.9997	8.0013	3.4660	12.0015	0.9997	0.9997	0.0000	0.0000	0.0000	0.0000	0.9997	0.9997	0.0000	0.9985	0.9985	0.0000	0.0004	0.0004	0.0000	0.9981	0.9981	0.0000	0.2021	0.1728	0.0293	0.0109	0.0103	0.0006	0.1911	0.1625	0.0287	0.2531	0.1669	0.0862	0.0451	0.0422	0.0029	0.2080	0.1246	0.0833	1.2538	0.9668	0.0000	0.0013	0.0012	0.0000	1.0899	0.7685	0.0000	3.9458	5.9841	0.0000	0.0080	0.0085	0.0000	4.7989	8.0076	0.0000			
59	85	0.1367	5	0	2	0	0	0	0	0	0	N	Y	N	N	N	N	N	N	N	N	N	N	0.0000	0.0000	9.8608	9.3608	0.0000	0.0000	0.0004	0.0004	0.0000	0.0076	0.0080	0.0000	0.0000	0.0000	0.0000	8.9590	13.6205	0.0000	0.0008	0.0009	0.0000	11.4191	18.9215	0.0000	0.0000	0.0000	-0.0000	-0.5389	1.9997	1.0000	3.4660	6.9850	0.0000	0.0000	0.0000	0.0000	0.0000	0.0000	0.0000	0.0000	0.0000	0.9981	0.9981	0.0000	0.0000	0.0000	0.0000	0.9981	0.9981	0.0000	0.0268	0.0228	0.0040	0.0013	0.0012	0.0001	0.0255	0.0216	0.0039	0.1133	0.0761	0.0372	0.0259	0.0233	0.0026	0.0874	0.0528	0.0347	0.0000	0.0000	0.0000	9.8608	9.3608	0.0000	0.0000	0.0000	0.0000	8.8085	13.1212	0.0000	0.0008	0.0009	0.0000	11.4191	18.9215	0.0000			
59	86	0.1239	4	0	1	0	0	0	0	0	0	N	N	N	N	N	N	N	N	N	N	N	N	0.0000	0.0000	0.0000	0.0000	0.0000	0.0000	0.0000	0.0000	0.0000	0.0000	0.0000	0.0000	0.0000	0.0000	0.0000	0.0000	0.0079	0.0118	0.0000	0.0346	0.0384	0.0000	0.0000	0.0000	0.0000	0.0000	0.0000	-0.0002	1.9997	1.0086	3.4660	2.0000	0.0000	0.0000	0.0000	0.0000	0.0000	0.0000	0.0000	0.0000	0.0000	0.0004	0.0004	0.0000	0.0004	0.0004	0.0000	0.0000	0.0000	0.0000	0.0273	0.0233	0.0040	0.0014	0.0014	0.0001	0.0259	0.0219	0.0040	0.0447	0.0299	0.0148	0.0102	0.0092	0.0010	0.0345	0.0207	0.0138	0.0000	0.0000	0.0000	0.0000	0.0000	0.0000	0.0000	0.0000	0.0000	0.0079	0.0118	0.0000	0.0346	0.0384	0.0000	0.0000	0.0000	0.0000			
59	87	0.0384	2	0	2	0	0	0	0	0	0	N	Y	N	N	N	N	N	N	N	N	N	N	0.0001	inf	0.0000	3052.5396	inf	0.0000	0.0000	0.0000	0.0008	0.0009	0.0000	2.5696	2.5802	0.0000	0.0000	0.0000	0.0000	6.0709	0.0000	30.0168	0.0008	0.0000	0.0209	6.8633	0.0000	29.7768	0.0000	inf	-0.0000	0.4591	1.9997	4.0000	3.4660	7.0000	0.0001	0.0001	0.0000	0.0001	0.0001	0.0000	0.0000	0.0000	0.0000	0.9979	0.0000	0.9979	0.0000	0.0000	0.0000	0.9979	0.0000	0.9979	0.1037	0.0881	0.0156	0.0000	0.0000	0.0000	0.1037	0.0881	0.0156	0.1692	0.1012	0.0680	0.0238	0.0228	0.0010	0.1454	0.0784	0.0670	0.0001	inf	0.0000	3052.5396	inf	0.0000	0.0000	0.0000	0.0000	5.8994	0.0000	14.6802	0.0008	0.0000	0.0209	6.8633	0.0000	14.8899	
59	89	0.1412	6	0	2	0	0	0	0	0	0	N	Y	N	N	N	N	N	N	N	N	N	N	306.8479	239.0344	0.0000	206.7131	183.0770	0.0000	0.0000	0.0000	1.2322	1.4136	0.0000	3.2849	3.2920	0.0000	0.0000	0.0000	0.0000	0.0040	0.0059	0.0001	0.0159	0.0180	0.0002	0.0000	0.0000	0.0001	0.0000	0.0057	-0.0009	-0.0003	1.9997	0.0157	3.4660	9.0253	0.0018	0.0018	0.0000	0.0018	0.0018	0.0000	0.0000	0.0000	0.0000	0.0005	0.0005	0.0000	0.0005	0.0005	0.0000	0.0000	0.0000	0.0000	0.0015	0.0013	0.0002	0.0006	0.0006	0.0000	0.0009	0.0007	0.0002	0.1285	0.0868	0.0417	0.0323	0.0285	0.0038	0.0962	0.0582	0.0379	306.8479	239.0344	0.0000	206.7131	183.0770	0.0000	0.0000	0.0000	0.0000	0.0040	0.0059	0.0001	0.0159	0.0180	0.0002	0.0000	0.0000	0.0001	
59	90	0.1327	5	0	2	0	0	0	0	0	0	N	Y	N	N	N	N	N	N	N	N	N	N	11.1651	0.0682	492.7681	0.0000	0.0000	0.0000	189.2638	52.6510	485.7746	3.7112	0.0470	24.9368	0.0000	0.0000	0.0000	4.1572	0.0533	26.3219	0.3324	0.6896	0.0506	10.7393	12.6634	0.0000	0.0220	0.0010	0.0542	91.5000	0.0725	0.0010	-0.0035	1.9997	0.0169	3.4660	2.0013	0.0018	0.0000	0.0018	0.0000	0.0000	0.0000	0.0018	0.0000	0.0018	0.0073	0.0068	0.0005	0.0068	0.0068	0.0000	0.0005	0.0000	0.0005	0.0005	0.0004	0.0001	0.0001	0.0000	0.0000	0.0004	0.0004	0.0001	0.0302	0.0204	0.0098	0.0070	0.0063	0.0007	0.0232	0.0141	0.0091	15.2905	0.1403	494.2222	0.0000	0.0000	0.0000	189.2638	52.6510	485.7746	0.2427	0.3353	0.0505	0.9736	1.0776	0.0000	0.0220	0.0010	0.0542
59	91	0.1239	4	0	1	0	0	0	0	0	0	N	N	N	N	N	N	N	N	N	N	N	N	0.0000	0.0000	0.0000	0.0000	0.0000	0.0000	0.0000	0.0000	0.0000	0.0000	0.0000	0.0000	0.0000	0.0000	0.0000	0.0000	0.0000	0.0000	0.2999	0.0185	0.8721	0.0496	0.0548	0.0003	0.2883	0.0021	1.0866	17.8213	0.0000	0.0029	1.9997	1.9923	3.4660	0.0454	0.0000	0.0000	0.0000	0.0000	0.0000	0.0000	0.0000	0.0000	0.0000	0.0072	0.0004	0.0068	0.0004	0.0004	0.0000	0.0068	0.0000	0.0068	0.0532	0.0453	0.0079	0.0026	0.0025	0.0001	0.0505	0.0428	0.0077	0.0308	0.0206	0.0102	0.0071	0.0064	0.0007	0.0237	0.0141	0.0095	0.0000	0.0000	0.0000	0.0000	0.0000	0.0000	0.0000	0.0000	0.0000	0.2333	0.0185	0.6657	0.0496	0.0548	0.0003	0.2883	0.0021	0.7137	
59	92	0.0802	3	0	1	0	0	0	0	0	0	N	N	N	N	N	N	N	N	N	N	N	N	0.0016	0.0299	0.0000	81.8152	119.1060	0.0000	0.0000	0.0000	0.0000	0.0000	0.0000	0.0000	0.0001	0.0001	0.0000	0.0000	0.0000	0.0000	0.0026	0.0002	0.0073	0.0000	0.0000	0.0000	0.0031	0.0002	0.0075	0.0000	23.7095	-0.0000	0.0001	1.9997	1.0098	3.4660	9.0196	0.0000	0.0000	0.0000	0.0000	0.0000	0.0000	0.0000	0.0000	0.0000	0.0004	0.0000	0.0003	0.0000	0.0000	0.0000	0.0004	0.0000	0.0003	0.0273	0.0233	0.0040	0.0016	0.0015	0.0001	0.0258	0.0218	0.0040	0.1376	0.0909	0.0467	0.0249	0.0233	0.0015	0.1128	0.0676	0.0452	0.0016	0.0299	0.0000	81.8152	119.1060	0.0000	0.0000	0.0000	0.0000	0.0026	0.0002	0.0073	0.0000	0.0000	0.0000	0.0031	0.0002	0.0075
59	93	0.1769	8	1	2	0	1	0	0	0	0	N	Y	N	N	N	N	N	N	N	N	N	N	0.0000	0.0000	0.0000	0.0000	0.0000	0.0000	0.0000	0.0000	0.0000	0.0000	0.0000	0.0000	0.0000	0.0000	0.0000	0.0000	0.0000	0.0000	0.0000	0.0000	1.9997	0.0000	3.4660	0.0000	0.0000	0.0000	0.0000	0.0000	0.0000	0.0000	0.0000	0.0000	0.0000	0.0000	0.0000	0.0000	0.0000	0.0000	0.0000	0.0000	0.0000	0.0000	0.0000	0.0000	0.0000	0.0000	0.0000	0.0000	0.0000	0.0000	0.0000	0.0000	0.0000	0.0000	0.0000	0.0000	0.0000	0.0000	0.0000	0.0000	0.0000	0.0000	0.0000	0.0000	0.0000	0.0000	0.0000	0.0000	0.0000	0.0000	0.0000	0.0000	0.0000	0.0000	0.0000	0.0000	0.0000	0.0000											
59	94	0.1769	7	1	2	0	1	0	0	0	0	N	Y	N	N	N	N	N	N	N	N	N	N	0.0000	0.0000	0.0000	0.0000	0.0000	0.0000	0.0000	0.0000	0.0000	0.0000	0.0000	0.0000	0.0000	0.0000	0.0000	0.0000	0.0000	0.0000	0.0000	0.0000	1.9997	0.0000	3.4660	0.0001	0.0000	0.0000	0.0000	0.0000	0.0000	0.0000	0.0000	0.0000	0.0000	0.0000	0.0000	0.0000	0.0000	0.0000	0.0000	0.0000	0.0000	0.0000	0.0000	0.0000	0.0000	0.0000	0.0000	0.0000	0.0000	0.0000	0.0000	0.0000	0.0000	0.0000	0.0000	0.0000	0.0000	0.0000	0.0000	0.0000	0.0000	0.0000	0.0000	0.0000	0.0000	0.0000	0.0000	0.0000	0.0000	0.0000	0.0000	0.0000	0.0000	0.0000	0.0000	0.0000	0.0000	0.0000											
59	95	0.1590	6	0	2	0	1	0	0	0	0	N	Y	N	N	N	N	N	N	N	N	N	N	inf	inf	inf	inf	0.0029	0.0000	0.0198	0.0000	0.0000	0.0000	0.0032	0.0000	0.0205	0.0000	0.0000	0.0000	0.0000	0.0000	0.0000	0.0000	0.0000	0.0000	inf	0.0000	0.0000	1.9997	0.9845	3.4660	0.9903	0.0001	0.0000	0.0001	0.0000	0.0000	0.0000	0.0001	0.0000	0.0001	0.0000	0.0000	0.0000	0.0000	0.0000	0.0000	0.0000	0.0000	0.0000	0.0275	0.0235	0.0040	0.0030	0.0029	0.0001	0.0245	0.0207	0.0038	0.0302	0.0205	0.0097	0.0070	0.0065	0.0005	0.0232	0.0140	0.0092	inf	0.0000	inf	0.0000	0.0000	0.0000	inf	0.0000	inf	0.0000	0.0000	0.0000	0.0000	0.0000	0.0000	0.0000	0.0000	0.0000						
59	96	0.1562	6	0	2	0	0	0	0	0	0	N	Y	N	N	N	N	N	N	N	N	N	N	0.0032	0.0026	0.0000	0.0143	0.0137	0.0000	0.0000	0.0000	0.0000	0.0000	0.0000	0.0000	0.0000	0.0000	0.0000	0.0000	0.0001	0.0002	0.0000	0.0003	0.0004	0.0000	0.0000	0.0000	0.0000	0.0000	0.0003	-0.0000	-0.0000	1.9997	1.0063	3.4660	3.7812	0.0000	0.0000	0.0000	0.0000	0.0000	0.0000	0.0000	0.0000	0.0000	0.0000	0.0000	0.0000	0.0000	0.0000	0.0000	0.0000	0.0000	0.0000	0.0276	0.0235	0.0040	0.0021	0.0020	0.0001	0.0254	0.0215	0.0039	0.0990	0.0687	0.0304	0.0345	0.0310	0.0034	0.0646	0.0376	0.0269	0.0032	0.0026	0.0000	0.0143	0.0137	0.0000	0.0000	0.0000	0.0000	0.0001	0.0002	0.0000	0.0003	0.0004	0.0000	0.0000	0.0000	0.0000		
59	97	0.1590	6	0	1	1	1	0	0	0	0	N	N	N	N	N	N	N	N	N	N	N	N	inf	inf	inf	inf	0.0000	0.0001	0.0000	0.0004	0.0005	0.0000	0.0000	0.0000	0.0000	0.0000	0.0000	0.0000	0.0000	0.0000	0.0000	0.0000	0.0000	0.0000	0.0000	-0.0000	0.0000	1.9997	1.0165	3.4660	1.0129	0.0000	0.0000	0.0000	0.0000	0.0000	0.0000	0.0000	0.0000	0.0000	0.0000	0.0000	0.0000	0.0000	0.0000	0.0000	0.0000	0.0000	0.0000	0.0283	0.0243	0.0041	0.0031	0.0030	0.0001	0.0253	0.0213	0.0040	0.0310	0.0210	0.0099	0.0072	0.0067	0.0005	0.0238	0.0143	0.0095	inf	inf	0.0000	inf	inf	0.0000	0.0000	0.0000	0.0000	0.0000	0.0000	0.0000	0.0000	0.0000	0.0000	0.0000	0.0000	0.0000						
59	98	0.1461	5	0	1	0	1	0	0	0	0	N	N	N	N	N	N	N	N	N	N	N	N	inf	inf	inf	inf	inf	inf	inf	0.0000	0.0000	0.0002	0.0001	0.0001	0.0000	0.0000	0.0000	0.0002	0.0000	0.0000	0.0000	0.0000	0.0000	0.0000	0.0000	0.0000	0.0000	2.6098	0.0000	-0.0000	1.9997	2.0241	3.4660	1.0265	0.0000	0.0000	0.0000	0.0000	0.0000	0.0000	0.0000	0.0000	0.0000	0.0000	0.0000	0.0000	0.0000	0.0000	0.0000	0.0000	0.0000	0.0000	0.0550	0.0469	0.0080	0.0043	0.0041	0.0002	0.0506	0.0428	0.0078	0.0447	0.0301	0.0146	0.0108	0.0098	0.0010	0.0339	0.0203	0.0135	inf	inf	inf	inf	inf	0.0000	inf	0.0000	inf	0.0000	0.0000	0.0000	0.0000	0.0000	0.0000	0.0000	0.0000	0.0000			
59	99	0.1461	5	0	1	1	1	0	0	0	0	N	N	N	N	N	N	N	N	N	N	N	N	inf	inf	inf	inf	0.0000	0.0000	0.0000	0.0001	0.0001	0.0000	0.0000	0.0000	0.0000	0.0000	0.0000	0.0000	0.0000	0.0000	0.0000	0.0000	0.0000	0.0000	0.0000	-0.0000	0.0000	1.9997	3.0066	3.4660	0.0000	0.0000	0.0000	0.0000	0.0000	0.0000	0.0000	0.0000	0.0000	0.0000	0.0000	0.0000	0.0000	0.0000	0.0000	0.0000	0.0000	0.0000	0.0000	0.0806	0.0689	0.0117	0.0062	0.0059	0.0003	0.0744	0.0630	0.0114	0.0441	0.0297	0.0144	0.0107	0.0097	0.0010	0.0334	0.0200	0.0134	inf	inf	0.0000	inf	inf	0.0000	0.0000	0.0000	0.0000	0.0000	0.0000	0.0000	0.0000	0.0000	0.0000	0.0000	0.0000	0.0000						
59	100	0.1718	5	0	1	1	1	0	0	0	0	N	N	N	N	N	N	N	N	N	N	N	N	0.0000	0.0000	0.0000	0.0000	0.0000	0.0000	0.0000	0.0000	0.0000	0.0000	0.0000	0.0000	0.0000	0.0000	0.0000	0.0000	0.0000	0.0000	0.0000	0.0000	1.9997	0.0000	3.4660	2.0000	0.0000	0.0000	0.0000	0.0000	0.0000	0.0000	0.0000	0.0000	0.0000	0.0000	0.0000	0.0000	0.0000	0.0000	0.0000	0.0000	0.0000	0.0000	0.0000	0.0000	0.0000	0.0000	0.0000	0.0000	0.0000	0.0000	0.0000	0.0288	0.0193	0.0095	0.0072	0.0065	0.0007	0.0216	0.0128	0.0088	0.0000	0.0000	0.0000	0.0000	0.0000	0.0000	0.0000	0.0000	0.0000	0.0000	0.0000	0.0000	0.0000	0.0000	0.0000	0.0000	0.0000	0.0000											
59	101	0.1327	4	0	1	1	1	0	0	0	0	N	N	N	N	N	N	N	N	N	N	N	N	0.0000	0.0000	0.0000	0.0002	0.0002	0.0000	0.0000	0.0000	0.0000	0.0000	0.0000	0.0000	0.0000	0.0000	0.0000	0.0000	0.0000	0.0000	0.0195	0.0288	0.0008	0.0205	0.0224	0.0000	0.0192	0.0320	0.0008	0.0000	0.0131	-0.0000	-0.0014	1.9997	5.8899	3.4660	3.1847	0.0000	0.0000	0.0000	0.0000	0.0000	0.0000	0.0000	0.0000	0.0000	0.0026	0.0026	0.0000	0.0007	0.0007	0.0000	0.0019	0.0019	0.0000	0.1586	0.1357	0.0229	0.0152	0.0142	0.0011	0.1434	0.1215	0.0219	0.1331	0.0892	0.0439	0.0328	0.0299	0.0028	0.1004	0.0593	0.0411	0.0000	0.0000	0.0000	0.0002	0.0002	0.0000	0.0000	0.0000	0.0000	0.0195	0.0288	0.0008	0.0205	0.0224	0.0000	0.0192	0.0320	0.0008
59	102	0.1795	4	1	2	0	0	0	0	0	0	N	Y	N	N	N	N	N	N	N	N	N	N	0.0000	0.0000	0.0000	0.0000	0.0000	0.0000	0.0000	0.0000	0.0000	0.0000	0.0000	0.0000	0.0000	0.0000	0.0000	0.0000	0.0000	0.0000	0.0000	0.0000	1.9997	0.0000	3.4660	0.0000	0.0000	0.0000	0.0000	0.0000	0.0000	0.0000	0.0000	0.0000	0.0000	0.0000	0.0000	0.0000	0.0000	0.0000	0.0000	0.0000	0.0000	0.0000	0.0000	0.0000	0.0000	0.0000	0.0000	0.0000	0.0000	0.0000	0.0000	0.0000	0.0000	0.0000	0.0000	0.0000	0.0000	0.0000	0.0000	0.0000	0.0000	0.0000	0.0000	0.0000	0.0000	0.0000	0.0000	0.0000	0.0000	0.0000	0.0000	0.0000	0.0000	0.0000	0.0000	0.0000	0.0000	0.0000											
59	103	0.0802	3	1	2	0	0	0	0	0	0	N	Y	N	N	N	N	N	N	N	N	N	N	0.0000	0.0000	0.0081	0.0080	0.0000	0.0000	0.0000	0.0000	0.0000	0.0000	0.0000	0.0000	0.0000	0.0000	0.0000	7.3867	11.6824	0.0000	0.0012	0.0013	0.0000	8.8599	14.7840	0.0000	0.0000	0.0000	-0.0000	-1.0778	1.9997	8.0012	3.4660	14.0016	0.0000	0.0000	0.0000	0.0000	0.0000	0.0000	0.0000	0.0000	0.0000	1.9961	1.9961	0.0000	0.0001	0.0001	0.0000	1.9960	1.9960	0.0000	0.2021	0.1728	0.0293	0.0109	0.0103	0.0006	0.1911	0.1625	0.0287	0.2739	0.1806	0.0934	0.0486	0.0455	0.0031	0.2253	0.1350	0.0903	0.0000	0.0000	0.0000	0.0081	0.0080	0.0000	0.0000	0.0000	0.0000	7.2867	11.0551	0.0000	0.0012	0.0013	0.0000	8.8599	14.7840	0.0000			
59	104	0.1432	4	0	2	0	0	0	0	0	0	N	Y	N	N	N	N	N	N	N	N	N	N	0.0000	0.0000	0.0000	0.0000	0.0000	0.0000	0.0000	0.0000	0.0000	0.0000	0.0000	0.0000	0.0000	0.0000	0.0000	0.0000	0.0000	0.0000	0.0232	0.0177	0.0348	0.0166	0.0134	0.0442	0.0260	0.0206	0.0338	0.9135	0.0000	-0.0001	1.9997	2.0010	3.4660	1.0153	0.0000	0.0000	0.0000	0.0000	0.0000	0.0000	0.0000	0.0000	0.0000	0.0012	0.0006	0.0006	0.0003	0.0002	0.0001	0.0010	0.0004	0.0005	0.0531	0.0453	0.0078	0.0029	0.0028	0.0002	0.0502	0.0425	0.0077	0.0528	0.0360	0.0167	0.0159	0.0142	0.0017	0.0369	0.0218	0.0151	0.0000	0.0000	0.0000	0.0000	0.0000	0.0000	0.0000	0.0000	0.0000	0.0232	0.0177	0.0348	0.0166	0.0134	0.0442	0.0260	0.0206	0.0338	
59	105	0.0802	3	0	2	0	0	0	0	0	0	N	Y	N	N	N	N	N	N	N	N	N	N	0.0000	0.0000	0.0000	0.0023	0.0407	0.0000	0.0000	0.0000	0.0000	0.0000	0.0000	0.0000	0.0000	0.0000	0.0000	0.0000	0.0000	0.0000	7.7457	8.0953	9.3095	0.0107	0.0006	0.1630	9.3290	10.8676	9.1879	0.0000	0.4327	-0.0000	-0.3400	1.9997	3.0162	3.4660	11.0438	0.0000	0.0000	0.0000	0.0000	0.0000	0.0000	0.0000	0.0000	0.0000	1.4290	0.9974	0.4316	0.0004	0.0000	0.0003	1.4286	0.9974	0.4312	0.0799	0.0681	0.0118	0.0044	0.0042	0.0002	0.0755	0.0639	0.0115	0.1867	0.1232	0.0634	0.0335	0.0314	0.0021	0.1531	0.0918	0.0614	0.0000	0.0000	0.0000	0.0023	0.0407	0.0000	0.0000	0.0000	0.0000	7.6558	8.0953	6.8023	0.0107	0.0006	0.1630	9.3290	10.8676	7.0276
59	106	0.1811	8	1	2	0	0	0	0	0	0	N	Y	N	N	N	N	N	N	N	N	N	N	0.0000	0.0000	0.0000	0.0000	0.0000	0.0000	0.0000	0.0000	0.0000	0.0000	0.0000	0.0000	0.0000	0.0007	0.0009	0.0000	0.0017	0.0020	0.0000	0.0000	0.0000	0.0000	0.0000	0.0000	-0.0000	1.9997	1.0000	3.4660	1.0000	0.0000	0.0000	0.0000	0.0000	0.0000	0.0000	0.0000	0.0000	0.0000	0.0000	0.0000	0.0000	0.0000	0.0000	0.0000	0.0000	0.0000	0.0000	0.0271	0.0232	0.0040	0.0020	0.0019	0.0001	0.0252	0.0213	0.0039	0.0302	0.0212	0.0091	0.0117	0.0102	0.0016	0.0185	0.0110	0.0075	0.0000	0.0000	0.0000	0.0000	0.0000	0.0000	0.0000	0.0000	0.0000	0.0007	0.0009	0.0000	0.0017	0.0020	0.0000	0.0000	0.0000	0.0000						
59	107	0.1769	7	1	2	0	0	0	0	0	0	N	Y	N	N	N	N	N	N	N	N	N	N	0.0000	0.0000	0.0000	0.0000	0.0000	0.0000	0.0000	0.0000	0.0000	0.0000	0.0000	0.0000	0.0000	0.0000	0.0000	0.0000	0.0000	0.0000	0.0000	0.0000	1.9997	0.0000	3.4660	0.9999	0.0000	0.0000	0.0000	0.0000	0.0000	0.0000	0.0000	0.0000	0.0000	0.0000	0.0000	0.0000	0.0000	0.0000	0.0000	0.0000	0.0000	0.0000	0.0000	0.0000	0.0000	0.0000	0.0000	0.0000	0.0000	0.0000	0.0000	0.0152	0.0105	0.0047	0.0052	0.0045	0.0007	0.0100	0.0060	0.0040	0.0000	0.0000	0.0000	0.0000	0.0000	0.0000	0.0000	0.0000	0.0000	0.0000	0.0000	0.0000	0.0000	0.0000	0.0000	0.0000	0.0000	0.0000											
59	108	0.1562	6	1	2	0	0	0	0	0	0	N	Y	N	N	N	N	N	N	N	N	N	N	0.1582	0.1278	0.0000	0.2502	0.2271	0.0000	0.0000	0.0000	0.0000	0.0000	0.0000	0.0001	0.0001	0.0000	0.0000	0.0000	0.0000	0.0001	0.0002	0.0000	0.0003	0.0003	0.0000	0.0000	0.0001	0.0000	0.0000	0.0003	-0.0000	-0.0000	1.9997	0.0100	3.4660	4.8896	0.0000	0.0000	0.0000	0.0000	0.0000	0.0000	0.0000	0.0000	0.0000	0.0000	0.0000	0.0000	0.0000	0.0000	0.0000	0.0000	0.0000	0.0000	0.0005	0.0004	0.0001	0.0001	0.0001	0.0000	0.0004	0.0003	0.0001	0.1005	0.0697	0.0308	0.0348	0.0313	0.0035	0.0657	0.0383	0.0274	0.1582	0.1278	0.0000	0.2502	0.2271	0.0000	0.0000	0.0000	0.0000	0.0001	0.0002	0.0000	0.0003	0.0003	0.0000	0.0000	0.0001	0.0000	
59	109	0.1461	5	0	2	0	0	0	0	0	0	N	Y	N	N	N	N	N	N	N	N	N	N	0.0837	0.0649	10.1494	0.5018	0.4785	0.0025	0.0000	9.7142	0.0000	0.0000	0.0000	0.0002	0.0002	0.0000	0.0000	0.0000	0.0000	0.0002	0.0003	0.0000	0.0005	0.0005	0.0000	0.0002	0.0003	0.0000	0.0195	0.0004	-0.0000	-0.0000	1.9997	1.0007	3.4660	1.4004	0.0000	0.0000	0.0000	0.0000	0.0000	0.0000	0.0000	0.0000	0.0000	0.0000	0.0000	0.0000	0.0000	0.0000	0.0000	0.0000	0.0000	0.0000	0.0277	0.0237	0.0040	0.0023	0.0022	0.0001	0.0254	0.0215	0.0039	0.0354	0.0239	0.0115	0.0086	0.0078	0.0008	0.0268	0.0161	0.0107	0.0837	0.0649	10.1494	0.5018	0.4785	0.0000	0.0025	0.0000	9.7142	0.0002	0.0003	0.0000	0.0005	0.0005	0.0000	0.0002	0.0003	0.0000	
59	110	0.1327	4	0	1	0	0	0	0	0	0	N	N	N	N	N	N	N	N	N	N	N	N	0.0008	0.0001	11.7639	0.0002	0.0002	0.0000	0.0011	0.0000	14.3810	0.0000	0.0000	0.0002	0.0000	0.0000	0.0000	0.0001	0.0000	0.0003	0.0527	0.0784	0.0000	0.0643	0.0700	0.0000	0.0485	0.0838	0.0000	6.8739	0.0001	0.0000	-0.0015	1.9997	0.3039	3.4660	2.8719	0.0000	0.0000	0.0000	0.0000	0.0000	0.0000	0.0000	0.0000	0.0000	0.0028	0.0028	0.0000	0.0009	0.0009	0.0000	0.0019	0.0019	0.0000	0.0148	0.0126	0.0022	0.0049	0.0044	0.0005	0.0099	0.0082	0.0017	0.0535	0.0360	0.0176	0.0144	0.0134	0.0011	0.0391	0.0226	0.0165	0.0008	0.0001	11.7639	0.0002	0.0003	0.0000	0.0011	0.0000	14.3810	0.0527	0.0784	0.0000	0.0643	0.0694	0.0000	0.0485	0.0838	0.0000
59	111	0.0802	3	0	1	0	0	0	0	0	0	N	N	N	N	N	N	N	N	N	N	N	N	0.0000	0.0000	0.0008	0.0108	0.0107	0.0000	0.0000	0.0000	0.0007	0.0000	0.0000	0.0000	0.0000	0.0000	0.0000	0.0000	0.0000	0.0000	6.2697	9.3064	0.0070	0.0018	0.0020	0.0000	7.4976	12.5056	0.0072	0.7078	0.0004	-0.0000	-0.5375	1.9997	3.8240	3.4660	8.1760	0.0000	0.0000	0.0000	0.0000	0.0000	0.0000	0.0000	0.0000	0.0000	0.9961	0.9957	0.0004	0.0001	0.0001	0.0000	0.9961	0.9957	0.0004	0.1005	0.0857	0.0147	0.0055	0.0052	0.0003	0.0949	0.0805	0.0144	0.1620	0.1070	0.0550	0.0292	0.0274	0.0018	0.1329	0.0796	0.0532	0.0000	0.0000	0.0008	0.0108	0.0107	0.0000	0.0000	0.0000	0.0007	6.1478	9.3064	0.0070	0.0018	0.0020	0.0000	7.4976	12.5056	0.0072
59	115	0.2729	6	0	1	0	0	0	0	0	0	N	N	N	N	N	N	N	N	N	N	N	N	0.4353	0.3337	8.7349	0.0037	0.0036	0.6413	0.4074	0.2984	8.7883	1.1868	1.3659	0.0020	0.1224	0.1268	0.0001	1.3890	1.6331	0.0021	2.7264	4.0939	0.0002	33.2585	34.7408	0.0002	3.4097	5.4724	0.0002	0.0002	0.0000	-0.1427	-0.7085	1.9997	8.9918	3.4660	13.3277	0.3092	0.3091	0.0001	0.0051	0.0051	0.0000	0.3041	0.3040	0.0001	1.3122	1.3122	0.0000	0.4758	0.4758	0.0000	0.8364	0.8364	0.0000	0.2605	0.2263	0.0342	0.0416	0.0401	0.0014	0.2189	0.1862	0.0328	0.4813	0.3589	0.1224	0.2360	0.2060	0.0300	0.2453	0.1528	0.0925	0.4353	0.3736	8.7349	0.0607	0.0549	0.6413	0.4074	0.2984	8.7883	2.7264	3.6566	0.0002	2.0161	2.3096	0.0002	3.4097	5.4724	0.0002
60	61	0.1845	6	0	1	1	0	0	0	0	0	N	N	N	N	N	N	N	N	N	N	N	N	0.0000	0.0000	0.0000	0.0000	0.0000	0.0000	0.0000	0.0000	0.0000	0.0000	0.0000	0.0000	0.0000	0.0000	0.0000	0.0000	0.0000	0.0000	0.0000	0.0000	0.0005	0.0000	3.6054	1.0000	0.0000	0.0000	0.0000	0.0000	0.0000	0.0000	0.0000	0.0000	0.0000	0.0000	0.0000	0.0000	0.0000	0.0000	0.0000	0.0000	0.0000	0.0000	0.0000	0.0000	0.0000	0.0000	0.0000	0.0000	0.0000	0.0000	0.0000	0.0068	0.0041	0.0027	0.0012	0.0008	0.0003	0.0056	0.0033	0.0023	0.0000	0.0000	0.0000	0.0000	0.0000	0.0000	0.0000	0.0000	0.0000	0.0000	0.0000	0.0000	0.0000	0.0000	0.0000	0.0000	0.0000	0.0000											
60	62	0.1802	5	0	1	0	0	0	0	0	0	N	N	N	N	N	N	N	N	N	N	N	N	0.0000	0.0000	0.0000	0.0000	0.0000	0.0000	0.0000	0.0000	0.0000	0.0000	0.0000	0.0000	0.0000	0.0000	0.0000	0.0000	0.0000	0.0000	0.0000	0.0000	0.0000	0.0000	0.0000	0.0000	-0.0000	0.0005	0.0001	3.6054	1.0076	0.0000	0.0000	0.0000	0.0000	0.0000	0.0000	0.0000	0.0000	0.0000	0.0000	0.0000	0.0000	0.0000	0.0000	0.0000	0.0000	0.0000	0.0000	0.0000	0.0000	0.0000	0.0000	0.0000	0.0000	0.0000	0.0000	0.0000	0.0089	0.0059	0.0030	0.0022	0.0018	0.0003	0.0067	0.0040	0.0027	0.0000	0.0000	0.0000	0.0000	0.0000	0.0000	0.0000	0.0000	0.0000	0.0000	0.0000	0.0000	0.0000	0.0000	0.0000	0.0000	0.0000	0.0000						
60	63	0.1134	4	0	1	0	0	0	0	0	0	N	N	N	N	N	N	N	N	N	N	N	N	0.0000	0.0000	0.0000	0.0000	0.0000	0.0000	0.0000	0.0000	0.0000	0.0000	0.0000	0.0000	0.0000	0.0029	0.0049	0.0000	0.0000	0.0000	0.0000	0.0032	0.0056	0.0000	0.0000	0.0000	-0.0002	0.0005	11.9999	3.6054	3.0574	0.0000	0.0000	0.0000	0.0000	0.0000	0.0000	0.0000	0.0000	0.0000	0.0003	0.0003	0.0000	0.0000	0.0000	0.0000	0.0003	0.0003	0.0000	0.0001	0.0001	0.0000	0.0000	0.0000	0.0000	0.0001	0.0001	0.0000	0.0993	0.0592	0.0401	0.0094	0.0071	0.0022	0.0899	0.0521	0.0379	0.0000	0.0000	0.0000	0.0000	0.0000	0.0000	0.0000	0.0000	0.0000	0.0029	0.0049	0.0000	0.0000	0.0000	0.0000	0.0032	0.0056	0.0000						
60	65	0.0570	2	0	1	0	0	0	0	0	0	N	N	N	N	N	N	N	N	N	N	N	N	0.2887	0.0000	0.8160	0.2969	0.0000	0.7983	0.0080	0.0000	0.0540	0.0000	0.0000	0.0000	0.0085	0.0000	0.0552	0.0278	0.0002	0.0662	0.0000	0.0000	0.0000	0.0287	0.0002	0.0691	inf	221.0000	0.0000	0.0010	0.0005	2.0015	3.6054	10.0016	0.0000	0.0000	0.0000	0.0000	0.0000	0.0000	0.0000	0.0000	0.0000	0.0022	0.0000	0.0022	0.0000	0.0000	0.0000	0.0022	0.0000	0.0022	0.0000	0.0000	0.0000	0.0000	0.0000	0.0000	0.0000	0.0000	0.0000	0.0798	0.0464	0.0334	0.0023	0.0018	0.0005	0.0775	0.0446	0.0329	0.2887	0.0000	0.8160	0.0000	0.0000	0.0000	0.2969	0.0000	0.8208	0.0278	0.0002	0.0662	0.0000	0.0000	0.0000	0.0287	0.0002	0.0672			
60	67	0.2119	4	0	1	0	0	0	0	0	0	N	N	N	N	N	N	N	N	N	N	N	N	0.0857	21.2810	0.0141	43.8494	67.8793	0.4326	0.0096	0.0000	0.0130	0.4061	0.3954	0.4748	2.5495	2.6439	0.0768	0.0739	0.0000	0.4898	4.7413	0.0186	33.6732	0.0581	0.0389	0.1775	7.6749	0.0003	37.6754	0.1883	363.0708	-0.0000	0.4485	0.0005	4.8614	3.6054	14.2102	0.0000	0.0000	0.0000	0.0000	0.0000	0.0000	0.0000	0.0000	0.0000	0.9807	0.0027	0.9780	0.0046	0.0027	0.0020	0.9761	0.0000	0.9761	0.0000	0.0000	0.0000	0.0000	0.0000	0.0000	0.0000	0.0000	0.0000	0.2068	0.1450	0.0618	0.0797	0.0686	0.0110	0.1272	0.0764	0.0508	0.0857	21.2810	0.0300	43.8494	67.8793	0.4326	0.0096	0.0000	0.0255	4.7413	0.0186	15.8133	0.0581	0.0389	0.1775	7.6749	0.0003	19.2087
60	68	0.0491	4	1	2	1	0	0	0	0	0	N	Y	N	N	N	N	N	N	N	N	N	N	0.0000	0.0000	0.0000	0.0000	0.0000	0.0000	0.0000	0.0000	0.0000	0.0000	0.0000	0.0000	0.0000	0.0000	0.0000	0.0000	0.0000	0.0000	0.0000	0.0000	0.0005	0.0000	3.6054	0.0000	0.0000	0.0000	0.0000	0.0000	0.0000	0.0000	0.0000	0.0000	0.0000	0.0000	0.0000	0.0000	0.0000	0.0000	0.0000	0.0000	0.0000	0.0000	0.0000	0.0000	0.0000	0.0000	0.0000	0.0000	0.0000	0.0000	0.0000	0.0000	0.0000	0.0000	0.0000	0.0000	0.0000	0.0000	0.0000	0.0000	0.0000	0.0000	0.0000	0.0000	0.0000	0.0000	0.0000	0.0000	0.0000	0.0000	0.0000	0.0000	0.0000	0.0000	0.0000	0.0000	0.0000	0.0000											
60	69	0.0449	3	1	1	1	0	0	0	0	0	N	N	N	N	N	N	N	N	N	N	N	N	6.4700	435218.6001	0.0000	475.2264	422456.5632	0.0000	0.0000	0.0000	0.0000	1.9396	2.2085	0.0000	5.4995	5.4996	0.0000	0.0000	0.0000	0.0000	0.2998	0.0000	0.6619	0.0116	0.0000	0.1133	0.2540	0.0000	0.6808	0.0000	87400.4204	-0.0000	0.0010	0.0005	0.0016	3.6054	0.9826	0.0000	0.0000	0.0000	0.0000	0.0000	0.0000	0.0000	0.0000	0.0000	0.0021	0.0000	0.0021	0.0000	0.0000	0.0000	0.0021	0.0000	0.0021	0.0000	0.0000	0.0000	0.0000	0.0000	0.0000	0.0000	0.0000	0.0000	0.0093	0.0048	0.0044	0.0009	0.0008	0.0001	0.0084	0.0041	0.0043	8.3817	435218.6001	0.0000	475.2264	422456.5632	0.0000	0.0000	0.0000	0.0000	0.2314	0.0000	0.4839	0.0116	0.0000	0.1133	0.2540	0.0000	0.4914
60	70	0.0322	2	1	1	1	0	0	0	0	0	N	N	N	N	N	N	N	N	N	N	N	N	0.0099	0.0000	0.0238	0.0000	0.0000	0.0000	0.0130	0.0000	0.0239	0.6995	0.0000	5.9055	0.0000	0.0000	0.0000	0.9947	0.0000	5.9060	70.8486	0.0023	247.7756	0.0549	0.0072	0.9034	76.4851	0.0016	246.7753	inf	59271.3851	0.0000	0.9125	0.0005	0.0061	3.6054	3.0249	0.0000	0.0000	0.0000	0.0000	0.0000	0.0000	0.0000	0.0000	0.0000	1.9835	0.0000	1.9835	0.0001	0.0000	0.0001	1.9834	0.0000	1.9834	0.0000	0.0000	0.0000	0.0000	0.0000	0.0000	0.0000	0.0000	0.0000	0.0280	0.0147	0.0133	0.0021	0.0019	0.0002	0.0259	0.0128	0.0131	0.0099	0.0000	0.0396	0.0000	0.0000	0.0000	0.0130	0.0000	0.0391	70.8486	0.0023	148.9582	0.0549	0.0072	0.5882	76.4851	0.0016	150.8734
60	72	0.0570	2	0	2	0	0	0	0	0	0	N	Y	N	N	N	N	N	N	N	N	N	N	14645.6219	inf	0.0000	inf	inf	11785.2050	inf	0.0000	9.4099	11.0285	0.0000	37.3559	39.5001	0.0000	7.8020	9.2014	0.0000	0.0006	0.0000	0.0015	0.0000	0.0000	0.0000	0.0007	0.0000	0.0016	0.0000	inf	-0.0002	0.0000	0.0005	5.9987	3.6054	11.0016	0.0004	0.0004	0.0000	0.0001	0.0001	0.0000	0.0003	0.0003	0.0000	0.0001	0.0000	0.0001	0.0000	0.0000	0.0000	0.0001	0.0000	0.0001	0.0000	0.0000	0.0000	0.0000	0.0000	0.0000	0.0000	0.0000	0.0000	0.1089	0.0634	0.0455	0.0032	0.0025	0.0007	0.1057	0.0609	0.0449	14645.6219	inf	0.0000	inf	inf	0.0000	11785.2050	inf	0.0000	0.0006	0.0000	0.0015	0.0000	0.0000	0.0000	0.0007	0.0000	0.0016	
60	74	0.0988	4	0	2	0	0	0	0	0	0	N	Y	N	N	N	N	N	N	N	N	N	N	199.6112	0.0000	10264.3960	0.4653	0.0000	8575.7286	191.9443	0.0000	9980.0962	2.9938	0.0000	20.5562	0.0009	0.0000	0.0208	3.2070	0.0000	20.9568	0.0150	0.0231	0.0020	0.0019	0.0022	0.0000	0.0167	0.0270	0.0021	inf	0.0540	0.0001	-0.0010	0.0005	6.1274	3.6054	13.6208	0.0001	0.0000	0.0001	0.0000	0.0000	0.0000	0.0001	0.0000	0.0001	0.0020	0.0019	0.0001	0.0000	0.0000	0.0000	0.0020	0.0019	0.0001	0.0000	0.0000	0.0000	0.0000	0.0000	0.0000	0.0000	0.0000	0.0000	0.1345	0.0829	0.0516	0.0155	0.0131	0.0024	0.1190	0.0698	0.0492	199.6112	0.0000	10264.3960	0.4653	0.0000	8575.7286	191.9443	0.0000	9980.0962	0.0150	0.0231	0.0020	0.0019	0.0022	0.0000	0.0167	0.0270	0.0021
60	75	0.1233	7	0	1	1	0	0	0	0	0	N	N	N	N	N	N	N	N	N	N	N	N	0.0000	0.0000	0.0000	0.0000	0.0000	0.0000	0.0000	0.0000	0.0000	0.0000	0.0000	0.0000	0.0000	0.0000	0.0000	0.0000	0.0000	0.0000	0.0000	0.0000	0.0005	0.0000	3.6054	1.0003	0.0000	0.0000	0.0000	0.0000	0.0000	0.0000	0.0000	0.0000	0.0000	0.0000	0.0000	0.0000	0.0000	0.0000	0.0000	0.0000	0.0000	0.0000	0.0000	0.0000	0.0000	0.0000	0.0000	0.0000	0.0000	0.0000	0.0000	0.0086	0.0045	0.0041	0.0007	0.0006	0.0001	0.0079	0.0039	0.0040	0.0000	0.0000	0.0000	0.0000	0.0000	0.0000	0.0000	0.0000	0.0000	0.0000	0.0000	0.0000	0.0000	0.0000	0.0000	0.0000	0.0000	0.0000											
60	76	0.1192	6	0	1	1	0	0	0	0	0	N	N	N	N	N	N	N	N	N	N	N	N	0.0000	0.0000	0.0000	0.0000	0.0000	0.0000	0.0000	0.0000	0.0000	0.0000	0.0000	0.0000	0.0000	0.0000	0.0000	0.0000	0.0000	0.0000	0.0000	0.0000	0.0005	0.0000	3.6054	1.0076	0.0000	0.0000	0.0000	0.0000	0.0000	0.0000	0.0000	0.0000	0.0000	0.0000	0.0000	0.0000	0.0000	0.0000	0.0000	0.0000	0.0000	0.0000	0.0000	0.0000	0.0000	0.0000	0.0000	0.0000	0.0000	0.0000	0.0000	0.0086	0.0045	0.0041	0.0007	0.0005	0.0001	0.0079	0.0039	0.0040	0.0000	0.0000	0.0000	0.0000	0.0000	0.0000	0.0000	0.0000	0.0000	0.0000	0.0000	0.0000	0.0000	0.0000	0.0000	0.0000	0.0000	0.0000											
60	77	0.1151	5	0	1	0	0	0	0	0	0	N	N	N	N	N	N	N	N	N	N	N	N	631276.0500	1064137.1201	0.0000	410493.5979	327906.0522	0.0000	0.0000	1.1922	1.3289	0.0000	3.5097	3.5173	0.0000	0.0000	0.0000	0.0000	0.0000	0.0000	0.0000	0.0000	0.0000	0.0000	0.0000	0.0000	0.0000	0.0000	1.9091	-0.0000	0.0000	0.0005	0.0026	3.6054	0.9924	0.0000	0.0000	0.0000	0.0000	0.0000	0.0000	0.0000	0.0000	0.0000	0.0000	0.0000	0.0000	0.0000	0.0000	0.0000	0.0000	0.0000	0.0000	0.0000	0.0000	0.0000	0.0000	0.0000	0.0000	0.0000	0.0000	0.0000	0.0085	0.0044	0.0041	0.0006	0.0005	0.0001	0.0078	0.0039	0.0039	631276.0500	1064137.1201	0.0000	410493.5979	327906.0522	0.0000	0.0000	0.0000	0.0000	0.0000	0.0000	0.0000	0.0000	0.0000	0.0000	0.0000	0.0000	0.0000		
60	78	0.0988	4	0	1	0	0	0	0	0	0	N	N	N	N	N	N	N	N	N	N	N	N	4058.5673	3415.8581	4.3471	9935.5569	9473.1014	1.6246	4.2432	3.6583	4.2825	0.0010	43.9223	45.4130	0.0000	0.0002	0.0000	0.0010	0.0009	0.0013	0.0002	0.0044	0.0048	0.0000	0.0001	0.0000	0.0002	0.0000	0.1002	-0.0000	-0.0000	0.0005	2.8733	3.6054	1.5522	0.0001	0.0001	0.0000	0.0001	0.0001	0.0000	0.0000	0.0000	0.0000	0.0000	0.0000	0.0000	0.0000	0.0000	0.0000	0.0000	0.0000	0.0000	0.0000	0.0000	0.0000	0.0000	0.0000	0.0000	0.0000	0.0000	0.0000	0.0414	0.0271	0.0143	0.0077	0.0071	0.0006	0.0337	0.0200	0.0138	4058.5673	3415.8581	4.3471	9935.5569	9473.1014	0.0000	1.6246	0.0000	4.2432	0.0009	0.0013	0.0002	0.0044	0.0048	0.0000	0.0001	0.0000	0.0002		
60	79	0.0866	3	0	1	0	0	0	0	0	0	N	N	N	N	N	N	N	N	N	N	N	N	559.4501	384.5202	2143.1458	643.3233	632.4088	488.3808	0.0000	2130.5338	2.3131	1.9070	4.9156	7.4606	7.5257	0.0000	0.8519	0.0000	4.9861	0.0041	0.0050	0.0023	0.0116	0.0119	0.0000	0.0017	0.0013	0.0023	0.4022	0.2072	-0.0000	-0.0001	0.0005	0.2102	3.6054	3.4985	0.0000	0.0000	0.0000	0.0000	0.0000	0.0000	0.0000	0.0000	0.0000	0.0002	0.0002	0.0000	0.0001	0.0001	0.0000	0.0001	0.0000	0.0000	0.0000	0.0000	0.0000	0.0000	0.0000	0.0000	0.0000	0.0000	0.0000	0.0451	0.0312	0.0140	0.0110	0.0107	0.0003	0.0342	0.0205	0.0137	559.4501	384.5202	2143.1458	643.3233	632.4088	0.0000	488.3808	0.0000	2130.5338	0.0041	0.0050	0.0023	0.0116	0.0119	0.0000	0.0017	0.0013	0.0023	
60	80	0.1177	5	0	2	0	0	0	0	0	0	N	Y	N	N	N	N	N	N	N	N	N	N	0.0714	0.2856	0.0000	3.5202	3.2127	0.0000	0.0000	0.0000	0.0000	0.0007	0.0008	0.0000	0.0089	0.0095	0.0000	0.0000	0.0000	0.0000	0.0093	0.0027	0.0196	0.0025	0.0030	0.0005	0.0103	0.0027	0.0208	0.0000	4.5884	-0.0000	0.0002	0.0005	2.0196	3.6054	6.0690	0.0000	0.0000	0.0000	0.0000	0.0000	0.0000	0.0000	0.0000	0.0000	0.0005	0.0001	0.0004	0.0000	0.0000	0.0000	0.0005	0.0001	0.0004	0.0000	0.0000	0.0000	0.0000	0.0000	0.0000	0.0000	0.0000	0.0000	0.0586	0.0357	0.0229	0.0071	0.0058	0.0013	0.0515	0.0299	0.0216	0.0714	0.2856	0.0000	3.5202	3.2127	0.0000	0.0000	0.0000	0.0000	0.0093	0.0027	0.0196	0.0025	0.0030	0.0005	0.0103	0.0027	0.0208
60	81	0.1094	4	0	1	0	0	0	0	0	0	N	N	N	N	N	N	N	N	N	N	N	N	0.0102	0.4298	0.0000	0.0000	0.0000	0.0000	0.0097	0.4145	0.0000	0.0014	0.0016	0.0000	0.0000	0.0000	0.0000	0.0015	0.0017	0.0000	0.1356	0.0037	0.4672	0.0008	0.0010	0.0002	0.1504	0.0041	0.4898	0.0220	59.9697	-0.0000	0.0009	0.0005	0.9876	3.6054	0.9833	0.0000	0.0000	0.0000	0.0000	0.0000	0.0000	0.0000	0.0000	0.0000	0.0020	0.0000	0.0019	0.0000	0.0000	0.0000	0.0020	0.0000	0.0019	0.0000	0.0000	0.0000	0.0000	0.0000	0.0000	0.0000	0.0000	0.0000	0.0145	0.0087	0.0058	0.0014	0.0011	0.0003	0.0131	0.0076	0.0055	0.0102	0.4298	0.0000	0.0000	0.0000	0.0000	0.0097	0.4145	0.0000	0.1356	0.0037	0.3353	0.0008	0.0010	0.0002	0.1504	0.0041	0.3545
60	82	0.0434	2	1	1	1	0	0	0	0	0	N	N	N	N	N	N	N	N	N	N	N	N	2895.1378	inf	0.0000	inf	inf	0.7655	inf	0.0000	11.6885	13.7541	0.0000	270.7787	284.2324	0.0000	0.0033	0.0039	0.0000	0.0040	0.0000	0.0099	0.0000	0.0000	0.0000	0.0043	0.0000	0.0102	0.0000	inf	-0.0000	0.0001	0.0005	1.0000	3.6054	2.9874	0.0001	0.0001	0.0000	0.0001	0.0001	0.0000	0.0000	0.0000	0.0000	0.0001	0.0000	0.0001	0.0000	0.0000	0.0000	0.0001	0.0000	0.0001	0.0000	0.0000	0.0000	0.0000	0.0000	0.0000	0.0000	0.0000	0.0000	0.0297	0.0176	0.0121	0.0019	0.0016	0.0003	0.0278	0.0160	0.0118	2895.1378	inf	0.0000	inf	inf	0.0000	0.7655	inf	0.0000	0.0040	0.0000	0.0099	0.0000	0.0000	0.0000	0.0043	0.0000	0.0102	
60	84	0.0570	2	0	2	0	1	0	0	0	0	N	Y	N	N	N	N	N	N	N	N	N	N	318.5988	259.0726	2.1268	326.7636	264.4313	2.1378	5.6383	6.5983	0.0146	0.0000	0.0000	0.0000	5.9599	7.0176	0.0149	0.0177	0.0255	0.0069	0.0000	0.0000	0.0000	0.0182	0.0265	0.0070	0.0004	0.1935	-0.0001	-0.0008	0.0005	8.0013	3.6054	12.0015	0.0003	0.0003	0.0000	0.0000	0.0000	0.0000	0.0003	0.0003	0.0000	0.0022	0.0019	0.0004	0.0000	0.0000	0.0000	0.0022	0.0019	0.0004	0.0001	0.0000	0.0000	0.0000	0.0000	0.0000	0.0000	0.0000	0.0000	0.1254	0.0730	0.0524	0.0037	0.0029	0.0008	0.1217	0.0701	0.0516	318.5988	259.0726	2.1268	0.0000	0.0000	0.0000	326.7636	264.4313	2.1378	0.0177	0.0255	0.0069	0.0000	0.0000	0.0000	0.0182	0.0265	0.0070			
60	85	0.1134	4	0	2	0	0	0	0	0	0	N	Y	N	N	N	N	N	N	N	N	N	N	43.5439	30.7663	0.0000	41.3656	28.4871	0.0000	1.4636	1.7213	0.0000	0.0000	0.0000	0.0000	1.5388	1.8205	0.0000	0.0336	0.0559	0.0004	0.0000	0.0000	0.0000	0.0372	0.0639	0.0005	0.0000	0.0053	-0.0000	-0.0010	0.0005	1.0000	3.6054	6.9850	0.0000	0.0000	0.0000	0.0000	0.0000	0.0000	0.0000	0.0000	0.0000	0.0019	0.0019	0.0000	0.0000	0.0000	0.0000	0.0019	0.0019	0.0000	0.0000	0.0000	0.0000	0.0000	0.0000	0.0000	0.0000	0.0000	0.0000	0.0559	0.0334	0.0225	0.0054	0.0042	0.0012	0.0505	0.0293	0.0213	43.5439	30.7663	0.0000	0.0000	0.0000	0.0000	41.3656	28.4871	0.0000	0.0336	0.0559	0.0004	0.0000	0.0000	0.0000	0.0372	0.0639	0.0005			
60	86	0.1007	3	0	1	0	0	0	0	0	0	N	N	N	N	N	N	N	N	N	N	N	N	0.0000	0.0000	0.0000	0.0000	0.0000	0.0000	0.0000	0.0000	0.0000	0.0000	0.0000	0.0000	0.0000	0.0003	0.0005	0.0000	0.0031	0.0040	0.0000	0.0000	0.0000	0.0000	0.0000	0.0000	-0.0000	0.0005	1.0086	3.6054	2.0000	0.0000	0.0000	0.0000	0.0000	0.0000	0.0000	0.0000	0.0000	0.0000	0.0000	0.0000	0.0000	0.0000	0.0000	0.0000	0.0000	0.0000	0.0000	0.0000	0.0000	0.0000	0.0000	0.0000	0.0000	0.0000	0.0000	0.0000	0.0220	0.0130	0.0090	0.0021	0.0016	0.0005	0.0199	0.0114	0.0085	0.0000	0.0000	0.0000	0.0000	0.0000	0.0000	0.0000	0.0000	0.0000	0.0003	0.0005	0.0000	0.0031	0.0040	0.0000	0.0000	0.0000	0.0000						
60	89	0.1180	5	0	2	0	0	0	0	0	0	N	Y	N	N	N	N	N	N	N	N	N	N	9222.0233	6396.0002	3181.0357	2424.2349	1.4003	1.6076	0.0000	3.7309	3.7390	0.0000	0.0000	0.0000	0.0000	0.0002	0.0003	0.0000	0.0012	0.0015	0.0000	0.0000	0.0000	0.0000	0.0000	0.0000	-0.0000	-0.0000	0.0005	0.0157	3.6054	9.0253	0.0000	0.0000	0.0000	0.0000	0.0000	0.0000	0.0000	0.0000	0.0000	0.0000	0.0000	0.0000	0.0000	0.0000	0.0000	0.0000	0.0000	0.0000	0.0000	0.0000	0.0000	0.0000	0.0000	0.0000	0.0000	0.0000	0.0000	0.0637	0.0385	0.0252	0.0082	0.0063	0.0020	0.0555	0.0322	0.0232	9222.0233	6396.0002	0.0000	3181.0357	2424.2349	0.0000	0.0000	0.0000	0.0000	0.0002	0.0003	0.0000	0.0012	0.0015	0.0000	0.0000	0.0000	0.0000					
60	90	0.1094	4	0	2	0	0	0	0	0	0	N	Y	N	N	N	N	N	N	N	N	N	N	2595.0030	22.9267	50976.7652	0.0000	0.0000	6544.1331	73.8297	50878.4764	4.2284	0.0537	28.2032	0.0000	0.0000	0.0000	4.7342	0.0607	29.7643	0.0016	0.0023	0.0006	0.0099	0.0127	0.0000	0.0007	0.0008	0.0006	91.5000	0.1563	0.0000	-0.0000	0.0005	0.0169	3.6054	2.0013	0.0000	0.0000	0.0000	0.0000	0.0000	0.0000	0.0000	0.0000	0.0000	0.0000	0.0000	0.0000	0.0000	0.0000	0.0000	0.0000	0.0000	0.0000	0.0000	0.0000	0.0000	0.0000	0.0000	0.0000	0.0000	0.0000	0.0000	0.0148	0.0089	0.0059	0.0015	0.0011	0.0003	0.0134	0.0078	0.0056	2595.0030	22.9267	50976.7652	0.0000	0.0000	0.0000	6544.1331	73.8297	50878.4764	0.0016	0.0023	0.0006	0.0099	0.0127	0.0000	0.0007	0.0008	0.0006	
60	91	0.1007	3	0	1	0	0	0	0	0	0	N	N	N	N	N	N	N	N	N	N	N	N	0.0000	0.0000	0.0000	0.0000	0.0000	0.0000	0.0000	0.0000	0.0000	0.0000	0.0000	0.0000	0.0000	0.0000	0.0000	0.0000	0.0000	0.0014	0.0007	0.0023	0.0043	0.0055	0.0000	0.0011	0.0000	0.0024	2.1530	0.0000	0.0000	0.0005	1.9923	3.6054	0.0454	0.0000	0.0000	0.0000	0.0000	0.0000	0.0000	0.0000	0.0000	0.0000	0.0000	0.0000	0.0000	0.0000	0.0000	0.0000	0.0000	0.0000	0.0000	0.0000	0.0000	0.0000	0.0000	0.0000	0.0000	0.0000	0.0000	0.0000	0.0152	0.0090	0.0062	0.0015	0.0012	0.0003	0.0137	0.0078	0.0058	0.0000	0.0000	0.0000	0.0000	0.0000	0.0000	0.0000	0.0000	0.0000	0.0014	0.0007	0.0023	0.0043	0.0055	0.0000	0.0011	0.0000	0.0024		
60	92	0.0570	2	0	1	0	0	0	0	0	0	N	N	N	N	N	N	N	N	N	N	N	N	165.4717	0.0000	4136.8011	170.3933	0.0000	4161.4822	0.0157	0.0000	0.1056	0.0000	0.0000	0.0000	0.0167	0.0000	0.1078	0.0001	0.0001	0.0000	0.0000	0.0000	0.0000	0.0001	0.0002	0.0000	inf	0.1265	0.0000	-0.0000	0.0005	1.0098	3.6054	9.0196	0.0000	0.0000	0.0000	0.0000	0.0000	0.0000	0.0000	0.0000	0.0000	0.0000	0.0000	0.0000	0.0000	0.0000	0.0000	0.0000	0.0000	0.0000	0.0000	0.0000	0.0000	0.0000	0.0000	0.0000	0.0000	0.0000	0.0000	0.0677	0.0394	0.0283	0.0020	0.0015	0.0004	0.0657	0.0378	0.0279	165.4717	0.0000	4136.8011	0.0000	0.0000	0.0000	170.3933	0.0000	4161.4822	0.0001	0.0001	0.0000	0.0000	0.0000	0.0000	0.0001	0.0002	0.0000			
60	93	0.1537	7	1	2	0	1	0	0	0	0	N	Y	N	N	N	N	N	N	N	N	N	N	0.0000	0.0000	0.0000	0.0000	0.0000	0.0000	0.0000	0.0000	0.0000	0.0000	0.0000	0.0000	0.0000	0.0000	0.0000	0.0000	0.0000	0.0000	0.0000	0.0000	0.0005	0.0000	3.6054	0.0000	0.0000	0.0000	0.0000	0.0000	0.0000	0.0000	0.0000	0.0000	0.0000	0.0000	0.0000	0.0000	0.0000	0.0000	0.0000	0.0000	0.0000	0.0000	0.0000	0.0000	0.0000	0.0000	0.0000	0.0000	0.0000	0.0000	0.0000	0.0000	0.0000	0.0000	0.0000	0.0000	0.0000	0.0000	0.0000	0.0000	0.0000	0.0000	0.0000	0.0000	0.0000	0.0000	0.0000	0.0000	0.0000	0.0000	0.0000	0.0000	0.0000	0.0000	0.0000	0.0000	0.0000	0.0000											
60	94	0.1537	6	1	2	0	1	0	0	0	0	N	Y	N	N	N	N	N	N	N	N	N	N	0.0000	0.0000	0.0000	0.0000	0.0000	0.0000	0.0000	0.0000	0.0000	0.0000	0.0000	0.0000	0.0000	0.0000	0.0000	0.0000	0.0000	0.0000	0.0000	0.0000	0.0005	0.0000	3.6054	0.0001	0.0000	0.0000	0.0000	0.0000	0.0000	0.0000	0.0000	0.0000	0.0000	0.0000	0.0000	0.0000	0.0000	0.0000	0.0000	0.0000	0.0000	0.0000	0.0000	0.0000	0.0000	0.0000	0.0000	0.0000	0.0000	0.0000	0.0000	0.0000	0.0000	0.0000	0.0000	0.0000	0.0000	0.0000	0.0000	0.0000	0.0000	0.0000	0.0000	0.0000	0.0000	0.0000	0.0000	0.0000	0.0000	0.0000	0.0000	0.0000	0.0000	0.0000	0.0000	0.0000	0.0000	0.0000											
60	95	0.1357	5	0	2	0	1	0	0	0	0	N	Y	N	N	N	N	N	N	N	N	N	N	inf	inf	inf	inf	11.2201	13.1287	0.0000	102.3927	107.1554	0.0000	0.0000	0.0000	0.0000	0.0000	0.0000	0.0000	0.0000	0.0000	0.0000	0.0000	0.0000	0.0000	0.0000	-0.0000	-0.0000	0.0005	0.9845	3.6054	0.9903	0.0001	0.0001	0.0000	0.0001	0.0001	0.0000	0.0000	0.0000	0.0000	0.0000	0.0000	0.0000	0.0000	0.0000	0.0000	0.0000	0.0000	0.0000	0.0000	0.0000	0.0000	0.0000	0.0000	0.0000	0.0000	0.0000	0.0000	0.0149	0.0091	0.0058	0.0015	0.0013	0.0002	0.0134	0.0078	0.0057	inf	inf	0.0000	inf	inf	0.0000	0.0000	0.0000	0.0000	0.0000	0.0000	0.0000	0.0000	0.0000	0.0000	0.0000	0.0000	0.0000						
60	96	0.1329	5	0	2	0	0	0	0	0	0	N	Y	N	N	N	N	N	N	N	N	N	N	6.0573	0.0000	25.0672	0.0000	0.0000	0.0000	10.1039	28.5633	0.0015	0.0000	0.0100	0.0000	0.0000	0.0000	0.0016	0.0000	0.0103	0.0002	0.0002	0.0004	0.0005	0.0004	0.0007	0.0002	0.0000	0.0004	inf	1.3252	0.0000	0.0000	0.0005	1.0063	3.6054	3.7812	0.0000	0.0000	0.0000	0.0000	0.0000	0.0000	0.0000	0.0000	0.0000	0.0000	0.0000	0.0000	0.0000	0.0000	0.0000	0.0000	0.0000	0.0000	0.0000	0.0000	0.0000	0.0000	0.0000	0.0000	0.0000	0.0000	0.0000	0.0540	0.0352	0.0189	0.0157	0.0137	0.0020	0.0383	0.0215	0.0169	6.0573	0.0000	25.0672	0.0000	0.0000	0.0000	10.1039	0.0000	28.5633	0.0002	0.0002	0.0004	0.0005	0.0004	0.0007	0.0002	0.0000	0.0004	
60	97	0.1357	5	0	1	1	1	0	0	0	0	N	N	N	N	N	N	N	N	N	N	N	N	inf	inf	inf	inf	0.1897	0.0000	1.3043	0.0000	0.0000	0.0000	0.2128	0.0000	1.3496	0.0000	0.0000	0.0000	0.0000	0.0000	0.0000	0.0000	0.0000	0.0000	inf	0.0000	0.0000	0.0005	1.0165	3.6054	1.0129	0.0000	0.0000	0.0000	0.0000	0.0000	0.0000	0.0000	0.0000	0.0000	0.0000	0.0000	0.0000	0.0000	0.0000	0.0000	0.0000	0.0000	0.0000	0.0000	0.0000	0.0000	0.0000	0.0000	0.0000	0.0000	0.0000	0.0000	0.0153	0.0093	0.0060	0.0015	0.0014	0.0002	0.0138	0.0080	0.0058	inf	0.0000	inf	0.0000	0.0000	0.0000	inf	0.0000	inf	0.0000	0.0000	0.0000	0.0000	0.0000	0.0000	0.0000	0.0000	0.0000						
60	98	0.1228	4	0	1	0	1	0	0	0	0	N	N	N	N	N	N	N	N	N	N	N	N	inf	inf	inf	inf	inf	inf	inf	0.1345	0.1139	0.2536	1.2367	1.3076	0.0000	0.0404	0.0000	0.2612	0.0000	0.0000	0.0000	0.0000	0.0000	0.0000	0.0000	0.0000	0.0000	0.3832	-0.0000	0.0000	0.0005	2.0241	3.6054	1.0265	0.0000	0.0000	0.0000	0.0000	0.0000	0.0000	0.0000	0.0000	0.0000	0.0000	0.0000	0.0000	0.0000	0.0000	0.0000	0.0000	0.0000	0.0000	0.0000	0.0000	0.0000	0.0000	0.0000	0.0000	0.0000	0.0000	0.0000	0.0219	0.0131	0.0088	0.0024	0.0019	0.0005	0.0195	0.0112	0.0083	inf	inf	inf	inf	inf	0.0000	inf	0.0000	inf	0.0000	0.0000	0.0000	0.0000	0.0000	0.0000	0.0000	0.0000	0.0000			
60	99	0.1228	4	0	1	1	1	0	0	0	0	N	N	N	N	N	N	N	N	N	N	N	N	inf	inf	inf	inf	0.0258	0.0000	0.1764	0.0000	0.0000	0.0000	0.0280	0.0000	0.1817	0.0000	0.0000	0.0000	0.0000	0.0000	0.0000	0.0000	0.0000	0.0000	inf	0.0000	0.0000	0.0005	3.0066	3.6054	0.0000	0.0000	0.0000	0.0000	0.0000	0.0000	0.0000	0.0000	0.0000	0.0000	0.0000	0.0000	0.0000	0.0000	0.0000	0.0000	0.0000	0.0000	0.0000	0.0000	0.0000	0.0000	0.0000	0.0000	0.0000	0.0000	0.0000	0.0000	0.0216	0.0129	0.0086	0.0024	0.0019	0.0005	0.0192	0.0110	0.0082	inf	0.0000	inf	0.0000	0.0000	0.0000	inf	0.0000	inf	0.0000	0.0000	0.0000	0.0000	0.0000	0.0000	0.0000	0.0000	0.0000						
60	100	0.1485	4	0	1	1	1	0	0	0	0	N	N	N	N	N	N	N	N	N	N	N	N	0.0000	0.0000	0.0000	0.0000	0.0000	0.0000	0.0000	0.0000	0.0000	0.0000	0.0000	0.0000	0.0000	0.0000	0.0000	0.0000	0.0000	0.0000	0.0000	0.0000	0.0005	0.0000	3.6054	2.0000	0.0000	0.0000	0.0000	0.0000	0.0000	0.0000	0.0000	0.0000	0.0000	0.0000	0.0000	0.0000	0.0000	0.0000	0.0000	0.0000	0.0000	0.0000	0.0000	0.0000	0.0000	0.0000	0.0000	0.0000	0.0000	0.0000	0.0000	0.0139	0.0082	0.0057	0.0016	0.0013	0.0003	0.0123	0.0070	0.0053	0.0000	0.0000	0.0000	0.0000	0.0000	0.0000	0.0000	0.0000	0.0000	0.0000	0.0000	0.0000	0.0000	0.0000	0.0000	0.0000	0.0000	0.0000											
60	101	0.1095	3	0	1	1	1	0	0	0	0	N	N	N	N	N	N	N	N	N	N	N	N	1.4646	0.0000	13934.5481	0.0000	0.0000	0.0000	30.8522	0.0000	18429.7920	0.0019	0.0000	0.0132	0.0000	0.0000	0.0000	0.0021	0.0000	0.0138	0.0013	0.0022	0.0000	0.0100	0.0119	0.0000	0.0001	0.0001	0.0000	inf	0.0003	0.0000	-0.0000	0.0005	5.8899	3.6054	3.1847	0.0000	0.0000	0.0000	0.0000	0.0000	0.0000	0.0000	0.0000	0.0000	0.0001	0.0001	0.0000	0.0001	0.0001	0.0000	0.0000	0.0000	0.0000	0.0000	0.0000	0.0000	0.0000	0.0000	0.0000	0.0000	0.0000	0.0000	0.0665	0.0399	0.0266	0.0083	0.0070	0.0013	0.0582	0.0329	0.0253	1.4646	0.0000	13934.5481	0.0000	0.0000	0.0000	30.8522	0.0000	18429.7920	0.0013	0.0022	0.0000	0.0100	0.0119	0.0000	0.0001	0.0001	0.0000
60	102	0.1563	3	1	2	0	0	0	0	0	0	N	Y	N	N	N	N	N	N	N	N	N	N	0.0000	0.0000	0.0000	0.0000	0.0000	0.0000	0.0000	0.0000	0.0000	0.0000	0.0000	0.0000	0.0000	0.0000	0.0000	0.0000	0.0000	0.0000	0.0000	0.0000	0.0005	0.0000	3.6054	0.0000	0.0000	0.0000	0.0000	0.0000	0.0000	0.0000	0.0000	0.0000	0.0000	0.0000	0.0000	0.0000	0.0000	0.0000	0.0000	0.0000	0.0000	0.0000	0.0000	0.0000	0.0000	0.0000	0.0000	0.0000	0.0000	0.0000	0.0000	0.0000	0.0000	0.0000	0.0000	0.0000	0.0000	0.0000	0.0000	0.0000	0.0000	0.0000	0.0000	0.0000	0.0000	0.0000	0.0000	0.0000	0.0000	0.0000	0.0000	0.0000	0.0000	0.0000	0.0000	0.0000	0.0000	0.0000											
60	103	0.0570	2	1	2	0	0	0	0	0	0	N	Y	N	N	N	N	N	N	N	N	N	N	0.0723	0.0000	16.6010	0.0741	0.0000	16.6854	0.0021	0.0000	0.0146	0.0000	0.0000	0.0000	0.0023	0.0000	0.0149	0.0295	0.0500	0.0009	0.0000	0.0000	0.0000	0.0304	0.0521	0.0009	inf	0.0126	0.0000	-0.0021	0.0005	8.0012	3.6054	14.0016	0.0000	0.0000	0.0000	0.0000	0.0000	0.0000	0.0000	0.0000	0.0000	0.0040	0.0040	0.0001	0.0000	0.0000	0.0000	0.0040	0.0040	0.0001	0.0001	0.0000	0.0000	0.0000	0.0000	0.0000	0.0000	0.0000	0.0000	0.1360	0.0792	0.0568	0.0041	0.0032	0.0009	0.1320	0.0760	0.0560	0.0723	0.0000	16.6010	0.0000	0.0000	0.0000	0.0741	0.0000	16.6854	0.0295	0.0500	0.0009	0.0000	0.0000	0.0000	0.0304	0.0521	0.0009			
60	104	0.1200	3	0	2	0	0	0	0	0	0	N	Y	N	N	N	N	N	N	N	N	N	N	0.0000	0.0000	0.0000	0.0000	0.0000	0.0000	0.0000	0.0000	0.0000	0.0000	0.0000	0.0000	0.0000	0.0000	0.0000	0.0000	0.0000	0.0000	0.0336	0.0001	0.0925	0.0206	0.0002	0.0882	0.0371	0.0001	0.0934	392.1004	0.0000	0.0004	0.0005	2.0010	3.6054	1.0153	0.0000	0.0000	0.0000	0.0000	0.0000	0.0000	0.0000	0.0000	0.0000	0.0008	0.0000	0.0008	0.0001	0.0000	0.0001	0.0007	0.0000	0.0007	0.0000	0.0000	0.0000	0.0000	0.0000	0.0000	0.0000	0.0000	0.0000	0.0228	0.0139	0.0090	0.0047	0.0036	0.0011	0.0181	0.0103	0.0079	0.0000	0.0000	0.0000	0.0000	0.0000	0.0000	0.0000	0.0000	0.0000	0.0336	0.0001	0.0856	0.0206	0.0002	0.0882	0.0371	0.0001	0.0853	
60	105	0.0570	2	0	2	0	0	0	0	0	0	N	Y	N	N	N	N	N	N	N	N	N	N	0.0008	0.0000	0.0012	0.0009	0.0000	0.0012	0.0054	0.0000	0.0364	0.0000	0.0000	0.0000	0.0057	0.0000	0.0371	6.3761	0.0473	30.5809	0.0000	0.0000	0.0000	6.3754	0.0493	30.6260	inf	223.7428	0.0000	0.2596	0.0005	3.0162	3.6054	11.0438	0.0000	0.0000	0.0000	0.0000	0.0000	0.0000	0.0000	0.0000	0.0000	0.5697	0.0025	0.5672	0.0000	0.0000	0.0000	0.5697	0.0025	0.5672	0.0000	0.0000	0.0000	0.0000	0.0000	0.0000	0.0000	0.0000	0.0000	0.0921	0.0536	0.0385	0.0027	0.0021	0.0006	0.0894	0.0514	0.0379	0.0009	0.0000	0.0025	0.0000	0.0000	0.0000	0.0009	0.0000	0.0025	6.1890	0.0473	14.7355	0.0000	0.0000	0.0000	6.3754	0.0493	14.9550			
60	106	0.1579	7	1	2	0	0	0	0	0	0	N	Y	N	N	N	N	N	N	N	N	N	N	0.0000	0.0000	0.0000	0.0000	0.0000	0.0000	0.0000	0.0000	0.0000	0.0000	0.0000	0.0000	0.0000	0.0013	0.0000	0.0037	0.0000	0.0000	0.0000	0.0020	0.0000	0.0045	inf	0.0000	0.0000	0.0005	1.0000	3.6054	1.0000	0.0000	0.0000	0.0000	0.0000	0.0000	0.0000	0.0000	0.0000	0.0000	0.0000	0.0000	0.0000	0.0000	0.0000	0.0000	0.0000	0.0000	0.0000	0.0000	0.0000	0.0000	0.0000	0.0000	0.0000	0.0000	0.0000	0.0000	0.0149	0.0095	0.0054	0.0047	0.0037	0.0009	0.0102	0.0058	0.0045	0.0000	0.0000	0.0000	0.0000	0.0000	0.0000	0.0000	0.0000	0.0000	0.0013	0.0000	0.0037	0.0000	0.0000	0.0000	0.0020	0.0000	0.0045						
60	107	0.1537	6	1	2	0	0	0	0	0	0	N	Y	N	N	N	N	N	N	N	N	N	N	0.0000	0.0000	0.0000	0.0000	0.0000	0.0000	0.0000	0.0000	0.0000	0.0000	0.0000	0.0000	0.0000	0.0000	0.0000	0.0000	0.0000	0.0000	0.0000	0.0000	0.0005	0.0000	3.6054	0.9999	0.0000	0.0000	0.0000	0.0000	0.0000	0.0000	0.0000	0.0000	0.0000	0.0000	0.0000	0.0000	0.0000	0.0000	0.0000	0.0000	0.0000	0.0000	0.0000	0.0000	0.0000	0.0000	0.0000	0.0000	0.0000	0.0000	0.0000	0.0075	0.0046	0.0028	0.0018	0.0015	0.0004	0.0056	0.0032	0.0024	0.0000	0.0000	0.0000	0.0000	0.0000	0.0000	0.0000	0.0000	0.0000	0.0000	0.0000	0.0000	0.0000	0.0000	0.0000	0.0000	0.0000	0.0000											
60	108	0.1329	5	1	2	0	0	0	0	0	0	N	Y	N	N	N	N	N	N	N	N	N	N	307.4452	0.0000	3702347.6968	0.0000	0.0000	702.0870	0.0000	3368008.4444	0.0801	0.0000	0.5608	0.0000	0.0000	0.0000	0.1096	0.0000	0.5700	0.0003	0.0004	0.0000	0.0005	0.0006	0.0000	0.0002	0.0003	0.0000	inf	0.0002	0.0000	-0.0000	0.0005	0.0100	3.6054	4.8896	0.0000	0.0000	0.0000	0.0000	0.0000	0.0000	0.0000	0.0000	0.0000	0.0000	0.0000	0.0000	0.0000	0.0000	0.0000	0.0000	0.0000	0.0000	0.0000	0.0000	0.0000	0.0000	0.0000	0.0000	0.0000	0.0000	0.0000	0.0548	0.0356	0.0191	0.0158	0.0138	0.0020	0.0390	0.0219	0.0171	307.4452	0.0000	3702347.6968	0.0000	0.0000	0.0000	702.0870	0.0000	3368008.4444	0.0003	0.0004	0.0000	0.0005	0.0006	0.0000	0.0002	0.0003	0.0000	
60	109	0.1228	4	0	2	0	0	0	0	0	0	N	Y	N	N	N	N	N	N	N	N	N	N	137.9493	2.4931	1433.9291	11576.6723	9767.9979	131.3503	0.0000	1395.5317	0.0766	0.0017	0.5108	0.0176	0.0185	0.0000	0.0819	0.0000	0.5259	0.0006	0.0007	0.0004	0.0000	0.0000	0.0000	0.0006	0.0008	0.0004	51.3337	0.3463	0.0000	-0.0000	0.0005	1.0007	3.6054	1.4004	0.0000	0.0000	0.0000	0.0000	0.0000	0.0000	0.0000	0.0000	0.0000	0.0000	0.0000	0.0000	0.0000	0.0000	0.0000	0.0000	0.0000	0.0000	0.0000	0.0000	0.0000	0.0000	0.0000	0.0000	0.0000	0.0000	0.0000	0.0173	0.0104	0.0069	0.0019	0.0015	0.0004	0.0154	0.0088	0.0066	137.9493	2.4931	1433.9291	11576.6723	9767.9979	0.0000	131.3503	0.0000	1395.5317	0.0006	0.0007	0.0004	0.0000	0.0000	0.0000	0.0006	0.0008	0.0004	
60	110	0.1095	3	0	1	0	0	0	0	0	0	N	N	N	N	N	N	N	N	N	N	N	N	14.2305	51.0904	5.7741	38.5634	38.3198	0.0000	2.6886	0.0000	7.0983	0.1620	0.1659	0.1391	0.4264	0.4735	0.0000	0.0308	0.0000	0.1790	0.0114	0.0032	0.0241	0.0111	0.0124	0.0001	0.0114	0.0003	0.0252	0.1455	4.7473	-0.0000	0.0001	0.0005	0.3039	3.6054	2.8719	0.0000	0.0000	0.0000	0.0000	0.0000	0.0000	0.0000	0.0000	0.0000	0.0003	0.0001	0.0003	0.0001	0.0001	0.0000	0.0003	0.0000	0.0003	0.0000	0.0000	0.0000	0.0000	0.0000	0.0000	0.0000	0.0000	0.0000	0.0273	0.0167	0.0107	0.0045	0.0041	0.0005	0.0228	0.0126	0.0102	14.2305	51.0904	5.7741	38.5634	38.3198	0.0000	2.6886	0.0000	7.0983	0.0114	0.0032	0.0241	0.0111	0.0124	0.0001	0.0114	0.0003	0.0252
60	111	0.0570	2	0	1	0	0	0	0	0	0	N	N	N	N	N	N	N	N	N	N	N	N	0.2664	0.0771	19.3452	inf	inf	0.1603	0.0000	19.4566	0.0073	0.0036	0.0290	0.0551	0.0582	0.0000	0.0045	0.0000	0.0295	0.0274	0.0461	0.0015	0.0000	0.0000	0.0000	0.0283	0.0480	0.0015	1.4129	0.0234	0.0000	-0.0011	0.0005	3.8240	3.6054	8.1760	0.0000	0.0000	0.0000	0.0000	0.0000	0.0000	0.0000	0.0000	0.0000	0.0022	0.0021	0.0000	0.0000	0.0000	0.0000	0.0022	0.0021	0.0000	0.0000	0.0000	0.0000	0.0000	0.0000	0.0000	0.0000	0.0000	0.0000	0.0798	0.0464	0.0334	0.0023	0.0018	0.0005	0.0774	0.0446	0.0329	0.2664	0.0771	19.3452	inf	inf	0.0000	0.1603	0.0000	19.4566	0.0274	0.0461	0.0015	0.0000	0.0000	0.0000	0.0283	0.0480	0.0015	
60	115	0.2496	5	0	1	0	0	0	0	0	0	N	N	N	N	N	N	N	N	N	N	N	N	29.6652	24.7600	0.0000	16.2376	14.3718	0.0000	136.4792	98.2170	0.0000	2.3967	2.7612	0.0000	6.7008	6.9328	0.0000	1.5822	1.8628	0.0000	0.0808	0.1115	0.0003	0.4127	0.4824	0.0003	0.0116	0.0190	0.0003	0.0000	0.0010	-0.0001	-0.0116	0.0005	8.9918	3.6054	13.3277	0.0002	0.0002	0.0000	0.0001	0.0001	0.0000	0.0001	0.0001	0.0000	0.0216	0.0215	0.0000	0.0199	0.0199	0.0000	0.0017	0.0016	0.0000	0.0001	0.0001	0.0000	0.0000	0.0000	0.0000	0.0001	0.0000	0.0000	0.2670	0.1932	0.0738	0.1238	0.1066	0.0172	0.1432	0.0866	0.0565	29.6652	24.7600	0.0000	41.6625	37.1211	0.0000	136.4792	98.2170	0.0000	0.0808	0.1115	0.0003	0.1608	0.1868	0.0003	0.0116	0.0190	0.0003
61	64	0.1735	6	1	1	1	0	0	0	0	0	N	N	N	N	N	N	N	N	N	N	N	N	0.0000	0.0000	0.0000	0.0000	0.0000	0.0000	0.0000	0.0000	0.0000	0.0000	0.0000	0.0000	0.0000	0.0000	0.0000	0.0000	0.0000	0.0000	0.0000	0.0000	0.0000	4.0000	1.0000	3.0000	0.0000	0.0000	0.0000	0.0000	0.0000	0.0000	0.0000	0.0000	0.0000	0.0000	0.0000	0.0000	0.0000	0.0000	0.0000	0.0000	0.0000	0.0000	0.0000	0.0000	0.0000	0.0000	0.0000	0.0000	0.0000	0.0000	0.0000	0.0129	0.0078	0.0051	0.0023	0.0016	0.0007	0.0106	0.0062	0.0044	0.0000	0.0000	0.0000	0.0000	0.0000	0.0000	0.0000	0.0000	0.0000	0.0000	0.0000	0.0000	0.0000	0.0000	0.0000	0.0000	0.0000	0.0000											
61	65	0.1317	5	0	0	1	0	0	0	0	0	N	N	N	N	N	N	N	N	N	N	N	N	0.0000	0.0000	0.0000	0.0000	0.0000	0.0000	0.0000	0.0000	0.0000	0.0000	0.0000	0.0000	0.0000	0.0000	0.0000	0.0000	0.0000	0.0000	0.0000	0.0000	0.0000	2.0015	1.0000	10.0016	0.0000	0.0000	0.0000	0.0000	0.0000	0.0000	0.0000	0.0000	0.0000	0.0000	0.0000	0.0000	0.0000	0.0000	0.0000	0.0000	0.0000	0.0000	0.0000	0.0000	0.0000	0.0000	0.0000	0.0000	0.0000	0.0000	0.0000	0.0221	0.0127	0.0094	0.0031	0.0021	0.0009	0.0191	0.0106	0.0085	0.0000	0.0000	0.0000	0.0000	0.0000	0.0000	0.0000	0.0000	0.0000	0.0000	0.0000	0.0000	0.0000	0.0000	0.0000	0.0000	0.0000	0.0000											
61	67	0.2866	7	0	0	1	0	0	0	0	0	N	N	N	N	N	N	N	N	N	N	N	N	0.0000	0.0000	0.0000	0.0000	0.0000	0.0000	0.0000	0.0000	0.0000	0.0000	0.0000	0.0000	0.0000	0.0000	0.0000	0.0000	0.0000	0.0000	0.0000	0.0000	0.0000	4.8614	1.0000	14.2102	0.0000	0.0000	0.0000	0.0000	0.0000	0.0000	0.0000	0.0000	0.0000	0.0000	0.0000	0.0000	0.0000	0.0000	0.0000	0.0000	0.0000	0.0000	0.0000	0.0000	0.0000	0.0000	0.0000	0.0000	0.0000	0.0000	0.0000	0.0574	0.0391	0.0183	0.0240	0.0197	0.0043	0.0334	0.0194	0.0140	0.0000	0.0000	0.0000	0.0000	0.0000	0.0000	0.0000	0.0000	0.0000	0.0000	0.0000	0.0000	0.0000	0.0000	0.0000	0.0000	0.0000	0.0000											
61	68	0.2074	9	1	1	2	0	0	0	0	0	N	N	Y	N	N	N	N	N	N	N	N	N	0.0000	0.0000	0.0000	0.0000	0.0000	0.0000	0.0000	0.0000	0.0000	0.0000	0.0000	0.0000	0.0000	0.0000	0.0000	0.0000	0.0000	0.0000	0.0000	0.0000	0.0000	0.0000	1.0000	0.0000	0.0000	0.0000	0.0000	0.0000	0.0000	0.0000	0.0000	0.0000	0.0000	0.0000	0.0000	0.0000	0.0000	0.0000	0.0000	0.0000	0.0000	0.0000	0.0000	0.0000	0.0000	0.0000	0.0000	0.0000	0.0000	0.0000	0.0000	0.0000	0.0000	0.0000	0.0000	0.0000	0.0000	0.0000	0.0000	0.0000	0.0000	0.0000	0.0000	0.0000	0.0000	0.0000	0.0000	0.0000	0.0000	0.0000	0.0000	0.0000	0.0000	0.0000	0.0000	0.0000	0.0000	0.0000											
61	69	0.2033	8	1	0	2	0	0	0	0	0	N	N	Y	N	N	N	N	N	N	N	N	N	0.0000	0.0000	0.0000	0.0000	0.0000	0.0000	0.0000	0.0000	0.0000	0.0000	0.0000	0.0000	0.0000	0.0000	0.0000	0.0000	0.0000	0.0000	0.0000	0.0000	0.0000	0.0016	1.0000	0.9826	0.0000	0.0000	0.0000	0.0000	0.0000	0.0000	0.0000	0.0000	0.0000	0.0000	0.0000	0.0000	0.0000	0.0000	0.0000	0.0000	0.0000	0.0000	0.0000	0.0000	0.0000	0.0000	0.0000	0.0000	0.0000	0.0000	0.0000	0.0020	0.0012	0.0008	0.0005	0.0004	0.0001	0.0015	0.0009	0.0006	0.0000	0.0000	0.0000	0.0000	0.0000	0.0000	0.0000	0.0000	0.0000	0.0000	0.0000	0.0000	0.0000	0.0000	0.0000	0.0000	0.0000	0.0000											
61	70	0.1906	7	1	0	2	0	0	0	0	0	N	N	Y	N	N	N	N	N	N	N	N	N	0.0000	0.0000	0.0000	0.0000	0.0000	0.0000	0.0000	0.0000	0.0000	0.0000	0.0000	0.0000	0.0000	0.0000	0.0000	0.0000	0.0000	0.0000	0.0000	0.0000	0.0000	0.0061	1.0000	3.0249	0.0000	0.0000	0.0000	0.0000	0.0000	0.0000	0.0000	0.0000	0.0000	0.0000	0.0000	0.0000	0.0000	0.0000	0.0000	0.0000	0.0000	0.0000	0.0000	0.0000	0.0000	0.0000	0.0000	0.0000	0.0000	0.0000	0.0000	0.0062	0.0039	0.0023	0.0015	0.0012	0.0003	0.0047	0.0028	0.0020	0.0000	0.0000	0.0000	0.0000	0.0000	0.0000	0.0000	0.0000	0.0000	0.0000	0.0000	0.0000	0.0000	0.0000	0.0000	0.0000	0.0000	0.0000											
61	71	0.1735	6	1	0	2	0	0	0	0	0	N	N	Y	N	N	N	N	N	N	N	N	N	0.0000	0.0000	0.0000	0.0000	0.0000	0.0000	0.0000	0.0000	0.0000	0.0000	0.0000	0.0000	0.0000	0.0000	0.0000	0.0000	0.0000	0.0000	0.0000	0.0000	0.0000	0.0044	1.0000	4.0281	0.0000	0.0000	0.0000	0.0000	0.0000	0.0000	0.0000	0.0000	0.0000	0.0000	0.0000	0.0000	0.0000	0.0000	0.0000	0.0000	0.0000	0.0000	0.0000	0.0000	0.0000	0.0000	0.0000	0.0000	0.0000	0.0000	0.0000	0.0076	0.0046	0.0030	0.0013	0.0009	0.0004	0.0063	0.0037	0.0026	0.0000	0.0000	0.0000	0.0000	0.0000	0.0000	0.0000	0.0000	0.0000	0.0000	0.0000	0.0000	0.0000	0.0000	0.0000	0.0000	0.0000	0.0000											
61	72	0.1317	5	0	1	1	0	0	0	0	0	N	N	N	N	N	N	N	N	N	N	N	N	0.0000	0.0000	0.0000	0.0000	0.0000	0.0000	0.0000	0.0000	0.0000	0.0000	0.0000	0.0000	0.0000	0.0000	0.0000	0.0000	0.0000	0.0000	0.0000	0.0000	0.0000	5.9987	1.0000	11.0016	0.0000	0.0000	0.0000	0.0000	0.0000	0.0000	0.0000	0.0000	0.0000	0.0000	0.0000	0.0000	0.0000	0.0000	0.0000	0.0000	0.0000	0.0000	0.0000	0.0000	0.0000	0.0000	0.0000	0.0000	0.0000	0.0000	0.0000	0.0301	0.0174	0.0128	0.0042	0.0029	0.0013	0.0260	0.0145	0.0115	0.0000	0.0000	0.0000	0.0000	0.0000	0.0000	0.0000	0.0000	0.0000	0.0000	0.0000	0.0000	0.0000	0.0000	0.0000	0.0000	0.0000	0.0000											
61	73	0.1735	6	1	0	2	0	0	0	0	0	N	N	Y	N	N	N	N	N	N	N	N	N	0.0000	0.0000	0.0000	0.0000	0.0000	0.0000	0.0000	0.0000	0.0000	0.0000	0.0000	0.0000	0.0000	0.0000	0.0000	0.0000	0.0000	0.0000	0.0000	0.0000	0.0000	2.0000	1.0000	5.0000	0.0000	0.0000	0.0000	0.0000	0.0000	0.0000	0.0000	0.0000	0.0000	0.0000	0.0000	0.0000	0.0000	0.0000	0.0000	0.0000	0.0000	0.0000	0.0000	0.0000	0.0000	0.0000	0.0000	0.0000	0.0000	0.0000	0.0000	0.0129	0.0078	0.0051	0.0023	0.0016	0.0007	0.0106	0.0062	0.0044	0.0000	0.0000	0.0000	0.0000	0.0000	0.0000	0.0000	0.0000	0.0000	0.0000	0.0000	0.0000	0.0000	0.0000	0.0000	0.0000	0.0000	0.0000											
61	74	0.1735	7	0	1	1	0	0	0	0	0	N	N	N	N	N	N	N	N	N	N	N	N	0.0000	0.0000	0.0000	0.0000	0.0000	0.0000	0.0000	0.0000	0.0000	0.0000	0.0000	0.0000	0.0000	0.0000	0.0000	0.0000	0.0000	0.0000	0.0000	0.0000	0.0000	6.1274	1.0000	13.6208	0.0000	0.0000	0.0000	0.0000	0.0000	0.0000	0.0000	0.0000	0.0000	0.0000	0.0000	0.0000	0.0000	0.0000	0.0000	0.0000	0.0000	0.0000	0.0000	0.0000	0.0000	0.0000	0.0000	0.0000	0.0000	0.0000	0.0000	0.0379	0.0223	0.0156	0.0046	0.0035	0.0011	0.0333	0.0187	0.0146	0.0000	0.0000	0.0000	0.0000	0.0000	0.0000	0.0000	0.0000	0.0000	0.0000	0.0000	0.0000	0.0000	0.0000	0.0000	0.0000	0.0000	0.0000											
61	75	0.1980	10	0	0	2	0	0	0	0	0	N	N	Y	N	N	N	N	N	N	N	N	N	0.0000	0.0000	0.0000	0.0000	0.0000	0.0000	0.0000	0.0000	0.0000	0.0000	0.0000	0.0000	0.0000	0.0000	0.0000	0.0000	0.0000	0.0000	0.0000	0.0000	0.0000	0.0000	1.0000	1.0003	0.0000	0.0000	0.0000	0.0000	0.0000	0.0000	0.0000	0.0000	0.0000	0.0000	0.0000	0.0000	0.0000	0.0000	0.0000	0.0000	0.0000	0.0000	0.0000	0.0000	0.0000	0.0000	0.0000	0.0000	0.0000	0.0000	0.0000	0.0020	0.0012	0.0008	0.0002	0.0002	0.0001	0.0018	0.0010	0.0008	0.0000	0.0000	0.0000	0.0000	0.0000	0.0000	0.0000	0.0000	0.0000	0.0000	0.0000	0.0000	0.0000	0.0000	0.0000	0.0000	0.0000	0.0000											
61	76	0.1939	9	0	0	2	0	0	0	0	0	N	N	Y	N	N	N	N	N	N	N	N	N	0.0000	0.0000	0.0000	0.0000	0.0000	0.0000	0.0000	0.0000	0.0000	0.0000	0.0000	0.0000	0.0000	0.0000	0.0000	0.0000	0.0000	0.0000	0.0000	0.0000	0.0000	0.0000	1.0000	1.0076	0.0000	0.0000	0.0000	0.0000	0.0000	0.0000	0.0000	0.0000	0.0000	0.0000	0.0000	0.0000	0.0000	0.0000	0.0000	0.0000	0.0000	0.0000	0.0000	0.0000	0.0000	0.0000	0.0000	0.0000	0.0000	0.0000	0.0000	0.0020	0.0012	0.0008	0.0002	0.0001	0.0001	0.0018	0.0010	0.0008	0.0000	0.0000	0.0000	0.0000	0.0000	0.0000	0.0000	0.0000	0.0000	0.0000	0.0000	0.0000	0.0000	0.0000	0.0000	0.0000	0.0000	0.0000											
61	77	0.1899	8	0	0	1	0	0	0	0	0	N	N	N	N	N	N	N	N	N	N	N	N	0.0000	0.0000	0.0000	0.0000	0.0000	0.0000	0.0000	0.0000	0.0000	0.0000	0.0000	0.0000	0.0000	0.0000	0.0000	0.0000	0.0000	0.0000	0.0000	0.0000	0.0000	0.0026	1.0000	0.9924	0.0000	0.0000	0.0000	0.0000	0.0000	0.0000	0.0000	0.0000	0.0000	0.0000	0.0000	0.0000	0.0000	0.0000	0.0000	0.0000	0.0000	0.0000	0.0000	0.0000	0.0000	0.0000	0.0000	0.0000	0.0000	0.0000	0.0000	0.0020	0.0012	0.0008	0.0002	0.0001	0.0001	0.0018	0.0010	0.0008	0.0000	0.0000	0.0000	0.0000	0.0000	0.0000	0.0000	0.0000	0.0000	0.0000	0.0000	0.0000	0.0000	0.0000	0.0000	0.0000	0.0000	0.0000											
61	78	0.1735	7	0	0	1	0	0	0	0	0	N	N	N	N	N	N	N	N	N	N	N	N	0.0000	0.0000	0.0000	0.0000	0.0000	0.0000	0.0000	0.0000	0.0000	0.0000	0.0000	0.0000	0.0000	0.0000	0.0000	0.0000	0.0000	0.0000	0.0000	0.0000	0.0000	2.8733	1.0000	1.5522	0.0000	0.0000	0.0000	0.0000	0.0000	0.0000	0.0000	0.0000	0.0000	0.0000	0.0000	0.0000	0.0000	0.0000	0.0000	0.0000	0.0000	0.0000	0.0000	0.0000	0.0000	0.0000	0.0000	0.0000	0.0000	0.0000	0.0000	0.0118	0.0075	0.0043	0.0023	0.0020	0.0003	0.0095	0.0054	0.0040	0.0000	0.0000	0.0000	0.0000	0.0000	0.0000	0.0000	0.0000	0.0000	0.0000	0.0000	0.0000	0.0000	0.0000	0.0000	0.0000	0.0000	0.0000											
61	79	0.1614	6	0	0	1	0	0	0	0	0	N	N	N	N	N	N	N	N	N	N	N	N	0.0000	0.0000	0.0000	0.0000	0.0000	0.0000	0.0000	0.0000	0.0000	0.0000	0.0000	0.0000	0.0000	0.0000	0.0000	0.0000	0.0000	0.0000	0.0000	0.0000	0.0000	0.2102	1.0000	3.4985	0.0000	0.0000	0.0000	0.0000	0.0000	0.0000	0.0000	0.0000	0.0000	0.0000	0.0000	0.0000	0.0000	0.0000	0.0000	0.0000	0.0000	0.0000	0.0000	0.0000	0.0000	0.0000	0.0000	0.0000	0.0000	0.0000	0.0000	0.0140	0.0100	0.0041	0.0044	0.0040	0.0004	0.0097	0.0060	0.0037	0.0000	0.0000	0.0000	0.0000	0.0000	0.0000	0.0000	0.0000	0.0000	0.0000	0.0000	0.0000	0.0000	0.0000	0.0000	0.0000	0.0000	0.0000											
61	80	0.1050	6	0	1	1	0	0	0	0	0	N	N	N	N	N	N	N	N	N	N	N	N	0.0000	0.0000	0.0000	0.0000	0.0000	0.0000	0.0000	0.0000	0.0000	0.0000	0.0000	0.0000	0.0000	0.0000	0.0000	0.0000	0.0000	0.0000	0.0000	0.0000	0.0000	2.0196	1.0000	6.0690	0.0000	0.0000	0.0000	0.0000	0.0000	0.0000	0.0000	0.0000	0.0000	0.0000	0.0000	0.0000	0.0000	0.0000	0.0000	0.0000	0.0000	0.0000	0.0000	0.0000	0.0000	0.0000	0.0000	0.0000	0.0000	0.0000	0.0000	0.0169	0.0097	0.0072	0.0019	0.0014	0.0005	0.0149	0.0083	0.0067	0.0000	0.0000	0.0000	0.0000	0.0000	0.0000	0.0000	0.0000	0.0000	0.0000	0.0000	0.0000	0.0000	0.0000	0.0000	0.0000	0.0000	0.0000											
61	81	0.0967	5	0	0	1	0	0	0	0	0	N	N	N	N	N	N	N	N	N	N	N	N	0.0000	0.0000	0.0000	0.0000	0.0000	0.0000	0.0000	0.0000	0.0000	0.0000	0.0000	0.0000	0.0000	0.0000	0.0000	0.0000	0.0000	0.0000	0.0000	0.0000	0.0000	0.9876	1.0000	0.9833	0.0000	0.0000	0.0000	0.0000	0.0000	0.0000	0.0000	0.0000	0.0000	0.0000	0.0000	0.0000	0.0000	0.0000	0.0000	0.0000	0.0000	0.0000	0.0000	0.0000	0.0000	0.0000	0.0000	0.0000	0.0000	0.0000	0.0000	0.0042	0.0024	0.0018	0.0004	0.0003	0.0001	0.0038	0.0021	0.0017	0.0000	0.0000	0.0000	0.0000	0.0000	0.0000	0.0000	0.0000	0.0000	0.0000	0.0000	0.0000	0.0000	0.0000	0.0000	0.0000	0.0000	0.0000											
61	82	0.2018	7	1	0	2	0	0	0	0	0	N	N	Y	N	N	N	N	N	N	N	N	N	0.0000	0.0000	0.0000	0.0000	0.0000	0.0000	0.0000	0.0000	0.0000	0.0000	0.0000	0.0000	0.0000	0.0000	0.0000	0.0000	0.0000	0.0000	0.0000	0.0000	0.0000	1.0000	1.0000	2.9874	0.0000	0.0000	0.0000	0.0000	0.0000	0.0000	0.0000	0.0000	0.0000	0.0000	0.0000	0.0000	0.0000	0.0000	0.0000	0.0000	0.0000	0.0000	0.0000	0.0000	0.0000	0.0000	0.0000	0.0000	0.0000	0.0000	0.0000	0.0080	0.0048	0.0032	0.0018	0.0014	0.0005	0.0061	0.0034	0.0027	0.0000	0.0000	0.0000	0.0000	0.0000	0.0000	0.0000	0.0000	0.0000	0.0000	0.0000	0.0000	0.0000	0.0000	0.0000	0.0000	0.0000	0.0000											
61	83	0.1735	6	1	0	2	0	0	0	0	0	N	N	Y	N	N	N	N	N	N	N	N	N	0.0000	0.0000	0.0000	0.0000	0.0000	0.0000	0.0000	0.0000	0.0000	0.0000	0.0000	0.0000	0.0000	0.0000	0.0000	0.0000	0.0000	0.0000	0.0000	0.0000	0.0000	0.9997	1.0000	6.0128	0.0000	0.0000	0.0000	0.0000	0.0000	0.0000	0.0000	0.0000	0.0000	0.0000	0.0000	0.0000	0.0000	0.0000	0.0000	0.0000	0.0000	0.0000	0.0000	0.0000	0.0000	0.0000	0.0000	0.0000	0.0000	0.0000	0.0000	0.0129	0.0078	0.0051	0.0023	0.0016	0.0007	0.0107	0.0062	0.0044	0.0000	0.0000	0.0000	0.0000	0.0000	0.0000	0.0000	0.0000	0.0000	0.0000	0.0000	0.0000	0.0000	0.0000	0.0000	0.0000	0.0000	0.0000											
61	84	0.1317	5	0	1	1	1	0	0	0	0	N	N	N	N	N	N	N	N	N	N	N	N	0.0000	0.0000	0.0000	0.0000	0.0000	0.0000	0.0000	0.0000	0.0000	0.0000	0.0000	0.0000	0.0000	0.0000	0.0000	0.0000	0.0000	0.0000	0.0000	0.0000	0.0000	8.0013	1.0000	12.0015	0.0000	0.0000	0.0000	0.0000	0.0000	0.0000	0.0000	0.0000	0.0000	0.0000	0.0000	0.0000	0.0000	0.0000	0.0000	0.0000	0.0000	0.0000	0.0000	0.0000	0.0000	0.0000	0.0000	0.0000	0.0000	0.0000	0.0000	0.0346	0.0200	0.0147	0.0048	0.0033	0.0015	0.0299	0.0167	0.0132	0.0000	0.0000	0.0000	0.0000	0.0000	0.0000	0.0000	0.0000	0.0000	0.0000	0.0000	0.0000	0.0000	0.0000	0.0000	0.0000	0.0000	0.0000											
61	85	0.0753	3	0	1	1	0	0	0	0	0	N	N	N	N	N	N	N	N	N	N	N	N	0.0000	0.0000	0.0000	0.0000	0.0000	0.0000	0.0000	0.0000	0.0000	0.0000	0.0000	0.0000	0.0000	0.0000	0.0000	0.0000	0.0000	0.0000	0.0000	0.0000	0.0000	1.0000	1.0000	6.9850	0.0000	0.0000	0.0000	0.0000	0.0000	0.0000	0.0000	0.0000	0.0000	0.0000	0.0000	0.0000	0.0000	0.0000	0.0000	0.0000	0.0000	0.0000	0.0000	0.0000	0.0000	0.0000	0.0000	0.0000	0.0000	0.0000	0.0000	0.0161	0.0091	0.0070	0.0014	0.0010	0.0004	0.0148	0.0081	0.0066	0.0000	0.0000	0.0000	0.0000	0.0000	0.0000	0.0000	0.0000	0.0000	0.0000	0.0000	0.0000	0.0000	0.0000	0.0000	0.0000	0.0000	0.0000											
61	87	0.1735	6	0	1	1	0	0	0	0	0	N	N	N	N	N	N	N	N	N	N	N	N	0.0000	0.0000	0.0000	0.0000	0.0000	0.0000	0.0000	0.0000	0.0000	0.0000	0.0000	0.0000	0.0000	0.0000	0.0000	0.0000	0.0000	0.0000	0.0000	0.0000	0.0000	4.0000	1.0000	7.0000	0.0000	0.0000	0.0000	0.0000	0.0000	0.0000	0.0000	0.0000	0.0000	0.0000	0.0000	0.0000	0.0000	0.0000	0.0000	0.0000	0.0000	0.0000	0.0000	0.0000	0.0000	0.0000	0.0000	0.0000	0.0000	0.0000	0.0000	0.0197	0.0119	0.0077	0.0034	0.0024	0.0010	0.0162	0.0095	0.0068	0.0000	0.0000	0.0000	0.0000	0.0000	0.0000	0.0000	0.0000	0.0000	0.0000	0.0000	0.0000	0.0000	0.0000	0.0000	0.0000	0.0000	0.0000											
61	88	0.1317	5	0	0	1	0	0	0	0	0	N	N	N	N	N	N	N	N	N	N	N	N	0.0000	0.0000	0.0000	0.0000	0.0000	0.0000	0.0000	0.0000	0.0000	0.0000	0.0000	0.0000	0.0000	0.0000	0.0000	0.0000	0.0000	0.0000	0.0000	0.0000	0.0000	2.9985	1.0000	7.0016	0.0000	0.0000	0.0000	0.0000	0.0000	0.0000	0.0000	0.0000	0.0000	0.0000	0.0000	0.0000	0.0000	0.0000	0.0000	0.0000	0.0000	0.0000	0.0000	0.0000	0.0000	0.0000	0.0000	0.0000	0.0000	0.0000	0.0000	0.0187	0.0108	0.0080	0.0026	0.0018	0.0008	0.0161	0.0089	0.0072	0.0000	0.0000	0.0000	0.0000	0.0000	0.0000	0.0000	0.0000	0.0000	0.0000	0.0000	0.0000	0.0000	0.0000	0.0000	0.0000	0.0000	0.0000											
61	89	0.1052	6	0	1	1	0	0	0	0	0	N	N	N	N	N	N	N	N	N	N	N	N	0.0000	0.0000	0.0000	0.0000	0.0000	0.0000	0.0000	0.0000	0.0000	0.0000	0.0000	0.0000	0.0000	0.0000	0.0000	0.0000	0.0000	0.0000	0.0000	0.0000	0.0000	0.0157	1.0000	9.0253	0.0000	0.0000	0.0000	0.0000	0.0000	0.0000	0.0000	0.0000	0.0000	0.0000	0.0000	0.0000	0.0000	0.0000	0.0000	0.0000	0.0000	0.0000	0.0000	0.0000	0.0000	0.0000	0.0000	0.0000	0.0000	0.0000	0.0000	0.0185	0.0106	0.0079	0.0022	0.0016	0.0006	0.0162	0.0089	0.0073	0.0000	0.0000	0.0000	0.0000	0.0000	0.0000	0.0000	0.0000	0.0000	0.0000	0.0000	0.0000	0.0000	0.0000	0.0000	0.0000	0.0000	0.0000											
61	90	0.0967	5	0	1	1	0	0	0	0	0	N	N	N	N	N	N	N	N	N	N	N	N	0.0000	0.0000	0.0000	0.0000	0.0000	0.0000	0.0000	0.0000	0.0000	0.0000	0.0000	0.0000	0.0000	0.0000	0.0000	0.0000	0.0000	0.0000	0.0000	0.0000	0.0000	0.0169	1.0000	2.0013	0.0000	0.0000	0.0000	0.0000	0.0000	0.0000	0.0000	0.0000	0.0000	0.0000	0.0000	0.0000	0.0000	0.0000	0.0000	0.0000	0.0000	0.0000	0.0000	0.0000	0.0000	0.0000	0.0000	0.0000	0.0000	0.0000	0.0000	0.0043	0.0024	0.0019	0.0004	0.0003	0.0001	0.0039	0.0022	0.0018	0.0000	0.0000	0.0000	0.0000	0.0000	0.0000	0.0000	0.0000	0.0000	0.0000	0.0000	0.0000	0.0000	0.0000	0.0000	0.0000	0.0000	0.0000											
61	91	0.0880	4	0	0	1	0	0	0	0	0	N	N	N	N	N	N	N	N	N	N	N	N	0.0000	0.0000	0.0000	0.0000	0.0000	0.0000	0.0000	0.0000	0.0000	0.0000	0.0000	0.0000	0.0000	0.0000	0.0000	0.0000	0.0000	0.0000	0.0000	0.0000	0.0000	1.9923	1.0000	0.0454	0.0000	0.0000	0.0000	0.0000	0.0000	0.0000	0.0000	0.0000	0.0000	0.0000	0.0000	0.0000	0.0000	0.0000	0.0000	0.0000	0.0000	0.0000	0.0000	0.0000	0.0000	0.0000	0.0000	0.0000	0.0000	0.0000	0.0000	0.0043	0.0024	0.0019	0.0004	0.0003	0.0001	0.0040	0.0021	0.0018	0.0000	0.0000	0.0000	0.0000	0.0000	0.0000	0.0000	0.0000	0.0000	0.0000	0.0000	0.0000	0.0000	0.0000	0.0000	0.0000	0.0000	0.0000											
61	93	0.2284	10	1	1	1	1	0	0	0	0	N	N	N	N	N	N	N	N	N	N	N	N	0.0000	0.0000	0.0000	0.0000	0.0000	0.0000	0.0000	0.0000	0.0000	0.0000	0.0000	0.0000	0.0000	0.0000	0.0000	0.0000	0.0000	0.0000	0.0000	0.0000	0.0000	0.0000	1.0000	0.0000	0.0000	0.0000	0.0000	0.0000	0.0000	0.0000	0.0000	0.0000	0.0000	0.0000	0.0000	0.0000	0.0000	0.0000	0.0000	0.0000	0.0000	0.0000	0.0000	0.0000	0.0000	0.0000	0.0000	0.0000	0.0000	0.0000	0.0000	0.0000	0.0000	0.0000	0.0000	0.0000	0.0000	0.0000	0.0000	0.0000	0.0000	0.0000	0.0000	0.0000	0.0000	0.0000	0.0000	0.0000	0.0000	0.0000	0.0000	0.0000	0.0000	0.0000	0.0000	0.0000	0.0000	0.0000											
61	94	0.2284	9	1	1	1	1	0	0	0	0	N	N	N	N	N	N	N	N	N	N	N	N	0.0000	0.0000	0.0000	0.0000	0.0000	0.0000	0.0000	0.0000	0.0000	0.0000	0.0000	0.0000	0.0000	0.0000	0.0000	0.0000	0.0000	0.0000	0.0000	0.0000	0.0000	0.0000	1.0000	0.0001	0.0000	0.0000	0.0000	0.0000	0.0000	0.0000	0.0000	0.0000	0.0000	0.0000	0.0000	0.0000	0.0000	0.0000	0.0000	0.0000	0.0000	0.0000	0.0000	0.0000	0.0000	0.0000	0.0000	0.0000	0.0000	0.0000	0.0000	0.0000	0.0000	0.0000	0.0000	0.0000	0.0000	0.0000	0.0000	0.0000	0.0000	0.0000	0.0000	0.0000	0.0000	0.0000	0.0000	0.0000	0.0000	0.0000	0.0000	0.0000	0.0000	0.0000	0.0000	0.0000	0.0000	0.0000											
61	95	0.2105	8	0	1	1	1	0	0	0	0	N	N	N	N	N	N	N	N	N	N	N	N	0.0000	0.0000	0.0000	0.0000	0.0000	0.0000	0.0000	0.0000	0.0000	0.0000	0.0000	0.0000	0.0000	0.0000	0.0000	0.0000	0.0000	0.0000	0.0000	0.0000	0.0000	0.9845	1.0000	0.9903	0.0000	0.0000	0.0000	0.0000	0.0000	0.0000	0.0000	0.0000	0.0000	0.0000	0.0000	0.0000	0.0000	0.0000	0.0000	0.0000	0.0000	0.0000	0.0000	0.0000	0.0000	0.0000	0.0000	0.0000	0.0000	0.0000	0.0000	0.0043	0.0026	0.0017	0.0009	0.0007	0.0002	0.0033	0.0018	0.0015	0.0000	0.0000	0.0000	0.0000	0.0000	0.0000	0.0000	0.0000	0.0000	0.0000	0.0000	0.0000	0.0000	0.0000	0.0000	0.0000	0.0000	0.0000											
61	96	0.2076	8	0	1	1	0	0	0	0	0	N	N	N	N	N	N	N	N	N	N	N	N	0.0000	0.0000	0.0000	0.0000	0.0000	0.0000	0.0000	0.0000	0.0000	0.0000	0.0000	0.0000	0.0000	0.0000	0.0000	0.0000	0.0000	0.0000	0.0000	0.0000	0.0000	1.0063	1.0000	3.7812	0.0000	0.0000	0.0000	0.0000	0.0000	0.0000	0.0000	0.0000	0.0000	0.0000	0.0000	0.0000	0.0000	0.0000	0.0000	0.0000	0.0000	0.0000	0.0000	0.0000	0.0000	0.0000	0.0000	0.0000	0.0000	0.0000	0.0000	0.0155	0.0100	0.0055	0.0058	0.0048	0.0010	0.0097	0.0052	0.0045	0.0000	0.0000	0.0000	0.0000	0.0000	0.0000	0.0000	0.0000	0.0000	0.0000	0.0000	0.0000	0.0000	0.0000	0.0000	0.0000	0.0000	0.0000											
61	97	0.2105	8	0	0	2	1	0	0	0	0	N	N	Y	N	N	N	N	N	N	N	N	N	0.0000	0.0000	0.0000	0.0000	0.0000	0.0000	0.0000	0.0000	0.0000	0.0000	0.0000	0.0000	0.0000	0.0000	0.0000	0.0000	0.0000	0.0000	0.0000	0.0000	0.0000	1.0165	1.0000	1.0129	0.0000	0.0000	0.0000	0.0000	0.0000	0.0000	0.0000	0.0000	0.0000	0.0000	0.0000	0.0000	0.0000	0.0000	0.0000	0.0000	0.0000	0.0000	0.0000	0.0000	0.0000	0.0000	0.0000	0.0000	0.0000	0.0000	0.0000	0.0044	0.0026	0.0017	0.0010	0.0007	0.0002	0.0034	0.0019	0.0015	0.0000	0.0000	0.0000	0.0000	0.0000	0.0000	0.0000	0.0000	0.0000	0.0000	0.0000	0.0000	0.0000	0.0000	0.0000	0.0000	0.0000	0.0000											
61	98	0.1976	7	0	0	1	1	0	0	0	0	N	N	N	N	N	N	N	N	N	N	N	N	0.0000	0.0000	0.0000	0.0000	0.0000	0.0000	0.0000	0.0000	0.0000	0.0000	0.0000	0.0000	0.0000	0.0000	0.0000	0.0000	0.0000	0.0000	0.0000	0.0000	0.0000	2.0241	1.0000	1.0265	0.0000	0.0000	0.0000	0.0000	0.0000	0.0000	0.0000	0.0000	0.0000	0.0000	0.0000	0.0000	0.0000	0.0000	0.0000	0.0000	0.0000	0.0000	0.0000	0.0000	0.0000	0.0000	0.0000	0.0000	0.0000	0.0000	0.0000	0.0062	0.0037	0.0025	0.0015	0.0011	0.0004	0.0048	0.0026	0.0022	0.0000	0.0000	0.0000	0.0000	0.0000	0.0000	0.0000	0.0000	0.0000	0.0000	0.0000	0.0000	0.0000	0.0000	0.0000	0.0000	0.0000	0.0000											
61	99	0.1976	7	0	0	2	1	0	0	0	0	N	N	Y	N	N	N	N	N	N	N	N	N	0.0000	0.0000	0.0000	0.0000	0.0000	0.0000	0.0000	0.0000	0.0000	0.0000	0.0000	0.0000	0.0000	0.0000	0.0000	0.0000	0.0000	0.0000	0.0000	0.0000	0.0000	3.0066	1.0000	0.0000	0.0000	0.0000	0.0000	0.0000	0.0000	0.0000	0.0000	0.0000	0.0000	0.0000	0.0000	0.0000	0.0000	0.0000	0.0000	0.0000	0.0000	0.0000	0.0000	0.0000	0.0000	0.0000	0.0000	0.0000	0.0000	0.0000	0.0000	0.0062	0.0037	0.0025	0.0014	0.0011	0.0004	0.0047	0.0026	0.0021	0.0000	0.0000	0.0000	0.0000	0.0000	0.0000	0.0000	0.0000	0.0000	0.0000	0.0000	0.0000	0.0000	0.0000	0.0000	0.0000	0.0000	0.0000											
61	100	0.2233	7	0	0	2	1	0	0	0	0	N	N	Y	N	N	N	N	N	N	N	N	N	0.0000	0.0000	0.0000	0.0000	0.0000	0.0000	0.0000	0.0000	0.0000	0.0000	0.0000	0.0000	0.0000	0.0000	0.0000	0.0000	0.0000	0.0000	0.0000	0.0000	0.0000	0.0000	1.0000	2.0000	0.0000	0.0000	0.0000	0.0000	0.0000	0.0000	0.0000	0.0000	0.0000	0.0000	0.0000	0.0000	0.0000	0.0000	0.0000	0.0000	0.0000	0.0000	0.0000	0.0000	0.0000	0.0000	0.0000	0.0000	0.0000	0.0000	0.0000	0.0041	0.0024	0.0017	0.0010	0.0007	0.0003	0.0031	0.0017	0.0014	0.0000	0.0000	0.0000	0.0000	0.0000	0.0000	0.0000	0.0000	0.0000	0.0000	0.0000	0.0000	0.0000	0.0000	0.0000	0.0000	0.0000	0.0000											
61	101	0.1842	6	0	0	2	1	0	0	0	0	N	N	Y	N	N	N	N	N	N	N	N	N	0.0000	0.0000	0.0000	0.0000	0.0000	0.0000	0.0000	0.0000	0.0000	0.0000	0.0000	0.0000	0.0000	0.0000	0.0000	0.0000	0.0000	0.0000	0.0000	0.0000	0.0000	5.8899	1.0000	3.1847	0.0000	0.0000	0.0000	0.0000	0.0000	0.0000	0.0000	0.0000	0.0000	0.0000	0.0000	0.0000	0.0000	0.0000	0.0000	0.0000	0.0000	0.0000	0.0000	0.0000	0.0000	0.0000	0.0000	0.0000	0.0000	0.0000	0.0000	0.0187	0.0112	0.0075	0.0048	0.0036	0.0012	0.0139	0.0077	0.0063	0.0000	0.0000	0.0000	0.0000	0.0000	0.0000	0.0000	0.0000	0.0000	0.0000	0.0000	0.0000	0.0000	0.0000	0.0000	0.0000	0.0000	0.0000											
61	102	0.2310	6	1	1	1	0	0	0	0	0	N	N	N	N	N	N	N	N	N	N	N	N	0.0000	0.0000	0.0000	0.0000	0.0000	0.0000	0.0000	0.0000	0.0000	0.0000	0.0000	0.0000	0.0000	0.0000	0.0000	0.0000	0.0000	0.0000	0.0000	0.0000	0.0000	0.0000	1.0000	0.0000	0.0000	0.0000	0.0000	0.0000	0.0000	0.0000	0.0000	0.0000	0.0000	0.0000	0.0000	0.0000	0.0000	0.0000	0.0000	0.0000	0.0000	0.0000	0.0000	0.0000	0.0000	0.0000	0.0000	0.0000	0.0000	0.0000	0.0000	0.0000	0.0000	0.0000	0.0000	0.0000	0.0000	0.0000	0.0000	0.0000	0.0000	0.0000	0.0000	0.0000	0.0000	0.0000	0.0000	0.0000	0.0000	0.0000	0.0000	0.0000	0.0000	0.0000	0.0000	0.0000	0.0000	0.0000											
61	103	0.1317	5	1	1	1	0	0	0	0	0	N	N	N	N	N	N	N	N	N	N	N	N	0.0000	0.0000	0.0000	0.0000	0.0000	0.0000	0.0000	0.0000	0.0000	0.0000	0.0000	0.0000	0.0000	0.0000	0.0000	0.0000	0.0000	0.0000	0.0000	0.0000	0.0000	8.0012	1.0000	14.0016	0.0000	0.0000	0.0000	0.0000	0.0000	0.0000	0.0000	0.0000	0.0000	0.0000	0.0000	0.0000	0.0000	0.0000	0.0000	0.0000	0.0000	0.0000	0.0000	0.0000	0.0000	0.0000	0.0000	0.0000	0.0000	0.0000	0.0000	0.0375	0.0217	0.0159	0.0052	0.0036	0.0016	0.0324	0.0181	0.0143	0.0000	0.0000	0.0000	0.0000	0.0000	0.0000	0.0000	0.0000	0.0000	0.0000	0.0000	0.0000	0.0000	0.0000	0.0000	0.0000	0.0000	0.0000											
61	104	0.1947	6	0	1	1	0	0	0	0	0	N	N	N	N	N	N	N	N	N	N	N	N	0.0000	0.0000	0.0000	0.0000	0.0000	0.0000	0.0000	0.0000	0.0000	0.0000	0.0000	0.0000	0.0000	0.0000	0.0000	0.0000	0.0000	0.0000	0.0000	0.0000	0.0000	2.0010	1.0000	1.0153	0.0000	0.0000	0.0000	0.0000	0.0000	0.0000	0.0000	0.0000	0.0000	0.0000	0.0000	0.0000	0.0000	0.0000	0.0000	0.0000	0.0000	0.0000	0.0000	0.0000	0.0000	0.0000	0.0000	0.0000	0.0000	0.0000	0.0000	0.0064	0.0038	0.0026	0.0018	0.0013	0.0005	0.0046	0.0025	0.0021	0.0000	0.0000	0.0000	0.0000	0.0000	0.0000	0.0000	0.0000	0.0000	0.0000	0.0000	0.0000	0.0000	0.0000	0.0000	0.0000	0.0000	0.0000											
61	105	0.1317	5	0	1	1	0	0	0	0	0	N	N	N	N	N	N	N	N	N	N	N	N	0.0000	0.0000	0.0000	0.0000	0.0000	0.0000	0.0000	0.0000	0.0000	0.0000	0.0000	0.0000	0.0000	0.0000	0.0000	0.0000	0.0000	0.0000	0.0000	0.0000	0.0000	3.0162	1.0000	11.0438	0.0000	0.0000	0.0000	0.0000	0.0000	0.0000	0.0000	0.0000	0.0000	0.0000	0.0000	0.0000	0.0000	0.0000	0.0000	0.0000	0.0000	0.0000	0.0000	0.0000	0.0000	0.0000	0.0000	0.0000	0.0000	0.0000	0.0000	0.0255	0.0147	0.0108	0.0035	0.0025	0.0011	0.0220	0.0122	0.0098	0.0000	0.0000	0.0000	0.0000	0.0000	0.0000	0.0000	0.0000	0.0000	0.0000	0.0000	0.0000	0.0000	0.0000	0.0000	0.0000	0.0000	0.0000											
61	106	0.2326	10	1	1	1	0	0	0	0	0	N	N	N	N	N	N	N	N	N	N	N	N	0.0000	0.0000	0.0000	0.0000	0.0000	0.0000	0.0000	0.0000	0.0000	0.0000	0.0000	0.0000	0.0000	0.0000	0.0000	0.0000	0.0000	0.0000	0.0000	0.0000	0.0000	1.0000	1.0000	1.0000	0.0000	0.0000	0.0000	0.0000	0.0000	0.0000	0.0000	0.0000	0.0000	0.0000	0.0000	0.0000	0.0000	0.0000	0.0000	0.0000	0.0000	0.0000	0.0000	0.0000	0.0000	0.0000	0.0000	0.0000	0.0000	0.0000	0.0000	0.0043	0.0027	0.0015	0.0016	0.0013	0.0003	0.0027	0.0014	0.0013	0.0000	0.0000	0.0000	0.0000	0.0000	0.0000	0.0000	0.0000	0.0000	0.0000	0.0000	0.0000	0.0000	0.0000	0.0000	0.0000	0.0000	0.0000											
61	107	0.2284	9	1	1	1	0	0	0	0	0	N	N	N	N	N	N	N	N	N	N	N	N	0.0000	0.0000	0.0000	0.0000	0.0000	0.0000	0.0000	0.0000	0.0000	0.0000	0.0000	0.0000	0.0000	0.0000	0.0000	0.0000	0.0000	0.0000	0.0000	0.0000	0.0000	0.0000	1.0000	0.9999	0.0000	0.0000	0.0000	0.0000	0.0000	0.0000	0.0000	0.0000	0.0000	0.0000	0.0000	0.0000	0.0000	0.0000	0.0000	0.0000	0.0000	0.0000	0.0000	0.0000	0.0000	0.0000	0.0000	0.0000	0.0000	0.0000	0.0000	0.0021	0.0013	0.0008	0.0008	0.0006	0.0002	0.0014	0.0007	0.0006	0.0000	0.0000	0.0000	0.0000	0.0000	0.0000	0.0000	0.0000	0.0000	0.0000	0.0000	0.0000	0.0000	0.0000	0.0000	0.0000	0.0000	0.0000											
61	108	0.2076	8	1	1	1	0	0	0	0	0	N	N	N	N	N	N	N	N	N	N	N	N	0.0000	0.0000	0.0000	0.0000	0.0000	0.0000	0.0000	0.0000	0.0000	0.0000	0.0000	0.0000	0.0000	0.0000	0.0000	0.0000	0.0000	0.0000	0.0000	0.0000	0.0000	0.0100	1.0000	4.8896	0.0000	0.0000	0.0000	0.0000	0.0000	0.0000	0.0000	0.0000	0.0000	0.0000	0.0000	0.0000	0.0000	0.0000	0.0000	0.0000	0.0000	0.0000	0.0000	0.0000	0.0000	0.0000	0.0000	0.0000	0.0000	0.0000	0.0000	0.0157	0.0101	0.0056	0.0058	0.0048	0.0010	0.0098	0.0053	0.0046	0.0000	0.0000	0.0000	0.0000	0.0000	0.0000	0.0000	0.0000	0.0000	0.0000	0.0000	0.0000	0.0000	0.0000	0.0000	0.0000	0.0000	0.0000											
61	109	0.1976	7	0	1	1	0	0	0	0	0	N	N	N	N	N	N	N	N	N	N	N	N	0.0000	0.0000	0.0000	0.0000	0.0000	0.0000	0.0000	0.0000	0.0000	0.0000	0.0000	0.0000	0.0000	0.0000	0.0000	0.0000	0.0000	0.0000	0.0000	0.0000	0.0000	1.0007	1.0000	1.4004	0.0000	0.0000	0.0000	0.0000	0.0000	0.0000	0.0000	0.0000	0.0000	0.0000	0.0000	0.0000	0.0000	0.0000	0.0000	0.0000	0.0000	0.0000	0.0000	0.0000	0.0000	0.0000	0.0000	0.0000	0.0000	0.0000	0.0000	0.0049	0.0029	0.0020	0.0012	0.0009	0.0003	0.0038	0.0021	0.0017	0.0000	0.0000	0.0000	0.0000	0.0000	0.0000	0.0000	0.0000	0.0000	0.0000	0.0000	0.0000	0.0000	0.0000	0.0000	0.0000	0.0000	0.0000											
61	110	0.1842	6	0	0	1	0	0	0	0	0	N	N	N	N	N	N	N	N	N	N	N	N	0.0000	0.0000	0.0000	0.0000	0.0000	0.0000	0.0000	0.0000	0.0000	0.0000	0.0000	0.0000	0.0000	0.0000	0.0000	0.0000	0.0000	0.0000	0.0000	0.0000	0.0000	0.3039	1.0000	2.8719	0.0000	0.0000	0.0000	0.0000	0.0000	0.0000	0.0000	0.0000	0.0000	0.0000	0.0000	0.0000	0.0000	0.0000	0.0000	0.0000	0.0000	0.0000	0.0000	0.0000	0.0000	0.0000	0.0000	0.0000	0.0000	0.0000	0.0000	0.0076	0.0046	0.0030	0.0023	0.0017	0.0006	0.0053	0.0029	0.0024	0.0000	0.0000	0.0000	0.0000	0.0000	0.0000	0.0000	0.0000	0.0000	0.0000	0.0000	0.0000	0.0000	0.0000	0.0000	0.0000	0.0000	0.0000											
61	111	0.1317	5	0	0	1	0	0	0	0	0	N	N	N	N	N	N	N	N	N	N	N	N	0.0000	0.0000	0.0000	0.0000	0.0000	0.0000	0.0000	0.0000	0.0000	0.0000	0.0000	0.0000	0.0000	0.0000	0.0000	0.0000	0.0000	0.0000	0.0000	0.0000	0.0000	3.8240	1.0000	8.1760	0.0000	0.0000	0.0000	0.0000	0.0000	0.0000	0.0000	0.0000	0.0000	0.0000	0.0000	0.0000	0.0000	0.0000	0.0000	0.0000	0.0000	0.0000	0.0000	0.0000	0.0000	0.0000	0.0000	0.0000	0.0000	0.0000	0.0000	0.0221	0.0127	0.0094	0.0031	0.0021	0.0009	0.0190	0.0106	0.0085	0.0000	0.0000	0.0000	0.0000	0.0000	0.0000	0.0000	0.0000	0.0000	0.0000	0.0000	0.0000	0.0000	0.0000	0.0000	0.0000	0.0000	0.0000											
61	115	0.3243	8	0	0	1	0	0	0	0	0	N	N	N	N	N	N	N	N	N	N	N	N	0.0000	0.0000	0.0000	0.0000	0.0000	0.0000	0.0000	0.0000	0.0000	0.0000	0.0000	0.0000	0.0000	0.0000	0.0000	0.0000	0.0000	0.0000	0.0000	0.0000	0.0000	8.9918	1.0000	13.3277	0.0000	0.0000	0.0000	0.0000	0.0000	0.0000	0.0000	0.0000	0.0000	0.0000	0.0000	0.0000	0.0000	0.0000	0.0000	0.0000	0.0000	0.0000	0.0000	0.0000	0.0000	0.0000	0.0000	0.0000	0.0000	0.0000	0.0000	0.0744	0.0530	0.0214	0.0361	0.0304	0.0057	0.0382	0.0225	0.0157	0.0000	0.0000	0.0000	0.0000	0.0000	0.0000	0.0000	0.0000	0.0000	0.0000	0.0000	0.0000	0.0000	0.0000	0.0000	0.0000	0.0000	0.0000											
62	64	0.1693	5	1	1	0	0	0	0	0	0	N	N	N	N	N	N	N	N	N	N	N	N	inf	inf	inf	inf	0.6874	0.0000	5.7641	0.0000	0.0000	0.0000	1.0314	0.0000	6.1083	0.0000	0.0000	0.0000	0.0000	0.0000	0.0000	0.0000	0.0000	0.0000	inf	0.0000	0.0000	0.0001	4.0000	1.0076	3.0000	0.0000	0.0000	0.0000	0.0000	0.0000	0.0000	0.0000	0.0000	0.0000	0.0000	0.0000	0.0000	0.0000	0.0000	0.0000	0.0000	0.0000	0.0000	0.0000	0.0000	0.0000	0.0000	0.0000	0.0000	0.0000	0.0000	0.0000	0.0168	0.0111	0.0057	0.0041	0.0035	0.0007	0.0127	0.0076	0.0051	inf	0.0000	inf	0.0000	0.0000	0.0000	inf	0.0000	inf	0.0000	0.0000	0.0000	0.0000	0.0000	0.0000	0.0000	0.0000	0.0000						
62	65	0.1275	4	0	0	0	0	0	0	0	0	N	N	N	N	N	N	N	N	N	N	N	N	inf	inf	inf	inf	1.3614	1.5514	0.0000	0.0000	0.0000	0.0000	1.9095	2.2932	0.0000	0.0000	0.0000	0.0000	0.0000	0.0000	0.0000	0.0000	0.0000	0.0000	0.0000	-0.0000	0.0000	0.0001	2.0015	1.0076	10.0016	0.0000	0.0000	0.0000	0.0000	0.0000	0.0000	0.0000	0.0000	0.0000	0.0000	0.0000	0.0000	0.0000	0.0000	0.0000	0.0000	0.0000	0.0000	0.0000	0.0000	0.0000	0.0000	0.0000	0.0000	0.0000	0.0000	0.0000	0.0285	0.0181	0.0105	0.0061	0.0052	0.0009	0.0224	0.0129	0.0096	inf	inf	0.0000	0.0000	0.0000	0.0000	inf	inf	0.0000	0.0000	0.0000	0.0000	0.0000	0.0000	0.0000	0.0000	0.0000	0.0000						
62	67	0.2824	6	0	0	0	0	0	0	0	0	N	N	N	N	N	N	N	N	N	N	N	N	0.1210	0.0000	68.2029	0.0000	0.0000	0.6627	0.1994	0.0000	336.7802	0.8866	0.0000	3.4766	0.0008	0.0000	0.0896	1.4515	0.0000	3.5170	7.3300	10.7558	0.0510	205.0036	223.3358	0.1352	7.2778	12.6178	0.0104	inf	0.0022	0.0000	-0.3521	0.0001	4.8614	1.0076	14.2102	0.0000	0.0000	0.0000	0.0000	0.0000	0.0000	0.0000	0.0000	0.0000	0.6549	0.6534	0.0014	0.3228	0.3215	0.0012	0.3321	0.3319	0.0002	0.0000	0.0000	0.0000	0.0000	0.0000	0.0000	0.0000	0.0000	0.0000	0.0917	0.0633	0.0285	0.0461	0.0370	0.0091	0.0456	0.0263	0.0193	0.1242	0.0000	68.8126	0.0001	0.0000	0.6627	0.1994	0.0000	336.7802	7.1388	10.3291	0.0505	7.0012	8.7001	0.1352	7.2778	12.6178	0.0104
62	68	0.2032	8	1	1	1	0	0	0	0	0	N	N	N	N	N	N	N	N	N	N	N	N	0.0000	0.0000	0.0000	0.0000	0.0000	0.0000	0.0000	0.0000	0.0000	0.0000	0.0000	0.0000	0.0000	0.0000	0.0000	0.0000	0.0000	0.0000	0.0000	0.0000	0.0001	0.0000	1.0076	0.0000	0.0000	0.0000	0.0000	0.0000	0.0000	0.0000	0.0000	0.0000	0.0000	0.0000	0.0000	0.0000	0.0000	0.0000	0.0000	0.0000	0.0000	0.0000	0.0000	0.0000	0.0000	0.0000	0.0000	0.0000	0.0000	0.0000	0.0000	0.0000	0.0000	0.0000	0.0000	0.0000	0.0000	0.0000	0.0000	0.0000	0.0000	0.0000	0.0000	0.0000	0.0000	0.0000	0.0000	0.0000	0.0000	0.0000	0.0000	0.0000	0.0000	0.0000	0.0000	0.0000	0.0000	0.0000											
62	69	0.1991	7	1	0	1	0	0	0	0	0	N	N	N	N	N	N	N	N	N	N	N	N	0.0000	0.0000	0.0000	0.0000	0.0000	0.0000	0.0000	0.0000	0.0000	0.0000	0.0000	0.0000	0.0000	0.0000	0.0000	0.0000	0.0000	0.0000	0.0000	0.0000	0.0001	0.0016	1.0076	0.9826	0.0000	0.0000	0.0000	0.0000	0.0000	0.0000	0.0000	0.0000	0.0000	0.0000	0.0000	0.0000	0.0000	0.0000	0.0000	0.0000	0.0000	0.0000	0.0000	0.0000	0.0000	0.0000	0.0000	0.0000	0.0000	0.0000	0.0000	0.0026	0.0017	0.0009	0.0008	0.0007	0.0001	0.0018	0.0011	0.0007	0.0000	0.0000	0.0000	0.0000	0.0000	0.0000	0.0000	0.0000	0.0000	0.0000	0.0000	0.0000	0.0000	0.0000	0.0000	0.0000	0.0000	0.0000											
62	70	0.1863	6	1	0	1	0	0	0	0	0	N	N	N	N	N	N	N	N	N	N	N	N	0.0000	0.0000	0.0000	0.0000	0.0000	0.0000	0.0000	0.0000	0.0000	0.0000	0.0000	0.0000	0.0000	0.0000	0.0000	0.0000	0.0000	0.0000	0.0000	0.0000	0.0000	0.0000	0.0556	0.0000	-0.0000	0.0001	0.0061	1.0076	3.0249	0.0000	0.0000	0.0000	0.0000	0.0000	0.0000	0.0000	0.0000	0.0000	0.0000	0.0000	0.0000	0.0000	0.0000	0.0000	0.0000	0.0000	0.0000	0.0000	0.0000	0.0000	0.0000	0.0000	0.0000	0.0000	0.0000	0.0000	0.0080	0.0054	0.0026	0.0024	0.0020	0.0003	0.0056	0.0034	0.0022	0.0000	0.0000	0.0000	0.0000	0.0000	0.0000	0.0000	0.0000	0.0000	0.0000	0.0000	0.0000	0.0000	0.0000	0.0000	0.0000	0.0000	0.0000						
62	71	0.1693	5	1	0	1	0	0	0	0	0	N	N	N	N	N	N	N	N	N	N	N	N	0.0000	0.0000	0.0000	0.0000	0.0000	0.0000	0.0000	0.0000	0.0000	0.0000	0.0000	0.0000	0.0000	0.0000	0.0000	0.0000	0.0000	0.0000	0.0000	0.0000	0.0000	0.0000	0.0000	0.0000	0.0000	0.0000	-0.0000	0.0001	0.0044	1.0076	4.0281	0.0000	0.0000	0.0000	0.0000	0.0000	0.0000	0.0000	0.0000	0.0000	0.0000	0.0000	0.0000	0.0000	0.0000	0.0000	0.0000	0.0000	0.0000	0.0000	0.0000	0.0000	0.0000	0.0000	0.0000	0.0000	0.0000	0.0000	0.0099	0.0065	0.0034	0.0024	0.0021	0.0004	0.0075	0.0045	0.0030	0.0000	0.0000	0.0000	0.0000	0.0000	0.0000	0.0000	0.0000	0.0000	0.0000	0.0000	0.0000	0.0000	0.0000	0.0000	0.0000	0.0000	0.0000				
62	72	0.1275	4	0	1	0	0	0	0	0	0	N	N	N	N	N	N	N	N	N	N	N	N	inf	inf	inf	inf	0.4681	0.5322	0.0000	0.0000	0.0000	0.0000	0.6583	0.7884	0.0000	0.0000	0.0000	0.0000	0.0000	0.0000	0.0000	0.0000	0.0000	0.0000	0.0000	-0.0000	0.0000	0.0001	5.9987	1.0076	11.0016	0.0000	0.0000	0.0000	0.0000	0.0000	0.0000	0.0000	0.0000	0.0000	0.0000	0.0000	0.0000	0.0000	0.0000	0.0000	0.0000	0.0000	0.0000	0.0000	0.0000	0.0000	0.0000	0.0000	0.0000	0.0000	0.0000	0.0000	0.0388	0.0246	0.0142	0.0083	0.0070	0.0013	0.0305	0.0175	0.0130	inf	inf	0.0000	0.0000	0.0000	0.0000	inf	inf	0.0000	0.0000	0.0000	0.0000	0.0000	0.0000	0.0000	0.0000	0.0000	0.0000						
62	73	0.1693	5	1	0	1	0	0	0	0	0	N	N	N	N	N	N	N	N	N	N	N	N	inf	inf	inf	inf	4.0643	0.0000	33.8266	0.0000	0.0000	0.0000	6.0901	0.0000	35.8345	0.0000	0.0000	0.0000	0.0000	0.0000	0.0000	0.0000	0.0000	0.0000	inf	0.0000	0.0000	0.0001	2.0000	1.0076	5.0000	0.0000	0.0000	0.0000	0.0000	0.0000	0.0000	0.0000	0.0000	0.0000	0.0000	0.0000	0.0000	0.0000	0.0000	0.0000	0.0000	0.0000	0.0000	0.0000	0.0000	0.0000	0.0000	0.0000	0.0000	0.0000	0.0000	0.0000	0.0168	0.0111	0.0057	0.0041	0.0035	0.0007	0.0127	0.0076	0.0051	inf	0.0000	inf	0.0000	0.0000	0.0000	inf	0.0000	inf	0.0000	0.0000	0.0000	0.0000	0.0000	0.0000	0.0000	0.0000	0.0000						
62	74	0.1693	6	0	1	0	0	0	0	0	0	N	N	N	N	N	N	N	N	N	N	N	N	62.0381	45.0156	0.0000	0.0000	0.0000	0.0000	247.9919	171.5569	0.0000	0.4524	0.5141	0.0000	0.0000	0.0000	0.0000	0.6407	0.7675	0.0000	0.0073	0.0114	0.0000	0.0269	0.0303	0.0007	0.0026	0.0045	0.0000	0.0000	0.0022	-0.0000	-0.0002	0.0001	6.1274	1.0076	13.6208	0.0000	0.0000	0.0000	0.0000	0.0000	0.0000	0.0000	0.0000	0.0000	0.0003	0.0003	0.0000	0.0002	0.0002	0.0000	0.0001	0.0001	0.0000	0.0000	0.0000	0.0000	0.0000	0.0000	0.0000	0.0000	0.0000	0.0000	0.0478	0.0304	0.0173	0.0092	0.0082	0.0011	0.0385	0.0222	0.0163	62.0381	45.0156	0.0000	0.0000	0.0000	0.0000	247.9919	171.5569	0.0000	0.0073	0.0114	0.0000	0.0269	0.0303	0.0007	0.0026	0.0045	0.0000
62	75	0.1938	9	0	0	1	0	0	0	0	0	N	N	N	N	N	N	N	N	N	N	N	N	0.0000	0.0000	0.0000	0.0000	0.0000	0.0000	0.0000	0.0000	0.0000	0.0000	0.0000	0.0000	0.0000	0.0000	0.0000	0.0000	0.0000	0.0000	0.0000	0.0000	0.0001	0.0000	1.0076	1.0003	0.0000	0.0000	0.0000	0.0000	0.0000	0.0000	0.0000	0.0000	0.0000	0.0000	0.0000	0.0000	0.0000	0.0000	0.0000	0.0000	0.0000	0.0000	0.0000	0.0000	0.0000	0.0000	0.0000	0.0000	0.0000	0.0000	0.0000	0.0026	0.0017	0.0009	0.0005	0.0005	0.0001	0.0021	0.0013	0.0009	0.0000	0.0000	0.0000	0.0000	0.0000	0.0000	0.0000	0.0000	0.0000	0.0000	0.0000	0.0000	0.0000	0.0000	0.0000	0.0000	0.0000	0.0000											
62	76	0.1897	8	0	0	1	0	0	0	0	0	N	N	N	N	N	N	N	N	N	N	N	N	0.0000	0.0000	0.0000	0.0000	0.0000	0.0000	0.0000	0.0000	0.0000	0.0000	0.0000	0.0000	0.0000	0.0000	0.0000	0.0000	0.0000	0.0000	0.0000	0.0000	0.0001	0.0000	1.0076	1.0076	0.0000	0.0000	0.0000	0.0000	0.0000	0.0000	0.0000	0.0000	0.0000	0.0000	0.0000	0.0000	0.0000	0.0000	0.0000	0.0000	0.0000	0.0000	0.0000	0.0000	0.0000	0.0000	0.0000	0.0000	0.0000	0.0000	0.0000	0.0026	0.0017	0.0009	0.0005	0.0004	0.0001	0.0021	0.0013	0.0009	0.0000	0.0000	0.0000	0.0000	0.0000	0.0000	0.0000	0.0000	0.0000	0.0000	0.0000	0.0000	0.0000	0.0000	0.0000	0.0000	0.0000	0.0000											
62	77	0.1856	7	0	0	0	0	0	0	0	0	N	N	N	N	N	N	N	N	N	N	N	N	0.0000	0.0000	0.0000	0.0000	0.0000	0.0000	0.0000	0.0000	0.0000	0.0000	0.0000	0.0000	0.0000	0.0000	0.0000	0.0000	0.0000	0.0000	0.0000	0.0000	0.0000	0.0000	0.0000	0.0000	0.0345	0.0000	-0.0000	0.0001	0.0026	1.0076	0.9924	0.0000	0.0000	0.0000	0.0000	0.0000	0.0000	0.0000	0.0000	0.0000	0.0000	0.0000	0.0000	0.0000	0.0000	0.0000	0.0000	0.0000	0.0000	0.0000	0.0000	0.0000	0.0000	0.0000	0.0000	0.0000	0.0000	0.0000	0.0026	0.0017	0.0009	0.0005	0.0004	0.0001	0.0021	0.0012	0.0009	0.0000	0.0000	0.0000	0.0000	0.0000	0.0000	0.0000	0.0000	0.0000	0.0000	0.0000	0.0000	0.0000	0.0000	0.0000	0.0000	0.0000	0.0000				
62	78	0.1693	6	0	0	0	0	0	0	0	0	N	N	N	N	N	N	N	N	N	N	N	N	0.0261	0.0201	0.0000	0.0220	0.0206	0.0000	0.0000	0.0000	0.0000	0.0001	0.0001	0.0000	0.0004	0.0004	0.0000	0.0000	0.0000	0.0000	0.0043	0.0063	0.0002	0.0170	0.0184	0.0023	0.0001	0.0001	0.0000	0.0000	0.0124	-0.0000	-0.0000	0.0001	2.8733	1.0076	1.5522	0.0000	0.0000	0.0000	0.0000	0.0000	0.0000	0.0000	0.0000	0.0000	0.0001	0.0001	0.0000	0.0001	0.0001	0.0000	0.0000	0.0000	0.0000	0.0000	0.0000	0.0000	0.0000	0.0000	0.0000	0.0000	0.0000	0.0000	0.0144	0.0096	0.0048	0.0036	0.0032	0.0003	0.0108	0.0064	0.0045	0.0261	0.0201	0.0000	0.0220	0.0206	0.0000	0.0000	0.0000	0.0000	0.0043	0.0063	0.0002	0.0170	0.0184	0.0023	0.0001	0.0001	0.0000
62	79	0.1571	5	0	0	0	0	0	0	0	0	N	N	N	N	N	N	N	N	N	N	N	N	0.0608	0.0510	0.0000	0.0165	0.0150	0.0000	0.3421	0.3138	0.0000	0.0034	0.0039	0.0000	0.0063	0.0064	0.0000	0.0019	0.0023	0.0000	0.0565	0.0766	0.0031	0.3826	0.4260	0.0085	0.0056	0.0074	0.0025	0.0000	0.0150	-0.0000	-0.0005	0.0001	0.2102	1.0076	3.4985	0.0000	0.0000	0.0000	0.0000	0.0000	0.0000	0.0000	0.0000	0.0000	0.0009	0.0009	0.0000	0.0009	0.0009	0.0000	0.0001	0.0001	0.0000	0.0000	0.0000	0.0000	0.0000	0.0000	0.0000	0.0000	0.0000	0.0000	0.0163	0.0118	0.0045	0.0055	0.0051	0.0004	0.0109	0.0068	0.0041	0.0608	0.0510	0.0000	0.0400	0.0379	0.0000	0.3421	0.3138	0.0000	0.0565	0.0766	0.0031	0.1578	0.1691	0.0085	0.0056	0.0074	0.0025
62	80	0.1007	5	0	1	0	0	0	0	0	0	N	N	N	N	N	N	N	N	N	N	N	N	6.9826	5.0489	0.0000	2.9177	3.9209	0.0000	9.2431	6.3066	0.0000	0.0199	0.0227	0.0000	0.0007	0.0007	0.0000	0.0320	0.0383	0.0000	0.0029	0.0045	0.0000	0.0002	0.0002	0.0006	0.0035	0.0061	0.0000	0.0000	0.0052	-0.0000	-0.0000	0.0001	2.0196	1.0076	6.0690	0.0000	0.0000	0.0000	0.0000	0.0000	0.0000	0.0000	0.0000	0.0000	0.0001	0.0001	0.0000	0.0000	0.0000	0.0000	0.0001	0.0001	0.0000	0.0000	0.0000	0.0000	0.0000	0.0000	0.0000	0.0000	0.0000	0.0000	0.0214	0.0135	0.0079	0.0041	0.0036	0.0005	0.0173	0.0099	0.0074	6.9826	5.0489	0.0000	2.9177	3.9209	0.0000	9.2431	6.3066	0.0000	0.0029	0.0045	0.0000	0.0002	0.0002	0.0006	0.0035	0.0061	0.0000
62	81	0.0925	4	0	0	0	0	0	0	0	0	N	N	N	N	N	N	N	N	N	N	N	N	6313.5450	4604.6970	0.0000	0.0000	0.0000	0.0000	14930.4104	10515.8576	0.0000	2.6932	3.0729	0.0000	0.0000	0.0000	0.0000	3.7842	4.5485	0.0000	0.0004	0.0007	0.0000	0.0012	0.0014	0.0002	0.0003	0.0004	0.0000	0.0000	0.0226	-0.0000	-0.0000	0.0001	0.9876	1.0076	0.9833	0.0000	0.0000	0.0000	0.0000	0.0000	0.0000	0.0000	0.0000	0.0000	0.0000	0.0000	0.0000	0.0000	0.0000	0.0000	0.0000	0.0000	0.0000	0.0000	0.0000	0.0000	0.0000	0.0000	0.0000	0.0000	0.0000	0.0000	0.0054	0.0033	0.0020	0.0009	0.0008	0.0001	0.0044	0.0025	0.0019	6313.5450	4604.6970	0.0000	0.0000	0.0000	0.0000	14930.4104	10515.8576	0.0000	0.0004	0.0007	0.0000	0.0012	0.0014	0.0002	0.0003	0.0004	0.0000
62	82	0.1976	6	1	0	1	0	0	0	0	0	N	N	N	N	N	N	N	N	N	N	N	N	0.0000	0.0000	0.0000	0.0000	0.0000	0.0000	0.0000	0.0000	0.0000	0.0000	0.0000	0.0000	0.0000	0.0000	0.0000	0.0000	0.0000	0.0000	0.0000	0.0000	0.0001	1.0000	1.0076	2.9874	0.0000	0.0000	0.0000	0.0000	0.0000	0.0000	0.0000	0.0000	0.0000	0.0000	0.0000	0.0000	0.0000	0.0000	0.0000	0.0000	0.0000	0.0000	0.0000	0.0000	0.0000	0.0000	0.0000	0.0000	0.0000	0.0000	0.0000	0.0103	0.0067	0.0036	0.0029	0.0025	0.0005	0.0073	0.0042	0.0031	0.0000	0.0000	0.0000	0.0000	0.0000	0.0000	0.0000	0.0000	0.0000	0.0000	0.0000	0.0000	0.0000	0.0000	0.0000	0.0000	0.0000	0.0000											
62	83	0.1693	5	1	0	1	0	0	0	0	0	N	N	N	N	N	N	N	N	N	N	N	N	0.0000	0.0000	0.0000	0.0000	0.0000	0.0000	0.0000	0.0000	0.0000	0.0000	0.0000	0.0000	0.0000	0.0000	0.0000	0.0000	0.0000	0.0000	0.0000	0.0000	0.0001	0.9997	1.0076	6.0128	0.0000	0.0000	0.0000	0.0000	0.0000	0.0000	0.0000	0.0000	0.0000	0.0000	0.0000	0.0000	0.0000	0.0000	0.0000	0.0000	0.0000	0.0000	0.0000	0.0000	0.0000	0.0000	0.0000	0.0000	0.0000	0.0000	0.0000	0.0168	0.0111	0.0057	0.0041	0.0035	0.0007	0.0127	0.0076	0.0051	0.0000	0.0000	0.0000	0.0000	0.0000	0.0000	0.0000	0.0000	0.0000	0.0000	0.0000	0.0000	0.0000	0.0000	0.0000	0.0000	0.0000	0.0000											
62	84	0.1275	4	0	1	0	1	0	0	0	0	N	N	N	N	N	N	N	N	N	N	N	N	0.0000	0.0000	0.0000	0.0000	0.0000	0.0000	0.0000	0.0000	0.0000	0.0000	0.0000	0.0000	0.0000	0.0000	0.0000	0.0065	0.0103	0.0000	0.0200	0.0236	0.0000	0.0029	0.0050	0.0000	0.0000	0.0000	-0.0002	0.0001	8.0013	1.0076	12.0015	0.0000	0.0000	0.0000	0.0000	0.0000	0.0000	0.0000	0.0000	0.0000	0.0003	0.0003	0.0000	0.0002	0.0002	0.0000	0.0001	0.0001	0.0000	0.0000	0.0000	0.0000	0.0000	0.0000	0.0000	0.0000	0.0000	0.0000	0.0446	0.0282	0.0163	0.0095	0.0080	0.0014	0.0351	0.0202	0.0149	0.0000	0.0000	0.0000	0.0000	0.0000	0.0000	0.0000	0.0000	0.0000	0.0065	0.0103	0.0000	0.0200	0.0236	0.0000	0.0029	0.0050	0.0000				
62	85	0.0710	2	0	1	0	0	0	0	0	0	N	N	N	N	N	N	N	N	N	N	N	N	0.0000	0.0000	0.0000	0.0000	0.0000	0.0000	0.0000	0.0000	0.0000	0.0000	0.0000	0.0000	0.0000	0.0005	0.0008	0.0000	0.0031	0.0035	0.0000	0.0000	0.0000	0.0000	0.0000	0.0000	-0.0000	0.0001	1.0000	1.0076	6.9850	0.0000	0.0000	0.0000	0.0000	0.0000	0.0000	0.0000	0.0000	0.0000	0.0000	0.0000	0.0000	0.0000	0.0000	0.0000	0.0000	0.0000	0.0000	0.0000	0.0000	0.0000	0.0000	0.0000	0.0000	0.0000	0.0000	0.0000	0.0206	0.0128	0.0078	0.0035	0.0031	0.0004	0.0171	0.0097	0.0074	0.0000	0.0000	0.0000	0.0000	0.0000	0.0000	0.0000	0.0000	0.0000	0.0005	0.0008	0.0000	0.0031	0.0035	0.0000	0.0000	0.0000	0.0000						
62	87	0.1693	5	0	1	0	0	0	0	0	0	N	N	N	N	N	N	N	N	N	N	N	N	0.0000	0.0000	0.0000	0.0000	0.0000	0.0000	0.0000	0.0000	0.0000	0.0000	0.0000	0.0000	0.0000	0.0000	0.0000	0.0000	0.0000	0.0000	0.0000	0.0000	0.0001	4.0000	1.0076	7.0000	0.0000	0.0000	0.0000	0.0000	0.0000	0.0000	0.0000	0.0000	0.0000	0.0000	0.0000	0.0000	0.0000	0.0000	0.0000	0.0000	0.0000	0.0000	0.0000	0.0000	0.0000	0.0000	0.0000	0.0000	0.0000	0.0000	0.0000	0.0256	0.0169	0.0087	0.0063	0.0053	0.0010	0.0193	0.0116	0.0077	0.0000	0.0000	0.0000	0.0000	0.0000	0.0000	0.0000	0.0000	0.0000	0.0000	0.0000	0.0000	0.0000	0.0000	0.0000	0.0000	0.0000	0.0000											
62	88	0.1275	4	0	0	0	0	0	0	0	0	N	N	N	N	N	N	N	N	N	N	N	N	inf	inf	inf	inf	0.9158	1.0430	0.0000	0.0000	0.0000	0.0000	1.2853	1.5425	0.0000	0.0000	0.0000	0.0000	0.0000	0.0000	0.0000	0.0000	0.0000	0.0000	0.0000	-0.0000	0.0000	0.0001	2.9985	1.0076	7.0016	0.0000	0.0000	0.0000	0.0000	0.0000	0.0000	0.0000	0.0000	0.0000	0.0000	0.0000	0.0000	0.0000	0.0000	0.0000	0.0000	0.0000	0.0000	0.0000	0.0000	0.0000	0.0000	0.0000	0.0000	0.0000	0.0000	0.0000	0.0242	0.0153	0.0089	0.0052	0.0044	0.0008	0.0190	0.0109	0.0081	inf	inf	0.0000	0.0000	0.0000	0.0000	inf	inf	0.0000	0.0000	0.0000	0.0000	0.0000	0.0000	0.0000	0.0000	0.0000	0.0000						
62	89	0.1010	5	0	1	0	0	0	0	0	0	N	N	N	N	N	N	N	N	N	N	N	N	0.0000	0.0000	0.0000	0.0000	0.0000	0.0000	0.0000	0.0000	0.0000	0.0000	0.0000	0.0000	0.0000	0.0000	0.0000	0.0000	0.0000	0.0004	0.0007	0.0000	0.0022	0.0025	0.0000	0.0000	0.0000	0.0000	0.0008	0.0000	-0.0000	0.0001	0.0157	1.0076	9.0253	0.0000	0.0000	0.0000	0.0000	0.0000	0.0000	0.0000	0.0000	0.0000	0.0000	0.0000	0.0000	0.0000	0.0000	0.0000	0.0000	0.0000	0.0000	0.0000	0.0000	0.0000	0.0000	0.0000	0.0000	0.0000	0.0000	0.0000	0.0235	0.0147	0.0088	0.0046	0.0040	0.0006	0.0189	0.0107	0.0082	0.0000	0.0000	0.0000	0.0000	0.0000	0.0000	0.0000	0.0000	0.0000	0.0004	0.0007	0.0000	0.0022	0.0025	0.0000	0.0000	0.0000	0.0000		
62	90	0.0925	4	0	1	0	0	0	0	0	0	N	N	N	N	N	N	N	N	N	N	N	N	1572.8791	1326.9417	0.0000	895.1670	910.0631	0.0000	0.0000	0.0000	0.0434	0.0507	0.0000	0.1143	0.1304	0.0000	0.0000	0.0000	0.0000	0.0000	0.0000	0.0000	0.0001	0.0001	0.0000	0.0000	0.0000	0.0000	0.0000	0.1546	-0.0000	-0.0000	0.0001	0.0169	1.0076	2.0013	0.0000	0.0000	0.0000	0.0000	0.0000	0.0000	0.0000	0.0000	0.0000	0.0000	0.0000	0.0000	0.0000	0.0000	0.0000	0.0000	0.0000	0.0000	0.0000	0.0000	0.0000	0.0000	0.0000	0.0000	0.0000	0.0000	0.0000	0.0055	0.0034	0.0021	0.0010	0.0008	0.0001	0.0045	0.0026	0.0019	1572.8791	1326.9417	0.0000	895.1670	910.0631	0.0000	0.0000	0.0000	0.0000	0.0000	0.0000	0.0000	0.0001	0.0001	0.0000	0.0000	0.0000	0.0000	
62	91	0.0838	3	0	0	0	0	0	0	0	0	N	N	N	N	N	N	N	N	N	N	N	N	0.9173	40.8168	0.0000	0.0000	0.0000	1.0707	150.4250	0.0000	0.0005	0.0005	0.0000	0.0000	0.0000	0.0000	0.0007	0.0008	0.0000	0.0005	0.0000	0.0013	0.0000	0.0000	0.0000	0.0006	0.0000	0.0014	0.0000	62.1319	-0.0000	0.0000	0.0001	1.9923	1.0076	0.0454	0.0000	0.0000	0.0000	0.0000	0.0000	0.0000	0.0000	0.0000	0.0000	0.0000	0.0000	0.0000	0.0000	0.0000	0.0000	0.0000	0.0000	0.0000	0.0000	0.0000	0.0000	0.0000	0.0000	0.0000	0.0000	0.0000	0.0000	0.0056	0.0034	0.0021	0.0010	0.0009	0.0001	0.0046	0.0026	0.0020	0.9173	40.8168	0.0000	0.0000	0.0000	0.0000	1.0707	150.4250	0.0000	0.0005	0.0000	0.0013	0.0000	0.0000	0.0000	0.0006	0.0000	0.0014	
62	93	0.2242	9	1	1	0	1	0	0	0	0	N	N	N	N	N	N	N	N	N	N	N	N	0.0000	0.0000	0.0000	0.0000	0.0000	0.0000	0.0000	0.0000	0.0000	0.0000	0.0000	0.0000	0.0000	0.0000	0.0000	0.0000	0.0000	0.0000	0.0000	0.0000	0.0001	0.0000	1.0076	0.0000	0.0000	0.0000	0.0000	0.0000	0.0000	0.0000	0.0000	0.0000	0.0000	0.0000	0.0000	0.0000	0.0000	0.0000	0.0000	0.0000	0.0000	0.0000	0.0000	0.0000	0.0000	0.0000	0.0000	0.0000	0.0000	0.0000	0.0000	0.0000	0.0000	0.0000	0.0000	0.0000	0.0000	0.0000	0.0000	0.0000	0.0000	0.0000	0.0000	0.0000	0.0000	0.0000	0.0000	0.0000	0.0000	0.0000	0.0000	0.0000	0.0000	0.0000	0.0000	0.0000	0.0000	0.0000											
62	94	0.2242	8	1	1	0	1	0	0	0	0	N	N	N	N	N	N	N	N	N	N	N	N	0.0000	0.0000	0.0000	0.0000	0.0000	0.0000	0.0000	0.0000	0.0000	0.0000	0.0000	0.0000	0.0000	0.0000	0.0000	0.0101	0.0161	0.0000	0.0052	0.0083	0.0000	0.0878	0.1440	0.0000	0.0000	0.0000	-0.0000	0.0001	0.0000	1.0076	0.0001	0.0000	0.0000	0.0000	0.0000	0.0000	0.0000	0.0000	0.0000	0.0000	0.0000	0.0000	0.0000	0.0000	0.0000	0.0000	0.0000	0.0000	0.0000	0.0000	0.0000	0.0000	0.0000	0.0000	0.0000	0.0000	0.0000	0.0000	0.0000	0.0000	0.0000	0.0000	0.0000	0.0000	0.0000	0.0000	0.0000	0.0000	0.0000	0.0000	0.0000	0.0000	0.0000	0.0000	0.0000	0.0000	0.0101	0.0161	0.0000	0.0052	0.0083	0.0000	0.0878	0.1440	0.0000				
62	95	0.2062	7	0	1	0	1	0	0	0	0	N	N	N	N	N	N	N	N	N	N	N	N	0.0000	0.0000	0.0000	0.0000	0.0000	0.0000	0.0000	0.0000	0.0000	0.0000	0.0000	0.0000	0.0000	0.0000	0.0000	0.0000	0.0000	0.0000	0.0000	0.0000	0.0000	0.0000	0.0000	0.0000	0.0000	0.0000	-0.0000	0.0001	0.9845	1.0076	0.9903	0.0000	0.0000	0.0000	0.0000	0.0000	0.0000	0.0000	0.0000	0.0000	0.0000	0.0000	0.0000	0.0000	0.0000	0.0000	0.0000	0.0000	0.0000	0.0000	0.0000	0.0000	0.0000	0.0000	0.0000	0.0000	0.0000	0.0000	0.0054	0.0035	0.0019	0.0015	0.0013	0.0002	0.0039	0.0023	0.0017	0.0000	0.0000	0.0000	0.0000	0.0000	0.0000	0.0000	0.0000	0.0000	0.0000	0.0000	0.0000	0.0000	0.0000	0.0000	0.0000	0.0000	0.0000				
62	96	0.2034	7	0	1	0	0	0	0	0	0	N	N	N	N	N	N	N	N	N	N	N	N	0.0000	0.0000	0.0000	0.0000	0.0000	0.0000	0.0000	0.0000	0.0000	0.0000	0.0000	0.0000	0.0000	0.0000	0.0000	0.0000	0.0000	0.0000	0.0224	0.0234	0.0205	0.0424	0.0310	0.1072	0.0092	0.0158	0.0010	0.4211	0.0000	-0.0001	0.0001	1.0063	1.0076	3.7812	0.0000	0.0000	0.0000	0.0000	0.0000	0.0000	0.0000	0.0000	0.0000	0.0004	0.0003	0.0001	0.0003	0.0002	0.0001	0.0001	0.0001	0.0000	0.0000	0.0000	0.0000	0.0000	0.0000	0.0000	0.0000	0.0000	0.0000	0.0187	0.0126	0.0061	0.0074	0.0063	0.0011	0.0113	0.0063	0.0050	0.0000	0.0000	0.0000	0.0000	0.0000	0.0000	0.0000	0.0000	0.0000	0.0224	0.0234	0.0205	0.0424	0.0310	0.1072	0.0092	0.0158	0.0010	
62	97	0.2062	7	0	0	1	1	0	0	0	0	N	N	N	N	N	N	N	N	N	N	N	N	0.0000	0.0000	0.0000	0.0000	0.0000	0.0000	0.0000	0.0000	0.0000	0.0000	0.0000	0.0000	0.0000	0.0000	0.0000	0.0000	0.0000	0.0000	0.0000	0.0000	0.0001	1.0165	1.0076	1.0129	0.0000	0.0000	0.0000	0.0000	0.0000	0.0000	0.0000	0.0000	0.0000	0.0000	0.0000	0.0000	0.0000	0.0000	0.0000	0.0000	0.0000	0.0000	0.0000	0.0000	0.0000	0.0000	0.0000	0.0000	0.0000	0.0000	0.0000	0.0056	0.0036	0.0019	0.0015	0.0013	0.0002	0.0040	0.0023	0.0017	0.0000	0.0000	0.0000	0.0000	0.0000	0.0000	0.0000	0.0000	0.0000	0.0000	0.0000	0.0000	0.0000	0.0000	0.0000	0.0000	0.0000	0.0000											
62	98	0.1933	6	0	0	0	1	0	0	0	0	N	N	N	N	N	N	N	N	N	N	N	N	0.0000	0.0000	0.0000	0.0000	0.0000	0.0000	0.0000	0.0000	0.0000	0.0000	0.0000	0.0000	0.0000	0.0000	0.0000	0.0000	0.0000	0.0000	0.0000	0.0000	0.0000	0.0000	0.0000	0.0000	0.0000	0.0000	-0.0000	0.0001	2.0241	1.0076	1.0265	0.0000	0.0000	0.0000	0.0000	0.0000	0.0000	0.0000	0.0000	0.0000	0.0000	0.0000	0.0000	0.0000	0.0000	0.0000	0.0000	0.0000	0.0000	0.0000	0.0000	0.0000	0.0000	0.0000	0.0000	0.0000	0.0000	0.0000	0.0080	0.0052	0.0028	0.0023	0.0019	0.0004	0.0057	0.0033	0.0025	0.0000	0.0000	0.0000	0.0000	0.0000	0.0000	0.0000	0.0000	0.0000	0.0000	0.0000	0.0000	0.0000	0.0000	0.0000	0.0000	0.0000	0.0000				
62	99	0.1933	6	0	0	1	1	0	0	0	0	N	N	N	N	N	N	N	N	N	N	N	N	inf	inf	inf	inf	2.1933	2.4618	0.0000	6.7036	6.7566	0.0000	0.0000	0.0000	0.0000	0.0000	0.0000	0.0000	0.0000	0.0000	0.0000	0.0000	0.0000	0.0000	0.0000	-0.0000	0.0000	0.0001	3.0066	1.0076	0.0000	0.0000	0.0000	0.0000	0.0000	0.0000	0.0000	0.0000	0.0000	0.0000	0.0000	0.0000	0.0000	0.0000	0.0000	0.0000	0.0000	0.0000	0.0000	0.0000	0.0000	0.0000	0.0000	0.0000	0.0000	0.0000	0.0000	0.0000	0.0079	0.0051	0.0028	0.0023	0.0019	0.0004	0.0056	0.0032	0.0024	inf	inf	0.0000	inf	inf	0.0000	0.0000	0.0000	0.0000	0.0000	0.0000	0.0000	0.0000	0.0000	0.0000	0.0000	0.0000	0.0000						
62	100	0.2190	6	0	0	1	1	0	0	0	0	N	N	N	N	N	N	N	N	N	N	N	N	0.0000	0.0000	0.0000	0.0000	0.0000	0.0000	0.0000	0.0000	0.0000	0.0000	0.0000	0.0000	0.0000	0.0000	0.0000	0.0000	0.0000	0.0000	0.0000	0.0000	0.0001	0.0000	1.0076	2.0000	0.0000	0.0000	0.0000	0.0000	0.0000	0.0000	0.0000	0.0000	0.0000	0.0000	0.0000	0.0000	0.0000	0.0000	0.0000	0.0000	0.0000	0.0000	0.0000	0.0000	0.0000	0.0000	0.0000	0.0000	0.0000	0.0000	0.0000	0.0053	0.0034	0.0019	0.0016	0.0013	0.0003	0.0037	0.0021	0.0016	0.0000	0.0000	0.0000	0.0000	0.0000	0.0000	0.0000	0.0000	0.0000	0.0000	0.0000	0.0000	0.0000	0.0000	0.0000	0.0000	0.0000	0.0000											
62	101	0.1800	5	0	0	1	1	0	0	0	0	N	N	N	N	N	N	N	N	N	N	N	N	518.2637	387.9311	233.8532	0.0000	0.0000	0.0000	518530.0139	943442.3534	9168.1804	0.3757	0.4210	0.0140	0.0000	0.0000	0.0000	0.5642	0.6697	0.0146	0.0007	0.0011	0.0001	0.0024	0.0028	0.0004	0.0000	0.0000	0.0000	0.0042	0.0300	-0.0000	-0.0000	0.0001	5.8899	1.0076	3.1847	0.0000	0.0000	0.0000	0.0000	0.0000	0.0000	0.0000	0.0000	0.0000	0.0000	0.0000	0.0000	0.0000	0.0000	0.0000	0.0000	0.0000	0.0000	0.0000	0.0000	0.0000	0.0000	0.0000	0.0000	0.0000	0.0000	0.0000	0.0238	0.0154	0.0083	0.0072	0.0060	0.0012	0.0165	0.0094	0.0071	518.2637	387.9311	233.8532	0.0000	0.0000	0.0000	518530.0139	943442.3534	9168.1804	0.0007	0.0011	0.0001	0.0024	0.0028	0.0004	0.0000	0.0000	0.0000
62	102	0.2268	5	1	1	0	0	0	0	0	0	N	N	N	N	N	N	N	N	N	N	N	N	0.0000	0.0000	0.0000	0.0000	0.0000	0.0000	0.0000	0.0000	0.0000	0.0000	0.0000	0.0000	0.0000	0.0000	0.0000	0.0000	0.0000	0.0000	0.0000	0.0000	0.0001	0.0000	1.0076	0.0000	0.0000	0.0000	0.0000	0.0000	0.0000	0.0000	0.0000	0.0000	0.0000	0.0000	0.0000	0.0000	0.0000	0.0000	0.0000	0.0000	0.0000	0.0000	0.0000	0.0000	0.0000	0.0000	0.0000	0.0000	0.0000	0.0000	0.0000	0.0000	0.0000	0.0000	0.0000	0.0000	0.0000	0.0000	0.0000	0.0000	0.0000	0.0000	0.0000	0.0000	0.0000	0.0000	0.0000	0.0000	0.0000	0.0000	0.0000	0.0000	0.0000	0.0000	0.0000	0.0000	0.0000	0.0000											
62	103	0.1275	4	1	1	0	0	0	0	0	0	N	N	N	N	N	N	N	N	N	N	N	N	0.0524	0.0000	0.0714	0.0000	0.0000	0.0000	0.0582	0.0000	0.0732	1.0682	0.0000	8.9425	0.0000	0.0000	0.0000	1.5044	0.0000	9.1834	20.3708	0.0095	125.3158	0.0264	0.0219	0.0514	25.8583	0.0046	125.4942	inf	3387.0000	0.0000	0.4517	0.0001	8.0012	1.0076	14.0016	0.0000	0.0000	0.0000	0.0000	0.0000	0.0000	0.0000	0.0000	0.0000	0.9825	0.0003	0.9822	0.0003	0.0002	0.0001	0.9822	0.0001	0.9821	0.0000	0.0000	0.0000	0.0000	0.0000	0.0000	0.0000	0.0000	0.0000	0.0482	0.0305	0.0177	0.0102	0.0087	0.0016	0.0380	0.0219	0.0161	0.0524	0.0000	0.1610	0.0000	0.0000	0.0000	0.0582	0.0000	0.1508	20.3708	0.0095	55.5308	0.0264	0.0219	0.0514	25.8583	0.0046	60.8835
62	104	0.1905	5	0	1	0	0	0	0	0	0	N	N	N	N	N	N	N	N	N	N	N	N	457.5497	349.6913	0.0000	0.0441	0.0386	65877.0763	46066.8855	0.0000	3.8019	4.3757	0.0000	0.0011	0.0011	0.0000	5.5918	6.6867	0.0000	0.0083	0.0125	0.0000	0.0243	0.0296	0.0000	0.0001	0.0001	0.0000	0.0000	0.0000	-0.0000	-0.0000	0.0001	2.0010	1.0076	1.0153	0.0000	0.0000	0.0000	0.0000	0.0000	0.0000	0.0000	0.0000	0.0000	0.0001	0.0001	0.0000	0.0001	0.0001	0.0000	0.0000	0.0000	0.0000	0.0000	0.0000	0.0000	0.0000	0.0000	0.0000	0.0000	0.0000	0.0000	0.0086	0.0057	0.0029	0.0029	0.0024	0.0005	0.0057	0.0033	0.0024	457.5497	349.6913	0.0000	0.0441	0.0386	0.0000	65877.0763	46066.8855	0.0000	0.0083	0.0125	0.0000	0.0243	0.0296	0.0000	0.0001	0.0001	0.0000	
62	105	0.1275	4	0	1	0	0	0	0	0	0	N	N	N	N	N	N	N	N	N	N	N	N	0.0102	0.0055	inf	0.0000	0.0000	84770.1144	57475.2787	inf	0.0122	0.0136	0.0016	0.0000	0.0000	0.0000	0.0171	0.0202	0.0016	1.1973	2.4826	0.0000	103.5913	116.6282	0.0000	0.0000	0.0000	0.0000	0.0160	0.0000	-0.0000	-0.0134	0.0001	3.0162	1.0076	11.0438	0.0000	0.0000	0.0000	0.0000	0.0000	0.0000	0.0000	0.0000	0.0000	0.0248	0.0248	0.0000	0.0248	0.0248	0.0000	0.0000	0.0000	0.0000	0.0000	0.0000	0.0000	0.0000	0.0000	0.0000	0.0000	0.0000	0.0000	0.0329	0.0208	0.0121	0.0070	0.0060	0.0011	0.0258	0.0148	0.0110	0.0161	0.0114	inf	0.0000	0.0000	0.0000	84770.1144	57475.2787	inf	0.7537	1.1912	0.0000	3.5197	4.1509	0.0000	0.0000	0.0000	0.0000	
62	106	0.2284	9	1	1	0	0	0	0	0	0	N	N	N	N	N	N	N	N	N	N	N	N	inf	inf	inf	inf	2.1666	2.4339	0.0000	0.0000	0.0000	0.0000	3.2105	3.8175	0.0000	0.0000	0.0000	0.0000	0.0000	0.0000	0.0000	0.0000	0.0000	0.0000	0.0000	-0.0000	0.0000	0.0001	1.0000	1.0076	1.0000	0.0000	0.0000	0.0000	0.0000	0.0000	0.0000	0.0000	0.0000	0.0000	0.0000	0.0000	0.0000	0.0000	0.0000	0.0000	0.0000	0.0000	0.0000	0.0000	0.0000	0.0000	0.0000	0.0000	0.0000	0.0000	0.0000	0.0000	0.0057	0.0036	0.0021	0.0029	0.0021	0.0008	0.0029	0.0016	0.0013	inf	inf	0.0000	0.0000	0.0000	0.0000	inf	inf	0.0000	0.0000	0.0000	0.0000	0.0000	0.0000	0.0000	0.0000	0.0000	0.0000						
62	107	0.2242	8	1	1	0	0	0	0	0	0	N	N	N	N	N	N	N	N	N	N	N	N	0.0000	0.0000	0.0000	0.0000	0.0000	0.0000	0.0000	0.0000	0.0000	0.0000	0.0000	0.0000	0.0000	0.0000	0.0000	0.1005	0.2001	0.0000	0.2548	0.5479	0.0000	0.0690	0.1266	0.0000	0.0000	0.0000	-0.0002	0.0001	0.0000	1.0076	0.9999	0.0000	0.0000	0.0000	0.0000	0.0000	0.0000	0.0000	0.0000	0.0000	0.0003	0.0003	0.0000	0.0002	0.0002	0.0000	0.0001	0.0001	0.0000	0.0000	0.0000	0.0000	0.0000	0.0000	0.0000	0.0000	0.0000	0.0000	0.0029	0.0018	0.0011	0.0014	0.0010	0.0005	0.0014	0.0008	0.0007	0.0000	0.0000	0.0000	0.0000	0.0000	0.0000	0.0000	0.0000	0.0000	0.1005	0.1633	0.0000	0.1323	0.1927	0.0000	0.0690	0.1266	0.0000				
62	108	0.2034	7	1	1	0	0	0	0	0	0	N	N	N	N	N	N	N	N	N	N	N	N	0.0000	0.0000	0.0000	0.0000	0.0000	0.0000	0.0000	0.0000	0.0000	0.0000	0.0000	0.0000	0.0000	0.0000	0.0000	1.8831	2.9850	0.0000	73.2030	107.1583	0.0000	0.0006	0.0010	0.0000	0.0000	0.0000	-0.0133	0.0001	0.0100	1.0076	4.8896	0.0000	0.0000	0.0000	0.0000	0.0000	0.0000	0.0000	0.0000	0.0000	0.0247	0.0247	0.0000	0.0247	0.0247	0.0000	0.0000	0.0000	0.0000	0.0000	0.0000	0.0000	0.0000	0.0000	0.0000	0.0000	0.0000	0.0000	0.0190	0.0128	0.0062	0.0075	0.0064	0.0011	0.0114	0.0064	0.0050	0.0000	0.0000	0.0000	0.0000	0.0000	0.0000	0.0000	0.0000	0.0000	1.3030	1.9313	0.0000	3.2836	3.8630	0.0000	0.0006	0.0010	0.0000				
62	109	0.1933	6	0	1	0	0	0	0	0	0	N	N	N	N	N	N	N	N	N	N	N	N	0.0000	0.0000	0.0000	0.0000	0.0000	0.0000	0.0000	0.0000	0.0000	0.0000	0.0000	0.0000	0.0000	0.0000	0.0000	0.0000	0.0000	0.0000	0.0206	0.0318	0.0000	0.0710	0.0915	0.0000	0.0002	0.0003	0.0000	0.0002	0.0000	-0.0001	0.0001	1.0007	1.0076	1.4004	0.0000	0.0000	0.0000	0.0000	0.0000	0.0000	0.0000	0.0000	0.0000	0.0001	0.0001	0.0000	0.0001	0.0001	0.0000	0.0000	0.0000	0.0000	0.0000	0.0000	0.0000	0.0000	0.0000	0.0000	0.0000	0.0000	0.0000	0.0064	0.0041	0.0022	0.0018	0.0015	0.0003	0.0045	0.0026	0.0019	0.0000	0.0000	0.0000	0.0000	0.0000	0.0000	0.0000	0.0000	0.0000	0.0206	0.0318	0.0000	0.0710	0.0848	0.0000	0.0002	0.0003	0.0000	
62	110	0.1800	5	0	0	0	0	0	0	0	0	N	N	N	N	N	N	N	N	N	N	N	N	4.4167	1.1163	852.4205	7.0068	6.3601	0.0000	4.1061	0.0000	37183.7623	0.0296	0.0114	0.1297	0.0225	0.0240	0.0000	0.0349	0.0000	0.1560	0.0067	0.0102	0.0002	0.0032	0.0038	0.0008	0.0085	0.0149	0.0000	2.0746	0.0080	0.0000	-0.0000	0.0001	0.3039	1.0076	2.8719	0.0000	0.0000	0.0000	0.0000	0.0000	0.0000	0.0000	0.0000	0.0000	0.0001	0.0001	0.0000	0.0000	0.0000	0.0000	0.0001	0.0001	0.0000	0.0000	0.0000	0.0000	0.0000	0.0000	0.0000	0.0000	0.0000	0.0000	0.0095	0.0062	0.0033	0.0032	0.0026	0.0006	0.0063	0.0036	0.0027	4.4167	1.1163	852.4205	7.0068	6.3601	0.0000	4.1061	0.0000	37183.7623	0.0067	0.0102	0.0002	0.0032	0.0038	0.0008	0.0085	0.0149	0.0000
62	111	0.1275	4	0	0	0	0	0	0	0	0	N	N	N	N	N	N	N	N	N	N	N	N	3592.9660	1.7350	38925625.2389	0.0000	0.0000	4086.0676	1.8855	36418733.2839	2.1663	0.0017	17.8123	0.0000	0.0000	0.0000	3.0421	0.0024	18.2899	0.0006	0.0010	0.0000	0.0001	0.0001	0.0000	0.0007	0.0013	0.0000	1490.4478	0.0003	0.0000	-0.0000	0.0001	3.8240	1.0076	8.1760	0.0000	0.0000	0.0000	0.0000	0.0000	0.0000	0.0000	0.0000	0.0000	0.0000	0.0000	0.0000	0.0000	0.0000	0.0000	0.0000	0.0000	0.0000	0.0000	0.0000	0.0000	0.0000	0.0000	0.0000	0.0000	0.0000	0.0000	0.0285	0.0181	0.0105	0.0061	0.0052	0.0009	0.0224	0.0129	0.0096	3592.9660	1.7350	38925625.2389	0.0000	0.0000	0.0000	4086.0676	1.8855	36418733.2839	0.0006	0.0010	0.0000	0.0001	0.0001	0.0000	0.0007	0.0013	0.0000	
62	115	0.3201	7	0	0	0	0	0	0	0	0	N	N	N	N	N	N	N	N	N	N	N	N	0.0382	0.2895	0.0000	0.0146	0.1080	0.0000	0.0000	0.0000	0.0000	0.0687	0.0854	0.0000	0.1840	0.1860	0.0000	0.0000	0.0000	0.0000	1.7993	0.2950	4.1006	12.6458	1.7218	20.0872	1.2942	0.0401	3.6040	0.0000	7.4747	-0.0000	0.0448	0.0001	8.9918	1.0076	13.3277	0.0000	0.0000	0.0000	0.0000	0.0000	0.0000	0.0000	0.0000	0.0000	0.1309	0.0154	0.1155	0.0677	0.0143	0.0535	0.0632	0.0012	0.0620	0.0000	0.0000	0.0000	0.0000	0.0000	0.0000	0.0000	0.0000	0.0000	0.1089	0.0771	0.0318	0.0601	0.0483	0.0118	0.0488	0.0288	0.0200	0.0572	0.4263	0.0000	0.1633	0.6288	0.0000	0.0000	0.0000	0.0000	1.2016	0.2003	3.6273	1.1265	0.2959	4.5163	1.2942	0.0401	3.1011
63	64	0.1650	4	1	1	0	0	0	0	0	0	N	N	N	N	N	N	N	N	N	N	N	N	inf	inf	inf	inf	1.7528	0.0000	12.2820	0.0000	0.0000	0.0000	1.8386	0.0000	12.4914	0.0000	0.0000	0.0000	0.0000	0.0000	0.0000	0.0000	0.0000	0.0000	inf	0.5382	0.0000	11.9999	4.0000	3.0574	3.0000	1.0000	0.0000	1.0000	0.0000	0.0000	0.0000	1.0000	0.0000	1.0000	0.0000	0.0000	0.0000	0.0000	0.0000	0.0000	0.0000	0.0000	0.0000	0.5705	0.4891	0.0814	0.0266	0.0253	0.0014	0.5439	0.4638	0.0801	0.1880	0.1121	0.0759	0.0179	0.0136	0.0043	0.1701	0.0985	0.0716	inf	0.0000	inf	0.0000	0.0000	0.0000	inf	0.0000	inf	0.0000	0.0000	0.0000	0.0000	0.0000	0.0000	0.0000	0.0000	0.0000						
63	65	0.1232	3	0	0	0	0	0	0	0	0	N	N	N	N	N	N	N	N	N	N	N	N	inf	inf	inf	inf	3.3899	3.9699	0.0000	0.0000	0.0000	0.0000	3.4297	4.0206	0.0000	0.0000	0.0000	0.0000	0.0000	0.0000	0.0000	0.0000	0.0000	0.0000	0.0000	-0.4617	0.0000	11.9999	2.0015	3.0574	10.0016	1.0000	1.0000	0.0000	0.0000	0.0000	0.0000	1.0000	1.0000	0.0000	0.0000	0.0000	0.0000	0.0000	0.0000	0.0000	0.0000	0.0000	0.0000	0.2950	0.2519	0.0431	0.0034	0.0032	0.0002	0.2916	0.2487	0.0428	0.3221	0.1828	0.1393	0.0207	0.0155	0.0052	0.3013	0.1672	0.1341	inf	inf	0.0000	0.0000	0.0000	0.0000	inf	inf	0.0000	0.0000	0.0000	0.0000	0.0000	0.0000	0.0000	0.0000	0.0000	0.0000						
63	67	0.2781	5	0	0	0	0	0	0	0	0	N	N	N	N	N	N	N	N	N	N	N	N	1.3958	0.4661	204.5973	10.9231	9.3246	2.8657	1.3521	0.4368	194.6316	2.3185	1.3577	8.5605	1.6481	1.7015	0.1060	2.3910	1.3157	8.7730	1.6611	2.9131	0.0418	0.1509	0.1825	0.0370	1.7684	3.0121	0.0451	0.9705	0.0119	0.0555	-0.4890	11.9999	4.8614	3.0574	14.2102	1.8054	0.9162	0.8892	0.1253	0.1250	0.0003	1.6801	0.7912	0.8889	0.9259	0.9150	0.0109	0.0331	0.0312	0.0018	0.8929	0.8838	0.0091	0.7787	0.6748	0.1039	0.0760	0.0735	0.0025	0.7027	0.6013	0.1013	0.8274	0.5670	0.2604	0.3225	0.2736	0.0489	0.5049	0.2934	0.2115	2.0718	0.8414	204.5973	16.0802	14.9009	2.8657	1.3521	0.4368	204.2125	1.1191	1.6137	0.0418	0.1025	0.1142	0.0370	1.7684	3.0121	0.0430
63	68	0.1989	7	1	1	1	0	0	0	0	0	N	N	N	N	N	N	N	N	N	N	N	N	0.0000	0.0000	0.0000	0.0000	0.0000	0.0000	0.0000	0.0000	0.0000	0.0000	0.0000	0.0000	0.0000	0.0000	0.0000	0.0000	0.0000	0.0000	0.0000	0.0000	11.9999	0.0000	3.0574	0.0000	0.0000	0.0000	0.0000	0.0000	0.0000	0.0000	0.0000	0.0000	0.0000	0.0000	0.0000	0.0000	0.0000	0.0000	0.0000	0.0000	0.0000	0.0000	0.0000	0.0000	0.0000	0.0000	0.0000	0.0000	0.0000	0.0000	0.0000	0.0000	0.0000	0.0000	0.0000	0.0000	0.0000	0.0000	0.0000	0.0000	0.0000	0.0000	0.0000	0.0000	0.0000	0.0000	0.0000	0.0000	0.0000	0.0000	0.0000	0.0000	0.0000	0.0000	0.0000	0.0000	0.0000	0.0000											
63	69	0.1948	6	1	0	1	0	0	0	0	0	N	N	N	N	N	N	N	N	N	N	N	N	0.0000	0.0000	0.0000	0.0000	0.0000	0.0000	0.0000	0.0000	0.0000	0.0000	0.0000	0.0000	0.0000	0.0000	0.0000	0.0000	0.0000	0.0000	0.0000	-0.0000	11.9999	0.0016	3.0574	0.9826	0.0000	0.0000	0.0000	0.0000	0.0000	0.0000	0.0000	0.0000	0.0000	0.0000	0.0000	0.0000	0.0000	0.0000	0.0000	0.0000	0.0000	0.0000	0.0009	0.0008	0.0001	0.0003	0.0003	0.0000	0.0005	0.0005	0.0001	0.0303	0.0186	0.0117	0.0059	0.0050	0.0010	0.0243	0.0136	0.0107	0.0000	0.0000	0.0000	0.0000	0.0000	0.0000	0.0000	0.0000	0.0000	0.0000	0.0000	0.0000	0.0000	0.0000	0.0000	0.0000	0.0000	0.0000											
63	70	0.1821	5	1	0	1	0	0	0	0	0	N	N	N	N	N	N	N	N	N	N	N	N	0.0000	0.0000	0.0000	0.0000	0.0000	0.0000	0.0000	0.0000	0.0000	0.0000	0.0000	0.0000	0.0000	0.0000	0.0000	0.0002	0.0003	0.0000	0.0012	0.0014	0.0001	0.0000	0.0000	0.0000	0.0098	0.0000	-0.0000	11.9999	0.0061	3.0574	3.0249	0.0000	0.0000	0.0000	0.0000	0.0000	0.0000	0.0000	0.0000	0.0000	0.0000	0.0000	0.0000	0.0000	0.0000	0.0000	0.0000	0.0000	0.0000	0.0023	0.0020	0.0003	0.0007	0.0007	0.0000	0.0016	0.0013	0.0003	0.0934	0.0577	0.0357	0.0165	0.0140	0.0026	0.0768	0.0437	0.0331	0.0000	0.0000	0.0000	0.0000	0.0000	0.0000	0.0000	0.0000	0.0000	0.0002	0.0003	0.0000	0.0012	0.0014	0.0001	0.0000	0.0000	0.0000				
63	71	0.1650	4	1	0	1	0	0	0	0	0	N	N	N	N	N	N	N	N	N	N	N	N	0.0000	0.0000	0.0000	0.0000	0.0000	0.0000	0.0000	0.0000	0.0000	0.0000	0.0000	0.0000	0.0000	0.0000	0.0000	0.0002	0.0003	0.0000	0.0000	0.0000	0.0000	0.0002	0.0003	0.0000	0.0000	0.0000	-0.0000	11.9999	0.0044	3.0574	4.0281	0.0000	0.0000	0.0000	0.0000	0.0000	0.0000	0.0000	0.0000	0.0000	0.0000	0.0000	0.0000	0.0000	0.0000	0.0000	0.0000	0.0000	0.0000	0.0007	0.0006	0.0001	0.0000	0.0000	0.0000	0.0006	0.0005	0.0001	0.1107	0.0660	0.0447	0.0104	0.0080	0.0025	0.1002	0.0580	0.0422	0.0000	0.0000	0.0000	0.0000	0.0000	0.0000	0.0000	0.0000	0.0000	0.0002	0.0003	0.0000	0.0000	0.0000	0.0000	0.0002	0.0003	0.0000				
63	72	0.1232	3	0	1	0	0	0	0	0	0	N	N	N	N	N	N	N	N	N	N	N	N	inf	inf	inf	inf	1.1758	1.3740	0.0000	0.0000	0.0000	0.0000	1.1886	1.3902	0.0000	0.0000	0.0000	0.0000	0.0000	0.0000	0.0000	0.0000	0.0000	0.0000	0.0000	-0.4617	0.0000	11.9999	5.9987	3.0574	11.0016	1.0000	1.0000	0.0000	0.0000	0.0000	0.0000	1.0000	1.0000	0.0000	0.0000	0.0000	0.0000	0.0000	0.0000	0.0000	0.0000	0.0000	0.0000	0.8505	0.7278	0.1227	0.0092	0.0085	0.0007	0.8413	0.7193	0.1220	0.4393	0.2497	0.1896	0.0285	0.0213	0.0072	0.4108	0.2284	0.1823	inf	inf	0.0000	0.0000	0.0000	0.0000	inf	inf	0.0000	0.0000	0.0000	0.0000	0.0000	0.0000	0.0000	0.0000	0.0000	0.0000						
63	73	0.1650	4	1	0	1	0	0	0	0	0	N	N	N	N	N	N	N	N	N	N	N	N	inf	inf	inf	inf	3.4416	0.0000	23.9736	0.0000	0.0000	0.0000	3.6108	0.0000	24.3808	0.0000	0.0000	0.0000	0.0000	0.0000	0.0000	0.0000	0.0000	0.0000	inf	0.5382	0.0000	11.9999	2.0000	3.0574	5.0000	1.0000	0.0000	1.0000	0.0000	0.0000	0.0000	1.0000	0.0000	1.0000	0.0000	0.0000	0.0000	0.0000	0.0000	0.0000	0.0000	0.0000	0.0000	0.2906	0.2488	0.0417	0.0136	0.0129	0.0007	0.2769	0.2359	0.0410	0.1880	0.1121	0.0759	0.0179	0.0136	0.0043	0.1701	0.0985	0.0716	inf	0.0000	inf	0.0000	0.0000	0.0000	inf	0.0000	inf	0.0000	0.0000	0.0000	0.0000	0.0000	0.0000	0.0000	0.0000	0.0000						
63	74	0.1650	5	0	1	0	0	0	0	0	0	N	N	N	N	N	N	N	N	N	N	N	N	0.5351	0.3620	0.0000	132.8105	126.5100	0.0000	0.5937	0.3940	0.0000	1.2001	1.3997	0.0000	2.9284	3.0302	0.0000	1.1476	1.3436	0.0000	2.2426	3.8665	0.0007	0.0220	0.0240	0.0006	1.9329	3.4103	0.0007	0.0000	0.0002	-0.4975	-0.5373	11.9999	6.1274	3.0574	13.6208	1.0774	1.0774	0.0000	0.0776	0.0776	0.0000	0.9999	0.9999	0.0000	0.9954	0.9953	0.0002	0.0008	0.0008	0.0000	0.9946	0.9945	0.0001	0.8978	0.7698	0.1280	0.0265	0.0256	0.0009	0.8713	0.7442	0.1271	0.5506	0.3247	0.2259	0.0360	0.0331	0.0029	0.5146	0.2916	0.2230	0.6638	0.4566	0.0000	132.8105	126.5100	0.0000	0.5937	0.3940	0.0000	1.8080	3.0656	0.0007	0.0220	0.0240	0.0006	1.9329	3.4103	0.0007
63	75	0.1896	8	0	0	1	0	0	0	0	0	N	N	N	N	N	N	N	N	N	N	N	N	0.0000	0.0000	0.0000	0.0000	0.0000	0.0000	0.0000	0.0000	0.0000	0.0000	0.0000	0.0000	0.0000	0.0000	0.0000	0.0000	0.0000	0.0000	0.0000	0.0000	11.9999	0.0000	3.0574	1.0003	0.0000	0.0000	0.0000	0.0000	0.0000	0.0000	0.0000	0.0000	0.0000	0.0000	0.0000	0.0000	0.0000	0.0000	0.0000	0.0000	0.0000	0.0000	0.0000	0.0000	0.0000	0.0000	0.0000	0.0000	0.0000	0.0000	0.0000	0.0296	0.0174	0.0121	0.0015	0.0013	0.0002	0.0280	0.0161	0.0119	0.0000	0.0000	0.0000	0.0000	0.0000	0.0000	0.0000	0.0000	0.0000	0.0000	0.0000	0.0000	0.0000	0.0000	0.0000	0.0000	0.0000	0.0000											
63	76	0.1854	7	0	0	1	0	0	0	0	0	N	N	N	N	N	N	N	N	N	N	N	N	0.0000	0.0000	0.0000	0.0000	0.0000	0.0000	0.0000	0.0000	0.0000	0.0000	0.0000	0.0000	0.0000	0.0000	0.0000	0.0000	0.0000	0.0000	0.0000	0.0000	11.9999	0.0000	3.0574	1.0076	0.0000	0.0000	0.0000	0.0000	0.0000	0.0000	0.0000	0.0000	0.0000	0.0000	0.0000	0.0000	0.0000	0.0000	0.0000	0.0000	0.0000	0.0000	0.0000	0.0000	0.0000	0.0000	0.0000	0.0000	0.0000	0.0000	0.0000	0.0295	0.0173	0.0121	0.0012	0.0010	0.0001	0.0283	0.0163	0.0120	0.0000	0.0000	0.0000	0.0000	0.0000	0.0000	0.0000	0.0000	0.0000	0.0000	0.0000	0.0000	0.0000	0.0000	0.0000	0.0000	0.0000	0.0000											
63	77	0.1814	6	0	0	0	0	0	0	0	0	N	N	N	N	N	N	N	N	N	N	N	N	287.3067	186.2767	0.0000	0.0000	inf	inf	0.0987	0.1090	0.0000	0.0000	0.0000	0.0000	0.1542	0.1803	0.0000	0.0003	0.0006	0.0000	0.0088	0.0100	0.0000	0.0000	0.0000	0.0000	0.0000	0.0000	-0.0001	-0.0000	11.9999	0.0026	3.0574	0.9924	0.0001	0.0001	0.0000	0.0000	0.0000	0.0000	0.0001	0.0001	0.0000	0.0000	0.0000	0.0000	0.0000	0.0000	0.0000	0.0000	0.0000	0.0000	0.0012	0.0011	0.0001	0.0004	0.0004	0.0000	0.0008	0.0007	0.0001	0.0291	0.0171	0.0120	0.0011	0.0010	0.0001	0.0280	0.0161	0.0119	287.3067	186.2767	0.0000	0.0000	0.0000	0.0000	inf	inf	0.0000	0.0003	0.0006	0.0000	0.0088	0.0100	0.0000	0.0000	0.0000	0.0000			
63	78	0.1650	5	0	0	0	0	0	0	0	0	N	N	N	N	N	N	N	N	N	N	N	N	63.8182	47.2611	0.0000	0.0117	0.0121	0.0000	30779.9007	21289.6739	0.0000	2.0401	2.3784	0.0000	0.0122	0.0125	0.0000	2.1438	2.5177	0.0000	0.0320	0.0503	0.0000	1.0438	1.0322	0.0022	0.0001	0.0001	0.0000	0.0000	0.0003	-0.4260	-0.0029	11.9999	2.8733	3.0574	1.5522	0.9226	0.9226	0.0000	0.0003	0.0003	0.0000	0.9223	0.9223	0.0000	0.0055	0.0055	0.0000	0.0054	0.0054	0.0000	0.0000	0.0000	0.0000	0.4522	0.3879	0.0643	0.0220	0.0216	0.0004	0.4302	0.3663	0.0639	0.1706	0.1083	0.0623	0.0249	0.0242	0.0007	0.1456	0.0841	0.0615	63.8182	47.2611	0.0000	0.0561	0.0556	0.0000	30779.9007	21289.6739	0.0000	0.0320	0.0503	0.0000	0.2182	0.2246	0.0022	0.0001	0.0001	0.0000
63	79	0.1529	4	0	0	0	0	0	0	0	0	N	N	N	N	N	N	N	N	N	N	N	N	51.1571	41.9122	0.0000	47.0514	46.0179	0.0000	48.1197	35.7364	0.0000	2.7021	3.1029	0.0000	6.4488	6.4672	0.0000	1.7460	2.0820	0.0000	0.0528	0.0740	0.0036	0.1371	0.1405	0.0019	0.0363	0.0583	0.0037	0.0000	0.0210	-0.0646	-0.0057	11.9999	0.2102	3.0574	3.4985	0.1398	0.1398	0.0000	0.0679	0.0679	0.0000	0.0720	0.0720	0.0000	0.0109	0.0107	0.0002	0.0055	0.0055	0.0000	0.0054	0.0052	0.0002	0.0518	0.0451	0.0067	0.0105	0.0105	0.0000	0.0412	0.0346	0.0067	0.2067	0.1445	0.0623	0.0570	0.0550	0.0020	0.1497	0.0894	0.0602	51.1571	41.9122	0.0000	67.0319	64.8886	0.0000	48.1197	35.7364	0.0000	0.0528	0.0740	0.0036	0.0962	0.0997	0.0019	0.0363	0.0583	0.0037
63	80	0.0965	4	0	1	0	0	0	0	0	0	N	N	N	N	N	N	N	N	N	N	N	N	0.8226	0.0093	220603.8633	0.0095	0.0092	0.0000	0.8125	0.0088	239299.5439	3.3926	0.0671	23.0794	0.0289	0.0303	0.0000	3.4842	0.0682	23.2771	4.1243	7.1870	0.0001	3.0592	3.2992	0.0023	4.2884	7.7078	0.0001	58.1379	0.0000	0.5300	-0.5364	11.9999	2.0196	3.0574	6.0690	1.0166	0.0172	0.9994	0.0002	0.0002	0.0000	1.0163	0.0170	0.9994	0.9934	0.9934	0.0000	0.0044	0.0044	0.0000	0.9890	0.9890	0.0000	0.2996	0.2563	0.0433	0.0079	0.0076	0.0004	0.2917	0.2488	0.0429	0.2409	0.1382	0.1026	0.0103	0.0099	0.0003	0.2306	0.1283	0.1023	0.8226	0.0093	220603.8633	0.0670	0.0679	0.0000	0.8125	0.0088	239299.5439	4.1243	7.1870	0.0001	0.4322	0.4469	0.0023	4.2884	7.7078	0.0001
63	81	0.0882	3	0	0	0	0	0	0	0	0	N	N	N	N	N	N	N	N	N	N	N	N	17.7325	6.5975	3.4196	0.0379	0.0415	0.0000	26.0820	17.1655	3.4306	6.7599	7.9177	0.0286	0.0152	0.0159	0.0000	6.8393	8.0216	0.0287	0.3812	1.2001	0.0084	0.3999	0.3839	0.0005	0.2622	0.4673	0.0084	0.0006	0.0143	-0.4537	-0.0082	11.9999	0.9876	3.0574	0.9833	0.9839	0.9832	0.0006	0.0000	0.0000	0.0000	0.9838	0.9832	0.0006	0.0157	0.0154	0.0002	0.0002	0.0002	0.0000	0.0155	0.0152	0.0002	0.1455	0.1242	0.0214	0.0017	0.0016	0.0001	0.1438	0.1226	0.0213	0.0602	0.0338	0.0264	0.0012	0.0012	0.0000	0.0589	0.0326	0.0263	25.9907	17.3572	3.4196	0.0951	0.0986	0.0000	26.0820	17.1655	3.4306	0.2601	0.4562	0.0084	0.1594	0.1613	0.0005	0.2622	0.4673	0.0084
63	82	0.1933	5	1	0	1	0	0	0	0	0	N	N	N	N	N	N	N	N	N	N	N	N	0.0000	0.0000	0.0000	0.0000	0.0000	0.0000	0.0000	0.0000	0.0000	0.0000	0.0000	0.0000	0.0000	0.0000	0.0000	0.0000	0.0000	0.0000	0.0000	0.0000	11.9999	1.0000	3.0574	2.9874	0.0000	0.0000	0.0000	0.0000	0.0000	0.0000	0.0000	0.0000	0.0000	0.0000	0.0000	0.0000	0.0000	0.0000	0.0000	0.0000	0.0000	0.0000	0.1478	0.1261	0.0217	0.0010	0.0010	0.0001	0.1468	0.1252	0.0216	0.1147	0.0681	0.0466	0.0176	0.0141	0.0035	0.0970	0.0539	0.0431	0.0000	0.0000	0.0000	0.0000	0.0000	0.0000	0.0000	0.0000	0.0000	0.0000	0.0000	0.0000	0.0000	0.0000	0.0000	0.0000	0.0000	0.0000											
63	83	0.1650	4	1	0	1	0	0	0	0	0	N	N	N	N	N	N	N	N	N	N	N	N	0.0000	0.0000	0.0000	0.0000	0.0000	0.0000	0.0000	0.0000	0.0000	0.0000	0.0000	0.0000	0.0000	0.0000	0.0000	0.0000	0.0000	0.0000	0.0000	0.0000	11.9999	0.9997	3.0574	6.0128	0.0000	0.0000	0.0000	0.0000	0.0000	0.0000	0.0000	0.0000	0.0000	0.0000	0.0000	0.0000	0.0000	0.0000	0.0000	0.0000	0.0000	0.0000	0.1466	0.1255	0.0211	0.0069	0.0065	0.0004	0.1397	0.1190	0.0208	0.1883	0.1123	0.0760	0.0179	0.0136	0.0043	0.1704	0.0987	0.0717	0.0000	0.0000	0.0000	0.0000	0.0000	0.0000	0.0000	0.0000	0.0000	0.0000	0.0000	0.0000	0.0000	0.0000	0.0000	0.0000	0.0000	0.0000											
63	84	0.1232	3	0	1	0	1	0	0	0	0	N	N	N	N	N	N	N	N	N	N	N	N	0.0000	0.0000	0.0000	0.0000	0.0000	0.0000	0.0000	0.0000	0.0000	0.0000	0.0000	0.0000	0.0000	0.0000	0.0000	2.3135	3.9815	0.0007	0.0000	0.0000	0.0000	2.1159	3.8000	0.0007	0.0002	0.0000	-0.5397	11.9999	8.0013	3.0574	12.0015	0.0000	0.0000	0.0000	0.0000	0.0000	0.0000	0.0000	0.0000	0.0000	0.9999	0.9998	0.0001	0.0000	0.0000	0.0000	0.9999	0.9998	0.0001	1.1137	0.9540	0.1597	0.0119	0.0110	0.0009	1.1018	0.9431	0.1587	0.5055	0.2876	0.2178	0.0329	0.0246	0.0084	0.4726	0.2631	0.2095	0.0000	0.0000	0.0000	0.0000	0.0000	0.0000	0.0000	0.0000	0.0000	1.9781	3.4756	0.0007	0.0000	0.0000	0.0000	2.1159	3.8000	0.0007				
63	87	0.1650	4	0	1	0	0	0	0	0	0	N	N	N	N	N	N	N	N	N	N	N	N	0.0000	0.0000	0.0000	0.0000	0.0000	0.0000	0.0000	0.0000	0.0000	0.0000	0.0000	0.0000	0.0000	0.0000	0.0000	0.0000	0.0000	0.0000	0.0000	0.0000	11.9999	4.0000	3.0574	7.0000	0.0000	0.0000	0.0000	0.0000	0.0000	0.0000	0.0000	0.0000	0.0000	0.0000	0.0000	0.0000	0.0000	0.0000	0.0000	0.0000	0.0000	0.0000	0.5705	0.4891	0.0814	0.0266	0.0253	0.0014	0.5439	0.4638	0.0801	0.2870	0.1712	0.1158	0.0275	0.0209	0.0066	0.2595	0.1503	0.1092	0.0000	0.0000	0.0000	0.0000	0.0000	0.0000	0.0000	0.0000	0.0000	0.0000	0.0000	0.0000	0.0000	0.0000	0.0000	0.0000	0.0000	0.0000											
63	88	0.1232	3	0	0	0	0	0	0	0	0	N	N	N	N	N	N	N	N	N	N	N	N	inf	inf	inf	inf	2.2859	2.6756	0.0000	0.0000	0.0000	0.0000	2.3118	2.7085	0.0000	0.0000	0.0000	0.0000	0.0000	0.0000	0.0000	0.0000	0.0000	0.0000	0.0000	-0.4617	0.0000	11.9999	2.9985	3.0574	7.0016	1.0000	1.0000	0.0000	0.0000	0.0000	0.0000	1.0000	1.0000	0.0000	0.0000	0.0000	0.0000	0.0000	0.0000	0.0000	0.0000	0.0000	0.0000	0.4375	0.3737	0.0637	0.0049	0.0045	0.0004	0.4326	0.3692	0.0633	0.2725	0.1545	0.1180	0.0175	0.0131	0.0044	0.2550	0.1414	0.1136	inf	inf	0.0000	0.0000	0.0000	0.0000	inf	inf	0.0000	0.0000	0.0000	0.0000	0.0000	0.0000	0.0000	0.0000	0.0000	0.0000						
63	89	0.0967	4	0	1	0	0	0	0	0	0	N	N	N	N	N	N	N	N	N	N	N	N	0.0000	0.0000	0.0000	0.0000	0.0000	0.0000	0.0000	0.0000	0.0000	0.0000	0.0000	0.0000	0.0000	0.0000	0.0000	0.0000	0.0000	0.0003	0.0004	0.0002	0.0044	0.0053	0.0002	0.0001	0.0000	0.0002	0.3376	0.0000	-0.0000	11.9999	0.0157	3.0574	9.0253	0.0000	0.0000	0.0000	0.0000	0.0000	0.0000	0.0000	0.0000	0.0000	0.0001	0.0001	0.0000	0.0001	0.0001	0.0000	0.0000	0.0000	0.0000	0.0081	0.0071	0.0010	0.0029	0.0029	0.0000	0.0052	0.0042	0.0010	0.2654	0.1501	0.1153	0.0138	0.0114	0.0024	0.2516	0.1387	0.1129	0.0000	0.0000	0.0000	0.0000	0.0000	0.0000	0.0000	0.0000	0.0000	0.0003	0.0004	0.0002	0.0044	0.0053	0.0002	0.0001	0.0000	0.0002		
63	90	0.0882	3	0	1	0	0	0	0	0	0	N	N	N	N	N	N	N	N	N	N	N	N	53.8835	48.8084	0.0000	6.0782	6.6279	75.8829	131.2776	0.0000	0.3150	0.3672	0.0000	2.4176	2.4415	0.0000	0.2008	0.2361	0.0000	0.0058	0.0075	0.0037	0.3977	0.3684	0.0000	0.0026	0.0018	0.0037	0.0000	0.3827	-0.0004	-0.0001	11.9999	0.0169	3.0574	2.0013	0.0009	0.0009	0.0000	0.0003	0.0003	0.0000	0.0005	0.0005	0.0000	0.0004	0.0003	0.0001	0.0002	0.0002	0.0000	0.0002	0.0001	0.0001	0.0027	0.0023	0.0004	0.0001	0.0001	0.0000	0.0026	0.0022	0.0004	0.0616	0.0346	0.0270	0.0013	0.0012	0.0000	0.0603	0.0334	0.0270	53.8835	48.8084	0.0000	15.1772	15.1368	0.0000	75.8829	131.2776	0.0000	0.0058	0.0075	0.0037	0.1593	0.1613	0.0000	0.0026	0.0018	0.0037	
63	91	0.0795	2	0	0	0	0	0	0	0	0	N	N	N	N	N	N	N	N	N	N	N	N	7.9369	439.5885	0.0000	0.0181	0.0198	0.0000	12.0786	706.6214	0.0000	3.3989	3.9813	0.0000	0.0016	0.0017	0.0000	3.4152	4.0030	0.0000	0.4282	0.0091	0.8347	0.0901	0.0853	0.0500	0.2828	0.0057	0.8595	0.0000	54.3901	-0.4596	0.0078	11.9999	1.9923	3.0574	0.0454	0.9954	0.9954	0.0000	0.0000	0.0000	0.0000	0.9954	0.9954	0.0000	0.0176	0.0003	0.0173	0.0001	0.0001	0.0000	0.0175	0.0002	0.0173	0.2929	0.2500	0.0428	0.0014	0.0014	0.0000	0.2915	0.2487	0.0428	0.0634	0.0351	0.0283	0.0016	0.0016	0.0000	0.0618	0.0335	0.0283	12.2357	439.5885	0.0000	0.0199	0.0205	0.0000	12.0786	706.6214	0.0000	0.2778	0.0091	0.6112	0.0821	0.0824	0.0500	0.2828	0.0057	0.6115
63	93	0.2199	8	1	1	0	1	0	0	0	0	N	N	N	N	N	N	N	N	N	N	N	N	0.0000	0.0000	0.0000	0.0000	0.0000	0.0000	0.0000	0.0000	0.0000	0.0000	0.0000	0.0000	0.0000	0.0000	0.0000	0.0000	0.0000	0.0000	0.0000	0.0000	11.9999	0.0000	3.0574	0.0000	0.0000	0.0000	0.0000	0.0000	0.0000	0.0000	0.0000	0.0000	0.0000	0.0000	0.0000	0.0000	0.0000	0.0000	0.0000	0.0000	0.0000	0.0000	0.0000	0.0000	0.0000	0.0000	0.0000	0.0000	0.0000	0.0000	0.0000	0.0000	0.0000	0.0000	0.0000	0.0000	0.0000	0.0000	0.0000	0.0000	0.0000	0.0000	0.0000	0.0000	0.0000	0.0000	0.0000	0.0000	0.0000	0.0000	0.0000	0.0000	0.0000	0.0000	0.0000	0.0000	0.0000	0.0000											
63	94	0.2199	7	1	1	0	1	0	0	0	0	N	N	N	N	N	N	N	N	N	N	N	N	0.0000	0.0000	0.0000	0.0000	0.0000	0.0000	0.0000	0.0000	0.0000	0.0000	0.0000	0.0000	0.0000	3.1592	4.2235	0.0000	171.4367	181.2449	0.0000	0.0000	0.0000	0.0000	0.0000	0.0000	-0.0001	11.9999	0.0000	3.0574	0.0001	0.0000	0.0000	0.0000	0.0000	0.0000	0.0000	0.0000	0.0000	0.0000	0.0001	0.0001	0.0000	0.0001	0.0001	0.0000	0.0000	0.0000	0.0000	0.0000	0.0000	0.0000	0.0000	0.0000	0.0000	0.0000	0.0000	0.0000	0.0000	0.0000	0.0000	0.0000	0.0000	0.0000	0.0000	0.0000	0.0000	0.0000	0.0000	0.0000	0.0000	0.0000	0.0000	0.0000	0.0000	0.0000	3.1064	3.8047	0.0000	6.5003	6.5737	0.0000	0.0000	0.0000	0.0000						
63	95	0.2020	6	0	1	0	1	0	0	0	0	N	N	N	N	N	N	N	N	N	N	N	N	0.0000	0.0000	0.0000	0.0000	0.0000	0.0000	0.0000	0.0000	0.0000	0.0000	0.0000	0.0000	0.0000	0.0008	0.0014	0.0000	0.0063	0.0075	0.0000	0.0000	0.0000	0.0000	0.0000	0.0000	-0.0000	11.9999	0.9845	3.0574	0.9903	0.0000	0.0000	0.0000	0.0000	0.0000	0.0000	0.0000	0.0000	0.0000	0.0000	0.0000	0.0000	0.0000	0.0000	0.0000	0.0000	0.0000	0.0000	0.1524	0.1308	0.0216	0.0108	0.0104	0.0004	0.1415	0.1204	0.0212	0.0602	0.0357	0.0245	0.0079	0.0067	0.0012	0.0523	0.0291	0.0232	0.0000	0.0000	0.0000	0.0000	0.0000	0.0000	0.0000	0.0000	0.0000	0.0008	0.0014	0.0000	0.0063	0.0075	0.0000	0.0000	0.0000	0.0000						
63	96	0.1992	6	0	1	0	0	0	0	0	0	N	N	N	N	N	N	N	N	N	N	N	N	0.0000	0.0000	0.0000	0.0000	0.0000	0.0000	0.0000	0.0000	0.0000	0.0000	0.0000	0.0000	0.0000	0.0000	0.0000	0.0000	0.0000	0.0000	4.7226	7.4685	0.0021	0.0071	0.0082	0.0002	6.7312	12.3939	0.0023	0.0002	0.0000	-0.5356	11.9999	1.0063	3.0574	3.7812	0.0000	0.0000	0.0000	0.0000	0.0000	0.0000	0.0000	0.0000	0.0000	0.9923	0.9922	0.0002	0.0004	0.0004	0.0000	0.9919	0.9917	0.0002	0.1518	0.1297	0.0221	0.0051	0.0047	0.0003	0.1467	0.1250	0.0217	0.2101	0.1340	0.0761	0.0628	0.0540	0.0087	0.1474	0.0800	0.0673	0.0000	0.0000	0.0000	0.0000	0.0000	0.0000	0.0000	0.0000	0.0000	4.7226	7.4015	0.0021	0.0071	0.0082	0.0002	6.7312	12.3939	0.0023	
63	97	0.2020	6	0	0	1	1	0	0	0	0	N	N	N	N	N	N	N	N	N	N	N	N	0.0000	0.0000	0.0000	0.0000	0.0000	0.0000	0.0000	0.0000	0.0000	0.0000	0.0000	0.0000	0.0000	0.0000	0.0000	0.0000	0.0000	0.0000	0.0000	-0.0000	11.9999	1.0165	3.0574	1.0129	0.0000	0.0000	0.0000	0.0000	0.0000	0.0000	0.0000	0.0000	0.0000	0.0000	0.0000	0.0000	0.0000	0.0000	0.0000	0.0000	0.0000	0.0000	0.1570	0.1347	0.0223	0.0110	0.0106	0.0005	0.1459	0.1241	0.0218	0.0617	0.0366	0.0251	0.0081	0.0068	0.0013	0.0536	0.0298	0.0238	0.0000	0.0000	0.0000	0.0000	0.0000	0.0000	0.0000	0.0000	0.0000	0.0000	0.0000	0.0000	0.0000	0.0000	0.0000	0.0000	0.0000	0.0000											
63	98	0.1891	5	0	0	0	1	0	0	0	0	N	N	N	N	N	N	N	N	N	N	N	N	0.0000	0.0000	0.0000	0.0000	0.0000	0.0000	0.0000	0.0000	0.0000	0.0000	0.0000	0.0000	0.0000	0.0000	0.0000	0.0006	0.0010	0.0000	0.0000	0.0000	0.0000	0.0007	0.0012	0.0000	0.0001	0.0000	-0.0000	11.9999	2.0241	3.0574	1.0265	0.0000	0.0000	0.0000	0.0000	0.0000	0.0000	0.0000	0.0000	0.0000	0.0000	0.0000	0.0000	0.0000	0.0000	0.0000	0.0000	0.0000	0.0000	0.3030	0.2593	0.0437	0.0112	0.0105	0.0007	0.2918	0.2488	0.0430	0.0884	0.0515	0.0369	0.0125	0.0098	0.0027	0.0759	0.0418	0.0341	0.0000	0.0000	0.0000	0.0000	0.0000	0.0000	0.0000	0.0000	0.0000	0.0006	0.0010	0.0000	0.0000	0.0000	0.0000	0.0007	0.0012	0.0000				
63	99	0.1891	5	0	0	1	1	0	0	0	0	N	N	N	N	N	N	N	N	N	N	N	N	inf	inf	inf	inf	2.2509	2.6292	0.0000	63.6823	68.0159	0.0000	0.0000	0.0000	0.0000	0.0000	0.0000	0.0000	0.0000	0.0000	0.0000	0.0000	0.0000	0.0000	0.0000	-0.4617	0.0000	11.9999	3.0066	3.0574	0.0000	1.0000	1.0000	0.0000	1.0000	1.0000	0.0000	0.0000	0.0000	0.0000	0.0000	0.0000	0.0000	0.0000	0.0000	0.0000	0.0000	0.0000	0.0000	0.4443	0.3803	0.0639	0.0157	0.0147	0.0010	0.4286	0.3656	0.0629	0.0871	0.0508	0.0363	0.0123	0.0096	0.0027	0.0748	0.0412	0.0336	inf	inf	0.0000	inf	inf	0.0000	0.0000	0.0000	0.0000	0.0000	0.0000	0.0000	0.0000	0.0000	0.0000	0.0000	0.0000	0.0000						
63	100	0.2148	5	0	0	1	1	0	0	0	0	N	N	N	N	N	N	N	N	N	N	N	N	0.0000	0.0000	0.0000	0.0000	0.0000	0.0000	0.0000	0.0000	0.0000	0.0000	0.0000	0.0000	0.0000	0.0000	0.0000	0.0000	0.0000	0.0000	0.0000	0.0000	11.9999	0.0000	3.0574	2.0000	0.0000	0.0000	0.0000	0.0000	0.0000	0.0000	0.0000	0.0000	0.0000	0.0000	0.0000	0.0000	0.0000	0.0000	0.0000	0.0000	0.0000	0.0000	0.0000	0.0000	0.0000	0.0000	0.0000	0.0000	0.0000	0.0000	0.0000	0.0563	0.0324	0.0240	0.0083	0.0064	0.0019	0.0481	0.0260	0.0221	0.0000	0.0000	0.0000	0.0000	0.0000	0.0000	0.0000	0.0000	0.0000	0.0000	0.0000	0.0000	0.0000	0.0000	0.0000	0.0000	0.0000	0.0000											
63	101	0.1757	4	0	0	1	1	0	0	0	0	N	N	N	N	N	N	N	N	N	N	N	N	1.6602	0.8287	696.1509	0.0000	0.0000	0.0000	1393135.6736	inf	6042.7804	1.1411	1.3296	0.0111	0.0000	0.0000	0.0000	1.2088	1.4140	0.0115	0.6874	1.6044	0.0000	46.9197	58.8774	0.0002	0.0000	0.0000	0.0000	0.0014	0.0000	-0.4601	-0.0618	11.9999	5.8899	3.0574	3.1847	0.9994	0.9980	0.0014	0.0000	0.0000	0.0000	0.9994	0.9980	0.0014	0.1144	0.1144	0.0000	0.1144	0.1144	0.0000	0.0000	0.0000	0.0000	0.8758	0.7506	0.1252	0.0490	0.0448	0.0042	0.8267	0.7058	0.1209	0.2682	0.1571	0.1110	0.0413	0.0338	0.0076	0.2268	0.1233	0.1035	2.6745	1.8259	696.1509	0.0000	0.0000	0.0000	1393135.6736	inf	6042.7804	0.4267	0.7282	0.0000	2.7671	3.3861	0.0002	0.0000	0.0000	0.0000
63	102	0.2225	4	1	1	0	0	0	0	0	0	N	N	N	N	N	N	N	N	N	N	N	N	0.0000	0.0000	0.0000	0.0000	0.0000	0.0000	0.0000	0.0000	0.0000	0.0000	0.0000	0.0000	0.0000	0.0000	0.0000	0.0000	0.0000	0.0000	0.0000	0.0000	11.9999	0.0000	3.0574	0.0000	0.0000	0.0000	0.0000	0.0000	0.0000	0.0000	0.0000	0.0000	0.0000	0.0000	0.0000	0.0000	0.0000	0.0000	0.0000	0.0000	0.0000	0.0000	0.0000	0.0000	0.0000	0.0000	0.0000	0.0000	0.0000	0.0000	0.0000	0.0000	0.0000	0.0000	0.0000	0.0000	0.0000	0.0000	0.0000	0.0000	0.0000	0.0000	0.0000	0.0000	0.0000	0.0000	0.0000	0.0000	0.0000	0.0000	0.0000	0.0000	0.0000	0.0000	0.0000	0.0000	0.0000	0.0000											
63	103	0.1232	3	1	1	0	0	0	0	0	0	N	N	N	N	N	N	N	N	N	N	N	N	0.3927	0.0000	80.2355	0.4567	0.0000	72.3995	0.8979	0.0000	6.2624	0.0000	0.0000	0.0000	0.9076	0.0000	6.2991	2.2863	3.9362	0.0780	0.0000	0.0000	0.0000	1.9873	3.5041	0.0870	inf	0.0179	0.5382	-0.5316	11.9999	8.0012	3.0574	14.0016	1.0000	0.0000	1.0000	0.0000	0.0000	0.0000	1.0000	0.0000	1.0000	1.0177	0.9998	0.0179	0.0000	0.0000	0.0000	1.0177	0.9998	0.0179	1.1137	0.9540	0.1597	0.0119	0.0110	0.0009	1.1018	0.9431	0.1587	0.5479	0.3120	0.2359	0.0358	0.0267	0.0091	0.5121	0.2853	0.2268	0.4834	0.0000	82.4917	0.0000	0.0000	0.0000	0.4567	0.0000	79.7653	1.8574	3.2046	0.0759	0.0000	0.0000	0.0000	1.9873	3.5041	0.0790			
63	104	0.1862	4	0	1	0	0	0	0	0	0	N	N	N	N	N	N	N	N	N	N	N	N	2393.5213	3497.8476	0.0000	6.3781	7.8346	0.0000	6060.2169	134268.2681	0.0000	3.4047	3.9860	0.0000	0.0310	0.0335	0.0000	3.4385	4.0290	0.0000	0.0014	0.0011	0.0018	0.0049	0.0043	0.0068	0.0006	0.0000	0.0012	0.0000	1.1293	-0.4597	-0.0000	11.9999	2.0010	3.0574	1.0153	0.9956	0.9956	0.0000	0.0001	0.0001	0.0000	0.9955	0.9955	0.0000	0.0001	0.0001	0.0001	0.0001	0.0001	0.0000	0.0000	0.0000	0.0000	0.2924	0.2498	0.0426	0.0029	0.0027	0.0002	0.2895	0.2471	0.0424	0.0929	0.0544	0.0384	0.0185	0.0142	0.0043	0.0744	0.0402	0.0341	2393.5213	3497.8476	0.0000	6.3781	7.8346	0.0000	6060.2169	134268.2681	0.0000	0.0014	0.0011	0.0018	0.0049	0.0043	0.0068	0.0006	0.0000	0.0012
63	105	0.1232	3	0	1	0	0	0	0	0	0	N	N	N	N	N	N	N	N	N	N	N	N	0.1512	3.0822	0.0057	0.0000	0.0000	0.1431	2.8562	0.0057	0.0101	0.0117	0.0011	0.0000	0.0000	0.0000	0.0102	0.0118	0.0011	0.0669	0.0038	0.1923	0.0000	0.0000	0.0000	0.0715	0.0041	0.1913	0.0160	30.1494	-0.0020	0.0106	11.9999	3.0162	3.0574	11.0438	0.0044	0.0044	0.0001	0.0000	0.0000	0.0000	0.0044	0.0044	0.0001	0.0248	0.0008	0.0240	0.0000	0.0000	0.0000	0.0248	0.0008	0.0240	0.4400	0.3759	0.0641	0.0049	0.0046	0.0004	0.4350	0.3713	0.0637	0.3714	0.2109	0.1605	0.0240	0.0179	0.0060	0.3474	0.1930	0.1544	0.1512	3.0822	0.0073	0.0000	0.0000	0.0000	0.1431	2.8562	0.0071	0.0669	0.0038	0.1498	0.0000	0.0000	0.0000	0.0715	0.0041	0.1557	
63	106	0.2241	8	1	1	0	0	0	0	0	0	N	N	N	N	N	N	N	N	N	N	N	N	inf	inf	inf	inf	6.6889	7.8278	0.0000	0.0000	0.0000	0.0000	6.8890	8.0825	0.0000	0.0000	0.0000	0.0000	0.0000	0.0000	0.0000	0.0000	0.0000	0.0000	0.0000	-0.4617	0.0000	11.9999	1.0000	3.0574	1.0000	1.0000	1.0000	0.0000	0.0000	0.0000	0.0000	1.0000	1.0000	0.0000	0.0000	0.0000	0.0000	0.0000	0.0000	0.0000	0.0000	0.0000	0.0000	0.1495	0.1277	0.0218	0.0043	0.0040	0.0003	0.1452	0.1237	0.0214	0.0601	0.0370	0.0231	0.0195	0.0154	0.0041	0.0406	0.0216	0.0190	inf	inf	0.0000	0.0000	0.0000	0.0000	inf	inf	0.0000	0.0000	0.0000	0.0000	0.0000	0.0000	0.0000	0.0000	0.0000	0.0000						
63	107	0.2199	7	1	1	0	0	0	0	0	0	N	N	N	N	N	N	N	N	N	N	N	N	0.0000	0.0000	0.0000	0.0000	0.0000	0.0000	0.0000	0.0000	0.0000	0.0000	0.0000	0.0000	0.0000	0.0000	0.0000	36.0990	55.0118	0.0125	0.0000	0.0000	0.0000	45.1640	84.1300	0.0146	0.0002	0.0000	-0.5397	11.9999	0.0000	3.0574	0.9999	0.0000	0.0000	0.0000	0.0000	0.0000	0.0000	0.0000	0.0000	0.0000	0.9998	0.9996	0.0001	0.0000	0.0000	0.0000	0.9998	0.9996	0.0001	0.0000	0.0000	0.0000	0.0000	0.0000	0.0000	0.0000	0.0000	0.0000	0.0301	0.0182	0.0120	0.0080	0.0063	0.0017	0.0221	0.0119	0.0103	0.0000	0.0000	0.0000	0.0000	0.0000	0.0000	0.0000	0.0000	0.0000	33.1862	55.0118	0.0125	0.0000	0.0000	0.0000	45.1640	84.1300	0.0146				
63	108	0.1992	6	1	1	0	0	0	0	0	0	N	N	N	N	N	N	N	N	N	N	N	N	0.0000	0.0000	0.0000	0.0000	0.0000	0.0000	0.0000	0.0000	0.0000	0.0000	0.0000	0.0000	0.0000	0.0000	0.0000	0.0000	0.0000	0.0000	0.1668	0.4142	0.0055	0.2196	0.3366	0.0000	0.1657	0.2997	0.0062	0.0132	0.0000	-0.0173	11.9999	0.0100	3.0574	4.8896	0.0000	0.0000	0.0000	0.0000	0.0000	0.0000	0.0000	0.0000	0.0000	0.0329	0.0324	0.0004	0.0080	0.0080	0.0000	0.0248	0.0244	0.0004	0.0029	0.0025	0.0004	0.0007	0.0007	0.0000	0.0022	0.0018	0.0004	0.2131	0.1358	0.0773	0.0632	0.0543	0.0088	0.1499	0.0814	0.0685	0.0000	0.0000	0.0000	0.0000	0.0000	0.0000	0.0000	0.0000	0.0000	0.1543	0.2390	0.0055	0.1274	0.1481	0.0000	0.1657	0.2997	0.0062	
63	109	0.1891	5	0	1	0	0	0	0	0	0	N	N	N	N	N	N	N	N	N	N	N	N	0.0000	0.0000	0.0000	0.0000	0.0000	0.0000	0.0000	0.0000	0.0000	0.0000	0.0000	0.0000	0.0000	0.0000	0.0000	0.0000	0.0000	0.1169	0.2897	0.0027	0.0010	0.0013	0.0000	0.1360	0.2449	0.0029	0.0097	0.0000	-0.0043	11.9999	1.0007	3.0574	1.4004	0.0000	0.0000	0.0000	0.0000	0.0000	0.0000	0.0000	0.0000	0.0000	0.0082	0.0081	0.0001	0.0000	0.0000	0.0000	0.0082	0.0081	0.0001	0.1530	0.1310	0.0220	0.0065	0.0061	0.0003	0.1465	0.1248	0.0217	0.0699	0.0408	0.0292	0.0099	0.0077	0.0022	0.0600	0.0330	0.0270	0.0000	0.0000	0.0000	0.0000	0.0000	0.0000	0.0000	0.0000	0.0000	0.1169	0.1987	0.0027	0.0010	0.0013	0.0000	0.1360	0.2449	0.0029		
63	110	0.1757	4	0	0	0	0	0	0	0	0	N	N	N	N	N	N	N	N	N	N	N	N	0.0048	0.0021	2916.3165	6.9373	6.7440	0.0000	0.0025	0.0000	31616.8804	0.0409	0.0283	0.1161	0.0765	0.0851	0.0000	0.0245	0.0000	0.1492	8.4775	13.7542	0.0000	0.0110	0.0126	0.0006	9.9469	18.7150	0.0000	0.6915	0.0000	-0.0002	-0.4783	11.9999	0.3039	3.0574	2.8719	0.0034	0.0020	0.0014	0.0020	0.0020	0.0000	0.0014	0.0000	0.0014	0.8858	0.8858	0.0000	0.0002	0.0002	0.0000	0.8856	0.8856	0.0000	0.0831	0.0711	0.0120	0.0263	0.0236	0.0027	0.0568	0.0475	0.0093	0.1101	0.0656	0.0445	0.0211	0.0183	0.0028	0.0890	0.0473	0.0417	0.0051	0.0021	2916.3165	6.9373	6.7440	0.0000	0.0025	0.0000	31616.8804	8.0469	13.5052	0.0000	0.0110	0.0126	0.0006	9.9469	18.7150	0.0000
63	111	0.1232	3	0	0	0	0	0	0	0	0	N	N	N	N	N	N	N	N	N	N	N	N	3.3501	0.0030	21618.9197	0.0000	0.0000	4.8139	0.0063	20931.9931	1.8080	0.0042	12.4201	0.0000	0.0000	0.0000	1.8282	0.0043	12.4925	0.5397	1.4161	0.0006	0.0001	0.0001	0.0000	0.3798	0.6838	0.0006	496.8110	0.0007	0.5366	-0.0617	11.9999	3.8240	3.0574	8.1760	1.0006	0.0020	0.9986	0.0000	0.0000	0.0000	1.0006	0.0020	0.9986	0.1144	0.1143	0.0001	0.0000	0.0000	0.0000	0.1144	0.1143	0.0001	0.5534	0.4730	0.0804	0.0061	0.0056	0.0005	0.5473	0.4674	0.0799	0.3220	0.1827	0.1393	0.0207	0.0155	0.0052	0.3013	0.1672	0.1341	5.0882	0.0068	21618.9197	0.0000	0.0000	0.0000	4.8139	0.0063	20931.9931	0.3553	0.6257	0.0006	0.0001	0.0001	0.0000	0.3798	0.6838	0.0006	
63	115	0.3159	6	0	0	0	0	0	0	0	0	N	N	N	N	N	N	N	N	N	N	N	N	6.3957	5.8465	0.0000	1.7892	1.4576	0.0000	15.7563	17.9191	0.0000	0.6550	0.7523	0.0000	0.8530	0.8807	0.0000	0.6251	0.7304	0.0000	0.1024	0.1287	0.0374	0.4768	0.6042	0.0352	0.0397	0.0408	0.0381	0.0000	0.1176	-0.4352	-0.0471	11.9999	8.9918	3.0574	13.3277	0.9425	0.9425	0.0000	0.1610	0.1610	0.0000	0.7814	0.7814	0.0000	0.1084	0.0970	0.0114	0.0858	0.0833	0.0025	0.0226	0.0137	0.0089	1.4389	1.2527	0.1861	0.1888	0.1828	0.0060	1.2501	1.0699	0.1802	1.0584	0.7537	0.3046	0.4893	0.4186	0.0707	0.5691	0.3351	0.2339	6.3957	5.8465	0.0000	4.8634	4.4242	0.0000	15.7563	17.9191	0.0000	0.1024	0.1287	0.0374	0.1754	0.1991	0.0352	0.0397	0.0408	0.0381
64	65	0.0880	2	1	1	0	0	0	0	0	0	N	N	N	N	N	N	N	N	N	N	N	N	inf	inf	inf	inf	0.0011	0.0000	0.0078	0.0000	0.0000	0.0000	0.0012	0.0000	0.0079	0.0000	0.0000	0.0000	0.0000	0.0000	0.0000	0.0000	0.0000	0.0000	inf	0.0001	0.0000	4.0000	2.0015	3.0000	10.0016	0.0001	0.0000	0.0001	0.0000	0.0000	0.0000	0.0001	0.0000	0.0001	0.0000	0.0000	0.0000	0.0000	0.0000	0.0000	0.0000	0.0000	0.0000	0.1051	0.0897	0.0154	0.0058	0.0055	0.0003	0.0993	0.0842	0.0151	0.1511	0.0879	0.0631	0.0044	0.0035	0.0009	0.1466	0.0844	0.0622	inf	0.0000	inf	0.0000	0.0000	0.0000	inf	0.0000	inf	0.0000	0.0000	0.0000	0.0000	0.0000	0.0000	0.0000	0.0000	0.0000						
64	67	0.2429	4	1	1	0	0	0	0	0	0	N	N	N	N	N	N	N	N	N	N	N	N	0.0031	0.0259	0.0016	0.0721	0.2750	0.0000	0.0008	0.0000	0.0016	0.0002	0.0002	0.0005	0.0011	0.0011	0.0000	0.0001	0.0000	0.0006	0.0709	0.0064	0.3296	0.0150	0.0041	0.0826	0.1061	0.0086	0.3478	0.5000	14.7175	-0.0000	0.0110	4.0000	4.8614	3.0000	14.2102	0.0001	0.0000	0.0000	0.0000	0.0000	0.0000	0.0000	0.0000	0.0000	0.0278	0.0018	0.0261	0.0023	0.0005	0.0017	0.0256	0.0012	0.0243	0.2766	0.2396	0.0371	0.0371	0.0357	0.0014	0.2395	0.2039	0.0357	0.3921	0.2748	0.1173	0.1511	0.1302	0.0210	0.2410	0.1447	0.0963	0.0031	0.0259	0.0024	0.0721	0.2750	0.0000	0.0008	0.0000	0.0022	0.0709	0.0064	0.2221	0.0150	0.0041	0.0826	0.1061	0.0086	0.2525
64	68	0.0801	4	2	2	1	0	0	0	0	0	Y	Y	N	N	N	N	N	N	N	N	N	N	0.0000	0.0000	0.0000	0.0000	0.0000	0.0000	0.0000	0.0000	0.0000	0.0000	0.0000	0.0000	0.0000	0.0000	0.0000	0.0000	0.0000	0.0000	0.0000	0.0000	4.0000	0.0000	3.0000	0.0000	0.0000	0.0000	0.0000	0.0000	0.0000	0.0000	0.0000	0.0000	0.0000	0.0000	0.0000	0.0000	0.0000	0.0000	0.0000	0.0000	0.0000	0.0000	0.0000	0.0000	0.0000	0.0000	0.0000	0.0000	0.0000	0.0000	0.0000	0.0000	0.0000	0.0000	0.0000	0.0000	0.0000	0.0000	0.0000	0.0000	0.0000	0.0000	0.0000	0.0000	0.0000	0.0000	0.0000	0.0000	0.0000	0.0000	0.0000	0.0000	0.0000	0.0000	0.0000	0.0000	0.0000	0.0000											
64	69	0.0759	3	2	1	1	0	0	0	0	0	Y	N	N	N	N	N	N	N	N	N	N	N	0.0000	0.0000	0.0000	0.0000	0.0000	0.0000	0.0000	0.0000	0.0000	0.0000	0.0000	0.0000	0.0000	0.0000	0.0000	0.0000	0.0000	0.0000	0.0000	0.0000	4.0000	0.0016	3.0000	0.9826	0.0000	0.0000	0.0000	0.0000	0.0000	0.0000	0.0000	0.0000	0.0000	0.0000	0.0000	0.0000	0.0000	0.0000	0.0000	0.0000	0.0000	0.0000	0.0003	0.0003	0.0000	0.0001	0.0001	0.0000	0.0002	0.0002	0.0000	0.0174	0.0091	0.0082	0.0016	0.0015	0.0002	0.0157	0.0077	0.0081	0.0000	0.0000	0.0000	0.0000	0.0000	0.0000	0.0000	0.0000	0.0000	0.0000	0.0000	0.0000	0.0000	0.0000	0.0000	0.0000	0.0000	0.0000											
64	70	0.0632	2	2	1	1	0	0	0	0	0	Y	N	N	N	N	N	N	N	N	N	N	N	0.0000	0.0000	0.0000	0.0000	0.0000	0.0000	0.0000	0.0000	0.0000	0.0000	0.0000	0.0000	0.0000	0.0000	0.0000	0.0000	0.0000	0.0000	0.0000	0.0000	4.0000	0.0061	3.0000	3.0249	0.0000	0.0000	0.0000	0.0000	0.0000	0.0000	0.0000	0.0000	0.0000	0.0000	0.0000	0.0000	0.0000	0.0000	0.0000	0.0000	0.0000	0.0000	0.0008	0.0007	0.0001	0.0002	0.0002	0.0000	0.0006	0.0005	0.0001	0.0526	0.0278	0.0248	0.0039	0.0036	0.0003	0.0487	0.0242	0.0245	0.0000	0.0000	0.0000	0.0000	0.0000	0.0000	0.0000	0.0000	0.0000	0.0000	0.0000	0.0000	0.0000	0.0000	0.0000	0.0000	0.0000	0.0000											
64	72	0.0880	2	1	2	0	0	0	0	0	0	N	Y	N	N	N	N	N	N	N	N	N	N	0.0001	0.0001	0.0001	0.0001	0.0004	0.0000	0.0027	0.0000	0.0000	0.0000	0.0004	0.0000	0.0028	4.8471	0.0000	21.7906	0.0000	0.0000	0.0000	4.9962	0.0000	19.3296	inf	inf	0.0001	0.4601	4.0000	5.9987	3.0000	11.0016	0.0001	0.0000	0.0001	0.0000	0.0000	0.0000	0.0001	0.0000	0.0001	1.0000	0.0000	1.0000	0.0000	0.0000	0.0000	1.0000	0.0000	1.0000	0.3029	0.2590	0.0439	0.0164	0.0155	0.0009	0.2865	0.2435	0.0430	0.2063	0.1201	0.0862	0.0062	0.0049	0.0013	0.2002	0.1152	0.0849	0.0001	0.0000	0.0002	0.0000	0.0000	0.0000	0.0001	0.0000	0.0002	4.8471	0.0000	11.6008	0.0000	0.0000	0.0000	4.9962	0.0000	11.7779					
64	74	0.1298	4	1	2	0	0	0	0	0	0	N	Y	N	N	N	N	N	N	N	N	N	N	0.0000	0.0000	0.0000	0.0000	0.0000	0.0000	0.0000	0.0000	0.0000	0.0000	0.0000	0.0000	0.0000	0.0002	0.0004	0.0000	0.0020	0.0024	0.0000	0.0000	0.0000	0.0000	0.0000	0.0000	-0.0000	4.0000	6.1274	3.0000	13.6208	0.0000	0.0000	0.0000	0.0000	0.0000	0.0000	0.0000	0.0000	0.0000	0.0001	0.0001	0.0000	0.0001	0.0001	0.0000	0.0000	0.0000	0.0000	0.3189	0.2731	0.0458	0.0212	0.0203	0.0009	0.2977	0.2528	0.0450	0.2549	0.1572	0.0977	0.0296	0.0250	0.0046	0.2253	0.1322	0.0931	0.0000	0.0000	0.0000	0.0000	0.0000	0.0000	0.0000	0.0000	0.0000	0.0002	0.0004	0.0000	0.0020	0.0024	0.0000	0.0000	0.0000	0.0000						
64	75	0.1543	7	1	1	1	0	0	0	0	0	N	N	N	N	N	N	N	N	N	N	N	N	0.0000	0.0000	0.0000	0.0000	0.0000	0.0000	0.0000	0.0000	0.0000	0.0000	0.0000	0.0000	0.0000	0.0446	0.0847	0.0000	4.3825	6.4209	0.0000	0.0000	0.0000	0.0000	0.0000	0.0000	-0.0004	4.0000	0.0000	3.0000	1.0003	0.0000	0.0000	0.0000	0.0000	0.0000	0.0000	0.0000	0.0000	0.0000	0.0007	0.0007	0.0000	0.0007	0.0007	0.0000	0.0000	0.0000	0.0000	0.0000	0.0000	0.0000	0.0000	0.0000	0.0000	0.0000	0.0000	0.0000	0.0161	0.0085	0.0076	0.0014	0.0011	0.0003	0.0147	0.0074	0.0074	0.0000	0.0000	0.0000	0.0000	0.0000	0.0000	0.0000	0.0000	0.0000	0.0446	0.0847	0.0000	0.5130	0.6435	0.0000	0.0000	0.0000	0.0000						
64	76	0.1502	6	1	1	1	0	0	0	0	0	N	N	N	N	N	N	N	N	N	N	N	N	0.0000	0.0000	0.0000	0.0000	0.0000	0.0000	0.0000	0.0000	0.0000	0.0000	0.0000	0.0000	0.0000	0.0447	0.0000	0.1091	0.0000	0.0000	0.0000	0.0484	0.0000	0.1100	inf	0.0000	0.0003	4.0000	0.0000	3.0000	1.0076	0.0000	0.0000	0.0000	0.0000	0.0000	0.0000	0.0000	0.0000	0.0000	0.0007	0.0000	0.0007	0.0000	0.0000	0.0000	0.0007	0.0000	0.0007	0.0000	0.0000	0.0000	0.0000	0.0000	0.0000	0.0000	0.0000	0.0000	0.0161	0.0085	0.0077	0.0013	0.0010	0.0003	0.0149	0.0075	0.0074	0.0000	0.0000	0.0000	0.0000	0.0000	0.0000	0.0000	0.0000	0.0000	0.0447	0.0000	0.0941	0.0000	0.0000	0.0000	0.0484	0.0000	0.0973						
64	77	0.1461	5	1	1	0	0	0	0	0	0	N	N	N	N	N	N	N	N	N	N	N	N	0.0000	0.0000	0.0000	0.0000	0.0000	0.0000	0.0000	0.0000	0.0000	0.0000	0.0000	0.0000	0.0000	0.0000	0.0000	0.0000	0.0000	0.0000	0.0000	0.0000	4.0000	0.0026	3.0000	0.9924	0.0000	0.0000	0.0000	0.0000	0.0000	0.0000	0.0000	0.0000	0.0000	0.0000	0.0000	0.0000	0.0000	0.0000	0.0000	0.0000	0.0000	0.0000	0.0004	0.0004	0.0000	0.0001	0.0001	0.0000	0.0003	0.0002	0.0000	0.0159	0.0083	0.0076	0.0012	0.0010	0.0002	0.0147	0.0074	0.0073	0.0000	0.0000	0.0000	0.0000	0.0000	0.0000	0.0000	0.0000	0.0000	0.0000	0.0000	0.0000	0.0000	0.0000	0.0000	0.0000	0.0000	0.0000											
64	78	0.1298	4	1	1	0	0	0	0	0	0	N	N	N	N	N	N	N	N	N	N	N	N	0.0000	0.0000	0.0000	0.0000	0.0000	0.0000	0.0000	0.0000	0.0000	0.0000	0.0000	0.0000	0.0000	0.0008	0.0012	0.0000	0.0041	0.0044	0.0000	0.0000	0.0000	0.0000	0.0000	0.0000	-0.0000	4.0000	2.8733	3.0000	1.5522	0.0000	0.0000	0.0000	0.0000	0.0000	0.0000	0.0000	0.0000	0.0000	0.0001	0.0001	0.0000	0.0001	0.0001	0.0000	0.0000	0.0000	0.0000	0.1602	0.1371	0.0230	0.0133	0.0129	0.0004	0.1469	0.1243	0.0226	0.0786	0.0514	0.0272	0.0147	0.0135	0.0011	0.0639	0.0379	0.0260	0.0000	0.0000	0.0000	0.0000	0.0000	0.0000	0.0000	0.0000	0.0000	0.0008	0.0012	0.0000	0.0041	0.0044	0.0000	0.0000	0.0000	0.0000						
64	79	0.1176	3	1	1	0	0	0	0	0	0	N	N	N	N	N	N	N	N	N	N	N	N	0.0000	0.0000	0.0000	0.0000	0.0000	0.0000	0.0000	0.0000	0.0000	0.0000	0.0000	0.0000	0.0000	0.0000	0.0000	0.0000	0.0000	0.0163	0.0226	0.0023	0.0642	0.0659	0.0000	0.0009	0.0000	0.0023	0.0447	0.0000	-0.0007	4.0000	0.2102	3.0000	3.4985	0.0000	0.0000	0.0000	0.0000	0.0000	0.0000	0.0000	0.0000	0.0000	0.0014	0.0013	0.0001	0.0013	0.0013	0.0000	0.0001	0.0000	0.0001	0.0179	0.0156	0.0024	0.0040	0.0039	0.0000	0.0140	0.0116	0.0023	0.0857	0.0592	0.0265	0.0209	0.0203	0.0005	0.0648	0.0389	0.0259	0.0000	0.0000	0.0000	0.0000	0.0000	0.0000	0.0000	0.0000	0.0000	0.0163	0.0226	0.0023	0.0642	0.0659	0.0000	0.0009	0.0000	0.0023		
64	80	0.1487	5	1	2	0	0	0	0	0	0	N	Y	N	N	N	N	N	N	N	N	N	N	0.0000	0.0000	0.0000	0.0000	0.0000	0.0000	0.0000	0.0000	0.0000	0.0000	0.0000	0.0000	0.0000	0.0000	0.0000	0.0000	0.0000	0.0000	0.0000	0.0000	4.0000	2.0196	3.0000	6.0690	0.0000	0.0000	0.0000	0.0000	0.0000	0.0000	0.0000	0.0000	0.0000	0.0000	0.0000	0.0000	0.0000	0.0000	0.0000	0.0000	0.0000	0.0000	0.1073	0.0916	0.0157	0.0081	0.0075	0.0006	0.0992	0.0841	0.0151	0.1109	0.0676	0.0433	0.0135	0.0110	0.0025	0.0974	0.0566	0.0408	0.0000	0.0000	0.0000	0.0000	0.0000	0.0000	0.0000	0.0000	0.0000	0.0000	0.0000	0.0000	0.0000	0.0000	0.0000	0.0000	0.0000	0.0000											
64	81	0.1405	4	1	1	0	0	0	0	0	0	N	N	N	N	N	N	N	N	N	N	N	N	0.0000	0.0000	0.0000	0.0000	0.0000	0.0000	0.0000	0.0000	0.0000	0.0000	0.0000	0.0000	0.0000	0.0000	0.0000	0.0000	0.0000	0.0000	0.0000	0.0000	4.0000	0.9876	3.0000	0.9833	0.0000	0.0000	0.0000	0.0000	0.0000	0.0000	0.0000	0.0000	0.0000	0.0000	0.0000	0.0000	0.0000	0.0000	0.0000	0.0000	0.0000	0.0000	0.0519	0.0442	0.0076	0.0030	0.0028	0.0001	0.0489	0.0414	0.0075	0.0274	0.0165	0.0109	0.0027	0.0021	0.0006	0.0247	0.0144	0.0103	0.0000	0.0000	0.0000	0.0000	0.0000	0.0000	0.0000	0.0000	0.0000	0.0000	0.0000	0.0000	0.0000	0.0000	0.0000	0.0000	0.0000	0.0000											
64	82	0.0744	2	2	1	1	0	0	0	0	0	Y	N	N	N	N	N	N	N	N	N	N	N	0.0000	0.0000	0.0000	0.0000	0.0000	0.0000	0.0000	0.0000	0.0000	0.0000	0.0000	0.0000	0.0000	0.0000	0.0000	0.0000	0.0000	0.0000	0.0000	0.0000	4.0000	1.0000	3.0000	2.9874	0.0000	0.0000	0.0000	0.0000	0.0000	0.0000	0.0000	0.0000	0.0000	0.0000	0.0000	0.0000	0.0000	0.0000	0.0000	0.0000	0.0000	0.0000	0.0527	0.0449	0.0078	0.0022	0.0021	0.0001	0.0505	0.0428	0.0077	0.0563	0.0334	0.0228	0.0036	0.0031	0.0005	0.0527	0.0304	0.0223	0.0000	0.0000	0.0000	0.0000	0.0000	0.0000	0.0000	0.0000	0.0000	0.0000	0.0000	0.0000	0.0000	0.0000	0.0000	0.0000	0.0000	0.0000											
64	84	0.0880	2	1	2	0	1	0	0	0	0	N	Y	N	N	N	N	N	N	N	N	N	N	inf	inf	inf	inf	2.5213	2.9455	0.0000	46.9193	49.6163	0.0000	0.0000	0.0000	0.0000	0.0000	0.0000	0.0000	0.0000	0.0000	0.0000	0.0000	0.0000	0.0000	0.0000	-0.4617	0.0000	4.0000	8.0013	3.0000	12.0015	0.9999	0.9999	0.0000	0.9999	0.9999	0.0000	0.0000	0.0000	0.0000	0.0000	0.0000	0.0000	0.0000	0.0000	0.0000	0.0000	0.0000	0.0000	0.3966	0.3395	0.0571	0.0213	0.0202	0.0012	0.3753	0.3193	0.0560	0.2376	0.1383	0.0992	0.0071	0.0056	0.0015	0.2304	0.1327	0.0977	inf	inf	0.0000	inf	inf	0.0000	0.0000	0.0000	0.0000	0.0000	0.0000	0.0000	0.0000	0.0000	0.0000	0.0000	0.0000	0.0000						
64	85	0.1444	4	1	2	0	0	0	0	0	0	N	Y	N	N	N	N	N	N	N	N	N	N	0.0000	0.0000	0.0000	0.0000	0.0000	0.0000	0.0000	0.0000	0.0000	0.0000	0.0000	0.0000	0.0000	0.0000	0.0000	0.0000	0.0000	0.0000	0.0000	0.0000	4.0000	1.0000	3.0000	6.9850	0.0000	0.0000	0.0000	0.0000	0.0000	0.0000	0.0000	0.0000	0.0000	0.0000	0.0000	0.0000	0.0000	0.0000	0.0000	0.0000	0.0000	0.0000	0.0526	0.0448	0.0078	0.0026	0.0024	0.0001	0.0501	0.0424	0.0076	0.1059	0.0633	0.0426	0.0103	0.0079	0.0024	0.0956	0.0554	0.0402	0.0000	0.0000	0.0000	0.0000	0.0000	0.0000	0.0000	0.0000	0.0000	0.0000	0.0000	0.0000	0.0000	0.0000	0.0000	0.0000	0.0000	0.0000											
64	86	0.1317	3	1	1	0	0	0	0	0	0	N	N	N	N	N	N	N	N	N	N	N	N	inf	inf	inf	inf	0.0104	0.0122	0.0000	0.2008	0.2103	0.0000	0.0000	0.0000	0.0000	0.0000	0.0000	0.0000	0.0000	0.0000	0.0000	0.0000	0.0000	0.0000	0.0000	-0.0003	0.0000	4.0000	1.0086	3.0000	2.0000	0.0006	0.0006	0.0000	0.0006	0.0006	0.0000	0.0000	0.0000	0.0000	0.0000	0.0000	0.0000	0.0000	0.0000	0.0000	0.0000	0.0000	0.0000	0.0536	0.0458	0.0079	0.0028	0.0027	0.0001	0.0508	0.0431	0.0078	0.0416	0.0247	0.0169	0.0040	0.0031	0.0009	0.0377	0.0216	0.0160	inf	inf	0.0000	inf	inf	0.0000	0.0000	0.0000	0.0000	0.0000	0.0000	0.0000	0.0000	0.0000	0.0000	0.0000	0.0000	0.0000						
64	89	0.1490	5	1	2	0	0	0	0	0	0	N	Y	N	N	N	N	N	N	N	N	N	N	0.0000	0.0000	0.0000	0.0000	0.0000	0.0000	0.0000	0.0000	0.0000	0.0000	0.0000	0.0000	0.0000	0.0000	0.0000	0.0000	0.0000	0.0000	0.0000	0.0000	4.0000	0.0157	3.0000	9.0253	0.0000	0.0000	0.0000	0.0000	0.0000	0.0000	0.0000	0.0000	0.0000	0.0000	0.0000	0.0000	0.0000	0.0000	0.0000	0.0000	0.0000	0.0000	0.0029	0.0026	0.0004	0.0011	0.0011	0.0000	0.0018	0.0015	0.0004	0.1206	0.0729	0.0477	0.0157	0.0119	0.0038	0.1049	0.0609	0.0440	0.0000	0.0000	0.0000	0.0000	0.0000	0.0000	0.0000	0.0000	0.0000	0.0000	0.0000	0.0000	0.0000	0.0000	0.0000	0.0000	0.0000	0.0000											
64	90	0.1405	4	1	2	0	0	0	0	0	0	N	Y	N	N	N	N	N	N	N	N	N	N	0.0000	0.0000	0.0000	0.0000	0.0000	0.0000	0.0000	0.0000	0.0000	0.0000	0.0000	0.0000	0.0000	0.0000	0.0000	0.0000	0.0000	0.0000	0.0000	0.0000	4.0000	0.0169	3.0000	2.0013	0.0000	0.0000	0.0000	0.0000	0.0000	0.0000	0.0000	0.0000	0.0000	0.0000	0.0000	0.0000	0.0000	0.0000	0.0000	0.0000	0.0000	0.0000	0.0010	0.0008	0.0001	0.0001	0.0001	0.0000	0.0009	0.0007	0.0001	0.0281	0.0169	0.0112	0.0028	0.0022	0.0006	0.0253	0.0147	0.0105	0.0000	0.0000	0.0000	0.0000	0.0000	0.0000	0.0000	0.0000	0.0000	0.0000	0.0000	0.0000	0.0000	0.0000	0.0000	0.0000	0.0000	0.0000											
64	91	0.1317	3	1	1	0	0	0	0	0	0	N	N	N	N	N	N	N	N	N	N	N	N	inf	inf	inf	inf	0.0054	0.0063	0.0000	0.1088	0.1142	0.0000	0.0000	0.0000	0.0000	0.0000	0.0000	0.0000	0.0000	0.0000	0.0000	0.0000	0.0000	0.0000	0.0000	-0.0003	0.0000	4.0000	1.9923	3.0000	0.0454	0.0006	0.0006	0.0000	0.0006	0.0006	0.0000	0.0000	0.0000	0.0000	0.0000	0.0000	0.0000	0.0000	0.0000	0.0000	0.0000	0.0000	0.0000	0.1044	0.0890	0.0153	0.0051	0.0049	0.0002	0.0992	0.0841	0.0151	0.0287	0.0170	0.0117	0.0029	0.0022	0.0006	0.0258	0.0148	0.0110	inf	inf	0.0000	inf	inf	0.0000	0.0000	0.0000	0.0000	0.0000	0.0000	0.0000	0.0000	0.0000	0.0000	0.0000	0.0000	0.0000						
64	92	0.0880	2	1	1	0	0	0	0	0	0	N	N	N	N	N	N	N	N	N	N	N	N	inf	inf	inf	inf	inf	inf	inf	18.6266	21.8384	0.0000	328.0624	346.4572	0.0000	0.0000	0.0000	0.0000	0.0000	0.0000	0.0000	0.0000	0.0000	0.0000	0.0000	0.0000	0.0000	0.0000	-0.4614	0.0000	4.0000	1.0098	3.0000	9.0196	0.9993	0.9993	0.0000	0.9993	0.9993	0.0000	0.0000	0.0000	0.0000	0.0000	0.0000	0.0000	0.0000	0.0000	0.0000	0.0000	0.0000	0.0000	0.0536	0.0458	0.0079	0.0030	0.0029	0.0002	0.0506	0.0429	0.0077	0.1281	0.0745	0.0536	0.0038	0.0030	0.0008	0.1243	0.0716	0.0528	inf	inf	inf	inf	inf	0.0000	inf	0.0000	inf	0.0000	0.0000	0.0000	0.0000	0.0000	0.0000	0.0000	0.0000	0.0000			
64	93	0.1847	7	2	2	0	1	0	0	0	0	Y	Y	N	N	N	N	N	N	N	N	N	N	0.0000	0.0000	0.0000	0.0000	0.0000	0.0000	0.0000	0.0000	0.0000	0.0000	0.0000	0.0000	0.0000	0.0000	0.0000	0.0000	0.0000	0.0000	0.0000	0.0000	4.0000	0.0000	3.0000	0.0000	0.0000	0.0000	0.0000	0.0000	0.0000	0.0000	0.0000	0.0000	0.0000	0.0000	0.0000	0.0000	0.0000	0.0000	0.0000	0.0000	0.0000	0.0000	0.0000	0.0000	0.0000	0.0000	0.0000	0.0000	0.0000	0.0000	0.0000	0.0000	0.0000	0.0000	0.0000	0.0000	0.0000	0.0000	0.0000	0.0000	0.0000	0.0000	0.0000	0.0000	0.0000	0.0000	0.0000	0.0000	0.0000	0.0000	0.0000	0.0000	0.0000	0.0000	0.0000	0.0000	0.0000	0.0000											
64	94	0.1847	6	2	2	0	1	0	0	0	0	Y	Y	N	N	N	N	N	N	N	N	N	N	0.0000	0.0000	0.0000	0.0000	0.0000	0.0000	0.0000	0.0000	0.0000	0.0000	0.0000	0.0000	0.0000	0.0000	0.0000	0.0000	0.0000	0.0000	0.0000	0.0000	4.0000	0.0000	3.0000	0.0001	0.0000	0.0000	0.0000	0.0000	0.0000	0.0000	0.0000	0.0000	0.0000	0.0000	0.0000	0.0000	0.0000	0.0000	0.0000	0.0000	0.0000	0.0000	0.0000	0.0000	0.0000	0.0000	0.0000	0.0000	0.0000	0.0000	0.0000	0.0000	0.0000	0.0000	0.0000	0.0000	0.0000	0.0000	0.0000	0.0000	0.0000	0.0000	0.0000	0.0000	0.0000	0.0000	0.0000	0.0000	0.0000	0.0000	0.0000	0.0000	0.0000	0.0000	0.0000	0.0000	0.0000	0.0000											
64	95	0.1668	5	1	2	0	1	0	0	0	0	N	Y	N	N	N	N	N	N	N	N	N	N	0.0000	0.0000	0.0000	0.0000	0.0000	0.0000	0.0000	0.0000	0.0000	0.0000	0.0000	0.0000	0.0000	0.0000	0.0000	0.0000	0.0000	0.0000	0.0000	0.0000	4.0000	0.9845	3.0000	0.9903	0.0000	0.0000	0.0000	0.0000	0.0000	0.0000	0.0000	0.0000	0.0000	0.0000	0.0000	0.0000	0.0000	0.0000	0.0000	0.0000	0.0000	0.0000	0.0540	0.0462	0.0077	0.0059	0.0056	0.0003	0.0480	0.0406	0.0075	0.0283	0.0172	0.0110	0.0029	0.0025	0.0003	0.0254	0.0147	0.0107	0.0000	0.0000	0.0000	0.0000	0.0000	0.0000	0.0000	0.0000	0.0000	0.0000	0.0000	0.0000	0.0000	0.0000	0.0000	0.0000	0.0000	0.0000											
64	96	0.1639	5	1	2	0	0	0	0	0	0	N	Y	N	N	N	N	N	N	N	N	N	N	0.0000	0.0000	0.0000	0.0000	0.0000	0.0000	0.0000	0.0000	0.0000	0.0000	0.0000	0.0000	0.0000	0.0000	0.0000	0.0000	0.0000	0.0000	0.0000	0.0000	4.0000	1.0063	3.0000	3.7812	0.0000	0.0000	0.0000	0.0000	0.0000	0.0000	0.0000	0.0000	0.0000	0.0000	0.0000	0.0000	0.0000	0.0000	0.0000	0.0000	0.0000	0.0000	0.0541	0.0462	0.0079	0.0041	0.0039	0.0002	0.0499	0.0423	0.0077	0.1017	0.0662	0.0355	0.0294	0.0256	0.0037	0.0723	0.0405	0.0317	0.0000	0.0000	0.0000	0.0000	0.0000	0.0000	0.0000	0.0000	0.0000	0.0000	0.0000	0.0000	0.0000	0.0000	0.0000	0.0000	0.0000	0.0000											
64	97	0.1668	5	1	1	1	1	0	0	0	0	N	N	N	N	N	N	N	N	N	N	N	N	0.0000	0.0000	0.0000	0.0000	0.0000	0.0000	0.0000	0.0000	0.0000	0.0000	0.0000	0.0000	0.0000	0.0000	0.0000	0.0000	0.0000	0.0000	0.0000	0.0000	4.0000	1.0165	3.0000	1.0129	0.0000	0.0000	0.0000	0.0000	0.0000	0.0000	0.0000	0.0000	0.0000	0.0000	0.0000	0.0000	0.0000	0.0000	0.0000	0.0000	0.0000	0.0000	0.0556	0.0476	0.0080	0.0061	0.0058	0.0003	0.0495	0.0419	0.0077	0.0290	0.0177	0.0113	0.0029	0.0026	0.0003	0.0261	0.0151	0.0110	0.0000	0.0000	0.0000	0.0000	0.0000	0.0000	0.0000	0.0000	0.0000	0.0000	0.0000	0.0000	0.0000	0.0000	0.0000	0.0000	0.0000	0.0000											
64	98	0.1538	4	1	1	0	1	0	0	0	0	N	N	N	N	N	N	N	N	N	N	N	N	0.0000	0.0000	0.0000	0.0000	0.0000	0.0000	0.0000	0.0000	0.0000	0.0000	0.0000	0.0000	0.0000	0.0000	0.0000	0.0000	0.0000	0.0000	0.0000	0.0000	4.0000	2.0241	3.0000	1.0265	0.0000	0.0000	0.0000	0.0000	0.0000	0.0000	0.0000	0.0000	0.0000	0.0000	0.0000	0.0000	0.0000	0.0000	0.0000	0.0000	0.0000	0.0000	0.1078	0.0922	0.0156	0.0085	0.0080	0.0005	0.0993	0.0842	0.0152	0.0414	0.0248	0.0166	0.0046	0.0037	0.0009	0.0368	0.0211	0.0157	0.0000	0.0000	0.0000	0.0000	0.0000	0.0000	0.0000	0.0000	0.0000	0.0000	0.0000	0.0000	0.0000	0.0000	0.0000	0.0000	0.0000	0.0000											
64	99	0.1538	4	1	1	1	1	0	0	0	0	N	N	N	N	N	N	N	N	N	N	N	N	0.0000	0.0000	0.0000	0.0000	0.0000	0.0000	0.0000	0.0000	0.0000	0.0000	0.0000	0.0000	0.0000	0.0000	0.0000	0.0000	0.0000	0.0000	0.0000	0.0000	4.0000	3.0066	3.0000	0.0000	0.0000	0.0000	0.0000	0.0000	0.0000	0.0000	0.0000	0.0000	0.0000	0.0000	0.0000	0.0000	0.0000	0.0000	0.0000	0.0000	0.0000	0.0000	0.1581	0.1353	0.0229	0.0122	0.0115	0.0007	0.1459	0.1237	0.0222	0.0408	0.0245	0.0163	0.0045	0.0036	0.0009	0.0363	0.0208	0.0154	0.0000	0.0000	0.0000	0.0000	0.0000	0.0000	0.0000	0.0000	0.0000	0.0000	0.0000	0.0000	0.0000	0.0000	0.0000	0.0000	0.0000	0.0000											
64	100	0.1795	4	1	1	1	1	0	0	0	0	N	N	N	N	N	N	N	N	N	N	N	N	0.0000	0.0000	0.0000	0.0000	0.0000	0.0000	0.0000	0.0000	0.0000	0.0000	0.0000	0.0000	0.0000	0.0000	0.0000	0.0000	0.0000	0.0000	0.0000	0.0000	4.0000	0.0000	3.0000	2.0000	0.0000	0.0000	0.0000	0.0000	0.0000	0.0000	0.0000	0.0000	0.0000	0.0000	0.0000	0.0000	0.0000	0.0000	0.0000	0.0000	0.0000	0.0000	0.0000	0.0000	0.0000	0.0000	0.0000	0.0000	0.0000	0.0000	0.0000	0.0263	0.0156	0.0107	0.0030	0.0024	0.0006	0.0233	0.0132	0.0101	0.0000	0.0000	0.0000	0.0000	0.0000	0.0000	0.0000	0.0000	0.0000	0.0000	0.0000	0.0000	0.0000	0.0000	0.0000	0.0000	0.0000	0.0000											
64	101	0.1405	3	1	1	1	1	0	0	0	0	N	N	N	N	N	N	N	N	N	N	N	N	inf	inf	inf	inf	3.2045	3.7421	0.0000	0.0000	0.0000	0.0000	3.5449	4.1777	0.0000	0.0000	0.0000	0.0000	0.0000	0.0000	0.0000	0.0000	0.0000	0.0000	0.0000	-0.4608	0.0000	4.0000	5.8899	3.0000	3.1847	0.9980	0.9980	0.0000	0.0000	0.0000	0.0000	0.9980	0.9980	0.0000	0.0000	0.0000	0.0000	0.0000	0.0000	0.0000	0.0000	0.0000	0.0000	0.3114	0.2667	0.0447	0.0299	0.0278	0.0021	0.2815	0.2389	0.0426	0.1260	0.0757	0.0503	0.0158	0.0134	0.0025	0.1102	0.0623	0.0479	inf	inf	0.0000	0.0000	0.0000	0.0000	inf	inf	0.0000	0.0000	0.0000	0.0000	0.0000	0.0000	0.0000	0.0000	0.0000	0.0000						
64	102	0.1873	3	2	2	0	0	0	0	0	0	Y	Y	N	N	N	N	N	N	N	N	N	N	0.0000	0.0000	0.0000	0.0000	0.0000	0.0000	0.0000	0.0000	0.0000	0.0000	0.0000	0.0000	0.0000	0.0000	0.0000	0.0000	0.0000	0.0000	0.0000	0.0000	4.0000	0.0000	3.0000	0.0000	0.0000	0.0000	0.0000	0.0000	0.0000	0.0000	0.0000	0.0000	0.0000	0.0000	0.0000	0.0000	0.0000	0.0000	0.0000	0.0000	0.0000	0.0000	0.0000	0.0000	0.0000	0.0000	0.0000	0.0000	0.0000	0.0000	0.0000	0.0000	0.0000	0.0000	0.0000	0.0000	0.0000	0.0000	0.0000	0.0000	0.0000	0.0000	0.0000	0.0000	0.0000	0.0000	0.0000	0.0000	0.0000	0.0000	0.0000	0.0000	0.0000	0.0000	0.0000	0.0000	0.0000	0.0000											
64	103	0.0880	2	2	2	0	0	0	0	0	0	Y	Y	N	N	N	N	N	N	N	N	N	N	inf	inf	inf	inf	2.5213	2.9455	0.0000	46.9193	49.6163	0.0000	0.0000	0.0000	0.0000	0.0000	0.0000	0.0000	0.0000	0.0000	0.0000	0.0000	0.0000	0.0000	0.0000	-0.4617	0.0000	4.0000	8.0012	3.0000	14.0016	0.9999	0.9999	0.0000	0.9999	0.9999	0.0000	0.0000	0.0000	0.0000	0.0000	0.0000	0.0000	0.0000	0.0000	0.0000	0.0000	0.0000	0.0000	0.3966	0.3395	0.0571	0.0213	0.0202	0.0012	0.3753	0.3193	0.0560	0.2576	0.1501	0.1076	0.0078	0.0061	0.0016	0.2499	0.1439	0.1059	inf	inf	0.0000	inf	inf	0.0000	0.0000	0.0000	0.0000	0.0000	0.0000	0.0000	0.0000	0.0000	0.0000	0.0000	0.0000	0.0000						
64	104	0.1510	3	1	2	0	0	0	0	0	0	N	Y	N	N	N	N	N	N	N	N	N	N	inf	inf	inf	inf	0.0051	0.0060	0.0000	0.0932	0.0985	0.0000	0.0000	0.0000	0.0000	0.0000	0.0000	0.0000	0.0000	0.0000	0.0000	0.0000	0.0000	0.0000	0.0000	-0.0002	0.0000	4.0000	2.0010	3.0000	1.0153	0.0005	0.0005	0.0000	0.0005	0.0005	0.0000	0.0000	0.0000	0.0000	0.0000	0.0000	0.0000	0.0000	0.0000	0.0000	0.0000	0.0000	0.0000	0.1042	0.0890	0.0153	0.0057	0.0054	0.0003	0.0985	0.0836	0.0150	0.0432	0.0263	0.0169	0.0089	0.0069	0.0021	0.0343	0.0194	0.0149	inf	inf	0.0000	inf	inf	0.0000	0.0000	0.0000	0.0000	0.0000	0.0000	0.0000	0.0000	0.0000	0.0000	0.0000	0.0000	0.0000						
64	105	0.0880	2	1	2	0	0	0	0	0	0	N	Y	N	N	N	N	N	N	N	N	N	N	inf	inf	inf	inf	inf	inf	inf	6.3757	7.4678	0.0000	115.7464	122.3928	0.0000	0.0000	0.0000	0.0000	0.0000	0.0000	0.0000	0.0000	0.0000	0.0000	0.0000	0.0000	0.0000	0.0000	-0.4614	0.0000	4.0000	3.0162	3.0000	11.0438	0.9993	0.9993	0.0000	0.9993	0.9993	0.0000	0.0000	0.0000	0.0000	0.0000	0.0000	0.0000	0.0000	0.0000	0.0000	0.0000	0.0000	0.0000	0.1567	0.1338	0.0229	0.0086	0.0082	0.0005	0.1481	0.1257	0.0225	0.1743	0.1014	0.0729	0.0052	0.0041	0.0011	0.1691	0.0974	0.0718	inf	inf	inf	inf	inf	0.0000	inf	0.0000	inf	0.0000	0.0000	0.0000	0.0000	0.0000	0.0000	0.0000	0.0000	0.0000			
64	106	0.1889	7	2	2	0	0	0	0	0	0	Y	Y	N	N	N	N	N	N	N	N	N	N	0.0000	0.0000	0.0000	0.0000	0.0000	0.0000	0.0000	0.0000	0.0000	0.0000	0.0000	0.0000	0.0000	0.0000	0.0000	0.0000	0.0000	0.0000	0.0000	0.0000	4.0000	1.0000	3.0000	1.0000	0.0000	0.0000	0.0000	0.0000	0.0000	0.0000	0.0000	0.0000	0.0000	0.0000	0.0000	0.0000	0.0000	0.0000	0.0000	0.0000	0.0000	0.0000	0.0533	0.0455	0.0078	0.0039	0.0036	0.0002	0.0494	0.0418	0.0076	0.0282	0.0179	0.0102	0.0088	0.0070	0.0017	0.0194	0.0109	0.0085	0.0000	0.0000	0.0000	0.0000	0.0000	0.0000	0.0000	0.0000	0.0000	0.0000	0.0000	0.0000	0.0000	0.0000	0.0000	0.0000	0.0000	0.0000											
64	107	0.1847	6	2	2	0	0	0	0	0	0	Y	Y	N	N	N	N	N	N	N	N	N	N	0.0000	0.0000	0.0000	0.0000	0.0000	0.0000	0.0000	0.0000	0.0000	0.0000	0.0000	0.0000	0.0000	0.0000	0.0000	0.0000	0.0000	0.0000	0.0000	0.0000	4.0000	0.0000	3.0000	0.9999	0.0000	0.0000	0.0000	0.0000	0.0000	0.0000	0.0000	0.0000	0.0000	0.0000	0.0000	0.0000	0.0000	0.0000	0.0000	0.0000	0.0000	0.0000	0.0000	0.0000	0.0000	0.0000	0.0000	0.0000	0.0000	0.0000	0.0000	0.0141	0.0088	0.0053	0.0035	0.0028	0.0007	0.0106	0.0060	0.0046	0.0000	0.0000	0.0000	0.0000	0.0000	0.0000	0.0000	0.0000	0.0000	0.0000	0.0000	0.0000	0.0000	0.0000	0.0000	0.0000	0.0000	0.0000											
64	108	0.1639	5	2	2	0	0	0	0	0	0	Y	Y	N	N	N	N	N	N	N	N	N	N	0.0000	0.0000	0.0000	0.0000	0.0000	0.0000	0.0000	0.0000	0.0000	0.0000	0.0000	0.0000	0.0000	0.0000	0.0000	0.0000	0.0000	0.0000	0.0000	0.0000	4.0000	0.0100	3.0000	4.8896	0.0000	0.0000	0.0000	0.0000	0.0000	0.0000	0.0000	0.0000	0.0000	0.0000	0.0000	0.0000	0.0000	0.0000	0.0000	0.0000	0.0000	0.0000	0.0010	0.0009	0.0001	0.0003	0.0003	0.0000	0.0007	0.0006	0.0001	0.1030	0.0670	0.0360	0.0295	0.0257	0.0038	0.0735	0.0413	0.0323	0.0000	0.0000	0.0000	0.0000	0.0000	0.0000	0.0000	0.0000	0.0000	0.0000	0.0000	0.0000	0.0000	0.0000	0.0000	0.0000	0.0000	0.0000											
64	109	0.1538	4	1	2	0	0	0	0	0	0	N	Y	N	N	N	N	N	N	N	N	N	N	0.0000	0.0000	0.0000	0.0000	0.0000	0.0000	0.0000	0.0000	0.0000	0.0000	0.0000	0.0000	0.0000	0.0000	0.0000	0.0000	0.0000	0.0000	0.0000	0.0000	4.0000	1.0007	3.0000	1.4004	0.0000	0.0000	0.0000	0.0000	0.0000	0.0000	0.0000	0.0000	0.0000	0.0000	0.0000	0.0000	0.0000	0.0000	0.0000	0.0000	0.0000	0.0000	0.0544	0.0465	0.0079	0.0045	0.0043	0.0002	0.0499	0.0422	0.0077	0.0327	0.0196	0.0131	0.0036	0.0029	0.0007	0.0291	0.0167	0.0124	0.0000	0.0000	0.0000	0.0000	0.0000	0.0000	0.0000	0.0000	0.0000	0.0000	0.0000	0.0000	0.0000	0.0000	0.0000	0.0000	0.0000	0.0000											
64	110	0.1405	3	1	1	0	0	0	0	0	0	N	N	N	N	N	N	N	N	N	N	N	N	inf	inf	inf	inf	0.0690	0.0808	0.0000	0.2060	0.2286	0.0000	0.0000	0.0000	0.0000	0.0000	0.0000	0.0000	0.0000	0.0000	0.0000	0.0000	0.0000	0.0000	0.0000	-0.0009	0.0000	4.0000	0.3039	3.0000	2.8719	0.0020	0.0020	0.0000	0.0020	0.0020	0.0000	0.0000	0.0000	0.0000	0.0000	0.0000	0.0000	0.0000	0.0000	0.0000	0.0000	0.0000	0.0000	0.0291	0.0249	0.0043	0.0098	0.0088	0.0010	0.0194	0.0161	0.0033	0.0518	0.0316	0.0202	0.0086	0.0077	0.0009	0.0431	0.0239	0.0193	inf	inf	0.0000	inf	inf	0.0000	0.0000	0.0000	0.0000	0.0000	0.0000	0.0000	0.0000	0.0000	0.0000	0.0000	0.0000	0.0000						
64	111	0.0880	2	1	1	0	0	0	0	0	0	N	N	N	N	N	N	N	N	N	N	N	N	inf	inf	inf	inf	inf	inf	0.0108	0.0119	0.0042	0.0000	0.0000	0.0000	0.0114	0.0127	0.0043	0.0000	0.0000	0.0000	0.0000	0.0000	0.0000	0.0000	0.0000	0.0000	0.0597	-0.0009	0.0000	4.0000	3.8240	3.0000	8.1760	0.0021	0.0020	0.0001	0.0000	0.0000	0.0000	0.0021	0.0020	0.0001	0.0000	0.0000	0.0000	0.0000	0.0000	0.0000	0.0000	0.0000	0.0000	0.1971	0.1684	0.0288	0.0108	0.0102	0.0006	0.1863	0.1582	0.0282	0.1510	0.0879	0.0631	0.0044	0.0035	0.0009	0.1466	0.0844	0.0622	inf	inf	inf	0.0000	0.0000	0.0000	inf	inf	inf	0.0000	0.0000	0.0000	0.0000	0.0000	0.0000	0.0000	0.0000	0.0000				
64	115	0.2806	5	1	1	0	0	0	0	0	0	N	N	N	N	N	N	N	N	N	N	N	N	0.0245	0.2842	0.0312	0.1974	1.6122	0.2927	0.0107	0.0000	0.0245	0.0007	0.0002	0.0039	0.0019	0.0013	0.0183	0.0005	0.0000	0.0033	0.0288	0.0008	0.1252	0.0094	0.0008	0.0624	0.0455	0.0008	0.1339	2.6000	49.1724	0.0001	0.0064	4.0000	8.9918	3.0000	13.3277	0.0004	0.0001	0.0003	0.0002	0.0001	0.0001	0.0002	0.0000	0.0002	0.0146	0.0003	0.0143	0.0022	0.0002	0.0020	0.0123	0.0001	0.0122	0.5108	0.4441	0.0667	0.0810	0.0783	0.0027	0.4298	0.3659	0.0639	0.5060	0.3661	0.1399	0.2345	0.2019	0.0327	0.2715	0.1643	0.1072	0.0245	0.2842	0.0383	0.1974	1.6122	0.2927	0.0107	0.0000	0.0288	0.0288	0.0008	0.1019	0.0094	0.0008	0.0624	0.0455	0.0008	0.1140
65	67	0.2071	3	0	0	0	0	0	0	0	0	N	N	N	N	N	N	N	N	N	N	N	N	0.0051	0.0019	0.0557	0.0029	0.0027	397.3897	0.0058	0.0000	0.0450	0.0008	0.0006	0.0020	0.0063	0.0064	0.0007	0.0003	0.0000	0.0020	0.1621	0.3313	0.0353	2.1566	2.3677	0.0000	0.0509	0.0574	0.0442	0.4944	0.0793	-0.0000	-0.0474	2.0015	4.8614	10.0016	14.2102	0.0001	0.0001	0.0000	0.0001	0.0001	0.0000	0.0000	0.0000	0.0000	0.1015	0.0941	0.0075	0.0797	0.0797	0.0000	0.0219	0.0144	0.0075	0.1453	0.1252	0.0201	0.0128	0.0124	0.0003	0.1325	0.1127	0.0198	0.6773	0.4659	0.2114	0.2479	0.2146	0.0332	0.4294	0.2512	0.1781	0.0055	0.0032	0.0557	0.0195	0.0173	397.3897	0.0058	0.0000	0.0475	0.1499	0.2019	0.0353	0.3214	0.3711	0.0000	0.0509	0.0574	0.0419
65	68	0.1280	5	1	1	1	0	0	0	0	0	N	N	N	N	N	N	N	N	N	N	N	N	0.0000	0.0000	0.0000	0.0000	0.0000	0.0000	0.0000	0.0000	0.0000	0.0000	0.0000	0.0000	0.0000	0.0000	0.0000	0.0000	0.0000	0.0000	0.0000	0.0000	2.0015	0.0000	10.0016	0.0000	0.0000	0.0000	0.0000	0.0000	0.0000	0.0000	0.0000	0.0000	0.0000	0.0000	0.0000	0.0000	0.0000	0.0000	0.0000	0.0000	0.0000	0.0000	0.0000	0.0000	0.0000	0.0000	0.0000	0.0000	0.0000	0.0000	0.0000	0.0000	0.0000	0.0000	0.0000	0.0000	0.0000	0.0000	0.0000	0.0000	0.0000	0.0000	0.0000	0.0000	0.0000	0.0000	0.0000	0.0000	0.0000	0.0000	0.0000	0.0000	0.0000	0.0000	0.0000	0.0000	0.0000	0.0000											
65	69	0.1239	4	1	0	1	0	0	0	0	0	N	N	N	N	N	N	N	N	N	N	N	N	0.0124	inf	0.0000	inf	inf	0.0000	0.0000	0.0075	0.0086	0.0000	0.0196	0.0197	0.0000	0.0000	0.0000	0.0000	0.6043	0.0000	1.4226	0.0000	0.0000	0.0000	0.4535	0.0000	1.5698	0.0000	inf	-0.0000	0.0044	2.0015	0.0016	10.0016	0.9826	0.0000	0.0000	0.0000	0.0000	0.0000	0.0000	0.0000	0.0000	0.0000	0.0095	0.0000	0.0095	0.0000	0.0000	0.0000	0.0095	0.0000	0.0095	0.0002	0.0001	0.0000	0.0001	0.0001	0.0000	0.0001	0.0001	0.0000	0.0243	0.0146	0.0097	0.0033	0.0029	0.0004	0.0210	0.0117	0.0093	0.0192	inf	0.0000	inf	inf	0.0000	0.0000	0.0000	0.0000	0.3912	0.0000	0.9820	0.0000	0.0000	0.0000	0.4535	0.0000	1.0259		
65	70	0.1111	3	1	0	1	0	0	0	0	0	N	N	N	N	N	N	N	N	N	N	N	N	0.0002	0.0056	0.0004	0.0021	0.0026	0.0000	0.0003	0.0004	0.0030	0.0000	0.0261	0.0001	0.0001	0.0000	0.0044	0.0000	0.0263	13.1733	0.0066	72.0099	0.0477	0.0390	0.1162	14.8603	0.0000	71.7201	92.0847	3336.9080	0.0000	0.4485	2.0015	0.0061	10.0016	3.0249	0.0000	0.0000	0.0000	0.0000	0.0000	0.0000	0.0000	0.0000	0.0000	0.9755	0.0003	0.9752	0.0004	0.0003	0.0001	0.9751	0.0000	0.9751	0.0004	0.0004	0.0000	0.0001	0.0001	0.0000	0.0003	0.0002	0.0000	0.0740	0.0446	0.0295	0.0084	0.0075	0.0009	0.0656	0.0371	0.0285	0.0002	0.0056	0.0008	0.0021	0.0026	0.0000	0.0003	0.0000	0.0008	13.1733	0.0066	33.0973	0.0477	0.0390	0.1162	14.8603	0.0000	34.1926	
65	71	0.0941	2	1	0	1	0	0	0	0	0	N	N	N	N	N	N	N	N	N	N	N	N	0.0000	0.0000	0.0000	0.0000	0.0000	0.0000	0.0000	0.0000	0.0001	0.0000	0.0008	0.0000	0.0000	0.0000	0.0001	0.0000	0.0008	11.6952	0.0023	64.6317	0.0000	0.0000	0.0000	11.7621	0.0024	61.2746	inf	8457.5610	0.0000	0.4672	2.0015	0.0044	10.0016	4.0281	0.0000	0.0000	0.0000	0.0000	0.0000	0.0000	0.0000	0.0000	0.0000	1.0157	0.0001	1.0156	0.0000	0.0000	0.0000	1.0157	0.0001	1.0156	0.0001	0.0001	0.0000	0.0000	0.0000	0.0000	0.0001	0.0001	0.0000	0.0889	0.0517	0.0372	0.0026	0.0020	0.0005	0.0864	0.0497	0.0367	0.0000	0.0000	0.0000	0.0000	0.0000	0.0000	0.0000	0.0000	0.0000	11.4195	0.0023	27.3020	0.0000	0.0000	0.0000	11.7621	0.0024	27.7067	
65	73	0.0941	2	1	0	1	0	0	0	0	0	N	N	N	N	N	N	N	N	N	N	N	N	inf	inf	inf	inf	0.0256	0.0000	0.1733	0.0000	0.0000	0.0000	0.0271	0.0000	0.1769	0.0000	0.0000	0.0000	0.0000	0.0000	0.0000	0.0000	0.0000	0.0000	inf	0.0007	0.0000	2.0015	2.0000	10.0016	5.0000	0.0014	0.0000	0.0014	0.0000	0.0000	0.0000	0.0014	0.0000	0.0014	0.0000	0.0000	0.0000	0.0000	0.0000	0.0000	0.0000	0.0000	0.0000	0.0535	0.0456	0.0079	0.0030	0.0028	0.0002	0.0506	0.0428	0.0077	0.1511	0.0879	0.0631	0.0044	0.0035	0.0009	0.1466	0.0844	0.0622	inf	0.0000	inf	0.0000	0.0000	0.0000	inf	0.0000	inf	0.0000	0.0000	0.0000	0.0000	0.0000	0.0000	0.0000	0.0000	0.0000						
65	74	0.0941	3	0	1	0	0	0	0	0	0	N	N	N	N	N	N	N	N	N	N	N	N	2.4131	0.0000	216.9862	0.8760	0.9354	0.1349	2.4087	0.0000	213.7677	5.9497	0.0001	40.1576	0.0056	0.0057	0.0012	6.0786	0.0000	40.2152	2.4656	4.1907	0.1851	0.0064	0.0061	0.0085	2.5237	4.2909	0.1881	49997.3407	0.0258	0.5382	-0.5268	2.0015	6.1274	10.0016	13.6208	1.0000	0.0000	0.9999	0.0000	0.0000	0.0000	0.9999	0.0000	0.9999	1.0232	0.9975	0.0257	0.0003	0.0002	0.0000	1.0230	0.9973	0.0256	0.1681	0.1432	0.0249	0.0036	0.0035	0.0000	0.1645	0.1396	0.0249	0.4460	0.2672	0.1788	0.0406	0.0348	0.0059	0.4053	0.2324	0.1729	2.5932	0.0000	279.3438	0.8760	0.9354	0.1349	2.4087	0.0000	271.1170	2.2944	3.7333	0.1438	0.0064	0.0061	0.0085	2.5237	4.2909	0.1483
65	75	0.1186	6	0	0	1	0	0	0	0	0	N	N	N	N	N	N	N	N	N	N	N	N	0.0000	0.0000	0.0000	0.0000	0.0000	0.0000	0.0000	0.0000	0.0000	0.0000	0.0000	0.0000	0.0000	0.0000	0.0000	0.0000	0.0000	0.0000	0.0000	0.0000	2.0015	0.0000	10.0016	1.0003	0.0000	0.0000	0.0000	0.0000	0.0000	0.0000	0.0000	0.0000	0.0000	0.0000	0.0000	0.0000	0.0000	0.0000	0.0000	0.0000	0.0000	0.0000	0.0000	0.0000	0.0000	0.0000	0.0000	0.0000	0.0000	0.0000	0.0000	0.0240	0.0145	0.0095	0.0020	0.0016	0.0004	0.0220	0.0129	0.0092	0.0000	0.0000	0.0000	0.0000	0.0000	0.0000	0.0000	0.0000	0.0000	0.0000	0.0000	0.0000	0.0000	0.0000	0.0000	0.0000	0.0000	0.0000											
65	76	0.1145	5	0	0	1	0	0	0	0	0	N	N	N	N	N	N	N	N	N	N	N	N	0.0000	0.0000	0.0000	0.0000	0.0000	0.0000	0.0000	0.0000	0.0000	0.0000	0.0000	0.0000	0.0000	0.0000	0.0000	0.0000	0.0000	0.0000	0.0000	0.0000	2.0015	0.0000	10.0016	1.0076	0.0000	0.0000	0.0000	0.0000	0.0000	0.0000	0.0000	0.0000	0.0000	0.0000	0.0000	0.0000	0.0000	0.0000	0.0000	0.0000	0.0000	0.0000	0.0000	0.0000	0.0000	0.0000	0.0000	0.0000	0.0000	0.0000	0.0000	0.0240	0.0144	0.0096	0.0017	0.0014	0.0003	0.0223	0.0130	0.0092	0.0000	0.0000	0.0000	0.0000	0.0000	0.0000	0.0000	0.0000	0.0000	0.0000	0.0000	0.0000	0.0000	0.0000	0.0000	0.0000	0.0000	0.0000											
65	77	0.1104	4	0	0	0	0	0	0	0	0	N	N	N	N	N	N	N	N	N	N	N	N	3583.5283	inf	0.0000	inf	inf	0.0000	0.0000	6.0673	6.7944	0.0000	16.9632	17.0100	0.0000	0.0000	0.0000	0.0000	0.0017	0.0000	0.0042	0.0000	0.0000	0.0000	0.0018	0.0000	0.0044	0.0000	inf	-0.0006	0.0000	2.0015	0.0026	10.0016	0.9924	0.0014	0.0014	0.0000	0.0014	0.0014	0.0000	0.0000	0.0000	0.0000	0.0000	0.0000	0.0000	0.0000	0.0000	0.0000	0.0000	0.0000	0.0000	0.0002	0.0002	0.0000	0.0001	0.0001	0.0000	0.0001	0.0001	0.0000	0.0236	0.0142	0.0095	0.0017	0.0013	0.0003	0.0220	0.0129	0.0091	3583.5283	inf	0.0000	inf	inf	0.0000	0.0000	0.0000	0.0000	0.0017	0.0000	0.0042	0.0000	0.0000	0.0000	0.0018	0.0000	0.0044		
65	78	0.0941	3	0	0	0	0	0	0	0	0	N	N	N	N	N	N	N	N	N	N	N	N	0.1318	1.2294	0.0000	1.8830	1.5863	0.0000	0.0762	inf	0.0000	0.0334	0.0392	0.0000	0.4121	0.4142	0.0000	0.0171	0.0202	0.0000	0.2533	0.0319	0.7328	0.2188	0.2611	0.0337	0.2243	0.0000	0.8054	0.0000	9.2112	-0.0013	0.0103	2.0015	2.8733	10.0016	1.5522	0.0028	0.0028	0.0000	0.0014	0.0014	0.0000	0.0014	0.0014	0.0000	0.0285	0.0028	0.0257	0.0028	0.0028	0.0000	0.0256	0.0000	0.0256	0.0848	0.0722	0.0126	0.0035	0.0035	0.0000	0.0813	0.0687	0.0126	0.1367	0.0875	0.0492	0.0224	0.0209	0.0015	0.1144	0.0666	0.0478	0.1602	1.2294	0.0000	3.2437	3.0987	0.0000	0.0762	inf	0.0000	0.2084	0.0319	0.5219	0.1270	0.1337	0.0337	0.2243	0.0000	0.5370
65	79	0.0819	2	0	0	0	0	0	0	0	0	N	N	N	N	N	N	N	N	N	N	N	N	0.0034	0.0655	0.0025	0.0136	0.0146	0.0000	0.0024	0.0791	0.0025	0.0239	0.0102	0.1087	0.0341	0.0341	0.0000	0.0213	0.0031	0.1088	7.0776	0.1561	43.1473	2.4971	2.3331	0.2447	8.9666	0.0393	43.3265	1.7096	71.1042	0.0000	0.4647	2.0015	0.2102	10.0016	3.4985	0.0002	0.0001	0.0001	0.0001	0.0001	0.0000	0.0002	0.0000	0.0001	1.0414	0.0144	1.0270	0.0119	0.0118	0.0001	1.0295	0.0027	1.0269	0.0097	0.0084	0.0013	0.0019	0.0019	0.0000	0.0078	0.0064	0.0013	0.1478	0.1003	0.0475	0.0330	0.0325	0.0005	0.1148	0.0678	0.0470	0.0034	0.0710	0.0050	0.0943	0.0939	0.0000	0.0024	0.0791	0.0050	7.0460	0.1440	21.6235	0.3610	0.3628	0.2447	8.9666	0.0393	21.8618
65	80	0.1130	4	0	1	0	0	0	0	0	0	N	N	N	N	N	N	N	N	N	N	N	N	367.8197	252.0431	13.8563	11.9919	inf	inf	0.3112	0.3658	0.0000	0.1269	0.1337	0.0000	0.3174	0.3746	0.0000	0.0008	0.0015	0.0000	0.0092	0.0111	0.0000	0.0000	0.0000	0.0000	0.0000	0.0000	-0.0079	-0.0001	2.0015	2.0196	10.0016	6.0690	0.0172	0.0172	0.0000	0.0002	0.0002	0.0000	0.0169	0.0169	0.0000	0.0002	0.0002	0.0000	0.0002	0.0002	0.0000	0.0000	0.0000	0.0000	0.0552	0.0470	0.0082	0.0018	0.0017	0.0001	0.0534	0.0452	0.0082	0.1891	0.1102	0.0789	0.0175	0.0144	0.0031	0.1717	0.0959	0.0758	367.8197	252.0431	0.0000	13.8563	11.9919	0.0000	inf	inf	0.0000	0.0008	0.0015	0.0000	0.0092	0.0111	0.0000	0.0000	0.0000	0.0000			
65	81	0.1047	3	0	0	0	0	0	0	0	0	N	N	N	N	N	N	N	N	N	N	N	N	9099.3568	8310.9187	1.9901	3.4310	2.8256	inf	10237.6012	9766.9670	1.9303	36.6112	43.1574	0.0049	0.0310	0.0328	0.0002	37.3140	44.0824	0.0049	0.0040	0.0052	0.0025	0.0090	0.0116	0.0000	0.0036	0.0045	0.0026	0.0000	0.3571	-0.4538	-0.0001	2.0015	0.9876	10.0016	0.9833	0.9829	0.9829	0.0000	0.0000	0.0000	0.0000	0.9829	0.9829	0.0000	0.0002	0.0001	0.0001	0.0000	0.0000	0.0000	0.0002	0.0001	0.0000	0.0268	0.0228	0.0041	0.0005	0.0005	0.0000	0.0263	0.0223	0.0040	0.0472	0.0270	0.0203	0.0033	0.0026	0.0007	0.0439	0.0244	0.0195	9099.3568	8310.9187	1.9901	3.4310	2.8256	inf	10237.6012	9766.9670	1.9303	0.0040	0.0052	0.0025	0.0090	0.0116	0.0000	0.0036	0.0045	0.0026
65	82	0.1224	3	1	0	1	0	0	0	0	0	N	N	N	N	N	N	N	N	N	N	N	N	inf	inf	inf	inf	inf	inf	0.0502	0.0592	0.0000	3.4822	3.7480	0.0000	0.0000	0.0000	0.0000	0.0000	0.0000	0.0000	0.0000	0.0000	0.0000	0.0000	0.0000	0.0000	0.0000	-0.0006	0.0000	2.0015	1.0000	10.0016	2.9874	0.0014	0.0014	0.0000	0.0014	0.0014	0.0000	0.0000	0.0000	0.0000	0.0000	0.0000	0.0000	0.0000	0.0000	0.0000	0.0000	0.0000	0.0000	0.0273	0.0231	0.0041	0.0004	0.0004	0.0000	0.0269	0.0228	0.0041	0.0923	0.0534	0.0389	0.0085	0.0071	0.0014	0.0838	0.0463	0.0375	inf	inf	0.0000	inf	inf	0.0000	inf	inf	0.0000	0.0000	0.0000	0.0000	0.0000	0.0000	0.0000	0.0000	0.0000	0.0000				
65	83	0.0941	2	1	0	1	0	0	0	0	0	N	N	N	N	N	N	N	N	N	N	N	N	0.0077	inf	0.0103	0.0079	inf	0.0106	0.0507	0.0000	0.3421	0.0000	0.0000	0.0000	0.0537	0.0000	0.3492	6.6088	0.0000	33.3135	0.0000	0.0000	0.0000	6.8094	0.0000	32.9124	49985.5000	inf	0.0007	0.4601	2.0015	0.9997	10.0016	6.0128	0.0014	0.0000	0.0014	0.0000	0.0000	0.0000	0.0014	0.0000	0.0014	1.0000	0.0000	1.0000	0.0000	0.0000	0.0000	1.0000	0.0000	1.0000	0.0270	0.0230	0.0040	0.0015	0.0014	0.0001	0.0255	0.0216	0.0039	0.1513	0.0881	0.0633	0.0045	0.0035	0.0009	0.1469	0.0845	0.0623	0.0077	inf	0.0216	0.0000	0.0000	0.0000	0.0079	inf	0.0218	6.6088	0.0000	15.8085	0.0000	0.0000	0.0000	6.8094	0.0000	16.0460			
65	85	0.1087	3	0	1	0	0	0	0	0	0	N	N	N	N	N	N	N	N	N	N	N	N	0.0000	0.0000	0.0000	0.0000	0.0000	0.0000	0.0000	0.0000	0.0000	0.0000	0.0000	0.0000	0.0000	0.0000	0.0000	11.2060	9.6990	24.4125	0.0000	0.0000	0.0000	11.7997	10.6585	24.3817	1.0000	0.0000	-0.0799	2.0015	1.0000	10.0016	6.9850	0.0000	0.0000	0.0000	0.0000	0.0000	0.0000	0.0000	0.0000	0.0000	2.0000	1.0000	1.0000	0.0000	0.0000	0.0000	2.0000	1.0000	1.0000	0.0272	0.0231	0.0041	0.0003	0.0003	0.0000	0.0269	0.0228	0.0041	0.1817	0.1031	0.0786	0.0122	0.0093	0.0029	0.1695	0.0938	0.0757	0.0000	0.0000	0.0000	0.0000	0.0000	0.0000	0.0000	0.0000	0.0000	11.0087	9.6990	12.7274	0.0000	0.0000	0.0000	11.7997	10.6585	13.2147				
65	86	0.0960	2	0	0	0	0	0	0	0	0	N	N	N	N	N	N	N	N	N	N	N	N	525.5718	348.1552	2262.8525	1805.2503	0.1516	0.1786	0.0000	9.8508	10.2812	0.0000	0.0000	0.0000	0.0000	0.0003	0.0005	0.0000	0.0044	0.0057	0.0000	0.0000	0.0000	0.0000	0.0000	0.0000	-0.0019	-0.0000	2.0015	1.0086	10.0016	2.0000	0.0042	0.0042	0.0000	0.0042	0.0042	0.0000	0.0000	0.0000	0.0000	0.0000	0.0000	0.0000	0.0000	0.0000	0.0000	0.0000	0.0000	0.0000	0.0278	0.0236	0.0042	0.0004	0.0004	0.0000	0.0273	0.0232	0.0042	0.0716	0.0403	0.0313	0.0047	0.0036	0.0011	0.0669	0.0366	0.0302	525.5718	348.1552	0.0000	2262.8525	1805.2503	0.0000	0.0000	0.0000	0.0000	0.0003	0.0005	0.0000	0.0044	0.0057	0.0000	0.0000	0.0000	0.0000					
65	87	0.0941	2	0	1	0	0	0	0	0	0	N	N	N	N	N	N	N	N	N	N	N	N	0.0033	0.0000	inf	0.0034	0.0000	inf	0.0142	0.0000	0.0966	0.0000	0.0000	0.0000	0.0150	0.0000	0.0987	4.3375	7.5033	0.0000	0.0000	0.0000	0.0000	4.4711	7.7654	0.0000	inf	0.0000	0.0008	-0.5399	2.0015	4.0000	10.0016	7.0000	0.0015	0.0000	0.0015	0.0000	0.0000	0.0000	0.0015	0.0000	0.0015	1.0000	1.0000	0.0000	0.0000	0.0000	0.0000	1.0000	1.0000	0.0000	0.1051	0.0897	0.0154	0.0058	0.0055	0.0003	0.0993	0.0842	0.0151	0.2305	0.1342	0.0963	0.0069	0.0054	0.0014	0.2237	0.1288	0.0949	0.0033	0.0000	inf	0.0000	0.0000	0.0000	0.0034	0.0000	inf	4.3375	7.4508	0.0000	0.0000	0.0000	0.0000	4.4711	7.7654	0.0000			
65	89	0.1133	4	0	1	0	0	0	0	0	0	N	N	N	N	N	N	N	N	N	N	N	N	0.0000	0.0000	0.0000	0.0000	0.0000	0.0000	0.0000	0.0000	0.0000	0.0000	0.0000	0.0000	0.0000	0.0000	0.0000	4.7863	8.3341	0.0000	0.0210	0.0277	0.0000	5.3320	9.6411	0.0000	0.0000	0.0000	-0.5385	2.0015	0.0157	10.0016	9.0253	0.0000	0.0000	0.0000	0.0000	0.0000	0.0000	0.0000	0.0000	0.0000	0.9973	0.9973	0.0000	0.0004	0.0004	0.0000	0.9969	0.9969	0.0000	0.0015	0.0013	0.0002	0.0005	0.0005	0.0000	0.0010	0.0008	0.0002	0.2084	0.1197	0.0887	0.0214	0.0163	0.0051	0.1870	0.1034	0.0836	0.0000	0.0000	0.0000	0.0000	0.0000	0.0000	0.0000	0.0000	0.0000	4.7863	8.3341	0.0000	0.0210	0.0277	0.0000	5.3320	9.6411	0.0000				
65	90	0.1047	3	0	1	0	0	0	0	0	0	N	N	N	N	N	N	N	N	N	N	N	N	16.2901	11.7671	0.0000	1351.0751	1068.5444	0.0000	5.8123	4.1249	0.0000	1.0555	1.2378	0.0000	11.9464	12.1497	0.0000	0.4011	0.4748	0.0000	0.0648	0.1052	0.0111	0.0088	0.0114	0.0000	0.0690	0.1151	0.0115	0.0000	0.0793	-0.0002	-0.0015	2.0015	0.0169	10.0016	2.0013	0.0005	0.0005	0.0000	0.0003	0.0003	0.0000	0.0002	0.0002	0.0000	0.0031	0.0029	0.0002	0.0000	0.0000	0.0000	0.0031	0.0029	0.0002	0.0005	0.0004	0.0001	0.0000	0.0000	0.0000	0.0005	0.0004	0.0001	0.0483	0.0276	0.0207	0.0034	0.0026	0.0008	0.0449	0.0249	0.0200	16.2901	11.7671	0.0000	1351.0751	1068.5444	0.0000	5.8123	4.1249	0.0000	0.0648	0.1052	0.0111	0.0088	0.0114	0.0000	0.0690	0.1151	0.0115
65	91	0.0960	2	0	0	0	0	0	0	0	0	N	N	N	N	N	N	N	N	N	N	N	N	17965.8328	11912.1848	5.1947	4.2771	28554.7703	18405.6690	18.4366	21.7178	0.0000	0.0309	0.0325	0.0000	18.6699	22.0252	0.0000	0.0010	0.0018	0.0000	0.0059	0.0076	0.0000	0.0007	0.0012	0.0000	0.0000	0.0000	-0.4599	-0.0000	2.0015	1.9923	10.0016	0.0454	0.9960	0.9960	0.0000	0.0000	0.0000	0.0000	0.9959	0.9959	0.0000	0.0001	0.0001	0.0000	0.0000	0.0000	0.0000	0.0000	0.0000	0.0000	0.0540	0.0459	0.0082	0.0007	0.0006	0.0000	0.0533	0.0452	0.0081	0.0494	0.0278	0.0216	0.0035	0.0027	0.0008	0.0459	0.0251	0.0208	17965.8328	11912.1848	0.0000	5.1947	4.2771	0.0000	28554.7703	18405.6690	0.0000	0.0010	0.0018	0.0000	0.0059	0.0076	0.0000	0.0007	0.0012	0.0000			
65	93	0.1490	6	1	1	0	1	0	0	0	0	N	N	N	N	N	N	N	N	N	N	N	N	0.0000	0.0000	0.0000	0.0000	0.0000	0.0000	0.0000	0.0000	0.0000	0.0000	0.0000	0.0000	0.0000	0.0000	0.0000	0.0000	0.0000	0.0000	0.0000	0.0000	2.0015	0.0000	10.0016	0.0000	0.0000	0.0000	0.0000	0.0000	0.0000	0.0000	0.0000	0.0000	0.0000	0.0000	0.0000	0.0000	0.0000	0.0000	0.0000	0.0000	0.0000	0.0000	0.0000	0.0000	0.0000	0.0000	0.0000	0.0000	0.0000	0.0000	0.0000	0.0000	0.0000	0.0000	0.0000	0.0000	0.0000	0.0000	0.0000	0.0000	0.0000	0.0000	0.0000	0.0000	0.0000	0.0000	0.0000	0.0000	0.0000	0.0000	0.0000	0.0000	0.0000	0.0000	0.0000	0.0000	0.0000	0.0000											
65	94	0.1490	5	1	1	0	1	0	0	0	0	N	N	N	N	N	N	N	N	N	N	N	N	0.0000	0.0000	0.0000	0.0000	0.0000	0.0000	0.0000	0.0000	0.0000	0.0000	0.0000	0.0000	0.0000	0.0000	0.0000	0.0000	0.0000	0.0000	0.0000	0.0000	2.0015	0.0000	10.0016	0.0001	0.0000	0.0000	0.0000	0.0000	0.0000	0.0000	0.0000	0.0000	0.0000	0.0000	0.0000	0.0000	0.0000	0.0000	0.0000	0.0000	0.0000	0.0000	0.0000	0.0000	0.0000	0.0000	0.0000	0.0000	0.0000	0.0000	0.0000	0.0000	0.0000	0.0000	0.0000	0.0000	0.0000	0.0000	0.0000	0.0000	0.0000	0.0000	0.0000	0.0000	0.0000	0.0000	0.0000	0.0000	0.0000	0.0000	0.0000	0.0000	0.0000	0.0000	0.0000	0.0000	0.0000	0.0000											
65	95	0.1310	4	0	1	0	1	0	0	0	0	N	N	N	N	N	N	N	N	N	N	N	N	1.5826	1.0874	0.2515	0.2191	0.0470	0.0552	0.0000	0.7493	0.7737	0.0000	0.0000	0.0000	0.0000	0.0297	0.0508	0.0000	2.9797	3.5317	0.0000	0.0000	0.0000	0.0000	0.0000	0.0000	-0.0006	-0.0008	2.0015	0.9845	10.0016	0.9903	0.0013	0.0013	0.0000	0.0013	0.0013	0.0000	0.0000	0.0000	0.0000	0.0015	0.0015	0.0000	0.0015	0.0015	0.0000	0.0000	0.0000	0.0000	0.0287	0.0244	0.0043	0.0018	0.0017	0.0001	0.0269	0.0227	0.0042	0.0499	0.0292	0.0207	0.0035	0.0032	0.0003	0.0463	0.0259	0.0204	1.5826	1.0874	0.0000	1.7834	1.6946	0.0000	0.0000	0.0000	0.0000	0.0297	0.0508	0.0000	0.4201	0.4566	0.0000	0.0000	0.0000	0.0000					
65	96	0.1282	4	0	1	0	0	0	0	0	0	N	N	N	N	N	N	N	N	N	N	N	N	0.0546	0.0000	inf	0.0000	0.0000	inf	inf	0.0000	0.0000	0.0000	0.0000	0.0000	0.0000	0.0000	0.0000	0.0000	0.0001	0.0002	0.0000	0.0004	0.0005	0.0000	0.0000	0.0000	0.0000	inf	0.0000	0.0000	-0.0000	2.0015	1.0063	10.0016	3.7812	0.0000	0.0000	0.0000	0.0000	0.0000	0.0000	0.0000	0.0000	0.0000	0.0000	0.0000	0.0000	0.0000	0.0000	0.0000	0.0000	0.0000	0.0000	0.0284	0.0241	0.0043	0.0006	0.0006	0.0000	0.0277	0.0235	0.0043	0.1740	0.1100	0.0640	0.0447	0.0393	0.0054	0.1293	0.0707	0.0586	0.0546	0.0000	inf	0.0000	0.0000	0.0000	inf	0.0000	inf	0.0001	0.0002	0.0000	0.0004	0.0005	0.0000	0.0000	0.0000	0.0000		
65	97	0.1310	4	0	0	1	1	0	0	0	0	N	N	N	N	N	N	N	N	N	N	N	N	0.0274	0.0000	inf	0.0000	0.0000	inf	inf	0.0008	0.0000	0.0053	0.0000	0.0000	0.0000	0.0008	0.0000	0.0054	0.0290	0.0495	0.0000	2.9288	3.4766	0.0000	0.0000	0.0000	0.0000	inf	0.0000	0.0000	-0.0008	2.0015	1.0165	10.0016	1.0129	0.0000	0.0000	0.0000	0.0000	0.0000	0.0000	0.0000	0.0000	0.0000	0.0015	0.0015	0.0000	0.0015	0.0015	0.0000	0.0000	0.0000	0.0000	0.0295	0.0251	0.0044	0.0018	0.0018	0.0001	0.0277	0.0234	0.0043	0.0511	0.0299	0.0212	0.0036	0.0033	0.0003	0.0475	0.0266	0.0209	0.0274	0.0000	inf	0.0000	0.0000	0.0000	inf	0.0000	inf	0.0290	0.0495	0.0000	0.4149	0.4515	0.0000	0.0000	0.0000	0.0000		
65	98	0.1181	3	0	0	0	1	0	0	0	0	N	N	N	N	N	N	N	N	N	N	N	N	0.0000	0.0000	3.2756	0.0000	0.0000	0.0000	inf	inf	0.0006	0.0005	0.0010	0.0152	0.0160	0.0000	0.0002	0.0000	0.0011	13.9221	23.7421	0.0003	867.3263	910.1991	0.0090	0.0000	0.0000	0.0000	0.3832	0.0000	-0.0000	-0.5391	2.0015	2.0241	10.0016	1.0265	0.0000	0.0000	0.0000	0.0000	0.0000	0.0000	0.0000	0.0000	0.0000	0.9985	0.9985	0.0000	0.9985	0.9985	0.0000	0.0000	0.0000	0.0000	0.0567	0.0482	0.0085	0.0015	0.0015	0.0001	0.0552	0.0468	0.0084	0.0733	0.0421	0.0312	0.0057	0.0046	0.0011	0.0676	0.0375	0.0301	0.0000	0.0000	3.2756	0.0001	0.0001	0.0000	inf	0.0000	inf	13.6306	23.7421	0.0003	175.0340	217.3936	0.0090	0.0000	0.0000	0.0000	
65	99	0.1181	3	0	0	1	1	0	0	0	0	N	N	N	N	N	N	N	N	N	N	N	N	inf	inf	inf	inf	0.0001	0.0000	0.0007	0.0000	0.0000	0.0000	0.0001	0.0000	0.0007	0.0000	0.0000	0.0000	0.0000	0.0000	0.0000	0.0000	0.0000	0.0000	inf	0.0000	0.0000	2.0015	3.0066	10.0016	0.0000	0.0000	0.0000	0.0000	0.0000	0.0000	0.0000	0.0000	0.0000	0.0000	0.0000	0.0000	0.0000	0.0000	0.0000	0.0000	0.0000	0.0000	0.0000	0.0832	0.0707	0.0124	0.0021	0.0020	0.0001	0.0811	0.0687	0.0123	0.0722	0.0415	0.0308	0.0056	0.0045	0.0011	0.0666	0.0369	0.0297	inf	0.0000	inf	0.0000	0.0000	0.0000	inf	0.0000	inf	0.0000	0.0000	0.0000	0.0000	0.0000	0.0000	0.0000	0.0000	0.0000						
65	100	0.1438	3	0	0	1	1	0	0	0	0	N	N	N	N	N	N	N	N	N	N	N	N	0.0000	0.0000	0.0000	0.0000	0.0000	0.0000	0.0000	0.0000	0.0000	0.0000	0.0000	0.0000	0.0000	0.0000	0.0000	0.0000	0.0000	0.0000	0.0000	0.0000	2.0015	0.0000	10.0016	2.0000	0.0000	0.0000	0.0000	0.0000	0.0000	0.0000	0.0000	0.0000	0.0000	0.0000	0.0000	0.0000	0.0000	0.0000	0.0000	0.0000	0.0000	0.0000	0.0000	0.0000	0.0000	0.0000	0.0000	0.0000	0.0000	0.0000	0.0000	0.0467	0.0264	0.0203	0.0038	0.0030	0.0008	0.0430	0.0234	0.0195	0.0000	0.0000	0.0000	0.0000	0.0000	0.0000	0.0000	0.0000	0.0000	0.0000	0.0000	0.0000	0.0000	0.0000	0.0000	0.0000	0.0000	0.0000											
65	101	0.1048	2	0	0	1	1	0	0	0	0	N	N	N	N	N	N	N	N	N	N	N	N	0.0003	0.0000	165.5813	0.0000	0.0000	0.0000	0.0003	0.0000	332.5631	0.0000	0.0000	0.0001	0.0000	0.0000	0.0000	0.0000	0.0000	0.0001	0.0289	0.0500	0.0000	0.0178	0.0207	0.0000	0.0300	0.0548	0.0000	inf	0.0000	0.0000	-0.0035	2.0015	5.8899	10.0016	3.1847	0.0000	0.0000	0.0000	0.0000	0.0000	0.0000	0.0000	0.0000	0.0000	0.0064	0.0064	0.0000	0.0004	0.0004	0.0000	0.0060	0.0060	0.0000	0.1633	0.1391	0.0242	0.0072	0.0066	0.0006	0.1561	0.1325	0.0236	0.2218	0.1281	0.0937	0.0207	0.0178	0.0029	0.2011	0.1103	0.0908	0.0003	0.0000	165.5813	0.0000	0.0000	0.0000	0.0003	0.0000	332.5631	0.0289	0.0500	0.0000	0.0178	0.0207	0.0000	0.0300	0.0548	0.0000
65	102	0.1516	2	1	1	0	0	0	0	0	0	N	N	N	N	N	N	N	N	N	N	N	N	0.0000	0.0000	0.0000	0.0000	0.0000	0.0000	0.0000	0.0000	0.0000	0.0000	0.0000	0.0000	0.0000	0.0000	0.0000	0.0000	0.0000	0.0000	0.0000	0.0000	2.0015	0.0000	10.0016	0.0000	0.0000	0.0000	0.0000	0.0000	0.0000	0.0000	0.0000	0.0000	0.0000	0.0000	0.0000	0.0000	0.0000	0.0000	0.0000	0.0000	0.0000	0.0000	0.0000	0.0000	0.0000	0.0000	0.0000	0.0000	0.0000	0.0000	0.0000	0.0000	0.0000	0.0000	0.0000	0.0000	0.0000	0.0000	0.0000	0.0000	0.0000	0.0000	0.0000	0.0000	0.0000	0.0000	0.0000	0.0000	0.0000	0.0000	0.0000	0.0000	0.0000	0.0000	0.0000	0.0000	0.0000	0.0000											
65	104	0.1152	2	0	1	0	0	0	0	0	0	N	N	N	N	N	N	N	N	N	N	N	N	0.0000	0.0015	0.0000	0.0074	0.0182	0.0000	0.0000	0.0000	0.0000	0.0000	0.0000	0.0001	0.0001	0.0000	0.0000	0.0000	0.0000	0.0239	0.0009	0.0557	0.0091	0.0040	0.0259	0.0272	0.0000	0.0590	0.0000	42.8191	-0.0000	0.0008	2.0015	2.0010	10.0016	1.0153	0.0000	0.0000	0.0000	0.0000	0.0000	0.0000	0.0000	0.0000	0.0000	0.0018	0.0000	0.0017	0.0001	0.0000	0.0001	0.0017	0.0000	0.0017	0.0539	0.0458	0.0081	0.0009	0.0009	0.0001	0.0530	0.0449	0.0081	0.0744	0.0431	0.0312	0.0133	0.0102	0.0031	0.0611	0.0329	0.0282	0.0000	0.0015	0.0000	0.0074	0.0182	0.0000	0.0000	0.0000	0.0000	0.0239	0.0009	0.0557	0.0091	0.0040	0.0259	0.0272	0.0000	0.0590	
65	106	0.1532	6	1	1	0	0	0	0	0	0	N	N	N	N	N	N	N	N	N	N	N	N	0.0000	0.0000	0.0000	0.0000	0.0000	0.0000	0.0000	0.0000	0.0000	0.0000	0.0000	0.0000	0.0000	0.0000	0.0000	0.0000	0.0000	0.0000	0.0000	0.0000	2.0015	1.0000	10.0016	1.0000	0.0000	0.0000	0.0000	0.0000	0.0000	0.0000	0.0000	0.0000	0.0000	0.0000	0.0000	0.0000	0.0000	0.0000	0.0000	0.0000	0.0000	0.0000	0.0280	0.0238	0.0042	0.0005	0.0005	0.0000	0.0275	0.0233	0.0042	0.0498	0.0303	0.0195	0.0131	0.0105	0.0026	0.0368	0.0198	0.0170	0.0000	0.0000	0.0000	0.0000	0.0000	0.0000	0.0000	0.0000	0.0000	0.0000	0.0000	0.0000	0.0000	0.0000	0.0000	0.0000	0.0000	0.0000											
65	107	0.1490	5	1	1	0	0	0	0	0	0	N	N	N	N	N	N	N	N	N	N	N	N	0.0000	0.0000	0.0000	0.0000	0.0000	0.0000	0.0000	0.0000	0.0000	0.0000	0.0000	0.0000	0.0000	0.0000	0.0000	0.0000	0.0000	0.0000	0.0000	0.0000	2.0015	0.0000	10.0016	0.9999	0.0000	0.0000	0.0000	0.0000	0.0000	0.0000	0.0000	0.0000	0.0000	0.0000	0.0000	0.0000	0.0000	0.0000	0.0000	0.0000	0.0000	0.0000	0.0000	0.0000	0.0000	0.0000	0.0000	0.0000	0.0000	0.0000	0.0000	0.0250	0.0148	0.0101	0.0051	0.0040	0.0010	0.0199	0.0108	0.0091	0.0000	0.0000	0.0000	0.0000	0.0000	0.0000	0.0000	0.0000	0.0000	0.0000	0.0000	0.0000	0.0000	0.0000	0.0000	0.0000	0.0000	0.0000											
65	108	0.1282	4	1	1	0	0	0	0	0	0	N	N	N	N	N	N	N	N	N	N	N	N	3.0002	0.0000	inf	0.0000	0.0000	inf	inf	0.0003	0.0000	0.0024	0.0000	0.0000	0.0000	0.0004	0.0000	0.0024	0.0001	0.0002	0.0000	0.0004	0.0005	0.0000	0.0000	0.0000	0.0000	inf	0.0000	0.0000	-0.0000	2.0015	0.0100	10.0016	4.8896	0.0000	0.0000	0.0000	0.0000	0.0000	0.0000	0.0000	0.0000	0.0000	0.0000	0.0000	0.0000	0.0000	0.0000	0.0000	0.0000	0.0000	0.0000	0.0005	0.0004	0.0001	0.0001	0.0001	0.0000	0.0004	0.0003	0.0001	0.1764	0.1114	0.0651	0.0449	0.0394	0.0055	0.1316	0.0720	0.0596	3.0002	0.0000	inf	0.0000	0.0000	0.0000	inf	0.0000	inf	0.0001	0.0002	0.0000	0.0004	0.0005	0.0000	0.0000	0.0000	0.0000		
65	109	0.1181	3	0	1	0	0	0	0	0	0	N	N	N	N	N	N	N	N	N	N	N	N	0.9353	0.0241	5.2083	inf	inf	0.8747	0.0000	5.0665	0.0003	0.0000	0.0021	0.0002	0.0002	0.0000	0.0003	0.0000	0.0021	0.0003	0.0003	0.0004	0.0000	0.0000	0.0000	0.0004	0.0003	0.0004	51.3337	1.0000	0.0000	-0.0000	2.0015	1.0007	10.0016	1.4004	0.0000	0.0000	0.0000	0.0000	0.0000	0.0000	0.0000	0.0000	0.0000	0.0000	0.0000	0.0000	0.0000	0.0000	0.0000	0.0000	0.0000	0.0000	0.0287	0.0244	0.0043	0.0009	0.0009	0.0000	0.0277	0.0235	0.0043	0.0580	0.0333	0.0247	0.0045	0.0036	0.0009	0.0534	0.0296	0.0238	0.9353	0.0241	5.2083	inf	inf	0.0000	0.8747	0.0000	5.0665	0.0003	0.0003	0.0004	0.0000	0.0000	0.0000	0.0004	0.0003	0.0004	
65	110	0.1048	2	0	0	0	0	0	0	0	0	N	N	N	N	N	N	N	N	N	N	N	N	0.0097	0.0059	706.5519	0.0612	0.0622	0.0000	0.0016	0.0000	1745.0166	0.0007	0.0007	0.0006	0.0020	0.0023	0.0000	0.0001	0.0000	0.0007	0.0710	0.1207	0.0000	0.0330	0.0362	0.0000	0.0770	0.1434	0.0000	0.1455	0.0000	-0.0000	-0.0035	2.0015	0.3039	10.0016	2.8719	0.0000	0.0000	0.0000	0.0000	0.0000	0.0000	0.0000	0.0000	0.0000	0.0065	0.0065	0.0000	0.0004	0.0004	0.0000	0.0060	0.0060	0.0000	0.0151	0.0128	0.0022	0.0045	0.0040	0.0005	0.0106	0.0088	0.0018	0.0909	0.0534	0.0374	0.0124	0.0113	0.0011	0.0785	0.0421	0.0363	0.0097	0.0059	706.5519	0.0612	0.0622	0.0000	0.0016	0.0000	1745.0166	0.0710	0.1207	0.0000	0.0330	0.0362	0.0000	0.0770	0.1434	0.0000
65	115	0.2449	4	0	0	0	0	0	0	0	0	N	N	N	N	N	N	N	N	N	N	N	N	0.0044	0.0057	0.0000	0.4484	0.3514	0.0006	0.0000	0.0000	0.0000	0.0099	0.0114	0.0000	0.0804	0.0827	0.0000	0.0000	0.0000	0.0000	2.2272	2.0009	4.1777	0.1793	0.2352	0.0110	3.1009	1.7971	6.0764	0.0000	1.7589	-0.0012	0.1517	2.0015	8.9918	10.0016	13.3277	0.0027	0.0027	0.0000	0.0027	0.0027	0.0000	0.0000	0.0000	0.0000	1.5543	0.5634	0.9909	0.0434	0.0428	0.0006	1.5109	0.5206	0.9904	0.2689	0.2328	0.0361	0.0331	0.0322	0.0009	0.2358	0.2006	0.0352	0.8778	0.6291	0.2486	0.3905	0.3395	0.0511	0.4873	0.2897	0.1976	0.0056	0.0128	0.0000	0.7243	0.6557	0.0006	0.0000	0.0000	0.0000	1.7707	0.8955	3.9856	0.1110	0.1261	0.0110	3.1009	1.7971	5.0127
67	68	0.3141	7	1	1	1	0	0	0	0	0	N	N	N	N	N	N	N	N	N	N	N	N	0.0000	0.0000	0.0000	0.0000	0.0000	0.0000	0.0000	0.0000	0.0000	0.0000	0.0000	0.0000	0.0000	0.0000	0.0000	0.0000	0.0000	0.0000	0.0000	0.0000	4.8614	0.0000	14.2102	0.0000	0.0000	0.0000	0.0000	0.0000	0.0000	0.0000	0.0000	0.0000	0.0000	0.0000	0.0000	0.0000	0.0000	0.0000	0.0000	0.0000	0.0000	0.0000	0.0000	0.0000	0.0000	0.0000	0.0000	0.0000	0.0000	0.0000	0.0000	0.0000	0.0000	0.0000	0.0000	0.0000	0.0000	0.0000	0.0000	0.0000	0.0000	0.0000	0.0000	0.0000	0.0000	0.0000	0.0000	0.0000	0.0000	0.0000	0.0000	0.0000	0.0000	0.0000	0.0000	0.0000	0.0000	0.0000											
67	69	0.3100	6	1	0	1	0	0	0	0	0	N	N	N	N	N	N	N	N	N	N	N	N	1.5799	4.5313	0.0045	5.3385	4.7304	2.3952	0.0024	0.0000	0.0027	0.0550	0.0672	0.0004	0.1333	0.1337	0.0098	0.0001	0.0000	0.0003	0.0348	0.0148	0.0888	0.0250	0.0283	0.0041	0.0420	0.0000	0.1190	0.0013	2.3777	-0.0000	0.0003	4.8614	0.0016	14.2102	0.9826	0.0000	0.0000	0.0000	0.0000	0.0000	0.0000	0.0000	0.0000	0.0000	0.0021	0.0006	0.0015	0.0006	0.0006	0.0000	0.0015	0.0000	0.0015	0.0005	0.0004	0.0001	0.0002	0.0002	0.0000	0.0003	0.0002	0.0001	0.0610	0.0424	0.0186	0.0257	0.0222	0.0035	0.0352	0.0202	0.0151	1.5799	4.5313	0.0050	5.3385	4.7304	2.3952	0.0024	0.0000	0.0033	0.0348	0.0148	0.0802	0.0250	0.0283	0.0041	0.0420	0.0000	0.0980
67	70	0.2973	5	1	0	1	0	0	0	0	0	N	N	N	N	N	N	N	N	N	N	N	N	0.0044	0.1579	0.0088	0.0492	0.1226	0.1891	0.0068	0.0000	0.0085	0.0233	0.0007	0.3222	0.0015	0.0011	0.0336	0.0617	0.0000	0.3622	5.2497	0.0047	36.7760	0.0311	0.0089	0.1778	9.0060	0.0002	42.8441	32.9070	1586.5142	0.0000	0.4499	4.8614	0.0061	14.2102	3.0249	0.0000	0.0000	0.0000	0.0000	0.0000	0.0000	0.0000	0.0000	0.0000	0.9793	0.0006	0.9787	0.0024	0.0006	0.0018	0.9769	0.0000	0.9769	0.0014	0.0013	0.0001	0.0009	0.0009	0.0000	0.0005	0.0004	0.0001	0.1865	0.1315	0.0550	0.0781	0.0678	0.0103	0.1085	0.0637	0.0448	0.0044	0.1579	0.0181	0.0492	0.1226	0.1891	0.0068	0.0000	0.0166	5.2497	0.0047	17.7850	0.0311	0.0089	0.1778	9.0060	0.0002	21.8219
67	71	0.2803	4	1	0	1	0	0	0	0	0	N	N	N	N	N	N	N	N	N	N	N	N	0.1781	0.1853	0.0723	0.2129	0.1684	1.3351	0.0290	0.2724	0.0538	0.0172	0.0188	0.0067	0.1201	0.1246	0.0011	0.0012	0.0002	0.0069	0.0963	0.1014	0.0924	0.5639	0.7399	0.0008	0.0414	0.0007	0.1282	0.0558	0.3549	-0.0000	-0.0062	4.8614	0.0044	14.2102	4.0281	0.0000	0.0000	0.0000	0.0000	0.0000	0.0000	0.0000	0.0000	0.0000	0.0222	0.0164	0.0058	0.0163	0.0163	0.0000	0.0059	0.0001	0.0058	0.0003	0.0003	0.0000	0.0000	0.0000	0.0000	0.0003	0.0002	0.0000	0.2306	0.1617	0.0690	0.0888	0.0765	0.0123	0.1418	0.0851	0.0567	0.1781	0.1853	0.0792	0.6525	0.5838	1.3351	0.0290	0.2724	0.0673	0.0963	0.1014	0.0844	0.1840	0.2135	0.0008	0.0414	0.0007	0.1025
67	72	0.2384	3	0	1	0	0	0	0	0	0	N	N	N	N	N	N	N	N	N	N	N	N	0.0973	2.2185	0.0000	73.8677	173.5842	0.0000	0.0000	0.0004	0.0000	0.1724	0.1997	0.0000	1.9769	2.0334	0.0000	0.0001	0.0001	0.0000	1.7724	0.0900	3.9762	0.0268	0.0117	0.1238	1.8485	0.1569	4.3323	0.0000	18.0588	-0.0333	0.4456	4.8614	5.9987	14.2102	11.0016	0.0722	0.0722	0.0000	0.0722	0.0722	0.0000	0.0000	0.0000	0.0000	1.0932	0.0574	1.0359	0.0091	0.0034	0.0056	1.0842	0.0539	1.0302	0.4186	0.3615	0.0571	0.0365	0.0355	0.0010	0.3821	0.3260	0.0561	0.9258	0.6374	0.2885	0.3393	0.2938	0.0456	0.5865	0.3436	0.2429	0.1460	2.2185	0.0000	73.8677	173.5842	0.0000	0.0000	0.0004	0.0000	1.1808	0.0900	3.5910	0.0268	0.0117	0.1238	1.8485	0.1569	4.2415
67	73	0.2803	4	1	0	1	0	0	0	0	0	N	N	N	N	N	N	N	N	N	N	N	N	0.0796	0.1734	0.1180	0.2937	0.5501	1.0695	0.0564	0.0946	0.2050	0.0001	1.5206	0.0095	0.0005	0.2435	0.2353	0.0000	1.5693	2.5749	0.0005	12.8870	0.0324	0.0010	0.2276	4.1691	0.0000	16.5920	2887.0000	7765.4615	0.0155	0.4644	4.8614	2.0000	14.2102	5.0000	0.0289	0.0000	0.0289	0.0002	0.0000	0.0002	0.0287	0.0000	0.0287	1.0096	0.0001	1.0095	0.0049	0.0001	0.0048	1.0047	0.0000	1.0047	0.1409	0.1219	0.0190	0.0189	0.0182	0.0007	0.1220	0.1037	0.0183	0.3921	0.2748	0.1173	0.1511	0.1302	0.0210	0.2410	0.1447	0.0963	0.0796	0.1734	0.1766	0.2937	0.5501	1.0695	0.0564	0.0000	0.1504	2.5749	0.0005	8.6083	0.0324	0.0010	0.2276	4.1691	0.0000	10.4317	
67	74	0.2209	3	0	1	0	0	0	0	0	0	N	N	N	N	N	N	N	N	N	N	N	N	0.0795	0.4531	0.0045	0.1970	0.2152	0.0020	0.0147	125.1161	0.0046	0.1480	0.1733	0.0177	0.8198	0.8952	0.0014	0.0266	0.0282	0.0191	1.8625	0.3824	3.9727	4.1610	4.1598	0.7291	1.8043	0.0002	4.1816	0.0198	7.1342	-0.0321	0.5149	4.8614	6.1274	14.2102	13.6208	0.0725	0.0711	0.0014	0.0615	0.0615	0.0000	0.0110	0.0096	0.0014	1.5272	0.1878	1.3395	0.2134	0.1877	0.0257	1.3139	0.0001	1.3138	0.4900	0.4105	0.0795	0.0750	0.0687	0.0063	0.4150	0.3418	0.0732	1.1760	0.7982	0.3778	0.4478	0.3909	0.0569	0.7282	0.4073	0.3209	0.1140	0.7366	0.0050	1.7207	1.8647	0.0032	0.0147	125.1161	0.0047	1.2987	0.2352	3.5453	0.4764	0.4801	0.4516	1.8043	0.0002	4.0941
67	75	0.2455	6	0	0	1	0	0	0	0	0	N	N	N	N	N	N	N	N	N	N	N	N	0.0000	0.0000	0.0000	0.0000	0.0000	0.0000	0.0000	0.0000	0.0000	0.0000	0.0000	0.0000	0.0000	0.0000	0.0000	0.0000	0.0000	0.0961	0.1383	0.0002	1.4358	1.7681	0.0000	0.0001	0.0000	0.0002	0.0005	0.0000	-0.0032	4.8614	0.0000	14.2102	1.0003	0.0000	0.0000	0.0000	0.0000	0.0000	0.0000	0.0000	0.0000	0.0000	0.0059	0.0059	0.0000	0.0059	0.0059	0.0000	0.0000	0.0000	0.0000	0.0000	0.0000	0.0000	0.0000	0.0000	0.0000	0.0000	0.0000	0.0000	0.0615	0.0427	0.0188	0.0232	0.0199	0.0033	0.0383	0.0228	0.0154	0.0000	0.0000	0.0000	0.0000	0.0000	0.0000	0.0000	0.0000	0.0000	0.0961	0.1383	0.0002	0.2544	0.2969	0.0000	0.0001	0.0000	0.0002		
67	76	0.2413	5	0	0	1	0	0	0	0	0	N	N	N	N	N	N	N	N	N	N	N	N	0.0000	0.0000	0.0000	0.0000	0.0000	0.0000	0.0000	0.0000	0.0000	0.0000	0.0000	0.0000	0.0000	0.0000	0.0000	0.0000	0.0000	0.0000	0.0109	0.0151	0.0012	0.0282	0.0328	0.0006	0.0006	0.0000	0.0014	0.0360	0.0000	-0.0003	4.8614	0.0000	14.2102	1.0076	0.0000	0.0000	0.0000	0.0000	0.0000	0.0000	0.0000	0.0000	0.0000	0.0007	0.0006	0.0000	0.0006	0.0006	0.0000	0.0000	0.0000	0.0000	0.0000	0.0000	0.0000	0.0000	0.0000	0.0000	0.0000	0.0000	0.0000	0.0617	0.0428	0.0188	0.0230	0.0197	0.0033	0.0387	0.0231	0.0156	0.0000	0.0000	0.0000	0.0000	0.0000	0.0000	0.0000	0.0000	0.0000	0.0109	0.0151	0.0012	0.0282	0.0328	0.0006	0.0006	0.0000	0.0014	
67	77	0.2373	4	0	0	0	0	0	0	0	0	N	N	N	N	N	N	N	N	N	N	N	N	1.4135	0.8353	0.3098	0.0541	0.0446	4.0527	214.4309	13321.4610	0.0000	0.1879	0.2274	0.0008	0.1301	0.1346	0.0092	0.2288	0.3145	0.0000	0.1329	0.2723	0.0025	2.4064	3.0159	0.0023	0.0011	0.0000	0.0026	0.0007	0.0059	-0.0001	-0.0043	4.8614	0.0026	14.2102	0.9924	0.0001	0.0001	0.0000	0.0000	0.0000	0.0000	0.0001	0.0001	0.0000	0.0081	0.0081	0.0000	0.0081	0.0081	0.0000	0.0000	0.0000	0.0000	0.0007	0.0006	0.0001	0.0003	0.0003	0.0000	0.0004	0.0003	0.0001	0.0611	0.0423	0.0187	0.0228	0.0196	0.0032	0.0383	0.0228	0.0155	1.4135	1.1927	0.3098	0.3671	0.3265	4.0527	214.4309	13321.4610	0.0000	0.1329	0.1907	0.0025	0.3543	0.4122	0.0023	0.0011	0.0000	0.0026
67	78	0.2209	3	0	0	0	0	0	0	0	0	N	N	N	N	N	N	N	N	N	N	N	N	27.9525	20.3112	0.0010	1.6769	1.7548	0.0001	335.1331	14591.4053	0.0013	3.2047	3.9348	0.0000	2.5135	2.8021	0.0000	3.3870	4.2729	0.0000	0.1146	0.1937	0.0220	1.4989	1.5968	0.0385	0.0101	0.0003	0.0199	0.0000	0.0686	-0.4029	-0.0210	4.8614	2.8733	14.2102	1.5522	0.8725	0.8725	0.0000	0.1428	0.1428	0.0000	0.7297	0.7297	0.0000	0.0442	0.0414	0.0028	0.0419	0.0413	0.0006	0.0023	0.0000	0.0023	0.2723	0.2217	0.0505	0.0568	0.0510	0.0059	0.2154	0.1708	0.0447	0.3856	0.2569	0.1287	0.1583	0.1434	0.0148	0.2274	0.1135	0.1139	27.9525	24.4323	0.0010	9.4901	9.7199	0.0001	335.1331	14591.4053	0.0013	0.1146	0.1610	0.0220	0.2649	0.2883	0.0385	0.0101	0.0003	0.0199
67	79	0.2088	2	0	0	0	0	0	0	0	0	N	N	N	N	N	N	N	N	N	N	N	N	3.9411	4.8991	0.0752	0.5443	0.5364	0.1123	10.2608	389.6975	0.0913	1.7987	2.5742	0.0309	1.8312	2.1485	0.0053	1.7681	3.1973	0.0387	0.4564	0.5254	0.4106	3.3641	4.0059	0.0474	0.1723	0.0082	0.4245	0.0053	0.5203	-0.0593	-0.0232	4.8614	0.2102	14.2102	3.4985	0.1299	0.1293	0.0007	0.0641	0.0641	0.0000	0.0658	0.0652	0.0007	0.1174	0.0772	0.0402	0.0769	0.0763	0.0006	0.0405	0.0009	0.0396	0.0722	0.0502	0.0220	0.0350	0.0298	0.0052	0.0372	0.0204	0.0168	0.4102	0.2760	0.1342	0.1751	0.1620	0.0131	0.2350	0.1140	0.1210	6.2825	9.1985	0.1031	4.1687	4.5611	0.1123	10.2608	389.6975	0.1185	0.2863	0.2799	0.2996	0.4393	0.4711	0.0474	0.1723	0.0082	0.3269
67	80	0.2991	6	0	1	0	0	0	0	0	0	N	N	N	N	N	N	N	N	N	N	N	N	0.0017	0.0094	0.0000	0.0791	0.2432	0.0001	0.0000	0.0001	0.0000	0.0043	0.0050	0.0000	0.0360	0.0377	0.0001	0.0001	0.0001	0.0000	2.4988	0.5323	9.1104	0.4549	0.1550	0.8827	3.9753	0.4933	11.2473	0.0002	11.0730	-0.0003	0.4972	4.8614	2.0196	14.2102	6.0690	0.0006	0.0006	0.0000	0.0006	0.0006	0.0000	0.0000	0.0000	0.0000	1.3179	0.1092	1.2088	0.0395	0.0208	0.0187	1.2785	0.0884	1.1901	0.1450	0.1250	0.0200	0.0172	0.0164	0.0008	0.1278	0.1086	0.0192	0.5574	0.3795	0.1779	0.2358	0.2003	0.0355	0.3216	0.1792	0.1424	0.0018	0.0174	0.0000	0.2149	0.3636	0.0002	0.0000	0.0001	0.0000	2.3644	0.2876	6.7952	0.1674	0.1036	0.5271	3.9753	0.4933	8.3571
67	81	0.2909	5	0	0	0	0	0	0	0	0	N	N	N	N	N	N	N	N	N	N	N	N	0.0047	0.2859	0.0035	0.0003	0.7113	0.0000	0.0038	0.1869	0.0044	0.0157	0.0081	0.0617	0.0107	0.0113	0.0003	0.0163	0.0077	0.0642	3.3120	0.0285	17.8425	31.9291	0.0158	76.1662	4.2312	0.0412	14.4863	1.2426	169.5444	0.0001	0.1935	4.8614	0.9876	14.2102	0.9833	0.0011	0.0005	0.0006	0.0001	0.0001	0.0000	0.0010	0.0004	0.0006	0.4259	0.0025	0.4234	0.1026	0.0007	0.1019	0.3233	0.0018	0.3215	0.0709	0.0609	0.0100	0.0077	0.0074	0.0004	0.0632	0.0536	0.0096	0.1286	0.0878	0.0408	0.0522	0.0442	0.0080	0.0764	0.0436	0.0328	0.0047	0.2859	0.0059	0.0055	0.7113	0.0000	0.0038	0.1869	0.0065	3.3120	0.0285	10.3733	1.9664	0.0158	12.6706	4.2312	0.0412	9.8094
67	82	0.3085	5	1	0	1	0	0	0	0	0	N	N	N	N	N	N	N	N	N	N	N	N	0.1969	0.1517	0.0000	0.0659	0.0645	0.0000	0.0002	0.0002	0.0000	0.4018	0.4663	0.0000	4.0142	4.1522	0.0000	0.0001	0.0001	0.0000	2.0409	3.0729	0.0000	60.8808	64.3939	0.0000	0.5257	0.8989	0.0000	0.0000	0.0000	-0.0133	-0.2062	4.8614	1.0000	14.2102	2.9874	0.0289	0.0289	0.0000	0.0289	0.0289	0.0000	0.0000	0.0000	0.0000	0.3820	0.3820	0.0000	0.3085	0.3085	0.0000	0.0735	0.0735	0.0000	0.0718	0.0619	0.0099	0.0072	0.0070	0.0002	0.0647	0.0550	0.0097	0.2453	0.1713	0.0740	0.1055	0.0895	0.0160	0.1398	0.0818	0.0580	0.2581	0.2091	0.0000	1.3728	1.2050	0.0000	0.0002	0.0002	0.0000	1.5571	2.2300	0.0000	2.9241	3.4459	0.0000	0.5257	0.8989	0.0000
67	83	0.2803	4	1	0	1	0	0	0	0	0	N	N	N	N	N	N	N	N	N	N	N	N	25.0109	0.0004	inf	0.4967	0.0000	inf	119.0390	0.0017	inf	0.4061	0.0000	3.0040	0.0178	0.0000	0.4834	0.4662	0.0000	3.0997	0.0162	0.0232	0.0000	0.0359	0.0417	0.0000	0.0039	0.0065	0.0000	49985.5000	0.0000	0.0155	-0.0034	4.8614	0.9997	14.2102	6.0128	0.0289	0.0000	0.0289	0.0002	0.0000	0.0002	0.0287	0.0000	0.0287	0.0064	0.0064	0.0000	0.0054	0.0054	0.0000	0.0009	0.0009	0.0000	0.0711	0.0615	0.0096	0.0095	0.0092	0.0004	0.0615	0.0523	0.0093	0.3928	0.2753	0.1175	0.1514	0.1304	0.0210	0.2414	0.1449	0.0965	25.0109	0.0004	inf	0.4967	0.0000	inf	119.0390	0.0017	inf	0.0162	0.0232	0.0000	0.0359	0.0417	0.0000	0.0039	0.0065	0.0000
67	84	0.2384	3	0	1	0	1	0	0	0	0	N	N	N	N	N	N	N	N	N	N	N	N	0.0212	0.0334	0.0000	0.3479	0.4010	0.0002	0.0000	0.0000	0.0000	0.0773	0.0894	0.0005	0.8871	0.9127	0.0002	0.0001	0.0000	0.0005	3.6549	2.6765	13.5087	2.5497	2.2760	0.8019	5.5579	2.2421	15.8925	0.0009	2.8784	-0.0195	0.7884	4.8614	8.0013	14.2102	12.0015	0.0424	0.0423	0.0000	0.0424	0.0423	0.0000	0.0000	0.0000	0.0000	3.8988	1.0053	2.8936	0.1448	0.1174	0.0273	3.7541	0.8878	2.8662	0.5480	0.4737	0.0743	0.0477	0.0464	0.0013	0.5003	0.4273	0.0729	1.0667	0.7347	0.3320	0.3913	0.3387	0.0526	0.6754	0.3960	0.2795	0.0212	0.0653	0.0001	2.3979	2.6327	0.0003	0.0000	0.0000	0.0001	3.6549	1.3683	8.7144	0.3700	0.3467	0.5199	5.5579	2.2421	10.2565
67	85	0.2949	5	0	1	0	0	0	0	0	0	N	N	N	N	N	N	N	N	N	N	N	N	0.0019	0.0022	0.0000	0.0026	0.0027	0.0000	0.0000	0.0000	0.0000	0.0017	0.0019	0.0000	0.0173	0.0178	0.0000	0.0000	0.0000	0.0000	0.8866	0.8863	0.9462	6.7126	6.6336	1.0106	0.3717	0.1639	0.9410	0.0000	0.8004	-0.0001	-0.0220	4.8614	1.0000	14.2102	6.9850	0.0001	0.0001	0.0000	0.0001	0.0001	0.0000	0.0000	0.0000	0.0000	0.2304	0.1280	0.1024	0.1252	0.1011	0.0241	0.1052	0.0269	0.0783	0.0717	0.0618	0.0099	0.0070	0.0067	0.0002	0.0648	0.0551	0.0097	0.4637	0.3177	0.1460	0.1807	0.1535	0.0272	0.2830	0.1642	0.1188	0.0034	0.0048	0.0000	0.0249	0.0271	0.0000	0.0000	0.0000	0.0000	0.4969	0.4028	0.7015	0.6930	0.6585	0.8875	0.3717	0.1639	0.6589
67	86	0.2822	4	0	0	0	0	0	0	0	0	N	N	N	N	N	N	N	N	N	N	N	N	6.0840	4.9501	0.0552	20.5273	18.8351	0.2653	3.3958	2.3758	0.0015	0.0529	0.0620	0.0000	0.3812	0.4053	0.0005	0.0082	0.0097	0.0000	0.0087	0.0125	0.0005	0.0186	0.0215	0.0020	0.0024	0.0041	0.0001	0.0001	0.0179	-0.0019	-0.0008	4.8614	1.0086	14.2102	2.0000	0.0040	0.0040	0.0000	0.0035	0.0035	0.0000	0.0005	0.0005	0.0000	0.0016	0.0016	0.0000	0.0013	0.0013	0.0000	0.0003	0.0003	0.0000	0.0760	0.0648	0.0112	0.0091	0.0086	0.0005	0.0669	0.0563	0.0107	0.1826	0.1245	0.0581	0.0711	0.0603	0.0108	0.1115	0.0642	0.0474	6.0840	4.9501	0.0552	20.5273	18.8351	0.2653	3.3958	2.3758	0.0015	0.0087	0.0125	0.0005	0.0186	0.0215	0.0020	0.0024	0.0041	0.0001
67	87	0.2803	4	0	1	0	0	0	0	0	0	N	N	N	N	N	N	N	N	N	N	N	N	0.0860	0.0000	0.2255	0.0011	0.0000	0.0070	0.1288	0.2416	0.1044	0.0000	0.7795	0.0046	0.0000	0.1235	0.1199	0.0000	0.8048	1.2142	0.0164	3.4561	4.3081	0.0345	17.6634	0.9305	0.0000	3.3310	inf	65.8777	0.0156	0.2045	4.8614	4.0000	14.2102	7.0000	0.0289	0.0000	0.0289	0.0002	0.0000	0.0002	0.0287	0.0000	0.0287	0.4595	0.0069	0.4526	0.1168	0.0069	0.1099	0.3426	0.0000	0.3426	0.2766	0.2396	0.0371	0.0371	0.0357	0.0014	0.2395	0.2039	0.0357	0.5994	0.4201	0.1793	0.2312	0.1991	0.0321	0.3682	0.2210	0.1472	0.1362	0.0000	0.3088	0.0091	0.0000	0.0360	0.1288	0.0000	0.3458	0.7666	0.0164	2.5241	0.5054	0.0345	3.4253	0.9305	0.0000	2.3276	
67	88	0.2384	3	0	0	0	0	0	0	0	0	N	N	N	N	N	N	N	N	N	N	N	N	0.3535	0.3339	0.0000	0.3173	0.2643	0.0000	0.0000	0.0000	0.1340	0.1554	0.0000	1.5297	1.5726	0.0000	0.0000	0.0000	0.0000	0.3790	0.4654	0.3364	4.8209	5.9501	0.1419	0.1008	0.0000	0.3456	0.0000	0.3870	-0.0133	-0.0379	4.8614	2.9985	14.2102	7.0016	0.0289	0.0289	0.0000	0.0289	0.0289	0.0000	0.0000	0.0000	0.0000	0.1454	0.1049	0.0406	0.1088	0.1049	0.0040	0.0366	0.0000	0.0366	0.2154	0.1857	0.0297	0.0189	0.0184	0.0005	0.1965	0.1673	0.0292	0.5724	0.3936	0.1788	0.2094	0.1813	0.0281	0.3630	0.2123	0.1507	0.5274	0.5835	0.0000	2.9432	2.7198	0.0000	0.0000	0.0000	0.0000	0.2541	0.2664	0.2270	0.5198	0.5782	0.1419	0.1008	0.0000	0.2428	
67	89	0.2994	6	0	1	0	0	0	0	0	0	N	N	N	N	N	N	N	N	N	N	N	N	0.1191	0.0000	0.3491	0.1066	0.0000	4.8234	0.0072	0.0000	0.0114	0.0205	0.0000	0.1530	0.0491	0.0000	1.0600	0.0011	0.0000	0.0055	0.1725	0.0832	0.4382	0.4600	0.3758	0.2198	0.1465	0.0001	0.4781	inf	1.7360	0.0000	0.0081	4.8614	0.0157	14.2102	9.0253	0.0001	0.0000	0.0001	0.0001	0.0000	0.0001	0.0000	0.0000	0.0000	0.0853	0.0312	0.0541	0.0396	0.0312	0.0084	0.0458	0.0000	0.0457	0.0039	0.0034	0.0005	0.0016	0.0015	0.0001	0.0023	0.0019	0.0005	0.5437	0.3746	0.1691	0.2313	0.1932	0.0382	0.3124	0.1814	0.1310	0.1309	0.0000	0.4780	0.2869	0.0000	4.8234	0.0072	0.0000	0.0156	0.1569	0.0832	0.3201	0.1710	0.1613	0.2198	0.1465	0.0001	0.3493
67	90	0.2909	5	0	1	0	0	0	0	0	0	N	N	N	N	N	N	N	N	N	N	N	N	0.2061	0.1418	0.0112	0.0079	0.0084	0.0202	67.9396	210.8867	0.0096	0.3352	0.4139	0.0001	0.3709	0.4190	0.0002	0.3242	0.4121	0.0001	1.6265	2.9190	0.0087	46.9196	49.7162	0.0097	0.0048	0.0020	0.0085	0.0001	0.0025	-0.0003	-0.0786	4.8614	0.0169	14.2102	2.0013	0.0006	0.0006	0.0000	0.0001	0.0001	0.0000	0.0004	0.0004	0.0000	0.1462	0.1459	0.0004	0.1459	0.1458	0.0001	0.0004	0.0001	0.0003	0.0017	0.0013	0.0003	0.0004	0.0003	0.0000	0.0013	0.0010	0.0003	0.1314	0.0897	0.0417	0.0533	0.0451	0.0082	0.0781	0.0446	0.0335	0.3012	0.2545	0.0112	0.1355	0.1295	0.0202	67.9396	210.8867	0.0096	1.1130	1.6264	0.0087	2.7379	3.2349	0.0097	0.0048	0.0020	0.0085
67	91	0.2822	4	0	0	0	0	0	0	0	0	N	N	N	N	N	N	N	N	N	N	N	N	182.8763	544.6937	0.0000	239.3784	408.0772	0.0000	172.9602	1043.7108	0.0000	6.2798	7.3242	0.0000	7.9130	8.3100	0.0000	6.0814	7.1894	0.0000	0.0343	0.0134	0.0869	0.0331	0.0204	0.1043	0.0352	0.0069	0.0748	0.0000	2.7491	-0.4210	0.0008	4.8614	1.9923	14.2102	0.0454	0.9117	0.9117	0.0000	0.1244	0.1244	0.0000	0.7873	0.7873	0.0000	0.0043	0.0011	0.0032	0.0016	0.0008	0.0008	0.0027	0.0003	0.0024	0.1452	0.1245	0.0207	0.0157	0.0150	0.0008	0.1295	0.1095	0.0199	0.1255	0.0855	0.0400	0.0490	0.0416	0.0074	0.0765	0.0439	0.0326	182.8763	544.6937	0.0000	239.3784	408.0772	0.0000	172.9602	1043.7108	0.0000	0.0343	0.0134	0.0790	0.0331	0.0204	0.1043	0.0352	0.0069	0.0732
67	92	0.2384	3	0	0	0	0	0	0	0	0	N	N	N	N	N	N	N	N	N	N	N	N	0.0247	0.0187	0.3594	0.0809	0.0651	0.0737	0.0200	0.0136	0.4172	0.0550	0.0632	0.0038	0.0858	0.0881	0.0013	0.0520	0.0605	0.0039	2.2250	3.3894	0.0107	1.0614	1.3544	0.0180	2.5964	4.4332	0.0093	0.0098	0.0019	-0.0018	-0.5334	4.8614	1.0098	14.2102	9.0196	0.0041	0.0040	0.0000	0.0006	0.0006	0.0000	0.0035	0.0035	0.0000	0.9915	0.9896	0.0019	0.0463	0.0458	0.0005	0.9452	0.9438	0.0014	0.0742	0.0639	0.0103	0.0066	0.0065	0.0002	0.0676	0.0575	0.0102	0.5740	0.3947	0.1793	0.2100	0.1818	0.0281	0.3640	0.2129	0.1511	0.0318	0.0252	0.3594	0.3892	0.3499	0.0737	0.0200	0.0136	0.4172	1.7273	2.5070	0.0107	0.2206	0.2519	0.0180	2.5964	4.4332	0.0093
67	93	0.3351	8	1	1	0	1	0	0	0	0	N	N	N	N	N	N	N	N	N	N	N	N	0.0000	0.0000	0.0000	0.0000	0.0000	0.0000	0.0000	0.0000	0.0000	0.0000	0.0000	0.0000	0.0000	0.0000	0.0000	0.0000	0.0000	0.0000	0.0000	0.0000	4.8614	0.0000	14.2102	0.0000	0.0000	0.0000	0.0000	0.0000	0.0000	0.0000	0.0000	0.0000	0.0000	0.0000	0.0000	0.0000	0.0000	0.0000	0.0000	0.0000	0.0000	0.0000	0.0000	0.0000	0.0000	0.0000	0.0000	0.0000	0.0000	0.0000	0.0000	0.0000	0.0000	0.0000	0.0000	0.0000	0.0000	0.0000	0.0000	0.0000	0.0000	0.0000	0.0000	0.0000	0.0000	0.0000	0.0000	0.0000	0.0000	0.0000	0.0000	0.0000	0.0000	0.0000	0.0000	0.0000	0.0000	0.0000											
67	94	0.3351	7	1	1	0	1	0	0	0	0	N	N	N	N	N	N	N	N	N	N	N	N	0.0000	0.0000	0.0000	0.0000	0.0000	0.0000	0.0000	0.0000	0.0000	0.0000	0.0000	0.0000	0.0000	1.8093	2.9455	0.0000	39.7059	39.5275	0.0000	0.0000	0.0000	0.0000	0.0000	0.0000	-0.0001	4.8614	0.0000	14.2102	0.0001	0.0000	0.0000	0.0000	0.0000	0.0000	0.0000	0.0000	0.0000	0.0000	0.0001	0.0001	0.0000	0.0001	0.0001	0.0000	0.0000	0.0000	0.0000	0.0000	0.0000	0.0000	0.0000	0.0000	0.0000	0.0000	0.0000	0.0000	0.0001	0.0001	0.0000	0.0000	0.0000	0.0000	0.0000	0.0000	0.0000	0.0000	0.0000	0.0000	0.0000	0.0000	0.0000	0.0000	0.0000	0.0000	1.2634	1.7812	0.0000	2.4204	2.5776	0.0000	0.0000	0.0000	0.0000						
67	95	0.3172	6	0	1	0	1	0	0	0	0	N	N	N	N	N	N	N	N	N	N	N	N	18.8426	15.4640	0.0105	49.5253	43.8578	9.2595	0.0007	0.0000	0.0018	0.3589	0.4172	0.0000	2.2955	2.3563	0.0001	0.0000	0.0000	0.0000	0.0190	0.0270	0.0005	0.0463	0.0537	0.0000	0.0002	0.0000	0.0006	0.0000	0.0074	-0.0131	-0.0013	4.8614	0.9845	14.2102	0.9903	0.0284	0.0284	0.0000	0.0284	0.0284	0.0000	0.0000	0.0000	0.0000	0.0024	0.0024	0.0000	0.0024	0.0024	0.0000	0.0000	0.0000	0.0000	0.0791	0.0680	0.0110	0.0124	0.0120	0.0003	0.0667	0.0560	0.0107	0.1258	0.0882	0.0376	0.0513	0.0443	0.0070	0.0745	0.0439	0.0306	18.8426	15.4640	0.0105	49.5253	43.8578	9.2595	0.0007	0.0000	0.0018	0.0190	0.0270	0.0005	0.0463	0.0537	0.0000	0.0002	0.0000	0.0006
67	96	0.3144	6	0	1	0	0	0	0	0	0	N	N	N	N	N	N	N	N	N	N	N	N	0.0000	0.0000	0.0000	0.0000	0.0000	0.0001	0.0000	0.0000	0.0000	0.0000	0.0000	0.0004	0.0000	0.0000	0.0001	0.0001	0.0000	0.0004	2.3843	0.4435	8.9425	1.2378	0.4151	0.8841	4.2760	0.3798	14.3356	inf	11.2746	0.0000	0.3690	4.8614	1.0063	14.2102	3.7812	0.0000	0.0000	0.0000	0.0000	0.0000	0.0000	0.0000	0.0000	0.0000	0.9748	0.0794	0.8954	0.0559	0.0317	0.0242	0.9189	0.0477	0.8712	0.0774	0.0669	0.0104	0.0092	0.0089	0.0003	0.0682	0.0580	0.0102	0.4513	0.3165	0.1348	0.2364	0.1910	0.0454	0.2149	0.1255	0.0894	0.0000	0.0000	0.0001	0.0000	0.0000	0.0002	0.0000	0.0000	0.0000	2.1598	0.2509	6.6420	0.2365	0.1662	0.5322	4.2760	0.3798	9.7478
67	97	0.3172	6	0	0	1	1	0	0	0	0	N	N	N	N	N	N	N	N	N	N	N	N	0.4029	0.0308	34.6607	0.1034	0.0878	2.0460	31.7479	81.2380	0.0067	0.0007	0.0435	0.0042	0.0041	0.0088	0.0071	0.0000	0.0445	0.0166	0.0231	0.0013	0.0404	0.0461	0.0043	0.0002	0.0000	0.0005	9.8932	0.0232	0.0002	-0.0011	4.8614	1.0165	14.2102	1.0129	0.0005	0.0000	0.0005	0.0001	0.0000	0.0000	0.0005	0.0000	0.0005	0.0021	0.0021	0.0000	0.0021	0.0021	0.0000	0.0000	0.0000	0.0000	0.0814	0.0701	0.0114	0.0127	0.0123	0.0003	0.0688	0.0577	0.0110	0.1291	0.0904	0.0386	0.0526	0.0454	0.0072	0.0765	0.0451	0.0314	0.4029	0.0308	34.6607	0.1034	0.0878	2.0460	31.7479	0.0000	81.2380	0.0166	0.0231	0.0013	0.0404	0.0461	0.0043	0.0002	0.0000	0.0005	
67	98	0.3043	5	0	0	0	1	0	0	0	0	N	N	N	N	N	N	N	N	N	N	N	N	3.1902	5.0230	3.0270	15.8945	28.4795	0.3384	1.1248	0.0000	4.1925	0.0046	0.0039	0.0090	0.0274	0.0282	0.0020	0.0014	0.0000	0.0092	0.0014	0.0008	0.0030	0.0017	0.0010	0.0059	0.0012	0.0005	0.0022	0.3611	1.6537	-0.0001	0.0000	4.8614	2.0241	14.2102	1.0265	0.0007	0.0005	0.0002	0.0005	0.0005	0.0000	0.0002	0.0000	0.0002	0.0003	0.0001	0.0002	0.0001	0.0001	0.0001	0.0001	0.0000	0.0001	0.1550	0.1340	0.0210	0.0190	0.0185	0.0006	0.1360	0.1155	0.0204	0.1889	0.1319	0.0570	0.0795	0.0677	0.0118	0.1094	0.0642	0.0452	3.1902	5.0230	3.0270	15.8945	28.4795	0.3384	1.1248	0.0000	4.1925	0.0014	0.0008	0.0030	0.0017	0.0010	0.0059	0.0012	0.0005	0.0022
67	99	0.3043	5	0	0	1	1	0	0	0	0	N	N	N	N	N	N	N	N	N	N	N	N	inf	inf	inf	inf	inf	inf	inf	inf	8.2220	4.5257	31.9867	32.3349	33.3128	0.2106	4.8981	0.0000	32.8547	0.0000	0.0000	0.0000	0.0000	0.0000	0.0000	0.0000	0.0000	0.0000	1.0993	0.1155	0.0000	4.8614	3.0066	14.2102	0.0000	1.8667	0.8892	0.9775	0.8894	0.8892	0.0002	0.9773	0.0000	0.9773	0.0000	0.0000	0.0000	0.0000	0.0000	0.0000	0.0000	0.0000	0.0000	0.2270	0.1965	0.0306	0.0275	0.0267	0.0008	0.1995	0.1698	0.0297	0.1862	0.1300	0.0562	0.0784	0.0667	0.0116	0.1078	0.0633	0.0446	inf	inf	inf	inf	inf	inf	inf	0.0000	inf	0.0000	0.0000	0.0000	0.0000	0.0000	0.0000	0.0000	0.0000	0.0000		
67	100	0.3300	5	0	0	1	1	0	0	0	0	N	N	N	N	N	N	N	N	N	N	N	N	0.0000	0.0000	0.0000	0.0000	0.0000	0.0000	0.0000	0.0000	0.0000	0.0000	0.0000	0.0000	0.0000	0.0000	0.0000	0.0000	0.0111	0.0026	0.0307	0.0044	0.0051	0.0000	0.0160	0.0000	0.0385	5.1363	0.0000	0.0004	4.8614	0.0000	14.2102	2.0000	0.0000	0.0000	0.0000	0.0000	0.0000	0.0000	0.0000	0.0000	0.0000	0.0013	0.0002	0.0011	0.0002	0.0002	0.0000	0.0011	0.0000	0.0011	0.0000	0.0000	0.0000	0.0000	0.0000	0.0000	0.0000	0.0000	0.0000	0.1212	0.0844	0.0368	0.0505	0.0431	0.0074	0.0707	0.0413	0.0294	0.0000	0.0000	0.0000	0.0000	0.0000	0.0000	0.0000	0.0000	0.0000	0.0111	0.0026	0.0307	0.0044	0.0051	0.0000	0.0160	0.0000	0.0385			
67	101	0.2910	4	0	0	1	1	0	0	0	0	N	N	N	N	N	N	N	N	N	N	N	N	0.5293	0.0959	69.5600	0.4694	0.4173	0.2348	1.3595	0.0000	168.1994	0.0037	0.0009	0.0213	0.0060	0.0063	0.0002	0.0033	0.0000	0.0223	0.0069	0.0098	0.0003	0.0128	0.0150	0.0009	0.0024	0.0040	0.0001	3.5133	0.0135	0.0005	-0.0020	4.8614	5.8899	14.2102	3.1847	0.0016	0.0004	0.0013	0.0004	0.0004	0.0000	0.0013	0.0000	0.0013	0.0039	0.0038	0.0001	0.0031	0.0031	0.0000	0.0008	0.0008	0.0000	0.4439	0.3846	0.0593	0.0600	0.0574	0.0025	0.3839	0.3272	0.0568	0.5616	0.3924	0.1692	0.2429	0.2048	0.0381	0.3187	0.1876	0.1312	0.5293	0.0959	69.5600	0.4694	0.4173	0.2348	1.3595	0.0000	168.1994	0.0069	0.0098	0.0003	0.0128	0.0150	0.0009	0.0024	0.0040	0.0001
67	102	0.3377	4	1	1	0	0	0	0	0	0	N	N	N	N	N	N	N	N	N	N	N	N	0.0000	0.0000	0.0000	0.0000	0.0000	0.0000	0.0000	0.0000	0.0000	0.0000	0.0000	0.0000	0.0000	0.0000	0.0000	0.0000	0.0000	0.0000	0.0000	0.0000	4.8614	0.0000	14.2102	0.0000	0.0000	0.0000	0.0000	0.0000	0.0000	0.0000	0.0000	0.0000	0.0000	0.0000	0.0000	0.0000	0.0000	0.0000	0.0000	0.0000	0.0000	0.0000	0.0000	0.0000	0.0000	0.0000	0.0000	0.0000	0.0000	0.0000	0.0000	0.0000	0.0000	0.0000	0.0000	0.0000	0.0000	0.0000	0.0000	0.0000	0.0000	0.0000	0.0000	0.0000	0.0000	0.0000	0.0000	0.0000	0.0000	0.0000	0.0000	0.0000	0.0000	0.0000	0.0000	0.0000	0.0000	0.0000											
67	103	0.2384	3	1	1	0	0	0	0	0	0	N	N	N	N	N	N	N	N	N	N	N	N	0.6040	0.0001	3.5256	0.0006	0.0003	0.2799	0.5127	0.0000	3.3869	1.6230	0.0005	11.9699	0.0103	0.0047	0.2018	1.7769	0.0000	12.1859	2.6869	3.7442	3.3951	17.5600	18.1384	0.7211	3.4658	3.8656	3.5980	4041.9966	0.4086	0.4785	-0.7770	4.8614	8.0012	14.2102	14.0016	0.8894	0.0002	0.8892	0.0005	0.0002	0.0003	0.8890	0.0000	0.8890	3.1095	2.2075	0.9020	0.5706	0.5466	0.0240	2.5389	1.6609	0.8780	0.5480	0.4737	0.0743	0.0477	0.0464	0.0013	0.5003	0.4273	0.0729	1.1573	0.7973	0.3600	0.4247	0.3676	0.0571	0.7326	0.4297	0.3029	0.6040	0.0002	4.7775	0.0076	0.0032	0.4803	0.5127	0.0000	4.2039	2.6869	2.7688	2.5055	1.3435	1.4870	0.4202	3.4658	3.8656	2.8987
67	104	0.3014	4	0	1	0	0	0	0	0	0	N	N	N	N	N	N	N	N	N	N	N	N	683.7976	555.6850	0.0131	1.9522	1.7310	0.1092	994.2589	673.4509	0.0000	6.1555	7.1446	0.0000	0.0220	0.0233	0.0001	6.9170	8.1229	0.0000	0.0090	0.0129	0.0003	0.0113	0.0135	0.0008	0.0070	0.0121	0.0001	0.0000	0.0105	-0.4088	-0.0009	4.8614	2.0010	14.2102	1.0153	0.8853	0.8853	0.0000	0.0003	0.0003	0.0000	0.8849	0.8849	0.0000	0.0017	0.0017	0.0000	0.0010	0.0010	0.0000	0.0007	0.0007	0.0000	0.1438	0.1239	0.0199	0.0159	0.0150	0.0009	0.1279	0.1089	0.0190	0.1920	0.1331	0.0590	0.0914	0.0755	0.0160	0.1006	0.0576	0.0430	683.7976	555.6850	0.0131	1.9522	1.7310	0.1092	994.2589	673.4509	0.0000	0.0090	0.0129	0.0003	0.0113	0.0135	0.0008	0.0070	0.0121	0.0001
67	105	0.2384	3	0	1	0	0	0	0	0	0	N	N	N	N	N	N	N	N	N	N	N	N	0.0059	0.0046	0.7416	0.0003	0.0003	0.0969	0.0044	0.0030	0.7660	0.0186	0.0211	0.0034	0.0022	0.0022	0.0005	0.0202	0.0231	0.0035	3.1760	4.5443	0.0046	6.2734	6.8737	0.0050	4.5758	7.8130	0.0045	0.0259	0.0005	-0.0018	-1.3194	4.8614	3.0162	14.2102	11.0438	0.0040	0.0039	0.0001	0.0000	0.0000	0.0000	0.0040	0.0039	0.0001	2.4457	2.4446	0.0011	0.1785	0.1783	0.0002	2.2672	2.2663	0.0009	0.2166	0.1868	0.0299	0.0190	0.0185	0.0005	0.1977	0.1683	0.0294	0.7818	0.5379	0.2438	0.2863	0.2479	0.0384	0.4955	0.2901	0.2054	0.0060	0.0046	0.7416	0.0035	0.0031	0.0969	0.0044	0.0030	0.7660	3.1285	4.5443	0.0046	0.6235	0.7194	0.0050	4.5758	7.8130	0.0045
67	106	0.3393	8	1	1	0	0	0	0	0	0	N	N	N	N	N	N	N	N	N	N	N	N	0.0000	0.0000	0.0000	0.0000	0.0000	0.0000	0.0000	0.0000	0.0000	0.0000	0.0000	0.0000	0.0000	0.0013	0.0018	0.0000	0.0027	0.0032	0.0000	0.0000	0.0000	0.0000	0.0000	0.0000	-0.0001	4.8614	1.0000	14.2102	1.0000	0.0000	0.0000	0.0000	0.0000	0.0000	0.0000	0.0000	0.0000	0.0000	0.0002	0.0002	0.0000	0.0002	0.0002	0.0000	0.0000	0.0000	0.0000	0.0763	0.0660	0.0103	0.0088	0.0085	0.0003	0.0675	0.0575	0.0100	0.1278	0.0902	0.0377	0.0594	0.0502	0.0092	0.0684	0.0400	0.0284	0.0000	0.0000	0.0000	0.0000	0.0000	0.0000	0.0000	0.0000	0.0000	0.0013	0.0018	0.0000	0.0027	0.0032	0.0000	0.0000	0.0000	0.0000						
67	107	0.3351	7	1	1	0	0	0	0	0	0	N	N	N	N	N	N	N	N	N	N	N	N	0.0000	0.0000	0.0000	0.0000	0.0000	0.0000	0.0000	0.0000	0.0000	0.0000	0.0000	0.0000	0.0000	0.0000	0.0000	15.1027	0.0000	96.7616	9.3903	0.0000	26.5288	24.3035	0.0000	124.9696	inf	0.0000	0.4149	4.8614	0.0000	14.2102	0.9999	0.0000	0.0000	0.0000	0.0000	0.0000	0.0000	0.0000	0.0000	0.0000	0.9019	0.0000	0.9019	0.0240	0.0000	0.0240	0.8779	0.0000	0.8779	0.0000	0.0000	0.0000	0.0000	0.0000	0.0000	0.0000	0.0000	0.0000	0.0640	0.0447	0.0193	0.0279	0.0237	0.0042	0.0361	0.0210	0.0151	0.0000	0.0000	0.0000	0.0000	0.0000	0.0000	0.0000	0.0000	0.0000	14.0889	0.0000	46.7626	0.8604	0.0000	5.7038	24.3035	0.0000	58.2182				
67	108	0.3144	6	1	1	0	0	0	0	0	0	N	N	N	N	N	N	N	N	N	N	N	N	0.0054	0.0000	0.0236	0.0000	0.0000	0.0091	0.0164	0.0000	0.0241	0.0028	0.0000	0.0200	0.0001	0.0000	0.0088	0.0038	0.0000	0.0202	0.5156	0.3443	0.8483	3.1762	2.2914	0.9652	0.2333	0.0000	0.8352	inf	1.3066	0.0000	0.0041	4.8614	0.0100	14.2102	4.8896	0.0000	0.0000	0.0000	0.0000	0.0000	0.0000	0.0000	0.0000	0.0000	0.1553	0.0673	0.0880	0.1043	0.0673	0.0370	0.0510	0.0000	0.0510	0.0014	0.0012	0.0002	0.0004	0.0004	0.0000	0.0010	0.0008	0.0002	0.4576	0.3209	0.1367	0.2390	0.1932	0.0458	0.2186	0.1277	0.0909	0.0081	0.0000	0.0311	0.0001	0.0000	0.0109	0.0164	0.0000	0.0359	0.3394	0.2098	0.6435	0.4365	0.3485	0.8075	0.2333	0.0000	0.5609
67	109	0.3043	5	0	1	0	0	0	0	0	0	N	N	N	N	N	N	N	N	N	N	N	N	0.0049	0.0001	0.0264	0.0012	0.0021	0.0073	0.0062	0.0000	0.0235	0.0025	0.0001	0.0178	0.0005	0.0004	0.0041	0.0028	0.0000	0.0182	0.5040	0.4431	0.6738	0.3976	0.1860	0.5637	0.4485	0.3891	0.7726	51.2238	0.8689	0.0001	-0.0037	4.8614	1.0007	14.2102	1.4004	0.0002	0.0000	0.0002	0.0000	0.0000	0.0000	0.0002	0.0000	0.0002	0.0488	0.0261	0.0227	0.0100	0.0063	0.0036	0.0388	0.0198	0.0190	0.0785	0.0677	0.0108	0.0101	0.0098	0.0003	0.0684	0.0580	0.0105	0.1494	0.1043	0.0451	0.0629	0.0535	0.0093	0.0865	0.0508	0.0358	0.0076	0.0002	0.0354	0.0030	0.0032	0.0105	0.0062	0.0000	0.0341	0.3265	0.2503	0.5030	0.1587	0.1186	0.3889	0.4485	0.3891	0.5328
67	110	0.2910	4	0	0	0	0	0	0	0	0	N	N	N	N	N	N	N	N	N	N	N	N	0.7682	0.0828	349.4671	0.5403	0.4930	0.5160	0.7331	0.0000	721.4094	0.0368	0.0057	0.2210	0.0143	0.0156	0.0007	0.0483	0.0000	0.2773	0.0479	0.0682	0.0006	0.0265	0.0317	0.0013	0.0659	0.1116	0.0004	6.6091	0.0040	0.0006	-0.0057	4.8614	0.3039	14.2102	2.8719	0.0015	0.0002	0.0013	0.0002	0.0002	0.0000	0.0013	0.0000	0.0013	0.0106	0.0106	0.0000	0.0027	0.0027	0.0000	0.0079	0.0079	0.0000	0.0396	0.0338	0.0057	0.0134	0.0122	0.0012	0.0261	0.0216	0.0046	0.2219	0.1552	0.0668	0.1015	0.0842	0.0173	0.1205	0.0710	0.0495	0.7682	0.0828	349.4671	0.5403	0.4930	0.5160	0.7331	0.0000	721.4094	0.0479	0.0682	0.0006	0.0265	0.0317	0.0013	0.0659	0.1116	0.0004
67	111	0.2384	3	0	0	0	0	0	0	0	0	N	N	N	N	N	N	N	N	N	N	N	N	2.8051	0.0002	17334.9001	0.0042	0.0007	308.2990	4.4665	0.0000	17569.2493	3.2596	0.0003	23.7083	0.0146	0.0034	0.4129	3.5704	0.0000	24.1220	1.1620	2.2088	0.0014	3.5104	4.6499	0.0013	0.7994	1.3652	0.0014	11355.1812	0.0006	0.4779	-0.2455	4.8614	3.8240	14.2102	8.1760	0.8881	0.0001	0.8880	0.0003	0.0001	0.0003	0.8877	0.0000	0.8877	0.4553	0.4550	0.0003	0.1121	0.1121	0.0000	0.3432	0.3429	0.0002	0.2724	0.2350	0.0375	0.0238	0.0232	0.0007	0.2486	0.2118	0.0368	0.6771	0.4658	0.2113	0.2478	0.2146	0.0332	0.4293	0.2512	0.1781	4.8476	0.0003	17334.9001	0.0323	0.0065	308.2990	4.4665	0.0000	17569.2493	0.6724	0.9769	0.0014	0.4525	0.5223	0.0013	0.7994	1.3652	0.0014
67	112	0.2088	2	0	0	0	0	0	0	0	0	N	N	N	N	N	N	N	N	N	N	N	N	9.1671	9.0378	0.6085	1.1803	1.3318	0.0104	15.3277	419.8851	0.8223	1.0645	1.5679	0.0278	1.6987	1.9998	0.0007	0.3278	0.6583	0.0367	0.1161	0.1735	0.0456	1.4392	1.5016	0.0638	0.0214	0.0016	0.0446	0.0086	0.1444	-0.0308	-0.0284	4.8614	0.0953	14.2102	6.8761	0.0680	0.0674	0.0006	0.0583	0.0583	0.0000	0.0097	0.0091	0.0006	0.0686	0.0600	0.0087	0.0611	0.0597	0.0014	0.0076	0.0003	0.0073	0.0639	0.0430	0.0209	0.0343	0.0291	0.0052	0.0295	0.0138	0.0157	0.5912	0.3993	0.1919	0.2380	0.2161	0.0219	0.3532	0.1831	0.1701	9.1671	10.4355	0.6150	6.6177	7.2398	0.0104	15.3277	419.8851	0.8581	0.1161	0.1502	0.0451	0.2567	0.2762	0.0638	0.0214	0.0016	0.0427
67	115	0.1213	2	0	0	0	0	0	0	0	0	N	N	N	N	N	N	N	N	N	N	N	N	1.0187	0.6724	0.0004	0.1337	0.1276	0.0006	7.6108	5.9482	0.0003	1.0386	1.2837	0.0000	1.6059	1.7618	0.0000	0.8855	1.1331	0.0000	1.0196	1.9091	0.0657	12.0150	13.8078	0.0722	0.1163	0.1905	0.0653	0.0000	0.0415	-0.4252	-1.0467	4.8614	8.9918	14.2102	13.3277	0.9210	0.9210	0.0000	0.3027	0.3027	0.0000	0.6182	0.6182	0.0000	2.0931	2.0097	0.0835	1.8781	1.8651	0.0130	0.2150	0.1446	0.0704	0.8867	0.7175	0.1692	0.1885	0.1718	0.0167	0.6982	0.5456	0.1526	3.6107	2.3412	1.2695	1.7626	1.5822	0.1804	1.8481	0.7590	1.0891	1.7917	1.4954	0.0004	1.5071	1.4946	0.0006	7.6108	5.9482	0.0003	0.5797	0.8584	0.0657	1.0655	1.1788	0.0722	0.1163	0.1905	0.0647
68	72	0.0757	5	1	2	1	0	0	0	0	0	N	Y	N	N	N	N	N	N	N	N	N	N	0.0000	0.0000	0.0000	0.0000	0.0000	0.0000	0.0000	0.0000	0.0000	0.0000	0.0000	0.0000	0.0000	0.0000	0.0000	0.0000	0.0000	0.0000	0.0000	0.0000	0.0000	5.9987	0.0000	11.0016	0.0000	0.0000	0.0000	0.0000	0.0000	0.0000	0.0000	0.0000	0.0000	0.0000	0.0000	0.0000	0.0000	0.0000	0.0000	0.0000	0.0000	0.0000	0.0000	0.0000	0.0000	0.0000	0.0000	0.0000	0.0000	0.0000	0.0000	0.0000	0.0000	0.0000	0.0000	0.0000	0.0000	0.0000	0.0000	0.0000	0.0000	0.0000	0.0000	0.0000	0.0000	0.0000	0.0000	0.0000	0.0000	0.0000	0.0000	0.0000	0.0000	0.0000	0.0000	0.0000	0.0000	0.0000											
68	73	0.0339	4	2	1	2	0	0	0	0	0	Y	N	Y	N	N	N	N	N	N	N	N	N	0.0000	0.0000	0.0000	0.0000	0.0000	0.0000	0.0000	0.0000	0.0000	0.0000	0.0000	0.0000	0.0000	0.0000	0.0000	0.0000	0.0000	0.0000	0.0000	0.0000	0.0000	2.0000	0.0000	5.0000	0.0000	0.0000	0.0000	0.0000	0.0000	0.0000	0.0000	0.0000	0.0000	0.0000	0.0000	0.0000	0.0000	0.0000	0.0000	0.0000	0.0000	0.0000	0.0000	0.0000	0.0000	0.0000	0.0000	0.0000	0.0000	0.0000	0.0000	0.0000	0.0000	0.0000	0.0000	0.0000	0.0000	0.0000	0.0000	0.0000	0.0000	0.0000	0.0000	0.0000	0.0000	0.0000	0.0000	0.0000	0.0000	0.0000	0.0000	0.0000	0.0000	0.0000	0.0000	0.0000	0.0000	0.0000											
68	74	0.1175	7	1	2	1	0	0	0	0	0	N	Y	N	N	N	N	N	N	N	N	N	N	0.0000	0.0000	0.0000	0.0000	0.0000	0.0000	0.0000	0.0000	0.0000	0.0000	0.0000	0.0000	0.0000	0.0000	0.0000	0.0000	0.0000	0.0000	0.0000	0.0000	0.0000	6.1274	0.0000	13.6208	0.0000	0.0000	0.0000	0.0000	0.0000	0.0000	0.0000	0.0000	0.0000	0.0000	0.0000	0.0000	0.0000	0.0000	0.0000	0.0000	0.0000	0.0000	0.0000	0.0000	0.0000	0.0000	0.0000	0.0000	0.0000	0.0000	0.0000	0.0000	0.0000	0.0000	0.0000	0.0000	0.0000	0.0000	0.0000	0.0000	0.0000	0.0000	0.0000	0.0000	0.0000	0.0000	0.0000	0.0000	0.0000	0.0000	0.0000	0.0000	0.0000	0.0000	0.0000	0.0000	0.0000	0.0000											
68	75	0.1421	10	1	1	2	0	0	0	0	0	N	N	Y	N	N	N	N	N	N	N	N	N	0.0000	0.0000	0.0000	0.0000	0.0000	0.0000	0.0000	0.0000	0.0000	0.0000	0.0000	0.0000	0.0000	0.0000	0.0000	0.0000	0.0000	0.0000	0.0000	0.0000	0.0000	0.0000	0.0000	1.0003	0.0000	0.0000	0.0000	0.0000	0.0000	0.0000	0.0000	0.0000	0.0000	0.0000	0.0000	0.0000	0.0000	0.0000	0.0000	0.0000	0.0000	0.0000	0.0000	0.0000	0.0000	0.0000	0.0000	0.0000	0.0000	0.0000	0.0000	0.0000	0.0000	0.0000	0.0000	0.0000	0.0000	0.0000	0.0000	0.0000	0.0000	0.0000	0.0000	0.0000	0.0000	0.0000	0.0000	0.0000	0.0000	0.0000	0.0000	0.0000	0.0000	0.0000	0.0000	0.0000	0.0000	0.0000											
68	76	0.1379	9	1	1	2	0	0	0	0	0	N	N	Y	N	N	N	N	N	N	N	N	N	0.0000	0.0000	0.0000	0.0000	0.0000	0.0000	0.0000	0.0000	0.0000	0.0000	0.0000	0.0000	0.0000	0.0000	0.0000	0.0000	0.0000	0.0000	0.0000	0.0000	0.0000	0.0000	0.0000	1.0076	0.0000	0.0000	0.0000	0.0000	0.0000	0.0000	0.0000	0.0000	0.0000	0.0000	0.0000	0.0000	0.0000	0.0000	0.0000	0.0000	0.0000	0.0000	0.0000	0.0000	0.0000	0.0000	0.0000	0.0000	0.0000	0.0000	0.0000	0.0000	0.0000	0.0000	0.0000	0.0000	0.0000	0.0000	0.0000	0.0000	0.0000	0.0000	0.0000	0.0000	0.0000	0.0000	0.0000	0.0000	0.0000	0.0000	0.0000	0.0000	0.0000	0.0000	0.0000	0.0000	0.0000	0.0000											
68	77	0.1339	8	1	1	1	0	0	0	0	0	N	N	N	N	N	N	N	N	N	N	N	N	0.0000	0.0000	0.0000	0.0000	0.0000	0.0000	0.0000	0.0000	0.0000	0.0000	0.0000	0.0000	0.0000	0.0000	0.0000	0.0000	0.0000	0.0000	0.0000	0.0000	0.0000	0.0026	0.0000	0.9924	0.0000	0.0000	0.0000	0.0000	0.0000	0.0000	0.0000	0.0000	0.0000	0.0000	0.0000	0.0000	0.0000	0.0000	0.0000	0.0000	0.0000	0.0000	0.0000	0.0000	0.0000	0.0000	0.0000	0.0000	0.0000	0.0000	0.0000	0.0000	0.0000	0.0000	0.0000	0.0000	0.0000	0.0000	0.0000	0.0000	0.0000	0.0000	0.0000	0.0000	0.0000	0.0000	0.0000	0.0000	0.0000	0.0000	0.0000	0.0000	0.0000	0.0000	0.0000	0.0000	0.0000	0.0000											
68	78	0.1175	7	1	1	1	0	0	0	0	0	N	N	N	N	N	N	N	N	N	N	N	N	0.0000	0.0000	0.0000	0.0000	0.0000	0.0000	0.0000	0.0000	0.0000	0.0000	0.0000	0.0000	0.0000	0.0000	0.0000	0.0000	0.0000	0.0000	0.0000	0.0000	0.0000	2.8733	0.0000	1.5522	0.0000	0.0000	0.0000	0.0000	0.0000	0.0000	0.0000	0.0000	0.0000	0.0000	0.0000	0.0000	0.0000	0.0000	0.0000	0.0000	0.0000	0.0000	0.0000	0.0000	0.0000	0.0000	0.0000	0.0000	0.0000	0.0000	0.0000	0.0000	0.0000	0.0000	0.0000	0.0000	0.0000	0.0000	0.0000	0.0000	0.0000	0.0000	0.0000	0.0000	0.0000	0.0000	0.0000	0.0000	0.0000	0.0000	0.0000	0.0000	0.0000	0.0000	0.0000	0.0000	0.0000	0.0000											
68	79	0.1054	6	1	1	1	0	0	0	0	0	N	N	N	N	N	N	N	N	N	N	N	N	0.0000	0.0000	0.0000	0.0000	0.0000	0.0000	0.0000	0.0000	0.0000	0.0000	0.0000	0.0000	0.0000	0.0000	0.0000	0.0000	0.0000	0.0000	0.0000	0.0000	0.0000	0.2102	0.0000	3.4985	0.0000	0.0000	0.0000	0.0000	0.0000	0.0000	0.0000	0.0000	0.0000	0.0000	0.0000	0.0000	0.0000	0.0000	0.0000	0.0000	0.0000	0.0000	0.0000	0.0000	0.0000	0.0000	0.0000	0.0000	0.0000	0.0000	0.0000	0.0000	0.0000	0.0000	0.0000	0.0000	0.0000	0.0000	0.0000	0.0000	0.0000	0.0000	0.0000	0.0000	0.0000	0.0000	0.0000	0.0000	0.0000	0.0000	0.0000	0.0000	0.0000	0.0000	0.0000	0.0000	0.0000	0.0000											
68	80	0.1364	8	1	2	1	0	0	0	0	0	N	Y	N	N	N	N	N	N	N	N	N	N	0.0000	0.0000	0.0000	0.0000	0.0000	0.0000	0.0000	0.0000	0.0000	0.0000	0.0000	0.0000	0.0000	0.0000	0.0000	0.0000	0.0000	0.0000	0.0000	0.0000	0.0000	2.0196	0.0000	6.0690	0.0000	0.0000	0.0000	0.0000	0.0000	0.0000	0.0000	0.0000	0.0000	0.0000	0.0000	0.0000	0.0000	0.0000	0.0000	0.0000	0.0000	0.0000	0.0000	0.0000	0.0000	0.0000	0.0000	0.0000	0.0000	0.0000	0.0000	0.0000	0.0000	0.0000	0.0000	0.0000	0.0000	0.0000	0.0000	0.0000	0.0000	0.0000	0.0000	0.0000	0.0000	0.0000	0.0000	0.0000	0.0000	0.0000	0.0000	0.0000	0.0000	0.0000	0.0000	0.0000	0.0000	0.0000											
68	81	0.1282	7	1	1	1	0	0	0	0	0	N	N	N	N	N	N	N	N	N	N	N	N	0.0000	0.0000	0.0000	0.0000	0.0000	0.0000	0.0000	0.0000	0.0000	0.0000	0.0000	0.0000	0.0000	0.0000	0.0000	0.0000	0.0000	0.0000	0.0000	0.0000	0.0000	0.9876	0.0000	0.9833	0.0000	0.0000	0.0000	0.0000	0.0000	0.0000	0.0000	0.0000	0.0000	0.0000	0.0000	0.0000	0.0000	0.0000	0.0000	0.0000	0.0000	0.0000	0.0000	0.0000	0.0000	0.0000	0.0000	0.0000	0.0000	0.0000	0.0000	0.0000	0.0000	0.0000	0.0000	0.0000	0.0000	0.0000	0.0000	0.0000	0.0000	0.0000	0.0000	0.0000	0.0000	0.0000	0.0000	0.0000	0.0000	0.0000	0.0000	0.0000	0.0000	0.0000	0.0000	0.0000	0.0000	0.0000											
68	82	0.0622	5	2	1	2	0	0	0	0	0	Y	N	Y	N	N	N	N	N	N	N	N	N	0.0000	0.0000	0.0000	0.0000	0.0000	0.0000	0.0000	0.0000	0.0000	0.0000	0.0000	0.0000	0.0000	0.0000	0.0000	0.0000	0.0000	0.0000	0.0000	0.0000	0.0000	1.0000	0.0000	2.9874	0.0000	0.0000	0.0000	0.0000	0.0000	0.0000	0.0000	0.0000	0.0000	0.0000	0.0000	0.0000	0.0000	0.0000	0.0000	0.0000	0.0000	0.0000	0.0000	0.0000	0.0000	0.0000	0.0000	0.0000	0.0000	0.0000	0.0000	0.0000	0.0000	0.0000	0.0000	0.0000	0.0000	0.0000	0.0000	0.0000	0.0000	0.0000	0.0000	0.0000	0.0000	0.0000	0.0000	0.0000	0.0000	0.0000	0.0000	0.0000	0.0000	0.0000	0.0000	0.0000	0.0000	0.0000											
68	83	0.0339	4	2	1	2	0	0	0	0	0	Y	N	Y	N	N	N	N	N	N	N	N	N	0.0000	0.0000	0.0000	0.0000	0.0000	0.0000	0.0000	0.0000	0.0000	0.0000	0.0000	0.0000	0.0000	0.0000	0.0000	0.0000	0.0000	0.0000	0.0000	0.0000	0.0000	0.9997	0.0000	6.0128	0.0000	0.0000	0.0000	0.0000	0.0000	0.0000	0.0000	0.0000	0.0000	0.0000	0.0000	0.0000	0.0000	0.0000	0.0000	0.0000	0.0000	0.0000	0.0000	0.0000	0.0000	0.0000	0.0000	0.0000	0.0000	0.0000	0.0000	0.0000	0.0000	0.0000	0.0000	0.0000	0.0000	0.0000	0.0000	0.0000	0.0000	0.0000	0.0000	0.0000	0.0000	0.0000	0.0000	0.0000	0.0000	0.0000	0.0000	0.0000	0.0000	0.0000	0.0000	0.0000	0.0000	0.0000											
68	84	0.0757	5	1	2	1	1	0	0	0	0	N	Y	N	N	N	N	N	N	N	N	N	N	0.0000	0.0000	0.0000	0.0000	0.0000	0.0000	0.0000	0.0000	0.0000	0.0000	0.0000	0.0000	0.0000	0.0000	0.0000	0.0000	0.0000	0.0000	0.0000	0.0000	0.0000	8.0013	0.0000	12.0015	0.0000	0.0000	0.0000	0.0000	0.0000	0.0000	0.0000	0.0000	0.0000	0.0000	0.0000	0.0000	0.0000	0.0000	0.0000	0.0000	0.0000	0.0000	0.0000	0.0000	0.0000	0.0000	0.0000	0.0000	0.0000	0.0000	0.0000	0.0000	0.0000	0.0000	0.0000	0.0000	0.0000	0.0000	0.0000	0.0000	0.0000	0.0000	0.0000	0.0000	0.0000	0.0000	0.0000	0.0000	0.0000	0.0000	0.0000	0.0000	0.0000	0.0000	0.0000	0.0000	0.0000	0.0000											
68	85	0.1322	7	1	2	1	0	0	0	0	0	N	Y	N	N	N	N	N	N	N	N	N	N	0.0000	0.0000	0.0000	0.0000	0.0000	0.0000	0.0000	0.0000	0.0000	0.0000	0.0000	0.0000	0.0000	0.0000	0.0000	0.0000	0.0000	0.0000	0.0000	0.0000	0.0000	1.0000	0.0000	6.9850	0.0000	0.0000	0.0000	0.0000	0.0000	0.0000	0.0000	0.0000	0.0000	0.0000	0.0000	0.0000	0.0000	0.0000	0.0000	0.0000	0.0000	0.0000	0.0000	0.0000	0.0000	0.0000	0.0000	0.0000	0.0000	0.0000	0.0000	0.0000	0.0000	0.0000	0.0000	0.0000	0.0000	0.0000	0.0000	0.0000	0.0000	0.0000	0.0000	0.0000	0.0000	0.0000	0.0000	0.0000	0.0000	0.0000	0.0000	0.0000	0.0000	0.0000	0.0000	0.0000	0.0000	0.0000											
68	86	0.1195	6	1	1	1	0	0	0	0	0	N	N	N	N	N	N	N	N	N	N	N	N	0.0000	0.0000	0.0000	0.0000	0.0000	0.0000	0.0000	0.0000	0.0000	0.0000	0.0000	0.0000	0.0000	0.0000	0.0000	0.0000	0.0000	0.0000	0.0000	0.0000	0.0000	1.0086	0.0000	2.0000	0.0000	0.0000	0.0000	0.0000	0.0000	0.0000	0.0000	0.0000	0.0000	0.0000	0.0000	0.0000	0.0000	0.0000	0.0000	0.0000	0.0000	0.0000	0.0000	0.0000	0.0000	0.0000	0.0000	0.0000	0.0000	0.0000	0.0000	0.0000	0.0000	0.0000	0.0000	0.0000	0.0000	0.0000	0.0000	0.0000	0.0000	0.0000	0.0000	0.0000	0.0000	0.0000	0.0000	0.0000	0.0000	0.0000	0.0000	0.0000	0.0000	0.0000	0.0000	0.0000	0.0000	0.0000											
68	87	0.0339	4	1	2	1	0	0	0	0	0	N	Y	N	N	N	N	N	N	N	N	N	N	0.0000	0.0000	0.0000	0.0000	0.0000	0.0000	0.0000	0.0000	0.0000	0.0000	0.0000	0.0000	0.0000	0.0000	0.0000	0.0000	0.0000	0.0000	0.0000	0.0000	0.0000	4.0000	0.0000	7.0000	0.0000	0.0000	0.0000	0.0000	0.0000	0.0000	0.0000	0.0000	0.0000	0.0000	0.0000	0.0000	0.0000	0.0000	0.0000	0.0000	0.0000	0.0000	0.0000	0.0000	0.0000	0.0000	0.0000	0.0000	0.0000	0.0000	0.0000	0.0000	0.0000	0.0000	0.0000	0.0000	0.0000	0.0000	0.0000	0.0000	0.0000	0.0000	0.0000	0.0000	0.0000	0.0000	0.0000	0.0000	0.0000	0.0000	0.0000	0.0000	0.0000	0.0000	0.0000	0.0000	0.0000	0.0000											
68	89	0.1367	8	1	2	1	0	0	0	0	0	N	Y	N	N	N	N	N	N	N	N	N	N	0.0000	0.0000	0.0000	0.0000	0.0000	0.0000	0.0000	0.0000	0.0000	0.0000	0.0000	0.0000	0.0000	0.0000	0.0000	0.0000	0.0000	0.0000	0.0000	0.0000	0.0000	0.0157	0.0000	9.0253	0.0000	0.0000	0.0000	0.0000	0.0000	0.0000	0.0000	0.0000	0.0000	0.0000	0.0000	0.0000	0.0000	0.0000	0.0000	0.0000	0.0000	0.0000	0.0000	0.0000	0.0000	0.0000	0.0000	0.0000	0.0000	0.0000	0.0000	0.0000	0.0000	0.0000	0.0000	0.0000	0.0000	0.0000	0.0000	0.0000	0.0000	0.0000	0.0000	0.0000	0.0000	0.0000	0.0000	0.0000	0.0000	0.0000	0.0000	0.0000	0.0000	0.0000	0.0000	0.0000	0.0000	0.0000											
68	90	0.1282	7	1	2	1	0	0	0	0	0	N	Y	N	N	N	N	N	N	N	N	N	N	0.0000	0.0000	0.0000	0.0000	0.0000	0.0000	0.0000	0.0000	0.0000	0.0000	0.0000	0.0000	0.0000	0.0000	0.0000	0.0000	0.0000	0.0000	0.0000	0.0000	0.0000	0.0169	0.0000	2.0013	0.0000	0.0000	0.0000	0.0000	0.0000	0.0000	0.0000	0.0000	0.0000	0.0000	0.0000	0.0000	0.0000	0.0000	0.0000	0.0000	0.0000	0.0000	0.0000	0.0000	0.0000	0.0000	0.0000	0.0000	0.0000	0.0000	0.0000	0.0000	0.0000	0.0000	0.0000	0.0000	0.0000	0.0000	0.0000	0.0000	0.0000	0.0000	0.0000	0.0000	0.0000	0.0000	0.0000	0.0000	0.0000	0.0000	0.0000	0.0000	0.0000	0.0000	0.0000	0.0000	0.0000	0.0000											
68	91	0.1195	6	1	1	1	0	0	0	0	0	N	N	N	N	N	N	N	N	N	N	N	N	0.0000	0.0000	0.0000	0.0000	0.0000	0.0000	0.0000	0.0000	0.0000	0.0000	0.0000	0.0000	0.0000	0.0000	0.0000	0.0000	0.0000	0.0000	0.0000	0.0000	0.0000	1.9923	0.0000	0.0454	0.0000	0.0000	0.0000	0.0000	0.0000	0.0000	0.0000	0.0000	0.0000	0.0000	0.0000	0.0000	0.0000	0.0000	0.0000	0.0000	0.0000	0.0000	0.0000	0.0000	0.0000	0.0000	0.0000	0.0000	0.0000	0.0000	0.0000	0.0000	0.0000	0.0000	0.0000	0.0000	0.0000	0.0000	0.0000	0.0000	0.0000	0.0000	0.0000	0.0000	0.0000	0.0000	0.0000	0.0000	0.0000	0.0000	0.0000	0.0000	0.0000	0.0000	0.0000	0.0000	0.0000	0.0000											
68	92	0.0757	5	1	1	1	0	0	0	0	0	N	N	N	N	N	N	N	N	N	N	N	N	0.0000	0.0000	0.0000	0.0000	0.0000	0.0000	0.0000	0.0000	0.0000	0.0000	0.0000	0.0000	0.0000	0.0000	0.0000	0.0000	0.0000	0.0000	0.0000	0.0000	0.0000	1.0098	0.0000	9.0196	0.0000	0.0000	0.0000	0.0000	0.0000	0.0000	0.0000	0.0000	0.0000	0.0000	0.0000	0.0000	0.0000	0.0000	0.0000	0.0000	0.0000	0.0000	0.0000	0.0000	0.0000	0.0000	0.0000	0.0000	0.0000	0.0000	0.0000	0.0000	0.0000	0.0000	0.0000	0.0000	0.0000	0.0000	0.0000	0.0000	0.0000	0.0000	0.0000	0.0000	0.0000	0.0000	0.0000	0.0000	0.0000	0.0000	0.0000	0.0000	0.0000	0.0000	0.0000	0.0000	0.0000	0.0000											
68	93	0.1724	10	2	2	1	1	0	0	0	0	Y	Y	N	N	N	N	N	N	N	N	N	N	0.0000	0.0000	0.0000	0.0000	0.0000	0.0000	0.0000	0.0000	0.0000	0.0000	0.0000	0.0000	0.0000	0.0000	0.0000	0.0000	0.0000	0.0000	0.0000	0.0000	0.0000	0.0000	0.0000	0.0000	0.0000	0.0000	0.0000	0.0000	0.0000	0.0000	0.0000	0.0000	0.0000	0.0000	0.0000	0.0000	0.0000	0.0000	0.0000	0.0000	0.0000	0.0000	0.0000	0.0000	0.0000	0.0000	0.0000	0.0000	0.0000	0.0000	0.0000	0.0000	0.0000	0.0000	0.0000	0.0000	0.0000	0.0000	0.0000	0.0000	0.0000	0.0000	0.0000	0.0000	0.0000	0.0000	0.0000	0.0000	0.0000	0.0000	0.0000	0.0000	0.0000	0.0000	0.0000	0.0000	0.0000	0.0000											
68	94	0.1724	9	2	2	1	1	0	0	0	0	Y	Y	N	N	N	N	N	N	N	N	N	N	0.0000	0.0000	0.0000	0.0000	0.0000	0.0000	0.0000	0.0000	0.0000	0.0000	0.0000	0.0000	0.0000	0.0000	0.0000	0.0000	0.0000	0.0000	0.0000	0.0000	0.0000	0.0000	0.0000	0.0001	0.0000	0.0000	0.0000	0.0000	0.0000	0.0000	0.0000	0.0000	0.0000	0.0000	0.0000	0.0000	0.0000	0.0000	0.0000	0.0000	0.0000	0.0000	0.0000	0.0000	0.0000	0.0000	0.0000	0.0000	0.0000	0.0000	0.0000	0.0000	0.0000	0.0000	0.0000	0.0000	0.0000	0.0000	0.0000	0.0000	0.0000	0.0000	0.0000	0.0000	0.0000	0.0000	0.0000	0.0000	0.0000	0.0000	0.0000	0.0000	0.0000	0.0000	0.0000	0.0000	0.0000	0.0000											
68	95	0.1545	8	1	2	1	1	0	0	0	0	N	Y	N	N	N	N	N	N	N	N	N	N	0.0000	0.0000	0.0000	0.0000	0.0000	0.0000	0.0000	0.0000	0.0000	0.0000	0.0000	0.0000	0.0000	0.0000	0.0000	0.0000	0.0000	0.0000	0.0000	0.0000	0.0000	0.9845	0.0000	0.9903	0.0000	0.0000	0.0000	0.0000	0.0000	0.0000	0.0000	0.0000	0.0000	0.0000	0.0000	0.0000	0.0000	0.0000	0.0000	0.0000	0.0000	0.0000	0.0000	0.0000	0.0000	0.0000	0.0000	0.0000	0.0000	0.0000	0.0000	0.0000	0.0000	0.0000	0.0000	0.0000	0.0000	0.0000	0.0000	0.0000	0.0000	0.0000	0.0000	0.0000	0.0000	0.0000	0.0000	0.0000	0.0000	0.0000	0.0000	0.0000	0.0000	0.0000	0.0000	0.0000	0.0000	0.0000											
68	96	0.1517	8	1	2	1	0	0	0	0	0	N	Y	N	N	N	N	N	N	N	N	N	N	0.0000	0.0000	0.0000	0.0000	0.0000	0.0000	0.0000	0.0000	0.0000	0.0000	0.0000	0.0000	0.0000	0.0000	0.0000	0.0000	0.0000	0.0000	0.0000	0.0000	0.0000	1.0063	0.0000	3.7812	0.0000	0.0000	0.0000	0.0000	0.0000	0.0000	0.0000	0.0000	0.0000	0.0000	0.0000	0.0000	0.0000	0.0000	0.0000	0.0000	0.0000	0.0000	0.0000	0.0000	0.0000	0.0000	0.0000	0.0000	0.0000	0.0000	0.0000	0.0000	0.0000	0.0000	0.0000	0.0000	0.0000	0.0000	0.0000	0.0000	0.0000	0.0000	0.0000	0.0000	0.0000	0.0000	0.0000	0.0000	0.0000	0.0000	0.0000	0.0000	0.0000	0.0000	0.0000	0.0000	0.0000	0.0000											
68	97	0.1545	8	1	1	2	1	0	0	0	0	N	N	Y	N	N	N	N	N	N	N	N	N	0.0000	0.0000	0.0000	0.0000	0.0000	0.0000	0.0000	0.0000	0.0000	0.0000	0.0000	0.0000	0.0000	0.0000	0.0000	0.0000	0.0000	0.0000	0.0000	0.0000	0.0000	1.0165	0.0000	1.0129	0.0000	0.0000	0.0000	0.0000	0.0000	0.0000	0.0000	0.0000	0.0000	0.0000	0.0000	0.0000	0.0000	0.0000	0.0000	0.0000	0.0000	0.0000	0.0000	0.0000	0.0000	0.0000	0.0000	0.0000	0.0000	0.0000	0.0000	0.0000	0.0000	0.0000	0.0000	0.0000	0.0000	0.0000	0.0000	0.0000	0.0000	0.0000	0.0000	0.0000	0.0000	0.0000	0.0000	0.0000	0.0000	0.0000	0.0000	0.0000	0.0000	0.0000	0.0000	0.0000	0.0000	0.0000											
68	98	0.1416	7	1	1	1	1	0	0	0	0	N	N	N	N	N	N	N	N	N	N	N	N	0.0000	0.0000	0.0000	0.0000	0.0000	0.0000	0.0000	0.0000	0.0000	0.0000	0.0000	0.0000	0.0000	0.0000	0.0000	0.0000	0.0000	0.0000	0.0000	0.0000	0.0000	2.0241	0.0000	1.0265	0.0000	0.0000	0.0000	0.0000	0.0000	0.0000	0.0000	0.0000	0.0000	0.0000	0.0000	0.0000	0.0000	0.0000	0.0000	0.0000	0.0000	0.0000	0.0000	0.0000	0.0000	0.0000	0.0000	0.0000	0.0000	0.0000	0.0000	0.0000	0.0000	0.0000	0.0000	0.0000	0.0000	0.0000	0.0000	0.0000	0.0000	0.0000	0.0000	0.0000	0.0000	0.0000	0.0000	0.0000	0.0000	0.0000	0.0000	0.0000	0.0000	0.0000	0.0000	0.0000	0.0000	0.0000											
68	99	0.1416	7	1	1	2	1	0	0	0	0	N	N	Y	N	N	N	N	N	N	N	N	N	0.0000	0.0000	0.0000	0.0000	0.0000	0.0000	0.0000	0.0000	0.0000	0.0000	0.0000	0.0000	0.0000	0.0000	0.0000	0.0000	0.0000	0.0000	0.0000	0.0000	0.0000	3.0066	0.0000	0.0000	0.0000	0.0000	0.0000	0.0000	0.0000	0.0000	0.0000	0.0000	0.0000	0.0000	0.0000	0.0000	0.0000	0.0000	0.0000	0.0000	0.0000	0.0000	0.0000	0.0000	0.0000	0.0000	0.0000	0.0000	0.0000	0.0000	0.0000	0.0000	0.0000	0.0000	0.0000	0.0000	0.0000	0.0000	0.0000	0.0000	0.0000	0.0000	0.0000	0.0000	0.0000	0.0000	0.0000	0.0000	0.0000	0.0000	0.0000	0.0000	0.0000	0.0000	0.0000	0.0000	0.0000	0.0000											
68	100	0.1673	7	1	1	2	1	0	0	0	0	N	N	Y	N	N	N	N	N	N	N	N	N	0.0000	0.0000	0.0000	0.0000	0.0000	0.0000	0.0000	0.0000	0.0000	0.0000	0.0000	0.0000	0.0000	0.0000	0.0000	0.0000	0.0000	0.0000	0.0000	0.0000	0.0000	0.0000	0.0000	2.0000	0.0000	0.0000	0.0000	0.0000	0.0000	0.0000	0.0000	0.0000	0.0000	0.0000	0.0000	0.0000	0.0000	0.0000	0.0000	0.0000	0.0000	0.0000	0.0000	0.0000	0.0000	0.0000	0.0000	0.0000	0.0000	0.0000	0.0000	0.0000	0.0000	0.0000	0.0000	0.0000	0.0000	0.0000	0.0000	0.0000	0.0000	0.0000	0.0000	0.0000	0.0000	0.0000	0.0000	0.0000	0.0000	0.0000	0.0000	0.0000	0.0000	0.0000	0.0000	0.0000	0.0000	0.0000											
68	101	0.1282	6	1	1	2	1	0	0	0	0	N	N	Y	N	N	N	N	N	N	N	N	N	0.0000	0.0000	0.0000	0.0000	0.0000	0.0000	0.0000	0.0000	0.0000	0.0000	0.0000	0.0000	0.0000	0.0000	0.0000	0.0000	0.0000	0.0000	0.0000	0.0000	0.0000	5.8899	0.0000	3.1847	0.0000	0.0000	0.0000	0.0000	0.0000	0.0000	0.0000	0.0000	0.0000	0.0000	0.0000	0.0000	0.0000	0.0000	0.0000	0.0000	0.0000	0.0000	0.0000	0.0000	0.0000	0.0000	0.0000	0.0000	0.0000	0.0000	0.0000	0.0000	0.0000	0.0000	0.0000	0.0000	0.0000	0.0000	0.0000	0.0000	0.0000	0.0000	0.0000	0.0000	0.0000	0.0000	0.0000	0.0000	0.0000	0.0000	0.0000	0.0000	0.0000	0.0000	0.0000	0.0000	0.0000	0.0000											
68	102	0.1750	6	2	2	1	0	0	0	0	0	Y	Y	N	N	N	N	N	N	N	N	N	N	0.0000	0.0000	0.0000	0.0000	0.0000	0.0000	0.0000	0.0000	0.0000	0.0000	0.0000	0.0000	0.0000	0.0000	0.0000	0.0000	0.0000	0.0000	0.0000	0.0000	0.0000	0.0000	0.0000	0.0000	0.0000	0.0000	0.0000	0.0000	0.0000	0.0000	0.0000	0.0000	0.0000	0.0000	0.0000	0.0000	0.0000	0.0000	0.0000	0.0000	0.0000	0.0000	0.0000	0.0000	0.0000	0.0000	0.0000	0.0000	0.0000	0.0000	0.0000	0.0000	0.0000	0.0000	0.0000	0.0000	0.0000	0.0000	0.0000	0.0000	0.0000	0.0000	0.0000	0.0000	0.0000	0.0000	0.0000	0.0000	0.0000	0.0000	0.0000	0.0000	0.0000	0.0000	0.0000	0.0000	0.0000	0.0000											
68	103	0.0757	5	2	2	1	0	0	0	0	0	Y	Y	N	N	N	N	N	N	N	N	N	N	0.0000	0.0000	0.0000	0.0000	0.0000	0.0000	0.0000	0.0000	0.0000	0.0000	0.0000	0.0000	0.0000	0.0000	0.0000	0.0000	0.0000	0.0000	0.0000	0.0000	0.0000	8.0012	0.0000	14.0016	0.0000	0.0000	0.0000	0.0000	0.0000	0.0000	0.0000	0.0000	0.0000	0.0000	0.0000	0.0000	0.0000	0.0000	0.0000	0.0000	0.0000	0.0000	0.0000	0.0000	0.0000	0.0000	0.0000	0.0000	0.0000	0.0000	0.0000	0.0000	0.0000	0.0000	0.0000	0.0000	0.0000	0.0000	0.0000	0.0000	0.0000	0.0000	0.0000	0.0000	0.0000	0.0000	0.0000	0.0000	0.0000	0.0000	0.0000	0.0000	0.0000	0.0000	0.0000	0.0000	0.0000	0.0000											
68	104	0.1387	6	1	2	1	0	0	0	0	0	N	Y	N	N	N	N	N	N	N	N	N	N	0.0000	0.0000	0.0000	0.0000	0.0000	0.0000	0.0000	0.0000	0.0000	0.0000	0.0000	0.0000	0.0000	0.0000	0.0000	0.0000	0.0000	0.0000	0.0000	0.0000	0.0000	2.0010	0.0000	1.0153	0.0000	0.0000	0.0000	0.0000	0.0000	0.0000	0.0000	0.0000	0.0000	0.0000	0.0000	0.0000	0.0000	0.0000	0.0000	0.0000	0.0000	0.0000	0.0000	0.0000	0.0000	0.0000	0.0000	0.0000	0.0000	0.0000	0.0000	0.0000	0.0000	0.0000	0.0000	0.0000	0.0000	0.0000	0.0000	0.0000	0.0000	0.0000	0.0000	0.0000	0.0000	0.0000	0.0000	0.0000	0.0000	0.0000	0.0000	0.0000	0.0000	0.0000	0.0000	0.0000	0.0000	0.0000											
68	105	0.0757	5	1	2	1	0	0	0	0	0	N	Y	N	N	N	N	N	N	N	N	N	N	0.0000	0.0000	0.0000	0.0000	0.0000	0.0000	0.0000	0.0000	0.0000	0.0000	0.0000	0.0000	0.0000	0.0000	0.0000	0.0000	0.0000	0.0000	0.0000	0.0000	0.0000	3.0162	0.0000	11.0438	0.0000	0.0000	0.0000	0.0000	0.0000	0.0000	0.0000	0.0000	0.0000	0.0000	0.0000	0.0000	0.0000	0.0000	0.0000	0.0000	0.0000	0.0000	0.0000	0.0000	0.0000	0.0000	0.0000	0.0000	0.0000	0.0000	0.0000	0.0000	0.0000	0.0000	0.0000	0.0000	0.0000	0.0000	0.0000	0.0000	0.0000	0.0000	0.0000	0.0000	0.0000	0.0000	0.0000	0.0000	0.0000	0.0000	0.0000	0.0000	0.0000	0.0000	0.0000	0.0000	0.0000	0.0000											
68	106	0.1766	10	2	2	1	0	0	0	0	0	Y	Y	N	N	N	N	N	N	N	N	N	N	0.0000	0.0000	0.0000	0.0000	0.0000	0.0000	0.0000	0.0000	0.0000	0.0000	0.0000	0.0000	0.0000	0.0000	0.0000	0.0000	0.0000	0.0000	0.0000	0.0000	0.0000	1.0000	0.0000	1.0000	0.0000	0.0000	0.0000	0.0000	0.0000	0.0000	0.0000	0.0000	0.0000	0.0000	0.0000	0.0000	0.0000	0.0000	0.0000	0.0000	0.0000	0.0000	0.0000	0.0000	0.0000	0.0000	0.0000	0.0000	0.0000	0.0000	0.0000	0.0000	0.0000	0.0000	0.0000	0.0000	0.0000	0.0000	0.0000	0.0000	0.0000	0.0000	0.0000	0.0000	0.0000	0.0000	0.0000	0.0000	0.0000	0.0000	0.0000	0.0000	0.0000	0.0000	0.0000	0.0000	0.0000	0.0000											
68	107	0.1724	9	2	2	1	0	0	0	0	0	Y	Y	N	N	N	N	N	N	N	N	N	N	0.0000	0.0000	0.0000	0.0000	0.0000	0.0000	0.0000	0.0000	0.0000	0.0000	0.0000	0.0000	0.0000	0.0000	0.0000	0.0000	0.0000	0.0000	0.0000	0.0000	0.0000	0.0000	0.0000	0.9999	0.0000	0.0000	0.0000	0.0000	0.0000	0.0000	0.0000	0.0000	0.0000	0.0000	0.0000	0.0000	0.0000	0.0000	0.0000	0.0000	0.0000	0.0000	0.0000	0.0000	0.0000	0.0000	0.0000	0.0000	0.0000	0.0000	0.0000	0.0000	0.0000	0.0000	0.0000	0.0000	0.0000	0.0000	0.0000	0.0000	0.0000	0.0000	0.0000	0.0000	0.0000	0.0000	0.0000	0.0000	0.0000	0.0000	0.0000	0.0000	0.0000	0.0000	0.0000	0.0000	0.0000	0.0000											
68	108	0.1517	8	2	2	1	0	0	0	0	0	Y	Y	N	N	N	N	N	N	N	N	N	N	0.0000	0.0000	0.0000	0.0000	0.0000	0.0000	0.0000	0.0000	0.0000	0.0000	0.0000	0.0000	0.0000	0.0000	0.0000	0.0000	0.0000	0.0000	0.0000	0.0000	0.0000	0.0100	0.0000	4.8896	0.0000	0.0000	0.0000	0.0000	0.0000	0.0000	0.0000	0.0000	0.0000	0.0000	0.0000	0.0000	0.0000	0.0000	0.0000	0.0000	0.0000	0.0000	0.0000	0.0000	0.0000	0.0000	0.0000	0.0000	0.0000	0.0000	0.0000	0.0000	0.0000	0.0000	0.0000	0.0000	0.0000	0.0000	0.0000	0.0000	0.0000	0.0000	0.0000	0.0000	0.0000	0.0000	0.0000	0.0000	0.0000	0.0000	0.0000	0.0000	0.0000	0.0000	0.0000	0.0000	0.0000	0.0000											
68	109	0.1416	7	1	2	1	0	0	0	0	0	N	Y	N	N	N	N	N	N	N	N	N	N	0.0000	0.0000	0.0000	0.0000	0.0000	0.0000	0.0000	0.0000	0.0000	0.0000	0.0000	0.0000	0.0000	0.0000	0.0000	0.0000	0.0000	0.0000	0.0000	0.0000	0.0000	1.0007	0.0000	1.4004	0.0000	0.0000	0.0000	0.0000	0.0000	0.0000	0.0000	0.0000	0.0000	0.0000	0.0000	0.0000	0.0000	0.0000	0.0000	0.0000	0.0000	0.0000	0.0000	0.0000	0.0000	0.0000	0.0000	0.0000	0.0000	0.0000	0.0000	0.0000	0.0000	0.0000	0.0000	0.0000	0.0000	0.0000	0.0000	0.0000	0.0000	0.0000	0.0000	0.0000	0.0000	0.0000	0.0000	0.0000	0.0000	0.0000	0.0000	0.0000	0.0000	0.0000	0.0000	0.0000	0.0000	0.0000											
68	110	0.1282	6	1	1	1	0	0	0	0	0	N	N	N	N	N	N	N	N	N	N	N	N	0.0000	0.0000	0.0000	0.0000	0.0000	0.0000	0.0000	0.0000	0.0000	0.0000	0.0000	0.0000	0.0000	0.0000	0.0000	0.0000	0.0000	0.0000	0.0000	0.0000	0.0000	0.3039	0.0000	2.8719	0.0000	0.0000	0.0000	0.0000	0.0000	0.0000	0.0000	0.0000	0.0000	0.0000	0.0000	0.0000	0.0000	0.0000	0.0000	0.0000	0.0000	0.0000	0.0000	0.0000	0.0000	0.0000	0.0000	0.0000	0.0000	0.0000	0.0000	0.0000	0.0000	0.0000	0.0000	0.0000	0.0000	0.0000	0.0000	0.0000	0.0000	0.0000	0.0000	0.0000	0.0000	0.0000	0.0000	0.0000	0.0000	0.0000	0.0000	0.0000	0.0000	0.0000	0.0000	0.0000	0.0000	0.0000											
68	111	0.0757	5	1	1	1	0	0	0	0	0	N	N	N	N	N	N	N	N	N	N	N	N	0.0000	0.0000	0.0000	0.0000	0.0000	0.0000	0.0000	0.0000	0.0000	0.0000	0.0000	0.0000	0.0000	0.0000	0.0000	0.0000	0.0000	0.0000	0.0000	0.0000	0.0000	3.8240	0.0000	8.1760	0.0000	0.0000	0.0000	0.0000	0.0000	0.0000	0.0000	0.0000	0.0000	0.0000	0.0000	0.0000	0.0000	0.0000	0.0000	0.0000	0.0000	0.0000	0.0000	0.0000	0.0000	0.0000	0.0000	0.0000	0.0000	0.0000	0.0000	0.0000	0.0000	0.0000	0.0000	0.0000	0.0000	0.0000	0.0000	0.0000	0.0000	0.0000	0.0000	0.0000	0.0000	0.0000	0.0000	0.0000	0.0000	0.0000	0.0000	0.0000	0.0000	0.0000	0.0000	0.0000	0.0000	0.0000											
68	115	0.2684	8	1	1	1	0	0	0	0	0	N	N	N	N	N	N	N	N	N	N	N	N	0.0000	0.0000	0.0000	0.0000	0.0000	0.0000	0.0000	0.0000	0.0000	0.0000	0.0000	0.0000	0.0000	0.0000	0.0000	0.0000	0.0000	0.0000	0.0000	0.0000	0.0000	8.9918	0.0000	13.3277	0.0000	0.0000	0.0000	0.0000	0.0000	0.0000	0.0000	0.0000	0.0000	0.0000	0.0000	0.0000	0.0000	0.0000	0.0000	0.0000	0.0000	0.0000	0.0000	0.0000	0.0000	0.0000	0.0000	0.0000	0.0000	0.0000	0.0000	0.0000	0.0000	0.0000	0.0000	0.0000	0.0000	0.0000	0.0000	0.0000	0.0000	0.0000	0.0000	0.0000	0.0000	0.0000	0.0000	0.0000	0.0000	0.0000	0.0000	0.0000	0.0000	0.0000	0.0000	0.0000	0.0000	0.0000											
69	72	0.0757	4	1	1	1	0	0	0	0	0	N	N	N	N	N	N	N	N	N	N	N	N	inf	inf	inf	inf	1.9498	0.0000	16.7479	0.0000	0.0000	0.0000	3.1389	0.0000	16.8643	0.0000	0.0000	0.0000	0.0000	0.0000	0.0000	0.0000	0.0000	0.0000	inf	0.0005	0.0000	0.0016	5.9987	0.9826	11.0016	0.0009	0.0000	0.0009	0.0000	0.0000	0.0000	0.0009	0.0000	0.0009	0.0000	0.0000	0.0000	0.0000	0.0000	0.0000	0.0000	0.0000	0.0000	0.0005	0.0004	0.0001	0.0002	0.0002	0.0000	0.0003	0.0002	0.0001	0.0332	0.0200	0.0132	0.0046	0.0040	0.0006	0.0286	0.0160	0.0127	inf	0.0000	inf	0.0000	0.0000	0.0000	inf	0.0000	inf	0.0000	0.0000	0.0000	0.0000	0.0000	0.0000	0.0000	0.0000	0.0000						
69	73	0.0339	3	2	0	2	0	0	0	0	0	Y	N	Y	N	N	N	N	N	N	N	N	N	30.0889	inf	0.0000	0.9536	inf	0.0000	0.0000	0.0000	6.1876	7.0330	0.0000	17.5557	17.5558	0.0000	0.0000	0.0000	0.0000	0.2056	0.0000	0.5067	18.4096	0.0000	114.1837	0.0324	0.0000	0.0636	0.0000	inf	-0.0004	0.0014	0.0016	2.0000	0.9826	5.0000	0.0009	0.0009	0.0000	0.0009	0.0009	0.0000	0.0000	0.0000	0.0000	0.0030	0.0000	0.0030	0.0025	0.0000	0.0025	0.0005	0.0000	0.0005	0.0001	0.0001	0.0000	0.0001	0.0001	0.0000	0.0001	0.0001	0.0000	0.0174	0.0091	0.0082	0.0016	0.0015	0.0002	0.0157	0.0077	0.0081	35.9825	inf	0.0000	11.6065	inf	0.0000	0.0000	0.0000	0.0000	0.1720	0.0000	0.3625	1.5126	0.0000	14.7366	0.0324	0.0000	0.0631	
69	74	0.1175	6	1	1	1	0	0	0	0	0	N	N	N	N	N	N	N	N	N	N	N	N	535.6491	80710.9586	0.0000	45316.5861	42903.4464	0.0000	0.0000	0.0000	1.2134	1.5208	0.0000	2.9888	2.9935	0.0000	0.0000	0.0000	0.0000	0.0023	0.0000	0.0059	0.0001	0.0001	0.0000	0.0028	0.0000	0.0063	0.0000	194.4336	-0.0003	0.0000	0.0016	6.1274	0.9826	13.6208	0.0008	0.0008	0.0000	0.0008	0.0008	0.0000	0.0000	0.0000	0.0000	0.0001	0.0000	0.0001	0.0000	0.0000	0.0000	0.0001	0.0000	0.0001	0.0006	0.0005	0.0001	0.0003	0.0003	0.0000	0.0004	0.0002	0.0001	0.0408	0.0251	0.0157	0.0079	0.0068	0.0011	0.0329	0.0183	0.0146	535.6491	80710.9586	0.0000	45316.5861	42903.4464	0.0000	0.0000	0.0000	0.0000	0.0023	0.0000	0.0059	0.0001	0.0001	0.0000	0.0028	0.0000	0.0063	
69	75	0.1421	9	1	0	2	0	0	0	0	0	N	N	Y	N	N	N	N	N	N	N	N	N	0.0000	0.0000	0.0000	0.0000	0.0000	0.0000	0.0000	0.0000	0.0000	0.0000	0.0000	0.0000	0.0000	0.0000	0.0000	0.0000	0.0000	0.0000	0.0000	0.0000	0.0016	0.0000	0.9826	1.0003	0.0000	0.0000	0.0000	0.0000	0.0000	0.0000	0.0000	0.0000	0.0000	0.0000	0.0000	0.0000	0.0000	0.0000	0.0000	0.0000	0.0000	0.0000	0.0000	0.0000	0.0000	0.0000	0.0000	0.0000	0.0000	0.0000	0.0000	0.0026	0.0014	0.0012	0.0004	0.0003	0.0001	0.0022	0.0010	0.0012	0.0000	0.0000	0.0000	0.0000	0.0000	0.0000	0.0000	0.0000	0.0000	0.0000	0.0000	0.0000	0.0000	0.0000	0.0000	0.0000	0.0000	0.0000											
69	76	0.1379	8	1	0	2	0	0	0	0	0	N	N	Y	N	N	N	N	N	N	N	N	N	0.0000	0.0000	0.0000	0.0000	0.0000	0.0000	0.0000	0.0000	0.0000	0.0000	0.0000	0.0000	0.0000	0.0000	0.0000	0.0000	0.0000	0.0000	0.0000	0.0000	0.0016	0.0000	0.9826	1.0076	0.0000	0.0000	0.0000	0.0000	0.0000	0.0000	0.0000	0.0000	0.0000	0.0000	0.0000	0.0000	0.0000	0.0000	0.0000	0.0000	0.0000	0.0000	0.0000	0.0000	0.0000	0.0000	0.0000	0.0000	0.0000	0.0000	0.0000	0.0026	0.0014	0.0012	0.0004	0.0003	0.0001	0.0022	0.0010	0.0012	0.0000	0.0000	0.0000	0.0000	0.0000	0.0000	0.0000	0.0000	0.0000	0.0000	0.0000	0.0000	0.0000	0.0000	0.0000	0.0000	0.0000	0.0000											
69	77	0.1339	7	1	0	1	0	0	0	0	0	N	N	N	N	N	N	N	N	N	N	N	N	1989.3799	2056.2374	3336.7919	1954.2583	0.2262	0.0000	0.4898	0.0000	0.0000	0.0000	0.4447	0.0000	0.4899	0.0001	0.0000	0.0002	0.0000	0.0000	0.0000	0.0001	0.0000	0.0003	inf	inf	0.0000	0.0000	0.0016	0.0026	0.9826	0.9924	0.0000	0.0000	0.0000	0.0000	0.0000	0.0000	0.0000	0.0000	0.0000	0.0000	0.0000	0.0000	0.0000	0.0000	0.0000	0.0000	0.0000	0.0000	0.0000	0.0000	0.0000	0.0000	0.0000	0.0000	0.0000	0.0000	0.0000	0.0026	0.0013	0.0012	0.0004	0.0003	0.0001	0.0022	0.0010	0.0012	1989.3799	0.0000	2056.2374	0.0000	0.0000	0.0000	3336.7919	0.0000	1954.2583	0.0001	0.0000	0.0002	0.0000	0.0000	0.0000	0.0001	0.0000	0.0003					
69	78	0.1175	6	1	0	1	0	0	0	0	0	N	N	N	N	N	N	N	N	N	N	N	N	302.4871	1.3492	400.5963	1.4744	0.8097	757.0628	400.9389	377.0557	2.2248	0.0001	8.2610	0.0004	0.0002	0.1305	3.8908	0.0000	8.2773	0.0074	0.0001	0.0206	0.0003	0.0003	0.0002	0.0097	0.0000	0.0220	24368.9765	121.9004	0.0005	0.0000	0.0016	2.8733	0.9826	1.5522	0.0009	0.0000	0.0009	0.0000	0.0000	0.0000	0.0009	0.0000	0.0009	0.0001	0.0000	0.0001	0.0000	0.0000	0.0000	0.0001	0.0000	0.0001	0.0004	0.0003	0.0001	0.0002	0.0002	0.0000	0.0002	0.0001	0.0001	0.0126	0.0082	0.0045	0.0031	0.0029	0.0003	0.0095	0.0053	0.0042	302.4871	1.3492	400.5963	1.4744	0.8097	757.0628	400.9389	0.0000	377.0557	0.0074	0.0001	0.0206	0.0003	0.0003	0.0002	0.0097	0.0000	0.0220	
69	79	0.1054	5	1	0	1	0	0	0	0	0	N	N	N	N	N	N	N	N	N	N	N	N	12.8211	28.9526	6.6360	17.0702	16.5167	0.0000	13.9141	2849.7158	6.4585	0.6703	0.3311	1.1478	0.4050	0.4052	0.0000	0.9124	0.0027	1.1483	0.0523	0.0114	0.1730	0.0237	0.0245	0.0009	0.0656	0.0000	0.1778	2.4636	5.9467	0.0000	0.0003	0.0016	0.2102	0.9826	3.4985	0.0001	0.0000	0.0000	0.0000	0.0000	0.0000	0.0000	0.0000	0.0000	0.0008	0.0001	0.0007	0.0001	0.0001	0.0000	0.0007	0.0000	0.0007	0.0001	0.0001	0.0000	0.0000	0.0000	0.0000	0.0000	0.0000	0.0000	0.0156	0.0103	0.0053	0.0049	0.0048	0.0002	0.0106	0.0055	0.0052	12.8211	28.9526	8.7650	17.0702	16.5167	0.0000	13.9141	2849.7158	8.4933	0.0523	0.0114	0.1310	0.0237	0.0245	0.0009	0.0656	0.0000	0.1352
69	80	0.1364	7	1	1	1	0	0	0	0	0	N	N	N	N	N	N	N	N	N	N	N	N	0.0000	0.0000	0.0000	0.0000	0.0000	0.0000	0.0000	0.0000	0.0000	0.0000	0.0000	0.0000	0.0000	0.0000	0.0000	0.0000	0.0000	0.0000	0.0000	0.0000	0.0001	0.0001	0.0001	0.0000	0.0000	0.0000	0.4734	0.0000	-0.0000	0.0016	2.0196	0.9826	6.0690	0.0000	0.0000	0.0000	0.0000	0.0000	0.0000	0.0000	0.0000	0.0000	0.0000	0.0000	0.0000	0.0000	0.0000	0.0000	0.0000	0.0000	0.0000	0.0002	0.0001	0.0000	0.0001	0.0001	0.0000	0.0001	0.0001	0.0000	0.0178	0.0111	0.0067	0.0038	0.0033	0.0006	0.0139	0.0078	0.0061	0.0000	0.0000	0.0000	0.0000	0.0000	0.0000	0.0000	0.0000	0.0000	0.0000	0.0000	0.0000	0.0001	0.0001	0.0001	0.0000	0.0000	0.0000		
69	81	0.1282	6	1	0	1	0	0	0	0	0	N	N	N	N	N	N	N	N	N	N	N	N	0.0000	0.0000	0.0000	0.0000	0.0000	0.0000	0.0000	0.0000	0.0000	0.0000	0.0000	0.0000	0.0000	0.0000	0.0000	0.0000	0.0000	0.0000	0.0023	0.0036	0.0001	0.0112	0.0132	0.0000	0.0001	0.0000	0.0001	0.0227	0.0000	-0.0000	0.0016	0.9876	0.9826	0.9833	0.0000	0.0000	0.0000	0.0000	0.0000	0.0000	0.0000	0.0000	0.0000	0.0000	0.0000	0.0000	0.0000	0.0000	0.0000	0.0000	0.0000	0.0000	0.0001	0.0001	0.0000	0.0000	0.0000	0.0000	0.0001	0.0000	0.0000	0.0044	0.0027	0.0017	0.0009	0.0007	0.0001	0.0035	0.0020	0.0015	0.0000	0.0000	0.0000	0.0000	0.0000	0.0000	0.0000	0.0000	0.0000	0.0023	0.0036	0.0001	0.0112	0.0132	0.0000	0.0001	0.0000	0.0001	
69	82	0.0622	4	2	0	2	0	0	0	0	0	Y	N	Y	N	N	N	N	N	N	N	N	N	781621.0939	inf	0.0000	inf	inf	1122733.7255	inf	0.0000	11.0229	12.5373	0.0000	0.0079	0.0079	0.0000	17.7192	21.9570	0.0000	0.0000	0.0000	0.0000	0.0000	0.0000	0.0000	0.0000	0.0000	0.0000	0.0000	inf	-0.0004	0.0000	0.0016	1.0000	0.9826	2.9874	0.0009	0.0009	0.0000	0.0000	0.0000	0.0000	0.0009	0.0009	0.0000	0.0000	0.0000	0.0000	0.0000	0.0000	0.0000	0.0000	0.0000	0.0000	0.0001	0.0001	0.0000	0.0000	0.0000	0.0000	0.0001	0.0000	0.0000	0.0090	0.0055	0.0036	0.0010	0.0009	0.0001	0.0081	0.0046	0.0035	781621.0939	inf	0.0000	inf	inf	0.0000	1122733.7255	inf	0.0000	0.0000	0.0000	0.0000	0.0000	0.0000	0.0000	0.0000	0.0000	0.0000	
69	83	0.0339	3	2	0	2	0	0	0	0	0	Y	N	Y	N	N	N	N	N	N	N	N	N	4255.7377	1002997.2151	0.0000	448568.8856	402527.1693	0.0000	0.0000	12.2485	13.9343	0.0000	34.7407	34.7408	0.0000	0.0000	0.0000	0.0000	0.0029	0.0000	0.0061	0.0001	0.0001	0.0000	0.0032	0.0000	0.0062	0.0000	393.0818	-0.0004	0.0000	0.0016	0.9997	0.9826	6.0128	0.0009	0.0009	0.0000	0.0009	0.0009	0.0000	0.0000	0.0000	0.0000	0.0001	0.0000	0.0001	0.0000	0.0000	0.0000	0.0001	0.0000	0.0001	0.0001	0.0001	0.0000	0.0000	0.0000	0.0000	0.0000	0.0000	0.0000	0.0174	0.0092	0.0083	0.0016	0.0015	0.0002	0.0158	0.0077	0.0081	4255.7377	1002997.2151	0.0000	448568.8856	402527.1693	0.0000	0.0000	0.0000	0.0000	0.0029	0.0000	0.0061	0.0001	0.0001	0.0000	0.0032	0.0000	0.0062		
69	84	0.0757	4	1	1	1	1	0	0	0	0	N	N	N	N	N	N	N	N	N	N	N	N	3.1537	754.7456	0.0000	407.8247	357.3713	0.0000	0.0000	1.1606	1.3104	0.0000	3.0712	3.0778	0.0000	0.0000	0.0000	0.0000	0.3680	0.0017	0.8406	0.0075	0.0086	0.0000	0.2874	0.0000	0.9269	0.0000	236.7524	-0.0003	0.0043	0.0016	8.0013	0.9826	12.0015	0.0007	0.0007	0.0000	0.0007	0.0007	0.0000	0.0000	0.0000	0.0000	0.0095	0.0000	0.0095	0.0000	0.0000	0.0000	0.0095	0.0000	0.0095	0.0006	0.0005	0.0001	0.0002	0.0002	0.0000	0.0004	0.0003	0.0001	0.0383	0.0230	0.0152	0.0053	0.0046	0.0007	0.0330	0.0184	0.0146	4.6701	754.7456	0.0000	407.8247	357.3713	0.0000	0.0000	0.0000	0.0000	0.2485	0.0017	0.6219	0.0075	0.0086	0.0000	0.2874	0.0000	0.6504		
69	85	0.1322	6	1	1	1	0	0	0	0	0	N	N	N	N	N	N	N	N	N	N	N	N	0.0000	0.0000	0.0000	0.0000	0.0000	0.0000	0.0000	0.0000	0.0000	0.0000	0.0000	0.0000	0.0000	0.0006	0.0010	0.0000	0.0030	0.0036	0.0000	0.0000	0.0000	0.0000	0.0000	0.0000	-0.0000	0.0016	1.0000	0.9826	6.9850	0.0000	0.0000	0.0000	0.0000	0.0000	0.0000	0.0000	0.0000	0.0000	0.0000	0.0000	0.0000	0.0000	0.0000	0.0000	0.0000	0.0000	0.0000	0.0001	0.0001	0.0000	0.0000	0.0000	0.0000	0.0001	0.0000	0.0000	0.0170	0.0105	0.0065	0.0034	0.0028	0.0005	0.0137	0.0077	0.0060	0.0000	0.0000	0.0000	0.0000	0.0000	0.0000	0.0000	0.0000	0.0000	0.0006	0.0010	0.0000	0.0030	0.0036	0.0000	0.0000	0.0000	0.0000						
69	86	0.1194	5	1	0	1	0	0	0	0	0	N	N	N	N	N	N	N	N	N	N	N	N	0.0000	0.0000	0.0000	0.0000	0.0000	0.0000	0.0000	0.0000	0.0000	0.0000	0.0000	0.0000	0.0000	0.0000	0.0000	0.0000	0.0000	0.0000	0.0001	0.0001	0.0000	0.0003	0.0004	0.0001	0.0000	0.0000	0.0000	0.0343	0.0000	-0.0000	0.0016	1.0086	0.9826	2.0000	0.0000	0.0000	0.0000	0.0000	0.0000	0.0000	0.0000	0.0000	0.0000	0.0000	0.0000	0.0000	0.0000	0.0000	0.0000	0.0000	0.0000	0.0000	0.0001	0.0001	0.0000	0.0000	0.0000	0.0000	0.0001	0.0000	0.0000	0.0067	0.0041	0.0026	0.0013	0.0011	0.0002	0.0054	0.0030	0.0024	0.0000	0.0000	0.0000	0.0000	0.0000	0.0000	0.0000	0.0000	0.0000	0.0001	0.0001	0.0000	0.0003	0.0004	0.0001	0.0000	0.0000	0.0000	
69	87	0.0339	3	1	1	1	0	0	0	0	0	N	N	N	N	N	N	N	N	N	N	N	N	inf	inf	inf	inf	3.1576	3.5826	0.0000	8.9645	8.9645	0.0000	0.0000	0.0000	0.0000	0.0000	0.0000	0.0000	0.0000	0.0000	0.0000	0.0000	0.0000	0.0000	0.0000	-0.0004	0.0000	0.0016	4.0000	0.9826	7.0000	0.0009	0.0009	0.0000	0.0009	0.0009	0.0000	0.0000	0.0000	0.0000	0.0000	0.0000	0.0000	0.0000	0.0000	0.0000	0.0000	0.0000	0.0000	0.0003	0.0003	0.0000	0.0001	0.0001	0.0000	0.0002	0.0002	0.0000	0.0263	0.0139	0.0124	0.0025	0.0022	0.0003	0.0238	0.0117	0.0121	inf	inf	0.0000	inf	inf	0.0000	0.0000	0.0000	0.0000	0.0000	0.0000	0.0000	0.0000	0.0000	0.0000	0.0000	0.0000	0.0000						
69	89	0.1367	7	1	1	1	0	0	0	0	0	N	N	N	N	N	N	N	N	N	N	N	N	0.0000	0.0000	0.0000	0.0000	0.0000	0.0000	0.0000	0.0000	0.0000	0.0000	0.0000	0.0000	0.0000	0.0000	0.0000	0.0000	0.0000	48.9338	0.1201	246.7095	2.1686	2.6465	0.0000	63.4605	0.0000	246.7187	656.5245	0.0000	0.4419	0.0016	0.0157	0.9826	9.0253	0.0000	0.0000	0.0000	0.0000	0.0000	0.0000	0.0000	0.0000	0.0000	0.9638	0.0015	0.9624	0.0015	0.0015	0.0000	0.9624	0.0000	0.9624	0.0000	0.0000	0.0000	0.0000	0.0000	0.0000	0.0000	0.0000	0.0000	0.0197	0.0122	0.0075	0.0045	0.0038	0.0008	0.0152	0.0084	0.0067	0.0000	0.0000	0.0000	0.0000	0.0000	0.0000	0.0000	0.0000	0.0000	48.9338	0.1201	128.3968	0.3235	0.3893	0.0000	63.4605	0.0000	143.0262		
69	90	0.1282	6	1	1	1	0	0	0	0	0	N	N	N	N	N	N	N	N	N	N	N	N	0.0000	0.0000	0.0000	0.0000	0.0000	0.0000	0.0000	0.0000	0.0000	0.0000	0.0000	0.0000	0.0000	0.0000	0.0000	0.0000	0.0000	0.8924	0.0051	1.7859	0.0161	0.0190	0.0000	0.6367	0.0000	1.8866	160.8483	0.0000	0.0011	0.0016	0.0169	0.9826	2.0013	0.0000	0.0000	0.0000	0.0000	0.0000	0.0000	0.0000	0.0000	0.0000	0.0023	0.0000	0.0023	0.0000	0.0000	0.0000	0.0023	0.0000	0.0023	0.0000	0.0000	0.0000	0.0000	0.0000	0.0000	0.0000	0.0000	0.0000	0.0045	0.0028	0.0017	0.0009	0.0008	0.0001	0.0036	0.0020	0.0016	0.0000	0.0000	0.0000	0.0000	0.0000	0.0000	0.0000	0.0000	0.0000	0.5140	0.0051	1.3425	0.0161	0.0190	0.0000	0.6367	0.0000	1.4610		
69	91	0.1194	5	1	0	1	0	0	0	0	0	N	N	N	N	N	N	N	N	N	N	N	N	0.0000	0.0000	0.0000	0.0000	0.0000	0.0000	0.0000	0.0000	0.0000	0.0000	0.0000	0.0000	0.0000	0.0000	0.0000	0.0000	0.0000	0.0000	0.0022	0.0002	0.0054	0.0005	0.0006	0.0001	0.0026	0.0000	0.0058	20.2259	0.0000	0.0000	0.0016	1.9923	0.9826	0.0454	0.0000	0.0000	0.0000	0.0000	0.0000	0.0000	0.0000	0.0000	0.0000	0.0000	0.0000	0.0000	0.0000	0.0000	0.0000	0.0000	0.0000	0.0000	0.0002	0.0001	0.0000	0.0001	0.0001	0.0000	0.0001	0.0001	0.0000	0.0046	0.0028	0.0018	0.0009	0.0008	0.0001	0.0037	0.0021	0.0017	0.0000	0.0000	0.0000	0.0000	0.0000	0.0000	0.0000	0.0000	0.0000	0.0022	0.0002	0.0054	0.0005	0.0006	0.0001	0.0026	0.0000	0.0058	
69	92	0.0757	4	1	0	1	0	0	0	0	0	N	N	N	N	N	N	N	N	N	N	N	N	0.2679	0.1868	0.0000	0.0138	0.0113	0.0000	0.0000	0.0143	0.0165	0.0000	0.0370	0.0371	0.0000	0.0000	0.0000	0.0000	0.0533	0.0886	0.0000	2.6776	3.2923	0.0000	0.0000	0.0000	0.0000	0.0000	0.0001	-0.0000	-0.0006	0.0016	1.0098	0.9826	9.0196	0.0000	0.0000	0.0000	0.0000	0.0000	0.0000	0.0000	0.0000	0.0000	0.0011	0.0011	0.0000	0.0011	0.0011	0.0000	0.0000	0.0000	0.0000	0.0001	0.0001	0.0000	0.0000	0.0000	0.0000	0.0001	0.0000	0.0000	0.0206	0.0124	0.0082	0.0028	0.0025	0.0004	0.0178	0.0099	0.0079	0.2679	0.1868	0.0000	0.0952	0.0836	0.0000	0.0000	0.0000	0.0000	0.0533	0.0886	0.0000	0.3885	0.4433	0.0000	0.0000	0.0000	0.0000		
69	93	0.1724	9	2	1	1	1	0	0	0	0	Y	N	N	N	N	N	N	N	N	N	N	N	0.0000	0.0000	0.0000	0.0000	0.0000	0.0000	0.0000	0.0000	0.0000	0.0000	0.0000	0.0000	0.0000	0.0000	0.0000	0.0000	0.0000	0.0000	0.0000	0.0000	0.0016	0.0000	0.9826	0.0000	0.0000	0.0000	0.0000	0.0000	0.0000	0.0000	0.0000	0.0000	0.0000	0.0000	0.0000	0.0000	0.0000	0.0000	0.0000	0.0000	0.0000	0.0000	0.0000	0.0000	0.0000	0.0000	0.0000	0.0000	0.0000	0.0000	0.0000	0.0000	0.0000	0.0000	0.0000	0.0000	0.0000	0.0000	0.0000	0.0000	0.0000	0.0000	0.0000	0.0000	0.0000	0.0000	0.0000	0.0000	0.0000	0.0000	0.0000	0.0000	0.0000	0.0000	0.0000	0.0000	0.0000	0.0000											
69	94	0.1724	8	2	1	1	1	0	0	0	0	Y	N	N	N	N	N	N	N	N	N	N	N	0.0000	0.0000	0.0000	0.0000	0.0000	0.0000	0.0000	0.0000	0.0000	0.0000	0.0000	0.0000	0.0000	0.0000	0.0000	0.0000	0.0000	0.0000	0.0000	0.0000	0.0016	0.0000	0.9826	0.0001	0.0000	0.0000	0.0000	0.0000	0.0000	0.0000	0.0000	0.0000	0.0000	0.0000	0.0000	0.0000	0.0000	0.0000	0.0000	0.0000	0.0000	0.0000	0.0000	0.0000	0.0000	0.0000	0.0000	0.0000	0.0000	0.0000	0.0000	0.0000	0.0000	0.0000	0.0000	0.0000	0.0000	0.0000	0.0000	0.0000	0.0000	0.0000	0.0000	0.0000	0.0000	0.0000	0.0000	0.0000	0.0000	0.0000	0.0000	0.0000	0.0000	0.0000	0.0000	0.0000	0.0000	0.0000											
69	95	0.1545	7	1	1	1	1	0	0	0	0	N	N	N	N	N	N	N	N	N	N	N	N	391929.6086	0.0000	35006328.5097	0.0000	0.0000	37979876.3992	33041871.6749	6.4883	0.0000	22.6858	0.0000	0.0000	0.0000	11.5039	0.0000	22.7493	0.0000	0.0000	0.0000	0.0001	0.0001	0.0000	0.0000	0.0000	0.0000	inf	0.0149	0.0005	-0.0000	0.0016	0.9845	0.9826	0.9903	0.0009	0.0000	0.0009	0.0000	0.0000	0.0000	0.0009	0.0000	0.0009	0.0000	0.0000	0.0000	0.0000	0.0000	0.0000	0.0000	0.0000	0.0000	0.0001	0.0001	0.0000	0.0001	0.0001	0.0000	0.0001	0.0000	0.0000	0.0045	0.0028	0.0017	0.0009	0.0008	0.0001	0.0036	0.0020	0.0016	391929.6086	0.0000	35006328.5097	0.0000	0.0000	0.0000	37979876.3992	0.0000	33041871.6749	0.0000	0.0000	0.0000	0.0001	0.0001	0.0000	0.0000	0.0000	0.0000		
69	96	0.1517	7	1	1	1	0	0	0	0	0	N	N	N	N	N	N	N	N	N	N	N	N	3.0891	2.3313	0.0000	2.6519	2.3519	0.0000	0.0015	0.0017	0.0000	0.0039	0.0039	0.0000	0.0000	0.0000	0.0000	0.0005	0.0007	0.0000	0.0015	0.0017	0.0000	0.0000	0.0000	0.0000	0.0000	0.0020	-0.0000	-0.0000	0.0016	1.0063	0.9826	3.7812	0.0000	0.0000	0.0000	0.0000	0.0000	0.0000	0.0000	0.0000	0.0000	0.0000	0.0000	0.0000	0.0000	0.0000	0.0000	0.0000	0.0000	0.0000	0.0001	0.0001	0.0000	0.0000	0.0000	0.0000	0.0001	0.0000	0.0000	0.0160	0.0105	0.0055	0.0052	0.0046	0.0006	0.0108	0.0059	0.0049	3.0891	2.3313	0.0000	2.6519	2.3519	0.0000	0.0000	0.0000	0.0000	0.0005	0.0007	0.0000	0.0015	0.0017	0.0000	0.0000	0.0000	0.0000			
69	97	0.1545	7	1	0	2	1	0	0	0	0	N	N	Y	N	N	N	N	N	N	N	N	N	6980.1760	6089.5620	3189.5900	2841.7993	0.1111	0.1549	0.0000	0.2553	0.2557	0.0000	0.0000	0.0000	0.0000	0.0000	0.0000	0.0000	0.0001	0.0001	0.0000	0.0000	0.0000	0.0000	0.0000	0.0000	-0.0000	-0.0000	0.0016	1.0165	0.9826	1.0129	0.0000	0.0000	0.0000	0.0000	0.0000	0.0000	0.0000	0.0000	0.0000	0.0000	0.0000	0.0000	0.0000	0.0000	0.0000	0.0000	0.0000	0.0000	0.0001	0.0001	0.0000	0.0001	0.0001	0.0000	0.0001	0.0000	0.0000	0.0047	0.0029	0.0017	0.0009	0.0008	0.0001	0.0037	0.0021	0.0016	6980.1760	6089.5620	0.0000	3189.5900	2841.7993	0.0000	0.0000	0.0000	0.0000	0.0000	0.0000	0.0000	0.0001	0.0001	0.0000	0.0000	0.0000	0.0000					
69	98	0.1416	6	1	0	1	1	0	0	0	0	N	N	N	N	N	N	N	N	N	N	N	N	15.7793	3.2356	inf	1.9840	1.7088	inf	inf	0.1182	0.0395	0.5012	0.0829	0.0831	0.0000	0.1412	0.0000	0.5043	0.0075	0.0122	0.0000	0.0418	0.0486	0.0000	0.0000	0.0000	0.0000	2.6098	0.0000	0.0000	-0.0000	0.0016	2.0241	0.9826	1.0265	0.0000	0.0000	0.0000	0.0000	0.0000	0.0000	0.0000	0.0000	0.0000	0.0000	0.0000	0.0000	0.0000	0.0000	0.0000	0.0000	0.0000	0.0000	0.0002	0.0002	0.0000	0.0001	0.0001	0.0000	0.0001	0.0001	0.0000	0.0067	0.0041	0.0026	0.0012	0.0010	0.0002	0.0055	0.0031	0.0024	15.7793	3.2356	inf	1.9840	1.7088	0.0000	inf	0.0000	inf	0.0075	0.0122	0.0000	0.0418	0.0486	0.0000	0.0000	0.0000	0.0000		
69	99	0.1416	6	1	0	2	1	0	0	0	0	N	N	Y	N	N	N	N	N	N	N	N	N	inf	inf	inf	inf	0.0237	0.0281	0.0000	0.0608	0.0610	0.0000	0.0000	0.0000	0.0000	0.0000	0.0000	0.0000	0.0000	0.0000	0.0000	0.0000	0.0000	0.0000	0.0000	-0.0000	0.0000	0.0016	3.0066	0.9826	0.0000	0.0000	0.0000	0.0000	0.0000	0.0000	0.0000	0.0000	0.0000	0.0000	0.0000	0.0000	0.0000	0.0000	0.0000	0.0000	0.0000	0.0000	0.0000	0.0003	0.0002	0.0000	0.0001	0.0001	0.0000	0.0002	0.0001	0.0000	0.0066	0.0040	0.0025	0.0012	0.0010	0.0002	0.0054	0.0030	0.0024	inf	inf	0.0000	inf	inf	0.0000	0.0000	0.0000	0.0000	0.0000	0.0000	0.0000	0.0000	0.0000	0.0000	0.0000	0.0000	0.0000						
69	100	0.1673	6	1	0	2	1	0	0	0	0	N	N	Y	N	N	N	N	N	N	N	N	N	0.0000	0.0000	0.0000	0.0000	0.0000	0.0000	0.0000	0.0000	0.0000	0.0000	0.0000	0.0000	0.0000	0.0000	0.0000	0.0000	0.0000	0.0000	0.0000	0.0000	0.0016	0.0000	0.9826	2.0000	0.0000	0.0000	0.0000	0.0000	0.0000	0.0000	0.0000	0.0000	0.0000	0.0000	0.0000	0.0000	0.0000	0.0000	0.0000	0.0000	0.0000	0.0000	0.0000	0.0000	0.0000	0.0000	0.0000	0.0000	0.0000	0.0000	0.0000	0.0043	0.0026	0.0017	0.0008	0.0007	0.0001	0.0035	0.0019	0.0016	0.0000	0.0000	0.0000	0.0000	0.0000	0.0000	0.0000	0.0000	0.0000	0.0000	0.0000	0.0000	0.0000	0.0000	0.0000	0.0000	0.0000	0.0000											
69	101	0.1282	5	1	0	2	1	0	0	0	0	N	N	Y	N	N	N	N	N	N	N	N	N	84.9276	63.6367	0.0000	70.8361	69.0761	0.0000	0.0000	0.0000	0.0000	0.0032	0.0037	0.0000	0.0084	0.0084	0.0000	0.0000	0.0000	0.0000	0.0000	0.0001	0.0000	0.0001	0.0001	0.0001	0.0000	0.0000	0.0000	0.0000	0.0665	-0.0000	-0.0000	0.0016	5.8899	0.9826	3.1847	0.0000	0.0000	0.0000	0.0000	0.0000	0.0000	0.0000	0.0000	0.0000	0.0000	0.0000	0.0000	0.0000	0.0000	0.0000	0.0000	0.0000	0.0000	0.0005	0.0004	0.0001	0.0002	0.0002	0.0000	0.0003	0.0002	0.0001	0.0201	0.0124	0.0078	0.0039	0.0034	0.0005	0.0163	0.0090	0.0073	84.9276	63.6367	0.0000	70.8361	69.0761	0.0000	0.0000	0.0000	0.0000	0.0000	0.0001	0.0000	0.0001	0.0001	0.0001	0.0000	0.0000	0.0000
69	102	0.1750	5	2	1	1	0	0	0	0	0	Y	N	N	N	N	N	N	N	N	N	N	N	0.0000	0.0000	0.0000	0.0000	0.0000	0.0000	0.0000	0.0000	0.0000	0.0000	0.0000	0.0000	0.0000	0.0000	0.0000	0.0000	0.0000	0.0000	0.0000	0.0000	0.0016	0.0000	0.9826	0.0000	0.0000	0.0000	0.0000	0.0000	0.0000	0.0000	0.0000	0.0000	0.0000	0.0000	0.0000	0.0000	0.0000	0.0000	0.0000	0.0000	0.0000	0.0000	0.0000	0.0000	0.0000	0.0000	0.0000	0.0000	0.0000	0.0000	0.0000	0.0000	0.0000	0.0000	0.0000	0.0000	0.0000	0.0000	0.0000	0.0000	0.0000	0.0000	0.0000	0.0000	0.0000	0.0000	0.0000	0.0000	0.0000	0.0000	0.0000	0.0000	0.0000	0.0000	0.0000	0.0000	0.0000	0.0000											
69	103	0.0757	4	2	1	1	0	0	0	0	0	Y	N	N	N	N	N	N	N	N	N	N	N	inf	inf	inf	inf	1.1606	1.3104	0.0000	3.0712	3.0778	0.0000	0.0000	0.0000	0.0000	0.0000	0.0000	0.0000	0.0000	0.0000	0.0000	0.0000	0.0000	0.0000	0.0000	-0.0003	0.0000	0.0016	8.0012	0.9826	14.0016	0.0007	0.0007	0.0000	0.0007	0.0007	0.0000	0.0000	0.0000	0.0000	0.0000	0.0000	0.0000	0.0000	0.0000	0.0000	0.0000	0.0000	0.0000	0.0006	0.0005	0.0001	0.0002	0.0002	0.0000	0.0004	0.0003	0.0001	0.0415	0.0250	0.0165	0.0058	0.0050	0.0007	0.0357	0.0199	0.0158	inf	inf	0.0000	inf	inf	0.0000	0.0000	0.0000	0.0000	0.0000	0.0000	0.0000	0.0000	0.0000	0.0000	0.0000	0.0000	0.0000						
69	104	0.1387	5	1	1	1	0	0	0	0	0	N	N	N	N	N	N	N	N	N	N	N	N	0.0000	0.0000	0.0000	0.0000	0.0000	0.0000	0.0000	0.0000	0.0000	0.0000	0.0000	0.0000	0.0000	0.0000	0.0000	0.0000	0.0000	0.0000	0.0000	0.0000	0.0001	0.0001	0.0001	0.0000	0.0000	0.0000	0.5438	0.0000	-0.0000	0.0016	2.0010	0.9826	1.0153	0.0000	0.0000	0.0000	0.0000	0.0000	0.0000	0.0000	0.0000	0.0000	0.0000	0.0000	0.0000	0.0000	0.0000	0.0000	0.0000	0.0000	0.0000	0.0002	0.0001	0.0000	0.0001	0.0001	0.0000	0.0001	0.0001	0.0000	0.0069	0.0043	0.0026	0.0017	0.0013	0.0003	0.0053	0.0030	0.0023	0.0000	0.0000	0.0000	0.0000	0.0000	0.0000	0.0000	0.0000	0.0000	0.0000	0.0000	0.0000	0.0001	0.0001	0.0001	0.0000	0.0000	0.0000		
69	105	0.0757	4	1	1	1	0	0	0	0	0	N	N	N	N	N	N	N	N	N	N	N	N	2.8510	4824.2857	0.0000	3231.9433	2835.5126	0.0000	0.0000	0.0000	0.0051	0.0058	0.0000	0.0134	0.0134	0.0000	0.0000	0.0000	0.0000	0.0018	0.0000	0.0045	0.0000	0.0000	0.0000	0.0021	0.0000	0.0047	0.0000	2468.1232	-0.0000	0.0000	0.0016	3.0162	0.9826	11.0438	0.0000	0.0000	0.0000	0.0000	0.0000	0.0000	0.0000	0.0000	0.0000	0.0001	0.0000	0.0001	0.0000	0.0000	0.0000	0.0001	0.0000	0.0001	0.0002	0.0002	0.0000	0.0001	0.0001	0.0000	0.0002	0.0001	0.0000	0.0281	0.0169	0.0112	0.0039	0.0034	0.0005	0.0242	0.0135	0.0107	2.8510	4824.2857	0.0000	3231.9433	2835.5126	0.0000	0.0000	0.0000	0.0000	0.0018	0.0000	0.0045	0.0000	0.0000	0.0000	0.0021	0.0000	0.0047	
69	106	0.1766	9	2	1	1	0	0	0	0	0	Y	N	N	N	N	N	N	N	N	N	N	N	0.0000	0.0000	0.0000	0.0000	0.0000	0.0000	0.0000	0.0000	0.0000	0.0000	0.0000	0.0000	0.0000	0.0000	0.0000	0.0000	0.0000	0.0000	0.0000	0.0000	0.0016	1.0000	0.9826	1.0000	0.0000	0.0000	0.0000	0.0000	0.0000	0.0000	0.0000	0.0000	0.0000	0.0000	0.0000	0.0000	0.0000	0.0000	0.0000	0.0000	0.0000	0.0000	0.0001	0.0001	0.0000	0.0000	0.0000	0.0000	0.0000	0.0000	0.0000	0.0045	0.0029	0.0016	0.0017	0.0014	0.0003	0.0029	0.0016	0.0013	0.0000	0.0000	0.0000	0.0000	0.0000	0.0000	0.0000	0.0000	0.0000	0.0000	0.0000	0.0000	0.0000	0.0000	0.0000	0.0000	0.0000	0.0000											
69	107	0.1724	8	2	1	1	0	0	0	0	0	Y	N	N	N	N	N	N	N	N	N	N	N	0.0000	0.0000	0.0000	0.0000	0.0000	0.0000	0.0000	0.0000	0.0000	0.0000	0.0000	0.0000	0.0000	0.0000	0.0000	0.0000	0.0000	0.0000	0.0000	0.0000	0.0016	0.0000	0.9826	0.9999	0.0000	0.0000	0.0000	0.0000	0.0000	0.0000	0.0000	0.0000	0.0000	0.0000	0.0000	0.0000	0.0000	0.0000	0.0000	0.0000	0.0000	0.0000	0.0000	0.0000	0.0000	0.0000	0.0000	0.0000	0.0000	0.0000	0.0000	0.0023	0.0014	0.0008	0.0007	0.0006	0.0001	0.0016	0.0009	0.0007	0.0000	0.0000	0.0000	0.0000	0.0000	0.0000	0.0000	0.0000	0.0000	0.0000	0.0000	0.0000	0.0000	0.0000	0.0000	0.0000	0.0000	0.0000											
69	108	0.1517	7	2	1	1	0	0	0	0	0	Y	N	N	N	N	N	N	N	N	N	N	N	150.6723	131.7678	0.0000	157.3048	139.3020	0.0000	0.0000	0.0000	0.0806	0.1070	0.0000	0.1855	0.1858	0.0000	0.0000	0.0000	0.0000	0.0005	0.0008	0.0000	0.0012	0.0013	0.0000	0.0002	0.0004	0.0000	0.0000	0.0017	-0.0000	-0.0000	0.0016	0.0100	0.9826	4.8896	0.0000	0.0000	0.0000	0.0000	0.0000	0.0000	0.0000	0.0000	0.0000	0.0000	0.0000	0.0000	0.0000	0.0000	0.0000	0.0000	0.0000	0.0000	0.0000	0.0000	0.0000	0.0000	0.0000	0.0000	0.0000	0.0000	0.0000	0.0162	0.0107	0.0056	0.0053	0.0047	0.0006	0.0110	0.0060	0.0049	150.6723	131.7678	0.0000	157.3048	139.3020	0.0000	0.0000	0.0000	0.0000	0.0005	0.0008	0.0000	0.0012	0.0013	0.0000	0.0002	0.0004	0.0000	
69	109	0.1416	6	1	1	1	0	0	0	0	0	N	N	N	N	N	N	N	N	N	N	N	N	78.3624	61.1096	117.4281	34.5893	29.7813	88.1735	110.2407	0.0598	0.0742	0.0055	0.1439	0.1442	0.0000	0.0019	0.0000	0.0055	0.0008	0.0012	0.0000	0.0042	0.0048	0.0000	0.0000	0.0000	0.0000	0.0195	0.0241	-0.0000	-0.0000	0.0016	1.0007	0.9826	1.4004	0.0000	0.0000	0.0000	0.0000	0.0000	0.0000	0.0000	0.0000	0.0000	0.0000	0.0000	0.0000	0.0000	0.0000	0.0000	0.0000	0.0000	0.0000	0.0001	0.0001	0.0000	0.0000	0.0000	0.0000	0.0001	0.0000	0.0000	0.0053	0.0032	0.0020	0.0009	0.0008	0.0001	0.0043	0.0024	0.0019	78.3624	61.1096	117.4281	34.5893	29.7813	0.0000	88.1735	0.0000	110.2407	0.0008	0.0012	0.0000	0.0042	0.0048	0.0000	0.0000	0.0000	0.0000		
69	110	0.1282	5	1	0	1	0	0	0	0	0	N	N	N	N	N	N	N	N	N	N	N	N	2280.0345	358.8738	59140.9276	374.0505	382.4720	0.0000	6376.0301	0.0000	851464.2857	0.2119	0.0504	0.9044	0.0923	0.0948	0.0000	0.3067	0.0000	0.9620	0.0001	0.0001	0.0000	0.0002	0.0002	0.0002	0.0000	0.0001	0.0000	4.1895	0.0665	0.0000	-0.0000	0.0016	0.3039	0.9826	2.8719	0.0000	0.0000	0.0000	0.0000	0.0000	0.0000	0.0000	0.0000	0.0000	0.0000	0.0000	0.0000	0.0000	0.0000	0.0000	0.0000	0.0000	0.0000	0.0000	0.0000	0.0000	0.0000	0.0000	0.0000	0.0000	0.0000	0.0000	0.0082	0.0051	0.0031	0.0018	0.0017	0.0002	0.0063	0.0034	0.0029	2280.0345	358.8738	59140.9276	374.0505	382.4720	0.0000	6376.0301	0.0000	851464.2857	0.0001	0.0001	0.0000	0.0002	0.0002	0.0002	0.0000	0.0001	0.0000
69	111	0.0757	4	1	0	1	0	0	0	0	0	N	N	N	N	N	N	N	N	N	N	N	N	1114.6534	766.8986	606.2351	414624.8923	363926.7088	1.9444	0.0000	584.1822	2.2972	2.6068	0.0240	6.0353	6.0481	0.0000	0.0046	0.0000	0.0242	0.0021	0.0034	0.0000	0.0000	0.0000	0.0000	0.0024	0.0042	0.0000	0.0013	0.0077	-0.0003	-0.0000	0.0016	3.8240	0.9826	8.1760	0.0007	0.0007	0.0000	0.0007	0.0007	0.0000	0.0000	0.0000	0.0000	0.0001	0.0000	0.0000	0.0000	0.0000	0.0000	0.0001	0.0000	0.0000	0.0003	0.0003	0.0000	0.0001	0.0001	0.0000	0.0002	0.0002	0.0000	0.0243	0.0146	0.0097	0.0033	0.0029	0.0004	0.0210	0.0117	0.0093	1114.6534	766.8986	606.2351	414624.8923	363926.7088	0.0000	1.9444	0.0000	584.1822	0.0021	0.0034	0.0000	0.0000	0.0000	0.0000	0.0024	0.0042	0.0000	
69	115	0.2684	7	1	0	1	0	0	0	0	0	N	N	N	N	N	N	N	N	N	N	N	N	14.5899	0.0000	869.0019	0.0279	0.0000	634.1961	627.5918	0.0000	713.2068	0.7699	0.0000	3.2909	0.0043	0.0000	0.6937	1.3488	0.0000	3.3206	0.0528	0.0723	0.0038	0.1527	0.2003	0.0011	0.0021	0.0003	0.0047	inf	0.0209	0.0004	-0.0022	0.0016	8.9918	0.9826	13.3277	0.0008	0.0000	0.0008	0.0000	0.0000	0.0000	0.0008	0.0000	0.0008	0.0041	0.0041	0.0001	0.0041	0.0040	0.0000	0.0001	0.0000	0.0001	0.0010	0.0008	0.0002	0.0004	0.0004	0.0000	0.0006	0.0003	0.0002	0.0785	0.0561	0.0224	0.0389	0.0335	0.0055	0.0395	0.0226	0.0169	14.5899	0.0000	869.0019	0.0409	0.0000	634.1961	627.5918	0.0000	713.2068	0.0528	0.0723	0.0038	0.1042	0.1210	0.0011	0.0021	0.0003	0.0047
70	72	0.0716	3	1	1	1	0	0	0	0	0	N	N	N	N	N	N	N	N	N	N	N	N	3190008.7194	inf	35581.5526	24963603.1641	inf	0.0000	13878.1206	36243.6679	2.5958	2.9188	0.0725	7.9679	7.9967	0.0000	0.0122	0.0000	0.0732	0.0000	0.0000	0.0000	0.0000	0.0000	0.0000	0.0000	0.0000	0.0000	0.0032	inf	-0.0014	0.0000	0.0061	5.9987	3.0249	11.0016	0.0031	0.0031	0.0000	0.0031	0.0031	0.0000	0.0000	0.0000	0.0000	0.0000	0.0000	0.0000	0.0000	0.0000	0.0000	0.0000	0.0000	0.0000	0.0012	0.0011	0.0001	0.0004	0.0004	0.0000	0.0008	0.0007	0.0001	0.1011	0.0609	0.0402	0.0116	0.0103	0.0013	0.0896	0.0507	0.0389	3190008.7194	inf	35581.5526	24963603.1641	inf	0.0000	13878.1206	0.0000	36243.6679	0.0000	0.0000	0.0000	0.0000	0.0000	0.0000	0.0000	0.0000	0.0000	
70	73	0.0298	2	2	0	2	0	0	0	0	0	Y	N	Y	N	N	N	N	N	N	N	N	N	12.8581	0.2522	59.0388	0.0067	0.0095	0.0000	36.3178	0.0000	90.7138	2.2271	0.0271	18.9378	0.0786	0.0786	0.0000	3.1672	0.0000	18.9392	0.1732	0.1074	0.3208	11.7562	8.2482	17.6248	0.0872	0.0004	0.2088	92.0847	1.7835	0.0005	0.0008	0.0061	2.0000	3.0249	5.0000	0.0009	0.0000	0.0009	0.0000	0.0000	0.0000	0.0009	0.0000	0.0009	0.0083	0.0030	0.0053	0.0041	0.0030	0.0011	0.0042	0.0000	0.0042	0.0004	0.0004	0.0000	0.0001	0.0001	0.0000	0.0003	0.0002	0.0000	0.0526	0.0278	0.0248	0.0039	0.0036	0.0003	0.0487	0.0242	0.0245	14.1051	0.2522	88.3028	0.0758	0.0950	0.0000	36.3178	0.0000	109.5154	0.1579	0.1074	0.2145	1.0369	0.8276	3.3665	0.0872	0.0004	0.1729
70	74	0.1134	5	1	1	1	0	0	0	0	0	N	N	N	N	N	N	N	N	N	N	N	N	8.0769	5.4189	20.8019	4.4719	3.9406	1477.7751	9.6956	0.0000	17.8217	0.6098	0.0094	5.2814	0.0256	0.0257	0.0196	0.8929	0.0000	5.3339	0.0755	0.0017	0.2539	0.0057	0.0065	0.0000	0.0921	0.0000	0.2993	72.0281	67.4711	0.0004	0.0042	0.0061	6.1274	3.0249	13.6208	0.0008	0.0000	0.0008	0.0000	0.0000	0.0000	0.0008	0.0000	0.0008	0.0095	0.0001	0.0094	0.0001	0.0001	0.0000	0.0094	0.0000	0.0094	0.0013	0.0011	0.0001	0.0004	0.0004	0.0000	0.0008	0.0007	0.0001	0.1261	0.0800	0.0461	0.0242	0.0213	0.0029	0.1019	0.0586	0.0432	8.0769	5.4189	25.9764	4.4719	3.9406	1477.7751	9.6956	0.0000	24.5843	0.0755	0.0017	0.2033	0.0057	0.0065	0.0000	0.0921	0.0000	0.2170
70	75	0.1379	8	1	0	2	0	0	0	0	0	N	N	Y	N	N	N	N	N	N	N	N	N	0.0000	0.0000	0.0000	0.0000	0.0000	0.0000	0.0000	0.0000	0.0000	0.0000	0.0000	0.0000	0.0000	0.0000	0.0000	0.0000	0.0000	0.0000	0.0000	0.0000	0.0000	0.0000	inf	0.0000	0.0000	0.0061	0.0000	3.0249	1.0003	0.0000	0.0000	0.0000	0.0000	0.0000	0.0000	0.0000	0.0000	0.0000	0.0000	0.0000	0.0000	0.0000	0.0000	0.0000	0.0000	0.0000	0.0000	0.0000	0.0000	0.0000	0.0000	0.0000	0.0000	0.0000	0.0000	0.0000	0.0079	0.0043	0.0036	0.0012	0.0011	0.0002	0.0067	0.0033	0.0034	0.0000	0.0000	0.0000	0.0000	0.0000	0.0000	0.0000	0.0000	0.0000	0.0000	0.0000	0.0000	0.0000	0.0000	0.0000	0.0000	0.0000	0.0000						
70	76	0.1338	7	1	0	2	0	0	0	0	0	N	N	Y	N	N	N	N	N	N	N	N	N	0.0000	0.0000	0.0000	0.0000	0.0000	0.0000	0.0000	0.0000	0.0000	0.0000	0.0000	0.0000	0.0000	0.0000	0.0000	0.0000	0.0001	0.0001	0.0000	0.0000	0.0000	0.0000	0.0143	0.0000	-0.0000	0.0061	0.0000	3.0249	1.0076	0.0000	0.0000	0.0000	0.0000	0.0000	0.0000	0.0000	0.0000	0.0000	0.0000	0.0000	0.0000	0.0000	0.0000	0.0000	0.0000	0.0000	0.0000	0.0000	0.0000	0.0000	0.0000	0.0000	0.0000	0.0000	0.0000	0.0000	0.0079	0.0043	0.0036	0.0012	0.0010	0.0002	0.0068	0.0033	0.0034	0.0000	0.0000	0.0000	0.0000	0.0000	0.0000	0.0000	0.0000	0.0000	0.0000	0.0000	0.0000	0.0001	0.0001	0.0000	0.0000	0.0000	0.0000						
70	77	0.1297	6	1	0	1	0	0	0	0	0	N	N	N	N	N	N	N	N	N	N	N	N	196.5905	235736.9752	8.5716	141747.8785	123170.3463	2.9908	8.2225	0.7274	0.8106	0.0696	1.8086	1.8108	0.0000	0.0130	0.0000	0.0699	0.0037	0.0000	0.0081	0.0000	0.0000	0.0000	0.0043	0.0000	0.0085	0.0109	1975.0420	-0.0000	0.0000	0.0061	0.0026	3.0249	0.9924	0.0000	0.0000	0.0000	0.0000	0.0000	0.0000	0.0000	0.0000	0.0000	0.0000	0.0000	0.0000	0.0000	0.0000	0.0000	0.0000	0.0000	0.0000	0.0000	0.0000	0.0000	0.0000	0.0000	0.0000	0.0000	0.0000	0.0000	0.0078	0.0043	0.0036	0.0012	0.0010	0.0002	0.0067	0.0033	0.0034	196.5905	235736.9752	8.5716	141747.8785	123170.3463	0.0000	2.9908	0.0000	8.2225	0.0037	0.0000	0.0081	0.0000	0.0000	0.0000	0.0043	0.0000	0.0085		
70	78	0.1134	5	1	0	1	0	0	0	0	0	N	N	N	N	N	N	N	N	N	N	N	N	4.2330	323.5915	0.1324	327.4566	304.1795	0.0000	0.0720	0.0000	0.1192	1.4341	1.6042	0.1337	4.3059	4.3207	0.0000	0.0231	0.0000	0.1350	0.3388	0.0050	1.0098	0.0131	0.0142	0.0001	0.3201	0.0000	1.1323	0.0109	73.3322	-0.0004	0.0042	0.0061	2.8733	3.0249	1.5522	0.0009	0.0009	0.0000	0.0009	0.0009	0.0000	0.0000	0.0000	0.0000	0.0095	0.0001	0.0094	0.0001	0.0001	0.0000	0.0094	0.0000	0.0094	0.0006	0.0005	0.0001	0.0002	0.0002	0.0000	0.0004	0.0003	0.0001	0.0390	0.0258	0.0132	0.0097	0.0090	0.0007	0.0293	0.0168	0.0125	5.8866	323.5915	0.1885	327.4566	304.1795	0.0000	0.0720	0.0000	0.1799	0.2436	0.0050	0.7092	0.0131	0.0142	0.0001	0.3201	0.0000	0.7505
70	79	0.1012	4	1	0	1	0	0	0	0	0	N	N	N	N	N	N	N	N	N	N	N	N	0.5032	0.7433	0.6389	0.2161	0.2011	247.7227	0.2442	0.0000	0.6333	1.1036	0.8862	2.6743	2.1449	2.1592	0.7440	0.5070	0.0000	2.7345	2.1933	1.1922	4.1857	9.9235	10.7391	0.0030	2.0766	0.0001	4.3178	0.4176	4.6512	-0.0000	0.0245	0.0061	0.2102	3.0249	3.4985	0.0001	0.0000	0.0000	0.0000	0.0000	0.0000	0.0000	0.0000	0.0000	0.0864	0.0153	0.0711	0.0153	0.0153	0.0000	0.0711	0.0000	0.0711	0.0001	0.0000	0.0000	0.0000	0.0000	0.0000	0.0000	0.0000	0.0000	0.0511	0.0336	0.0175	0.0168	0.0163	0.0005	0.0343	0.0172	0.0170	0.6523	1.9458	0.6583	2.3609	2.3067	247.7227	0.2442	0.0000	0.6540	1.6917	0.4554	4.0625	0.9085	0.9361	0.0030	2.0766	0.0001	4.1812
70	80	0.1323	6	1	1	1	0	0	0	0	0	N	N	N	N	N	N	N	N	N	N	N	N	0.0000	0.0000	0.0000	0.0000	0.0000	0.0000	0.0000	0.0000	0.0000	0.0000	0.0000	0.0000	0.0000	0.0000	0.0000	0.0000	0.0000	0.0000	0.0006	0.0009	0.0000	0.0028	0.0032	0.0001	0.0000	0.0000	0.0000	0.0061	0.0000	-0.0000	0.0061	2.0196	3.0249	6.0690	0.0000	0.0000	0.0000	0.0000	0.0000	0.0000	0.0000	0.0000	0.0000	0.0000	0.0000	0.0000	0.0000	0.0000	0.0000	0.0000	0.0000	0.0000	0.0004	0.0004	0.0000	0.0001	0.0001	0.0000	0.0003	0.0002	0.0000	0.0549	0.0345	0.0204	0.0108	0.0094	0.0015	0.0440	0.0251	0.0189	0.0000	0.0000	0.0000	0.0000	0.0000	0.0000	0.0000	0.0000	0.0000	0.0006	0.0009	0.0000	0.0028	0.0032	0.0001	0.0000	0.0000	0.0000	
70	81	0.1241	5	1	0	1	0	0	0	0	0	N	N	N	N	N	N	N	N	N	N	N	N	0.0000	0.0000	0.0000	0.0000	0.0000	0.0000	0.0000	0.0000	0.0000	0.0000	0.0000	0.0000	0.0000	0.0000	0.0000	0.0000	0.0000	0.0000	0.0015	0.0002	0.0038	0.0003	0.0003	0.0000	0.0018	0.0001	0.0041	13.2900	0.0000	0.0000	0.0061	0.9876	3.0249	0.9833	0.0000	0.0000	0.0000	0.0000	0.0000	0.0000	0.0000	0.0000	0.0000	0.0000	0.0000	0.0000	0.0000	0.0000	0.0000	0.0000	0.0000	0.0000	0.0002	0.0002	0.0000	0.0001	0.0001	0.0000	0.0001	0.0001	0.0000	0.0136	0.0085	0.0051	0.0024	0.0021	0.0004	0.0112	0.0064	0.0048	0.0000	0.0000	0.0000	0.0000	0.0000	0.0000	0.0000	0.0000	0.0000	0.0015	0.0002	0.0038	0.0003	0.0003	0.0000	0.0018	0.0001	0.0041	
70	82	0.0580	3	2	0	2	0	0	0	0	0	Y	N	Y	N	N	N	N	N	N	N	N	N	930610.2810	651826.5926	0.0000	247609.6861	231442.8349	745924.9294	inf	0.0000	4.3984	4.9745	0.0000	13.5722	13.6067	0.0000	0.0713	0.0858	0.0000	0.0000	0.0000	0.0000	0.0001	0.0001	0.0000	0.0000	0.0000	0.0000	0.0000	0.0188	-0.0004	-0.0000	0.0061	1.0000	3.0249	2.9874	0.0009	0.0009	0.0000	0.0009	0.0009	0.0000	0.0000	0.0000	0.0000	0.0000	0.0000	0.0000	0.0000	0.0000	0.0000	0.0000	0.0000	0.0000	0.0002	0.0002	0.0000	0.0001	0.0001	0.0000	0.0001	0.0001	0.0000	0.0274	0.0167	0.0108	0.0023	0.0022	0.0002	0.0251	0.0145	0.0106	930610.2810	651826.5926	0.0000	247609.6861	231442.8349	0.0000	745924.9294	inf	0.0000	0.0000	0.0000	0.0000	0.0001	0.0001	0.0000	0.0000	0.0000	0.0000	
70	83	0.0298	2	2	0	2	0	0	0	0	0	Y	N	Y	N	N	N	N	N	N	N	N	N	21.5496	30.2165	74.5903	3.8305	11.3162	0.0000	34.5590	inf	75.2009	4.4129	0.0538	37.3896	0.1558	0.1558	0.0000	6.2754	0.0002	37.3924	0.2048	0.0018	0.5013	0.0407	0.0138	0.4547	0.1816	0.0000	0.4972	91.9136	180.9885	0.0005	0.0041	0.0061	0.9997	3.0249	6.0128	0.0009	0.0000	0.0009	0.0000	0.0000	0.0000	0.0009	0.0000	0.0009	0.0090	0.0000	0.0090	0.0002	0.0000	0.0001	0.0089	0.0000	0.0089	0.0002	0.0002	0.0000	0.0001	0.0001	0.0000	0.0001	0.0001	0.0000	0.0527	0.0278	0.0249	0.0039	0.0036	0.0003	0.0488	0.0242	0.0245	25.7921	30.2165	103.6515	3.8305	11.3162	0.0000	34.5590	inf	103.5815	0.1711	0.0018	0.3607	0.0407	0.0138	0.3402	0.1816	0.0000	0.3610
70	84	0.0716	3	1	1	1	1	0	0	0	0	N	N	N	N	N	N	N	N	N	N	N	N	0.0520	0.0591	0.0922	0.0031	0.0029	0.0000	0.0707	0.0948	0.4540	0.0071	3.9727	0.0194	0.0195	0.0000	0.6629	0.0000	4.0139	8.7246	0.1201	43.0985	6.3151	6.7567	0.0000	9.3737	0.0000	42.3573	71.0785	114.5875	0.0004	0.4400	0.0061	8.0013	3.0249	12.0015	0.0007	0.0000	0.0007	0.0000	0.0000	0.0000	0.0007	0.0000	0.0007	0.9747	0.0084	0.9662	0.0084	0.0084	0.0000	0.9662	0.0000	0.9662	0.0016	0.0014	0.0002	0.0005	0.0005	0.0000	0.0011	0.0009	0.0002	0.1165	0.0702	0.0463	0.0134	0.0119	0.0015	0.1031	0.0583	0.0448	0.0542	0.0591	0.1902	0.0308	0.0274	0.0000	0.0707	0.0000	0.1859	8.3691	0.1201	20.8816	0.6302	0.7106	0.0000	9.3737	0.0000	21.5883	
70	85	0.1280	5	1	1	1	0	0	0	0	0	N	N	N	N	N	N	N	N	N	N	N	N	0.0000	0.0000	0.0000	0.0000	0.0000	0.0000	0.0000	0.0000	0.0000	0.0000	0.0000	0.0000	0.0000	0.0000	0.0000	0.0008	0.0012	0.0000	0.0032	0.0038	0.0000	0.0002	0.0004	0.0000	0.0000	0.0000	-0.0000	0.0061	1.0000	3.0249	6.9850	0.0000	0.0000	0.0000	0.0000	0.0000	0.0000	0.0000	0.0000	0.0000	0.0000	0.0000	0.0000	0.0000	0.0000	0.0000	0.0000	0.0000	0.0000	0.0002	0.0002	0.0000	0.0001	0.0001	0.0000	0.0001	0.0001	0.0000	0.0526	0.0325	0.0200	0.0094	0.0079	0.0014	0.0432	0.0246	0.0186	0.0000	0.0000	0.0000	0.0000	0.0000	0.0000	0.0000	0.0000	0.0000	0.0008	0.0012	0.0000	0.0032	0.0038	0.0000	0.0002	0.0004	0.0000				
70	86	0.1153	4	1	0	1	0	0	0	0	0	N	N	N	N	N	N	N	N	N	N	N	N	0.0000	0.0000	0.0000	0.0000	0.0000	0.0000	0.0000	0.0000	0.0000	0.0000	0.0000	0.0000	0.0000	0.0000	0.0000	0.0000	0.0000	0.0000	0.0006	0.0010	0.0000	0.0034	0.0040	0.0000	0.0000	0.0000	0.0000	0.0017	0.0000	-0.0000	0.0061	1.0086	3.0249	2.0000	0.0000	0.0000	0.0000	0.0000	0.0000	0.0000	0.0000	0.0000	0.0000	0.0000	0.0000	0.0000	0.0000	0.0000	0.0000	0.0000	0.0000	0.0000	0.0002	0.0002	0.0000	0.0001	0.0001	0.0000	0.0001	0.0001	0.0000	0.0207	0.0127	0.0080	0.0036	0.0031	0.0005	0.0170	0.0096	0.0074	0.0000	0.0000	0.0000	0.0000	0.0000	0.0000	0.0000	0.0000	0.0000	0.0006	0.0010	0.0000	0.0034	0.0040	0.0000	0.0000	0.0000	0.0000	
70	87	0.0298	2	1	1	1	0	0	0	0	0	N	N	N	N	N	N	N	N	N	N	N	N	9038.5506	58.4702	inf	23.9780	21.9962	inf	inf	1.1342	0.0138	9.7144	0.0400	0.0400	0.0000	1.6132	0.0000	9.7151	0.0001	0.0002	0.0000	0.0017	0.0018	0.0000	0.0000	0.0000	0.0000	92.0847	0.0000	0.0005	-0.0000	0.0061	4.0000	3.0249	7.0000	0.0009	0.0000	0.0009	0.0000	0.0000	0.0000	0.0009	0.0000	0.0009	0.0000	0.0000	0.0000	0.0000	0.0000	0.0000	0.0000	0.0000	0.0000	0.0008	0.0007	0.0001	0.0002	0.0002	0.0000	0.0006	0.0005	0.0001	0.0797	0.0424	0.0372	0.0060	0.0055	0.0005	0.0737	0.0369	0.0368	9038.5506	58.4702	inf	23.9780	21.9962	0.0000	inf	0.0000	inf	0.0001	0.0002	0.0000	0.0017	0.0018	0.0000	0.0000	0.0000	0.0000		
70	89	0.1326	6	1	1	1	0	0	0	0	0	N	N	N	N	N	N	N	N	N	N	N	N	0.0000	0.0000	0.0000	0.0000	0.0000	0.0000	0.0000	0.0000	0.0000	0.0000	0.0000	0.0000	0.0000	0.0000	0.0000	0.0000	0.0000	0.0000	1.0682	0.0158	2.5167	0.0414	0.0498	0.0002	0.7742	0.0029	3.0048	61.9486	0.0000	0.0165	0.0061	0.0157	3.0249	9.0253	0.0000	0.0000	0.0000	0.0000	0.0000	0.0000	0.0000	0.0000	0.0000	0.0372	0.0006	0.0366	0.0005	0.0005	0.0000	0.0367	0.0001	0.0366	0.0000	0.0000	0.0000	0.0000	0.0000	0.0000	0.0000	0.0000	0.0000	0.0598	0.0373	0.0224	0.0124	0.0103	0.0021	0.0474	0.0271	0.0203	0.0000	0.0000	0.0000	0.0000	0.0000	0.0000	0.0000	0.0000	0.0000	0.6226	0.0158	1.6319	0.0414	0.0498	0.0002	0.7742	0.0029	1.8000	
70	90	0.1241	5	1	1	1	0	0	0	0	0	N	N	N	N	N	N	N	N	N	N	N	N	0.0000	0.0000	0.0000	0.0000	0.0000	0.0000	0.0000	0.0000	0.0000	0.0000	0.0000	0.0000	0.0000	0.0000	0.0000	0.0000	0.0000	0.0000	0.0072	0.0003	0.0187	0.0007	0.0008	0.0000	0.0087	0.0001	0.0201	42.9787	0.0000	0.0000	0.0061	0.0169	3.0249	2.0013	0.0000	0.0000	0.0000	0.0000	0.0000	0.0000	0.0000	0.0000	0.0000	0.0001	0.0000	0.0001	0.0000	0.0000	0.0000	0.0001	0.0000	0.0001	0.0000	0.0000	0.0000	0.0000	0.0000	0.0000	0.0000	0.0000	0.0000	0.0139	0.0087	0.0053	0.0025	0.0021	0.0004	0.0114	0.0065	0.0049	0.0000	0.0000	0.0000	0.0000	0.0000	0.0000	0.0000	0.0000	0.0000	0.0072	0.0003	0.0187	0.0007	0.0008	0.0000	0.0087	0.0001	0.0201	
70	91	0.1153	4	1	0	1	0	0	0	0	0	N	N	N	N	N	N	N	N	N	N	N	N	0.0000	0.0000	0.0000	0.0000	0.0000	0.0000	0.0000	0.0000	0.0000	0.0000	0.0000	0.0000	0.0000	0.0000	0.0000	0.0000	0.0000	0.0000	0.0009	0.0014	0.0001	0.0048	0.0056	0.0000	0.0001	0.0001	0.0001	0.0321	0.0000	-0.0000	0.0061	1.9923	3.0249	0.0454	0.0000	0.0000	0.0000	0.0000	0.0000	0.0000	0.0000	0.0000	0.0000	0.0000	0.0000	0.0000	0.0000	0.0000	0.0000	0.0000	0.0000	0.0000	0.0004	0.0004	0.0000	0.0001	0.0001	0.0000	0.0003	0.0002	0.0000	0.0142	0.0087	0.0055	0.0025	0.0022	0.0004	0.0117	0.0066	0.0051	0.0000	0.0000	0.0000	0.0000	0.0000	0.0000	0.0000	0.0000	0.0000	0.0009	0.0014	0.0001	0.0048	0.0056	0.0000	0.0001	0.0001	0.0001	
70	92	0.0716	3	1	0	1	0	0	0	0	0	N	N	N	N	N	N	N	N	N	N	N	N	0.0372	0.0002	25.7883	0.0000	0.0000	0.0000	0.4375	0.0000	25.2331	0.0059	0.0001	0.0509	0.0002	0.0002	0.0000	0.0087	0.0000	0.0515	0.1598	0.4214	0.0020	13.5750	16.5839	0.0000	0.0199	0.0337	0.0020	92.0847	0.0053	0.0000	-0.0050	0.0061	1.0098	3.0249	9.0196	0.0000	0.0000	0.0000	0.0000	0.0000	0.0000	0.0000	0.0000	0.0000	0.0093	0.0093	0.0000	0.0082	0.0082	0.0000	0.0011	0.0011	0.0000	0.0002	0.0002	0.0000	0.0001	0.0001	0.0000	0.0001	0.0001	0.0000	0.0628	0.0378	0.0250	0.0071	0.0063	0.0008	0.0556	0.0315	0.0242	0.0401	0.0003	25.7883	0.0002	0.0002	0.0000	0.4375	0.0000	25.2331	0.1484	0.2452	0.0020	1.1503	1.2954	0.0000	0.0199	0.0337	0.0020
70	93	0.1683	8	2	1	1	1	0	0	0	0	Y	N	N	N	N	N	N	N	N	N	N	N	0.0000	0.0000	0.0000	0.0000	0.0000	0.0000	0.0000	0.0000	0.0000	0.0000	0.0000	0.0000	0.0000	0.0000	0.0000	0.0000	0.0000	0.0000	0.0000	0.0000	0.0061	0.0000	3.0249	0.0000	0.0000	0.0000	0.0000	0.0000	0.0000	0.0000	0.0000	0.0000	0.0000	0.0000	0.0000	0.0000	0.0000	0.0000	0.0000	0.0000	0.0000	0.0000	0.0000	0.0000	0.0000	0.0000	0.0000	0.0000	0.0000	0.0000	0.0000	0.0000	0.0000	0.0000	0.0000	0.0000	0.0000	0.0000	0.0000	0.0000	0.0000	0.0000	0.0000	0.0000	0.0000	0.0000	0.0000	0.0000	0.0000	0.0000	0.0000	0.0000	0.0000	0.0000	0.0000	0.0000	0.0000	0.0000											
70	94	0.1683	7	2	1	1	1	0	0	0	0	Y	N	N	N	N	N	N	N	N	N	N	N	0.0000	0.0000	0.0000	0.0000	0.0000	0.0000	0.0000	0.0000	0.0000	0.0000	0.0000	0.0000	0.0000	0.0001	0.0000	0.0007	0.0003	0.0000	0.0271	0.0000	0.0000	0.0000	inf	0.0000	0.0000	0.0061	0.0000	3.0249	0.0001	0.0000	0.0000	0.0000	0.0000	0.0000	0.0000	0.0000	0.0000	0.0000	0.0000	0.0000	0.0000	0.0000	0.0000	0.0000	0.0000	0.0000	0.0000	0.0000	0.0000	0.0000	0.0000	0.0000	0.0000	0.0000	0.0000	0.0000	0.0000	0.0000	0.0000	0.0000	0.0000	0.0000	0.0000	0.0000	0.0000	0.0000	0.0000	0.0000	0.0000	0.0000	0.0000	0.0000	0.0000	0.0000	0.0001	0.0000	0.0007	0.0003	0.0000	0.0271	0.0000	0.0000	0.0000						
70	95	0.1503	6	1	1	1	1	0	0	0	0	N	N	N	N	N	N	N	N	N	N	N	N	4468.2715	3148.6727	27665.1972	2326.1770	2104.4846	0.0000	7643.9387	0.0000	1052699.1103	4.3106	4.8218	0.4005	12.4180	12.4894	0.0000	0.0705	0.0000	0.4074	0.0010	0.0015	0.0000	0.0053	0.0059	0.0003	0.0000	0.0000	0.0000	0.0109	0.0056	-0.0004	-0.0000	0.0061	0.9845	3.0249	0.9903	0.0009	0.0009	0.0000	0.0009	0.0009	0.0000	0.0000	0.0000	0.0000	0.0000	0.0000	0.0000	0.0000	0.0000	0.0000	0.0000	0.0000	0.0000	0.0002	0.0002	0.0000	0.0001	0.0001	0.0000	0.0001	0.0001	0.0000	0.0138	0.0087	0.0052	0.0025	0.0022	0.0003	0.0114	0.0064	0.0049	4468.2715	3148.6727	27665.1972	2326.1770	2104.4846	0.0000	7643.9387	0.0000	1052699.1103	0.0010	0.0015	0.0000	0.0053	0.0059	0.0003	0.0000	0.0000	0.0000
70	96	0.1475	6	1	1	1	0	0	0	0	0	N	N	N	N	N	N	N	N	N	N	N	N	0.6504	0.0063	10.5830	0.0079	0.0073	0.0000	4.5379	0.0000	11.9103	0.0006	0.0000	0.0048	0.0000	0.0000	0.0000	0.0008	0.0000	0.0049	0.0009	0.0011	0.0005	0.0023	0.0025	0.0008	0.0002	0.0000	0.0004	92.0847	0.2198	0.0000	-0.0000	0.0061	1.0063	3.0249	3.7812	0.0000	0.0000	0.0000	0.0000	0.0000	0.0000	0.0000	0.0000	0.0000	0.0000	0.0000	0.0000	0.0000	0.0000	0.0000	0.0000	0.0000	0.0000	0.0002	0.0002	0.0000	0.0001	0.0001	0.0000	0.0001	0.0001	0.0000	0.0487	0.0321	0.0166	0.0156	0.0137	0.0019	0.0331	0.0184	0.0148	0.6504	0.0063	10.5830	0.0079	0.0073	0.0000	4.5379	0.0000	11.9103	0.0009	0.0011	0.0005	0.0023	0.0025	0.0008	0.0002	0.0000	0.0004
70	97	0.1503	6	1	0	2	1	0	0	0	0	N	N	Y	N	N	N	N	N	N	N	N	N	77.3723	0.5916	45068.1850	0.4357	0.3940	0.0000	12359.8205	0.0000	inf	0.0728	0.0009	0.6231	0.0023	0.0023	0.0000	0.1097	0.0000	0.6339	0.0009	0.0015	0.0000	0.0052	0.0058	0.0003	0.0000	0.0000	0.0000	92.0847	0.0055	0.0000	-0.0000	0.0061	1.0165	3.0249	1.0129	0.0000	0.0000	0.0000	0.0000	0.0000	0.0000	0.0000	0.0000	0.0000	0.0000	0.0000	0.0000	0.0000	0.0000	0.0000	0.0000	0.0000	0.0000	0.0002	0.0002	0.0000	0.0001	0.0001	0.0000	0.0001	0.0001	0.0000	0.0142	0.0089	0.0053	0.0025	0.0023	0.0003	0.0117	0.0066	0.0050	77.3723	0.5916	45068.1850	0.4357	0.3940	0.0000	12359.8205	0.0000	inf	0.0009	0.0015	0.0000	0.0052	0.0058	0.0003	0.0000	0.0000	0.0000
70	98	0.1374	5	1	0	1	1	0	0	0	0	N	N	N	N	N	N	N	N	N	N	N	N	0.0640	0.0268	19.9057	0.0024	0.0023	0.0000	5.2226	0.0000	222118.2761	0.0512	0.0415	0.1256	0.1105	0.1111	0.0000	0.0216	0.0000	0.1275	0.7997	1.5518	0.0063	46.0842	47.3276	0.0926	0.0041	0.0073	0.0000	0.3924	0.0055	-0.0000	-0.0048	0.0061	2.0241	3.0249	1.0265	0.0000	0.0000	0.0000	0.0000	0.0000	0.0000	0.0000	0.0000	0.0000	0.0090	0.0090	0.0000	0.0089	0.0089	0.0000	0.0001	0.0001	0.0000	0.0004	0.0004	0.0000	0.0001	0.0001	0.0000	0.0003	0.0002	0.0000	0.0204	0.0126	0.0079	0.0035	0.0030	0.0005	0.0169	0.0096	0.0073	0.1162	0.0583	19.9057	0.0439	0.0377	0.0000	5.2226	0.0000	222118.2761	0.4406	0.7117	0.0063	2.5194	2.9510	0.0926	0.0041	0.0073	0.0000
70	99	0.1374	5	1	0	2	1	0	0	0	0	N	N	Y	N	N	N	N	N	N	N	N	N	inf	inf	inf	inf	inf	inf	inf	0.0098	0.0001	0.0849	0.0003	0.0003	0.0000	0.0145	0.0000	0.0862	0.0000	0.0000	0.0000	0.0000	0.0000	0.0000	0.0000	0.0000	0.0000	92.0847	0.0000	0.0000	0.0061	3.0066	3.0249	0.0000	0.0000	0.0000	0.0000	0.0000	0.0000	0.0000	0.0000	0.0000	0.0000	0.0000	0.0000	0.0000	0.0000	0.0000	0.0000	0.0000	0.0000	0.0000	0.0006	0.0006	0.0001	0.0002	0.0002	0.0000	0.0004	0.0003	0.0001	0.0202	0.0124	0.0077	0.0035	0.0030	0.0005	0.0167	0.0094	0.0072	inf	inf	inf	inf	inf	0.0000	inf	0.0000	inf	0.0000	0.0000	0.0000	0.0000	0.0000	0.0000	0.0000	0.0000	0.0000			
70	100	0.1631	5	1	0	2	1	0	0	0	0	N	N	Y	N	N	N	N	N	N	N	N	N	0.0000	0.0000	0.0000	0.0000	0.0000	0.0000	0.0000	0.0000	0.0000	0.0000	0.0000	0.0000	0.0000	0.0000	0.0000	0.0000	0.0000	0.0000	0.0000	0.0000	0.0061	0.0000	3.0249	2.0000	0.0000	0.0000	0.0000	0.0000	0.0000	0.0000	0.0000	0.0000	0.0000	0.0000	0.0000	0.0000	0.0000	0.0000	0.0000	0.0000	0.0000	0.0000	0.0000	0.0000	0.0000	0.0000	0.0000	0.0000	0.0000	0.0000	0.0000	0.0130	0.0080	0.0051	0.0023	0.0020	0.0004	0.0107	0.0060	0.0047	0.0000	0.0000	0.0000	0.0000	0.0000	0.0000	0.0000	0.0000	0.0000	0.0000	0.0000	0.0000	0.0000	0.0000	0.0000	0.0000	0.0000	0.0000											
70	101	0.1241	4	1	0	2	1	0	0	0	0	N	N	Y	N	N	N	N	N	N	N	N	N	0.6368	0.0054	178.8062	0.0079	0.0069	0.0000	1.6711	0.0000	207.0739	0.0012	0.0000	0.0106	0.0000	0.0000	0.0000	0.0018	0.0000	0.0109	0.0019	0.0031	0.0001	0.0055	0.0063	0.0002	0.0011	0.0019	0.0001	82.5762	0.0120	0.0000	-0.0001	0.0061	5.8899	3.0249	3.1847	0.0000	0.0000	0.0000	0.0000	0.0000	0.0000	0.0000	0.0000	0.0000	0.0001	0.0001	0.0000	0.0001	0.0001	0.0000	0.0001	0.0001	0.0000	0.0012	0.0011	0.0001	0.0004	0.0004	0.0000	0.0008	0.0007	0.0001	0.0619	0.0382	0.0238	0.0116	0.0100	0.0015	0.0504	0.0281	0.0222	0.6368	0.0054	178.8062	0.0079	0.0069	0.0000	1.6711	0.0000	207.0739	0.0019	0.0031	0.0001	0.0055	0.0063	0.0002	0.0011	0.0019	0.0001
70	102	0.1709	4	2	1	1	0	0	0	0	0	Y	N	N	N	N	N	N	N	N	N	N	N	0.0000	0.0000	0.0000	0.0000	0.0000	0.0000	0.0000	0.0000	0.0000	0.0000	0.0000	0.0000	0.0000	0.0000	0.0000	0.0000	0.0000	0.0000	0.0000	0.0000	0.0061	0.0000	3.0249	0.0000	0.0000	0.0000	0.0000	0.0000	0.0000	0.0000	0.0000	0.0000	0.0000	0.0000	0.0000	0.0000	0.0000	0.0000	0.0000	0.0000	0.0000	0.0000	0.0000	0.0000	0.0000	0.0000	0.0000	0.0000	0.0000	0.0000	0.0000	0.0000	0.0000	0.0000	0.0000	0.0000	0.0000	0.0000	0.0000	0.0000	0.0000	0.0000	0.0000	0.0000	0.0000	0.0000	0.0000	0.0000	0.0000	0.0000	0.0000	0.0000	0.0000	0.0000	0.0000	0.0000	0.0000	0.0000											
70	103	0.0716	3	2	1	1	0	0	0	0	0	Y	N	N	N	N	N	N	N	N	N	N	N	5686.7942	54.0401	2433286.1494	28.1996	25.0989	0.0000	942569.1920	2477524.5260	0.4540	0.0071	3.9727	0.0194	0.0195	0.0000	0.6629	0.0000	4.0139	0.0001	0.0001	0.0000	0.0007	0.0008	0.0000	0.0000	0.0000	0.0000	71.0785	0.0082	0.0004	-0.0000	0.0061	8.0012	3.0249	14.0016	0.0007	0.0000	0.0007	0.0000	0.0000	0.0000	0.0007	0.0000	0.0007	0.0000	0.0000	0.0000	0.0000	0.0000	0.0000	0.0000	0.0000	0.0000	0.0016	0.0014	0.0002	0.0005	0.0005	0.0000	0.0011	0.0009	0.0002	0.1263	0.0761	0.0502	0.0145	0.0129	0.0016	0.1118	0.0632	0.0485	5686.7942	54.0401	2433286.1494	28.1996	25.0989	0.0000	942569.1920	0.0000	2477524.5260	0.0001	0.0001	0.0000	0.0007	0.0008	0.0000	0.0000	0.0000	0.0000	
70	104	0.1346	4	1	1	1	0	0	0	0	0	N	N	N	N	N	N	N	N	N	N	N	N	0.0000	0.0000	0.0000	0.0000	0.0000	0.0000	0.0000	0.0000	0.0000	0.0000	0.0000	0.0000	0.0000	0.0000	0.0000	0.0000	0.0000	0.0017	0.0015	0.0020	0.0045	0.0052	0.0011	0.0009	0.0000	0.0021	0.8081	0.0000	-0.0000	0.0061	2.0010	3.0249	1.0153	0.0000	0.0000	0.0000	0.0000	0.0000	0.0000	0.0000	0.0000	0.0000	0.0000	0.0000	0.0000	0.0000	0.0000	0.0000	0.0000	0.0000	0.0000	0.0004	0.0004	0.0000	0.0001	0.0001	0.0000	0.0003	0.0002	0.0000	0.0211	0.0131	0.0080	0.0046	0.0037	0.0009	0.0165	0.0094	0.0071	0.0000	0.0000	0.0000	0.0000	0.0000	0.0000	0.0000	0.0000	0.0000	0.0017	0.0015	0.0020	0.0045	0.0052	0.0011	0.0009	0.0000	0.0021		
70	105	0.0716	3	1	1	1	0	0	0	0	0	N	N	N	N	N	N	N	N	N	N	N	N	0.0192	0.0252	0.0500	0.0041	0.0118	0.0000	0.0254	0.0000	0.0506	0.0020	0.0000	0.0175	0.0001	0.0001	0.0000	0.0030	0.0000	0.0177	0.1056	0.0010	0.3503	0.0163	0.0057	0.1000	0.1171	0.0000	0.3498	92.0847	177.9963	0.0000	0.0041	0.0061	3.0162	3.0249	11.0438	0.0000	0.0000	0.0000	0.0000	0.0000	0.0000	0.0000	0.0000	0.0000	0.0090	0.0001	0.0090	0.0002	0.0000	0.0001	0.0089	0.0000	0.0089	0.0006	0.0006	0.0001	0.0002	0.0002	0.0000	0.0004	0.0004	0.0001	0.0854	0.0515	0.0340	0.0098	0.0087	0.0011	0.0757	0.0428	0.0329	0.0192	0.0252	0.0664	0.0041	0.0118	0.0000	0.0254	0.0000	0.0657	0.1056	0.0010	0.2640	0.0163	0.0057	0.1000	0.1171	0.0000	0.2695
70	106	0.1725	8	2	1	1	0	0	0	0	0	Y	N	N	N	N	N	N	N	N	N	N	N	0.0000	0.0000	0.0000	0.0000	0.0000	0.0000	0.0000	0.0000	0.0000	0.0000	0.0000	0.0000	0.0000	0.0000	0.0000	0.0000	0.0000	0.0000	0.0000	0.0000	0.0061	1.0000	3.0249	1.0000	0.0000	0.0000	0.0000	0.0000	0.0000	0.0000	0.0000	0.0000	0.0000	0.0000	0.0000	0.0000	0.0000	0.0000	0.0000	0.0000	0.0000	0.0000	0.0002	0.0002	0.0000	0.0001	0.0001	0.0000	0.0001	0.0001	0.0000	0.0139	0.0090	0.0049	0.0049	0.0041	0.0009	0.0089	0.0049	0.0040	0.0000	0.0000	0.0000	0.0000	0.0000	0.0000	0.0000	0.0000	0.0000	0.0000	0.0000	0.0000	0.0000	0.0000	0.0000	0.0000	0.0000	0.0000											
70	107	0.1683	7	2	1	1	0	0	0	0	0	Y	N	N	N	N	N	N	N	N	N	N	N	0.0000	0.0000	0.0000	0.0000	0.0000	0.0000	0.0000	0.0000	0.0000	0.0000	0.0000	0.0000	0.0000	0.0014	0.0023	0.0000	0.0049	0.0059	0.0000	0.0000	0.0000	0.0000	0.0000	0.0000	-0.0000	0.0061	0.0000	3.0249	0.9999	0.0000	0.0000	0.0000	0.0000	0.0000	0.0000	0.0000	0.0000	0.0000	0.0000	0.0000	0.0000	0.0000	0.0000	0.0000	0.0000	0.0000	0.0000	0.0000	0.0000	0.0000	0.0000	0.0000	0.0000	0.0000	0.0000	0.0000	0.0070	0.0044	0.0025	0.0021	0.0017	0.0004	0.0049	0.0027	0.0022	0.0000	0.0000	0.0000	0.0000	0.0000	0.0000	0.0000	0.0000	0.0000	0.0014	0.0023	0.0000	0.0049	0.0059	0.0000	0.0000	0.0000	0.0000						
70	108	0.1475	6	2	1	1	0	0	0	0	0	Y	N	N	N	N	N	N	N	N	N	N	N	58.3309	0.4715	34968.3939	0.7739	0.6869	0.0000	202.5676	0.0000	707368.7389	0.0420	0.0005	0.3420	0.0012	0.0012	0.0000	0.0663	0.0000	0.3456	0.0007	0.0011	0.0000	0.0016	0.0018	0.0001	0.0003	0.0006	0.0000	92.0847	0.0047	0.0000	-0.0000	0.0061	0.0100	3.0249	4.8896	0.0000	0.0000	0.0000	0.0000	0.0000	0.0000	0.0000	0.0000	0.0000	0.0000	0.0000	0.0000	0.0000	0.0000	0.0000	0.0000	0.0000	0.0000	0.0000	0.0000	0.0000	0.0000	0.0000	0.0000	0.0000	0.0000	0.0000	0.0494	0.0325	0.0169	0.0157	0.0138	0.0019	0.0337	0.0187	0.0150	58.3309	0.4715	34968.3939	0.7739	0.6869	0.0000	202.5676	0.0000	707368.7389	0.0007	0.0011	0.0000	0.0016	0.0018	0.0001	0.0003	0.0006	0.0000
70	109	0.1374	5	1	1	1	0	0	0	0	0	N	N	N	N	N	N	N	N	N	N	N	N	21.9622	1.0272	126.2924	0.9086	0.7753	41.9699	0.0000	119.4456	0.0293	0.0010	0.2465	0.0026	0.0026	0.0000	0.0427	0.0000	0.2502	0.0013	0.0009	0.0020	0.0029	0.0034	0.0000	0.0010	0.0002	0.0021	32.9668	1.2826	0.0000	0.0000	0.0061	1.0007	3.0249	1.4004	0.0000	0.0000	0.0000	0.0000	0.0000	0.0000	0.0000	0.0000	0.0000	0.0000	0.0000	0.0000	0.0000	0.0000	0.0000	0.0000	0.0000	0.0000	0.0002	0.0002	0.0000	0.0001	0.0001	0.0000	0.0001	0.0001	0.0000	0.0162	0.0100	0.0062	0.0028	0.0024	0.0004	0.0134	0.0076	0.0058	21.9622	1.0272	126.2924	0.9086	0.7753	0.0000	41.9699	0.0000	119.4456	0.0013	0.0009	0.0020	0.0029	0.0034	0.0000	0.0010	0.0002	0.0021	
70	110	0.1241	4	1	0	1	0	0	0	0	0	N	N	N	N	N	N	N	N	N	N	N	N	18.0505	10.2991	5225.7326	13.7637	12.8234	0.0000	11.1375	0.0000	64927.6009	0.0900	0.0822	0.1456	0.1759	0.1838	0.0000	0.0304	0.0000	0.1700	0.0050	0.0080	0.0000	0.0128	0.0143	0.0004	0.0027	0.0050	0.0000	0.2488	0.0021	-0.0000	-0.0001	0.0061	0.3039	3.0249	2.8719	0.0000	0.0000	0.0000	0.0000	0.0000	0.0000	0.0000	0.0000	0.0000	0.0001	0.0001	0.0000	0.0001	0.0001	0.0000	0.0001	0.0001	0.0000	0.0001	0.0001	0.0000	0.0000	0.0000	0.0000	0.0001	0.0000	0.0000	0.0253	0.0158	0.0095	0.0057	0.0051	0.0006	0.0196	0.0107	0.0089	18.0505	10.2991	5225.7326	13.7637	12.8234	0.0000	11.1375	0.0000	64927.6009	0.0050	0.0080	0.0000	0.0128	0.0143	0.0004	0.0027	0.0050	0.0000
70	111	0.0716	3	1	0	1	0	0	0	0	0	N	N	N	N	N	N	N	N	N	N	N	N	5.9852	0.0381	5868.3702	0.0450	0.0387	0.0000	9.8728	0.0000	5741.1556	0.9146	0.0156	7.8774	0.0425	0.0426	0.0000	1.3342	0.0000	7.9599	0.1528	0.4088	0.0013	0.9439	1.1024	0.0000	0.1351	0.2379	0.0014	65.2626	0.0037	0.0004	-0.0057	0.0061	3.8240	3.0249	8.1760	0.0007	0.0000	0.0007	0.0000	0.0000	0.0000	0.0007	0.0000	0.0007	0.0107	0.0106	0.0000	0.0018	0.0018	0.0000	0.0089	0.0088	0.0000	0.0008	0.0007	0.0001	0.0003	0.0003	0.0000	0.0005	0.0004	0.0001	0.0740	0.0446	0.0295	0.0084	0.0075	0.0009	0.0656	0.0371	0.0285	6.3558	0.0655	5868.3702	0.2004	0.1785	0.0000	9.8728	0.0000	5741.1556	0.1439	0.2381	0.0013	0.2121	0.2389	0.0000	0.1351	0.2379	0.0014
70	115	0.2642	6	1	0	1	0	0	0	0	0	N	N	N	N	N	N	N	N	N	N	N	N	11.5253	14.3949	0.2054	11.1772	8.4037	0.1558	0.1015	0.0004	0.1577	1.0831	1.2173	0.0284	1.7411	1.7667	0.0009	0.0084	0.0000	0.0308	0.0940	0.0846	0.1381	0.1558	0.2102	0.0055	0.0829	0.0318	0.1950	0.0030	0.5342	-0.0013	-0.0044	0.0061	8.9918	3.0249	13.3277	0.0029	0.0029	0.0000	0.0029	0.0029	0.0000	0.0000	0.0000	0.0000	0.0227	0.0148	0.0079	0.0126	0.0125	0.0001	0.0101	0.0023	0.0078	0.0027	0.0024	0.0003	0.0017	0.0016	0.0000	0.0010	0.0007	0.0003	0.2420	0.1753	0.0667	0.1199	0.1031	0.0168	0.1221	0.0722	0.0499	11.5253	14.3949	0.2391	16.5473	14.5401	0.1558	0.1015	0.0004	0.1960	0.0940	0.0846	0.1187	0.1052	0.1215	0.0055	0.0829	0.0318	0.1569
71	72	0.0589	2	1	1	1	0	0	0	0	0	N	N	N	N	N	N	N	N	N	N	N	N	9474458.9741	57924.6206	inf	23017.4725	19221.6048	inf	inf	inf	6.3888	0.0671	43.1426	0.5259	0.5560	0.0000	6.7261	0.0357	44.0286	0.0000	0.0000	0.0000	0.0000	0.0000	0.0000	0.0000	0.0000	0.0000	110.5757	0.0000	0.0012	-0.0000	0.0044	5.9987	4.0281	11.0016	0.0022	0.0000	0.0022	0.0000	0.0000	0.0000	0.0022	0.0000	0.0022	0.0000	0.0000	0.0000	0.0000	0.0000	0.0000	0.0000	0.0000	0.0000	0.0003	0.0003	0.0001	0.0000	0.0000	0.0000	0.0003	0.0003	0.0001	0.1215	0.0707	0.0508	0.0036	0.0028	0.0008	0.1179	0.0679	0.0500	9474458.9741	57924.6206	inf	23017.4725	19221.6048	0.0000	inf	inf	inf	0.0000	0.0000	0.0000	0.0000	0.0000	0.0000	0.0000	0.0000	0.0000	
71	74	0.1006	4	1	1	1	0	0	0	0	0	N	N	N	N	N	N	N	N	N	N	N	N	11.3990	0.0000	31.1648	0.0000	0.0000	0.0000	10.9655	0.0000	30.7523	0.0285	0.0000	0.1959	0.0000	0.0000	0.0000	0.0306	0.0000	0.1997	0.0025	0.0002	0.0063	0.0003	0.0000	0.0020	0.0028	0.0002	0.0065	inf	26.0414	0.0000	0.0002	0.0044	6.1274	4.0281	13.6208	0.0000	0.0000	0.0000	0.0000	0.0000	0.0000	0.0000	0.0000	0.0000	0.0004	0.0000	0.0004	0.0000	0.0000	0.0000	0.0004	0.0000	0.0004	0.0004	0.0003	0.0001	0.0000	0.0000	0.0000	0.0003	0.0003	0.0001	0.1500	0.0925	0.0575	0.0173	0.0146	0.0027	0.1327	0.0778	0.0548	11.3990	0.0000	31.1648	0.0000	0.0000	0.0000	10.9655	0.0000	30.7523	0.0025	0.0002	0.0063	0.0003	0.0000	0.0020	0.0028	0.0002	0.0065
71	75	0.1252	7	1	0	2	0	0	0	0	0	N	N	Y	N	N	N	N	N	N	N	N	N	0.0000	0.0000	0.0000	0.0000	0.0000	0.0000	0.0000	0.0000	0.0000	0.0000	0.0000	0.0000	0.0000	0.0000	0.0000	0.0000	0.0001	0.0001	0.0000	0.0000	0.0000	0.0000	0.0000	0.0000	-0.0000	0.0044	0.0000	4.0281	1.0003	0.0000	0.0000	0.0000	0.0000	0.0000	0.0000	0.0000	0.0000	0.0000	0.0000	0.0000	0.0000	0.0000	0.0000	0.0000	0.0000	0.0000	0.0000	0.0000	0.0000	0.0000	0.0000	0.0000	0.0000	0.0000	0.0000	0.0000	0.0096	0.0050	0.0046	0.0008	0.0007	0.0002	0.0087	0.0043	0.0044	0.0000	0.0000	0.0000	0.0000	0.0000	0.0000	0.0000	0.0000	0.0000	0.0000	0.0000	0.0000	0.0001	0.0001	0.0000	0.0000	0.0000	0.0000						
71	76	0.1211	6	1	0	2	0	0	0	0	0	N	N	Y	N	N	N	N	N	N	N	N	N	0.0000	0.0000	0.0000	0.0000	0.0000	0.0000	0.0000	0.0000	0.0000	0.0000	0.0000	0.0000	0.0000	0.0000	0.0000	0.0000	0.0000	0.0000	0.0000	0.0000	0.0000	0.0000	inf	0.0000	0.0000	0.0044	0.0000	4.0281	1.0076	0.0000	0.0000	0.0000	0.0000	0.0000	0.0000	0.0000	0.0000	0.0000	0.0000	0.0000	0.0000	0.0000	0.0000	0.0000	0.0000	0.0000	0.0000	0.0000	0.0000	0.0000	0.0000	0.0000	0.0000	0.0000	0.0000	0.0000	0.0096	0.0050	0.0046	0.0007	0.0006	0.0001	0.0088	0.0044	0.0044	0.0000	0.0000	0.0000	0.0000	0.0000	0.0000	0.0000	0.0000	0.0000	0.0000	0.0000	0.0000	0.0000	0.0000	0.0000	0.0000	0.0000	0.0000						
71	77	0.1170	5	1	0	1	0	0	0	0	0	N	N	N	N	N	N	N	N	N	N	N	N	212.5560	13310.8595	0.0000	5139.2073	4104.6468	0.0000	0.0000	0.0168	0.0187	0.0000	0.0494	0.0495	0.0000	0.0000	0.0000	0.0000	0.0001	0.0000	0.0002	0.0000	0.0000	0.0000	0.0001	0.0000	0.0002	0.0000	106.9577	-0.0000	0.0000	0.0044	0.0026	4.0281	0.9924	0.0000	0.0000	0.0000	0.0000	0.0000	0.0000	0.0000	0.0000	0.0000	0.0000	0.0000	0.0000	0.0000	0.0000	0.0000	0.0000	0.0000	0.0000	0.0000	0.0000	0.0000	0.0000	0.0000	0.0000	0.0000	0.0000	0.0000	0.0094	0.0049	0.0045	0.0007	0.0006	0.0001	0.0087	0.0043	0.0044	212.5560	13310.8595	0.0000	5139.2073	4104.6468	0.0000	0.0000	0.0000	0.0000	0.0001	0.0000	0.0002	0.0000	0.0000	0.0000	0.0001	0.0000	0.0002		
71	78	0.1006	4	1	0	1	0	0	0	0	0	N	N	N	N	N	N	N	N	N	N	N	N	7.0707	377.3095	0.0000	816.3933	4417.4312	0.0000	0.0000	0.0000	0.0000	0.0515	0.0603	0.0000	0.6184	0.6394	0.0000	0.0000	0.0000	0.0000	0.0073	0.0002	0.0207	0.0008	0.0001	0.0080	0.0088	0.0002	0.0213	0.0000	68.7466	-0.0000	0.0001	0.0044	2.8733	4.0281	1.5522	0.0000	0.0000	0.0000	0.0000	0.0000	0.0000	0.0000	0.0000	0.0000	0.0003	0.0000	0.0003	0.0000	0.0000	0.0000	0.0003	0.0000	0.0003	0.0002	0.0002	0.0000	0.0000	0.0000	0.0000	0.0002	0.0001	0.0000	0.0462	0.0302	0.0160	0.0086	0.0079	0.0007	0.0376	0.0223	0.0153	7.0707	377.3095	0.0000	816.3933	4417.4312	0.0000	0.0000	0.0000	0.0000	0.0073	0.0002	0.0207	0.0008	0.0001	0.0080	0.0088	0.0002	0.0213
71	79	0.0885	3	1	0	1	0	0	0	0	0	N	N	N	N	N	N	N	N	N	N	N	N	0.1965	2.3381	0.0978	5.6288	6.3719	0.0000	0.0556	0.0000	0.0978	0.0402	0.0355	0.0699	0.1390	0.1402	0.0000	0.0121	0.0000	0.0709	0.2044	0.0152	0.7148	0.0247	0.0220	0.1275	0.2180	0.0116	0.7248	0.3071	15.3030	-0.0000	0.0034	0.0044	0.2102	4.0281	3.4985	0.0000	0.0000	0.0000	0.0000	0.0000	0.0000	0.0000	0.0000	0.0000	0.0086	0.0005	0.0081	0.0003	0.0003	0.0000	0.0083	0.0003	0.0080	0.0000	0.0000	0.0000	0.0000	0.0000	0.0000	0.0000	0.0000	0.0000	0.0503	0.0348	0.0156	0.0122	0.0119	0.0003	0.0381	0.0229	0.0153	0.2348	2.3381	0.1347	5.6288	6.3719	0.0000	0.0556	0.0000	0.1345	0.1711	0.0152	0.5191	0.0247	0.0220	0.1275	0.2180	0.0116	0.5270
71	80	0.1196	5	1	1	1	0	0	0	0	0	N	N	N	N	N	N	N	N	N	N	N	N	0.0000	0.0000	0.0000	0.0000	0.0000	0.0000	0.0000	0.0000	0.0000	0.0000	0.0000	0.0000	0.0000	0.0000	0.0000	0.0000	0.0015	0.0023	0.0004	0.0114	0.0140	0.0000	0.0002	0.0000	0.0004	0.1101	0.0000	-0.0000	0.0044	2.0196	4.0281	6.0690	0.0000	0.0000	0.0000	0.0000	0.0000	0.0000	0.0000	0.0000	0.0000	0.0001	0.0001	0.0000	0.0001	0.0001	0.0000	0.0000	0.0000	0.0000	0.0001	0.0001	0.0000	0.0000	0.0000	0.0000	0.0001	0.0001	0.0000	0.0653	0.0398	0.0255	0.0079	0.0064	0.0015	0.0574	0.0333	0.0241	0.0000	0.0000	0.0000	0.0000	0.0000	0.0000	0.0000	0.0000	0.0000	0.0015	0.0023	0.0004	0.0114	0.0140	0.0000	0.0002	0.0000	0.0004			
71	81	0.1113	4	1	0	1	0	0	0	0	0	N	N	N	N	N	N	N	N	N	N	N	N	0.0000	0.0000	0.0000	0.0000	0.0000	0.0000	0.0000	0.0000	0.0000	0.0000	0.0000	0.0000	0.0000	0.0000	0.0000	0.0000	0.0000	0.0056	0.0082	0.0016	0.0000	0.0000	0.0000	0.0062	0.0094	0.0017	0.1330	0.0000	-0.0000	0.0044	0.9876	4.0281	0.9833	0.0000	0.0000	0.0000	0.0000	0.0000	0.0000	0.0000	0.0000	0.0000	0.0001	0.0001	0.0000	0.0000	0.0000	0.0000	0.0001	0.0001	0.0000	0.0001	0.0001	0.0000	0.0000	0.0000	0.0000	0.0001	0.0000	0.0000	0.0162	0.0097	0.0064	0.0016	0.0012	0.0003	0.0146	0.0085	0.0061	0.0000	0.0000	0.0000	0.0000	0.0000	0.0000	0.0000	0.0000	0.0000	0.0056	0.0082	0.0016	0.0000	0.0000	0.0000	0.0062	0.0094	0.0017		
71	82	0.0453	2	2	0	2	0	0	0	0	0	Y	N	Y	N	N	N	N	N	N	N	N	N	2271514.4230	1587177.1371	3317077.0418	2993184.5658	inf	inf	0.1645	0.1936	0.0000	3.8118	4.0012	0.0000	0.0000	0.0001	0.0000	0.0000	0.0000	0.0000	0.0000	0.0000	0.0000	0.0000	0.0000	0.0000	0.0000	0.0000	-0.0000	-0.0000	0.0044	1.0000	4.0281	2.9874	0.0000	0.0000	0.0000	0.0000	0.0000	0.0000	0.0000	0.0000	0.0000	0.0000	0.0000	0.0000	0.0000	0.0000	0.0000	0.0000	0.0000	0.0000	0.0001	0.0001	0.0000	0.0000	0.0000	0.0000	0.0001	0.0000	0.0000	0.0331	0.0197	0.0135	0.0021	0.0018	0.0003	0.0310	0.0179	0.0132	2271514.4230	1587177.1371	0.0000	3317077.0418	2993184.5658	0.0000	inf	inf	0.0000	0.0000	0.0000	0.0000	0.0000	0.0000	0.0000	0.0000	0.0000	0.0000			
71	84	0.0589	2	1	1	1	1	0	0	0	0	N	N	N	N	N	N	N	N	N	N	N	N	0.0730	0.0000	0.1848	0.0959	0.0000	0.1828	0.0219	0.0000	0.1503	0.0000	0.0000	0.0000	0.0232	0.0000	0.1534	0.3002	0.0042	0.8131	0.0000	0.0000	0.0000	0.2415	0.0044	0.8390	inf	95.3830	0.0000	0.0147	0.0044	8.0013	4.0281	12.0015	0.0000	0.0000	0.0000	0.0000	0.0000	0.0000	0.0000	0.0000	0.0000	0.0328	0.0003	0.0324	0.0000	0.0000	0.0000	0.0328	0.0003	0.0324	0.0005	0.0004	0.0001	0.0000	0.0000	0.0000	0.0004	0.0004	0.0001	0.1398	0.0814	0.0584	0.0042	0.0033	0.0009	0.1357	0.0781	0.0576	0.0935	0.0000	0.2708	0.0000	0.0000	0.0000	0.0959	0.0000	0.2722	0.2343	0.0042	0.5550	0.0000	0.0000	0.0000	0.2415	0.0044	0.5635			
71	85	0.1153	4	1	1	1	0	0	0	0	0	N	N	N	N	N	N	N	N	N	N	N	N	0.0000	0.0000	0.0000	0.0000	0.0000	0.0000	0.0000	0.0000	0.0000	0.0000	0.0000	0.0000	0.0000	0.0005	0.0008	0.0000	0.0000	0.0000	0.0000	0.0005	0.0009	0.0000	0.0000	0.0000	-0.0000	0.0044	1.0000	4.0281	6.9850	0.0000	0.0000	0.0000	0.0000	0.0000	0.0000	0.0000	0.0000	0.0000	0.0000	0.0000	0.0000	0.0000	0.0000	0.0000	0.0000	0.0000	0.0000	0.0001	0.0001	0.0000	0.0000	0.0000	0.0000	0.0001	0.0000	0.0000	0.0623	0.0373	0.0251	0.0060	0.0046	0.0014	0.0563	0.0326	0.0237	0.0000	0.0000	0.0000	0.0000	0.0000	0.0000	0.0000	0.0000	0.0000	0.0005	0.0008	0.0000	0.0000	0.0000	0.0000	0.0005	0.0009	0.0000						
71	86	0.1026	3	1	0	1	0	0	0	0	0	N	N	N	N	N	N	N	N	N	N	N	N	0.0000	0.0000	0.0000	0.0000	0.0000	0.0000	0.0000	0.0000	0.0000	0.0000	0.0000	0.0000	0.0000	0.0000	0.0000	0.0000	0.0000	0.0000	0.0001	0.0000	0.0002	0.0003	0.0001	0.0007	0.0001	0.0000	0.0002	4.3673	0.0000	0.0000	0.0044	1.0086	4.0281	2.0000	0.0000	0.0000	0.0000	0.0000	0.0000	0.0000	0.0000	0.0000	0.0000	0.0000	0.0000	0.0000	0.0000	0.0000	0.0000	0.0000	0.0000	0.0000	0.0001	0.0001	0.0000	0.0000	0.0000	0.0000	0.0001	0.0000	0.0000	0.0245	0.0145	0.0100	0.0023	0.0018	0.0005	0.0222	0.0127	0.0095	0.0000	0.0000	0.0000	0.0000	0.0000	0.0000	0.0000	0.0000	0.0000	0.0001	0.0000	0.0002	0.0003	0.0001	0.0007	0.0001	0.0000	0.0002	
71	89	0.1198	5	1	1	1	0	0	0	0	0	N	N	N	N	N	N	N	N	N	N	N	N	0.0000	0.0000	0.0000	0.0000	0.0000	0.0000	0.0000	0.0000	0.0000	0.0000	0.0000	0.0000	0.0000	0.0000	0.0000	0.0000	0.0000	0.0000	0.0073	0.0005	0.0177	0.0000	0.0000	0.0000	0.0084	0.0006	0.0193	24.6839	0.0000	0.0002	0.0044	0.0157	4.0281	9.0253	0.0000	0.0000	0.0000	0.0000	0.0000	0.0000	0.0000	0.0000	0.0000	0.0005	0.0000	0.0005	0.0000	0.0000	0.0000	0.0005	0.0000	0.0005	0.0000	0.0000	0.0000	0.0000	0.0000	0.0000	0.0000	0.0000	0.0000	0.0710	0.0429	0.0281	0.0092	0.0070	0.0022	0.0618	0.0359	0.0259	0.0000	0.0000	0.0000	0.0000	0.0000	0.0000	0.0000	0.0000	0.0000	0.0073	0.0005	0.0177	0.0000	0.0000	0.0000	0.0084	0.0006	0.0193	
71	90	0.1113	4	1	1	1	0	0	0	0	0	N	N	N	N	N	N	N	N	N	N	N	N	0.0000	0.0000	0.0000	0.0000	0.0000	0.0000	0.0000	0.0000	0.0000	0.0000	0.0000	0.0000	0.0000	0.0000	0.0000	0.0000	0.0000	0.0001	0.0000	0.0002	0.0000	0.0000	0.0000	0.0001	0.0000	0.0002	18.8985	0.0000	0.0000	0.0044	0.0169	4.0281	2.0013	0.0000	0.0000	0.0000	0.0000	0.0000	0.0000	0.0000	0.0000	0.0000	0.0000	0.0000	0.0000	0.0000	0.0000	0.0000	0.0000	0.0000	0.0000	0.0000	0.0000	0.0000	0.0000	0.0000	0.0000	0.0000	0.0000	0.0000	0.0165	0.0099	0.0066	0.0016	0.0013	0.0004	0.0149	0.0087	0.0062	0.0000	0.0000	0.0000	0.0000	0.0000	0.0000	0.0000	0.0000	0.0000	0.0001	0.0000	0.0002	0.0000	0.0000	0.0000	0.0001	0.0000	0.0002		
71	91	0.1026	3	1	0	1	0	0	0	0	0	N	N	N	N	N	N	N	N	N	N	N	N	0.0000	0.0000	0.0000	0.0000	0.0000	0.0000	0.0000	0.0000	0.0000	0.0000	0.0000	0.0000	0.0000	0.0000	0.0000	0.0000	0.0000	0.0000	0.0002	0.0000	0.0004	0.0004	0.0002	0.0011	0.0001	0.0000	0.0003	6.7445	0.0000	0.0000	0.0044	1.9923	4.0281	0.0454	0.0000	0.0000	0.0000	0.0000	0.0000	0.0000	0.0000	0.0000	0.0000	0.0000	0.0000	0.0000	0.0000	0.0000	0.0000	0.0000	0.0000	0.0000	0.0001	0.0001	0.0000	0.0000	0.0000	0.0000	0.0001	0.0001	0.0000	0.0169	0.0100	0.0069	0.0017	0.0013	0.0004	0.0152	0.0087	0.0065	0.0000	0.0000	0.0000	0.0000	0.0000	0.0000	0.0000	0.0000	0.0000	0.0002	0.0000	0.0004	0.0004	0.0002	0.0011	0.0001	0.0000	0.0003	
71	92	0.0589	2	1	0	1	0	0	0	0	0	N	N	N	N	N	N	N	N	N	N	N	N	0.0020	0.0000	0.0043	0.0021	0.0000	0.0044	0.0002	0.0000	0.0015	0.0000	0.0000	0.0000	0.0002	0.0000	0.0015	0.1088	0.0080	0.3420	0.0000	0.0000	0.0000	0.1121	0.0083	0.3484	inf	22.4318	0.0000	0.0034	0.0044	1.0098	4.0281	9.0196	0.0000	0.0000	0.0000	0.0000	0.0000	0.0000	0.0000	0.0000	0.0000	0.0082	0.0004	0.0079	0.0000	0.0000	0.0000	0.0082	0.0004	0.0079	0.0001	0.0001	0.0000	0.0000	0.0000	0.0000	0.0001	0.0000	0.0000	0.0754	0.0439	0.0315	0.0022	0.0017	0.0005	0.0732	0.0421	0.0311	0.0020	0.0000	0.0060	0.0000	0.0000	0.0000	0.0021	0.0000	0.0060	0.1088	0.0080	0.2491	0.0000	0.0000	0.0000	0.1121	0.0083	0.2527			
71	93	0.1556	7	2	1	1	1	0	0	0	0	Y	N	N	N	N	N	N	N	N	N	N	N	0.0000	0.0000	0.0000	0.0000	0.0000	0.0000	0.0000	0.0000	0.0000	0.0000	0.0000	0.0000	0.0000	0.0000	0.0000	0.0000	0.0000	0.0000	0.0000	0.0000	0.0044	0.0000	4.0281	0.0000	0.0000	0.0000	0.0000	0.0000	0.0000	0.0000	0.0000	0.0000	0.0000	0.0000	0.0000	0.0000	0.0000	0.0000	0.0000	0.0000	0.0000	0.0000	0.0000	0.0000	0.0000	0.0000	0.0000	0.0000	0.0000	0.0000	0.0000	0.0000	0.0000	0.0000	0.0000	0.0000	0.0000	0.0000	0.0000	0.0000	0.0000	0.0000	0.0000	0.0000	0.0000	0.0000	0.0000	0.0000	0.0000	0.0000	0.0000	0.0000	0.0000	0.0000	0.0000	0.0000	0.0000	0.0000											
71	94	0.1556	6	2	1	1	1	0	0	0	0	Y	N	N	N	N	N	N	N	N	N	N	N	0.0000	0.0000	0.0000	0.0000	0.0000	0.0000	0.0000	0.0000	0.0000	0.0000	0.0000	0.0000	0.0000	0.0001	0.0001	0.0000	0.0002	0.0002	0.0000	0.0000	0.0000	0.0000	0.0000	0.0000	-0.0000	0.0044	0.0000	4.0281	0.0001	0.0000	0.0000	0.0000	0.0000	0.0000	0.0000	0.0000	0.0000	0.0000	0.0000	0.0000	0.0000	0.0000	0.0000	0.0000	0.0000	0.0000	0.0000	0.0000	0.0000	0.0000	0.0000	0.0000	0.0000	0.0000	0.0000	0.0000	0.0000	0.0000	0.0000	0.0000	0.0000	0.0000	0.0000	0.0000	0.0000	0.0000	0.0000	0.0000	0.0000	0.0000	0.0000	0.0000	0.0000	0.0000	0.0001	0.0001	0.0000	0.0002	0.0002	0.0000	0.0000	0.0000	0.0000						
71	95	0.1376	5	1	1	1	1	0	0	0	0	N	N	N	N	N	N	N	N	N	N	N	N	1.7933	1.1301	0.1518	0.1359	0.1579	0.1848	0.0000	1.4414	1.5084	0.0000	0.0000	0.0000	0.0000	0.0881	0.1635	0.0000	9.4938	11.0992	0.0000	0.0000	0.0000	0.0000	0.0000	0.0000	-0.0000	-0.0008	0.0044	0.9845	4.0281	0.9903	0.0000	0.0000	0.0000	0.0000	0.0000	0.0000	0.0000	0.0000	0.0000	0.0015	0.0015	0.0000	0.0015	0.0015	0.0000	0.0000	0.0000	0.0000	0.0001	0.0001	0.0000	0.0000	0.0000	0.0000	0.0001	0.0000	0.0000	0.0167	0.0102	0.0065	0.0017	0.0015	0.0002	0.0150	0.0087	0.0063	1.7933	1.2790	0.0000	1.6547	1.5349	0.0000	0.0000	0.0000	0.0000	0.0881	0.1445	0.0000	0.8711	0.9828	0.0000	0.0000	0.0000	0.0000					
71	96	0.1348	5	1	1	1	0	0	0	0	0	N	N	N	N	N	N	N	N	N	N	N	N	0.0496	0.0000	0.1966	0.0000	0.0000	0.0000	0.0437	0.0000	0.2241	0.0000	0.0000	0.0001	0.0000	0.0000	0.0000	0.0000	0.0000	0.0001	0.0004	0.0003	0.0007	0.0002	0.0000	0.0013	0.0005	0.0004	0.0006	inf	1.4699	0.0000	0.0000	0.0044	1.0063	4.0281	3.7812	0.0000	0.0000	0.0000	0.0000	0.0000	0.0000	0.0000	0.0000	0.0000	0.0000	0.0000	0.0000	0.0000	0.0000	0.0000	0.0000	0.0000	0.0000	0.0001	0.0001	0.0000	0.0000	0.0000	0.0000	0.0001	0.0000	0.0000	0.0602	0.0392	0.0210	0.0175	0.0153	0.0022	0.0427	0.0239	0.0188	0.0496	0.0000	0.1966	0.0000	0.0000	0.0000	0.0437	0.0000	0.2241	0.0004	0.0003	0.0007	0.0002	0.0000	0.0013	0.0005	0.0004	0.0006
71	97	0.1376	5	1	0	2	1	0	0	0	0	N	N	Y	N	N	N	N	N	N	N	N	N	0.0311	0.0000	inf	0.0000	0.0000	inf	inf	0.0027	0.0000	0.0184	0.0000	0.0000	0.0000	0.0030	0.0000	0.0190	0.0859	0.1442	0.0000	9.0787	11.0801	0.0000	0.0000	0.0000	0.0000	inf	0.0000	0.0000	-0.0008	0.0044	1.0165	4.0281	1.0129	0.0000	0.0000	0.0000	0.0000	0.0000	0.0000	0.0000	0.0000	0.0000	0.0015	0.0015	0.0000	0.0015	0.0015	0.0000	0.0000	0.0000	0.0000	0.0001	0.0001	0.0000	0.0000	0.0000	0.0000	0.0001	0.0000	0.0000	0.0171	0.0104	0.0067	0.0017	0.0015	0.0002	0.0154	0.0089	0.0065	0.0311	0.0000	inf	0.0000	0.0000	0.0000	inf	0.0000	inf	0.0859	0.1411	0.0000	0.8571	0.9684	0.0000	0.0000	0.0000	0.0000		
71	98	0.1247	4	1	0	1	1	0	0	0	0	N	N	N	N	N	N	N	N	N	N	N	N	0.0000	0.0000	3.5195	0.0000	0.0000	0.0000	inf	inf	0.0019	0.0016	0.0036	0.0174	0.0184	0.0000	0.0006	0.0000	0.0037	40.5843	67.7183	0.0010	1713.7478	1798.7048	0.0185	0.0000	0.0000	0.0000	0.3832	0.0000	-0.0000	-0.5344	0.0044	2.0241	4.0281	1.0265	0.0000	0.0000	0.0000	0.0000	0.0000	0.0000	0.0000	0.0000	0.0000	0.9897	0.9897	0.0000	0.9897	0.9897	0.0000	0.0000	0.0000	0.0000	0.0001	0.0001	0.0000	0.0000	0.0000	0.0000	0.0001	0.0001	0.0000	0.0244	0.0146	0.0098	0.0027	0.0022	0.0005	0.0217	0.0125	0.0092	0.0000	0.0000	3.5195	0.0000	0.0000	0.0000	inf	0.0000	inf	40.5843	67.7183	0.0010	367.5883	459.0155	0.0185	0.0000	0.0000	0.0000	
71	99	0.1247	4	1	0	2	1	0	0	0	0	N	N	Y	N	N	N	N	N	N	N	N	N	inf	inf	inf	inf	0.0004	0.0000	0.0025	0.0000	0.0000	0.0000	0.0004	0.0000	0.0026	0.0000	0.0000	0.0000	0.0000	0.0000	0.0000	0.0000	0.0000	0.0000	inf	0.0000	0.0000	0.0044	3.0066	4.0281	0.0000	0.0000	0.0000	0.0000	0.0000	0.0000	0.0000	0.0000	0.0000	0.0000	0.0000	0.0000	0.0000	0.0000	0.0000	0.0000	0.0000	0.0000	0.0000	0.0002	0.0002	0.0000	0.0000	0.0000	0.0000	0.0002	0.0001	0.0000	0.0240	0.0144	0.0096	0.0027	0.0021	0.0005	0.0214	0.0123	0.0091	inf	0.0000	inf	0.0000	0.0000	0.0000	inf	0.0000	inf	0.0000	0.0000	0.0000	0.0000	0.0000	0.0000	0.0000	0.0000	0.0000						
71	100	0.1504	4	1	0	2	1	0	0	0	0	N	N	Y	N	N	N	N	N	N	N	N	N	0.0000	0.0000	0.0000	0.0000	0.0000	0.0000	0.0000	0.0000	0.0000	0.0000	0.0000	0.0000	0.0000	0.0000	0.0000	0.0000	0.0000	0.0000	0.0000	0.0000	0.0044	0.0000	4.0281	2.0000	0.0000	0.0000	0.0000	0.0000	0.0000	0.0000	0.0000	0.0000	0.0000	0.0000	0.0000	0.0000	0.0000	0.0000	0.0000	0.0000	0.0000	0.0000	0.0000	0.0000	0.0000	0.0000	0.0000	0.0000	0.0000	0.0000	0.0000	0.0155	0.0092	0.0063	0.0018	0.0014	0.0004	0.0137	0.0078	0.0060	0.0000	0.0000	0.0000	0.0000	0.0000	0.0000	0.0000	0.0000	0.0000	0.0000	0.0000	0.0000	0.0000	0.0000	0.0000	0.0000	0.0000	0.0000											
71	101	0.1114	3	1	0	2	1	0	0	0	0	N	N	Y	N	N	N	N	N	N	N	N	N	0.0006	0.0000	4.2688	0.0000	0.0000	0.0000	0.0006	0.0000	4.3776	0.0000	0.0000	0.0003	0.0000	0.0000	0.0000	0.0001	0.0000	0.0004	0.0840	0.1398	0.0001	0.0259	0.0307	0.0000	0.0923	0.1631	0.0001	inf	0.0004	0.0000	-0.0034	0.0044	5.8899	4.0281	3.1847	0.0000	0.0000	0.0000	0.0000	0.0000	0.0000	0.0000	0.0000	0.0000	0.0062	0.0062	0.0000	0.0002	0.0002	0.0000	0.0060	0.0060	0.0000	0.0004	0.0003	0.0001	0.0000	0.0000	0.0000	0.0003	0.0003	0.0000	0.0742	0.0445	0.0296	0.0093	0.0078	0.0014	0.0649	0.0367	0.0282	0.0006	0.0000	4.2688	0.0000	0.0000	0.0000	0.0006	0.0000	4.3776	0.0840	0.1398	0.0001	0.0259	0.0307	0.0000	0.0923	0.1631	0.0001
71	102	0.1582	3	2	1	1	0	0	0	0	0	Y	N	N	N	N	N	N	N	N	N	N	N	0.0000	0.0000	0.0000	0.0000	0.0000	0.0000	0.0000	0.0000	0.0000	0.0000	0.0000	0.0000	0.0000	0.0000	0.0000	0.0000	0.0000	0.0000	0.0000	0.0000	0.0044	0.0000	4.0281	0.0000	0.0000	0.0000	0.0000	0.0000	0.0000	0.0000	0.0000	0.0000	0.0000	0.0000	0.0000	0.0000	0.0000	0.0000	0.0000	0.0000	0.0000	0.0000	0.0000	0.0000	0.0000	0.0000	0.0000	0.0000	0.0000	0.0000	0.0000	0.0000	0.0000	0.0000	0.0000	0.0000	0.0000	0.0000	0.0000	0.0000	0.0000	0.0000	0.0000	0.0000	0.0000	0.0000	0.0000	0.0000	0.0000	0.0000	0.0000	0.0000	0.0000	0.0000	0.0000	0.0000	0.0000	0.0000											
71	103	0.0589	2	2	1	1	0	0	0	0	0	Y	N	N	N	N	N	N	N	N	N	N	N	329.6709	0.0000	inf	0.0000	0.0000	340.8154	0.0000	inf	0.0219	0.0000	0.1503	0.0000	0.0000	0.0000	0.0232	0.0000	0.1534	0.0001	0.0001	0.0000	0.0000	0.0000	0.0000	0.0001	0.0001	0.0000	inf	0.0000	0.0000	-0.0000	0.0044	8.0012	4.0281	14.0016	0.0000	0.0000	0.0000	0.0000	0.0000	0.0000	0.0000	0.0000	0.0000	0.0000	0.0000	0.0000	0.0000	0.0000	0.0000	0.0000	0.0000	0.0000	0.0005	0.0004	0.0001	0.0000	0.0000	0.0000	0.0004	0.0004	0.0001	0.1516	0.0883	0.0633	0.0045	0.0036	0.0010	0.1471	0.0847	0.0624	329.6709	0.0000	inf	0.0000	0.0000	0.0000	340.8154	0.0000	inf	0.0001	0.0001	0.0000	0.0000	0.0000	0.0000	0.0001	0.0001	0.0000	
71	104	0.1218	3	1	1	1	0	0	0	0	0	N	N	N	N	N	N	N	N	N	N	N	N	0.0000	0.0000	0.0000	0.0000	0.0000	0.0000	0.0000	0.0000	0.0000	0.0000	0.0000	0.0000	0.0000	0.0000	0.0000	0.0000	0.0000	0.0000	0.0677	0.0000	0.2106	0.0152	0.0001	0.0650	0.0814	0.0000	0.2351	2243.8415	0.0000	0.0008	0.0044	2.0010	4.0281	1.0153	0.0000	0.0000	0.0000	0.0000	0.0000	0.0000	0.0000	0.0000	0.0000	0.0017	0.0000	0.0017	0.0001	0.0000	0.0001	0.0016	0.0000	0.0016	0.0001	0.0001	0.0000	0.0000	0.0000	0.0000	0.0001	0.0001	0.0000	0.0255	0.0155	0.0100	0.0053	0.0040	0.0012	0.0202	0.0114	0.0088	0.0000	0.0000	0.0000	0.0000	0.0000	0.0000	0.0000	0.0000	0.0000	0.0677	0.0000	0.1727	0.0152	0.0001	0.0650	0.0814	0.0000	0.1877	
71	105	0.0589	2	1	1	1	0	0	0	0	0	N	N	N	N	N	N	N	N	N	N	N	N	0.0000	0.0000	0.0000	0.0000	0.0000	0.0000	0.0000	0.0000	0.0001	0.0000	0.0005	0.0000	0.0000	0.0000	0.0001	0.0000	0.0005	9.6423	0.0037	46.6490	0.0000	0.0000	0.0000	9.9332	0.0038	44.7971	inf	4514.4834	0.0000	0.4550	0.0044	3.0162	4.0281	11.0438	0.0000	0.0000	0.0000	0.0000	0.0000	0.0000	0.0000	0.0000	0.0000	0.9895	0.0002	0.9893	0.0000	0.0000	0.0000	0.9895	0.0002	0.9893	0.0002	0.0002	0.0000	0.0000	0.0000	0.0000	0.0002	0.0001	0.0000	0.1026	0.0597	0.0429	0.0030	0.0024	0.0006	0.0996	0.0573	0.0423	0.0000	0.0000	0.0000	0.0000	0.0000	0.0000	0.0000	0.0000	0.0000	9.6423	0.0037	23.0564	0.0000	0.0000	0.0000	9.9332	0.0038	23.4005	
71	106	0.1597	7	2	1	1	0	0	0	0	0	Y	N	N	N	N	N	N	N	N	N	N	N	0.0000	0.0000	0.0000	0.0000	0.0000	0.0000	0.0000	0.0000	0.0000	0.0000	0.0000	0.0000	0.0000	0.0000	0.0000	0.0000	0.0000	0.0000	0.0000	0.0000	0.0044	1.0000	4.0281	1.0000	0.0000	0.0000	0.0000	0.0000	0.0000	0.0000	0.0000	0.0000	0.0000	0.0000	0.0000	0.0000	0.0000	0.0000	0.0000	0.0000	0.0000	0.0000	0.0001	0.0001	0.0000	0.0000	0.0000	0.0000	0.0001	0.0000	0.0000	0.0166	0.0106	0.0060	0.0052	0.0042	0.0010	0.0114	0.0064	0.0050	0.0000	0.0000	0.0000	0.0000	0.0000	0.0000	0.0000	0.0000	0.0000	0.0000	0.0000	0.0000	0.0000	0.0000	0.0000	0.0000	0.0000	0.0000											
71	107	0.1556	6	2	1	1	0	0	0	0	0	Y	N	N	N	N	N	N	N	N	N	N	N	0.0000	0.0000	0.0000	0.0000	0.0000	0.0000	0.0000	0.0000	0.0000	0.0000	0.0000	0.0000	0.0000	0.0012	0.0019	0.0000	0.0000	0.0000	0.0000	0.0016	0.0028	0.0000	0.0000	0.0000	-0.0000	0.0044	0.0000	4.0281	0.9999	0.0000	0.0000	0.0000	0.0000	0.0000	0.0000	0.0000	0.0000	0.0000	0.0000	0.0000	0.0000	0.0000	0.0000	0.0000	0.0000	0.0000	0.0000	0.0000	0.0000	0.0000	0.0000	0.0000	0.0000	0.0000	0.0000	0.0000	0.0083	0.0052	0.0031	0.0021	0.0016	0.0004	0.0063	0.0035	0.0027	0.0000	0.0000	0.0000	0.0000	0.0000	0.0000	0.0000	0.0000	0.0000	0.0012	0.0019	0.0000	0.0000	0.0000	0.0000	0.0016	0.0028	0.0000						
71	108	0.1348	5	2	1	1	0	0	0	0	0	Y	N	N	N	N	N	N	N	N	N	N	N	3.9166	0.0000	inf	0.0000	0.0000	5.5079	0.0000	inf	0.0011	0.0000	0.0079	0.0000	0.0000	0.0000	0.0015	0.0000	0.0080	0.0003	0.0004	0.0000	0.0003	0.0004	0.0000	0.0003	0.0005	0.0000	inf	0.0000	0.0000	-0.0000	0.0044	0.0100	4.0281	4.8896	0.0000	0.0000	0.0000	0.0000	0.0000	0.0000	0.0000	0.0000	0.0000	0.0000	0.0000	0.0000	0.0000	0.0000	0.0000	0.0000	0.0000	0.0000	0.0000	0.0000	0.0000	0.0000	0.0000	0.0000	0.0000	0.0000	0.0000	0.0610	0.0397	0.0213	0.0176	0.0153	0.0022	0.0434	0.0244	0.0191	3.9166	0.0000	inf	0.0000	0.0000	0.0000	5.5079	0.0000	inf	0.0003	0.0004	0.0000	0.0003	0.0004	0.0000	0.0003	0.0005	0.0000	
71	109	0.1247	4	1	1	1	0	0	0	0	0	N	N	N	N	N	N	N	N	N	N	N	N	2.5239	0.0914	10.7254	inf	inf	2.4023	0.0000	10.4376	0.0011	0.0000	0.0072	0.0002	0.0003	0.0000	0.0012	0.0000	0.0074	0.0004	0.0003	0.0007	0.0000	0.0000	0.0000	0.0005	0.0003	0.0007	51.3337	1.6967	0.0000	0.0000	0.0044	1.0007	4.0281	1.4004	0.0000	0.0000	0.0000	0.0000	0.0000	0.0000	0.0000	0.0000	0.0000	0.0000	0.0000	0.0000	0.0000	0.0000	0.0000	0.0000	0.0000	0.0000	0.0001	0.0001	0.0000	0.0000	0.0000	0.0000	0.0001	0.0000	0.0000	0.0193	0.0116	0.0077	0.0021	0.0017	0.0004	0.0172	0.0099	0.0073	2.5239	0.0914	10.7254	inf	inf	0.0000	2.4023	0.0000	10.4376	0.0004	0.0003	0.0007	0.0000	0.0000	0.0000	0.0005	0.0003	0.0007	
71	110	0.1114	3	1	0	1	0	0	0	0	0	N	N	N	N	N	N	N	N	N	N	N	N	0.0103	0.0034	3.7996	0.1270	0.1261	0.0000	0.0034	0.0000	4.6979	0.0025	0.0023	0.0036	0.0060	0.0067	0.0000	0.0008	0.0000	0.0046	0.2441	0.6818	0.0009	0.0473	0.0529	0.0001	0.2361	0.4260	0.0010	0.2663	0.0018	-0.0000	-0.0034	0.0044	0.3039	4.0281	2.8719	0.0000	0.0000	0.0000	0.0000	0.0000	0.0000	0.0000	0.0000	0.0000	0.0062	0.0062	0.0000	0.0002	0.0002	0.0000	0.0060	0.0060	0.0000	0.0000	0.0000	0.0000	0.0000	0.0000	0.0000	0.0000	0.0000	0.0000	0.0305	0.0186	0.0119	0.0051	0.0045	0.0005	0.0254	0.0141	0.0114	0.0123	0.0070	3.7996	0.1270	0.1261	0.0000	0.0034	0.0000	4.6979	0.2047	0.3351	0.0009	0.0473	0.0529	0.0001	0.2361	0.4260	0.0010
71	111	0.0589	2	1	0	1	0	0	0	0	0	N	N	N	N	N	N	N	N	N	N	N	N	0.0039	0.0000	6.2641	24.5175	20.4901	0.0041	0.0000	6.1618	0.0441	0.0001	0.2980	0.0008	0.0008	0.0000	0.0466	0.0000	0.3041	11.2234	19.0394	0.0476	0.0000	0.0000	0.0000	11.4297	19.8240	0.0494	1032.9292	0.0018	0.0000	-0.5310	0.0044	3.8240	4.0281	8.1760	0.0000	0.0000	0.0000	0.0000	0.0000	0.0000	0.0000	0.0000	0.0000	0.9868	0.9850	0.0018	0.0000	0.0000	0.0000	0.9868	0.9850	0.0018	0.0002	0.0002	0.0000	0.0000	0.0000	0.0000	0.0002	0.0002	0.0000	0.0889	0.0517	0.0372	0.0026	0.0020	0.0005	0.0863	0.0497	0.0366	0.0040	0.0000	6.2641	24.5175	20.4901	0.0000	0.0041	0.0000	6.3000	11.0967	19.0394	0.0476	0.0000	0.0000	0.0000	11.4297	19.8240	0.0483	
71	115	0.2515	5	1	0	1	0	0	0	0	0	N	N	N	N	N	N	N	N	N	N	N	N	1.4457	0.0094	11214.3043	0.0165	0.0104	16456.5841	1.1407	0.0037	8994.4945	3.6133	0.0372	27.1301	0.1309	0.1035	0.9225	4.2723	0.0229	28.2316	2.4993	3.9703	0.0024	7.9150	9.9756	0.0001	3.7455	6.1879	0.0031	111.0320	0.0003	0.0011	-0.3819	0.0044	8.9918	4.0281	13.3277	0.0021	0.0000	0.0021	0.0000	0.0000	0.0000	0.0021	0.0000	0.0021	0.7076	0.7074	0.0002	0.1096	0.1096	0.0000	0.5980	0.5978	0.0002	0.0006	0.0005	0.0001	0.0001	0.0001	0.0000	0.0005	0.0004	0.0001	0.2977	0.2154	0.0822	0.1380	0.1188	0.0192	0.1596	0.0966	0.0630	1.5199	0.0113	11214.3043	0.1648	0.1122	16456.5841	1.1407	0.0037	8994.4945	2.3772	3.2839	0.0024	0.7945	0.9228	0.0001	3.7455	6.1879	0.0031
72	73	0.1154	2	1	1	1	0	0	0	0	0	N	N	N	N	N	N	N	N	N	N	N	N	1.3352	inf	0.0000	inf	inf	0.0000	0.0000	6.4721	7.5770	0.0000	119.1945	126.0438	0.0000	0.0000	0.0000	0.0000	4.8471	0.0000	21.7906	0.0000	0.0000	0.0000	4.9962	0.0000	19.3296	0.0000	inf	-0.4611	0.4601	5.9987	2.0000	11.0016	5.0000	0.9986	0.9986	0.0000	0.9986	0.9986	0.0000	0.0000	0.0000	0.0000	1.0000	0.0000	1.0000	0.0000	0.0000	0.0000	1.0000	0.0000	1.0000	0.1543	0.1318	0.0225	0.0084	0.0079	0.0005	0.1459	0.1239	0.0220	0.2063	0.1201	0.0862	0.0062	0.0049	0.0013	0.2002	0.1152	0.0849	1.3352	inf	0.0000	inf	inf	0.0000	0.0000	0.0000	0.0000	4.8471	0.0000	11.6008	0.0000	0.0000	0.0000	4.9962	0.0000	11.7779		
72	74	0.1154	3	0	2	0	0	0	0	0	0	N	Y	N	N	N	N	N	N	N	N	N	N	1.0004	476.3169	3.3553	1882.9274	2705.3880	0.0000	1.1660	3.2500	2.1676	0.1179	14.1673	5.0616	5.1129	0.0000	2.1089	0.0000	14.1867	2.1667	0.0002	4.2224	0.0027	0.0019	0.0074	1.8087	0.0000	4.3651	20.5301	11059.4336	0.5157	0.4603	5.9987	6.1274	11.0016	13.6208	1.0486	0.0487	0.9999	0.0487	0.0487	0.0000	0.9999	0.0000	0.9999	1.0007	0.0001	1.0006	0.0002	0.0001	0.0001	1.0006	0.0000	1.0006	0.4838	0.4132	0.0706	0.0096	0.0095	0.0001	0.4741	0.4037	0.0705	0.6092	0.3656	0.2436	0.0560	0.0479	0.0081	0.5532	0.3177	0.2355	1.3195	476.3169	3.4486	1882.9274	2705.3880	0.0000	1.1660	0.0000	3.3386	1.6427	0.0002	4.1081	0.0027	0.0019	0.0074	1.8087	0.0000	4.2492	
72	75	0.1399	6	0	1	1	0	0	0	0	0	N	N	N	N	N	N	N	N	N	N	N	N	0.0000	0.0000	0.0000	0.0000	0.0000	0.0000	0.0000	0.0000	0.0000	0.0000	0.0000	0.0000	0.0000	0.0220	0.0365	0.0000	1.5158	2.1612	0.0000	0.0000	0.0000	0.0000	0.0000	0.0000	-0.0004	5.9987	0.0000	11.0016	1.0003	0.0000	0.0000	0.0000	0.0000	0.0000	0.0000	0.0000	0.0000	0.0000	0.0007	0.0007	0.0000	0.0007	0.0007	0.0000	0.0000	0.0000	0.0000	0.0000	0.0000	0.0000	0.0000	0.0000	0.0000	0.0000	0.0000	0.0000	0.0328	0.0197	0.0130	0.0027	0.0022	0.0005	0.0301	0.0176	0.0125	0.0000	0.0000	0.0000	0.0000	0.0000	0.0000	0.0000	0.0000	0.0000	0.0220	0.0365	0.0000	0.2674	0.3346	0.0000	0.0000	0.0000	0.0000						
72	76	0.1358	5	0	1	1	0	0	0	0	0	N	N	N	N	N	N	N	N	N	N	N	N	0.0000	0.0000	0.0000	0.0000	0.0000	0.0000	0.0000	0.0000	0.0000	0.0000	0.0000	0.0000	0.0000	0.0220	0.0000	0.0552	0.0000	0.0000	0.0000	0.0237	0.0000	0.0572	inf	0.0000	0.0003	5.9987	0.0000	11.0016	1.0076	0.0000	0.0000	0.0000	0.0000	0.0000	0.0000	0.0000	0.0000	0.0000	0.0007	0.0000	0.0007	0.0000	0.0000	0.0000	0.0007	0.0000	0.0007	0.0000	0.0000	0.0000	0.0000	0.0000	0.0000	0.0000	0.0000	0.0000	0.0327	0.0197	0.0131	0.0023	0.0019	0.0005	0.0304	0.0178	0.0126	0.0000	0.0000	0.0000	0.0000	0.0000	0.0000	0.0000	0.0000	0.0000	0.0220	0.0000	0.0552	0.0000	0.0000	0.0000	0.0237	0.0000	0.0572						
72	77	0.1318	4	0	1	0	0	0	0	0	0	N	N	N	N	N	N	N	N	N	N	N	N	inf	inf	inf	inf	1.2259	0.0000	12.2697	0.0000	0.0000	0.0000	1.9017	0.0000	12.3920	0.0000	0.0000	0.0000	0.0000	0.0000	0.0000	0.0000	0.0000	0.0000	inf	0.0004	0.0000	5.9987	0.0026	11.0016	0.9924	0.0008	0.0000	0.0008	0.0000	0.0000	0.0000	0.0008	0.0000	0.0008	0.0000	0.0000	0.0000	0.0000	0.0000	0.0000	0.0000	0.0000	0.0000	0.0007	0.0006	0.0001	0.0002	0.0002	0.0000	0.0004	0.0004	0.0001	0.0323	0.0194	0.0129	0.0023	0.0018	0.0005	0.0300	0.0175	0.0124	inf	0.0000	inf	0.0000	0.0000	0.0000	inf	0.0000	inf	0.0000	0.0000	0.0000	0.0000	0.0000	0.0000	0.0000	0.0000	0.0000						
72	78	0.1154	3	0	1	0	0	0	0	0	0	N	N	N	N	N	N	N	N	N	N	N	N	271.6469	0.0825	1139.6990	0.5464	0.4314	inf	403.0272	1106.2290	3.8938	0.0008	26.6892	0.0197	0.0166	0.6081	4.0528	0.0000	26.7254	0.0143	0.0093	0.0234	0.0360	0.0385	0.0000	0.0101	0.0000	0.0242	5971.0722	1.4138	0.5108	0.0001	5.9987	2.8733	11.0016	1.5522	0.9493	0.0002	0.9492	0.0002	0.0002	0.0000	0.9491	0.0000	0.9491	0.0027	0.0011	0.0016	0.0011	0.0011	0.0000	0.0016	0.0000	0.0016	0.2438	0.2082	0.0356	0.0096	0.0096	0.0000	0.2342	0.1987	0.0355	0.1870	0.1200	0.0670	0.0309	0.0288	0.0021	0.1561	0.0911	0.0650	271.6469	0.0825	1139.6990	0.5464	0.4314	inf	403.0272	0.0000	1106.2290	0.0143	0.0093	0.0234	0.0360	0.0385	0.0000	0.0101	0.0000	0.0242	
72	79	0.1033	2	0	1	0	0	0	0	0	0	N	N	N	N	N	N	N	N	N	N	N	N	14.4518	29.0932	21.4222	40.8009	40.8898	0.0000	12.0795	1.8306	21.4094	2.4127	0.7972	12.8731	3.5240	3.5253	0.0000	2.1423	0.0016	12.8801	0.1669	0.0274	0.6009	0.0864	0.0862	0.0000	0.1774	0.0009	0.6016	2.4936	7.3562	0.0169	0.0107	5.9987	0.2102	11.0016	3.4985	0.0670	0.0192	0.0478	0.0191	0.0191	0.0000	0.0478	0.0000	0.0478	0.0315	0.0038	0.0277	0.0037	0.0037	0.0000	0.0278	0.0001	0.0277	0.0278	0.0241	0.0037	0.0054	0.0054	0.0000	0.0223	0.0186	0.0037	0.2023	0.1376	0.0647	0.0454	0.0447	0.0007	0.1569	0.0929	0.0639	15.4878	29.0932	30.0105	43.3627	42.6877	0.0000	12.0795	1.8306	29.6908	0.1558	0.0274	0.4290	0.0813	0.0826	0.0000	0.1774	0.0009	0.4338
72	80	0.1343	4	0	2	0	0	0	0	0	0	N	Y	N	N	N	N	N	N	N	N	N	N	inf	inf	inf	inf	inf	inf	0.1080	0.1266	0.0000	0.0446	0.0470	0.0000	0.1101	0.1296	0.0000	0.0000	0.0000	0.0000	0.0000	0.0000	0.0000	0.0000	0.0000	0.0000	0.0000	-0.0079	0.0000	5.9987	2.0196	11.0016	6.0690	0.0172	0.0172	0.0000	0.0002	0.0002	0.0000	0.0169	0.0169	0.0000	0.0000	0.0000	0.0000	0.0000	0.0000	0.0000	0.0000	0.0000	0.0000	0.1591	0.1357	0.0234	0.0052	0.0049	0.0003	0.1539	0.1308	0.0232	0.2579	0.1506	0.1073	0.0240	0.0197	0.0043	0.2339	0.1309	0.1029	inf	inf	0.0000	inf	inf	0.0000	inf	inf	0.0000	0.0000	0.0000	0.0000	0.0000	0.0000	0.0000	0.0000	0.0000	0.0000				
72	81	0.1261	3	0	1	0	0	0	0	0	0	N	N	N	N	N	N	N	N	N	N	N	N	81776.8839	inf	4.7618	inf	inf	inf	77370.5183	inf	4.6159	12.7092	14.9428	0.0017	0.0112	0.0119	0.0001	12.9435	15.2489	0.0017	0.0002	0.0000	0.0004	0.0000	0.0000	0.0000	0.0002	0.0000	0.0004	0.0000	inf	-0.4538	0.0000	5.9987	0.9876	11.0016	0.9833	0.9827	0.9827	0.0000	0.0000	0.0000	0.0000	0.9827	0.9827	0.0000	0.0000	0.0000	0.0000	0.0000	0.0000	0.0000	0.0000	0.0000	0.0000	0.0773	0.0658	0.0116	0.0014	0.0013	0.0001	0.0759	0.0644	0.0115	0.0643	0.0368	0.0275	0.0046	0.0035	0.0010	0.0598	0.0333	0.0265	81776.8839	inf	4.7618	inf	inf	inf	77370.5183	inf	4.6159	0.0002	0.0000	0.0004	0.0000	0.0000	0.0000	0.0002	0.0000	0.0004
72	82	0.1437	3	1	1	1	0	0	0	0	0	N	N	N	N	N	N	N	N	N	N	N	N	inf	inf	inf	inf	inf	inf	12.7157	14.9531	0.0000	0.2523	0.2728	0.0000	12.8876	15.1736	0.0000	0.0000	0.0000	0.0000	0.0000	0.0000	0.0000	0.0000	0.0000	0.0000	0.0000	-0.4611	0.0000	5.9987	1.0000	11.0016	2.9874	0.9986	0.9986	0.0000	0.0003	0.0003	0.0000	0.9983	0.9983	0.0000	0.0000	0.0000	0.0000	0.0000	0.0000	0.0000	0.0000	0.0000	0.0000	0.0785	0.0668	0.0118	0.0011	0.0010	0.0001	0.0775	0.0658	0.0117	0.1258	0.0730	0.0528	0.0117	0.0098	0.0019	0.1141	0.0632	0.0509	inf	inf	0.0000	inf	inf	0.0000	inf	inf	0.0000	0.0000	0.0000	0.0000	0.0000	0.0000	0.0000	0.0000	0.0000	0.0000				
72	83	0.1154	2	1	1	1	0	0	0	0	0	N	N	N	N	N	N	N	N	N	N	N	N	inf	inf	inf	inf	12.8231	15.0205	0.0000	235.9252	249.4742	0.0000	0.0000	0.0000	0.0000	0.0000	0.0000	0.0000	0.0000	0.0000	0.0000	0.0000	0.0000	0.0000	0.0000	-0.4610	0.0000	5.9987	0.9997	11.0016	6.0128	0.9984	0.9984	0.0000	0.9984	0.9984	0.0000	0.0000	0.0000	0.0000	0.0000	0.0000	0.0000	0.0000	0.0000	0.0000	0.0000	0.0000	0.0000	0.0779	0.0665	0.0114	0.0042	0.0040	0.0002	0.0736	0.0625	0.0112	0.2067	0.1203	0.0863	0.0062	0.0049	0.0013	0.2005	0.1154	0.0850	inf	inf	0.0000	inf	inf	0.0000	0.0000	0.0000	0.0000	0.0000	0.0000	0.0000	0.0000	0.0000	0.0000	0.0000	0.0000	0.0000						
72	85	0.1301	3	0	2	0	0	0	0	0	0	N	Y	N	N	N	N	N	N	N	N	N	N	0.0000	0.0000	0.0000	0.0000	0.0000	0.0000	0.0000	0.0000	0.0000	0.0000	0.0000	0.0000	0.0000	0.0000	0.0000	0.0000	0.0000	0.0000	0.0000	0.0000	5.9987	1.0000	11.0016	6.9850	0.0000	0.0000	0.0000	0.0000	0.0000	0.0000	0.0000	0.0000	0.0000	0.0000	0.0000	0.0000	0.0000	0.0000	0.0000	0.0000	0.0000	0.0000	0.0784	0.0667	0.0118	0.0008	0.0007	0.0001	0.0776	0.0659	0.0117	0.2476	0.1408	0.1068	0.0167	0.0127	0.0040	0.2309	0.1281	0.1028	0.0000	0.0000	0.0000	0.0000	0.0000	0.0000	0.0000	0.0000	0.0000	0.0000	0.0000	0.0000	0.0000	0.0000	0.0000	0.0000	0.0000	0.0000											
72	86	0.1173	2	0	1	0	0	0	0	0	0	N	N	N	N	N	N	N	N	N	N	N	N	0.0000	0.0829	0.0000	0.0353	0.4577	0.0000	0.0000	0.0000	0.0000	0.0000	0.0000	0.0001	0.0001	0.0000	0.0000	0.0000	0.0000	0.0193	0.0000	0.0444	0.0016	0.0001	0.0065	0.0205	0.0000	0.0478	0.0000	2871.5442	-0.0000	0.0009	5.9987	1.0086	11.0016	2.0000	0.0000	0.0000	0.0000	0.0000	0.0000	0.0000	0.0000	0.0000	0.0000	0.0019	0.0000	0.0019	0.0000	0.0000	0.0000	0.0019	0.0000	0.0019	0.0800	0.0681	0.0119	0.0012	0.0011	0.0001	0.0788	0.0670	0.0119	0.0976	0.0550	0.0426	0.0065	0.0050	0.0015	0.0911	0.0500	0.0410	0.0000	0.0829	0.0000	0.0353	0.4577	0.0000	0.0000	0.0000	0.0000	0.0193	0.0000	0.0441	0.0016	0.0001	0.0065	0.0205	0.0000	0.0456	
72	87	0.1154	2	0	2	0	0	0	0	0	0	N	Y	N	N	N	N	N	N	N	N	N	N	inf	inf	inf	inf	inf	inf	inf	3.2971	3.8554	0.0027	60.8365	64.3374	0.0000	0.0004	0.0000	0.0028	0.0000	0.0000	0.0000	0.0000	0.0000	0.0000	0.0000	0.0000	0.0000	0.0001	-0.4611	0.0000	5.9987	4.0000	11.0016	7.0000	0.9988	0.9986	0.0001	0.9986	0.9986	0.0000	0.0001	0.0000	0.0001	0.0000	0.0000	0.0000	0.0000	0.0000	0.0000	0.0000	0.0000	0.0000	0.3029	0.2590	0.0439	0.0164	0.0155	0.0009	0.2865	0.2435	0.0430	0.3150	0.1834	0.1315	0.0095	0.0075	0.0020	0.3054	0.1759	0.1295	inf	inf	inf	inf	inf	0.0000	inf	0.0000	inf	0.0000	0.0000	0.0000	0.0000	0.0000	0.0000	0.0000	0.0000	0.0000			
72	89	0.1346	4	0	2	0	0	0	0	0	0	N	Y	N	N	N	N	N	N	N	N	N	N	inf	inf	inf	inf	0.4283	0.4904	0.0000	1.1835	1.1845	0.0000	0.0000	0.0000	0.0000	0.0000	0.0000	0.0000	0.0000	0.0000	0.0000	0.0000	0.0000	0.0000	0.0000	-0.0009	0.0000	5.9987	0.0157	11.0016	9.0253	0.0019	0.0019	0.0000	0.0019	0.0019	0.0000	0.0000	0.0000	0.0000	0.0000	0.0000	0.0000	0.0000	0.0000	0.0000	0.0000	0.0000	0.0000	0.0043	0.0038	0.0005	0.0016	0.0016	0.0000	0.0028	0.0022	0.0005	0.2841	0.1635	0.1206	0.0294	0.0223	0.0071	0.2547	0.1412	0.1135	inf	inf	0.0000	inf	inf	0.0000	0.0000	0.0000	0.0000	0.0000	0.0000	0.0000	0.0000	0.0000	0.0000	0.0000	0.0000	0.0000						
72	90	0.1261	3	0	2	0	0	0	0	0	0	N	Y	N	N	N	N	N	N	N	N	N	N	9955.9886	inf	134.1635	inf	inf	8283.9266	inf	130.0406	1.5127	1.7611	0.0476	4.1531	4.2238	0.0000	1.3544	1.5898	0.0479	0.0002	0.0000	0.0004	0.0000	0.0000	0.0000	0.0002	0.0000	0.0004	0.0046	inf	-0.0010	0.0000	5.9987	0.0169	11.0016	2.0013	0.0022	0.0022	0.0000	0.0003	0.0003	0.0000	0.0019	0.0018	0.0000	0.0000	0.0000	0.0000	0.0000	0.0000	0.0000	0.0000	0.0000	0.0000	0.0014	0.0012	0.0002	0.0001	0.0001	0.0000	0.0014	0.0012	0.0002	0.0658	0.0377	0.0282	0.0047	0.0036	0.0010	0.0612	0.0340	0.0271	9955.9886	inf	134.1635	inf	inf	0.0000	8283.9266	inf	130.0406	0.0002	0.0000	0.0004	0.0000	0.0000	0.0000	0.0002	0.0000	0.0004	
72	91	0.1173	2	0	1	0	0	0	0	0	0	N	N	N	N	N	N	N	N	N	N	N	N	0.0778	9.1626	0.0000	0.0086	0.0137	0.0000	0.0739	inf	0.0000	0.0022	0.0026	0.0000	0.0000	0.0000	0.0000	0.0022	0.0026	0.0000	0.0281	0.0003	0.0641	0.0043	0.0029	0.0095	0.0299	0.0000	0.0678	0.0000	176.7546	-0.0002	0.0009	5.9987	1.9923	11.0016	0.0454	0.0003	0.0003	0.0000	0.0000	0.0000	0.0000	0.0003	0.0003	0.0000	0.0019	0.0000	0.0019	0.0000	0.0000	0.0000	0.0019	0.0000	0.0019	0.1556	0.1324	0.0232	0.0018	0.0017	0.0001	0.1538	0.1307	0.0231	0.0673	0.0380	0.0293	0.0048	0.0037	0.0011	0.0625	0.0342	0.0283	0.0778	9.1626	0.0000	0.0086	0.0137	0.0000	0.0739	inf	0.0000	0.0281	0.0003	0.0641	0.0043	0.0029	0.0095	0.0299	0.0000	0.0662
72	93	0.1703	6	1	2	0	1	0	0	0	0	N	Y	N	N	N	N	N	N	N	N	N	N	0.0000	0.0000	0.0000	0.0000	0.0000	0.0000	0.0000	0.0000	0.0000	0.0000	0.0000	0.0000	0.0000	0.0000	0.0000	0.0000	0.0000	0.0000	0.0000	0.0000	5.9987	0.0000	11.0016	0.0000	0.0000	0.0000	0.0000	0.0000	0.0000	0.0000	0.0000	0.0000	0.0000	0.0000	0.0000	0.0000	0.0000	0.0000	0.0000	0.0000	0.0000	0.0000	0.0000	0.0000	0.0000	0.0000	0.0000	0.0000	0.0000	0.0000	0.0000	0.0000	0.0000	0.0000	0.0000	0.0000	0.0000	0.0000	0.0000	0.0000	0.0000	0.0000	0.0000	0.0000	0.0000	0.0000	0.0000	0.0000	0.0000	0.0000	0.0000	0.0000	0.0000	0.0000	0.0000	0.0000	0.0000	0.0000											
72	94	0.1703	5	1	2	0	1	0	0	0	0	N	Y	N	N	N	N	N	N	N	N	N	N	0.0000	0.0000	0.0000	0.0000	0.0000	0.0000	0.0000	0.0000	0.0000	0.0000	0.0000	0.0000	0.0000	0.0000	0.0000	0.0000	0.0000	0.0000	0.0000	0.0000	5.9987	0.0000	11.0016	0.0001	0.0000	0.0000	0.0000	0.0000	0.0000	0.0000	0.0000	0.0000	0.0000	0.0000	0.0000	0.0000	0.0000	0.0000	0.0000	0.0000	0.0000	0.0000	0.0000	0.0000	0.0000	0.0000	0.0000	0.0000	0.0000	0.0000	0.0000	0.0000	0.0000	0.0000	0.0000	0.0000	0.0000	0.0000	0.0000	0.0000	0.0000	0.0000	0.0000	0.0000	0.0000	0.0000	0.0000	0.0000	0.0000	0.0000	0.0000	0.0000	0.0000	0.0000	0.0000	0.0000	0.0000	0.0000											
72	95	0.1524	4	0	2	0	1	0	0	0	0	N	Y	N	N	N	N	N	N	N	N	N	N	inf	inf	inf	inf	11.9278	0.0000	81.8589	0.0000	0.0000	0.0000	12.7019	0.0000	83.0048	0.0000	0.0000	0.0000	0.0000	0.0000	0.0000	0.0000	0.0000	0.0000	inf	0.5283	0.0000	5.9987	0.9845	11.0016	0.9903	0.9815	0.0000	0.9815	0.0000	0.0000	0.0000	0.9815	0.0000	0.9815	0.0000	0.0000	0.0000	0.0000	0.0000	0.0000	0.0000	0.0000	0.0000	0.0823	0.0703	0.0120	0.0050	0.0048	0.0002	0.0773	0.0654	0.0118	0.0679	0.0398	0.0281	0.0048	0.0044	0.0004	0.0631	0.0354	0.0277	inf	0.0000	inf	0.0000	0.0000	0.0000	inf	0.0000	inf	0.0000	0.0000	0.0000	0.0000	0.0000	0.0000	0.0000	0.0000	0.0000						
72	96	0.1496	4	0	2	0	0	0	0	0	0	N	Y	N	N	N	N	N	N	N	N	N	N	0.3037	0.2256	3.4508	3.2055	0.0016	0.0019	0.0000	0.0709	0.0749	0.0000	0.0000	0.0000	0.0000	0.0052	0.0083	0.0000	0.0205	0.0234	0.0000	0.0000	0.0000	0.0000	0.0000	0.0000	-0.0001	-0.0007	5.9987	1.0063	11.0016	3.7812	0.0001	0.0001	0.0000	0.0001	0.0001	0.0000	0.0000	0.0000	0.0000	0.0012	0.0012	0.0000	0.0012	0.0012	0.0000	0.0000	0.0000	0.0000	0.0818	0.0696	0.0122	0.0018	0.0017	0.0001	0.0800	0.0679	0.0121	0.2353	0.1488	0.0865	0.0599	0.0526	0.0073	0.1754	0.0962	0.0792	0.3037	0.2256	0.0000	3.4508	3.2055	0.0000	0.0000	0.0000	0.0000	0.0052	0.0083	0.0000	0.0205	0.0234	0.0000	0.0000	0.0000	0.0000					
72	97	0.1524	4	0	1	1	1	0	0	0	0	N	N	N	N	N	N	N	N	N	N	N	N	inf	inf	inf	inf	0.2017	0.2361	0.0000	3.3578	3.4744	0.0000	0.0000	0.0000	0.0000	0.0000	0.0000	0.0000	0.0000	0.0000	0.0000	0.0000	0.0000	0.0000	0.0000	-0.0079	0.0000	5.9987	1.0165	11.0016	1.0129	0.0171	0.0171	0.0000	0.0171	0.0171	0.0000	0.0000	0.0000	0.0000	0.0000	0.0000	0.0000	0.0000	0.0000	0.0000	0.0000	0.0000	0.0000	0.0848	0.0724	0.0124	0.0051	0.0049	0.0002	0.0797	0.0675	0.0122	0.0696	0.0408	0.0288	0.0049	0.0045	0.0004	0.0647	0.0363	0.0284	inf	inf	0.0000	inf	inf	0.0000	0.0000	0.0000	0.0000	0.0000	0.0000	0.0000	0.0000	0.0000	0.0000	0.0000	0.0000	0.0000						
72	98	0.1395	3	0	1	0	1	0	0	0	0	N	N	N	N	N	N	N	N	N	N	N	N	inf	inf	inf	inf	inf	inf	inf	0.1438	0.0467	0.7044	1.5127	1.5943	0.0000	0.1068	0.0000	0.7109	0.0000	0.0000	0.0000	0.0000	0.0000	0.0000	0.0000	0.0000	0.0000	2.6098	0.0061	0.0000	5.9987	2.0241	11.0016	1.0265	0.0235	0.0065	0.0170	0.0065	0.0065	0.0000	0.0170	0.0000	0.0170	0.0000	0.0000	0.0000	0.0000	0.0000	0.0000	0.0000	0.0000	0.0000	0.1634	0.1392	0.0241	0.0043	0.0041	0.0002	0.1591	0.1352	0.0239	0.0998	0.0574	0.0424	0.0078	0.0063	0.0015	0.0920	0.0511	0.0408	inf	inf	inf	inf	inf	0.0000	inf	0.0000	inf	0.0000	0.0000	0.0000	0.0000	0.0000	0.0000	0.0000	0.0000	0.0000			
72	99	0.1395	3	0	1	1	1	0	0	0	0	N	N	N	N	N	N	N	N	N	N	N	N	inf	inf	inf	inf	0.0276	0.0324	0.0000	1.1255	1.1912	0.0000	0.0000	0.0000	0.0000	0.0000	0.0000	0.0000	0.0000	0.0000	0.0000	0.0000	0.0000	0.0000	0.0000	-0.0031	0.0000	5.9987	3.0066	11.0016	0.0000	0.0066	0.0066	0.0000	0.0066	0.0066	0.0000	0.0000	0.0000	0.0000	0.0000	0.0000	0.0000	0.0000	0.0000	0.0000	0.0000	0.0000	0.0000	0.2395	0.2042	0.0353	0.0059	0.0056	0.0003	0.2336	0.1986	0.0349	0.0984	0.0566	0.0418	0.0077	0.0062	0.0015	0.0907	0.0504	0.0403	inf	inf	0.0000	inf	inf	0.0000	0.0000	0.0000	0.0000	0.0000	0.0000	0.0000	0.0000	0.0000	0.0000	0.0000	0.0000	0.0000						
72	100	0.1652	3	0	1	1	1	0	0	0	0	N	N	N	N	N	N	N	N	N	N	N	N	0.0000	0.0000	0.0000	0.0000	0.0000	0.0000	0.0000	0.0000	0.0000	0.0000	0.0000	0.0000	0.0000	0.0000	0.0000	0.0000	0.0000	0.0000	0.0000	0.0000	5.9987	0.0000	11.0016	2.0000	0.0000	0.0000	0.0000	0.0000	0.0000	0.0000	0.0000	0.0000	0.0000	0.0000	0.0000	0.0000	0.0000	0.0000	0.0000	0.0000	0.0000	0.0000	0.0000	0.0000	0.0000	0.0000	0.0000	0.0000	0.0000	0.0000	0.0000	0.0636	0.0361	0.0275	0.0052	0.0041	0.0011	0.0585	0.0320	0.0265	0.0000	0.0000	0.0000	0.0000	0.0000	0.0000	0.0000	0.0000	0.0000	0.0000	0.0000	0.0000	0.0000	0.0000	0.0000	0.0000	0.0000	0.0000											
72	101	0.1261	2	0	1	1	1	0	0	0	0	N	N	N	N	N	N	N	N	N	N	N	N	31.0821	21.1030	0.0000	66.0164	62.2770	0.0000	0.0000	0.0000	0.0021	0.0024	0.0000	0.0464	0.0509	0.0000	0.0000	0.0000	0.0000	0.0001	0.0001	0.0000	0.0007	0.0008	0.0000	0.0000	0.0000	0.0000	0.0000	0.0016	-0.0004	-0.0000	5.9987	5.8899	11.0016	3.1847	0.0010	0.0010	0.0000	0.0010	0.0010	0.0000	0.0000	0.0000	0.0000	0.0000	0.0000	0.0000	0.0000	0.0000	0.0000	0.0000	0.0000	0.0000	0.4708	0.4021	0.0688	0.0209	0.0190	0.0018	0.4500	0.3830	0.0670	0.3026	0.1752	0.1274	0.0285	0.0245	0.0040	0.2742	0.1507	0.1235	31.0821	21.1030	0.0000	66.0164	62.2770	0.0000	0.0000	0.0000	0.0000	0.0001	0.0001	0.0000	0.0007	0.0008	0.0000	0.0000	0.0000	0.0000	
72	102	0.1729	2	1	2	0	0	0	0	0	0	N	Y	N	N	N	N	N	N	N	N	N	N	0.0000	0.0000	0.0000	0.0000	0.0000	0.0000	0.0000	0.0000	0.0000	0.0000	0.0000	0.0000	0.0000	0.0000	0.0000	0.0000	0.0000	0.0000	0.0000	0.0000	5.9987	0.0000	11.0016	0.0000	0.0000	0.0000	0.0000	0.0000	0.0000	0.0000	0.0000	0.0000	0.0000	0.0000	0.0000	0.0000	0.0000	0.0000	0.0000	0.0000	0.0000	0.0000	0.0000	0.0000	0.0000	0.0000	0.0000	0.0000	0.0000	0.0000	0.0000	0.0000	0.0000	0.0000	0.0000	0.0000	0.0000	0.0000	0.0000	0.0000	0.0000	0.0000	0.0000	0.0000	0.0000	0.0000	0.0000	0.0000	0.0000	0.0000	0.0000	0.0000	0.0000	0.0000	0.0000	0.0000	0.0000	0.0000											
72	104	0.1366	2	0	2	0	0	0	0	0	0	N	Y	N	N	N	N	N	N	N	N	N	N	0.0000	0.0445	0.0000	0.0415	0.5747	0.0000	0.0000	0.0000	0.0000	0.0000	0.0000	0.0000	0.0000	0.0000	0.0000	0.0000	0.0000	0.0177	0.0000	0.0422	0.0006	0.0000	0.0024	0.0214	0.0000	0.0480	0.0000	2814.0231	-0.0000	0.0008	5.9987	2.0010	11.0016	1.0153	0.0000	0.0000	0.0000	0.0000	0.0000	0.0000	0.0000	0.0000	0.0000	0.0018	0.0000	0.0018	0.0000	0.0000	0.0000	0.0018	0.0000	0.0018	0.1554	0.1323	0.0231	0.0026	0.0024	0.0002	0.1528	0.1299	0.0229	0.1013	0.0589	0.0425	0.0180	0.0138	0.0042	0.0833	0.0451	0.0383	0.0000	0.0445	0.0000	0.0415	0.5747	0.0000	0.0000	0.0000	0.0000	0.0177	0.0000	0.0422	0.0006	0.0000	0.0024	0.0214	0.0000	0.0465	
72	106	0.1745	6	1	2	0	0	0	0	0	0	N	Y	N	N	N	N	N	N	N	N	N	N	0.0000	0.0000	0.0000	0.0000	0.0000	0.0000	0.0000	0.0000	0.0000	0.0000	0.0000	0.0000	0.0000	0.0000	0.0000	0.0000	0.0000	0.0000	0.0000	0.0000	5.9987	1.0000	11.0016	1.0000	0.0000	0.0000	0.0000	0.0000	0.0000	0.0000	0.0000	0.0000	0.0000	0.0000	0.0000	0.0000	0.0000	0.0000	0.0000	0.0000	0.0000	0.0000	0.0806	0.0686	0.0120	0.0015	0.0014	0.0001	0.0791	0.0672	0.0119	0.0678	0.0412	0.0266	0.0176	0.0141	0.0035	0.0502	0.0271	0.0231	0.0000	0.0000	0.0000	0.0000	0.0000	0.0000	0.0000	0.0000	0.0000	0.0000	0.0000	0.0000	0.0000	0.0000	0.0000	0.0000	0.0000	0.0000											
72	107	0.1703	5	1	2	0	0	0	0	0	0	N	Y	N	N	N	N	N	N	N	N	N	N	0.0000	0.0000	0.0000	0.0000	0.0000	0.0000	0.0000	0.0000	0.0000	0.0000	0.0000	0.0000	0.0000	0.0000	0.0000	0.0000	0.0000	0.0000	0.0000	0.0000	5.9987	0.0000	11.0016	0.9999	0.0000	0.0000	0.0000	0.0000	0.0000	0.0000	0.0000	0.0000	0.0000	0.0000	0.0000	0.0000	0.0000	0.0000	0.0000	0.0000	0.0000	0.0000	0.0000	0.0000	0.0000	0.0000	0.0000	0.0000	0.0000	0.0000	0.0000	0.0340	0.0202	0.0138	0.0068	0.0055	0.0014	0.0272	0.0148	0.0124	0.0000	0.0000	0.0000	0.0000	0.0000	0.0000	0.0000	0.0000	0.0000	0.0000	0.0000	0.0000	0.0000	0.0000	0.0000	0.0000	0.0000	0.0000											
72	108	0.1496	4	1	2	0	0	0	0	0	0	N	Y	N	N	N	N	N	N	N	N	N	N	0.0204	749.1895	0.0000	530.1972	933.5727	0.0000	0.0000	0.0000	0.0853	0.0994	0.0000	0.3526	0.3536	0.0000	0.0000	0.0000	0.0000	4.1851	0.0001	20.5725	0.0007	0.0004	0.0027	5.5948	0.0000	23.2204	0.0000	49939.5000	-0.0001	0.4595	5.9987	0.0100	11.0016	4.8896	0.0001	0.0001	0.0000	0.0001	0.0001	0.0000	0.0000	0.0000	0.0000	0.9988	0.0000	0.9988	0.0000	0.0000	0.0000	0.9988	0.0000	0.9988	0.0015	0.0013	0.0002	0.0004	0.0004	0.0000	0.0012	0.0009	0.0002	0.2387	0.1507	0.0879	0.0601	0.0528	0.0073	0.1785	0.0979	0.0806	0.0204	749.1895	0.0000	530.1972	933.5727	0.0000	0.0000	0.0000	0.0000	4.1851	0.0001	11.3575	0.0007	0.0004	0.0027	5.5948	0.0000	12.3911	
72	109	0.1395	3	0	2	0	0	0	0	0	0	N	Y	N	N	N	N	N	N	N	N	N	N	5.1653	106.8584	0.2933	inf	inf	0.0940	0.0000	0.2853	0.0818	0.0941	0.0106	2.5163	2.6259	0.0000	0.0016	0.0000	0.0107	0.0158	0.0009	0.0361	0.0000	0.0000	0.0000	0.0172	0.0010	0.0374	0.0195	30.2499	-0.0030	0.0005	5.9987	1.0007	11.0016	1.4004	0.0067	0.0066	0.0001	0.0066	0.0066	0.0000	0.0001	0.0000	0.0001	0.0013	0.0000	0.0012	0.0000	0.0000	0.0000	0.0013	0.0000	0.0012	0.0825	0.0703	0.0122	0.0026	0.0025	0.0001	0.0799	0.0678	0.0121	0.0790	0.0454	0.0335	0.0062	0.0050	0.0012	0.0728	0.0404	0.0323	5.1653	106.8584	0.2933	inf	inf	0.0000	0.0940	0.0000	0.2853	0.0158	0.0009	0.0361	0.0000	0.0000	0.0000	0.0172	0.0010	0.0374	
72	110	0.1261	2	0	1	0	0	0	0	0	0	N	N	N	N	N	N	N	N	N	N	N	N	1071.6254	94.2201	1680261.4329	62.1359	63.2258	0.0000	1503059.4347	4170795.9803	0.1730	0.0258	1.0257	0.0728	0.0811	0.0000	0.2163	0.0000	1.2989	0.0002	0.0003	0.0000	0.0012	0.0013	0.0000	0.0000	0.0000	0.0000	6.8739	0.0016	0.0031	-0.0000	5.9987	0.3039	11.0016	2.8719	0.0076	0.0010	0.0066	0.0010	0.0010	0.0000	0.0066	0.0000	0.0066	0.0000	0.0000	0.0000	0.0000	0.0000	0.0000	0.0000	0.0000	0.0000	0.0438	0.0374	0.0064	0.0132	0.0119	0.0014	0.0306	0.0255	0.0051	0.1241	0.0731	0.0509	0.0171	0.0156	0.0015	0.1070	0.0576	0.0494	1071.6254	94.2201	1680261.4329	62.1359	63.2258	0.0000	1503059.4347	0.0000	4170795.9803	0.0002	0.0003	0.0000	0.0012	0.0013	0.0000	0.0000	0.0000	0.0000	
72	115	0.2663	4	0	1	0	0	0	0	0	0	N	N	N	N	N	N	N	N	N	N	N	N	34.9188	0.0206	158.9718	1.7015	0.2690	21.3273	30.6017	0.0000	168.4092	2.7807	0.0014	21.0121	0.0857	0.0104	2.7429	3.1539	0.0000	21.4872	0.0796	0.0685	0.1322	0.0504	0.0386	0.1286	0.1031	0.1036	0.1276	2264.1108	0.6207	1.1573	-0.0150	5.9987	8.9918	11.0016	13.3277	2.1519	0.0009	2.1509	0.0081	0.0009	0.0071	2.1438	0.0000	2.1438	0.0956	0.0590	0.0366	0.0269	0.0179	0.0090	0.0687	0.0411	0.0276	0.7738	0.6715	0.1024	0.0941	0.0915	0.0026	0.6797	0.5800	0.0998	1.2000	0.8603	0.3398	0.5336	0.4637	0.0699	0.6664	0.3965	0.2699	34.9188	0.0206	195.0519	1.7015	0.2690	21.3273	30.6017	0.0000	210.0085	0.0796	0.0685	0.1077	0.0504	0.0386	0.1286	0.1031	0.1036	0.1023
73	74	0.1118	4	1	1	1	0	0	0	0	0	N	N	N	N	N	N	N	N	N	N	N	N	1093.3005	0.0000	inf	1.1755	0.0000	inf	inf	inf	0.3002	0.0000	2.0751	0.0028	0.0000	0.0663	0.3214	0.0000	2.1145	0.0003	0.0004	0.0000	0.0024	0.0028	0.0000	0.0000	0.0000	0.0000	inf	0.0000	0.0263	-0.0000	2.0000	6.1274	5.0000	13.6208	0.0488	0.0000	0.0488	0.0000	0.0000	0.0000	0.0487	0.0000	0.0487	0.0001	0.0001	0.0000	0.0001	0.0001	0.0000	0.0000	0.0000	0.0000	0.1624	0.1389	0.0235	0.0108	0.0103	0.0005	0.1516	0.1286	0.0231	0.2549	0.1572	0.0977	0.0296	0.0250	0.0046	0.2253	0.1322	0.0931	1093.3005	0.0000	inf	1.1755	0.0000	inf	inf	0.0000	inf	0.0003	0.0004	0.0000	0.0024	0.0028	0.0000	0.0000	0.0000	0.0000	
73	75	0.1364	7	1	0	2	0	0	0	0	0	N	N	Y	N	N	N	N	N	N	N	N	N	0.0000	0.0000	0.0000	0.0000	0.0000	0.0000	0.0000	0.0000	0.0000	0.0000	0.0000	0.0000	0.0000	0.0446	0.0847	0.0000	4.3825	6.4209	0.0000	0.0000	0.0000	0.0000	0.0000	0.0000	-0.0004	2.0000	0.0000	5.0000	1.0003	0.0000	0.0000	0.0000	0.0000	0.0000	0.0000	0.0000	0.0000	0.0000	0.0007	0.0007	0.0000	0.0007	0.0007	0.0000	0.0000	0.0000	0.0000	0.0000	0.0000	0.0000	0.0000	0.0000	0.0000	0.0000	0.0000	0.0000	0.0161	0.0085	0.0076	0.0014	0.0011	0.0003	0.0147	0.0074	0.0074	0.0000	0.0000	0.0000	0.0000	0.0000	0.0000	0.0000	0.0000	0.0000	0.0446	0.0847	0.0000	0.5130	0.6435	0.0000	0.0000	0.0000	0.0000						
73	76	0.1323	6	1	0	2	0	0	0	0	0	N	N	Y	N	N	N	N	N	N	N	N	N	0.0000	0.0000	0.0000	0.0000	0.0000	0.0000	0.0000	0.0000	0.0000	0.0000	0.0000	0.0000	0.0000	0.0447	0.0000	0.1091	0.0000	0.0000	0.0000	0.0484	0.0000	0.1100	inf	0.0000	0.0003	2.0000	0.0000	5.0000	1.0076	0.0000	0.0000	0.0000	0.0000	0.0000	0.0000	0.0000	0.0000	0.0000	0.0007	0.0000	0.0007	0.0000	0.0000	0.0000	0.0007	0.0000	0.0007	0.0000	0.0000	0.0000	0.0000	0.0000	0.0000	0.0000	0.0000	0.0000	0.0161	0.0085	0.0077	0.0013	0.0010	0.0003	0.0149	0.0075	0.0074	0.0000	0.0000	0.0000	0.0000	0.0000	0.0000	0.0000	0.0000	0.0000	0.0447	0.0000	0.0941	0.0000	0.0000	0.0000	0.0484	0.0000	0.0973						
73	77	0.1282	5	1	0	1	0	0	0	0	0	N	N	N	N	N	N	N	N	N	N	N	N	inf	inf	inf	inf	3.7946	4.2234	0.0000	11.1637	11.1881	0.0000	0.0000	0.0000	0.0000	0.0000	0.0000	0.0000	0.0000	0.0000	0.0000	0.0000	0.0000	0.0000	0.0000	-0.0004	0.0000	2.0000	0.0026	5.0000	0.9924	0.0008	0.0008	0.0000	0.0008	0.0008	0.0000	0.0000	0.0000	0.0000	0.0000	0.0000	0.0000	0.0000	0.0000	0.0000	0.0000	0.0000	0.0000	0.0002	0.0002	0.0000	0.0001	0.0001	0.0000	0.0001	0.0001	0.0000	0.0159	0.0083	0.0076	0.0012	0.0010	0.0002	0.0147	0.0074	0.0073	inf	inf	0.0000	inf	inf	0.0000	0.0000	0.0000	0.0000	0.0000	0.0000	0.0000	0.0000	0.0000	0.0000	0.0000	0.0000	0.0000						
73	78	0.1118	4	1	0	1	0	0	0	0	0	N	N	N	N	N	N	N	N	N	N	N	N	13073.1463	9998.2851	inf	29315.2734	27944.4587	inf	inf	inf	11.6488	13.6203	0.0033	140.0035	144.7510	0.0001	0.0005	0.0000	0.0034	0.0009	0.0014	0.0000	0.0048	0.0052	0.0000	0.0000	0.0000	0.0000	0.0000	0.0000	-0.4389	-0.0000	2.0000	2.8733	5.0000	1.5522	0.9505	0.9505	0.0000	0.9505	0.9505	0.0000	0.0000	0.0000	0.0000	0.0001	0.0001	0.0000	0.0001	0.0001	0.0000	0.0000	0.0000	0.0000	0.0816	0.0698	0.0118	0.0068	0.0066	0.0002	0.0748	0.0632	0.0116	0.0786	0.0514	0.0272	0.0147	0.0135	0.0011	0.0639	0.0379	0.0260	13073.1463	9998.2851	inf	29315.2734	27944.4587	inf	inf	0.0000	inf	0.0009	0.0014	0.0000	0.0048	0.0052	0.0000	0.0000	0.0000	0.0000	
73	79	0.0997	3	1	0	1	0	0	0	0	0	N	N	N	N	N	N	N	N	N	N	N	N	531.9720	319.6569	6892.1223	444.8277	437.1988	0.0000	2486.8306	0.3962	6850.6281	7.3264	6.0459	15.6140	23.6586	23.8636	0.0000	2.6838	0.0001	15.8390	0.0138	0.0189	0.0023	0.0532	0.0546	0.0000	0.0011	0.0003	0.0023	0.3991	0.0535	-0.0118	-0.0006	2.0000	0.2102	5.0000	3.4985	0.0669	0.0478	0.0191	0.0478	0.0478	0.0000	0.0191	0.0000	0.0191	0.0012	0.0011	0.0001	0.0011	0.0011	0.0000	0.0001	0.0000	0.0001	0.0091	0.0079	0.0012	0.0020	0.0020	0.0000	0.0071	0.0059	0.0012	0.0857	0.0592	0.0265	0.0209	0.0203	0.0005	0.0648	0.0389	0.0259	531.9720	319.6569	6892.1223	444.8277	437.1988	0.0000	2486.8306	0.3962	6850.6281	0.0138	0.0189	0.0023	0.0532	0.0546	0.0000	0.0011	0.0003	0.0023
73	80	0.1308	5	1	1	1	0	0	0	0	0	N	N	N	N	N	N	N	N	N	N	N	N	0.0000	0.0000	0.0000	0.0000	0.0000	0.0000	0.0000	0.0000	0.0000	0.0000	0.0000	0.0000	0.0000	0.0000	0.0000	9.4494	0.0000	45.1687	0.0104	0.0000	0.0559	10.2421	0.0000	45.2870	inf	0.0000	0.4590	2.0000	2.0196	5.0000	6.0690	0.0000	0.0000	0.0000	0.0000	0.0000	0.0000	0.0000	0.0000	0.0000	0.9977	0.0000	0.9977	0.0001	0.0000	0.0001	0.9976	0.0000	0.9976	0.0547	0.0466	0.0081	0.0041	0.0038	0.0003	0.0505	0.0428	0.0078	0.1109	0.0676	0.0433	0.0135	0.0110	0.0025	0.0974	0.0566	0.0408	0.0000	0.0000	0.0000	0.0000	0.0000	0.0000	0.0000	0.0000	0.0000	8.9975	0.0000	23.0269	0.0104	0.0000	0.0559	10.2421	0.0000	24.4359				
73	81	0.1225	4	1	0	1	0	0	0	0	0	N	N	N	N	N	N	N	N	N	N	N	N	0.0000	0.0000	0.0000	0.0000	0.0000	0.0000	0.0000	0.0000	0.0000	0.0000	0.0000	0.0000	0.0000	0.0000	0.0000	0.0000	0.0000	0.0890	0.0091	0.2907	0.0037	0.0047	0.0000	0.0984	0.0097	0.3199	15.2690	0.0000	0.0010	2.0000	0.9876	5.0000	0.9833	0.0000	0.0000	0.0000	0.0000	0.0000	0.0000	0.0000	0.0000	0.0000	0.0024	0.0001	0.0023	0.0000	0.0000	0.0000	0.0024	0.0001	0.0023	0.0264	0.0225	0.0039	0.0015	0.0014	0.0001	0.0249	0.0211	0.0038	0.0274	0.0165	0.0109	0.0027	0.0021	0.0006	0.0247	0.0144	0.0103	0.0000	0.0000	0.0000	0.0000	0.0000	0.0000	0.0000	0.0000	0.0000	0.0890	0.0091	0.2100	0.0037	0.0047	0.0000	0.0984	0.0097	0.2222		
73	82	0.0565	2	2	0	2	0	0	0	0	0	Y	N	Y	N	N	N	N	N	N	N	N	N	inf	inf	inf	inf	inf	inf	37.2317	43.7592	0.0000	867.3263	910.1991	0.0000	0.0105	0.0124	0.0000	0.0000	0.0000	0.0000	0.0000	0.0000	0.0000	0.0000	0.0000	0.0000	0.0000	-0.4617	0.0000	2.0000	1.0000	5.0000	2.9874	1.0000	1.0000	0.0000	0.9997	0.9997	0.0000	0.0003	0.0003	0.0000	0.0000	0.0000	0.0000	0.0000	0.0000	0.0000	0.0000	0.0000	0.0000	0.0269	0.0229	0.0040	0.0012	0.0011	0.0001	0.0257	0.0218	0.0040	0.0563	0.0334	0.0228	0.0036	0.0031	0.0005	0.0527	0.0304	0.0223	inf	inf	0.0000	inf	inf	0.0000	inf	inf	0.0000	0.0000	0.0000	0.0000	0.0000	0.0000	0.0000	0.0000	0.0000	0.0000				
73	84	0.0701	2	1	1	1	1	0	0	0	0	N	N	N	N	N	N	N	N	N	N	N	N	0.0016	0.0028	0.0017	0.0030	0.0068	0.0000	0.0468	0.0000	0.0000	0.0000	0.0072	0.0000	0.0478	4.2092	0.0000	16.7481	0.0000	0.0000	0.0000	4.3397	0.0000	15.8399	inf	inf	0.0007	0.4601	2.0000	8.0013	5.0000	12.0015	0.0014	0.0000	0.0014	0.0000	0.0000	0.0000	0.0014	0.0000	0.0014	1.0000	0.0000	1.0000	0.0000	0.0000	0.0000	1.0000	0.0000	1.0000	0.2020	0.1727	0.0293	0.0109	0.0103	0.0006	0.1911	0.1624	0.0287	0.2376	0.1383	0.0992	0.0071	0.0056	0.0015	0.2304	0.1327	0.0977	0.0016	0.0000	0.0046	0.0000	0.0000	0.0000	0.0017	0.0000	0.0047	4.2092	0.0000	10.0774	0.0000	0.0000	0.0000	4.3397	0.0000	10.2327					
73	85	0.1265	4	1	1	1	0	0	0	0	0	N	N	N	N	N	N	N	N	N	N	N	N	0.0000	0.0000	0.0000	0.0000	0.0000	0.0000	0.0000	0.0000	0.0000	0.0000	0.0000	0.0000	0.0000	0.0000	0.0000	0.0000	0.0000	0.0000	0.0000	0.0000	2.0000	1.0000	5.0000	6.9850	0.0000	0.0000	0.0000	0.0000	0.0000	0.0000	0.0000	0.0000	0.0000	0.0000	0.0000	0.0000	0.0000	0.0000	0.0000	0.0000	0.0000	0.0000	0.0268	0.0228	0.0040	0.0013	0.0012	0.0001	0.0255	0.0216	0.0039	0.1059	0.0633	0.0426	0.0103	0.0079	0.0024	0.0956	0.0554	0.0402	0.0000	0.0000	0.0000	0.0000	0.0000	0.0000	0.0000	0.0000	0.0000	0.0000	0.0000	0.0000	0.0000	0.0000	0.0000	0.0000	0.0000	0.0000											
73	86	0.1138	3	1	0	1	0	0	0	0	0	N	N	N	N	N	N	N	N	N	N	N	N	0.0000	0.0000	0.0000	0.0000	0.0000	0.0000	0.0000	0.0000	0.0000	0.0000	0.0000	0.0000	0.0000	0.0000	0.0000	0.0000	0.0000	0.0000	0.0000	0.0000	2.0000	1.0086	5.0000	2.0000	0.0000	0.0000	0.0000	0.0000	0.0000	0.0000	0.0000	0.0000	0.0000	0.0000	0.0000	0.0000	0.0000	0.0000	0.0000	0.0000	0.0000	0.0000	0.0273	0.0233	0.0040	0.0014	0.0014	0.0001	0.0259	0.0219	0.0040	0.0416	0.0247	0.0169	0.0040	0.0031	0.0009	0.0377	0.0216	0.0160	0.0000	0.0000	0.0000	0.0000	0.0000	0.0000	0.0000	0.0000	0.0000	0.0000	0.0000	0.0000	0.0000	0.0000	0.0000	0.0000	0.0000	0.0000											
73	89	0.1311	5	1	1	1	0	0	0	0	0	N	N	N	N	N	N	N	N	N	N	N	N	0.0000	0.0000	0.0000	0.0000	0.0000	0.0000	0.0000	0.0000	0.0000	0.0000	0.0000	0.0000	0.0000	0.0000	0.0000	0.0000	0.0000	0.0000	0.0000	0.0000	2.0000	0.0157	5.0000	9.0253	0.0000	0.0000	0.0000	0.0000	0.0000	0.0000	0.0000	0.0000	0.0000	0.0000	0.0000	0.0000	0.0000	0.0000	0.0000	0.0000	0.0000	0.0000	0.0015	0.0013	0.0002	0.0006	0.0006	0.0000	0.0009	0.0007	0.0002	0.1206	0.0729	0.0477	0.0157	0.0119	0.0038	0.1049	0.0609	0.0440	0.0000	0.0000	0.0000	0.0000	0.0000	0.0000	0.0000	0.0000	0.0000	0.0000	0.0000	0.0000	0.0000	0.0000	0.0000	0.0000	0.0000	0.0000											
73	90	0.1225	4	1	1	1	0	0	0	0	0	N	N	N	N	N	N	N	N	N	N	N	N	0.0000	0.0000	0.0000	0.0000	0.0000	0.0000	0.0000	0.0000	0.0000	0.0000	0.0000	0.0000	0.0000	0.0004	0.0006	0.0000	0.0036	0.0046	0.0000	0.0000	0.0000	0.0000	0.0000	0.0000	-0.0000	2.0000	0.0169	5.0000	2.0013	0.0000	0.0000	0.0000	0.0000	0.0000	0.0000	0.0000	0.0000	0.0000	0.0000	0.0000	0.0000	0.0000	0.0000	0.0000	0.0000	0.0000	0.0000	0.0005	0.0004	0.0001	0.0001	0.0000	0.0000	0.0004	0.0004	0.0001	0.0281	0.0169	0.0112	0.0028	0.0022	0.0006	0.0253	0.0147	0.0105	0.0000	0.0000	0.0000	0.0000	0.0000	0.0000	0.0000	0.0000	0.0000	0.0004	0.0006	0.0000	0.0036	0.0046	0.0000	0.0000	0.0000	0.0000						
73	91	0.1138	3	1	0	1	0	0	0	0	0	N	N	N	N	N	N	N	N	N	N	N	N	0.0000	0.0000	0.0000	0.0000	0.0000	0.0000	0.0000	0.0000	0.0000	0.0000	0.0000	0.0000	0.0000	0.0003	0.0000	0.0009	0.0000	0.0000	0.0000	0.0004	0.0000	0.0009	inf	0.0000	0.0000	2.0000	1.9923	5.0000	0.0454	0.0000	0.0000	0.0000	0.0000	0.0000	0.0000	0.0000	0.0000	0.0000	0.0000	0.0000	0.0000	0.0000	0.0000	0.0000	0.0000	0.0000	0.0000	0.0532	0.0453	0.0079	0.0026	0.0025	0.0001	0.0505	0.0428	0.0077	0.0287	0.0170	0.0117	0.0029	0.0022	0.0006	0.0258	0.0148	0.0110	0.0000	0.0000	0.0000	0.0000	0.0000	0.0000	0.0000	0.0000	0.0000	0.0003	0.0000	0.0009	0.0000	0.0000	0.0000	0.0004	0.0000	0.0009						
73	92	0.0701	2	1	0	1	0	0	0	0	0	N	N	N	N	N	N	N	N	N	N	N	N	inf	inf	inf	inf	0.0501	0.0000	0.3385	0.0000	0.0000	0.0000	0.0531	0.0000	0.3456	0.0000	0.0000	0.0000	0.0000	0.0000	0.0000	0.0000	0.0000	0.0000	inf	0.0007	0.0000	2.0000	1.0098	5.0000	9.0196	0.0014	0.0000	0.0014	0.0000	0.0000	0.0000	0.0014	0.0000	0.0014	0.0000	0.0000	0.0000	0.0000	0.0000	0.0000	0.0000	0.0000	0.0000	0.0273	0.0233	0.0040	0.0016	0.0015	0.0001	0.0258	0.0218	0.0040	0.1281	0.0745	0.0536	0.0038	0.0030	0.0008	0.1243	0.0716	0.0528	inf	0.0000	inf	0.0000	0.0000	0.0000	inf	0.0000	inf	0.0000	0.0000	0.0000	0.0000	0.0000	0.0000	0.0000	0.0000	0.0000						
73	93	0.1668	7	2	1	1	1	0	0	0	0	Y	N	N	N	N	N	N	N	N	N	N	N	0.0000	0.0000	0.0000	0.0000	0.0000	0.0000	0.0000	0.0000	0.0000	0.0000	0.0000	0.0000	0.0000	0.0000	0.0000	0.0000	0.0000	0.0000	0.0000	0.0000	2.0000	0.0000	5.0000	0.0000	0.0000	0.0000	0.0000	0.0000	0.0000	0.0000	0.0000	0.0000	0.0000	0.0000	0.0000	0.0000	0.0000	0.0000	0.0000	0.0000	0.0000	0.0000	0.0000	0.0000	0.0000	0.0000	0.0000	0.0000	0.0000	0.0000	0.0000	0.0000	0.0000	0.0000	0.0000	0.0000	0.0000	0.0000	0.0000	0.0000	0.0000	0.0000	0.0000	0.0000	0.0000	0.0000	0.0000	0.0000	0.0000	0.0000	0.0000	0.0000	0.0000	0.0000	0.0000	0.0000	0.0000	0.0000											
73	94	0.1668	6	2	1	1	1	0	0	0	0	Y	N	N	N	N	N	N	N	N	N	N	N	0.0000	0.0000	0.0000	0.0000	0.0000	0.0000	0.0000	0.0000	0.0000	0.0000	0.0000	0.0000	0.0000	0.0000	0.0000	0.0000	0.0000	0.0000	0.0000	0.0000	2.0000	0.0000	5.0000	0.0001	0.0000	0.0000	0.0000	0.0000	0.0000	0.0000	0.0000	0.0000	0.0000	0.0000	0.0000	0.0000	0.0000	0.0000	0.0000	0.0000	0.0000	0.0000	0.0000	0.0000	0.0000	0.0000	0.0000	0.0000	0.0000	0.0000	0.0000	0.0000	0.0000	0.0000	0.0000	0.0000	0.0000	0.0000	0.0000	0.0000	0.0000	0.0000	0.0000	0.0000	0.0000	0.0000	0.0000	0.0000	0.0000	0.0000	0.0000	0.0000	0.0000	0.0000	0.0000	0.0000	0.0000	0.0000											
73	95	0.1488	5	1	1	1	1	0	0	0	0	N	N	N	N	N	N	N	N	N	N	N	N	inf	inf	inf	inf	35.7451	41.7737	0.0000	326.2670	341.4679	0.0000	0.0000	0.0000	0.0000	0.0000	0.0000	0.0000	0.0000	0.0000	0.0000	0.0000	0.0000	0.0000	0.0000	-0.4538	0.0000	2.0000	0.9845	5.0000	0.9903	0.9829	0.9829	0.0000	0.9829	0.9829	0.0000	0.0000	0.0000	0.0000	0.0000	0.0000	0.0000	0.0000	0.0000	0.0000	0.0000	0.0000	0.0000	0.0275	0.0235	0.0040	0.0030	0.0029	0.0001	0.0245	0.0207	0.0038	0.0283	0.0172	0.0110	0.0029	0.0025	0.0003	0.0254	0.0147	0.0107	inf	inf	0.0000	inf	inf	0.0000	0.0000	0.0000	0.0000	0.0000	0.0000	0.0000	0.0000	0.0000	0.0000	0.0000	0.0000	0.0000						
73	96	0.1460	5	1	1	1	0	0	0	0	0	N	N	N	N	N	N	N	N	N	N	N	N	inf	inf	inf	inf	0.0047	0.0000	0.0321	0.0000	0.0000	0.0000	0.0051	0.0000	0.0331	0.0000	0.0000	0.0000	0.0000	0.0000	0.0000	0.0000	0.0000	0.0000	inf	0.0001	0.0000	2.0000	1.0063	5.0000	3.7812	0.0001	0.0000	0.0001	0.0000	0.0000	0.0000	0.0001	0.0000	0.0001	0.0000	0.0000	0.0000	0.0000	0.0000	0.0000	0.0000	0.0000	0.0000	0.0275	0.0235	0.0040	0.0021	0.0020	0.0001	0.0254	0.0215	0.0039	0.1017	0.0662	0.0355	0.0294	0.0256	0.0037	0.0723	0.0405	0.0317	inf	0.0000	inf	0.0000	0.0000	0.0000	inf	0.0000	inf	0.0000	0.0000	0.0000	0.0000	0.0000	0.0000	0.0000	0.0000	0.0000						
73	97	0.1488	5	1	0	2	1	0	0	0	0	N	N	Y	N	N	N	N	N	N	N	N	N	inf	inf	inf	inf	0.6043	0.0000	4.1857	0.0000	0.0000	0.0000	0.6781	0.0000	4.3323	0.0000	0.0000	0.0000	0.0000	0.0000	0.0000	0.0000	0.0000	0.0000	inf	0.0092	0.0000	2.0000	1.0165	5.0000	1.0129	0.0171	0.0000	0.0171	0.0000	0.0000	0.0000	0.0171	0.0000	0.0171	0.0000	0.0000	0.0000	0.0000	0.0000	0.0000	0.0000	0.0000	0.0000	0.0283	0.0242	0.0041	0.0031	0.0029	0.0001	0.0252	0.0213	0.0040	0.0290	0.0177	0.0113	0.0029	0.0026	0.0003	0.0261	0.0151	0.0110	inf	0.0000	inf	0.0000	0.0000	0.0000	inf	0.0000	inf	0.0000	0.0000	0.0000	0.0000	0.0000	0.0000	0.0000	0.0000	0.0000						
73	98	0.1359	4	1	0	1	1	0	0	0	0	N	N	N	N	N	N	N	N	N	N	N	N	inf	inf	inf	inf	inf	inf	inf	0.4282	0.3625	0.8131	3.9339	4.1598	0.0000	0.1288	0.0000	0.8377	0.0000	0.0000	0.0000	0.0000	0.0000	0.0000	0.0000	0.0000	0.0000	0.3832	-0.0043	0.0000	2.0000	2.0241	5.0000	1.0265	0.0235	0.0170	0.0065	0.0170	0.0170	0.0000	0.0065	0.0000	0.0065	0.0000	0.0000	0.0000	0.0000	0.0000	0.0000	0.0000	0.0000	0.0000	0.0549	0.0469	0.0080	0.0043	0.0041	0.0002	0.0506	0.0428	0.0078	0.0414	0.0248	0.0166	0.0046	0.0037	0.0009	0.0368	0.0211	0.0157	inf	inf	inf	inf	inf	0.0000	inf	0.0000	inf	0.0000	0.0000	0.0000	0.0000	0.0000	0.0000	0.0000	0.0000	0.0000			
73	99	0.1359	4	1	0	2	1	0	0	0	0	N	N	Y	N	N	N	N	N	N	N	N	N	inf	inf	inf	inf	0.0823	0.0000	0.5655	0.0000	0.0000	0.0000	0.0892	0.0000	0.5826	0.0000	0.0000	0.0000	0.0000	0.0000	0.0000	0.0000	0.0000	0.0000	inf	0.0036	0.0000	2.0000	3.0066	5.0000	0.0000	0.0066	0.0000	0.0066	0.0000	0.0000	0.0000	0.0066	0.0000	0.0066	0.0000	0.0000	0.0000	0.0000	0.0000	0.0000	0.0000	0.0000	0.0000	0.0806	0.0688	0.0117	0.0062	0.0059	0.0003	0.0743	0.0630	0.0114	0.0408	0.0245	0.0163	0.0045	0.0036	0.0009	0.0363	0.0208	0.0154	inf	0.0000	inf	0.0000	0.0000	0.0000	inf	0.0000	inf	0.0000	0.0000	0.0000	0.0000	0.0000	0.0000	0.0000	0.0000	0.0000						
73	100	0.1616	4	1	0	2	1	0	0	0	0	N	N	Y	N	N	N	N	N	N	N	N	N	0.0000	0.0000	0.0000	0.0000	0.0000	0.0000	0.0000	0.0000	0.0000	0.0000	0.0000	0.0000	0.0000	0.0000	0.0000	0.0000	0.0000	0.0000	0.0000	0.0000	2.0000	0.0000	5.0000	2.0000	0.0000	0.0000	0.0000	0.0000	0.0000	0.0000	0.0000	0.0000	0.0000	0.0000	0.0000	0.0000	0.0000	0.0000	0.0000	0.0000	0.0000	0.0000	0.0000	0.0000	0.0000	0.0000	0.0000	0.0000	0.0000	0.0000	0.0000	0.0263	0.0156	0.0107	0.0030	0.0024	0.0006	0.0233	0.0132	0.0101	0.0000	0.0000	0.0000	0.0000	0.0000	0.0000	0.0000	0.0000	0.0000	0.0000	0.0000	0.0000	0.0000	0.0000	0.0000	0.0000	0.0000	0.0000											
73	101	0.1226	3	1	0	2	1	0	0	0	0	N	N	Y	N	N	N	N	N	N	N	N	N	77.0728	0.0000	inf	0.0000	0.0000	inf	inf	0.0061	0.0000	0.0423	0.0000	0.0000	0.0000	0.0068	0.0000	0.0444	0.0001	0.0001	0.0000	0.0006	0.0007	0.0000	0.0000	0.0000	0.0000	inf	0.0000	0.0005	-0.0000	2.0000	5.8899	5.0000	3.1847	0.0010	0.0000	0.0010	0.0000	0.0000	0.0000	0.0010	0.0000	0.0010	0.0000	0.0000	0.0000	0.0000	0.0000	0.0000	0.0000	0.0000	0.0000	0.1586	0.1356	0.0229	0.0152	0.0141	0.0011	0.1434	0.1215	0.0219	0.1260	0.0757	0.0503	0.0158	0.0134	0.0025	0.1102	0.0623	0.0479	77.0728	0.0000	inf	0.0000	0.0000	0.0000	inf	0.0000	inf	0.0001	0.0001	0.0000	0.0006	0.0007	0.0000	0.0000	0.0000	0.0000		
73	102	0.1694	3	2	1	1	0	0	0	0	0	Y	N	N	N	N	N	N	N	N	N	N	N	0.0000	0.0000	0.0000	0.0000	0.0000	0.0000	0.0000	0.0000	0.0000	0.0000	0.0000	0.0000	0.0000	0.0000	0.0000	0.0000	0.0000	0.0000	0.0000	0.0000	2.0000	0.0000	5.0000	0.0000	0.0000	0.0000	0.0000	0.0000	0.0000	0.0000	0.0000	0.0000	0.0000	0.0000	0.0000	0.0000	0.0000	0.0000	0.0000	0.0000	0.0000	0.0000	0.0000	0.0000	0.0000	0.0000	0.0000	0.0000	0.0000	0.0000	0.0000	0.0000	0.0000	0.0000	0.0000	0.0000	0.0000	0.0000	0.0000	0.0000	0.0000	0.0000	0.0000	0.0000	0.0000	0.0000	0.0000	0.0000	0.0000	0.0000	0.0000	0.0000	0.0000	0.0000	0.0000	0.0000	0.0000	0.0000											
73	103	0.0701	2	2	1	1	0	0	0	0	0	Y	N	N	N	N	N	N	N	N	N	N	N	0.0017	0.0000	inf	0.0018	0.0000	inf	0.0068	0.0000	0.0468	0.0000	0.0000	0.0000	0.0072	0.0000	0.0478	3.8813	6.6642	0.0000	0.0000	0.0000	0.0000	4.0023	6.9489	0.0000	inf	0.0000	0.0007	-0.5399	2.0000	8.0012	5.0000	14.0016	0.0014	0.0000	0.0014	0.0000	0.0000	0.0000	0.0014	0.0000	0.0014	1.0000	1.0000	0.0000	0.0000	0.0000	0.0000	1.0000	1.0000	0.0000	0.2020	0.1727	0.0293	0.0109	0.0103	0.0006	0.1911	0.1624	0.0287	0.2576	0.1501	0.1076	0.0078	0.0061	0.0016	0.2499	0.1439	0.1059	0.0017	0.0000	inf	0.0000	0.0000	0.0000	0.0018	0.0000	inf	3.8813	6.6642	0.0000	0.0000	0.0000	0.0000	4.0023	6.9489	0.0000			
73	104	0.1330	3	1	1	1	0	0	0	0	0	N	N	N	N	N	N	N	N	N	N	N	N	0.0000	0.0000	0.0000	0.0000	0.0000	0.0000	0.0000	0.0000	0.0000	0.0000	0.0000	0.0000	0.0000	0.0000	0.0000	0.0104	0.0171	0.0000	0.0224	0.0292	0.0000	0.0073	0.0129	0.0000	0.0000	0.0000	-0.0002	2.0000	2.0010	5.0000	1.0153	0.0000	0.0000	0.0000	0.0000	0.0000	0.0000	0.0000	0.0000	0.0000	0.0004	0.0004	0.0000	0.0002	0.0002	0.0000	0.0003	0.0003	0.0000	0.0531	0.0453	0.0078	0.0029	0.0027	0.0002	0.0502	0.0425	0.0077	0.0432	0.0263	0.0169	0.0089	0.0069	0.0021	0.0343	0.0194	0.0149	0.0000	0.0000	0.0000	0.0000	0.0000	0.0000	0.0000	0.0000	0.0000	0.0104	0.0171	0.0000	0.0224	0.0292	0.0000	0.0073	0.0129	0.0000				
73	105	0.0701	2	1	1	1	0	0	0	0	0	N	N	N	N	N	N	N	N	N	N	N	N	0.0029	0.0000	65.3121	0.0031	0.0000	65.6760	0.0172	0.0000	0.1165	0.0000	0.0000	0.0000	0.0182	0.0000	0.1190	5.9318	9.8536	0.0018	0.0000	0.0000	0.0000	5.9109	10.2658	0.0018	inf	0.0001	0.0007	-0.5397	2.0000	3.0162	5.0000	11.0438	0.0014	0.0000	0.0014	0.0000	0.0000	0.0000	0.0014	0.0000	0.0014	0.9998	0.9996	0.0001	0.0000	0.0000	0.0000	0.9998	0.9996	0.0001	0.0799	0.0681	0.0118	0.0044	0.0042	0.0002	0.0754	0.0639	0.0115	0.1743	0.1014	0.0729	0.0052	0.0041	0.0011	0.1691	0.0974	0.0718	0.0030	0.0000	65.3121	0.0000	0.0000	0.0000	0.0031	0.0000	65.6760	5.7359	9.8536	0.0018	0.0000	0.0000	0.0000	5.9109	10.2658	0.0018			
73	106	0.1709	7	2	1	1	0	0	0	0	0	Y	N	N	N	N	N	N	N	N	N	N	N	0.0000	0.0000	0.0000	0.0000	0.0000	0.0000	0.0000	0.0000	0.0000	0.0000	0.0000	0.0000	0.0000	0.0000	0.0000	0.0000	0.0000	0.0000	0.0000	0.0000	2.0000	1.0000	5.0000	1.0000	0.0000	0.0000	0.0000	0.0000	0.0000	0.0000	0.0000	0.0000	0.0000	0.0000	0.0000	0.0000	0.0000	0.0000	0.0000	0.0000	0.0000	0.0000	0.0271	0.0231	0.0040	0.0020	0.0019	0.0001	0.0252	0.0213	0.0039	0.0282	0.0179	0.0102	0.0088	0.0070	0.0017	0.0194	0.0109	0.0085	0.0000	0.0000	0.0000	0.0000	0.0000	0.0000	0.0000	0.0000	0.0000	0.0000	0.0000	0.0000	0.0000	0.0000	0.0000	0.0000	0.0000	0.0000											
73	107	0.1668	6	2	1	1	0	0	0	0	0	Y	N	N	N	N	N	N	N	N	N	N	N	0.0000	0.0000	0.0000	0.0000	0.0000	0.0000	0.0000	0.0000	0.0000	0.0000	0.0000	0.0000	0.0000	0.0000	0.0000	0.0000	0.0000	0.0000	0.0000	0.0000	2.0000	0.0000	5.0000	0.9999	0.0000	0.0000	0.0000	0.0000	0.0000	0.0000	0.0000	0.0000	0.0000	0.0000	0.0000	0.0000	0.0000	0.0000	0.0000	0.0000	0.0000	0.0000	0.0000	0.0000	0.0000	0.0000	0.0000	0.0000	0.0000	0.0000	0.0000	0.0141	0.0088	0.0053	0.0035	0.0028	0.0007	0.0106	0.0060	0.0046	0.0000	0.0000	0.0000	0.0000	0.0000	0.0000	0.0000	0.0000	0.0000	0.0000	0.0000	0.0000	0.0000	0.0000	0.0000	0.0000	0.0000	0.0000											
73	108	0.1460	5	2	1	1	0	0	0	0	0	Y	N	N	N	N	N	N	N	N	N	N	N	inf	inf	inf	inf	0.2538	0.0000	1.7878	0.0000	0.0000	0.0000	0.3480	0.0000	1.8170	0.0000	0.0000	0.0000	0.0000	0.0000	0.0000	0.0000	0.0000	0.0000	inf	0.0001	0.0000	2.0000	0.0100	5.0000	4.8896	0.0001	0.0000	0.0001	0.0000	0.0000	0.0000	0.0001	0.0000	0.0001	0.0000	0.0000	0.0000	0.0000	0.0000	0.0000	0.0000	0.0000	0.0000	0.0005	0.0004	0.0001	0.0001	0.0001	0.0000	0.0004	0.0003	0.0001	0.1030	0.0670	0.0360	0.0295	0.0257	0.0038	0.0735	0.0413	0.0323	inf	0.0000	inf	0.0000	0.0000	0.0000	inf	0.0000	inf	0.0000	0.0000	0.0000	0.0000	0.0000	0.0000	0.0000	0.0000	0.0000						
73	109	0.1359	4	1	1	1	0	0	0	0	0	N	N	N	N	N	N	N	N	N	N	N	N	inf	inf	inf	inf	inf	inf	inf	0.2439	0.0055	1.6383	0.0560	0.0590	0.0000	0.2609	0.0000	1.6874	0.0000	0.0000	0.0000	0.0000	0.0000	0.0000	0.0000	0.0000	0.0000	51.3337	0.0035	0.0000	2.0000	1.0007	5.0000	1.4004	0.0068	0.0001	0.0066	0.0001	0.0001	0.0000	0.0066	0.0000	0.0066	0.0000	0.0000	0.0000	0.0000	0.0000	0.0000	0.0000	0.0000	0.0000	0.0277	0.0237	0.0040	0.0023	0.0022	0.0001	0.0254	0.0215	0.0039	0.0327	0.0196	0.0131	0.0036	0.0029	0.0007	0.0291	0.0167	0.0124	inf	inf	inf	inf	inf	0.0000	inf	0.0000	inf	0.0000	0.0000	0.0000	0.0000	0.0000	0.0000	0.0000	0.0000	0.0000			
73	110	0.1226	3	1	0	1	0	0	0	0	0	N	N	N	N	N	N	N	N	N	N	N	N	2659.0092	1660.0673	inf	1162.8671	1154.1447	inf	inf	0.5134	0.5254	0.4438	1.3451	1.4932	0.0000	0.0978	0.0000	0.5726	0.0002	0.0003	0.0000	0.0012	0.0013	0.0000	0.0000	0.0000	0.0000	0.1455	0.0000	-0.0025	-0.0000	2.0000	0.3039	5.0000	2.8719	0.0076	0.0066	0.0010	0.0066	0.0066	0.0000	0.0010	0.0000	0.0010	0.0000	0.0000	0.0000	0.0000	0.0000	0.0000	0.0000	0.0000	0.0000	0.0148	0.0126	0.0022	0.0049	0.0044	0.0005	0.0099	0.0082	0.0017	0.0518	0.0316	0.0202	0.0086	0.0077	0.0009	0.0431	0.0239	0.0193	2659.0092	1660.0673	inf	1162.8671	1154.1447	0.0000	inf	0.0000	inf	0.0002	0.0003	0.0000	0.0012	0.0013	0.0000	0.0000	0.0000	0.0000		
73	111	0.0701	2	1	0	1	0	0	0	0	0	N	N	N	N	N	N	N	N	N	N	N	N	351.4611	99.3533	inf	inf	inf	211.3447	0.0000	inf	0.0233	0.0113	0.0928	0.1757	0.1858	0.0000	0.0144	0.0000	0.0947	0.0001	0.0001	0.0000	0.0000	0.0000	0.0000	0.0001	0.0001	0.0000	1.4129	0.0000	0.0003	-0.0000	2.0000	3.8240	5.0000	8.1760	0.0023	0.0010	0.0014	0.0010	0.0010	0.0000	0.0014	0.0000	0.0014	0.0000	0.0000	0.0000	0.0000	0.0000	0.0000	0.0000	0.0000	0.0000	0.1004	0.0857	0.0147	0.0055	0.0052	0.0003	0.0949	0.0805	0.0144	0.1510	0.0879	0.0631	0.0044	0.0035	0.0009	0.1466	0.0844	0.0622	351.4611	99.3533	inf	inf	inf	0.0000	211.3447	0.0000	inf	0.0001	0.0001	0.0000	0.0000	0.0000	0.0000	0.0001	0.0001	0.0000	
73	115	0.2627	5	1	0	1	0	0	0	0	0	N	N	N	N	N	N	N	N	N	N	N	N	73.4423	162.1161	0.0000	459.4803	505.8594	0.0000	0.0000	0.0000	3.3236	3.8257	0.0000	20.9232	21.6511	0.0000	0.0000	0.0000	0.0000	0.0453	0.0236	0.1252	0.0455	0.0428	0.0624	0.0450	0.0000	0.1339	0.0000	1.6505	-0.3993	0.0019	2.0000	8.9918	5.0000	13.3277	0.8648	0.8648	0.0000	0.8648	0.8648	0.0000	0.0000	0.0000	0.0000	0.0229	0.0086	0.0143	0.0107	0.0086	0.0020	0.0122	0.0000	0.0122	0.2602	0.2261	0.0341	0.0413	0.0399	0.0014	0.2189	0.1861	0.0328	0.5060	0.3661	0.1399	0.2345	0.2019	0.0327	0.2715	0.1643	0.1072	73.4423	162.1161	0.0000	459.4803	505.8594	0.0000	0.0000	0.0000	0.0000	0.0453	0.0236	0.1019	0.0455	0.0428	0.0624	0.0450	0.0000	0.1140	
74	75	0.1114	4	0	1	1	0	0	0	0	0	N	N	N	N	N	N	N	N	N	N	N	N	0.0000	0.0000	0.0000	0.0000	0.0000	0.0000	0.0000	0.0000	0.0000	0.0000	0.0000	0.0000	0.0000	0.0000	0.0000	0.0000	0.0000	15.1026	0.0805	72.9686	7.7702	6.3326	21.6641	15.2140	0.0000	71.8816	295.4186	0.0000	0.2820	6.1274	0.0000	13.6208	1.0003	0.0000	0.0000	0.0000	0.0000	0.0000	0.0000	0.0000	0.0000	0.0000	0.6176	0.0021	0.6155	0.0027	0.0021	0.0006	0.6149	0.0000	0.6149	0.0000	0.0000	0.0000	0.0000	0.0000	0.0000	0.0000	0.0000	0.0000	0.0439	0.0259	0.0180	0.0035	0.0033	0.0001	0.0404	0.0226	0.0179	0.0000	0.0000	0.0000	0.0000	0.0000	0.0000	0.0000	0.0000	0.0000	14.0754	0.0805	34.2162	0.7805	0.6263	4.5827	15.2140	0.0000	34.4400		
74	76	0.1073	3	0	1	1	0	0	0	0	0	N	N	N	N	N	N	N	N	N	N	N	N	0.0000	0.0000	0.0000	0.0000	0.0000	0.0000	0.0000	0.0000	0.0000	0.0000	0.0000	0.0000	0.0000	0.0000	0.0000	0.0000	0.0000	0.1100	0.0203	0.3406	1.4230	1.3668	0.0425	0.1028	0.0000	0.3456	8.1434	0.0000	0.0016	6.1274	0.0000	13.6208	1.0076	0.0000	0.0000	0.0000	0.0000	0.0000	0.0000	0.0000	0.0000	0.0000	0.0046	0.0005	0.0041	0.0005	0.0005	0.0000	0.0041	0.0000	0.0041	0.0000	0.0000	0.0000	0.0000	0.0000	0.0000	0.0000	0.0000	0.0000	0.0418	0.0248	0.0170	0.0020	0.0020	0.0000	0.0397	0.0228	0.0169	0.0000	0.0000	0.0000	0.0000	0.0000	0.0000	0.0000	0.0000	0.0000	0.1100	0.0203	0.2409	0.2518	0.2569	0.0425	0.1028	0.0000	0.2415		
74	77	0.1032	2	0	1	0	0	0	0	0	0	N	N	N	N	N	N	N	N	N	N	N	N	0.9439	0.8353	0.0066	0.0141	0.0127	0.0000	0.0044	0.0066	0.0592	0.0717	0.0002	0.1545	0.1549	0.0000	0.0001	0.0000	0.0002	0.0627	0.0859	0.0292	10.9936	12.1521	0.0108	0.0125	0.0000	0.0292	0.0006	0.2344	-0.0000	-0.0009	6.1274	0.0026	13.6208	0.9924	0.0000	0.0000	0.0000	0.0000	0.0000	0.0000	0.0000	0.0000	0.0000	0.0026	0.0021	0.0005	0.0021	0.0021	0.0000	0.0005	0.0000	0.0005	0.0008	0.0007	0.0001	0.0003	0.0003	0.0000	0.0005	0.0004	0.0001	0.0414	0.0245	0.0169	0.0021	0.0020	0.0000	0.0394	0.0225	0.0169	0.9439	0.8353	0.0066	0.1523	0.1495	0.0000	0.0044	0.0000	0.0066	0.0627	0.0859	0.0292	1.0144	1.0363	0.0108	0.0125	0.0000	0.0292	
74	80	0.1893	6	0	2	0	0	0	0	0	0	N	Y	N	N	N	N	N	N	N	N	N	N	6.2715	4.4366	0.0000	0.0551	0.0534	0.0000	16467.3772	95121.8258	0.0000	0.1024	0.1198	0.0000	0.0276	0.0287	0.0000	0.1063	0.1253	0.0000	0.0163	0.0270	0.0001	0.5013	0.5376	0.0051	0.0000	0.0000	0.0000	0.0000	0.0022	-0.0079	-0.0028	6.1274	2.0196	13.6208	6.0690	0.0172	0.0172	0.0000	0.0002	0.0002	0.0000	0.0169	0.0169	0.0000	0.0053	0.0052	0.0000	0.0053	0.0052	0.0000	0.0000	0.0000	0.0000	0.1678	0.1433	0.0245	0.0084	0.0080	0.0003	0.1595	0.1353	0.0242	0.3221	0.1942	0.1279	0.0292	0.0273	0.0019	0.2929	0.1669	0.1260	6.2715	4.4366	0.0000	0.1537	0.1493	0.0000	16467.3772	95121.8258	0.0000	0.0163	0.0270	0.0001	0.1797	0.1921	0.0051	0.0000	0.0000	0.0000
74	81	0.1811	5	0	1	0	0	0	0	0	0	N	N	N	N	N	N	N	N	N	N	N	N	98.6075	125.2560	0.0097	0.0020	0.0019	0.0112	188.5776	1207.6877	0.0096	12.0214	14.1197	0.0017	0.0185	0.0192	0.0001	12.4820	14.7378	0.0017	0.1219	0.1127	0.1761	9.1817	9.9650	0.0075	0.0662	0.0122	0.1791	0.0000	0.8257	-0.4537	-0.0009	6.1274	0.9876	13.6208	0.9833	0.9826	0.9826	0.0000	0.0001	0.0001	0.0000	0.9826	0.9826	0.0000	0.0098	0.0054	0.0044	0.0049	0.0049	0.0000	0.0049	0.0005	0.0044	0.0817	0.0696	0.0121	0.0030	0.0029	0.0001	0.0787	0.0667	0.0121	0.0804	0.0477	0.0328	0.0057	0.0053	0.0004	0.0748	0.0424	0.0324	98.6075	125.2560	0.0126	0.0216	0.0208	0.0112	188.5776	1207.6877	0.0126	0.1219	0.1127	0.1353	0.8573	0.9215	0.0075	0.0662	0.0122	0.1368
74	82	0.1987	5	1	1	1	0	0	0	0	0	N	N	N	N	N	N	N	N	N	N	N	N	458.1620	331.3427	2524.5406	2227.6078	2.0961	1.4029	0.5877	0.6899	0.0000	17.9129	18.5966	0.0000	0.0002	0.0002	0.0000	0.0013	0.0021	0.0000	0.0071	0.0083	0.0000	0.0001	0.0001	0.0000	0.0000	0.0000	-0.0225	-0.0001	6.1274	1.0000	13.6208	2.9874	0.0488	0.0488	0.0000	0.0488	0.0488	0.0000	0.0000	0.0000	0.0000	0.0002	0.0002	0.0000	0.0002	0.0002	0.0000	0.0000	0.0000	0.0000	0.0830	0.0707	0.0123	0.0027	0.0026	0.0001	0.0803	0.0681	0.0122	0.1542	0.0950	0.0592	0.0265	0.0225	0.0040	0.1277	0.0725	0.0552	458.1620	331.3427	0.0000	2524.5406	2227.6078	0.0000	2.0961	1.4029	0.0000	0.0013	0.0021	0.0000	0.0071	0.0083	0.0000	0.0001	0.0001	0.0000			
74	83	0.1704	4	1	1	1	0	0	0	0	0	N	N	N	N	N	N	N	N	N	N	N	N	0.0723	0.0000	inf	1.0064	0.0000	inf	0.0719	0.0000	inf	0.5949	0.0000	4.0979	0.0055	0.0000	0.1313	0.6368	0.0000	4.1755	8.2277	13.1136	0.0000	0.0055	0.0065	0.0000	8.8562	15.0935	0.0000	49985.5000	0.0000	0.0262	-1.0793	6.1274	0.9997	13.6208	6.0128	0.0488	0.0000	0.0488	0.0000	0.0000	0.0000	0.0487	0.0000	0.0487	1.9989	1.9989	0.0000	0.0002	0.0002	0.0000	1.9988	1.9988	0.0000	0.0820	0.0701	0.0119	0.0054	0.0052	0.0002	0.0765	0.0648	0.0117	0.2553	0.1575	0.0978	0.0296	0.0251	0.0046	0.2257	0.1324	0.0933	0.0760	0.0000	inf	1.0064	0.0000	inf	0.0719	0.0000	inf	7.8287	12.6930	0.0000	0.0055	0.0065	0.0000	8.8562	15.0935	0.0000
74	84	0.1286	3	0	2	0	1	0	0	0	0	N	Y	N	N	N	N	N	N	N	N	N	N	1.0896	25642.8665	1.0000	0.0001	0.0000	0.0022	1.0192	inf	1.0514	3.1583	1.8469	10.8988	0.0000	0.0000	0.0003	3.2217	1.8900	10.9134	2.8985	0.0001	10.8988	0.0224	0.0005	0.1509	3.1611	0.0000	10.3803	0.9997	66353.8340	0.0763	0.9267	6.1274	8.0013	13.6208	12.0015	1.9996	1.0000	0.9997	0.0000	0.0000	0.0000	1.9996	1.0000	0.9997	2.0144	0.0000	2.0143	0.0015	0.0000	0.0014	2.0129	0.0000	2.0129	0.6331	0.5414	0.0917	0.0125	0.0123	0.0001	0.6207	0.5291	0.0916	0.7016	0.4215	0.2801	0.0648	0.0554	0.0094	0.6368	0.3661	0.2707	1.1000	25642.8665	1.5155	0.0001	0.0000	0.0022	1.0192	inf	1.4676	2.8712	0.0001	7.1914	0.0224	0.0005	0.1509	3.1611	0.0000	7.4361
74	85	0.1851	5	0	2	0	0	0	0	0	0	N	Y	N	N	N	N	N	N	N	N	N	N	0.0000	0.0000	0.0000	0.0000	0.0000	0.0000	0.0000	0.0000	0.0000	0.0000	0.0000	0.0000	0.0000	0.0000	0.0000	0.0000	0.0000	3.2765	0.0059	11.7912	0.0604	0.0555	0.1182	3.5087	0.0000	11.2220	948.7106	0.0000	0.4657	6.1274	1.0000	13.6208	6.9850	0.0000	0.0000	0.0000	0.0000	0.0000	0.0000	0.0000	0.0000	0.0000	1.0145	0.0011	1.0134	0.0013	0.0011	0.0002	1.0132	0.0000	1.0132	0.0828	0.0705	0.0123	0.0024	0.0023	0.0001	0.0804	0.0682	0.0122	0.3096	0.1825	0.1271	0.0208	0.0192	0.0016	0.2888	0.1633	0.1255	0.0000	0.0000	0.0000	0.0000	0.0000	0.0000	0.0000	0.0000	0.0000	3.2765	0.0059	7.9711	0.0604	0.0555	0.1182	3.5087	0.0000	8.0717		
74	86	0.1723	4	0	1	0	0	0	0	0	0	N	N	N	N	N	N	N	N	N	N	N	N	2.2954	0.0000	44.4145	0.0081	0.0000	2.5581	16.9456	0.0000	47.3219	0.0040	0.0000	0.0261	0.0002	0.0000	0.0088	0.0041	0.0000	0.0262	0.0017	0.0025	0.0006	0.0224	0.0239	0.0034	0.0002	0.0000	0.0006	inf	0.1642	0.0002	-0.0001	6.1274	1.0086	13.6208	2.0000	0.0003	0.0000	0.0003	0.0000	0.0000	0.0000	0.0003	0.0000	0.0003	0.0002	0.0002	0.0000	0.0002	0.0002	0.0000	0.0000	0.0000	0.0000	0.0857	0.0726	0.0130	0.0034	0.0033	0.0001	0.0823	0.0693	0.0130	0.1221	0.0714	0.0507	0.0082	0.0076	0.0006	0.1139	0.0638	0.0501	2.2954	0.0000	44.4145	0.0081	0.0000	2.5581	16.9456	0.0000	47.3219	0.0017	0.0025	0.0006	0.0224	0.0239	0.0034	0.0002	0.0000	0.0006
74	87	0.1704	4	0	2	0	0	0	0	0	0	N	Y	N	N	N	N	N	N	N	N	N	N	258.9817	0.0000	inf	0.2811	0.0000	inf	inf	inf	0.1529	0.0000	1.0639	0.0014	0.0000	0.0338	0.1637	0.0000	1.0842	0.0006	0.0010	0.0000	0.0050	0.0060	0.0000	0.0000	0.0000	0.0000	inf	0.0000	0.0263	-0.0001	6.1274	4.0000	13.6208	7.0000	0.0488	0.0000	0.0488	0.0000	0.0000	0.0000	0.0487	0.0000	0.0487	0.0002	0.0002	0.0000	0.0002	0.0002	0.0000	0.0000	0.0000	0.0000	0.3189	0.2731	0.0458	0.0212	0.0203	0.0009	0.2977	0.2528	0.0450	0.3895	0.2403	0.1491	0.0456	0.0385	0.0071	0.3439	0.2018	0.1421	258.9817	0.0000	inf	0.2811	0.0000	inf	inf	0.0000	inf	0.0006	0.0010	0.0000	0.0050	0.0060	0.0000	0.0000	0.0000	0.0000	
74	88	0.1286	3	0	1	0	0	0	0	0	0	N	N	N	N	N	N	N	N	N	N	N	N	1.9430	0.0614	inf	0.0229	0.0210	inf	inf	4.2098	0.2294	27.2093	9.4945	9.5918	0.0000	4.0986	0.0000	27.2479	2.1666	3.7380	0.0000	414.2570	456.6591	0.0000	0.0000	0.0000	0.0000	20.5301	0.0000	0.5157	-0.3335	6.1274	2.9985	13.6208	7.0016	1.0486	0.0487	0.9999	0.0487	0.0487	0.0000	0.9999	0.0000	0.9999	0.6176	0.6176	0.0000	0.6176	0.6176	0.0000	0.0000	0.0000	0.0000	0.2491	0.2123	0.0367	0.0051	0.0051	0.0001	0.2440	0.2073	0.0367	0.3771	0.2258	0.1513	0.0342	0.0293	0.0049	0.3428	0.1964	0.1464	2.5702	0.0838	inf	0.5261	0.4552	0.0000	inf	0.0000	inf	1.6379	2.7358	0.0000	18.0454	21.0732	0.0000	0.0000	0.0000	0.0000		
74	89	0.1896	6	0	2	0	0	0	0	0	0	N	Y	N	N	N	N	N	N	N	N	N	N	0.0000	0.0000	0.0041	0.0000	0.0000	0.0000	0.0019	0.0000	0.0041	0.0000	0.0000	0.0002	0.0000	0.0000	0.0000	0.0000	0.0000	0.0002	2.2271	3.8341	0.0558	335.1869	362.3284	0.0527	0.0244	0.0000	0.0559	inf	0.0130	0.0000	-0.3300	6.1274	0.0157	13.6208	9.0253	0.0000	0.0000	0.0000	0.0000	0.0000	0.0000	0.0000	0.0000	0.0000	0.6261	0.6180	0.0081	0.6183	0.6180	0.0003	0.0078	0.0000	0.0078	0.0044	0.0039	0.0006	0.0016	0.0016	0.0000	0.0028	0.0023	0.0006	0.3567	0.2122	0.1445	0.0364	0.0316	0.0049	0.3202	0.1806	0.1396	0.0000	0.0000	0.0041	0.0000	0.0000	0.0000	0.0019	0.0000	0.0041	1.7554	2.9127	0.0558	16.9740	19.5736	0.0527	0.0244	0.0000	0.0559
74	90	0.1811	5	0	2	0	0	0	0	0	0	N	Y	N	N	N	N	N	N	N	N	N	N	0.0183	8.5275	0.0000	0.8348	1.7781	0.0000	0.0000	0.0000	0.0000	0.2283	0.2765	0.0000	2.1023	2.1234	0.0000	0.0000	0.0000	0.0000	12.5069	0.0324	65.5026	2.5182	1.1942	2.7304	12.8796	0.0062	66.2833	0.0000	623.9964	-0.0002	0.4528	6.1274	0.0169	13.6208	2.0013	0.0004	0.0004	0.0000	0.0004	0.0004	0.0000	0.0000	0.0000	0.0000	0.9877	0.0016	0.9861	0.0021	0.0013	0.0008	0.9856	0.0003	0.9853	0.0017	0.0014	0.0003	0.0002	0.0002	0.0000	0.0015	0.0012	0.0003	0.0823	0.0487	0.0336	0.0058	0.0054	0.0004	0.0765	0.0434	0.0332	0.0190	8.5275	0.0000	5.7200	8.6854	0.0000	0.0000	0.0000	0.0000	12.0017	0.0324	29.3848	0.3675	0.2445	1.9886	12.8796	0.0062	29.7214
74	91	0.1723	4	0	1	0	0	0	0	0	0	N	N	N	N	N	N	N	N	N	N	N	N	7.9939	94.6015	0.0000	428.8946	421.4793	0.0000	0.0351	1.0989	0.0000	0.4686	0.5511	0.0000	13.7564	14.0999	0.0000	0.0021	0.0025	0.0000	0.0586	0.0058	0.1733	0.0321	0.0335	0.0133	0.0607	0.0023	0.1769	0.0000	16.2013	-0.0358	0.0020	6.1274	1.9923	13.6208	0.0454	0.0775	0.0775	0.0000	0.0772	0.0772	0.0000	0.0003	0.0003	0.0000	0.0049	0.0003	0.0046	0.0002	0.0002	0.0000	0.0047	0.0001	0.0046	0.1655	0.1407	0.0248	0.0056	0.0055	0.0001	0.1599	0.1352	0.0246	0.0841	0.0492	0.0349	0.0060	0.0056	0.0004	0.0781	0.0436	0.0345	7.9939	94.6015	0.0001	428.8946	421.4793	0.0000	0.0351	1.0989	0.0001	0.0586	0.0058	0.1330	0.0321	0.0335	0.0133	0.0607	0.0023	0.1344
74	92	0.1286	3	0	1	0	0	0	0	0	0	N	N	N	N	N	N	N	N	N	N	N	N	0.0394	33.1463	0.0128	5.6298	493.6781	0.0106	0.0062	0.0000	0.0128	0.0047	0.0047	0.0052	0.1722	0.1738	0.0022	0.0008	0.0000	0.0052	0.1202	0.0001	0.4076	0.0306	0.0004	0.2108	0.1292	0.0001	0.4082	0.1962	1428.1128	-0.0001	0.0209	6.1274	1.0098	13.6208	9.0196	0.0004	0.0003	0.0001	0.0003	0.0003	0.0000	0.0001	0.0000	0.0001	0.0455	0.0000	0.0454	0.0010	0.0000	0.0010	0.0444	0.0000	0.0444	0.0859	0.0731	0.0128	0.0020	0.0020	0.0000	0.0839	0.0712	0.0128	0.3781	0.2264	0.1517	0.0343	0.0294	0.0049	0.3438	0.1970	0.1468	0.0394	33.1463	0.0174	5.6298	493.6781	0.0106	0.0062	0.0000	0.0173	0.1202	0.0001	0.2994	0.0306	0.0004	0.2108	0.1292	0.0001	0.3024
74	93	0.2253	8	1	2	0	1	0	0	0	0	N	Y	N	N	N	N	N	N	N	N	N	N	0.0000	0.0000	0.0000	0.0000	0.0000	0.0000	0.0000	0.0000	0.0000	0.0000	0.0000	0.0000	0.0000	0.0000	0.0000	0.0000	0.0000	0.0000	0.0000	0.0000	6.1274	0.0000	13.6208	0.0000	0.0000	0.0000	0.0000	0.0000	0.0000	0.0000	0.0000	0.0000	0.0000	0.0000	0.0000	0.0000	0.0000	0.0000	0.0000	0.0000	0.0000	0.0000	0.0000	0.0000	0.0000	0.0000	0.0000	0.0000	0.0000	0.0000	0.0000	0.0000	0.0000	0.0000	0.0000	0.0000	0.0000	0.0000	0.0000	0.0000	0.0000	0.0000	0.0000	0.0000	0.0000	0.0000	0.0000	0.0000	0.0000	0.0000	0.0000	0.0000	0.0000	0.0000	0.0000	0.0000	0.0000	0.0000											
74	94	0.2253	7	1	2	0	1	0	0	0	0	N	Y	N	N	N	N	N	N	N	N	N	N	0.0000	0.0000	0.0000	0.0000	0.0000	0.0000	0.0000	0.0000	0.0000	0.0000	0.0000	0.0000	0.0000	2.5213	3.8477	0.0000	137.0063	129.1051	0.0000	0.0000	0.0000	0.0000	0.0000	0.0000	-0.0001	6.1274	0.0000	13.6208	0.0001	0.0000	0.0000	0.0000	0.0000	0.0000	0.0000	0.0000	0.0000	0.0000	0.0001	0.0001	0.0000	0.0001	0.0001	0.0000	0.0000	0.0000	0.0000	0.0000	0.0000	0.0000	0.0000	0.0000	0.0000	0.0000	0.0000	0.0000	0.0001	0.0000	0.0000	0.0000	0.0000	0.0000	0.0000	0.0000	0.0000	0.0000	0.0000	0.0000	0.0000	0.0000	0.0000	0.0000	0.0000	0.0000	2.3863	2.9521	0.0000	4.9873	5.0525	0.0000	0.0000	0.0000	0.0000						
74	95	0.2074	6	0	2	0	1	0	0	0	0	N	Y	N	N	N	N	N	N	N	N	N	N	560.5187	412.7659	0.0000	959.1882	868.2336	0.0000	0.0000	0.0000	0.5378	0.6357	0.0000	6.0676	6.2135	0.0000	0.0000	0.0000	0.0000	0.0010	0.0015	0.0000	0.0063	0.0072	0.0000	0.0000	0.0000	0.0000	0.0000	0.0021	-0.0221	-0.0000	6.1274	0.9845	13.6208	0.9903	0.0479	0.0479	0.0000	0.0479	0.0479	0.0000	0.0000	0.0000	0.0000	0.0001	0.0001	0.0000	0.0001	0.0001	0.0000	0.0000	0.0000	0.0000	0.0891	0.0754	0.0137	0.0079	0.0077	0.0002	0.0812	0.0677	0.0135	0.0827	0.0514	0.0313	0.0125	0.0111	0.0015	0.0702	0.0404	0.0298	560.5187	412.7659	0.0000	959.1882	868.2336	0.0000	0.0000	0.0000	0.0000	0.0010	0.0015	0.0000	0.0063	0.0072	0.0000	0.0000	0.0000	0.0000	
74	96	0.2046	6	0	2	0	0	0	0	0	0	N	Y	N	N	N	N	N	N	N	N	N	N	0.0000	0.0000	0.0000	0.0001	0.0000	0.0004	0.0000	0.0000	0.0000	0.0001	0.0000	0.0005	0.0000	0.0000	0.0000	0.0001	0.0000	0.0005	3.5243	0.0035	17.6682	0.0176	0.0078	0.0852	5.0421	0.0006	18.3139	inf	1548.6214	0.0000	0.4540	6.1274	1.0063	13.6208	3.7812	0.0000	0.0000	0.0000	0.0000	0.0000	0.0000	0.0000	0.0000	0.0000	0.9883	0.0006	0.9876	0.0015	0.0006	0.0009	0.9868	0.0001	0.9867	0.0863	0.0736	0.0127	0.0035	0.0034	0.0001	0.0828	0.0702	0.0126	0.2804	0.1836	0.0968	0.0847	0.0740	0.0107	0.1957	0.1096	0.0861	0.0000	0.0000	0.0000	0.0001	0.0000	0.0004	0.0000	0.0000	0.0000	3.5243	0.0035	10.2008	0.0176	0.0078	0.0852	5.0421	0.0006	11.4603
74	97	0.2074	6	0	1	1	1	0	0	0	0	N	N	N	N	N	N	N	N	N	N	N	N	37.5979	0.0000	2760.8752	0.0404	0.0000	10.2137	2422.4067	6193.8896	0.0091	0.0000	0.0592	0.0001	0.0000	0.0027	0.0100	0.0000	0.0599	0.0002	0.0004	0.0000	0.0016	0.0018	0.0003	0.0000	0.0000	0.0000	inf	0.0347	0.0004	-0.0000	6.1274	1.0165	13.6208	1.0129	0.0008	0.0000	0.0008	0.0000	0.0000	0.0000	0.0008	0.0000	0.0008	0.0000	0.0000	0.0000	0.0000	0.0000	0.0000	0.0000	0.0000	0.0000	0.0918	0.0776	0.0141	0.0080	0.0078	0.0002	0.0837	0.0698	0.0139	0.0848	0.0527	0.0321	0.0128	0.0113	0.0015	0.0720	0.0414	0.0306	37.5979	0.0000	2760.8752	0.0404	0.0000	10.2137	2422.4067	0.0000	6193.8896	0.0002	0.0004	0.0000	0.0016	0.0018	0.0003	0.0000	0.0000	0.0000	
74	98	0.1945	5	0	1	0	1	0	0	0	0	N	N	N	N	N	N	N	N	N	N	N	N	15.9573	10.3301	58.8321	2296.9613	1989.7115	414.8948	3.9543	0.0000	55.2896	0.0066	0.0056	0.0124	0.1030	0.1063	0.0008	0.0019	0.0000	0.0125	0.0004	0.0005	0.0002	0.0000	0.0001	0.0000	0.0005	0.0007	0.0002	0.3832	0.2448	-0.0002	-0.0000	6.1274	2.0241	13.6208	1.0265	0.0011	0.0008	0.0003	0.0008	0.0008	0.0000	0.0003	0.0000	0.0003	0.0001	0.0000	0.0000	0.0000	0.0000	0.0000	0.0000	0.0000	0.0000	0.1732	0.1476	0.0256	0.0081	0.0078	0.0003	0.1651	0.1398	0.0254	0.1220	0.0748	0.0472	0.0197	0.0164	0.0033	0.1023	0.0584	0.0439	15.9573	10.3301	58.8321	2296.9613	1989.7115	414.8948	3.9543	0.0000	55.2896	0.0004	0.0005	0.0002	0.0000	0.0001	0.0000	0.0005	0.0007	0.0002
74	99	0.1945	5	0	1	1	1	0	0	0	0	N	N	N	N	N	N	N	N	N	N	N	N	inf	inf	inf	inf	inf	inf	0.0013	0.0000	0.0087	0.0000	0.0000	0.0005	0.0013	0.0000	0.0088	0.0000	0.0000	0.0000	0.0000	0.0000	0.0000	0.0000	0.0000	0.0000	inf	0.0002	0.0000	6.1274	3.0066	13.6208	0.0000	0.0003	0.0000	0.0003	0.0000	0.0000	0.0000	0.0003	0.0000	0.0003	0.0000	0.0000	0.0000	0.0000	0.0000	0.0000	0.0000	0.0000	0.0000	0.2535	0.2162	0.0372	0.0112	0.0108	0.0004	0.2423	0.2054	0.0369	0.1202	0.0737	0.0465	0.0194	0.0162	0.0032	0.1008	0.0575	0.0433	inf	0.0000	inf	inf	0.0000	inf	inf	0.0000	inf	0.0000	0.0000	0.0000	0.0000	0.0000	0.0000	0.0000	0.0000	0.0000				
74	100	0.2202	5	0	1	1	1	0	0	0	0	N	N	N	N	N	N	N	N	N	N	N	N	0.0000	0.0000	0.0000	0.0000	0.0000	0.0000	0.0000	0.0000	0.0000	0.0000	0.0000	0.0000	0.0000	0.0001	0.0000	0.0003	0.0000	0.0000	0.0000	0.0002	0.0000	0.0004	inf	0.0000	0.0000	6.1274	0.0000	13.6208	2.0000	0.0000	0.0000	0.0000	0.0000	0.0000	0.0000	0.0000	0.0000	0.0000	0.0000	0.0000	0.0000	0.0000	0.0000	0.0000	0.0000	0.0000	0.0000	0.0000	0.0000	0.0000	0.0000	0.0000	0.0000	0.0000	0.0000	0.0000	0.0778	0.0471	0.0307	0.0127	0.0105	0.0022	0.0651	0.0366	0.0285	0.0000	0.0000	0.0000	0.0000	0.0000	0.0000	0.0000	0.0000	0.0000	0.0001	0.0000	0.0003	0.0000	0.0000	0.0000	0.0002	0.0000	0.0004						
74	101	0.1811	4	0	1	1	1	0	0	0	0	N	N	N	N	N	N	N	N	N	N	N	N	2.8845	0.0000	58.8056	0.0003	0.0000	0.0081	45.8862	0.0000	134.8708	0.0017	0.0000	0.0118	0.0000	0.0000	0.0000	0.0018	0.0000	0.0121	0.0006	0.0008	0.0002	0.0032	0.0035	0.0018	0.0000	0.0000	0.0001	inf	0.1506	0.0005	-0.0001	6.1274	5.8899	13.6208	3.1847	0.0008	0.0000	0.0008	0.0000	0.0000	0.0000	0.0008	0.0000	0.0008	0.0002	0.0002	0.0000	0.0002	0.0002	0.0000	0.0000	0.0000	0.0000	0.4962	0.4244	0.0718	0.0303	0.0284	0.0019	0.4659	0.3961	0.0698	0.3690	0.2266	0.1424	0.0636	0.0546	0.0090	0.3054	0.1720	0.1334	2.8845	0.0000	58.8056	0.0003	0.0000	0.0081	45.8862	0.0000	134.8708	0.0006	0.0008	0.0002	0.0032	0.0035	0.0018	0.0000	0.0000	0.0001
74	102	0.2279	4	1	2	0	0	0	0	0	0	N	Y	N	N	N	N	N	N	N	N	N	N	0.0000	0.0000	0.0000	0.0000	0.0000	0.0000	0.0000	0.0000	0.0000	0.0000	0.0000	0.0000	0.0000	0.0000	0.0000	0.0000	0.0000	0.0000	0.0000	0.0000	6.1274	0.0000	13.6208	0.0000	0.0000	0.0000	0.0000	0.0000	0.0000	0.0000	0.0000	0.0000	0.0000	0.0000	0.0000	0.0000	0.0000	0.0000	0.0000	0.0000	0.0000	0.0000	0.0000	0.0000	0.0000	0.0000	0.0000	0.0000	0.0000	0.0000	0.0000	0.0000	0.0000	0.0000	0.0000	0.0000	0.0000	0.0000	0.0000	0.0000	0.0000	0.0000	0.0000	0.0000	0.0000	0.0000	0.0000	0.0000	0.0000	0.0000	0.0000	0.0000	0.0000	0.0000	0.0000	0.0000	0.0000	0.0000											
74	103	0.1286	3	1	2	0	0	0	0	0	0	N	Y	N	N	N	N	N	N	N	N	N	N	0.4023	0.0013	1.3183	11.2175	29.5554	0.0046	0.3717	0.0000	1.2766	1.5823	0.0040	10.8988	0.1750	0.1767	0.0003	1.6106	0.0000	10.9134	3.9329	3.0729	8.2671	0.0156	0.0060	0.0721	4.3332	2.5167	8.5491	458.5628	1.9931	0.5371	0.3769	6.1274	8.0012	13.6208	14.0016	1.0018	0.0022	0.9997	0.0022	0.0022	0.0000	0.9997	0.0000	0.9997	2.9926	0.9998	1.9928	0.0011	0.0004	0.0007	2.9915	0.9995	1.9920	0.6331	0.5414	0.0917	0.0125	0.0123	0.0001	0.6207	0.5291	0.0916	0.7609	0.4574	0.3035	0.0705	0.0603	0.0103	0.6904	0.3971	0.2932	0.4023	0.0018	1.6599	11.2175	29.5554	0.0046	0.3717	0.0000	1.6065	3.9329	2.1859	6.5660	0.0156	0.0060	0.0721	4.3332	2.5167	6.7932
74	104	0.1916	4	0	2	0	0	0	0	0	0	N	Y	N	N	N	N	N	N	N	N	N	N	0.0000	0.0000	0.0000	0.0000	0.0000	0.0000	0.0000	0.0000	0.0000	0.0000	0.0000	0.0000	0.0000	0.0000	0.0000	0.0000	0.0000	0.0000	0.0563	0.0918	0.0000	1.3107	1.7906	0.0000	0.0000	0.0000	0.0000	0.0001	0.0000	-0.0038	6.1274	2.0010	13.6208	1.0153	0.0000	0.0000	0.0000	0.0000	0.0000	0.0000	0.0000	0.0000	0.0000	0.0070	0.0070	0.0000	0.0070	0.0070	0.0000	0.0000	0.0000	0.0000	0.1641	0.1400	0.0241	0.0058	0.0056	0.0002	0.1583	0.1344	0.0239	0.1238	0.0759	0.0479	0.0291	0.0233	0.0059	0.0946	0.0526	0.0420	0.0000	0.0000	0.0000	0.0000	0.0000	0.0000	0.0000	0.0000	0.0000	0.0563	0.0918	0.0000	0.2391	0.2995	0.0000	0.0000	0.0000	0.0000	
74	105	0.1286	3	0	2	0	0	0	0	0	0	N	Y	N	N	N	N	N	N	N	N	N	N	0.0177	0.0000	0.6014	0.0014	0.0000	0.2671	0.0170	0.0000	0.6015	0.0003	0.0000	0.0018	0.0000	0.0000	0.0008	0.0003	0.0000	0.0018	0.0151	0.0232	0.0030	0.0057	0.0062	0.0029	0.0160	0.0257	0.0030	inf	0.0867	0.0000	-0.0036	6.1274	3.0162	13.6208	11.0438	0.0001	0.0000	0.0001	0.0000	0.0000	0.0000	0.0001	0.0000	0.0001	0.0078	0.0071	0.0006	0.0003	0.0003	0.0000	0.0075	0.0069	0.0006	0.2505	0.2136	0.0370	0.0052	0.0051	0.0001	0.2453	0.2084	0.0369	0.5146	0.3085	0.2061	0.0470	0.0403	0.0068	0.4676	0.2683	0.1993	0.0177	0.0000	0.6014	0.0014	0.0000	0.2671	0.0170	0.0000	0.6015	0.0151	0.0232	0.0030	0.0057	0.0062	0.0029	0.0160	0.0257	0.0030
74	106	0.2295	8	1	2	0	0	0	0	0	0	N	Y	N	N	N	N	N	N	N	N	N	N	0.0000	0.0000	0.0000	0.0000	0.0000	0.0000	0.0000	0.0000	0.0000	0.0000	0.0000	0.0000	0.0000	0.0000	0.0000	0.0000	0.0000	0.0000	0.0000	0.0000	6.1274	1.0000	13.6208	1.0000	0.0000	0.0000	0.0000	0.0000	0.0000	0.0000	0.0000	0.0000	0.0000	0.0000	0.0000	0.0000	0.0000	0.0000	0.0000	0.0000	0.0000	0.0000	0.0850	0.0725	0.0125	0.0031	0.0030	0.0001	0.0819	0.0695	0.0124	0.0827	0.0531	0.0297	0.0270	0.0220	0.0050	0.0557	0.0311	0.0246	0.0000	0.0000	0.0000	0.0000	0.0000	0.0000	0.0000	0.0000	0.0000	0.0000	0.0000	0.0000	0.0000	0.0000	0.0000	0.0000	0.0000	0.0000											
74	107	0.2253	7	1	2	0	0	0	0	0	0	N	Y	N	N	N	N	N	N	N	N	N	N	0.0000	0.0000	0.0000	0.0000	0.0000	0.0000	0.0000	0.0000	0.0000	0.0000	0.0000	0.0000	0.0000	0.0000	0.0000	24.0069	0.0000	128.6848	0.0530	0.0000	0.2879	33.0002	0.0000	140.6956	inf	0.0000	0.4579	6.1274	0.0000	13.6208	0.9999	0.0000	0.0000	0.0000	0.0000	0.0000	0.0000	0.0000	0.0000	0.0000	0.9952	0.0000	0.9952	0.0006	0.0000	0.0006	0.9946	0.0000	0.9946	0.0000	0.0000	0.0000	0.0000	0.0000	0.0000	0.0000	0.0000	0.0000	0.0415	0.0261	0.0153	0.0113	0.0092	0.0021	0.0301	0.0169	0.0132	0.0000	0.0000	0.0000	0.0000	0.0000	0.0000	0.0000	0.0000	0.0000	24.0069	0.0000	64.9367	0.0530	0.0000	0.2879	33.0002	0.0000	75.1082				
74	108	0.2046	6	1	2	0	0	0	0	0	0	N	Y	N	N	N	N	N	N	N	N	N	N	0.1268	0.0000	22.4020	0.0001	0.0000	316.7785	4.9406	0.0000	20.0438	0.0040	0.0000	0.0271	0.0000	0.0000	0.0032	0.0053	0.0000	0.0272	0.0312	0.0471	0.0012	0.1503	0.1858	0.0000	0.0011	0.0008	0.0014	inf	0.0136	0.0000	-0.0047	6.1274	0.0100	13.6208	4.8896	0.0000	0.0000	0.0000	0.0000	0.0000	0.0000	0.0000	0.0000	0.0000	0.0089	0.0088	0.0001	0.0087	0.0087	0.0000	0.0002	0.0001	0.0001	0.0016	0.0014	0.0002	0.0004	0.0004	0.0000	0.0012	0.0010	0.0002	0.2845	0.1861	0.0984	0.0854	0.0745	0.0108	0.1991	0.1116	0.0876	0.1268	0.0000	22.4020	0.0001	0.0000	316.7785	4.9406	0.0000	20.0438	0.0312	0.0471	0.0012	0.1016	0.1163	0.0000	0.0011	0.0008	0.0014
74	109	0.1945	5	0	2	0	0	0	0	0	0	N	Y	N	N	N	N	N	N	N	N	N	N	0.0434	0.0078	0.0942	0.0650	0.0548	0.8636	0.0392	0.0000	0.0794	0.0037	0.0001	0.0245	0.0014	0.0014	0.0015	0.0039	0.0000	0.0247	0.0864	0.0108	0.2602	0.0210	0.0248	0.0018	0.0990	0.0069	0.3115	51.3305	12.0163	0.0002	0.0032	6.1274	1.0007	13.6208	1.4004	0.0003	0.0000	0.0003	0.0000	0.0000	0.0000	0.0003	0.0000	0.0003	0.0083	0.0006	0.0077	0.0003	0.0003	0.0000	0.0080	0.0003	0.0077	0.0880	0.0748	0.0132	0.0048	0.0046	0.0001	0.0832	0.0701	0.0131	0.0965	0.0591	0.0374	0.0156	0.0130	0.0026	0.0809	0.0461	0.0348	0.0434	0.0078	0.1190	0.0650	0.0548	0.8636	0.0392	0.0000	0.1118	0.0864	0.0108	0.2060	0.0210	0.0248	0.0018	0.0990	0.0069	0.2213
74	110	0.1811	4	0	1	0	0	0	0	0	0	N	N	N	N	N	N	N	N	N	N	N	N	10.8041	2.2151	1024.9856	1.9937	2.0091	0.0108	4603.6890	0.0000	14457.3228	0.0256	0.0083	0.1257	0.0230	0.0255	0.0000	0.0268	0.0000	0.1583	0.0024	0.0037	0.0001	0.0115	0.0127	0.0019	0.0000	0.0000	0.0000	2.6211	0.0200	0.0003	-0.0002	6.1274	0.3039	13.6208	2.8719	0.0012	0.0003	0.0008	0.0003	0.0003	0.0000	0.0008	0.0000	0.0008	0.0004	0.0003	0.0000	0.0004	0.0003	0.0000	0.0000	0.0000	0.0000	0.0457	0.0390	0.0067	0.0141	0.0127	0.0014	0.0316	0.0263	0.0053	0.1502	0.0932	0.0570	0.0308	0.0275	0.0033	0.1194	0.0657	0.0537	10.8041	2.2151	1024.9856	1.9937	2.0091	0.0108	4603.6890	0.0000	14457.3228	0.0024	0.0037	0.0001	0.0115	0.0127	0.0019	0.0000	0.0000	0.0000
74	111	0.1286	3	0	1	0	0	0	0	0	0	N	N	N	N	N	N	N	N	N	N	N	N	3833.2184	0.1474	76758.3939	1.5894	1.3733	271.6742	7288.0784	0.0000	74370.9679	3.1712	0.0002	21.5630	0.0074	0.0075	0.0006	3.2368	0.0000	21.5933	0.0008	0.0012	0.0003	0.0047	0.0054	0.0000	0.0004	0.0006	0.0003	21143.5388	0.1576	0.5376	-0.0001	6.1274	3.8240	13.6208	8.1760	0.9989	0.0000	0.9989	0.0000	0.0000	0.0000	0.9989	0.0000	0.9989	0.0004	0.0003	0.0001	0.0002	0.0002	0.0000	0.0002	0.0001	0.0001	0.3150	0.2687	0.0463	0.0064	0.0063	0.0001	0.3086	0.2623	0.0463	0.4459	0.2671	0.1787	0.0406	0.0348	0.0058	0.4053	0.2324	0.1729	3833.2184	0.1474	76758.3939	1.5894	1.3733	271.6742	7288.0784	0.0000	74370.9679	0.0008	0.0012	0.0003	0.0047	0.0054	0.0000	0.0004	0.0006	0.0003
74	112	0.0990	2	0	1	0	0	0	0	0	0	N	N	N	N	N	N	N	N	N	N	N	N	0.1383	0.0126	0.2352	0.0025	0.0021	4.7631	0.3107	0.0000	0.2178	0.1677	0.0053	0.5077	0.0107	0.0089	1.0207	0.2746	0.0000	0.5065	1.2124	0.4210	2.1584	4.2136	4.2261	0.2143	0.8837	0.0000	2.3256	45.8884	4.1284	0.0035	0.1236	6.1274	0.0953	13.6208	6.8761	0.0068	0.0001	0.0067	0.0002	0.0001	0.0000	0.0066	0.0000	0.0066	0.4664	0.0909	0.3754	0.0918	0.0909	0.0008	0.3746	0.0000	0.3746	0.0407	0.0275	0.0131	0.0165	0.0164	0.0000	0.0242	0.0111	0.0131	0.6151	0.3712	0.2439	0.1913	0.1873	0.0039	0.4239	0.1839	0.2400	0.2213	0.0216	0.3298	0.0222	0.0182	4.7631	0.3107	0.0000	0.3245	0.7581	0.2450	1.5392	0.4798	0.4854	0.2143	0.8837	0.0000	1.5609
74	115	0.2619	4	0	1	0	0	0	0	0	0	N	N	N	N	N	N	N	N	N	N	N	N	0.0848	0.0711	0.0000	0.0772	0.0713	0.0001	0.0000	0.0000	0.0000	0.1243	0.1466	0.0000	0.7612	0.7974	0.0000	0.0000	0.0000	0.0000	1.4661	2.0632	1.6472	9.8657	11.1881	0.2037	1.1069	0.8495	1.8206	0.0000	0.5412	-0.0500	-0.2844	6.1274	8.9918	13.6208	13.3277	0.1084	0.1084	0.0000	0.1083	0.1083	0.0000	0.0000	0.0000	0.0000	1.5063	0.9773	0.5289	0.5956	0.5781	0.0175	0.9107	0.3992	0.5114	0.8719	0.7389	0.1330	0.1423	0.1359	0.0065	0.7295	0.6030	0.1265	1.4954	1.0569	0.4385	0.6727	0.5869	0.0858	0.8227	0.4700	0.3528	0.1234	0.1586	0.0000	0.8597	0.8096	0.0001	0.0000	0.0000	0.0000	1.0072	0.9247	1.2061	0.8854	0.9850	0.2037	1.1069	0.8495	1.4498
75	80	0.1311	9	0	1	1	0	0	0	0	0	N	N	N	N	N	N	N	N	N	N	N	N	0.0000	0.0000	0.0000	0.0000	0.0000	0.0000	0.0000	0.0000	0.0000	0.0000	0.0000	0.0000	0.0000	0.0000	0.0000	0.0006	0.0000	0.0014	0.0073	0.0000	0.0736	0.0000	0.0000	0.0000	inf	0.0000	0.0000	0.0000	2.0196	1.0003	6.0690	0.0000	0.0000	0.0000	0.0000	0.0000	0.0000	0.0000	0.0000	0.0000	0.0000	0.0000	0.0000	0.0000	0.0000	0.0000	0.0000	0.0000	0.0000	0.0000	0.0000	0.0000	0.0000	0.0000	0.0000	0.0000	0.0000	0.0000	0.0175	0.0106	0.0069	0.0014	0.0012	0.0001	0.0162	0.0094	0.0068	0.0000	0.0000	0.0000	0.0000	0.0000	0.0000	0.0000	0.0000	0.0000	0.0006	0.0000	0.0014	0.0073	0.0000	0.0736	0.0000	0.0000	0.0000				
75	81	0.1229	8	0	0	1	0	0	0	0	0	N	N	N	N	N	N	N	N	N	N	N	N	0.0000	0.0000	0.0000	0.0000	0.0000	0.0000	0.0000	0.0000	0.0000	0.0000	0.0000	0.0000	0.0000	0.0000	0.0000	0.0000	0.0046	0.0038	0.0056	0.0410	0.0465	0.0000	0.0024	0.0000	0.0057	0.9979	0.0000	-0.0000	0.0000	0.9876	1.0003	0.9833	0.0000	0.0000	0.0000	0.0000	0.0000	0.0000	0.0000	0.0000	0.0000	0.0000	0.0000	0.0000	0.0000	0.0000	0.0000	0.0000	0.0000	0.0000	0.0000	0.0000	0.0000	0.0000	0.0000	0.0000	0.0000	0.0000	0.0000	0.0044	0.0026	0.0018	0.0002	0.0002	0.0000	0.0041	0.0024	0.0017	0.0000	0.0000	0.0000	0.0000	0.0000	0.0000	0.0000	0.0000	0.0000	0.0046	0.0038	0.0056	0.0410	0.0465	0.0000	0.0024	0.0000	0.0057			
75	82	0.1405	8	1	0	2	0	0	0	0	0	N	N	Y	N	N	N	N	N	N	N	N	N	0.0000	0.0000	0.0000	0.0000	0.0000	0.0000	0.0000	0.0000	0.0000	0.0000	0.0000	0.0000	0.0000	0.0000	0.0000	0.0000	0.0000	0.0000	0.0000	0.0000	0.0000	1.0000	1.0003	2.9874	0.0000	0.0000	0.0000	0.0000	0.0000	0.0000	0.0000	0.0000	0.0000	0.0000	0.0000	0.0000	0.0000	0.0000	0.0000	0.0000	0.0000	0.0000	0.0000	0.0000	0.0000	0.0000	0.0000	0.0000	0.0000	0.0000	0.0000	0.0083	0.0052	0.0031	0.0013	0.0011	0.0002	0.0069	0.0041	0.0029	0.0000	0.0000	0.0000	0.0000	0.0000	0.0000	0.0000	0.0000	0.0000	0.0000	0.0000	0.0000	0.0000	0.0000	0.0000	0.0000	0.0000	0.0000											
75	83	0.1122	7	1	0	2	0	0	0	0	0	N	N	Y	N	N	N	N	N	N	N	N	N	0.0000	0.0000	0.0000	0.0000	0.0000	0.0000	0.0000	0.0000	0.0000	0.0000	0.0000	0.0000	0.0000	0.0000	0.0000	0.0000	0.0000	0.0000	0.0000	0.0000	0.0000	0.9997	1.0003	6.0128	0.0000	0.0000	0.0000	0.0000	0.0000	0.0000	0.0000	0.0000	0.0000	0.0000	0.0000	0.0000	0.0000	0.0000	0.0000	0.0000	0.0000	0.0000	0.0000	0.0000	0.0000	0.0000	0.0000	0.0000	0.0000	0.0000	0.0000	0.0162	0.0085	0.0076	0.0014	0.0011	0.0003	0.0148	0.0074	0.0074	0.0000	0.0000	0.0000	0.0000	0.0000	0.0000	0.0000	0.0000	0.0000	0.0000	0.0000	0.0000	0.0000	0.0000	0.0000	0.0000	0.0000	0.0000											
75	84	0.0704	6	0	1	1	1	0	0	0	0	N	N	N	N	N	N	N	N	N	N	N	N	0.0000	0.0000	0.0000	0.0000	0.0000	0.0000	0.0000	0.0000	0.0000	0.0000	0.0000	0.0000	0.0000	0.0000	0.0000	0.0000	0.0000	0.0000	0.0000	0.0000	0.0000	8.0013	1.0003	12.0015	0.0000	0.0000	0.0000	0.0000	0.0000	0.0000	0.0000	0.0000	0.0000	0.0000	0.0000	0.0000	0.0000	0.0000	0.0000	0.0000	0.0000	0.0000	0.0000	0.0000	0.0000	0.0000	0.0000	0.0000	0.0000	0.0000	0.0000	0.0377	0.0227	0.0150	0.0031	0.0025	0.0006	0.0346	0.0202	0.0144	0.0000	0.0000	0.0000	0.0000	0.0000	0.0000	0.0000	0.0000	0.0000	0.0000	0.0000	0.0000	0.0000	0.0000	0.0000	0.0000	0.0000	0.0000											
75	85	0.1269	8	0	1	1	0	0	0	0	0	N	N	N	N	N	N	N	N	N	N	N	N	0.0000	0.0000	0.0000	0.0000	0.0000	0.0000	0.0000	0.0000	0.0000	0.0000	0.0000	0.0000	0.0000	0.0000	0.0000	0.0000	0.0000	0.0000	0.0000	0.0000	0.0000	1.0000	1.0003	6.9850	0.0000	0.0000	0.0000	0.0000	0.0000	0.0000	0.0000	0.0000	0.0000	0.0000	0.0000	0.0000	0.0000	0.0000	0.0000	0.0000	0.0000	0.0000	0.0000	0.0000	0.0000	0.0000	0.0000	0.0000	0.0000	0.0000	0.0000	0.0167	0.0098	0.0068	0.0009	0.0008	0.0001	0.0158	0.0091	0.0067	0.0000	0.0000	0.0000	0.0000	0.0000	0.0000	0.0000	0.0000	0.0000	0.0000	0.0000	0.0000	0.0000	0.0000	0.0000	0.0000	0.0000	0.0000											
75	86	0.1141	7	0	0	1	0	0	0	0	0	N	N	N	N	N	N	N	N	N	N	N	N	0.0000	0.0000	0.0000	0.0000	0.0000	0.0000	0.0000	0.0000	0.0000	0.0000	0.0000	0.0000	0.0000	0.0000	0.0000	0.0000	0.0000	0.0000	0.0000	0.0000	0.0000	1.0086	1.0003	2.0000	0.0000	0.0000	0.0000	0.0000	0.0000	0.0000	0.0000	0.0000	0.0000	0.0000	0.0000	0.0000	0.0000	0.0000	0.0000	0.0000	0.0000	0.0000	0.0000	0.0000	0.0000	0.0000	0.0000	0.0000	0.0000	0.0000	0.0000	0.0066	0.0038	0.0027	0.0003	0.0003	0.0000	0.0062	0.0035	0.0027	0.0000	0.0000	0.0000	0.0000	0.0000	0.0000	0.0000	0.0000	0.0000	0.0000	0.0000	0.0000	0.0000	0.0000	0.0000	0.0000	0.0000	0.0000											
75	87	0.1122	7	0	1	1	0	0	0	0	0	N	N	N	N	N	N	N	N	N	N	N	N	0.0000	0.0000	0.0000	0.0000	0.0000	0.0000	0.0000	0.0000	0.0000	0.0000	0.0000	0.0000	0.0000	0.0000	0.0000	0.0000	0.0000	0.0000	0.0000	0.0000	0.0000	4.0000	1.0003	7.0000	0.0000	0.0000	0.0000	0.0000	0.0000	0.0000	0.0000	0.0000	0.0000	0.0000	0.0000	0.0000	0.0000	0.0000	0.0000	0.0000	0.0000	0.0000	0.0000	0.0000	0.0000	0.0000	0.0000	0.0000	0.0000	0.0000	0.0000	0.0244	0.0130	0.0114	0.0022	0.0017	0.0004	0.0222	0.0112	0.0110	0.0000	0.0000	0.0000	0.0000	0.0000	0.0000	0.0000	0.0000	0.0000	0.0000	0.0000	0.0000	0.0000	0.0000	0.0000	0.0000	0.0000	0.0000											
75	88	0.0704	6	0	0	1	0	0	0	0	0	N	N	N	N	N	N	N	N	N	N	N	N	0.0000	0.0000	0.0000	0.0000	0.0000	0.0000	0.0000	0.0000	0.0000	0.0000	0.0000	0.0000	0.0000	49.1061	81.5401	0.0000	2320.4139	2520.2937	0.0000	0.0000	0.0000	0.0000	0.0000	0.0000	-0.5382	0.0000	2.9985	1.0003	7.0016	0.0000	0.0000	0.0000	0.0000	0.0000	0.0000	0.0000	0.0000	0.0000	0.9967	0.9967	0.0000	0.9967	0.9967	0.0000	0.0000	0.0000	0.0000	0.0000	0.0000	0.0000	0.0000	0.0000	0.0000	0.0000	0.0000	0.0000	0.0203	0.0122	0.0081	0.0016	0.0013	0.0003	0.0186	0.0109	0.0077	0.0000	0.0000	0.0000	0.0000	0.0000	0.0000	0.0000	0.0000	0.0000	49.1061	81.5401	0.0000	604.2431	754.3980	0.0000	0.0000	0.0000	0.0000						
75	89	0.1314	9	0	1	1	0	0	0	0	0	N	N	N	N	N	N	N	N	N	N	N	N	0.0000	0.0000	0.0000	0.0000	0.0000	0.0000	0.0000	0.0000	0.0000	0.0000	0.0000	0.0000	0.0000	0.0000	0.0000	0.0000	51.7651	86.7296	0.0000	2334.0035	2505.7117	0.0000	0.0000	0.0000	0.0000	0.0000	0.0000	-0.5372	0.0000	0.0157	1.0003	9.0253	0.0000	0.0000	0.0000	0.0000	0.0000	0.0000	0.0000	0.0000	0.0000	0.9949	0.9949	0.0000	0.9949	0.9949	0.0000	0.0000	0.0000	0.0000	0.0000	0.0000	0.0000	0.0000	0.0000	0.0000	0.0000	0.0000	0.0000	0.0192	0.0115	0.0077	0.0016	0.0013	0.0003	0.0176	0.0101	0.0075	0.0000	0.0000	0.0000	0.0000	0.0000	0.0000	0.0000	0.0000	0.0000	51.7651	86.7296	0.0000	604.6044	737.9499	0.0000	0.0000	0.0000	0.0000			
75	90	0.1229	8	0	1	1	0	0	0	0	0	N	N	N	N	N	N	N	N	N	N	N	N	0.0000	0.0000	0.0000	0.0000	0.0000	0.0000	0.0000	0.0000	0.0000	0.0000	0.0000	0.0000	0.0000	0.0000	0.0000	0.0000	0.7388	1.6086	0.0055	216.8812	232.5275	0.0000	0.0024	0.0000	0.0056	0.0051	0.0000	-0.0011	0.0000	0.0169	1.0003	2.0013	0.0000	0.0000	0.0000	0.0000	0.0000	0.0000	0.0000	0.0000	0.0000	0.0020	0.0020	0.0000	0.0020	0.0020	0.0000	0.0000	0.0000	0.0000	0.0000	0.0000	0.0000	0.0000	0.0000	0.0000	0.0000	0.0000	0.0000	0.0045	0.0027	0.0018	0.0002	0.0002	0.0000	0.0042	0.0024	0.0018	0.0000	0.0000	0.0000	0.0000	0.0000	0.0000	0.0000	0.0000	0.0000	0.4397	0.7356	0.0055	7.8704	8.9334	0.0000	0.0024	0.0000	0.0056			
75	91	0.1141	7	0	0	1	0	0	0	0	0	N	N	N	N	N	N	N	N	N	N	N	N	0.0000	0.0000	0.0000	0.0000	0.0000	0.0000	0.0000	0.0000	0.0000	0.0000	0.0000	0.0000	0.0000	0.0022	0.0038	0.0000	0.0385	0.0436	0.0000	0.0000	0.0000	0.0000	0.0000	0.0000	-0.0000	0.0000	1.9923	1.0003	0.0454	0.0000	0.0000	0.0000	0.0000	0.0000	0.0000	0.0000	0.0000	0.0000	0.0000	0.0000	0.0000	0.0000	0.0000	0.0000	0.0000	0.0000	0.0000	0.0000	0.0000	0.0000	0.0000	0.0000	0.0000	0.0000	0.0000	0.0000	0.0045	0.0027	0.0019	0.0003	0.0002	0.0000	0.0043	0.0024	0.0018	0.0000	0.0000	0.0000	0.0000	0.0000	0.0000	0.0000	0.0000	0.0000	0.0022	0.0038	0.0000	0.0385	0.0436	0.0000	0.0000	0.0000	0.0000						
75	92	0.0704	6	0	0	1	0	0	0	0	0	N	N	N	N	N	N	N	N	N	N	N	N	0.0000	0.0000	0.0000	0.0000	0.0000	0.0000	0.0000	0.0000	0.0000	0.0000	0.0000	0.0000	0.0000	0.0000	0.0000	0.0000	0.0000	0.0000	0.0000	-0.0000	0.0000	1.0098	1.0003	9.0196	0.0000	0.0000	0.0000	0.0000	0.0000	0.0000	0.0000	0.0000	0.0000	0.0000	0.0000	0.0000	0.0000	0.0000	0.0000	0.0000	0.0000	0.0000	0.0000	0.0000	0.0000	0.0000	0.0000	0.0000	0.0000	0.0000	0.0000	0.0204	0.0123	0.0081	0.0017	0.0013	0.0003	0.0187	0.0109	0.0078	0.0000	0.0000	0.0000	0.0000	0.0000	0.0000	0.0000	0.0000	0.0000	0.0000	0.0000	0.0000	0.0000	0.0000	0.0000	0.0000	0.0000	0.0000											
75	93	0.1671	11	1	1	1	1	0	0	0	0	N	N	N	N	N	N	N	N	N	N	N	N	0.0000	0.0000	0.0000	0.0000	0.0000	0.0000	0.0000	0.0000	0.0000	0.0000	0.0000	0.0000	0.0000	0.0000	0.0000	0.0000	0.0000	0.0000	0.0000	0.0000	0.0000	0.0000	1.0003	0.0000	0.0000	0.0000	0.0000	0.0000	0.0000	0.0000	0.0000	0.0000	0.0000	0.0000	0.0000	0.0000	0.0000	0.0000	0.0000	0.0000	0.0000	0.0000	0.0000	0.0000	0.0000	0.0000	0.0000	0.0000	0.0000	0.0000	0.0000	0.0000	0.0000	0.0000	0.0000	0.0000	0.0000	0.0000	0.0000	0.0000	0.0000	0.0000	0.0000	0.0000	0.0000	0.0000	0.0000	0.0000	0.0000	0.0000	0.0000	0.0000	0.0000	0.0000	0.0000	0.0000	0.0000	0.0000											
75	94	0.1671	10	1	1	1	1	0	0	0	0	N	N	N	N	N	N	N	N	N	N	N	N	0.0000	0.0000	0.0000	0.0000	0.0000	0.0000	0.0000	0.0000	0.0000	0.0000	0.0000	0.0000	0.0000	0.0000	0.0000	0.0000	0.0000	0.0000	0.0000	0.0000	0.0000	0.0000	1.0003	0.0001	0.0000	0.0000	0.0000	0.0000	0.0000	0.0000	0.0000	0.0000	0.0000	0.0000	0.0000	0.0000	0.0000	0.0000	0.0000	0.0000	0.0000	0.0000	0.0000	0.0000	0.0000	0.0000	0.0000	0.0000	0.0000	0.0000	0.0000	0.0000	0.0000	0.0000	0.0000	0.0000	0.0000	0.0000	0.0000	0.0000	0.0000	0.0000	0.0000	0.0000	0.0000	0.0000	0.0000	0.0000	0.0000	0.0000	0.0000	0.0000	0.0000	0.0000	0.0000	0.0000	0.0000	0.0000											
75	95	0.1492	9	0	1	1	1	0	0	0	0	N	N	N	N	N	N	N	N	N	N	N	N	0.0000	0.0000	0.0000	0.0000	0.0000	0.0000	0.0000	0.0000	0.0000	0.0000	0.0000	0.0000	0.0000	0.0000	0.0000	0.0000	0.0000	0.0000	0.0000	0.0000	0.0000	0.9845	1.0003	0.9903	0.0000	0.0000	0.0000	0.0000	0.0000	0.0000	0.0000	0.0000	0.0000	0.0000	0.0000	0.0000	0.0000	0.0000	0.0000	0.0000	0.0000	0.0000	0.0000	0.0000	0.0000	0.0000	0.0000	0.0000	0.0000	0.0000	0.0000	0.0045	0.0028	0.0017	0.0006	0.0005	0.0001	0.0039	0.0023	0.0016	0.0000	0.0000	0.0000	0.0000	0.0000	0.0000	0.0000	0.0000	0.0000	0.0000	0.0000	0.0000	0.0000	0.0000	0.0000	0.0000	0.0000	0.0000											
75	96	0.1464	9	0	1	1	0	0	0	0	0	N	N	N	N	N	N	N	N	N	N	N	N	0.0000	0.0000	0.0000	0.0000	0.0000	0.0000	0.0000	0.0000	0.0000	0.0000	0.0000	0.0000	0.0000	0.0000	0.0000	0.0000	0.0000	0.0000	0.0000	0.0000	0.0000	1.0063	1.0003	3.7812	0.0000	0.0000	0.0000	0.0000	0.0000	0.0000	0.0000	0.0000	0.0000	0.0000	0.0000	0.0000	0.0000	0.0000	0.0000	0.0000	0.0000	0.0000	0.0000	0.0000	0.0000	0.0000	0.0000	0.0000	0.0000	0.0000	0.0000	0.0160	0.0105	0.0054	0.0049	0.0043	0.0006	0.0111	0.0063	0.0048	0.0000	0.0000	0.0000	0.0000	0.0000	0.0000	0.0000	0.0000	0.0000	0.0000	0.0000	0.0000	0.0000	0.0000	0.0000	0.0000	0.0000	0.0000											
75	97	0.1492	9	0	0	2	1	0	0	0	0	N	N	Y	N	N	N	N	N	N	N	N	N	0.0000	0.0000	0.0000	0.0000	0.0000	0.0000	0.0000	0.0000	0.0000	0.0000	0.0000	0.0000	0.0000	0.0000	0.0000	0.0000	0.0000	0.0000	0.0000	0.0000	0.0000	1.0165	1.0003	1.0129	0.0000	0.0000	0.0000	0.0000	0.0000	0.0000	0.0000	0.0000	0.0000	0.0000	0.0000	0.0000	0.0000	0.0000	0.0000	0.0000	0.0000	0.0000	0.0000	0.0000	0.0000	0.0000	0.0000	0.0000	0.0000	0.0000	0.0000	0.0046	0.0029	0.0017	0.0006	0.0005	0.0001	0.0040	0.0023	0.0016	0.0000	0.0000	0.0000	0.0000	0.0000	0.0000	0.0000	0.0000	0.0000	0.0000	0.0000	0.0000	0.0000	0.0000	0.0000	0.0000	0.0000	0.0000											
75	98	0.1363	8	0	0	1	1	0	0	0	0	N	N	N	N	N	N	N	N	N	N	N	N	0.0000	0.0000	0.0000	0.0000	0.0000	0.0000	0.0000	0.0000	0.0000	0.0000	0.0000	0.0000	0.0000	0.0000	0.0000	0.0000	0.0000	0.0000	0.0000	0.0000	0.0000	2.0241	1.0003	1.0265	0.0000	0.0000	0.0000	0.0000	0.0000	0.0000	0.0000	0.0000	0.0000	0.0000	0.0000	0.0000	0.0000	0.0000	0.0000	0.0000	0.0000	0.0000	0.0000	0.0000	0.0000	0.0000	0.0000	0.0000	0.0000	0.0000	0.0000	0.0066	0.0041	0.0025	0.0009	0.0008	0.0002	0.0056	0.0033	0.0023	0.0000	0.0000	0.0000	0.0000	0.0000	0.0000	0.0000	0.0000	0.0000	0.0000	0.0000	0.0000	0.0000	0.0000	0.0000	0.0000	0.0000	0.0000											
75	99	0.1363	8	0	0	2	1	0	0	0	0	N	N	Y	N	N	N	N	N	N	N	N	N	0.0000	0.0000	0.0000	0.0000	0.0000	0.0000	0.0000	0.0000	0.0000	0.0000	0.0000	0.0000	0.0000	0.0000	0.0000	0.0000	0.0000	0.0000	0.0000	0.0000	0.0000	3.0066	1.0003	0.0000	0.0000	0.0000	0.0000	0.0000	0.0000	0.0000	0.0000	0.0000	0.0000	0.0000	0.0000	0.0000	0.0000	0.0000	0.0000	0.0000	0.0000	0.0000	0.0000	0.0000	0.0000	0.0000	0.0000	0.0000	0.0000	0.0000	0.0000	0.0065	0.0040	0.0025	0.0009	0.0008	0.0002	0.0056	0.0032	0.0023	0.0000	0.0000	0.0000	0.0000	0.0000	0.0000	0.0000	0.0000	0.0000	0.0000	0.0000	0.0000	0.0000	0.0000	0.0000	0.0000	0.0000	0.0000											
75	100	0.1620	8	0	0	2	1	0	0	0	0	N	N	Y	N	N	N	N	N	N	N	N	N	0.0000	0.0000	0.0000	0.0000	0.0000	0.0000	0.0000	0.0000	0.0000	0.0000	0.0000	0.0000	0.0000	0.0000	0.0000	0.0000	0.0000	0.0000	0.0000	0.0000	0.0000	0.0000	1.0003	2.0000	0.0000	0.0000	0.0000	0.0000	0.0000	0.0000	0.0000	0.0000	0.0000	0.0000	0.0000	0.0000	0.0000	0.0000	0.0000	0.0000	0.0000	0.0000	0.0000	0.0000	0.0000	0.0000	0.0000	0.0000	0.0000	0.0000	0.0000	0.0042	0.0026	0.0016	0.0006	0.0005	0.0001	0.0036	0.0021	0.0015	0.0000	0.0000	0.0000	0.0000	0.0000	0.0000	0.0000	0.0000	0.0000	0.0000	0.0000	0.0000	0.0000	0.0000	0.0000	0.0000	0.0000	0.0000											
75	101	0.1229	7	0	0	2	1	0	0	0	0	N	N	Y	N	N	N	N	N	N	N	N	N	0.0000	0.0000	0.0000	0.0000	0.0000	0.0000	0.0000	0.0000	0.0000	0.0000	0.0000	0.0000	0.0000	0.0000	0.0000	0.0005	0.0000	0.0014	0.0033	0.0000	0.0214	0.0000	0.0000	0.0001	inf	0.0000	0.0000	0.0000	5.8899	1.0003	3.1847	0.0000	0.0000	0.0000	0.0000	0.0000	0.0000	0.0000	0.0000	0.0000	0.0000	0.0000	0.0000	0.0000	0.0000	0.0000	0.0000	0.0000	0.0000	0.0000	0.0000	0.0000	0.0000	0.0000	0.0000	0.0000	0.0000	0.0000	0.0199	0.0123	0.0076	0.0031	0.0026	0.0005	0.0168	0.0097	0.0072	0.0000	0.0000	0.0000	0.0000	0.0000	0.0000	0.0000	0.0000	0.0000	0.0005	0.0000	0.0014	0.0033	0.0000	0.0214	0.0000	0.0000	0.0001				
75	102	0.1697	7	1	1	1	0	0	0	0	0	N	N	N	N	N	N	N	N	N	N	N	N	0.0000	0.0000	0.0000	0.0000	0.0000	0.0000	0.0000	0.0000	0.0000	0.0000	0.0000	0.0000	0.0000	0.0000	0.0000	0.0000	0.0000	0.0000	0.0000	0.0000	0.0000	0.0000	1.0003	0.0000	0.0000	0.0000	0.0000	0.0000	0.0000	0.0000	0.0000	0.0000	0.0000	0.0000	0.0000	0.0000	0.0000	0.0000	0.0000	0.0000	0.0000	0.0000	0.0000	0.0000	0.0000	0.0000	0.0000	0.0000	0.0000	0.0000	0.0000	0.0000	0.0000	0.0000	0.0000	0.0000	0.0000	0.0000	0.0000	0.0000	0.0000	0.0000	0.0000	0.0000	0.0000	0.0000	0.0000	0.0000	0.0000	0.0000	0.0000	0.0000	0.0000	0.0000	0.0000	0.0000	0.0000	0.0000											
75	103	0.0704	6	1	1	1	0	0	0	0	0	N	N	N	N	N	N	N	N	N	N	N	N	0.0000	0.0000	0.0000	0.0000	0.0000	0.0000	0.0000	0.0000	0.0000	0.0000	0.0000	0.0000	0.0000	0.0000	0.0000	0.0000	0.0000	0.0000	0.0000	0.0000	0.0000	8.0012	1.0003	14.0016	0.0000	0.0000	0.0000	0.0000	0.0000	0.0000	0.0000	0.0000	0.0000	0.0000	0.0000	0.0000	0.0000	0.0000	0.0000	0.0000	0.0000	0.0000	0.0000	0.0000	0.0000	0.0000	0.0000	0.0000	0.0000	0.0000	0.0000	0.0409	0.0247	0.0163	0.0034	0.0027	0.0007	0.0375	0.0220	0.0156	0.0000	0.0000	0.0000	0.0000	0.0000	0.0000	0.0000	0.0000	0.0000	0.0000	0.0000	0.0000	0.0000	0.0000	0.0000	0.0000	0.0000	0.0000											
75	104	0.1334	7	0	1	1	0	0	0	0	0	N	N	N	N	N	N	N	N	N	N	N	N	0.0000	0.0000	0.0000	0.0000	0.0000	0.0000	0.0000	0.0000	0.0000	0.0000	0.0000	0.0000	0.0000	0.0000	0.0000	0.0000	0.0000	0.0001	0.0000	0.0000	0.0002	0.0000	0.0000	0.0001	inf	0.0000	0.0000	0.0000	2.0010	1.0003	1.0153	0.0000	0.0000	0.0000	0.0000	0.0000	0.0000	0.0000	0.0000	0.0000	0.0000	0.0000	0.0000	0.0000	0.0000	0.0000	0.0000	0.0000	0.0000	0.0000	0.0000	0.0000	0.0000	0.0000	0.0000	0.0000	0.0000	0.0000	0.0067	0.0041	0.0025	0.0015	0.0012	0.0003	0.0051	0.0029	0.0022	0.0000	0.0000	0.0000	0.0000	0.0000	0.0000	0.0000	0.0000	0.0000	0.0000	0.0000	0.0001	0.0000	0.0000	0.0002	0.0000	0.0000	0.0001				
75	105	0.0704	6	0	1	1	0	0	0	0	0	N	N	N	N	N	N	N	N	N	N	N	N	0.0000	0.0000	0.0000	0.0000	0.0000	0.0000	0.0000	0.0000	0.0000	0.0000	0.0000	0.0000	0.0000	0.0000	0.0000	0.0000	0.0000	0.0000	0.0271	0.0000	0.0681	0.0088	0.0000	0.0441	0.0287	0.0000	0.0711	9267.9234	0.0000	0.0003	0.0000	3.0162	1.0003	11.0438	0.0000	0.0000	0.0000	0.0000	0.0000	0.0000	0.0000	0.0000	0.0000	0.0007	0.0000	0.0007	0.0000	0.0000	0.0000	0.0007	0.0000	0.0007	0.0000	0.0000	0.0000	0.0000	0.0000	0.0000	0.0000	0.0000	0.0000	0.0277	0.0167	0.0110	0.0023	0.0018	0.0005	0.0254	0.0149	0.0106	0.0000	0.0000	0.0000	0.0000	0.0000	0.0000	0.0000	0.0000	0.0000	0.0271	0.0000	0.0681	0.0088	0.0000	0.0441	0.0287	0.0000	0.0691	
75	106	0.1713	11	1	1	1	0	0	0	0	0	N	N	N	N	N	N	N	N	N	N	N	N	0.0000	0.0000	0.0000	0.0000	0.0000	0.0000	0.0000	0.0000	0.0000	0.0000	0.0000	0.0000	0.0000	0.0000	0.0000	0.0000	0.0000	0.0000	0.0000	0.0000	0.0000	1.0000	1.0003	1.0000	0.0000	0.0000	0.0000	0.0000	0.0000	0.0000	0.0000	0.0000	0.0000	0.0000	0.0000	0.0000	0.0000	0.0000	0.0000	0.0000	0.0000	0.0000	0.0000	0.0000	0.0000	0.0000	0.0000	0.0000	0.0000	0.0000	0.0000	0.0045	0.0029	0.0015	0.0015	0.0012	0.0003	0.0030	0.0017	0.0013	0.0000	0.0000	0.0000	0.0000	0.0000	0.0000	0.0000	0.0000	0.0000	0.0000	0.0000	0.0000	0.0000	0.0000	0.0000	0.0000	0.0000	0.0000											
75	107	0.1671	10	1	1	1	0	0	0	0	0	N	N	N	N	N	N	N	N	N	N	N	N	0.0000	0.0000	0.0000	0.0000	0.0000	0.0000	0.0000	0.0000	0.0000	0.0000	0.0000	0.0000	0.0000	0.0000	0.0000	0.0000	0.0000	0.0000	0.0000	0.0000	0.0000	0.0000	1.0003	0.9999	0.0000	0.0000	0.0000	0.0000	0.0000	0.0000	0.0000	0.0000	0.0000	0.0000	0.0000	0.0000	0.0000	0.0000	0.0000	0.0000	0.0000	0.0000	0.0000	0.0000	0.0000	0.0000	0.0000	0.0000	0.0000	0.0000	0.0000	0.0022	0.0014	0.0008	0.0006	0.0005	0.0001	0.0016	0.0009	0.0007	0.0000	0.0000	0.0000	0.0000	0.0000	0.0000	0.0000	0.0000	0.0000	0.0000	0.0000	0.0000	0.0000	0.0000	0.0000	0.0000	0.0000	0.0000											
75	108	0.1464	9	1	1	1	0	0	0	0	0	N	N	N	N	N	N	N	N	N	N	N	N	0.0000	0.0000	0.0000	0.0000	0.0000	0.0000	0.0000	0.0000	0.0000	0.0000	0.0000	0.0000	0.0000	0.0000	0.0000	0.0000	0.0000	0.0000	0.0000	0.0000	0.0000	0.0100	1.0003	4.8896	0.0000	0.0000	0.0000	0.0000	0.0000	0.0000	0.0000	0.0000	0.0000	0.0000	0.0000	0.0000	0.0000	0.0000	0.0000	0.0000	0.0000	0.0000	0.0000	0.0000	0.0000	0.0000	0.0000	0.0000	0.0000	0.0000	0.0000	0.0162	0.0107	0.0055	0.0049	0.0043	0.0006	0.0113	0.0064	0.0049	0.0000	0.0000	0.0000	0.0000	0.0000	0.0000	0.0000	0.0000	0.0000	0.0000	0.0000	0.0000	0.0000	0.0000	0.0000	0.0000	0.0000	0.0000											
75	109	0.1363	8	0	1	1	0	0	0	0	0	N	N	N	N	N	N	N	N	N	N	N	N	0.0000	0.0000	0.0000	0.0000	0.0000	0.0000	0.0000	0.0000	0.0000	0.0000	0.0000	0.0000	0.0000	0.0000	0.0000	0.0000	0.0000	0.0000	0.0000	0.0000	0.0000	1.0007	1.0003	1.4004	0.0000	0.0000	0.0000	0.0000	0.0000	0.0000	0.0000	0.0000	0.0000	0.0000	0.0000	0.0000	0.0000	0.0000	0.0000	0.0000	0.0000	0.0000	0.0000	0.0000	0.0000	0.0000	0.0000	0.0000	0.0000	0.0000	0.0000	0.0052	0.0032	0.0020	0.0007	0.0006	0.0001	0.0045	0.0026	0.0019	0.0000	0.0000	0.0000	0.0000	0.0000	0.0000	0.0000	0.0000	0.0000	0.0000	0.0000	0.0000	0.0000	0.0000	0.0000	0.0000	0.0000	0.0000											
75	110	0.1229	7	0	0	1	0	0	0	0	0	N	N	N	N	N	N	N	N	N	N	N	N	0.0000	0.0000	0.0000	0.0000	0.0000	0.0000	0.0000	0.0000	0.0000	0.0000	0.0000	0.0000	0.0000	0.0000	0.0000	0.0013	0.0000	0.0036	0.0066	0.0000	0.0581	0.0001	0.0000	0.0002	inf	0.0000	0.0000	0.0000	0.3039	1.0003	2.8719	0.0000	0.0000	0.0000	0.0000	0.0000	0.0000	0.0000	0.0000	0.0000	0.0000	0.0000	0.0000	0.0000	0.0000	0.0000	0.0000	0.0000	0.0000	0.0000	0.0000	0.0000	0.0000	0.0000	0.0000	0.0000	0.0000	0.0000	0.0081	0.0051	0.0031	0.0016	0.0014	0.0002	0.0066	0.0037	0.0029	0.0000	0.0000	0.0000	0.0000	0.0000	0.0000	0.0000	0.0000	0.0000	0.0013	0.0000	0.0036	0.0066	0.0000	0.0581	0.0001	0.0000	0.0002				
75	111	0.0704	6	0	0	1	0	0	0	0	0	N	N	N	N	N	N	N	N	N	N	N	N	0.0000	0.0000	0.0000	0.0000	0.0000	0.0000	0.0000	0.0000	0.0000	0.0000	0.0000	0.0000	0.0000	0.0000	0.0000	0.0000	0.0000	0.0000	0.0316	0.0007	0.0837	0.0153	0.0064	0.0511	0.0331	0.0000	0.0876	73.2509	0.0000	0.0003	0.0000	3.8240	1.0003	8.1760	0.0000	0.0000	0.0000	0.0000	0.0000	0.0000	0.0000	0.0000	0.0000	0.0008	0.0000	0.0007	0.0000	0.0000	0.0000	0.0007	0.0000	0.0007	0.0000	0.0000	0.0000	0.0000	0.0000	0.0000	0.0000	0.0000	0.0000	0.0240	0.0145	0.0095	0.0020	0.0016	0.0004	0.0220	0.0129	0.0092	0.0000	0.0000	0.0000	0.0000	0.0000	0.0000	0.0000	0.0000	0.0000	0.0316	0.0007	0.0785	0.0153	0.0064	0.0511	0.0331	0.0000	0.0797	
75	112	0.0408	5	0	0	1	0	0	0	0	0	N	N	N	N	N	N	N	N	N	N	N	N	0.0000	0.0000	0.0000	0.0000	0.0000	0.0000	0.0000	0.0000	0.0000	0.0000	0.0000	0.0000	0.0000	0.0000	0.0000	0.0000	0.0000	24.7026	0.0000	139.7877	0.2486	0.0000	11.9720	32.2701	0.0000	138.1059	80790783.6603	0.0000	0.2788	0.0000	0.0953	1.0003	6.8761	0.0000	0.0000	0.0000	0.0000	0.0000	0.0000	0.0000	0.0000	0.0000	0.6059	0.0000	0.6059	0.0007	0.0000	0.0007	0.6052	0.0000	0.6052	0.0000	0.0000	0.0000	0.0000	0.0000	0.0000	0.0000	0.0000	0.0000	0.0245	0.0159	0.0087	0.0058	0.0055	0.0002	0.0188	0.0103	0.0084	0.0000	0.0000	0.0000	0.0000	0.0000	0.0000	0.0000	0.0000	0.0000	24.7026	0.0000	69.9322	0.1294	0.0000	3.1604	32.2701	0.0000	71.8063		
75	115	0.2038	7	0	0	1	0	0	0	0	0	N	N	N	N	N	N	N	N	N	N	N	N	0.0000	0.0000	0.0000	0.0000	0.0000	0.0000	0.0000	0.0000	0.0000	0.0000	0.0000	0.0000	0.0000	0.0000	0.0000	0.0000	0.0000	0.0000	0.0402	0.0558	0.0000	0.1106	0.1534	0.0000	0.0000	0.0000	0.0000	0.0000	0.0000	-0.0017	0.0000	8.9918	1.0003	13.3277	0.0000	0.0000	0.0000	0.0000	0.0000	0.0000	0.0000	0.0000	0.0000	0.0032	0.0032	0.0000	0.0032	0.0032	0.0000	0.0000	0.0000	0.0000	0.0000	0.0000	0.0000	0.0000	0.0000	0.0000	0.0000	0.0000	0.0000	0.0800	0.0576	0.0224	0.0363	0.0313	0.0050	0.0436	0.0263	0.0174	0.0000	0.0000	0.0000	0.0000	0.0000	0.0000	0.0000	0.0000	0.0000	0.0402	0.0558	0.0000	0.0884	0.1026	0.0000	0.0000	0.0000	0.0000	
76	80	0.1271	8	0	1	1	0	0	0	0	0	N	N	N	N	N	N	N	N	N	N	N	N	0.0000	0.0000	0.0000	0.0000	0.0000	0.0000	0.0000	0.0000	0.0000	0.0000	0.0000	0.0000	0.0000	0.0000	0.0000	0.0000	0.0000	0.0000	0.0001	0.0000	0.0004	0.0000	0.0000	0.0000	1.4617	0.0000	0.0000	0.0000	2.0196	1.0076	6.0690	0.0000	0.0000	0.0000	0.0000	0.0000	0.0000	0.0000	0.0000	0.0000	0.0000	0.0000	0.0000	0.0000	0.0000	0.0000	0.0000	0.0000	0.0000	0.0000	0.0000	0.0000	0.0000	0.0000	0.0000	0.0000	0.0000	0.0000	0.0175	0.0106	0.0069	0.0012	0.0011	0.0001	0.0163	0.0095	0.0068	0.0000	0.0000	0.0000	0.0000	0.0000	0.0000	0.0000	0.0000	0.0000	0.0000	0.0000	0.0000	0.0001	0.0000	0.0004	0.0000	0.0000	0.0000				
76	81	0.1188	7	0	0	1	0	0	0	0	0	N	N	N	N	N	N	N	N	N	N	N	N	0.0000	0.0000	0.0000	0.0000	0.0000	0.0000	0.0000	0.0000	0.0000	0.0000	0.0000	0.0000	0.0000	0.0000	0.0000	0.0000	0.0000	0.0000	0.0000	0.0000	0.0002	0.0003	0.0000	0.0000	0.0000	0.0000	1.1001	0.0000	-0.0000	0.0000	0.9876	1.0076	0.9833	0.0000	0.0000	0.0000	0.0000	0.0000	0.0000	0.0000	0.0000	0.0000	0.0000	0.0000	0.0000	0.0000	0.0000	0.0000	0.0000	0.0000	0.0000	0.0000	0.0000	0.0000	0.0000	0.0000	0.0000	0.0000	0.0000	0.0000	0.0044	0.0026	0.0018	0.0002	0.0002	0.0000	0.0042	0.0024	0.0018	0.0000	0.0000	0.0000	0.0000	0.0000	0.0000	0.0000	0.0000	0.0000	0.0000	0.0000	0.0000	0.0002	0.0003	0.0000	0.0000	0.0000	0.0000		
76	82	0.1364	7	1	0	2	0	0	0	0	0	N	N	Y	N	N	N	N	N	N	N	N	N	0.0000	0.0000	0.0000	0.0000	0.0000	0.0000	0.0000	0.0000	0.0000	0.0000	0.0000	0.0000	0.0000	0.0000	0.0000	0.0000	0.0000	0.0000	0.0000	0.0000	0.0000	1.0000	1.0076	2.9874	0.0000	0.0000	0.0000	0.0000	0.0000	0.0000	0.0000	0.0000	0.0000	0.0000	0.0000	0.0000	0.0000	0.0000	0.0000	0.0000	0.0000	0.0000	0.0000	0.0000	0.0000	0.0000	0.0000	0.0000	0.0000	0.0000	0.0000	0.0083	0.0051	0.0031	0.0013	0.0010	0.0002	0.0070	0.0041	0.0029	0.0000	0.0000	0.0000	0.0000	0.0000	0.0000	0.0000	0.0000	0.0000	0.0000	0.0000	0.0000	0.0000	0.0000	0.0000	0.0000	0.0000	0.0000											
76	83	0.1082	6	1	0	2	0	0	0	0	0	N	N	Y	N	N	N	N	N	N	N	N	N	0.0000	0.0000	0.0000	0.0000	0.0000	0.0000	0.0000	0.0000	0.0000	0.0000	0.0000	0.0000	0.0000	0.0000	0.0000	0.0000	0.0000	0.0000	0.0000	0.0000	0.0000	0.9997	1.0076	6.0128	0.0000	0.0000	0.0000	0.0000	0.0000	0.0000	0.0000	0.0000	0.0000	0.0000	0.0000	0.0000	0.0000	0.0000	0.0000	0.0000	0.0000	0.0000	0.0000	0.0000	0.0000	0.0000	0.0000	0.0000	0.0000	0.0000	0.0000	0.0162	0.0085	0.0077	0.0013	0.0010	0.0003	0.0149	0.0075	0.0074	0.0000	0.0000	0.0000	0.0000	0.0000	0.0000	0.0000	0.0000	0.0000	0.0000	0.0000	0.0000	0.0000	0.0000	0.0000	0.0000	0.0000	0.0000											
76	84	0.0663	5	0	1	1	1	0	0	0	0	N	N	N	N	N	N	N	N	N	N	N	N	0.0000	0.0000	0.0000	0.0000	0.0000	0.0000	0.0000	0.0000	0.0000	0.0000	0.0000	0.0000	0.0000	0.0000	0.0000	0.0000	0.0000	0.0000	0.0000	0.0000	0.0000	8.0013	1.0076	12.0015	0.0000	0.0000	0.0000	0.0000	0.0000	0.0000	0.0000	0.0000	0.0000	0.0000	0.0000	0.0000	0.0000	0.0000	0.0000	0.0000	0.0000	0.0000	0.0000	0.0000	0.0000	0.0000	0.0000	0.0000	0.0000	0.0000	0.0000	0.0377	0.0227	0.0150	0.0027	0.0022	0.0005	0.0350	0.0205	0.0145	0.0000	0.0000	0.0000	0.0000	0.0000	0.0000	0.0000	0.0000	0.0000	0.0000	0.0000	0.0000	0.0000	0.0000	0.0000	0.0000	0.0000	0.0000											
76	85	0.1228	7	0	1	1	0	0	0	0	0	N	N	N	N	N	N	N	N	N	N	N	N	0.0000	0.0000	0.0000	0.0000	0.0000	0.0000	0.0000	0.0000	0.0000	0.0000	0.0000	0.0000	0.0000	0.0000	0.0000	0.0000	0.0000	0.0000	0.0000	0.0000	0.0000	1.0000	1.0076	6.9850	0.0000	0.0000	0.0000	0.0000	0.0000	0.0000	0.0000	0.0000	0.0000	0.0000	0.0000	0.0000	0.0000	0.0000	0.0000	0.0000	0.0000	0.0000	0.0000	0.0000	0.0000	0.0000	0.0000	0.0000	0.0000	0.0000	0.0000	0.0166	0.0098	0.0068	0.0007	0.0006	0.0001	0.0159	0.0092	0.0067	0.0000	0.0000	0.0000	0.0000	0.0000	0.0000	0.0000	0.0000	0.0000	0.0000	0.0000	0.0000	0.0000	0.0000	0.0000	0.0000	0.0000	0.0000											
76	86	0.1101	6	0	0	1	0	0	0	0	0	N	N	N	N	N	N	N	N	N	N	N	N	0.0000	0.0000	0.0000	0.0000	0.0000	0.0000	0.0000	0.0000	0.0000	0.0000	0.0000	0.0000	0.0000	0.0000	0.0000	0.0000	0.0000	0.0000	0.0000	0.0000	0.0000	1.0086	1.0076	2.0000	0.0000	0.0000	0.0000	0.0000	0.0000	0.0000	0.0000	0.0000	0.0000	0.0000	0.0000	0.0000	0.0000	0.0000	0.0000	0.0000	0.0000	0.0000	0.0000	0.0000	0.0000	0.0000	0.0000	0.0000	0.0000	0.0000	0.0000	0.0065	0.0038	0.0027	0.0003	0.0002	0.0000	0.0063	0.0036	0.0027	0.0000	0.0000	0.0000	0.0000	0.0000	0.0000	0.0000	0.0000	0.0000	0.0000	0.0000	0.0000	0.0000	0.0000	0.0000	0.0000	0.0000	0.0000											
76	87	0.1082	6	0	1	1	0	0	0	0	0	N	N	N	N	N	N	N	N	N	N	N	N	0.0000	0.0000	0.0000	0.0000	0.0000	0.0000	0.0000	0.0000	0.0000	0.0000	0.0000	0.0000	0.0000	0.0000	0.0000	0.0000	0.0000	0.0000	0.0000	0.0000	0.0000	4.0000	1.0076	7.0000	0.0000	0.0000	0.0000	0.0000	0.0000	0.0000	0.0000	0.0000	0.0000	0.0000	0.0000	0.0000	0.0000	0.0000	0.0000	0.0000	0.0000	0.0000	0.0000	0.0000	0.0000	0.0000	0.0000	0.0000	0.0000	0.0000	0.0000	0.0244	0.0129	0.0115	0.0019	0.0015	0.0004	0.0225	0.0114	0.0111	0.0000	0.0000	0.0000	0.0000	0.0000	0.0000	0.0000	0.0000	0.0000	0.0000	0.0000	0.0000	0.0000	0.0000	0.0000	0.0000	0.0000	0.0000											
76	88	0.0663	5	0	0	1	0	0	0	0	0	N	N	N	N	N	N	N	N	N	N	N	N	0.0000	0.0000	0.0000	0.0000	0.0000	0.0000	0.0000	0.0000	0.0000	0.0000	0.0000	0.0000	0.0000	0.0000	0.0000	0.0000	0.2414	0.4655	0.1045	37.3593	45.4247	0.0000	0.0397	0.0000	0.1045	0.2302	0.0000	-0.0014	0.0000	2.9985	1.0076	7.0016	0.0000	0.0000	0.0000	0.0000	0.0000	0.0000	0.0000	0.0000	0.0000	0.0040	0.0032	0.0007	0.0032	0.0032	0.0000	0.0007	0.0000	0.0007	0.0000	0.0000	0.0000	0.0000	0.0000	0.0000	0.0000	0.0000	0.0000	0.0203	0.0122	0.0081	0.0014	0.0012	0.0003	0.0188	0.0110	0.0078	0.0000	0.0000	0.0000	0.0000	0.0000	0.0000	0.0000	0.0000	0.0000	0.1971	0.2665	0.0924	2.2591	2.8176	0.0000	0.0397	0.0000	0.0958			
76	89	0.1273	8	0	1	1	0	0	0	0	0	N	N	N	N	N	N	N	N	N	N	N	N	0.0000	0.0000	0.0000	0.0000	0.0000	0.0000	0.0000	0.0000	0.0000	0.0000	0.0000	0.0000	0.0000	0.0000	0.0000	0.0000	0.0000	0.3757	0.7324	0.1165	52.9038	68.1041	0.0002	0.0421	0.0000	0.1214	0.1816	0.0000	-0.0019	0.0000	0.0157	1.0076	9.0253	0.0000	0.0000	0.0000	0.0000	0.0000	0.0000	0.0000	0.0000	0.0000	0.0049	0.0041	0.0007	0.0041	0.0041	0.0000	0.0007	0.0000	0.0007	0.0000	0.0000	0.0000	0.0000	0.0000	0.0000	0.0000	0.0000	0.0000	0.0192	0.0114	0.0078	0.0014	0.0012	0.0003	0.0177	0.0102	0.0075	0.0000	0.0000	0.0000	0.0000	0.0000	0.0000	0.0000	0.0000	0.0000	0.2531	0.3595	0.0962	2.8387	3.4537	0.0002	0.0421	0.0000	0.0995		
76	90	0.1188	7	0	1	1	0	0	0	0	0	N	N	N	N	N	N	N	N	N	N	N	N	0.0000	0.0000	0.0000	0.0000	0.0000	0.0000	0.0000	0.0000	0.0000	0.0000	0.0000	0.0000	0.0000	0.0000	0.0000	0.0000	0.0000	0.0022	0.0031	0.0008	0.0401	0.0446	0.0000	0.0004	0.0000	0.0008	0.1790	0.0000	-0.0000	0.0000	0.0169	1.0076	2.0013	0.0000	0.0000	0.0000	0.0000	0.0000	0.0000	0.0000	0.0000	0.0000	0.0000	0.0000	0.0000	0.0000	0.0000	0.0000	0.0000	0.0000	0.0000	0.0000	0.0000	0.0000	0.0000	0.0000	0.0000	0.0000	0.0000	0.0000	0.0045	0.0026	0.0018	0.0002	0.0002	0.0000	0.0043	0.0025	0.0018	0.0000	0.0000	0.0000	0.0000	0.0000	0.0000	0.0000	0.0000	0.0000	0.0022	0.0031	0.0008	0.0401	0.0446	0.0000	0.0004	0.0000	0.0008		
76	91	0.1101	6	0	0	1	0	0	0	0	0	N	N	N	N	N	N	N	N	N	N	N	N	0.0000	0.0000	0.0000	0.0000	0.0000	0.0000	0.0000	0.0000	0.0000	0.0000	0.0000	0.0000	0.0000	0.0000	0.0000	0.0000	0.0000	0.0000	0.0000	0.0002	0.0002	0.0000	0.0000	0.0000	0.0000	0.4718	0.0000	-0.0000	0.0000	1.9923	1.0076	0.0454	0.0000	0.0000	0.0000	0.0000	0.0000	0.0000	0.0000	0.0000	0.0000	0.0000	0.0000	0.0000	0.0000	0.0000	0.0000	0.0000	0.0000	0.0000	0.0000	0.0000	0.0000	0.0000	0.0000	0.0000	0.0000	0.0000	0.0000	0.0045	0.0026	0.0019	0.0002	0.0002	0.0000	0.0043	0.0025	0.0018	0.0000	0.0000	0.0000	0.0000	0.0000	0.0000	0.0000	0.0000	0.0000	0.0000	0.0000	0.0000	0.0002	0.0002	0.0000	0.0000	0.0000	0.0000			
76	92	0.0663	5	0	0	1	0	0	0	0	0	N	N	N	N	N	N	N	N	N	N	N	N	0.0000	0.0000	0.0000	0.0000	0.0000	0.0000	0.0000	0.0000	0.0000	0.0000	0.0000	0.0000	0.0000	0.0000	0.0000	0.0000	0.0000	0.0000	0.0000	0.0000	0.0000	0.0000	0.0083	0.0000	-0.0000	0.0000	1.0098	1.0076	9.0196	0.0000	0.0000	0.0000	0.0000	0.0000	0.0000	0.0000	0.0000	0.0000	0.0000	0.0000	0.0000	0.0000	0.0000	0.0000	0.0000	0.0000	0.0000	0.0000	0.0000	0.0000	0.0000	0.0000	0.0000	0.0000	0.0000	0.0000	0.0203	0.0122	0.0081	0.0014	0.0012	0.0003	0.0189	0.0111	0.0078	0.0000	0.0000	0.0000	0.0000	0.0000	0.0000	0.0000	0.0000	0.0000	0.0000	0.0000	0.0000	0.0000	0.0000	0.0000	0.0000	0.0000	0.0000						
76	93	0.1630	10	1	1	1	1	0	0	0	0	N	N	N	N	N	N	N	N	N	N	N	N	0.0000	0.0000	0.0000	0.0000	0.0000	0.0000	0.0000	0.0000	0.0000	0.0000	0.0000	0.0000	0.0000	0.0000	0.0000	0.0000	0.0000	0.0000	0.0000	0.0000	0.0000	0.0000	1.0076	0.0000	0.0000	0.0000	0.0000	0.0000	0.0000	0.0000	0.0000	0.0000	0.0000	0.0000	0.0000	0.0000	0.0000	0.0000	0.0000	0.0000	0.0000	0.0000	0.0000	0.0000	0.0000	0.0000	0.0000	0.0000	0.0000	0.0000	0.0000	0.0000	0.0000	0.0000	0.0000	0.0000	0.0000	0.0000	0.0000	0.0000	0.0000	0.0000	0.0000	0.0000	0.0000	0.0000	0.0000	0.0000	0.0000	0.0000	0.0000	0.0000	0.0000	0.0000	0.0000	0.0000	0.0000	0.0000											
76	94	0.1630	9	1	1	1	1	0	0	0	0	N	N	N	N	N	N	N	N	N	N	N	N	0.0000	0.0000	0.0000	0.0000	0.0000	0.0000	0.0000	0.0000	0.0000	0.0000	0.0000	0.0000	0.0000	0.0000	0.0000	0.0000	0.0000	0.0000	0.0000	0.0000	0.0000	0.0000	1.0076	0.0001	0.0000	0.0000	0.0000	0.0000	0.0000	0.0000	0.0000	0.0000	0.0000	0.0000	0.0000	0.0000	0.0000	0.0000	0.0000	0.0000	0.0000	0.0000	0.0000	0.0000	0.0000	0.0000	0.0000	0.0000	0.0000	0.0000	0.0000	0.0000	0.0000	0.0000	0.0000	0.0000	0.0000	0.0000	0.0000	0.0000	0.0000	0.0000	0.0000	0.0000	0.0000	0.0000	0.0000	0.0000	0.0000	0.0000	0.0000	0.0000	0.0000	0.0000	0.0000	0.0000	0.0000	0.0000											
76	95	0.1451	8	0	1	1	1	0	0	0	0	N	N	N	N	N	N	N	N	N	N	N	N	0.0000	0.0000	0.0000	0.0000	0.0000	0.0000	0.0000	0.0000	0.0000	0.0000	0.0000	0.0000	0.0000	0.0000	0.0000	0.0000	0.0000	0.0000	0.0000	0.0000	0.0000	0.9845	1.0076	0.9903	0.0000	0.0000	0.0000	0.0000	0.0000	0.0000	0.0000	0.0000	0.0000	0.0000	0.0000	0.0000	0.0000	0.0000	0.0000	0.0000	0.0000	0.0000	0.0000	0.0000	0.0000	0.0000	0.0000	0.0000	0.0000	0.0000	0.0000	0.0045	0.0028	0.0017	0.0006	0.0005	0.0001	0.0039	0.0023	0.0016	0.0000	0.0000	0.0000	0.0000	0.0000	0.0000	0.0000	0.0000	0.0000	0.0000	0.0000	0.0000	0.0000	0.0000	0.0000	0.0000	0.0000	0.0000											
76	96	0.1423	8	0	1	1	0	0	0	0	0	N	N	N	N	N	N	N	N	N	N	N	N	0.0000	0.0000	0.0000	0.0000	0.0000	0.0000	0.0000	0.0000	0.0000	0.0000	0.0000	0.0000	0.0000	0.0000	0.0000	0.0000	0.0000	0.0000	0.0000	0.0000	0.0000	1.0063	1.0076	3.7812	0.0000	0.0000	0.0000	0.0000	0.0000	0.0000	0.0000	0.0000	0.0000	0.0000	0.0000	0.0000	0.0000	0.0000	0.0000	0.0000	0.0000	0.0000	0.0000	0.0000	0.0000	0.0000	0.0000	0.0000	0.0000	0.0000	0.0000	0.0160	0.0106	0.0054	0.0050	0.0043	0.0007	0.0110	0.0063	0.0048	0.0000	0.0000	0.0000	0.0000	0.0000	0.0000	0.0000	0.0000	0.0000	0.0000	0.0000	0.0000	0.0000	0.0000	0.0000	0.0000	0.0000	0.0000											
76	97	0.1451	8	0	0	2	1	0	0	0	0	N	N	Y	N	N	N	N	N	N	N	N	N	0.0000	0.0000	0.0000	0.0000	0.0000	0.0000	0.0000	0.0000	0.0000	0.0000	0.0000	0.0000	0.0000	0.0000	0.0000	0.0000	0.0000	0.0000	0.0000	0.0000	0.0000	1.0165	1.0076	1.0129	0.0000	0.0000	0.0000	0.0000	0.0000	0.0000	0.0000	0.0000	0.0000	0.0000	0.0000	0.0000	0.0000	0.0000	0.0000	0.0000	0.0000	0.0000	0.0000	0.0000	0.0000	0.0000	0.0000	0.0000	0.0000	0.0000	0.0000	0.0046	0.0029	0.0017	0.0006	0.0005	0.0001	0.0040	0.0023	0.0016	0.0000	0.0000	0.0000	0.0000	0.0000	0.0000	0.0000	0.0000	0.0000	0.0000	0.0000	0.0000	0.0000	0.0000	0.0000	0.0000	0.0000	0.0000											
76	98	0.1322	7	0	0	1	1	0	0	0	0	N	N	N	N	N	N	N	N	N	N	N	N	0.0000	0.0000	0.0000	0.0000	0.0000	0.0000	0.0000	0.0000	0.0000	0.0000	0.0000	0.0000	0.0000	0.0000	0.0000	0.0000	0.0000	0.0000	0.0000	0.0000	0.0000	2.0241	1.0076	1.0265	0.0000	0.0000	0.0000	0.0000	0.0000	0.0000	0.0000	0.0000	0.0000	0.0000	0.0000	0.0000	0.0000	0.0000	0.0000	0.0000	0.0000	0.0000	0.0000	0.0000	0.0000	0.0000	0.0000	0.0000	0.0000	0.0000	0.0000	0.0066	0.0041	0.0025	0.0010	0.0008	0.0002	0.0056	0.0033	0.0023	0.0000	0.0000	0.0000	0.0000	0.0000	0.0000	0.0000	0.0000	0.0000	0.0000	0.0000	0.0000	0.0000	0.0000	0.0000	0.0000	0.0000	0.0000											
76	99	0.1322	7	0	0	2	1	0	0	0	0	N	N	Y	N	N	N	N	N	N	N	N	N	0.0000	0.0000	0.0000	0.0000	0.0000	0.0000	0.0000	0.0000	0.0000	0.0000	0.0000	0.0000	0.0000	0.0000	0.0000	0.0000	0.0000	0.0000	0.0000	0.0000	0.0000	3.0066	1.0076	0.0000	0.0000	0.0000	0.0000	0.0000	0.0000	0.0000	0.0000	0.0000	0.0000	0.0000	0.0000	0.0000	0.0000	0.0000	0.0000	0.0000	0.0000	0.0000	0.0000	0.0000	0.0000	0.0000	0.0000	0.0000	0.0000	0.0000	0.0000	0.0065	0.0040	0.0025	0.0010	0.0008	0.0002	0.0055	0.0032	0.0023	0.0000	0.0000	0.0000	0.0000	0.0000	0.0000	0.0000	0.0000	0.0000	0.0000	0.0000	0.0000	0.0000	0.0000	0.0000	0.0000	0.0000	0.0000											
76	100	0.1579	7	0	0	2	1	0	0	0	0	N	N	Y	N	N	N	N	N	N	N	N	N	0.0000	0.0000	0.0000	0.0000	0.0000	0.0000	0.0000	0.0000	0.0000	0.0000	0.0000	0.0000	0.0000	0.0000	0.0000	0.0000	0.0000	0.0000	0.0000	0.0000	0.0000	0.0000	1.0076	2.0000	0.0000	0.0000	0.0000	0.0000	0.0000	0.0000	0.0000	0.0000	0.0000	0.0000	0.0000	0.0000	0.0000	0.0000	0.0000	0.0000	0.0000	0.0000	0.0000	0.0000	0.0000	0.0000	0.0000	0.0000	0.0000	0.0000	0.0000	0.0042	0.0026	0.0016	0.0006	0.0005	0.0001	0.0036	0.0021	0.0015	0.0000	0.0000	0.0000	0.0000	0.0000	0.0000	0.0000	0.0000	0.0000	0.0000	0.0000	0.0000	0.0000	0.0000	0.0000	0.0000	0.0000	0.0000											
76	101	0.1189	6	0	0	2	1	0	0	0	0	N	N	Y	N	N	N	N	N	N	N	N	N	0.0000	0.0000	0.0000	0.0000	0.0000	0.0000	0.0000	0.0000	0.0000	0.0000	0.0000	0.0000	0.0000	0.0000	0.0000	0.0000	0.0000	0.0000	0.0592	0.0000	0.1961	0.1185	0.0000	0.8891	0.0531	0.0000	0.1560	15968.5440	0.0000	0.0005	0.0000	5.8899	1.0076	3.1847	0.0000	0.0000	0.0000	0.0000	0.0000	0.0000	0.0000	0.0000	0.0000	0.0012	0.0000	0.0012	0.0003	0.0000	0.0003	0.0009	0.0000	0.0009	0.0000	0.0000	0.0000	0.0000	0.0000	0.0000	0.0000	0.0000	0.0000	0.0199	0.0123	0.0076	0.0032	0.0026	0.0005	0.0167	0.0096	0.0071	0.0000	0.0000	0.0000	0.0000	0.0000	0.0000	0.0000	0.0000	0.0000	0.0592	0.0000	0.1547	0.0914	0.0000	0.5537	0.0531	0.0000	0.1252	
76	102	0.1656	6	1	1	1	0	0	0	0	0	N	N	N	N	N	N	N	N	N	N	N	N	0.0000	0.0000	0.0000	0.0000	0.0000	0.0000	0.0000	0.0000	0.0000	0.0000	0.0000	0.0000	0.0000	0.0000	0.0000	0.0000	0.0000	0.0000	0.0000	0.0000	0.0000	0.0000	1.0076	0.0000	0.0000	0.0000	0.0000	0.0000	0.0000	0.0000	0.0000	0.0000	0.0000	0.0000	0.0000	0.0000	0.0000	0.0000	0.0000	0.0000	0.0000	0.0000	0.0000	0.0000	0.0000	0.0000	0.0000	0.0000	0.0000	0.0000	0.0000	0.0000	0.0000	0.0000	0.0000	0.0000	0.0000	0.0000	0.0000	0.0000	0.0000	0.0000	0.0000	0.0000	0.0000	0.0000	0.0000	0.0000	0.0000	0.0000	0.0000	0.0000	0.0000	0.0000	0.0000	0.0000	0.0000	0.0000											
76	103	0.0663	5	1	1	1	0	0	0	0	0	N	N	N	N	N	N	N	N	N	N	N	N	0.0000	0.0000	0.0000	0.0000	0.0000	0.0000	0.0000	0.0000	0.0000	0.0000	0.0000	0.0000	0.0000	0.0000	0.0000	0.0000	0.0000	0.0000	0.0000	0.0000	0.0000	8.0012	1.0076	14.0016	0.0000	0.0000	0.0000	0.0000	0.0000	0.0000	0.0000	0.0000	0.0000	0.0000	0.0000	0.0000	0.0000	0.0000	0.0000	0.0000	0.0000	0.0000	0.0000	0.0000	0.0000	0.0000	0.0000	0.0000	0.0000	0.0000	0.0000	0.0409	0.0246	0.0163	0.0030	0.0024	0.0006	0.0379	0.0222	0.0157	0.0000	0.0000	0.0000	0.0000	0.0000	0.0000	0.0000	0.0000	0.0000	0.0000	0.0000	0.0000	0.0000	0.0000	0.0000	0.0000	0.0000	0.0000											
76	104	0.1293	6	0	1	1	0	0	0	0	0	N	N	N	N	N	N	N	N	N	N	N	N	0.0000	0.0000	0.0000	0.0000	0.0000	0.0000	0.0000	0.0000	0.0000	0.0000	0.0000	0.0000	0.0000	0.0000	0.0000	0.0000	0.0000	0.0000	0.0434	0.0000	0.1336	0.0511	0.0000	0.2264	0.0410	0.0000	0.1038	10754.4641	0.0000	0.0001	0.0000	2.0010	1.0076	1.0153	0.0000	0.0000	0.0000	0.0000	0.0000	0.0000	0.0000	0.0000	0.0000	0.0003	0.0000	0.0003	0.0001	0.0000	0.0001	0.0002	0.0000	0.0002	0.0000	0.0000	0.0000	0.0000	0.0000	0.0000	0.0000	0.0000	0.0000	0.0067	0.0041	0.0025	0.0016	0.0012	0.0004	0.0051	0.0029	0.0022	0.0000	0.0000	0.0000	0.0000	0.0000	0.0000	0.0000	0.0000	0.0000	0.0434	0.0000	0.1138	0.0511	0.0000	0.2264	0.0410	0.0000	0.0957	
76	105	0.0663	5	0	1	1	0	0	0	0	0	N	N	N	N	N	N	N	N	N	N	N	N	0.0000	0.0000	0.0000	0.0000	0.0000	0.0000	0.0000	0.0000	0.0000	0.0000	0.0000	0.0000	0.0000	0.0000	0.0000	0.0000	0.0000	0.0000	36.6116	0.0061	232.3566	0.0207	0.0005	0.1015	38.8581	0.0066	233.8677	9917.7763	0.0000	0.4591	0.0000	3.0162	1.0076	11.0438	0.0000	0.0000	0.0000	0.0000	0.0000	0.0000	0.0000	0.0000	0.0000	0.9981	0.0001	0.9980	0.0000	0.0000	0.0000	0.9980	0.0001	0.9979	0.0000	0.0000	0.0000	0.0000	0.0000	0.0000	0.0000	0.0000	0.0000	0.0277	0.0166	0.0110	0.0020	0.0016	0.0004	0.0257	0.0150	0.0106	0.0000	0.0000	0.0000	0.0000	0.0000	0.0000	0.0000	0.0000	0.0000	36.0873	0.0061	90.4629	0.0207	0.0005	0.1015	38.8581	0.0066	93.8069	
76	106	0.1672	10	1	1	1	0	0	0	0	0	N	N	N	N	N	N	N	N	N	N	N	N	0.0000	0.0000	0.0000	0.0000	0.0000	0.0000	0.0000	0.0000	0.0000	0.0000	0.0000	0.0000	0.0000	0.0000	0.0000	0.0000	0.0000	0.0000	0.0000	0.0000	0.0000	1.0000	1.0076	1.0000	0.0000	0.0000	0.0000	0.0000	0.0000	0.0000	0.0000	0.0000	0.0000	0.0000	0.0000	0.0000	0.0000	0.0000	0.0000	0.0000	0.0000	0.0000	0.0000	0.0000	0.0000	0.0000	0.0000	0.0000	0.0000	0.0000	0.0000	0.0045	0.0029	0.0015	0.0015	0.0012	0.0003	0.0029	0.0017	0.0012	0.0000	0.0000	0.0000	0.0000	0.0000	0.0000	0.0000	0.0000	0.0000	0.0000	0.0000	0.0000	0.0000	0.0000	0.0000	0.0000	0.0000	0.0000											
76	107	0.1630	9	1	1	1	0	0	0	0	0	N	N	N	N	N	N	N	N	N	N	N	N	0.0000	0.0000	0.0000	0.0000	0.0000	0.0000	0.0000	0.0000	0.0000	0.0000	0.0000	0.0000	0.0000	0.0000	0.0000	0.0000	0.0000	0.0000	0.0000	0.0000	0.0000	0.0000	1.0076	0.9999	0.0000	0.0000	0.0000	0.0000	0.0000	0.0000	0.0000	0.0000	0.0000	0.0000	0.0000	0.0000	0.0000	0.0000	0.0000	0.0000	0.0000	0.0000	0.0000	0.0000	0.0000	0.0000	0.0000	0.0000	0.0000	0.0000	0.0000	0.0022	0.0014	0.0008	0.0006	0.0005	0.0001	0.0016	0.0009	0.0007	0.0000	0.0000	0.0000	0.0000	0.0000	0.0000	0.0000	0.0000	0.0000	0.0000	0.0000	0.0000	0.0000	0.0000	0.0000	0.0000	0.0000	0.0000											
76	108	0.1423	8	1	1	1	0	0	0	0	0	N	N	N	N	N	N	N	N	N	N	N	N	0.0000	0.0000	0.0000	0.0000	0.0000	0.0000	0.0000	0.0000	0.0000	0.0000	0.0000	0.0000	0.0000	0.0000	0.0000	0.0000	0.0000	0.0000	0.0000	0.0000	0.0000	0.0100	1.0076	4.8896	0.0000	0.0000	0.0000	0.0000	0.0000	0.0000	0.0000	0.0000	0.0000	0.0000	0.0000	0.0000	0.0000	0.0000	0.0000	0.0000	0.0000	0.0000	0.0000	0.0000	0.0000	0.0000	0.0000	0.0000	0.0000	0.0000	0.0000	0.0162	0.0107	0.0055	0.0050	0.0043	0.0007	0.0112	0.0064	0.0048	0.0000	0.0000	0.0000	0.0000	0.0000	0.0000	0.0000	0.0000	0.0000	0.0000	0.0000	0.0000	0.0000	0.0000	0.0000	0.0000	0.0000	0.0000											
76	109	0.1322	7	0	1	1	0	0	0	0	0	N	N	N	N	N	N	N	N	N	N	N	N	0.0000	0.0000	0.0000	0.0000	0.0000	0.0000	0.0000	0.0000	0.0000	0.0000	0.0000	0.0000	0.0000	0.0000	0.0000	0.0000	0.0000	0.0000	0.0000	0.0000	0.0000	1.0007	1.0076	1.4004	0.0000	0.0000	0.0000	0.0000	0.0000	0.0000	0.0000	0.0000	0.0000	0.0000	0.0000	0.0000	0.0000	0.0000	0.0000	0.0000	0.0000	0.0000	0.0000	0.0000	0.0000	0.0000	0.0000	0.0000	0.0000	0.0000	0.0000	0.0052	0.0032	0.0020	0.0008	0.0006	0.0002	0.0044	0.0026	0.0018	0.0000	0.0000	0.0000	0.0000	0.0000	0.0000	0.0000	0.0000	0.0000	0.0000	0.0000	0.0000	0.0000	0.0000	0.0000	0.0000	0.0000	0.0000											
76	110	0.1189	6	0	0	1	0	0	0	0	0	N	N	N	N	N	N	N	N	N	N	N	N	0.0000	0.0000	0.0000	0.0000	0.0000	0.0000	0.0000	0.0000	0.0000	0.0000	0.0000	0.0000	0.0000	0.0000	0.0000	0.0000	0.0000	0.0000	0.1531	0.0000	0.5248	0.5436	0.0000	1.6425	0.1357	0.0000	0.4206	15968.5440	0.0000	0.0005	0.0000	0.3039	1.0076	2.8719	0.0000	0.0000	0.0000	0.0000	0.0000	0.0000	0.0000	0.0000	0.0000	0.0012	0.0000	0.0012	0.0003	0.0000	0.0003	0.0009	0.0000	0.0009	0.0000	0.0000	0.0000	0.0000	0.0000	0.0000	0.0000	0.0000	0.0000	0.0081	0.0051	0.0031	0.0016	0.0014	0.0002	0.0065	0.0037	0.0029	0.0000	0.0000	0.0000	0.0000	0.0000	0.0000	0.0000	0.0000	0.0000	0.1449	0.0000	0.3858	0.1829	0.0000	1.5023	0.1357	0.0000	0.3106	
76	111	0.0663	5	0	0	1	0	0	0	0	0	N	N	N	N	N	N	N	N	N	N	N	N	0.0000	0.0000	0.0000	0.0000	0.0000	0.0000	0.0000	0.0000	0.0000	0.0000	0.0000	0.0000	0.0000	0.0000	0.0000	0.0000	0.0000	0.0000	41.6159	0.0215	245.3612	0.0239	0.0006	0.1178	44.8004	0.0237	244.8111	3213.3779	0.0000	0.4585	0.0000	3.8240	1.0076	8.1760	0.0000	0.0000	0.0000	0.0000	0.0000	0.0000	0.0000	0.0000	0.0000	0.9974	0.0003	0.9971	0.0000	0.0000	0.0000	0.9974	0.0003	0.9970	0.0000	0.0000	0.0000	0.0000	0.0000	0.0000	0.0000	0.0000	0.0000	0.0240	0.0144	0.0096	0.0017	0.0014	0.0003	0.0223	0.0130	0.0092	0.0000	0.0000	0.0000	0.0000	0.0000	0.0000	0.0000	0.0000	0.0000	41.6159	0.0215	104.2847	0.0239	0.0006	0.1178	44.8004	0.0237	108.1139	
76	112	0.0367	4	0	0	1	0	0	0	0	0	N	N	N	N	N	N	N	N	N	N	N	N	0.0000	0.0000	0.0000	0.0000	0.0000	0.0000	0.0000	0.0000	0.0000	0.0000	0.0000	0.0000	0.0000	0.0000	0.0000	0.0000	0.0000	0.1096	0.0317	0.3421	0.1546	0.1584	0.0128	0.1110	0.0000	0.3496	4.2250	0.0000	0.0007	0.0000	0.0953	1.0076	6.8761	0.0000	0.0000	0.0000	0.0000	0.0000	0.0000	0.0000	0.0000	0.0000	0.0024	0.0005	0.0020	0.0005	0.0005	0.0000	0.0020	0.0000	0.0020	0.0000	0.0000	0.0000	0.0000	0.0000	0.0000	0.0000	0.0000	0.0000	0.0223	0.0147	0.0075	0.0045	0.0043	0.0002	0.0178	0.0104	0.0073	0.0000	0.0000	0.0000	0.0000	0.0000	0.0000	0.0000	0.0000	0.0000	0.1096	0.0317	0.2617	0.1043	0.1086	0.0128	0.1110	0.0000	0.2686		
76	115	0.1997	6	0	0	1	0	0	0	0	0	N	N	N	N	N	N	N	N	N	N	N	N	0.0000	0.0000	0.0000	0.0000	0.0000	0.0000	0.0000	0.0000	0.0000	0.0000	0.0000	0.0000	0.0000	0.0000	0.0000	0.0000	0.0000	0.0000	0.0522	0.0654	0.0184	0.1548	0.1997	0.0005	0.0093	0.0000	0.0234	0.1095	0.0000	-0.0019	0.0000	8.9918	1.0076	13.3277	0.0000	0.0000	0.0000	0.0000	0.0000	0.0000	0.0000	0.0000	0.0000	0.0042	0.0038	0.0004	0.0038	0.0038	0.0000	0.0004	0.0000	0.0004	0.0000	0.0000	0.0000	0.0000	0.0000	0.0000	0.0000	0.0000	0.0000	0.0803	0.0578	0.0225	0.0362	0.0312	0.0049	0.0441	0.0266	0.0176	0.0000	0.0000	0.0000	0.0000	0.0000	0.0000	0.0000	0.0000	0.0000	0.0522	0.0654	0.0184	0.1046	0.1210	0.0005	0.0093	0.0000	0.0234	
77	80	0.1229	7	0	1	0	0	0	0	0	0	N	N	N	N	N	N	N	N	N	N	N	N	0.7347	0.0000	2.9865	0.0000	0.0000	0.0000	2.3234	5.5911	0.0000	0.0000	0.0000	0.0000	0.0000	0.0000	0.0000	0.0000	0.0001	0.0000	0.0000	0.0000	0.0001	0.0000	0.0006	0.0000	0.0000	0.0000	inf	5.8989	0.0000	0.0000	0.0026	2.0196	0.9924	6.0690	0.0000	0.0000	0.0000	0.0000	0.0000	0.0000	0.0000	0.0000	0.0000	0.0000	0.0000	0.0000	0.0000	0.0000	0.0000	0.0000	0.0000	0.0000	0.0002	0.0002	0.0000	0.0001	0.0001	0.0000	0.0001	0.0001	0.0000	0.0173	0.0104	0.0069	0.0012	0.0011	0.0001	0.0161	0.0093	0.0068	0.7347	0.0000	2.9865	0.0000	0.0000	0.0000	2.3234	0.0000	5.5911	0.0000	0.0000	0.0000	0.0001	0.0000	0.0006	0.0000	0.0000	0.0000	
77	81	0.1147	6	0	0	0	0	0	0	0	0	N	N	N	N	N	N	N	N	N	N	N	N	82.6598	48.4277	770.0049	10.3085	9.3523	129.4643	0.0000	805.9195	0.0031	0.0029	0.0050	0.0072	0.0072	0.0000	0.0009	0.0000	0.0050	0.0000	0.0001	0.0000	0.0007	0.0008	0.0000	0.0000	0.0000	0.0000	0.2352	0.0746	-0.0000	-0.0000	0.0026	0.9876	0.9924	0.9833	0.0000	0.0000	0.0000	0.0000	0.0000	0.0000	0.0000	0.0000	0.0000	0.0000	0.0000	0.0000	0.0000	0.0000	0.0000	0.0000	0.0000	0.0000	0.0001	0.0001	0.0000	0.0000	0.0000	0.0000	0.0001	0.0001	0.0000	0.0043	0.0025	0.0018	0.0002	0.0002	0.0000	0.0041	0.0024	0.0017	82.6598	48.4277	770.0049	10.3085	9.3523	0.0000	129.4643	0.0000	805.9195	0.0000	0.0001	0.0000	0.0007	0.0008	0.0000	0.0000	0.0000	0.0000	
77	82	0.1323	6	1	0	1	0	0	0	0	0	N	N	N	N	N	N	N	N	N	N	N	N	inf	inf	inf	inf	inf	inf	7.0321	7.8390	0.0000	0.0052	0.0053	0.0000	11.0325	13.1217	0.0000	0.0000	0.0000	0.0000	0.0000	0.0000	0.0000	0.0000	0.0000	0.0000	0.0000	-0.0004	0.0000	0.0026	1.0000	0.9924	2.9874	0.0008	0.0008	0.0000	0.0000	0.0000	0.0000	0.0008	0.0008	0.0000	0.0000	0.0000	0.0000	0.0000	0.0000	0.0000	0.0000	0.0000	0.0000	0.0001	0.0001	0.0000	0.0000	0.0000	0.0000	0.0001	0.0001	0.0000	0.0082	0.0051	0.0031	0.0012	0.0010	0.0002	0.0069	0.0040	0.0029	inf	inf	0.0000	inf	inf	0.0000	inf	inf	0.0000	0.0000	0.0000	0.0000	0.0000	0.0000	0.0000	0.0000	0.0000	0.0000				
77	83	0.1040	5	1	0	1	0	0	0	0	0	N	N	N	N	N	N	N	N	N	N	N	N	inf	inf	inf	inf	7.5201	8.3761	0.0000	22.1311	22.1791	0.0000	0.0000	0.0000	0.0000	0.0000	0.0000	0.0000	0.0000	0.0000	0.0000	0.0000	0.0000	0.0000	0.0000	-0.0004	0.0000	0.0026	0.9997	0.9924	6.0128	0.0008	0.0008	0.0000	0.0008	0.0008	0.0000	0.0000	0.0000	0.0000	0.0000	0.0000	0.0000	0.0000	0.0000	0.0000	0.0000	0.0000	0.0000	0.0001	0.0001	0.0000	0.0000	0.0000	0.0000	0.0001	0.0001	0.0000	0.0159	0.0084	0.0076	0.0012	0.0010	0.0003	0.0147	0.0074	0.0073	inf	inf	0.0000	inf	inf	0.0000	0.0000	0.0000	0.0000	0.0000	0.0000	0.0000	0.0000	0.0000	0.0000	0.0000	0.0000	0.0000						
77	84	0.0622	4	0	1	0	1	0	0	0	0	N	N	N	N	N	N	N	N	N	N	N	N	1.1958	3.1831	0.0000	0.9553	0.7630	0.0000	0.0000	0.0013	0.0014	0.0000	0.0036	0.0036	0.0000	0.0000	0.0000	0.0000	0.0011	0.0004	0.0020	0.0038	0.0048	0.0000	0.0009	0.0000	0.0021	0.0000	3.0000	-0.0000	0.0000	0.0026	8.0013	0.9924	12.0015	0.0000	0.0000	0.0000	0.0000	0.0000	0.0000	0.0000	0.0000	0.0000	0.0000	0.0000	0.0000	0.0000	0.0000	0.0000	0.0000	0.0000	0.0000	0.0009	0.0008	0.0001	0.0003	0.0003	0.0000	0.0005	0.0005	0.0001	0.0371	0.0223	0.0148	0.0026	0.0021	0.0005	0.0345	0.0202	0.0143	1.1958	3.1831	0.0000	0.9553	0.7630	0.0000	0.0000	0.0000	0.0000	0.0011	0.0004	0.0020	0.0038	0.0048	0.0000	0.0009	0.0000	0.0021		
77	85	0.1187	6	0	1	0	0	0	0	0	0	N	N	N	N	N	N	N	N	N	N	N	N	0.0000	0.0000	0.0000	0.0000	0.0000	0.0000	0.0000	0.0000	0.0000	0.0000	0.0000	0.0000	0.0000	0.0000	0.0000	0.0000	0.0012	0.0010	0.0015	0.0144	0.0162	0.0000	0.0006	0.0000	0.0015	1.0000	0.0000	-0.0000	0.0026	1.0000	0.9924	6.9850	0.0000	0.0000	0.0000	0.0000	0.0000	0.0000	0.0000	0.0000	0.0000	0.0000	0.0000	0.0000	0.0000	0.0000	0.0000	0.0000	0.0000	0.0000	0.0001	0.0001	0.0000	0.0000	0.0000	0.0000	0.0001	0.0001	0.0000	0.0164	0.0096	0.0067	0.0007	0.0006	0.0001	0.0157	0.0090	0.0067	0.0000	0.0000	0.0000	0.0000	0.0000	0.0000	0.0000	0.0000	0.0000	0.0012	0.0010	0.0015	0.0144	0.0162	0.0000	0.0006	0.0000	0.0015			
77	86	0.1059	5	0	0	0	0	0	0	0	0	N	N	N	N	N	N	N	N	N	N	N	N	4796.4113	inf	10698.2281	2518.7814	inf	inf	6960.0352	10746.0880	0.0458	0.0046	0.2445	0.0103	0.0098	0.1669	0.0681	0.0000	0.2450	0.0000	0.0000	0.0000	0.0000	0.0000	0.0000	0.0000	0.0000	0.0000	11.1084	inf	0.0000	0.0000	0.0026	1.0086	0.9924	2.0000	0.0000	0.0000	0.0000	0.0000	0.0000	0.0000	0.0000	0.0000	0.0000	0.0000	0.0000	0.0000	0.0000	0.0000	0.0000	0.0000	0.0000	0.0000	0.0001	0.0001	0.0000	0.0001	0.0001	0.0000	0.0001	0.0001	0.0000	0.0065	0.0038	0.0027	0.0003	0.0002	0.0000	0.0062	0.0035	0.0027	4796.4113	inf	10698.2281	2518.7814	inf	inf	6960.0352	0.0000	10746.0880	0.0000	0.0000	0.0000	0.0000	0.0000	0.0000	0.0000	0.0000	0.0000	
77	87	0.1040	5	0	1	0	0	0	0	0	0	N	N	N	N	N	N	N	N	N	N	N	N	inf	inf	inf	inf	1.9319	2.1472	0.0000	5.6804	5.6929	0.0000	0.0000	0.0000	0.0000	0.0000	0.0000	0.0000	0.0000	0.0000	0.0000	0.0000	0.0000	0.0000	0.0000	-0.0004	0.0000	0.0026	4.0000	0.9924	7.0000	0.0008	0.0008	0.0000	0.0008	0.0008	0.0000	0.0000	0.0000	0.0000	0.0000	0.0000	0.0000	0.0000	0.0000	0.0000	0.0000	0.0000	0.0000	0.0004	0.0004	0.0000	0.0001	0.0001	0.0000	0.0003	0.0002	0.0000	0.0241	0.0127	0.0113	0.0019	0.0015	0.0004	0.0222	0.0112	0.0109	inf	inf	0.0000	inf	inf	0.0000	0.0000	0.0000	0.0000	0.0000	0.0000	0.0000	0.0000	0.0000	0.0000	0.0000	0.0000	0.0000						
77	88	0.0622	4	0	0	0	0	0	0	0	0	N	N	N	N	N	N	N	N	N	N	N	N	27.3319	0.0000	162.2491	0.0000	0.0000	69.7528	144.4837	2.3647	0.0000	22.7323	0.0000	0.0000	0.0000	3.6755	0.0000	22.9502	0.0865	0.0625	0.1401	5.0812	6.7200	0.0000	0.0527	0.0000	0.1588	inf	1.3070	0.0004	0.0000	0.0026	2.9985	0.9924	7.0016	0.0008	0.0000	0.0008	0.0000	0.0000	0.0000	0.0008	0.0000	0.0008	0.0017	0.0007	0.0010	0.0007	0.0007	0.0000	0.0010	0.0000	0.0010	0.0003	0.0003	0.0000	0.0001	0.0001	0.0000	0.0002	0.0002	0.0000	0.0200	0.0120	0.0080	0.0014	0.0011	0.0003	0.0186	0.0109	0.0077	27.3319	0.0000	185.5744	0.0000	0.0000	0.0000	69.7528	0.0000	180.7974	0.0865	0.0625	0.1225	0.5372	0.6720	0.0000	0.0527	0.0000	0.1269		
77	89	0.1232	7	0	1	0	0	0	0	0	0	N	N	N	N	N	N	N	N	N	N	N	N	0.0000	0.0000	0.0000	0.0000	0.0000	0.0000	0.0000	0.0000	0.0000	0.0000	0.0000	0.0000	0.0000	0.0000	0.0000	0.0000	0.0000	0.0000	0.1480	0.0710	0.3392	5.8497	6.7225	0.0006	0.1054	0.0010	0.3462	2.3012	0.0000	0.0004	0.0026	0.0157	0.9924	9.0253	0.0000	0.0000	0.0000	0.0000	0.0000	0.0000	0.0000	0.0000	0.0000	0.0026	0.0008	0.0018	0.0008	0.0008	0.0000	0.0018	0.0000	0.0018	0.0000	0.0000	0.0000	0.0000	0.0000	0.0000	0.0000	0.0000	0.0000	0.0189	0.0112	0.0077	0.0014	0.0012	0.0003	0.0175	0.0101	0.0074	0.0000	0.0000	0.0000	0.0000	0.0000	0.0000	0.0000	0.0000	0.0000	0.1393	0.0710	0.2395	0.5611	0.6843	0.0006	0.1054	0.0010	0.2477	
77	90	0.1147	6	0	1	0	0	0	0	0	0	N	N	N	N	N	N	N	N	N	N	N	N	86.7282	172.6290	36.7759	25.0357	22.5725	38.6543	0.0000	36.4843	0.1040	0.1160	0.0723	0.2025	0.2029	0.0000	0.0340	0.0000	0.0725	0.0012	0.0007	0.0020	0.0081	0.0090	0.0000	0.0009	0.0001	0.0020	0.2363	2.0112	-0.0000	0.0000	0.0026	0.0169	0.9924	2.0013	0.0000	0.0000	0.0000	0.0000	0.0000	0.0000	0.0000	0.0000	0.0000	0.0000	0.0000	0.0000	0.0000	0.0000	0.0000	0.0000	0.0000	0.0000	0.0000	0.0000	0.0000	0.0000	0.0000	0.0000	0.0000	0.0000	0.0000	0.0044	0.0026	0.0018	0.0002	0.0002	0.0000	0.0042	0.0024	0.0018	86.7282	172.6290	36.7759	25.0357	22.5725	0.0000	38.6543	0.0000	36.4843	0.0012	0.0007	0.0020	0.0081	0.0090	0.0000	0.0009	0.0001	0.0020	
77	91	0.1059	5	0	0	0	0	0	0	0	0	N	N	N	N	N	N	N	N	N	N	N	N	465294.3705	734257.5928	182220.6473	129111.1753	120571.6376	95285.0927	186090.4399	6.0696	6.4936	3.4550	14.9215	14.9698	0.0000	0.7707	0.0000	3.4852	0.0000	0.0000	0.0000	0.0001	0.0001	0.0000	0.0000	0.0000	0.0000	0.0863	1.5224	-0.0006	0.0000	0.0026	1.9923	0.9924	0.0454	0.0015	0.0014	0.0001	0.0014	0.0014	0.0000	0.0001	0.0000	0.0001	0.0000	0.0000	0.0000	0.0000	0.0000	0.0000	0.0000	0.0000	0.0000	0.0002	0.0002	0.0000	0.0001	0.0001	0.0000	0.0002	0.0001	0.0000	0.0044	0.0026	0.0018	0.0002	0.0002	0.0000	0.0042	0.0024	0.0018	465294.3705	734257.5928	182220.6473	129111.1753	120571.6376	0.0000	95285.0927	0.0000	186090.4399	0.0000	0.0000	0.0000	0.0001	0.0001	0.0000	0.0000	0.0000	0.0000		
77	92	0.0622	4	0	0	0	0	0	0	0	0	N	N	N	N	N	N	N	N	N	N	N	N	62.7363	16994.0153	15.4706	4921.0349	3893.8220	6.4457	15.0564	0.0628	0.0659	0.0386	0.1619	0.1623	0.0000	0.0069	0.0000	0.0389	0.0010	0.0000	0.0025	0.0000	0.0000	0.0000	0.0011	0.0000	0.0026	0.0758	429.1170	-0.0000	0.0000	0.0026	1.0098	0.9924	9.0196	0.0000	0.0000	0.0000	0.0000	0.0000	0.0000	0.0000	0.0000	0.0000	0.0000	0.0000	0.0000	0.0000	0.0000	0.0000	0.0000	0.0000	0.0000	0.0001	0.0001	0.0000	0.0000	0.0000	0.0000	0.0001	0.0001	0.0000	0.0200	0.0120	0.0080	0.0014	0.0011	0.0003	0.0186	0.0109	0.0077	62.7363	16994.0153	15.4706	4921.0349	3893.8220	0.0000	6.4457	0.0000	15.0564	0.0010	0.0000	0.0025	0.0000	0.0000	0.0000	0.0011	0.0000	0.0026		
77	93	0.1589	9	1	1	0	1	0	0	0	0	N	N	N	N	N	N	N	N	N	N	N	N	0.0000	0.0000	0.0000	0.0000	0.0000	0.0000	0.0000	0.0000	0.0000	0.0000	0.0000	0.0000	0.0000	0.0000	0.0000	0.0000	0.0000	0.0000	0.0000	0.0000	0.0026	0.0000	0.9924	0.0000	0.0000	0.0000	0.0000	0.0000	0.0000	0.0000	0.0000	0.0000	0.0000	0.0000	0.0000	0.0000	0.0000	0.0000	0.0000	0.0000	0.0000	0.0000	0.0000	0.0000	0.0000	0.0000	0.0000	0.0000	0.0000	0.0000	0.0000	0.0000	0.0000	0.0000	0.0000	0.0000	0.0000	0.0000	0.0000	0.0000	0.0000	0.0000	0.0000	0.0000	0.0000	0.0000	0.0000	0.0000	0.0000	0.0000	0.0000	0.0000	0.0000	0.0000	0.0000	0.0000	0.0000	0.0000											
77	94	0.1589	8	1	1	0	1	0	0	0	0	N	N	N	N	N	N	N	N	N	N	N	N	0.0000	0.0000	0.0000	0.0000	0.0000	0.0000	0.0000	0.0000	0.0000	0.0000	0.0000	0.0000	0.0000	0.0004	0.0000	0.0022	0.0000	0.0000	0.0000	0.0008	0.0000	0.0022	inf	0.0000	0.0000	0.0026	0.0000	0.9924	0.0001	0.0000	0.0000	0.0000	0.0000	0.0000	0.0000	0.0000	0.0000	0.0000	0.0000	0.0000	0.0000	0.0000	0.0000	0.0000	0.0000	0.0000	0.0000	0.0000	0.0000	0.0000	0.0000	0.0000	0.0000	0.0000	0.0000	0.0000	0.0000	0.0000	0.0000	0.0000	0.0000	0.0000	0.0000	0.0000	0.0000	0.0000	0.0000	0.0000	0.0000	0.0000	0.0000	0.0000	0.0000	0.0000	0.0004	0.0000	0.0022	0.0000	0.0000	0.0000	0.0008	0.0000	0.0022						
77	95	0.1410	7	0	1	0	1	0	0	0	0	N	N	N	N	N	N	N	N	N	N	N	N	19093063.9083	31595521.9601	inf	inf	4.7580	0.0000	21.0291	0.0000	0.0000	0.0000	8.0724	0.0000	21.1328	0.0000	0.0000	0.0000	0.0000	0.0000	0.0000	0.0000	0.0000	0.0000	inf	inf	0.0004	0.0000	0.0026	0.9845	0.9924	0.9903	0.0008	0.0000	0.0008	0.0000	0.0000	0.0000	0.0008	0.0000	0.0008	0.0000	0.0000	0.0000	0.0000	0.0000	0.0000	0.0000	0.0000	0.0000	0.0002	0.0001	0.0000	0.0001	0.0001	0.0000	0.0001	0.0001	0.0000	0.0044	0.0028	0.0017	0.0006	0.0005	0.0001	0.0038	0.0022	0.0016	19093063.9083	0.0000	31595521.9601	0.0000	0.0000	0.0000	inf	0.0000	inf	0.0000	0.0000	0.0000	0.0000	0.0000	0.0000	0.0000	0.0000	0.0000					
77	96	0.1382	7	0	1	0	0	0	0	0	0	N	N	N	N	N	N	N	N	N	N	N	N	0.8161	0.6001	0.6997	0.6093	0.0009	0.0010	0.0000	0.0025	0.0025	0.0000	0.0000	0.0000	0.0000	0.0011	0.0017	0.0000	0.0036	0.0041	0.0000	0.0000	0.0000	0.0000	0.0000	0.0000	-0.0000	-0.0000	0.0026	1.0063	0.9924	3.7812	0.0000	0.0000	0.0000	0.0000	0.0000	0.0000	0.0000	0.0000	0.0000	0.0000	0.0000	0.0000	0.0000	0.0000	0.0000	0.0000	0.0000	0.0000	0.0001	0.0001	0.0000	0.0000	0.0000	0.0000	0.0001	0.0001	0.0000	0.0158	0.0104	0.0054	0.0049	0.0042	0.0006	0.0109	0.0062	0.0047	0.8161	0.6001	0.0000	0.6997	0.6093	0.0000	0.0000	0.0000	0.0000	0.0011	0.0017	0.0000	0.0036	0.0041	0.0000	0.0000	0.0000	0.0000					
77	97	0.1410	7	0	0	1	1	0	0	0	0	N	N	N	N	N	N	N	N	N	N	N	N	inf	inf	inf	inf	0.0811	0.1045	0.0000	0.1981	0.1986	0.0000	0.0000	0.0000	0.0000	0.0000	0.0000	0.0000	0.0000	0.0000	0.0000	0.0000	0.0000	0.0000	0.0000	-0.0000	0.0000	0.0026	1.0165	0.9924	1.0129	0.0000	0.0000	0.0000	0.0000	0.0000	0.0000	0.0000	0.0000	0.0000	0.0000	0.0000	0.0000	0.0000	0.0000	0.0000	0.0000	0.0000	0.0000	0.0002	0.0001	0.0000	0.0001	0.0001	0.0000	0.0001	0.0001	0.0000	0.0045	0.0028	0.0017	0.0006	0.0005	0.0001	0.0039	0.0023	0.0016	inf	inf	0.0000	inf	inf	0.0000	0.0000	0.0000	0.0000	0.0000	0.0000	0.0000	0.0000	0.0000	0.0000	0.0000	0.0000	0.0000						
77	98	0.1281	6	0	0	0	1	0	0	0	0	N	N	N	N	N	N	N	N	N	N	N	N	inf	inf	inf	inf	inf	inf	inf	0.0757	0.0242	0.4166	0.0564	0.0566	0.0000	0.0872	0.0000	0.4207	0.0000	0.0000	0.0000	0.0000	0.0000	0.0000	0.0000	0.0000	0.0000	2.6098	0.0000	-0.0000	0.0026	2.0241	0.9924	1.0265	0.0000	0.0000	0.0000	0.0000	0.0000	0.0000	0.0000	0.0000	0.0000	0.0000	0.0000	0.0000	0.0000	0.0000	0.0000	0.0000	0.0000	0.0000	0.0002	0.0002	0.0000	0.0001	0.0001	0.0000	0.0002	0.0001	0.0000	0.0065	0.0040	0.0025	0.0009	0.0008	0.0002	0.0055	0.0032	0.0023	inf	inf	inf	inf	inf	0.0000	inf	0.0000	inf	0.0000	0.0000	0.0000	0.0000	0.0000	0.0000	0.0000	0.0000	0.0000			
77	99	0.1281	6	0	0	1	1	0	0	0	0	N	N	N	N	N	N	N	N	N	N	N	N	inf	inf	inf	inf	0.0149	0.0170	0.0000	0.0406	0.0407	0.0000	0.0000	0.0000	0.0000	0.0000	0.0000	0.0000	0.0000	0.0000	0.0000	0.0000	0.0000	0.0000	0.0000	-0.0000	0.0000	0.0026	3.0066	0.9924	0.0000	0.0000	0.0000	0.0000	0.0000	0.0000	0.0000	0.0000	0.0000	0.0000	0.0000	0.0000	0.0000	0.0000	0.0000	0.0000	0.0000	0.0000	0.0000	0.0004	0.0003	0.0000	0.0001	0.0001	0.0000	0.0002	0.0002	0.0000	0.0064	0.0039	0.0024	0.0009	0.0008	0.0002	0.0055	0.0032	0.0023	inf	inf	0.0000	inf	inf	0.0000	0.0000	0.0000	0.0000	0.0000	0.0000	0.0000	0.0000	0.0000	0.0000	0.0000	0.0000	0.0000						
77	100	0.1538	6	0	0	1	1	0	0	0	0	N	N	N	N	N	N	N	N	N	N	N	N	0.0000	0.0000	0.0000	0.0000	0.0000	0.0000	0.0000	0.0000	0.0000	0.0000	0.0000	0.0000	0.0000	0.0000	0.0000	0.0000	0.0000	0.0000	0.0000	0.0000	0.0026	0.0000	0.9924	2.0000	0.0000	0.0000	0.0000	0.0000	0.0000	0.0000	0.0000	0.0000	0.0000	0.0000	0.0000	0.0000	0.0000	0.0000	0.0000	0.0000	0.0000	0.0000	0.0000	0.0000	0.0000	0.0000	0.0000	0.0000	0.0000	0.0000	0.0000	0.0041	0.0025	0.0016	0.0006	0.0005	0.0001	0.0035	0.0020	0.0015	0.0000	0.0000	0.0000	0.0000	0.0000	0.0000	0.0000	0.0000	0.0000	0.0000	0.0000	0.0000	0.0000	0.0000	0.0000	0.0000	0.0000	0.0000											
77	101	0.1147	5	0	0	1	1	0	0	0	0	N	N	N	N	N	N	N	N	N	N	N	N	18.4897	210.9065	0.0000	29.9415	210.8510	0.0000	0.0000	0.0000	0.0000	0.0012	0.0013	0.0000	0.0033	0.0033	0.0000	0.0000	0.0000	0.0000	0.0001	0.0000	0.0002	0.0001	0.0000	0.0006	0.0001	0.0000	0.0001	0.0000	15.6603	-0.0000	0.0000	0.0026	5.8899	0.9924	3.1847	0.0000	0.0000	0.0000	0.0000	0.0000	0.0000	0.0000	0.0000	0.0000	0.0000	0.0000	0.0000	0.0000	0.0000	0.0000	0.0000	0.0000	0.0000	0.0006	0.0006	0.0001	0.0002	0.0002	0.0000	0.0004	0.0003	0.0001	0.0196	0.0121	0.0075	0.0031	0.0026	0.0005	0.0165	0.0095	0.0070	18.4897	210.9065	0.0000	29.9415	210.8510	0.0000	0.0000	0.0000	0.0000	0.0001	0.0000	0.0002	0.0001	0.0000	0.0006	0.0001	0.0000	0.0001
77	102	0.1615	5	1	1	0	0	0	0	0	0	N	N	N	N	N	N	N	N	N	N	N	N	0.0000	0.0000	0.0000	0.0000	0.0000	0.0000	0.0000	0.0000	0.0000	0.0000	0.0000	0.0000	0.0000	0.0000	0.0000	0.0000	0.0000	0.0000	0.0000	0.0000	0.0026	0.0000	0.9924	0.0000	0.0000	0.0000	0.0000	0.0000	0.0000	0.0000	0.0000	0.0000	0.0000	0.0000	0.0000	0.0000	0.0000	0.0000	0.0000	0.0000	0.0000	0.0000	0.0000	0.0000	0.0000	0.0000	0.0000	0.0000	0.0000	0.0000	0.0000	0.0000	0.0000	0.0000	0.0000	0.0000	0.0000	0.0000	0.0000	0.0000	0.0000	0.0000	0.0000	0.0000	0.0000	0.0000	0.0000	0.0000	0.0000	0.0000	0.0000	0.0000	0.0000	0.0000	0.0000	0.0000	0.0000	0.0000											
77	103	0.0622	4	1	1	0	0	0	0	0	0	N	N	N	N	N	N	N	N	N	N	N	N	7576.4274	4381.1956	inf	1328.3267	1052.6606	inf	inf	inf	1.8816	1.8129	2.5124	4.6394	4.6191	11.9482	0.3643	0.0000	2.4169	0.0002	0.0004	0.0000	0.0035	0.0044	0.0000	0.0000	0.0000	0.0000	0.1510	0.0000	-0.0005	-0.0000	0.0026	8.0012	0.9924	14.0016	0.0016	0.0014	0.0002	0.0014	0.0014	0.0000	0.0002	0.0000	0.0002	0.0000	0.0000	0.0000	0.0000	0.0000	0.0000	0.0000	0.0000	0.0000	0.0009	0.0008	0.0001	0.0003	0.0003	0.0000	0.0005	0.0005	0.0001	0.0403	0.0242	0.0161	0.0029	0.0023	0.0006	0.0374	0.0219	0.0155	7576.4274	4381.1956	inf	1328.3267	1052.6606	inf	inf	0.0000	inf	0.0002	0.0004	0.0000	0.0035	0.0044	0.0000	0.0000	0.0000	0.0000	
77	104	0.1252	5	0	1	0	0	0	0	0	0	N	N	N	N	N	N	N	N	N	N	N	N	0.0000	0.0000	0.0000	0.0000	0.0000	0.0000	0.0000	0.0000	0.0000	0.0000	0.0000	0.0000	0.0000	0.0000	0.0000	0.0000	0.0000	0.0000	0.0000	0.0000	0.0001	0.0001	0.0000	0.0002	0.0000	0.0000	0.0001	13.7832	0.0000	0.0000	0.0026	2.0010	0.9924	1.0153	0.0000	0.0000	0.0000	0.0000	0.0000	0.0000	0.0000	0.0000	0.0000	0.0000	0.0000	0.0000	0.0000	0.0000	0.0000	0.0000	0.0000	0.0000	0.0002	0.0002	0.0000	0.0001	0.0001	0.0000	0.0001	0.0001	0.0000	0.0066	0.0041	0.0025	0.0015	0.0012	0.0003	0.0050	0.0029	0.0022	0.0000	0.0000	0.0000	0.0000	0.0000	0.0000	0.0000	0.0000	0.0000	0.0000	0.0000	0.0001	0.0001	0.0000	0.0002	0.0000	0.0000	0.0001	
77	105	0.0622	4	0	1	0	0	0	0	0	0	N	N	N	N	N	N	N	N	N	N	N	N	0.0846	1.4689	0.0000	7871.6030	6300.0290	0.0000	0.0000	0.0000	0.0032	0.0036	0.0000	0.0090	0.0091	0.0000	0.0000	0.0000	0.0000	0.0381	0.0025	0.1036	0.0000	0.0000	0.0000	0.0410	0.0027	0.1009	0.0000	24.9424	-0.0000	0.0004	0.0026	3.0162	0.9924	11.0438	0.0000	0.0000	0.0000	0.0000	0.0000	0.0000	0.0000	0.0000	0.0000	0.0010	0.0000	0.0010	0.0000	0.0000	0.0000	0.0010	0.0000	0.0010	0.0003	0.0003	0.0000	0.0001	0.0001	0.0000	0.0002	0.0002	0.0000	0.0273	0.0164	0.0109	0.0019	0.0015	0.0004	0.0253	0.0148	0.0105	0.0846	1.4689	0.0000	7871.6030	6300.0290	0.0000	0.0000	0.0000	0.0000	0.0381	0.0025	0.0917	0.0000	0.0000	0.0000	0.0410	0.0027	0.0951	
77	106	0.1631	9	1	1	0	0	0	0	0	0	N	N	N	N	N	N	N	N	N	N	N	N	0.0000	0.0000	0.0000	0.0000	0.0000	0.0000	0.0000	0.0000	0.0000	0.0000	0.0000	0.0000	0.0000	0.0000	0.0000	0.0000	0.0000	0.0000	0.0000	0.0000	0.0026	1.0000	0.9924	1.0000	0.0000	0.0000	0.0000	0.0000	0.0000	0.0000	0.0000	0.0000	0.0000	0.0000	0.0000	0.0000	0.0000	0.0000	0.0000	0.0000	0.0000	0.0000	0.0001	0.0001	0.0000	0.0000	0.0000	0.0000	0.0001	0.0001	0.0000	0.0044	0.0029	0.0015	0.0015	0.0012	0.0003	0.0029	0.0017	0.0012	0.0000	0.0000	0.0000	0.0000	0.0000	0.0000	0.0000	0.0000	0.0000	0.0000	0.0000	0.0000	0.0000	0.0000	0.0000	0.0000	0.0000	0.0000											
77	107	0.1589	8	1	1	0	0	0	0	0	0	N	N	N	N	N	N	N	N	N	N	N	N	0.0000	0.0000	0.0000	0.0000	0.0000	0.0000	0.0000	0.0000	0.0000	0.0000	0.0000	0.0000	0.0000	0.0045	0.0071	0.0000	0.0164	0.0205	0.0000	0.0000	0.0000	0.0000	0.0000	0.0000	-0.0000	0.0026	0.0000	0.9924	0.9999	0.0000	0.0000	0.0000	0.0000	0.0000	0.0000	0.0000	0.0000	0.0000	0.0000	0.0000	0.0000	0.0000	0.0000	0.0000	0.0000	0.0000	0.0000	0.0000	0.0000	0.0000	0.0000	0.0000	0.0000	0.0000	0.0000	0.0000	0.0022	0.0014	0.0008	0.0006	0.0005	0.0001	0.0016	0.0009	0.0007	0.0000	0.0000	0.0000	0.0000	0.0000	0.0000	0.0000	0.0000	0.0000	0.0045	0.0071	0.0000	0.0164	0.0205	0.0000	0.0000	0.0000	0.0000						
77	108	0.1382	7	1	1	0	0	0	0	0	0	N	N	N	N	N	N	N	N	N	N	N	N	102.1430	84.5052	0.0000	107.2533	93.2211	0.0000	0.0000	0.0000	0.0000	0.0552	0.0686	0.0000	0.1334	0.1336	0.0000	0.0000	0.0000	0.0000	0.0005	0.0008	0.0000	0.0012	0.0014	0.0000	0.0002	0.0004	0.0000	0.0000	0.0094	-0.0000	-0.0000	0.0026	0.0100	0.9924	4.8896	0.0000	0.0000	0.0000	0.0000	0.0000	0.0000	0.0000	0.0000	0.0000	0.0000	0.0000	0.0000	0.0000	0.0000	0.0000	0.0000	0.0000	0.0000	0.0000	0.0000	0.0000	0.0000	0.0000	0.0000	0.0000	0.0000	0.0000	0.0160	0.0106	0.0054	0.0049	0.0043	0.0007	0.0111	0.0063	0.0048	102.1430	84.5052	0.0000	107.2533	93.2211	0.0000	0.0000	0.0000	0.0000	0.0005	0.0008	0.0000	0.0012	0.0014	0.0000	0.0002	0.0004	0.0000
77	109	0.1281	6	0	1	0	0	0	0	0	0	N	N	N	N	N	N	N	N	N	N	N	N	51.3379	36.9929	inf	19.2584	15.5101	inf	inf	0.0400	0.0468	0.0048	0.1027	0.1030	0.0000	0.0012	0.0000	0.0048	0.0008	0.0013	0.0000	0.0053	0.0066	0.0000	0.0000	0.0000	0.0000	0.0195	0.0001	-0.0000	-0.0000	0.0026	1.0007	0.9924	1.4004	0.0000	0.0000	0.0000	0.0000	0.0000	0.0000	0.0000	0.0000	0.0000	0.0000	0.0000	0.0000	0.0000	0.0000	0.0000	0.0000	0.0000	0.0000	0.0001	0.0001	0.0000	0.0001	0.0001	0.0000	0.0001	0.0001	0.0000	0.0051	0.0032	0.0020	0.0007	0.0006	0.0001	0.0044	0.0026	0.0018	51.3379	36.9929	inf	19.2584	15.5101	0.0000	inf	0.0000	inf	0.0008	0.0013	0.0000	0.0053	0.0066	0.0000	0.0000	0.0000	0.0000		
77	110	0.1147	5	0	0	0	0	0	0	0	0	N	N	N	N	N	N	N	N	N	N	N	N	824.6169	1252.8125	2127.0672	177.5219	1340.3173	0.0000	1381.8409	0.0000	2969.0222	0.1306	0.0192	0.8418	0.0390	0.0403	0.0000	0.1987	0.0000	0.9386	0.0002	0.0000	0.0004	0.0002	0.0000	0.0016	0.0001	0.0000	0.0003	6.8739	15.5785	0.0000	0.0000	0.0026	0.3039	0.9924	2.8719	0.0000	0.0000	0.0000	0.0000	0.0000	0.0000	0.0000	0.0000	0.0000	0.0000	0.0000	0.0000	0.0000	0.0000	0.0000	0.0000	0.0000	0.0000	0.0000	0.0000	0.0000	0.0000	0.0000	0.0000	0.0000	0.0000	0.0000	0.0080	0.0050	0.0030	0.0016	0.0014	0.0002	0.0065	0.0036	0.0028	824.6169	1252.8125	2127.0672	177.5219	1340.3173	0.0000	1381.8409	0.0000	2969.0222	0.0002	0.0000	0.0004	0.0002	0.0000	0.0016	0.0001	0.0000	0.0003
77	111	0.0622	4	0	0	0	0	0	0	0	0	N	N	N	N	N	N	N	N	N	N	N	N	0.0998	1.0070	0.1368	834.8383	668.6971	0.0597	0.0000	0.1377	0.0044	0.0029	0.0177	0.0072	0.0072	0.0000	0.0028	0.0000	0.0179	0.0440	0.0028	0.1297	0.0000	0.0000	0.0000	0.0473	0.0031	0.1301	0.7078	24.7907	-0.0000	0.0004	0.0026	3.8240	0.9924	8.1760	0.0000	0.0000	0.0000	0.0000	0.0000	0.0000	0.0000	0.0000	0.0000	0.0010	0.0000	0.0010	0.0000	0.0000	0.0000	0.0010	0.0000	0.0010	0.0004	0.0004	0.0000	0.0002	0.0002	0.0000	0.0003	0.0002	0.0000	0.0236	0.0142	0.0094	0.0017	0.0013	0.0003	0.0220	0.0128	0.0091	0.0998	1.0070	0.1679	834.8383	668.6971	0.0000	0.0597	0.0000	0.1635	0.0440	0.0028	0.1057	0.0000	0.0000	0.0000	0.0473	0.0031	0.1096	
77	112	0.0326	3	0	0	0	0	0	0	0	0	N	N	N	N	N	N	N	N	N	N	N	N	2.3929	3.4495	0.3612	0.1808	0.1652	0.0000	0.7288	0.3524	0.2343	0.4048	0.0218	0.4621	0.4625	0.0000	0.0189	0.0000	0.0218	0.0979	0.1174	0.0604	2.5555	2.7996	0.0031	0.0259	0.0000	0.0619	0.0432	0.2668	-0.0000	-0.0007	0.0026	0.0953	0.9924	6.8761	0.0000	0.0000	0.0000	0.0000	0.0000	0.0000	0.0000	0.0000	0.0000	0.0022	0.0017	0.0005	0.0017	0.0017	0.0000	0.0005	0.0000	0.0005	0.0001	0.0001	0.0000	0.0001	0.0001	0.0000	0.0001	0.0000	0.0000	0.0223	0.0147	0.0076	0.0046	0.0044	0.0002	0.0177	0.0103	0.0074	2.3929	3.4495	0.3612	1.2293	1.1768	0.0000	0.7288	0.0000	0.3524	0.0979	0.1174	0.0604	0.3759	0.3930	0.0031	0.0259	0.0000	0.0619	
77	115	0.1955	5	0	0	0	0	0	0	0	0	N	N	N	N	N	N	N	N	N	N	N	N	0.0501	0.0153	0.0347	1.3053	0.0170	9.1363	0.0482	0.0000	0.0330	0.5838	0.0000	2.9179	0.0176	0.0000	0.9080	0.9896	0.0000	3.0025	11.6492	0.0003	83.9966	0.0135	0.0004	0.0994	20.5152	0.0000	90.9856	189046.3528	62460.5740	0.0004	0.4237	0.0026	8.9918	0.9924	13.3277	0.0008	0.0000	0.0008	0.0000	0.0000	0.0000	0.0008	0.0000	0.0008	0.9209	0.0000	0.9209	0.0005	0.0000	0.0005	0.9204	0.0000	0.9204	0.0014	0.0011	0.0003	0.0006	0.0006	0.0000	0.0008	0.0005	0.0003	0.0819	0.0583	0.0236	0.0370	0.0321	0.0049	0.0449	0.0262	0.0187	0.0519	0.0153	0.0747	1.3053	0.0170	9.1363	0.0482	0.0000	0.0610	11.2501	0.0003	39.0685	0.0135	0.0004	0.0994	20.5152	0.0000	49.2277
78	80	0.1189	6	0	1	0	0	0	0	0	0	N	N	N	N	N	N	N	N	N	N	N	N	0.0400	0.0060	0.8975	0.0189	0.0193	0.0005	0.4719	0.1218	1.2838	0.0001	0.0000	0.0007	0.0004	0.0004	0.0000	0.0001	0.0000	0.0008	0.0033	0.0047	0.0008	0.0191	0.0192	0.0182	0.0002	0.0000	0.0006	4.4745	0.0976	0.0000	-0.0001	2.8733	2.0196	1.5522	6.0690	0.0000	0.0000	0.0000	0.0000	0.0000	0.0000	0.0000	0.0000	0.0000	0.0003	0.0003	0.0000	0.0003	0.0003	0.0000	0.0000	0.0000	0.0000	0.0845	0.0722	0.0123	0.0057	0.0056	0.0002	0.0788	0.0666	0.0122	0.0991	0.0637	0.0353	0.0162	0.0157	0.0005	0.0829	0.0480	0.0349	0.0400	0.0060	0.8975	0.0189	0.0193	0.0005	0.4719	0.1218	1.2838	0.0033	0.0047	0.0008	0.0191	0.0192	0.0182	0.0002	0.0000	0.0006
78	81	0.1106	5	0	0	0	0	0	0	0	0	N	N	N	N	N	N	N	N	N	N	N	N	2.0382	0.3377	68.8293	1.1860	1.2036	0.0413	25.0080	0.0000	107.3919	0.0147	0.0036	0.0778	0.0546	0.0557	0.0015	0.0123	0.0000	0.0784	0.0072	0.0107	0.0011	0.0460	0.0463	0.0368	0.0005	0.0003	0.0007	3.7745	0.0608	0.0002	-0.0001	2.8733	0.9876	1.5522	0.9833	0.0006	0.0001	0.0005	0.0001	0.0001	0.0000	0.0005	0.0000	0.0005	0.0002	0.0002	0.0000	0.0002	0.0002	0.0000	0.0000	0.0000	0.0000	0.0413	0.0351	0.0062	0.0023	0.0023	0.0000	0.0389	0.0328	0.0061	0.0248	0.0157	0.0091	0.0037	0.0036	0.0001	0.0212	0.0122	0.0090	2.0382	0.3377	68.8293	1.1860	1.2036	0.0413	25.0080	0.0000	107.3919	0.0072	0.0107	0.0011	0.0460	0.0463	0.0368	0.0005	0.0003	0.0007
78	82	0.1283	5	1	0	1	0	0	0	0	0	N	N	N	N	N	N	N	N	N	N	N	N	6052.4479	4608.8568	9.0286	8.3885	inf	inf	22.6917	26.6413	0.0000	0.1484	0.1518	0.0000	23.9377	28.3354	0.0000	0.0037	0.0058	0.0000	0.0164	0.0181	0.0000	0.0000	0.0000	0.0000	0.0000	0.0000	-0.4389	-0.0001	2.8733	1.0000	1.5522	2.9874	0.9505	0.9505	0.0000	0.0003	0.0003	0.0000	0.9502	0.9502	0.0000	0.0002	0.0002	0.0000	0.0002	0.0002	0.0000	0.0000	0.0000	0.0000	0.0419	0.0357	0.0062	0.0022	0.0021	0.0000	0.0397	0.0335	0.0062	0.0474	0.0308	0.0167	0.0108	0.0098	0.0010	0.0366	0.0209	0.0157	6052.4479	4608.8568	0.0000	9.0286	8.3885	0.0000	inf	inf	0.0000	0.0037	0.0058	0.0000	0.0164	0.0181	0.0000	0.0000	0.0000	0.0000			
78	83	0.1000	4	1	0	1	0	0	0	0	0	N	N	N	N	N	N	N	N	N	N	N	N	1498.2490	1146.5376	inf	3070.4610	2760.7566	inf	inf	inf	23.0782	27.0001	0.0065	277.2261	286.6301	0.0002	0.0010	0.0000	0.0066	0.0154	0.0235	0.0000	0.0903	0.1038	0.0000	0.0000	0.0000	0.0000	0.0000	0.0000	-0.4387	-0.0007	2.8733	0.9997	1.5522	6.0128	0.9503	0.9502	0.0000	0.9502	0.9502	0.0000	0.0000	0.0000	0.0000	0.0012	0.0012	0.0000	0.0012	0.0012	0.0000	0.0000	0.0000	0.0000	0.0412	0.0352	0.0060	0.0034	0.0033	0.0001	0.0377	0.0319	0.0059	0.0787	0.0515	0.0272	0.0147	0.0135	0.0011	0.0640	0.0379	0.0261	1498.2490	1146.5376	inf	3358.0169	3201.0296	inf	inf	0.0000	inf	0.0154	0.0235	0.0000	0.0826	0.0895	0.0000	0.0000	0.0000	0.0000	
78	84	0.0582	3	0	1	0	1	0	0	0	0	N	N	N	N	N	N	N	N	N	N	N	N	0.0392	0.1088	0.0000	0.1024	0.1183	0.0000	0.0000	0.0000	0.0054	0.0063	0.0000	0.1373	0.1380	0.0000	0.0000	0.0000	0.0000	0.1371	0.0577	0.3799	1.3403	1.1658	0.2847	0.1161	0.0000	0.3655	0.0000	2.6971	-0.0008	0.0056	2.8733	8.0013	1.5522	12.0015	0.0017	0.0017	0.0000	0.0017	0.0017	0.0000	0.0000	0.0000	0.0000	0.0295	0.0080	0.0215	0.0087	0.0080	0.0007	0.0209	0.0000	0.0209	0.3190	0.2728	0.0462	0.0125	0.0124	0.0001	0.3065	0.2604	0.0461	0.2155	0.1385	0.0771	0.0358	0.0334	0.0024	0.1797	0.1051	0.0747	0.0392	0.1088	0.0000	0.5666	0.5767	0.0000	0.0000	0.0000	0.0000	0.1371	0.0577	0.2796	0.2423	0.2392	0.2847	0.1161	0.0000	0.2795	
78	85	0.1146	5	0	1	0	0	0	0	0	0	N	N	N	N	N	N	N	N	N	N	N	N	0.0000	0.0000	0.0000	0.0000	0.0000	0.0000	0.0000	0.0000	0.0000	0.0000	0.0000	0.0000	0.0000	0.0000	0.0000	0.0000	0.0000	0.0000	0.2482	0.0622	0.6304	1.6584	1.5079	0.1262	0.1952	0.0002	0.6400	4.2435	0.0000	0.0053	2.8733	1.0000	1.5522	6.9850	0.0000	0.0000	0.0000	0.0000	0.0000	0.0000	0.0000	0.0000	0.0000	0.0198	0.0038	0.0160	0.0038	0.0038	0.0000	0.0159	0.0000	0.0159	0.0418	0.0356	0.0062	0.0020	0.0020	0.0000	0.0397	0.0336	0.0061	0.0957	0.0606	0.0351	0.0140	0.0136	0.0004	0.0817	0.0470	0.0347	0.0000	0.0000	0.0000	0.0000	0.0000	0.0000	0.0000	0.0000	0.0000	0.2065	0.0622	0.4559	0.2721	0.2763	0.1262	0.1952	0.0002	0.4597	
78	86	0.1019	4	0	0	0	0	0	0	0	0	N	N	N	N	N	N	N	N	N	N	N	N	108.7758	1334.4437	0.0085	1864.7702	3953.0575	0.0000	0.0035	0.0091	0.0926	0.1098	0.0000	1.4279	1.4457	0.0000	0.0000	0.0000	0.0000	0.0009	0.0001	0.0021	0.0008	0.0004	0.0150	0.0009	0.0000	0.0020	0.0000	15.4659	-0.0019	0.0000	2.8733	1.0086	1.5522	2.0000	0.0041	0.0041	0.0000	0.0041	0.0041	0.0000	0.0000	0.0000	0.0000	0.0000	0.0000	0.0000	0.0000	0.0000	0.0000	0.0000	0.0000	0.0000	0.0438	0.0369	0.0069	0.0028	0.0028	0.0000	0.0410	0.0341	0.0068	0.0377	0.0237	0.0140	0.0055	0.0053	0.0001	0.0322	0.0183	0.0139	108.7758	1334.4437	0.0085	1864.7702	3953.0575	0.0000	0.0035	0.0000	0.0091	0.0009	0.0001	0.0021	0.0008	0.0004	0.0150	0.0009	0.0000	0.0020	
78	87	0.1000	4	0	1	0	0	0	0	0	0	N	N	N	N	N	N	N	N	N	N	N	N	3101.0928	2371.4131	inf	7014.9111	6685.3052	inf	inf	inf	5.9345	6.9308	0.0017	71.3994	73.8194	0.0001	0.0003	0.0000	0.0017	0.0019	0.0029	0.0000	0.0102	0.0110	0.0000	0.0000	0.0000	0.0000	0.0000	0.0000	-0.4389	-0.0001	2.8733	4.0000	1.5522	7.0000	0.9505	0.9505	0.0000	0.9505	0.9505	0.0000	0.0000	0.0000	0.0000	0.0002	0.0002	0.0000	0.0002	0.0002	0.0000	0.0000	0.0000	0.0000	0.1602	0.1371	0.0230	0.0133	0.0129	0.0004	0.1469	0.1243	0.0226	0.1202	0.0787	0.0415	0.0226	0.0208	0.0018	0.0976	0.0579	0.0397	3101.0928	2371.4131	inf	7014.9111	6685.3052	inf	inf	0.0000	inf	0.0019	0.0029	0.0000	0.0102	0.0110	0.0000	0.0000	0.0000	0.0000	
78	88	0.0582	3	0	0	0	0	0	0	0	0	N	N	N	N	N	N	N	N	N	N	N	N	2.2768	0.1553	3.6004	0.5285	0.7838	1.4160	1.9927	3.7216	7.5558	0.0015	51.1247	0.0372	0.0315	1.1248	7.8723	0.0000	51.1965	3.3186	0.0096	14.1997	0.0704	0.0402	0.7944	3.9506	0.0000	13.7567	5971.0722	542.3611	0.5108	0.1757	2.8733	2.9985	1.5522	7.0016	0.9493	0.0002	0.9492	0.0002	0.0002	0.0000	0.9491	0.0000	0.9491	0.3834	0.0007	0.3827	0.0013	0.0007	0.0006	0.3821	0.0000	0.3821	0.1256	0.1071	0.0186	0.0051	0.0050	0.0000	0.1206	0.1020	0.0185	0.1155	0.0738	0.0417	0.0188	0.0176	0.0012	0.0967	0.0563	0.0404	2.2768	0.1553	5.5699	0.5285	0.7838	2.2666	1.9927	0.0000	5.4195	3.3186	0.0096	9.1787	0.0704	0.0402	0.4963	3.9506	0.0000	9.4467	
78	89	0.1191	6	0	1	0	0	0	0	0	0	N	N	N	N	N	N	N	N	N	N	N	N	0.0000	0.0000	0.0000	0.0000	0.0000	0.0000	0.0000	0.0000	0.0000	0.0001	0.0000	0.0005	0.0000	0.0000	0.0000	0.0001	0.0000	0.0005	3.4421	0.0120	15.5690	0.0787	0.0458	0.8849	4.1711	0.0000	14.1925	inf	448.7020	0.0000	0.1753	2.8733	0.0157	1.5522	9.0253	0.0000	0.0000	0.0000	0.0000	0.0000	0.0000	0.0000	0.0000	0.0000	0.3829	0.0009	0.3820	0.0015	0.0009	0.0006	0.3814	0.0000	0.3814	0.0022	0.0019	0.0003	0.0008	0.0008	0.0000	0.0014	0.0011	0.0003	0.1112	0.0707	0.0405	0.0198	0.0186	0.0012	0.0914	0.0521	0.0393	0.0000	0.0000	0.0000	0.0000	0.0000	0.0000	0.0000	0.0000	0.0000	3.4421	0.0120	9.4311	0.0758	0.0458	0.5332	4.1711	0.0000	9.7068
78	90	0.1106	5	0	1	0	0	0	0	0	0	N	N	N	N	N	N	N	N	N	N	N	N	4.8263	0.0015	31.9163	0.0003	0.0002	7.8793	17.9629	0.0000	30.5293	0.5271	0.0002	2.6202	0.0018	0.0010	0.1209	0.6225	0.0000	2.6330	0.1092	0.1274	0.0821	5.4972	5.5005	0.0153	0.0347	0.0025	0.0862	3515.9306	0.3515	0.0003	-0.0008	2.8733	0.0169	1.5522	2.0013	0.0005	0.0000	0.0005	0.0000	0.0000	0.0000	0.0005	0.0000	0.0005	0.0028	0.0021	0.0007	0.0020	0.0020	0.0000	0.0008	0.0000	0.0007	0.0009	0.0007	0.0002	0.0001	0.0001	0.0000	0.0008	0.0006	0.0002	0.0254	0.0161	0.0093	0.0037	0.0036	0.0001	0.0216	0.0125	0.0092	4.8263	0.0015	33.7433	0.0033	0.0018	7.8793	17.9629	0.0000	33.6070	0.1092	0.1274	0.0776	0.5400	0.5549	0.0153	0.0347	0.0025	0.0783
78	91	0.1019	4	0	0	0	0	0	0	0	0	N	N	N	N	N	N	N	N	N	N	N	N	6309.6931	0.6476	20452.7048	10.4178	2.2717	93.5201	8084.6587	21786.6531	10.9356	0.0004	71.8280	0.0360	0.0067	2.0517	11.5864	0.0000	72.2002	0.0017	0.0007	0.0035	0.0035	0.0030	0.0219	0.0014	0.0000	0.0033	29374.3298	3.0721	0.4948	0.0000	2.8733	1.9923	1.5522	0.0454	0.9193	0.0000	0.9193	0.0002	0.0000	0.0001	0.9192	0.0000	0.9192	0.0000	0.0000	0.0000	0.0000	0.0000	0.0000	0.0000	0.0000	0.0000	0.0841	0.0713	0.0128	0.0047	0.0047	0.0001	0.0793	0.0666	0.0127	0.0259	0.0163	0.0097	0.0038	0.0037	0.0001	0.0221	0.0125	0.0095	6309.6931	0.6476	20452.7048	10.4178	2.2717	93.5201	8084.6587	0.0000	21786.6531	0.0017	0.0007	0.0035	0.0035	0.0030	0.0219	0.0014	0.0000	0.0033	
78	92	0.0582	3	0	0	0	0	0	0	0	0	N	N	N	N	N	N	N	N	N	N	N	N	0.2049	82.9170	0.3832	12.1330	406.1892	0.0666	0.2140	0.0291	0.3770	0.1234	0.0353	0.6226	0.6876	0.6907	0.0648	0.0976	0.0000	0.6235	0.6021	0.0004	1.6250	0.0567	0.0017	0.9737	0.4561	0.0000	1.6537	3.1141	1437.2431	0.0016	0.0208	2.8733	1.0098	1.5522	9.0196	0.0054	0.0013	0.0041	0.0013	0.0013	0.0000	0.0041	0.0000	0.0041	0.0453	0.0000	0.0453	0.0011	0.0000	0.0010	0.0442	0.0000	0.0442	0.0434	0.0369	0.0065	0.0019	0.0019	0.0000	0.0415	0.0350	0.0065	0.1159	0.0740	0.0418	0.0189	0.0176	0.0013	0.0970	0.0564	0.0406	0.3155	82.9170	0.5750	12.1330	406.1892	0.0780	0.2140	0.0291	0.5717	0.3910	0.0004	1.0828	0.0567	0.0017	0.8305	0.4561	0.0000	1.0906
78	93	0.1549	8	1	1	0	1	0	0	0	0	N	N	N	N	N	N	N	N	N	N	N	N	0.0000	0.0000	0.0000	0.0000	0.0000	0.0000	0.0000	0.0000	0.0000	0.0000	0.0000	0.0000	0.0000	0.0000	0.0000	0.0000	0.0000	0.0000	0.0000	0.0000	2.8733	0.0000	1.5522	0.0000	0.0000	0.0000	0.0000	0.0000	0.0000	0.0000	0.0000	0.0000	0.0000	0.0000	0.0000	0.0000	0.0000	0.0000	0.0000	0.0000	0.0000	0.0000	0.0000	0.0000	0.0000	0.0000	0.0000	0.0000	0.0000	0.0000	0.0000	0.0000	0.0000	0.0000	0.0000	0.0000	0.0000	0.0000	0.0000	0.0000	0.0000	0.0000	0.0000	0.0000	0.0000	0.0000	0.0000	0.0000	0.0000	0.0000	0.0000	0.0000	0.0000	0.0000	0.0000	0.0000	0.0000	0.0000											
78	94	0.1549	7	1	1	0	1	0	0	0	0	N	N	N	N	N	N	N	N	N	N	N	N	0.0000	0.0000	0.0000	0.0000	0.0000	0.0000	0.0000	0.0000	0.0000	0.0000	0.0000	0.0000	0.0000	0.0000	0.0000	0.0000	0.0000	0.0406	0.0001	0.2267	0.0097	0.0002	0.8881	0.0699	0.0000	0.1986	527.4527	0.0000	0.0000	2.8733	0.0000	1.5522	0.0001	0.0000	0.0000	0.0000	0.0000	0.0000	0.0000	0.0000	0.0000	0.0000	0.0000	0.0000	0.0000	0.0000	0.0000	0.0000	0.0000	0.0000	0.0000	0.0000	0.0000	0.0000	0.0000	0.0000	0.0000	0.0000	0.0000	0.0000	0.0000	0.0000	0.0000	0.0000	0.0000	0.0000	0.0000	0.0000	0.0000	0.0000	0.0000	0.0000	0.0000	0.0000	0.0000	0.0000	0.0000	0.0000	0.0406	0.0001	0.1798	0.0097	0.0002	0.5430	0.0699	0.0000	0.1655		
78	95	0.1369	6	0	1	0	1	0	0	0	0	N	N	N	N	N	N	N	N	N	N	N	N	16937.2955	0.5538	2451735.6429	2.1928	1.1806	608.1705	1942582.2882	4385729.0812	20.1333	0.0010	121.6263	0.0124	0.0071	0.3282	22.8149	0.0000	123.0609	0.0012	0.0018	0.0000	0.0057	0.0061	0.0005	0.0000	0.0000	0.0000	24361.2623	0.0146	0.5028	-0.0000	2.8733	0.9845	1.5522	0.9903	0.9342	0.0000	0.9342	0.0001	0.0000	0.0000	0.9342	0.0000	0.9342	0.0000	0.0000	0.0000	0.0000	0.0000	0.0000	0.0000	0.0000	0.0000	0.0464	0.0387	0.0077	0.0055	0.0054	0.0001	0.0409	0.0334	0.0076	0.0251	0.0164	0.0087	0.0052	0.0049	0.0004	0.0199	0.0116	0.0083	16937.2955	0.5538	2451735.6429	2.1928	1.1806	608.1705	1942582.2882	0.0000	4385729.0812	0.0012	0.0018	0.0000	0.0057	0.0061	0.0005	0.0000	0.0000	0.0000	
78	96	0.1341	6	0	1	0	0	0	0	0	0	N	N	N	N	N	N	N	N	N	N	N	N	0.0403	0.0320	0.0013	0.0556	0.0465	0.0000	0.0001	0.0000	0.0013	0.0028	0.0033	0.0000	0.0484	0.0495	0.0000	0.0000	0.0000	0.0000	0.0706	0.1041	0.0007	0.8717	1.0662	0.0006	0.0014	0.0020	0.0007	0.0000	0.0031	-0.0001	-0.0031	2.8733	1.0063	1.5522	3.7812	0.0001	0.0001	0.0000	0.0001	0.0001	0.0000	0.0000	0.0000	0.0000	0.0059	0.0058	0.0000	0.0058	0.0058	0.0000	0.0001	0.0001	0.0000	0.0435	0.0371	0.0064	0.0026	0.0025	0.0001	0.0409	0.0346	0.0063	0.0831	0.0562	0.0270	0.0277	0.0248	0.0029	0.0554	0.0313	0.0241	0.0403	0.0320	0.0013	0.2320	0.2125	0.0000	0.0001	0.0000	0.0013	0.0706	0.1041	0.0007	0.2087	0.2331	0.0006	0.0014	0.0020	0.0007
78	97	0.1369	6	0	0	1	1	0	0	0	0	N	N	N	N	N	N	N	N	N	N	N	N	429.9423	347.2023	1.2819	775.9286	748.3238	0.0000	1.6452	3.7203	0.3410	0.4083	0.0001	2.9347	2.9845	0.0000	0.0000	0.0000	0.0001	0.0008	0.0012	0.0001	0.0038	0.0040	0.0010	0.0000	0.0000	0.0000	0.0000	0.0296	-0.0075	-0.0000	2.8733	1.0165	1.5522	1.0129	0.0163	0.0163	0.0000	0.0163	0.0163	0.0000	0.0000	0.0000	0.0000	0.0000	0.0000	0.0000	0.0000	0.0000	0.0000	0.0000	0.0000	0.0000	0.0477	0.0398	0.0079	0.0055	0.0055	0.0001	0.0422	0.0344	0.0078	0.0258	0.0169	0.0089	0.0053	0.0050	0.0004	0.0204	0.0119	0.0085	429.9423	347.2023	1.2819	775.9286	748.3238	0.0000	1.6452	0.0000	3.7203	0.0008	0.0012	0.0001	0.0038	0.0040	0.0010	0.0000	0.0000	0.0000	
78	98	0.1240	5	0	0	0	1	0	0	0	0	N	N	N	N	N	N	N	N	N	N	N	N	9333.8272	1976.3074	inf	8411.8913	7717.6160	inf	inf	inf	0.2546	0.0830	1.2251	1.0500	1.0725	0.0041	0.1973	0.0000	1.2367	0.0000	0.0000	0.0000	0.0001	0.0001	0.0000	0.0000	0.0000	0.0000	2.6095	0.0001	0.0058	-0.0000	2.8733	2.0241	1.5522	1.0265	0.0224	0.0062	0.0162	0.0062	0.0062	0.0000	0.0162	0.0000	0.0162	0.0000	0.0000	0.0000	0.0000	0.0000	0.0000	0.0000	0.0000	0.0000	0.0878	0.0746	0.0132	0.0059	0.0058	0.0001	0.0819	0.0688	0.0131	0.0373	0.0242	0.0131	0.0081	0.0073	0.0008	0.0291	0.0169	0.0122	9333.8272	1976.3074	inf	8411.8913	7717.6160	inf	inf	0.0000	inf	0.0000	0.0000	0.0000	0.0001	0.0001	0.0000	0.0000	0.0000	0.0000	
78	99	0.1240	5	0	0	1	1	0	0	0	0	N	N	N	N	N	N	N	N	N	N	N	N	inf	inf	inf	inf	inf	inf	inf	0.0491	0.0577	0.0000	0.7695	0.7870	0.0000	0.0000	0.0000	0.0000	0.0000	0.0000	0.0000	0.0000	0.0000	0.0000	0.0000	0.0000	0.0000	0.0000	-0.0029	0.0000	2.8733	3.0066	1.5522	0.0000	0.0063	0.0063	0.0000	0.0063	0.0063	0.0000	0.0000	0.0000	0.0000	0.0000	0.0000	0.0000	0.0000	0.0000	0.0000	0.0000	0.0000	0.0000	0.1282	0.1092	0.0190	0.0082	0.0080	0.0002	0.1200	0.1012	0.0189	0.0367	0.0238	0.0129	0.0080	0.0072	0.0008	0.0287	0.0166	0.0121	inf	inf	inf	inf	inf	0.0000	inf	0.0000	inf	0.0000	0.0000	0.0000	0.0000	0.0000	0.0000	0.0000	0.0000	0.0000			
78	100	0.1497	5	0	0	1	1	0	0	0	0	N	N	N	N	N	N	N	N	N	N	N	N	0.0000	0.0000	0.0000	0.0000	0.0000	0.0000	0.0000	0.0000	0.0000	0.0000	0.0000	0.0000	0.0000	0.0004	0.0000	0.0012	0.0000	0.0000	0.0000	0.0005	0.0000	0.0013	inf	0.0000	0.0000	2.8733	0.0000	1.5522	2.0000	0.0000	0.0000	0.0000	0.0000	0.0000	0.0000	0.0000	0.0000	0.0000	0.0000	0.0000	0.0000	0.0000	0.0000	0.0000	0.0000	0.0000	0.0000	0.0000	0.0000	0.0000	0.0000	0.0000	0.0000	0.0000	0.0000	0.0000	0.0238	0.0153	0.0085	0.0052	0.0047	0.0006	0.0186	0.0106	0.0079	0.0000	0.0000	0.0000	0.0000	0.0000	0.0000	0.0000	0.0000	0.0000	0.0004	0.0000	0.0012	0.0000	0.0000	0.0000	0.0005	0.0000	0.0013						
78	101	0.1107	4	0	0	1	1	0	0	0	0	N	N	N	N	N	N	N	N	N	N	N	N	10.7748	20.9815	0.0018	45.4169	77.1841	0.0000	0.0012	0.0000	0.0034	0.0037	0.0043	0.0000	0.0477	0.0501	0.0000	0.0000	0.0000	0.0000	0.0003	0.0002	0.0006	0.0011	0.0006	0.0051	0.0001	0.0000	0.0003	0.0000	1.5646	-0.0004	0.0000	2.8733	5.8899	1.5522	3.1847	0.0009	0.0009	0.0000	0.0009	0.0009	0.0000	0.0000	0.0000	0.0000	0.0000	0.0000	0.0000	0.0000	0.0000	0.0000	0.0000	0.0000	0.0000	0.2494	0.2134	0.0361	0.0193	0.0184	0.0009	0.2301	0.1950	0.0352	0.1115	0.0724	0.0391	0.0252	0.0229	0.0023	0.0864	0.0495	0.0368	10.7748	20.9815	0.0018	45.4169	77.1841	0.0000	0.0012	0.0000	0.0034	0.0003	0.0002	0.0006	0.0011	0.0006	0.0051	0.0001	0.0000	0.0003
78	102	0.1575	4	1	1	0	0	0	0	0	0	N	N	N	N	N	N	N	N	N	N	N	N	0.0000	0.0000	0.0000	0.0000	0.0000	0.0000	0.0000	0.0000	0.0000	0.0000	0.0000	0.0000	0.0000	0.0000	0.0000	0.0000	0.0000	0.0000	0.0000	0.0000	2.8733	0.0000	1.5522	0.0000	0.0000	0.0000	0.0000	0.0000	0.0000	0.0000	0.0000	0.0000	0.0000	0.0000	0.0000	0.0000	0.0000	0.0000	0.0000	0.0000	0.0000	0.0000	0.0000	0.0000	0.0000	0.0000	0.0000	0.0000	0.0000	0.0000	0.0000	0.0000	0.0000	0.0000	0.0000	0.0000	0.0000	0.0000	0.0000	0.0000	0.0000	0.0000	0.0000	0.0000	0.0000	0.0000	0.0000	0.0000	0.0000	0.0000	0.0000	0.0000	0.0000	0.0000	0.0000	0.0000	0.0000	0.0000											
78	103	0.0582	3	1	1	0	0	0	0	0	0	N	N	N	N	N	N	N	N	N	N	N	N	84.4385	0.1094	181477.6572	0.1291	0.1257	486172.1056	63862.1875	inf	176149.2800	3.1375	0.0063	21.6383	0.1429	0.1380	1.1203	3.2594	0.0000	21.6661	0.0372	0.0577	0.0001	1.1071	1.0977	0.0000	0.0001	0.0000	0.0001	579.9916	0.0011	0.5370	-0.0047	2.8733	8.0012	1.5522	14.0016	1.0008	0.0017	0.9991	0.0018	0.0017	0.0001	0.9990	0.0000	0.9990	0.0087	0.0087	0.0000	0.0087	0.0087	0.0000	0.0000	0.0000	0.0000	0.3190	0.2728	0.0462	0.0125	0.0124	0.0001	0.3065	0.2604	0.0461	0.2339	0.1504	0.0835	0.0390	0.0364	0.0026	0.1949	0.1140	0.0809	84.4385	0.1094	181477.6572	0.6417	0.5782	486172.1056	63862.1875	inf	176149.2800	0.0372	0.0577	0.0001	0.2227	0.2387	0.0000	0.0001	0.0000	0.0001
78	104	0.1211	4	0	1	0	0	0	0	0	0	N	N	N	N	N	N	N	N	N	N	N	N	0.0000	0.0000	0.0000	0.0000	0.0000	0.0000	0.0000	0.0000	0.0000	0.0000	0.0000	0.0000	0.0000	0.0000	0.0000	0.0000	0.0000	0.0000	0.0001	0.0000	0.0003	0.0004	0.0001	0.0022	0.0000	0.0000	0.0000	6.3280	0.0000	0.0000	2.8733	2.0010	1.5522	1.0153	0.0000	0.0000	0.0000	0.0000	0.0000	0.0000	0.0000	0.0000	0.0000	0.0000	0.0000	0.0000	0.0000	0.0000	0.0000	0.0000	0.0000	0.0000	0.0828	0.0706	0.0122	0.0045	0.0044	0.0001	0.0783	0.0662	0.0120	0.0376	0.0244	0.0132	0.0106	0.0091	0.0015	0.0270	0.0153	0.0117	0.0000	0.0000	0.0000	0.0000	0.0000	0.0000	0.0000	0.0000	0.0000	0.0001	0.0000	0.0003	0.0004	0.0001	0.0022	0.0000	0.0000	0.0000	
78	105	0.0582	3	0	1	0	0	0	0	0	0	N	N	N	N	N	N	N	N	N	N	N	N	2.0256	4.8228	0.0003	24.1868	24.4853	0.0000	0.0001	0.0000	0.0003	0.0103	0.0121	0.0000	0.2551	0.2565	0.0000	0.0000	0.0000	0.0000	0.0051	0.0025	0.0097	0.0105	0.0105	0.0116	0.0040	0.0000	0.0096	0.0000	2.1681	-0.0006	0.0001	2.8733	3.0162	1.5522	11.0438	0.0013	0.0013	0.0000	0.0013	0.0013	0.0000	0.0000	0.0000	0.0000	0.0008	0.0003	0.0005	0.0003	0.0003	0.0000	0.0005	0.0000	0.0005	0.1264	0.1077	0.0187	0.0051	0.0051	0.0000	0.1213	0.1026	0.0186	0.1579	0.1011	0.0567	0.0259	0.0242	0.0017	0.1319	0.0769	0.0550	2.0256	4.8228	0.0003	24.1868	24.4853	0.0000	0.0001	0.0000	0.0003	0.0051	0.0025	0.0097	0.0105	0.0105	0.0116	0.0040	0.0000	0.0096
78	106	0.1590	8	1	1	0	0	0	0	0	0	N	N	N	N	N	N	N	N	N	N	N	N	0.0000	0.0000	0.0000	0.0000	0.0000	0.0000	0.0000	0.0000	0.0000	0.0000	0.0000	0.0000	0.0000	0.0000	0.0000	0.0000	0.0000	0.0000	0.0000	0.0000	2.8733	1.0000	1.5522	1.0000	0.0000	0.0000	0.0000	0.0000	0.0000	0.0000	0.0000	0.0000	0.0000	0.0000	0.0000	0.0000	0.0000	0.0000	0.0000	0.0000	0.0000	0.0000	0.0429	0.0365	0.0063	0.0024	0.0023	0.0001	0.0405	0.0342	0.0063	0.0252	0.0170	0.0082	0.0091	0.0078	0.0013	0.0161	0.0092	0.0069	0.0000	0.0000	0.0000	0.0000	0.0000	0.0000	0.0000	0.0000	0.0000	0.0000	0.0000	0.0000	0.0000	0.0000	0.0000	0.0000	0.0000	0.0000											
78	107	0.1549	7	1	1	0	0	0	0	0	0	N	N	N	N	N	N	N	N	N	N	N	N	0.0000	0.0000	0.0000	0.0000	0.0000	0.0000	0.0000	0.0000	0.0000	0.0000	0.0000	0.0000	0.0000	0.0000	0.0000	0.0000	0.0000	0.6717	1.4342	0.0023	17.4146	18.4191	0.0000	0.0011	0.0000	0.0027	0.0019	0.0000	-0.0028	2.8733	0.0000	1.5522	0.9999	0.0000	0.0000	0.0000	0.0000	0.0000	0.0000	0.0000	0.0000	0.0000	0.0053	0.0052	0.0000	0.0052	0.0052	0.0000	0.0000	0.0000	0.0000	0.0000	0.0000	0.0000	0.0000	0.0000	0.0000	0.0000	0.0000	0.0000	0.0126	0.0084	0.0042	0.0040	0.0034	0.0005	0.0087	0.0049	0.0037	0.0000	0.0000	0.0000	0.0000	0.0000	0.0000	0.0000	0.0000	0.0000	0.4168	0.6262	0.0023	1.3233	1.5287	0.0000	0.0011	0.0000	0.0027		
78	108	0.1341	6	1	1	0	0	0	0	0	0	N	N	N	N	N	N	N	N	N	N	N	N	16.0227	13.4645	0.0289	24.7342	22.4005	0.0000	0.0038	0.0000	0.0303	0.1547	0.1824	0.0000	0.5991	0.6008	0.0000	0.0000	0.0000	0.0000	0.0097	0.0135	0.0016	0.0242	0.0268	0.0021	0.0024	0.0031	0.0015	0.0000	0.0553	-0.0001	-0.0004	2.8733	0.0100	1.5522	4.8896	0.0001	0.0001	0.0000	0.0001	0.0001	0.0000	0.0000	0.0000	0.0000	0.0008	0.0008	0.0000	0.0007	0.0007	0.0000	0.0001	0.0001	0.0000	0.0008	0.0007	0.0001	0.0002	0.0002	0.0000	0.0006	0.0005	0.0001	0.0844	0.0570	0.0274	0.0280	0.0251	0.0029	0.0564	0.0319	0.0245	16.0227	13.4645	0.0289	24.7342	22.4005	0.0000	0.0038	0.0000	0.0303	0.0097	0.0135	0.0016	0.0242	0.0268	0.0021	0.0024	0.0031	0.0015
78	109	0.1240	5	0	1	0	0	0	0	0	0	N	N	N	N	N	N	N	N	N	N	N	N	11.1617	8.6910	14.8325	32.1217	29.3901	20.8511	4.9180	0.0000	14.0241	0.1431	0.1660	0.0177	1.8178	1.8509	0.0001	0.0030	0.0000	0.0179	0.0128	0.0191	0.0012	0.0566	0.0630	0.0000	0.0006	0.0001	0.0013	0.0195	0.0338	-0.0028	-0.0002	2.8733	1.0007	1.5522	1.4004	0.0064	0.0063	0.0001	0.0063	0.0063	0.0000	0.0001	0.0000	0.0001	0.0004	0.0004	0.0000	0.0004	0.0004	0.0000	0.0000	0.0000	0.0000	0.0449	0.0379	0.0069	0.0035	0.0034	0.0001	0.0414	0.0345	0.0069	0.0295	0.0191	0.0103	0.0064	0.0058	0.0007	0.0230	0.0133	0.0097	11.1617	8.6910	14.8325	32.1217	29.3901	20.8511	4.9180	0.0000	14.0241	0.0128	0.0191	0.0012	0.0566	0.0630	0.0000	0.0006	0.0001	0.0013
78	110	0.1107	4	0	0	0	0	0	0	0	0	N	N	N	N	N	N	N	N	N	N	N	N	80.8955	7.9449	16469.1314	8.2298	8.4585	0.1822	31358.8134	0.0000	92360.6732	0.3196	0.0478	1.8664	0.1310	0.1447	0.0003	0.4045	0.0000	2.3245	0.0040	0.0060	0.0001	0.0159	0.0171	0.0016	0.0000	0.0000	0.0000	6.8697	0.0101	0.0030	-0.0001	2.8733	0.3039	1.5522	2.8719	0.0072	0.0009	0.0063	0.0009	0.0009	0.0000	0.0063	0.0000	0.0063	0.0002	0.0002	0.0000	0.0002	0.0002	0.0000	0.0000	0.0000	0.0000	0.0226	0.0192	0.0034	0.0070	0.0063	0.0007	0.0156	0.0129	0.0027	0.0445	0.0289	0.0155	0.0110	0.0102	0.0008	0.0335	0.0188	0.0147	80.8955	7.9449	16469.1314	8.2298	8.4585	0.1822	31358.8134	0.0000	92360.6732	0.0040	0.0060	0.0001	0.0159	0.0171	0.0016	0.0000	0.0000	0.0000
78	111	0.0582	3	0	0	0	0	0	0	0	0	N	N	N	N	N	N	N	N	N	N	N	N	11.8855	5.7850	4907.6537	32.3361	30.3465	inf	132.8781	0.0000	4768.7213	0.0164	0.0125	0.0394	0.2660	0.2674	0.0009	0.0060	0.0000	0.0394	0.0014	0.0022	0.0000	0.0082	0.0088	0.0000	0.0000	0.0001	0.0000	0.5446	0.0021	-0.0003	-0.0001	2.8733	3.8240	1.5522	8.1760	0.0026	0.0017	0.0009	0.0017	0.0017	0.0000	0.0009	0.0000	0.0009	0.0002	0.0002	0.0000	0.0002	0.0002	0.0000	0.0000	0.0000	0.0000	0.1588	0.1355	0.0234	0.0064	0.0063	0.0000	0.1525	0.1291	0.0233	0.1367	0.0875	0.0492	0.0224	0.0209	0.0015	0.1143	0.0666	0.0478	11.8855	5.7850	4907.6537	32.3361	30.3465	inf	132.8781	0.0000	4768.7213	0.0014	0.0022	0.0000	0.0082	0.0088	0.0000	0.0000	0.0001	0.0000
78	112	0.0285	2	0	0	0	0	0	0	0	0	N	N	N	N	N	N	N	N	N	N	N	N	2.3337	1.7148	2.9358	0.2826	0.2868	0.1063	2.6946	0.1687	2.9271	2.7733	4.4705	0.1035	6.1895	6.2022	0.0015	0.0720	0.0000	0.1037	1.1884	2.6070	0.0353	21.8996	21.6273	0.0145	0.0267	0.0000	0.0354	0.0147	0.0223	-0.0394	-0.1324	2.8733	0.0953	1.5522	6.8761	0.0881	0.0868	0.0013	0.0868	0.0868	0.0000	0.0013	0.0000	0.0013	0.2555	0.2499	0.0056	0.2500	0.2499	0.0000	0.0056	0.0000	0.0056	0.0318	0.0194	0.0123	0.0140	0.0140	0.0000	0.0177	0.0054	0.0123	0.3587	0.2003	0.1585	0.1504	0.1490	0.0014	0.2083	0.0512	0.1571	3.8934	3.5821	2.9358	3.7251	3.6982	0.1063	2.6946	0.1687	2.9271	0.7123	1.2480	0.0353	1.6616	1.6771	0.0145	0.0267	0.0000	0.0354
78	115	0.1915	4	0	0	0	0	0	0	0	0	N	N	N	N	N	N	N	N	N	N	N	N	28.8788	0.0114	40.7097	24.4853	0.0302	320.7188	20.7216	0.0000	34.9072	3.4036	0.0002	19.6945	0.5948	0.0007	10.9675	4.1160	0.0000	20.2855	0.1179	0.0142	0.4838	0.0243	0.0232	0.0342	0.1986	0.0007	0.5811	25411.8042	11.0034	0.8596	0.0209	2.8733	8.9918	1.5522	13.3277	1.5972	0.0001	1.5972	0.0565	0.0001	0.0564	1.5407	0.0000	1.5407	0.0554	0.0046	0.0508	0.0053	0.0045	0.0008	0.0501	0.0001	0.0500	0.4693	0.3882	0.0811	0.0949	0.0898	0.0051	0.3743	0.2984	0.0760	0.4702	0.3261	0.1441	0.2178	0.1955	0.0224	0.2523	0.1307	0.1217	28.8788	0.0114	55.8491	24.4853	0.0302	320.7188	20.7216	0.0000	49.3264	0.1179	0.0142	0.3526	0.0243	0.0232	0.0342	0.1986	0.0007	0.4112
79	80	0.1025	5	0	1	0	0	0	0	0	0	N	N	N	N	N	N	N	N	N	N	N	N	0.0119	0.0081	0.1069	0.0026	0.0025	0.0000	0.0989	0.1042	0.1231	0.0004	0.0003	0.0006	0.0004	0.0004	0.0000	0.0004	0.0003	0.0006	0.0307	0.0414	0.0052	0.1373	0.1449	0.0228	0.0037	0.0031	0.0046	0.2645	0.0533	-0.0000	-0.0018	0.2102	2.0196	3.4985	6.0690	0.0000	0.0000	0.0000	0.0000	0.0000	0.0000	0.0000	0.0000	0.0000	0.0037	0.0035	0.0002	0.0034	0.0033	0.0000	0.0003	0.0002	0.0002	0.0095	0.0082	0.0013	0.0020	0.0020	0.0000	0.0075	0.0062	0.0013	0.1198	0.0843	0.0355	0.0345	0.0332	0.0013	0.0853	0.0511	0.0342	0.0119	0.0081	0.1069	0.0036	0.0035	0.0000	0.0989	0.1042	0.1231	0.0307	0.0414	0.0052	0.0975	0.1003	0.0228	0.0037	0.0031	0.0046
79	81	0.0942	4	0	0	0	0	0	0	0	0	N	N	N	N	N	N	N	N	N	N	N	N	0.7634	0.5495	3.5819	0.0779	0.0770	0.1744	5.2880	12.4027	3.6289	0.0401	0.0378	0.0535	0.0355	0.0356	0.0032	0.0414	0.0385	0.0538	0.0526	0.0688	0.0149	0.4554	0.4627	0.0184	0.0078	0.0031	0.0148	0.2468	0.0936	-0.0001	-0.0007	0.2102	0.9876	3.4985	0.9833	0.0002	0.0002	0.0000	0.0000	0.0000	0.0000	0.0002	0.0001	0.0000	0.0016	0.0014	0.0001	0.0014	0.0014	0.0000	0.0002	0.0000	0.0001	0.0048	0.0041	0.0007	0.0010	0.0010	0.0000	0.0038	0.0031	0.0007	0.0301	0.0210	0.0091	0.0083	0.0080	0.0003	0.0217	0.0130	0.0088	0.7634	0.5495	3.5819	0.2097	0.2037	0.1744	5.2880	12.4027	3.6289	0.0526	0.0688	0.0149	0.1693	0.1748	0.0184	0.0078	0.0031	0.0148
79	82	0.1119	4	1	0	1	0	0	0	0	0	N	N	N	N	N	N	N	N	N	N	N	N	364.5315	294.9746	0.0000	89.2337	74.2728	0.0000	2635.5570	2378.4925	0.0000	13.9215	16.1213	0.0000	19.2709	19.3433	0.0000	12.5324	15.1159	0.0000	0.0382	0.0547	0.0024	0.2160	0.2604	0.0001	0.0048	0.0064	0.0025	0.0000	0.0206	-0.0309	-0.0010	0.2102	1.0000	3.4985	2.9874	0.0669	0.0669	0.0000	0.0191	0.0191	0.0000	0.0478	0.0478	0.0000	0.0020	0.0019	0.0000	0.0018	0.0018	0.0000	0.0002	0.0001	0.0000	0.0048	0.0041	0.0007	0.0010	0.0010	0.0000	0.0038	0.0032	0.0007	0.0514	0.0352	0.0162	0.0141	0.0135	0.0006	0.0373	0.0217	0.0156	364.5315	294.9746	0.0000	152.1220	146.2589	0.0000	2635.5570	2378.4925	0.0000	0.0382	0.0547	0.0024	0.1267	0.1323	0.0001	0.0048	0.0064	0.0025
79	83	0.0836	3	1	0	1	0	0	0	0	0	N	N	N	N	N	N	N	N	N	N	N	N	893.5091	537.0661	11604.7724	5369.2385	5277.3603	0.0000	284.8508	0.0113	11534.5499	14.5218	11.9915	30.8176	46.9196	47.3271	0.0000	5.3189	0.0003	31.2607	0.0163	0.0223	0.0027	0.0087	0.0090	0.0000	0.0187	0.0293	0.0027	0.3990	0.0531	-0.0118	-0.0007	0.2102	0.9997	3.4985	6.0128	0.0668	0.0478	0.0191	0.0478	0.0478	0.0000	0.0191	0.0000	0.0191	0.0014	0.0013	0.0001	0.0002	0.0002	0.0000	0.0012	0.0011	0.0001	0.0046	0.0040	0.0006	0.0010	0.0010	0.0000	0.0036	0.0030	0.0006	0.0858	0.0593	0.0265	0.0209	0.0204	0.0005	0.0649	0.0389	0.0260	893.5091	537.0661	11604.7724	5369.2385	5277.3603	0.0000	284.8508	0.0113	11534.5499	0.0163	0.0223	0.0027	0.0087	0.0090	0.0000	0.0187	0.0293	0.0027
79	84	0.0418	2	0	1	0	1	0	0	0	0	N	N	N	N	N	N	N	N	N	N	N	N	0.0042	0.0439	0.0038	0.0067	0.0092	0.0000	0.0031	0.0674	0.0040	0.0160	0.0053	0.0865	0.0205	0.0205	0.0000	0.0149	0.0008	0.0866	3.8510	0.1196	22.8413	3.0712	2.2273	46.2758	4.8452	0.0122	21.3822	2.5149	46.2774	0.0001	0.3942	0.2102	8.0013	3.4985	12.0015	0.0006	0.0002	0.0004	0.0001	0.0001	0.0000	0.0004	0.0000	0.0004	0.8981	0.0190	0.8791	0.0227	0.0177	0.0051	0.8753	0.0013	0.8740	0.0363	0.0315	0.0048	0.0071	0.0071	0.0000	0.0292	0.0244	0.0048	0.2332	0.1589	0.0743	0.0525	0.0517	0.0008	0.1807	0.1072	0.0735	0.0042	0.0439	0.0073	0.0474	0.0599	0.0000	0.0031	0.0674	0.0073	3.8510	0.1196	11.8256	0.4329	0.3422	6.0155	4.8452	0.0122	11.8920
79	85	0.0982	4	0	1	0	0	0	0	0	0	N	N	N	N	N	N	N	N	N	N	N	N	0.0000	0.0000	0.0000	0.0000	0.0000	0.0000	0.0000	0.0000	0.0000	0.0000	0.0000	0.0000	0.0000	0.0000	0.0000	0.0000	0.0000	0.0000	8.7245	0.1166	64.7363	1.7043	1.5631	0.1137	11.3984	0.0153	64.4882	101.3477	0.0000	0.4349	0.2102	1.0000	3.4985	6.9850	0.0000	0.0000	0.0000	0.0000	0.0000	0.0000	0.0000	0.0000	0.0000	0.9657	0.0094	0.9563	0.0088	0.0087	0.0001	0.9569	0.0008	0.9562	0.0048	0.0041	0.0006	0.0010	0.0010	0.0000	0.0038	0.0032	0.0006	0.1160	0.0810	0.0350	0.0320	0.0309	0.0011	0.0840	0.0501	0.0339	0.0000	0.0000	0.0000	0.0000	0.0000	0.0000	0.0000	0.0000	0.0000	8.3281	0.1166	27.3182	0.2749	0.2809	0.1137	11.3984	0.0153	28.2286	
79	86	0.0855	3	0	0	0	0	0	0	0	0	N	N	N	N	N	N	N	N	N	N	N	N	4.7030	102.2965	3.4718	28.7662	132.2931	1.9473	2.4471	0.1389	3.6188	0.1017	0.0659	0.2396	0.2003	0.2001	0.3017	0.0666	0.0000	0.2394	0.0216	0.0006	0.0690	0.0070	0.0015	0.1549	0.0272	0.0001	0.0662	0.9420	47.3953	0.0000	0.0004	0.2102	1.0086	3.4985	2.0000	0.0006	0.0003	0.0003	0.0003	0.0003	0.0000	0.0003	0.0000	0.0003	0.0010	0.0000	0.0010	0.0001	0.0000	0.0001	0.0009	0.0000	0.0009	0.0060	0.0048	0.0012	0.0016	0.0016	0.0000	0.0044	0.0032	0.0012	0.0459	0.0318	0.0141	0.0127	0.0123	0.0005	0.0332	0.0196	0.0136	4.7030	102.2965	3.4720	28.7662	132.2931	1.9473	2.4471	0.1389	3.6188	0.0216	0.0006	0.0690	0.0070	0.0015	0.1549	0.0272	0.0001	0.0662
79	87	0.0836	3	0	1	0	0	0	0	0	0	N	N	N	N	N	N	N	N	N	N	N	N	257.3673	158.4105	2314.9435	231.1473	227.1438	0.0000	588.8273	0.0342	2300.8936	3.7289	3.0732	8.0138	12.0286	12.1323	0.0000	1.3664	0.0001	8.1299	0.0145	0.0194	0.0035	0.0520	0.0534	0.0000	0.0023	0.0015	0.0035	0.3991	0.0795	-0.0118	-0.0009	0.2102	4.0000	3.4985	7.0000	0.0669	0.0478	0.0191	0.0478	0.0478	0.0000	0.0191	0.0000	0.0191	0.0019	0.0018	0.0001	0.0017	0.0017	0.0000	0.0002	0.0001	0.0001	0.0179	0.0156	0.0024	0.0040	0.0039	0.0000	0.0140	0.0116	0.0023	0.1311	0.0907	0.0404	0.0321	0.0313	0.0008	0.0990	0.0594	0.0396	257.3673	158.4105	2314.9435	231.1473	227.1438	0.0000	588.8273	0.0342	2300.8936	0.0145	0.0194	0.0035	0.0520	0.0534	0.0000	0.0023	0.0015	0.0035
79	88	0.0418	2	0	0	0	0	0	0	0	0	N	N	N	N	N	N	N	N	N	N	N	N	1.2214	0.4064	3.0366	0.0306	0.0311	0.0000	1.6650	0.5807	3.0009	4.6648	1.5409	24.3954	6.7459	6.7485	0.0000	4.1546	0.0031	24.4090	3.8193	3.7920	8.0339	220.6546	216.8254	1.1247	2.4953	0.0053	8.1339	2.5067	1.0334	0.0169	-0.0151	0.2102	2.9985	3.4985	7.0016	0.0669	0.0191	0.0478	0.0190	0.0190	0.0000	0.0478	0.0000	0.0478	0.4769	0.2345	0.2424	0.2347	0.2342	0.0005	0.2422	0.0003	0.2419	0.0143	0.0124	0.0020	0.0028	0.0028	0.0000	0.0115	0.0096	0.0020	0.1249	0.0847	0.0402	0.0278	0.0274	0.0004	0.0971	0.0573	0.0398	1.2214	0.5562	4.0472	0.7991	0.7883	0.0000	1.6650	0.5807	4.0127	3.8193	2.7704	6.0278	8.4420	8.5610	1.0505	2.4953	0.0053	6.0829
79	89	0.1028	5	0	1	0	0	0	0	0	0	N	N	N	N	N	N	N	N	N	N	N	N	0.0006	0.0002	0.0016	0.0000	0.0000	1.9042	0.0008	0.0000	0.0013	0.0023	0.0008	0.0126	0.0025	0.0017	0.4763	0.0022	0.0000	0.0104	3.5836	3.5233	8.0143	155.2368	174.1351	0.2501	2.5851	0.0064	8.2177	2.4340	1.0333	0.0000	-0.0152	0.2102	0.0157	3.4985	9.0253	0.0000	0.0000	0.0000	0.0000	0.0000	0.0000	0.0000	0.0000	0.0000	0.4790	0.2356	0.2434	0.2357	0.2352	0.0005	0.2433	0.0004	0.2429	0.0002	0.0002	0.0000	0.0001	0.0001	0.0000	0.0001	0.0001	0.0000	0.1337	0.0933	0.0404	0.0395	0.0376	0.0019	0.0941	0.0556	0.0385	0.0006	0.0003	0.0021	0.0004	0.0003	1.9042	0.0008	0.0000	0.0016	3.5836	2.5260	6.0248	5.9597	6.2534	0.2501	2.5851	0.0064	6.3153
79	90	0.0942	4	0	1	0	0	0	0	0	0	N	N	N	N	N	N	N	N	N	N	N	N	2.1976	2.1378	1.8902	0.4889	0.5475	3.3360	2.4366	0.0219	1.8959	0.3243	0.2485	0.4569	0.3994	0.4002	0.0520	0.2751	0.0012	0.4579	0.1476	0.1162	0.2417	0.8171	0.7310	0.0156	0.1129	0.0565	0.2415	1.0503	0.7066	0.0000	-0.0005	0.2102	0.0169	3.4985	2.0013	0.0001	0.0000	0.0000	0.0000	0.0000	0.0000	0.0000	0.0000	0.0000	0.0043	0.0025	0.0018	0.0018	0.0018	0.0000	0.0025	0.0008	0.0018	0.0002	0.0001	0.0001	0.0001	0.0001	0.0000	0.0001	0.0001	0.0001	0.0308	0.0215	0.0093	0.0085	0.0082	0.0003	0.0223	0.0133	0.0090	2.3392	2.1378	2.3977	1.9421	1.8817	3.3360	2.4366	0.0219	2.3304	0.1386	0.1162	0.1906	0.2057	0.2127	0.0156	0.1129	0.0565	0.1965
79	91	0.0855	3	0	0	0	0	0	0	0	0	N	N	N	N	N	N	N	N	N	N	N	N	409.1710	5809.3458	327.3233	2506.4058	9281.3949	15.5355	219.2900	64.0515	358.2264	13.0787	7.7007	38.5276	26.9035	26.9553	3.4775	8.8102	0.0206	38.6326	0.0320	0.0013	0.1177	0.0107	0.0029	0.2238	0.0402	0.0003	0.1078	1.0573	33.8449	0.0073	0.0004	0.2102	1.9923	3.4985	0.0454	0.1390	0.0676	0.0714	0.0674	0.0674	0.0000	0.0715	0.0001	0.0714	0.0010	0.0000	0.0010	0.0001	0.0000	0.0001	0.0009	0.0000	0.0009	0.0106	0.0088	0.0019	0.0025	0.0025	0.0000	0.0081	0.0063	0.0018	0.0316	0.0219	0.0097	0.0088	0.0085	0.0003	0.0228	0.0134	0.0094	409.1710	5809.3458	382.1974	2506.4058	9281.3949	15.5355	219.2900	64.0515	399.4039	0.0320	0.0013	0.1008	0.0107	0.0029	0.2238	0.0402	0.0003	0.0967
79	92	0.0418	2	0	0	0	0	0	0	0	0	N	N	N	N	N	N	N	N	N	N	N	N	0.0094	1.0792	0.0053	0.1203	0.5590	0.0028	0.0048	0.0107	0.0056	0.1408	0.0848	0.4776	0.3596	0.3596	0.2198	0.0856	0.0002	0.4778	14.9234	0.0785	90.6870	2.9895	0.6434	77.8725	17.7825	0.0162	85.6549	0.9387	260.3810	0.0000	0.7951	0.2102	1.0098	3.4985	9.0196	0.0007	0.0004	0.0003	0.0004	0.0004	0.0000	0.0003	0.0000	0.0003	1.7427	0.0067	1.7360	0.0118	0.0057	0.0061	1.7309	0.0009	1.7299	0.0050	0.0043	0.0007	0.0010	0.0010	0.0000	0.0040	0.0033	0.0007	0.1252	0.0849	0.0403	0.0279	0.0274	0.0004	0.0973	0.0575	0.0399	0.0101	1.0792	0.0111	0.8471	1.7207	0.0159	0.0048	0.0107	0.0110	13.9177	0.0785	43.0572	0.4245	0.2090	13.8103	17.7825	0.0162	43.3811
79	93	0.1385	7	1	1	0	1	0	0	0	0	N	N	N	N	N	N	N	N	N	N	N	N	0.0000	0.0000	0.0000	0.0000	0.0000	0.0000	0.0000	0.0000	0.0000	0.0000	0.0000	0.0000	0.0000	0.0000	0.0000	0.0000	0.0000	0.0000	0.0000	0.0000	0.2102	0.0000	3.4985	0.0000	0.0000	0.0000	0.0000	0.0000	0.0000	0.0000	0.0000	0.0000	0.0000	0.0000	0.0000	0.0000	0.0000	0.0000	0.0000	0.0000	0.0000	0.0000	0.0000	0.0000	0.0000	0.0000	0.0000	0.0000	0.0000	0.0000	0.0000	0.0000	0.0000	0.0000	0.0000	0.0000	0.0000	0.0000	0.0000	0.0000	0.0000	0.0000	0.0000	0.0000	0.0000	0.0000	0.0000	0.0000	0.0000	0.0000	0.0000	0.0000	0.0000	0.0000	0.0000	0.0000	0.0000	0.0000											
79	94	0.1385	6	1	1	0	1	0	0	0	0	N	N	N	N	N	N	N	N	N	N	N	N	0.0000	0.0000	0.0000	0.0000	0.0000	0.0000	0.0000	0.0000	0.0000	0.0000	0.0000	0.0000	0.0000	0.0000	0.0000	0.0000	0.0000	0.0819	0.0608	0.2020	0.1725	0.1402	0.8994	0.0573	0.0000	0.1799	0.7240	0.0000	-0.0000	0.2102	0.0000	3.4985	0.0001	0.0000	0.0000	0.0000	0.0000	0.0000	0.0000	0.0000	0.0000	0.0000	0.0000	0.0000	0.0000	0.0000	0.0000	0.0000	0.0000	0.0000	0.0000	0.0000	0.0000	0.0000	0.0000	0.0000	0.0000	0.0000	0.0000	0.0000	0.0000	0.0000	0.0000	0.0000	0.0000	0.0000	0.0000	0.0000	0.0000	0.0000	0.0000	0.0000	0.0000	0.0000	0.0000	0.0000	0.0000	0.0000	0.0819	0.0608	0.1567	0.1079	0.0996	0.5845	0.0573	0.0000	0.1398		
79	95	0.1205	5	0	1	0	1	0	0	0	0	N	N	N	N	N	N	N	N	N	N	N	N	2414.7601	658.0674	29474.3132	835.0786	815.6139	0.0000	7118.8769	5.5412	29323.2519	10.6542	3.8473	36.4347	10.7272	10.7664	0.0000	10.6254	0.0092	36.6155	0.0044	0.0058	0.0012	0.0128	0.0132	0.0007	0.0015	0.0017	0.0012	2.5004	0.0955	0.0166	-0.0001	0.2102	0.9845	3.4985	0.9903	0.0657	0.0188	0.0469	0.0187	0.0187	0.0000	0.0470	0.0000	0.0469	0.0001	0.0001	0.0000	0.0001	0.0001	0.0000	0.0000	0.0000	0.0000	0.0062	0.0049	0.0013	0.0017	0.0017	0.0000	0.0044	0.0031	0.0013	0.0269	0.0185	0.0084	0.0069	0.0067	0.0002	0.0200	0.0118	0.0082	2414.7601	658.0674	29474.3132	835.0786	815.6139	0.0000	7118.8769	5.5412	29323.2519	0.0044	0.0058	0.0012	0.0128	0.0132	0.0007	0.0015	0.0017	0.0012
79	96	0.1177	5	0	1	0	0	0	0	0	0	N	N	N	N	N	N	N	N	N	N	N	N	0.0108	0.0108	0.0157	0.0058	0.0057	0.0000	0.0057	0.0000	0.0150	0.0018	0.0015	0.0037	0.0061	0.0061	0.0000	0.0006	0.0000	0.0037	0.1631	0.1354	0.2366	1.0472	1.0742	0.0215	0.1110	0.0414	0.2502	0.3992	0.5956	-0.0000	-0.0022	0.2102	1.0063	3.4985	3.7812	0.0000	0.0000	0.0000	0.0000	0.0000	0.0000	0.0000	0.0000	0.0000	0.0131	0.0082	0.0049	0.0070	0.0069	0.0001	0.0062	0.0013	0.0048	0.0049	0.0043	0.0007	0.0010	0.0010	0.0000	0.0039	0.0032	0.0007	0.0874	0.0608	0.0265	0.0318	0.0290	0.0028	0.0556	0.0318	0.0237	0.0117	0.0108	0.0201	0.0279	0.0257	0.0000	0.0057	0.0000	0.0183	0.1504	0.1354	0.1849	0.2193	0.2385	0.0215	0.1110	0.0414	0.2043
79	97	0.1205	5	0	0	1	1	0	0	0	0	N	N	N	N	N	N	N	N	N	N	N	N	80.5328	76.8763	98.7704	78.4399	78.7184	0.0000	71.8597	inf	102.4929	0.1812	0.1633	0.2496	0.4598	0.4615	0.0000	0.0719	0.0000	0.2509	0.0022	0.0021	0.0025	0.0059	0.0059	0.0058	0.0010	0.0000	0.0024	0.3991	0.5376	-0.0002	-0.0000	0.2102	1.0165	3.4985	1.0129	0.0011	0.0008	0.0003	0.0008	0.0008	0.0000	0.0003	0.0000	0.0003	0.0001	0.0000	0.0000	0.0000	0.0000	0.0000	0.0000	0.0000	0.0000	0.0063	0.0050	0.0013	0.0018	0.0018	0.0000	0.0045	0.0032	0.0013	0.0276	0.0190	0.0086	0.0071	0.0069	0.0002	0.0205	0.0121	0.0084	80.5328	76.8763	98.7704	78.4399	78.7184	0.0000	71.8597	inf	102.4929	0.0022	0.0021	0.0025	0.0059	0.0059	0.0058	0.0010	0.0000	0.0024
79	98	0.1076	4	0	0	0	1	0	0	0	0	N	N	N	N	N	N	N	N	N	N	N	N	456.1457	678.8325	725.3610	1260.5380	1203.4802	310.7755	2.3007	699.1938	0.1529	0.0728	0.6030	0.2787	0.2797	0.0000	0.1170	0.0001	0.6064	0.0003	0.0001	0.0008	0.0002	0.0002	0.0000	0.0004	0.0000	0.0009	1.4719	3.5575	0.0002	0.0000	0.2102	2.0241	3.4985	1.0265	0.0016	0.0006	0.0009	0.0006	0.0006	0.0000	0.0009	0.0000	0.0009	0.0000	0.0000	0.0000	0.0000	0.0000	0.0000	0.0000	0.0000	0.0000	0.0103	0.0087	0.0016	0.0023	0.0023	0.0000	0.0080	0.0065	0.0015	0.0402	0.0275	0.0126	0.0107	0.0102	0.0005	0.0295	0.0174	0.0121	456.1457	678.8325	725.3610	1260.5380	1203.4802	0.0000	310.7755	2.3007	699.1938	0.0003	0.0001	0.0008	0.0002	0.0002	0.0000	0.0004	0.0000	0.0009	
79	99	0.1076	4	0	0	1	1	0	0	0	0	N	N	N	N	N	N	N	N	N	N	N	N	inf	inf	inf	inf	inf	inf	inf	inf	0.0352	0.0312	0.0587	0.1015	0.1019	0.0000	0.0169	0.0074	0.0591	0.0000	0.0000	0.0000	0.0000	0.0000	0.0000	0.0000	0.0000	0.0000	0.3186	-0.0001	0.0000	0.2102	3.0066	3.4985	0.0000	0.0005	0.0004	0.0001	0.0003	0.0003	0.0000	0.0002	0.0001	0.0001	0.0000	0.0000	0.0000	0.0000	0.0000	0.0000	0.0000	0.0000	0.0000	0.0149	0.0127	0.0022	0.0032	0.0032	0.0000	0.0116	0.0095	0.0021	0.0396	0.0271	0.0125	0.0106	0.0100	0.0005	0.0291	0.0171	0.0119	inf	inf	inf	inf	inf	0.0000	inf	inf	inf	0.0000	0.0000	0.0000	0.0000	0.0000	0.0000	0.0000	0.0000	0.0000		
79	100	0.1333	4	0	0	1	1	0	0	0	0	N	N	N	N	N	N	N	N	N	N	N	N	0.0000	0.0000	0.0000	0.0000	0.0000	0.0000	0.0000	0.0000	0.0000	0.0000	0.0000	0.0000	0.0000	0.0000	0.0000	0.0000	0.0016	0.0011	0.0024	0.0029	0.0031	0.0000	0.0011	0.0000	0.0025	1.0000	0.0000	-0.0000	0.2102	0.0000	3.4985	2.0000	0.0000	0.0000	0.0000	0.0000	0.0000	0.0000	0.0000	0.0000	0.0000	0.0000	0.0000	0.0000	0.0000	0.0000	0.0000	0.0000	0.0000	0.0000	0.0000	0.0000	0.0000	0.0000	0.0000	0.0000	0.0000	0.0000	0.0000	0.0256	0.0174	0.0082	0.0069	0.0065	0.0004	0.0188	0.0109	0.0079	0.0000	0.0000	0.0000	0.0000	0.0000	0.0000	0.0000	0.0000	0.0000	0.0016	0.0011	0.0024	0.0029	0.0031	0.0000	0.0011	0.0000	0.0025			
79	101	0.0943	3	0	0	1	1	0	0	0	0	N	N	N	N	N	N	N	N	N	N	N	N	0.9831	1.8001	0.9686	1.0946	3.1534	0.0000	1.3439	0.0000	4.1573	0.0023	0.0019	0.0050	0.0077	0.0078	0.0000	0.0009	0.0000	0.0051	0.0024	0.0011	0.0052	0.0070	0.0025	0.1001	0.0006	0.0002	0.0012	0.4046	2.2566	-0.0000	0.0000	0.2102	5.8899	3.4985	3.1847	0.0001	0.0000	0.0000	0.0000	0.0000	0.0000	0.0000	0.0000	0.0000	0.0003	0.0001	0.0002	0.0002	0.0001	0.0002	0.0001	0.0000	0.0000	0.0280	0.0243	0.0037	0.0061	0.0060	0.0001	0.0219	0.0183	0.0037	0.1197	0.0820	0.0377	0.0326	0.0311	0.0015	0.0871	0.0509	0.0362	0.9831	1.8001	0.9686	1.0946	3.1534	0.0000	1.3439	0.0000	4.1573	0.0024	0.0011	0.0052	0.0070	0.0025	0.1001	0.0006	0.0002	0.0012
79	102	0.1411	3	1	1	0	0	0	0	0	0	N	N	N	N	N	N	N	N	N	N	N	N	0.0000	0.0000	0.0000	0.0000	0.0000	0.0000	0.0000	0.0000	0.0000	0.0000	0.0000	0.0000	0.0000	0.0000	0.0000	0.0000	0.0000	0.0000	0.0000	0.0000	0.2102	0.0000	3.4985	0.0000	0.0000	0.0000	0.0000	0.0000	0.0000	0.0000	0.0000	0.0000	0.0000	0.0000	0.0000	0.0000	0.0000	0.0000	0.0000	0.0000	0.0000	0.0000	0.0000	0.0000	0.0000	0.0000	0.0000	0.0000	0.0000	0.0000	0.0000	0.0000	0.0000	0.0000	0.0000	0.0000	0.0000	0.0000	0.0000	0.0000	0.0000	0.0000	0.0000	0.0000	0.0000	0.0000	0.0000	0.0000	0.0000	0.0000	0.0000	0.0000	0.0000	0.0000	0.0000	0.0000	0.0000	0.0000											
79	103	0.0418	2	1	1	0	0	0	0	0	0	N	N	N	N	N	N	N	N	N	N	N	N	1.1763	0.1614	5.5647	0.1083	0.1014	0.0000	2.0113	0.2370	5.5422	0.0771	0.0087	0.5254	0.0289	0.0290	0.0000	0.0888	0.0029	0.5257	0.0656	0.0542	0.0944	0.2674	0.2856	0.0030	0.0442	0.0121	0.0949	9.1719	0.7757	0.0012	-0.0017	0.2102	8.0012	3.4985	14.0016	0.0028	0.0003	0.0025	0.0002	0.0002	0.0000	0.0026	0.0001	0.0025	0.0166	0.0093	0.0073	0.0079	0.0079	0.0000	0.0087	0.0014	0.0072	0.0363	0.0315	0.0048	0.0071	0.0071	0.0000	0.0292	0.0244	0.0048	0.2531	0.1726	0.0805	0.0572	0.0562	0.0009	0.1959	0.1163	0.0796	1.1763	0.1614	5.8349	0.2083	0.2051	0.0000	2.0113	0.2370	5.7739	0.0656	0.0542	0.0900	0.1390	0.1412	0.0030	0.0442	0.0121	0.0910
79	104	0.1047	3	0	1	0	0	0	0	0	0	N	N	N	N	N	N	N	N	N	N	N	N	11.4017	14.9630	0.0000	27.3051	27.3972	0.0000	0.0019	0.0279	0.0000	0.0074	0.0085	0.0000	0.0356	0.0357	0.0000	0.0000	0.0000	0.0000	0.0006	0.0006	0.0008	0.0013	0.0013	0.0013	0.0003	0.0000	0.0008	0.0000	0.6614	-0.0000	-0.0000	0.2102	2.0010	3.4985	1.0153	0.0001	0.0001	0.0000	0.0001	0.0001	0.0000	0.0000	0.0000	0.0000	0.0000	0.0000	0.0000	0.0000	0.0000	0.0000	0.0000	0.0000	0.0000	0.0095	0.0082	0.0013	0.0020	0.0019	0.0000	0.0075	0.0062	0.0013	0.0405	0.0277	0.0128	0.0128	0.0117	0.0011	0.0277	0.0160	0.0117	11.4017	14.9630	0.0000	27.3051	27.3972	0.0000	0.0019	0.0279	0.0000	0.0006	0.0006	0.0008	0.0013	0.0013	0.0013	0.0003	0.0000	0.0008
79	105	0.0418	2	0	1	0	0	0	0	0	0	N	N	N	N	N	N	N	N	N	N	N	N	0.0477	0.2047	0.0264	0.2793	0.3094	0.0000	0.0151	0.0000	0.0263	0.0064	0.0053	0.0133	0.0232	0.0232	0.0000	0.0023	0.0000	0.0133	0.1337	0.0258	0.5029	0.0830	0.0749	0.7380	0.1493	0.0031	0.5045	0.3972	6.6232	-0.0000	0.0075	0.2102	3.0162	3.4985	11.0438	0.0001	0.0001	0.0000	0.0001	0.0001	0.0000	0.0000	0.0000	0.0000	0.0228	0.0030	0.0198	0.0030	0.0028	0.0003	0.0198	0.0002	0.0195	0.0144	0.0125	0.0020	0.0028	0.0028	0.0000	0.0116	0.0096	0.0020	0.1707	0.1160	0.0547	0.0382	0.0376	0.0006	0.1325	0.0784	0.0541	0.0477	0.2047	0.0366	0.2919	0.3166	0.0000	0.0151	0.0000	0.0367	0.1337	0.0258	0.3622	0.0794	0.0732	0.4601	0.1493	0.0031	0.3611
79	106	0.1427	7	1	1	0	0	0	0	0	0	N	N	N	N	N	N	N	N	N	N	N	N	0.0000	0.0000	0.0000	0.0000	0.0000	0.0000	0.0000	0.0000	0.0000	0.0000	0.0000	0.0000	0.0000	0.0000	0.0000	0.0000	0.0000	0.0000	0.0000	0.0000	0.2102	1.0000	3.4985	1.0000	0.0000	0.0000	0.0000	0.0000	0.0000	0.0000	0.0000	0.0000	0.0000	0.0000	0.0000	0.0000	0.0000	0.0000	0.0000	0.0000	0.0000	0.0000	0.0049	0.0042	0.0007	0.0010	0.0010	0.0000	0.0039	0.0032	0.0007	0.0270	0.0190	0.0080	0.0103	0.0093	0.0010	0.0168	0.0098	0.0070	0.0000	0.0000	0.0000	0.0000	0.0000	0.0000	0.0000	0.0000	0.0000	0.0000	0.0000	0.0000	0.0000	0.0000	0.0000	0.0000	0.0000	0.0000											
79	107	0.1385	6	1	1	0	0	0	0	0	0	N	N	N	N	N	N	N	N	N	N	N	N	0.0000	0.0000	0.0000	0.0000	0.0000	0.0000	0.0000	0.0000	0.0000	0.0000	0.0000	0.0000	0.0000	0.0000	0.0000	0.0000	0.0000	0.0000	1.1606	1.2177	1.6383	7.9722	9.8678	0.0063	0.5863	0.1149	1.6999	1.0558	0.0000	-0.0002	0.2102	0.0000	3.4985	0.9999	0.0000	0.0000	0.0000	0.0000	0.0000	0.0000	0.0000	0.0000	0.0000	0.0090	0.0044	0.0046	0.0038	0.0038	0.0000	0.0052	0.0006	0.0046	0.0000	0.0000	0.0000	0.0000	0.0000	0.0000	0.0000	0.0000	0.0000	0.0136	0.0094	0.0041	0.0046	0.0042	0.0004	0.0089	0.0052	0.0037	0.0000	0.0000	0.0000	0.0000	0.0000	0.0000	0.0000	0.0000	0.0000	0.6658	0.4652	1.1255	0.8189	0.8957	0.0063	0.5863	0.1149	1.2459	
79	108	0.1177	5	1	1	0	0	0	0	0	0	N	N	N	N	N	N	N	N	N	N	N	N	1.8004	1.1898	10.5097	0.9080	0.8472	0.0000	2.7113	0.0000	12.8694	0.1026	0.0893	0.1635	0.2234	0.2237	0.0000	0.0436	0.0000	0.1640	0.0570	0.0751	0.0156	0.2460	0.2641	0.0396	0.0161	0.0186	0.0127	0.3992	0.0904	-0.0000	-0.0023	0.2102	0.0100	3.4985	4.8896	0.0000	0.0000	0.0000	0.0000	0.0000	0.0000	0.0000	0.0000	0.0000	0.0051	0.0046	0.0004	0.0041	0.0040	0.0001	0.0009	0.0006	0.0003	0.0001	0.0001	0.0000	0.0000	0.0000	0.0000	0.0001	0.0000	0.0000	0.0887	0.0618	0.0270	0.0322	0.0294	0.0028	0.0565	0.0324	0.0241	1.8004	1.1898	10.5097	1.7335	1.6273	0.0000	2.7113	0.0000	12.8694	0.0570	0.0751	0.0156	0.1289	0.1375	0.0396	0.0161	0.0186	0.0127
79	109	0.1076	4	0	1	0	0	0	0	0	0	N	N	N	N	N	N	N	N	N	N	N	N	1.1757	0.7547	6.8934	0.2363	0.2344	0.0000	1.9105	0.0002	6.6530	0.0832	0.0706	0.1456	0.2483	0.2491	0.0000	0.0320	0.0000	0.1463	0.0708	0.0936	0.0211	1.0508	1.0629	0.0010	0.0167	0.0131	0.0220	0.4153	0.1037	-0.0001	-0.0010	0.2102	1.0007	3.4985	1.4004	0.0005	0.0003	0.0001	0.0003	0.0003	0.0000	0.0001	0.0000	0.0001	0.0022	0.0020	0.0002	0.0019	0.0019	0.0000	0.0004	0.0002	0.0002	0.0054	0.0045	0.0009	0.0013	0.0013	0.0000	0.0041	0.0032	0.0009	0.0318	0.0218	0.0100	0.0085	0.0080	0.0004	0.0233	0.0137	0.0096	1.1757	0.7547	6.8934	1.1303	1.0789	0.0000	1.9105	0.0002	6.6530	0.0708	0.0936	0.0211	0.2197	0.2309	0.0010	0.0167	0.0131	0.0220
79	110	0.0943	3	0	0	0	0	0	0	0	0	N	N	N	N	N	N	N	N	N	N	N	N	6.1372	1.7767	155.5548	1.1626	1.2203	0.0000	45.5032	0.0402	183.8366	0.2257	0.0904	0.9868	0.2157	0.2298	0.0000	0.2313	0.0002	1.1545	0.0368	0.0509	0.0063	0.1855	0.1884	0.0077	0.0051	0.0042	0.0063	1.9399	0.0578	0.0001	-0.0008	0.2102	0.3039	3.4985	2.8719	0.0005	0.0002	0.0003	0.0002	0.0002	0.0000	0.0003	0.0000	0.0003	0.0017	0.0016	0.0001	0.0016	0.0016	0.0000	0.0002	0.0001	0.0001	0.0022	0.0019	0.0003	0.0008	0.0008	0.0000	0.0014	0.0012	0.0003	0.0472	0.0323	0.0150	0.0137	0.0131	0.0007	0.0335	0.0192	0.0143	6.1372	1.7767	155.5548	1.8875	1.9218	0.0000	45.5032	0.0402	183.8366	0.0368	0.0509	0.0063	0.1143	0.1196	0.0077	0.0051	0.0042	0.0063
79	111	0.0418	2	0	0	0	0	0	0	0	0	N	N	N	N	N	N	N	N	N	N	N	N	2.8011	0.6857	250.0902	1.1193	1.1020	0.0000	14.4958	0.0008	247.7184	0.0368	0.0130	0.1880	0.0573	0.0573	0.0000	0.0317	0.0000	0.1881	0.0131	0.0190	0.0008	0.0512	0.0520	0.0001	0.0022	0.0032	0.0008	2.2676	0.0188	0.0002	-0.0010	0.2102	3.8240	3.4985	8.1760	0.0007	0.0002	0.0005	0.0002	0.0002	0.0000	0.0005	0.0000	0.0005	0.0019	0.0019	0.0000	0.0017	0.0017	0.0000	0.0003	0.0002	0.0000	0.0181	0.0157	0.0025	0.0036	0.0036	0.0000	0.0146	0.0121	0.0025	0.1478	0.1003	0.0475	0.0330	0.0325	0.0005	0.1148	0.0678	0.0470	2.8011	0.6857	250.0902	1.1193	1.1020	0.0000	14.4958	0.0008	247.7184	0.0131	0.0190	0.0008	0.0512	0.0520	0.0001	0.0022	0.0032	0.0008
79	115	0.1751	3	0	0	0	0	0	0	0	0	N	N	N	N	N	N	N	N	N	N	N	N	5.2173	2.7061	9.9504	0.8277	0.7604	32.8982	11.1312	0.3054	9.6324	1.8053	1.0719	3.5778	1.8714	1.9431	1.1519	1.7557	0.0045	3.9488	0.3460	0.3961	0.3596	2.2608	2.5552	0.0350	0.1577	0.0149	0.4099	1.3810	0.4927	0.0207	-0.0252	0.2102	8.9918	3.4985	13.3277	0.1752	0.0736	0.1016	0.0778	0.0734	0.0043	0.0974	0.0001	0.0973	0.1201	0.0804	0.0396	0.0792	0.0785	0.0007	0.0409	0.0020	0.0389	0.0970	0.0686	0.0284	0.0416	0.0378	0.0038	0.0555	0.0309	0.0246	0.4880	0.3404	0.1476	0.2288	0.2090	0.0198	0.2593	0.1314	0.1279	7.3378	4.5365	13.3262	5.4072	5.1746	32.8982	11.1312	0.3054	12.9651	0.2460	0.2363	0.2685	0.3461	0.3755	0.0350	0.1577	0.0149	0.3046
80	82	0.1653	6	1	1	1	0	0	0	0	0	N	N	N	N	N	N	N	N	N	N	N	N	0.0000	0.0000	0.0000	0.0000	0.0000	0.0000	0.0000	0.0000	0.0000	0.0000	0.0000	0.0000	0.0000	0.0004	0.0007	0.0000	0.0025	0.0030	0.0000	0.0000	0.0000	0.0000	0.0000	0.0000	-0.0000	2.0196	1.0000	6.0690	2.9874	0.0000	0.0000	0.0000	0.0000	0.0000	0.0000	0.0000	0.0000	0.0000	0.0000	0.0000	0.0000	0.0000	0.0000	0.0000	0.0000	0.0000	0.0000	0.0278	0.0236	0.0042	0.0009	0.0009	0.0001	0.0269	0.0227	0.0041	0.0677	0.0409	0.0268	0.0119	0.0099	0.0020	0.0558	0.0310	0.0248	0.0000	0.0000	0.0000	0.0000	0.0000	0.0000	0.0000	0.0000	0.0000	0.0004	0.0007	0.0000	0.0025	0.0030	0.0000	0.0000	0.0000	0.0000						
80	83	0.1370	5	1	1	1	0	0	0	0	0	N	N	N	N	N	N	N	N	N	N	N	N	0.0000	0.0000	0.0000	0.0000	0.0000	0.0000	0.0000	0.0000	0.0000	0.0000	0.0000	0.0000	0.0000	0.0008	0.0013	0.0000	0.0067	0.0082	0.0000	0.0000	0.0000	0.0000	0.0000	0.0000	-0.0000	2.0196	0.9997	6.0690	6.0128	0.0000	0.0000	0.0000	0.0000	0.0000	0.0000	0.0000	0.0000	0.0000	0.0001	0.0001	0.0000	0.0001	0.0001	0.0000	0.0000	0.0000	0.0000	0.0276	0.0235	0.0041	0.0021	0.0019	0.0001	0.0255	0.0216	0.0039	0.1111	0.0677	0.0434	0.0135	0.0110	0.0025	0.0976	0.0567	0.0409	0.0000	0.0000	0.0000	0.0000	0.0000	0.0000	0.0000	0.0000	0.0000	0.0008	0.0013	0.0000	0.0067	0.0082	0.0000	0.0000	0.0000	0.0000						
80	84	0.0952	4	0	2	0	1	0	0	0	0	N	Y	N	N	N	N	N	N	N	N	N	N	0.0000	0.0000	0.0000	0.0000	0.0000	0.0000	0.0000	0.0000	0.0000	0.0000	0.0000	0.0000	0.0000	0.0000	0.0000	0.0000	0.0000	3.3781	0.0255	12.0873	0.4441	0.5526	0.0279	3.7092	0.0000	11.9527	225.7262	0.0000	0.4566	2.0196	8.0013	6.0690	12.0015	0.0000	0.0000	0.0000	0.0000	0.0000	0.0000	0.0000	0.0000	0.0000	1.0021	0.0044	0.9977	0.0046	0.0044	0.0001	0.9976	0.0000	0.9976	0.2083	0.1778	0.0304	0.0068	0.0064	0.0004	0.2015	0.1714	0.0301	0.2967	0.1735	0.1232	0.0277	0.0227	0.0050	0.2689	0.1508	0.1182	0.0000	0.0000	0.0000	0.0000	0.0000	0.0000	0.0000	0.0000	0.0000	3.3781	0.0255	8.0993	0.1646	0.1948	0.0279	3.7092	0.0000	8.4420		
80	85	0.0642	4	0	2	0	0	0	0	0	0	N	Y	N	N	N	N	N	N	N	N	N	N	0.7259	0.4901	0.1196	0.1145	0.0336	0.0396	0.0000	1.3349	1.4003	0.0000	0.0000	0.0000	0.0000	0.0464	0.0808	0.0000	11.1637	12.2298	0.0000	0.0000	0.0000	0.0000	0.0000	0.0000	-0.0004	-0.0034	2.0196	1.0000	6.0690	6.9850	0.0009	0.0009	0.0000	0.0009	0.0009	0.0000	0.0000	0.0000	0.0000	0.0063	0.0063	0.0000	0.0063	0.0063	0.0000	0.0000	0.0000	0.0000	0.0276	0.0235	0.0042	0.0007	0.0007	0.0000	0.0269	0.0228	0.0041	0.1359	0.0780	0.0579	0.0062	0.0060	0.0002	0.1297	0.0720	0.0578	0.7259	0.4901	0.0000	1.3116	1.3339	0.0000	0.0000	0.0000	0.0000	0.0464	0.0808	0.0000	1.0178	1.0498	0.0000	0.0000	0.0000	0.0000					
80	86	0.0515	3	0	1	0	0	0	0	0	0	N	N	N	N	N	N	N	N	N	N	N	N	0.0013	0.0008	0.0000	0.0020	0.0021	0.0000	0.0000	0.0000	0.0000	0.0000	0.0000	0.0001	0.0001	0.0000	0.0000	0.0000	0.0000	0.0012	0.0022	0.0000	0.0276	0.0283	0.0051	0.0000	0.0000	0.0000	0.0114	0.0091	-0.0000	-0.0000	2.0196	1.0086	6.0690	2.0000	0.0000	0.0000	0.0000	0.0000	0.0000	0.0000	0.0000	0.0000	0.0000	0.0001	0.0001	0.0000	0.0001	0.0001	0.0000	0.0000	0.0000	0.0000	0.0281	0.0239	0.0042	0.0008	0.0008	0.0000	0.0273	0.0231	0.0042	0.0535	0.0304	0.0231	0.0024	0.0023	0.0001	0.0511	0.0281	0.0230	0.0013	0.0008	0.0000	0.0020	0.0021	0.0000	0.0000	0.0000	0.0000	0.0012	0.0022	0.0000	0.0276	0.0283	0.0051	0.0000	0.0000	0.0000	
80	87	0.1370	5	0	2	0	0	0	0	0	0	N	Y	N	N	N	N	N	N	N	N	N	N	0.0000	0.0000	0.0000	0.0000	0.0000	0.0000	0.0000	0.0000	0.0000	0.0000	0.0000	0.0000	0.0000	0.0000	0.0000	0.0000	0.0000	0.7008	0.0006	1.6315	0.0183	0.0036	0.0827	0.4904	0.0000	1.6801	1219.0000	0.0000	0.0336	2.0196	4.0000	6.0690	7.0000	0.0000	0.0000	0.0000	0.0000	0.0000	0.0000	0.0000	0.0000	0.0000	0.0732	0.0001	0.0731	0.0004	0.0001	0.0003	0.0728	0.0000	0.0728	0.1073	0.0916	0.0157	0.0081	0.0075	0.0006	0.0992	0.0841	0.0151	0.1692	0.1031	0.0661	0.0207	0.0169	0.0039	0.1485	0.0863	0.0622	0.0000	0.0000	0.0000	0.0000	0.0000	0.0000	0.0000	0.0000	0.0000	0.4326	0.0006	1.1067	0.0183	0.0036	0.0827	0.4904	0.0000	1.1704		
80	88	0.0952	4	0	1	0	0	0	0	0	0	N	N	N	N	N	N	N	N	N	N	N	N	1679.2844	1149.0147	63.6684	55.1781	inf	inf	0.2099	0.2466	0.0000	0.0864	0.0911	0.0000	0.2140	0.2524	0.0000	0.0001	0.0002	0.0000	0.0014	0.0017	0.0000	0.0000	0.0000	0.0000	0.0000	0.0000	-0.0079	-0.0000	2.0196	2.9985	6.0690	7.0016	0.0172	0.0172	0.0000	0.0002	0.0002	0.0000	0.0169	0.0169	0.0000	0.0000	0.0000	0.0000	0.0000	0.0000	0.0000	0.0000	0.0000	0.0000	0.0819	0.0697	0.0122	0.0027	0.0025	0.0001	0.0792	0.0672	0.0120	0.1600	0.0932	0.0668	0.0147	0.0121	0.0026	0.1453	0.0811	0.0642	1679.2844	1149.0147	0.0000	63.6684	55.1781	0.0000	inf	inf	0.0000	0.0001	0.0002	0.0000	0.0014	0.0017	0.0000	0.0000	0.0000	0.0000			
80	89	0.0513	3	0	2	0	0	0	0	0	0	N	Y	N	N	N	N	N	N	N	N	N	N	0.0143	0.0000	49.8580	0.0000	0.0000	0.0000	35.6747	0.0000	136.6375	0.0004	0.0000	0.0032	0.0000	0.0000	0.0000	0.0007	0.0000	0.0032	0.0293	0.0511	0.0001	2.5741	3.1352	0.0019	0.0000	0.0000	0.0000	inf	0.0009	0.0000	-0.0025	2.0196	0.0157	6.0690	9.0253	0.0000	0.0000	0.0000	0.0000	0.0000	0.0000	0.0000	0.0000	0.0000	0.0047	0.0047	0.0000	0.0047	0.0047	0.0000	0.0000	0.0000	0.0000	0.0015	0.0013	0.0002	0.0006	0.0006	0.0000	0.0010	0.0008	0.0002	0.1595	0.0913	0.0682	0.0123	0.0108	0.0015	0.1471	0.0805	0.0666	0.0143	0.0000	49.8580	0.0000	0.0000	0.0000	35.6747	0.0000	136.6375	0.0293	0.0511	0.0001	0.3782	0.4308	0.0019	0.0000	0.0000	0.0000
80	90	0.0427	2	0	2	0	0	0	0	0	0	N	Y	N	N	N	N	N	N	N	N	N	N	0.2991	0.2118	0.0302	0.0279	0.0281	0.0000	0.0118	0.0000	0.0308	0.0119	0.0141	0.0001	0.1400	0.1418	0.0000	0.0000	0.0000	0.0001	0.0397	0.0664	0.0047	5.0224	5.0415	0.0249	0.0022	0.0000	0.0046	0.0019	0.0536	-0.0000	-0.0008	2.0196	0.0169	6.0690	2.0013	0.0000	0.0000	0.0000	0.0000	0.0000	0.0000	0.0000	0.0000	0.0000	0.0015	0.0015	0.0001	0.0015	0.0015	0.0000	0.0001	0.0000	0.0001	0.0005	0.0005	0.0001	0.0000	0.0000	0.0000	0.0005	0.0004	0.0001	0.0390	0.0221	0.0169	0.0028	0.0027	0.0000	0.0363	0.0194	0.0168	0.2991	0.2118	0.0302	0.2630	0.2618	0.0000	0.0118	0.0000	0.0308	0.0397	0.0664	0.0047	0.5324	0.5415	0.0249	0.0022	0.0000	0.0046
80	93	0.1919	9	1	2	0	1	0	0	0	0	N	Y	N	N	N	N	N	N	N	N	N	N	0.0000	0.0000	0.0000	0.0000	0.0000	0.0000	0.0000	0.0000	0.0000	0.0000	0.0000	0.0000	0.0000	0.0000	0.0000	0.0000	0.0000	0.0000	0.0000	0.0000	2.0196	0.0000	6.0690	0.0000	0.0000	0.0000	0.0000	0.0000	0.0000	0.0000	0.0000	0.0000	0.0000	0.0000	0.0000	0.0000	0.0000	0.0000	0.0000	0.0000	0.0000	0.0000	0.0000	0.0000	0.0000	0.0000	0.0000	0.0000	0.0000	0.0000	0.0000	0.0000	0.0000	0.0000	0.0000	0.0000	0.0000	0.0000	0.0000	0.0000	0.0000	0.0000	0.0000	0.0000	0.0000	0.0000	0.0000	0.0000	0.0000	0.0000	0.0000	0.0000	0.0000	0.0000	0.0000	0.0000	0.0000	0.0000											
80	94	0.1919	8	1	2	0	1	0	0	0	0	N	Y	N	N	N	N	N	N	N	N	N	N	0.0000	0.0000	0.0000	0.0000	0.0000	0.0000	0.0000	0.0000	0.0000	0.0000	0.0000	0.0000	0.0000	0.0000	0.0000	0.0216	0.0000	0.1289	0.0048	0.0000	0.2869	0.0374	0.0000	0.1188	inf	0.0000	0.0000	2.0196	0.0000	6.0690	0.0001	0.0000	0.0000	0.0000	0.0000	0.0000	0.0000	0.0000	0.0000	0.0000	0.0000	0.0000	0.0000	0.0000	0.0000	0.0000	0.0000	0.0000	0.0000	0.0000	0.0000	0.0000	0.0000	0.0000	0.0000	0.0000	0.0000	0.0000	0.0000	0.0000	0.0000	0.0000	0.0000	0.0000	0.0000	0.0000	0.0000	0.0000	0.0000	0.0000	0.0000	0.0000	0.0000	0.0000	0.0000	0.0000	0.0216	0.0000	0.1053	0.0048	0.0000	0.2869	0.0374	0.0000	0.0978				
80	95	0.1739	7	0	2	0	1	0	0	0	0	N	Y	N	N	N	N	N	N	N	N	N	N	0.0000	0.0000	0.0000	0.0000	0.0000	0.0000	0.0000	0.0000	0.0000	0.0000	0.0000	0.0000	0.0000	0.0000	0.0000	0.0000	0.0000	0.0006	0.0009	0.0000	0.0029	0.0035	0.0002	0.0000	0.0000	0.0000	0.0222	0.0000	-0.0000	2.0196	0.9845	6.0690	0.9903	0.0000	0.0000	0.0000	0.0000	0.0000	0.0000	0.0000	0.0000	0.0000	0.0000	0.0000	0.0000	0.0000	0.0000	0.0000	0.0000	0.0000	0.0000	0.0286	0.0244	0.0042	0.0026	0.0025	0.0001	0.0260	0.0219	0.0041	0.0363	0.0222	0.0142	0.0068	0.0057	0.0011	0.0296	0.0165	0.0131	0.0000	0.0000	0.0000	0.0000	0.0000	0.0000	0.0000	0.0000	0.0000	0.0006	0.0009	0.0000	0.0029	0.0035	0.0002	0.0000	0.0000	0.0000		
80	96	0.1711	7	0	2	0	0	0	0	0	0	N	Y	N	N	N	N	N	N	N	N	N	N	0.0000	0.0000	0.0021	0.0000	0.0000	0.0000	0.0000	0.0000	0.0018	0.0000	0.0000	0.0000	0.0000	0.0000	0.0000	0.0000	0.0000	0.0000	0.0692	0.1064	0.0002	0.6924	1.0543	0.0000	0.0021	0.0037	0.0003	inf	0.0012	0.0000	-0.0049	2.0196	1.0063	6.0690	3.7812	0.0000	0.0000	0.0000	0.0000	0.0000	0.0000	0.0000	0.0000	0.0000	0.0091	0.0091	0.0000	0.0089	0.0089	0.0000	0.0002	0.0002	0.0000	0.0284	0.0242	0.0042	0.0015	0.0014	0.0001	0.0269	0.0227	0.0041	0.1310	0.0852	0.0458	0.0457	0.0387	0.0070	0.0853	0.0465	0.0388	0.0000	0.0000	0.0021	0.0000	0.0000	0.0000	0.0000	0.0000	0.0018	0.0692	0.1064	0.0002	0.1947	0.2300	0.0000	0.0021	0.0037	0.0003
80	97	0.1739	7	0	1	1	1	0	0	0	0	N	N	N	N	N	N	N	N	N	N	N	N	0.0000	0.0000	0.0000	0.0000	0.0000	0.0000	0.0000	0.0000	0.0000	0.0000	0.0000	0.0000	0.0000	0.0000	0.0000	0.0000	0.0000	0.0003	0.0004	0.0000	0.0015	0.0017	0.0002	0.0000	0.0000	0.0000	0.0544	0.0000	-0.0000	2.0196	1.0165	6.0690	1.0129	0.0000	0.0000	0.0000	0.0000	0.0000	0.0000	0.0000	0.0000	0.0000	0.0000	0.0000	0.0000	0.0000	0.0000	0.0000	0.0000	0.0000	0.0000	0.0294	0.0252	0.0043	0.0026	0.0025	0.0001	0.0268	0.0226	0.0042	0.0373	0.0227	0.0145	0.0069	0.0058	0.0011	0.0303	0.0169	0.0134	0.0000	0.0000	0.0000	0.0000	0.0000	0.0000	0.0000	0.0000	0.0000	0.0003	0.0004	0.0000	0.0015	0.0017	0.0002	0.0000	0.0000	0.0000		
80	98	0.1610	6	0	1	0	1	0	0	0	0	N	N	N	N	N	N	N	N	N	N	N	N	0.0000	0.0000	0.0000	0.0000	0.0000	0.0000	0.0000	0.0000	0.0000	0.0000	0.0000	0.0000	0.0000	0.0000	0.0000	0.0000	0.0000	0.0017	0.0000	0.0042	0.0020	0.0001	0.0092	0.0016	0.0000	0.0036	126.7847	0.0000	0.0000	2.0196	2.0241	6.0690	1.0265	0.0000	0.0000	0.0000	0.0000	0.0000	0.0000	0.0000	0.0000	0.0000	0.0001	0.0000	0.0001	0.0000	0.0000	0.0000	0.0001	0.0000	0.0001	0.0567	0.0483	0.0084	0.0032	0.0030	0.0002	0.0535	0.0453	0.0082	0.0535	0.0322	0.0213	0.0106	0.0084	0.0022	0.0429	0.0237	0.0192	0.0000	0.0000	0.0000	0.0000	0.0000	0.0000	0.0000	0.0000	0.0000	0.0017	0.0000	0.0042	0.0020	0.0001	0.0092	0.0016	0.0000	0.0036		
80	99	0.1610	6	0	1	1	1	0	0	0	0	N	N	N	N	N	N	N	N	N	N	N	N	inf	inf	inf	inf	0.0076	0.0089	0.0000	0.1375	0.1453	0.0000	0.0000	0.0000	0.0000	0.0000	0.0000	0.0000	0.0000	0.0000	0.0000	0.0000	0.0000	0.0000	0.0000	-0.0003	0.0000	2.0196	3.0066	6.0690	0.0000	0.0006	0.0006	0.0000	0.0006	0.0006	0.0000	0.0000	0.0000	0.0000	0.0000	0.0000	0.0000	0.0000	0.0000	0.0000	0.0000	0.0000	0.0000	0.0831	0.0709	0.0122	0.0046	0.0043	0.0002	0.0785	0.0666	0.0120	0.0527	0.0317	0.0210	0.0104	0.0083	0.0021	0.0423	0.0234	0.0189	inf	inf	0.0000	inf	inf	0.0000	0.0000	0.0000	0.0000	0.0000	0.0000	0.0000	0.0000	0.0000	0.0000	0.0000	0.0000	0.0000						
80	100	0.1867	6	0	1	1	1	0	0	0	0	N	N	N	N	N	N	N	N	N	N	N	N	0.0000	0.0000	0.0000	0.0000	0.0000	0.0000	0.0000	0.0000	0.0000	0.0000	0.0000	0.0000	0.0000	0.0003	0.0000	0.0007	0.0000	0.0000	0.0000	0.0004	0.0000	0.0008	inf	0.0000	0.0000	2.0196	0.0000	6.0690	2.0000	0.0000	0.0000	0.0000	0.0000	0.0000	0.0000	0.0000	0.0000	0.0000	0.0000	0.0000	0.0000	0.0000	0.0000	0.0000	0.0000	0.0000	0.0000	0.0000	0.0000	0.0000	0.0000	0.0000	0.0000	0.0000	0.0000	0.0000	0.0341	0.0203	0.0139	0.0070	0.0055	0.0015	0.0272	0.0148	0.0124	0.0000	0.0000	0.0000	0.0000	0.0000	0.0000	0.0000	0.0000	0.0000	0.0003	0.0000	0.0007	0.0000	0.0000	0.0000	0.0004	0.0000	0.0008						
80	101	0.1477	5	0	1	1	1	0	0	0	0	N	N	N	N	N	N	N	N	N	N	N	N	0.0000	0.0000	0.0000	0.0000	0.0000	0.0000	0.0000	0.0000	0.0000	0.0000	0.0000	0.0000	0.0000	0.0000	0.0000	0.0000	0.0000	0.0000	1.1744	2.4624	0.0000	71.3995	83.4611	0.0002	0.0011	0.0020	0.0000	0.0000	0.0000	-0.0612	2.0196	5.8899	6.0690	3.1847	0.0000	0.0000	0.0000	0.0000	0.0000	0.0000	0.0000	0.0000	0.0000	0.1133	0.1133	0.0000	0.1132	0.1132	0.0000	0.0001	0.0001	0.0000	0.1633	0.1395	0.0238	0.0121	0.0112	0.0009	0.1513	0.1283	0.0229	0.1659	0.0997	0.0661	0.0358	0.0296	0.0062	0.1301	0.0702	0.0599	0.0000	0.0000	0.0000	0.0000	0.0000	0.0000	0.0000	0.0000	0.0000	0.6830	1.1360	0.0000	3.1608	3.8253	0.0002	0.0011	0.0020	0.0000	
80	102	0.1945	5	1	2	0	0	0	0	0	0	N	Y	N	N	N	N	N	N	N	N	N	N	0.0000	0.0000	0.0000	0.0000	0.0000	0.0000	0.0000	0.0000	0.0000	0.0000	0.0000	0.0000	0.0000	0.0000	0.0000	0.0000	0.0000	0.0000	0.0000	0.0000	2.0196	0.0000	6.0690	0.0000	0.0000	0.0000	0.0000	0.0000	0.0000	0.0000	0.0000	0.0000	0.0000	0.0000	0.0000	0.0000	0.0000	0.0000	0.0000	0.0000	0.0000	0.0000	0.0000	0.0000	0.0000	0.0000	0.0000	0.0000	0.0000	0.0000	0.0000	0.0000	0.0000	0.0000	0.0000	0.0000	0.0000	0.0000	0.0000	0.0000	0.0000	0.0000	0.0000	0.0000	0.0000	0.0000	0.0000	0.0000	0.0000	0.0000	0.0000	0.0000	0.0000	0.0000	0.0000	0.0000	0.0000	0.0000											
80	103	0.0952	4	1	2	0	0	0	0	0	0	N	Y	N	N	N	N	N	N	N	N	N	N	0.0000	0.0000	0.0000	0.0000	0.0000	0.0000	0.0000	0.0000	0.0000	0.0000	0.0000	0.0000	0.0000	0.0000	0.0000	3.3578	5.7733	0.0000	2.0853	2.4447	0.0000	3.6733	6.5468	0.0000	0.0000	0.0000	-0.5829	2.0196	8.0012	6.0690	14.0016	0.0000	0.0000	0.0000	0.0000	0.0000	0.0000	0.0000	0.0000	0.0000	1.0796	1.0796	0.0000	0.0092	0.0092	0.0000	1.0704	1.0704	0.0000	0.2083	0.1778	0.0304	0.0068	0.0064	0.0004	0.2015	0.1714	0.0301	0.3215	0.1881	0.1334	0.0301	0.0246	0.0055	0.2914	0.1635	0.1279	0.0000	0.0000	0.0000	0.0000	0.0000	0.0000	0.0000	0.0000	0.0000	3.3578	5.7379	0.0000	0.3045	0.3721	0.0000	3.6733	6.5468	0.0000				
80	104	0.1582	5	0	2	0	0	0	0	0	0	N	Y	N	N	N	N	N	N	N	N	N	N	0.0000	0.0000	0.0000	0.0000	0.0000	0.0000	0.0000	0.0000	0.0000	0.0000	0.0000	0.0000	0.0000	0.0000	0.0000	0.0000	0.0000	0.0000	0.0094	0.0155	0.0000	0.0172	0.0220	0.0001	0.0067	0.0124	0.0000	0.0013	0.0000	-0.0003	2.0196	2.0010	6.0690	1.0153	0.0000	0.0000	0.0000	0.0000	0.0000	0.0000	0.0000	0.0000	0.0000	0.0005	0.0005	0.0000	0.0002	0.0002	0.0000	0.0003	0.0003	0.0000	0.0547	0.0466	0.0082	0.0017	0.0016	0.0001	0.0530	0.0449	0.0081	0.0562	0.0339	0.0223	0.0143	0.0111	0.0031	0.0419	0.0228	0.0191	0.0000	0.0000	0.0000	0.0000	0.0000	0.0000	0.0000	0.0000	0.0000	0.0094	0.0155	0.0000	0.0172	0.0220	0.0001	0.0067	0.0124	0.0000	
80	105	0.0952	4	0	2	0	0	0	0	0	0	N	Y	N	N	N	N	N	N	N	N	N	N	0.0000	0.0000	0.0000	0.0000	0.0000	0.0000	0.0000	0.0000	0.0000	0.0000	0.0000	0.0000	0.0000	0.0000	0.0000	0.0000	0.0000	0.0000	4.9473	8.4487	0.0018	1.3422	1.7057	0.0000	5.4082	9.6705	0.0019	0.0002	0.0000	-0.5803	2.0196	3.0162	6.0690	11.0438	0.0000	0.0000	0.0000	0.0000	0.0000	0.0000	0.0000	0.0000	0.0000	1.0750	1.0749	0.0002	0.0049	0.0049	0.0000	1.0701	1.0700	0.0002	0.0823	0.0701	0.0123	0.0027	0.0025	0.0001	0.0797	0.0675	0.0121	0.2181	0.1272	0.0909	0.0202	0.0166	0.0036	0.1979	0.1106	0.0872	0.0000	0.0000	0.0000	0.0000	0.0000	0.0000	0.0000	0.0000	0.0000	4.9296	8.4487	0.0018	0.2424	0.2954	0.0000	5.4082	9.6705	0.0019	
80	106	0.1961	9	1	2	0	0	0	0	0	0	N	Y	N	N	N	N	N	N	N	N	N	N	0.0000	0.0000	0.0000	0.0000	0.0000	0.0000	0.0000	0.0000	0.0000	0.0000	0.0000	0.0000	0.0000	0.0000	0.0000	0.0000	0.0000	0.0000	0.0000	0.0000	2.0196	1.0000	6.0690	1.0000	0.0000	0.0000	0.0000	0.0000	0.0000	0.0000	0.0000	0.0000	0.0000	0.0000	0.0000	0.0000	0.0000	0.0000	0.0000	0.0000	0.0000	0.0000	0.0280	0.0238	0.0042	0.0014	0.0013	0.0001	0.0266	0.0225	0.0041	0.0364	0.0230	0.0134	0.0136	0.0108	0.0028	0.0227	0.0122	0.0106	0.0000	0.0000	0.0000	0.0000	0.0000	0.0000	0.0000	0.0000	0.0000	0.0000	0.0000	0.0000	0.0000	0.0000	0.0000	0.0000	0.0000	0.0000											
80	107	0.1919	8	1	2	0	0	0	0	0	0	N	Y	N	N	N	N	N	N	N	N	N	N	0.0000	0.0000	0.0000	0.0000	0.0000	0.0000	0.0000	0.0000	0.0000	0.0000	0.0000	0.0000	0.0000	0.3284	0.7975	0.0000	7.6337	11.0513	0.0000	0.0000	0.0000	0.0000	0.0000	0.0000	-0.0024	2.0196	0.0000	6.0690	0.9999	0.0000	0.0000	0.0000	0.0000	0.0000	0.0000	0.0000	0.0000	0.0000	0.0044	0.0044	0.0000	0.0044	0.0044	0.0000	0.0000	0.0000	0.0000	0.0000	0.0000	0.0000	0.0000	0.0000	0.0000	0.0000	0.0000	0.0000	0.0182	0.0113	0.0069	0.0058	0.0046	0.0012	0.0124	0.0067	0.0057	0.0000	0.0000	0.0000	0.0000	0.0000	0.0000	0.0000	0.0000	0.0000	0.2410	0.3889	0.0000	0.7597	0.9594	0.0000	0.0000	0.0000	0.0000						
80	108	0.1711	7	1	2	0	0	0	0	0	0	N	Y	N	N	N	N	N	N	N	N	N	N	0.0001	0.0000	0.0272	0.0000	0.0000	0.0000	0.0008	0.0000	0.0262	0.0000	0.0000	0.0000	0.0000	0.0000	0.0000	0.0000	0.0000	0.0000	0.0408	0.0623	0.0010	0.1557	0.2142	0.0007	0.0067	0.0114	0.0010	inf	0.0085	0.0000	-0.0029	2.0196	0.0100	6.0690	4.8896	0.0000	0.0000	0.0000	0.0000	0.0000	0.0000	0.0000	0.0000	0.0000	0.0054	0.0054	0.0000	0.0048	0.0048	0.0000	0.0006	0.0005	0.0000	0.0005	0.0005	0.0001	0.0001	0.0001	0.0000	0.0004	0.0003	0.0001	0.1328	0.0862	0.0466	0.0460	0.0389	0.0071	0.0868	0.0473	0.0395	0.0001	0.0000	0.0272	0.0000	0.0000	0.0000	0.0008	0.0000	0.0262	0.0408	0.0623	0.0010	0.1051	0.1242	0.0007	0.0067	0.0114	0.0010
80	109	0.1610	6	0	2	0	0	0	0	0	0	N	Y	N	N	N	N	N	N	N	N	N	N	0.0000	0.0000	0.0000	0.0000	0.0000	0.0000	0.0000	0.0000	0.0000	0.0000	0.0000	0.0000	0.0000	0.0000	0.0000	0.0000	0.0589	0.0977	0.0006	2.0026	2.5013	0.0000	0.0003	0.0000	0.0006	0.0000	0.0039	-0.0000	-0.0013	2.0196	1.0007	6.0690	1.4004	0.0000	0.0000	0.0000	0.0000	0.0000	0.0000	0.0000	0.0000	0.0000	0.0025	0.0025	0.0000	0.0025	0.0025	0.0000	0.0000	0.0000	0.0000	0.0286	0.0244	0.0042	0.0018	0.0017	0.0001	0.0269	0.0227	0.0041	0.0423	0.0254	0.0169	0.0084	0.0067	0.0017	0.0340	0.0188	0.0152	0.0000	0.0000	0.0000	0.0000	0.0000	0.0000	0.0000	0.0000	0.0000	0.0589	0.0977	0.0006	0.2970	0.3734	0.0000	0.0003	0.0000	0.0006		
80	110	0.1477	5	0	1	0	0	0	0	0	0	N	N	N	N	N	N	N	N	N	N	N	N	0.0000	0.0000	0.0000	0.0000	0.0000	0.0000	0.0000	0.0000	0.0000	0.0000	0.0000	0.0000	0.0000	0.0000	0.0000	0.0000	0.0000	0.0000	12.6511	0.0073	71.8306	0.0193	0.0111	0.0725	16.7279	0.0051	72.1574	2798.6160	0.0000	0.4029	2.0196	0.3039	6.0690	2.8719	0.0000	0.0000	0.0000	0.0000	0.0000	0.0000	0.0000	0.0000	0.0000	0.8764	0.0003	0.8761	0.0003	0.0002	0.0002	0.8761	0.0001	0.8760	0.0151	0.0129	0.0022	0.0048	0.0043	0.0005	0.0103	0.0086	0.0018	0.0705	0.0427	0.0278	0.0181	0.0157	0.0024	0.0524	0.0270	0.0254	0.0000	0.0000	0.0000	0.0000	0.0000	0.0000	0.0000	0.0000	0.0000	12.4331	0.0073	31.4996	0.0193	0.0111	0.0725	16.7279	0.0051	34.4906	
80	111	0.0952	4	0	1	0	0	0	0	0	0	N	N	N	N	N	N	N	N	N	N	N	N	0.0000	0.0000	0.0000	0.0000	0.0000	0.0000	0.0000	0.0000	0.0000	0.0000	0.0000	0.0000	0.0000	0.0000	0.0000	0.0000	0.0000	0.0000	1.4916	1.5436	1.9860	1.6487	2.1374	0.0015	1.0830	0.7600	2.0409	1.4565	-0.0000	0.0101	2.0196	3.8240	6.0690	8.1760	0.0000	0.0000	0.0000	0.0000	0.0000	0.0000	0.0000	0.0000	0.0000	0.1906	0.0776	0.1130	0.0047	0.0047	0.0000	0.1859	0.0729	0.1130	0.1036	0.0882	0.0154	0.0034	0.0032	0.0002	0.1002	0.0850	0.0152	0.1891	0.1102	0.0789	0.0175	0.0143	0.0031	0.1716	0.0959	0.0758	0.0000	0.0000	0.0000	0.0000	0.0000	0.0000	0.0000	0.0000	0.0000	1.0080	0.7040	1.4329	0.2711	0.3298	0.0015	1.0830	0.7600	1.4919	
80	115	0.2878	7	0	1	0	0	0	0	0	0	N	N	N	N	N	N	N	N	N	N	N	N	0.0001	0.0001	0.0005	0.0004	0.0004	0.0160	0.0001	0.0000	0.0003	0.0001	0.0000	0.0006	0.0003	0.0002	0.0025	0.0001	0.0000	0.0005	0.8589	0.5843	1.3270	0.6950	0.6087	0.1577	0.7810	0.4651	1.6876	2.4169	1.2321	0.0000	0.0041	2.0196	8.9918	6.0690	13.3277	0.0000	0.0000	0.0000	0.0000	0.0000	0.0000	0.0000	0.0000	0.0000	0.3436	0.1539	0.1897	0.0665	0.0581	0.0084	0.2771	0.0958	0.1813	0.2686	0.2331	0.0356	0.0404	0.0390	0.0014	0.2282	0.1941	0.0341	0.6958	0.4939	0.2019	0.3410	0.2879	0.0530	0.3548	0.2060	0.1488	0.0002	0.0001	0.0006	0.0016	0.0011	0.0160	0.0001	0.0000	0.0004	0.4938	0.3117	0.9395	0.1950	0.2019	0.1577	0.7810	0.4651	1.2181
81	82	0.1308	5	1	0	1	0	0	0	0	0	N	N	N	N	N	N	N	N	N	N	N	N	0.0000	0.0000	0.0000	0.0000	0.0000	0.0000	0.0000	0.0000	0.0000	0.0000	0.0000	0.0000	0.0000	0.0000	0.0000	0.0000	0.0000	0.0053	0.0080	0.0015	0.0229	0.0282	0.0000	0.0021	0.0025	0.0016	0.1254	0.0000	-0.0000	0.9876	1.0000	0.9833	2.9874	0.0000	0.0000	0.0000	0.0000	0.0000	0.0000	0.0000	0.0000	0.0000	0.0001	0.0001	0.0000	0.0001	0.0001	0.0000	0.0000	0.0000	0.0000	0.0135	0.0114	0.0021	0.0002	0.0002	0.0000	0.0133	0.0112	0.0020	0.0168	0.0100	0.0068	0.0026	0.0021	0.0005	0.0142	0.0079	0.0063	0.0000	0.0000	0.0000	0.0000	0.0000	0.0000	0.0000	0.0000	0.0000	0.0053	0.0080	0.0015	0.0229	0.0282	0.0000	0.0021	0.0025	0.0016		
81	83	0.1025	4	1	0	1	0	0	0	0	0	N	N	N	N	N	N	N	N	N	N	N	N	0.0000	0.0000	0.0000	0.0000	0.0000	0.0000	0.0000	0.0000	0.0000	0.0000	0.0000	0.0000	0.0000	0.0000	0.0000	0.0000	0.0000	0.0033	0.0049	0.0009	0.0000	0.0000	0.0000	0.0036	0.0056	0.0010	0.1246	0.0000	-0.0000	0.9876	0.9997	0.9833	6.0128	0.0000	0.0000	0.0000	0.0000	0.0000	0.0000	0.0000	0.0000	0.0000	0.0001	0.0001	0.0000	0.0000	0.0000	0.0000	0.0001	0.0001	0.0000	0.0133	0.0114	0.0020	0.0008	0.0007	0.0000	0.0126	0.0106	0.0019	0.0275	0.0165	0.0109	0.0027	0.0021	0.0006	0.0247	0.0144	0.0103	0.0000	0.0000	0.0000	0.0000	0.0000	0.0000	0.0000	0.0000	0.0000	0.0033	0.0049	0.0009	0.0000	0.0000	0.0000	0.0036	0.0056	0.0010		
81	84	0.0607	3	0	1	0	1	0	0	0	0	N	N	N	N	N	N	N	N	N	N	N	N	0.0000	0.0000	0.0000	0.0000	0.0000	0.0000	0.0000	0.0000	0.0000	0.0000	0.0000	0.0000	0.0000	0.0000	0.0000	0.0000	0.0000	0.0000	0.0934	0.0158	0.2468	0.0094	0.0122	0.0000	0.0998	0.0162	0.2510	9.3161	0.0000	0.0025	0.9876	8.0013	0.9833	12.0015	0.0000	0.0000	0.0000	0.0000	0.0000	0.0000	0.0000	0.0000	0.0000	0.0069	0.0007	0.0062	0.0000	0.0000	0.0000	0.0069	0.0006	0.0062	0.1012	0.0862	0.0150	0.0018	0.0017	0.0001	0.0994	0.0845	0.0149	0.0740	0.0424	0.0316	0.0053	0.0041	0.0012	0.0687	0.0383	0.0304	0.0000	0.0000	0.0000	0.0000	0.0000	0.0000	0.0000	0.0000	0.0000	0.0934	0.0158	0.1975	0.0094	0.0122	0.0000	0.0998	0.0162	0.2052	
81	85	0.0297	3	0	1	0	0	0	0	0	0	N	N	N	N	N	N	N	N	N	N	N	N	0.2897	0.1540	0.0586	0.0000	0.0000	0.0000	0.3687	0.2914	0.0603	0.0692	0.0808	0.0049	0.0000	0.0000	0.0000	0.0700	0.0818	0.0049	0.2389	0.5247	0.0830	1.3580	1.2533	0.0243	0.1898	0.2808	0.0810	0.0109	0.2173	-0.0004	-0.0023	0.9876	1.0000	0.9833	6.9850	0.0009	0.0009	0.0000	0.0000	0.0000	0.0000	0.0009	0.0009	0.0000	0.0065	0.0053	0.0012	0.0002	0.0002	0.0000	0.0063	0.0051	0.0012	0.0134	0.0114	0.0021	0.0001	0.0001	0.0000	0.0133	0.0112	0.0020	0.0340	0.0191	0.0149	0.0008	0.0008	0.0000	0.0332	0.0183	0.0149	0.3621	0.2892	0.0625	0.0000	0.0000	0.0000	0.3687	0.2914	0.0627	0.1911	0.2794	0.0779	0.2439	0.2462	0.0243	0.1898	0.2808	0.0779
81	86	0.0170	2	0	0	0	0	0	0	0	0	N	N	N	N	N	N	N	N	N	N	N	N	0.0069	0.0046	0.0118	0.0009	0.0009	0.0000	0.0038	0.0000	0.0119	0.0002	0.0003	0.0000	0.0158	0.0162	0.0000	0.0000	0.0000	0.0000	0.0331	0.0580	0.0018	17.9185	17.2934	0.0860	0.0009	0.0001	0.0018	0.0147	0.0252	-0.0000	-0.0002	0.9876	1.0086	0.9833	2.0000	0.0000	0.0000	0.0000	0.0000	0.0000	0.0000	0.0000	0.0000	0.0000	0.0004	0.0004	0.0000	0.0004	0.0004	0.0000	0.0000	0.0000	0.0000	0.0137	0.0116	0.0021	0.0002	0.0002	0.0000	0.0135	0.0114	0.0021	0.0134	0.0074	0.0059	0.0003	0.0003	0.0000	0.0131	0.0071	0.0059	0.0069	0.0046	0.0118	0.0113	0.0115	0.0000	0.0038	0.0000	0.0119	0.0331	0.0580	0.0018	1.4016	1.4052	0.0860	0.0009	0.0001	0.0018
81	87	0.1025	4	0	1	0	0	0	0	0	0	N	N	N	N	N	N	N	N	N	N	N	N	0.0000	0.0000	0.0000	0.0000	0.0000	0.0000	0.0000	0.0000	0.0000	0.0000	0.0000	0.0000	0.0000	0.0000	0.0000	0.0000	0.0000	0.0000	22.0253	0.0352	125.1098	0.2554	0.4006	0.0300	24.4689	0.0163	125.1122	1036.5844	0.0000	0.4230	0.9876	4.0000	0.9833	7.0000	0.0000	0.0000	0.0000	0.0000	0.0000	0.0000	0.0000	0.0000	0.0000	0.9215	0.0009	0.9206	0.0006	0.0005	0.0000	0.9209	0.0004	0.9205	0.0519	0.0442	0.0076	0.0030	0.0028	0.0001	0.0489	0.0414	0.0075	0.0418	0.0252	0.0166	0.0042	0.0033	0.0009	0.0376	0.0219	0.0157	0.0000	0.0000	0.0000	0.0000	0.0000	0.0000	0.0000	0.0000	0.0000	22.0253	0.0352	55.3758	0.1328	0.1619	0.0300	24.4689	0.0163	58.6396	
81	88	0.0607	3	0	0	0	0	0	0	0	0	N	N	N	N	N	N	N	N	N	N	N	N	32893.5612	22101.4920	inf	5.9803	4.9359	inf	46740.6355	30601.6233	inf	24.6902	29.0864	0.0033	0.0213	0.0226	0.0002	25.1542	29.6955	0.0033	0.0008	0.0013	0.0000	0.0036	0.0046	0.0000	0.0005	0.0010	0.0000	0.0000	0.0000	-0.4538	-0.0000	0.9876	2.9985	0.9833	7.0016	0.9827	0.9827	0.0000	0.0000	0.0000	0.0000	0.9827	0.9827	0.0000	0.0000	0.0000	0.0000	0.0000	0.0000	0.0000	0.0000	0.0000	0.0000	0.0398	0.0338	0.0060	0.0007	0.0007	0.0000	0.0391	0.0331	0.0060	0.0400	0.0228	0.0172	0.0028	0.0022	0.0006	0.0372	0.0206	0.0166	32893.5612	22101.4920	inf	5.9803	4.9359	inf	46740.6355	30601.6233	inf	0.0008	0.0013	0.0000	0.0036	0.0046	0.0000	0.0005	0.0010	0.0000
81	89	0.0168	2	0	1	0	0	0	0	0	0	N	N	N	N	N	N	N	N	N	N	N	N	0.0214	0.0023	1.1818	0.0008	0.0005	189.2109	0.0307	0.0000	1.1594	0.0032	0.0010	0.0178	0.0024	0.0023	0.1320	0.0037	0.0000	0.0178	0.1500	0.4175	0.0150	3.0726	4.4513	0.0007	0.1205	0.2095	0.0153	2.8003	0.0486	0.0000	-0.0029	0.9876	0.0157	0.9833	9.0253	0.0000	0.0000	0.0000	0.0000	0.0000	0.0000	0.0000	0.0000	0.0000	0.0058	0.0055	0.0003	0.0012	0.0012	0.0000	0.0046	0.0043	0.0003	0.0008	0.0007	0.0001	0.0003	0.0003	0.0000	0.0005	0.0004	0.0001	0.0408	0.0230	0.0178	0.0028	0.0024	0.0003	0.0381	0.0206	0.0175	0.0227	0.0041	1.1818	0.0054	0.0047	189.2109	0.0307	0.0000	1.1594	0.1416	0.2393	0.0150	0.4332	0.4946	0.0007	0.1205	0.2095	0.0153
81	93	0.1574	8	1	1	0	1	0	0	0	0	N	N	N	N	N	N	N	N	N	N	N	N	0.0000	0.0000	0.0000	0.0000	0.0000	0.0000	0.0000	0.0000	0.0000	0.0000	0.0000	0.0000	0.0000	0.0000	0.0000	0.0000	0.0000	0.0000	0.0000	0.0000	0.9876	0.0000	0.9833	0.0000	0.0000	0.0000	0.0000	0.0000	0.0000	0.0000	0.0000	0.0000	0.0000	0.0000	0.0000	0.0000	0.0000	0.0000	0.0000	0.0000	0.0000	0.0000	0.0000	0.0000	0.0000	0.0000	0.0000	0.0000	0.0000	0.0000	0.0000	0.0000	0.0000	0.0000	0.0000	0.0000	0.0000	0.0000	0.0000	0.0000	0.0000	0.0000	0.0000	0.0000	0.0000	0.0000	0.0000	0.0000	0.0000	0.0000	0.0000	0.0000	0.0000	0.0000	0.0000	0.0000	0.0000	0.0000											
81	94	0.1574	7	1	1	0	1	0	0	0	0	N	N	N	N	N	N	N	N	N	N	N	N	0.0000	0.0000	0.0000	0.0000	0.0000	0.0000	0.0000	0.0000	0.0000	0.0000	0.0000	0.0000	0.0000	0.0000	0.0000	0.0000	0.0000	0.0895	0.1090	0.0043	0.5850	0.4830	0.0355	0.0012	0.0000	0.0034	0.0091	0.0000	-0.0000	0.9876	0.0000	0.9833	0.0001	0.0000	0.0000	0.0000	0.0000	0.0000	0.0000	0.0000	0.0000	0.0000	0.0000	0.0000	0.0000	0.0000	0.0000	0.0000	0.0000	0.0000	0.0000	0.0000	0.0000	0.0000	0.0000	0.0000	0.0000	0.0000	0.0000	0.0000	0.0000	0.0000	0.0000	0.0000	0.0000	0.0000	0.0000	0.0000	0.0000	0.0000	0.0000	0.0000	0.0000	0.0000	0.0000	0.0000	0.0000	0.0000	0.0895	0.1090	0.0043	0.1850	0.1868	0.0355	0.0012	0.0000	0.0034		
81	95	0.1395	6	0	1	0	1	0	0	0	0	N	N	N	N	N	N	N	N	N	N	N	N	0.0000	0.0000	0.0000	0.0000	0.0000	0.0000	0.0000	0.0000	0.0000	0.0000	0.0000	0.0000	0.0000	0.0000	0.0000	0.0000	0.0000	0.0000	0.0022	0.0019	0.0027	0.0003	0.0004	0.0000	0.0026	0.0023	0.0029	0.9577	0.0000	-0.0000	0.9876	0.9845	0.9833	0.9903	0.0000	0.0000	0.0000	0.0000	0.0000	0.0000	0.0000	0.0000	0.0000	0.0000	0.0000	0.0000	0.0000	0.0000	0.0000	0.0000	0.0000	0.0000	0.0139	0.0119	0.0021	0.0011	0.0010	0.0000	0.0128	0.0108	0.0020	0.0089	0.0053	0.0036	0.0013	0.0011	0.0002	0.0076	0.0042	0.0034	0.0000	0.0000	0.0000	0.0000	0.0000	0.0000	0.0000	0.0000	0.0000	0.0022	0.0019	0.0027	0.0003	0.0004	0.0000	0.0026	0.0023	0.0029	
81	96	0.1367	6	0	1	0	0	0	0	0	0	N	N	N	N	N	N	N	N	N	N	N	N	0.0000	0.0000	0.0000	0.0000	0.0000	0.0000	0.0000	0.0000	0.0000	0.0000	0.0000	0.0000	0.0000	0.0000	0.0000	0.0000	0.0000	0.0000	0.4681	0.2467	0.6670	0.1730	0.1068	0.2208	0.3757	0.2511	0.7113	2.8003	1.4848	0.0000	0.0005	0.9876	1.0063	0.9833	3.7812	0.0000	0.0000	0.0000	0.0000	0.0000	0.0000	0.0000	0.0000	0.0000	0.0092	0.0037	0.0055	0.0011	0.0008	0.0003	0.0082	0.0029	0.0052	0.0138	0.0117	0.0021	0.0005	0.0005	0.0000	0.0133	0.0112	0.0021	0.0318	0.0204	0.0114	0.0101	0.0086	0.0014	0.0217	0.0117	0.0100	0.0000	0.0000	0.0000	0.0000	0.0000	0.0000	0.0000	0.0000	0.0000	0.2911	0.1828	0.4844	0.1085	0.0900	0.2208	0.3757	0.2511	0.5220
81	97	0.1395	6	0	0	1	1	0	0	0	0	N	N	N	N	N	N	N	N	N	N	N	N	0.0000	0.0000	0.0000	0.0000	0.0000	0.0000	0.0000	0.0000	0.0000	0.0000	0.0000	0.0000	0.0000	0.0000	0.0000	0.0000	0.0011	0.0001	0.0027	0.0004	0.0005	0.0000	0.0013	0.0000	0.0029	18.4230	0.0000	0.0000	0.9876	1.0165	0.9833	1.0129	0.0000	0.0000	0.0000	0.0000	0.0000	0.0000	0.0000	0.0000	0.0000	0.0000	0.0000	0.0000	0.0000	0.0000	0.0000	0.0000	0.0000	0.0000	0.0143	0.0122	0.0021	0.0011	0.0011	0.0000	0.0132	0.0111	0.0021	0.0092	0.0055	0.0037	0.0014	0.0011	0.0002	0.0078	0.0043	0.0035	0.0000	0.0000	0.0000	0.0000	0.0000	0.0000	0.0000	0.0000	0.0000	0.0011	0.0001	0.0027	0.0004	0.0005	0.0000	0.0013	0.0000	0.0029			
81	98	0.1266	5	0	0	0	1	0	0	0	0	N	N	N	N	N	N	N	N	N	N	N	N	0.0000	0.0000	0.0000	0.0000	0.0000	0.0000	0.0000	0.0000	0.0000	0.0000	0.0000	0.0000	0.0000	0.0000	0.0000	0.0000	0.0000	0.0069	0.0117	0.0001	0.0427	0.0544	0.0000	0.0001	0.0001	0.0001	0.0038	0.0000	-0.0000	0.9876	2.0241	0.9833	1.0265	0.0000	0.0000	0.0000	0.0000	0.0000	0.0000	0.0000	0.0000	0.0000	0.0001	0.0001	0.0000	0.0001	0.0001	0.0000	0.0000	0.0000	0.0000	0.0276	0.0234	0.0041	0.0012	0.0011	0.0001	0.0264	0.0223	0.0041	0.0131	0.0077	0.0054	0.0021	0.0017	0.0005	0.0110	0.0061	0.0050	0.0000	0.0000	0.0000	0.0000	0.0000	0.0000	0.0000	0.0000	0.0000	0.0069	0.0117	0.0001	0.0427	0.0544	0.0000	0.0001	0.0001	0.0001		
81	99	0.1266	5	0	0	1	1	0	0	0	0	N	N	N	N	N	N	N	N	N	N	N	N	inf	inf	inf	inf	0.0156	0.0000	0.1044	0.0000	0.0000	0.0000	0.0163	0.0000	0.1060	0.0000	0.0000	0.0000	0.0000	0.0000	0.0000	0.0000	0.0000	0.0000	inf	0.0003	0.0000	0.9876	3.0066	0.9833	0.0000	0.0006	0.0000	0.0006	0.0000	0.0000	0.0000	0.0006	0.0000	0.0006	0.0000	0.0000	0.0000	0.0000	0.0000	0.0000	0.0000	0.0000	0.0000	0.0404	0.0344	0.0060	0.0017	0.0016	0.0001	0.0387	0.0328	0.0059	0.0129	0.0076	0.0053	0.0021	0.0016	0.0004	0.0109	0.0060	0.0049	inf	0.0000	inf	0.0000	0.0000	0.0000	inf	0.0000	inf	0.0000	0.0000	0.0000	0.0000	0.0000	0.0000	0.0000	0.0000	0.0000						
81	100	0.1523	5	0	0	1	1	0	0	0	0	N	N	N	N	N	N	N	N	N	N	N	N	0.0000	0.0000	0.0000	0.0000	0.0000	0.0000	0.0000	0.0000	0.0000	0.0000	0.0000	0.0000	0.0000	0.0012	0.0021	0.0000	0.0072	0.0092	0.0000	0.0000	0.0000	0.0000	0.0000	0.0000	-0.0000	0.9876	0.0000	0.9833	2.0000	0.0000	0.0000	0.0000	0.0000	0.0000	0.0000	0.0000	0.0000	0.0000	0.0000	0.0000	0.0000	0.0000	0.0000	0.0000	0.0000	0.0000	0.0000	0.0000	0.0000	0.0000	0.0000	0.0000	0.0000	0.0000	0.0000	0.0000	0.0084	0.0049	0.0035	0.0014	0.0011	0.0003	0.0070	0.0038	0.0032	0.0000	0.0000	0.0000	0.0000	0.0000	0.0000	0.0000	0.0000	0.0000	0.0012	0.0021	0.0000	0.0072	0.0092	0.0000	0.0000	0.0000	0.0000						
81	101	0.1132	4	0	0	1	1	0	0	0	0	N	N	N	N	N	N	N	N	N	N	N	N	0.0000	0.0000	0.0001	0.0000	0.0000	0.0000	0.0000	0.0000	0.0001	0.0000	0.0000	0.0000	0.0000	0.0000	0.0000	0.0000	0.0000	0.0000	0.0907	0.1779	0.0011	1.5129	2.1366	0.0002	0.0540	0.0984	0.0012	inf	0.0051	0.0000	-0.0019	0.9876	5.8899	0.9833	3.1847	0.0000	0.0000	0.0000	0.0000	0.0000	0.0000	0.0000	0.0000	0.0000	0.0036	0.0036	0.0000	0.0018	0.0018	0.0000	0.0018	0.0018	0.0000	0.0794	0.0677	0.0118	0.0048	0.0044	0.0004	0.0746	0.0632	0.0114	0.0398	0.0235	0.0163	0.0069	0.0056	0.0013	0.0329	0.0179	0.0150	0.0000	0.0000	0.0001	0.0000	0.0000	0.0000	0.0000	0.0000	0.0001	0.0907	0.1529	0.0011	0.2667	0.3268	0.0002	0.0540	0.0984	0.0012
81	102	0.1600	4	1	1	0	0	0	0	0	0	N	N	N	N	N	N	N	N	N	N	N	N	0.0000	0.0000	0.0000	0.0000	0.0000	0.0000	0.0000	0.0000	0.0000	0.0000	0.0000	0.0000	0.0000	0.0000	0.0000	0.0000	0.0000	0.0000	0.0000	0.0000	0.9876	0.0000	0.9833	0.0000	0.0000	0.0000	0.0000	0.0000	0.0000	0.0000	0.0000	0.0000	0.0000	0.0000	0.0000	0.0000	0.0000	0.0000	0.0000	0.0000	0.0000	0.0000	0.0000	0.0000	0.0000	0.0000	0.0000	0.0000	0.0000	0.0000	0.0000	0.0000	0.0000	0.0000	0.0000	0.0000	0.0000	0.0000	0.0000	0.0000	0.0000	0.0000	0.0000	0.0000	0.0000	0.0000	0.0000	0.0000	0.0000	0.0000	0.0000	0.0000	0.0000	0.0000	0.0000	0.0000	0.0000	0.0000											
81	103	0.0607	3	1	1	0	0	0	0	0	0	N	N	N	N	N	N	N	N	N	N	N	N	0.0002	0.0000	0.0841	0.0000	0.0000	0.0000	0.0002	0.0000	0.0746	0.0019	0.0000	0.0127	0.0000	0.0000	0.0000	0.0019	0.0000	0.0127	12.2034	21.2577	0.1505	0.3526	0.5577	0.0014	12.5207	22.3379	0.1707	inf	0.0046	0.0001	-0.4995	0.9876	8.0012	0.9833	14.0016	0.0002	0.0000	0.0002	0.0000	0.0000	0.0000	0.0002	0.0000	0.0002	0.9329	0.9286	0.0042	0.0009	0.0009	0.0000	0.9320	0.9277	0.0042	0.1012	0.0862	0.0150	0.0018	0.0017	0.0001	0.0994	0.0845	0.0149	0.0802	0.0460	0.0342	0.0057	0.0045	0.0013	0.0744	0.0415	0.0329	0.0002	0.0000	0.1020	0.0000	0.0000	0.0000	0.0002	0.0000	0.0989	11.6347	20.1938	0.1240	0.1527	0.1965	0.0014	12.5207	22.3379	0.1288
81	104	0.1237	4	0	1	0	0	0	0	0	0	N	N	N	N	N	N	N	N	N	N	N	N	0.0000	0.0000	0.0000	0.0000	0.0000	0.0000	0.0000	0.0000	0.0000	0.0000	0.0000	0.0000	0.0000	0.0000	0.0000	0.0000	0.0000	0.0000	0.0424	0.0718	0.0001	0.0552	0.0718	0.0002	0.0388	0.0719	0.0000	0.0006	0.0000	-0.0003	0.9876	2.0010	0.9833	1.0153	0.0000	0.0000	0.0000	0.0000	0.0000	0.0000	0.0000	0.0000	0.0000	0.0006	0.0006	0.0000	0.0002	0.0002	0.0000	0.0004	0.0004	0.0000	0.0266	0.0226	0.0040	0.0005	0.0004	0.0000	0.0262	0.0221	0.0040	0.0138	0.0081	0.0056	0.0030	0.0023	0.0007	0.0107	0.0058	0.0049	0.0000	0.0000	0.0000	0.0000	0.0000	0.0000	0.0000	0.0000	0.0000	0.0424	0.0718	0.0001	0.0552	0.0716	0.0002	0.0388	0.0719	0.0000	
81	105	0.0607	3	0	1	0	0	0	0	0	0	N	N	N	N	N	N	N	N	N	N	N	N	0.0000	0.0000	0.0000	0.0000	0.0000	0.0000	0.0000	0.0000	0.0000	0.0000	0.0000	0.0000	0.0000	0.0000	0.0000	0.0000	0.0000	0.0000	18.4500	29.8214	0.0194	1.0368	1.5128	0.0020	18.3302	32.9643	0.0200	0.0005	0.0000	-0.5007	0.9876	3.0162	0.9833	11.0438	0.0000	0.0000	0.0000	0.0000	0.0000	0.0000	0.0000	0.0000	0.0000	0.9281	0.9277	0.0005	0.0008	0.0008	0.0000	0.9273	0.9269	0.0005	0.0400	0.0340	0.0061	0.0007	0.0007	0.0000	0.0393	0.0333	0.0060	0.0544	0.0311	0.0233	0.0038	0.0030	0.0009	0.0506	0.0281	0.0225	0.0000	0.0000	0.0000	0.0000	0.0000	0.0000	0.0000	0.0000	0.0000	17.0505	29.8214	0.0194	0.2175	0.2791	0.0020	18.3302	32.9643	0.0200	
81	106	0.1616	8	1	1	0	0	0	0	0	0	N	N	N	N	N	N	N	N	N	N	N	N	0.0000	0.0000	0.0000	0.0000	0.0000	0.0000	0.0000	0.0000	0.0000	0.0000	0.0000	0.0000	0.0000	0.0000	0.0000	0.0000	0.0000	0.0000	0.0000	0.0000	0.9876	1.0000	0.9833	1.0000	0.0000	0.0000	0.0000	0.0000	0.0000	0.0000	0.0000	0.0000	0.0000	0.0000	0.0000	0.0000	0.0000	0.0000	0.0000	0.0000	0.0000	0.0000	0.0136	0.0115	0.0021	0.0005	0.0004	0.0000	0.0131	0.0111	0.0020	0.0089	0.0056	0.0034	0.0031	0.0025	0.0006	0.0058	0.0031	0.0027	0.0000	0.0000	0.0000	0.0000	0.0000	0.0000	0.0000	0.0000	0.0000	0.0000	0.0000	0.0000	0.0000	0.0000	0.0000	0.0000	0.0000	0.0000											
81	107	0.1574	7	1	1	0	0	0	0	0	0	N	N	N	N	N	N	N	N	N	N	N	N	0.0000	0.0000	0.0000	0.0000	0.0000	0.0000	0.0000	0.0000	0.0000	0.0000	0.0000	0.0000	0.0000	0.0000	0.0000	0.0000	0.0000	0.0000	1.4369	0.2667	3.0132	0.0312	0.0394	0.0001	1.3725	0.2744	3.5170	7.6887	0.0000	0.0015	0.9876	0.0000	0.9833	0.9999	0.0000	0.0000	0.0000	0.0000	0.0000	0.0000	0.0000	0.0000	0.0000	0.0044	0.0005	0.0039	0.0000	0.0000	0.0000	0.0044	0.0005	0.0039	0.0000	0.0000	0.0000	0.0000	0.0000	0.0000	0.0000	0.0000	0.0000	0.0045	0.0027	0.0018	0.0013	0.0010	0.0003	0.0032	0.0017	0.0015	0.0000	0.0000	0.0000	0.0000	0.0000	0.0000	0.0000	0.0000	0.0000	0.9893	0.1872	2.2355	0.0312	0.0394	0.0001	1.3725	0.2744	2.6390	
81	108	0.1367	6	1	1	0	0	0	0	0	0	N	N	N	N	N	N	N	N	N	N	N	N	0.0001	0.0000	0.0016	0.0001	0.0001	0.0000	0.0002	0.0000	0.0021	0.0000	0.0000	0.0002	0.0000	0.0000	0.0000	0.0000	0.0000	0.0002	0.2100	0.3659	0.0928	0.4572	0.4143	0.1989	0.1748	0.2640	0.0723	2.8003	0.2176	0.0000	-0.0020	0.9876	0.0100	0.9833	4.8896	0.0000	0.0000	0.0000	0.0000	0.0000	0.0000	0.0000	0.0000	0.0000	0.0056	0.0046	0.0010	0.0017	0.0014	0.0003	0.0039	0.0031	0.0007	0.0003	0.0002	0.0000	0.0001	0.0001	0.0000	0.0002	0.0002	0.0000	0.0322	0.0206	0.0116	0.0101	0.0087	0.0014	0.0221	0.0119	0.0101	0.0002	0.0000	0.0018	0.0002	0.0002	0.0000	0.0002	0.0000	0.0022	0.1732	0.2222	0.0860	0.1696	0.1647	0.1989	0.1748	0.2640	0.0700
81	109	0.1266	5	0	1	0	0	0	0	0	0	N	N	N	N	N	N	N	N	N	N	N	N	0.0000	0.0000	0.0000	0.0002	0.0001	0.0000	0.0000	0.0000	0.0000	0.0000	0.0000	0.0000	0.0000	0.0000	0.0000	0.0000	0.0000	0.0000	0.3600	0.5518	0.2069	0.0531	0.0677	0.0001	0.2834	0.3632	0.2349	0.3571	0.4011	-0.0000	-0.0006	0.9876	1.0007	0.9833	1.4004	0.0000	0.0000	0.0000	0.0000	0.0000	0.0000	0.0000	0.0000	0.0000	0.0026	0.0018	0.0007	0.0001	0.0001	0.0000	0.0025	0.0017	0.0007	0.0139	0.0119	0.0021	0.0007	0.0006	0.0000	0.0133	0.0112	0.0021	0.0104	0.0061	0.0043	0.0017	0.0013	0.0004	0.0087	0.0048	0.0039	0.0000	0.0000	0.0000	0.0002	0.0001	0.0000	0.0000	0.0000	0.0000	0.2465	0.2998	0.1708	0.0531	0.0675	0.0001	0.2834	0.3632	0.1863
81	110	0.1132	4	0	0	0	0	0	0	0	0	N	N	N	N	N	N	N	N	N	N	N	N	0.0000	0.0000	0.0000	0.0000	0.0000	0.0000	0.0000	0.0000	0.0000	0.0000	0.0000	0.0000	0.0000	0.0000	0.0000	0.0000	0.0000	0.0000	1.1970	0.4481	2.0252	0.8874	1.1850	0.0038	0.8876	0.2616	2.4219	inf	3.8728	0.0000	0.0031	0.9876	0.3039	0.9833	2.8719	0.0000	0.0000	0.0000	0.0000	0.0000	0.0000	0.0000	0.0000	0.0000	0.0122	0.0025	0.0097	0.0007	0.0007	0.0000	0.0115	0.0018	0.0097	0.0074	0.0063	0.0011	0.0023	0.0021	0.0002	0.0051	0.0042	0.0009	0.0163	0.0098	0.0065	0.0034	0.0029	0.0005	0.0129	0.0069	0.0061	0.0000	0.0000	0.0000	0.0000	0.0000	0.0000	0.0000	0.0000	0.0000	0.7466	0.2558	1.4793	0.2090	0.2424	0.0038	0.8876	0.2616	1.5945
81	111	0.0607	3	0	0	0	0	0	0	0	0	N	N	N	N	N	N	N	N	N	N	N	N	0.0000	0.0000	0.0000	0.0000	0.0000	0.0000	0.0000	0.0000	0.0000	0.0000	0.0000	0.0000	0.0000	0.0000	0.0000	0.0000	0.0000	0.0000	19.6058	34.9528	0.1166	1.4284	2.1298	0.0023	21.0713	37.8727	0.1273	0.4285	0.0021	-0.0000	-0.4978	0.9876	3.8240	0.9833	8.1760	0.0000	0.0000	0.0000	0.0000	0.0000	0.0000	0.0000	0.0000	0.0000	0.9256	0.9236	0.0020	0.0008	0.0008	0.0000	0.9248	0.9228	0.0020	0.0503	0.0428	0.0076	0.0009	0.0009	0.0001	0.0494	0.0419	0.0075	0.0472	0.0270	0.0203	0.0033	0.0026	0.0007	0.0439	0.0244	0.0195	0.0000	0.0000	0.0000	0.0000	0.0000	0.0000	0.0000	0.0000	0.0000	19.6058	34.2680	0.0972	0.2535	0.3249	0.0023	21.0713	37.8727	0.1008
81	115	0.2534	6	0	0	0	0	0	0	0	0	N	N	N	N	N	N	N	N	N	N	N	N	0.0017	0.0007	1.9204	0.0002	0.0002	3.6609	0.0010	0.0000	1.8490	0.0074	0.0047	0.0247	0.0305	0.0299	0.0468	0.0036	0.0000	0.0239	4.3488	6.5066	0.0129	140.0035	157.6407	0.0128	3.5175	5.9659	0.0129	0.8205	0.0009	-0.0000	-0.3898	0.9876	8.9918	0.9833	13.3277	0.0010	0.0005	0.0004	0.0006	0.0005	0.0000	0.0004	0.0000	0.0004	0.7231	0.7224	0.0006	0.4216	0.4214	0.0002	0.3015	0.3010	0.0005	0.1311	0.1134	0.0177	0.0185	0.0178	0.0007	0.1127	0.0957	0.0170	0.1663	0.1182	0.0480	0.0806	0.0678	0.0128	0.0857	0.0505	0.0352	0.0017	0.0008	1.9204	0.0058	0.0048	3.6609	0.0010	0.0000	1.8490	4.3488	6.1104	0.0129	5.2330	6.2180	0.0128	3.5175	5.9659	0.0129
82	84	0.0834	3	1	1	1	1	0	0	0	0	N	N	N	N	N	N	N	N	N	N	N	N	inf	inf	inf	inf	inf	inf	0.0133	0.0157	0.0000	0.9856	1.0662	0.0000	0.0000	0.0000	0.0000	0.0000	0.0000	0.0000	0.0000	0.0000	0.0000	0.0000	0.0000	0.0000	0.0000	-0.0006	0.0000	1.0000	8.0013	2.9874	12.0015	0.0014	0.0014	0.0000	0.0014	0.0014	0.0000	0.0000	0.0000	0.0000	0.0000	0.0000	0.0000	0.0000	0.0000	0.0000	0.0000	0.0000	0.0000	0.1028	0.0875	0.0153	0.0014	0.0013	0.0001	0.1014	0.0862	0.0152	0.1447	0.0841	0.0606	0.0135	0.0113	0.0022	0.1311	0.0728	0.0584	inf	inf	0.0000	inf	inf	0.0000	inf	inf	0.0000	0.0000	0.0000	0.0000	0.0000	0.0000	0.0000	0.0000	0.0000	0.0000				
82	85	0.1399	5	1	1	1	0	0	0	0	0	N	N	N	N	N	N	N	N	N	N	N	N	0.0000	0.0000	0.0000	0.0000	0.0000	0.0000	0.0000	0.0000	0.0000	0.0000	0.0000	0.0000	0.0000	0.0000	0.0000	0.0000	0.0000	0.0000	0.0000	0.0000	1.0000	1.0000	2.9874	6.9850	0.0000	0.0000	0.0000	0.0000	0.0000	0.0000	0.0000	0.0000	0.0000	0.0000	0.0000	0.0000	0.0000	0.0000	0.0000	0.0000	0.0000	0.0000	0.0136	0.0116	0.0021	0.0001	0.0001	0.0000	0.0136	0.0115	0.0021	0.0648	0.0384	0.0264	0.0100	0.0081	0.0019	0.0548	0.0303	0.0244	0.0000	0.0000	0.0000	0.0000	0.0000	0.0000	0.0000	0.0000	0.0000	0.0000	0.0000	0.0000	0.0000	0.0000	0.0000	0.0000	0.0000	0.0000											
82	86	0.1271	4	1	0	1	0	0	0	0	0	N	N	N	N	N	N	N	N	N	N	N	N	0.0000	0.0000	0.0000	0.0000	0.0000	0.0000	0.0000	0.0000	0.0000	0.0000	0.0000	0.0000	0.0000	0.0000	0.0000	0.0004	0.0007	0.0000	0.0026	0.0032	0.0000	0.0000	0.0000	0.0000	0.0000	0.0000	-0.0000	1.0000	1.0086	2.9874	2.0000	0.0000	0.0000	0.0000	0.0000	0.0000	0.0000	0.0000	0.0000	0.0000	0.0000	0.0000	0.0000	0.0000	0.0000	0.0000	0.0000	0.0000	0.0000	0.0139	0.0118	0.0021	0.0001	0.0001	0.0000	0.0138	0.0117	0.0021	0.0255	0.0150	0.0105	0.0039	0.0031	0.0007	0.0217	0.0119	0.0098	0.0000	0.0000	0.0000	0.0000	0.0000	0.0000	0.0000	0.0000	0.0000	0.0004	0.0007	0.0000	0.0026	0.0032	0.0000	0.0000	0.0000	0.0000				
82	87	0.0416	2	1	1	1	0	0	0	0	0	N	N	N	N	N	N	N	N	N	N	N	N	inf	inf	inf	inf	inf	inf	18.9702	22.2702	0.0000	444.3864	466.2590	0.0000	0.0054	0.0063	0.0000	0.0000	0.0000	0.0000	0.0000	0.0000	0.0000	0.0000	0.0000	0.0000	0.0000	-0.4617	0.0000	1.0000	4.0000	2.9874	7.0000	1.0000	1.0000	0.0000	0.9997	0.9997	0.0000	0.0003	0.0003	0.0000	0.0000	0.0000	0.0000	0.0000	0.0000	0.0000	0.0000	0.0000	0.0000	0.0527	0.0449	0.0078	0.0022	0.0021	0.0001	0.0505	0.0428	0.0077	0.0858	0.0510	0.0348	0.0055	0.0047	0.0008	0.0804	0.0463	0.0341	inf	inf	0.0000	inf	inf	0.0000	inf	inf	0.0000	0.0000	0.0000	0.0000	0.0000	0.0000	0.0000	0.0000	0.0000	0.0000				
82	89	0.1444	6	1	1	1	0	0	0	0	0	N	N	N	N	N	N	N	N	N	N	N	N	0.0000	0.0000	0.0000	0.0000	0.0000	0.0000	0.0000	0.0000	0.0000	0.0000	0.0000	0.0000	0.0000	0.1312	0.3625	0.0000	6.7166	9.5955	0.0000	0.0000	0.0000	0.0000	0.0000	0.0000	-0.0053	1.0000	0.0157	2.9874	9.0253	0.0000	0.0000	0.0000	0.0000	0.0000	0.0000	0.0000	0.0000	0.0000	0.0097	0.0097	0.0000	0.0097	0.0097	0.0000	0.0000	0.0000	0.0000	0.0008	0.0007	0.0001	0.0003	0.0003	0.0000	0.0005	0.0004	0.0001	0.0742	0.0444	0.0297	0.0139	0.0111	0.0028	0.0603	0.0334	0.0269	0.0000	0.0000	0.0000	0.0000	0.0000	0.0000	0.0000	0.0000	0.0000	0.1312	0.2189	0.0000	0.6998	0.8780	0.0000	0.0000	0.0000	0.0000						
82	90	0.1359	5	1	1	1	0	0	0	0	0	N	N	N	N	N	N	N	N	N	N	N	N	0.0000	0.0000	0.0000	0.0000	0.0000	0.0000	0.0000	0.0000	0.0000	0.0000	0.0000	0.0000	0.0000	0.0000	0.0000	0.0000	0.0000	1.0124	0.0068	1.8467	0.0222	0.0273	0.0000	0.6689	0.0012	2.1151	140.2730	0.0000	0.0044	1.0000	0.0169	2.9874	2.0013	0.0000	0.0000	0.0000	0.0000	0.0000	0.0000	0.0000	0.0000	0.0000	0.0098	0.0001	0.0097	0.0001	0.0001	0.0000	0.0097	0.0000	0.0097	0.0003	0.0002	0.0000	0.0000	0.0000	0.0000	0.0002	0.0002	0.0000	0.0172	0.0103	0.0070	0.0027	0.0022	0.0005	0.0145	0.0081	0.0065	0.0000	0.0000	0.0000	0.0000	0.0000	0.0000	0.0000	0.0000	0.0000	0.5684	0.0068	1.3947	0.0222	0.0273	0.0000	0.6689	0.0012	1.5030		
82	91	0.1271	4	1	0	1	0	0	0	0	0	N	N	N	N	N	N	N	N	N	N	N	N	0.0000	0.0000	0.0000	0.0000	0.0000	0.0000	0.0000	0.0000	0.0000	0.0000	0.0000	0.0000	0.0000	0.0000	0.0000	0.0000	0.0000	0.0040	0.0010	0.0083	0.0036	0.0045	0.0000	0.0040	0.0000	0.0089	6.0536	0.0000	0.0000	1.0000	1.9923	2.9874	0.0454	0.0000	0.0000	0.0000	0.0000	0.0000	0.0000	0.0000	0.0000	0.0000	0.0001	0.0000	0.0001	0.0000	0.0000	0.0000	0.0001	0.0000	0.0001	0.0271	0.0230	0.0041	0.0002	0.0002	0.0000	0.0269	0.0227	0.0041	0.0176	0.0103	0.0073	0.0027	0.0022	0.0005	0.0149	0.0081	0.0068	0.0000	0.0000	0.0000	0.0000	0.0000	0.0000	0.0000	0.0000	0.0000	0.0040	0.0010	0.0083	0.0036	0.0045	0.0000	0.0040	0.0000	0.0089		
82	92	0.0834	3	1	0	1	0	0	0	0	0	N	N	N	N	N	N	N	N	N	N	N	N	59.3553	40.4990	374.9948	336.3111	0.1945	0.1269	0.0984	0.1160	0.0000	6.2716	6.7086	0.0000	0.0000	0.0000	0.0000	0.0017	0.0029	0.0000	0.0167	0.0199	0.0000	0.0001	0.0003	0.0000	0.0000	0.0000	-0.0006	-0.0001	1.0000	1.0098	2.9874	9.0196	0.0014	0.0014	0.0000	0.0014	0.0014	0.0000	0.0000	0.0000	0.0000	0.0001	0.0001	0.0000	0.0001	0.0001	0.0000	0.0000	0.0000	0.0000	0.0139	0.0118	0.0021	0.0002	0.0002	0.0000	0.0137	0.0116	0.0021	0.0783	0.0453	0.0330	0.0072	0.0060	0.0012	0.0712	0.0393	0.0319	59.3553	40.4990	0.0000	374.9948	336.3111	0.0000	0.1945	0.1269	0.0000	0.0017	0.0029	0.0000	0.0167	0.0199	0.0000	0.0001	0.0003	0.0000			
82	93	0.1801	8	2	1	1	1	0	0	0	0	Y	N	N	N	N	N	N	N	N	N	N	N	0.0000	0.0000	0.0000	0.0000	0.0000	0.0000	0.0000	0.0000	0.0000	0.0000	0.0000	0.0000	0.0000	0.0000	0.0000	0.0000	0.0000	0.0000	0.0000	0.0000	1.0000	0.0000	2.9874	0.0000	0.0000	0.0000	0.0000	0.0000	0.0000	0.0000	0.0000	0.0000	0.0000	0.0000	0.0000	0.0000	0.0000	0.0000	0.0000	0.0000	0.0000	0.0000	0.0000	0.0000	0.0000	0.0000	0.0000	0.0000	0.0000	0.0000	0.0000	0.0000	0.0000	0.0000	0.0000	0.0000	0.0000	0.0000	0.0000	0.0000	0.0000	0.0000	0.0000	0.0000	0.0000	0.0000	0.0000	0.0000	0.0000	0.0000	0.0000	0.0000	0.0000	0.0000	0.0000	0.0000	0.0000	0.0000											
82	94	0.1801	7	2	1	1	1	0	0	0	0	Y	N	N	N	N	N	N	N	N	N	N	N	0.0000	0.0000	0.0000	0.0000	0.0000	0.0000	0.0000	0.0000	0.0000	0.0000	0.0000	0.0000	0.0000	0.0000	0.0000	0.0000	0.0000	0.0000	0.0000	0.0000	1.0000	0.0000	2.9874	0.0001	0.0000	0.0000	0.0000	0.0000	0.0000	0.0000	0.0000	0.0000	0.0000	0.0000	0.0000	0.0000	0.0000	0.0000	0.0000	0.0000	0.0000	0.0000	0.0000	0.0000	0.0000	0.0000	0.0000	0.0000	0.0000	0.0000	0.0000	0.0000	0.0000	0.0000	0.0000	0.0000	0.0000	0.0000	0.0000	0.0000	0.0000	0.0000	0.0000	0.0000	0.0000	0.0000	0.0000	0.0000	0.0000	0.0000	0.0000	0.0000	0.0000	0.0000	0.0000	0.0000	0.0000	0.0000											
82	95	0.1622	6	1	1	1	1	0	0	0	0	N	N	N	N	N	N	N	N	N	N	N	N	inf	inf	inf	inf	inf	inf	69.5072	81.6031	0.0000	0.2518	0.2624	0.0000	75.0856	89.0605	0.0000	0.0000	0.0000	0.0000	0.0000	0.0000	0.0000	0.0000	0.0000	0.0000	0.0000	-0.4538	0.0000	1.0000	0.9845	2.9874	0.9903	0.9829	0.9829	0.0000	0.0003	0.0003	0.0000	0.9826	0.9826	0.0000	0.0000	0.0000	0.0000	0.0000	0.0000	0.0000	0.0000	0.0000	0.0000	0.0141	0.0120	0.0021	0.0011	0.0010	0.0000	0.0131	0.0110	0.0021	0.0173	0.0104	0.0069	0.0027	0.0024	0.0003	0.0146	0.0080	0.0065	inf	inf	0.0000	inf	inf	0.0000	inf	inf	0.0000	0.0000	0.0000	0.0000	0.0000	0.0000	0.0000	0.0000	0.0000	0.0000				
82	96	0.1594	6	1	1	1	0	0	0	0	0	N	N	N	N	N	N	N	N	N	N	N	N	inf	inf	inf	inf	inf	inf	0.0093	0.0109	0.0000	0.2673	0.2854	0.0000	0.0000	0.0000	0.0000	0.0000	0.0000	0.0000	0.0000	0.0000	0.0000	0.0000	0.0000	0.0000	0.0000	-0.0001	0.0000	1.0000	1.0063	2.9874	3.7812	0.0001	0.0001	0.0000	0.0001	0.0001	0.0000	0.0000	0.0000	0.0000	0.0000	0.0000	0.0000	0.0000	0.0000	0.0000	0.0000	0.0000	0.0000	0.0140	0.0119	0.0021	0.0005	0.0005	0.0000	0.0135	0.0114	0.0021	0.0615	0.0396	0.0219	0.0185	0.0162	0.0023	0.0430	0.0234	0.0196	inf	inf	0.0000	inf	inf	0.0000	inf	inf	0.0000	0.0000	0.0000	0.0000	0.0000	0.0000	0.0000	0.0000	0.0000	0.0000				
82	97	0.1622	6	1	0	2	1	0	0	0	0	N	N	Y	N	N	N	N	N	N	N	N	N	inf	inf	inf	inf	inf	inf	1.1754	1.3800	0.0000	15.9559	16.6372	0.0000	0.0003	0.0004	0.0000	0.0000	0.0000	0.0000	0.0000	0.0000	0.0000	0.0000	0.0000	0.0000	0.0000	-0.0079	0.0000	1.0000	1.0165	2.9874	1.0129	0.0171	0.0171	0.0000	0.0171	0.0171	0.0000	0.0000	0.0000	0.0000	0.0000	0.0000	0.0000	0.0000	0.0000	0.0000	0.0000	0.0000	0.0000	0.0146	0.0124	0.0022	0.0011	0.0010	0.0000	0.0135	0.0114	0.0021	0.0177	0.0107	0.0070	0.0028	0.0024	0.0004	0.0149	0.0082	0.0067	inf	inf	0.0000	inf	inf	0.0000	inf	inf	0.0000	0.0000	0.0000	0.0000	0.0000	0.0000	0.0000	0.0000	0.0000	0.0000				
82	98	0.1493	5	1	0	1	1	0	0	0	0	N	N	N	N	N	N	N	N	N	N	N	N	inf	inf	inf	inf	inf	inf	0.8397	0.9879	0.0000	5.9849	6.3664	0.0000	0.6316	0.7462	0.0000	0.0000	0.0000	0.0000	0.0000	0.0000	0.0000	0.0000	0.0000	0.0000	0.0000	-0.0109	0.0000	1.0000	2.0241	2.9874	1.0265	0.0235	0.0235	0.0000	0.0065	0.0065	0.0000	0.0170	0.0170	0.0000	0.0000	0.0000	0.0000	0.0000	0.0000	0.0000	0.0000	0.0000	0.0000	0.0280	0.0238	0.0042	0.0011	0.0010	0.0001	0.0269	0.0228	0.0041	0.0254	0.0150	0.0104	0.0034	0.0028	0.0006	0.0219	0.0121	0.0098	inf	inf	0.0000	inf	inf	0.0000	inf	inf	0.0000	0.0000	0.0000	0.0000	0.0000	0.0000	0.0000	0.0000	0.0000	0.0000				
82	99	0.1493	5	1	0	2	1	0	0	0	0	N	N	Y	N	N	N	N	N	N	N	N	N	inf	inf	inf	inf	inf	inf	0.1615	0.1899	0.0000	4.3533	4.6463	0.0000	0.0000	0.0001	0.0000	0.0000	0.0000	0.0000	0.0000	0.0000	0.0000	0.0000	0.0000	0.0000	0.0000	-0.0031	0.0000	1.0000	3.0066	2.9874	0.0000	0.0066	0.0066	0.0000	0.0066	0.0066	0.0000	0.0000	0.0000	0.0000	0.0000	0.0000	0.0000	0.0000	0.0000	0.0000	0.0000	0.0000	0.0000	0.0411	0.0349	0.0061	0.0015	0.0014	0.0001	0.0395	0.0335	0.0060	0.0250	0.0148	0.0103	0.0034	0.0028	0.0006	0.0216	0.0120	0.0097	inf	inf	0.0000	inf	inf	0.0000	inf	inf	0.0000	0.0000	0.0000	0.0000	0.0000	0.0000	0.0000	0.0000	0.0000	0.0000				
82	100	0.1750	5	1	0	2	1	0	0	0	0	N	N	Y	N	N	N	N	N	N	N	N	N	0.0000	0.0000	0.0000	0.0000	0.0000	0.0000	0.0000	0.0000	0.0000	0.0000	0.0000	0.0000	0.0000	0.0000	0.0000	0.0000	0.0000	0.0000	0.0000	0.0000	1.0000	0.0000	2.9874	2.0000	0.0000	0.0000	0.0000	0.0000	0.0000	0.0000	0.0000	0.0000	0.0000	0.0000	0.0000	0.0000	0.0000	0.0000	0.0000	0.0000	0.0000	0.0000	0.0000	0.0000	0.0000	0.0000	0.0000	0.0000	0.0000	0.0000	0.0000	0.0162	0.0094	0.0068	0.0023	0.0019	0.0004	0.0139	0.0076	0.0064	0.0000	0.0000	0.0000	0.0000	0.0000	0.0000	0.0000	0.0000	0.0000	0.0000	0.0000	0.0000	0.0000	0.0000	0.0000	0.0000	0.0000	0.0000											
82	101	0.1359	4	1	0	2	1	0	0	0	0	N	N	Y	N	N	N	N	N	N	N	N	N	23.3029	16.2194	62.6630	58.6486	inf	inf	0.0120	0.0141	0.0000	0.2141	0.2343	0.0000	0.0000	0.0000	0.0000	0.0005	0.0009	0.0000	0.0034	0.0040	0.0000	0.0000	0.0000	0.0000	0.0000	0.0000	-0.0004	-0.0000	1.0000	5.8899	2.9874	3.1847	0.0010	0.0010	0.0000	0.0010	0.0010	0.0000	0.0000	0.0000	0.0000	0.0000	0.0000	0.0000	0.0000	0.0000	0.0000	0.0000	0.0000	0.0000	0.0807	0.0687	0.0120	0.0045	0.0041	0.0004	0.0761	0.0646	0.0116	0.0768	0.0455	0.0313	0.0116	0.0099	0.0017	0.0652	0.0356	0.0296	23.3029	16.2194	0.0000	62.6630	58.6486	0.0000	inf	inf	0.0000	0.0005	0.0009	0.0000	0.0034	0.0040	0.0000	0.0000	0.0000	0.0000			
82	102	0.1827	4	2	1	1	0	0	0	0	0	Y	N	N	N	N	N	N	N	N	N	N	N	0.0000	0.0000	0.0000	0.0000	0.0000	0.0000	0.0000	0.0000	0.0000	0.0000	0.0000	0.0000	0.0000	0.0000	0.0000	0.0000	0.0000	0.0000	0.0000	0.0000	1.0000	0.0000	2.9874	0.0000	0.0000	0.0000	0.0000	0.0000	0.0000	0.0000	0.0000	0.0000	0.0000	0.0000	0.0000	0.0000	0.0000	0.0000	0.0000	0.0000	0.0000	0.0000	0.0000	0.0000	0.0000	0.0000	0.0000	0.0000	0.0000	0.0000	0.0000	0.0000	0.0000	0.0000	0.0000	0.0000	0.0000	0.0000	0.0000	0.0000	0.0000	0.0000	0.0000	0.0000	0.0000	0.0000	0.0000	0.0000	0.0000	0.0000	0.0000	0.0000	0.0000	0.0000	0.0000	0.0000	0.0000	0.0000											
82	103	0.0834	3	2	1	1	0	0	0	0	0	Y	N	N	N	N	N	N	N	N	N	N	N	inf	inf	inf	inf	inf	inf	0.0133	0.0157	0.0000	0.9856	1.0662	0.0000	0.0000	0.0000	0.0000	0.0000	0.0000	0.0000	0.0000	0.0000	0.0000	0.0000	0.0000	0.0000	0.0000	-0.0006	0.0000	1.0000	8.0012	2.9874	14.0016	0.0014	0.0014	0.0000	0.0014	0.0014	0.0000	0.0000	0.0000	0.0000	0.0000	0.0000	0.0000	0.0000	0.0000	0.0000	0.0000	0.0000	0.0000	0.1028	0.0875	0.0153	0.0014	0.0013	0.0001	0.1014	0.0862	0.0152	0.1568	0.0912	0.0655	0.0147	0.0123	0.0024	0.1420	0.0789	0.0631	inf	inf	0.0000	inf	inf	0.0000	inf	inf	0.0000	0.0000	0.0000	0.0000	0.0000	0.0000	0.0000	0.0000	0.0000	0.0000				
82	104	0.1464	4	1	1	1	0	0	0	0	0	N	N	N	N	N	N	N	N	N	N	N	N	0.0000	0.0000	0.0000	0.0000	0.0000	0.0000	0.0000	0.0000	0.0000	0.0000	0.0000	0.0000	0.0000	0.0004	0.0006	0.0000	0.0019	0.0024	0.0000	0.0000	0.0000	0.0000	0.0000	0.0000	-0.0000	1.0000	2.0010	2.9874	1.0153	0.0000	0.0000	0.0000	0.0000	0.0000	0.0000	0.0000	0.0000	0.0000	0.0000	0.0000	0.0000	0.0000	0.0000	0.0000	0.0000	0.0000	0.0000	0.0270	0.0229	0.0041	0.0003	0.0003	0.0000	0.0267	0.0226	0.0041	0.0265	0.0158	0.0107	0.0053	0.0041	0.0012	0.0212	0.0117	0.0095	0.0000	0.0000	0.0000	0.0000	0.0000	0.0000	0.0000	0.0000	0.0000	0.0004	0.0006	0.0000	0.0019	0.0024	0.0000	0.0000	0.0000	0.0000						
82	105	0.0834	3	1	1	1	0	0	0	0	0	N	N	N	N	N	N	N	N	N	N	N	N	363.2059	248.0504	inf	inf	0.0903	0.0589	0.0337	0.0397	0.0000	2.4062	2.5959	0.0000	0.0000	0.0000	0.0000	0.0001	0.0002	0.0000	0.0000	0.0000	0.0000	0.0001	0.0002	0.0000	0.0000	0.0000	-0.0006	-0.0000	1.0000	3.0162	2.9874	11.0438	0.0014	0.0014	0.0000	0.0014	0.0014	0.0000	0.0000	0.0000	0.0000	0.0000	0.0000	0.0000	0.0000	0.0000	0.0000	0.0000	0.0000	0.0000	0.0407	0.0345	0.0062	0.0006	0.0005	0.0000	0.0401	0.0340	0.0061	0.1064	0.0617	0.0447	0.0098	0.0082	0.0016	0.0966	0.0534	0.0431	363.2059	248.0504	0.0000	inf	inf	0.0000	0.0903	0.0589	0.0000	0.0001	0.0002	0.0000	0.0000	0.0000	0.0000	0.0001	0.0002	0.0000			
82	106	0.1843	8	2	1	1	0	0	0	0	0	Y	N	N	N	N	N	N	N	N	N	N	N	0.0000	0.0000	0.0000	0.0000	0.0000	0.0000	0.0000	0.0000	0.0000	0.0000	0.0000	0.0000	0.0000	0.0000	0.0000	0.0000	0.0000	0.0000	0.0000	0.0000	1.0000	1.0000	2.9874	1.0000	0.0000	0.0000	0.0000	0.0000	0.0000	0.0000	0.0000	0.0000	0.0000	0.0000	0.0000	0.0000	0.0000	0.0000	0.0000	0.0000	0.0000	0.0000	0.0138	0.0117	0.0021	0.0004	0.0004	0.0000	0.0134	0.0113	0.0021	0.0173	0.0108	0.0065	0.0056	0.0046	0.0011	0.0116	0.0062	0.0054	0.0000	0.0000	0.0000	0.0000	0.0000	0.0000	0.0000	0.0000	0.0000	0.0000	0.0000	0.0000	0.0000	0.0000	0.0000	0.0000	0.0000	0.0000											
82	107	0.1801	7	2	1	1	0	0	0	0	0	Y	N	N	N	N	N	N	N	N	N	N	N	0.0000	0.0000	0.0000	0.0000	0.0000	0.0000	0.0000	0.0000	0.0000	0.0000	0.0000	0.0000	0.0000	0.0000	0.0000	0.0000	0.0000	0.0000	0.0000	0.0000	1.0000	0.0000	2.9874	0.9999	0.0000	0.0000	0.0000	0.0000	0.0000	0.0000	0.0000	0.0000	0.0000	0.0000	0.0000	0.0000	0.0000	0.0000	0.0000	0.0000	0.0000	0.0000	0.0000	0.0000	0.0000	0.0000	0.0000	0.0000	0.0000	0.0000	0.0000	0.0087	0.0053	0.0034	0.0023	0.0019	0.0004	0.0064	0.0034	0.0029	0.0000	0.0000	0.0000	0.0000	0.0000	0.0000	0.0000	0.0000	0.0000	0.0000	0.0000	0.0000	0.0000	0.0000	0.0000	0.0000	0.0000	0.0000											
82	108	0.1594	6	2	1	1	0	0	0	0	0	Y	N	N	N	N	N	N	N	N	N	N	N	inf	inf	inf	inf	inf	inf	0.4994	0.5837	0.0000	2.0153	2.0251	0.0000	0.0002	0.0002	0.0000	0.0000	0.0000	0.0000	0.0000	0.0000	0.0000	0.0000	0.0000	0.0000	0.0000	-0.0001	0.0000	1.0000	0.0100	2.9874	4.8896	0.0001	0.0001	0.0000	0.0001	0.0001	0.0000	0.0000	0.0000	0.0000	0.0000	0.0000	0.0000	0.0000	0.0000	0.0000	0.0000	0.0000	0.0000	0.0003	0.0002	0.0000	0.0001	0.0001	0.0000	0.0002	0.0002	0.0000	0.0623	0.0401	0.0223	0.0186	0.0163	0.0023	0.0437	0.0238	0.0199	inf	inf	0.0000	inf	inf	0.0000	inf	inf	0.0000	0.0000	0.0000	0.0000	0.0000	0.0000	0.0000	0.0000	0.0000	0.0000				
82	109	0.1493	5	1	1	1	0	0	0	0	0	N	N	N	N	N	N	N	N	N	N	N	N	inf	inf	inf	inf	inf	inf	0.4772	0.5615	0.0000	10.5062	11.0795	0.0000	0.0097	0.0114	0.0000	0.0000	0.0000	0.0000	0.0000	0.0000	0.0000	0.0000	0.0000	0.0000	0.0000	-0.0031	0.0000	1.0000	1.0007	2.9874	1.4004	0.0068	0.0068	0.0000	0.0066	0.0066	0.0000	0.0001	0.0001	0.0000	0.0000	0.0000	0.0000	0.0000	0.0000	0.0000	0.0000	0.0000	0.0000	0.0142	0.0120	0.0021	0.0006	0.0006	0.0000	0.0135	0.0114	0.0021	0.0201	0.0118	0.0082	0.0027	0.0022	0.0005	0.0174	0.0096	0.0078	inf	inf	0.0000	inf	inf	0.0000	inf	inf	0.0000	0.0000	0.0000	0.0000	0.0000	0.0000	0.0000	0.0000	0.0000	0.0000				
82	110	0.1359	4	1	0	1	0	0	0	0	0	N	N	N	N	N	N	N	N	N	N	N	N	804.7296	568.5517	63.3980	62.9485	inf	inf	1.0136	1.1918	0.0000	0.4190	0.4671	0.0000	1.2778	1.5400	0.0000	0.0013	0.0021	0.0000	0.0066	0.0074	0.0000	0.0000	0.0000	0.0000	0.0000	0.0000	-0.0035	-0.0000	1.0000	0.3039	2.9874	2.8719	0.0076	0.0076	0.0000	0.0010	0.0010	0.0000	0.0066	0.0066	0.0000	0.0000	0.0000	0.0000	0.0000	0.0000	0.0000	0.0000	0.0000	0.0000	0.0075	0.0064	0.0011	0.0023	0.0021	0.0002	0.0052	0.0043	0.0009	0.0315	0.0189	0.0126	0.0060	0.0053	0.0007	0.0255	0.0136	0.0119	804.7296	568.5517	0.0000	63.3980	62.9485	0.0000	inf	inf	0.0000	0.0013	0.0021	0.0000	0.0066	0.0074	0.0000	0.0000	0.0000	0.0000			
82	111	0.0834	3	1	0	1	0	0	0	0	0	N	N	N	N	N	N	N	N	N	N	N	N	106.4915	97.1250	0.0000	inf	inf	40.6422	35.4325	0.0000	0.0457	0.0538	0.0000	1.9357	2.0903	0.0000	0.0192	0.0227	0.0000	0.0004	0.0006	0.0003	0.0000	0.0000	0.0000	0.0005	0.0006	0.0003	0.0000	0.3376	-0.0011	-0.0000	1.0000	3.8240	2.9874	8.1760	0.0023	0.0023	0.0000	0.0014	0.0014	0.0000	0.0010	0.0010	0.0000	0.0000	0.0000	0.0000	0.0000	0.0000	0.0000	0.0000	0.0000	0.0000	0.0511	0.0434	0.0077	0.0007	0.0007	0.0001	0.0504	0.0428	0.0077	0.0923	0.0534	0.0389	0.0085	0.0071	0.0014	0.0838	0.0463	0.0375	106.4915	97.1250	0.0000	inf	inf	0.0000	40.6422	35.4325	0.0000	0.0004	0.0006	0.0003	0.0000	0.0000	0.0000	0.0005	0.0006	0.0003	
82	115	0.2760	6	1	0	1	0	0	0	0	0	N	N	N	N	N	N	N	N	N	N	N	N	2.8666	214.3706	0.0000	0.0012	2.1804	0.0000	28.0935	inf	0.0000	6.4996	7.5033	0.0000	0.1255	0.1296	0.0000	7.4990	8.8200	0.0000	2.2673	0.0350	8.2611	101.6503	0.0594	147.9474	0.2669	0.0000	0.9387	0.0000	70.8921	-0.3993	0.2531	1.0000	8.9918	2.9874	13.3277	0.8648	0.8648	0.0000	0.0023	0.0023	0.0000	0.8625	0.8625	0.0000	0.5672	0.0079	0.5593	0.5256	0.0079	0.5177	0.0416	0.0000	0.0416	0.1330	0.1153	0.0178	0.0180	0.0175	0.0006	0.1150	0.0978	0.0172	0.3116	0.2254	0.0862	0.1558	0.1328	0.0230	0.1559	0.0927	0.0632	3.5707	214.3706	0.0000	0.0372	2.1804	0.0000	28.0935	inf	0.0000	1.8202	0.0350	6.4885	3.3746	0.0594	22.5071	0.2669	0.0000	0.6583
83	84	0.0701	2	1	1	1	1	0	0	0	0	N	N	N	N	N	N	N	N	N	N	N	N	inf	inf	inf	inf	inf	inf	0.0134	0.0000	0.0924	0.0000	0.0000	0.0000	0.0142	0.0000	0.0943	0.0000	0.0000	0.0000	0.0000	0.0000	0.0000	0.0000	0.0000	0.0000	49985.5000	0.0007	0.0000	0.9997	8.0013	6.0128	12.0015	0.0014	0.0000	0.0014	0.0000	0.0000	0.0000	0.0014	0.0000	0.0014	0.0000	0.0000	0.0000	0.0000	0.0000	0.0000	0.0000	0.0000	0.0000	0.1019	0.0871	0.0148	0.0055	0.0052	0.0003	0.0964	0.0819	0.0145	0.2380	0.1386	0.0994	0.0072	0.0056	0.0015	0.2308	0.1329	0.0979	inf	inf	inf	0.0000	0.0000	0.0000	inf	inf	inf	0.0000	0.0000	0.0000	0.0000	0.0000	0.0000	0.0000	0.0000	0.0000				
83	85	0.1266	4	1	1	1	0	0	0	0	0	N	N	N	N	N	N	N	N	N	N	N	N	0.0000	0.0000	0.0000	0.0000	0.0000	0.0000	0.0000	0.0000	0.0000	0.0000	0.0000	0.0000	0.0000	0.0000	0.0000	0.0000	0.0000	0.0000	0.0000	0.0000	0.9997	1.0000	6.0128	6.9850	0.0000	0.0000	0.0000	0.0000	0.0000	0.0000	0.0000	0.0000	0.0000	0.0000	0.0000	0.0000	0.0000	0.0000	0.0000	0.0000	0.0000	0.0000	0.0135	0.0115	0.0020	0.0007	0.0006	0.0000	0.0129	0.0109	0.0020	0.1060	0.0634	0.0427	0.0103	0.0079	0.0024	0.0957	0.0554	0.0403	0.0000	0.0000	0.0000	0.0000	0.0000	0.0000	0.0000	0.0000	0.0000	0.0000	0.0000	0.0000	0.0000	0.0000	0.0000	0.0000	0.0000	0.0000											
83	86	0.1138	3	1	0	1	0	0	0	0	0	N	N	N	N	N	N	N	N	N	N	N	N	0.0000	0.0000	0.0000	0.0000	0.0000	0.0000	0.0000	0.0000	0.0000	0.0000	0.0000	0.0000	0.0000	0.0000	0.0000	0.0000	0.0000	0.0000	0.0000	0.0000	0.0000	0.0000	0.0000	0.0000	0.0000	0.0000	-0.0000	0.9997	1.0086	6.0128	2.0000	0.0000	0.0000	0.0000	0.0000	0.0000	0.0000	0.0000	0.0000	0.0000	0.0000	0.0000	0.0000	0.0000	0.0000	0.0000	0.0000	0.0000	0.0000	0.0138	0.0117	0.0020	0.0007	0.0007	0.0000	0.0131	0.0111	0.0020	0.0417	0.0247	0.0170	0.0040	0.0031	0.0009	0.0377	0.0217	0.0161	0.0000	0.0000	0.0000	0.0000	0.0000	0.0000	0.0000	0.0000	0.0000	0.0000	0.0000	0.0000	0.0000	0.0000	0.0000	0.0000	0.0000	0.0000				
83	89	0.1311	5	1	1	1	0	0	0	0	0	N	N	N	N	N	N	N	N	N	N	N	N	0.0000	0.0000	0.0000	0.0000	0.0000	0.0000	0.0000	0.0000	0.0000	0.0000	0.0000	0.0000	0.0000	0.0000	0.0000	0.0000	0.0000	0.0000	0.0000	0.0000	0.0000	0.0000	0.0000	0.0000	-0.0000	0.9997	0.0157	6.0128	9.0253	0.0000	0.0000	0.0000	0.0000	0.0000	0.0000	0.0000	0.0000	0.0000	0.0000	0.0000	0.0000	0.0000	0.0000	0.0000	0.0000	0.0000	0.0000	0.0008	0.0007	0.0001	0.0003	0.0003	0.0000	0.0005	0.0004	0.0001	0.1208	0.0730	0.0478	0.0157	0.0120	0.0038	0.1051	0.0611	0.0440	0.0000	0.0000	0.0000	0.0000	0.0000	0.0000	0.0000	0.0000	0.0000	0.0000	0.0000	0.0000	0.0000	0.0000	0.0000	0.0000	0.0000	0.0000						
83	90	0.1226	4	1	1	1	0	0	0	0	0	N	N	N	N	N	N	N	N	N	N	N	N	0.0000	0.0000	0.0000	0.0000	0.0000	0.0000	0.0000	0.0000	0.0000	0.0000	0.0000	0.0000	0.0000	0.0000	0.0000	0.0000	0.0000	0.0000	0.0000	0.0000	0.0000	0.0000	0.0000	0.0000	0.0000	0.0000	1.5164	0.0000	0.0000	0.9997	0.0169	6.0128	2.0013	0.0000	0.0000	0.0000	0.0000	0.0000	0.0000	0.0000	0.0000	0.0000	0.0000	0.0000	0.0000	0.0000	0.0000	0.0000	0.0000	0.0000	0.0000	0.0003	0.0002	0.0000	0.0000	0.0000	0.0000	0.0002	0.0002	0.0000	0.0281	0.0169	0.0112	0.0028	0.0022	0.0006	0.0253	0.0147	0.0106	0.0000	0.0000	0.0000	0.0000	0.0000	0.0000	0.0000	0.0000	0.0000	0.0000	0.0000	0.0000	0.0000	0.0000	0.0000	0.0000	0.0000	0.0000		
83	91	0.1138	3	1	0	1	0	0	0	0	0	N	N	N	N	N	N	N	N	N	N	N	N	0.0000	0.0000	0.0000	0.0000	0.0000	0.0000	0.0000	0.0000	0.0000	0.0000	0.0000	0.0000	0.0000	0.0000	0.0000	0.0000	0.0000	0.0000	0.0000	0.0000	0.0000	0.0001	0.0000	0.0000	0.0000	0.0000	0.0073	0.0000	-0.0000	0.9997	1.9923	6.0128	0.0454	0.0000	0.0000	0.0000	0.0000	0.0000	0.0000	0.0000	0.0000	0.0000	0.0000	0.0000	0.0000	0.0000	0.0000	0.0000	0.0000	0.0000	0.0000	0.0268	0.0229	0.0040	0.0013	0.0013	0.0001	0.0255	0.0216	0.0039	0.0287	0.0171	0.0117	0.0029	0.0022	0.0006	0.0259	0.0148	0.0111	0.0000	0.0000	0.0000	0.0000	0.0000	0.0000	0.0000	0.0000	0.0000	0.0000	0.0000	0.0000	0.0000	0.0001	0.0000	0.0000	0.0000	0.0000		
83	92	0.0701	2	1	0	1	0	0	0	0	0	N	N	N	N	N	N	N	N	N	N	N	N	106.0691	0.0015	29876379.3530	109.1766	0.0015	30049186.0212	0.0993	0.0000	0.6684	0.0000	0.0000	0.0000	0.1053	0.0000	0.6823	0.0009	0.0016	0.0000	0.0000	0.0000	0.0000	0.0010	0.0017	0.0000	49985.5000	0.0000	0.0007	-0.0001	0.9997	1.0098	6.0128	9.0196	0.0014	0.0000	0.0014	0.0000	0.0000	0.0000	0.0014	0.0000	0.0014	0.0001	0.0001	0.0000	0.0000	0.0000	0.0000	0.0001	0.0001	0.0000	0.0138	0.0117	0.0020	0.0008	0.0007	0.0000	0.0130	0.0110	0.0020	0.1283	0.0746	0.0536	0.0038	0.0030	0.0008	0.1245	0.0717	0.0529	106.0691	0.0015	29876379.3530	0.0000	0.0000	0.0000	109.1766	0.0015	30049186.0212	0.0009	0.0016	0.0000	0.0000	0.0000	0.0000	0.0010	0.0017	0.0000			
83	93	0.1668	7	2	1	1	1	0	0	0	0	Y	N	N	N	N	N	N	N	N	N	N	N	0.0000	0.0000	0.0000	0.0000	0.0000	0.0000	0.0000	0.0000	0.0000	0.0000	0.0000	0.0000	0.0000	0.0000	0.0000	0.0000	0.0000	0.0000	0.0000	0.0000	0.9997	0.0000	6.0128	0.0000	0.0000	0.0000	0.0000	0.0000	0.0000	0.0000	0.0000	0.0000	0.0000	0.0000	0.0000	0.0000	0.0000	0.0000	0.0000	0.0000	0.0000	0.0000	0.0000	0.0000	0.0000	0.0000	0.0000	0.0000	0.0000	0.0000	0.0000	0.0000	0.0000	0.0000	0.0000	0.0000	0.0000	0.0000	0.0000	0.0000	0.0000	0.0000	0.0000	0.0000	0.0000	0.0000	0.0000	0.0000	0.0000	0.0000	0.0000	0.0000	0.0000	0.0000	0.0000	0.0000	0.0000	0.0000											
83	94	0.1668	6	2	1	1	1	0	0	0	0	Y	N	N	N	N	N	N	N	N	N	N	N	0.0000	0.0000	0.0000	0.0000	0.0000	0.0000	0.0000	0.0000	0.0000	0.0000	0.0000	0.0000	0.0000	0.0000	0.0000	0.0000	0.0000	0.0000	0.0000	0.0000	0.9997	0.0000	6.0128	0.0001	0.0000	0.0000	0.0000	0.0000	0.0000	0.0000	0.0000	0.0000	0.0000	0.0000	0.0000	0.0000	0.0000	0.0000	0.0000	0.0000	0.0000	0.0000	0.0000	0.0000	0.0000	0.0000	0.0000	0.0000	0.0000	0.0000	0.0000	0.0000	0.0000	0.0000	0.0000	0.0000	0.0000	0.0000	0.0000	0.0000	0.0000	0.0000	0.0000	0.0000	0.0000	0.0000	0.0000	0.0000	0.0000	0.0000	0.0000	0.0000	0.0000	0.0000	0.0000	0.0000	0.0000	0.0000											
83	95	0.1489	5	1	1	1	1	0	0	0	0	N	N	N	N	N	N	N	N	N	N	N	N	1354.5522	965.8850	142.4350	113.5690	70.8067	82.7998	0.0000	646.2298	676.3122	0.0000	0.0000	0.0000	0.0000	0.0523	0.0857	0.0000	4.5370	5.9551	0.0000	0.0000	0.0000	0.0000	0.0000	0.0000	-0.4537	-0.0008	0.9997	0.9845	6.0128	0.9903	0.9826	0.9826	0.0000	0.9826	0.9826	0.0000	0.0000	0.0000	0.0000	0.0015	0.0015	0.0000	0.0015	0.0015	0.0000	0.0000	0.0000	0.0000	0.0139	0.0119	0.0020	0.0015	0.0015	0.0001	0.0124	0.0104	0.0019	0.0283	0.0173	0.0110	0.0029	0.0025	0.0003	0.0254	0.0147	0.0107	1354.5522	965.8850	0.0000	1255.9809	1164.2528	0.0000	0.0000	0.0000	0.0000	0.0523	0.0857	0.0000	0.5145	0.5809	0.0000	0.0000	0.0000	0.0000					
83	96	0.1461	5	1	1	1	0	0	0	0	0	N	N	N	N	N	N	N	N	N	N	N	N	inf	inf	inf	inf	inf	inf	0.0094	0.0000	0.0634	0.0000	0.0000	0.0000	0.0101	0.0000	0.0653	0.0000	0.0000	0.0000	0.0000	0.0000	0.0000	0.0000	0.0000	0.0000	49985.5000	0.0001	0.0000	0.9997	1.0063	6.0128	3.7812	0.0001	0.0000	0.0001	0.0000	0.0000	0.0000	0.0001	0.0000	0.0001	0.0000	0.0000	0.0000	0.0000	0.0000	0.0000	0.0000	0.0000	0.0000	0.0139	0.0118	0.0020	0.0011	0.0010	0.0001	0.0128	0.0108	0.0020	0.1018	0.0663	0.0355	0.0294	0.0257	0.0037	0.0724	0.0406	0.0318	inf	inf	inf	0.0000	0.0000	0.0000	inf	inf	inf	0.0000	0.0000	0.0000	0.0000	0.0000	0.0000	0.0000	0.0000	0.0000				
83	97	0.1489	5	1	0	2	1	0	0	0	0	N	N	Y	N	N	N	N	N	N	N	N	N	23.4719	0.0003	inf	0.0000	0.0000	inf	inf	inf	1.1970	0.0000	8.2610	0.0000	0.0000	0.0000	1.3432	0.0000	8.5491	0.0510	0.0837	0.0000	4.3533	5.8609	0.0000	0.0000	0.0000	0.0000	49985.5000	0.0000	0.0092	-0.0008	0.9997	1.0165	6.0128	1.0129	0.0171	0.0000	0.0171	0.0000	0.0000	0.0000	0.0171	0.0000	0.0171	0.0015	0.0015	0.0000	0.0015	0.0015	0.0000	0.0000	0.0000	0.0000	0.0143	0.0122	0.0021	0.0016	0.0015	0.0001	0.0127	0.0107	0.0020	0.0290	0.0177	0.0113	0.0029	0.0026	0.0003	0.0261	0.0151	0.0110	23.4719	0.0003	inf	0.0000	0.0000	0.0000	inf	inf	inf	0.0510	0.0837	0.0000	0.5062	0.5723	0.0000	0.0000	0.0000	0.0000	
83	98	0.1360	4	1	0	1	1	0	0	0	0	N	N	N	N	N	N	N	N	N	N	N	N	0.0352	0.0170	2665.9656	0.0081	0.0079	0.0000	inf	inf	inf	0.8484	0.7186	1.6055	7.7983	8.2459	0.0000	0.2551	0.0000	1.6537	24.0812	42.1596	0.0006	966.0160	1047.3981	0.0109	0.0000	0.0000	0.0000	0.3832	0.0000	-0.0043	-0.5391	0.9997	2.0241	6.0128	1.0265	0.0235	0.0170	0.0065	0.0170	0.0170	0.0000	0.0065	0.0000	0.0065	0.9985	0.9985	0.0000	0.9985	0.9985	0.0000	0.0000	0.0000	0.0000	0.0277	0.0237	0.0041	0.0022	0.0021	0.0001	0.0255	0.0216	0.0039	0.0415	0.0249	0.0166	0.0046	0.0037	0.0009	0.0369	0.0212	0.0157	0.0352	0.0179	2665.9656	0.0359	0.0304	0.0000	inf	inf	inf	24.0812	40.1664	0.0006	217.0656	271.1230	0.0109	0.0000	0.0000	0.0000
83	99	0.1360	4	1	0	2	1	0	0	0	0	N	N	Y	N	N	N	N	N	N	N	N	N	inf	inf	inf	inf	inf	inf	0.1631	0.0000	1.1165	0.0000	0.0000	0.0000	0.1767	0.0000	1.1502	0.0000	0.0000	0.0000	0.0000	0.0000	0.0000	0.0000	0.0000	0.0000	49985.5000	0.0036	0.0000	0.9997	3.0066	6.0128	0.0000	0.0066	0.0000	0.0066	0.0000	0.0000	0.0000	0.0066	0.0000	0.0066	0.0000	0.0000	0.0000	0.0000	0.0000	0.0000	0.0000	0.0000	0.0000	0.0406	0.0347	0.0059	0.0031	0.0030	0.0002	0.0375	0.0318	0.0058	0.0409	0.0245	0.0164	0.0045	0.0036	0.0009	0.0363	0.0209	0.0155	inf	inf	inf	0.0000	0.0000	0.0000	inf	inf	inf	0.0000	0.0000	0.0000	0.0000	0.0000	0.0000	0.0000	0.0000	0.0000				
83	100	0.1617	4	1	0	2	1	0	0	0	0	N	N	Y	N	N	N	N	N	N	N	N	N	0.0000	0.0000	0.0000	0.0000	0.0000	0.0000	0.0000	0.0000	0.0000	0.0000	0.0000	0.0000	0.0000	0.0000	0.0000	0.0000	0.0000	0.0000	0.0000	0.0000	0.9997	0.0000	6.0128	2.0000	0.0000	0.0000	0.0000	0.0000	0.0000	0.0000	0.0000	0.0000	0.0000	0.0000	0.0000	0.0000	0.0000	0.0000	0.0000	0.0000	0.0000	0.0000	0.0000	0.0000	0.0000	0.0000	0.0000	0.0000	0.0000	0.0000	0.0000	0.0264	0.0156	0.0108	0.0030	0.0024	0.0006	0.0233	0.0132	0.0101	0.0000	0.0000	0.0000	0.0000	0.0000	0.0000	0.0000	0.0000	0.0000	0.0000	0.0000	0.0000	0.0000	0.0000	0.0000	0.0000	0.0000	0.0000											
83	101	0.1226	3	1	0	2	1	0	0	0	0	N	N	Y	N	N	N	N	N	N	N	N	N	0.2428	0.0000	inf	0.0000	0.0000	0.2449	0.0000	inf	0.0121	0.0000	0.0836	0.0000	0.0000	0.0000	0.0134	0.0000	0.0876	0.0499	0.0831	0.0000	0.0164	0.0195	0.0000	0.0547	0.0968	0.0000	49985.5000	0.0000	0.0005	-0.0034	0.9997	5.8899	6.0128	3.1847	0.0010	0.0000	0.0010	0.0000	0.0000	0.0000	0.0010	0.0000	0.0010	0.0063	0.0063	0.0000	0.0003	0.0003	0.0000	0.0060	0.0060	0.0000	0.0800	0.0684	0.0116	0.0076	0.0071	0.0005	0.0723	0.0613	0.0111	0.1262	0.0758	0.0504	0.0158	0.0134	0.0025	0.1104	0.0624	0.0479	0.2428	0.0000	inf	0.0000	0.0000	0.0000	0.2449	0.0000	inf	0.0499	0.0831	0.0000	0.0164	0.0195	0.0000	0.0547	0.0968	0.0000	
83	102	0.1694	3	2	1	1	0	0	0	0	0	Y	N	N	N	N	N	N	N	N	N	N	N	0.0000	0.0000	0.0000	0.0000	0.0000	0.0000	0.0000	0.0000	0.0000	0.0000	0.0000	0.0000	0.0000	0.0000	0.0000	0.0000	0.0000	0.0000	0.0000	0.0000	0.9997	0.0000	6.0128	0.0000	0.0000	0.0000	0.0000	0.0000	0.0000	0.0000	0.0000	0.0000	0.0000	0.0000	0.0000	0.0000	0.0000	0.0000	0.0000	0.0000	0.0000	0.0000	0.0000	0.0000	0.0000	0.0000	0.0000	0.0000	0.0000	0.0000	0.0000	0.0000	0.0000	0.0000	0.0000	0.0000	0.0000	0.0000	0.0000	0.0000	0.0000	0.0000	0.0000	0.0000	0.0000	0.0000	0.0000	0.0000	0.0000	0.0000	0.0000	0.0000	0.0000	0.0000	0.0000	0.0000	0.0000	0.0000											
83	103	0.0701	2	2	1	1	0	0	0	0	0	Y	N	N	N	N	N	N	N	N	N	N	N	0.0017	inf	0.0025	0.0018	inf	0.0025	0.0134	0.0000	0.0924	0.0000	0.0000	0.0000	0.0142	0.0000	0.0943	7.7742	0.0000	37.4689	0.0000	0.0000	0.0000	7.9910	0.0000	37.2992	49985.5000	inf	0.0007	0.9201	0.9997	8.0012	6.0128	14.0016	0.0014	0.0000	0.0014	0.0000	0.0000	0.0000	0.0014	0.0000	0.0014	2.0000	0.0000	2.0000	0.0000	0.0000	0.0000	2.0000	0.0000	2.0000	0.1019	0.0871	0.0148	0.0055	0.0052	0.0003	0.0964	0.0819	0.0145	0.2581	0.1503	0.1078	0.0078	0.0062	0.0016	0.2503	0.1442	0.1061	0.0017	inf	0.0050	0.0000	0.0000	0.0000	0.0018	inf	0.0050	7.7494	0.0000	18.5575	0.0000	0.0000	0.0000	7.9910	0.0000	18.8453			
83	104	0.1331	3	1	1	1	0	0	0	0	0	N	N	N	N	N	N	N	N	N	N	N	N	0.0000	0.0000	0.0000	0.0000	0.0000	0.0000	0.0000	0.0000	0.0000	0.0000	0.0000	0.0000	0.0000	0.0000	0.0000	0.0000	0.0000	0.0402	0.0000	0.1273	0.0090	0.0000	0.0387	0.0483	0.0000	0.1324	13700.7874	0.0000	0.0008	0.9997	2.0010	6.0128	1.0153	0.0000	0.0000	0.0000	0.0000	0.0000	0.0000	0.0000	0.0000	0.0000	0.0017	0.0000	0.0017	0.0001	0.0000	0.0001	0.0017	0.0000	0.0017	0.0268	0.0228	0.0040	0.0015	0.0014	0.0001	0.0253	0.0214	0.0039	0.0433	0.0263	0.0170	0.0089	0.0069	0.0021	0.0344	0.0195	0.0149	0.0000	0.0000	0.0000	0.0000	0.0000	0.0000	0.0000	0.0000	0.0000	0.0402	0.0000	0.1025	0.0090	0.0000	0.0387	0.0483	0.0000	0.1114		
83	105	0.0701	2	1	1	1	0	0	0	0	0	N	N	N	N	N	N	N	N	N	N	N	N	0.0057	0.0010	0.0082	0.0061	0.0010	0.0086	0.0340	0.0000	0.2301	0.0000	0.0000	0.0000	0.0360	0.0000	0.2349	5.9211	0.0008	28.2078	0.0000	0.0000	0.0000	5.8924	0.0008	27.2574	49985.5000	12458.4722	0.0007	0.4592	0.9997	3.0162	6.0128	11.0438	0.0014	0.0000	0.0014	0.0000	0.0000	0.0000	0.0014	0.0000	0.0014	0.9983	0.0001	0.9983	0.0000	0.0000	0.0000	0.9983	0.0001	0.9983	0.0403	0.0343	0.0060	0.0022	0.0021	0.0001	0.0381	0.0322	0.0058	0.1746	0.1016	0.0730	0.0052	0.0041	0.0011	0.1694	0.0975	0.0719	0.0059	0.0010	0.0168	0.0000	0.0000	0.0000	0.0061	0.0010	0.0169	5.7180	0.0008	13.6796	0.0000	0.0000	0.0000	5.8924	0.0008	13.8864			
83	106	0.1710	7	2	1	1	0	0	0	0	0	Y	N	N	N	N	N	N	N	N	N	N	N	0.0000	0.0000	0.0000	0.0000	0.0000	0.0000	0.0000	0.0000	0.0000	0.0000	0.0000	0.0000	0.0000	0.0000	0.0000	0.0000	0.0000	0.0000	0.0000	0.0000	0.9997	1.0000	6.0128	1.0000	0.0000	0.0000	0.0000	0.0000	0.0000	0.0000	0.0000	0.0000	0.0000	0.0000	0.0000	0.0000	0.0000	0.0000	0.0000	0.0000	0.0000	0.0000	0.0137	0.0117	0.0020	0.0010	0.0009	0.0001	0.0127	0.0107	0.0020	0.0282	0.0180	0.0103	0.0088	0.0070	0.0017	0.0195	0.0109	0.0085	0.0000	0.0000	0.0000	0.0000	0.0000	0.0000	0.0000	0.0000	0.0000	0.0000	0.0000	0.0000	0.0000	0.0000	0.0000	0.0000	0.0000	0.0000											
83	107	0.1668	6	2	1	1	0	0	0	0	0	Y	N	N	N	N	N	N	N	N	N	N	N	0.0000	0.0000	0.0000	0.0000	0.0000	0.0000	0.0000	0.0000	0.0000	0.0000	0.0000	0.0000	0.0000	0.0000	0.0000	0.0000	0.0000	0.0000	0.0000	0.0000	0.9997	0.0000	6.0128	0.9999	0.0000	0.0000	0.0000	0.0000	0.0000	0.0000	0.0000	0.0000	0.0000	0.0000	0.0000	0.0000	0.0000	0.0000	0.0000	0.0000	0.0000	0.0000	0.0000	0.0000	0.0000	0.0000	0.0000	0.0000	0.0000	0.0000	0.0000	0.0141	0.0088	0.0053	0.0035	0.0028	0.0007	0.0107	0.0060	0.0046	0.0000	0.0000	0.0000	0.0000	0.0000	0.0000	0.0000	0.0000	0.0000	0.0000	0.0000	0.0000	0.0000	0.0000	0.0000	0.0000	0.0000	0.0000											
83	108	0.1461	5	2	1	1	0	0	0	0	0	Y	N	N	N	N	N	N	N	N	N	N	N	inf	inf	inf	inf	inf	inf	0.5040	0.0000	3.5402	0.0000	0.0000	0.0000	0.6905	0.0000	3.5980	0.0000	0.0000	0.0000	0.0000	0.0000	0.0000	0.0000	0.0000	0.0000	49985.5000	0.0001	0.0000	0.9997	0.0100	6.0128	4.8896	0.0001	0.0000	0.0001	0.0000	0.0000	0.0000	0.0001	0.0000	0.0001	0.0000	0.0000	0.0000	0.0000	0.0000	0.0000	0.0000	0.0000	0.0000	0.0003	0.0002	0.0000	0.0001	0.0001	0.0000	0.0002	0.0002	0.0000	0.1032	0.0671	0.0361	0.0296	0.0258	0.0038	0.0736	0.0413	0.0323	inf	inf	inf	0.0000	0.0000	0.0000	inf	inf	inf	0.0000	0.0000	0.0000	0.0000	0.0000	0.0000	0.0000	0.0000	0.0000				
83	109	0.1360	4	1	1	1	0	0	0	0	0	N	N	N	N	N	N	N	N	N	N	N	N	inf	inf	inf	inf	inf	inf	inf	inf	0.4831	0.0108	3.2343	0.1110	0.1169	0.0000	0.5169	0.0000	3.3307	0.0000	0.0000	0.0000	0.0000	0.0000	0.0000	0.0000	0.0000	0.0000	51.2800	0.0035	0.0000	0.9997	1.0007	6.0128	1.4004	0.0068	0.0001	0.0066	0.0001	0.0001	0.0000	0.0066	0.0000	0.0066	0.0000	0.0000	0.0000	0.0000	0.0000	0.0000	0.0000	0.0000	0.0000	0.0140	0.0119	0.0020	0.0012	0.0011	0.0001	0.0128	0.0108	0.0020	0.0328	0.0197	0.0131	0.0036	0.0029	0.0007	0.0292	0.0168	0.0124	inf	inf	inf	inf	inf	0.0000	inf	inf	inf	0.0000	0.0000	0.0000	0.0000	0.0000	0.0000	0.0000	0.0000	0.0000		
83	110	0.1226	3	1	0	1	0	0	0	0	0	N	N	N	N	N	N	N	N	N	N	N	N	8.3949	3.5969	inf	89.0571	88.4054	1.3878	0.0000	inf	1.0196	1.0440	0.8784	2.6776	2.9730	0.0000	0.1940	0.0000	1.1320	0.1215	0.2902	0.0000	0.0301	0.0336	0.0000	0.1398	0.2527	0.0000	0.1455	0.0000	-0.0025	-0.0034	0.9997	0.3039	6.0128	2.8719	0.0076	0.0066	0.0010	0.0066	0.0066	0.0000	0.0010	0.0000	0.0010	0.0063	0.0063	0.0000	0.0003	0.0003	0.0000	0.0060	0.0060	0.0000	0.0074	0.0063	0.0011	0.0025	0.0022	0.0002	0.0050	0.0041	0.0009	0.0519	0.0316	0.0202	0.0087	0.0077	0.0009	0.0432	0.0239	0.0193	8.3949	5.2440	inf	89.0571	88.4054	0.0000	1.3878	0.0000	inf	0.1215	0.1991	0.0000	0.0301	0.0336	0.0000	0.1398	0.2527	0.0000	
83	111	0.0701	2	1	0	1	0	0	0	0	0	N	N	N	N	N	N	N	N	N	N	N	N	0.0070	0.0019	115.9056	inf	inf	0.0042	0.0000	116.5532	0.0461	0.0224	0.1833	0.3477	0.3677	0.0000	0.0286	0.0000	0.1871	6.5706	11.9917	0.0016	0.0000	0.0000	0.0000	6.7699	11.7596	0.0016	1.4129	0.0001	0.0003	-0.5366	0.9997	3.8240	6.0128	8.1760	0.0023	0.0010	0.0014	0.0010	0.0010	0.0000	0.0014	0.0000	0.0014	0.9940	0.9939	0.0001	0.0000	0.0000	0.0000	0.9940	0.9939	0.0001	0.0507	0.0432	0.0075	0.0028	0.0026	0.0002	0.0479	0.0406	0.0073	0.1513	0.0880	0.0632	0.0045	0.0035	0.0009	0.1468	0.0845	0.0623	0.0070	0.0020	115.9056	inf	inf	0.0000	0.0042	0.0000	116.5532	6.5706	11.2895	0.0016	0.0000	0.0000	0.0000	6.7699	11.7596	0.0016	
83	115	0.2627	5	1	0	1	0	0	0	0	0	N	N	N	N	N	N	N	N	N	N	N	N	235.1305	397.2649	0.0000	712.2989	1237.8409	0.0000	0.0000	0.0000	6.5848	7.5829	0.0000	41.4159	42.8529	0.0000	0.0000	0.0000	0.0000	0.0280	0.0191	0.0517	0.0581	0.0346	0.2035	0.0020	0.0000	0.0050	0.0000	1.0278	-0.3992	-0.0005	0.9997	8.9918	6.0128	13.3277	0.8645	0.8645	0.0000	0.8645	0.8645	0.0000	0.0000	0.0000	0.0000	0.0142	0.0070	0.0072	0.0137	0.0070	0.0067	0.0005	0.0000	0.0005	0.1313	0.1140	0.0173	0.0209	0.0202	0.0007	0.1104	0.0938	0.0166	0.5069	0.3667	0.1401	0.2349	0.2022	0.0327	0.2719	0.1645	0.1074	235.1305	397.2649	0.0000	712.2989	1237.8409	0.0000	0.0000	0.0000	0.0000	0.0280	0.0191	0.0513	0.0581	0.0346	0.2035	0.0020	0.0000	0.0050	
84	85	0.1480	3	0	2	0	1	0	0	0	0	N	Y	N	N	N	N	N	N	N	N	N	N	0.0000	0.0000	0.0000	0.0000	0.0000	0.0000	0.0000	0.0000	0.0000	0.0000	0.0000	0.0000	0.0000	3.5113	0.0000	12.2011	0.0000	0.0000	0.0000	3.7666	0.0000	12.1869	inf	0.0000	0.4601	8.0013	1.0000	12.0015	6.9850	0.0000	0.0000	0.0000	0.0000	0.0000	0.0000	0.0000	0.0000	0.0000	1.0000	0.0000	1.0000	0.0000	0.0000	0.0000	1.0000	0.0000	1.0000	0.1026	0.0874	0.0153	0.0010	0.0010	0.0001	0.1016	0.0864	0.0152	0.2848	0.1621	0.1227	0.0193	0.0146	0.0047	0.2655	0.1475	0.1180	0.0000	0.0000	0.0000	0.0000	0.0000	0.0000	0.0000	0.0000	0.0000	3.5113	0.0000	8.1513	0.0000	0.0000	0.0000	3.7666	0.0000	8.4730						
84	86	0.1353	2	0	1	0	1	0	0	0	0	N	N	N	N	N	N	N	N	N	N	N	N	0.2715	0.0000	0.7932	0.0000	0.0000	0.0000	0.2667	0.7828	0.0053	0.0000	0.0362	0.0000	0.0000	0.0000	0.0054	0.0000	0.0363	0.0197	0.0003	0.0456	0.0107	0.0036	0.0334	0.0203	0.0000	0.0464	inf	106.0449	0.0003	0.0010	8.0013	1.0086	12.0015	2.0000	0.0006	0.0000	0.0006	0.0000	0.0000	0.0000	0.0006	0.0000	0.0006	0.0022	0.0000	0.0022	0.0001	0.0000	0.0001	0.0021	0.0000	0.0021	0.1047	0.0892	0.0155	0.0015	0.0015	0.0001	0.1032	0.0878	0.0154	0.1123	0.0634	0.0489	0.0076	0.0058	0.0018	0.1047	0.0576	0.0471	0.2715	0.0000	0.8074	0.0000	0.0000	0.0000	0.2667	0.0000	0.8031	0.0197	0.0003	0.0448	0.0107	0.0036	0.0334	0.0203	0.0000	0.0452	
84	87	0.1334	2	0	2	0	1	0	0	0	0	N	Y	N	N	N	N	N	N	N	N	N	N	inf	inf	inf	inf	inf	inf	inf	2.5248	2.9455	0.0240	46.9193	49.6163	0.0000	0.0037	0.0000	0.0245	0.0000	0.0000	0.0000	0.0000	0.0000	0.0000	0.0000	0.0000	0.0000	0.0014	-0.4610	0.0000	8.0013	4.0000	12.0015	7.0000	1.0012	0.9999	0.0014	0.9999	0.9999	0.0000	0.0014	0.0000	0.0014	0.0000	0.0000	0.0000	0.0000	0.0000	0.0000	0.0000	0.0000	0.0000	0.3966	0.3395	0.0571	0.0213	0.0202	0.0012	0.3753	0.3193	0.0560	0.3628	0.2113	0.1515	0.0111	0.0087	0.0023	0.3517	0.2026	0.1491	inf	inf	inf	inf	inf	0.0000	inf	0.0000	inf	0.0000	0.0000	0.0000	0.0000	0.0000	0.0000	0.0000	0.0000	0.0000			
84	89	0.1525	4	0	2	0	1	0	0	0	0	N	Y	N	N	N	N	N	N	N	N	N	N	2680.8817	1765.6287	769.8549	582.8626	0.3281	0.3752	0.0000	0.9076	0.9084	0.0000	0.0000	0.0000	0.0000	0.0001	0.0002	0.0000	0.0012	0.0016	0.0000	0.0000	0.0000	0.0000	0.0000	0.0000	-0.0009	-0.0000	8.0013	0.0157	12.0015	9.0253	0.0019	0.0019	0.0000	0.0019	0.0019	0.0000	0.0000	0.0000	0.0000	0.0000	0.0000	0.0000	0.0000	0.0000	0.0000	0.0000	0.0000	0.0000	0.0056	0.0049	0.0007	0.0020	0.0020	0.0000	0.0036	0.0029	0.0007	0.3268	0.1883	0.1385	0.0339	0.0257	0.0083	0.2929	0.1626	0.1303	2680.8817	1765.6287	0.0000	769.8549	582.8626	0.0000	0.0000	0.0000	0.0000	0.0001	0.0002	0.0000	0.0012	0.0016	0.0000	0.0000	0.0000	0.0000					
84	90	0.1440	3	0	2	0	1	0	0	0	0	N	Y	N	N	N	N	N	N	N	N	N	N	738.6189	702.2429	39.5038	0.0000	0.0000	1454.7614	2376.4093	38.2748	0.9758	1.1337	0.0367	0.0000	0.0000	0.0000	1.0345	1.2127	0.0369	0.0013	0.0016	0.0009	0.0093	0.0120	0.0000	0.0007	0.0005	0.0010	0.0054	0.4286	-0.0008	-0.0000	8.0013	0.0169	12.0015	2.0013	0.0019	0.0018	0.0000	0.0000	0.0000	0.0000	0.0019	0.0018	0.0000	0.0001	0.0001	0.0000	0.0000	0.0000	0.0000	0.0000	0.0000	0.0000	0.0019	0.0016	0.0003	0.0001	0.0001	0.0000	0.0018	0.0015	0.0003	0.0757	0.0434	0.0323	0.0054	0.0042	0.0012	0.0703	0.0392	0.0311	738.6189	702.2429	39.5038	0.0000	0.0000	0.0000	1454.7614	2376.4093	38.2748	0.0013	0.0016	0.0009	0.0093	0.0120	0.0000	0.0007	0.0005	0.0010	
84	91	0.1353	2	0	1	0	1	0	0	0	0	N	N	N	N	N	N	N	N	N	N	N	N	0.0937	0.0000	0.2787	0.0000	0.0000	0.0000	0.0916	0.0000	0.2744	0.0027	0.0000	0.0186	0.0000	0.0000	0.0000	0.0028	0.0000	0.0187	0.0293	0.0009	0.0667	0.0164	0.0071	0.0489	0.0303	0.0003	0.0681	inf	54.8814	0.0003	0.0010	8.0013	1.9923	12.0015	0.0454	0.0006	0.0000	0.0006	0.0000	0.0000	0.0000	0.0006	0.0000	0.0006	0.0023	0.0000	0.0022	0.0001	0.0000	0.0001	0.0022	0.0000	0.0022	0.2037	0.1736	0.0301	0.0024	0.0022	0.0001	0.2013	0.1714	0.0300	0.0774	0.0437	0.0337	0.0055	0.0043	0.0012	0.0718	0.0394	0.0324	0.0937	0.0000	0.2806	0.0000	0.0000	0.0000	0.0916	0.0000	0.2791	0.0293	0.0009	0.0662	0.0164	0.0071	0.0489	0.0303	0.0003	0.0669
84	93	0.1882	6	1	2	0	2	0	0	0	0	N	Y	N	Y	N	N	N	N	N	N	N	N	0.0000	0.0000	0.0000	0.0000	0.0000	0.0000	0.0000	0.0000	0.0000	0.0000	0.0000	0.0000	0.0000	0.0000	0.0000	0.0000	0.0000	0.0000	0.0000	0.0000	8.0013	0.0000	12.0015	0.0000	0.0000	0.0000	0.0000	0.0000	0.0000	0.0000	0.0000	0.0000	0.0000	0.0000	0.0000	0.0000	0.0000	0.0000	0.0000	0.0000	0.0000	0.0000	0.0000	0.0000	0.0000	0.0000	0.0000	0.0000	0.0000	0.0000	0.0000	0.0000	0.0000	0.0000	0.0000	0.0000	0.0000	0.0000	0.0000	0.0000	0.0000	0.0000	0.0000	0.0000	0.0000	0.0000	0.0000	0.0000	0.0000	0.0000	0.0000	0.0000	0.0000	0.0000	0.0000	0.0000	0.0000	0.0000											
84	94	0.1882	5	1	2	0	2	0	0	0	0	N	Y	N	Y	N	N	N	N	N	N	N	N	0.0000	0.0000	0.0000	0.0000	0.0000	0.0000	0.0000	0.0000	0.0000	0.0000	0.0000	0.0000	0.0000	2.5253	3.8558	0.0000	140.0894	141.5355	0.0000	0.0000	0.0000	0.0000	0.0000	0.0000	-0.0001	8.0013	0.0000	12.0015	0.0001	0.0000	0.0000	0.0000	0.0000	0.0000	0.0000	0.0000	0.0000	0.0000	0.0001	0.0001	0.0000	0.0001	0.0001	0.0000	0.0000	0.0000	0.0000	0.0000	0.0000	0.0000	0.0000	0.0000	0.0000	0.0000	0.0000	0.0000	0.0000	0.0000	0.0000	0.0000	0.0000	0.0000	0.0000	0.0000	0.0000	0.0000	0.0000	0.0000	0.0000	0.0000	0.0000	0.0000	0.0000	0.0000	2.4736	3.0322	0.0000	5.2539	5.2986	0.0000	0.0000	0.0000	0.0000						
84	95	0.1703	4	0	2	0	2	0	0	0	0	N	Y	N	Y	N	N	N	N	N	N	N	N	19.5316	13.4031	22.9145	21.7836	0.0125	0.0146	0.0000	0.2062	0.2133	0.0000	0.0000	0.0000	0.0000	0.0006	0.0011	0.0000	0.0090	0.0098	0.0000	0.0000	0.0000	0.0000	0.0000	0.0000	-0.0006	-0.0000	8.0013	0.9845	12.0015	0.9903	0.0013	0.0013	0.0000	0.0013	0.0013	0.0000	0.0000	0.0000	0.0000	0.0001	0.0001	0.0000	0.0001	0.0001	0.0000	0.0000	0.0000	0.0000	0.1076	0.0921	0.0156	0.0065	0.0063	0.0002	0.1011	0.0858	0.0153	0.0781	0.0458	0.0322	0.0056	0.0051	0.0005	0.0725	0.0407	0.0318	19.5316	13.4031	0.0000	22.9145	21.7836	0.0000	0.0000	0.0000	0.0000	0.0006	0.0011	0.0000	0.0090	0.0098	0.0000	0.0000	0.0000	0.0000					
84	96	0.1675	4	0	2	0	1	0	0	0	0	N	Y	N	N	N	N	N	N	N	N	N	N	0.0000	0.0000	0.0000	0.0000	0.0000	0.0000	0.0000	0.0000	0.0000	0.0000	0.0000	0.0000	0.0000	0.0000	0.0000	0.0000	0.0000	3.6827	0.0001	16.7038	0.0050	0.0003	0.0386	4.9292	0.0000	17.0527	inf	49613.7481	0.0000	0.4565	8.0013	1.0063	12.0015	3.7812	0.0000	0.0000	0.0000	0.0000	0.0000	0.0000	0.0000	0.0000	0.0000	0.9923	0.0000	0.9923	0.0003	0.0000	0.0003	0.9919	0.0000	0.9919	0.1071	0.0913	0.0158	0.0024	0.0023	0.0001	0.1047	0.0890	0.0157	0.2694	0.1704	0.0990	0.0682	0.0599	0.0083	0.2012	0.1105	0.0907	0.0000	0.0000	0.0000	0.0000	0.0000	0.0000	0.0000	0.0000	0.0000	3.6827	0.0001	10.0216	0.0050	0.0003	0.0386	4.9292	0.0000	10.9345	
84	97	0.1703	4	0	1	1	2	0	0	0	0	N	N	N	Y	N	N	N	N	N	N	N	N	inf	inf	inf	inf	0.0002	0.0000	0.0015	0.0000	0.0000	0.0000	0.0002	0.0000	0.0015	0.0000	0.0000	0.0000	0.0000	0.0000	0.0000	0.0000	0.0000	0.0000	inf	0.0000	0.0000	8.0013	1.0165	12.0015	1.0129	0.0000	0.0000	0.0000	0.0000	0.0000	0.0000	0.0000	0.0000	0.0000	0.0000	0.0000	0.0000	0.0000	0.0000	0.0000	0.0000	0.0000	0.0000	0.1109	0.0948	0.0160	0.0066	0.0064	0.0002	0.1042	0.0884	0.0158	0.0800	0.0469	0.0331	0.0056	0.0052	0.0005	0.0744	0.0418	0.0326	inf	0.0000	inf	0.0000	0.0000	0.0000	inf	0.0000	inf	0.0000	0.0000	0.0000	0.0000	0.0000	0.0000	0.0000	0.0000	0.0000						
84	98	0.1574	3	0	1	0	2	0	0	0	0	N	N	N	Y	N	N	N	N	N	N	N	N	0.3460	0.2111	1.3863	inf	inf	0.0907	0.0000	1.3487	0.0002	0.0001	0.0003	0.0041	0.0044	0.0000	0.0000	0.0000	0.0003	0.0004	0.0006	0.0002	0.0000	0.0000	0.0000	0.0005	0.0007	0.0002	0.3832	0.2500	-0.0000	-0.0000	8.0013	2.0241	12.0015	1.0265	0.0000	0.0000	0.0000	0.0000	0.0000	0.0000	0.0000	0.0000	0.0000	0.0001	0.0000	0.0000	0.0000	0.0000	0.0000	0.0001	0.0000	0.0000	0.2138	0.1825	0.0313	0.0056	0.0053	0.0003	0.2082	0.1771	0.0310	0.1148	0.0661	0.0486	0.0090	0.0073	0.0018	0.1057	0.0589	0.0469	0.3460	0.2111	1.3863	inf	inf	0.0000	0.0907	0.0000	1.3487	0.0004	0.0006	0.0002	0.0000	0.0000	0.0000	0.0005	0.0007	0.0002	
84	99	0.1574	3	0	1	1	2	0	0	0	0	N	N	N	Y	N	N	N	N	N	N	N	N	inf	inf	inf	inf	0.0000	0.0000	0.0002	0.0000	0.0000	0.0000	0.0000	0.0000	0.0002	0.0000	0.0000	0.0000	0.0000	0.0000	0.0000	0.0000	0.0000	0.0000	inf	0.0000	0.0000	8.0013	3.0066	12.0015	0.0000	0.0000	0.0000	0.0000	0.0000	0.0000	0.0000	0.0000	0.0000	0.0000	0.0000	0.0000	0.0000	0.0000	0.0000	0.0000	0.0000	0.0000	0.0000	0.3134	0.2676	0.0458	0.0077	0.0073	0.0004	0.3057	0.2603	0.0454	0.1131	0.0652	0.0480	0.0089	0.0071	0.0017	0.1043	0.0580	0.0462	inf	0.0000	inf	0.0000	0.0000	0.0000	inf	0.0000	inf	0.0000	0.0000	0.0000	0.0000	0.0000	0.0000	0.0000	0.0000	0.0000						
84	100	0.1831	3	0	1	1	2	0	0	0	0	N	N	N	Y	N	N	N	N	N	N	N	N	0.0000	0.0000	0.0000	0.0000	0.0000	0.0000	0.0000	0.0000	0.0000	0.0000	0.0000	0.0000	0.0000	0.0000	0.0000	0.0000	0.0000	0.0000	0.0000	0.0000	8.0013	0.0000	12.0015	2.0000	0.0000	0.0000	0.0000	0.0000	0.0000	0.0000	0.0000	0.0000	0.0000	0.0000	0.0000	0.0000	0.0000	0.0000	0.0000	0.0000	0.0000	0.0000	0.0000	0.0000	0.0000	0.0000	0.0000	0.0000	0.0000	0.0000	0.0000	0.0732	0.0416	0.0316	0.0060	0.0047	0.0012	0.0672	0.0368	0.0304	0.0000	0.0000	0.0000	0.0000	0.0000	0.0000	0.0000	0.0000	0.0000	0.0000	0.0000	0.0000	0.0000	0.0000	0.0000	0.0000	0.0000	0.0000											
84	101	0.1441	2	0	1	1	2	0	0	0	0	N	N	N	Y	N	N	N	N	N	N	N	N	2825.3298	1914.0248	42582.5685	0.0597	0.0563	0.0000	34789134.7728	inf	84776.7684	1.6227	1.8966	0.0090	0.0004	0.0004	0.0000	1.6985	1.9915	0.0092	0.0006	0.0010	0.0000	0.0061	0.0071	0.0000	0.0000	0.0000	0.0000	0.0008	0.0002	-0.4612	-0.0001	8.0013	5.8899	12.0015	3.1847	1.0006	0.9998	0.0008	0.0000	0.0000	0.0000	1.0006	0.9998	0.0008	0.0002	0.0002	0.0000	0.0002	0.0002	0.0000	0.0000	0.0000	0.0000	0.6166	0.5272	0.0895	0.0275	0.0251	0.0024	0.5891	0.5020	0.0871	0.3483	0.2018	0.1464	0.0329	0.0283	0.0046	0.3154	0.1736	0.1419	2825.3298	1914.0248	42582.5685	0.0597	0.0563	0.0000	34789134.7728	inf	84776.7684	0.0006	0.0010	0.0000	0.0061	0.0071	0.0000	0.0000	0.0000	0.0000
84	102	0.1908	2	1	2	0	1	0	0	0	0	N	Y	N	N	N	N	N	N	N	N	N	N	0.0000	0.0000	0.0000	0.0000	0.0000	0.0000	0.0000	0.0000	0.0000	0.0000	0.0000	0.0000	0.0000	0.0000	0.0000	0.0000	0.0000	0.0000	0.0000	0.0000	8.0013	0.0000	12.0015	0.0000	0.0000	0.0000	0.0000	0.0000	0.0000	0.0000	0.0000	0.0000	0.0000	0.0000	0.0000	0.0000	0.0000	0.0000	0.0000	0.0000	0.0000	0.0000	0.0000	0.0000	0.0000	0.0000	0.0000	0.0000	0.0000	0.0000	0.0000	0.0000	0.0000	0.0000	0.0000	0.0000	0.0000	0.0000	0.0000	0.0000	0.0000	0.0000	0.0000	0.0000	0.0000	0.0000	0.0000	0.0000	0.0000	0.0000	0.0000	0.0000	0.0000	0.0000	0.0000	0.0000	0.0000	0.0000											
84	104	0.1545	2	0	2	0	1	0	0	0	0	N	Y	N	N	N	N	N	N	N	N	N	N	0.1308	0.0000	0.4812	0.0000	0.0000	0.0000	0.1251	0.0000	0.4399	0.0026	0.0000	0.0177	0.0000	0.0000	0.0000	0.0026	0.0000	0.0178	0.0199	0.0078	0.0367	0.0141	0.0177	0.0021	0.0212	0.0048	0.0405	inf	3.3733	0.0003	0.0005	8.0013	2.0010	12.0015	1.0153	0.0005	0.0000	0.0005	0.0000	0.0000	0.0000	0.0005	0.0000	0.0005	0.0023	0.0005	0.0018	0.0003	0.0003	0.0000	0.0020	0.0002	0.0018	0.2034	0.1734	0.0300	0.0034	0.0031	0.0003	0.2000	0.1703	0.0297	0.1166	0.0678	0.0487	0.0207	0.0159	0.0048	0.0959	0.0520	0.0439	0.1308	0.0000	0.4812	0.0000	0.0000	0.0000	0.1251	0.0000	0.4399	0.0199	0.0078	0.0367	0.0141	0.0177	0.0021	0.0212	0.0048	0.0405
84	106	0.1924	6	1	2	0	1	0	0	0	0	N	Y	N	N	N	N	N	N	N	N	N	N	0.0000	0.0000	0.0000	0.0000	0.0000	0.0000	0.0000	0.0000	0.0000	0.0000	0.0000	0.0000	0.0000	0.0000	0.0000	0.0000	0.0000	0.0000	0.0000	0.0000	8.0013	1.0000	12.0015	1.0000	0.0000	0.0000	0.0000	0.0000	0.0000	0.0000	0.0000	0.0000	0.0000	0.0000	0.0000	0.0000	0.0000	0.0000	0.0000	0.0000	0.0000	0.0000	0.1055	0.0899	0.0156	0.0019	0.0018	0.0001	0.1036	0.0881	0.0155	0.0780	0.0474	0.0306	0.0201	0.0161	0.0040	0.0579	0.0313	0.0266	0.0000	0.0000	0.0000	0.0000	0.0000	0.0000	0.0000	0.0000	0.0000	0.0000	0.0000	0.0000	0.0000	0.0000	0.0000	0.0000	0.0000	0.0000											
84	107	0.1882	5	1	2	0	1	0	0	0	0	N	Y	N	N	N	N	N	N	N	N	N	N	0.0000	0.0000	0.0000	0.0000	0.0000	0.0000	0.0000	0.0000	0.0000	0.0000	0.0000	0.0000	0.0000	25.5814	0.0000	125.9138	0.0000	0.0000	0.0000	31.9832	0.0000	136.1982	inf	0.0000	0.4600	8.0013	0.0000	12.0015	0.9999	0.0000	0.0000	0.0000	0.0000	0.0000	0.0000	0.0000	0.0000	0.0000	0.9999	0.0000	0.9999	0.0000	0.0000	0.0000	0.9999	0.0000	0.9999	0.0000	0.0000	0.0000	0.0000	0.0000	0.0000	0.0000	0.0000	0.0000	0.0391	0.0233	0.0158	0.0078	0.0062	0.0016	0.0313	0.0170	0.0142	0.0000	0.0000	0.0000	0.0000	0.0000	0.0000	0.0000	0.0000	0.0000	25.5814	0.0000	63.2622	0.0000	0.0000	0.0000	31.9832	0.0000	70.3219						
84	108	0.1675	4	1	2	0	1	0	0	0	0	N	Y	N	N	N	N	N	N	N	N	N	N	0.0030	0.0000	0.5312	0.0000	0.0000	0.0000	0.2022	0.4896	0.0001	0.0000	0.0006	0.0000	0.0000	0.0000	0.0001	0.0000	0.0006	0.0299	0.0467	0.0012	0.2004	0.2622	0.0000	0.0006	0.0000	0.0013	inf	0.0148	0.0000	-0.0043	8.0013	0.0100	12.0015	4.8896	0.0000	0.0000	0.0000	0.0000	0.0000	0.0000	0.0000	0.0000	0.0000	0.0082	0.0081	0.0001	0.0081	0.0081	0.0000	0.0001	0.0000	0.0001	0.0020	0.0017	0.0003	0.0005	0.0005	0.0000	0.0015	0.0012	0.0003	0.2733	0.1726	0.1006	0.0685	0.0601	0.0084	0.2048	0.1125	0.0923	0.0030	0.0000	0.5312	0.0000	0.0000	0.0000	0.2022	0.0000	0.4896	0.0299	0.0467	0.0012	0.1177	0.1340	0.0000	0.0006	0.0000	0.0013	
84	109	0.1574	3	0	2	0	1	0	0	0	0	N	Y	N	N	N	N	N	N	N	N	N	N	0.0010	0.0003	0.0023	inf	inf	0.0009	0.0000	0.0023	0.0001	0.0000	0.0006	0.0001	0.0001	0.0000	0.0001	0.0000	0.0006	0.0888	0.0063	0.2500	0.0000	0.0000	0.0000	0.0963	0.0071	0.2545	51.3337	23.4242	0.0000	0.0034	8.0013	1.0007	12.0015	1.4004	0.0000	0.0000	0.0000	0.0000	0.0000	0.0000	0.0000	0.0000	0.0000	0.0081	0.0003	0.0077	0.0000	0.0000	0.0000	0.0081	0.0003	0.0077	0.1080	0.0922	0.0158	0.0034	0.0033	0.0001	0.1046	0.0889	0.0157	0.0908	0.0523	0.0385	0.0071	0.0057	0.0014	0.0837	0.0466	0.0371	0.0010	0.0003	0.0029	inf	inf	0.0000	0.0009	0.0000	0.0028	0.0888	0.0063	0.2008	0.0000	0.0000	0.0000	0.0963	0.0071	0.2084	
84	110	0.1441	2	0	1	0	1	0	0	0	0	N	N	N	N	N	N	N	N	N	N	N	N	12.1600	1.5357	180891.4401	1.0118	1.0287	0.0000	159754.8545	445712.6254	0.0170	0.0036	0.0952	0.0102	0.0114	0.0000	0.0200	0.0000	0.1208	0.0014	0.0024	0.0000	0.0101	0.0111	0.0000	0.0000	0.0000	0.0000	4.4748	0.0002	0.0003	-0.0001	8.0013	0.3039	12.0015	2.8719	0.0010	0.0002	0.0008	0.0002	0.0002	0.0000	0.0008	0.0000	0.0008	0.0002	0.0002	0.0000	0.0002	0.0002	0.0000	0.0000	0.0000	0.0000	0.0576	0.0492	0.0084	0.0175	0.0157	0.0018	0.0401	0.0335	0.0066	0.1429	0.0843	0.0586	0.0198	0.0180	0.0017	0.1231	0.0663	0.0568	12.1600	1.5357	180891.4401	1.0118	1.0287	0.0000	159754.8545	0.0000	445712.6254	0.0014	0.0024	0.0000	0.0101	0.0111	0.0000	0.0000	0.0000	0.0000	
84	115	0.2842	4	0	1	0	1	0	0	0	0	N	N	N	N	N	N	N	N	N	N	N	N	0.2850	0.0025	1.2966	0.0116	0.0024	6.8727	0.4643	0.0000	0.9332	0.3068	0.0018	2.3225	0.0541	0.0132	1.4912	0.3417	0.0000	2.3443	1.0767	0.7104	1.7911	4.6478	5.5971	0.2170	0.7358	0.0898	2.5122	196.3336	1.5888	0.1657	0.0651	8.0013	8.9918	12.0015	13.3277	0.3107	0.0016	0.3092	0.0066	0.0016	0.0051	0.3041	0.0000	0.3041	0.8824	0.3409	0.5416	0.3173	0.2998	0.0175	0.5652	0.0411	0.5241	1.0128	0.8796	0.1331	0.1227	0.1193	0.0034	0.8900	0.7603	0.1297	1.3828	0.9914	0.3914	0.6147	0.5341	0.0806	0.7680	0.4573	0.3108	0.4808	0.0052	1.6785	0.1049	0.0235	6.8727	0.4643	0.0000	1.3902	0.6382	0.3438	1.3837	0.5162	0.5613	0.2170	0.7358	0.0898	1.6863
85	87	0.1326	4	0	2	0	0	0	0	0	0	N	Y	N	N	N	N	N	N	N	N	N	N	0.0000	0.0000	0.0000	0.0000	0.0000	0.0000	0.0000	0.0000	0.0000	0.0000	0.0000	0.0000	0.0000	0.0000	0.0000	0.0000	0.0000	0.0000	0.0000	0.0000	1.0000	4.0000	6.9850	7.0000	0.0000	0.0000	0.0000	0.0000	0.0000	0.0000	0.0000	0.0000	0.0000	0.0000	0.0000	0.0000	0.0000	0.0000	0.0000	0.0000	0.0000	0.0000	0.0526	0.0448	0.0078	0.0026	0.0024	0.0001	0.0501	0.0424	0.0076	0.1615	0.0965	0.0649	0.0158	0.0122	0.0036	0.1457	0.0844	0.0613	0.0000	0.0000	0.0000	0.0000	0.0000	0.0000	0.0000	0.0000	0.0000	0.0000	0.0000	0.0000	0.0000	0.0000	0.0000	0.0000	0.0000	0.0000											
85	88	0.0908	3	0	1	0	0	0	0	0	0	N	N	N	N	N	N	N	N	N	N	N	N	0.0000	0.0000	0.0000	0.0000	0.0000	0.0000	0.0000	0.0000	0.0000	0.0000	0.0000	0.0000	0.0000	0.0000	0.0000	0.0000	0.0000	0.0000	0.0000	0.0000	1.0000	2.9985	6.9850	7.0016	0.0000	0.0000	0.0000	0.0000	0.0000	0.0000	0.0000	0.0000	0.0000	0.0000	0.0000	0.0000	0.0000	0.0000	0.0000	0.0000	0.0000	0.0000	0.0404	0.0342	0.0061	0.0004	0.0004	0.0000	0.0399	0.0338	0.0061	0.1537	0.0872	0.0666	0.0103	0.0078	0.0024	0.1435	0.0793	0.0641	0.0000	0.0000	0.0000	0.0000	0.0000	0.0000	0.0000	0.0000	0.0000	0.0000	0.0000	0.0000	0.0000	0.0000	0.0000	0.0000	0.0000	0.0000											
85	89	0.0643	4	0	2	0	0	0	0	0	0	N	Y	N	N	N	N	N	N	N	N	N	N	0.0000	0.0000	0.0000	0.0000	0.0000	0.0000	0.0000	0.0000	0.0000	0.0000	0.0000	0.0000	0.0000	0.0046	0.0081	0.0000	0.0910	0.1433	0.0000	0.0000	0.0000	0.0000	0.0000	0.0000	-0.0004	1.0000	0.0157	6.9850	9.0253	0.0000	0.0000	0.0000	0.0000	0.0000	0.0000	0.0000	0.0000	0.0000	0.0007	0.0007	0.0000	0.0007	0.0007	0.0000	0.0000	0.0000	0.0000	0.0008	0.0007	0.0001	0.0003	0.0003	0.0000	0.0005	0.0004	0.0001	0.1498	0.0847	0.0651	0.0082	0.0069	0.0013	0.1415	0.0778	0.0637	0.0000	0.0000	0.0000	0.0000	0.0000	0.0000	0.0000	0.0000	0.0000	0.0046	0.0081	0.0000	0.0837	0.0999	0.0000	0.0000	0.0000	0.0000						
85	90	0.0558	3	0	2	0	0	0	0	0	0	N	Y	N	N	N	N	N	N	N	N	N	N	0.0000	0.0000	0.0000	0.0000	0.0000	0.0000	0.0000	0.0000	0.0000	0.0000	0.0000	0.0000	0.0000	0.0000	0.0000	0.0000	0.0000	0.0000	0.0255	0.0434	0.0026	1.3085	1.1784	0.0008	0.0203	0.0347	0.0026	0.0473	0.0000	-0.0004	1.0000	0.0169	6.9850	2.0013	0.0000	0.0000	0.0000	0.0000	0.0000	0.0000	0.0000	0.0000	0.0000	0.0009	0.0008	0.0000	0.0002	0.0002	0.0000	0.0007	0.0006	0.0000	0.0003	0.0002	0.0000	0.0000	0.0000	0.0000	0.0002	0.0002	0.0000	0.0348	0.0195	0.0152	0.0008	0.0008	0.0000	0.0340	0.0187	0.0152	0.0000	0.0000	0.0000	0.0000	0.0000	0.0000	0.0000	0.0000	0.0000	0.0255	0.0434	0.0026	0.2388	0.2414	0.0008	0.0203	0.0347	0.0026	
85	91	0.0471	2	0	1	0	0	0	0	0	0	N	N	N	N	N	N	N	N	N	N	N	N	0.0000	0.0000	0.0000	0.0000	0.0000	0.0000	0.0000	0.0000	0.0000	0.0000	0.0000	0.0000	0.0000	0.0000	0.0000	0.0000	0.0000	0.0223	0.0393	0.0013	5.8357	5.7001	0.0000	0.0058	0.0096	0.0013	0.0262	0.0000	-0.0004	1.0000	1.9923	6.9850	0.0454	0.0000	0.0000	0.0000	0.0000	0.0000	0.0000	0.0000	0.0000	0.0000	0.0008	0.0008	0.0000	0.0006	0.0006	0.0000	0.0002	0.0002	0.0000	0.0270	0.0229	0.0041	0.0001	0.0001	0.0000	0.0269	0.0228	0.0041	0.0359	0.0199	0.0160	0.0011	0.0011	0.0000	0.0348	0.0188	0.0160	0.0000	0.0000	0.0000	0.0000	0.0000	0.0000	0.0000	0.0000	0.0000	0.0223	0.0393	0.0013	0.5601	0.5649	0.0000	0.0058	0.0096	0.0013		
85	93	0.1875	8	1	2	0	1	0	0	0	0	N	Y	N	N	N	N	N	N	N	N	N	N	0.0000	0.0000	0.0000	0.0000	0.0000	0.0000	0.0000	0.0000	0.0000	0.0000	0.0000	0.0000	0.0000	0.0000	0.0000	0.0000	0.0000	0.0000	0.0000	0.0000	1.0000	0.0000	6.9850	0.0000	0.0000	0.0000	0.0000	0.0000	0.0000	0.0000	0.0000	0.0000	0.0000	0.0000	0.0000	0.0000	0.0000	0.0000	0.0000	0.0000	0.0000	0.0000	0.0000	0.0000	0.0000	0.0000	0.0000	0.0000	0.0000	0.0000	0.0000	0.0000	0.0000	0.0000	0.0000	0.0000	0.0000	0.0000	0.0000	0.0000	0.0000	0.0000	0.0000	0.0000	0.0000	0.0000	0.0000	0.0000	0.0000	0.0000	0.0000	0.0000	0.0000	0.0000	0.0000	0.0000	0.0000	0.0000											
85	94	0.1875	7	1	2	0	1	0	0	0	0	N	Y	N	N	N	N	N	N	N	N	N	N	0.0000	0.0000	0.0000	0.0000	0.0000	0.0000	0.0000	0.0000	0.0000	0.0000	0.0000	0.0000	0.0000	0.0000	0.0000	0.0000	0.0000	0.0000	0.0000	0.0000	1.0000	0.0000	6.9850	0.0001	0.0000	0.0000	0.0000	0.0000	0.0000	0.0000	0.0000	0.0000	0.0000	0.0000	0.0000	0.0000	0.0000	0.0000	0.0000	0.0000	0.0000	0.0000	0.0000	0.0000	0.0000	0.0000	0.0000	0.0000	0.0000	0.0000	0.0000	0.0000	0.0000	0.0000	0.0000	0.0000	0.0000	0.0000	0.0000	0.0000	0.0000	0.0000	0.0000	0.0000	0.0000	0.0000	0.0000	0.0000	0.0000	0.0000	0.0000	0.0000	0.0000	0.0000	0.0000	0.0000	0.0000	0.0000											
85	95	0.1696	6	0	2	0	1	0	0	0	0	N	Y	N	N	N	N	N	N	N	N	N	N	0.0000	0.0000	0.0000	0.0000	0.0000	0.0000	0.0000	0.0000	0.0000	0.0000	0.0000	0.0000	0.0000	0.0000	0.0000	0.0000	0.0000	0.0000	0.0000	0.0000	1.0000	0.9845	6.9850	0.9903	0.0000	0.0000	0.0000	0.0000	0.0000	0.0000	0.0000	0.0000	0.0000	0.0000	0.0000	0.0000	0.0000	0.0000	0.0000	0.0000	0.0000	0.0000	0.0141	0.0120	0.0021	0.0010	0.0010	0.0000	0.0131	0.0111	0.0020	0.0340	0.0202	0.0138	0.0045	0.0038	0.0007	0.0295	0.0163	0.0131	0.0000	0.0000	0.0000	0.0000	0.0000	0.0000	0.0000	0.0000	0.0000	0.0000	0.0000	0.0000	0.0000	0.0000	0.0000	0.0000	0.0000	0.0000											
85	96	0.1667	6	0	2	0	0	0	0	0	0	N	Y	N	N	N	N	N	N	N	N	N	N	0.0000	0.0000	0.0000	0.0000	0.0000	0.0000	0.0000	0.0000	0.0000	0.0000	0.0000	0.0000	0.0000	0.0000	0.0000	6.4190	9.9325	0.0000	116.3044	123.2305	0.0000	7.2895	13.4766	0.0000	0.0000	0.0000	-0.4068	1.0000	1.0063	6.9850	3.7812	0.0000	0.0000	0.0000	0.0000	0.0000	0.0000	0.0000	0.0000	0.0000	0.7534	0.7534	0.0000	0.1448	0.1448	0.0000	0.6086	0.6086	0.0000	0.0140	0.0119	0.0021	0.0004	0.0004	0.0000	0.0136	0.0115	0.0021	0.1196	0.0763	0.0433	0.0361	0.0312	0.0050	0.0835	0.0452	0.0383	0.0000	0.0000	0.0000	0.0000	0.0000	0.0000	0.0000	0.0000	0.0000	6.2977	9.8699	0.0000	4.0069	4.6457	0.0000	7.2895	13.4766	0.0000				
85	97	0.1696	6	0	1	1	1	0	0	0	0	N	N	N	N	N	N	N	N	N	N	N	N	0.0000	0.0000	0.0000	0.0000	0.0000	0.0000	0.0000	0.0000	0.0000	0.0000	0.0000	0.0000	0.0000	0.0000	0.0000	0.0000	0.0000	0.0000	0.0000	0.0000	1.0000	1.0165	6.9850	1.0129	0.0000	0.0000	0.0000	0.0000	0.0000	0.0000	0.0000	0.0000	0.0000	0.0000	0.0000	0.0000	0.0000	0.0000	0.0000	0.0000	0.0000	0.0000	0.0145	0.0124	0.0022	0.0010	0.0010	0.0000	0.0135	0.0114	0.0021	0.0349	0.0207	0.0142	0.0046	0.0039	0.0007	0.0302	0.0168	0.0135	0.0000	0.0000	0.0000	0.0000	0.0000	0.0000	0.0000	0.0000	0.0000	0.0000	0.0000	0.0000	0.0000	0.0000	0.0000	0.0000	0.0000	0.0000											
85	98	0.1567	5	0	1	0	1	0	0	0	0	N	N	N	N	N	N	N	N	N	N	N	N	0.0000	0.0000	0.0000	0.0000	0.0000	0.0000	0.0000	0.0000	0.0000	0.0000	0.0000	0.0000	0.0000	0.0000	0.0000	0.0000	0.0000	0.0000	0.0000	0.0000	1.0000	2.0241	6.9850	1.0265	0.0000	0.0000	0.0000	0.0000	0.0000	0.0000	0.0000	0.0000	0.0000	0.0000	0.0000	0.0000	0.0000	0.0000	0.0000	0.0000	0.0000	0.0000	0.0280	0.0238	0.0042	0.0010	0.0009	0.0001	0.0270	0.0228	0.0041	0.0499	0.0291	0.0208	0.0071	0.0056	0.0015	0.0428	0.0235	0.0193	0.0000	0.0000	0.0000	0.0000	0.0000	0.0000	0.0000	0.0000	0.0000	0.0000	0.0000	0.0000	0.0000	0.0000	0.0000	0.0000	0.0000	0.0000											
85	99	0.1567	5	0	1	1	1	0	0	0	0	N	N	N	N	N	N	N	N	N	N	N	N	0.0000	0.0000	0.0000	0.0000	0.0000	0.0000	0.0000	0.0000	0.0000	0.0000	0.0000	0.0000	0.0000	0.0000	0.0000	0.0000	0.0000	0.0000	0.0000	0.0000	1.0000	3.0066	6.9850	0.0000	0.0000	0.0000	0.0000	0.0000	0.0000	0.0000	0.0000	0.0000	0.0000	0.0000	0.0000	0.0000	0.0000	0.0000	0.0000	0.0000	0.0000	0.0000	0.0410	0.0348	0.0061	0.0014	0.0013	0.0001	0.0396	0.0336	0.0061	0.0492	0.0287	0.0205	0.0070	0.0055	0.0015	0.0422	0.0231	0.0190	0.0000	0.0000	0.0000	0.0000	0.0000	0.0000	0.0000	0.0000	0.0000	0.0000	0.0000	0.0000	0.0000	0.0000	0.0000	0.0000	0.0000	0.0000											
85	100	0.1824	5	0	1	1	1	0	0	0	0	N	N	N	N	N	N	N	N	N	N	N	N	0.0000	0.0000	0.0000	0.0000	0.0000	0.0000	0.0000	0.0000	0.0000	0.0000	0.0000	0.0000	0.0000	0.0000	0.0000	0.0000	0.0000	0.0000	0.0000	0.0000	1.0000	0.0000	6.9850	2.0000	0.0000	0.0000	0.0000	0.0000	0.0000	0.0000	0.0000	0.0000	0.0000	0.0000	0.0000	0.0000	0.0000	0.0000	0.0000	0.0000	0.0000	0.0000	0.0000	0.0000	0.0000	0.0000	0.0000	0.0000	0.0000	0.0000	0.0000	0.0319	0.0183	0.0136	0.0047	0.0037	0.0010	0.0271	0.0146	0.0125	0.0000	0.0000	0.0000	0.0000	0.0000	0.0000	0.0000	0.0000	0.0000	0.0000	0.0000	0.0000	0.0000	0.0000	0.0000	0.0000	0.0000	0.0000											
85	101	0.1433	4	0	1	1	1	0	0	0	0	N	N	N	N	N	N	N	N	N	N	N	N	0.0000	0.0000	0.0000	0.0000	0.0000	0.0000	0.0000	0.0000	0.0000	0.0000	0.0000	0.0000	0.0000	0.0000	0.0000	6.5851	11.9915	0.0000	0.0523	0.0638	0.0000	7.7860	14.3536	0.0000	0.0000	0.0000	-0.5372	1.0000	5.8899	6.9850	3.1847	0.0000	0.0000	0.0000	0.0000	0.0000	0.0000	0.0000	0.0000	0.0000	0.9949	0.9949	0.0000	0.0012	0.0012	0.0000	0.9937	0.9937	0.0000	0.0805	0.0686	0.0120	0.0043	0.0039	0.0004	0.0763	0.0647	0.0116	0.1511	0.0885	0.0626	0.0235	0.0193	0.0042	0.1276	0.0692	0.0584	0.0000	0.0000	0.0000	0.0000	0.0000	0.0000	0.0000	0.0000	0.0000	6.5851	11.2436	0.0000	0.0523	0.0638	0.0000	7.7860	14.3536	0.0000				
85	102	0.1901	4	1	2	0	0	0	0	0	0	N	Y	N	N	N	N	N	N	N	N	N	N	0.0000	0.0000	0.0000	0.0000	0.0000	0.0000	0.0000	0.0000	0.0000	0.0000	0.0000	0.0000	0.0000	0.0000	0.0000	0.0000	0.0000	0.0000	0.0000	0.0000	1.0000	0.0000	6.9850	0.0000	0.0000	0.0000	0.0000	0.0000	0.0000	0.0000	0.0000	0.0000	0.0000	0.0000	0.0000	0.0000	0.0000	0.0000	0.0000	0.0000	0.0000	0.0000	0.0000	0.0000	0.0000	0.0000	0.0000	0.0000	0.0000	0.0000	0.0000	0.0000	0.0000	0.0000	0.0000	0.0000	0.0000	0.0000	0.0000	0.0000	0.0000	0.0000	0.0000	0.0000	0.0000	0.0000	0.0000	0.0000	0.0000	0.0000	0.0000	0.0000	0.0000	0.0000	0.0000	0.0000	0.0000	0.0000											
85	103	0.0908	3	1	2	0	0	0	0	0	0	N	Y	N	N	N	N	N	N	N	N	N	N	0.0000	0.0000	0.0000	0.0000	0.0000	0.0000	0.0000	0.0000	0.0000	0.0000	0.0000	0.0000	0.0000	3.2403	0.0000	11.5412	0.0000	0.0000	0.0000	3.4766	0.0000	10.9253	inf	0.0000	0.4601	1.0000	8.0012	6.9850	14.0016	0.0000	0.0000	0.0000	0.0000	0.0000	0.0000	0.0000	0.0000	0.0000	1.0000	0.0000	1.0000	0.0000	0.0000	0.0000	1.0000	0.0000	1.0000	0.1026	0.0874	0.0153	0.0010	0.0010	0.0001	0.1016	0.0864	0.0152	0.3086	0.1758	0.1328	0.0210	0.0159	0.0051	0.2876	0.1599	0.1277	0.0000	0.0000	0.0000	0.0000	0.0000	0.0000	0.0000	0.0000	0.0000	3.2403	0.0000	7.5292	0.0000	0.0000	0.0000	3.4766	0.0000	7.8285						
85	104	0.1538	4	0	2	0	0	0	0	0	0	N	Y	N	N	N	N	N	N	N	N	N	N	0.0000	0.0000	0.0000	0.0000	0.0000	0.0000	0.0000	0.0000	0.0000	0.0000	0.0000	0.0000	0.0000	0.0023	0.0039	0.0000	0.0113	0.0146	0.0000	0.0000	0.0000	0.0000	0.0000	0.0000	-0.0001	1.0000	2.0010	6.9850	1.0153	0.0000	0.0000	0.0000	0.0000	0.0000	0.0000	0.0000	0.0000	0.0000	0.0001	0.0001	0.0000	0.0001	0.0001	0.0000	0.0000	0.0000	0.0000	0.0270	0.0229	0.0041	0.0003	0.0002	0.0000	0.0267	0.0227	0.0041	0.0524	0.0307	0.0217	0.0106	0.0082	0.0024	0.0418	0.0225	0.0193	0.0000	0.0000	0.0000	0.0000	0.0000	0.0000	0.0000	0.0000	0.0000	0.0023	0.0039	0.0000	0.0113	0.0146	0.0000	0.0000	0.0000	0.0000						
85	105	0.0908	3	0	2	0	0	0	0	0	0	N	Y	N	N	N	N	N	N	N	N	N	N	0.0000	0.0000	0.0000	0.0000	0.0000	0.0000	0.0000	0.0000	0.0000	0.0000	0.0000	0.0000	0.0000	0.0000	0.0000	0.0006	0.0008	0.0002	0.0000	0.0000	0.0000	0.0006	0.0009	0.0002	0.2008	0.0000	-0.0000	1.0000	3.0162	6.9850	11.0438	0.0000	0.0000	0.0000	0.0000	0.0000	0.0000	0.0000	0.0000	0.0000	0.0001	0.0001	0.0000	0.0000	0.0000	0.0000	0.0001	0.0001	0.0000	0.0406	0.0344	0.0062	0.0004	0.0004	0.0000	0.0402	0.0340	0.0061	0.2094	0.1190	0.0905	0.0141	0.0107	0.0034	0.1954	0.1082	0.0871	0.0000	0.0000	0.0000	0.0000	0.0000	0.0000	0.0000	0.0000	0.0000	0.0006	0.0008	0.0002	0.0000	0.0000	0.0000	0.0006	0.0009	0.0002				
85	106	0.1917	8	1	2	0	0	0	0	0	0	N	Y	N	N	N	N	N	N	N	N	N	N	0.0000	0.0000	0.0000	0.0000	0.0000	0.0000	0.0000	0.0000	0.0000	0.0000	0.0000	0.0000	0.0000	0.0000	0.0000	0.0000	0.0000	0.0000	0.0000	0.0000	1.0000	1.0000	6.9850	1.0000	0.0000	0.0000	0.0000	0.0000	0.0000	0.0000	0.0000	0.0000	0.0000	0.0000	0.0000	0.0000	0.0000	0.0000	0.0000	0.0000	0.0000	0.0000	0.0138	0.0117	0.0021	0.0004	0.0003	0.0000	0.0134	0.0114	0.0021	0.0340	0.0210	0.0130	0.0112	0.0089	0.0023	0.0228	0.0121	0.0107	0.0000	0.0000	0.0000	0.0000	0.0000	0.0000	0.0000	0.0000	0.0000	0.0000	0.0000	0.0000	0.0000	0.0000	0.0000	0.0000	0.0000	0.0000											
85	107	0.1875	7	1	2	0	0	0	0	0	0	N	Y	N	N	N	N	N	N	N	N	N	N	0.0000	0.0000	0.0000	0.0000	0.0000	0.0000	0.0000	0.0000	0.0000	0.0000	0.0000	0.0000	0.0000	0.0000	0.0000	0.0000	0.0000	0.0000	0.0000	0.0000	1.0000	0.0000	6.9850	0.9999	0.0000	0.0000	0.0000	0.0000	0.0000	0.0000	0.0000	0.0000	0.0000	0.0000	0.0000	0.0000	0.0000	0.0000	0.0000	0.0000	0.0000	0.0000	0.0000	0.0000	0.0000	0.0000	0.0000	0.0000	0.0000	0.0000	0.0000	0.0170	0.0103	0.0067	0.0046	0.0036	0.0010	0.0125	0.0067	0.0058	0.0000	0.0000	0.0000	0.0000	0.0000	0.0000	0.0000	0.0000	0.0000	0.0000	0.0000	0.0000	0.0000	0.0000	0.0000	0.0000	0.0000	0.0000											
85	108	0.1667	6	1	2	0	0	0	0	0	0	N	Y	N	N	N	N	N	N	N	N	N	N	0.0000	0.0000	0.0000	0.0000	0.0000	0.0000	0.0000	0.0000	0.0000	0.0000	0.0000	0.0000	0.0000	0.0000	0.0000	0.0000	0.0000	7.3102	0.0001	40.1594	198.7169	0.0003	148.8837	7.1674	0.0000	31.3062	87444.9159	0.0000	0.3944	1.0000	0.0100	6.9850	4.8896	0.0000	0.0000	0.0000	0.0000	0.0000	0.0000	0.0000	0.0000	0.0000	0.8572	0.0000	0.8572	0.2487	0.0000	0.2487	0.6086	0.0000	0.6086	0.0003	0.0002	0.0000	0.0001	0.0001	0.0000	0.0002	0.0002	0.0000	0.1213	0.0773	0.0440	0.0364	0.0314	0.0050	0.0849	0.0459	0.0390	0.0000	0.0000	0.0000	0.0000	0.0000	0.0000	0.0000	0.0000	0.0000	7.0682	0.0001	19.4880	6.8366	0.0003	49.4887	7.1674	0.0000	15.6187		
85	109	0.1567	5	0	2	0	0	0	0	0	0	N	Y	N	N	N	N	N	N	N	N	N	N	0.0000	0.0000	0.0000	0.0000	0.0000	0.0000	0.0000	0.0000	0.0000	0.0000	0.0000	0.0000	0.0000	0.0000	0.0000	9.9062	11.4470	13.2215	0.0000	0.0000	0.0000	11.5588	13.3918	13.4546	0.5739	0.0000	-0.0686	1.0000	1.0007	6.9850	1.4004	0.0000	0.0000	0.0000	0.0000	0.0000	0.0000	0.0000	0.0000	0.0000	0.3914	0.2487	0.1427	0.0000	0.0000	0.0000	0.3914	0.2487	0.1427	0.0141	0.0120	0.0021	0.0006	0.0006	0.0000	0.0136	0.0115	0.0021	0.0395	0.0230	0.0165	0.0056	0.0044	0.0012	0.0339	0.0186	0.0153	0.0000	0.0000	0.0000	0.0000	0.0000	0.0000	0.0000	0.0000	0.0000	9.9062	10.8062	8.6508	0.0000	0.0000	0.0000	11.5588	13.3918	9.3328				
85	110	0.1433	4	0	1	0	0	0	0	0	0	N	N	N	N	N	N	N	N	N	N	N	N	0.0000	0.0000	0.0000	0.0000	0.0000	0.0000	0.0000	0.0000	0.0000	0.0000	0.0000	0.0000	0.0000	0.1145	0.2769	0.0000	6.0696	6.7539	0.0000	0.0000	0.0000	0.0000	0.0000	0.0000	-0.0038	1.0000	0.3039	6.9850	2.8719	0.0000	0.0000	0.0000	0.0000	0.0000	0.0000	0.0000	0.0000	0.0000	0.0071	0.0071	0.0000	0.0071	0.0071	0.0000	0.0000	0.0000	0.0000	0.0075	0.0064	0.0011	0.0023	0.0021	0.0002	0.0052	0.0043	0.0009	0.0619	0.0368	0.0251	0.0118	0.0103	0.0015	0.0501	0.0265	0.0235	0.0000	0.0000	0.0000	0.0000	0.0000	0.0000	0.0000	0.0000	0.0000	0.1145	0.1924	0.0000	0.5985	0.6884	0.0000	0.0000	0.0000	0.0000						
85	111	0.0908	3	0	1	0	0	0	0	0	0	N	N	N	N	N	N	N	N	N	N	N	N	0.0000	0.0000	0.0000	0.0000	0.0000	0.0000	0.0000	0.0000	0.0000	0.0000	0.0000	0.0000	0.0000	0.0000	0.0000	0.0390	0.0621	0.0088	0.0000	0.0000	0.0000	0.0418	0.0682	0.0091	0.1078	0.0000	-0.0031	1.0000	3.8240	6.9850	8.1760	0.0000	0.0000	0.0000	0.0000	0.0000	0.0000	0.0000	0.0000	0.0000	0.0071	0.0064	0.0007	0.0000	0.0000	0.0000	0.0071	0.0064	0.0007	0.0511	0.0433	0.0077	0.0005	0.0005	0.0000	0.0505	0.0428	0.0077	0.1816	0.1031	0.0786	0.0122	0.0093	0.0029	0.1695	0.0938	0.0757	0.0000	0.0000	0.0000	0.0000	0.0000	0.0000	0.0000	0.0000	0.0000	0.0390	0.0621	0.0088	0.0000	0.0000	0.0000	0.0418	0.0682	0.0091				
85	115	0.2834	6	0	1	0	0	0	0	0	0	N	N	N	N	N	N	N	N	N	N	N	N	0.0134	0.1496	0.0000	0.0807	0.3480	0.0000	0.0000	0.0000	0.0000	0.0237	0.0274	0.0000	0.1792	0.1848	0.0000	0.0000	0.0000	0.0000	1.7694	0.1831	4.0979	2.2202	0.5311	1.1794	1.8605	0.1106	5.0016	0.0000	9.4230	-0.0015	0.2490	1.0000	8.9918	6.9850	13.3277	0.0032	0.0032	0.0000	0.0032	0.0032	0.0000	0.0000	0.0000	0.0000	0.6838	0.0656	0.6182	0.0914	0.0449	0.0465	0.5924	0.0207	0.5717	0.1328	0.1150	0.0178	0.0176	0.0170	0.0005	0.1152	0.0980	0.0172	0.5928	0.4223	0.1706	0.2744	0.2350	0.0394	0.3184	0.1873	0.1311	0.0206	0.1763	0.0000	0.5379	0.9676	0.0000	0.0000	0.0000	0.0000	1.1535	0.1554	3.6245	0.3331	0.1910	1.1794	1.8605	0.1106	4.3597
86	87	0.0983	3	0	1	0	0	0	0	0	0	N	N	N	N	N	N	N	N	N	N	N	N	1.8426	1.2815	3.4164	2.6717	0.0104	0.0122	0.0000	0.2008	0.2103	0.0000	0.0000	0.0000	0.0000	0.0057	0.0096	0.0000	0.0588	0.0787	0.0000	0.0000	0.0000	0.0000	0.0000	0.0000	-0.0003	-0.0002	1.0086	4.0000	2.0000	7.0000	0.0006	0.0006	0.0000	0.0006	0.0006	0.0000	0.0000	0.0000	0.0000	0.0004	0.0004	0.0000	0.0004	0.0004	0.0000	0.0000	0.0000	0.0000	0.0536	0.0458	0.0079	0.0028	0.0027	0.0001	0.0508	0.0431	0.0078	0.0635	0.0377	0.0258	0.0061	0.0047	0.0014	0.0574	0.0330	0.0244	1.8426	1.2815	0.0000	3.4164	2.7572	0.0000	0.0000	0.0000	0.0000	0.0057	0.0096	0.0000	0.0588	0.0763	0.0000	0.0000	0.0000	0.0000					
86	88	0.0565	2	0	0	0	0	0	0	0	0	N	N	N	N	N	N	N	N	N	N	N	N	1258.7580	0.0000	inf	0.0000	0.0000	inf	inf	0.0136	0.0000	0.0903	0.0000	0.0000	0.0000	0.0138	0.0000	0.0907	0.0000	0.0000	0.0000	0.0002	0.0002	0.0000	0.0000	0.0000	0.0000	inf	0.0000	0.0003	-0.0000	1.0086	2.9985	2.0000	7.0016	0.0006	0.0000	0.0006	0.0000	0.0000	0.0000	0.0006	0.0000	0.0006	0.0000	0.0000	0.0000	0.0000	0.0000	0.0000	0.0000	0.0000	0.0000	0.0412	0.0350	0.0062	0.0006	0.0006	0.0000	0.0406	0.0344	0.0062	0.0606	0.0340	0.0266	0.0040	0.0031	0.0009	0.0566	0.0310	0.0256	1258.7580	0.0000	inf	0.0000	0.0000	0.0000	inf	0.0000	inf	0.0000	0.0000	0.0000	0.0002	0.0002	0.0000	0.0000	0.0000	0.0000		
86	89	0.0300	3	0	1	0	0	0	0	0	0	N	N	N	N	N	N	N	N	N	N	N	N	0.0802	0.0000	141.2727	0.0000	0.0000	0.0000	67.3752	0.0000	156.1404	0.0002	0.0000	0.0013	0.0000	0.0000	0.0000	0.0003	0.0000	0.0013	0.0021	0.0037	0.0000	0.0387	0.0461	0.0001	0.0000	0.0000	0.0000	inf	0.0019	0.0000	-0.0001	1.0086	0.0157	2.0000	9.0253	0.0000	0.0000	0.0000	0.0000	0.0000	0.0000	0.0000	0.0000	0.0000	0.0001	0.0001	0.0000	0.0001	0.0001	0.0000	0.0000	0.0000	0.0000	0.0008	0.0007	0.0001	0.0003	0.0003	0.0000	0.0005	0.0004	0.0001	0.0589	0.0330	0.0259	0.0032	0.0026	0.0005	0.0558	0.0304	0.0254	0.0802	0.0000	141.2727	0.0000	0.0000	0.0000	67.3752	0.0000	156.1404	0.0021	0.0037	0.0000	0.0387	0.0461	0.0001	0.0000	0.0000	0.0000
86	90	0.0215	2	0	1	0	0	0	0	0	0	N	N	N	N	N	N	N	N	N	N	N	N	0.5010	0.3461	0.0156	0.0149	0.0138	0.0000	0.0059	0.0000	0.0158	0.0120	0.0143	0.0000	0.1658	0.1666	0.0000	0.0000	0.0000	0.0000	0.0239	0.0415	0.0020	11.1179	12.0435	0.0987	0.0009	0.0001	0.0020	0.0004	0.0388	-0.0000	-0.0002	1.0086	0.0169	2.0000	2.0013	0.0000	0.0000	0.0000	0.0000	0.0000	0.0000	0.0000	0.0000	0.0000	0.0003	0.0003	0.0000	0.0003	0.0003	0.0000	0.0000	0.0000	0.0000	0.0003	0.0002	0.0000	0.0000	0.0000	0.0000	0.0002	0.0002	0.0000	0.0137	0.0076	0.0061	0.0003	0.0003	0.0000	0.0134	0.0073	0.0061	0.5010	0.3461	0.0156	0.1631	0.1635	0.0000	0.0059	0.0000	0.0158	0.0239	0.0415	0.0020	1.0167	1.0193	0.0987	0.0009	0.0001	0.0020
86	93	0.1532	7	1	1	0	1	0	0	0	0	N	N	N	N	N	N	N	N	N	N	N	N	0.0000	0.0000	0.0000	0.0000	0.0000	0.0000	0.0000	0.0000	0.0000	0.0000	0.0000	0.0000	0.0000	0.0000	0.0000	0.0000	0.0000	0.0000	0.0000	0.0000	1.0086	0.0000	2.0000	0.0000	0.0000	0.0000	0.0000	0.0000	0.0000	0.0000	0.0000	0.0000	0.0000	0.0000	0.0000	0.0000	0.0000	0.0000	0.0000	0.0000	0.0000	0.0000	0.0000	0.0000	0.0000	0.0000	0.0000	0.0000	0.0000	0.0000	0.0000	0.0000	0.0000	0.0000	0.0000	0.0000	0.0000	0.0000	0.0000	0.0000	0.0000	0.0000	0.0000	0.0000	0.0000	0.0000	0.0000	0.0000	0.0000	0.0000	0.0000	0.0000	0.0000	0.0000	0.0000	0.0000	0.0000	0.0000											
86	94	0.1532	6	1	1	0	1	0	0	0	0	N	N	N	N	N	N	N	N	N	N	N	N	0.0000	0.0000	0.0000	0.0000	0.0000	0.0000	0.0000	0.0000	0.0000	0.0000	0.0000	0.0000	0.0000	0.0001	0.0000	0.0007	0.0003	0.0000	0.0258	0.0000	0.0000	0.0000	inf	0.0000	0.0000	1.0086	0.0000	2.0000	0.0001	0.0000	0.0000	0.0000	0.0000	0.0000	0.0000	0.0000	0.0000	0.0000	0.0000	0.0000	0.0000	0.0000	0.0000	0.0000	0.0000	0.0000	0.0000	0.0000	0.0000	0.0000	0.0000	0.0000	0.0000	0.0000	0.0000	0.0000	0.0000	0.0000	0.0000	0.0000	0.0000	0.0000	0.0000	0.0000	0.0000	0.0000	0.0000	0.0000	0.0000	0.0000	0.0000	0.0000	0.0000	0.0000	0.0001	0.0000	0.0007	0.0003	0.0000	0.0258	0.0000	0.0000	0.0000						
86	95	0.1352	5	0	1	0	1	0	0	0	0	N	N	N	N	N	N	N	N	N	N	N	N	0.0000	0.0000	0.0000	0.0000	0.0000	0.0000	0.0000	0.0000	0.0000	0.0000	0.0000	0.0000	0.0000	0.0000	0.0000	0.0000	0.0000	0.0000	0.0000	0.0000	1.0086	0.9845	2.0000	0.9903	0.0000	0.0000	0.0000	0.0000	0.0000	0.0000	0.0000	0.0000	0.0000	0.0000	0.0000	0.0000	0.0000	0.0000	0.0000	0.0000	0.0000	0.0000	0.0144	0.0123	0.0021	0.0011	0.0010	0.0000	0.0133	0.0112	0.0021	0.0134	0.0079	0.0055	0.0018	0.0015	0.0003	0.0116	0.0064	0.0053	0.0000	0.0000	0.0000	0.0000	0.0000	0.0000	0.0000	0.0000	0.0000	0.0000	0.0000	0.0000	0.0000	0.0000	0.0000	0.0000	0.0000	0.0000											
86	96	0.1324	5	0	1	0	0	0	0	0	0	N	N	N	N	N	N	N	N	N	N	N	N	0.0000	0.0000	0.0000	0.0000	0.0000	0.0000	0.0000	0.0000	0.0000	0.0000	0.0000	0.0000	0.0000	0.0000	0.0000	0.0000	0.0000	0.0000	0.0012	0.0018	0.0000	0.0037	0.0043	0.0000	0.0000	0.0001	0.0000	0.0001	0.0000	-0.0000	1.0086	1.0063	2.0000	3.7812	0.0000	0.0000	0.0000	0.0000	0.0000	0.0000	0.0000	0.0000	0.0000	0.0001	0.0001	0.0000	0.0001	0.0001	0.0000	0.0000	0.0000	0.0000	0.0143	0.0121	0.0021	0.0005	0.0005	0.0000	0.0138	0.0116	0.0021	0.0475	0.0301	0.0174	0.0144	0.0124	0.0020	0.0331	0.0177	0.0154	0.0000	0.0000	0.0000	0.0000	0.0000	0.0000	0.0000	0.0000	0.0000	0.0012	0.0018	0.0000	0.0037	0.0043	0.0000	0.0000	0.0001	0.0000	
86	97	0.1352	5	0	0	1	1	0	0	0	0	N	N	N	N	N	N	N	N	N	N	N	N	0.0000	0.0000	0.0000	0.0000	0.0000	0.0000	0.0000	0.0000	0.0000	0.0000	0.0000	0.0000	0.0000	0.0000	0.0000	0.0000	0.0000	0.0000	0.0000	0.0000	0.0000	0.0000	inf	0.0000	0.0000	1.0086	1.0165	2.0000	1.0129	0.0000	0.0000	0.0000	0.0000	0.0000	0.0000	0.0000	0.0000	0.0000	0.0000	0.0000	0.0000	0.0000	0.0000	0.0000	0.0000	0.0000	0.0000	0.0148	0.0126	0.0022	0.0011	0.0010	0.0000	0.0137	0.0116	0.0021	0.0137	0.0081	0.0057	0.0018	0.0015	0.0003	0.0119	0.0065	0.0054	0.0000	0.0000	0.0000	0.0000	0.0000	0.0000	0.0000	0.0000	0.0000	0.0000	0.0000	0.0000	0.0000	0.0000	0.0000	0.0000	0.0000	0.0000						
86	98	0.1223	4	0	0	0	1	0	0	0	0	N	N	N	N	N	N	N	N	N	N	N	N	0.0000	0.0000	0.0000	0.0000	0.0000	0.0000	0.0000	0.0000	0.0000	0.0000	0.0000	0.0000	0.0000	0.0000	0.0000	0.0000	0.0000	0.0000	0.0000	0.0000	0.0000	0.0000	0.0000	0.0000	-0.0000	1.0086	2.0241	2.0000	1.0265	0.0000	0.0000	0.0000	0.0000	0.0000	0.0000	0.0000	0.0000	0.0000	0.0000	0.0000	0.0000	0.0000	0.0000	0.0000	0.0000	0.0000	0.0000	0.0285	0.0243	0.0043	0.0011	0.0011	0.0001	0.0274	0.0232	0.0042	0.0197	0.0114	0.0083	0.0028	0.0022	0.0006	0.0169	0.0092	0.0077	0.0000	0.0000	0.0000	0.0000	0.0000	0.0000	0.0000	0.0000	0.0000	0.0000	0.0000	0.0000	0.0000	0.0000	0.0000	0.0000	0.0000	0.0000						
86	99	0.1223	4	0	0	1	1	0	0	0	0	N	N	N	N	N	N	N	N	N	N	N	N	0.0000	0.0000	0.0000	0.0000	0.0000	0.0000	0.0000	0.0000	0.0000	0.0000	0.0000	0.0000	0.0000	0.0000	0.0000	0.0000	0.0000	0.0000	0.0000	0.0000	1.0086	3.0066	2.0000	0.0000	0.0000	0.0000	0.0000	0.0000	0.0000	0.0000	0.0000	0.0000	0.0000	0.0000	0.0000	0.0000	0.0000	0.0000	0.0000	0.0000	0.0000	0.0000	0.0418	0.0356	0.0062	0.0016	0.0015	0.0001	0.0402	0.0341	0.0061	0.0194	0.0112	0.0082	0.0027	0.0022	0.0006	0.0167	0.0090	0.0076	0.0000	0.0000	0.0000	0.0000	0.0000	0.0000	0.0000	0.0000	0.0000	0.0000	0.0000	0.0000	0.0000	0.0000	0.0000	0.0000	0.0000	0.0000											
86	100	0.1480	4	0	0	1	1	0	0	0	0	N	N	N	N	N	N	N	N	N	N	N	N	0.0000	0.0000	0.0000	0.0000	0.0000	0.0000	0.0000	0.0000	0.0000	0.0000	0.0000	0.0000	0.0000	0.0000	0.0000	0.0000	0.0000	0.0000	0.0000	0.0000	1.0086	0.0000	2.0000	2.0000	0.0000	0.0000	0.0000	0.0000	0.0000	0.0000	0.0000	0.0000	0.0000	0.0000	0.0000	0.0000	0.0000	0.0000	0.0000	0.0000	0.0000	0.0000	0.0000	0.0000	0.0000	0.0000	0.0000	0.0000	0.0000	0.0000	0.0000	0.0126	0.0072	0.0054	0.0018	0.0014	0.0004	0.0107	0.0057	0.0050	0.0000	0.0000	0.0000	0.0000	0.0000	0.0000	0.0000	0.0000	0.0000	0.0000	0.0000	0.0000	0.0000	0.0000	0.0000	0.0000	0.0000	0.0000											
86	101	0.1090	3	0	0	1	1	0	0	0	0	N	N	N	N	N	N	N	N	N	N	N	N	0.0000	0.0000	0.0000	0.0000	0.0000	0.0000	0.0000	0.0000	0.0000	0.0000	0.0000	0.0000	0.0000	0.0000	0.0000	0.0000	0.0000	0.0000	0.0001	0.0001	0.0001	0.0003	0.0003	0.0000	0.0000	0.0000	0.0001	0.8953	0.0000	-0.0000	1.0086	5.8899	2.0000	3.1847	0.0000	0.0000	0.0000	0.0000	0.0000	0.0000	0.0000	0.0000	0.0000	0.0000	0.0000	0.0000	0.0000	0.0000	0.0000	0.0000	0.0000	0.0000	0.0821	0.0700	0.0121	0.0047	0.0043	0.0004	0.0775	0.0657	0.0118	0.0595	0.0346	0.0250	0.0092	0.0075	0.0016	0.0504	0.0270	0.0233	0.0000	0.0000	0.0000	0.0000	0.0000	0.0000	0.0000	0.0000	0.0000	0.0001	0.0001	0.0001	0.0003	0.0003	0.0000	0.0000	0.0000	0.0001	
86	102	0.1558	3	1	1	0	0	0	0	0	0	N	N	N	N	N	N	N	N	N	N	N	N	0.0000	0.0000	0.0000	0.0000	0.0000	0.0000	0.0000	0.0000	0.0000	0.0000	0.0000	0.0000	0.0000	0.0000	0.0000	0.0000	0.0000	0.0000	0.0000	0.0000	1.0086	0.0000	2.0000	0.0000	0.0000	0.0000	0.0000	0.0000	0.0000	0.0000	0.0000	0.0000	0.0000	0.0000	0.0000	0.0000	0.0000	0.0000	0.0000	0.0000	0.0000	0.0000	0.0000	0.0000	0.0000	0.0000	0.0000	0.0000	0.0000	0.0000	0.0000	0.0000	0.0000	0.0000	0.0000	0.0000	0.0000	0.0000	0.0000	0.0000	0.0000	0.0000	0.0000	0.0000	0.0000	0.0000	0.0000	0.0000	0.0000	0.0000	0.0000	0.0000	0.0000	0.0000	0.0000	0.0000	0.0000	0.0000											
86	103	0.0565	2	1	1	0	0	0	0	0	0	N	N	N	N	N	N	N	N	N	N	N	N	14.9480	8.7450	inf	61.3952	48.8758	inf	inf	0.0455	0.0472	0.0362	2.7708	2.8971	0.0000	0.0054	0.0000	0.0363	0.0030	0.0054	0.0000	0.0451	0.0593	0.0000	0.0000	0.0000	0.0000	0.1330	0.0000	-0.0016	-0.0002	1.0086	8.0012	2.0000	14.0016	0.0048	0.0042	0.0006	0.0042	0.0042	0.0000	0.0006	0.0000	0.0006	0.0004	0.0004	0.0000	0.0004	0.0004	0.0000	0.0000	0.0000	0.0000	0.1047	0.0892	0.0155	0.0015	0.0015	0.0001	0.1032	0.0878	0.0154	0.1217	0.0687	0.0529	0.0082	0.0063	0.0020	0.1134	0.0625	0.0510	14.9480	8.7450	inf	61.3952	48.8758	0.0000	inf	0.0000	inf	0.0030	0.0054	0.0000	0.0451	0.0593	0.0000	0.0000	0.0000	0.0000		
86	104	0.1194	3	0	1	0	0	0	0	0	0	N	N	N	N	N	N	N	N	N	N	N	N	0.0496	0.0000	0.1602	0.0000	0.0000	0.0000	0.0473	0.0000	0.1464	0.0000	0.0000	0.0001	0.0000	0.0000	0.0000	0.0000	0.0000	0.0001	0.0002	0.0001	0.0004	0.0002	0.0002	0.0001	0.0002	0.0000	0.0005	inf	6.0716	0.0000	0.0000	1.0086	2.0010	2.0000	1.0153	0.0000	0.0000	0.0000	0.0000	0.0000	0.0000	0.0000	0.0000	0.0000	0.0000	0.0000	0.0000	0.0000	0.0000	0.0000	0.0000	0.0000	0.0000	0.0275	0.0234	0.0042	0.0004	0.0003	0.0000	0.0271	0.0230	0.0041	0.0206	0.0120	0.0087	0.0042	0.0032	0.0010	0.0165	0.0088	0.0077	0.0496	0.0000	0.1602	0.0000	0.0000	0.0000	0.0473	0.0000	0.1464	0.0002	0.0001	0.0004	0.0002	0.0002	0.0001	0.0002	0.0000	0.0005
86	105	0.0565	2	0	1	0	0	0	0	0	0	N	N	N	N	N	N	N	N	N	N	N	N	0.3305	0.0000	0.9776	0.0000	0.0000	0.0000	0.3613	0.0000	0.9993	0.0135	0.0000	0.0897	0.0000	0.0000	0.0000	0.0137	0.0000	0.0901	0.0409	0.0080	0.0918	0.0897	0.0995	0.0616	0.0380	0.0000	0.0902	inf	8.1162	0.0003	0.0012	1.0086	3.0162	2.0000	11.0438	0.0006	0.0000	0.0006	0.0000	0.0000	0.0000	0.0006	0.0000	0.0006	0.0034	0.0004	0.0030	0.0004	0.0004	0.0001	0.0029	0.0000	0.0029	0.0414	0.0352	0.0062	0.0006	0.0006	0.0000	0.0408	0.0346	0.0062	0.0826	0.0465	0.0361	0.0055	0.0042	0.0013	0.0771	0.0423	0.0348	0.3305	0.0000	1.0775	0.0000	0.0000	0.0000	0.3613	0.0000	1.0717	0.0409	0.0080	0.0833	0.0819	0.0882	0.0616	0.0380	0.0000	0.0841
86	106	0.1573	7	1	1	0	0	0	0	0	0	N	N	N	N	N	N	N	N	N	N	N	N	0.0000	0.0000	0.0000	0.0000	0.0000	0.0000	0.0000	0.0000	0.0000	0.0000	0.0000	0.0000	0.0000	0.0000	0.0000	0.0000	0.0000	0.0000	0.0000	0.0000	1.0086	1.0000	2.0000	1.0000	0.0000	0.0000	0.0000	0.0000	0.0000	0.0000	0.0000	0.0000	0.0000	0.0000	0.0000	0.0000	0.0000	0.0000	0.0000	0.0000	0.0000	0.0000	0.0141	0.0120	0.0021	0.0004	0.0004	0.0000	0.0136	0.0115	0.0021	0.0134	0.0082	0.0052	0.0044	0.0035	0.0009	0.0090	0.0047	0.0043	0.0000	0.0000	0.0000	0.0000	0.0000	0.0000	0.0000	0.0000	0.0000	0.0000	0.0000	0.0000	0.0000	0.0000	0.0000	0.0000	0.0000	0.0000											
86	107	0.1532	6	1	1	0	0	0	0	0	0	N	N	N	N	N	N	N	N	N	N	N	N	0.0000	0.0000	0.0000	0.0000	0.0000	0.0000	0.0000	0.0000	0.0000	0.0000	0.0000	0.0000	0.0000	0.0015	0.0025	0.0000	0.0056	0.0070	0.0000	0.0000	0.0000	0.0000	0.0000	0.0000	-0.0000	1.0086	0.0000	2.0000	0.9999	0.0000	0.0000	0.0000	0.0000	0.0000	0.0000	0.0000	0.0000	0.0000	0.0000	0.0000	0.0000	0.0000	0.0000	0.0000	0.0000	0.0000	0.0000	0.0000	0.0000	0.0000	0.0000	0.0000	0.0000	0.0000	0.0000	0.0000	0.0067	0.0040	0.0027	0.0018	0.0014	0.0004	0.0049	0.0026	0.0023	0.0000	0.0000	0.0000	0.0000	0.0000	0.0000	0.0000	0.0000	0.0000	0.0015	0.0025	0.0000	0.0056	0.0070	0.0000	0.0000	0.0000	0.0000						
86	108	0.1324	5	1	1	0	0	0	0	0	0	N	N	N	N	N	N	N	N	N	N	N	N	0.0000	0.0000	0.0000	0.0000	0.0000	0.0000	0.0000	0.0000	0.0000	0.0000	0.0000	0.0000	0.0000	0.0000	0.0000	0.0000	0.0000	0.0000	0.0011	0.0017	0.0000	0.0027	0.0031	0.0000	0.0004	0.0007	0.0000	0.0017	0.0000	-0.0000	1.0086	0.0100	2.0000	4.8896	0.0000	0.0000	0.0000	0.0000	0.0000	0.0000	0.0000	0.0000	0.0000	0.0001	0.0001	0.0000	0.0000	0.0000	0.0000	0.0000	0.0000	0.0000	0.0003	0.0002	0.0000	0.0001	0.0001	0.0000	0.0002	0.0002	0.0000	0.0482	0.0305	0.0176	0.0145	0.0125	0.0020	0.0337	0.0180	0.0156	0.0000	0.0000	0.0000	0.0000	0.0000	0.0000	0.0000	0.0000	0.0000	0.0011	0.0017	0.0000	0.0027	0.0031	0.0000	0.0004	0.0007	0.0000	
86	109	0.1223	4	0	1	0	0	0	0	0	0	N	N	N	N	N	N	N	N	N	N	N	N	0.0000	0.0000	0.0000	0.0000	0.0000	0.0000	0.0000	0.0000	0.0000	0.0000	0.0000	0.0000	0.0000	0.0000	0.0000	0.0015	0.0026	0.0000	0.0107	0.0136	0.0000	0.0000	0.0000	0.0000	0.0000	-0.0000	-0.0000	1.0086	1.0007	2.0000	1.4004	0.0000	0.0000	0.0000	0.0000	0.0000	0.0000	0.0000	0.0000	0.0000	0.0000	0.0000	0.0000	0.0000	0.0000	0.0000	0.0000	0.0000	0.0000	0.0144	0.0123	0.0022	0.0006	0.0006	0.0000	0.0138	0.0116	0.0021	0.0156	0.0090	0.0066	0.0022	0.0017	0.0005	0.0134	0.0073	0.0061	0.0000	0.0000	0.0000	0.0000	0.0000	0.0000	0.0000	0.0000	0.0000	0.0015	0.0026	0.0000	0.0107	0.0136	0.0000	0.0000	0.0000	0.0000				
86	110	0.1090	3	0	0	0	0	0	0	0	0	N	N	N	N	N	N	N	N	N	N	N	N	0.0000	0.0000	0.0000	0.0000	0.0000	0.0000	0.0000	0.0000	0.0000	0.0000	0.0000	0.0000	0.0000	0.0000	0.0000	0.0000	0.0000	0.0000	0.0008	0.0014	0.0000	0.0044	0.0051	0.0001	0.0000	0.0000	0.0000	0.0062	0.0000	-0.0000	1.0086	0.3039	2.0000	2.8719	0.0000	0.0000	0.0000	0.0000	0.0000	0.0000	0.0000	0.0000	0.0000	0.0000	0.0000	0.0000	0.0000	0.0000	0.0000	0.0000	0.0000	0.0000	0.0076	0.0065	0.0011	0.0023	0.0021	0.0002	0.0053	0.0044	0.0009	0.0243	0.0144	0.0100	0.0046	0.0040	0.0006	0.0197	0.0104	0.0094	0.0000	0.0000	0.0000	0.0000	0.0000	0.0000	0.0000	0.0000	0.0000	0.0008	0.0014	0.0000	0.0044	0.0051	0.0001	0.0000	0.0000	0.0000	
86	111	0.0565	2	0	0	0	0	0	0	0	0	N	N	N	N	N	N	N	N	N	N	N	N	0.0003	0.0002	0.0000	0.0011	0.0006	0.0000	0.0000	0.0000	0.0000	0.0000	0.0000	0.0001	0.0001	0.0000	0.0000	0.0000	0.0000	0.0051	0.0090	0.0000	0.0793	0.1443	0.0000	0.0000	0.0000	0.0000	0.0000	0.0006	-0.0000	-0.0002	1.0086	3.8240	2.0000	8.1760	0.0000	0.0000	0.0000	0.0000	0.0000	0.0000	0.0000	0.0000	0.0000	0.0004	0.0004	0.0000	0.0004	0.0004	0.0000	0.0000	0.0000	0.0000	0.0521	0.0443	0.0078	0.0008	0.0007	0.0000	0.0513	0.0435	0.0078	0.0716	0.0403	0.0313	0.0047	0.0036	0.0011	0.0669	0.0366	0.0302	0.0003	0.0002	0.0000	0.0011	0.0009	0.0000	0.0000	0.0000	0.0000	0.0051	0.0090	0.0000	0.0764	0.0999	0.0000	0.0000	0.0000	0.0000	
86	115	0.2491	5	0	0	0	0	0	0	0	0	N	N	N	N	N	N	N	N	N	N	N	N	1.2256	1.0115	1.0398	4.1132	3.6604	12.1295	0.0006	0.0000	0.0531	0.0275	0.0319	0.0002	0.1904	0.1978	0.0051	0.0000	0.0000	0.0000	0.0225	0.0316	0.0002	0.0463	0.0540	0.0004	0.0019	0.0032	0.0001	0.0011	0.0026	-0.0018	-0.0028	1.0086	8.9918	2.0000	13.3277	0.0038	0.0038	0.0000	0.0038	0.0038	0.0000	0.0000	0.0000	0.0000	0.0052	0.0052	0.0000	0.0050	0.0050	0.0000	0.0002	0.0002	0.0000	0.1382	0.1190	0.0192	0.0200	0.0192	0.0008	0.1182	0.0998	0.0185	0.2333	0.1654	0.0678	0.1079	0.0924	0.0156	0.1253	0.0731	0.0522	1.2256	1.0115	1.0398	4.1132	3.6604	12.1295	0.0006	0.0000	0.0531	0.0225	0.0316	0.0002	0.0463	0.0540	0.0004	0.0019	0.0032	0.0001
87	89	0.1491	5	0	2	0	0	0	0	0	0	N	Y	N	N	N	N	N	N	N	N	N	N	0.0000	0.0000	0.0000	0.0000	0.0000	0.0000	0.0000	0.0000	0.0000	0.0000	0.0000	0.0000	0.0000	0.0000	0.0000	0.0000	0.0000	0.0000	11.1180	8.9861	28.3694	0.0397	0.0283	0.0754	12.4824	10.7540	29.3035	0.9973	0.0000	-0.0811	4.0000	0.0157	7.0000	9.0253	0.0000	0.0000	0.0000	0.0000	0.0000	0.0000	0.0000	0.0000	0.0000	1.9973	1.0000	0.9973	0.0010	0.0005	0.0004	1.9964	0.9995	0.9969	0.0029	0.0026	0.0004	0.0011	0.0011	0.0000	0.0018	0.0015	0.0004	0.1841	0.1113	0.0728	0.0242	0.0183	0.0058	0.1599	0.0929	0.0670	0.0000	0.0000	0.0000	0.0000	0.0000	0.0000	0.0000	0.0000	0.0000	10.8481	8.9861	13.6931	0.0397	0.0283	0.0754	12.4824	10.7540	14.8800	
87	90	0.1406	4	0	2	0	0	0	0	0	0	N	Y	N	N	N	N	N	N	N	N	N	N	0.0000	0.0000	0.0000	0.0000	0.0000	0.0000	0.0000	0.0000	0.0000	0.0000	0.0000	0.0000	0.0000	0.0000	0.0000	0.0000	0.0000	0.0000	0.3796	0.5625	0.2397	21.0588	25.3566	0.0000	0.1069	0.0428	0.2423	0.4033	0.0000	-0.0028	4.0000	0.0169	7.0000	2.0013	0.0000	0.0000	0.0000	0.0000	0.0000	0.0000	0.0000	0.0000	0.0000	0.0110	0.0078	0.0032	0.0069	0.0069	0.0000	0.0041	0.0010	0.0032	0.0010	0.0008	0.0001	0.0001	0.0001	0.0000	0.0009	0.0007	0.0001	0.0428	0.0258	0.0170	0.0043	0.0033	0.0009	0.0385	0.0224	0.0161	0.0000	0.0000	0.0000	0.0000	0.0000	0.0000	0.0000	0.0000	0.0000	0.2566	0.3036	0.1855	1.6022	2.0570	0.0000	0.1069	0.0428	0.1965	
87	91	0.1318	3	0	1	0	0	0	0	0	0	N	N	N	N	N	N	N	N	N	N	N	N	0.0285	0.4112	0.0000	1.2566	0.7334	0.0000	0.0000	0.0000	0.0000	0.0054	0.0063	0.0000	0.1088	0.1142	0.0000	0.0000	0.0000	0.0000	0.1882	0.0153	0.5155	0.0866	0.1558	0.0001	0.1744	0.0018	0.5732	0.0000	17.1719	-0.0003	0.0029	4.0000	1.9923	7.0000	0.0454	0.0006	0.0006	0.0000	0.0006	0.0006	0.0000	0.0000	0.0000	0.0000	0.0072	0.0004	0.0068	0.0004	0.0004	0.0000	0.0069	0.0000	0.0068	0.1044	0.0890	0.0153	0.0051	0.0049	0.0002	0.0992	0.0841	0.0151	0.0438	0.0260	0.0178	0.0044	0.0034	0.0010	0.0394	0.0226	0.0168	0.0325	0.4112	0.0000	1.3366	1.0975	0.0000	0.0000	0.0000	0.0000	0.1650	0.0153	0.3839	0.0814	0.1041	0.0001	0.1744	0.0018	0.4058
87	92	0.0881	2	0	1	0	0	0	0	0	0	N	N	N	N	N	N	N	N	N	N	N	N	10126.1656	124221.1058	41.7134	inf	inf	14.2616	0.0000	41.9495	18.6521	21.8384	0.1736	328.0624	346.4572	0.0000	0.0271	0.0000	0.1773	0.0018	0.0002	0.0042	0.0000	0.0000	0.0000	0.0019	0.0002	0.0042	0.0014	17.0000	-0.4607	0.0001	4.0000	1.0098	7.0000	9.0196	1.0007	0.9993	0.0014	0.9993	0.9993	0.0000	0.0014	0.0000	0.0014	0.0004	0.0000	0.0003	0.0000	0.0000	0.0000	0.0004	0.0000	0.0003	0.0536	0.0458	0.0079	0.0030	0.0029	0.0002	0.0506	0.0429	0.0077	0.1954	0.1138	0.0817	0.0058	0.0046	0.0012	0.1896	0.1092	0.0805	10126.1656	124221.1058	41.7134	inf	inf	0.0000	14.2616	0.0000	41.9495	0.0018	0.0002	0.0042	0.0000	0.0000	0.0000	0.0019	0.0002	0.0042	
87	93	0.1848	7	1	2	0	1	0	0	0	0	N	Y	N	N	N	N	N	N	N	N	N	N	0.0000	0.0000	0.0000	0.0000	0.0000	0.0000	0.0000	0.0000	0.0000	0.0000	0.0000	0.0000	0.0000	0.0000	0.0000	0.0000	0.0000	0.0000	0.0000	0.0000	4.0000	0.0000	7.0000	0.0000	0.0000	0.0000	0.0000	0.0000	0.0000	0.0000	0.0000	0.0000	0.0000	0.0000	0.0000	0.0000	0.0000	0.0000	0.0000	0.0000	0.0000	0.0000	0.0000	0.0000	0.0000	0.0000	0.0000	0.0000	0.0000	0.0000	0.0000	0.0000	0.0000	0.0000	0.0000	0.0000	0.0000	0.0000	0.0000	0.0000	0.0000	0.0000	0.0000	0.0000	0.0000	0.0000	0.0000	0.0000	0.0000	0.0000	0.0000	0.0000	0.0000	0.0000	0.0000	0.0000	0.0000	0.0000											
87	94	0.1848	6	1	2	0	1	0	0	0	0	N	Y	N	N	N	N	N	N	N	N	N	N	0.0000	0.0000	0.0000	0.0000	0.0000	0.0000	0.0000	0.0000	0.0000	0.0000	0.0000	0.0000	0.0000	0.0000	0.0000	0.0000	0.0000	0.0000	0.0000	0.0000	4.0000	0.0000	7.0000	0.0001	0.0000	0.0000	0.0000	0.0000	0.0000	0.0000	0.0000	0.0000	0.0000	0.0000	0.0000	0.0000	0.0000	0.0000	0.0000	0.0000	0.0000	0.0000	0.0000	0.0000	0.0000	0.0000	0.0000	0.0000	0.0000	0.0000	0.0000	0.0000	0.0000	0.0000	0.0000	0.0000	0.0000	0.0000	0.0000	0.0000	0.0000	0.0000	0.0000	0.0000	0.0000	0.0000	0.0000	0.0000	0.0000	0.0000	0.0000	0.0000	0.0000	0.0000	0.0000	0.0000	0.0000	0.0000											
87	95	0.1669	5	0	2	0	1	0	0	0	0	N	Y	N	N	N	N	N	N	N	N	N	N	0.7893	0.5107	12212.0442	11310.5320	0.0000	0.0000	18.2156	21.2618	0.0000	166.3010	174.0638	0.0000	0.0000	0.0000	0.0000	23.0788	41.6349	0.0000	0.0136	0.0154	0.0000	25.3398	43.7779	0.0000	0.0000	0.0000	-0.4538	-0.5294	4.0000	0.9845	7.0000	0.9903	0.9829	0.9829	0.0000	0.9829	0.9829	0.0000	0.0000	0.0000	0.0000	0.9805	0.9805	0.0000	0.0001	0.0001	0.0000	0.9804	0.9804	0.0000	0.0540	0.0462	0.0077	0.0059	0.0056	0.0003	0.0480	0.0406	0.0075	0.0431	0.0263	0.0168	0.0044	0.0039	0.0005	0.0387	0.0224	0.0163	0.8007	0.5702	0.0000	12212.0442	11310.5320	0.0000	0.0000	0.0000	0.0000	22.7506	37.2889	0.0000	0.0136	0.0154	0.0000	25.3398	43.7779	0.0000			
87	96	0.1641	5	0	2	0	0	0	0	0	0	N	Y	N	N	N	N	N	N	N	N	N	N	0.0415	0.0000	inf	0.0000	0.0000	inf	inf	0.0024	0.0000	0.0165	0.0000	0.0000	0.0000	0.0026	0.0000	0.0170	0.0579	0.0890	0.0000	0.7618	1.0631	0.0000	0.0000	0.0000	0.0000	inf	0.0000	0.0001	-0.0048	4.0000	1.0063	7.0000	3.7812	0.0001	0.0000	0.0001	0.0000	0.0000	0.0000	0.0001	0.0000	0.0001	0.0089	0.0089	0.0000	0.0089	0.0089	0.0000	0.0000	0.0000	0.0000	0.0541	0.0462	0.0079	0.0041	0.0039	0.0002	0.0499	0.0423	0.0077	0.1540	0.1002	0.0538	0.0442	0.0386	0.0056	0.1098	0.0616	0.0481	0.0415	0.0000	inf	0.0000	0.0000	0.0000	inf	0.0000	inf	0.0579	0.0890	0.0000	0.2018	0.2312	0.0000	0.0000	0.0000	0.0000		
87	97	0.1669	5	0	1	1	1	0	0	0	0	N	N	N	N	N	N	N	N	N	N	N	N	0.3832	0.0000	inf	0.0000	0.0000	inf	inf	0.3079	0.0000	2.1485	0.0000	0.0000	0.0000	0.3455	0.0000	2.2244	0.8035	1.5699	0.0000	127.2042	126.0791	0.0000	0.0000	0.0000	0.0000	inf	0.0000	0.0092	-0.0106	4.0000	1.0165	7.0000	1.0129	0.0171	0.0000	0.0171	0.0000	0.0000	0.0000	0.0171	0.0000	0.0171	0.0196	0.0196	0.0000	0.0196	0.0196	0.0000	0.0000	0.0000	0.0000	0.0556	0.0476	0.0080	0.0061	0.0058	0.0003	0.0495	0.0419	0.0077	0.0442	0.0269	0.0172	0.0045	0.0040	0.0005	0.0397	0.0230	0.0167	0.6940	0.0000	inf	0.0000	0.0000	0.0000	inf	0.0000	inf	0.4437	0.7277	0.0000	4.3764	4.9527	0.0000	0.0000	0.0000	0.0000		
87	98	0.1540	4	0	1	0	1	0	0	0	0	N	N	N	N	N	N	N	N	N	N	N	N	0.4386	0.1408	263.4375	inf	inf	0.1877	0.0000	256.3466	0.2182	0.1845	0.4171	2.0018	2.1169	0.0000	0.0656	0.0000	0.4298	0.4974	1.3104	0.0016	0.0000	0.0000	0.0000	0.3494	0.6069	0.0017	0.3832	0.0020	-0.0043	-0.0105	4.0000	2.0241	7.0000	1.0265	0.0235	0.0170	0.0065	0.0170	0.0170	0.0000	0.0065	0.0000	0.0065	0.0196	0.0196	0.0000	0.0000	0.0000	0.0000	0.0196	0.0196	0.0000	0.1078	0.0922	0.0156	0.0085	0.0080	0.0005	0.0993	0.0842	0.0152	0.0631	0.0379	0.0253	0.0070	0.0056	0.0014	0.0561	0.0322	0.0239	0.7028	0.3571	263.4375	inf	inf	0.0000	0.1877	0.0000	256.3466	0.3104	0.5165	0.0016	0.0000	0.0000	0.0000	0.3494	0.6069	0.0017	
87	99	0.1540	4	0	1	1	1	0	0	0	0	N	N	N	N	N	N	N	N	N	N	N	N	inf	inf	inf	inf	0.0419	0.0000	0.2900	0.0000	0.0000	0.0000	0.0454	0.0000	0.2988	0.0000	0.0000	0.0000	0.0000	0.0000	0.0000	0.0000	0.0000	0.0000	inf	0.0036	0.0000	4.0000	3.0066	7.0000	0.0000	0.0066	0.0000	0.0066	0.0000	0.0000	0.0000	0.0066	0.0000	0.0066	0.0000	0.0000	0.0000	0.0000	0.0000	0.0000	0.0000	0.0000	0.0000	0.1581	0.1353	0.0229	0.0122	0.0115	0.0007	0.1459	0.1237	0.0222	0.0622	0.0373	0.0249	0.0069	0.0056	0.0014	0.0553	0.0318	0.0235	inf	0.0000	inf	0.0000	0.0000	0.0000	inf	0.0000	inf	0.0000	0.0000	0.0000	0.0000	0.0000	0.0000	0.0000	0.0000	0.0000						
87	100	0.1797	4	0	1	1	1	0	0	0	0	N	N	N	N	N	N	N	N	N	N	N	N	0.0000	0.0000	0.0000	0.0000	0.0000	0.0000	0.0000	0.0000	0.0000	0.0000	0.0000	0.0000	0.0000	0.0000	0.0000	0.0000	0.0000	0.0000	0.0000	0.0000	4.0000	0.0000	7.0000	2.0000	0.0000	0.0000	0.0000	0.0000	0.0000	0.0000	0.0000	0.0000	0.0000	0.0000	0.0000	0.0000	0.0000	0.0000	0.0000	0.0000	0.0000	0.0000	0.0000	0.0000	0.0000	0.0000	0.0000	0.0000	0.0000	0.0000	0.0000	0.0401	0.0238	0.0164	0.0047	0.0037	0.0010	0.0355	0.0201	0.0154	0.0000	0.0000	0.0000	0.0000	0.0000	0.0000	0.0000	0.0000	0.0000	0.0000	0.0000	0.0000	0.0000	0.0000	0.0000	0.0000	0.0000	0.0000											
87	101	0.1406	3	0	1	1	1	0	0	0	0	N	N	N	N	N	N	N	N	N	N	N	N	0.2287	0.0000	inf	0.0000	0.0000	0.3048	0.0000	inf	0.0031	0.0000	0.0217	0.0000	0.0000	0.0000	0.0034	0.0000	0.0227	0.0136	0.0227	0.0000	0.0296	0.0351	0.0000	0.0113	0.0200	0.0000	inf	0.0000	0.0005	-0.0014	4.0000	5.8899	7.0000	3.1847	0.0010	0.0000	0.0010	0.0000	0.0000	0.0000	0.0010	0.0000	0.0010	0.0026	0.0026	0.0000	0.0007	0.0007	0.0000	0.0019	0.0019	0.0000	0.3114	0.2667	0.0447	0.0299	0.0278	0.0021	0.2815	0.2389	0.0426	0.1924	0.1156	0.0768	0.0243	0.0205	0.0038	0.1681	0.0951	0.0730	0.2287	0.0000	inf	0.0000	0.0000	0.0000	0.3048	0.0000	inf	0.0136	0.0227	0.0000	0.0296	0.0351	0.0000	0.0113	0.0200	0.0000	
87	102	0.1874	3	1	2	0	0	0	0	0	0	N	Y	N	N	N	N	N	N	N	N	N	N	0.0000	0.0000	0.0000	0.0000	0.0000	0.0000	0.0000	0.0000	0.0000	0.0000	0.0000	0.0000	0.0000	0.0000	0.0000	0.0000	0.0000	0.0000	0.0000	0.0000	4.0000	0.0000	7.0000	0.0000	0.0000	0.0000	0.0000	0.0000	0.0000	0.0000	0.0000	0.0000	0.0000	0.0000	0.0000	0.0000	0.0000	0.0000	0.0000	0.0000	0.0000	0.0000	0.0000	0.0000	0.0000	0.0000	0.0000	0.0000	0.0000	0.0000	0.0000	0.0000	0.0000	0.0000	0.0000	0.0000	0.0000	0.0000	0.0000	0.0000	0.0000	0.0000	0.0000	0.0000	0.0000	0.0000	0.0000	0.0000	0.0000	0.0000	0.0000	0.0000	0.0000	0.0000	0.0000	0.0000	0.0000	0.0000											
87	103	0.0881	2	1	2	0	0	0	0	0	0	N	Y	N	N	N	N	N	N	N	N	N	N	0.9933	0.6732	inf	inf	inf	0.0014	0.0000	inf	2.5248	2.9455	0.0240	46.9193	49.6163	0.0000	0.0037	0.0000	0.0245	2.5417	4.3757	0.0000	0.0000	0.0000	0.0000	2.6221	4.5519	0.0000	0.0014	0.0000	-0.4610	-0.5399	4.0000	8.0012	7.0000	14.0016	1.0012	0.9999	0.0014	0.9999	0.9999	0.0000	0.0014	0.0000	0.0014	1.0000	1.0000	0.0000	0.0000	0.0000	0.0000	1.0000	1.0000	0.0000	0.3966	0.3395	0.0571	0.0213	0.0202	0.0012	0.3753	0.3193	0.0560	0.3934	0.2292	0.1642	0.0121	0.0095	0.0025	0.3814	0.2197	0.1617	0.9933	0.6751	inf	inf	inf	0.0000	0.0014	0.0000	inf	2.5417	4.3630	0.0000	0.0000	0.0000	0.0000	2.6221	4.5519	0.0000	
87	104	0.1511	3	0	2	0	0	0	0	0	0	N	Y	N	N	N	N	N	N	N	N	N	N	0.5081	0.3621	6.0175	4.8915	0.0000	0.0000	0.0051	0.0060	0.0000	0.0932	0.0985	0.0000	0.0000	0.0000	0.0000	0.0100	0.0165	0.0000	0.0155	0.0201	0.0000	0.0086	0.0152	0.0000	0.0000	0.0000	-0.0002	-0.0004	4.0000	2.0010	7.0000	1.0153	0.0005	0.0005	0.0000	0.0005	0.0005	0.0000	0.0000	0.0000	0.0000	0.0007	0.0007	0.0000	0.0002	0.0002	0.0000	0.0004	0.0004	0.0000	0.1042	0.0890	0.0153	0.0057	0.0054	0.0003	0.0985	0.0836	0.0150	0.0659	0.0401	0.0258	0.0136	0.0104	0.0031	0.0524	0.0297	0.0227	0.5081	0.3621	0.0000	6.0175	4.8915	0.0000	0.0000	0.0000	0.0000	0.0100	0.0165	0.0000	0.0155	0.0201	0.0000	0.0086	0.0152	0.0000			
87	105	0.0881	2	0	2	0	0	0	0	0	0	N	Y	N	N	N	N	N	N	N	N	N	N	1.6993	1.1397	55.3568	inf	inf	0.0024	0.0000	55.6567	6.3844	7.4678	0.0598	115.7464	122.3928	0.0000	0.0093	0.0000	0.0610	3.7571	6.5524	0.0011	0.0000	0.0000	0.0000	3.8734	6.7259	0.0011	0.0014	0.0001	-0.4607	-0.5396	4.0000	3.0162	7.0000	11.0438	1.0007	0.9993	0.0014	0.9993	0.9993	0.0000	0.0014	0.0000	0.0014	0.9996	0.9995	0.0001	0.0000	0.0000	0.0000	0.9996	0.9995	0.0001	0.1567	0.1338	0.0229	0.0086	0.0082	0.0005	0.1481	0.1257	0.0225	0.2661	0.1549	0.1111	0.0080	0.0063	0.0017	0.2581	0.1486	0.1095	1.6993	1.1574	55.3568	inf	inf	0.0000	0.0024	0.0000	55.6567	3.7571	6.4522	0.0011	0.0000	0.0000	0.0000	3.8734	6.7259	0.0011	
87	106	0.1890	7	1	2	0	0	0	0	0	0	N	Y	N	N	N	N	N	N	N	N	N	N	0.0000	0.0000	0.0000	0.0000	0.0000	0.0000	0.0000	0.0000	0.0000	0.0000	0.0000	0.0000	0.0000	0.0000	0.0000	0.0000	0.0000	0.0000	0.0000	0.0000	4.0000	1.0000	7.0000	1.0000	0.0000	0.0000	0.0000	0.0000	0.0000	0.0000	0.0000	0.0000	0.0000	0.0000	0.0000	0.0000	0.0000	0.0000	0.0000	0.0000	0.0000	0.0000	0.0533	0.0455	0.0078	0.0039	0.0036	0.0002	0.0494	0.0418	0.0076	0.0430	0.0273	0.0157	0.0133	0.0106	0.0026	0.0297	0.0167	0.0130	0.0000	0.0000	0.0000	0.0000	0.0000	0.0000	0.0000	0.0000	0.0000	0.0000	0.0000	0.0000	0.0000	0.0000	0.0000	0.0000	0.0000	0.0000											
87	107	0.1848	6	1	2	0	0	0	0	0	0	N	Y	N	N	N	N	N	N	N	N	N	N	0.0000	0.0000	0.0000	0.0000	0.0000	0.0000	0.0000	0.0000	0.0000	0.0000	0.0000	0.0000	0.0000	0.0000	0.0000	0.0000	0.0000	0.0000	0.0000	0.0000	4.0000	0.0000	7.0000	0.9999	0.0000	0.0000	0.0000	0.0000	0.0000	0.0000	0.0000	0.0000	0.0000	0.0000	0.0000	0.0000	0.0000	0.0000	0.0000	0.0000	0.0000	0.0000	0.0000	0.0000	0.0000	0.0000	0.0000	0.0000	0.0000	0.0000	0.0000	0.0215	0.0134	0.0081	0.0053	0.0042	0.0011	0.0163	0.0092	0.0071	0.0000	0.0000	0.0000	0.0000	0.0000	0.0000	0.0000	0.0000	0.0000	0.0000	0.0000	0.0000	0.0000	0.0000	0.0000	0.0000	0.0000	0.0000											
87	108	0.1641	5	1	2	0	0	0	0	0	0	N	Y	N	N	N	N	N	N	N	N	N	N	0.0200	0.0000	inf	0.0000	0.0000	0.0199	0.0000	inf	0.1287	0.0000	0.9116	0.0000	0.0000	0.0000	0.1767	0.0000	0.9265	6.4301	9.7675	0.0000	0.0025	0.0028	0.0000	8.8770	15.7996	0.0000	inf	0.0000	0.0001	-0.5352	4.0000	0.0100	7.0000	4.8896	0.0001	0.0000	0.0001	0.0000	0.0000	0.0000	0.0001	0.0000	0.0001	0.9912	0.9912	0.0000	0.0001	0.0001	0.0000	0.9911	0.9911	0.0000	0.0010	0.0009	0.0001	0.0003	0.0003	0.0000	0.0007	0.0006	0.0001	0.1561	0.1015	0.0546	0.0444	0.0388	0.0057	0.1116	0.0627	0.0489	0.0203	0.0000	inf	0.0000	0.0000	0.0000	0.0199	0.0000	inf	6.3508	9.7675	0.0000	0.0025	0.0028	0.0000	8.8770	15.7996	0.0000	
87	109	0.1540	4	0	2	0	0	0	0	0	0	N	Y	N	N	N	N	N	N	N	N	N	N	0.5617	0.0051	239.9917	inf	inf	0.6613	0.0000	233.4810	0.1242	0.0028	0.8405	0.0285	0.0300	0.0000	0.1329	0.0000	0.8659	0.2212	0.5410	0.0035	0.0000	0.0000	0.0000	0.2010	0.3471	0.0037	51.3337	0.0079	0.0035	-0.0047	4.0000	1.0007	7.0000	1.4004	0.0068	0.0001	0.0066	0.0001	0.0001	0.0000	0.0066	0.0000	0.0066	0.0089	0.0089	0.0001	0.0000	0.0000	0.0000	0.0089	0.0088	0.0001	0.0544	0.0465	0.0079	0.0045	0.0043	0.0002	0.0499	0.0422	0.0077	0.0499	0.0300	0.0200	0.0056	0.0045	0.0011	0.0444	0.0255	0.0189	0.6956	0.0094	239.9917	inf	inf	0.0000	0.6613	0.0000	233.4810	0.1786	0.2955	0.0035	0.0000	0.0000	0.0000	0.2010	0.3471	0.0037	
87	110	0.1406	3	0	1	0	0	0	0	0	0	N	N	N	N	N	N	N	N	N	N	N	N	7.8640	4.9073	inf	12.5309	12.4340	1.7228	0.0000	inf	0.2604	0.2662	0.2265	0.6788	0.7533	0.0000	0.0497	0.0000	0.2929	0.0331	0.0542	0.0000	0.0542	0.0606	0.0000	0.0289	0.0522	0.0000	0.1455	0.0000	-0.0025	-0.0014	4.0000	0.3039	7.0000	2.8719	0.0076	0.0066	0.0010	0.0066	0.0066	0.0000	0.0010	0.0000	0.0010	0.0026	0.0026	0.0000	0.0007	0.0007	0.0000	0.0019	0.0019	0.0000	0.0291	0.0249	0.0043	0.0098	0.0088	0.0010	0.0194	0.0161	0.0033	0.0791	0.0483	0.0308	0.0133	0.0119	0.0014	0.0658	0.0364	0.0294	7.8640	4.9073	inf	12.5309	12.4340	0.0000	1.7228	0.0000	inf	0.0331	0.0542	0.0000	0.0542	0.0606	0.0000	0.0289	0.0522	0.0000	
87	111	0.0881	2	0	1	0	0	0	0	0	0	N	N	N	N	N	N	N	N	N	N	N	N	0.0029	0.0008	12.7816	inf	inf	0.0018	0.0000	12.8518	0.0125	0.0058	0.0518	0.0897	0.0948	0.0000	0.0080	0.0000	0.0528	4.3308	7.4907	0.0040	0.0000	0.0000	0.0000	4.4641	7.7503	0.0041	1.5368	0.0004	0.0004	-0.5386	4.0000	3.8240	7.0000	8.1760	0.0025	0.0010	0.0015	0.0010	0.0010	0.0000	0.0015	0.0000	0.0015	0.9982	0.9978	0.0004	0.0000	0.0000	0.0000	0.9982	0.9978	0.0004	0.1971	0.1684	0.0288	0.0108	0.0102	0.0006	0.1863	0.1582	0.0282	0.2305	0.1342	0.0963	0.0069	0.0054	0.0014	0.2236	0.1287	0.0949	0.0029	0.0008	12.7816	inf	inf	0.0000	0.0018	0.0000	12.8518	4.3308	7.4363	0.0040	0.0000	0.0000	0.0000	4.4641	7.7503	0.0041	
87	115	0.2808	5	0	1	0	0	0	0	0	0	N	N	N	N	N	N	N	N	N	N	N	N	1.0797	0.7141	inf	0.6082	0.5998	inf	0.0006	0.0000	inf	1.6935	1.9471	0.0039	10.6778	11.0504	0.0183	0.0005	0.0000	0.0033	1.5685	2.7267	0.0000	17.5557	18.4225	0.0000	0.7836	1.2954	0.0000	0.0003	0.0000	-0.3992	-0.4323	4.0000	8.9918	7.0000	13.3277	0.8650	0.8648	0.0003	0.8648	0.8648	0.0001	0.0002	0.0000	0.0002	0.8006	0.8006	0.0000	0.4754	0.4754	0.0000	0.3253	0.3253	0.0000	0.5108	0.4441	0.0667	0.0810	0.0783	0.0027	0.4298	0.3659	0.0639	0.7733	0.5594	0.2140	0.3583	0.3083	0.0500	0.4151	0.2511	0.1640	1.6358	1.3603	inf	8.0475	7.1660	inf	0.0006	0.0000	inf	1.0353	1.4313	0.0000	1.3268	1.5421	0.0000	0.7836	1.2954	0.0000
88	89	0.1028	4	0	1	0	0	0	0	0	0	N	N	N	N	N	N	N	N	N	N	N	N	0.0000	0.0000	0.0000	0.0000	0.0000	0.0000	0.0000	0.0000	0.0000	0.0000	0.0000	0.0000	0.0000	0.0000	0.0000	5.8138	0.0000	26.7029	0.0044	0.0000	0.0185	6.3065	0.0000	28.2466	inf	0.0000	0.4592	2.9985	0.0157	7.0016	9.0253	0.0000	0.0000	0.0000	0.0000	0.0000	0.0000	0.0000	0.0000	0.0000	0.9981	0.0000	0.9981	0.0001	0.0000	0.0001	0.9980	0.0000	0.9980	0.0022	0.0019	0.0003	0.0008	0.0008	0.0000	0.0014	0.0011	0.0003	0.1763	0.1012	0.0751	0.0181	0.0138	0.0043	0.1583	0.0874	0.0708	0.0000	0.0000	0.0000	0.0000	0.0000	0.0000	0.0000	0.0000	0.0000	5.6606	0.0000	13.2824	0.0044	0.0000	0.0185	6.3065	0.0000	14.0921				
88	90	0.0943	3	0	1	0	0	0	0	0	0	N	N	N	N	N	N	N	N	N	N	N	N	9.4757	138.6166	0.0000	2314.1331	1831.7362	0.0000	0.0000	0.0000	0.4566	0.5351	0.0000	8.0856	8.2237	0.0000	0.0000	0.0000	0.0000	0.0482	0.0039	0.1312	0.0035	0.0045	0.0000	0.0515	0.0038	0.1324	0.0000	20.8932	-0.0002	0.0008	2.9985	0.0169	7.0016	2.0013	0.0003	0.0003	0.0000	0.0003	0.0003	0.0000	0.0000	0.0000	0.0000	0.0020	0.0001	0.0019	0.0000	0.0000	0.0000	0.0020	0.0001	0.0019	0.0007	0.0006	0.0001	0.0000	0.0000	0.0000	0.0007	0.0006	0.0001	0.0409	0.0233	0.0176	0.0029	0.0022	0.0006	0.0380	0.0211	0.0169	9.4757	138.6166	0.0000	2314.1331	1831.7362	0.0000	0.0000	0.0000	0.0000	0.0482	0.0039	0.1070	0.0035	0.0045	0.0000	0.0515	0.0038	0.1110	
88	91	0.0856	2	0	0	0	0	0	0	0	0	N	N	N	N	N	N	N	N	N	N	N	N	44.0539	179.3120	84.8973	0.0000	0.0000	44.1771	inf	82.2724	0.0112	0.0050	0.0464	0.0000	0.0000	0.0000	0.0114	0.0051	0.0466	0.0003	0.0000	0.0005	0.0002	0.0003	0.0000	0.0003	0.0000	0.0006	1.6469	15.2742	0.0001	0.0000	2.9985	1.9923	7.0016	0.0454	0.0009	0.0003	0.0006	0.0000	0.0000	0.0000	0.0009	0.0003	0.0006	0.0000	0.0000	0.0000	0.0000	0.0000	0.0000	0.0000	0.0000	0.0000	0.0801	0.0680	0.0121	0.0010	0.0009	0.0001	0.0791	0.0671	0.0120	0.0418	0.0235	0.0183	0.0029	0.0023	0.0006	0.0388	0.0212	0.0176	44.0539	179.3120	84.8973	0.0000	0.0000	0.0000	44.1771	inf	82.2724	0.0003	0.0000	0.0005	0.0002	0.0003	0.0000	0.0003	0.0000	0.0006	
88	93	0.1385	6	1	1	0	1	0	0	0	0	N	N	N	N	N	N	N	N	N	N	N	N	0.0000	0.0000	0.0000	0.0000	0.0000	0.0000	0.0000	0.0000	0.0000	0.0000	0.0000	0.0000	0.0000	0.0000	0.0000	0.0000	0.0000	0.0000	0.0000	0.0000	2.9985	0.0000	7.0016	0.0000	0.0000	0.0000	0.0000	0.0000	0.0000	0.0000	0.0000	0.0000	0.0000	0.0000	0.0000	0.0000	0.0000	0.0000	0.0000	0.0000	0.0000	0.0000	0.0000	0.0000	0.0000	0.0000	0.0000	0.0000	0.0000	0.0000	0.0000	0.0000	0.0000	0.0000	0.0000	0.0000	0.0000	0.0000	0.0000	0.0000	0.0000	0.0000	0.0000	0.0000	0.0000	0.0000	0.0000	0.0000	0.0000	0.0000	0.0000	0.0000	0.0000	0.0000	0.0000	0.0000	0.0000	0.0000											
88	94	0.1385	5	1	1	0	1	0	0	0	0	N	N	N	N	N	N	N	N	N	N	N	N	0.0000	0.0000	0.0000	0.0000	0.0000	0.0000	0.0000	0.0000	0.0000	0.0000	0.0000	0.0000	0.0000	0.0000	0.0000	0.0000	0.0000	0.0000	0.0000	0.0000	2.9985	0.0000	7.0016	0.0001	0.0000	0.0000	0.0000	0.0000	0.0000	0.0000	0.0000	0.0000	0.0000	0.0000	0.0000	0.0000	0.0000	0.0000	0.0000	0.0000	0.0000	0.0000	0.0000	0.0000	0.0000	0.0000	0.0000	0.0000	0.0000	0.0000	0.0000	0.0000	0.0000	0.0000	0.0000	0.0000	0.0000	0.0000	0.0000	0.0000	0.0000	0.0000	0.0000	0.0000	0.0000	0.0000	0.0000	0.0000	0.0000	0.0000	0.0000	0.0000	0.0000	0.0000	0.0000	0.0000	0.0000	0.0000											
88	95	0.1206	4	0	1	0	1	0	0	0	0	N	N	N	N	N	N	N	N	N	N	N	N	inf	inf	inf	inf	23.1303	0.0000	156.5655	0.0000	0.0000	0.0000	24.6555	0.0000	158.7037	0.0000	0.0000	0.0000	0.0000	0.0000	0.0000	0.0000	0.0000	0.0000	inf	0.5283	0.0000	2.9985	0.9845	7.0016	0.9903	0.9815	0.0000	0.9815	0.0000	0.0000	0.0000	0.9815	0.0000	0.9815	0.0000	0.0000	0.0000	0.0000	0.0000	0.0000	0.0000	0.0000	0.0000	0.0424	0.0362	0.0063	0.0026	0.0025	0.0001	0.0398	0.0336	0.0062	0.0422	0.0247	0.0175	0.0030	0.0027	0.0002	0.0392	0.0219	0.0173	inf	0.0000	inf	0.0000	0.0000	0.0000	inf	0.0000	inf	0.0000	0.0000	0.0000	0.0000	0.0000	0.0000	0.0000	0.0000	0.0000						
88	96	0.1178	4	0	1	0	0	0	0	0	0	N	N	N	N	N	N	N	N	N	N	N	N	inf	inf	inf	inf	0.0031	0.0036	0.0000	0.1372	0.1449	0.0000	0.0000	0.0000	0.0000	0.0000	0.0000	0.0000	0.0000	0.0000	0.0000	0.0000	0.0000	0.0000	0.0000	-0.0001	0.0000	2.9985	1.0063	7.0016	3.7812	0.0001	0.0001	0.0000	0.0001	0.0001	0.0000	0.0000	0.0000	0.0000	0.0000	0.0000	0.0000	0.0000	0.0000	0.0000	0.0000	0.0000	0.0000	0.0421	0.0358	0.0063	0.0009	0.0009	0.0001	0.0412	0.0349	0.0063	0.1477	0.0933	0.0544	0.0381	0.0335	0.0046	0.1096	0.0599	0.0498	inf	inf	0.0000	inf	inf	0.0000	0.0000	0.0000	0.0000	0.0000	0.0000	0.0000	0.0000	0.0000	0.0000	0.0000	0.0000	0.0000						
88	97	0.1206	4	0	0	1	1	0	0	0	0	N	N	N	N	N	N	N	N	N	N	N	N	inf	inf	inf	inf	0.3911	0.4589	0.0000	6.4169	6.6340	0.0000	0.0000	0.0000	0.0000	0.0000	0.0000	0.0000	0.0000	0.0000	0.0000	0.0000	0.0000	0.0000	0.0000	-0.0079	0.0000	2.9985	1.0165	7.0016	1.0129	0.0171	0.0171	0.0000	0.0171	0.0171	0.0000	0.0000	0.0000	0.0000	0.0000	0.0000	0.0000	0.0000	0.0000	0.0000	0.0000	0.0000	0.0000	0.0437	0.0373	0.0065	0.0027	0.0026	0.0001	0.0410	0.0347	0.0064	0.0433	0.0253	0.0180	0.0030	0.0028	0.0002	0.0402	0.0225	0.0178	inf	inf	0.0000	inf	inf	0.0000	0.0000	0.0000	0.0000	0.0000	0.0000	0.0000	0.0000	0.0000	0.0000	0.0000	0.0000	0.0000						
88	98	0.1077	3	0	0	0	1	0	0	0	0	N	N	N	N	N	N	N	N	N	N	N	N	inf	inf	inf	inf	inf	inf	inf	0.2793	0.0909	1.3528	2.9098	3.0619	0.0000	0.2074	0.0000	1.3649	0.0000	0.0000	0.0000	0.0000	0.0000	0.0000	0.0000	0.0000	0.0000	2.6098	0.0061	0.0000	2.9985	2.0241	7.0016	1.0265	0.0235	0.0065	0.0170	0.0065	0.0065	0.0000	0.0170	0.0000	0.0170	0.0000	0.0000	0.0000	0.0000	0.0000	0.0000	0.0000	0.0000	0.0000	0.0841	0.0716	0.0126	0.0022	0.0021	0.0001	0.0819	0.0694	0.0124	0.0620	0.0356	0.0264	0.0048	0.0039	0.0009	0.0572	0.0317	0.0255	inf	inf	inf	inf	inf	0.0000	inf	0.0000	inf	0.0000	0.0000	0.0000	0.0000	0.0000	0.0000	0.0000	0.0000	0.0000			
88	99	0.1077	3	0	0	1	1	0	0	0	0	N	N	N	N	N	N	N	N	N	N	N	N	inf	inf	inf	inf	0.0537	0.0631	0.0000	2.1687	2.2916	0.0000	0.0000	0.0000	0.0000	0.0000	0.0000	0.0000	0.0000	0.0000	0.0000	0.0000	0.0000	0.0000	0.0000	-0.0031	0.0000	2.9985	3.0066	7.0016	0.0000	0.0066	0.0066	0.0000	0.0066	0.0066	0.0000	0.0000	0.0000	0.0000	0.0000	0.0000	0.0000	0.0000	0.0000	0.0000	0.0000	0.0000	0.0000	0.1233	0.1049	0.0183	0.0031	0.0029	0.0002	0.1202	0.1020	0.0182	0.0611	0.0351	0.0261	0.0048	0.0038	0.0009	0.0564	0.0312	0.0251	inf	inf	0.0000	inf	inf	0.0000	0.0000	0.0000	0.0000	0.0000	0.0000	0.0000	0.0000	0.0000	0.0000	0.0000	0.0000	0.0000						
88	100	0.1334	3	0	0	1	1	0	0	0	0	N	N	N	N	N	N	N	N	N	N	N	N	0.0000	0.0000	0.0000	0.0000	0.0000	0.0000	0.0000	0.0000	0.0000	0.0000	0.0000	0.0000	0.0000	0.0000	0.0000	0.0000	0.0000	0.0000	0.0000	0.0000	2.9985	0.0000	7.0016	2.0000	0.0000	0.0000	0.0000	0.0000	0.0000	0.0000	0.0000	0.0000	0.0000	0.0000	0.0000	0.0000	0.0000	0.0000	0.0000	0.0000	0.0000	0.0000	0.0000	0.0000	0.0000	0.0000	0.0000	0.0000	0.0000	0.0000	0.0000	0.0396	0.0224	0.0172	0.0032	0.0025	0.0007	0.0364	0.0198	0.0165	0.0000	0.0000	0.0000	0.0000	0.0000	0.0000	0.0000	0.0000	0.0000	0.0000	0.0000	0.0000	0.0000	0.0000	0.0000	0.0000	0.0000	0.0000											
88	101	0.0944	2	0	0	1	1	0	0	0	0	N	N	N	N	N	N	N	N	N	N	N	N	18.7537	12.7089	0.0000	39.7654	37.4632	0.0000	0.0000	0.0000	0.0040	0.0047	0.0000	0.0909	0.0995	0.0000	0.0000	0.0000	0.0000	0.0002	0.0004	0.0000	0.0023	0.0027	0.0000	0.0000	0.0000	0.0000	0.0000	0.0008	-0.0004	-0.0000	2.9985	5.8899	7.0016	3.1847	0.0010	0.0010	0.0000	0.0010	0.0010	0.0000	0.0000	0.0000	0.0000	0.0000	0.0000	0.0000	0.0000	0.0000	0.0000	0.0000	0.0000	0.0000	0.2421	0.2064	0.0357	0.0107	0.0097	0.0009	0.2315	0.1967	0.0348	0.1877	0.1083	0.0793	0.0175	0.0151	0.0024	0.1701	0.0933	0.0769	18.7537	12.7089	0.0000	39.7654	37.4632	0.0000	0.0000	0.0000	0.0000	0.0002	0.0004	0.0000	0.0023	0.0027	0.0000	0.0000	0.0000	0.0000	
88	102	0.1411	2	1	1	0	0	0	0	0	0	N	N	N	N	N	N	N	N	N	N	N	N	0.0000	0.0000	0.0000	0.0000	0.0000	0.0000	0.0000	0.0000	0.0000	0.0000	0.0000	0.0000	0.0000	0.0000	0.0000	0.0000	0.0000	0.0000	0.0000	0.0000	2.9985	0.0000	7.0016	0.0000	0.0000	0.0000	0.0000	0.0000	0.0000	0.0000	0.0000	0.0000	0.0000	0.0000	0.0000	0.0000	0.0000	0.0000	0.0000	0.0000	0.0000	0.0000	0.0000	0.0000	0.0000	0.0000	0.0000	0.0000	0.0000	0.0000	0.0000	0.0000	0.0000	0.0000	0.0000	0.0000	0.0000	0.0000	0.0000	0.0000	0.0000	0.0000	0.0000	0.0000	0.0000	0.0000	0.0000	0.0000	0.0000	0.0000	0.0000	0.0000	0.0000	0.0000	0.0000	0.0000	0.0000	0.0000											
88	104	0.1048	2	0	1	0	0	0	0	0	0	N	N	N	N	N	N	N	N	N	N	N	N	39.2094	0.0000	inf	0.0000	0.0000	inf	inf	0.0066	0.0000	0.0441	0.0000	0.0000	0.0000	0.0067	0.0000	0.0445	0.0002	0.0003	0.0000	0.0009	0.0012	0.0000	0.0000	0.0000	0.0000	inf	0.0000	0.0003	-0.0000	2.9985	2.0010	7.0016	1.0153	0.0005	0.0000	0.0005	0.0000	0.0000	0.0000	0.0005	0.0000	0.0005	0.0000	0.0000	0.0000	0.0000	0.0000	0.0000	0.0000	0.0000	0.0000	0.0800	0.0680	0.0120	0.0014	0.0013	0.0001	0.0786	0.0667	0.0119	0.0629	0.0365	0.0265	0.0113	0.0086	0.0026	0.0517	0.0278	0.0239	39.2094	0.0000	inf	0.0000	0.0000	0.0000	inf	0.0000	inf	0.0002	0.0003	0.0000	0.0009	0.0012	0.0000	0.0000	0.0000	0.0000		
88	106	0.1427	6	1	1	0	0	0	0	0	0	N	N	N	N	N	N	N	N	N	N	N	N	0.0000	0.0000	0.0000	0.0000	0.0000	0.0000	0.0000	0.0000	0.0000	0.0000	0.0000	0.0000	0.0000	0.0000	0.0000	0.0000	0.0000	0.0000	0.0000	0.0000	2.9985	1.0000	7.0016	1.0000	0.0000	0.0000	0.0000	0.0000	0.0000	0.0000	0.0000	0.0000	0.0000	0.0000	0.0000	0.0000	0.0000	0.0000	0.0000	0.0000	0.0000	0.0000	0.0415	0.0352	0.0062	0.0008	0.0007	0.0000	0.0407	0.0345	0.0062	0.0422	0.0256	0.0165	0.0111	0.0089	0.0022	0.0311	0.0167	0.0144	0.0000	0.0000	0.0000	0.0000	0.0000	0.0000	0.0000	0.0000	0.0000	0.0000	0.0000	0.0000	0.0000	0.0000	0.0000	0.0000	0.0000	0.0000											
88	107	0.1385	5	1	1	0	0	0	0	0	0	N	N	N	N	N	N	N	N	N	N	N	N	0.0000	0.0000	0.0000	0.0000	0.0000	0.0000	0.0000	0.0000	0.0000	0.0000	0.0000	0.0000	0.0000	0.0000	0.0000	0.0000	0.0000	0.0000	0.0000	0.0000	2.9985	0.0000	7.0016	0.9999	0.0000	0.0000	0.0000	0.0000	0.0000	0.0000	0.0000	0.0000	0.0000	0.0000	0.0000	0.0000	0.0000	0.0000	0.0000	0.0000	0.0000	0.0000	0.0000	0.0000	0.0000	0.0000	0.0000	0.0000	0.0000	0.0000	0.0000	0.0211	0.0126	0.0086	0.0043	0.0034	0.0009	0.0168	0.0091	0.0077	0.0000	0.0000	0.0000	0.0000	0.0000	0.0000	0.0000	0.0000	0.0000	0.0000	0.0000	0.0000	0.0000	0.0000	0.0000	0.0000	0.0000	0.0000											
88	108	0.1178	4	1	1	0	0	0	0	0	0	N	N	N	N	N	N	N	N	N	N	N	N	inf	inf	inf	inf	0.1668	0.1948	0.0000	0.6951	0.6970	0.0000	0.0000	0.0000	0.0000	0.0000	0.0000	0.0000	0.0000	0.0000	0.0000	0.0000	0.0000	0.0000	0.0000	-0.0001	0.0000	2.9985	0.0100	7.0016	4.8896	0.0001	0.0001	0.0000	0.0001	0.0001	0.0000	0.0000	0.0000	0.0000	0.0000	0.0000	0.0000	0.0000	0.0000	0.0000	0.0000	0.0000	0.0000	0.0008	0.0007	0.0001	0.0002	0.0002	0.0000	0.0006	0.0005	0.0001	0.1498	0.0945	0.0553	0.0382	0.0336	0.0047	0.1115	0.0609	0.0506	inf	inf	0.0000	inf	inf	0.0000	0.0000	0.0000	0.0000	0.0000	0.0000	0.0000	0.0000	0.0000	0.0000	0.0000	0.0000	0.0000						
88	109	0.1077	3	0	1	0	0	0	0	0	0	N	N	N	N	N	N	N	N	N	N	N	N	inf	inf	inf	inf	inf	inf	inf	0.1588	0.1831	0.0203	4.8213	5.0241	0.0000	0.0031	0.0000	0.0205	0.0000	0.0000	0.0000	0.0000	0.0000	0.0000	0.0000	0.0000	0.0000	0.0195	-0.0030	-0.0000	2.9985	1.0007	7.0016	1.4004	0.0067	0.0066	0.0001	0.0066	0.0066	0.0000	0.0001	0.0000	0.0001	0.0000	0.0000	0.0000	0.0000	0.0000	0.0000	0.0000	0.0000	0.0000	0.0425	0.0362	0.0064	0.0014	0.0013	0.0001	0.0411	0.0348	0.0063	0.0491	0.0281	0.0209	0.0038	0.0031	0.0007	0.0452	0.0251	0.0202	inf	inf	inf	inf	inf	0.0000	inf	0.0000	inf	0.0000	0.0000	0.0000	0.0000	0.0000	0.0000	0.0000	0.0000	0.0000			
88	110	0.0944	2	0	0	0	0	0	0	0	0	N	N	N	N	N	N	N	N	N	N	N	N	649.7534	57.0046	2024026.0654	37.5973	38.2399	0.0000	1817402.4726	5006323.3226	0.3385	0.0505	1.9861	0.1436	0.1601	0.0000	0.4217	0.0000	2.5055	0.0005	0.0009	0.0000	0.0038	0.0042	0.0000	0.0000	0.0000	0.0000	6.8739	0.0008	0.0031	-0.0000	2.9985	0.3039	7.0016	2.8719	0.0076	0.0010	0.0066	0.0010	0.0010	0.0000	0.0066	0.0000	0.0066	0.0000	0.0000	0.0000	0.0000	0.0000	0.0000	0.0000	0.0000	0.0000	0.0224	0.0191	0.0033	0.0067	0.0060	0.0007	0.0157	0.0130	0.0026	0.0768	0.0452	0.0317	0.0105	0.0096	0.0009	0.0664	0.0356	0.0308	649.7534	57.0046	2024026.0654	37.5973	38.2399	0.0000	1817402.4726	0.0000	5006323.3226	0.0005	0.0009	0.0000	0.0038	0.0042	0.0000	0.0000	0.0000	0.0000	
88	115	0.2345	4	0	0	0	0	0	0	0	0	N	N	N	N	N	N	N	N	N	N	N	N	2.6072	0.0017	79.8037	2.2575	1.5228	12.3457	3.1453	0.0000	77.6916	2.1690	0.0023	16.2104	0.0575	0.0164	1.5202	2.4640	0.0000	16.5876	0.8319	1.3582	0.2031	0.0255	0.0108	0.1231	0.7834	1.1981	0.2135	1107.2177	0.1171	0.4645	-0.1440	2.9985	8.9918	7.0016	13.3277	0.8644	0.0008	0.8636	0.0028	0.0008	0.0020	0.8616	0.0000	0.8616	0.3310	0.2963	0.0347	0.0084	0.0031	0.0053	0.3226	0.2932	0.0294	0.3985	0.3452	0.0533	0.0488	0.0475	0.0013	0.3497	0.2977	0.0519	0.7419	0.5317	0.2102	0.3301	0.2870	0.0431	0.4118	0.2447	0.1671	4.8618	0.0041	98.1840	2.2575	1.5228	12.3457	3.1453	0.0000	94.2814	0.4461	0.5572	0.1651	0.0255	0.0108	0.1231	0.7834	1.1981	0.1759
89	93	0.1960	9	1	2	0	1	0	0	0	0	N	Y	N	N	N	N	N	N	N	N	N	N	0.0000	0.0000	0.0000	0.0000	0.0000	0.0000	0.0000	0.0000	0.0000	0.0000	0.0000	0.0000	0.0000	0.0000	0.0000	0.0000	0.0000	0.0000	0.0000	0.0000	0.0157	0.0000	9.0253	0.0000	0.0000	0.0000	0.0000	0.0000	0.0000	0.0000	0.0000	0.0000	0.0000	0.0000	0.0000	0.0000	0.0000	0.0000	0.0000	0.0000	0.0000	0.0000	0.0000	0.0000	0.0000	0.0000	0.0000	0.0000	0.0000	0.0000	0.0000	0.0000	0.0000	0.0000	0.0000	0.0000	0.0000	0.0000	0.0000	0.0000	0.0000	0.0000	0.0000	0.0000	0.0000	0.0000	0.0000	0.0000	0.0000	0.0000	0.0000	0.0000	0.0000	0.0000	0.0000	0.0000	0.0000	0.0000											
89	94	0.1960	8	1	2	0	1	0	0	0	0	N	Y	N	N	N	N	N	N	N	N	N	N	0.0000	0.0000	0.0000	0.0000	0.0000	0.0000	0.0000	0.0000	0.0000	0.0000	0.0000	0.0000	0.0000	0.0000	0.0000	0.0001	0.0000	0.0008	0.0002	0.0000	0.0158	0.0001	0.0000	0.0003	inf	0.0000	0.0000	0.0157	0.0000	9.0253	0.0001	0.0000	0.0000	0.0000	0.0000	0.0000	0.0000	0.0000	0.0000	0.0000	0.0000	0.0000	0.0000	0.0000	0.0000	0.0000	0.0000	0.0000	0.0000	0.0000	0.0000	0.0000	0.0000	0.0000	0.0000	0.0000	0.0000	0.0000	0.0000	0.0000	0.0000	0.0000	0.0000	0.0000	0.0000	0.0000	0.0000	0.0000	0.0000	0.0000	0.0000	0.0000	0.0000	0.0000	0.0000	0.0000	0.0001	0.0000	0.0008	0.0002	0.0000	0.0158	0.0001	0.0000	0.0003				
89	95	0.1780	7	0	2	0	1	0	0	0	0	N	Y	N	N	N	N	N	N	N	N	N	N	0.0000	0.0000	0.0000	0.0000	0.0000	0.0000	0.0000	0.0000	0.0000	0.0000	0.0000	0.0000	0.0000	0.0000	0.0000	0.0000	0.0003	0.0004	0.0000	0.0015	0.0018	0.0000	0.0000	0.0000	0.0000	0.0086	0.0000	-0.0000	0.0157	0.9845	9.0253	0.9903	0.0000	0.0000	0.0000	0.0000	0.0000	0.0000	0.0000	0.0000	0.0000	0.0000	0.0000	0.0000	0.0000	0.0000	0.0000	0.0000	0.0000	0.0000	0.0008	0.0007	0.0001	0.0003	0.0003	0.0000	0.0005	0.0004	0.0001	0.0389	0.0233	0.0156	0.0065	0.0053	0.0011	0.0325	0.0180	0.0145	0.0000	0.0000	0.0000	0.0000	0.0000	0.0000	0.0000	0.0000	0.0000	0.0003	0.0004	0.0000	0.0015	0.0018	0.0000	0.0000	0.0000	0.0000			
89	96	0.1752	7	0	2	0	0	0	0	0	0	N	Y	N	N	N	N	N	N	N	N	N	N	0.1489	0.0000	2694.7305	0.0000	0.0000	0.0000	16.8199	0.0000	61980.2870	0.0007	0.0000	0.0051	0.0000	0.0000	0.0000	0.0010	0.0000	0.0051	0.0045	0.0070	0.0000	0.0138	0.0161	0.0000	0.0001	0.0001	0.0000	inf	0.0002	0.0000	-0.0003	0.0157	1.0063	9.0253	3.7812	0.0000	0.0000	0.0000	0.0000	0.0000	0.0000	0.0000	0.0000	0.0000	0.0006	0.0006	0.0000	0.0006	0.0006	0.0000	0.0000	0.0000	0.0000	0.0008	0.0007	0.0001	0.0003	0.0003	0.0000	0.0005	0.0004	0.0001	0.1355	0.0868	0.0487	0.0435	0.0371	0.0064	0.0920	0.0497	0.0423	0.1489	0.0000	2694.7305	0.0000	0.0000	0.0000	16.8199	0.0000	61980.2870	0.0045	0.0070	0.0000	0.0138	0.0161	0.0000	0.0001	0.0001	0.0000
89	97	0.1780	7	0	1	1	1	0	0	0	0	N	N	N	N	N	N	N	N	N	N	N	N	0.0000	0.0000	0.0000	0.0000	0.0000	0.0000	0.0000	0.0000	0.0000	0.0000	0.0000	0.0000	0.0000	0.0000	0.0000	0.0020	0.0033	0.0000	0.0121	0.0145	0.0002	0.0000	0.0000	0.0000	0.0025	0.0000	-0.0000	0.0157	1.0165	9.0253	1.0129	0.0000	0.0000	0.0000	0.0000	0.0000	0.0000	0.0000	0.0000	0.0000	0.0001	0.0001	0.0000	0.0001	0.0001	0.0000	0.0000	0.0000	0.0000	0.0008	0.0007	0.0001	0.0003	0.0003	0.0000	0.0005	0.0004	0.0001	0.0399	0.0239	0.0160	0.0066	0.0055	0.0011	0.0333	0.0184	0.0149	0.0000	0.0000	0.0000	0.0000	0.0000	0.0000	0.0000	0.0000	0.0000	0.0020	0.0033	0.0000	0.0121	0.0145	0.0002	0.0000	0.0000	0.0000				
89	98	0.1651	6	0	1	0	1	0	0	0	0	N	N	N	N	N	N	N	N	N	N	N	N	0.0000	0.0000	0.0000	0.0000	0.0000	0.0000	0.0000	0.0000	0.0000	0.0000	0.0000	0.0000	0.0000	0.0000	0.0000	0.0000	0.0012	0.0000	0.0029	0.0000	0.0000	0.0000	0.0015	0.0000	0.0032	246.0677	0.0000	0.0000	0.0157	2.0241	9.0253	1.0265	0.0000	0.0000	0.0000	0.0000	0.0000	0.0000	0.0000	0.0000	0.0000	0.0001	0.0000	0.0001	0.0000	0.0000	0.0000	0.0001	0.0000	0.0001	0.0015	0.0013	0.0002	0.0006	0.0006	0.0000	0.0010	0.0008	0.0002	0.0573	0.0337	0.0235	0.0101	0.0079	0.0022	0.0471	0.0258	0.0213	0.0000	0.0000	0.0000	0.0000	0.0000	0.0000	0.0000	0.0000	0.0000	0.0012	0.0000	0.0029	0.0000	0.0000	0.0000	0.0015	0.0000	0.0032			
89	99	0.1651	6	0	1	1	1	0	0	0	0	N	N	N	N	N	N	N	N	N	N	N	N	0.0000	0.0000	0.0000	0.0000	0.0000	0.0000	0.0000	0.0000	0.0000	0.0000	0.0000	0.0000	0.0000	0.0000	0.0000	0.0000	0.0000	0.0000	0.0000	0.0000	0.0157	3.0066	9.0253	0.0000	0.0000	0.0000	0.0000	0.0000	0.0000	0.0000	0.0000	0.0000	0.0000	0.0000	0.0000	0.0000	0.0000	0.0000	0.0000	0.0000	0.0000	0.0000	0.0022	0.0020	0.0003	0.0008	0.0008	0.0000	0.0014	0.0011	0.0003	0.0564	0.0332	0.0232	0.0100	0.0078	0.0022	0.0465	0.0254	0.0210	0.0000	0.0000	0.0000	0.0000	0.0000	0.0000	0.0000	0.0000	0.0000	0.0000	0.0000	0.0000	0.0000	0.0000	0.0000	0.0000	0.0000	0.0000											
89	100	0.1908	6	0	1	1	1	0	0	0	0	N	N	N	N	N	N	N	N	N	N	N	N	0.0000	0.0000	0.0000	0.0000	0.0000	0.0000	0.0000	0.0000	0.0000	0.0000	0.0000	0.0000	0.0000	0.0000	0.0000	0.0000	0.0000	0.0000	0.0000	0.0000	0.0157	0.0000	9.0253	2.0000	0.0000	0.0000	0.0000	0.0000	0.0000	0.0000	0.0000	0.0000	0.0000	0.0000	0.0000	0.0000	0.0000	0.0000	0.0000	0.0000	0.0000	0.0000	0.0000	0.0000	0.0000	0.0000	0.0000	0.0000	0.0000	0.0000	0.0000	0.0366	0.0213	0.0153	0.0067	0.0052	0.0015	0.0299	0.0160	0.0138	0.0000	0.0000	0.0000	0.0000	0.0000	0.0000	0.0000	0.0000	0.0000	0.0000	0.0000	0.0000	0.0000	0.0000	0.0000	0.0000	0.0000	0.0000											
89	101	0.1518	5	0	1	1	1	0	0	0	0	N	N	N	N	N	N	N	N	N	N	N	N	0.0021	0.0000	0.0082	0.0000	0.0000	0.0000	0.0034	0.0000	0.0079	0.0000	0.0000	0.0002	0.0000	0.0000	0.0000	0.0000	0.0000	0.0002	0.0139	0.0036	0.0287	0.0145	0.0141	0.0162	0.0137	0.0000	0.0299	inf	5.5038	0.0000	0.0007	0.0157	5.8899	9.0253	3.1847	0.0000	0.0000	0.0000	0.0000	0.0000	0.0000	0.0000	0.0000	0.0000	0.0024	0.0004	0.0020	0.0005	0.0004	0.0001	0.0019	0.0000	0.0019	0.0043	0.0038	0.0005	0.0016	0.0016	0.0000	0.0027	0.0022	0.0005	0.1731	0.1024	0.0707	0.0324	0.0262	0.0062	0.1407	0.0762	0.0645	0.0021	0.0000	0.0082	0.0000	0.0000	0.0000	0.0034	0.0000	0.0079	0.0139	0.0036	0.0287	0.0145	0.0141	0.0162	0.0137	0.0000	0.0299
89	102	0.1986	5	1	2	0	0	0	0	0	0	N	Y	N	N	N	N	N	N	N	N	N	N	0.0000	0.0000	0.0000	0.0000	0.0000	0.0000	0.0000	0.0000	0.0000	0.0000	0.0000	0.0000	0.0000	0.0000	0.0000	0.0000	0.0000	0.0000	0.0000	0.0000	0.0157	0.0000	9.0253	0.0000	0.0000	0.0000	0.0000	0.0000	0.0000	0.0000	0.0000	0.0000	0.0000	0.0000	0.0000	0.0000	0.0000	0.0000	0.0000	0.0000	0.0000	0.0000	0.0000	0.0000	0.0000	0.0000	0.0000	0.0000	0.0000	0.0000	0.0000	0.0000	0.0000	0.0000	0.0000	0.0000	0.0000	0.0000	0.0000	0.0000	0.0000	0.0000	0.0000	0.0000	0.0000	0.0000	0.0000	0.0000	0.0000	0.0000	0.0000	0.0000	0.0000	0.0000	0.0000	0.0000	0.0000	0.0000											
89	103	0.0993	4	1	2	0	0	0	0	0	0	N	Y	N	N	N	N	N	N	N	N	N	N	0.0000	0.0000	0.0000	0.0000	0.0000	0.0000	0.0000	0.0000	0.0000	0.0000	0.0000	0.0000	0.0000	0.0000	0.0000	0.0000	0.0000	2.8205	0.0026	8.9476	0.0217	0.0194	0.0289	3.1457	0.0000	9.2846	1848.8333	0.0000	0.4590	0.0157	8.0012	9.0253	14.0016	0.0000	0.0000	0.0000	0.0000	0.0000	0.0000	0.0000	0.0000	0.0000	0.9989	0.0005	0.9984	0.0008	0.0005	0.0003	0.9981	0.0000	0.9981	0.0056	0.0049	0.0007	0.0020	0.0020	0.0000	0.0036	0.0029	0.0007	0.3542	0.2042	0.1500	0.0369	0.0279	0.0090	0.3173	0.1763	0.1410	0.0000	0.0000	0.0000	0.0000	0.0000	0.0000	0.0000	0.0000	0.0000	2.8205	0.0026	6.6561	0.0217	0.0194	0.0289	3.1457	0.0000	7.0795		
89	104	0.1622	5	0	2	0	0	0	0	0	0	N	Y	N	N	N	N	N	N	N	N	N	N	0.0000	0.0000	0.0000	0.0000	0.0000	0.0000	0.0000	0.0000	0.0000	0.0000	0.0000	0.0000	0.0000	0.0000	0.0000	0.0000	0.0000	0.0000	0.0103	0.0031	0.0208	0.0100	0.0102	0.0093	0.0104	0.0000	0.0225	4.6460	0.0000	0.0002	0.0157	2.0010	9.0253	1.0153	0.0000	0.0000	0.0000	0.0000	0.0000	0.0000	0.0000	0.0000	0.0000	0.0006	0.0001	0.0005	0.0001	0.0001	0.0000	0.0005	0.0000	0.0005	0.0015	0.0013	0.0002	0.0005	0.0005	0.0000	0.0010	0.0008	0.0002	0.0601	0.0355	0.0245	0.0140	0.0108	0.0032	0.0461	0.0248	0.0213	0.0000	0.0000	0.0000	0.0000	0.0000	0.0000	0.0000	0.0000	0.0000	0.0103	0.0031	0.0208	0.0100	0.0102	0.0093	0.0104	0.0000	0.0225	
89	105	0.0993	4	0	2	0	0	0	0	0	0	N	Y	N	N	N	N	N	N	N	N	N	N	0.0000	0.0000	0.0000	0.0000	0.0000	0.0000	0.0000	0.0000	0.0000	0.0000	0.0000	0.0000	0.0000	0.0000	0.0000	0.0000	0.0000	0.0000	4.1561	0.0042	16.0195	0.0315	0.0277	0.0436	4.6299	0.0005	16.3542	1721.2305	0.0000	0.4588	0.0157	3.0162	9.0253	11.0438	0.0000	0.0000	0.0000	0.0000	0.0000	0.0000	0.0000	0.0000	0.0000	0.9985	0.0006	0.9979	0.0008	0.0005	0.0003	0.9977	0.0001	0.9977	0.0022	0.0020	0.0003	0.0008	0.0008	0.0000	0.0014	0.0011	0.0003	0.2403	0.1381	0.1022	0.0248	0.0188	0.0060	0.2155	0.1193	0.0962	0.0000	0.0000	0.0000	0.0000	0.0000	0.0000	0.0000	0.0000	0.0000	4.1561	0.0042	9.7680	0.0315	0.0277	0.0436	4.6299	0.0005	10.3713	
89	106	0.2001	9	1	2	0	0	0	0	0	0	N	Y	N	N	N	N	N	N	N	N	N	N	0.0000	0.0000	0.0000	0.0000	0.0000	0.0000	0.0000	0.0000	0.0000	0.0000	0.0000	0.0000	0.0000	0.0000	0.0000	0.0000	0.0000	0.0000	0.0000	0.0000	0.0157	1.0000	9.0253	1.0000	0.0000	0.0000	0.0000	0.0000	0.0000	0.0000	0.0000	0.0000	0.0000	0.0000	0.0000	0.0000	0.0000	0.0000	0.0000	0.0000	0.0000	0.0000	0.0008	0.0007	0.0001	0.0003	0.0003	0.0000	0.0005	0.0004	0.0001	0.0389	0.0242	0.0147	0.0139	0.0110	0.0029	0.0250	0.0132	0.0118	0.0000	0.0000	0.0000	0.0000	0.0000	0.0000	0.0000	0.0000	0.0000	0.0000	0.0000	0.0000	0.0000	0.0000	0.0000	0.0000	0.0000	0.0000											
89	107	0.1960	8	1	2	0	0	0	0	0	0	N	Y	N	N	N	N	N	N	N	N	N	N	0.0000	0.0000	0.0000	0.0000	0.0000	0.0000	0.0000	0.0000	0.0000	0.0000	0.0000	0.0000	0.0000	0.0015	0.0025	0.0000	0.0052	0.0066	0.0000	0.0000	0.0000	0.0000	0.0000	0.0000	-0.0000	0.0157	0.0000	9.0253	0.9999	0.0000	0.0000	0.0000	0.0000	0.0000	0.0000	0.0000	0.0000	0.0000	0.0000	0.0000	0.0000	0.0000	0.0000	0.0000	0.0000	0.0000	0.0000	0.0000	0.0000	0.0000	0.0000	0.0000	0.0000	0.0000	0.0000	0.0000	0.0195	0.0119	0.0076	0.0058	0.0046	0.0012	0.0137	0.0073	0.0064	0.0000	0.0000	0.0000	0.0000	0.0000	0.0000	0.0000	0.0000	0.0000	0.0015	0.0025	0.0000	0.0052	0.0066	0.0000	0.0000	0.0000	0.0000						
89	108	0.1752	7	1	2	0	0	0	0	0	0	N	Y	N	N	N	N	N	N	N	N	N	N	9.3752	0.0000	31412.8053	0.0000	0.0000	0.0000	45.6612	0.0000	49614.9710	0.0440	0.0000	0.2255	0.0000	0.0000	0.0000	0.0747	0.0000	0.2259	0.0047	0.0073	0.0000	0.0112	0.0131	0.0000	0.0016	0.0030	0.0000	inf	0.0006	0.0000	-0.0003	0.0157	0.0100	9.0253	4.8896	0.0000	0.0000	0.0000	0.0000	0.0000	0.0000	0.0000	0.0000	0.0000	0.0006	0.0006	0.0000	0.0005	0.0005	0.0000	0.0002	0.0002	0.0000	0.0000	0.0000	0.0000	0.0000	0.0000	0.0000	0.0000	0.0000	0.0000	0.1374	0.0879	0.0495	0.0438	0.0374	0.0064	0.0936	0.0505	0.0430	9.3752	0.0000	31412.8053	0.0000	0.0000	0.0000	45.6612	0.0000	49614.9710	0.0047	0.0073	0.0000	0.0112	0.0131	0.0000	0.0016	0.0030	0.0000
89	109	0.1651	6	0	2	0	0	0	0	0	0	N	Y	N	N	N	N	N	N	N	N	N	N	0.0938	0.0722	0.0000	0.0551	0.0431	0.0000	0.0000	0.0000	0.0007	0.0008	0.0000	0.0018	0.0018	0.0000	0.0000	0.0000	0.0000	0.0071	0.0106	0.0021	0.0328	0.0420	0.0000	0.0016	0.0010	0.0023	0.0000	0.1393	-0.0000	-0.0001	0.0157	1.0007	9.0253	1.4004	0.0000	0.0000	0.0000	0.0000	0.0000	0.0000	0.0000	0.0000	0.0000	0.0003	0.0003	0.0000	0.0003	0.0003	0.0000	0.0001	0.0000	0.0000	0.0008	0.0007	0.0001	0.0003	0.0003	0.0000	0.0005	0.0004	0.0001	0.0453	0.0267	0.0186	0.0080	0.0063	0.0018	0.0373	0.0204	0.0169	0.0938	0.0722	0.0000	0.0551	0.0431	0.0000	0.0000	0.0000	0.0000	0.0071	0.0106	0.0021	0.0328	0.0420	0.0000	0.0016	0.0010	0.0023	
89	110	0.1518	5	0	1	0	0	0	0	0	0	N	N	N	N	N	N	N	N	N	N	N	N	0.0131	0.0000	0.0442	0.0000	0.0000	0.0000	0.0222	0.0000	0.0484	0.0004	0.0000	0.0034	0.0000	0.0000	0.0000	0.0008	0.0000	0.0037	0.0342	0.0093	0.0761	0.0318	0.0297	0.0443	0.0349	0.0000	0.0771	inf	5.1458	0.0000	0.0007	0.0157	0.3039	9.0253	2.8719	0.0000	0.0000	0.0000	0.0000	0.0000	0.0000	0.0000	0.0000	0.0000	0.0024	0.0004	0.0020	0.0005	0.0004	0.0001	0.0019	0.0000	0.0019	0.0003	0.0002	0.0000	0.0001	0.0001	0.0000	0.0002	0.0001	0.0000	0.0708	0.0425	0.0283	0.0155	0.0133	0.0023	0.0553	0.0292	0.0260	0.0131	0.0000	0.0470	0.0000	0.0000	0.0000	0.0222	0.0000	0.0504	0.0342	0.0093	0.0716	0.0318	0.0297	0.0443	0.0349	0.0000	0.0740
89	111	0.0993	4	0	1	0	0	0	0	0	0	N	N	N	N	N	N	N	N	N	N	N	N	0.0000	0.0086	0.0000	0.0035	0.0040	0.0000	0.0000	0.0000	0.0000	0.0000	0.0001	0.0000	0.0001	0.0001	0.0000	0.0000	0.0000	0.0000	4.7872	0.0060	19.7243	0.0361	0.0315	0.0505	5.3313	0.0020	21.4909	0.0000	1379.4180	-0.0000	0.4581	0.0157	3.8240	9.0253	8.1760	0.0000	0.0000	0.0000	0.0000	0.0000	0.0000	0.0000	0.0000	0.0000	0.9973	0.0007	0.9966	0.0008	0.0005	0.0003	0.9965	0.0002	0.9963	0.0028	0.0025	0.0004	0.0010	0.0010	0.0000	0.0018	0.0014	0.0004	0.2083	0.1196	0.0887	0.0214	0.0163	0.0051	0.1869	0.1034	0.0835	0.0000	0.0086	0.0000	0.0035	0.0040	0.0000	0.0000	0.0000	0.0000	4.7872	0.0060	11.2372	0.0361	0.0315	0.0505	5.3313	0.0020	11.9256
89	115	0.2919	7	0	1	0	0	0	0	0	0	N	N	N	N	N	N	N	N	N	N	N	N	0.6646	1.2562	0.0375	1.1943	2.1567	0.1149	0.0119	0.0004	0.0236	0.0746	0.0855	0.0122	0.1567	0.1723	0.0206	0.0016	0.0000	0.0081	0.1123	0.0681	0.3247	0.1312	0.0799	0.1790	0.1305	0.0543	0.3449	0.0248	1.3193	-0.0003	0.0024	0.0157	8.9918	9.0253	13.3277	0.0006	0.0006	0.0000	0.0006	0.0006	0.0000	0.0000	0.0000	0.0000	0.0817	0.0352	0.0465	0.0358	0.0239	0.0119	0.0459	0.0113	0.0346	0.0079	0.0067	0.0012	0.0037	0.0033	0.0004	0.0042	0.0034	0.0008	0.7274	0.5174	0.2100	0.3760	0.3096	0.0664	0.3514	0.2079	0.1436	0.6646	1.2562	0.0550	1.6447	2.2281	0.1149	0.0119	0.0004	0.0338	0.1123	0.0681	0.2213	0.0953	0.0773	0.1790	0.1305	0.0543	0.2408
90	93	0.1577	8	1	2	0	1	0	0	0	0	N	Y	N	N	N	N	N	N	N	N	N	N	0.0000	0.0000	0.0000	0.0000	0.0000	0.0000	0.0000	0.0000	0.0000	0.0000	0.0000	0.0000	0.0000	0.0000	0.0000	0.0000	0.0000	0.0000	0.0000	0.0000	0.0169	0.0000	2.0013	0.0000	0.0000	0.0000	0.0000	0.0000	0.0000	0.0000	0.0000	0.0000	0.0000	0.0000	0.0000	0.0000	0.0000	0.0000	0.0000	0.0000	0.0000	0.0000	0.0000	0.0000	0.0000	0.0000	0.0000	0.0000	0.0000	0.0000	0.0000	0.0000	0.0000	0.0000	0.0000	0.0000	0.0000	0.0000	0.0000	0.0000	0.0000	0.0000	0.0000	0.0000	0.0000	0.0000	0.0000	0.0000	0.0000	0.0000	0.0000	0.0000	0.0000	0.0000	0.0000	0.0000	0.0000	0.0000											
90	94	0.1577	7	1	2	0	1	0	0	0	0	N	Y	N	N	N	N	N	N	N	N	N	N	0.0000	0.0000	0.0000	0.0000	0.0000	0.0000	0.0000	0.0000	0.0000	0.0000	0.0000	0.0000	0.0000	0.0000	0.0000	0.0000	0.0000	0.0014	0.0007	0.0043	0.0016	0.0012	0.0349	0.0011	0.0000	0.0033	1.3333	0.0000	0.0000	0.0169	0.0000	2.0013	0.0001	0.0000	0.0000	0.0000	0.0000	0.0000	0.0000	0.0000	0.0000	0.0000	0.0000	0.0000	0.0000	0.0000	0.0000	0.0000	0.0000	0.0000	0.0000	0.0000	0.0000	0.0000	0.0000	0.0000	0.0000	0.0000	0.0000	0.0000	0.0000	0.0000	0.0000	0.0000	0.0000	0.0000	0.0000	0.0000	0.0000	0.0000	0.0000	0.0000	0.0000	0.0000	0.0000	0.0000	0.0000	0.0000	0.0014	0.0007	0.0043	0.0016	0.0012	0.0349	0.0011	0.0000	0.0033		
90	95	0.1397	6	0	2	0	1	0	0	0	0	N	Y	N	N	N	N	N	N	N	N	N	N	0.0000	0.0000	0.0000	0.0000	0.0000	0.0000	0.0000	0.0000	0.0000	0.0000	0.0000	0.0000	0.0000	0.0000	0.0000	0.0000	0.0000	0.0011	0.0018	0.0000	0.0001	0.0001	0.0000	0.0013	0.0023	0.0000	0.0002	0.0000	-0.0000	0.0169	0.9845	2.0013	0.9903	0.0000	0.0000	0.0000	0.0000	0.0000	0.0000	0.0000	0.0000	0.0000	0.0000	0.0000	0.0000	0.0000	0.0000	0.0000	0.0000	0.0000	0.0000	0.0003	0.0002	0.0000	0.0000	0.0000	0.0000	0.0002	0.0002	0.0000	0.0091	0.0055	0.0037	0.0014	0.0011	0.0002	0.0078	0.0043	0.0035	0.0000	0.0000	0.0000	0.0000	0.0000	0.0000	0.0000	0.0000	0.0000	0.0011	0.0018	0.0000	0.0001	0.0001	0.0000	0.0013	0.0023	0.0000		
90	96	0.1369	6	0	2	0	0	0	0	0	0	N	Y	N	N	N	N	N	N	N	N	N	N	0.0889	0.1965	0.0035	0.9631	1.2448	0.0000	0.0011	0.0000	0.0038	0.0020	0.0023	0.0001	0.0265	0.0273	0.0000	0.0000	0.0000	0.0001	0.0226	0.0118	0.0417	0.0276	0.0219	0.0618	0.0203	0.0044	0.0388	0.0108	1.9758	-0.0000	0.0001	0.0169	1.0063	2.0013	3.7812	0.0000	0.0000	0.0000	0.0000	0.0000	0.0000	0.0000	0.0000	0.0000	0.0007	0.0002	0.0005	0.0003	0.0002	0.0001	0.0005	0.0001	0.0004	0.0003	0.0002	0.0000	0.0000	0.0000	0.0000	0.0002	0.0002	0.0000	0.0325	0.0208	0.0117	0.0103	0.0088	0.0015	0.0222	0.0120	0.0102	0.0889	0.1965	0.0035	0.9631	1.2448	0.0000	0.0011	0.0000	0.0038	0.0226	0.0118	0.0417	0.0276	0.0219	0.0618	0.0203	0.0044	0.0388
90	97	0.1397	6	0	1	1	1	0	0	0	0	N	N	N	N	N	N	N	N	N	N	N	N	0.0000	0.0000	0.0000	0.0000	0.0000	0.0000	0.0000	0.0000	0.0000	0.0000	0.0000	0.0000	0.0000	0.0000	0.0000	0.0000	0.0011	0.0001	0.0026	0.0006	0.0007	0.0000	0.0012	0.0000	0.0028	11.8672	0.0000	0.0000	0.0169	1.0165	2.0013	1.0129	0.0000	0.0000	0.0000	0.0000	0.0000	0.0000	0.0000	0.0000	0.0000	0.0000	0.0000	0.0000	0.0000	0.0000	0.0000	0.0000	0.0000	0.0000	0.0003	0.0002	0.0000	0.0000	0.0000	0.0000	0.0002	0.0002	0.0000	0.0094	0.0056	0.0038	0.0014	0.0012	0.0002	0.0080	0.0044	0.0036	0.0000	0.0000	0.0000	0.0000	0.0000	0.0000	0.0000	0.0000	0.0000	0.0011	0.0001	0.0026	0.0006	0.0007	0.0000	0.0012	0.0000	0.0028			
90	98	0.1268	5	0	1	0	1	0	0	0	0	N	N	N	N	N	N	N	N	N	N	N	N	0.0000	0.0000	0.0000	0.0000	0.0000	0.0000	0.0000	0.0000	0.0000	0.0000	0.0000	0.0000	0.0000	0.0000	0.0000	0.0000	0.0000	0.0001	0.0000	0.0001	0.0000	0.0000	0.0000	0.0001	0.0000	0.0001	3.3666	0.0000	0.0000	0.0169	2.0241	2.0013	1.0265	0.0000	0.0000	0.0000	0.0000	0.0000	0.0000	0.0000	0.0000	0.0000	0.0000	0.0000	0.0000	0.0000	0.0000	0.0000	0.0000	0.0000	0.0000	0.0005	0.0004	0.0001	0.0000	0.0000	0.0000	0.0005	0.0004	0.0001	0.0134	0.0079	0.0055	0.0021	0.0017	0.0005	0.0113	0.0062	0.0051	0.0000	0.0000	0.0000	0.0000	0.0000	0.0000	0.0000	0.0000	0.0000	0.0001	0.0000	0.0001	0.0000	0.0000	0.0000	0.0001	0.0000	0.0001		
90	99	0.1268	5	0	1	1	1	0	0	0	0	N	N	N	N	N	N	N	N	N	N	N	N	0.0000	0.0000	0.0000	0.0000	0.0000	0.0000	0.0000	0.0000	0.0000	0.0000	0.0000	0.0000	0.0000	0.0000	0.0000	0.0000	0.0000	0.0000	0.0000	0.0000	0.0169	3.0066	2.0013	0.0000	0.0000	0.0000	0.0000	0.0000	0.0000	0.0000	0.0000	0.0000	0.0000	0.0000	0.0000	0.0000	0.0000	0.0000	0.0000	0.0000	0.0000	0.0000	0.0008	0.0006	0.0001	0.0001	0.0001	0.0000	0.0007	0.0006	0.0001	0.0132	0.0078	0.0055	0.0021	0.0017	0.0005	0.0111	0.0061	0.0050	0.0000	0.0000	0.0000	0.0000	0.0000	0.0000	0.0000	0.0000	0.0000	0.0000	0.0000	0.0000	0.0000	0.0000	0.0000	0.0000	0.0000	0.0000											
90	100	0.1525	5	0	1	1	1	0	0	0	0	N	N	N	N	N	N	N	N	N	N	N	N	0.0000	0.0000	0.0000	0.0000	0.0000	0.0000	0.0000	0.0000	0.0000	0.0000	0.0000	0.0000	0.0000	0.0000	0.0000	0.0000	0.0000	0.0000	0.0000	0.0000	0.0169	0.0000	2.0013	2.0000	0.0000	0.0000	0.0000	0.0000	0.0000	0.0000	0.0000	0.0000	0.0000	0.0000	0.0000	0.0000	0.0000	0.0000	0.0000	0.0000	0.0000	0.0000	0.0000	0.0000	0.0000	0.0000	0.0000	0.0000	0.0000	0.0000	0.0000	0.0086	0.0050	0.0036	0.0014	0.0011	0.0003	0.0072	0.0039	0.0033	0.0000	0.0000	0.0000	0.0000	0.0000	0.0000	0.0000	0.0000	0.0000	0.0000	0.0000	0.0000	0.0000	0.0000	0.0000	0.0000	0.0000	0.0000											
90	101	0.1135	4	0	1	1	1	0	0	0	0	N	N	N	N	N	N	N	N	N	N	N	N	0.0536	0.0529	0.0053	0.1531	0.1317	0.0000	0.0014	0.0000	0.0051	0.0001	0.0001	0.0000	0.0009	0.0010	0.0000	0.0000	0.0000	0.0000	0.0016	0.0019	0.0012	0.0060	0.0073	0.0002	0.0007	0.0002	0.0013	0.0108	0.4498	-0.0000	-0.0000	0.0169	5.8899	2.0013	3.1847	0.0000	0.0000	0.0000	0.0000	0.0000	0.0000	0.0000	0.0000	0.0000	0.0001	0.0000	0.0000	0.0000	0.0000	0.0000	0.0000	0.0000	0.0000	0.0015	0.0013	0.0002	0.0001	0.0001	0.0000	0.0013	0.0011	0.0002	0.0407	0.0240	0.0167	0.0070	0.0057	0.0013	0.0337	0.0183	0.0154	0.0536	0.0529	0.0053	0.1531	0.1317	0.0000	0.0014	0.0000	0.0051	0.0016	0.0019	0.0012	0.0060	0.0073	0.0002	0.0007	0.0002	0.0013
90	102	0.1603	4	1	2	0	0	0	0	0	0	N	Y	N	N	N	N	N	N	N	N	N	N	0.0000	0.0000	0.0000	0.0000	0.0000	0.0000	0.0000	0.0000	0.0000	0.0000	0.0000	0.0000	0.0000	0.0000	0.0000	0.0000	0.0000	0.0000	0.0000	0.0000	0.0169	0.0000	2.0013	0.0000	0.0000	0.0000	0.0000	0.0000	0.0000	0.0000	0.0000	0.0000	0.0000	0.0000	0.0000	0.0000	0.0000	0.0000	0.0000	0.0000	0.0000	0.0000	0.0000	0.0000	0.0000	0.0000	0.0000	0.0000	0.0000	0.0000	0.0000	0.0000	0.0000	0.0000	0.0000	0.0000	0.0000	0.0000	0.0000	0.0000	0.0000	0.0000	0.0000	0.0000	0.0000	0.0000	0.0000	0.0000	0.0000	0.0000	0.0000	0.0000	0.0000	0.0000	0.0000	0.0000	0.0000	0.0000											
90	103	0.0610	3	1	2	0	0	0	0	0	0	N	Y	N	N	N	N	N	N	N	N	N	N	0.8560	0.0000	14.8793	0.0000	0.0000	0.0000	3.3495	0.0000	13.8703	0.1002	0.0000	0.6964	0.0000	0.0000	0.0000	0.1062	0.0000	0.7010	0.1171	0.2294	0.0468	16.2682	18.4275	0.0003	0.0317	0.0185	0.0505	inf	0.2044	0.0001	-0.0036	0.0169	8.0012	2.0013	14.0016	0.0002	0.0000	0.0002	0.0000	0.0000	0.0000	0.0002	0.0000	0.0002	0.0096	0.0080	0.0016	0.0072	0.0072	0.0000	0.0024	0.0008	0.0016	0.0019	0.0016	0.0003	0.0001	0.0001	0.0000	0.0018	0.0015	0.0003	0.0820	0.0470	0.0350	0.0059	0.0045	0.0013	0.0762	0.0425	0.0337	0.8560	0.0000	14.9513	0.0000	0.0000	0.0000	3.3495	0.0000	14.4857	0.1171	0.1695	0.0466	1.2282	1.5862	0.0003	0.0317	0.0185	0.0484
90	104	0.1240	4	0	2	0	0	0	0	0	0	N	Y	N	N	N	N	N	N	N	N	N	N	0.0000	0.0000	0.0000	0.0000	0.0000	0.0000	0.0000	0.0000	0.0000	0.0000	0.0000	0.0000	0.0000	0.0000	0.0000	0.0000	0.0000	0.0000	0.0012	0.0019	0.0002	0.0047	0.0061	0.0001	0.0002	0.0002	0.0002	0.0564	0.0000	-0.0000	0.0169	2.0010	2.0013	1.0153	0.0000	0.0000	0.0000	0.0000	0.0000	0.0000	0.0000	0.0000	0.0000	0.0000	0.0000	0.0000	0.0000	0.0000	0.0000	0.0000	0.0000	0.0000	0.0005	0.0004	0.0001	0.0000	0.0000	0.0000	0.0005	0.0004	0.0001	0.0141	0.0083	0.0058	0.0031	0.0024	0.0007	0.0110	0.0059	0.0051	0.0000	0.0000	0.0000	0.0000	0.0000	0.0000	0.0000	0.0000	0.0000	0.0012	0.0019	0.0002	0.0047	0.0061	0.0001	0.0002	0.0002	0.0002	
90	105	0.0610	3	0	2	0	0	0	0	0	0	N	Y	N	N	N	N	N	N	N	N	N	N	0.0000	0.0000	0.0000	0.0000	0.0000	0.0000	0.0000	0.0000	0.0000	0.0000	0.0000	0.0000	0.0000	0.0000	0.0000	0.0000	0.0000	0.0000	0.2051	0.4386	0.0683	25.0087	34.7477	0.0005	0.0467	0.0273	0.0734	0.2056	0.0000	-0.0035	0.0169	3.0162	2.0013	11.0438	0.0000	0.0000	0.0000	0.0000	0.0000	0.0000	0.0000	0.0000	0.0000	0.0096	0.0079	0.0016	0.0071	0.0071	0.0000	0.0024	0.0008	0.0016	0.0007	0.0006	0.0001	0.0000	0.0000	0.0000	0.0007	0.0006	0.0001	0.0557	0.0318	0.0239	0.0039	0.0030	0.0009	0.0518	0.0288	0.0230	0.0000	0.0000	0.0000	0.0000	0.0000	0.0000	0.0000	0.0000	0.0000	0.1717	0.2493	0.0683	1.8233	2.3472	0.0005	0.0467	0.0273	0.0709	
90	106	0.1619	8	1	2	0	0	0	0	0	0	N	Y	N	N	N	N	N	N	N	N	N	N	0.0000	0.0000	0.0000	0.0000	0.0000	0.0000	0.0000	0.0000	0.0000	0.0000	0.0000	0.0000	0.0000	0.0000	0.0000	0.0000	0.0000	0.0000	0.0000	0.0000	0.0169	1.0000	2.0013	1.0000	0.0000	0.0000	0.0000	0.0000	0.0000	0.0000	0.0000	0.0000	0.0000	0.0000	0.0000	0.0000	0.0000	0.0000	0.0000	0.0000	0.0000	0.0000	0.0003	0.0002	0.0000	0.0000	0.0000	0.0000	0.0002	0.0002	0.0000	0.0091	0.0057	0.0034	0.0032	0.0025	0.0006	0.0060	0.0032	0.0028	0.0000	0.0000	0.0000	0.0000	0.0000	0.0000	0.0000	0.0000	0.0000	0.0000	0.0000	0.0000	0.0000	0.0000	0.0000	0.0000	0.0000	0.0000											
90	107	0.1577	7	1	2	0	0	0	0	0	0	N	Y	N	N	N	N	N	N	N	N	N	N	0.0000	0.0000	0.0000	0.0000	0.0000	0.0000	0.0000	0.0000	0.0000	0.0000	0.0000	0.0000	0.0000	0.0000	0.0000	0.0000	0.0000	0.0153	0.0215	0.0056	0.0306	0.0388	0.0000	0.0092	0.0114	0.0066	0.1667	0.0000	-0.0000	0.0169	0.0000	2.0013	0.9999	0.0000	0.0000	0.0000	0.0000	0.0000	0.0000	0.0000	0.0000	0.0000	0.0001	0.0001	0.0000	0.0000	0.0000	0.0000	0.0000	0.0000	0.0000	0.0000	0.0000	0.0000	0.0000	0.0000	0.0000	0.0000	0.0000	0.0000	0.0046	0.0028	0.0018	0.0013	0.0010	0.0003	0.0033	0.0018	0.0015	0.0000	0.0000	0.0000	0.0000	0.0000	0.0000	0.0000	0.0000	0.0000	0.0153	0.0215	0.0056	0.0306	0.0388	0.0000	0.0092	0.0114	0.0066		
90	108	0.1369	6	1	2	0	0	0	0	0	0	N	Y	N	N	N	N	N	N	N	N	N	N	4.8729	3.7773	2.8405	14.6575	13.0703	0.0000	0.0800	0.0000	3.5324	0.1116	0.1290	0.0083	0.4220	0.4238	0.0000	0.0016	0.0000	0.0084	0.0229	0.0341	0.0029	0.0288	0.0324	0.0068	0.0202	0.0354	0.0024	0.0108	0.0481	-0.0000	-0.0004	0.0169	0.0100	2.0013	4.8896	0.0000	0.0000	0.0000	0.0000	0.0000	0.0000	0.0000	0.0000	0.0000	0.0008	0.0007	0.0000	0.0003	0.0003	0.0000	0.0005	0.0004	0.0000	0.0000	0.0000	0.0000	0.0000	0.0000	0.0000	0.0000	0.0000	0.0000	0.0329	0.0211	0.0119	0.0103	0.0089	0.0015	0.0226	0.0122	0.0104	4.8729	3.7773	2.8405	14.6575	13.0703	0.0000	0.0800	0.0000	3.5324	0.0229	0.0341	0.0029	0.0288	0.0324	0.0068	0.0202	0.0354	0.0024
90	109	0.1268	5	0	2	0	0	0	0	0	0	N	Y	N	N	N	N	N	N	N	N	N	N	0.0620	0.0009	0.3723	0.0056	0.0048	0.0000	0.0728	0.0000	0.3466	0.0020	0.0000	0.0135	0.0003	0.0003	0.0000	0.0021	0.0000	0.0137	0.0321	0.0291	0.0362	0.0458	0.0583	0.0000	0.0295	0.0212	0.0395	86.2165	0.8769	0.0000	-0.0000	0.0169	1.0007	2.0013	1.4004	0.0000	0.0000	0.0000	0.0000	0.0000	0.0000	0.0000	0.0000	0.0000	0.0003	0.0002	0.0002	0.0001	0.0001	0.0000	0.0003	0.0001	0.0002	0.0003	0.0002	0.0000	0.0000	0.0000	0.0000	0.0002	0.0002	0.0000	0.0106	0.0062	0.0044	0.0017	0.0013	0.0004	0.0089	0.0049	0.0040	0.0620	0.0009	0.3723	0.0056	0.0048	0.0000	0.0728	0.0000	0.3466	0.0321	0.0291	0.0362	0.0458	0.0583	0.0000	0.0295	0.0212	0.0395
90	110	0.1135	4	0	1	0	0	0	0	0	0	N	N	N	N	N	N	N	N	N	N	N	N	0.0791	0.0644	0.0158	0.0610	0.0580	0.0000	0.0060	0.0000	0.0186	0.0010	0.0011	0.0001	0.0030	0.0033	0.0000	0.0000	0.0000	0.0001	0.0123	0.0175	0.0045	0.0495	0.0575	0.0004	0.0025	0.0006	0.0048	0.0108	0.1712	-0.0000	-0.0001	0.0169	0.3039	2.0013	2.8719	0.0000	0.0000	0.0000	0.0000	0.0000	0.0000	0.0000	0.0000	0.0000	0.0002	0.0002	0.0000	0.0002	0.0002	0.0000	0.0000	0.0000	0.0000	0.0001	0.0001	0.0000	0.0000	0.0000	0.0000	0.0001	0.0001	0.0000	0.0167	0.0100	0.0067	0.0035	0.0030	0.0005	0.0132	0.0070	0.0062	0.0791	0.0644	0.0158	0.0610	0.0580	0.0000	0.0060	0.0000	0.0186	0.0123	0.0175	0.0045	0.0495	0.0575	0.0004	0.0025	0.0006	0.0048
90	111	0.0610	3	0	1	0	0	0	0	0	0	N	N	N	N	N	N	N	N	N	N	N	N	0.0006	0.0000	0.0111	0.0000	0.0000	0.0000	0.0027	0.0000	0.0106	0.0001	0.0000	0.0009	0.0000	0.0000	0.0000	0.0001	0.0000	0.0009	0.2429	0.5322	0.0836	35.0113	42.8529	0.0006	0.0536	0.0315	0.0877	86.2165	0.2048	0.0000	-0.0035	0.0169	3.8240	2.0013	8.1760	0.0000	0.0000	0.0000	0.0000	0.0000	0.0000	0.0000	0.0000	0.0000	0.0095	0.0079	0.0016	0.0071	0.0071	0.0000	0.0024	0.0008	0.0016	0.0009	0.0008	0.0001	0.0001	0.0001	0.0000	0.0009	0.0008	0.0001	0.0483	0.0276	0.0207	0.0034	0.0026	0.0008	0.0449	0.0249	0.0200	0.0007	0.0000	0.0119	0.0000	0.0000	0.0000	0.0027	0.0000	0.0115	0.1977	0.2875	0.0783	2.1089	2.7123	0.0006	0.0536	0.0315	0.0812
90	115	0.2536	6	0	1	0	0	0	0	0	0	N	N	N	N	N	N	N	N	N	N	N	N	0.0898	0.0436	259.8916	0.0134	0.0044	276.3376	0.0613	0.0259	245.2692	0.3688	0.2527	0.9434	0.0903	0.0419	0.7960	0.4465	0.3211	0.9568	4.1087	5.7971	0.0036	6.7463	9.5911	0.0029	7.2884	12.3776	0.0039	0.7551	0.0003	-0.0000	-0.3766	0.0169	8.9918	2.0013	13.3277	0.0010	0.0006	0.0004	0.0001	0.0000	0.0000	0.0010	0.0006	0.0004	0.6978	0.6976	0.0002	0.0592	0.0592	0.0000	0.6386	0.6384	0.0001	0.0028	0.0023	0.0005	0.0006	0.0006	0.0000	0.0022	0.0017	0.0004	0.1698	0.1208	0.0491	0.0822	0.0692	0.0130	0.0876	0.0516	0.0360	0.0898	0.0437	259.8916	0.1254	0.0490	276.3376	0.0613	0.0259	245.2692	4.1087	5.7764	0.0036	0.7200	0.8550	0.0029	7.2884	12.3776	0.0039
91	93	0.1492	7	1	1	0	1	0	0	0	0	N	N	N	N	N	N	N	N	N	N	N	N	0.0000	0.0000	0.0000	0.0000	0.0000	0.0000	0.0000	0.0000	0.0000	0.0000	0.0000	0.0000	0.0000	0.0000	0.0000	0.0000	0.0000	0.0000	0.0000	0.0000	1.9923	0.0000	0.0454	0.0000	0.0000	0.0000	0.0000	0.0000	0.0000	0.0000	0.0000	0.0000	0.0000	0.0000	0.0000	0.0000	0.0000	0.0000	0.0000	0.0000	0.0000	0.0000	0.0000	0.0000	0.0000	0.0000	0.0000	0.0000	0.0000	0.0000	0.0000	0.0000	0.0000	0.0000	0.0000	0.0000	0.0000	0.0000	0.0000	0.0000	0.0000	0.0000	0.0000	0.0000	0.0000	0.0000	0.0000	0.0000	0.0000	0.0000	0.0000	0.0000	0.0000	0.0000	0.0000	0.0000	0.0000	0.0000											
91	94	0.1492	6	1	1	0	1	0	0	0	0	N	N	N	N	N	N	N	N	N	N	N	N	0.0000	0.0000	0.0000	0.0000	0.0000	0.0000	0.0000	0.0000	0.0000	0.0000	0.0000	0.0000	0.0000	0.0000	0.0000	0.0010	0.0010	0.0011	0.0020	0.0017	0.0373	0.0000	0.0000	0.0000	0.2500	0.0000	-0.0000	1.9923	0.0000	0.0454	0.0001	0.0000	0.0000	0.0000	0.0000	0.0000	0.0000	0.0000	0.0000	0.0000	0.0000	0.0000	0.0000	0.0000	0.0000	0.0000	0.0000	0.0000	0.0000	0.0000	0.0000	0.0000	0.0000	0.0000	0.0000	0.0000	0.0000	0.0000	0.0000	0.0000	0.0000	0.0000	0.0000	0.0000	0.0000	0.0000	0.0000	0.0000	0.0000	0.0000	0.0000	0.0000	0.0000	0.0000	0.0000	0.0000	0.0010	0.0010	0.0011	0.0020	0.0017	0.0373	0.0000	0.0000	0.0000				
91	95	0.1312	5	0	1	0	1	0	0	0	0	N	N	N	N	N	N	N	N	N	N	N	N	0.0000	0.0000	0.0000	0.0000	0.0000	0.0000	0.0000	0.0000	0.0000	0.0000	0.0000	0.0000	0.0000	0.0000	0.0000	0.0000	0.0000	0.0000	0.0000	0.0000	0.0000	0.0000	0.2500	0.0000	-0.0000	1.9923	0.9845	0.0454	0.9903	0.0000	0.0000	0.0000	0.0000	0.0000	0.0000	0.0000	0.0000	0.0000	0.0000	0.0000	0.0000	0.0000	0.0000	0.0000	0.0000	0.0000	0.0000	0.0280	0.0239	0.0041	0.0020	0.0019	0.0001	0.0260	0.0219	0.0040	0.0092	0.0054	0.0038	0.0012	0.0011	0.0002	0.0080	0.0044	0.0036	0.0000	0.0000	0.0000	0.0000	0.0000	0.0000	0.0000	0.0000	0.0000	0.0000	0.0000	0.0000	0.0000	0.0000	0.0000	0.0000	0.0000	0.0000						
91	96	0.1284	5	0	1	0	0	0	0	0	0	N	N	N	N	N	N	N	N	N	N	N	N	0.0000	0.0001	0.0000	0.0007	0.0009	0.0000	0.0000	0.0000	0.0000	0.0000	0.0000	0.0000	0.0000	0.0000	0.0000	0.0000	0.0000	0.0000	0.0075	0.0046	0.0126	0.0083	0.0069	0.0171	0.0072	0.0029	0.0120	0.0714	1.5792	-0.0000	0.0000	1.9923	1.0063	0.0454	3.7812	0.0000	0.0000	0.0000	0.0000	0.0000	0.0000	0.0000	0.0000	0.0000	0.0002	0.0001	0.0002	0.0001	0.0001	0.0000	0.0002	0.0000	0.0001	0.0278	0.0236	0.0042	0.0009	0.0009	0.0001	0.0269	0.0227	0.0041	0.0327	0.0207	0.0119	0.0100	0.0086	0.0014	0.0227	0.0121	0.0106	0.0000	0.0001	0.0000	0.0007	0.0009	0.0000	0.0000	0.0000	0.0000	0.0075	0.0046	0.0126	0.0083	0.0069	0.0171	0.0072	0.0029	0.0120
91	97	0.1312	5	0	0	1	1	0	0	0	0	N	N	N	N	N	N	N	N	N	N	N	N	0.0000	0.0000	0.0000	0.0000	0.0000	0.0000	0.0000	0.0000	0.0000	0.0000	0.0000	0.0000	0.0000	0.0000	0.0000	0.0000	0.0000	0.0000	0.0000	0.0000	0.0000	0.0000	0.0000	0.0000	0.0000	0.3043	0.0000	-0.0000	1.9923	1.0165	0.0454	1.0129	0.0000	0.0000	0.0000	0.0000	0.0000	0.0000	0.0000	0.0000	0.0000	0.0000	0.0000	0.0000	0.0000	0.0000	0.0000	0.0000	0.0000	0.0000	0.0288	0.0246	0.0042	0.0020	0.0020	0.0001	0.0268	0.0226	0.0042	0.0095	0.0056	0.0039	0.0013	0.0011	0.0002	0.0082	0.0045	0.0037	0.0000	0.0000	0.0000	0.0000	0.0000	0.0000	0.0000	0.0000	0.0000	0.0000	0.0000	0.0000	0.0000	0.0000	0.0000	0.0000	0.0000	0.0000			
91	98	0.1183	4	0	0	0	1	0	0	0	0	N	N	N	N	N	N	N	N	N	N	N	N	0.0000	0.0000	0.0000	0.0000	0.0000	0.0000	0.0000	0.0000	0.0000	0.0000	0.0000	0.0000	0.0000	0.0000	0.0000	0.0000	0.0000	0.0000	0.0000	0.0000	0.0000	0.0000	0.0000	0.0000	0.0000	0.0000	2.5039	0.0000	0.0000	1.9923	2.0241	0.0454	1.0265	0.0000	0.0000	0.0000	0.0000	0.0000	0.0000	0.0000	0.0000	0.0000	0.0000	0.0000	0.0000	0.0000	0.0000	0.0000	0.0000	0.0000	0.0000	0.0555	0.0472	0.0083	0.0020	0.0019	0.0001	0.0534	0.0453	0.0082	0.0136	0.0078	0.0057	0.0020	0.0016	0.0004	0.0116	0.0063	0.0053	0.0000	0.0000	0.0000	0.0000	0.0000	0.0000	0.0000	0.0000	0.0000	0.0000	0.0000	0.0000	0.0000	0.0000	0.0000	0.0000	0.0000	0.0000		
91	99	0.1183	4	0	0	1	1	0	0	0	0	N	N	N	N	N	N	N	N	N	N	N	N	0.0000	0.0000	0.0000	0.0000	0.0000	0.0000	0.0000	0.0000	0.0000	0.0000	0.0000	0.0000	0.0000	0.0000	0.0000	0.0000	0.0000	0.0000	0.0000	0.0000	1.9923	3.0066	0.0454	0.0000	0.0000	0.0000	0.0000	0.0000	0.0000	0.0000	0.0000	0.0000	0.0000	0.0000	0.0000	0.0000	0.0000	0.0000	0.0000	0.0000	0.0000	0.0000	0.0813	0.0692	0.0121	0.0029	0.0027	0.0002	0.0785	0.0665	0.0119	0.0134	0.0077	0.0057	0.0019	0.0015	0.0004	0.0114	0.0062	0.0053	0.0000	0.0000	0.0000	0.0000	0.0000	0.0000	0.0000	0.0000	0.0000	0.0000	0.0000	0.0000	0.0000	0.0000	0.0000	0.0000	0.0000	0.0000											
91	100	0.1440	4	0	0	1	1	0	0	0	0	N	N	N	N	N	N	N	N	N	N	N	N	0.0000	0.0000	0.0000	0.0000	0.0000	0.0000	0.0000	0.0000	0.0000	0.0000	0.0000	0.0000	0.0000	0.0000	0.0000	0.0000	0.0000	0.0000	0.0000	0.0000	1.9923	0.0000	0.0454	2.0000	0.0000	0.0000	0.0000	0.0000	0.0000	0.0000	0.0000	0.0000	0.0000	0.0000	0.0000	0.0000	0.0000	0.0000	0.0000	0.0000	0.0000	0.0000	0.0000	0.0000	0.0000	0.0000	0.0000	0.0000	0.0000	0.0000	0.0000	0.0087	0.0049	0.0037	0.0013	0.0010	0.0003	0.0074	0.0039	0.0035	0.0000	0.0000	0.0000	0.0000	0.0000	0.0000	0.0000	0.0000	0.0000	0.0000	0.0000	0.0000	0.0000	0.0000	0.0000	0.0000	0.0000	0.0000											
91	101	0.1050	3	0	0	1	1	0	0	0	0	N	N	N	N	N	N	N	N	N	N	N	N	0.0000	0.0000	0.0000	0.0000	0.0000	0.0000	0.0000	0.0000	0.0000	0.0000	0.0000	0.0000	0.0000	0.0000	0.0000	0.0000	0.0000	0.0000	0.0009	0.0015	0.0001	0.0035	0.0042	0.0001	0.0005	0.0007	0.0002	0.0714	0.0687	-0.0000	-0.0000	1.9923	5.8899	0.0454	3.1847	0.0000	0.0000	0.0000	0.0000	0.0000	0.0000	0.0000	0.0000	0.0000	0.0000	0.0000	0.0000	0.0000	0.0000	0.0000	0.0000	0.0000	0.0000	0.1598	0.1362	0.0236	0.0087	0.0080	0.0007	0.1511	0.1283	0.0229	0.0410	0.0238	0.0172	0.0064	0.0053	0.0011	0.0346	0.0185	0.0161	0.0000	0.0000	0.0000	0.0000	0.0000	0.0000	0.0000	0.0000	0.0000	0.0009	0.0015	0.0001	0.0035	0.0042	0.0001	0.0005	0.0007	0.0002
91	102	0.1518	3	1	1	0	0	0	0	0	0	N	N	N	N	N	N	N	N	N	N	N	N	0.0000	0.0000	0.0000	0.0000	0.0000	0.0000	0.0000	0.0000	0.0000	0.0000	0.0000	0.0000	0.0000	0.0000	0.0000	0.0000	0.0000	0.0000	0.0000	0.0000	1.9923	0.0000	0.0454	0.0000	0.0000	0.0000	0.0000	0.0000	0.0000	0.0000	0.0000	0.0000	0.0000	0.0000	0.0000	0.0000	0.0000	0.0000	0.0000	0.0000	0.0000	0.0000	0.0000	0.0000	0.0000	0.0000	0.0000	0.0000	0.0000	0.0000	0.0000	0.0000	0.0000	0.0000	0.0000	0.0000	0.0000	0.0000	0.0000	0.0000	0.0000	0.0000	0.0000	0.0000	0.0000	0.0000	0.0000	0.0000	0.0000	0.0000	0.0000	0.0000	0.0000	0.0000	0.0000	0.0000	0.0000	0.0000											
91	103	0.0525	2	1	1	0	0	0	0	0	0	N	N	N	N	N	N	N	N	N	N	N	N	54.2681	0.0000	15064.4867	0.1442	0.0043	48791.0115	53.5727	0.0000	14574.6964	4.8903	0.0000	33.0728	0.0088	0.0004	0.1531	4.9474	0.0000	33.2162	0.0901	0.1850	0.0022	0.0612	0.0829	0.0000	0.0923	0.1663	0.0023	1245369.1348	0.0107	0.5362	-0.0040	1.9923	8.0012	0.0454	14.0016	0.9962	0.0000	0.9962	0.0000	0.0000	0.0000	0.9962	0.0000	0.9962	0.0076	0.0075	0.0001	0.0004	0.0004	0.0000	0.0072	0.0071	0.0001	0.2037	0.1736	0.0301	0.0024	0.0022	0.0001	0.2013	0.1714	0.0300	0.0838	0.0474	0.0364	0.0060	0.0047	0.0013	0.0778	0.0427	0.0351	54.2681	0.0000	15064.4867	0.1442	0.0046	48791.0115	53.5727	0.0000	14574.6964	0.0901	0.1577	0.0022	0.0612	0.0787	0.0000	0.0923	0.1663	0.0023
91	104	0.1154	3	0	1	0	0	0	0	0	0	N	N	N	N	N	N	N	N	N	N	N	N	0.0091	0.0000	0.0565	0.0000	0.0000	0.0000	0.0090	0.0000	0.0517	0.0000	0.0000	0.0000	0.0000	0.0000	0.0000	0.0000	0.0000	0.0000	0.0006	0.0006	0.0006	0.0006	0.0007	0.0001	0.0006	0.0005	0.0007	inf	0.8090	0.0000	-0.0000	1.9923	2.0010	0.0454	1.0153	0.0000	0.0000	0.0000	0.0000	0.0000	0.0000	0.0000	0.0000	0.0000	0.0000	0.0000	0.0000	0.0000	0.0000	0.0000	0.0000	0.0000	0.0000	0.0535	0.0454	0.0081	0.0006	0.0005	0.0000	0.0530	0.0449	0.0080	0.0142	0.0083	0.0060	0.0029	0.0023	0.0007	0.0113	0.0060	0.0053	0.0091	0.0000	0.0565	0.0000	0.0000	0.0000	0.0090	0.0000	0.0517	0.0006	0.0006	0.0006	0.0006	0.0007	0.0001	0.0006	0.0005	0.0007
91	105	0.0525	2	0	1	0	0	0	0	0	0	N	N	N	N	N	N	N	N	N	N	N	N	0.0298	0.0000	0.3160	0.0000	0.0000	0.0000	0.0369	0.0000	0.3017	0.0069	0.0000	0.0461	0.0000	0.0000	0.0000	0.0070	0.0000	0.0463	0.2333	0.3757	0.1461	0.1842	0.1987	0.0902	0.1904	0.2453	0.1536	inf	0.4091	0.0003	-0.0026	1.9923	3.0162	0.0454	11.0438	0.0006	0.0000	0.0006	0.0000	0.0000	0.0000	0.0006	0.0000	0.0006	0.0105	0.0075	0.0031	0.0005	0.0004	0.0001	0.0101	0.0071	0.0030	0.0805	0.0684	0.0121	0.0010	0.0009	0.0001	0.0796	0.0675	0.0121	0.0569	0.0321	0.0248	0.0040	0.0031	0.0009	0.0529	0.0289	0.0240	0.0376	0.0000	0.3751	0.0000	0.0000	0.0000	0.0369	0.0000	0.3731	0.1850	0.2330	0.1230	0.1137	0.1203	0.0902	0.1904	0.2453	0.1242
91	106	0.1533	7	1	1	0	0	0	0	0	0	N	N	N	N	N	N	N	N	N	N	N	N	0.0000	0.0000	0.0000	0.0000	0.0000	0.0000	0.0000	0.0000	0.0000	0.0000	0.0000	0.0000	0.0000	0.0000	0.0000	0.0000	0.0000	0.0000	0.0000	0.0000	1.9923	1.0000	0.0454	1.0000	0.0000	0.0000	0.0000	0.0000	0.0000	0.0000	0.0000	0.0000	0.0000	0.0000	0.0000	0.0000	0.0000	0.0000	0.0000	0.0000	0.0000	0.0000	0.0274	0.0232	0.0041	0.0008	0.0007	0.0001	0.0266	0.0225	0.0041	0.0092	0.0057	0.0036	0.0031	0.0025	0.0006	0.0062	0.0032	0.0030	0.0000	0.0000	0.0000	0.0000	0.0000	0.0000	0.0000	0.0000	0.0000	0.0000	0.0000	0.0000	0.0000	0.0000	0.0000	0.0000	0.0000	0.0000											
91	107	0.1492	6	1	1	0	0	0	0	0	0	N	N	N	N	N	N	N	N	N	N	N	N	0.0000	0.0000	0.0000	0.0000	0.0000	0.0000	0.0000	0.0000	0.0000	0.0000	0.0000	0.0000	0.0000	0.0000	0.0000	0.0000	0.0000	0.0108	0.0072	0.0164	0.0080	0.0100	0.0000	0.0118	0.0056	0.0187	1.5000	0.0000	0.0000	1.9923	0.0000	0.0454	0.9999	0.0000	0.0000	0.0000	0.0000	0.0000	0.0000	0.0000	0.0000	0.0000	0.0000	0.0000	0.0000	0.0000	0.0000	0.0000	0.0000	0.0000	0.0000	0.0000	0.0000	0.0000	0.0000	0.0000	0.0000	0.0000	0.0000	0.0000	0.0046	0.0028	0.0019	0.0013	0.0010	0.0003	0.0034	0.0018	0.0016	0.0000	0.0000	0.0000	0.0000	0.0000	0.0000	0.0000	0.0000	0.0000	0.0108	0.0072	0.0162	0.0080	0.0100	0.0000	0.0118	0.0056	0.0187		
91	108	0.1284	5	1	1	0	0	0	0	0	0	N	N	N	N	N	N	N	N	N	N	N	N	0.0017	0.0013	0.0000	0.0050	0.0046	0.0000	0.0000	0.0000	0.0000	0.0000	0.0000	0.0000	0.0000	0.0000	0.0000	0.0000	0.0000	0.0000	0.0067	0.0098	0.0014	0.0089	0.0097	0.0037	0.0058	0.0099	0.0011	0.0714	0.0837	-0.0000	-0.0001	1.9923	0.0100	0.0454	4.8896	0.0000	0.0000	0.0000	0.0000	0.0000	0.0000	0.0000	0.0000	0.0000	0.0002	0.0002	0.0000	0.0001	0.0001	0.0000	0.0001	0.0001	0.0000	0.0005	0.0004	0.0001	0.0001	0.0001	0.0000	0.0004	0.0003	0.0001	0.0331	0.0210	0.0121	0.0100	0.0087	0.0014	0.0231	0.0123	0.0108	0.0017	0.0013	0.0000	0.0050	0.0046	0.0000	0.0000	0.0000	0.0000	0.0067	0.0098	0.0014	0.0089	0.0097	0.0037	0.0058	0.0099	0.0011
91	109	0.1183	4	0	1	0	0	0	0	0	0	N	N	N	N	N	N	N	N	N	N	N	N	0.0000	0.0000	0.0001	0.0000	0.0000	0.0000	0.0000	0.0001	0.0000	0.0000	0.0000	0.0000	0.0000	0.0000	0.0000	0.0000	0.0000	0.0095	0.0096	0.0094	0.0151	0.0191	0.0000	0.0086	0.0073	0.0101	inf	0.7148	0.0000	-0.0000	1.9923	1.0007	0.0454	1.4004	0.0000	0.0000	0.0000	0.0000	0.0000	0.0000	0.0000	0.0000	0.0000	0.0001	0.0001	0.0000	0.0000	0.0000	0.0000	0.0001	0.0000	0.0000	0.0280	0.0239	0.0042	0.0012	0.0011	0.0001	0.0268	0.0227	0.0041	0.0107	0.0062	0.0045	0.0016	0.0012	0.0003	0.0092	0.0050	0.0042	0.0000	0.0000	0.0001	0.0000	0.0000	0.0000	0.0000	0.0000	0.0001	0.0095	0.0096	0.0094	0.0151	0.0191	0.0000	0.0086	0.0073	0.0101	
91	110	0.1050	3	0	0	0	0	0	0	0	0	N	N	N	N	N	N	N	N	N	N	N	N	0.0000	0.0000	0.0000	0.0000	0.0000	0.0000	0.0000	0.0000	0.0000	0.0000	0.0000	0.0000	0.0000	0.0000	0.0000	0.0000	0.0000	0.0000	0.0101	0.0037	0.0194	0.0072	0.0082	0.0002	0.0108	0.0019	0.0206	0.0714	3.6382	-0.0000	0.0000	1.9923	0.3039	0.0454	2.8719	0.0000	0.0000	0.0000	0.0000	0.0000	0.0000	0.0000	0.0000	0.0000	0.0002	0.0000	0.0001	0.0000	0.0000	0.0000	0.0001	0.0000	0.0001	0.0148	0.0126	0.0022	0.0046	0.0041	0.0005	0.0103	0.0085	0.0017	0.0167	0.0099	0.0069	0.0032	0.0028	0.0004	0.0135	0.0071	0.0064	0.0000	0.0000	0.0000	0.0000	0.0000	0.0000	0.0000	0.0000	0.0000	0.0101	0.0037	0.0194	0.0072	0.0082	0.0002	0.0108	0.0019	0.0206
91	111	0.0525	2	0	0	0	0	0	0	0	0	N	N	N	N	N	N	N	N	N	N	N	N	0.0000	0.0000	0.0000	0.0004	0.0002	0.0000	0.0000	0.0000	0.0000	0.0000	0.0000	0.0000	0.0001	0.0001	0.0000	0.0000	0.0000	0.0000	0.1642	0.4681	0.0032	0.1521	0.2604	0.0000	0.1557	0.2822	0.0033	0.0208	0.0094	-0.0000	-0.0040	1.9923	3.8240	0.0454	8.1760	0.0000	0.0000	0.0000	0.0000	0.0000	0.0000	0.0000	0.0000	0.0000	0.0075	0.0074	0.0001	0.0004	0.0004	0.0000	0.0071	0.0071	0.0001	0.1013	0.0861	0.0152	0.0012	0.0011	0.0001	0.1001	0.0850	0.0151	0.0493	0.0278	0.0216	0.0035	0.0027	0.0008	0.0459	0.0251	0.0208	0.0000	0.0000	0.0000	0.0005	0.0004	0.0000	0.0000	0.0000	0.0000	0.1520	0.2676	0.0032	0.1035	0.1327	0.0000	0.1557	0.2822	0.0033
91	115	0.2451	5	0	0	0	0	0	0	0	0	N	N	N	N	N	N	N	N	N	N	N	N	59.2695	0.0565	8709.5875	34.2518	0.4900	40511.6987	58.4645	0.0000	7176.2464	3.1449	0.0042	23.0638	1.6236	0.0270	46.2133	3.3881	0.0000	22.2244	0.0531	0.0738	0.0026	0.0474	0.0552	0.0011	0.0580	0.0974	0.0031	872.7225	0.0148	0.4497	-0.0045	1.9923	8.9918	0.0454	13.3277	0.8372	0.0010	0.8362	0.0596	0.0010	0.0586	0.7776	0.0000	0.7776	0.0085	0.0084	0.0001	0.0035	0.0035	0.0000	0.0050	0.0049	0.0001	0.2662	0.2299	0.0363	0.0367	0.0354	0.0013	0.2295	0.1945	0.0350	0.1603	0.1136	0.0467	0.0743	0.0636	0.0107	0.0860	0.0500	0.0360	59.2695	0.0565	8709.5875	34.2518	0.4900	40511.6987	58.4645	0.0000	7176.2464	0.0531	0.0738	0.0026	0.0474	0.0552	0.0011	0.0580	0.0974	0.0031
92	93	0.1404	6	1	1	0	1	0	0	0	0	N	N	N	N	N	N	N	N	N	N	N	N	0.0000	0.0000	0.0000	0.0000	0.0000	0.0000	0.0000	0.0000	0.0000	0.0000	0.0000	0.0000	0.0000	0.0000	0.0000	0.0000	0.0000	0.0000	0.0000	0.0000	1.0098	0.0000	9.0196	0.0000	0.0000	0.0000	0.0000	0.0000	0.0000	0.0000	0.0000	0.0000	0.0000	0.0000	0.0000	0.0000	0.0000	0.0000	0.0000	0.0000	0.0000	0.0000	0.0000	0.0000	0.0000	0.0000	0.0000	0.0000	0.0000	0.0000	0.0000	0.0000	0.0000	0.0000	0.0000	0.0000	0.0000	0.0000	0.0000	0.0000	0.0000	0.0000	0.0000	0.0000	0.0000	0.0000	0.0000	0.0000	0.0000	0.0000	0.0000	0.0000	0.0000	0.0000	0.0000	0.0000	0.0000	0.0000											
92	94	0.1404	5	1	1	0	1	0	0	0	0	N	N	N	N	N	N	N	N	N	N	N	N	0.0000	0.0000	0.0000	0.0000	0.0000	0.0000	0.0000	0.0000	0.0000	0.0000	0.0000	0.0000	0.0000	0.0000	0.0001	0.0000	0.0001	0.0001	0.0000	0.0000	0.0000	0.0000	0.0000	0.0000	-0.0000	1.0098	0.0000	9.0196	0.0001	0.0000	0.0000	0.0000	0.0000	0.0000	0.0000	0.0000	0.0000	0.0000	0.0000	0.0000	0.0000	0.0000	0.0000	0.0000	0.0000	0.0000	0.0000	0.0000	0.0000	0.0000	0.0000	0.0000	0.0000	0.0000	0.0000	0.0000	0.0000	0.0000	0.0000	0.0000	0.0000	0.0000	0.0000	0.0000	0.0000	0.0000	0.0000	0.0000	0.0000	0.0000	0.0000	0.0000	0.0000	0.0000	0.0000	0.0001	0.0000	0.0001	0.0001	0.0000	0.0000	0.0000	0.0000						
92	95	0.1225	4	0	1	0	1	0	0	0	0	N	N	N	N	N	N	N	N	N	N	N	N	inf	inf	inf	inf	0.0917	0.1079	0.0000	1.4079	1.4516	0.0000	0.0000	0.0000	0.0000	0.0000	0.0000	0.0000	0.0000	0.0000	0.0000	0.0000	0.0000	0.0000	0.0000	-0.0006	-0.0000	1.0098	0.9845	9.0196	0.9903	0.0013	0.0013	0.0000	0.0013	0.0013	0.0000	0.0000	0.0000	0.0000	0.0000	0.0000	0.0000	0.0000	0.0000	0.0000	0.0000	0.0000	0.0000	0.0147	0.0125	0.0022	0.0010	0.0009	0.0000	0.0137	0.0116	0.0022	0.0423	0.0247	0.0176	0.0030	0.0027	0.0002	0.0393	0.0220	0.0173	inf	inf	0.0000	inf	inf	0.0000	0.0000	0.0000	0.0000	0.0000	0.0000	0.0000	0.0000	0.0000	0.0000	0.0000	0.0000	0.0000						
92	96	0.1197	4	0	1	0	0	0	0	0	0	N	N	N	N	N	N	N	N	N	N	N	N	0.0280	0.0000	0.1175	0.0000	0.0000	0.0000	0.0298	0.0000	0.1341	0.0000	0.0000	0.0001	0.0000	0.0000	0.0000	0.0000	0.0000	0.0001	0.0004	0.0003	0.0007	0.0005	0.0003	0.0016	0.0004	0.0003	0.0006	inf	1.3717	0.0000	0.0000	1.0098	1.0063	9.0196	3.7812	0.0000	0.0000	0.0000	0.0000	0.0000	0.0000	0.0000	0.0000	0.0000	0.0001	0.0000	0.0000	0.0000	0.0000	0.0000	0.0000	0.0000	0.0000	0.0145	0.0123	0.0022	0.0003	0.0003	0.0000	0.0142	0.0120	0.0022	0.1481	0.0936	0.0545	0.0382	0.0335	0.0046	0.1099	0.0600	0.0499	0.0280	0.0000	0.1175	0.0000	0.0000	0.0000	0.0298	0.0000	0.1341	0.0004	0.0003	0.0007	0.0005	0.0003	0.0016	0.0004	0.0003	0.0006
92	97	0.1225	4	0	0	1	1	0	0	0	0	N	N	N	N	N	N	N	N	N	N	N	N	13748.2337	0.0000	inf	0.0000	0.0000	inf	inf	0.0016	0.0000	0.0103	0.0000	0.0000	0.0000	0.0017	0.0000	0.0105	0.0000	0.0000	0.0000	0.0000	0.0000	0.0000	0.0000	0.0000	0.0000	inf	0.0000	0.0000	-0.0000	1.0098	1.0165	9.0196	1.0129	0.0000	0.0000	0.0000	0.0000	0.0000	0.0000	0.0000	0.0000	0.0000	0.0000	0.0000	0.0000	0.0000	0.0000	0.0000	0.0000	0.0000	0.0000	0.0151	0.0129	0.0023	0.0010	0.0009	0.0000	0.0142	0.0119	0.0022	0.0434	0.0253	0.0180	0.0030	0.0028	0.0002	0.0404	0.0226	0.0178	13748.2337	0.0000	inf	0.0000	0.0000	0.0000	inf	0.0000	inf	0.0000	0.0000	0.0000	0.0000	0.0000	0.0000	0.0000	0.0000	0.0000		
92	98	0.1096	3	0	0	0	1	0	0	0	0	N	N	N	N	N	N	N	N	N	N	N	N	12889.3032	inf	10309.4322	inf	inf	3389.4831	10030.2622	0.0011	0.0009	0.0020	0.0283	0.0296	0.0000	0.0003	0.0000	0.0021	0.0000	0.0000	0.0000	0.0000	0.0000	0.0000	0.0000	0.0000	0.0000	0.3832	inf	-0.0000	0.0000	1.0098	2.0241	9.0196	1.0265	0.0000	0.0000	0.0000	0.0000	0.0000	0.0000	0.0000	0.0000	0.0000	0.0000	0.0000	0.0000	0.0000	0.0000	0.0000	0.0000	0.0000	0.0000	0.0290	0.0246	0.0044	0.0008	0.0008	0.0000	0.0282	0.0238	0.0043	0.0622	0.0357	0.0265	0.0048	0.0039	0.0009	0.0573	0.0318	0.0256	12889.3032	inf	10309.4322	inf	inf	0.0000	3389.4831	0.0000	10030.2622	0.0000	0.0000	0.0000	0.0000	0.0000	0.0000	0.0000	0.0000	0.0000		
92	99	0.1096	3	0	0	1	1	0	0	0	0	N	N	N	N	N	N	N	N	N	N	N	N	inf	inf	inf	inf	0.0002	0.0000	0.0014	0.0000	0.0000	0.0000	0.0002	0.0000	0.0014	0.0000	0.0000	0.0000	0.0000	0.0000	0.0000	0.0000	0.0000	0.0000	inf	0.0000	0.0000	1.0098	3.0066	9.0196	0.0000	0.0000	0.0000	0.0000	0.0000	0.0000	0.0000	0.0000	0.0000	0.0000	0.0000	0.0000	0.0000	0.0000	0.0000	0.0000	0.0000	0.0000	0.0000	0.0425	0.0361	0.0064	0.0011	0.0011	0.0001	0.0414	0.0350	0.0063	0.0613	0.0352	0.0261	0.0048	0.0038	0.0009	0.0565	0.0313	0.0252	inf	0.0000	inf	0.0000	0.0000	0.0000	inf	0.0000	inf	0.0000	0.0000	0.0000	0.0000	0.0000	0.0000	0.0000	0.0000	0.0000						
92	100	0.1353	3	0	0	1	1	0	0	0	0	N	N	N	N	N	N	N	N	N	N	N	N	0.0000	0.0000	0.0000	0.0000	0.0000	0.0000	0.0000	0.0000	0.0000	0.0000	0.0000	0.0000	0.0000	0.0000	0.0000	0.0000	0.0000	0.0000	0.0000	0.0000	1.0098	0.0000	9.0196	2.0000	0.0000	0.0000	0.0000	0.0000	0.0000	0.0000	0.0000	0.0000	0.0000	0.0000	0.0000	0.0000	0.0000	0.0000	0.0000	0.0000	0.0000	0.0000	0.0000	0.0000	0.0000	0.0000	0.0000	0.0000	0.0000	0.0000	0.0000	0.0397	0.0224	0.0172	0.0032	0.0025	0.0007	0.0365	0.0199	0.0166	0.0000	0.0000	0.0000	0.0000	0.0000	0.0000	0.0000	0.0000	0.0000	0.0000	0.0000	0.0000	0.0000	0.0000	0.0000	0.0000	0.0000	0.0000											
92	101	0.0963	2	0	0	1	1	0	0	0	0	N	N	N	N	N	N	N	N	N	N	N	N	0.0474	0.0000	inf	0.0000	0.0000	4.1626	0.0000	inf	0.0000	0.0000	0.0001	0.0000	0.0000	0.0000	0.0000	0.0000	0.0001	0.0003	0.0006	0.0000	0.0036	0.0041	0.0000	0.0000	0.0000	0.0000	inf	0.0000	0.0000	-0.0000	1.0098	5.8899	9.0196	3.1847	0.0000	0.0000	0.0000	0.0000	0.0000	0.0000	0.0000	0.0000	0.0000	0.0001	0.0001	0.0000	0.0001	0.0001	0.0000	0.0000	0.0000	0.0000	0.0833	0.0710	0.0124	0.0038	0.0034	0.0003	0.0796	0.0675	0.0121	0.1882	0.1086	0.0796	0.0176	0.0151	0.0025	0.1706	0.0935	0.0771	0.0474	0.0000	inf	0.0000	0.0000	0.0000	4.1626	0.0000	inf	0.0003	0.0006	0.0000	0.0036	0.0041	0.0000	0.0000	0.0000	0.0000	
92	102	0.1430	2	1	1	0	0	0	0	0	0	N	N	N	N	N	N	N	N	N	N	N	N	0.0000	0.0000	0.0000	0.0000	0.0000	0.0000	0.0000	0.0000	0.0000	0.0000	0.0000	0.0000	0.0000	0.0000	0.0000	0.0000	0.0000	0.0000	0.0000	0.0000	1.0098	0.0000	9.0196	0.0000	0.0000	0.0000	0.0000	0.0000	0.0000	0.0000	0.0000	0.0000	0.0000	0.0000	0.0000	0.0000	0.0000	0.0000	0.0000	0.0000	0.0000	0.0000	0.0000	0.0000	0.0000	0.0000	0.0000	0.0000	0.0000	0.0000	0.0000	0.0000	0.0000	0.0000	0.0000	0.0000	0.0000	0.0000	0.0000	0.0000	0.0000	0.0000	0.0000	0.0000	0.0000	0.0000	0.0000	0.0000	0.0000	0.0000	0.0000	0.0000	0.0000	0.0000	0.0000	0.0000	0.0000	0.0000											
92	104	0.1067	2	0	1	0	0	0	0	0	0	N	N	N	N	N	N	N	N	N	N	N	N	0.4147	0.0000	0.9567	0.0000	0.0000	0.0000	0.3619	0.0000	0.9482	0.0192	0.0000	0.1272	0.0000	0.0000	0.0000	0.0196	0.0000	0.1282	0.0464	0.0003	0.1330	0.0106	0.0012	0.0418	0.0541	0.0000	0.1352	inf	282.6715	0.0003	0.0013	1.0098	2.0010	9.0196	1.0153	0.0005	0.0000	0.0005	0.0000	0.0000	0.0000	0.0005	0.0000	0.0005	0.0029	0.0000	0.0029	0.0001	0.0000	0.0001	0.0028	0.0000	0.0028	0.0276	0.0234	0.0042	0.0005	0.0005	0.0000	0.0270	0.0229	0.0041	0.0631	0.0366	0.0265	0.0113	0.0087	0.0026	0.0518	0.0279	0.0239	0.4147	0.0000	1.1582	0.0000	0.0000	0.0000	0.3619	0.0000	1.0933	0.0464	0.0003	0.1098	0.0106	0.0012	0.0418	0.0541	0.0000	0.1173
92	106	0.1446	6	1	1	0	0	0	0	0	0	N	N	N	N	N	N	N	N	N	N	N	N	0.0000	0.0000	0.0000	0.0000	0.0000	0.0000	0.0000	0.0000	0.0000	0.0000	0.0000	0.0000	0.0000	0.0000	0.0000	0.0000	0.0000	0.0000	0.0000	0.0000	1.0098	1.0000	9.0196	1.0000	0.0000	0.0000	0.0000	0.0000	0.0000	0.0000	0.0000	0.0000	0.0000	0.0000	0.0000	0.0000	0.0000	0.0000	0.0000	0.0000	0.0000	0.0000	0.0143	0.0121	0.0022	0.0003	0.0003	0.0000	0.0140	0.0119	0.0021	0.0423	0.0257	0.0166	0.0111	0.0089	0.0022	0.0312	0.0168	0.0144	0.0000	0.0000	0.0000	0.0000	0.0000	0.0000	0.0000	0.0000	0.0000	0.0000	0.0000	0.0000	0.0000	0.0000	0.0000	0.0000	0.0000	0.0000											
92	107	0.1404	5	1	1	0	0	0	0	0	0	N	N	N	N	N	N	N	N	N	N	N	N	0.0000	0.0000	0.0000	0.0000	0.0000	0.0000	0.0000	0.0000	0.0000	0.0000	0.0000	0.0000	0.0000	0.0005	0.0008	0.0000	0.0000	0.0000	0.0000	0.0006	0.0011	0.0000	0.0000	0.0000	-0.0000	1.0098	0.0000	9.0196	0.9999	0.0000	0.0000	0.0000	0.0000	0.0000	0.0000	0.0000	0.0000	0.0000	0.0000	0.0000	0.0000	0.0000	0.0000	0.0000	0.0000	0.0000	0.0000	0.0000	0.0000	0.0000	0.0000	0.0000	0.0000	0.0000	0.0000	0.0000	0.0212	0.0126	0.0086	0.0043	0.0034	0.0009	0.0169	0.0092	0.0077	0.0000	0.0000	0.0000	0.0000	0.0000	0.0000	0.0000	0.0000	0.0000	0.0005	0.0008	0.0000	0.0000	0.0000	0.0000	0.0006	0.0011	0.0000						
92	108	0.1197	4	1	1	0	0	0	0	0	0	N	N	N	N	N	N	N	N	N	N	N	N	1.6327	0.0000	29.6889	0.0000	0.0000	0.0000	2.6881	0.0000	38.4661	0.0007	0.0000	0.0046	0.0000	0.0000	0.0000	0.0009	0.0000	0.0046	0.0004	0.0006	0.0002	0.0007	0.0007	0.0005	0.0003	0.0005	0.0001	inf	0.1619	0.0000	-0.0000	1.0098	0.0100	9.0196	4.8896	0.0000	0.0000	0.0000	0.0000	0.0000	0.0000	0.0000	0.0000	0.0000	0.0001	0.0001	0.0000	0.0000	0.0000	0.0000	0.0000	0.0000	0.0000	0.0003	0.0002	0.0000	0.0001	0.0001	0.0000	0.0002	0.0002	0.0000	0.1502	0.0947	0.0554	0.0383	0.0337	0.0047	0.1118	0.0611	0.0507	1.6327	0.0000	29.6889	0.0000	0.0000	0.0000	2.6881	0.0000	38.4661	0.0004	0.0006	0.0002	0.0007	0.0007	0.0005	0.0003	0.0005	0.0001
92	109	0.1096	3	0	1	0	0	0	0	0	0	N	N	N	N	N	N	N	N	N	N	N	N	0.9249	0.0202	6.2532	inf	inf	0.8666	0.0000	6.0830	0.0006	0.0000	0.0041	0.0003	0.0004	0.0000	0.0006	0.0000	0.0041	0.0007	0.0007	0.0007	0.0000	0.0000	0.0000	0.0007	0.0008	0.0007	51.3360	0.6948	0.0000	-0.0000	1.0098	1.0007	9.0196	1.4004	0.0000	0.0000	0.0000	0.0000	0.0000	0.0000	0.0000	0.0000	0.0000	0.0000	0.0000	0.0000	0.0000	0.0000	0.0000	0.0000	0.0000	0.0000	0.0147	0.0125	0.0022	0.0005	0.0005	0.0000	0.0142	0.0120	0.0022	0.0492	0.0282	0.0210	0.0038	0.0031	0.0007	0.0454	0.0251	0.0202	0.9249	0.0202	6.2532	inf	inf	0.0000	0.8666	0.0000	6.0830	0.0007	0.0007	0.0007	0.0000	0.0000	0.0000	0.0007	0.0008	0.0007	
92	110	0.0963	2	0	0	0	0	0	0	0	0	N	N	N	N	N	N	N	N	N	N	N	N	1.3274	1.0336	2.0604	0.6920	0.7036	0.0000	0.8870	0.0000	2.5159	0.0014	0.0014	0.0011	0.0040	0.0044	0.0000	0.0002	0.0000	0.0014	0.0010	0.0013	0.0006	0.0057	0.0063	0.0000	0.0003	0.0000	0.0006	0.1455	0.2905	-0.0000	-0.0000	1.0098	0.3039	9.0196	2.8719	0.0000	0.0000	0.0000	0.0000	0.0000	0.0000	0.0000	0.0000	0.0000	0.0001	0.0001	0.0000	0.0001	0.0001	0.0000	0.0000	0.0000	0.0000	0.0077	0.0065	0.0011	0.0023	0.0020	0.0002	0.0054	0.0045	0.0009	0.0771	0.0453	0.0318	0.0105	0.0096	0.0009	0.0666	0.0357	0.0309	1.3274	1.0336	2.0604	0.6920	0.7036	0.0000	0.8870	0.0000	2.5159	0.0010	0.0013	0.0006	0.0057	0.0063	0.0000	0.0003	0.0000	0.0006
92	115	0.2364	4	0	0	0	0	0	0	0	0	N	N	N	N	N	N	N	N	N	N	N	N	0.0898	0.0162	7.6026	0.0247	0.0173	8.8706	0.2678	0.0000	11.5176	0.0374	0.0122	0.1983	0.0994	0.0867	0.5636	0.0285	0.0000	0.1891	0.4161	0.7502	0.0261	4.0210	5.0238	0.0635	0.1064	0.1679	0.0164	2.5466	0.0281	0.0013	-0.1031	1.0098	8.9918	9.0196	13.3277	0.0051	0.0014	0.0037	0.0017	0.0014	0.0003	0.0034	0.0000	0.0034	0.2011	0.1956	0.0055	0.1572	0.1545	0.0027	0.0439	0.0412	0.0027	0.1375	0.1189	0.0186	0.0172	0.0167	0.0005	0.1204	0.1022	0.0181	0.7439	0.5331	0.2107	0.3310	0.2878	0.0432	0.4129	0.2454	0.1675	0.1382	0.0332	7.6026	0.2094	0.1615	8.8706	0.2678	0.0000	11.5176	0.2704	0.3670	0.0261	0.4749	0.5367	0.0635	0.1064	0.1679	0.0164
93	95	0.0438	5	1	2	0	2	0	0	0	0	N	Y	N	Y	N	N	N	N	N	N	N	N	0.0000	0.0000	0.0000	0.0000	0.0000	0.0000	0.0000	0.0000	0.0000	0.0000	0.0000	0.0000	0.0000	0.0000	0.0000	0.0000	0.0000	0.0000	0.0000	0.0000	0.0000	0.9845	0.0000	0.9903	0.0000	0.0000	0.0000	0.0000	0.0000	0.0000	0.0000	0.0000	0.0000	0.0000	0.0000	0.0000	0.0000	0.0000	0.0000	0.0000	0.0000	0.0000	0.0000	0.0000	0.0000	0.0000	0.0000	0.0000	0.0000	0.0000	0.0000	0.0000	0.0000	0.0000	0.0000	0.0000	0.0000	0.0000	0.0000	0.0000	0.0000	0.0000	0.0000	0.0000	0.0000	0.0000	0.0000	0.0000	0.0000	0.0000	0.0000	0.0000	0.0000	0.0000	0.0000	0.0000	0.0000	0.0000											
93	96	0.0208	3	1	2	0	1	0	0	0	0	N	Y	N	N	N	N	N	N	N	N	N	N	0.0000	0.0000	0.0000	0.0000	0.0000	0.0000	0.0000	0.0000	0.0000	0.0000	0.0000	0.0000	0.0000	0.0000	0.0000	0.0000	0.0000	0.0000	0.0000	0.0000	0.0000	1.0063	0.0000	3.7812	0.0000	0.0000	0.0000	0.0000	0.0000	0.0000	0.0000	0.0000	0.0000	0.0000	0.0000	0.0000	0.0000	0.0000	0.0000	0.0000	0.0000	0.0000	0.0000	0.0000	0.0000	0.0000	0.0000	0.0000	0.0000	0.0000	0.0000	0.0000	0.0000	0.0000	0.0000	0.0000	0.0000	0.0000	0.0000	0.0000	0.0000	0.0000	0.0000	0.0000	0.0000	0.0000	0.0000	0.0000	0.0000	0.0000	0.0000	0.0000	0.0000	0.0000	0.0000	0.0000	0.0000	0.0000											
93	97	0.0438	5	1	1	1	2	0	0	0	0	N	N	N	Y	N	N	N	N	N	N	N	N	0.0000	0.0000	0.0000	0.0000	0.0000	0.0000	0.0000	0.0000	0.0000	0.0000	0.0000	0.0000	0.0000	0.0000	0.0000	0.0000	0.0000	0.0000	0.0000	0.0000	0.0000	1.0165	0.0000	1.0129	0.0000	0.0000	0.0000	0.0000	0.0000	0.0000	0.0000	0.0000	0.0000	0.0000	0.0000	0.0000	0.0000	0.0000	0.0000	0.0000	0.0000	0.0000	0.0000	0.0000	0.0000	0.0000	0.0000	0.0000	0.0000	0.0000	0.0000	0.0000	0.0000	0.0000	0.0000	0.0000	0.0000	0.0000	0.0000	0.0000	0.0000	0.0000	0.0000	0.0000	0.0000	0.0000	0.0000	0.0000	0.0000	0.0000	0.0000	0.0000	0.0000	0.0000	0.0000	0.0000	0.0000	0.0000											
93	98	0.0309	4	1	1	0	2	0	0	0	0	N	N	N	Y	N	N	N	N	N	N	N	N	0.0000	0.0000	0.0000	0.0000	0.0000	0.0000	0.0000	0.0000	0.0000	0.0000	0.0000	0.0000	0.0000	0.0000	0.0000	0.0000	0.0000	0.0000	0.0000	0.0000	0.0000	2.0241	0.0000	1.0265	0.0000	0.0000	0.0000	0.0000	0.0000	0.0000	0.0000	0.0000	0.0000	0.0000	0.0000	0.0000	0.0000	0.0000	0.0000	0.0000	0.0000	0.0000	0.0000	0.0000	0.0000	0.0000	0.0000	0.0000	0.0000	0.0000	0.0000	0.0000	0.0000	0.0000	0.0000	0.0000	0.0000	0.0000	0.0000	0.0000	0.0000	0.0000	0.0000	0.0000	0.0000	0.0000	0.0000	0.0000	0.0000	0.0000	0.0000	0.0000	0.0000	0.0000	0.0000	0.0000	0.0000	0.0000											
93	99	0.0309	4	1	1	1	2	0	0	0	0	N	N	N	Y	N	N	N	N	N	N	N	N	0.0000	0.0000	0.0000	0.0000	0.0000	0.0000	0.0000	0.0000	0.0000	0.0000	0.0000	0.0000	0.0000	0.0000	0.0000	0.0000	0.0000	0.0000	0.0000	0.0000	0.0000	3.0066	0.0000	0.0000	0.0000	0.0000	0.0000	0.0000	0.0000	0.0000	0.0000	0.0000	0.0000	0.0000	0.0000	0.0000	0.0000	0.0000	0.0000	0.0000	0.0000	0.0000	0.0000	0.0000	0.0000	0.0000	0.0000	0.0000	0.0000	0.0000	0.0000	0.0000	0.0000	0.0000	0.0000	0.0000	0.0000	0.0000	0.0000	0.0000	0.0000	0.0000	0.0000	0.0000	0.0000	0.0000	0.0000	0.0000	0.0000	0.0000	0.0000	0.0000	0.0000	0.0000	0.0000	0.0000	0.0000	0.0000											
93	100	0.0832	6	1	1	1	2	0	0	0	0	N	N	N	Y	N	N	N	N	N	N	N	N	0.0000	0.0000	0.0000	0.0000	0.0000	0.0000	0.0000	0.0000	0.0000	0.0000	0.0000	0.0000	0.0000	0.0000	0.0000	0.0000	0.0000	0.0000	0.0000	0.0000	0.0000	0.0000	0.0000	2.0000	0.0000	0.0000	0.0000	0.0000	0.0000	0.0000	0.0000	0.0000	0.0000	0.0000	0.0000	0.0000	0.0000	0.0000	0.0000	0.0000	0.0000	0.0000	0.0000	0.0000	0.0000	0.0000	0.0000	0.0000	0.0000	0.0000	0.0000	0.0000	0.0000	0.0000	0.0000	0.0000	0.0000	0.0000	0.0000	0.0000	0.0000	0.0000	0.0000	0.0000	0.0000	0.0000	0.0000	0.0000	0.0000	0.0000	0.0000	0.0000	0.0000	0.0000	0.0000	0.0000	0.0000	0.0000											
93	101	0.0442	5	1	1	1	2	0	0	0	0	N	N	N	Y	N	N	N	N	N	N	N	N	0.0000	0.0000	0.0000	0.0000	0.0000	0.0000	0.0000	0.0000	0.0000	0.0000	0.0000	0.0000	0.0000	0.0000	0.0000	0.0000	0.0000	0.0000	0.0000	0.0000	0.0000	5.8899	0.0000	3.1847	0.0000	0.0000	0.0000	0.0000	0.0000	0.0000	0.0000	0.0000	0.0000	0.0000	0.0000	0.0000	0.0000	0.0000	0.0000	0.0000	0.0000	0.0000	0.0000	0.0000	0.0000	0.0000	0.0000	0.0000	0.0000	0.0000	0.0000	0.0000	0.0000	0.0000	0.0000	0.0000	0.0000	0.0000	0.0000	0.0000	0.0000	0.0000	0.0000	0.0000	0.0000	0.0000	0.0000	0.0000	0.0000	0.0000	0.0000	0.0000	0.0000	0.0000	0.0000	0.0000	0.0000	0.0000											
93	102	0.1960	7	2	2	0	1	0	0	0	0	Y	Y	N	N	N	N	N	N	N	N	N	N	0.0000	0.0000	0.0000	0.0000	0.0000	0.0000	0.0000	0.0000	0.0000	0.0000	0.0000	0.0000	0.0000	0.0000	0.0000	0.0000	0.0000	0.0000	0.0000	0.0000	0.0000	0.0000	0.0000	0.0000	0.0000	0.0000	0.0000	0.0000	0.0000	0.0000	0.0000	0.0000	0.0000	0.0000	0.0000	0.0000	0.0000	0.0000	0.0000	0.0000	0.0000	0.0000	0.0000	0.0000	0.0000	0.0000	0.0000	0.0000	0.0000	0.0000	0.0000	0.0000	0.0000	0.0000	0.0000	0.0000	0.0000	0.0000	0.0000	0.0000	0.0000	0.0000	0.0000	0.0000	0.0000	0.0000	0.0000	0.0000	0.0000	0.0000	0.0000	0.0000	0.0000	0.0000	0.0000	0.0000	0.0000	0.0000											
93	103	0.0967	6	2	2	0	1	0	0	0	0	Y	Y	N	N	N	N	N	N	N	N	N	N	0.0000	0.0000	0.0000	0.0000	0.0000	0.0000	0.0000	0.0000	0.0000	0.0000	0.0000	0.0000	0.0000	0.0000	0.0000	0.0000	0.0000	0.0000	0.0000	0.0000	0.0000	8.0012	0.0000	14.0016	0.0000	0.0000	0.0000	0.0000	0.0000	0.0000	0.0000	0.0000	0.0000	0.0000	0.0000	0.0000	0.0000	0.0000	0.0000	0.0000	0.0000	0.0000	0.0000	0.0000	0.0000	0.0000	0.0000	0.0000	0.0000	0.0000	0.0000	0.0000	0.0000	0.0000	0.0000	0.0000	0.0000	0.0000	0.0000	0.0000	0.0000	0.0000	0.0000	0.0000	0.0000	0.0000	0.0000	0.0000	0.0000	0.0000	0.0000	0.0000	0.0000	0.0000	0.0000	0.0000	0.0000	0.0000											
93	104	0.1597	7	1	2	0	1	0	0	0	0	N	Y	N	N	N	N	N	N	N	N	N	N	0.0000	0.0000	0.0000	0.0000	0.0000	0.0000	0.0000	0.0000	0.0000	0.0000	0.0000	0.0000	0.0000	0.0000	0.0000	0.0000	0.0000	0.0000	0.0000	0.0000	0.0000	2.0010	0.0000	1.0153	0.0000	0.0000	0.0000	0.0000	0.0000	0.0000	0.0000	0.0000	0.0000	0.0000	0.0000	0.0000	0.0000	0.0000	0.0000	0.0000	0.0000	0.0000	0.0000	0.0000	0.0000	0.0000	0.0000	0.0000	0.0000	0.0000	0.0000	0.0000	0.0000	0.0000	0.0000	0.0000	0.0000	0.0000	0.0000	0.0000	0.0000	0.0000	0.0000	0.0000	0.0000	0.0000	0.0000	0.0000	0.0000	0.0000	0.0000	0.0000	0.0000	0.0000	0.0000	0.0000	0.0000	0.0000											
93	105	0.0967	6	1	2	0	1	0	0	0	0	N	Y	N	N	N	N	N	N	N	N	N	N	0.0000	0.0000	0.0000	0.0000	0.0000	0.0000	0.0000	0.0000	0.0000	0.0000	0.0000	0.0000	0.0000	0.0000	0.0000	0.0000	0.0000	0.0000	0.0000	0.0000	0.0000	3.0162	0.0000	11.0438	0.0000	0.0000	0.0000	0.0000	0.0000	0.0000	0.0000	0.0000	0.0000	0.0000	0.0000	0.0000	0.0000	0.0000	0.0000	0.0000	0.0000	0.0000	0.0000	0.0000	0.0000	0.0000	0.0000	0.0000	0.0000	0.0000	0.0000	0.0000	0.0000	0.0000	0.0000	0.0000	0.0000	0.0000	0.0000	0.0000	0.0000	0.0000	0.0000	0.0000	0.0000	0.0000	0.0000	0.0000	0.0000	0.0000	0.0000	0.0000	0.0000	0.0000	0.0000	0.0000	0.0000	0.0000											
93	106	0.0042	3	2	2	0	1	0	0	0	0	Y	Y	N	N	N	N	N	N	N	N	N	N	0.0000	0.0000	0.0000	0.0000	0.0000	0.0000	0.0000	0.0000	0.0000	0.0000	0.0000	0.0000	0.0000	0.0000	0.0000	0.0000	0.0000	0.0000	0.0000	0.0000	0.0000	1.0000	0.0000	1.0000	0.0000	0.0000	0.0000	0.0000	0.0000	0.0000	0.0000	0.0000	0.0000	0.0000	0.0000	0.0000	0.0000	0.0000	0.0000	0.0000	0.0000	0.0000	0.0000	0.0000	0.0000	0.0000	0.0000	0.0000	0.0000	0.0000	0.0000	0.0000	0.0000	0.0000	0.0000	0.0000	0.0000	0.0000	0.0000	0.0000	0.0000	0.0000	0.0000	0.0000	0.0000	0.0000	0.0000	0.0000	0.0000	0.0000	0.0000	0.0000	0.0000	0.0000	0.0000	0.0000	0.0000	0.0000											
93	107	0.0000	2	2	2	0	1	0	0	0	0	Y	Y	N	N	N	N	N	N	N	N	N	N	0.0000	0.0000	0.0000	0.0000	0.0000	0.0000	0.0000	0.0000	0.0000	0.0000	0.0000	0.0000	0.0000	0.0000	0.0000	0.0000	0.0000	0.0000	0.0000	0.0000	0.0000	0.0000	0.0000	0.9999	0.0000	0.0000	0.0000	0.0000	0.0000	0.0000	0.0000	0.0000	0.0000	0.0000	0.0000	0.0000	0.0000	0.0000	0.0000	0.0000	0.0000	0.0000	0.0000	0.0000	0.0000	0.0000	0.0000	0.0000	0.0000	0.0000	0.0000	0.0000	0.0000	0.0000	0.0000	0.0000	0.0000	0.0000	0.0000	0.0000	0.0000	0.0000	0.0000	0.0000	0.0000	0.0000	0.0000	0.0000	0.0000	0.0000	0.0000	0.0000	0.0000	0.0000	0.0000	0.0000	0.0000	0.0000											
93	115	0.2894	9	1	1	0	1	0	0	0	0	N	N	N	N	N	N	N	N	N	N	N	N	0.0000	0.0000	0.0000	0.0000	0.0000	0.0000	0.0000	0.0000	0.0000	0.0000	0.0000	0.0000	0.0000	0.0000	0.0000	0.0000	0.0000	0.0000	0.0000	0.0000	0.0000	8.9918	0.0000	13.3277	0.0000	0.0000	0.0000	0.0000	0.0000	0.0000	0.0000	0.0000	0.0000	0.0000	0.0000	0.0000	0.0000	0.0000	0.0000	0.0000	0.0000	0.0000	0.0000	0.0000	0.0000	0.0000	0.0000	0.0000	0.0000	0.0000	0.0000	0.0000	0.0000	0.0000	0.0000	0.0000	0.0000	0.0000	0.0000	0.0000	0.0000	0.0000	0.0000	0.0000	0.0000	0.0000	0.0000	0.0000	0.0000	0.0000	0.0000	0.0000	0.0000	0.0000	0.0000	0.0000	0.0000	0.0000											
94	95	0.0438	4	1	2	0	2	0	0	0	0	N	Y	N	Y	N	N	N	N	N	N	N	N	0.0000	0.0000	0.0000	0.0000	0.0000	0.0000	0.0000	0.0000	0.0000	0.0000	0.0000	0.0000	0.0000	0.0000	0.0000	0.0010	0.0000	0.0053	0.0017	0.0000	0.2011	0.0004	0.0000	0.0011	inf	0.0000	0.0000	0.0000	0.9845	0.0001	0.9903	0.0000	0.0000	0.0000	0.0000	0.0000	0.0000	0.0000	0.0000	0.0000	0.0000	0.0000	0.0000	0.0000	0.0000	0.0000	0.0000	0.0000	0.0000	0.0000	0.0000	0.0000	0.0000	0.0000	0.0000	0.0000	0.0000	0.0000	0.0000	0.0000	0.0000	0.0000	0.0000	0.0000	0.0000	0.0000	0.0000	0.0000	0.0000	0.0000	0.0000	0.0000	0.0000	0.0000	0.0000	0.0000	0.0010	0.0000	0.0053	0.0017	0.0000	0.2011	0.0004	0.0000	0.0011				
94	96	0.0208	2	1	2	0	1	0	0	0	0	N	Y	N	N	N	N	N	N	N	N	N	N	0.0000	0.0000	0.0000	0.0000	0.0000	0.0000	0.0000	0.0000	0.0000	0.0000	0.0000	0.0000	0.0000	6.5585	8.7207	0.0000	326.2780	286.9179	0.0000	0.0000	0.0000	0.0000	0.0000	0.0000	-0.0001	0.0000	1.0063	0.0001	3.7812	0.0000	0.0000	0.0000	0.0000	0.0000	0.0000	0.0000	0.0000	0.0000	0.0001	0.0001	0.0000	0.0001	0.0001	0.0000	0.0000	0.0000	0.0000	0.0000	0.0000	0.0000	0.0000	0.0000	0.0000	0.0000	0.0000	0.0000	0.0000	0.0000	0.0000	0.0000	0.0000	0.0000	0.0000	0.0000	0.0000	0.0000	0.0000	0.0000	0.0000	0.0000	0.0000	0.0000	0.0000	0.0000	6.5585	8.7207	0.0000	13.5715	13.8768	0.0000	0.0000	0.0000	0.0000						
94	97	0.0438	4	1	1	1	2	0	0	0	0	N	N	N	Y	N	N	N	N	N	N	N	N	0.0000	0.0000	0.0000	0.0000	0.0000	0.0000	0.0000	0.0000	0.0000	0.0000	0.0000	0.0000	0.0000	0.0000	0.0000	0.0000	0.0000	0.0000	0.0000	0.0000	0.0000	1.0165	0.0001	1.0129	0.0000	0.0000	0.0000	0.0000	0.0000	0.0000	0.0000	0.0000	0.0000	0.0000	0.0000	0.0000	0.0000	0.0000	0.0000	0.0000	0.0000	0.0000	0.0000	0.0000	0.0000	0.0000	0.0000	0.0000	0.0000	0.0000	0.0000	0.0000	0.0000	0.0000	0.0000	0.0000	0.0000	0.0000	0.0000	0.0000	0.0000	0.0000	0.0000	0.0000	0.0000	0.0000	0.0000	0.0000	0.0000	0.0000	0.0000	0.0000	0.0000	0.0000	0.0000	0.0000	0.0000	0.0000											
94	98	0.0309	3	1	1	0	2	0	0	0	0	N	N	N	Y	N	N	N	N	N	N	N	N	0.0000	0.0000	0.0000	0.0000	0.0000	0.0000	0.0000	0.0000	0.0000	0.0000	0.0000	0.0000	0.0000	0.0007	0.0008	0.0000	0.0014	0.0014	0.0000	0.0000	0.0000	0.0000	0.0000	0.0000	-0.0000	0.0000	2.0241	0.0001	1.0265	0.0000	0.0000	0.0000	0.0000	0.0000	0.0000	0.0000	0.0000	0.0000	0.0000	0.0000	0.0000	0.0000	0.0000	0.0000	0.0000	0.0000	0.0000	0.0000	0.0000	0.0000	0.0000	0.0000	0.0000	0.0000	0.0000	0.0000	0.0000	0.0000	0.0000	0.0000	0.0000	0.0000	0.0000	0.0000	0.0000	0.0000	0.0000	0.0000	0.0000	0.0000	0.0000	0.0000	0.0000	0.0000	0.0007	0.0008	0.0000	0.0014	0.0014	0.0000	0.0000	0.0000	0.0000						
94	99	0.0309	3	1	1	1	2	0	0	0	0	N	N	N	Y	N	N	N	N	N	N	N	N	0.0000	0.0000	0.0000	0.0000	0.0000	0.0000	0.0000	0.0000	0.0000	0.0000	0.0000	0.0000	0.0000	0.0000	0.0000	0.0000	0.0000	0.0000	0.0000	0.0000	0.0000	3.0066	0.0001	0.0000	0.0000	0.0000	0.0000	0.0000	0.0000	0.0000	0.0000	0.0000	0.0000	0.0000	0.0000	0.0000	0.0000	0.0000	0.0000	0.0000	0.0000	0.0000	0.0000	0.0000	0.0000	0.0000	0.0000	0.0000	0.0000	0.0000	0.0000	0.0000	0.0000	0.0000	0.0000	0.0000	0.0000	0.0000	0.0000	0.0000	0.0000	0.0000	0.0000	0.0000	0.0000	0.0000	0.0000	0.0000	0.0000	0.0000	0.0000	0.0000	0.0000	0.0000	0.0000	0.0000	0.0000	0.0000											
94	100	0.0832	5	1	1	1	2	0	0	0	0	N	N	N	Y	N	N	N	N	N	N	N	N	0.0000	0.0000	0.0000	0.0000	0.0000	0.0000	0.0000	0.0000	0.0000	0.0000	0.0000	0.0000	0.0000	0.0000	0.0000	0.0000	0.0000	0.0000	0.0000	0.0000	0.0000	0.0000	0.0001	2.0000	0.0000	0.0000	0.0000	0.0000	0.0000	0.0000	0.0000	0.0000	0.0000	0.0000	0.0000	0.0000	0.0000	0.0000	0.0000	0.0000	0.0000	0.0000	0.0000	0.0000	0.0000	0.0000	0.0000	0.0000	0.0000	0.0000	0.0000	0.0000	0.0000	0.0000	0.0000	0.0000	0.0000	0.0000	0.0000	0.0000	0.0000	0.0000	0.0000	0.0000	0.0000	0.0000	0.0000	0.0000	0.0000	0.0000	0.0000	0.0000	0.0000	0.0000	0.0000	0.0000	0.0000	0.0000											
94	101	0.0442	4	1	1	1	2	0	0	0	0	N	N	N	Y	N	N	N	N	N	N	N	N	0.0000	0.0000	0.0000	0.0000	0.0000	0.0000	0.0000	0.0000	0.0000	0.0000	0.0000	0.0000	0.0000	0.0000	0.0000	0.0004	0.0000	0.0023	0.0007	0.0000	0.1165	0.0002	0.0000	0.0005	inf	0.0000	0.0000	0.0000	5.8899	0.0001	3.1847	0.0000	0.0000	0.0000	0.0000	0.0000	0.0000	0.0000	0.0000	0.0000	0.0000	0.0000	0.0000	0.0000	0.0000	0.0000	0.0000	0.0000	0.0000	0.0000	0.0000	0.0000	0.0000	0.0000	0.0000	0.0000	0.0000	0.0000	0.0000	0.0000	0.0000	0.0000	0.0000	0.0000	0.0000	0.0000	0.0000	0.0000	0.0000	0.0000	0.0000	0.0000	0.0000	0.0000	0.0000	0.0000	0.0004	0.0000	0.0023	0.0007	0.0000	0.1165	0.0002	0.0000	0.0005				
94	102	0.1960	6	2	2	0	1	0	0	0	0	Y	Y	N	N	N	N	N	N	N	N	N	N	0.0000	0.0000	0.0000	0.0000	0.0000	0.0000	0.0000	0.0000	0.0000	0.0000	0.0000	0.0000	0.0000	0.0000	0.0000	0.0000	0.0000	0.0000	0.0000	0.0000	0.0000	0.0000	0.0001	0.0000	0.0000	0.0000	0.0000	0.0000	0.0000	0.0000	0.0000	0.0000	0.0000	0.0000	0.0000	0.0000	0.0000	0.0000	0.0000	0.0000	0.0000	0.0000	0.0000	0.0000	0.0000	0.0000	0.0000	0.0000	0.0000	0.0000	0.0000	0.0000	0.0000	0.0000	0.0000	0.0000	0.0000	0.0000	0.0000	0.0000	0.0000	0.0000	0.0000	0.0000	0.0000	0.0000	0.0000	0.0000	0.0000	0.0000	0.0000	0.0000	0.0000	0.0000	0.0000	0.0000	0.0000	0.0000											
94	103	0.0967	5	2	2	0	1	0	0	0	0	Y	Y	N	N	N	N	N	N	N	N	N	N	0.0000	0.0000	0.0000	0.0000	0.0000	0.0000	0.0000	0.0000	0.0000	0.0000	0.0000	0.0000	0.0000	2.4681	3.8256	0.0000	133.5786	126.0438	0.0000	0.0000	0.0000	0.0000	0.0000	0.0000	-0.0001	0.0000	8.0012	0.0001	14.0016	0.0000	0.0000	0.0000	0.0000	0.0000	0.0000	0.0000	0.0000	0.0000	0.0001	0.0001	0.0000	0.0001	0.0001	0.0000	0.0000	0.0000	0.0000	0.0000	0.0000	0.0000	0.0000	0.0000	0.0000	0.0000	0.0000	0.0000	0.0001	0.0000	0.0000	0.0000	0.0000	0.0000	0.0000	0.0000	0.0000	0.0000	0.0000	0.0000	0.0000	0.0000	0.0000	0.0000	0.0000	0.0000	2.3013	2.8205	0.0000	4.8908	4.9327	0.0000	0.0000	0.0000	0.0000						
94	104	0.1597	6	1	2	0	1	0	0	0	0	N	Y	N	N	N	N	N	N	N	N	N	N	0.0000	0.0000	0.0000	0.0000	0.0000	0.0000	0.0000	0.0000	0.0000	0.0000	0.0000	0.0000	0.0000	0.0000	0.0000	0.0005	0.0000	0.0029	0.0008	0.0000	0.0868	0.0003	0.0000	0.0007	inf	0.0000	0.0000	0.0000	2.0010	0.0001	1.0153	0.0000	0.0000	0.0000	0.0000	0.0000	0.0000	0.0000	0.0000	0.0000	0.0000	0.0000	0.0000	0.0000	0.0000	0.0000	0.0000	0.0000	0.0000	0.0000	0.0000	0.0000	0.0000	0.0000	0.0000	0.0000	0.0000	0.0000	0.0000	0.0000	0.0000	0.0000	0.0000	0.0000	0.0000	0.0000	0.0000	0.0000	0.0000	0.0000	0.0000	0.0000	0.0000	0.0000	0.0000	0.0000	0.0005	0.0000	0.0029	0.0008	0.0000	0.0868	0.0003	0.0000	0.0007				
94	105	0.0967	5	1	2	0	1	0	0	0	0	N	Y	N	N	N	N	N	N	N	N	N	N	0.0000	0.0000	0.0000	0.0000	0.0000	0.0000	0.0000	0.0000	0.0000	0.0000	0.0000	0.0000	0.0000	0.0001	0.0002	0.0000	0.0003	0.0003	0.0000	0.0000	0.0000	0.0000	0.0000	0.0000	-0.0000	0.0000	3.0162	0.0001	11.0438	0.0000	0.0000	0.0000	0.0000	0.0000	0.0000	0.0000	0.0000	0.0000	0.0000	0.0000	0.0000	0.0000	0.0000	0.0000	0.0000	0.0000	0.0000	0.0000	0.0000	0.0000	0.0000	0.0000	0.0000	0.0000	0.0000	0.0000	0.0000	0.0000	0.0000	0.0000	0.0000	0.0000	0.0000	0.0000	0.0000	0.0000	0.0000	0.0000	0.0000	0.0000	0.0000	0.0000	0.0000	0.0000	0.0001	0.0002	0.0000	0.0003	0.0003	0.0000	0.0000	0.0000	0.0000						
94	106	0.0042	2	2	2	0	1	0	0	0	0	Y	Y	N	N	N	N	N	N	N	N	N	N	0.0000	0.0000	0.0000	0.0000	0.0000	0.0000	0.0000	0.0000	0.0000	0.0000	0.0000	0.0000	0.0000	0.0000	0.0000	0.0000	0.0000	0.0000	0.0000	0.0000	0.0000	1.0000	0.0001	1.0000	0.0000	0.0000	0.0000	0.0000	0.0000	0.0000	0.0000	0.0000	0.0000	0.0000	0.0000	0.0000	0.0000	0.0000	0.0000	0.0000	0.0000	0.0000	0.0000	0.0000	0.0000	0.0000	0.0000	0.0000	0.0000	0.0000	0.0000	0.0000	0.0000	0.0000	0.0000	0.0000	0.0000	0.0000	0.0000	0.0000	0.0000	0.0000	0.0000	0.0000	0.0000	0.0000	0.0000	0.0000	0.0000	0.0000	0.0000	0.0000	0.0000	0.0000	0.0000	0.0000	0.0000	0.0000											
94	115	0.2893	8	1	1	0	1	0	0	0	0	N	N	N	N	N	N	N	N	N	N	N	N	0.0000	0.0000	0.0000	0.0000	0.0000	0.0000	0.0000	0.0000	0.0000	0.0000	0.0000	0.0000	0.0000	0.0000	0.0000	0.1213	0.0000	0.6688	0.0723	0.0000	1.1204	0.1762	0.0000	0.5279	inf	0.0000	0.0000	0.0000	8.9918	0.0001	13.3277	0.0000	0.0000	0.0000	0.0000	0.0000	0.0000	0.0000	0.0000	0.0000	0.0000	0.0000	0.0000	0.0000	0.0000	0.0000	0.0000	0.0000	0.0000	0.0000	0.0000	0.0000	0.0000	0.0000	0.0000	0.0000	0.0000	0.0000	0.0001	0.0001	0.0000	0.0000	0.0000	0.0000	0.0000	0.0000	0.0000	0.0000	0.0000	0.0000	0.0000	0.0000	0.0000	0.0000	0.0000	0.0000	0.1213	0.0000	0.4875	0.0723	0.0000	1.0403	0.1762	0.0000	0.3918				
95	96	0.0281	3	0	2	0	1	0	0	0	0	N	Y	N	N	N	N	N	N	N	N	N	N	0.0101	0.0054	0.0068	0.0069	0.0000	0.0000	0.0086	0.0101	0.0000	0.1841	0.1874	0.0000	0.0000	0.0000	0.0000	0.8492	1.8496	0.0000	26.9088	27.2769	0.0000	0.0000	0.0000	0.0000	0.0000	0.0000	-0.0001	-0.0091	0.9845	1.0063	0.9903	3.7812	0.0001	0.0001	0.0000	0.0001	0.0001	0.0000	0.0000	0.0000	0.0000	0.0169	0.0169	0.0000	0.0169	0.0169	0.0000	0.0000	0.0000	0.0000	0.0149	0.0127	0.0022	0.0007	0.0007	0.0000	0.0142	0.0120	0.0022	0.0345	0.0219	0.0126	0.0089	0.0080	0.0009	0.0256	0.0138	0.0117	0.0174	0.0130	0.0000	0.0970	0.0889	0.0000	0.0000	0.0000	0.0000	0.4912	0.7747	0.0000	1.8972	2.1069	0.0000	0.0000	0.0000	0.0000			
95	99	0.0180	2	0	1	1	2	0	0	0	0	N	N	N	Y	N	N	N	N	N	N	N	N	inf	inf	inf	inf	0.1480	0.1744	0.0000	3.0977	3.1461	0.0000	0.0000	0.0000	0.0000	0.0000	0.0000	0.0000	0.0000	0.0000	0.0000	0.0000	0.0000	0.0000	0.0000	-0.0030	0.0000	0.9845	3.0066	0.9903	0.0000	0.0065	0.0065	0.0000	0.0065	0.0065	0.0000	0.0000	0.0000	0.0000	0.0000	0.0000	0.0000	0.0000	0.0000	0.0000	0.0000	0.0000	0.0000	0.0440	0.0374	0.0067	0.0021	0.0021	0.0000	0.0419	0.0353	0.0066	0.0142	0.0083	0.0059	0.0011	0.0010	0.0001	0.0131	0.0074	0.0058	inf	inf	0.0000	inf	inf	0.0000	0.0000	0.0000	0.0000	0.0000	0.0000	0.0000	0.0000	0.0000	0.0000	0.0000	0.0000	0.0000						
95	100	0.0703	4	0	1	1	2	0	0	0	0	N	N	N	Y	N	N	N	N	N	N	N	N	0.0000	0.0000	0.0000	0.0000	0.0000	0.0000	0.0000	0.0000	0.0000	0.0000	0.0000	0.0000	0.0000	0.0000	0.0000	0.0000	0.0000	0.0000	0.0000	0.0000	0.9845	0.0000	0.9903	2.0000	0.0000	0.0000	0.0000	0.0000	0.0000	0.0000	0.0000	0.0000	0.0000	0.0000	0.0000	0.0000	0.0000	0.0000	0.0000	0.0000	0.0000	0.0000	0.0000	0.0000	0.0000	0.0000	0.0000	0.0000	0.0000	0.0000	0.0000	0.0092	0.0054	0.0038	0.0009	0.0008	0.0001	0.0083	0.0046	0.0037	0.0000	0.0000	0.0000	0.0000	0.0000	0.0000	0.0000	0.0000	0.0000	0.0000	0.0000	0.0000	0.0000	0.0000	0.0000	0.0000	0.0000	0.0000											
95	101	0.0313	3	0	1	1	2	0	0	0	0	N	N	N	Y	N	N	N	N	N	N	N	N	9.6691	6.8041	0.0000	15.2632	14.3975	0.0000	0.0000	0.0000	0.0000	0.0109	0.0128	0.0000	0.1581	0.1628	0.0000	0.0000	0.0000	0.0000	0.0011	0.0019	0.0000	0.0104	0.0113	0.0000	0.0000	0.0000	0.0000	0.0000	0.0035	-0.0004	-0.0000	0.9845	5.8899	0.9903	3.1847	0.0010	0.0010	0.0000	0.0010	0.0010	0.0000	0.0000	0.0000	0.0000	0.0000	0.0000	0.0000	0.0000	0.0000	0.0000	0.0000	0.0000	0.0000	0.0872	0.0745	0.0128	0.0060	0.0059	0.0002	0.0812	0.0686	0.0126	0.0431	0.0258	0.0173	0.0047	0.0043	0.0004	0.0384	0.0215	0.0169	9.6691	6.8041	0.0000	15.2632	14.3975	0.0000	0.0000	0.0000	0.0000	0.0011	0.0019	0.0000	0.0104	0.0113	0.0000	0.0000	0.0000	0.0000
95	102	0.1831	5	1	2	0	1	0	0	0	0	N	Y	N	N	N	N	N	N	N	N	N	N	0.0000	0.0000	0.0000	0.0000	0.0000	0.0000	0.0000	0.0000	0.0000	0.0000	0.0000	0.0000	0.0000	0.0000	0.0000	0.0000	0.0000	0.0000	0.0000	0.0000	0.9845	0.0000	0.9903	0.0000	0.0000	0.0000	0.0000	0.0000	0.0000	0.0000	0.0000	0.0000	0.0000	0.0000	0.0000	0.0000	0.0000	0.0000	0.0000	0.0000	0.0000	0.0000	0.0000	0.0000	0.0000	0.0000	0.0000	0.0000	0.0000	0.0000	0.0000	0.0000	0.0000	0.0000	0.0000	0.0000	0.0000	0.0000	0.0000	0.0000	0.0000	0.0000	0.0000	0.0000	0.0000	0.0000	0.0000	0.0000	0.0000	0.0000	0.0000	0.0000	0.0000	0.0000	0.0000	0.0000	0.0000	0.0000											
95	103	0.0838	4	1	2	0	1	0	0	0	0	N	Y	N	N	N	N	N	N	N	N	N	N	21.1584	14.5315	24.8690	23.6339	0.0125	0.0146	0.0000	0.2062	0.2133	0.0000	0.0000	0.0000	0.0000	0.0006	0.0010	0.0000	0.0083	0.0090	0.0000	0.0000	0.0000	0.0000	0.0000	0.0000	-0.0006	-0.0000	0.9845	8.0012	0.9903	14.0016	0.0013	0.0013	0.0000	0.0013	0.0013	0.0000	0.0000	0.0000	0.0000	0.0001	0.0001	0.0000	0.0001	0.0001	0.0000	0.0000	0.0000	0.0000	0.1076	0.0921	0.0156	0.0065	0.0063	0.0002	0.1011	0.0858	0.0153	0.0846	0.0497	0.0349	0.0060	0.0055	0.0005	0.0785	0.0441	0.0344	21.1584	14.5315	0.0000	24.8690	23.6339	0.0000	0.0000	0.0000	0.0000	0.0006	0.0010	0.0000	0.0083	0.0090	0.0000	0.0000	0.0000	0.0000					
95	104	0.1468	5	0	2	0	1	0	0	0	0	N	Y	N	N	N	N	N	N	N	N	N	N	0.0000	0.0000	0.0000	0.0000	0.0000	0.0000	0.0000	0.0000	0.0000	0.0000	0.0000	0.0000	0.0000	0.0000	0.0000	0.0000	0.0000	0.0016	0.0026	0.0000	0.0077	0.0095	0.0000	0.0000	0.0000	0.0000	0.0038	0.0000	-0.0000	0.9845	2.0010	0.9903	1.0153	0.0000	0.0000	0.0000	0.0000	0.0000	0.0000	0.0000	0.0000	0.0000	0.0000	0.0000	0.0000	0.0000	0.0000	0.0000	0.0000	0.0000	0.0000	0.0281	0.0239	0.0041	0.0023	0.0022	0.0001	0.0258	0.0218	0.0040	0.0140	0.0084	0.0056	0.0029	0.0023	0.0005	0.0111	0.0061	0.0050	0.0000	0.0000	0.0000	0.0000	0.0000	0.0000	0.0000	0.0000	0.0000	0.0016	0.0026	0.0000	0.0077	0.0095	0.0000	0.0000	0.0000	0.0000		
95	105	0.0838	4	0	2	0	1	0	0	0	0	N	Y	N	N	N	N	N	N	N	N	N	N	1.2108	0.8373	0.0000	0.2040	0.1864	0.0000	0.0000	0.0000	0.0316	0.0370	0.0000	0.5101	0.5271	0.0000	0.0000	0.0000	0.0000	0.0261	0.0442	0.0004	2.5004	2.8284	0.0000	0.0004	0.0003	0.0004	0.0000	0.0066	-0.0006	-0.0008	0.9845	3.0162	0.9903	11.0438	0.0013	0.0013	0.0000	0.0013	0.0013	0.0000	0.0000	0.0000	0.0000	0.0015	0.0015	0.0000	0.0015	0.0015	0.0000	0.0000	0.0000	0.0000	0.0427	0.0364	0.0063	0.0026	0.0026	0.0001	0.0400	0.0338	0.0062	0.0575	0.0336	0.0238	0.0041	0.0037	0.0003	0.0534	0.0299	0.0235	1.2108	0.8373	0.0000	1.4044	1.3348	0.0000	0.0000	0.0000	0.0000	0.0261	0.0442	0.0004	0.3633	0.3949	0.0000	0.0004	0.0003	0.0004	
95	106	0.0530	5	1	2	0	1	0	0	0	0	N	Y	N	N	N	N	N	N	N	N	N	N	0.0000	0.0000	0.0000	0.0000	0.0000	0.0000	0.0000	0.0000	0.0000	0.0000	0.0000	0.0000	0.0000	0.0000	0.0000	0.0000	0.0000	0.0000	0.0000	0.0000	0.9845	1.0000	0.9903	1.0000	0.0000	0.0000	0.0000	0.0000	0.0000	0.0000	0.0000	0.0000	0.0000	0.0000	0.0000	0.0000	0.0000	0.0000	0.0000	0.0000	0.0000	0.0000	0.0147	0.0125	0.0022	0.0006	0.0006	0.0000	0.0141	0.0119	0.0022	0.0097	0.0060	0.0037	0.0024	0.0020	0.0004	0.0073	0.0040	0.0033	0.0000	0.0000	0.0000	0.0000	0.0000	0.0000	0.0000	0.0000	0.0000	0.0000	0.0000	0.0000	0.0000	0.0000	0.0000	0.0000	0.0000	0.0000											
95	107	0.0488	4	1	2	0	1	0	0	0	0	N	Y	N	N	N	N	N	N	N	N	N	N	0.0000	0.0000	0.0000	0.0000	0.0000	0.0000	0.0000	0.0000	0.0000	0.0000	0.0000	0.0000	0.0000	0.0102	0.0170	0.0000	0.0526	0.0631	0.0000	0.0000	0.0000	0.0000	0.0000	0.0000	-0.0000	0.9845	0.0000	0.9903	0.9999	0.0000	0.0000	0.0000	0.0000	0.0000	0.0000	0.0000	0.0000	0.0000	0.0000	0.0000	0.0000	0.0000	0.0000	0.0000	0.0000	0.0000	0.0000	0.0000	0.0000	0.0000	0.0000	0.0000	0.0000	0.0000	0.0000	0.0000	0.0049	0.0029	0.0019	0.0009	0.0008	0.0002	0.0039	0.0022	0.0018	0.0000	0.0000	0.0000	0.0000	0.0000	0.0000	0.0000	0.0000	0.0000	0.0102	0.0170	0.0000	0.0526	0.0631	0.0000	0.0000	0.0000	0.0000						
95	108	0.0281	3	1	2	0	1	0	0	0	0	N	Y	N	N	N	N	N	N	N	N	N	N	0.0167	2149795.8173	0.0000	104.0079	2486795.5187	0.0000	0.0000	0.0000	0.4633	0.5778	0.0000	1.8313	1.8345	0.0000	0.0000	0.0000	0.0000	27.7908	0.0000	156.5684	0.0176	0.0000	0.1766	37.3628	0.0000	158.6422	0.0000	163247605.0987	-0.0001	0.4471	0.9845	0.0100	0.9903	4.8896	0.0001	0.0001	0.0000	0.0001	0.0001	0.0000	0.0000	0.0000	0.0000	0.9719	0.0000	0.9719	0.0002	0.0000	0.0002	0.9718	0.0000	0.9718	0.0003	0.0002	0.0001	0.0001	0.0001	0.0000	0.0002	0.0002	0.0001	0.0350	0.0222	0.0128	0.0090	0.0081	0.0009	0.0260	0.0141	0.0119	0.0167	2149795.8173	0.0000	104.0079	2486795.5187	0.0000	0.0000	0.0000	0.0000	27.7908	0.0000	75.8011	0.0176	0.0000	0.1766	37.3628	0.0000	81.4657	
95	109	0.0180	2	0	2	0	1	0	0	0	0	N	Y	N	N	N	N	N	N	N	N	N	N	0.3517	17.5888	0.0177	42.3073	36.4313	0.0000	0.0105	0.0000	0.0171	0.4296	0.5008	0.0518	6.7048	6.7821	0.0000	0.0088	0.0000	0.0521	1.2215	0.0285	2.9194	0.1585	0.1862	0.0054	0.8306	0.0166	3.0477	0.0195	45.4571	-0.0029	0.0039	0.9845	1.0007	0.9903	1.4004	0.0066	0.0065	0.0001	0.0065	0.0065	0.0000	0.0001	0.0000	0.0001	0.0088	0.0002	0.0086	0.0001	0.0001	0.0000	0.0087	0.0001	0.0086	0.0155	0.0130	0.0024	0.0010	0.0010	0.0000	0.0145	0.0121	0.0024	0.0114	0.0067	0.0047	0.0009	0.0008	0.0001	0.0105	0.0059	0.0046	0.5543	17.5888	0.0283	63.1412	57.0830	0.0000	0.0105	0.0000	0.0278	0.7752	0.0285	1.8323	0.1062	0.1188	0.0054	0.8306	0.0166	1.8707
95	115	0.2765	7	0	1	0	1	0	0	0	0	N	N	N	N	N	N	N	N	N	N	N	N	116.6240	0.0000	24748.7562	0.4644	0.0000	8128.7091	8863.5319	0.0000	20877.4384	5.8136	0.0000	40.2369	0.0728	0.0000	2.7303	7.1377	0.0000	41.5809	0.0498	0.0682	0.0016	0.1568	0.2103	0.0003	0.0008	0.0000	0.0020	4637071.0862	0.0091	0.4575	-0.0042	0.9845	8.9918	0.9903	13.3277	0.8500	0.0000	0.8500	0.0020	0.0000	0.0020	0.8480	0.0000	0.8480	0.0079	0.0078	0.0001	0.0078	0.0078	0.0000	0.0001	0.0000	0.0001	0.1462	0.1251	0.0211	0.0274	0.0267	0.0007	0.1188	0.0984	0.0204	0.1584	0.1146	0.0437	0.0740	0.0643	0.0097	0.0844	0.0504	0.0341	116.6240	0.0000	24748.7562	0.6881	0.0001	8128.7091	8863.5319	0.0000	20877.4384	0.0498	0.0682	0.0016	0.1058	0.1217	0.0003	0.0008	0.0000	0.0020
96	97	0.0433	3	0	1	1	1	0	0	0	0	N	N	N	N	N	N	N	N	N	N	N	N	0.0000	0.0000	0.0000	0.0000	0.0000	0.0000	0.0001	0.0000	0.0010	0.0000	0.0000	0.0000	0.0002	0.0000	0.0010	27.7385	0.0000	156.5537	0.0003	0.0000	0.0027	37.4016	0.0000	158.6544	inf	inf	0.0000	0.4513	1.0063	1.0165	3.7812	1.0129	0.0000	0.0000	0.0000	0.0000	0.0000	0.0000	0.0000	0.0000	0.0000	0.9809	0.0000	0.9809	0.0000	0.0000	0.0000	0.9809	0.0000	0.9809	0.0154	0.0131	0.0023	0.0007	0.0007	0.0000	0.0147	0.0124	0.0023	0.0354	0.0224	0.0129	0.0091	0.0082	0.0009	0.0262	0.0142	0.0120	0.0000	0.0000	0.0000	0.0000	0.0000	0.0000	0.0000	0.0000	0.0000	27.7385	0.0000	75.7612	0.0003	0.0000	0.0027	37.4016	0.0000	81.5081			
96	98	0.0304	2	0	1	0	1	0	0	0	0	N	N	N	N	N	N	N	N	N	N	N	N	0.0005	0.0129	0.0003	0.3634	0.3295	0.0000	0.0001	0.0000	0.0003	0.0001	0.0001	0.0002	0.0062	0.0062	0.0000	0.0000	0.0000	0.0002	0.2021	0.0068	0.6121	0.0170	0.0189	0.0000	0.2064	0.0018	0.6590	0.3832	38.1112	-0.0000	0.0036	1.0063	2.0241	3.7812	1.0265	0.0000	0.0000	0.0000	0.0000	0.0000	0.0000	0.0000	0.0000	0.0000	0.0084	0.0002	0.0082	0.0002	0.0002	0.0000	0.0082	0.0000	0.0082	0.0296	0.0251	0.0045	0.0004	0.0004	0.0000	0.0293	0.0248	0.0045	0.0501	0.0315	0.0186	0.0103	0.0092	0.0011	0.0398	0.0222	0.0175	0.0006	0.0129	0.0004	0.3634	0.3295	0.0000	0.0001	0.0000	0.0004	0.1675	0.0068	0.4395	0.0170	0.0189	0.0000	0.2064	0.0018	0.4661
96	99	0.0304	2	0	1	1	1	0	0	0	0	N	N	N	N	N	N	N	N	N	N	N	N	inf	inf	inf	inf	0.0000	0.0000	0.0001	0.0000	0.0000	0.0000	0.0000	0.0000	0.0001	0.0000	0.0000	0.0000	0.0000	0.0000	0.0000	0.0000	0.0000	0.0000	inf	0.0000	0.0000	1.0063	3.0066	3.7812	0.0000	0.0000	0.0000	0.0000	0.0000	0.0000	0.0000	0.0000	0.0000	0.0000	0.0000	0.0000	0.0000	0.0000	0.0000	0.0000	0.0000	0.0000	0.0000	0.0434	0.0368	0.0066	0.0004	0.0004	0.0000	0.0430	0.0364	0.0066	0.0494	0.0310	0.0183	0.0101	0.0091	0.0010	0.0392	0.0219	0.0173	inf	0.0000	inf	0.0000	0.0000	0.0000	inf	0.0000	inf	0.0000	0.0000	0.0000	0.0000	0.0000	0.0000	0.0000	0.0000	0.0000						
96	100	0.0827	4	0	1	1	1	0	0	0	0	N	N	N	N	N	N	N	N	N	N	N	N	0.0000	0.0000	0.0000	0.0000	0.0000	0.0000	0.0000	0.0000	0.0000	0.0000	0.0000	0.0000	0.0000	1.3947	0.0000	3.2963	0.0000	0.0000	0.0000	1.1746	0.0000	3.4869	inf	0.0000	0.0135	1.0063	0.0000	3.7812	2.0000	0.0000	0.0000	0.0000	0.0000	0.0000	0.0000	0.0000	0.0000	0.0000	0.0294	0.0000	0.0294	0.0000	0.0000	0.0000	0.0294	0.0000	0.0294	0.0000	0.0000	0.0000	0.0000	0.0000	0.0000	0.0000	0.0000	0.0000	0.0324	0.0205	0.0119	0.0073	0.0066	0.0008	0.0251	0.0139	0.0112	0.0000	0.0000	0.0000	0.0000	0.0000	0.0000	0.0000	0.0000	0.0000	0.9089	0.0000	2.4679	0.0000	0.0000	0.0000	1.1746	0.0000	2.6390						
96	101	0.0437	3	0	1	1	1	0	0	0	0	N	N	N	N	N	N	N	N	N	N	N	N	0.0389	0.0287	0.4922	0.2262	0.2132	0.0000	0.0267	0.0000	0.6705	0.0001	0.0001	0.0000	0.0025	0.0026	0.0000	0.0000	0.0000	0.0000	0.0025	0.0039	0.0000	0.0111	0.0122	0.0001	0.0001	0.0001	0.0000	0.0152	0.0029	-0.0000	-0.0002	1.0063	5.8899	3.7812	3.1847	0.0000	0.0000	0.0000	0.0000	0.0000	0.0000	0.0000	0.0000	0.0000	0.0004	0.0004	0.0000	0.0004	0.0004	0.0000	0.0000	0.0000	0.0000	0.0869	0.0740	0.0130	0.0033	0.0032	0.0001	0.0836	0.0708	0.0129	0.1467	0.0933	0.0535	0.0326	0.0295	0.0031	0.1141	0.0638	0.0504	0.0389	0.0287	0.4922	0.2262	0.2132	0.0000	0.0267	0.0000	0.6705	0.0025	0.0039	0.0000	0.0111	0.0122	0.0001	0.0001	0.0001	0.0000
96	102	0.1955	5	1	2	0	0	0	0	0	0	N	Y	N	N	N	N	N	N	N	N	N	N	0.0000	0.0000	0.0000	0.0000	0.0000	0.0000	0.0000	0.0000	0.0000	0.0000	0.0000	0.0000	0.0000	0.0000	0.0000	0.0000	0.0000	0.0000	0.0000	0.0000	1.0063	0.0000	3.7812	0.0000	0.0000	0.0000	0.0000	0.0000	0.0000	0.0000	0.0000	0.0000	0.0000	0.0000	0.0000	0.0000	0.0000	0.0000	0.0000	0.0000	0.0000	0.0000	0.0000	0.0000	0.0000	0.0000	0.0000	0.0000	0.0000	0.0000	0.0000	0.0000	0.0000	0.0000	0.0000	0.0000	0.0000	0.0000	0.0000	0.0000	0.0000	0.0000	0.0000	0.0000	0.0000	0.0000	0.0000	0.0000	0.0000	0.0000	0.0000	0.0000	0.0000	0.0000	0.0000	0.0000	0.0000	0.0000											
96	103	0.0962	4	1	2	0	0	0	0	0	0	N	Y	N	N	N	N	N	N	N	N	N	N	0.0000	0.0000	0.0000	0.0000	0.0000	0.0000	0.0000	0.0000	0.0000	0.0000	0.0000	0.0000	0.0000	0.0000	0.0000	3.4087	0.0000	14.7167	0.0044	0.0000	0.0358	4.5569	0.0000	15.8390	inf	inf	0.0000	0.4565	1.0063	8.0012	3.7812	14.0016	0.0000	0.0000	0.0000	0.0000	0.0000	0.0000	0.0000	0.0000	0.0000	0.9923	0.0000	0.9923	0.0003	0.0000	0.0003	0.9919	0.0000	0.9919	0.1071	0.0913	0.0158	0.0024	0.0023	0.0001	0.1047	0.0890	0.0157	0.2911	0.1842	0.1069	0.0734	0.0645	0.0089	0.2177	0.1197	0.0980	0.0000	0.0000	0.0000	0.0000	0.0000	0.0000	0.0000	0.0000	0.0000	3.4087	0.0000	9.2794	0.0044	0.0000	0.0358	4.5569	0.0000	10.1219			
96	104	0.1592	5	0	2	0	0	0	0	0	0	N	Y	N	N	N	N	N	N	N	N	N	N	0.0000	0.0000	0.0000	0.0000	0.0000	0.0000	0.0000	0.0000	0.0000	0.0000	0.0000	0.0000	0.0000	0.0000	0.0000	0.0000	0.0000	0.0000	0.0025	0.0040	0.0000	0.0073	0.0086	0.0000	0.0002	0.0003	0.0000	0.0015	0.0000	-0.0001	1.0063	2.0010	3.7812	1.0153	0.0000	0.0000	0.0000	0.0000	0.0000	0.0000	0.0000	0.0000	0.0000	0.0001	0.0001	0.0000	0.0001	0.0001	0.0000	0.0000	0.0000	0.0000	0.0279	0.0237	0.0042	0.0012	0.0011	0.0001	0.0267	0.0226	0.0041	0.0490	0.0314	0.0177	0.0162	0.0137	0.0025	0.0328	0.0177	0.0151	0.0000	0.0000	0.0000	0.0000	0.0000	0.0000	0.0000	0.0000	0.0000	0.0025	0.0040	0.0000	0.0073	0.0086	0.0000	0.0002	0.0003	0.0000	
96	105	0.0962	4	0	2	0	0	0	0	0	0	N	Y	N	N	N	N	N	N	N	N	N	N	0.0002	0.0000	0.0284	0.0000	0.0000	0.0000	0.0065	0.0000	0.0304	0.0000	0.0000	0.0000	0.0000	0.0000	0.0000	0.0000	0.0000	0.0000	0.0256	0.0399	0.0010	0.1403	0.1671	0.0016	0.0007	0.0004	0.0009	inf	0.0144	0.0000	-0.0027	1.0063	3.0162	3.7812	11.0438	0.0000	0.0000	0.0000	0.0000	0.0000	0.0000	0.0000	0.0000	0.0000	0.0051	0.0050	0.0001	0.0050	0.0050	0.0000	0.0001	0.0000	0.0001	0.0423	0.0360	0.0064	0.0010	0.0009	0.0001	0.0414	0.0351	0.0063	0.2000	0.1264	0.0736	0.0512	0.0450	0.0062	0.1488	0.0814	0.0674	0.0002	0.0000	0.0284	0.0000	0.0000	0.0000	0.0065	0.0000	0.0304	0.0256	0.0399	0.0010	0.0982	0.1115	0.0016	0.0007	0.0004	0.0009
96	106	0.0452	3	1	2	0	0	0	0	0	0	N	Y	N	N	N	N	N	N	N	N	N	N	0.0000	0.0000	0.0000	0.0000	0.0000	0.0000	0.0000	0.0000	0.0000	0.0000	0.0000	0.0000	0.0000	0.0000	0.0000	0.0000	0.0000	0.0000	0.0000	0.0000	1.0063	1.0000	3.7812	1.0000	0.0000	0.0000	0.0000	0.0000	0.0000	0.0000	0.0000	0.0000	0.0000	0.0000	0.0000	0.0000	0.0000	0.0000	0.0000	0.0000	0.0000	0.0000	0.0146	0.0124	0.0022	0.0001	0.0001	0.0000	0.0146	0.0123	0.0022	0.0340	0.0220	0.0120	0.0126	0.0098	0.0028	0.0214	0.0122	0.0092	0.0000	0.0000	0.0000	0.0000	0.0000	0.0000	0.0000	0.0000	0.0000	0.0000	0.0000	0.0000	0.0000	0.0000	0.0000	0.0000	0.0000	0.0000											
96	107	0.0411	2	1	2	0	0	0	0	0	0	N	Y	N	N	N	N	N	N	N	N	N	N	0.0000	0.0000	0.0000	0.0000	0.0000	0.0000	0.0000	0.0000	0.0000	0.0000	0.0000	0.0000	0.0000	0.0000	0.0000	58.1205	0.0000	247.7821	0.0560	0.0000	0.2475	87.3024	0.0000	268.7772	inf	0.0000	0.4564	1.0063	0.0000	3.7812	0.9999	0.0000	0.0000	0.0000	0.0000	0.0000	0.0000	0.0000	0.0000	0.0000	0.9922	0.0000	0.9922	0.0003	0.0000	0.0003	0.9918	0.0000	0.9918	0.0000	0.0000	0.0000	0.0000	0.0000	0.0000	0.0000	0.0000	0.0000	0.0171	0.0109	0.0062	0.0057	0.0044	0.0013	0.0114	0.0065	0.0049	0.0000	0.0000	0.0000	0.0000	0.0000	0.0000	0.0000	0.0000	0.0000	58.1205	0.0000	160.9262	0.0560	0.0000	0.2475	87.3024	0.0000	203.5613				
96	115	0.2889	7	0	1	0	0	0	0	0	0	N	N	N	N	N	N	N	N	N	N	N	N	0.0020	0.0012	0.0074	0.0022	0.0015	0.0429	0.0000	0.0000	0.0056	0.0009	0.0011	0.0000	0.0065	0.0067	0.0000	0.0000	0.0000	0.0000	0.4764	0.9002	0.0015	2.9100	4.4706	0.0009	0.1503	0.2518	0.0018	0.0015	0.0014	-0.0001	-0.0858	1.0063	8.9918	3.7812	13.3277	0.0001	0.0001	0.0000	0.0001	0.0001	0.0000	0.0000	0.0000	0.0000	0.1592	0.1590	0.0002	0.1231	0.1231	0.0000	0.0361	0.0359	0.0002	0.1404	0.1218	0.0186	0.0204	0.0197	0.0006	0.1200	0.1021	0.0179	0.5397	0.3894	0.1503	0.2993	0.2467	0.0527	0.2404	0.1427	0.0976	0.0032	0.0027	0.0074	0.0158	0.0134	0.0429	0.0000	0.0000	0.0056	0.2950	0.4083	0.0015	0.4113	0.4989	0.0009	0.1503	0.2518	0.0018
97	99	0.0215	2	0	0	2	2	0	0	0	0	N	N	Y	Y	N	N	N	N	N	N	N	N	inf	inf	inf	inf	0.0025	0.0000	0.0165	0.0000	0.0000	0.0000	0.0026	0.0000	0.0166	0.0000	0.0000	0.0000	0.0000	0.0000	0.0000	0.0000	0.0000	0.0000	inf	0.0001	0.0000	1.0165	3.0066	1.0129	0.0000	0.0001	0.0000	0.0001	0.0000	0.0000	0.0000	0.0001	0.0000	0.0001	0.0000	0.0000	0.0000	0.0000	0.0000	0.0000	0.0000	0.0000	0.0000	0.0454	0.0385	0.0069	0.0021	0.0021	0.0000	0.0432	0.0364	0.0068	0.0145	0.0085	0.0060	0.0011	0.0010	0.0001	0.0134	0.0075	0.0059	inf	0.0000	inf	0.0000	0.0000	0.0000	inf	0.0000	inf	0.0000	0.0000	0.0000	0.0000	0.0000	0.0000	0.0000	0.0000	0.0000						
97	100	0.0739	4	0	0	2	2	0	0	0	0	N	N	Y	Y	N	N	N	N	N	N	N	N	0.0000	0.0000	0.0000	0.0000	0.0000	0.0000	0.0000	0.0000	0.0000	0.0000	0.0000	0.0000	0.0000	0.0000	0.0000	0.0000	0.0000	0.0000	0.0000	0.0000	1.0165	0.0000	1.0129	2.0000	0.0000	0.0000	0.0000	0.0000	0.0000	0.0000	0.0000	0.0000	0.0000	0.0000	0.0000	0.0000	0.0000	0.0000	0.0000	0.0000	0.0000	0.0000	0.0000	0.0000	0.0000	0.0000	0.0000	0.0000	0.0000	0.0000	0.0000	0.0094	0.0056	0.0039	0.0010	0.0008	0.0001	0.0085	0.0047	0.0038	0.0000	0.0000	0.0000	0.0000	0.0000	0.0000	0.0000	0.0000	0.0000	0.0000	0.0000	0.0000	0.0000	0.0000	0.0000	0.0000	0.0000	0.0000											
97	101	0.0348	3	0	0	2	2	0	0	0	0	N	N	Y	Y	N	N	N	N	N	N	N	N	0.2726	0.0000	27.9579	0.0000	0.0000	0.0000	36.5036	104.0927	0.0002	0.0000	0.0013	0.0000	0.0000	0.0000	0.0002	0.0000	0.0013	0.0007	0.0011	0.0000	0.0062	0.0067	0.0015	0.0000	0.0000	0.0000	inf	0.0275	0.0000	-0.0000	1.0165	5.8899	1.0129	3.1847	0.0000	0.0000	0.0000	0.0000	0.0000	0.0000	0.0000	0.0000	0.0000	0.0000	0.0000	0.0000	0.0000	0.0000	0.0000	0.0000	0.0000	0.0000	0.0899	0.0767	0.0132	0.0061	0.0060	0.0002	0.0837	0.0708	0.0130	0.0442	0.0264	0.0177	0.0048	0.0044	0.0004	0.0394	0.0221	0.0173	0.2726	0.0000	27.9579	0.0000	0.0000	0.0000	36.5036	0.0000	104.0927	0.0007	0.0011	0.0000	0.0062	0.0067	0.0015	0.0000	0.0000	0.0000	
97	102	0.1867	5	1	1	1	1	0	0	0	0	N	N	N	N	N	N	N	N	N	N	N	N	0.0000	0.0000	0.0000	0.0000	0.0000	0.0000	0.0000	0.0000	0.0000	0.0000	0.0000	0.0000	0.0000	0.0000	0.0000	0.0000	0.0000	0.0000	0.0000	0.0000	1.0165	0.0000	1.0129	0.0000	0.0000	0.0000	0.0000	0.0000	0.0000	0.0000	0.0000	0.0000	0.0000	0.0000	0.0000	0.0000	0.0000	0.0000	0.0000	0.0000	0.0000	0.0000	0.0000	0.0000	0.0000	0.0000	0.0000	0.0000	0.0000	0.0000	0.0000	0.0000	0.0000	0.0000	0.0000	0.0000	0.0000	0.0000	0.0000	0.0000	0.0000	0.0000	0.0000	0.0000	0.0000	0.0000	0.0000	0.0000	0.0000	0.0000	0.0000	0.0000	0.0000	0.0000	0.0000	0.0000	0.0000	0.0000											
97	103	0.0874	4	1	1	1	1	0	0	0	0	N	N	N	N	N	N	N	N	N	N	N	N	inf	inf	inf	inf	0.0002	0.0000	0.0015	0.0000	0.0000	0.0000	0.0002	0.0000	0.0015	0.0000	0.0000	0.0000	0.0000	0.0000	0.0000	0.0000	0.0000	0.0000	inf	0.0000	0.0000	1.0165	8.0012	1.0129	14.0016	0.0000	0.0000	0.0000	0.0000	0.0000	0.0000	0.0000	0.0000	0.0000	0.0000	0.0000	0.0000	0.0000	0.0000	0.0000	0.0000	0.0000	0.0000	0.1109	0.0948	0.0160	0.0066	0.0064	0.0002	0.1042	0.0884	0.0158	0.0867	0.0509	0.0358	0.0061	0.0056	0.0005	0.0806	0.0453	0.0353	inf	0.0000	inf	0.0000	0.0000	0.0000	inf	0.0000	inf	0.0000	0.0000	0.0000	0.0000	0.0000	0.0000	0.0000	0.0000	0.0000						
97	104	0.1503	5	0	1	1	1	0	0	0	0	N	N	N	N	N	N	N	N	N	N	N	N	0.0000	0.0000	0.0000	0.0000	0.0000	0.0000	0.0000	0.0000	0.0000	0.0000	0.0000	0.0000	0.0000	0.0000	0.0000	0.0000	0.0000	0.0000	0.0009	0.0014	0.0001	0.0043	0.0052	0.0004	0.0000	0.0000	0.0000	0.0318	0.0000	-0.0000	1.0165	2.0010	1.0129	1.0153	0.0000	0.0000	0.0000	0.0000	0.0000	0.0000	0.0000	0.0000	0.0000	0.0000	0.0000	0.0000	0.0000	0.0000	0.0000	0.0000	0.0000	0.0000	0.0289	0.0247	0.0042	0.0023	0.0022	0.0001	0.0266	0.0224	0.0041	0.0143	0.0086	0.0057	0.0029	0.0024	0.0005	0.0114	0.0062	0.0052	0.0000	0.0000	0.0000	0.0000	0.0000	0.0000	0.0000	0.0000	0.0000	0.0009	0.0014	0.0001	0.0043	0.0052	0.0004	0.0000	0.0000	0.0000	
97	105	0.0874	4	0	1	1	1	0	0	0	0	N	N	N	N	N	N	N	N	N	N	N	N	0.0211	0.0000	8.8969	0.0000	0.0000	3.1383	8.8950	0.0005	0.0000	0.0036	0.0000	0.0000	0.0000	0.0006	0.0000	0.0037	0.0253	0.0429	0.0004	2.4177	2.6982	0.0000	0.0002	0.0000	0.0004	inf	0.0067	0.0000	-0.0008	1.0165	3.0162	1.0129	11.0438	0.0000	0.0000	0.0000	0.0000	0.0000	0.0000	0.0000	0.0000	0.0000	0.0015	0.0015	0.0000	0.0015	0.0015	0.0000	0.0000	0.0000	0.0000	0.0440	0.0375	0.0065	0.0027	0.0026	0.0001	0.0413	0.0349	0.0064	0.0589	0.0345	0.0244	0.0041	0.0038	0.0003	0.0548	0.0307	0.0241	0.0211	0.0000	8.8969	0.0000	0.0000	0.0000	3.1383	0.0000	8.8950	0.0253	0.0429	0.0004	0.3588	0.3906	0.0000	0.0002	0.0000	0.0004		
97	106	0.0565	5	1	1	1	1	0	0	0	0	N	N	N	N	N	N	N	N	N	N	N	N	0.0000	0.0000	0.0000	0.0000	0.0000	0.0000	0.0000	0.0000	0.0000	0.0000	0.0000	0.0000	0.0000	0.0000	0.0000	0.0000	0.0000	0.0000	0.0000	0.0000	1.0165	1.0000	1.0129	1.0000	0.0000	0.0000	0.0000	0.0000	0.0000	0.0000	0.0000	0.0000	0.0000	0.0000	0.0000	0.0000	0.0000	0.0000	0.0000	0.0000	0.0000	0.0000	0.0152	0.0129	0.0023	0.0006	0.0006	0.0000	0.0145	0.0123	0.0023	0.0100	0.0061	0.0038	0.0025	0.0021	0.0004	0.0075	0.0041	0.0034	0.0000	0.0000	0.0000	0.0000	0.0000	0.0000	0.0000	0.0000	0.0000	0.0000	0.0000	0.0000	0.0000	0.0000	0.0000	0.0000	0.0000	0.0000											
97	107	0.0524	4	1	1	1	1	0	0	0	0	N	N	N	N	N	N	N	N	N	N	N	N	0.0000	0.0000	0.0000	0.0000	0.0000	0.0000	0.0000	0.0000	0.0000	0.0000	0.0000	0.0000	0.0000	0.0000	0.0000	0.0000	0.0000	0.0000	0.0000	0.0000	1.0165	0.0000	1.0129	0.9999	0.0000	0.0000	0.0000	0.0000	0.0000	0.0000	0.0000	0.0000	0.0000	0.0000	0.0000	0.0000	0.0000	0.0000	0.0000	0.0000	0.0000	0.0000	0.0000	0.0000	0.0000	0.0000	0.0000	0.0000	0.0000	0.0000	0.0000	0.0050	0.0030	0.0020	0.0010	0.0008	0.0002	0.0040	0.0022	0.0018	0.0000	0.0000	0.0000	0.0000	0.0000	0.0000	0.0000	0.0000	0.0000	0.0000	0.0000	0.0000	0.0000	0.0000	0.0000	0.0000	0.0000	0.0000											
97	108	0.0316	3	1	1	1	1	0	0	0	0	N	N	N	N	N	N	N	N	N	N	N	N	0.0058	0.0000	185762.2556	0.0000	0.0000	47385.8740	0.0000	173190.7318	0.0078	0.0000	0.0396	0.0000	0.0000	0.0000	0.0105	0.0000	0.0396	1.3614	2.6230	0.0000	94.5831	75.6160	0.0000	0.0000	0.0000	0.0000	inf	0.0000	0.0000	-0.0164	1.0165	0.0100	1.0129	4.8896	0.0000	0.0000	0.0000	0.0000	0.0000	0.0000	0.0000	0.0000	0.0000	0.0304	0.0304	0.0000	0.0304	0.0304	0.0000	0.0000	0.0000	0.0000	0.0003	0.0002	0.0001	0.0001	0.0001	0.0000	0.0002	0.0002	0.0001	0.0358	0.0227	0.0131	0.0092	0.0083	0.0009	0.0267	0.0144	0.0122	0.0092	0.0000	185762.2556	0.0000	0.0000	0.0000	47385.8740	0.0000	173190.7318	0.8490	1.3407	0.0000	3.3191	3.6881	0.0000	0.0000	0.0000	0.0000	
97	109	0.0215	2	0	1	1	1	0	0	0	0	N	N	N	N	N	N	N	N	N	N	N	N	0.0052	0.0065	0.0142	0.0031	0.0024	0.0075	0.0136	0.0073	0.0002	0.0451	0.0023	0.0023	0.0000	0.0076	0.0000	0.0453	1.4052	0.0255	3.1737	0.7383	0.9519	0.0000	1.0200	0.0000	3.3307	51.3337	63.0354	0.0001	0.0050	1.0165	1.0007	1.0129	1.4004	0.0001	0.0000	0.0001	0.0000	0.0000	0.0000	0.0001	0.0000	0.0001	0.0112	0.0002	0.0110	0.0002	0.0002	0.0000	0.0110	0.0000	0.0110	0.0159	0.0134	0.0025	0.0010	0.0010	0.0000	0.0149	0.0124	0.0025	0.0117	0.0068	0.0048	0.0009	0.0008	0.0001	0.0108	0.0061	0.0047	0.0076	0.0065	0.0198	0.0114	0.0102	0.0000	0.0075	0.0000	0.0195	0.9578	0.0255	2.2754	0.1977	0.2228	0.0000	1.0200	0.0000	2.3232		
97	115	0.2800	7	0	0	1	1	0	0	0	0	N	N	N	N	N	N	N	N	N	N	N	N	2.0009	1.7257	0.0000	3.4207	2.7677	0.0000	0.0000	0.0000	0.0994	0.1161	0.0000	0.5329	0.5476	0.0000	0.0000	0.0000	0.0000	0.0497	0.0673	0.0035	0.1558	0.1978	0.0105	0.0006	0.0000	0.0015	0.0000	0.0199	-0.0069	-0.0042	1.0165	8.9918	1.0129	13.3277	0.0150	0.0150	0.0000	0.0150	0.0150	0.0000	0.0000	0.0000	0.0000	0.0081	0.0079	0.0002	0.0080	0.0079	0.0001	0.0001	0.0000	0.0001	0.1505	0.1288	0.0217	0.0281	0.0273	0.0008	0.1224	0.1015	0.0209	0.1625	0.1176	0.0449	0.0759	0.0659	0.0099	0.0866	0.0517	0.0350	2.0009	1.7257	0.0000	5.0419	4.5625	0.0000	0.0000	0.0000	0.0000	0.0497	0.0673	0.0035	0.1057	0.1200	0.0105	0.0006	0.0000	0.0015	
98	100	0.0653	3	0	0	1	2	0	0	0	0	N	N	N	Y	N	N	N	N	N	N	N	N	0.0000	0.0000	0.0000	0.0000	0.0000	0.0000	0.0000	0.0000	0.0000	0.0000	0.0000	0.0000	0.0000	0.0000	0.0000	0.0000	0.0000	0.0000	0.0000	0.0000	2.0241	0.0000	1.0265	2.0000	0.0000	0.0000	0.0000	0.0000	0.0000	0.0000	0.0000	0.0000	0.0000	0.0000	0.0000	0.0000	0.0000	0.0000	0.0000	0.0000	0.0000	0.0000	0.0000	0.0000	0.0000	0.0000	0.0000	0.0000	0.0000	0.0000	0.0000	0.0136	0.0078	0.0058	0.0003	0.0003	0.0000	0.0132	0.0075	0.0057	0.0000	0.0000	0.0000	0.0000	0.0000	0.0000	0.0000	0.0000	0.0000	0.0000	0.0000	0.0000	0.0000	0.0000	0.0000	0.0000	0.0000	0.0000											
98	101	0.0262	2	0	0	1	2	0	0	0	0	N	N	N	Y	N	N	N	N	N	N	N	N	0.0013	0.0005	inf	0.0001	0.0001	inf	inf	0.0001	0.0001	0.0002	0.0025	0.0026	0.0000	0.0000	0.0000	0.0002	0.0983	0.2275	0.0000	43.9598	41.0390	0.0000	0.0000	0.0000	0.0000	0.3832	0.0000	-0.0000	-0.0034	2.0241	5.8899	1.0265	3.1847	0.0000	0.0000	0.0000	0.0000	0.0000	0.0000	0.0000	0.0000	0.0000	0.0063	0.0063	0.0000	0.0063	0.0063	0.0000	0.0000	0.0000	0.0000	0.1736	0.1478	0.0257	0.0065	0.0063	0.0002	0.1671	0.1416	0.0255	0.0638	0.0373	0.0265	0.0025	0.0024	0.0001	0.0613	0.0349	0.0264	0.0013	0.0007	inf	0.0010	0.0010	0.0000	inf	0.0000	inf	0.0983	0.1680	0.0000	2.5122	2.5988	0.0000	0.0000	0.0000	0.0000		
98	102	0.1781	4	1	1	0	1	0	0	0	0	N	N	N	N	N	N	N	N	N	N	N	N	0.0000	0.0000	0.0000	0.0000	0.0000	0.0000	0.0000	0.0000	0.0000	0.0000	0.0000	0.0000	0.0000	0.0000	0.0000	0.0000	0.0000	0.0000	0.0000	0.0000	2.0241	0.0000	1.0265	0.0000	0.0000	0.0000	0.0000	0.0000	0.0000	0.0000	0.0000	0.0000	0.0000	0.0000	0.0000	0.0000	0.0000	0.0000	0.0000	0.0000	0.0000	0.0000	0.0000	0.0000	0.0000	0.0000	0.0000	0.0000	0.0000	0.0000	0.0000	0.0000	0.0000	0.0000	0.0000	0.0000	0.0000	0.0000	0.0000	0.0000	0.0000	0.0000	0.0000	0.0000	0.0000	0.0000	0.0000	0.0000	0.0000	0.0000	0.0000	0.0000	0.0000	0.0000	0.0000	0.0000	0.0000	0.0000											
98	103	0.0788	3	1	1	0	1	0	0	0	0	N	N	N	N	N	N	N	N	N	N	N	N	0.3124	0.1831	1.5002	inf	inf	0.0819	0.0000	1.4593	0.0002	0.0001	0.0003	0.0041	0.0044	0.0000	0.0000	0.0000	0.0003	0.0005	0.0007	0.0002	0.0000	0.0000	0.0000	0.0005	0.0008	0.0002	0.3832	0.2000	-0.0000	-0.0000	2.0241	8.0012	1.0265	14.0016	0.0000	0.0000	0.0000	0.0000	0.0000	0.0000	0.0000	0.0000	0.0000	0.0001	0.0001	0.0000	0.0000	0.0000	0.0000	0.0001	0.0001	0.0000	0.2138	0.1825	0.0313	0.0056	0.0053	0.0003	0.2082	0.1771	0.0310	0.1243	0.0717	0.0526	0.0098	0.0079	0.0019	0.1145	0.0638	0.0507	0.3124	0.1831	1.5002	inf	inf	0.0000	0.0819	0.0000	1.4593	0.0005	0.0007	0.0002	0.0000	0.0000	0.0000	0.0005	0.0008	0.0002	
98	104	0.1417	4	0	1	0	1	0	0	0	0	N	N	N	N	N	N	N	N	N	N	N	N	0.0000	0.0000	0.0000	0.0000	0.0000	0.0000	0.0000	0.0000	0.0000	0.0000	0.0000	0.0000	0.0000	0.0000	0.0000	0.0000	0.0000	0.0844	0.1539	0.0000	3.2954	5.8557	0.0000	0.0030	0.0055	0.0000	0.0000	0.0000	-0.0009	2.0241	2.0010	1.0265	1.0153	0.0000	0.0000	0.0000	0.0000	0.0000	0.0000	0.0000	0.0000	0.0000	0.0017	0.0017	0.0000	0.0017	0.0017	0.0000	0.0000	0.0000	0.0000	0.0557	0.0474	0.0083	0.0026	0.0024	0.0002	0.0530	0.0449	0.0081	0.0206	0.0121	0.0085	0.0038	0.0030	0.0009	0.0168	0.0092	0.0076	0.0000	0.0000	0.0000	0.0000	0.0000	0.0000	0.0000	0.0000	0.0000	0.0844	0.1433	0.0000	0.4392	0.5685	0.0000	0.0030	0.0055	0.0000		
98	105	0.0788	3	0	1	0	1	0	0	0	0	N	N	N	N	N	N	N	N	N	N	N	N	0.0000	0.0000	2.4735	0.0000	0.0000	0.0000	17.5101	0.0000	86.6438	0.0004	0.0003	0.0007	0.0104	0.0109	0.0000	0.0001	0.0000	0.0007	12.2501	21.5136	0.0003	846.5323	887.3711	0.0078	0.0000	0.0000	0.0000	0.3832	0.0000	-0.0000	-0.5382	2.0241	3.0162	1.0265	11.0438	0.0000	0.0000	0.0000	0.0000	0.0000	0.0000	0.0000	0.0000	0.0000	0.9969	0.9969	0.0000	0.9969	0.9969	0.0000	0.0000	0.0000	0.0000	0.0846	0.0720	0.0126	0.0022	0.0021	0.0001	0.0823	0.0698	0.0125	0.0844	0.0485	0.0359	0.0066	0.0053	0.0013	0.0778	0.0432	0.0346	0.0000	0.0000	2.4735	0.0001	0.0001	0.0000	17.5101	0.0000	86.6438	11.8058	20.5441	0.0003	151.2753	187.9198	0.0078	0.0000	0.0000	0.0000
98	106	0.0479	4	1	1	0	1	0	0	0	0	N	N	N	N	N	N	N	N	N	N	N	N	0.0000	0.0000	0.0000	0.0000	0.0000	0.0000	0.0000	0.0000	0.0000	0.0000	0.0000	0.0000	0.0000	0.0000	0.0000	0.0000	0.0000	0.0000	0.0000	0.0000	2.0241	1.0000	1.0265	1.0000	0.0000	0.0000	0.0000	0.0000	0.0000	0.0000	0.0000	0.0000	0.0000	0.0000	0.0000	0.0000	0.0000	0.0000	0.0000	0.0000	0.0000	0.0000	0.0292	0.0248	0.0044	0.0002	0.0002	0.0000	0.0290	0.0245	0.0044	0.0144	0.0087	0.0057	0.0026	0.0021	0.0005	0.0117	0.0066	0.0051	0.0000	0.0000	0.0000	0.0000	0.0000	0.0000	0.0000	0.0000	0.0000	0.0000	0.0000	0.0000	0.0000	0.0000	0.0000	0.0000	0.0000	0.0000											
98	107	0.0438	3	1	1	0	1	0	0	0	0	N	N	N	N	N	N	N	N	N	N	N	N	0.0000	0.0000	0.0000	0.0000	0.0000	0.0000	0.0000	0.0000	0.0000	0.0000	0.0000	0.0000	0.0000	0.0000	0.0000	0.0069	0.0094	0.0034	0.0000	0.0000	0.0000	0.0079	0.0113	0.0036	0.2500	0.0000	-0.0000	2.0241	0.0000	1.0265	0.9999	0.0000	0.0000	0.0000	0.0000	0.0000	0.0000	0.0000	0.0000	0.0000	0.0000	0.0000	0.0000	0.0000	0.0000	0.0000	0.0000	0.0000	0.0000	0.0000	0.0000	0.0000	0.0000	0.0000	0.0000	0.0000	0.0000	0.0000	0.0072	0.0043	0.0029	0.0009	0.0007	0.0002	0.0063	0.0036	0.0028	0.0000	0.0000	0.0000	0.0000	0.0000	0.0000	0.0000	0.0000	0.0000	0.0069	0.0094	0.0034	0.0000	0.0000	0.0000	0.0079	0.0113	0.0036				
98	108	0.0230	2	1	1	0	1	0	0	0	0	N	N	N	N	N	N	N	N	N	N	N	N	0.0094	1.0641	0.0051	1.9345	1.7720	0.0000	0.0042	0.0000	0.0050	0.0057	0.0051	0.0082	0.0177	0.0177	0.0000	0.0020	0.0000	0.0082	0.5991	0.0048	1.5849	0.0091	0.0100	0.0018	0.4799	0.0026	1.6320	0.3832	127.8771	-0.0000	0.0088	2.0241	0.0100	1.0265	4.8896	0.0000	0.0000	0.0000	0.0000	0.0000	0.0000	0.0000	0.0000	0.0000	0.0195	0.0002	0.0194	0.0001	0.0001	0.0000	0.0194	0.0001	0.0194	0.0005	0.0004	0.0001	0.0001	0.0001	0.0000	0.0004	0.0003	0.0001	0.0508	0.0319	0.0189	0.0103	0.0092	0.0011	0.0405	0.0227	0.0178	0.0147	1.0641	0.0079	1.9345	1.7720	0.0000	0.0042	0.0000	0.0075	0.3845	0.0048	1.0254	0.0091	0.0100	0.0018	0.4799	0.0026	1.0864
98	115	0.2714	6	0	0	0	1	0	0	0	0	N	N	N	N	N	N	N	N	N	N	N	N	19.6510	18.6883	38.2694	29.2796	65.5976	1.2618	22.9288	0.0000	61.5672	0.0735	0.0247	0.3886	0.1427	0.1463	0.0271	0.0612	0.0000	0.4013	0.0037	0.0013	0.0102	0.0049	0.0022	0.0214	0.0027	0.0001	0.0065	2.4408	2.9015	0.0051	0.0002	2.0241	8.9918	1.0265	13.3277	0.0207	0.0060	0.0147	0.0061	0.0060	0.0000	0.0147	0.0000	0.0147	0.0009	0.0002	0.0007	0.0006	0.0002	0.0003	0.0003	0.0000	0.0003	0.2823	0.2444	0.0378	0.0425	0.0412	0.0013	0.2398	0.2032	0.0366	0.2443	0.1774	0.0669	0.1185	0.1021	0.0163	0.1258	0.0753	0.0506	19.6510	18.6883	38.2694	29.2796	65.5976	1.2618	22.9288	0.0000	61.5672	0.0037	0.0013	0.0102	0.0049	0.0022	0.0214	0.0027	0.0001	0.0065
99	100	0.0648	3	0	0	2	2	0	0	0	0	N	N	Y	Y	N	N	N	N	N	N	N	N	0.0000	0.0000	0.0000	0.0000	0.0000	0.0000	0.0000	0.0000	0.0000	0.0000	0.0000	0.0000	0.0000	0.0000	0.0000	0.0000	0.0000	0.0000	0.0000	0.0000	3.0066	0.0000	0.0000	2.0000	0.0000	0.0000	0.0000	0.0000	0.0000	0.0000	0.0000	0.0000	0.0000	0.0000	0.0000	0.0000	0.0000	0.0000	0.0000	0.0000	0.0000	0.0000	0.0000	0.0000	0.0000	0.0000	0.0000	0.0000	0.0000	0.0000	0.0000	0.0134	0.0077	0.0057	0.0003	0.0003	0.0000	0.0131	0.0074	0.0057	0.0000	0.0000	0.0000	0.0000	0.0000	0.0000	0.0000	0.0000	0.0000	0.0000	0.0000	0.0000	0.0000	0.0000	0.0000	0.0000	0.0000	0.0000											
99	101	0.0257	2	0	0	2	2	0	0	0	0	N	N	Y	Y	N	N	N	N	N	N	N	N	inf	inf	inf	inf	inf	inf	inf	0.0055	0.0064	0.0002	0.1521	0.1582	0.0000	0.0000	0.0000	0.0002	0.0000	0.0000	0.0000	0.0000	0.0000	0.0000	0.0000	0.0000	0.0000	0.0046	-0.0006	0.0000	3.0066	5.8899	0.0000	3.1847	0.0014	0.0014	0.0000	0.0014	0.0014	0.0000	0.0000	0.0000	0.0000	0.0000	0.0000	0.0000	0.0000	0.0000	0.0000	0.0000	0.0000	0.0000	0.2545	0.2169	0.0376	0.0091	0.0088	0.0004	0.2454	0.2081	0.0373	0.0629	0.0368	0.0261	0.0025	0.0024	0.0001	0.0604	0.0344	0.0260	inf	inf	inf	inf	inf	0.0000	inf	0.0000	inf	0.0000	0.0000	0.0000	0.0000	0.0000	0.0000	0.0000	0.0000	0.0000			
99	102	0.1776	4	1	1	1	1	0	0	0	0	N	N	N	N	N	N	N	N	N	N	N	N	0.0000	0.0000	0.0000	0.0000	0.0000	0.0000	0.0000	0.0000	0.0000	0.0000	0.0000	0.0000	0.0000	0.0000	0.0000	0.0000	0.0000	0.0000	0.0000	0.0000	3.0066	0.0000	0.0000	0.0000	0.0000	0.0000	0.0000	0.0000	0.0000	0.0000	0.0000	0.0000	0.0000	0.0000	0.0000	0.0000	0.0000	0.0000	0.0000	0.0000	0.0000	0.0000	0.0000	0.0000	0.0000	0.0000	0.0000	0.0000	0.0000	0.0000	0.0000	0.0000	0.0000	0.0000	0.0000	0.0000	0.0000	0.0000	0.0000	0.0000	0.0000	0.0000	0.0000	0.0000	0.0000	0.0000	0.0000	0.0000	0.0000	0.0000	0.0000	0.0000	0.0000	0.0000	0.0000	0.0000	0.0000	0.0000											
99	103	0.0783	3	1	1	1	1	0	0	0	0	N	N	N	N	N	N	N	N	N	N	N	N	inf	inf	inf	inf	inf	inf	inf	3.1906	3.7368	0.0002	129.5449	137.1717	0.0000	0.0000	0.0000	0.0002	0.0000	0.0000	0.0000	0.0000	0.0000	0.0000	0.0000	0.0000	0.0000	0.0000	-0.4617	0.0000	3.0066	8.0012	0.0000	14.0016	1.0000	1.0000	0.0000	1.0000	1.0000	0.0000	0.0000	0.0000	0.0000	0.0000	0.0000	0.0000	0.0000	0.0000	0.0000	0.0000	0.0000	0.0000	0.3134	0.2676	0.0458	0.0077	0.0073	0.0004	0.3057	0.2603	0.0454	0.1226	0.0707	0.0519	0.0096	0.0078	0.0019	0.1129	0.0629	0.0500	inf	inf	inf	inf	inf	0.0000	inf	0.0000	inf	0.0000	0.0000	0.0000	0.0000	0.0000	0.0000	0.0000	0.0000	0.0000			
99	104	0.1412	4	0	1	1	1	0	0	0	0	N	N	N	N	N	N	N	N	N	N	N	N	inf	inf	inf	inf	inf	inf	12.2021	0.0000	82.2507	268.7461	0.0000	3754.2169	0.0009	0.0000	0.0059	0.0000	0.0000	0.0000	0.0000	0.0000	0.0000	0.0000	0.0000	0.0000	inf	0.5359	0.0000	3.0066	2.0010	0.0000	1.0153	0.9956	0.0000	0.9956	0.9955	0.0000	0.9955	0.0001	0.0000	0.0001	0.0000	0.0000	0.0000	0.0000	0.0000	0.0000	0.0000	0.0000	0.0000	0.0816	0.0695	0.0121	0.0037	0.0034	0.0003	0.0779	0.0661	0.0118	0.0203	0.0120	0.0084	0.0038	0.0029	0.0009	0.0165	0.0090	0.0075	inf	0.0000	inf	inf	0.0000	inf	inf	0.0000	inf	0.0000	0.0000	0.0000	0.0000	0.0000	0.0000	0.0000	0.0000	0.0000				
99	105	0.0783	3	0	1	1	1	0	0	0	0	N	N	N	N	N	N	N	N	N	N	N	N	inf	inf	inf	inf	inf	inf	inf	inf	0.0360	0.0009	0.2368	1.4496	0.0310	26.4861	0.0001	0.0000	0.0005	0.0000	0.0000	0.0000	0.0000	0.0000	0.0000	0.0000	0.0000	0.0000	48.5454	0.0023	0.0000	3.0066	3.0162	0.0000	11.0438	0.0045	0.0001	0.0044	0.0044	0.0001	0.0044	0.0000	0.0000	0.0000	0.0000	0.0000	0.0000	0.0000	0.0000	0.0000	0.0000	0.0000	0.0000	0.1240	0.1055	0.0185	0.0031	0.0029	0.0002	0.1209	0.1026	0.0183	0.0833	0.0478	0.0354	0.0065	0.0052	0.0013	0.0768	0.0426	0.0341	inf	inf	inf	inf	inf	inf	inf	0.0000	inf	0.0000	0.0000	0.0000	0.0000	0.0000	0.0000	0.0000	0.0000	0.0000		
99	106	0.0474	4	1	1	1	1	0	0	0	0	N	N	N	N	N	N	N	N	N	N	N	N	0.0000	0.0000	0.0000	0.0000	0.0000	0.0000	0.0000	0.0000	0.0000	0.0000	0.0000	0.0000	0.0000	0.0000	0.0000	0.0000	0.0000	0.0000	0.0000	0.0000	3.0066	1.0000	0.0000	1.0000	0.0000	0.0000	0.0000	0.0000	0.0000	0.0000	0.0000	0.0000	0.0000	0.0000	0.0000	0.0000	0.0000	0.0000	0.0000	0.0000	0.0000	0.0000	0.0428	0.0363	0.0065	0.0003	0.0003	0.0000	0.0425	0.0361	0.0065	0.0142	0.0086	0.0056	0.0026	0.0021	0.0005	0.0116	0.0065	0.0051	0.0000	0.0000	0.0000	0.0000	0.0000	0.0000	0.0000	0.0000	0.0000	0.0000	0.0000	0.0000	0.0000	0.0000	0.0000	0.0000	0.0000	0.0000											
99	107	0.0433	3	1	1	1	1	0	0	0	0	N	N	N	N	N	N	N	N	N	N	N	N	0.0000	0.0000	0.0000	0.0000	0.0000	0.0000	0.0000	0.0000	0.0000	0.0000	0.0000	0.0000	0.0000	0.0000	0.0000	0.0000	0.0000	0.0000	0.0000	0.0000	3.0066	0.0000	0.0000	0.9999	0.0000	0.0000	0.0000	0.0000	0.0000	0.0000	0.0000	0.0000	0.0000	0.0000	0.0000	0.0000	0.0000	0.0000	0.0000	0.0000	0.0000	0.0000	0.0000	0.0000	0.0000	0.0000	0.0000	0.0000	0.0000	0.0000	0.0000	0.0071	0.0042	0.0029	0.0009	0.0007	0.0002	0.0062	0.0035	0.0027	0.0000	0.0000	0.0000	0.0000	0.0000	0.0000	0.0000	0.0000	0.0000	0.0000	0.0000	0.0000	0.0000	0.0000	0.0000	0.0000	0.0000	0.0000											
99	108	0.0225	2	1	1	1	1	0	0	0	0	N	N	N	N	N	N	N	N	N	N	N	N	inf	inf	inf	inf	0.0011	0.0000	0.0057	0.0000	0.0000	0.0000	0.0014	0.0000	0.0057	0.0000	0.0000	0.0000	0.0000	0.0000	0.0000	0.0000	0.0000	0.0000	inf	0.0000	0.0000	3.0066	0.0100	0.0000	4.8896	0.0000	0.0000	0.0000	0.0000	0.0000	0.0000	0.0000	0.0000	0.0000	0.0000	0.0000	0.0000	0.0000	0.0000	0.0000	0.0000	0.0000	0.0000	0.0008	0.0006	0.0002	0.0002	0.0002	0.0000	0.0006	0.0005	0.0002	0.0500	0.0314	0.0186	0.0101	0.0091	0.0010	0.0399	0.0223	0.0176	inf	0.0000	inf	0.0000	0.0000	0.0000	inf	0.0000	inf	0.0000	0.0000	0.0000	0.0000	0.0000	0.0000	0.0000	0.0000	0.0000						
99	115	0.2709	6	0	0	1	1	0	0	0	0	N	N	N	N	N	N	N	N	N	N	N	N	inf	inf	inf	inf	inf	inf	0.2984	0.3441	0.0000	0.3707	0.3824	0.0000	0.2858	0.3365	0.0000	0.0000	0.0000	0.0000	0.0000	0.0000	0.0000	0.0000	0.0000	0.0000	0.0000	-0.0569	0.0000	3.0066	8.9918	0.0000	13.3277	0.1232	0.1232	0.0000	0.0227	0.0227	0.0000	0.1005	0.1005	0.0000	0.0000	0.0000	0.0000	0.0000	0.0000	0.0000	0.0000	0.0000	0.0000	0.4129	0.3580	0.0548	0.0612	0.0594	0.0019	0.3517	0.2987	0.0530	0.2408	0.1749	0.0659	0.1168	0.1007	0.0161	0.1240	0.0742	0.0498	inf	inf	0.0000	inf	inf	0.0000	inf	inf	0.0000	0.0000	0.0000	0.0000	0.0000	0.0000	0.0000	0.0000	0.0000	0.0000				
100	102	0.1993	4	1	1	1	1	0	0	0	0	N	N	N	N	N	N	N	N	N	N	N	N	0.0000	0.0000	0.0000	0.0000	0.0000	0.0000	0.0000	0.0000	0.0000	0.0000	0.0000	0.0000	0.0000	0.0000	0.0000	0.0000	0.0000	0.0000	0.0000	0.0000	0.0000	0.0000	2.0000	0.0000	0.0000	0.0000	0.0000	0.0000	0.0000	0.0000	0.0000	0.0000	0.0000	0.0000	0.0000	0.0000	0.0000	0.0000	0.0000	0.0000	0.0000	0.0000	0.0000	0.0000	0.0000	0.0000	0.0000	0.0000	0.0000	0.0000	0.0000	0.0000	0.0000	0.0000	0.0000	0.0000	0.0000	0.0000	0.0000	0.0000	0.0000	0.0000	0.0000	0.0000	0.0000	0.0000	0.0000	0.0000	0.0000	0.0000	0.0000	0.0000	0.0000	0.0000	0.0000	0.0000	0.0000	0.0000											
100	103	0.1000	3	1	1	1	1	0	0	0	0	N	N	N	N	N	N	N	N	N	N	N	N	0.0000	0.0000	0.0000	0.0000	0.0000	0.0000	0.0000	0.0000	0.0000	0.0000	0.0000	0.0000	0.0000	0.0000	0.0000	0.0000	0.0000	0.0000	0.0000	0.0000	0.0000	8.0012	2.0000	14.0016	0.0000	0.0000	0.0000	0.0000	0.0000	0.0000	0.0000	0.0000	0.0000	0.0000	0.0000	0.0000	0.0000	0.0000	0.0000	0.0000	0.0000	0.0000	0.0000	0.0000	0.0000	0.0000	0.0000	0.0000	0.0000	0.0000	0.0000	0.0793	0.0451	0.0342	0.0065	0.0051	0.0013	0.0728	0.0399	0.0329	0.0000	0.0000	0.0000	0.0000	0.0000	0.0000	0.0000	0.0000	0.0000	0.0000	0.0000	0.0000	0.0000	0.0000	0.0000	0.0000	0.0000	0.0000											
100	104	0.1629	4	0	1	1	1	0	0	0	0	N	N	N	N	N	N	N	N	N	N	N	N	0.0000	0.0000	0.0000	0.0000	0.0000	0.0000	0.0000	0.0000	0.0000	0.0000	0.0000	0.0000	0.0000	0.0000	0.0000	0.0000	0.0000	0.0000	0.0000	0.0000	0.0000	2.0010	2.0000	1.0153	0.0000	0.0000	0.0000	0.0000	0.0000	0.0000	0.0000	0.0000	0.0000	0.0000	0.0000	0.0000	0.0000	0.0000	0.0000	0.0000	0.0000	0.0000	0.0000	0.0000	0.0000	0.0000	0.0000	0.0000	0.0000	0.0000	0.0000	0.0132	0.0077	0.0055	0.0026	0.0020	0.0006	0.0106	0.0057	0.0049	0.0000	0.0000	0.0000	0.0000	0.0000	0.0000	0.0000	0.0000	0.0000	0.0000	0.0000	0.0000	0.0000	0.0000	0.0000	0.0000	0.0000	0.0000											
100	105	0.1000	3	0	1	1	1	0	0	0	0	N	N	N	N	N	N	N	N	N	N	N	N	0.0000	0.0000	0.0000	0.0000	0.0000	0.0000	0.0000	0.0000	0.0000	0.0000	0.0000	0.0000	0.0000	0.0000	0.0000	0.0000	0.0000	0.0000	0.0000	0.0000	0.0000	3.0162	2.0000	11.0438	0.0000	0.0000	0.0000	0.0000	0.0000	0.0000	0.0000	0.0000	0.0000	0.0000	0.0000	0.0000	0.0000	0.0000	0.0000	0.0000	0.0000	0.0000	0.0000	0.0000	0.0000	0.0000	0.0000	0.0000	0.0000	0.0000	0.0000	0.0539	0.0305	0.0234	0.0044	0.0035	0.0009	0.0495	0.0270	0.0225	0.0000	0.0000	0.0000	0.0000	0.0000	0.0000	0.0000	0.0000	0.0000	0.0000	0.0000	0.0000	0.0000	0.0000	0.0000	0.0000	0.0000	0.0000											
100	106	0.0958	6	1	1	1	1	0	0	0	0	N	N	N	N	N	N	N	N	N	N	N	N	0.0000	0.0000	0.0000	0.0000	0.0000	0.0000	0.0000	0.0000	0.0000	0.0000	0.0000	0.0000	0.0000	0.0000	0.0000	0.0000	0.0000	0.0000	0.0000	0.0000	0.0000	1.0000	2.0000	1.0000	0.0000	0.0000	0.0000	0.0000	0.0000	0.0000	0.0000	0.0000	0.0000	0.0000	0.0000	0.0000	0.0000	0.0000	0.0000	0.0000	0.0000	0.0000	0.0000	0.0000	0.0000	0.0000	0.0000	0.0000	0.0000	0.0000	0.0000	0.0092	0.0056	0.0036	0.0020	0.0016	0.0004	0.0072	0.0040	0.0032	0.0000	0.0000	0.0000	0.0000	0.0000	0.0000	0.0000	0.0000	0.0000	0.0000	0.0000	0.0000	0.0000	0.0000	0.0000	0.0000	0.0000	0.0000											
100	107	0.0916	5	1	1	1	1	0	0	0	0	N	N	N	N	N	N	N	N	N	N	N	N	0.0000	0.0000	0.0000	0.0000	0.0000	0.0000	0.0000	0.0000	0.0000	0.0000	0.0000	0.0000	0.0000	0.0000	0.0000	0.0000	0.0000	0.0000	0.0000	0.0000	0.0000	0.0000	2.0000	0.9999	0.0000	0.0000	0.0000	0.0000	0.0000	0.0000	0.0000	0.0000	0.0000	0.0000	0.0000	0.0000	0.0000	0.0000	0.0000	0.0000	0.0000	0.0000	0.0000	0.0000	0.0000	0.0000	0.0000	0.0000	0.0000	0.0000	0.0000	0.0046	0.0027	0.0019	0.0007	0.0006	0.0001	0.0039	0.0022	0.0017	0.0000	0.0000	0.0000	0.0000	0.0000	0.0000	0.0000	0.0000	0.0000	0.0000	0.0000	0.0000	0.0000	0.0000	0.0000	0.0000	0.0000	0.0000											
100	108	0.0709	4	1	1	1	1	0	0	0	0	N	N	N	N	N	N	N	N	N	N	N	N	0.0000	0.0000	0.0000	0.0000	0.0000	0.0000	0.0000	0.0000	0.0000	0.0000	0.0000	0.0000	0.0000	1.3619	0.0000	3.2434	0.0000	0.0000	0.0000	1.1543	0.0000	3.4705	inf	0.0000	0.0135	0.0000	0.0100	2.0000	4.8896	0.0000	0.0000	0.0000	0.0000	0.0000	0.0000	0.0000	0.0000	0.0000	0.0294	0.0000	0.0294	0.0000	0.0000	0.0000	0.0294	0.0000	0.0294	0.0000	0.0000	0.0000	0.0000	0.0000	0.0000	0.0000	0.0000	0.0000	0.0328	0.0207	0.0121	0.0073	0.0066	0.0008	0.0255	0.0142	0.0113	0.0000	0.0000	0.0000	0.0000	0.0000	0.0000	0.0000	0.0000	0.0000	0.8965	0.0000	2.4292	0.0000	0.0000	0.0000	1.1543	0.0000	2.5952						
100	109	0.0608	3	0	1	1	1	0	0	0	0	N	N	N	N	N	N	N	N	N	N	N	N	0.0000	0.0000	0.0000	0.0000	0.0000	0.0000	0.0000	0.0000	0.0000	0.0000	0.0000	0.0000	0.0000	90.4110	0.0000	268.7945	0.0000	0.0000	0.0000	92.5791	0.0000	268.7972	inf	0.0000	0.4465	0.0000	1.0007	2.0000	1.4004	0.0000	0.0000	0.0000	0.0000	0.0000	0.0000	0.0000	0.0000	0.0000	0.9705	0.0000	0.9705	0.0000	0.0000	0.0000	0.9705	0.0000	0.9705	0.0000	0.0000	0.0000	0.0000	0.0000	0.0000	0.0000	0.0000	0.0000	0.0107	0.0061	0.0046	0.0003	0.0002	0.0000	0.0105	0.0059	0.0046	0.0000	0.0000	0.0000	0.0000	0.0000	0.0000	0.0000	0.0000	0.0000	90.4110	0.0000	211.6460	0.0000	0.0000	0.0000	92.5791	0.0000	213.2322						
100	110	0.0474	2	0	0	1	1	0	0	0	0	N	N	N	N	N	N	N	N	N	N	N	N	0.0000	0.0000	0.0000	0.0000	0.0000	0.0000	0.0000	0.0000	0.0000	0.0000	0.0000	0.0000	0.0000	0.2284	0.5782	0.0000	30.3939	23.9098	0.0000	0.0000	0.0000	0.0000	0.0000	0.0000	-0.0016	0.0000	0.3039	2.0000	2.8719	0.0000	0.0000	0.0000	0.0000	0.0000	0.0000	0.0000	0.0000	0.0000	0.0030	0.0030	0.0000	0.0030	0.0030	0.0000	0.0000	0.0000	0.0000	0.0000	0.0000	0.0000	0.0000	0.0000	0.0000	0.0000	0.0000	0.0000	0.0169	0.0100	0.0069	0.0016	0.0016	0.0000	0.0153	0.0084	0.0069	0.0000	0.0000	0.0000	0.0000	0.0000	0.0000	0.0000	0.0000	0.0000	0.1804	0.3053	0.0000	1.9142	1.9576	0.0000	0.0000	0.0000	0.0000						
100	115	0.2926	6	0	0	1	1	0	0	0	0	N	N	N	N	N	N	N	N	N	N	N	N	0.0000	0.0000	0.0000	0.0000	0.0000	0.0000	0.0000	0.0000	0.0000	0.0000	0.0000	0.0000	0.0000	0.0000	0.0000	0.0000	0.0367	0.0056	0.1373	0.0084	0.0098	0.0000	0.0631	0.0000	0.1944	7.9842	0.0000	0.0020	0.0000	8.9918	2.0000	13.3277	0.0000	0.0000	0.0000	0.0000	0.0000	0.0000	0.0000	0.0000	0.0000	0.0057	0.0006	0.0051	0.0006	0.0006	0.0000	0.0051	0.0000	0.0051	0.0000	0.0000	0.0000	0.0000	0.0000	0.0000	0.0000	0.0000	0.0000	0.1568	0.1137	0.0431	0.0758	0.0654	0.0104	0.0810	0.0483	0.0327	0.0000	0.0000	0.0000	0.0000	0.0000	0.0000	0.0000	0.0000	0.0000	0.0367	0.0056	0.1186	0.0084	0.0098	0.0000	0.0631	0.0000	0.1561			
101	102	0.1909	3	1	1	1	1	0	0	0	0	N	N	N	N	N	N	N	N	N	N	N	N	0.0000	0.0000	0.0000	0.0000	0.0000	0.0000	0.0000	0.0000	0.0000	0.0000	0.0000	0.0000	0.0000	0.0000	0.0000	0.0000	0.0000	0.0000	0.0000	0.0000	5.8899	0.0000	3.1847	0.0000	0.0000	0.0000	0.0000	0.0000	0.0000	0.0000	0.0000	0.0000	0.0000	0.0000	0.0000	0.0000	0.0000	0.0000	0.0000	0.0000	0.0000	0.0000	0.0000	0.0000	0.0000	0.0000	0.0000	0.0000	0.0000	0.0000	0.0000	0.0000	0.0000	0.0000	0.0000	0.0000	0.0000	0.0000	0.0000	0.0000	0.0000	0.0000	0.0000	0.0000	0.0000	0.0000	0.0000	0.0000	0.0000	0.0000	0.0000	0.0000	0.0000	0.0000	0.0000	0.0000	0.0000	0.0000											
101	103	0.0916	2	1	1	1	1	0	0	0	0	N	N	N	N	N	N	N	N	N	N	N	N	0.0013	0.0000	0.0030	0.0000	0.0000	0.0000	0.0013	0.0030	0.0036	0.0000	0.0245	0.0000	0.0000	0.0000	0.0037	0.0000	0.0252	2.6611	0.0008	8.2610	0.0249	0.0055	0.1448	2.9278	0.0000	8.2892	inf	5891.7061	0.0012	0.4607	5.8899	8.0012	3.1847	14.0016	0.0022	0.0000	0.0022	0.0000	0.0000	0.0000	0.0022	0.0000	0.0022	1.0018	0.0002	1.0016	0.0009	0.0002	0.0007	1.0009	0.0000	1.0009	0.6166	0.5272	0.0895	0.0275	0.0251	0.0024	0.5891	0.5020	0.0871	0.3775	0.2190	0.1586	0.0357	0.0307	0.0050	0.3419	0.1882	0.1536	0.0013	0.0000	0.0039	0.0000	0.0000	0.0000	0.0013	0.0000	0.0039	2.6534	0.0008	6.3159	0.0249	0.0055	0.1448	2.9278	0.0000	6.5157	
101	104	0.1545	3	0	1	1	1	0	0	0	0	N	N	N	N	N	N	N	N	N	N	N	N	0.0005	33.9235	0.0000	0.0697	0.1316	0.0000	0.0005	29.1985	0.0000	0.0086	0.0101	0.0000	0.0000	0.0000	0.0000	0.0092	0.0109	0.0000	17.6760	0.0003	82.6814	0.0002	0.0001	0.0005	19.2656	0.0004	83.2786	0.0000	87521.9378	-0.0006	0.4455	5.8899	2.0010	3.1847	1.0153	0.0014	0.0014	0.0000	0.0000	0.0000	0.0000	0.0014	0.0014	0.0000	0.9685	0.0000	0.9684	0.0000	0.0000	0.0000	0.9685	0.0000	0.9684	0.1604	0.1368	0.0236	0.0103	0.0094	0.0009	0.1500	0.1274	0.0227	0.0628	0.0371	0.0257	0.0125	0.0101	0.0024	0.0503	0.0270	0.0233	0.0006	33.9235	0.0000	0.0697	0.1316	0.0000	0.0005	29.1985	0.0000	15.4176	0.0003	37.6595	0.0002	0.0001	0.0005	19.2656	0.0004	41.6120
101	105	0.0916	2	0	1	1	1	0	0	0	0	N	N	N	N	N	N	N	N	N	N	N	N	0.0002	0.0007	0.0001	0.0000	0.0000	0.0000	0.0002	0.0006	0.0001	0.0000	0.0000	0.0000	0.0000	0.0000	0.0000	0.0000	0.0000	0.0000	0.1521	0.0431	0.3815	0.0564	0.0166	0.3012	0.1525	0.0474	0.3673	0.2343	4.7605	-0.0000	0.0105	5.8899	3.0162	3.1847	11.0438	0.0000	0.0000	0.0000	0.0000	0.0000	0.0000	0.0000	0.0000	0.0000	0.0367	0.0064	0.0303	0.0014	0.0003	0.0010	0.0354	0.0060	0.0293	0.2435	0.2076	0.0359	0.0107	0.0098	0.0009	0.2328	0.1978	0.0350	0.2558	0.1479	0.1079	0.0240	0.0206	0.0034	0.2319	0.1273	0.1046	0.0002	0.0007	0.0001	0.0000	0.0000	0.0000	0.0002	0.0006	0.0001	0.1435	0.0431	0.2811	0.0564	0.0166	0.3012	0.1525	0.0474	0.2804
101	106	0.0874	5	1	1	1	1	0	0	0	0	N	N	N	N	N	N	N	N	N	N	N	N	0.0000	0.0000	0.0000	0.0000	0.0000	0.0000	0.0000	0.0000	0.0000	0.0000	0.0000	0.0000	0.0000	0.0000	0.0000	0.0000	0.0000	0.0000	0.0000	0.0000	5.8899	1.0000	3.1847	1.0000	0.0000	0.0000	0.0000	0.0000	0.0000	0.0000	0.0000	0.0000	0.0000	0.0000	0.0000	0.0000	0.0000	0.0000	0.0000	0.0000	0.0000	0.0000	0.0857	0.0730	0.0127	0.0030	0.0028	0.0001	0.0827	0.0701	0.0126	0.0430	0.0265	0.0165	0.0089	0.0074	0.0015	0.0341	0.0191	0.0150	0.0000	0.0000	0.0000	0.0000	0.0000	0.0000	0.0000	0.0000	0.0000	0.0000	0.0000	0.0000	0.0000	0.0000	0.0000	0.0000	0.0000	0.0000											
101	107	0.0832	4	1	1	1	1	0	0	0	0	N	N	N	N	N	N	N	N	N	N	N	N	0.0000	0.0000	0.0000	0.0000	0.0000	0.0000	0.0000	0.0000	0.0000	0.0000	0.0000	0.0000	0.0000	0.0042	0.0069	0.0000	0.0272	0.0325	0.0000	0.0000	0.0000	0.0000	0.0000	0.0000	-0.0000	5.8899	0.0000	3.1847	0.9999	0.0000	0.0000	0.0000	0.0000	0.0000	0.0000	0.0000	0.0000	0.0000	0.0001	0.0001	0.0000	0.0001	0.0001	0.0000	0.0000	0.0000	0.0000	0.0000	0.0000	0.0000	0.0000	0.0000	0.0000	0.0000	0.0000	0.0000	0.0216	0.0131	0.0085	0.0033	0.0028	0.0005	0.0183	0.0103	0.0080	0.0000	0.0000	0.0000	0.0000	0.0000	0.0000	0.0000	0.0000	0.0000	0.0042	0.0069	0.0000	0.0272	0.0325	0.0000	0.0000	0.0000	0.0000						
101	108	0.0624	3	1	1	1	1	0	0	0	0	N	N	N	N	N	N	N	N	N	N	N	N	2.3183	1.8063	14.3961	2.3456	2.1356	0.0000	0.2697	0.0000	21.2153	0.0053	0.0065	0.0004	0.0212	0.0213	0.0000	0.0001	0.0000	0.0004	0.0023	0.0036	0.0000	0.0090	0.0100	0.0002	0.0004	0.0007	0.0000	0.0152	0.0046	-0.0000	-0.0002	5.8899	0.0100	3.1847	4.8896	0.0000	0.0000	0.0000	0.0000	0.0000	0.0000	0.0000	0.0000	0.0000	0.0003	0.0003	0.0000	0.0003	0.0003	0.0000	0.0000	0.0000	0.0000	0.0016	0.0013	0.0003	0.0004	0.0004	0.0000	0.0012	0.0009	0.0003	0.1488	0.0945	0.0543	0.0326	0.0296	0.0031	0.1162	0.0649	0.0513	2.3183	1.8063	14.3961	2.3456	2.1356	0.0000	0.2697	0.0000	21.2153	0.0023	0.0036	0.0000	0.0090	0.0100	0.0002	0.0004	0.0007	0.0000
101	109	0.0524	2	0	1	1	1	0	0	0	0	N	N	N	N	N	N	N	N	N	N	N	N	0.1956	0.1344	0.5061	0.0137	0.0154	0.0000	0.1814	0.5092	0.0119	0.0138	0.0005	0.2781	0.2874	0.0000	0.0001	0.0000	0.0005	0.0606	0.1029	0.0010	20.2319	18.6150	0.0000	0.0004	0.0000	0.0010	0.0062	0.0067	-0.0005	-0.0016	5.8899	1.0007	3.1847	1.4004	0.0010	0.0010	0.0000	0.0010	0.0010	0.0000	0.0000	0.0000	0.0000	0.0031	0.0030	0.0000	0.0030	0.0030	0.0000	0.0000	0.0000	0.0000	0.0876	0.0746	0.0130	0.0037	0.0036	0.0001	0.0839	0.0710	0.0129	0.0505	0.0295	0.0209	0.0020	0.0019	0.0001	0.0485	0.0276	0.0209	0.1956	0.1344	0.5061	0.1805	0.1803	0.0000	0.1814	0.0000	0.5092	0.0606	0.1029	0.0010	1.5408	1.5939	0.0000	0.0004	0.0000	0.0010	
101	115	0.2842	5	0	0	1	1	0	0	0	0	N	N	N	N	N	N	N	N	N	N	N	N	78.7263	80.8129	0.0000	0.7725	0.7887	0.0000	605.9316	5050.1014	0.0000	1.2211	1.4048	0.0000	0.0225	0.0234	0.0000	1.4500	1.7016	0.0000	0.0155	0.0174	0.0106	0.0291	0.0297	0.0254	0.0024	0.0003	0.0055	0.0000	0.2311	-0.4538	-0.0039	5.8899	8.9918	3.1847	13.3277	0.9829	0.9829	0.0000	0.0029	0.0029	0.0000	0.9800	0.9800	0.0000	0.0112	0.0091	0.0021	0.0103	0.0090	0.0013	0.0009	0.0001	0.0008	0.8049	0.6997	0.1053	0.1291	0.1237	0.0053	0.6759	0.5759	0.0999	0.7211	0.5226	0.1984	0.3544	0.3033	0.0511	0.3667	0.2194	0.1473	78.7263	80.8129	0.0000	0.7725	0.7887	0.0000	605.9316	5050.1014	0.0000	0.0155	0.0174	0.0106	0.0291	0.0297	0.0254	0.0024	0.0003	0.0055
102	104	0.1623	3	1	2	0	0	0	0	0	0	N	Y	N	N	N	N	N	N	N	N	N	N	0.0000	0.0000	0.0000	0.0000	0.0000	0.0000	0.0000	0.0000	0.0000	0.0000	0.0000	0.0000	0.0000	0.0000	0.0000	0.0000	0.0000	0.0000	0.0000	0.0000	0.0000	2.0010	0.0000	1.0153	0.0000	0.0000	0.0000	0.0000	0.0000	0.0000	0.0000	0.0000	0.0000	0.0000	0.0000	0.0000	0.0000	0.0000	0.0000	0.0000	0.0000	0.0000	0.0000	0.0000	0.0000	0.0000	0.0000	0.0000	0.0000	0.0000	0.0000	0.0000	0.0000	0.0000	0.0000	0.0000	0.0000	0.0000	0.0000	0.0000	0.0000	0.0000	0.0000	0.0000	0.0000	0.0000	0.0000	0.0000	0.0000	0.0000	0.0000	0.0000	0.0000	0.0000	0.0000	0.0000	0.0000	0.0000											
102	105	0.0993	2	1	2	0	0	0	0	0	0	N	Y	N	N	N	N	N	N	N	N	N	N	0.0000	0.0000	0.0000	0.0000	0.0000	0.0000	0.0000	0.0000	0.0000	0.0000	0.0000	0.0000	0.0000	0.0000	0.0000	0.0000	0.0000	0.0000	0.0000	0.0000	0.0000	3.0162	0.0000	11.0438	0.0000	0.0000	0.0000	0.0000	0.0000	0.0000	0.0000	0.0000	0.0000	0.0000	0.0000	0.0000	0.0000	0.0000	0.0000	0.0000	0.0000	0.0000	0.0000	0.0000	0.0000	0.0000	0.0000	0.0000	0.0000	0.0000	0.0000	0.0000	0.0000	0.0000	0.0000	0.0000	0.0000	0.0000	0.0000	0.0000	0.0000	0.0000	0.0000	0.0000	0.0000	0.0000	0.0000	0.0000	0.0000	0.0000	0.0000	0.0000	0.0000	0.0000	0.0000	0.0000	0.0000	0.0000											
102	106	0.2002	7	2	2	0	0	0	0	0	0	Y	Y	N	N	N	N	N	N	N	N	N	N	0.0000	0.0000	0.0000	0.0000	0.0000	0.0000	0.0000	0.0000	0.0000	0.0000	0.0000	0.0000	0.0000	0.0000	0.0000	0.0000	0.0000	0.0000	0.0000	0.0000	0.0000	1.0000	0.0000	1.0000	0.0000	0.0000	0.0000	0.0000	0.0000	0.0000	0.0000	0.0000	0.0000	0.0000	0.0000	0.0000	0.0000	0.0000	0.0000	0.0000	0.0000	0.0000	0.0000	0.0000	0.0000	0.0000	0.0000	0.0000	0.0000	0.0000	0.0000	0.0000	0.0000	0.0000	0.0000	0.0000	0.0000	0.0000	0.0000	0.0000	0.0000	0.0000	0.0000	0.0000	0.0000	0.0000	0.0000	0.0000	0.0000	0.0000	0.0000	0.0000	0.0000	0.0000	0.0000	0.0000	0.0000	0.0000											
102	107	0.1960	6	2	2	0	0	0	0	0	0	Y	Y	N	N	N	N	N	N	N	N	N	N	0.0000	0.0000	0.0000	0.0000	0.0000	0.0000	0.0000	0.0000	0.0000	0.0000	0.0000	0.0000	0.0000	0.0000	0.0000	0.0000	0.0000	0.0000	0.0000	0.0000	0.0000	0.0000	0.0000	0.9999	0.0000	0.0000	0.0000	0.0000	0.0000	0.0000	0.0000	0.0000	0.0000	0.0000	0.0000	0.0000	0.0000	0.0000	0.0000	0.0000	0.0000	0.0000	0.0000	0.0000	0.0000	0.0000	0.0000	0.0000	0.0000	0.0000	0.0000	0.0000	0.0000	0.0000	0.0000	0.0000	0.0000	0.0000	0.0000	0.0000	0.0000	0.0000	0.0000	0.0000	0.0000	0.0000	0.0000	0.0000	0.0000	0.0000	0.0000	0.0000	0.0000	0.0000	0.0000	0.0000	0.0000	0.0000											
102	108	0.1752	5	2	2	0	0	0	0	0	0	Y	Y	N	N	N	N	N	N	N	N	N	N	0.0000	0.0000	0.0000	0.0000	0.0000	0.0000	0.0000	0.0000	0.0000	0.0000	0.0000	0.0000	0.0000	0.0000	0.0000	0.0000	0.0000	0.0000	0.0000	0.0000	0.0000	0.0100	0.0000	4.8896	0.0000	0.0000	0.0000	0.0000	0.0000	0.0000	0.0000	0.0000	0.0000	0.0000	0.0000	0.0000	0.0000	0.0000	0.0000	0.0000	0.0000	0.0000	0.0000	0.0000	0.0000	0.0000	0.0000	0.0000	0.0000	0.0000	0.0000	0.0000	0.0000	0.0000	0.0000	0.0000	0.0000	0.0000	0.0000	0.0000	0.0000	0.0000	0.0000	0.0000	0.0000	0.0000	0.0000	0.0000	0.0000	0.0000	0.0000	0.0000	0.0000	0.0000	0.0000	0.0000	0.0000	0.0000											
102	109	0.1652	4	1	2	0	0	0	0	0	0	N	Y	N	N	N	N	N	N	N	N	N	N	0.0000	0.0000	0.0000	0.0000	0.0000	0.0000	0.0000	0.0000	0.0000	0.0000	0.0000	0.0000	0.0000	0.0000	0.0000	0.0000	0.0000	0.0000	0.0000	0.0000	0.0000	1.0007	0.0000	1.4004	0.0000	0.0000	0.0000	0.0000	0.0000	0.0000	0.0000	0.0000	0.0000	0.0000	0.0000	0.0000	0.0000	0.0000	0.0000	0.0000	0.0000	0.0000	0.0000	0.0000	0.0000	0.0000	0.0000	0.0000	0.0000	0.0000	0.0000	0.0000	0.0000	0.0000	0.0000	0.0000	0.0000	0.0000	0.0000	0.0000	0.0000	0.0000	0.0000	0.0000	0.0000	0.0000	0.0000	0.0000	0.0000	0.0000	0.0000	0.0000	0.0000	0.0000	0.0000	0.0000	0.0000	0.0000											
102	110	0.1518	3	1	1	0	0	0	0	0	0	N	N	N	N	N	N	N	N	N	N	N	N	0.0000	0.0000	0.0000	0.0000	0.0000	0.0000	0.0000	0.0000	0.0000	0.0000	0.0000	0.0000	0.0000	0.0000	0.0000	0.0000	0.0000	0.0000	0.0000	0.0000	0.0000	0.3039	0.0000	2.8719	0.0000	0.0000	0.0000	0.0000	0.0000	0.0000	0.0000	0.0000	0.0000	0.0000	0.0000	0.0000	0.0000	0.0000	0.0000	0.0000	0.0000	0.0000	0.0000	0.0000	0.0000	0.0000	0.0000	0.0000	0.0000	0.0000	0.0000	0.0000	0.0000	0.0000	0.0000	0.0000	0.0000	0.0000	0.0000	0.0000	0.0000	0.0000	0.0000	0.0000	0.0000	0.0000	0.0000	0.0000	0.0000	0.0000	0.0000	0.0000	0.0000	0.0000	0.0000	0.0000	0.0000	0.0000											
102	111	0.0993	2	1	1	0	0	0	0	0	0	N	N	N	N	N	N	N	N	N	N	N	N	0.0000	0.0000	0.0000	0.0000	0.0000	0.0000	0.0000	0.0000	0.0000	0.0000	0.0000	0.0000	0.0000	0.0000	0.0000	0.0000	0.0000	0.0000	0.0000	0.0000	0.0000	3.8240	0.0000	8.1760	0.0000	0.0000	0.0000	0.0000	0.0000	0.0000	0.0000	0.0000	0.0000	0.0000	0.0000	0.0000	0.0000	0.0000	0.0000	0.0000	0.0000	0.0000	0.0000	0.0000	0.0000	0.0000	0.0000	0.0000	0.0000	0.0000	0.0000	0.0000	0.0000	0.0000	0.0000	0.0000	0.0000	0.0000	0.0000	0.0000	0.0000	0.0000	0.0000	0.0000	0.0000	0.0000	0.0000	0.0000	0.0000	0.0000	0.0000	0.0000	0.0000	0.0000	0.0000	0.0000	0.0000	0.0000											
102	115	0.2919	5	1	1	0	0	0	0	0	0	N	N	N	N	N	N	N	N	N	N	N	N	0.0000	0.0000	0.0000	0.0000	0.0000	0.0000	0.0000	0.0000	0.0000	0.0000	0.0000	0.0000	0.0000	0.0073	0.0000	0.0284	0.0130	0.0000	0.1300	0.0000	0.0000	0.0000	inf	0.0000	0.0000	0.0000	8.9918	0.0000	13.3277	0.0000	0.0000	0.0000	0.0000	0.0000	0.0000	0.0000	0.0000	0.0000	0.0000	0.0000	0.0000	0.0000	0.0000	0.0000	0.0000	0.0000	0.0000	0.0000	0.0000	0.0000	0.0000	0.0000	0.0000	0.0000	0.0000	0.0000	0.0000	0.0000	0.0000	0.0000	0.0000	0.0000	0.0000	0.0000	0.0000	0.0000	0.0000	0.0000	0.0000	0.0000	0.0000	0.0000	0.0000	0.0000	0.0073	0.0000	0.0284	0.0130	0.0000	0.1300	0.0000	0.0000	0.0000						
103	104	0.1623	2	1	2	0	0	0	0	0	0	N	Y	N	N	N	N	N	N	N	N	N	N	0.6318	8337.0509	0.0006	1.2889	9.7201	0.0000	0.5302	inf	0.0006	4.8975	5.7406	0.0217	0.0266	0.0287	0.0000	4.9801	5.8459	0.0219	7.7523	0.0007	37.3921	0.0206	0.0030	0.0789	9.3934	0.0000	39.2637	0.0007	19290.7827	-0.4594	0.4494	8.0012	2.0010	14.0016	1.0153	0.9963	0.9956	0.0006	0.0001	0.0001	0.0000	0.9962	0.9955	0.0006	0.9769	0.0001	0.9768	0.0005	0.0001	0.0004	0.9764	0.0000	0.9764	0.2034	0.1734	0.0300	0.0034	0.0031	0.0003	0.2000	0.1703	0.0297	0.1263	0.0735	0.0528	0.0224	0.0172	0.0052	0.1039	0.0564	0.0476	0.6332	8337.0509	0.0012	1.2889	9.7201	0.0000	0.5302	inf	0.0011	7.7346	0.0007	18.5145	0.0206	0.0030	0.0789	9.3934	0.0000	20.5275
103	106	0.2002	6	2	2	0	0	0	0	0	0	Y	Y	N	N	N	N	N	N	N	N	N	N	0.0000	0.0000	0.0000	0.0000	0.0000	0.0000	0.0000	0.0000	0.0000	0.0000	0.0000	0.0000	0.0000	0.0000	0.0000	0.0000	0.0000	0.0000	0.0000	0.0000	8.0012	1.0000	14.0016	1.0000	0.0000	0.0000	0.0000	0.0000	0.0000	0.0000	0.0000	0.0000	0.0000	0.0000	0.0000	0.0000	0.0000	0.0000	0.0000	0.0000	0.0000	0.0000	0.1055	0.0899	0.0156	0.0019	0.0018	0.0001	0.1036	0.0881	0.0155	0.0845	0.0513	0.0331	0.0217	0.0173	0.0044	0.0628	0.0340	0.0288	0.0000	0.0000	0.0000	0.0000	0.0000	0.0000	0.0000	0.0000	0.0000	0.0000	0.0000	0.0000	0.0000	0.0000	0.0000	0.0000	0.0000	0.0000											
103	107	0.1960	5	2	2	0	0	0	0	0	0	Y	Y	N	N	N	N	N	N	N	N	N	N	0.0000	0.0000	0.0000	0.0000	0.0000	0.0000	0.0000	0.0000	0.0000	0.0000	0.0000	0.0000	0.0000	23.6145	0.0000	125.7569	0.0000	0.0000	0.0000	29.5034	0.0000	125.6872	inf	0.0000	0.4600	8.0012	0.0000	14.0016	0.9999	0.0000	0.0000	0.0000	0.0000	0.0000	0.0000	0.0000	0.0000	0.0000	0.9999	0.0000	0.9999	0.0000	0.0000	0.0000	0.9999	0.0000	0.9999	0.0000	0.0000	0.0000	0.0000	0.0000	0.0000	0.0000	0.0000	0.0000	0.0423	0.0252	0.0171	0.0085	0.0067	0.0017	0.0339	0.0185	0.0154	0.0000	0.0000	0.0000	0.0000	0.0000	0.0000	0.0000	0.0000	0.0000	23.6145	0.0000	58.4324	0.0000	0.0000	0.0000	29.5034	0.0000	64.9481						
103	108	0.1752	4	2	2	0	0	0	0	0	0	Y	Y	N	N	N	N	N	N	N	N	N	N	0.0032	0.0000	0.5737	0.0000	0.0000	0.0000	0.2187	0.5289	0.0001	0.0000	0.0006	0.0000	0.0000	0.0000	0.0001	0.0000	0.0006	0.0276	0.0431	0.0011	0.1732	0.2242	0.0000	0.0005	0.0000	0.0012	inf	0.0148	0.0000	-0.0043	8.0012	0.0100	14.0016	4.8896	0.0000	0.0000	0.0000	0.0000	0.0000	0.0000	0.0000	0.0000	0.0000	0.0082	0.0080	0.0001	0.0080	0.0080	0.0000	0.0001	0.0000	0.0001	0.0020	0.0017	0.0003	0.0005	0.0005	0.0000	0.0015	0.0012	0.0003	0.2952	0.1866	0.1087	0.0737	0.0647	0.0090	0.2215	0.1218	0.0997	0.0032	0.0000	0.5737	0.0000	0.0000	0.0000	0.2187	0.0000	0.5289	0.0276	0.0431	0.0011	0.1091	0.1242	0.0000	0.0005	0.0000	0.0012	
103	109	0.1652	3	1	2	0	0	0	0	0	0	N	Y	N	N	N	N	N	N	N	N	N	N	0.0010	0.0003	0.0024	inf	inf	0.0010	0.0000	0.0024	0.0001	0.0000	0.0006	0.0001	0.0001	0.0000	0.0001	0.0000	0.0006	0.0817	0.0056	0.2370	0.0000	0.0000	0.0000	0.0887	0.0063	0.2381	51.3337	24.1250	0.0000	0.0034	8.0012	1.0007	14.0016	1.4004	0.0000	0.0000	0.0000	0.0000	0.0000	0.0000	0.0000	0.0000	0.0000	0.0080	0.0003	0.0077	0.0000	0.0000	0.0000	0.0080	0.0003	0.0077	0.1080	0.0922	0.0158	0.0034	0.0033	0.0001	0.1046	0.0889	0.0157	0.0984	0.0567	0.0417	0.0077	0.0062	0.0015	0.0906	0.0505	0.0401	0.0010	0.0003	0.0031	inf	inf	0.0000	0.0010	0.0000	0.0030	0.0817	0.0056	0.1853	0.0000	0.0000	0.0000	0.0887	0.0063	0.1923	
103	110	0.1518	2	1	1	0	0	0	0	0	0	N	N	N	N	N	N	N	N	N	N	N	N	0.3780	0.0024	1.4955	0.0002	0.0002	0.0000	0.9325	2.0113	0.0382	0.0002	0.2602	0.0005	0.0006	0.0000	0.0546	0.0000	0.3303	0.1011	0.0778	0.1740	2.5136	2.3235	0.5145	0.0586	0.0000	0.1642	241.4891	1.1994	0.0012	0.0001	8.0012	0.3039	14.0016	2.8719	0.0022	0.0000	0.0022	0.0000	0.0000	0.0000	0.0022	0.0000	0.0022	0.0157	0.0071	0.0085	0.0078	0.0071	0.0007	0.0078	0.0000	0.0078	0.0576	0.0492	0.0084	0.0175	0.0157	0.0018	0.0401	0.0335	0.0066	0.1549	0.0915	0.0634	0.0215	0.0196	0.0019	0.1335	0.0719	0.0615	0.3780	0.0024	1.9323	0.0014	0.0016	0.0000	0.9325	0.0000	2.5996	0.1011	0.0778	0.1347	0.3647	0.3628	0.3845	0.0586	0.0000	0.1271	
103	115	0.2919	4	1	1	0	0	0	0	0	0	N	N	N	N	N	N	N	N	N	N	N	N	0.0522	0.0624	0.0000	0.0621	0.2878	0.0000	0.0000	0.0000	0.0000	0.1028	0.1184	0.0000	0.8484	0.8726	0.0000	0.0000	0.0000	0.0000	1.9710	1.8966	3.5422	13.6700	3.0314	40.1549	1.8290	1.2555	3.5177	0.0000	1.6492	-0.0481	0.1893	8.0012	8.9918	14.0016	13.3277	0.1041	0.1041	0.0000	0.1041	0.1041	0.0000	0.0000	0.0000	0.0000	2.2924	0.8653	1.4271	0.7682	0.2422	0.5260	1.5243	0.6231	0.9011	1.0128	0.8796	0.1331	0.1227	0.1193	0.0034	0.8900	0.7603	0.1297	1.5001	1.0756	0.4246	0.6668	0.5793	0.0875	0.8334	0.4963	0.3371	0.0673	0.1472	0.0000	0.7364	2.0871	0.0000	0.0000	0.0000	0.0000	1.5281	0.8045	3.3613	1.1521	0.4181	6.0117	1.8290	1.2555	2.6733
104	106	0.1760	7	1	2	0	0	0	0	0	0	N	Y	N	N	N	N	N	N	N	N	N	N	0.0000	0.0000	0.0000	0.0000	0.0000	0.0000	0.0000	0.0000	0.0000	0.0000	0.0000	0.0000	0.0000	0.0000	0.0000	0.0000	0.0000	0.0000	0.0000	0.0000	2.0010	1.0000	1.0153	1.0000	0.0000	0.0000	0.0000	0.0000	0.0000	0.0000	0.0000	0.0000	0.0000	0.0000	0.0000	0.0000	0.0000	0.0000	0.0000	0.0000	0.0000	0.0000	0.0275	0.0233	0.0041	0.0011	0.0010	0.0001	0.0264	0.0223	0.0040	0.0141	0.0089	0.0051	0.0047	0.0039	0.0008	0.0093	0.0050	0.0044	0.0000	0.0000	0.0000	0.0000	0.0000	0.0000	0.0000	0.0000	0.0000	0.0000	0.0000	0.0000	0.0000	0.0000	0.0000	0.0000	0.0000	0.0000											
104	107	0.1719	6	1	2	0	0	0	0	0	0	N	Y	N	N	N	N	N	N	N	N	N	N	0.0000	0.0000	0.0000	0.0000	0.0000	0.0000	0.0000	0.0000	0.0000	0.0000	0.0000	0.0000	0.0000	0.0057	0.0091	0.0000	0.0205	0.0245	0.0000	0.0000	0.0000	0.0000	0.0000	0.0000	-0.0000	2.0010	0.0000	1.0153	0.9999	0.0000	0.0000	0.0000	0.0000	0.0000	0.0000	0.0000	0.0000	0.0000	0.0000	0.0000	0.0000	0.0000	0.0000	0.0000	0.0000	0.0000	0.0000	0.0000	0.0000	0.0000	0.0000	0.0000	0.0000	0.0000	0.0000	0.0000	0.0070	0.0044	0.0027	0.0019	0.0016	0.0003	0.0051	0.0027	0.0024	0.0000	0.0000	0.0000	0.0000	0.0000	0.0000	0.0000	0.0000	0.0000	0.0057	0.0091	0.0000	0.0205	0.0245	0.0000	0.0000	0.0000	0.0000						
104	108	0.1511	5	1	2	0	0	0	0	0	0	N	Y	N	N	N	N	N	N	N	N	N	N	0.0000	0.0000	0.0000	0.0000	0.0000	0.0000	0.0000	0.0000	0.0000	0.0000	0.0000	0.0000	0.0000	0.0000	0.0000	0.0000	0.0000	0.0000	0.0596	0.0933	0.0000	0.0804	0.1083	0.0001	0.0512	0.0951	0.0000	0.0001	0.0000	-0.0016	2.0010	0.0100	1.0153	4.8896	0.0000	0.0000	0.0000	0.0000	0.0000	0.0000	0.0000	0.0000	0.0000	0.0030	0.0030	0.0000	0.0013	0.0013	0.0000	0.0017	0.0017	0.0000	0.0005	0.0004	0.0001	0.0001	0.0001	0.0000	0.0004	0.0003	0.0001	0.0497	0.0318	0.0180	0.0164	0.0138	0.0026	0.0334	0.0180	0.0154	0.0000	0.0000	0.0000	0.0000	0.0000	0.0000	0.0000	0.0000	0.0000	0.0596	0.0933	0.0000	0.0767	0.0909	0.0001	0.0512	0.0951	0.0000	
104	109	0.1410	4	0	2	0	0	0	0	0	0	N	Y	N	N	N	N	N	N	N	N	N	N	0.0000	0.0000	0.0000	0.0000	0.0000	0.0000	0.0000	0.0000	0.0000	0.0000	0.0000	0.0000	0.0000	0.0000	0.0000	0.0000	0.0000	0.0000	0.0028	0.0048	0.0000	0.0125	0.0161	0.0002	0.0006	0.0012	0.0000	0.0069	0.0000	-0.0000	2.0010	1.0007	1.0153	1.4004	0.0000	0.0000	0.0000	0.0000	0.0000	0.0000	0.0000	0.0000	0.0000	0.0000	0.0000	0.0000	0.0000	0.0000	0.0000	0.0000	0.0000	0.0000	0.0281	0.0239	0.0042	0.0015	0.0014	0.0001	0.0267	0.0226	0.0041	0.0163	0.0096	0.0067	0.0030	0.0024	0.0007	0.0133	0.0072	0.0060	0.0000	0.0000	0.0000	0.0000	0.0000	0.0000	0.0000	0.0000	0.0000	0.0028	0.0048	0.0000	0.0125	0.0161	0.0002	0.0006	0.0012	0.0000	
104	110	0.1277	3	0	1	0	0	0	0	0	0	N	N	N	N	N	N	N	N	N	N	N	N	0.2372	0.1044	0.0000	0.0000	0.0000	0.0000	220.7832	166.4974	0.0000	0.0928	0.1090	0.0000	0.0000	0.0000	0.0000	0.1351	0.1627	0.0000	0.3911	1.0440	0.0003	12.2355	16.5726	0.0012	0.0006	0.0010	0.0002	0.0000	0.0005	-0.0006	-0.0037	2.0010	0.3039	1.0153	2.8719	0.0014	0.0014	0.0000	0.0000	0.0000	0.0000	0.0014	0.0014	0.0000	0.0068	0.0068	0.0000	0.0068	0.0068	0.0000	0.0000	0.0000	0.0000	0.0149	0.0127	0.0022	0.0047	0.0042	0.0005	0.0102	0.0085	0.0017	0.0260	0.0156	0.0105	0.0062	0.0053	0.0009	0.0198	0.0103	0.0095	0.3548	0.2492	0.0000	0.0000	0.0000	0.0000	220.7832	166.4974	0.0000	0.2615	0.4373	0.0003	1.0915	1.2864	0.0012	0.0006	0.0010	0.0002
104	111	0.0752	2	0	1	0	0	0	0	0	0	N	N	N	N	N	N	N	N	N	N	N	N	73.5278	287.5246	0.0000	1.8775	6.9775	0.0000	63.8279	234.9834	0.0000	9.8275	11.5575	0.0000	0.0527	0.0568	0.0000	9.9953	11.7731	0.0000	0.1337	0.0402	0.3481	0.0281	0.0081	0.0936	0.1566	0.0501	0.3682	0.0000	4.7341	-0.4591	0.0028	2.0010	3.8240	1.0153	8.1760	0.9942	0.9942	0.0000	0.0001	0.0001	0.0000	0.9941	0.9941	0.0000	0.0099	0.0017	0.0082	0.0004	0.0001	0.0003	0.0096	0.0017	0.0079	0.1012	0.0860	0.0151	0.0017	0.0016	0.0001	0.0995	0.0844	0.0150	0.0744	0.0431	0.0312	0.0133	0.0102	0.0031	0.0611	0.0329	0.0281	73.5278	287.5246	0.0000	1.8775	6.9775	0.0000	63.8279	234.9834	0.0000	0.1337	0.0402	0.2627	0.0281	0.0081	0.0936	0.1566	0.0501	0.2812
104	115	0.2678	5	0	1	0	0	0	0	0	0	N	N	N	N	N	N	N	N	N	N	N	N	16.6878	15.1756	0.0213	81.0093	75.4982	0.1755	0.0036	0.0024	0.0122	0.3798	0.4382	0.0002	2.6834	2.7995	0.0025	0.0000	0.0000	0.0001	0.0228	0.0289	0.0074	0.0331	0.0371	0.0140	0.0108	0.0155	0.0043	0.0001	0.1017	-0.0464	-0.0025	2.0010	8.9918	1.0153	13.3277	0.1005	0.1005	0.0000	0.1005	0.1005	0.0000	0.0000	0.0000	0.0000	0.0056	0.0051	0.0005	0.0044	0.0041	0.0003	0.0012	0.0010	0.0002	0.2646	0.2294	0.0353	0.0375	0.0359	0.0016	0.2272	0.1935	0.0337	0.2465	0.1764	0.0701	0.1320	0.1094	0.0226	0.1145	0.0670	0.0476	16.6878	15.1756	0.0213	81.0093	75.4982	0.1755	0.0036	0.0024	0.0122	0.0228	0.0289	0.0074	0.0331	0.0371	0.0140	0.0108	0.0155	0.0043
105	106	0.1638	6	1	2	0	0	0	0	0	0	N	Y	N	N	N	N	N	N	N	N	N	N	0.0000	0.0000	0.0000	0.0000	0.0000	0.0000	0.0000	0.0000	0.0000	0.0000	0.0000	0.0000	0.0000	0.0000	0.0000	0.0000	0.0000	0.0000	0.0000	0.0000	3.0162	1.0000	11.0438	1.0000	0.0000	0.0000	0.0000	0.0000	0.0000	0.0000	0.0000	0.0000	0.0000	0.0000	0.0000	0.0000	0.0000	0.0000	0.0000	0.0000	0.0000	0.0000	0.0417	0.0354	0.0063	0.0008	0.0007	0.0001	0.0410	0.0347	0.0062	0.0574	0.0349	0.0225	0.0150	0.0120	0.0030	0.0424	0.0229	0.0195	0.0000	0.0000	0.0000	0.0000	0.0000	0.0000	0.0000	0.0000	0.0000	0.0000	0.0000	0.0000	0.0000	0.0000	0.0000	0.0000	0.0000	0.0000											
105	107	0.1597	5	1	2	0	0	0	0	0	0	N	Y	N	N	N	N	N	N	N	N	N	N	0.0000	0.0000	0.0000	0.0000	0.0000	0.0000	0.0000	0.0000	0.0000	0.0000	0.0000	0.0000	0.0000	0.0000	0.0000	0.0014	0.0018	0.0009	0.0000	0.0000	0.0000	0.0017	0.0024	0.0010	0.3333	0.0000	-0.0000	3.0162	0.0000	11.0438	0.9999	0.0000	0.0000	0.0000	0.0000	0.0000	0.0000	0.0000	0.0000	0.0000	0.0000	0.0000	0.0000	0.0000	0.0000	0.0000	0.0000	0.0000	0.0000	0.0000	0.0000	0.0000	0.0000	0.0000	0.0000	0.0000	0.0000	0.0000	0.0288	0.0171	0.0117	0.0058	0.0046	0.0012	0.0230	0.0125	0.0105	0.0000	0.0000	0.0000	0.0000	0.0000	0.0000	0.0000	0.0000	0.0000	0.0014	0.0018	0.0009	0.0000	0.0000	0.0000	0.0017	0.0024	0.0010				
105	108	0.1389	4	1	2	0	0	0	0	0	0	N	Y	N	N	N	N	N	N	N	N	N	N	0.0000	0.0000	0.1190	0.0000	0.0000	0.0000	0.0000	0.0000	0.1098	0.0002	0.0000	0.0016	0.0000	0.0000	0.0000	0.0003	0.0000	0.0016	4.9000	7.7541	0.0133	0.0045	0.0050	0.0004	6.5613	11.9710	0.0145	inf	0.0010	0.0000	-0.5355	3.0162	0.0100	11.0438	4.8896	0.0000	0.0000	0.0000	0.0000	0.0000	0.0000	0.0000	0.0000	0.0000	0.9936	0.9926	0.0010	0.0002	0.0002	0.0000	0.9934	0.9924	0.0010	0.0008	0.0007	0.0001	0.0002	0.0002	0.0000	0.0006	0.0005	0.0001	0.2028	0.1280	0.0748	0.0514	0.0451	0.0063	0.1514	0.0829	0.0685	0.0000	0.0000	0.1190	0.0000	0.0000	0.0000	0.0000	0.0000	0.1098	4.9000	7.7541	0.0133	0.0045	0.0050	0.0004	6.5613	11.9710	0.0145
105	109	0.1288	3	0	2	0	0	0	0	0	0	N	Y	N	N	N	N	N	N	N	N	N	N	0.0029	0.0000	0.3030	inf	inf	0.0027	0.0000	0.2947	0.0002	0.0000	0.0014	0.0001	0.0001	0.0000	0.0002	0.0000	0.0014	0.0755	0.1279	0.0047	0.0000	0.0000	0.0000	0.0819	0.1436	0.0049	51.3337	0.0272	0.0000	-0.0026	3.0162	1.0007	11.0438	1.4004	0.0000	0.0000	0.0000	0.0000	0.0000	0.0000	0.0000	0.0000	0.0000	0.0050	0.0049	0.0001	0.0000	0.0000	0.0000	0.0050	0.0049	0.0001	0.0428	0.0364	0.0064	0.0014	0.0013	0.0001	0.0414	0.0350	0.0063	0.0668	0.0384	0.0284	0.0052	0.0042	0.0010	0.0616	0.0342	0.0274	0.0029	0.0000	0.3030	inf	inf	0.0000	0.0027	0.0000	0.2947	0.0755	0.1279	0.0047	0.0000	0.0000	0.0000	0.0819	0.1436	0.0049	
105	110	0.1155	2	0	1	0	0	0	0	0	0	N	N	N	N	N	N	N	N	N	N	N	N	0.0063	0.0075	0.0024	0.0086	0.0385	0.0000	0.0040	0.0037	0.0040	0.0007	0.0008	0.0004	0.0013	0.0015	0.0000	0.0005	0.0005	0.0005	0.1172	0.1060	0.1737	0.1567	0.0390	0.9610	0.1190	0.1241	0.1332	0.0935	0.8781	-0.0000	-0.0009	3.0162	0.3039	11.0438	2.8719	0.0000	0.0000	0.0000	0.0000	0.0000	0.0000	0.0000	0.0000	0.0000	0.0123	0.0065	0.0057	0.0015	0.0005	0.0010	0.0108	0.0060	0.0047	0.0225	0.0192	0.0033	0.0067	0.0060	0.0007	0.0158	0.0131	0.0027	0.1049	0.0617	0.0431	0.0144	0.0131	0.0013	0.0905	0.0486	0.0419	0.0063	0.0075	0.0032	0.0127	0.0385	0.0000	0.0040	0.0037	0.0047	0.1172	0.1060	0.1332	0.1058	0.0390	0.7999	0.1190	0.1241	0.1131
105	115	0.2556	4	0	1	0	0	0	0	0	0	N	N	N	N	N	N	N	N	N	N	N	N	0.0027	0.0028	0.0000	0.0025	0.0106	0.0000	0.0000	0.0000	0.0000	0.0056	0.0064	0.0000	0.0454	0.0467	0.0000	0.0000	0.0000	0.0000	2.0362	2.3333	3.4744	18.3782	4.4011	71.5178	1.6476	1.7917	1.8170	0.0000	0.9870	-0.0010	-0.0680	3.0162	8.9918	11.0438	13.3277	0.0022	0.0022	0.0000	0.0022	0.0022	0.0000	0.0000	0.0000	0.0000	1.5747	0.7925	0.7822	0.6478	0.1930	0.4548	0.9268	0.5995	0.3274	0.4008	0.3472	0.0536	0.0491	0.0478	0.0013	0.3517	0.2994	0.0522	1.0133	0.7263	0.2869	0.4507	0.3917	0.0590	0.5626	0.3346	0.2280	0.0036	0.0059	0.0000	0.0316	0.0947	0.0000	0.0000	0.0000	0.0000	1.5540	1.0911	2.7259	1.4373	0.4927	7.7119	1.6476	1.7917	1.4361
106	115	0.3018	9	1	1	0	0	0	0	0	0	N	N	N	N	N	N	N	N	N	N	N	N	0.0000	0.0000	0.0000	0.0000	0.0000	0.0000	0.0000	0.0000	0.0000	0.0000	0.0000	0.0000	0.0000	0.0094	0.0129	0.0000	0.0185	0.0216	0.0000	0.0000	0.0000	0.0000	0.0000	0.0000	-0.0008	1.0000	8.9918	1.0000	13.3277	0.0000	0.0000	0.0000	0.0000	0.0000	0.0000	0.0000	0.0000	0.0000	0.0016	0.0016	0.0000	0.0016	0.0016	0.0000	0.0000	0.0000	0.0000	0.1385	0.1202	0.0183	0.0197	0.0191	0.0006	0.1188	0.1011	0.0177	0.1664	0.1217	0.0447	0.0848	0.0726	0.0122	0.0816	0.0491	0.0325	0.0000	0.0000	0.0000	0.0000	0.0000	0.0000	0.0000	0.0000	0.0000	0.0094	0.0129	0.0000	0.0185	0.0216	0.0000	0.0000	0.0000	0.0000						
107	115	0.2935	8	1	1	0	0	0	0	0	0	N	N	N	N	N	N	N	N	N	N	N	N	0.0000	0.0000	0.0000	0.0000	0.0000	0.0000	0.0000	0.0000	0.0000	0.0000	0.0000	0.0000	0.0000	1.4124	2.6302	0.0000	34.7407	35.0983	0.0000	0.0000	0.0000	0.0000	0.0000	0.0000	-0.0442	0.0000	8.9918	0.9999	13.3277	0.0000	0.0000	0.0000	0.0000	0.0000	0.0000	0.0000	0.0000	0.0000	0.0818	0.0818	0.0000	0.0818	0.0818	0.0000	0.0000	0.0000	0.0000	0.0000	0.0000	0.0000	0.0000	0.0000	0.0000	0.0000	0.0000	0.0000	0.0835	0.0606	0.0229	0.0403	0.0347	0.0056	0.0432	0.0260	0.0172	0.0000	0.0000	0.0000	0.0000	0.0000	0.0000	0.0000	0.0000	0.0000	0.9801	1.3496	0.0000	2.0315	2.3602	0.0000	0.0000	0.0000	0.0000						
108	115	0.2893	7	1	1	0	0	0	0	0	0	N	N	N	N	N	N	N	N	N	N	N	N	0.0247	2.2987	0.0001	0.0657	4.2175	0.0018	0.0001	0.0000	0.0001	0.0452	0.0524	0.0007	0.1507	0.1520	0.0038	0.0001	0.0000	0.0006	1.8283	0.0228	5.7068	2.2955	0.0360	2.0530	2.4399	0.0000	8.0807	0.0021	77.0858	-0.0001	0.3148	0.0100	8.9918	4.8896	13.3277	0.0001	0.0001	0.0000	0.0001	0.0001	0.0000	0.0000	0.0000	0.0000	0.7038	0.0090	0.6948	0.1066	0.0090	0.0976	0.5972	0.0000	0.5972	0.0025	0.0021	0.0003	0.0007	0.0007	0.0000	0.0017	0.0014	0.0003	0.5479	0.3954	0.1526	0.3032	0.2500	0.0532	0.2447	0.1454	0.0994	0.0352	2.2987	0.0002	0.4286	4.2175	0.0020	0.0001	0.0000	0.0001	1.2844	0.0228	4.5543	0.3517	0.0360	1.8362	2.4399	0.0000	6.0082
109	115	0.2686	6	0	1	0	0	0	0	0	0	N	N	N	N	N	N	N	N	N	N	N	N	0.1472	0.2371	0.0121	0.9798	1.8552	0.0008	0.0035	0.0000	0.0121	0.0409	0.0463	0.0067	0.2547	0.2622	0.0004	0.0011	0.0000	0.0069	0.2776	0.1953	0.5516	0.2600	0.1413	0.4835	0.3102	0.2485	0.5710	0.0229	0.8979	-0.0026	-0.0029	1.0007	8.9918	1.4004	13.3277	0.0059	0.0057	0.0001	0.0057	0.0057	0.0000	0.0001	0.0000	0.0001	0.0434	0.0229	0.0205	0.0125	0.0081	0.0044	0.0309	0.0148	0.0161	0.1435	0.1238	0.0197	0.0225	0.0219	0.0006	0.1210	0.1019	0.0190	0.1932	0.1403	0.0529	0.0937	0.0808	0.0129	0.0995	0.0595	0.0400	0.1820	0.2843	0.0172	1.9081	2.6275	0.0012	0.0035	0.0000	0.0172	0.2245	0.1629	0.3880	0.1335	0.0998	0.3448	0.3102	0.2485	0.4019
110	115	0.2585	5	0	0	0	0	0	0	0	0	N	N	N	N	N	N	N	N	N	N	N	N	3.1390	0.7302	21.7204	1.5606	1.8194	0.1141	4.9888	0.0001	49.5263	0.1019	0.0255	0.5685	0.0622	0.0674	0.0063	0.1238	0.0000	0.7214	0.0325	0.0349	0.0262	0.0399	0.0370	0.0552	0.0248	0.0317	0.0146	3.6576	0.2870	0.0024	-0.0029	0.3039	8.9918	2.8719	13.3277	0.0073	0.0016	0.0057	0.0016	0.0016	0.0000	0.0057	0.0000	0.0057	0.0091	0.0071	0.0020	0.0057	0.0045	0.0012	0.0034	0.0026	0.0008	0.0716	0.0615	0.0101	0.0254	0.0232	0.0022	0.0462	0.0383	0.0079	0.2813	0.2035	0.0778	0.1432	0.1210	0.0222	0.1381	0.0825	0.0556	3.1390	0.7302	21.7204	1.5606	1.8194	0.1141	4.9888	0.0001	49.5263	0.0325	0.0349	0.0262	0.0399	0.0370	0.0552	0.0248	0.0317	0.0146
111	115	0.2452	4	0	0	0	0	0	0	0	0	N	N	N	N	N	N	N	N	N	N	N	N	0.1503	12.7437	0.0036	0.1056	53.2106	0.0000	0.0048	0.6157	0.0051	0.2055	0.2352	0.0125	1.6582	1.7048	0.0012	0.0032	0.0016	0.0128	1.3671	0.0185	3.4800	15.6986	0.0320	76.0053	0.6676	0.0025	2.5054	0.0082	66.9772	-0.0470	0.3514	3.8240	8.9918	8.1760	13.3277	0.1036	0.1027	0.0008	0.1021	0.1021	0.0000	0.0014	0.0006	0.0008	0.7891	0.0116	0.7775	0.4639	0.0109	0.4530	0.3252	0.0007	0.3245	0.5039	0.4368	0.0672	0.0616	0.0599	0.0017	0.4423	0.3769	0.0655	0.8776	0.6290	0.2486	0.3904	0.3394	0.0510	0.4871	0.2896	0.1975	0.2285	12.7437	0.0040	1.3957	53.2106	0.0001	0.0048	0.6157	0.0078	0.8992	0.0185	3.1278	1.1881	0.0320	8.8742	0.6676	0.0025	1.6427
112	115	0.1926	3	0	0	0	0	0	0	0	0	N	N	N	N	N	N	N	N	N	N	N	N	9.5257	25.6967	0.1376	17.9046	19.1864	0.0103	0.2459	0.1404	0.1491	0.9840	1.4324	0.0444	1.9909	2.1965	0.0007	0.0282	0.0008	0.0515	0.1033	0.0557	0.3224	0.1112	0.1145	0.0727	0.1148	0.0054	0.3456	0.0148	1.6404	-0.0359	0.0061	0.0953	8.9918	6.8761	13.3277	0.0802	0.0790	0.0012	0.0790	0.0790	0.0000	0.0012	0.0000	0.0012	0.0748	0.0283	0.0464	0.0296	0.0272	0.0024	0.0452	0.0011	0.0440	0.0815	0.0552	0.0263	0.0397	0.0360	0.0037	0.0418	0.0192	0.0226	0.7237	0.5079	0.2158	0.3301	0.2968	0.0333	0.3936	0.2111	0.1824	9.5257	25.6967	0.2061	22.2103	23.9958	0.0103	0.2459	0.1404	0.2136	0.1033	0.0557	0.2153	0.0896	0.0915	0.0727	0.1148	0.0054	0.2413
113	115	0.1630	2	0	0	0	0	0	0	0	0	N	N	N	N	N	N	N	N	N	N	N	N	0.4020	0.1882	1.5790	0.1245	0.1109	10.5242	0.2570	0.0124	1.5427	0.4972	0.4583	0.6328	1.2736	1.3570	0.5109	0.1882	0.0154	0.6504	1.2367	2.4353	0.4008	10.2326	12.2377	0.0485	0.7322	1.2469	0.4216	0.3955	0.1349	-0.0518	-1.3878	2.4936	8.9918	25.2897	13.3277	0.2903	0.2081	0.0823	0.2117	0.2034	0.0084	0.0786	0.0047	0.0739	3.2957	2.9040	0.3917	1.7543	1.7453	0.0090	1.5415	1.1587	0.3828	0.5840	0.4539	0.1300	0.1663	0.1499	0.0164	0.4177	0.3041	0.1136	3.9521	2.5911	1.3609	1.8468	1.6619	0.1850	2.1052	0.9293	1.1760	0.5962	0.4090	2.1986	1.3408	1.2922	10.5242	0.2570	0.0124	1.9984	0.8339	1.1207	0.2878	0.9499	1.0502	0.0485	0.7322	1.2469	0.3255
