arity	elapsed_sec	cutoff_stat	fg_enrichment_factor	mode	dSC_calibration	num_all	num_fg_beakless	num_fg_pink	num_fg_tube	num_fg_yellow	num_mf_beakless	num_mf_pink	num_mf_tube	num_mf_yellow	num_mg_beakless	num_mg_pink	num_mg_tube	num_mg_yellow	num_qualified_all	num_qualified_fg_beakless	num_qualified_fg_pink	num_qualified_fg_tube	num_qualified_fg_yellow	num_qualified_mf_beakless	num_qualified_mf_pink	num_qualified_mf_tube	num_qualified_mf_yellow	num_qualified_mg_beakless	num_qualified_mg_pink	num_qualified_mg_tube	num_qualified_mg_yellow	fg_enrichment_factor_beakless	fg_enrichment_factor_pink	fg_enrichment_factor_tube	fg_enrichment_factor_yellow	median_dist_bl_all	median_dist_bl_fg_beakless	median_dist_bl_fg_pink	median_dist_bl_fg_tube	median_dist_bl_fg_yellow	median_dist_bl_mf_beakless	median_dist_bl_mf_pink	median_dist_bl_mf_tube	median_dist_bl_mf_yellow	median_dist_bl_mg_beakless	median_dist_bl_mg_pink	median_dist_bl_mg_tube	median_dist_bl_mg_yellow	median_dist_node_num_all	median_dist_node_num_fg_beakless	median_dist_node_num_fg_pink	median_dist_node_num_fg_tube	median_dist_node_num_fg_yellow	median_dist_node_num_mf_beakless	median_dist_node_num_mf_pink	median_dist_node_num_mf_tube	median_dist_node_num_mf_yellow	median_dist_node_num_mg_beakless	median_dist_node_num_mg_pink	median_dist_node_num_mg_tube	median_dist_node_num_mg_yellow	median_omegaCany2any_all	median_omegaCany2any_fg_beakless	median_omegaCany2any_fg_pink	median_omegaCany2any_fg_tube	median_omegaCany2any_fg_yellow	median_omegaCany2any_mf_beakless	median_omegaCany2any_mf_pink	median_omegaCany2any_mf_tube	median_omegaCany2any_mf_yellow	median_omegaCany2any_mg_beakless	median_omegaCany2any_mg_pink	median_omegaCany2any_mg_tube	median_omegaCany2any_mg_yellow	median_omegaCany2any_nocalib_all	median_omegaCany2any_nocalib_fg_beakless	median_omegaCany2any_nocalib_fg_pink	median_omegaCany2any_nocalib_fg_tube	median_omegaCany2any_nocalib_fg_yellow	median_omegaCany2any_nocalib_mf_beakless	median_omegaCany2any_nocalib_mf_pink	median_omegaCany2any_nocalib_mf_tube	median_omegaCany2any_nocalib_mf_yellow	median_omegaCany2any_nocalib_mg_beakless	median_omegaCany2any_nocalib_mg_pink	median_omegaCany2any_nocalib_mg_tube	median_omegaCany2any_nocalib_mg_yellow	median_omegaCany2dif_all	median_omegaCany2dif_fg_beakless	median_omegaCany2dif_fg_pink	median_omegaCany2dif_fg_tube	median_omegaCany2dif_fg_yellow	median_omegaCany2dif_mf_beakless	median_omegaCany2dif_mf_pink	median_omegaCany2dif_mf_tube	median_omegaCany2dif_mf_yellow	median_omegaCany2dif_mg_beakless	median_omegaCany2dif_mg_pink	median_omegaCany2dif_mg_tube	median_omegaCany2dif_mg_yellow	median_omegaCany2dif_nocalib_all	median_omegaCany2dif_nocalib_fg_beakless	median_omegaCany2dif_nocalib_fg_pink	median_omegaCany2dif_nocalib_fg_tube	median_omegaCany2dif_nocalib_fg_yellow	median_omegaCany2dif_nocalib_mf_beakless	median_omegaCany2dif_nocalib_mf_pink	median_omegaCany2dif_nocalib_mf_tube	median_omegaCany2dif_nocalib_mf_yellow	median_omegaCany2dif_nocalib_mg_beakless	median_omegaCany2dif_nocalib_mg_pink	median_omegaCany2dif_nocalib_mg_tube	median_omegaCany2dif_nocalib_mg_yellow	median_omegaCany2spe_all	median_omegaCany2spe_fg_beakless	median_omegaCany2spe_fg_pink	median_omegaCany2spe_fg_tube	median_omegaCany2spe_fg_yellow	median_omegaCany2spe_mf_beakless	median_omegaCany2spe_mf_pink	median_omegaCany2spe_mf_tube	median_omegaCany2spe_mf_yellow	median_omegaCany2spe_mg_beakless	median_omegaCany2spe_mg_pink	median_omegaCany2spe_mg_tube	median_omegaCany2spe_mg_yellow	median_omegaCany2spe_nocalib_all	median_omegaCany2spe_nocalib_fg_beakless	median_omegaCany2spe_nocalib_fg_pink	median_omegaCany2spe_nocalib_fg_tube	median_omegaCany2spe_nocalib_fg_yellow	median_omegaCany2spe_nocalib_mf_beakless	median_omegaCany2spe_nocalib_mf_pink	median_omegaCany2spe_nocalib_mf_tube	median_omegaCany2spe_nocalib_mf_yellow	median_omegaCany2spe_nocalib_mg_beakless	median_omegaCany2spe_nocalib_mg_pink	median_omegaCany2spe_nocalib_mg_tube	median_omegaCany2spe_nocalib_mg_yellow	median_omegaCdif2any_all	median_omegaCdif2any_fg_beakless	median_omegaCdif2any_fg_pink	median_omegaCdif2any_fg_tube	median_omegaCdif2any_fg_yellow	median_omegaCdif2any_mf_beakless	median_omegaCdif2any_mf_pink	median_omegaCdif2any_mf_tube	median_omegaCdif2any_mf_yellow	median_omegaCdif2any_mg_beakless	median_omegaCdif2any_mg_pink	median_omegaCdif2any_mg_tube	median_omegaCdif2any_mg_yellow	median_omegaCdif2any_nocalib_all	median_omegaCdif2any_nocalib_fg_beakless	median_omegaCdif2any_nocalib_fg_pink	median_omegaCdif2any_nocalib_fg_tube	median_omegaCdif2any_nocalib_fg_yellow	median_omegaCdif2any_nocalib_mf_beakless	median_omegaCdif2any_nocalib_mf_pink	median_omegaCdif2any_nocalib_mf_tube	median_omegaCdif2any_nocalib_mf_yellow	median_omegaCdif2any_nocalib_mg_beakless	median_omegaCdif2any_nocalib_mg_pink	median_omegaCdif2any_nocalib_mg_tube	median_omegaCdif2any_nocalib_mg_yellow	median_omegaCdif2dif_all	median_omegaCdif2dif_fg_beakless	median_omegaCdif2dif_fg_pink	median_omegaCdif2dif_fg_tube	median_omegaCdif2dif_fg_yellow	median_omegaCdif2dif_mf_beakless	median_omegaCdif2dif_mf_pink	median_omegaCdif2dif_mf_tube	median_omegaCdif2dif_mf_yellow	median_omegaCdif2dif_mg_beakless	median_omegaCdif2dif_mg_pink	median_omegaCdif2dif_mg_tube	median_omegaCdif2dif_mg_yellow	median_omegaCdif2dif_nocalib_all	median_omegaCdif2dif_nocalib_fg_beakless	median_omegaCdif2dif_nocalib_fg_pink	median_omegaCdif2dif_nocalib_fg_tube	median_omegaCdif2dif_nocalib_fg_yellow	median_omegaCdif2dif_nocalib_mf_beakless	median_omegaCdif2dif_nocalib_mf_pink	median_omegaCdif2dif_nocalib_mf_tube	median_omegaCdif2dif_nocalib_mf_yellow	median_omegaCdif2dif_nocalib_mg_beakless	median_omegaCdif2dif_nocalib_mg_pink	median_omegaCdif2dif_nocalib_mg_tube	median_omegaCdif2dif_nocalib_mg_yellow	median_omegaCdif2spe_all	median_omegaCdif2spe_fg_beakless	median_omegaCdif2spe_fg_pink	median_omegaCdif2spe_fg_tube	median_omegaCdif2spe_fg_yellow	median_omegaCdif2spe_mf_beakless	median_omegaCdif2spe_mf_pink	median_omegaCdif2spe_mf_tube	median_omegaCdif2spe_mf_yellow	median_omegaCdif2spe_mg_beakless	median_omegaCdif2spe_mg_pink	median_omegaCdif2spe_mg_tube	median_omegaCdif2spe_mg_yellow	median_omegaCdif2spe_nocalib_all	median_omegaCdif2spe_nocalib_fg_beakless	median_omegaCdif2spe_nocalib_fg_pink	median_omegaCdif2spe_nocalib_fg_tube	median_omegaCdif2spe_nocalib_fg_yellow	median_omegaCdif2spe_nocalib_mf_beakless	median_omegaCdif2spe_nocalib_mf_pink	median_omegaCdif2spe_nocalib_mf_tube	median_omegaCdif2spe_nocalib_mf_yellow	median_omegaCdif2spe_nocalib_mg_beakless	median_omegaCdif2spe_nocalib_mg_pink	median_omegaCdif2spe_nocalib_mg_tube	median_omegaCdif2spe_nocalib_mg_yellow	median_omegaCspe2any_all	median_omegaCspe2any_fg_beakless	median_omegaCspe2any_fg_pink	median_omegaCspe2any_fg_tube	median_omegaCspe2any_fg_yellow	median_omegaCspe2any_mf_beakless	median_omegaCspe2any_mf_pink	median_omegaCspe2any_mf_tube	median_omegaCspe2any_mf_yellow	median_omegaCspe2any_mg_beakless	median_omegaCspe2any_mg_pink	median_omegaCspe2any_mg_tube	median_omegaCspe2any_mg_yellow	median_omegaCspe2any_nocalib_all	median_omegaCspe2any_nocalib_fg_beakless	median_omegaCspe2any_nocalib_fg_pink	median_omegaCspe2any_nocalib_fg_tube	median_omegaCspe2any_nocalib_fg_yellow	median_omegaCspe2any_nocalib_mf_beakless	median_omegaCspe2any_nocalib_mf_pink	median_omegaCspe2any_nocalib_mf_tube	median_omegaCspe2any_nocalib_mf_yellow	median_omegaCspe2any_nocalib_mg_beakless	median_omegaCspe2any_nocalib_mg_pink	median_omegaCspe2any_nocalib_mg_tube	median_omegaCspe2any_nocalib_mg_yellow	median_omegaCspe2dif_all	median_omegaCspe2dif_fg_beakless	median_omegaCspe2dif_fg_pink	median_omegaCspe2dif_fg_tube	median_omegaCspe2dif_fg_yellow	median_omegaCspe2dif_mf_beakless	median_omegaCspe2dif_mf_pink	median_omegaCspe2dif_mf_tube	median_omegaCspe2dif_mf_yellow	median_omegaCspe2dif_mg_beakless	median_omegaCspe2dif_mg_pink	median_omegaCspe2dif_mg_tube	median_omegaCspe2dif_mg_yellow	median_omegaCspe2dif_nocalib_all	median_omegaCspe2dif_nocalib_fg_beakless	median_omegaCspe2dif_nocalib_fg_pink	median_omegaCspe2dif_nocalib_fg_tube	median_omegaCspe2dif_nocalib_fg_yellow	median_omegaCspe2dif_nocalib_mf_beakless	median_omegaCspe2dif_nocalib_mf_pink	median_omegaCspe2dif_nocalib_mf_tube	median_omegaCspe2dif_nocalib_mf_yellow	median_omegaCspe2dif_nocalib_mg_beakless	median_omegaCspe2dif_nocalib_mg_pink	median_omegaCspe2dif_nocalib_mg_tube	median_omegaCspe2dif_nocalib_mg_yellow	median_omegaCspe2spe_all	median_omegaCspe2spe_fg_beakless	median_omegaCspe2spe_fg_pink	median_omegaCspe2spe_fg_tube	median_omegaCspe2spe_fg_yellow	median_omegaCspe2spe_mf_beakless	median_omegaCspe2spe_mf_pink	median_omegaCspe2spe_mf_tube	median_omegaCspe2spe_mf_yellow	median_omegaCspe2spe_mg_beakless	median_omegaCspe2spe_mg_pink	median_omegaCspe2spe_mg_tube	median_omegaCspe2spe_mg_yellow	median_omegaCspe2spe_nocalib_all	median_omegaCspe2spe_nocalib_fg_beakless	median_omegaCspe2spe_nocalib_fg_pink	median_omegaCspe2spe_nocalib_fg_tube	median_omegaCspe2spe_nocalib_fg_yellow	median_omegaCspe2spe_nocalib_mf_beakless	median_omegaCspe2spe_nocalib_mf_pink	median_omegaCspe2spe_nocalib_mf_tube	median_omegaCspe2spe_nocalib_mf_yellow	median_omegaCspe2spe_nocalib_mg_beakless	median_omegaCspe2spe_nocalib_mg_pink	median_omegaCspe2spe_nocalib_mg_tube	median_omegaCspe2spe_nocalib_mg_yellow	total_ECNany2any_all	total_ECNany2any_fg_beakless	total_ECNany2any_fg_pink	total_ECNany2any_fg_tube	total_ECNany2any_fg_yellow	total_ECNany2any_mf_beakless	total_ECNany2any_mf_pink	total_ECNany2any_mf_tube	total_ECNany2any_mf_yellow	total_ECNany2any_mg_beakless	total_ECNany2any_mg_pink	total_ECNany2any_mg_tube	total_ECNany2any_mg_yellow	total_ECNany2dif_all	total_ECNany2dif_fg_beakless	total_ECNany2dif_fg_pink	total_ECNany2dif_fg_tube	total_ECNany2dif_fg_yellow	total_ECNany2dif_mf_beakless	total_ECNany2dif_mf_pink	total_ECNany2dif_mf_tube	total_ECNany2dif_mf_yellow	total_ECNany2dif_mg_beakless	total_ECNany2dif_mg_pink	total_ECNany2dif_mg_tube	total_ECNany2dif_mg_yellow	total_ECNany2spe_all	total_ECNany2spe_fg_beakless	total_ECNany2spe_fg_pink	total_ECNany2spe_fg_tube	total_ECNany2spe_fg_yellow	total_ECNany2spe_mf_beakless	total_ECNany2spe_mf_pink	total_ECNany2spe_mf_tube	total_ECNany2spe_mf_yellow	total_ECNany2spe_mg_beakless	total_ECNany2spe_mg_pink	total_ECNany2spe_mg_tube	total_ECNany2spe_mg_yellow	total_ECNdif2any_all	total_ECNdif2any_fg_beakless	total_ECNdif2any_fg_pink	total_ECNdif2any_fg_tube	total_ECNdif2any_fg_yellow	total_ECNdif2any_mf_beakless	total_ECNdif2any_mf_pink	total_ECNdif2any_mf_tube	total_ECNdif2any_mf_yellow	total_ECNdif2any_mg_beakless	total_ECNdif2any_mg_pink	total_ECNdif2any_mg_tube	total_ECNdif2any_mg_yellow	total_ECNdif2dif_all	total_ECNdif2dif_fg_beakless	total_ECNdif2dif_fg_pink	total_ECNdif2dif_fg_tube	total_ECNdif2dif_fg_yellow	total_ECNdif2dif_mf_beakless	total_ECNdif2dif_mf_pink	total_ECNdif2dif_mf_tube	total_ECNdif2dif_mf_yellow	total_ECNdif2dif_mg_beakless	total_ECNdif2dif_mg_pink	total_ECNdif2dif_mg_tube	total_ECNdif2dif_mg_yellow	total_ECNdif2spe_all	total_ECNdif2spe_fg_beakless	total_ECNdif2spe_fg_pink	total_ECNdif2spe_fg_tube	total_ECNdif2spe_fg_yellow	total_ECNdif2spe_mf_beakless	total_ECNdif2spe_mf_pink	total_ECNdif2spe_mf_tube	total_ECNdif2spe_mf_yellow	total_ECNdif2spe_mg_beakless	total_ECNdif2spe_mg_pink	total_ECNdif2spe_mg_tube	total_ECNdif2spe_mg_yellow	total_ECNspe2any_all	total_ECNspe2any_fg_beakless	total_ECNspe2any_fg_pink	total_ECNspe2any_fg_tube	total_ECNspe2any_fg_yellow	total_ECNspe2any_mf_beakless	total_ECNspe2any_mf_pink	total_ECNspe2any_mf_tube	total_ECNspe2any_mf_yellow	total_ECNspe2any_mg_beakless	total_ECNspe2any_mg_pink	total_ECNspe2any_mg_tube	total_ECNspe2any_mg_yellow	total_ECNspe2dif_all	total_ECNspe2dif_fg_beakless	total_ECNspe2dif_fg_pink	total_ECNspe2dif_fg_tube	total_ECNspe2dif_fg_yellow	total_ECNspe2dif_mf_beakless	total_ECNspe2dif_mf_pink	total_ECNspe2dif_mf_tube	total_ECNspe2dif_mf_yellow	total_ECNspe2dif_mg_beakless	total_ECNspe2dif_mg_pink	total_ECNspe2dif_mg_tube	total_ECNspe2dif_mg_yellow	total_ECNspe2spe_all	total_ECNspe2spe_fg_beakless	total_ECNspe2spe_fg_pink	total_ECNspe2spe_fg_tube	total_ECNspe2spe_fg_yellow	total_ECNspe2spe_mf_beakless	total_ECNspe2spe_mf_pink	total_ECNspe2spe_mf_tube	total_ECNspe2spe_mf_yellow	total_ECNspe2spe_mg_beakless	total_ECNspe2spe_mg_pink	total_ECNspe2spe_mg_tube	total_ECNspe2spe_mg_yellow	total_ECSany2any_all	total_ECSany2any_fg_beakless	total_ECSany2any_fg_pink	total_ECSany2any_fg_tube	total_ECSany2any_fg_yellow	total_ECSany2any_mf_beakless	total_ECSany2any_mf_pink	total_ECSany2any_mf_tube	total_ECSany2any_mf_yellow	total_ECSany2any_mg_beakless	total_ECSany2any_mg_pink	total_ECSany2any_mg_tube	total_ECSany2any_mg_yellow	total_ECSany2dif_all	total_ECSany2dif_fg_beakless	total_ECSany2dif_fg_pink	total_ECSany2dif_fg_tube	total_ECSany2dif_fg_yellow	total_ECSany2dif_mf_beakless	total_ECSany2dif_mf_pink	total_ECSany2dif_mf_tube	total_ECSany2dif_mf_yellow	total_ECSany2dif_mg_beakless	total_ECSany2dif_mg_pink	total_ECSany2dif_mg_tube	total_ECSany2dif_mg_yellow	total_ECSany2spe_all	total_ECSany2spe_fg_beakless	total_ECSany2spe_fg_pink	total_ECSany2spe_fg_tube	total_ECSany2spe_fg_yellow	total_ECSany2spe_mf_beakless	total_ECSany2spe_mf_pink	total_ECSany2spe_mf_tube	total_ECSany2spe_mf_yellow	total_ECSany2spe_mg_beakless	total_ECSany2spe_mg_pink	total_ECSany2spe_mg_tube	total_ECSany2spe_mg_yellow	total_ECSdif2any_all	total_ECSdif2any_fg_beakless	total_ECSdif2any_fg_pink	total_ECSdif2any_fg_tube	total_ECSdif2any_fg_yellow	total_ECSdif2any_mf_beakless	total_ECSdif2any_mf_pink	total_ECSdif2any_mf_tube	total_ECSdif2any_mf_yellow	total_ECSdif2any_mg_beakless	total_ECSdif2any_mg_pink	total_ECSdif2any_mg_tube	total_ECSdif2any_mg_yellow	total_ECSdif2dif_all	total_ECSdif2dif_fg_beakless	total_ECSdif2dif_fg_pink	total_ECSdif2dif_fg_tube	total_ECSdif2dif_fg_yellow	total_ECSdif2dif_mf_beakless	total_ECSdif2dif_mf_pink	total_ECSdif2dif_mf_tube	total_ECSdif2dif_mf_yellow	total_ECSdif2dif_mg_beakless	total_ECSdif2dif_mg_pink	total_ECSdif2dif_mg_tube	total_ECSdif2dif_mg_yellow	total_ECSdif2spe_all	total_ECSdif2spe_fg_beakless	total_ECSdif2spe_fg_pink	total_ECSdif2spe_fg_tube	total_ECSdif2spe_fg_yellow	total_ECSdif2spe_mf_beakless	total_ECSdif2spe_mf_pink	total_ECSdif2spe_mf_tube	total_ECSdif2spe_mf_yellow	total_ECSdif2spe_mg_beakless	total_ECSdif2spe_mg_pink	total_ECSdif2spe_mg_tube	total_ECSdif2spe_mg_yellow	total_ECSspe2any_all	total_ECSspe2any_fg_beakless	total_ECSspe2any_fg_pink	total_ECSspe2any_fg_tube	total_ECSspe2any_fg_yellow	total_ECSspe2any_mf_beakless	total_ECSspe2any_mf_pink	total_ECSspe2any_mf_tube	total_ECSspe2any_mf_yellow	total_ECSspe2any_mg_beakless	total_ECSspe2any_mg_pink	total_ECSspe2any_mg_tube	total_ECSspe2any_mg_yellow	total_ECSspe2dif_all	total_ECSspe2dif_fg_beakless	total_ECSspe2dif_fg_pink	total_ECSspe2dif_fg_tube	total_ECSspe2dif_fg_yellow	total_ECSspe2dif_mf_beakless	total_ECSspe2dif_mf_pink	total_ECSspe2dif_mf_tube	total_ECSspe2dif_mf_yellow	total_ECSspe2dif_mg_beakless	total_ECSspe2dif_mg_pink	total_ECSspe2dif_mg_tube	total_ECSspe2dif_mg_yellow	total_ECSspe2spe_all	total_ECSspe2spe_fg_beakless	total_ECSspe2spe_fg_pink	total_ECSspe2spe_fg_tube	total_ECSspe2spe_fg_yellow	total_ECSspe2spe_mf_beakless	total_ECSspe2spe_mf_pink	total_ECSspe2spe_mf_tube	total_ECSspe2spe_mf_yellow	total_ECSspe2spe_mg_beakless	total_ECSspe2spe_mg_pink	total_ECSspe2spe_mg_tube	total_ECSspe2spe_mg_yellow	total_OCNany2any_all	total_OCNany2any_fg_beakless	total_OCNany2any_fg_pink	total_OCNany2any_fg_tube	total_OCNany2any_fg_yellow	total_OCNany2any_mf_beakless	total_OCNany2any_mf_pink	total_OCNany2any_mf_tube	total_OCNany2any_mf_yellow	total_OCNany2any_mg_beakless	total_OCNany2any_mg_pink	total_OCNany2any_mg_tube	total_OCNany2any_mg_yellow	total_OCNany2dif_all	total_OCNany2dif_fg_beakless	total_OCNany2dif_fg_pink	total_OCNany2dif_fg_tube	total_OCNany2dif_fg_yellow	total_OCNany2dif_mf_beakless	total_OCNany2dif_mf_pink	total_OCNany2dif_mf_tube	total_OCNany2dif_mf_yellow	total_OCNany2dif_mg_beakless	total_OCNany2dif_mg_pink	total_OCNany2dif_mg_tube	total_OCNany2dif_mg_yellow	total_OCNany2spe_all	total_OCNany2spe_fg_beakless	total_OCNany2spe_fg_pink	total_OCNany2spe_fg_tube	total_OCNany2spe_fg_yellow	total_OCNany2spe_mf_beakless	total_OCNany2spe_mf_pink	total_OCNany2spe_mf_tube	total_OCNany2spe_mf_yellow	total_OCNany2spe_mg_beakless	total_OCNany2spe_mg_pink	total_OCNany2spe_mg_tube	total_OCNany2spe_mg_yellow	total_OCNdif2any_all	total_OCNdif2any_fg_beakless	total_OCNdif2any_fg_pink	total_OCNdif2any_fg_tube	total_OCNdif2any_fg_yellow	total_OCNdif2any_mf_beakless	total_OCNdif2any_mf_pink	total_OCNdif2any_mf_tube	total_OCNdif2any_mf_yellow	total_OCNdif2any_mg_beakless	total_OCNdif2any_mg_pink	total_OCNdif2any_mg_tube	total_OCNdif2any_mg_yellow	total_OCNdif2dif_all	total_OCNdif2dif_fg_beakless	total_OCNdif2dif_fg_pink	total_OCNdif2dif_fg_tube	total_OCNdif2dif_fg_yellow	total_OCNdif2dif_mf_beakless	total_OCNdif2dif_mf_pink	total_OCNdif2dif_mf_tube	total_OCNdif2dif_mf_yellow	total_OCNdif2dif_mg_beakless	total_OCNdif2dif_mg_pink	total_OCNdif2dif_mg_tube	total_OCNdif2dif_mg_yellow	total_OCNdif2spe_all	total_OCNdif2spe_fg_beakless	total_OCNdif2spe_fg_pink	total_OCNdif2spe_fg_tube	total_OCNdif2spe_fg_yellow	total_OCNdif2spe_mf_beakless	total_OCNdif2spe_mf_pink	total_OCNdif2spe_mf_tube	total_OCNdif2spe_mf_yellow	total_OCNdif2spe_mg_beakless	total_OCNdif2spe_mg_pink	total_OCNdif2spe_mg_tube	total_OCNdif2spe_mg_yellow	total_OCNspe2any_all	total_OCNspe2any_fg_beakless	total_OCNspe2any_fg_pink	total_OCNspe2any_fg_tube	total_OCNspe2any_fg_yellow	total_OCNspe2any_mf_beakless	total_OCNspe2any_mf_pink	total_OCNspe2any_mf_tube	total_OCNspe2any_mf_yellow	total_OCNspe2any_mg_beakless	total_OCNspe2any_mg_pink	total_OCNspe2any_mg_tube	total_OCNspe2any_mg_yellow	total_OCNspe2dif_all	total_OCNspe2dif_fg_beakless	total_OCNspe2dif_fg_pink	total_OCNspe2dif_fg_tube	total_OCNspe2dif_fg_yellow	total_OCNspe2dif_mf_beakless	total_OCNspe2dif_mf_pink	total_OCNspe2dif_mf_tube	total_OCNspe2dif_mf_yellow	total_OCNspe2dif_mg_beakless	total_OCNspe2dif_mg_pink	total_OCNspe2dif_mg_tube	total_OCNspe2dif_mg_yellow	total_OCNspe2spe_all	total_OCNspe2spe_fg_beakless	total_OCNspe2spe_fg_pink	total_OCNspe2spe_fg_tube	total_OCNspe2spe_fg_yellow	total_OCNspe2spe_mf_beakless	total_OCNspe2spe_mf_pink	total_OCNspe2spe_mf_tube	total_OCNspe2spe_mf_yellow	total_OCNspe2spe_mg_beakless	total_OCNspe2spe_mg_pink	total_OCNspe2spe_mg_tube	total_OCNspe2spe_mg_yellow	total_OCSany2any_all	total_OCSany2any_fg_beakless	total_OCSany2any_fg_pink	total_OCSany2any_fg_tube	total_OCSany2any_fg_yellow	total_OCSany2any_mf_beakless	total_OCSany2any_mf_pink	total_OCSany2any_mf_tube	total_OCSany2any_mf_yellow	total_OCSany2any_mg_beakless	total_OCSany2any_mg_pink	total_OCSany2any_mg_tube	total_OCSany2any_mg_yellow	total_OCSany2dif_all	total_OCSany2dif_fg_beakless	total_OCSany2dif_fg_pink	total_OCSany2dif_fg_tube	total_OCSany2dif_fg_yellow	total_OCSany2dif_mf_beakless	total_OCSany2dif_mf_pink	total_OCSany2dif_mf_tube	total_OCSany2dif_mf_yellow	total_OCSany2dif_mg_beakless	total_OCSany2dif_mg_pink	total_OCSany2dif_mg_tube	total_OCSany2dif_mg_yellow	total_OCSany2spe_all	total_OCSany2spe_fg_beakless	total_OCSany2spe_fg_pink	total_OCSany2spe_fg_tube	total_OCSany2spe_fg_yellow	total_OCSany2spe_mf_beakless	total_OCSany2spe_mf_pink	total_OCSany2spe_mf_tube	total_OCSany2spe_mf_yellow	total_OCSany2spe_mg_beakless	total_OCSany2spe_mg_pink	total_OCSany2spe_mg_tube	total_OCSany2spe_mg_yellow	total_OCSdif2any_all	total_OCSdif2any_fg_beakless	total_OCSdif2any_fg_pink	total_OCSdif2any_fg_tube	total_OCSdif2any_fg_yellow	total_OCSdif2any_mf_beakless	total_OCSdif2any_mf_pink	total_OCSdif2any_mf_tube	total_OCSdif2any_mf_yellow	total_OCSdif2any_mg_beakless	total_OCSdif2any_mg_pink	total_OCSdif2any_mg_tube	total_OCSdif2any_mg_yellow	total_OCSdif2dif_all	total_OCSdif2dif_fg_beakless	total_OCSdif2dif_fg_pink	total_OCSdif2dif_fg_tube	total_OCSdif2dif_fg_yellow	total_OCSdif2dif_mf_beakless	total_OCSdif2dif_mf_pink	total_OCSdif2dif_mf_tube	total_OCSdif2dif_mf_yellow	total_OCSdif2dif_mg_beakless	total_OCSdif2dif_mg_pink	total_OCSdif2dif_mg_tube	total_OCSdif2dif_mg_yellow	total_OCSdif2spe_all	total_OCSdif2spe_fg_beakless	total_OCSdif2spe_fg_pink	total_OCSdif2spe_fg_tube	total_OCSdif2spe_fg_yellow	total_OCSdif2spe_mf_beakless	total_OCSdif2spe_mf_pink	total_OCSdif2spe_mf_tube	total_OCSdif2spe_mf_yellow	total_OCSdif2spe_mg_beakless	total_OCSdif2spe_mg_pink	total_OCSdif2spe_mg_tube	total_OCSdif2spe_mg_yellow	total_OCSspe2any_all	total_OCSspe2any_fg_beakless	total_OCSspe2any_fg_pink	total_OCSspe2any_fg_tube	total_OCSspe2any_fg_yellow	total_OCSspe2any_mf_beakless	total_OCSspe2any_mf_pink	total_OCSspe2any_mf_tube	total_OCSspe2any_mf_yellow	total_OCSspe2any_mg_beakless	total_OCSspe2any_mg_pink	total_OCSspe2any_mg_tube	total_OCSspe2any_mg_yellow	total_OCSspe2dif_all	total_OCSspe2dif_fg_beakless	total_OCSspe2dif_fg_pink	total_OCSspe2dif_fg_tube	total_OCSspe2dif_fg_yellow	total_OCSspe2dif_mf_beakless	total_OCSspe2dif_mf_pink	total_OCSspe2dif_mf_tube	total_OCSspe2dif_mf_yellow	total_OCSspe2dif_mg_beakless	total_OCSspe2dif_mg_pink	total_OCSspe2dif_mg_tube	total_OCSspe2dif_mg_yellow	total_OCSspe2spe_all	total_OCSspe2spe_fg_beakless	total_OCSspe2spe_fg_pink	total_OCSspe2spe_fg_tube	total_OCSspe2spe_fg_yellow	total_OCSspe2spe_mf_beakless	total_OCSspe2spe_mf_pink	total_OCSspe2spe_mf_tube	total_OCSspe2spe_mf_yellow	total_OCSspe2spe_mg_beakless	total_OCSspe2spe_mg_pink	total_OCSspe2spe_mg_tube	total_OCSspe2spe_mg_yellow
2	65	OCNany2spe,2.0|omegaCany2spe,5.0	exhaustive	Y	4088.0000	1717.0000	2.0000	6.0000	416.0000	3.0000	0.0000	0.0000	0.0000	0.0000	0.0000	0.0000	0.0000	0.0000	0.0000	0.0000	0.0000	0.0000	0.0000	0.0000	0.0000	0.0000	0.0000	0.0000	0.0000	0.0000	0.0000	0.0000	0.0000	0.0000	0.0000	0.1373	0.0550	0.0908	0.0993	0.1501	6.0000	5.0000	4.0000	5.0000	0.0811	0.6454	0.8383	0.0000	0.0000	0.0000	0.0000	0.0000	0.0645	31.0725	inf	0.0000	0.0000	0.0000	0.0000	0.0409	33.5909	22086.0594	0.0045	0.0887	0.0000	0.0000	0.0000	0.0000	10.3004	25.7833	13.5780	0.0000	0.0000	0.0000	0.0000	0.0000	0.0681	41.6751	13.1274	0.0000	0.0000	0.0000	0.0000	0.0159	5.0529	0.7460	0.0000	0.0000	0.0000	0.0000	0.0000	0.1811	0.1945	54.7922	0.0000	0.0000	0.0000	0.0000	0.0000	0.0100	inf	inf	0.0000	0.0000	0.0000	0.0000	0.0000	0.0005	43380.3228	0.0000	0.0000	0.0000	0.0000	0.0000	0.0000	470.5211	127.2887	2.3651	0.0000	0.0000	0.0000	0.0000	0.0000	0.0000	0.0000	0.0000	0.0000	0.0000	408.3118	109.8592	2.0990	0.0000	0.0000	0.0000	0.0000	0.0000	0.0000	0.0000	0.0000	0.0000	0.0000	62.2093	17.4296	0.2661	0.0000	0.0000	0.0000	0.0000	0.0000	0.0000	0.0000	0.0000	0.0000	0.0000	151.9116	34.5776	1.3311	0.0000	0.0000	0.0000	0.0000	0.0000	0.0000	0.0000	0.0000	0.0000	0.0000	143.6955	32.6851	1.2466	0.0000	0.0000	0.0000	0.0000	0.0000	0.0000	0.0000	0.0000	0.0000	0.0000	8.2160	1.8925	0.0844	0.0000	0.0000	0.0000	0.0000	0.0000	0.0000	0.0000	0.0000	0.0000	0.0000	318.6095	92.7112	1.0340	0.0000	0.0000	0.0000	0.0000	0.0000	0.0000	0.0000	0.0000	0.0000	0.0000	264.6163	77.1741	0.8523	0.0000	0.0000	0.0000	0.0000	0.0000	0.0000	0.0000	0.0000	0.0000	0.0000	53.9932	15.5371	0.1817	0.0000	0.0000	0.0000	0.0000	0.0000	0.0000	0.0000	0.0000	0.0000	0.0000	223.4954	60.6401	1.0534	0.0000	0.0000	0.0000	0.0000	0.0000	0.0000	0.0000	0.0000	0.0000	0.0000	134.7506	36.5387	0.6461	0.0000	0.0000	0.0000	0.0000	0.0000	0.0000	0.0000	0.0000	0.0000	0.0000	88.7448	24.1015	0.4073	0.0000	0.0000	0.0000	0.0000	0.0000	0.0000	0.0000	0.0000	0.0000	0.0000	57.7654	15.3864	0.2629	0.0000	0.0000	0.0000	0.0000	0.0000	0.0000	0.0000	0.0000	0.0000	0.0000	42.9032	11.2319	0.2205	0.0000	0.0000	0.0000	0.0000	0.0000	0.0000	0.0000	0.0000	0.0000	0.0000	14.8622	4.1545	0.0424	0.0000	0.0000	0.0000	0.0000	0.0000	0.0000	0.0000	0.0000	0.0000	0.0000	165.7300	45.2538	0.7905	0.0000	0.0000	0.0000	0.0000	0.0000	0.0000	0.0000	0.0000	0.0000	0.0000	91.8474	25.3068	0.4256	0.0000	0.0000	0.0000	0.0000	0.0000	0.0000	0.0000	0.0000	0.0000	0.0000	73.8826	19.9470	0.3649	0.0000	0.0000	0.0000	0.0000	0.0000	0.0000	0.0000	0.0000	0.0000	0.0000	321.5266	95.5694	0.0011	0.0000	0.0000	0.0000	0.0000	0.0000	0.0000	0.0000	0.0000	0.0000	0.0000	183.8374	55.1798	0.0011	0.0000	0.0000	0.0000	0.0000	0.0000	0.0000	0.0000	0.0000	0.0000	0.0000	137.6891	40.3895	0.0000	0.0000	0.0000	0.0000	0.0000	0.0000	0.0000	0.0000	0.0000	0.0000	0.0000	94.0829	26.9214	0.0008	0.0000	0.0000	0.0000	0.0000	0.0000	0.0000	0.0000	0.0000	0.0000	0.0000	84.1314	26.7357	0.0008	0.0000	0.0000	0.0000	0.0000	0.0000	0.0000	0.0000	0.0000	0.0000	0.0000	9.9514	0.1857	0.0000	0.0000	0.0000	0.0000	0.0000	0.0000	0.0000	0.0000	0.0000	0.0000	0.0000	227.4437	68.6479	0.0003	0.0000	0.0000	0.0000	0.0000	0.0000	0.0000	0.0000	0.0000	0.0000	0.0000	99.7060	28.4441	0.0003	0.0000	0.0000	0.0000	0.0000	0.0000	0.0000	0.0000	0.0000	0.0000	0.0000	127.7377	40.2038	0.0000	0.0000	0.0000	0.0000	0.0000	0.0000	0.0000	0.0000	0.0000	0.0000	0.0000	73.1664	24.5700	0.0520	0.0000	0.0000	0.0000	0.0000	0.0000	0.0000	0.0000	0.0000	0.0000	0.0000	41.7132	8.8702	0.0520	0.0000	0.0000	0.0000	0.0000	0.0000	0.0000	0.0000	0.0000	0.0000	0.0000	31.4533	15.6997	0.0000	0.0000	0.0000	0.0000	0.0000	0.0000	0.0000	0.0000	0.0000	0.0000	0.0000	21.5601	3.8489	0.0520	0.0000	0.0000	0.0000	0.0000	0.0000	0.0000	0.0000	0.0000	0.0000	0.0000	18.7684	2.6491	0.0520	0.0000	0.0000	0.0000	0.0000	0.0000	0.0000	0.0000	0.0000	0.0000	0.0000	2.7917	1.1997	0.0000	0.0000	0.0000	0.0000	0.0000	0.0000	0.0000	0.0000	0.0000	0.0000	0.0000	51.6063	20.7211	0.0000	0.0000	0.0000	0.0000	0.0000	0.0000	0.0000	0.0000	0.0000	0.0000	0.0000	22.9448	6.2211	0.0000	0.0000	0.0000	0.0000	0.0000	0.0000	0.0000	0.0000	0.0000	0.0000	0.0000	28.6615	14.5000	0.0000	0.0000	0.0000	0.0000	0.0000	0.0000	0.0000	0.0000	0.0000	0.0000	0.0000																																																																																																																																																																																				
