arity	elapsed_sec	cutoff_stat	fg_enrichment_factor	mode	dSC_calibration	num_all	num_fg_beakless	num_fg_pink	num_fg_tube	num_fg_yellow	num_mf_beakless	num_mf_pink	num_mf_tube	num_mf_yellow	num_mg_beakless	num_mg_pink	num_mg_tube	num_mg_yellow	num_qualified_all	num_qualified_fg_beakless	num_qualified_fg_pink	num_qualified_fg_tube	num_qualified_fg_yellow	num_qualified_mf_beakless	num_qualified_mf_pink	num_qualified_mf_tube	num_qualified_mf_yellow	num_qualified_mg_beakless	num_qualified_mg_pink	num_qualified_mg_tube	num_qualified_mg_yellow	fg_enrichment_factor_beakless	fg_enrichment_factor_pink	fg_enrichment_factor_tube	fg_enrichment_factor_yellow	median_dist_bl_all	median_dist_bl_fg_beakless	median_dist_bl_fg_pink	median_dist_bl_fg_tube	median_dist_bl_fg_yellow	median_dist_bl_mf_beakless	median_dist_bl_mf_pink	median_dist_bl_mf_tube	median_dist_bl_mf_yellow	median_dist_bl_mg_beakless	median_dist_bl_mg_pink	median_dist_bl_mg_tube	median_dist_bl_mg_yellow	median_dist_node_num_all	median_dist_node_num_fg_beakless	median_dist_node_num_fg_pink	median_dist_node_num_fg_tube	median_dist_node_num_fg_yellow	median_dist_node_num_mf_beakless	median_dist_node_num_mf_pink	median_dist_node_num_mf_tube	median_dist_node_num_mf_yellow	median_dist_node_num_mg_beakless	median_dist_node_num_mg_pink	median_dist_node_num_mg_tube	median_dist_node_num_mg_yellow	median_omegaCany2any_all	median_omegaCany2any_fg_beakless	median_omegaCany2any_fg_pink	median_omegaCany2any_fg_tube	median_omegaCany2any_fg_yellow	median_omegaCany2any_mf_beakless	median_omegaCany2any_mf_pink	median_omegaCany2any_mf_tube	median_omegaCany2any_mf_yellow	median_omegaCany2any_mg_beakless	median_omegaCany2any_mg_pink	median_omegaCany2any_mg_tube	median_omegaCany2any_mg_yellow	median_omegaCany2any_nocalib_all	median_omegaCany2any_nocalib_fg_beakless	median_omegaCany2any_nocalib_fg_pink	median_omegaCany2any_nocalib_fg_tube	median_omegaCany2any_nocalib_fg_yellow	median_omegaCany2any_nocalib_mf_beakless	median_omegaCany2any_nocalib_mf_pink	median_omegaCany2any_nocalib_mf_tube	median_omegaCany2any_nocalib_mf_yellow	median_omegaCany2any_nocalib_mg_beakless	median_omegaCany2any_nocalib_mg_pink	median_omegaCany2any_nocalib_mg_tube	median_omegaCany2any_nocalib_mg_yellow	median_omegaCany2dif_all	median_omegaCany2dif_fg_beakless	median_omegaCany2dif_fg_pink	median_omegaCany2dif_fg_tube	median_omegaCany2dif_fg_yellow	median_omegaCany2dif_mf_beakless	median_omegaCany2dif_mf_pink	median_omegaCany2dif_mf_tube	median_omegaCany2dif_mf_yellow	median_omegaCany2dif_mg_beakless	median_omegaCany2dif_mg_pink	median_omegaCany2dif_mg_tube	median_omegaCany2dif_mg_yellow	median_omegaCany2dif_nocalib_all	median_omegaCany2dif_nocalib_fg_beakless	median_omegaCany2dif_nocalib_fg_pink	median_omegaCany2dif_nocalib_fg_tube	median_omegaCany2dif_nocalib_fg_yellow	median_omegaCany2dif_nocalib_mf_beakless	median_omegaCany2dif_nocalib_mf_pink	median_omegaCany2dif_nocalib_mf_tube	median_omegaCany2dif_nocalib_mf_yellow	median_omegaCany2dif_nocalib_mg_beakless	median_omegaCany2dif_nocalib_mg_pink	median_omegaCany2dif_nocalib_mg_tube	median_omegaCany2dif_nocalib_mg_yellow	median_omegaCany2spe_all	median_omegaCany2spe_fg_beakless	median_omegaCany2spe_fg_pink	median_omegaCany2spe_fg_tube	median_omegaCany2spe_fg_yellow	median_omegaCany2spe_mf_beakless	median_omegaCany2spe_mf_pink	median_omegaCany2spe_mf_tube	median_omegaCany2spe_mf_yellow	median_omegaCany2spe_mg_beakless	median_omegaCany2spe_mg_pink	median_omegaCany2spe_mg_tube	median_omegaCany2spe_mg_yellow	median_omegaCany2spe_nocalib_all	median_omegaCany2spe_nocalib_fg_beakless	median_omegaCany2spe_nocalib_fg_pink	median_omegaCany2spe_nocalib_fg_tube	median_omegaCany2spe_nocalib_fg_yellow	median_omegaCany2spe_nocalib_mf_beakless	median_omegaCany2spe_nocalib_mf_pink	median_omegaCany2spe_nocalib_mf_tube	median_omegaCany2spe_nocalib_mf_yellow	median_omegaCany2spe_nocalib_mg_beakless	median_omegaCany2spe_nocalib_mg_pink	median_omegaCany2spe_nocalib_mg_tube	median_omegaCany2spe_nocalib_mg_yellow	median_omegaCdif2any_all	median_omegaCdif2any_fg_beakless	median_omegaCdif2any_fg_pink	median_omegaCdif2any_fg_tube	median_omegaCdif2any_fg_yellow	median_omegaCdif2any_mf_beakless	median_omegaCdif2any_mf_pink	median_omegaCdif2any_mf_tube	median_omegaCdif2any_mf_yellow	median_omegaCdif2any_mg_beakless	median_omegaCdif2any_mg_pink	median_omegaCdif2any_mg_tube	median_omegaCdif2any_mg_yellow	median_omegaCdif2any_nocalib_all	median_omegaCdif2any_nocalib_fg_beakless	median_omegaCdif2any_nocalib_fg_pink	median_omegaCdif2any_nocalib_fg_tube	median_omegaCdif2any_nocalib_fg_yellow	median_omegaCdif2any_nocalib_mf_beakless	median_omegaCdif2any_nocalib_mf_pink	median_omegaCdif2any_nocalib_mf_tube	median_omegaCdif2any_nocalib_mf_yellow	median_omegaCdif2any_nocalib_mg_beakless	median_omegaCdif2any_nocalib_mg_pink	median_omegaCdif2any_nocalib_mg_tube	median_omegaCdif2any_nocalib_mg_yellow	median_omegaCdif2dif_all	median_omegaCdif2dif_fg_beakless	median_omegaCdif2dif_fg_pink	median_omegaCdif2dif_fg_tube	median_omegaCdif2dif_fg_yellow	median_omegaCdif2dif_mf_beakless	median_omegaCdif2dif_mf_pink	median_omegaCdif2dif_mf_tube	median_omegaCdif2dif_mf_yellow	median_omegaCdif2dif_mg_beakless	median_omegaCdif2dif_mg_pink	median_omegaCdif2dif_mg_tube	median_omegaCdif2dif_mg_yellow	median_omegaCdif2dif_nocalib_all	median_omegaCdif2dif_nocalib_fg_beakless	median_omegaCdif2dif_nocalib_fg_pink	median_omegaCdif2dif_nocalib_fg_tube	median_omegaCdif2dif_nocalib_fg_yellow	median_omegaCdif2dif_nocalib_mf_beakless	median_omegaCdif2dif_nocalib_mf_pink	median_omegaCdif2dif_nocalib_mf_tube	median_omegaCdif2dif_nocalib_mf_yellow	median_omegaCdif2dif_nocalib_mg_beakless	median_omegaCdif2dif_nocalib_mg_pink	median_omegaCdif2dif_nocalib_mg_tube	median_omegaCdif2dif_nocalib_mg_yellow	median_omegaCdif2spe_all	median_omegaCdif2spe_fg_beakless	median_omegaCdif2spe_fg_pink	median_omegaCdif2spe_fg_tube	median_omegaCdif2spe_fg_yellow	median_omegaCdif2spe_mf_beakless	median_omegaCdif2spe_mf_pink	median_omegaCdif2spe_mf_tube	median_omegaCdif2spe_mf_yellow	median_omegaCdif2spe_mg_beakless	median_omegaCdif2spe_mg_pink	median_omegaCdif2spe_mg_tube	median_omegaCdif2spe_mg_yellow	median_omegaCdif2spe_nocalib_all	median_omegaCdif2spe_nocalib_fg_beakless	median_omegaCdif2spe_nocalib_fg_pink	median_omegaCdif2spe_nocalib_fg_tube	median_omegaCdif2spe_nocalib_fg_yellow	median_omegaCdif2spe_nocalib_mf_beakless	median_omegaCdif2spe_nocalib_mf_pink	median_omegaCdif2spe_nocalib_mf_tube	median_omegaCdif2spe_nocalib_mf_yellow	median_omegaCdif2spe_nocalib_mg_beakless	median_omegaCdif2spe_nocalib_mg_pink	median_omegaCdif2spe_nocalib_mg_tube	median_omegaCdif2spe_nocalib_mg_yellow	median_omegaCspe2any_all	median_omegaCspe2any_fg_beakless	median_omegaCspe2any_fg_pink	median_omegaCspe2any_fg_tube	median_omegaCspe2any_fg_yellow	median_omegaCspe2any_mf_beakless	median_omegaCspe2any_mf_pink	median_omegaCspe2any_mf_tube	median_omegaCspe2any_mf_yellow	median_omegaCspe2any_mg_beakless	median_omegaCspe2any_mg_pink	median_omegaCspe2any_mg_tube	median_omegaCspe2any_mg_yellow	median_omegaCspe2any_nocalib_all	median_omegaCspe2any_nocalib_fg_beakless	median_omegaCspe2any_nocalib_fg_pink	median_omegaCspe2any_nocalib_fg_tube	median_omegaCspe2any_nocalib_fg_yellow	median_omegaCspe2any_nocalib_mf_beakless	median_omegaCspe2any_nocalib_mf_pink	median_omegaCspe2any_nocalib_mf_tube	median_omegaCspe2any_nocalib_mf_yellow	median_omegaCspe2any_nocalib_mg_beakless	median_omegaCspe2any_nocalib_mg_pink	median_omegaCspe2any_nocalib_mg_tube	median_omegaCspe2any_nocalib_mg_yellow	median_omegaCspe2dif_all	median_omegaCspe2dif_fg_beakless	median_omegaCspe2dif_fg_pink	median_omegaCspe2dif_fg_tube	median_omegaCspe2dif_fg_yellow	median_omegaCspe2dif_mf_beakless	median_omegaCspe2dif_mf_pink	median_omegaCspe2dif_mf_tube	median_omegaCspe2dif_mf_yellow	median_omegaCspe2dif_mg_beakless	median_omegaCspe2dif_mg_pink	median_omegaCspe2dif_mg_tube	median_omegaCspe2dif_mg_yellow	median_omegaCspe2dif_nocalib_all	median_omegaCspe2dif_nocalib_fg_beakless	median_omegaCspe2dif_nocalib_fg_pink	median_omegaCspe2dif_nocalib_fg_tube	median_omegaCspe2dif_nocalib_fg_yellow	median_omegaCspe2dif_nocalib_mf_beakless	median_omegaCspe2dif_nocalib_mf_pink	median_omegaCspe2dif_nocalib_mf_tube	median_omegaCspe2dif_nocalib_mf_yellow	median_omegaCspe2dif_nocalib_mg_beakless	median_omegaCspe2dif_nocalib_mg_pink	median_omegaCspe2dif_nocalib_mg_tube	median_omegaCspe2dif_nocalib_mg_yellow	median_omegaCspe2spe_all	median_omegaCspe2spe_fg_beakless	median_omegaCspe2spe_fg_pink	median_omegaCspe2spe_fg_tube	median_omegaCspe2spe_fg_yellow	median_omegaCspe2spe_mf_beakless	median_omegaCspe2spe_mf_pink	median_omegaCspe2spe_mf_tube	median_omegaCspe2spe_mf_yellow	median_omegaCspe2spe_mg_beakless	median_omegaCspe2spe_mg_pink	median_omegaCspe2spe_mg_tube	median_omegaCspe2spe_mg_yellow	median_omegaCspe2spe_nocalib_all	median_omegaCspe2spe_nocalib_fg_beakless	median_omegaCspe2spe_nocalib_fg_pink	median_omegaCspe2spe_nocalib_fg_tube	median_omegaCspe2spe_nocalib_fg_yellow	median_omegaCspe2spe_nocalib_mf_beakless	median_omegaCspe2spe_nocalib_mf_pink	median_omegaCspe2spe_nocalib_mf_tube	median_omegaCspe2spe_nocalib_mf_yellow	median_omegaCspe2spe_nocalib_mg_beakless	median_omegaCspe2spe_nocalib_mg_pink	median_omegaCspe2spe_nocalib_mg_tube	median_omegaCspe2spe_nocalib_mg_yellow	total_ECNany2any_all	total_ECNany2any_fg_beakless	total_ECNany2any_fg_pink	total_ECNany2any_fg_tube	total_ECNany2any_fg_yellow	total_ECNany2any_mf_beakless	total_ECNany2any_mf_pink	total_ECNany2any_mf_tube	total_ECNany2any_mf_yellow	total_ECNany2any_mg_beakless	total_ECNany2any_mg_pink	total_ECNany2any_mg_tube	total_ECNany2any_mg_yellow	total_ECNany2dif_all	total_ECNany2dif_fg_beakless	total_ECNany2dif_fg_pink	total_ECNany2dif_fg_tube	total_ECNany2dif_fg_yellow	total_ECNany2dif_mf_beakless	total_ECNany2dif_mf_pink	total_ECNany2dif_mf_tube	total_ECNany2dif_mf_yellow	total_ECNany2dif_mg_beakless	total_ECNany2dif_mg_pink	total_ECNany2dif_mg_tube	total_ECNany2dif_mg_yellow	total_ECNany2spe_all	total_ECNany2spe_fg_beakless	total_ECNany2spe_fg_pink	total_ECNany2spe_fg_tube	total_ECNany2spe_fg_yellow	total_ECNany2spe_mf_beakless	total_ECNany2spe_mf_pink	total_ECNany2spe_mf_tube	total_ECNany2spe_mf_yellow	total_ECNany2spe_mg_beakless	total_ECNany2spe_mg_pink	total_ECNany2spe_mg_tube	total_ECNany2spe_mg_yellow	total_ECNdif2any_all	total_ECNdif2any_fg_beakless	total_ECNdif2any_fg_pink	total_ECNdif2any_fg_tube	total_ECNdif2any_fg_yellow	total_ECNdif2any_mf_beakless	total_ECNdif2any_mf_pink	total_ECNdif2any_mf_tube	total_ECNdif2any_mf_yellow	total_ECNdif2any_mg_beakless	total_ECNdif2any_mg_pink	total_ECNdif2any_mg_tube	total_ECNdif2any_mg_yellow	total_ECNdif2dif_all	total_ECNdif2dif_fg_beakless	total_ECNdif2dif_fg_pink	total_ECNdif2dif_fg_tube	total_ECNdif2dif_fg_yellow	total_ECNdif2dif_mf_beakless	total_ECNdif2dif_mf_pink	total_ECNdif2dif_mf_tube	total_ECNdif2dif_mf_yellow	total_ECNdif2dif_mg_beakless	total_ECNdif2dif_mg_pink	total_ECNdif2dif_mg_tube	total_ECNdif2dif_mg_yellow	total_ECNdif2spe_all	total_ECNdif2spe_fg_beakless	total_ECNdif2spe_fg_pink	total_ECNdif2spe_fg_tube	total_ECNdif2spe_fg_yellow	total_ECNdif2spe_mf_beakless	total_ECNdif2spe_mf_pink	total_ECNdif2spe_mf_tube	total_ECNdif2spe_mf_yellow	total_ECNdif2spe_mg_beakless	total_ECNdif2spe_mg_pink	total_ECNdif2spe_mg_tube	total_ECNdif2spe_mg_yellow	total_ECNspe2any_all	total_ECNspe2any_fg_beakless	total_ECNspe2any_fg_pink	total_ECNspe2any_fg_tube	total_ECNspe2any_fg_yellow	total_ECNspe2any_mf_beakless	total_ECNspe2any_mf_pink	total_ECNspe2any_mf_tube	total_ECNspe2any_mf_yellow	total_ECNspe2any_mg_beakless	total_ECNspe2any_mg_pink	total_ECNspe2any_mg_tube	total_ECNspe2any_mg_yellow	total_ECNspe2dif_all	total_ECNspe2dif_fg_beakless	total_ECNspe2dif_fg_pink	total_ECNspe2dif_fg_tube	total_ECNspe2dif_fg_yellow	total_ECNspe2dif_mf_beakless	total_ECNspe2dif_mf_pink	total_ECNspe2dif_mf_tube	total_ECNspe2dif_mf_yellow	total_ECNspe2dif_mg_beakless	total_ECNspe2dif_mg_pink	total_ECNspe2dif_mg_tube	total_ECNspe2dif_mg_yellow	total_ECNspe2spe_all	total_ECNspe2spe_fg_beakless	total_ECNspe2spe_fg_pink	total_ECNspe2spe_fg_tube	total_ECNspe2spe_fg_yellow	total_ECNspe2spe_mf_beakless	total_ECNspe2spe_mf_pink	total_ECNspe2spe_mf_tube	total_ECNspe2spe_mf_yellow	total_ECNspe2spe_mg_beakless	total_ECNspe2spe_mg_pink	total_ECNspe2spe_mg_tube	total_ECNspe2spe_mg_yellow	total_ECSany2any_all	total_ECSany2any_fg_beakless	total_ECSany2any_fg_pink	total_ECSany2any_fg_tube	total_ECSany2any_fg_yellow	total_ECSany2any_mf_beakless	total_ECSany2any_mf_pink	total_ECSany2any_mf_tube	total_ECSany2any_mf_yellow	total_ECSany2any_mg_beakless	total_ECSany2any_mg_pink	total_ECSany2any_mg_tube	total_ECSany2any_mg_yellow	total_ECSany2dif_all	total_ECSany2dif_fg_beakless	total_ECSany2dif_fg_pink	total_ECSany2dif_fg_tube	total_ECSany2dif_fg_yellow	total_ECSany2dif_mf_beakless	total_ECSany2dif_mf_pink	total_ECSany2dif_mf_tube	total_ECSany2dif_mf_yellow	total_ECSany2dif_mg_beakless	total_ECSany2dif_mg_pink	total_ECSany2dif_mg_tube	total_ECSany2dif_mg_yellow	total_ECSany2spe_all	total_ECSany2spe_fg_beakless	total_ECSany2spe_fg_pink	total_ECSany2spe_fg_tube	total_ECSany2spe_fg_yellow	total_ECSany2spe_mf_beakless	total_ECSany2spe_mf_pink	total_ECSany2spe_mf_tube	total_ECSany2spe_mf_yellow	total_ECSany2spe_mg_beakless	total_ECSany2spe_mg_pink	total_ECSany2spe_mg_tube	total_ECSany2spe_mg_yellow	total_ECSdif2any_all	total_ECSdif2any_fg_beakless	total_ECSdif2any_fg_pink	total_ECSdif2any_fg_tube	total_ECSdif2any_fg_yellow	total_ECSdif2any_mf_beakless	total_ECSdif2any_mf_pink	total_ECSdif2any_mf_tube	total_ECSdif2any_mf_yellow	total_ECSdif2any_mg_beakless	total_ECSdif2any_mg_pink	total_ECSdif2any_mg_tube	total_ECSdif2any_mg_yellow	total_ECSdif2dif_all	total_ECSdif2dif_fg_beakless	total_ECSdif2dif_fg_pink	total_ECSdif2dif_fg_tube	total_ECSdif2dif_fg_yellow	total_ECSdif2dif_mf_beakless	total_ECSdif2dif_mf_pink	total_ECSdif2dif_mf_tube	total_ECSdif2dif_mf_yellow	total_ECSdif2dif_mg_beakless	total_ECSdif2dif_mg_pink	total_ECSdif2dif_mg_tube	total_ECSdif2dif_mg_yellow	total_ECSdif2spe_all	total_ECSdif2spe_fg_beakless	total_ECSdif2spe_fg_pink	total_ECSdif2spe_fg_tube	total_ECSdif2spe_fg_yellow	total_ECSdif2spe_mf_beakless	total_ECSdif2spe_mf_pink	total_ECSdif2spe_mf_tube	total_ECSdif2spe_mf_yellow	total_ECSdif2spe_mg_beakless	total_ECSdif2spe_mg_pink	total_ECSdif2spe_mg_tube	total_ECSdif2spe_mg_yellow	total_ECSspe2any_all	total_ECSspe2any_fg_beakless	total_ECSspe2any_fg_pink	total_ECSspe2any_fg_tube	total_ECSspe2any_fg_yellow	total_ECSspe2any_mf_beakless	total_ECSspe2any_mf_pink	total_ECSspe2any_mf_tube	total_ECSspe2any_mf_yellow	total_ECSspe2any_mg_beakless	total_ECSspe2any_mg_pink	total_ECSspe2any_mg_tube	total_ECSspe2any_mg_yellow	total_ECSspe2dif_all	total_ECSspe2dif_fg_beakless	total_ECSspe2dif_fg_pink	total_ECSspe2dif_fg_tube	total_ECSspe2dif_fg_yellow	total_ECSspe2dif_mf_beakless	total_ECSspe2dif_mf_pink	total_ECSspe2dif_mf_tube	total_ECSspe2dif_mf_yellow	total_ECSspe2dif_mg_beakless	total_ECSspe2dif_mg_pink	total_ECSspe2dif_mg_tube	total_ECSspe2dif_mg_yellow	total_ECSspe2spe_all	total_ECSspe2spe_fg_beakless	total_ECSspe2spe_fg_pink	total_ECSspe2spe_fg_tube	total_ECSspe2spe_fg_yellow	total_ECSspe2spe_mf_beakless	total_ECSspe2spe_mf_pink	total_ECSspe2spe_mf_tube	total_ECSspe2spe_mf_yellow	total_ECSspe2spe_mg_beakless	total_ECSspe2spe_mg_pink	total_ECSspe2spe_mg_tube	total_ECSspe2spe_mg_yellow	total_OCNany2any_all	total_OCNany2any_fg_beakless	total_OCNany2any_fg_pink	total_OCNany2any_fg_tube	total_OCNany2any_fg_yellow	total_OCNany2any_mf_beakless	total_OCNany2any_mf_pink	total_OCNany2any_mf_tube	total_OCNany2any_mf_yellow	total_OCNany2any_mg_beakless	total_OCNany2any_mg_pink	total_OCNany2any_mg_tube	total_OCNany2any_mg_yellow	total_OCNany2dif_all	total_OCNany2dif_fg_beakless	total_OCNany2dif_fg_pink	total_OCNany2dif_fg_tube	total_OCNany2dif_fg_yellow	total_OCNany2dif_mf_beakless	total_OCNany2dif_mf_pink	total_OCNany2dif_mf_tube	total_OCNany2dif_mf_yellow	total_OCNany2dif_mg_beakless	total_OCNany2dif_mg_pink	total_OCNany2dif_mg_tube	total_OCNany2dif_mg_yellow	total_OCNany2spe_all	total_OCNany2spe_fg_beakless	total_OCNany2spe_fg_pink	total_OCNany2spe_fg_tube	total_OCNany2spe_fg_yellow	total_OCNany2spe_mf_beakless	total_OCNany2spe_mf_pink	total_OCNany2spe_mf_tube	total_OCNany2spe_mf_yellow	total_OCNany2spe_mg_beakless	total_OCNany2spe_mg_pink	total_OCNany2spe_mg_tube	total_OCNany2spe_mg_yellow	total_OCNdif2any_all	total_OCNdif2any_fg_beakless	total_OCNdif2any_fg_pink	total_OCNdif2any_fg_tube	total_OCNdif2any_fg_yellow	total_OCNdif2any_mf_beakless	total_OCNdif2any_mf_pink	total_OCNdif2any_mf_tube	total_OCNdif2any_mf_yellow	total_OCNdif2any_mg_beakless	total_OCNdif2any_mg_pink	total_OCNdif2any_mg_tube	total_OCNdif2any_mg_yellow	total_OCNdif2dif_all	total_OCNdif2dif_fg_beakless	total_OCNdif2dif_fg_pink	total_OCNdif2dif_fg_tube	total_OCNdif2dif_fg_yellow	total_OCNdif2dif_mf_beakless	total_OCNdif2dif_mf_pink	total_OCNdif2dif_mf_tube	total_OCNdif2dif_mf_yellow	total_OCNdif2dif_mg_beakless	total_OCNdif2dif_mg_pink	total_OCNdif2dif_mg_tube	total_OCNdif2dif_mg_yellow	total_OCNdif2spe_all	total_OCNdif2spe_fg_beakless	total_OCNdif2spe_fg_pink	total_OCNdif2spe_fg_tube	total_OCNdif2spe_fg_yellow	total_OCNdif2spe_mf_beakless	total_OCNdif2spe_mf_pink	total_OCNdif2spe_mf_tube	total_OCNdif2spe_mf_yellow	total_OCNdif2spe_mg_beakless	total_OCNdif2spe_mg_pink	total_OCNdif2spe_mg_tube	total_OCNdif2spe_mg_yellow	total_OCNspe2any_all	total_OCNspe2any_fg_beakless	total_OCNspe2any_fg_pink	total_OCNspe2any_fg_tube	total_OCNspe2any_fg_yellow	total_OCNspe2any_mf_beakless	total_OCNspe2any_mf_pink	total_OCNspe2any_mf_tube	total_OCNspe2any_mf_yellow	total_OCNspe2any_mg_beakless	total_OCNspe2any_mg_pink	total_OCNspe2any_mg_tube	total_OCNspe2any_mg_yellow	total_OCNspe2dif_all	total_OCNspe2dif_fg_beakless	total_OCNspe2dif_fg_pink	total_OCNspe2dif_fg_tube	total_OCNspe2dif_fg_yellow	total_OCNspe2dif_mf_beakless	total_OCNspe2dif_mf_pink	total_OCNspe2dif_mf_tube	total_OCNspe2dif_mf_yellow	total_OCNspe2dif_mg_beakless	total_OCNspe2dif_mg_pink	total_OCNspe2dif_mg_tube	total_OCNspe2dif_mg_yellow	total_OCNspe2spe_all	total_OCNspe2spe_fg_beakless	total_OCNspe2spe_fg_pink	total_OCNspe2spe_fg_tube	total_OCNspe2spe_fg_yellow	total_OCNspe2spe_mf_beakless	total_OCNspe2spe_mf_pink	total_OCNspe2spe_mf_tube	total_OCNspe2spe_mf_yellow	total_OCNspe2spe_mg_beakless	total_OCNspe2spe_mg_pink	total_OCNspe2spe_mg_tube	total_OCNspe2spe_mg_yellow	total_OCSany2any_all	total_OCSany2any_fg_beakless	total_OCSany2any_fg_pink	total_OCSany2any_fg_tube	total_OCSany2any_fg_yellow	total_OCSany2any_mf_beakless	total_OCSany2any_mf_pink	total_OCSany2any_mf_tube	total_OCSany2any_mf_yellow	total_OCSany2any_mg_beakless	total_OCSany2any_mg_pink	total_OCSany2any_mg_tube	total_OCSany2any_mg_yellow	total_OCSany2dif_all	total_OCSany2dif_fg_beakless	total_OCSany2dif_fg_pink	total_OCSany2dif_fg_tube	total_OCSany2dif_fg_yellow	total_OCSany2dif_mf_beakless	total_OCSany2dif_mf_pink	total_OCSany2dif_mf_tube	total_OCSany2dif_mf_yellow	total_OCSany2dif_mg_beakless	total_OCSany2dif_mg_pink	total_OCSany2dif_mg_tube	total_OCSany2dif_mg_yellow	total_OCSany2spe_all	total_OCSany2spe_fg_beakless	total_OCSany2spe_fg_pink	total_OCSany2spe_fg_tube	total_OCSany2spe_fg_yellow	total_OCSany2spe_mf_beakless	total_OCSany2spe_mf_pink	total_OCSany2spe_mf_tube	total_OCSany2spe_mf_yellow	total_OCSany2spe_mg_beakless	total_OCSany2spe_mg_pink	total_OCSany2spe_mg_tube	total_OCSany2spe_mg_yellow	total_OCSdif2any_all	total_OCSdif2any_fg_beakless	total_OCSdif2any_fg_pink	total_OCSdif2any_fg_tube	total_OCSdif2any_fg_yellow	total_OCSdif2any_mf_beakless	total_OCSdif2any_mf_pink	total_OCSdif2any_mf_tube	total_OCSdif2any_mf_yellow	total_OCSdif2any_mg_beakless	total_OCSdif2any_mg_pink	total_OCSdif2any_mg_tube	total_OCSdif2any_mg_yellow	total_OCSdif2dif_all	total_OCSdif2dif_fg_beakless	total_OCSdif2dif_fg_pink	total_OCSdif2dif_fg_tube	total_OCSdif2dif_fg_yellow	total_OCSdif2dif_mf_beakless	total_OCSdif2dif_mf_pink	total_OCSdif2dif_mf_tube	total_OCSdif2dif_mf_yellow	total_OCSdif2dif_mg_beakless	total_OCSdif2dif_mg_pink	total_OCSdif2dif_mg_tube	total_OCSdif2dif_mg_yellow	total_OCSdif2spe_all	total_OCSdif2spe_fg_beakless	total_OCSdif2spe_fg_pink	total_OCSdif2spe_fg_tube	total_OCSdif2spe_fg_yellow	total_OCSdif2spe_mf_beakless	total_OCSdif2spe_mf_pink	total_OCSdif2spe_mf_tube	total_OCSdif2spe_mf_yellow	total_OCSdif2spe_mg_beakless	total_OCSdif2spe_mg_pink	total_OCSdif2spe_mg_tube	total_OCSdif2spe_mg_yellow	total_OCSspe2any_all	total_OCSspe2any_fg_beakless	total_OCSspe2any_fg_pink	total_OCSspe2any_fg_tube	total_OCSspe2any_fg_yellow	total_OCSspe2any_mf_beakless	total_OCSspe2any_mf_pink	total_OCSspe2any_mf_tube	total_OCSspe2any_mf_yellow	total_OCSspe2any_mg_beakless	total_OCSspe2any_mg_pink	total_OCSspe2any_mg_tube	total_OCSspe2any_mg_yellow	total_OCSspe2dif_all	total_OCSspe2dif_fg_beakless	total_OCSspe2dif_fg_pink	total_OCSspe2dif_fg_tube	total_OCSspe2dif_fg_yellow	total_OCSspe2dif_mf_beakless	total_OCSspe2dif_mf_pink	total_OCSspe2dif_mf_tube	total_OCSspe2dif_mf_yellow	total_OCSspe2dif_mg_beakless	total_OCSspe2dif_mg_pink	total_OCSspe2dif_mg_tube	total_OCSspe2dif_mg_yellow	total_OCSspe2spe_all	total_OCSspe2spe_fg_beakless	total_OCSspe2spe_fg_pink	total_OCSspe2spe_fg_tube	total_OCSspe2spe_fg_yellow	total_OCSspe2spe_mf_beakless	total_OCSspe2spe_mf_pink	total_OCSspe2spe_mf_tube	total_OCSspe2spe_mf_yellow	total_OCSspe2spe_mg_beakless	total_OCSspe2spe_mg_pink	total_OCSspe2spe_mg_tube	total_OCSspe2spe_mg_yellow
2	593	OCNany2spe,2.0|omegaCany2spe,5.0	exhaustive	Y	19991.0000	7539.0000	12.0000	15.0000	1708.0000	10.0000	0.0000	0.0000	0.0000	0.0000	0.0000	0.0000	0.0000	0.0000	0.0000	0.0000	0.0000	0.0000	0.0000	0.0000	0.0000	0.0000	0.0000	0.0000	0.0000	0.0000	0.0000	0.0000	0.0000	0.0000	0.0000	1.1825	1.2120	1.2407	1.1868	1.2418	8.0000	7.0000	6.0000	8.0000	0.0000	0.0000	0.0000	0.0000	0.0000	0.0000	0.0000	0.0000	0.0000	0.0000	0.0000	0.0000	0.0000	0.0000	0.0000	0.0000	0.0000	0.0000	0.0000	0.0000	0.0000	0.0000	0.0000	0.0000	0.0000	0.0000	0.0000	0.0000	0.0000	0.0000	0.0000	0.0000	0.0000	0.0000	0.0000	0.0000	0.0000	0.0000	0.0000	0.0000	0.0000	0.0000	0.0000	0.0000	0.0000	0.0000	0.0000	0.0000	0.0000	0.0000	0.0000	0.0000	0.0000	0.0000	0.0000	0.0000	0.0000	0.0000	0.0000	0.0000	0.0000	0.0000	0.0000	0.0000	0.0000	0.0000	0.0000	0.0000	0.0000	0.0000	0.0000	0.0000	0.0000	0.0000	0.0000	0.0000	0.0000	0.0000	23.1812	1.3784	0.0781	3.0534	1.0886	0.0000	0.0000	0.0000	0.0000	0.0000	0.0000	0.0000	0.0000	20.3553	1.2101	0.0689	2.6777	0.9600	0.0000	0.0000	0.0000	0.0000	0.0000	0.0000	0.0000	0.0000	2.8258	0.1683	0.0092	0.3758	0.1286	0.0000	0.0000	0.0000	0.0000	0.0000	0.0000	0.0000	0.0000	5.0594	0.2916	0.0221	0.6038	0.3009	0.0000	0.0000	0.0000	0.0000	0.0000	0.0000	0.0000	0.0000	4.7525	0.2739	0.0208	0.5669	0.2828	0.0000	0.0000	0.0000	0.0000	0.0000	0.0000	0.0000	0.0000	0.3070	0.0178	0.0014	0.0369	0.0181	0.0000	0.0000	0.0000	0.0000	0.0000	0.0000	0.0000	0.0000	18.1217	1.0868	0.0559	2.4496	0.7877	0.0000	0.0000	0.0000	0.0000	0.0000	0.0000	0.0000	0.0000	15.6029	0.9362	0.0481	2.1108	0.6772	0.0000	0.0000	0.0000	0.0000	0.0000	0.0000	0.0000	0.0000	2.5189	0.1506	0.0078	0.3388	0.1105	0.0000	0.0000	0.0000	0.0000	0.0000	0.0000	0.0000	0.0000	321.2955	22.8350	1.2608	47.8490	43.3836	0.0000	0.0000	0.0000	0.0000	0.0000	0.0000	0.0000	0.0000	193.1492	13.7226	0.8330	29.5612	26.3925	0.0000	0.0000	0.0000	0.0000	0.0000	0.0000	0.0000	0.0000	128.1462	9.1124	0.4278	18.2879	16.9911	0.0000	0.0000	0.0000	0.0000	0.0000	0.0000	0.0000	0.0000	128.9237	8.5054	0.6669	20.7140	17.5085	0.0000	0.0000	0.0000	0.0000	0.0000	0.0000	0.0000	0.0000	105.2338	6.8113	0.5503	17.0407	14.4041	0.0000	0.0000	0.0000	0.0000	0.0000	0.0000	0.0000	0.0000	23.6899	1.6942	0.1166	3.6732	3.1044	0.0000	0.0000	0.0000	0.0000	0.0000	0.0000	0.0000	0.0000	192.3717	14.3296	0.5939	27.1351	25.8751	0.0000	0.0000	0.0000	0.0000	0.0000	0.0000	0.0000	0.0000	87.9154	6.9113	0.2827	12.5204	11.9884	0.0000	0.0000	0.0000	0.0000	0.0000	0.0000	0.0000	0.0000	104.4563	7.4183	0.3112	14.6146	13.8867	0.0000	0.0000	0.0000	0.0000	0.0000	0.0000	0.0000	0.0000	54.0741	1.0016	0.0000	7.9959	1.0011	0.0000	0.0000	0.0000	0.0000	0.0000	0.0000	0.0000	0.0000	43.0624	1.0016	0.0000	6.0026	0.9992	0.0000	0.0000	0.0000	0.0000	0.0000	0.0000	0.0000	0.0000	11.0116	0.0000	0.0000	1.9933	0.0019	0.0000	0.0000	0.0000	0.0000	0.0000	0.0000	0.0000	0.0000	27.0701	1.0015	0.0000	3.0028	0.0000	0.0000	0.0000	0.0000	0.0000	0.0000	0.0000	0.0000	0.0000	27.0581	1.0015	0.0000	3.0028	0.0000	0.0000	0.0000	0.0000	0.0000	0.0000	0.0000	0.0000	0.0000	0.0119	0.0000	0.0000	0.0000	0.0000	0.0000	0.0000	0.0000	0.0000	0.0000	0.0000	0.0000	0.0000	27.0040	0.0001	0.0000	4.9931	1.0011	0.0000	0.0000	0.0000	0.0000	0.0000	0.0000	0.0000	0.0000	16.0043	0.0001	0.0000	2.9998	0.9992	0.0000	0.0000	0.0000	0.0000	0.0000	0.0000	0.0000	0.0000	10.9997	0.0000	0.0000	1.9933	0.0019	0.0000	0.0000	0.0000	0.0000	0.0000	0.0000	0.0000	0.0000	631.4243	45.5773	1.0123	77.7266	108.3517	0.0000	0.0000	0.0000	0.0000	0.0000	0.0000	0.0000	0.0000	310.8608	26.0484	1.0005	44.7534	60.0075	0.0000	0.0000	0.0000	0.0000	0.0000	0.0000	0.0000	0.0000	320.5635	19.5289	0.0118	32.9732	48.3442	0.0000	0.0000	0.0000	0.0000	0.0000	0.0000	0.0000	0.0000	193.2456	17.9354	1.0005	22.0099	45.1115	0.0000	0.0000	0.0000	0.0000	0.0000	0.0000	0.0000	0.0000	174.5583	17.1214	1.0005	20.9442	43.5247	0.0000	0.0000	0.0000	0.0000	0.0000	0.0000	0.0000	0.0000	18.6873	0.8140	0.0000	1.0657	1.5868	0.0000	0.0000	0.0000	0.0000	0.0000	0.0000	0.0000	0.0000	438.1787	27.6419	0.0118	55.7167	63.2402	0.0000	0.0000	0.0000	0.0000	0.0000	0.0000	0.0000	0.0000	136.3025	8.9270	0.0000	23.8092	16.4828	0.0000	0.0000	0.0000	0.0000	0.0000	0.0000	0.0000	0.0000	301.8762	18.7149	0.0118	31.9075	46.7575	0.0000	0.0000	0.0000	0.0000	0.0000	0.0000	0.0000	0.0000																																																																																																																																																																													
