248
83
106
91
213
62
229
208
175
247
93
234
110
67
60
232
48
174
246
218
74
1
233
99
244
237
71
107
90
109
243
7
180
278
92
28
205
136
173
254
231
194
261
280
283
85
72
171
34
41
82
230
13
88
44
131
86
9
245
39
129
8
127
2
236
179
78
277
140
204
161
135
64
148
47
172
279
52
49
170
206
137
130
81
58
276
65
147
94
144
181
203
61
134
84
282
275
142
238
178
80
27
12
101
108
228
207
98
128
297
262
281
50
192
177
77
159
73
100
0
63
259
296
18
305
43
176
33
76
139
42
133
183
79
241
29
66
193
141
68
45
258
295
260
253
304
199
132
138
143
201
160
182
51
294
89
17
252
87
303
285
256
284
19
46
255
